FANN_FLO_2.1
num_layers=3
learning_rate=0.500000
connection_rate=1.000000
network_type=0
learning_momentum=0.000000
training_algorithm=2
train_error_function=1
train_stop_function=0
cascade_output_change_fraction=0.010000
quickprop_decay=-0.000100
quickprop_mu=1.750000
rprop_increase_factor=1.200000
rprop_decrease_factor=0.500000
rprop_delta_min=0.000000
rprop_delta_max=50.000000
rprop_delta_zero=0.100000
cascade_output_stagnation_epochs=12
cascade_candidate_change_fraction=0.010000
cascade_candidate_stagnation_epochs=12
cascade_max_out_epochs=150
cascade_min_out_epochs=50
cascade_max_cand_epochs=150
cascade_min_cand_epochs=50
cascade_num_candidate_groups=2
bit_fail_limit=3.49999994039535522461e-01
cascade_candidate_limit=1.00000000000000000000e+03
cascade_weight_multiplier=4.00000005960464477539e-01
cascade_activation_functions_count=10
cascade_activation_functions=3 5 7 8 10 11 14 15 16 17 
cascade_activation_steepnesses_count=4
cascade_activation_steepnesses=2.50000000000000000000e-01 5.00000000000000000000e-01 7.50000000000000000000e-01 1.00000000000000000000e+00 
layer_sizes=3 9 4 
scale_included=0
neurons (num_inputs, activation_function, activation_steepness)=(0, 0, 0.00000000000000000000e+00) (0, 0, 0.00000000000000000000e+00) (0, 0, 0.00000000000000000000e+00) (3, 3, 5.00000000000000000000e-01) (3, 3, 5.00000000000000000000e-01) (3, 3, 5.00000000000000000000e-01) (3, 3, 5.00000000000000000000e-01) (3, 3, 5.00000000000000000000e-01) (3, 3, 5.00000000000000000000e-01) (3, 3, 5.00000000000000000000e-01) (3, 3, 5.00000000000000000000e-01) (0, 3, 0.00000000000000000000e+00) (9, 0, 5.00000000000000000000e-01) (9, 0, 5.00000000000000000000e-01) (9, 0, 5.00000000000000000000e-01) (0, 0, 0.00000000000000000000e+00) 
connections (connected_to_neuron, weight)=(0, -8.15991306304931640625e+00) (1, 4.96376848220825195312e+00) (2, 3.36157321929931640625e+00) (0, -2.74802803993225097656e+00) (1, -7.25736141204833984375e-01) (2, 2.53054320812225341797e-01) (0, -7.59175682067871093750e+00) (1, 9.68157672882080078125e+00) (2, 6.40926218032836914062e+00) (0, -8.85694408416748046875e+00) (1, 7.92438888549804687500e+00) (2, 4.88206529617309570312e+00) (0, -6.93019676208496093750e+00) (1, 8.47052574157714843750e+00) (2, 8.84159278869628906250e+00) (0, -7.28854560852050781250e+00) (1, 2.84461641311645507812e+00) (2, -1.67175149917602539062e+00) (0, -1.09941232204437255859e+00) (1, -1.97869741916656494141e+00) (2, 2.33209580183029174805e-01) (0, -7.67407417297363281250e+00) (1, 4.58316612243652343750e+00) (2, -2.64723092317581176758e-01) (3, 5.37055909633636474609e-01) (4, 2.79530715942382812500e+00) (5, 6.31225645542144775391e-01) (6, 9.74403083324432373047e-01) (7, 5.25070786476135253906e-01) (8, 1.42332839965820312500e+00) (9, 3.13091707229614257812e+00) (10, 8.07647407054901123047e-01) (11, 5.12007176876068115234e-01) (3, 2.21092987060546875000e+00) (4, 7.60691738128662109375e+00) (5, 2.24584579467773437500e+00) (6, 3.64807868003845214844e+00) (7, 2.15919017791748046875e+00) (8, 3.24942851066589355469e+00) (9, 1.02934522628784179688e+01) (10, 2.19666910171508789062e+00) (11, 2.10282945632934570312e+00) (3, 7.20187902450561523438e+00) (4, 2.42857933044433593750e+01) (5, 7.70651245117187500000e+00) (6, 1.04811153411865234375e+01) (7, 7.64511442184448242188e+00) (8, 9.61074161529541015625e+00) (9, 3.42462387084960937500e+01) (10, 7.21649456024169921875e+00) (11, 1.17696571350097656250e+01) 
