FANN_FLO_2.1
num_layers=4
learning_rate=0.300000
connection_rate=1.000000
network_type=0
learning_momentum=0.000000
training_algorithm=2
train_error_function=1
train_stop_function=0
cascade_output_change_fraction=0.010000
quickprop_decay=-0.000100
quickprop_mu=1.750000
rprop_increase_factor=1.200000
rprop_decrease_factor=0.500000
rprop_delta_min=0.000000
rprop_delta_max=50.000000
rprop_delta_zero=0.100000
cascade_output_stagnation_epochs=12
cascade_candidate_change_fraction=0.010000
cascade_candidate_stagnation_epochs=12
cascade_max_out_epochs=150
cascade_min_out_epochs=50
cascade_max_cand_epochs=150
cascade_min_cand_epochs=50
cascade_num_candidate_groups=2
bit_fail_limit=3.49999994039535522461e-01
cascade_candidate_limit=1.00000000000000000000e+03
cascade_weight_multiplier=4.00000005960464477539e-01
cascade_activation_functions_count=10
cascade_activation_functions=3 5 7 8 10 11 14 15 16 17 
cascade_activation_steepnesses_count=4
cascade_activation_steepnesses=2.50000000000000000000e-01 5.00000000000000000000e-01 7.50000000000000000000e-01 1.00000000000000000000e+00 
layer_sizes=2 5 5 3 
scale_included=0
neurons (num_inputs, activation_function, activation_steepness)=(0, 0, 0.00000000000000000000e+00) (0, 0, 0.00000000000000000000e+00) (2, 3, 5.00000000000000000000e-01) (2, 3, 5.00000000000000000000e-01) (2, 3, 5.00000000000000000000e-01) (2, 3, 5.00000000000000000000e-01) (0, 3, 0.00000000000000000000e+00) (5, 3, 5.00000000000000000000e-01) (5, 3, 5.00000000000000000000e-01) (5, 3, 5.00000000000000000000e-01) (5, 3, 5.00000000000000000000e-01) (0, 3, 0.00000000000000000000e+00) (5, 0, 5.00000000000000000000e-01) (5, 0, 5.00000000000000000000e-01) (0, 0, 0.00000000000000000000e+00) 
connections (connected_to_neuron, weight)=(0, -9.02843594551086425781e-01) (1, -2.79997396469116210938e+00) (0, -9.23633754253387451172e-01) (1, -2.93917346000671386719e+00) (0, -1.71495664119720458984e+00) (1, -4.76365089416503906250e+00) (0, -9.82860803604125976562e-01) (1, -2.54775166511535644531e+00) (2, 4.36585187911987304688e-01) (3, 5.32872438430786132812e-01) (4, 1.10948097705841064453e+00) (5, 5.08855700492858886719e-01) (6, 2.29234799742698669434e-01) (2, -1.47257483005523681641e+00) (3, -6.14253520965576171875e-01) (4, 5.58203458786010742188e-01) (5, -1.55957853794097900391e+00) (6, 5.38433074951171875000e-01) (2, 3.74405503273010253906e-01) (3, 1.20218682289123535156e+00) (4, 1.60506649017333984375e+01) (5, 1.73175647854804992676e-01) (6, -6.36278009414672851562e+00) (2, 4.23117101192474365234e-01) (3, 6.17747783660888671875e-01) (4, 8.45478177070617675781e-01) (5, 3.56160759925842285156e-01) (6, 4.73846495151519775391e-01) (7, 3.43732722103595733643e-02) (8, -1.09242960810661315918e-01) (9, 2.87309437990188598633e-01) (10, -2.75853276252746582031e-02) (11, -4.35589477419853210449e-02) (7, -5.65473496913909912109e-01) (8, -5.51167905330657958984e-01) (9, -1.07970178127288818359e+00) (10, -5.63499391078948974609e-01) (11, -4.08590972423553466797e-01) 
