FANN_FLO_2.1
num_layers=3
learning_rate=0.500000
connection_rate=1.000000
network_type=0
learning_momentum=0.000000
training_algorithm=2
train_error_function=1
train_stop_function=0
cascade_output_change_fraction=0.010000
quickprop_decay=-0.000100
quickprop_mu=1.750000
rprop_increase_factor=1.200000
rprop_decrease_factor=0.500000
rprop_delta_min=0.000000
rprop_delta_max=50.000000
rprop_delta_zero=0.100000
cascade_output_stagnation_epochs=12
cascade_candidate_change_fraction=0.010000
cascade_candidate_stagnation_epochs=12
cascade_max_out_epochs=150
cascade_min_out_epochs=50
cascade_max_cand_epochs=150
cascade_min_cand_epochs=50
cascade_num_candidate_groups=2
bit_fail_limit=3.49999994039535522461e-01
cascade_candidate_limit=1.00000000000000000000e+03
cascade_weight_multiplier=4.00000005960464477539e-01
cascade_activation_functions_count=10
cascade_activation_functions=3 5 7 8 10 11 14 15 16 17 
cascade_activation_steepnesses_count=4
cascade_activation_steepnesses=2.50000000000000000000e-01 5.00000000000000000000e-01 7.50000000000000000000e-01 1.00000000000000000000e+00 
layer_sizes=3 9 4 
scale_included=0
neurons (num_inputs, activation_function, activation_steepness)=(0, 0, 0.00000000000000000000e+00) (0, 0, 0.00000000000000000000e+00) (0, 0, 0.00000000000000000000e+00) (3, 3, 5.00000000000000000000e-01) (3, 3, 5.00000000000000000000e-01) (3, 3, 5.00000000000000000000e-01) (3, 3, 5.00000000000000000000e-01) (3, 3, 5.00000000000000000000e-01) (3, 3, 5.00000000000000000000e-01) (3, 3, 5.00000000000000000000e-01) (3, 3, 5.00000000000000000000e-01) (0, 3, 0.00000000000000000000e+00) (9, 0, 5.00000000000000000000e-01) (9, 0, 5.00000000000000000000e-01) (9, 0, 5.00000000000000000000e-01) (0, 0, 0.00000000000000000000e+00) 
connections (connected_to_neuron, weight)=(0, -8.00938987731933593750e+00) (1, 4.37290000915527343750e+00) (2, -2.26530456542968750000e+00) (0, -1.06124234199523925781e+00) (1, -1.96243643760681152344e+00) (2, 3.93910735845565795898e-01) (0, -4.42464256286621093750e+00) (1, 6.31866168975830078125e+00) (2, -1.03659355640411376953e+00) (0, -5.54040718078613281250e+00) (1, 7.49190235137939453125e+00) (2, 3.11191987991333007812e+00) (0, -8.17703819274902343750e+00) (1, 4.78387498855590820312e+00) (2, 3.77895736694335937500e+00) (0, -5.05224132537841796875e+00) (1, 7.37306737899780273438e+00) (2, 5.75456857681274414062e+00) (0, -4.98224639892578125000e+00) (1, 7.29952478408813476562e+00) (2, 5.72666883468627929688e+00) (0, -2.31331968307495117188e+00) (1, -4.76627260446548461914e-01) (2, 4.08219605684280395508e-01) (3, 1.73008155822753906250e+00) (4, 3.49994540214538574219e+00) (5, 1.96075332164764404297e+00) (6, 4.05152678489685058594e-01) (7, -7.85455852746963500977e-02) (8, 3.46796721220016479492e-01) (9, 3.86785984039306640625e-01) (10, 3.04995393753051757812e+00) (11, 2.07683518528938293457e-01) (3, 3.42735862731933593750e+00) (4, 1.04630689620971679688e+01) (5, 3.19225406646728515625e+00) (6, 2.25424885749816894531e+00) (7, 2.40973567962646484375e+00) (8, 1.95616257190704345703e+00) (9, 1.90305101871490478516e+00) (10, 9.10302257537841796875e+00) (11, 9.68643069267272949219e-01) (3, 1.04397182464599609375e+01) (4, 3.43683090209960937500e+01) (5, 7.39754247665405273438e+00) (6, 7.37140655517578125000e+00) (7, 9.04591178894042968750e+00) (8, 7.38904619216918945312e+00) (9, 7.31719636917114257812e+00) (10, 2.90767135620117187500e+01) (11, 7.35084962844848632812e+00) 
