FANN_FLO_2.1
num_layers=4
learning_rate=0.500000
connection_rate=1.000000
network_type=0
learning_momentum=0.000000
training_algorithm=2
train_error_function=1
train_stop_function=0
cascade_output_change_fraction=0.010000
quickprop_decay=-0.000100
quickprop_mu=1.750000
rprop_increase_factor=1.200000
rprop_decrease_factor=0.500000
rprop_delta_min=0.000000
rprop_delta_max=50.000000
rprop_delta_zero=0.100000
cascade_output_stagnation_epochs=12
cascade_candidate_change_fraction=0.010000
cascade_candidate_stagnation_epochs=12
cascade_max_out_epochs=150
cascade_min_out_epochs=50
cascade_max_cand_epochs=150
cascade_min_cand_epochs=50
cascade_num_candidate_groups=2
bit_fail_limit=3.49999994039535522461e-01
cascade_candidate_limit=1.00000000000000000000e+03
cascade_weight_multiplier=4.00000005960464477539e-01
cascade_activation_functions_count=10
cascade_activation_functions=3 5 7 8 10 11 14 15 16 17 
cascade_activation_steepnesses_count=4
cascade_activation_steepnesses=2.50000000000000000000e-01 5.00000000000000000000e-01 7.50000000000000000000e-01 1.00000000000000000000e+00 
layer_sizes=4 5 5 2 
scale_included=0
neurons (num_inputs, activation_function, activation_steepness)=(0, 0, 0.00000000000000000000e+00) (0, 0, 0.00000000000000000000e+00) (0, 0, 0.00000000000000000000e+00) (0, 0, 0.00000000000000000000e+00) (4, 3, 5.00000000000000000000e-01) (4, 3, 5.00000000000000000000e-01) (4, 3, 5.00000000000000000000e-01) (4, 3, 5.00000000000000000000e-01) (0, 3, 0.00000000000000000000e+00) (5, 3, 5.00000000000000000000e-01) (5, 3, 5.00000000000000000000e-01) (5, 3, 5.00000000000000000000e-01) (5, 3, 5.00000000000000000000e-01) (0, 3, 0.00000000000000000000e+00) (5, 3, 5.00000000000000000000e-01) (0, 3, 0.00000000000000000000e+00) 
connections (connected_to_neuron, weight)=(0, 7.08759765625000000000e+01) (1, -2.61434448242187500000e+02) (2, 1.24338943481445312500e+02) (3, -1.28864259719848632812e+01) (0, 5.97303657531738281250e+01) (1, -1.12443817138671875000e+02) (2, 8.54918594360351562500e+01) (3, -1.34841549396514892578e+00) (0, -3.20809268951416015625e+00) (1, -2.42437248229980468750e+01) (2, 8.50828361511230468750e+00) (3, 6.29686021804809570312e+00) (0, 9.80010070800781250000e+01) (1, -2.55994003295898437500e+02) (2, 7.33251113891601562500e+01) (3, 5.18487632274627685547e-01) (4, -4.10163927078247070312e+00) (5, -5.18880987167358398438e+00) (6, 2.75130386352539062500e+01) (7, -5.59571933746337890625e+00) (8, 1.18733906745910644531e+00) (4, -6.73855876922607421875e+00) (5, -7.89934921264648437500e+00) (6, 3.60809822082519531250e+01) (7, -6.50616645812988281250e+00) (8, 2.17345714569091796875e+00) (4, -5.54346609115600585938e+00) (5, -7.24033260345458984375e+00) (6, 3.45462913513183593750e+01) (7, -6.89590740203857421875e+00) (8, 2.16338348388671875000e+00) (4, -5.27208614349365234375e+00) (5, -6.15118265151977539062e+00) (6, 3.26602363586425781250e+01) (7, -6.31924104690551757812e+00) (8, 1.26541578769683837891e+00) (9, -2.01546043157577514648e-01) (10, -1.77107584476470947266e+00) (11, -1.55908370018005371094e+00) (12, -8.19003522396087646484e-01) (13, 2.09687495231628417969e+00) 
