FANN_FLO_2.1
num_layers=3
learning_rate=0.400000
connection_rate=1.000000
network_type=0
learning_momentum=0.000000
training_algorithm=2
train_error_function=1
train_stop_function=0
cascade_output_change_fraction=0.010000
quickprop_decay=-0.000100
quickprop_mu=1.750000
rprop_increase_factor=1.200000
rprop_decrease_factor=0.500000
rprop_delta_min=0.000000
rprop_delta_max=50.000000
rprop_delta_zero=0.100000
cascade_output_stagnation_epochs=12
cascade_candidate_change_fraction=0.010000
cascade_candidate_stagnation_epochs=12
cascade_max_out_epochs=150
cascade_min_out_epochs=50
cascade_max_cand_epochs=150
cascade_min_cand_epochs=50
cascade_num_candidate_groups=2
bit_fail_limit=3.49999994039535522461e-01
cascade_candidate_limit=1.00000000000000000000e+03
cascade_weight_multiplier=4.00000005960464477539e-01
cascade_activation_functions_count=10
cascade_activation_functions=3 5 7 8 10 11 14 15 16 17 
cascade_activation_steepnesses_count=4
cascade_activation_steepnesses=2.50000000000000000000e-01 5.00000000000000000000e-01 7.50000000000000000000e-01 1.00000000000000000000e+00 
layer_sizes=6 5 2 
scale_included=0
neurons (num_inputs, activation_function, activation_steepness)=(0, 0, 0.00000000000000000000e+00) (0, 0, 0.00000000000000000000e+00) (0, 0, 0.00000000000000000000e+00) (0, 0, 0.00000000000000000000e+00) (0, 0, 0.00000000000000000000e+00) (0, 0, 0.00000000000000000000e+00) (6, 3, 5.00000000000000000000e-01) (6, 3, 5.00000000000000000000e-01) (6, 3, 5.00000000000000000000e-01) (6, 3, 5.00000000000000000000e-01) (0, 3, 0.00000000000000000000e+00) (5, 0, 5.00000000000000000000e-01) (0, 0, 0.00000000000000000000e+00) 
connections (connected_to_neuron, weight)=(0, -1.50000000000000000000e+03) (1, -1.50000000000000000000e+03) (2, -1.18389320373535156250e+01) (3, -7.17267334461212158203e-01) (4, 2.83411407470703125000e+00) (5, -2.75079518556594848633e-01) (0, -1.50000000000000000000e+03) (1, -1.50000000000000000000e+03) (2, -1.09455490112304687500e+01) (3, -6.38189673423767089844e-01) (4, 2.70529055595397949219e+00) (5, -1.14338278770446777344e-01) (0, -1.50000000000000000000e+03) (1, -1.50000000000000000000e+03) (2, -5.56399202346801757812e+00) (3, -6.31026208400726318359e-01) (4, 8.65160763263702392578e-01) (5, 2.78877615928649902344e-01) (0, -1.50000000000000000000e+03) (1, -3.84123945236206054688e+00) (2, -8.97928714752197265625e-01) (3, -8.80345821380615234375e-01) (4, -2.69039142876863479614e-02) (5, -3.86499911546707153320e-01) (6, 1.27397491455078125000e+02) (7, 1.27399795532226562500e+02) (8, 1.27053924560546875000e+02) (9, 8.42540645599365234375e+00) (10, 7.61389553546905517578e-01) 
