FANN_FLO_2.1
num_layers=3
learning_rate=0.450000
connection_rate=1.000000
network_type=0
learning_momentum=0.000000
training_algorithm=2
train_error_function=1
train_stop_function=0
cascade_output_change_fraction=0.010000
quickprop_decay=-0.000100
quickprop_mu=1.750000
rprop_increase_factor=1.200000
rprop_decrease_factor=0.500000
rprop_delta_min=0.000000
rprop_delta_max=50.000000
rprop_delta_zero=0.100000
cascade_output_stagnation_epochs=12
cascade_candidate_change_fraction=0.010000
cascade_candidate_stagnation_epochs=12
cascade_max_out_epochs=150
cascade_min_out_epochs=50
cascade_max_cand_epochs=150
cascade_min_cand_epochs=50
cascade_num_candidate_groups=2
bit_fail_limit=3.49999994039535522461e-01
cascade_candidate_limit=1.00000000000000000000e+03
cascade_weight_multiplier=4.00000005960464477539e-01
cascade_activation_functions_count=10
cascade_activation_functions=3 5 7 8 10 11 14 15 16 17 
cascade_activation_steepnesses_count=4
cascade_activation_steepnesses=2.50000000000000000000e-01 5.00000000000000000000e-01 7.50000000000000000000e-01 1.00000000000000000000e+00 
layer_sizes=7 5 2 
scale_included=0
neurons (num_inputs, activation_function, activation_steepness)=(0, 0, 0.00000000000000000000e+00) (0, 0, 0.00000000000000000000e+00) (0, 0, 0.00000000000000000000e+00) (0, 0, 0.00000000000000000000e+00) (0, 0, 0.00000000000000000000e+00) (0, 0, 0.00000000000000000000e+00) (0, 0, 0.00000000000000000000e+00) (7, 3, 5.00000000000000000000e-01) (7, 3, 5.00000000000000000000e-01) (7, 3, 5.00000000000000000000e-01) (7, 3, 5.00000000000000000000e-01) (0, 3, 0.00000000000000000000e+00) (5, 0, 5.00000000000000000000e-01) (0, 0, 0.00000000000000000000e+00) 
connections (connected_to_neuron, weight)=(0, -1.50000000000000000000e+03) (1, -1.50000000000000000000e+03) (2, -7.50471313476562500000e+02) (3, -5.06029602050781250000e+02) (4, -1.50000000000000000000e+03) (5, 3.51940917968750000000e+02) (6, -5.54421007633209228516e-01) (0, -2.37996578216552734375e-01) (1, -3.82529497146606445312e-01) (2, 1.03559780120849609375e+00) (3, 1.95245131850242614746e-01) (4, 3.36889207363128662109e-01) (5, -9.32040691375732421875e-01) (6, 1.74405202269554138184e-01) (0, 4.34273108839988708496e-02) (1, -6.89840972423553466797e-01) (2, -8.52263718843460083008e-02) (3, -3.49726796150207519531e-01) (4, 2.29789882898330688477e-01) (5, 7.85374402999877929688e-01) (6, 1.34493911266326904297e+00) (0, 2.79420614242553710938e-01) (1, 5.95495283603668212891e-01) (2, -1.01537561416625976562e+00) (3, -3.88486802577972412109e-01) (4, -2.46013164520263671875e-01) (5, 7.00435280799865722656e-01) (6, -3.30785298347473144531e+00) (7, 1.50000000000000000000e+03) (8, -5.04427105188369750977e-02) (9, -4.28202338516712188721e-02) (10, -4.36401814222335815430e-02) (11, 5.37082999944686889648e-02) 
