FANN_FLO_2.1
num_layers=4
learning_rate=0.450000
connection_rate=1.000000
network_type=0
learning_momentum=0.000000
training_algorithm=2
train_error_function=1
train_stop_function=0
cascade_output_change_fraction=0.010000
quickprop_decay=-0.000100
quickprop_mu=1.750000
rprop_increase_factor=1.200000
rprop_decrease_factor=0.500000
rprop_delta_min=0.000000
rprop_delta_max=50.000000
rprop_delta_zero=0.100000
cascade_output_stagnation_epochs=12
cascade_candidate_change_fraction=0.010000
cascade_candidate_stagnation_epochs=12
cascade_max_out_epochs=150
cascade_min_out_epochs=50
cascade_max_cand_epochs=150
cascade_min_cand_epochs=50
cascade_num_candidate_groups=2
bit_fail_limit=3.49999994039535522461e-01
cascade_candidate_limit=1.00000000000000000000e+03
cascade_weight_multiplier=4.00000005960464477539e-01
cascade_activation_functions_count=10
cascade_activation_functions=3 5 7 8 10 11 14 15 16 17 
cascade_activation_steepnesses_count=4
cascade_activation_steepnesses=2.50000000000000000000e-01 5.00000000000000000000e-01 7.50000000000000000000e-01 1.00000000000000000000e+00 
layer_sizes=7 5 5 2 
scale_included=0
neurons (num_inputs, activation_function, activation_steepness)=(0, 0, 0.00000000000000000000e+00) (0, 0, 0.00000000000000000000e+00) (0, 0, 0.00000000000000000000e+00) (0, 0, 0.00000000000000000000e+00) (0, 0, 0.00000000000000000000e+00) (0, 0, 0.00000000000000000000e+00) (0, 0, 0.00000000000000000000e+00) (7, 3, 5.00000000000000000000e-01) (7, 3, 5.00000000000000000000e-01) (7, 3, 5.00000000000000000000e-01) (7, 3, 5.00000000000000000000e-01) (0, 3, 0.00000000000000000000e+00) (5, 3, 5.00000000000000000000e-01) (5, 3, 5.00000000000000000000e-01) (5, 3, 5.00000000000000000000e-01) (5, 3, 5.00000000000000000000e-01) (0, 3, 0.00000000000000000000e+00) (5, 0, 5.00000000000000000000e-01) (0, 0, 0.00000000000000000000e+00) 
connections (connected_to_neuron, weight)=(0, -6.01657330989837646484e-01) (1, 1.39008557796478271484e+00) (2, -8.06082367897033691406e-01) (3, -2.92454123497009277344e-01) (4, 4.96333986520767211914e-01) (5, -4.47522222995758056641e-01) (6, 3.40796738862991333008e-01) (0, 2.37955272197723388672e-01) (1, -1.10186338424682617188e+00) (2, 1.02545952796936035156e+00) (3, 1.27953458577394485474e-02) (4, -3.09353709220886230469e-01) (5, 4.71587061882019042969e-01) (6, 6.11124336719512939453e-01) (0, 4.42186206579208374023e-01) (1, -3.42910706996917724609e-01) (2, 3.06285053491592407227e-01) (3, -3.92015159130096435547e-01) (4, 1.19080448150634765625e+00) (5, -2.64572143554687500000e-01) (6, 2.76933968067169189453e-01) (0, 1.50780960917472839355e-01) (1, -7.68856167793273925781e-01) (2, 8.60234737396240234375e-01) (3, -1.65068164467811584473e-01) (4, 1.44362998008728027344e+00) (5, -4.91485476493835449219e-01) (6, 2.79574537277221679688e+00) (7, -3.36831283569335937500e+00) (8, -4.51162672042846679688e+00) (9, -7.65655755996704101562e-01) (10, -7.28019952774047851562e-01) (11, 1.09379470348358154297e-01) (7, -3.60940814018249511719e+00) (8, -3.98342776298522949219e+00) (9, -1.36412954330444335938e+00) (10, -3.47605288028717041016e-01) (11, 6.39328956604003906250e-01) (7, 9.41634674072265625000e+01) (8, 2.97234356403350830078e-01) (9, 1.71448245644569396973e-01) (10, 1.86689212918281555176e-01) (11, 1.95294067263603210449e-01) (7, -3.70404410362243652344e+00) (8, -4.37675714492797851562e+00) (9, -8.86190414428710937500e-01) (10, -3.35118472576141357422e-01) (11, 1.94470509886741638184e-01) (12, 5.78108727931976318359e-01) (13, 1.02386498451232910156e+00) (14, -6.53630048036575317383e-02) (15, 8.69791984558105468750e-01) (16, 5.32986260950565338135e-02) 
