FANN_FLO_2.1
num_layers=3
learning_rate=0.450000
connection_rate=1.000000
network_type=0
learning_momentum=0.000000
training_algorithm=2
train_error_function=1
train_stop_function=0
cascade_output_change_fraction=0.010000
quickprop_decay=-0.000100
quickprop_mu=1.750000
rprop_increase_factor=1.200000
rprop_decrease_factor=0.500000
rprop_delta_min=0.000000
rprop_delta_max=50.000000
rprop_delta_zero=0.100000
cascade_output_stagnation_epochs=12
cascade_candidate_change_fraction=0.010000
cascade_candidate_stagnation_epochs=12
cascade_max_out_epochs=150
cascade_min_out_epochs=50
cascade_max_cand_epochs=150
cascade_min_cand_epochs=50
cascade_num_candidate_groups=2
bit_fail_limit=3.49999994039535522461e-01
cascade_candidate_limit=1.00000000000000000000e+03
cascade_weight_multiplier=4.00000005960464477539e-01
cascade_activation_functions_count=10
cascade_activation_functions=3 5 7 8 10 11 14 15 16 17 
cascade_activation_steepnesses_count=4
cascade_activation_steepnesses=2.50000000000000000000e-01 5.00000000000000000000e-01 7.50000000000000000000e-01 1.00000000000000000000e+00 
layer_sizes=7 5 2 
scale_included=0
neurons (num_inputs, activation_function, activation_steepness)=(0, 0, 0.00000000000000000000e+00) (0, 0, 0.00000000000000000000e+00) (0, 0, 0.00000000000000000000e+00) (0, 0, 0.00000000000000000000e+00) (0, 0, 0.00000000000000000000e+00) (0, 0, 0.00000000000000000000e+00) (0, 0, 0.00000000000000000000e+00) (7, 3, 5.00000000000000000000e-01) (7, 3, 5.00000000000000000000e-01) (7, 3, 5.00000000000000000000e-01) (7, 3, 5.00000000000000000000e-01) (0, 3, 0.00000000000000000000e+00) (5, 0, 5.00000000000000000000e-01) (0, 0, 0.00000000000000000000e+00) 
connections (connected_to_neuron, weight)=(0, 3.89984059333801269531e+00) (1, -3.42611461877822875977e-01) (2, 2.80893783569335937500e+01) (3, -2.59663879394531250000e+02) (4, 1.86036987304687500000e+01) (5, -3.33144470214843750000e+02) (6, -3.69593352079391479492e-01) (0, -4.75496025085449218750e+01) (1, -3.66453081369400024414e-01) (2, -9.86923873424530029297e-01) (3, -4.23361930847167968750e+01) (4, -1.77761230468750000000e+01) (5, -1.06766918945312500000e+03) (6, -3.43206822872161865234e-01) (0, -2.37653320312500000000e+02) (1, -4.96249854564666748047e-01) (2, -1.62579421997070312500e+02) (3, -2.38390686035156250000e+02) (4, -9.82657775878906250000e+01) (5, 3.64266876220703125000e+02) (6, -3.89353662729263305664e-01) (0, -2.20143337249755859375e+01) (1, -3.71898144483566284180e-01) (2, 1.91511363983154296875e+01) (3, -1.68854721069335937500e+02) (4, -1.87192497253417968750e+01) (5, -7.07864379882812500000e+02) (6, -3.40119034051895141602e-01) (7, 1.62141906738281250000e+02) (8, 1.50000000000000000000e+03) (9, -6.11485576629638671875e+00) (10, 1.50000000000000000000e+03) (11, 1.49794295430183410645e-02) 
