FANN_FLO_2.1
num_layers=3
learning_rate=0.300000
connection_rate=1.000000
network_type=0
learning_momentum=0.000000
training_algorithm=2
train_error_function=1
train_stop_function=0
cascade_output_change_fraction=0.010000
quickprop_decay=-0.000100
quickprop_mu=1.750000
rprop_increase_factor=1.200000
rprop_decrease_factor=0.500000
rprop_delta_min=0.000000
rprop_delta_max=50.000000
rprop_delta_zero=0.100000
cascade_output_stagnation_epochs=12
cascade_candidate_change_fraction=0.010000
cascade_candidate_stagnation_epochs=12
cascade_max_out_epochs=150
cascade_min_out_epochs=50
cascade_max_cand_epochs=150
cascade_min_cand_epochs=50
cascade_num_candidate_groups=2
bit_fail_limit=3.49999994039535522461e-01
cascade_candidate_limit=1.00000000000000000000e+03
cascade_weight_multiplier=4.00000005960464477539e-01
cascade_activation_functions_count=10
cascade_activation_functions=3 5 7 8 10 11 14 15 16 17 
cascade_activation_steepnesses_count=4
cascade_activation_steepnesses=2.50000000000000000000e-01 5.00000000000000000000e-01 7.50000000000000000000e-01 1.00000000000000000000e+00 
layer_sizes=4 9 2 
scale_included=0
neurons (num_inputs, activation_function, activation_steepness)=(0, 0, 0.00000000000000000000e+00) (0, 0, 0.00000000000000000000e+00) (0, 0, 0.00000000000000000000e+00) (0, 0, 0.00000000000000000000e+00) (4, 3, 5.00000000000000000000e-01) (4, 3, 5.00000000000000000000e-01) (4, 3, 5.00000000000000000000e-01) (4, 3, 5.00000000000000000000e-01) (4, 3, 5.00000000000000000000e-01) (4, 3, 5.00000000000000000000e-01) (4, 3, 5.00000000000000000000e-01) (4, 3, 5.00000000000000000000e-01) (0, 3, 0.00000000000000000000e+00) (9, 3, 5.00000000000000000000e-01) (0, 3, 0.00000000000000000000e+00) 
connections (connected_to_neuron, weight)=(0, -1.38768568634986877441e-01) (1, 2.32104435563087463379e-02) (2, -1.74507424235343933105e-01) (3, 9.73695039749145507812e-01) (0, 1.24477219581604003906e+00) (1, 2.73254513740539550781e-01) (2, -9.89352416992187500000e+00) (3, 3.81887125968933105469e+00) (0, -1.22457671165466308594e+00) (1, 7.09427416324615478516e-01) (2, -1.12458086013793945312e+00) (3, 4.41118144989013671875e+00) (0, 6.26896476745605468750e+00) (1, 1.09824813902378082275e-01) (2, -3.67115249633789062500e+01) (3, -4.22885566949844360352e-01) (0, 2.45439791679382324219e+00) (1, -7.03007817268371582031e-01) (2, -1.35867757797241210938e+01) (3, -1.98627960681915283203e+00) (0, -2.66895800828933715820e-01) (1, 6.67001083493232727051e-02) (2, -8.01428496837615966797e-01) (3, 9.78559970855712890625e+00) (0, -1.44828546047210693359e+00) (1, 6.12389922142028808594e-01) (2, -1.11209309101104736328e+00) (3, 8.49934959411621093750e+00) (0, 8.54232788085937500000e+00) (1, 2.55465149879455566406e-01) (2, -4.24057006835937500000e+01) (3, 6.21917307376861572266e-01) (4, -8.08411121368408203125e+00) (5, -7.87246780395507812500e+01) (6, -3.93251717090606689453e-01) (7, 4.32716518640518188477e-01) (8, -1.50000000000000000000e+03) (9, -9.68733847141265869141e-01) (10, -1.59553200006484985352e-01) (11, 7.77323989868164062500e+01) (12, 9.28767740726470947266e-01) 
