FANN_FLO_2.1
num_layers=4
learning_rate=0.450000
connection_rate=1.000000
network_type=0
learning_momentum=0.000000
training_algorithm=2
train_error_function=1
train_stop_function=0
cascade_output_change_fraction=0.010000
quickprop_decay=-0.000100
quickprop_mu=1.750000
rprop_increase_factor=1.200000
rprop_decrease_factor=0.500000
rprop_delta_min=0.000000
rprop_delta_max=50.000000
rprop_delta_zero=0.100000
cascade_output_stagnation_epochs=12
cascade_candidate_change_fraction=0.010000
cascade_candidate_stagnation_epochs=12
cascade_max_out_epochs=150
cascade_min_out_epochs=50
cascade_max_cand_epochs=150
cascade_min_cand_epochs=50
cascade_num_candidate_groups=2
bit_fail_limit=3.49999994039535522461e-01
cascade_candidate_limit=1.00000000000000000000e+03
cascade_weight_multiplier=4.00000005960464477539e-01
cascade_activation_functions_count=10
cascade_activation_functions=3 5 7 8 10 11 14 15 16 17 
cascade_activation_steepnesses_count=4
cascade_activation_steepnesses=2.50000000000000000000e-01 5.00000000000000000000e-01 7.50000000000000000000e-01 1.00000000000000000000e+00 
layer_sizes=7 5 5 2 
scale_included=0
neurons (num_inputs, activation_function, activation_steepness)=(0, 0, 0.00000000000000000000e+00) (0, 0, 0.00000000000000000000e+00) (0, 0, 0.00000000000000000000e+00) (0, 0, 0.00000000000000000000e+00) (0, 0, 0.00000000000000000000e+00) (0, 0, 0.00000000000000000000e+00) (0, 0, 0.00000000000000000000e+00) (7, 3, 5.00000000000000000000e-01) (7, 3, 5.00000000000000000000e-01) (7, 3, 5.00000000000000000000e-01) (7, 3, 5.00000000000000000000e-01) (0, 3, 0.00000000000000000000e+00) (5, 3, 5.00000000000000000000e-01) (5, 3, 5.00000000000000000000e-01) (5, 3, 5.00000000000000000000e-01) (5, 3, 5.00000000000000000000e-01) (0, 3, 0.00000000000000000000e+00) (5, 0, 5.00000000000000000000e-01) (0, 0, 0.00000000000000000000e+00) 
connections (connected_to_neuron, weight)=(0, 2.03030212402343750000e+02) (1, 3.70559185743331909180e-01) (2, -1.33066174316406250000e+03) (3, -3.26571990966796875000e+02) (4, -1.83569316864013671875e+01) (5, -1.40303308105468750000e+03) (6, 2.84095883369445800781e-01) (0, 2.08552032470703125000e+02) (1, 2.15520083904266357422e-01) (2, -1.37972351074218750000e+03) (3, -3.26539947509765625000e+02) (4, -1.82824535369873046875e+01) (5, -1.40210913085937500000e+03) (6, 3.24242919683456420898e-01) (0, 2.75117168426513671875e+01) (1, 1.12992107868194580078e+00) (2, 3.11695823669433593750e+01) (3, 5.11009902954101562500e+01) (4, -7.53276109695434570312e+00) (5, 1.39392414093017578125e+01) (6, 1.59990251064300537109e+00) (0, 5.83284416198730468750e+01) (1, 3.00936758518218994141e-01) (2, -1.32642016601562500000e+03) (3, -4.93871124267578125000e+02) (4, -2.02295417785644531250e+01) (5, -1.47307446289062500000e+03) (6, 4.13746893405914306641e-01) (7, 1.50000000000000000000e+03) (8, 1.50000000000000000000e+03) (9, 8.78685913085937500000e+02) (10, 1.50000000000000000000e+03) (11, -8.84017497301101684570e-02) (7, -1.50000000000000000000e+03) (8, -1.50000000000000000000e+03) (9, 1.25730819702148437500e+01) (10, 1.50000000000000000000e+03) (11, -2.14022960662841796875e+01) (7, 1.50000000000000000000e+03) (8, 1.50000000000000000000e+03) (9, 8.78685913085937500000e+02) (10, 1.50000000000000000000e+03) (11, -6.87283873558044433594e-01) (7, 1.50000000000000000000e+03) (8, 1.50000000000000000000e+03) (9, 8.78685913085937500000e+02) (10, 1.50000000000000000000e+03) (11, -2.18724802136421203613e-01) (12, -3.90816479921340942383e-02) (13, 4.00660034179687500000e+02) (14, -2.45900209993124008179e-02) (15, -4.24268543720245361328e-02) (16, 5.62947280704975128174e-02) 
