FANN_FLO_2.1
num_layers=3
learning_rate=0.500000
connection_rate=1.000000
network_type=0
learning_momentum=0.000000
training_algorithm=2
train_error_function=1
train_stop_function=0
cascade_output_change_fraction=0.010000
quickprop_decay=-0.000100
quickprop_mu=1.750000
rprop_increase_factor=1.200000
rprop_decrease_factor=0.500000
rprop_delta_min=0.000000
rprop_delta_max=50.000000
rprop_delta_zero=0.100000
cascade_output_stagnation_epochs=12
cascade_candidate_change_fraction=0.010000
cascade_candidate_stagnation_epochs=12
cascade_max_out_epochs=150
cascade_min_out_epochs=50
cascade_max_cand_epochs=150
cascade_min_cand_epochs=50
cascade_num_candidate_groups=2
bit_fail_limit=3.49999994039535522461e-01
cascade_candidate_limit=1.00000000000000000000e+03
cascade_weight_multiplier=4.00000005960464477539e-01
cascade_activation_functions_count=10
cascade_activation_functions=3 5 7 8 10 11 14 15 16 17 
cascade_activation_steepnesses_count=4
cascade_activation_steepnesses=2.50000000000000000000e-01 5.00000000000000000000e-01 7.50000000000000000000e-01 1.00000000000000000000e+00 
layer_sizes=10 3 2 
scale_included=0
neurons (num_inputs, activation_function, activation_steepness)=(0, 0, 0.00000000000000000000e+00) (0, 0, 0.00000000000000000000e+00) (0, 0, 0.00000000000000000000e+00) (0, 0, 0.00000000000000000000e+00) (0, 0, 0.00000000000000000000e+00) (0, 0, 0.00000000000000000000e+00) (0, 0, 0.00000000000000000000e+00) (0, 0, 0.00000000000000000000e+00) (0, 0, 0.00000000000000000000e+00) (0, 0, 0.00000000000000000000e+00) (10, 3, 5.00000000000000000000e-01) (10, 3, 5.00000000000000000000e-01) (0, 3, 0.00000000000000000000e+00) (3, 3, 5.00000000000000000000e-01) (0, 3, 0.00000000000000000000e+00) 
connections (connected_to_neuron, weight)=(0, -2.31558844447135925293e-01) (1, -1.91639870405197143555e-01) (2, -6.20461702346801757812e-01) (3, -4.82990145683288574219e-01) (4, -1.06392905116081237793e-01) (5, -4.64772880077362060547e-01) (6, -6.31543040275573730469e-01) (7, -4.45943921804428100586e-01) (8, -6.48828983306884765625e-01) (9, 1.13521635532379150391e+00) (0, -8.88613164424896240234e-01) (1, -1.07567667961120605469e+00) (2, 9.97770279645919799805e-02) (3, -3.11034262180328369141e-01) (4, -1.14982783794403076172e+00) (5, -3.43169897794723510742e-01) (6, 8.09107050299644470215e-02) (7, -4.15178805589675903320e-01) (8, 8.99731367826461791992e-02) (9, 1.34152114391326904297e+00) (10, -3.47140169143676757812e+00) (11, -1.36557388305664062500e+00) (12, 1.58743524551391601562e+00) 
