FANN_FLO_2.1
num_layers=3
learning_rate=0.500000
connection_rate=1.000000
network_type=0
learning_momentum=0.000000
training_algorithm=2
train_error_function=1
train_stop_function=0
cascade_output_change_fraction=0.010000
quickprop_decay=-0.000100
quickprop_mu=1.750000
rprop_increase_factor=1.200000
rprop_decrease_factor=0.500000
rprop_delta_min=0.000000
rprop_delta_max=50.000000
rprop_delta_zero=0.100000
cascade_output_stagnation_epochs=12
cascade_candidate_change_fraction=0.010000
cascade_candidate_stagnation_epochs=12
cascade_max_out_epochs=150
cascade_min_out_epochs=50
cascade_max_cand_epochs=150
cascade_min_cand_epochs=50
cascade_num_candidate_groups=2
bit_fail_limit=3.49999994039535522461e-01
cascade_candidate_limit=1.00000000000000000000e+03
cascade_weight_multiplier=4.00000005960464477539e-01
cascade_activation_functions_count=10
cascade_activation_functions=3 5 7 8 10 11 14 15 16 17 
cascade_activation_steepnesses_count=4
cascade_activation_steepnesses=2.50000000000000000000e-01 5.00000000000000000000e-01 7.50000000000000000000e-01 1.00000000000000000000e+00 
layer_sizes=10 3 2 
scale_included=0
neurons (num_inputs, activation_function, activation_steepness)=(0, 0, 0.00000000000000000000e+00) (0, 0, 0.00000000000000000000e+00) (0, 0, 0.00000000000000000000e+00) (0, 0, 0.00000000000000000000e+00) (0, 0, 0.00000000000000000000e+00) (0, 0, 0.00000000000000000000e+00) (0, 0, 0.00000000000000000000e+00) (0, 0, 0.00000000000000000000e+00) (0, 0, 0.00000000000000000000e+00) (0, 0, 0.00000000000000000000e+00) (10, 3, 5.00000000000000000000e-01) (10, 3, 5.00000000000000000000e-01) (0, 3, 0.00000000000000000000e+00) (3, 3, 5.00000000000000000000e-01) (0, 3, 0.00000000000000000000e+00) 
connections (connected_to_neuron, weight)=(0, -3.90747845172882080078e-01) (1, -7.60443449020385742188e-01) (2, -3.18972796201705932617e-01) (3, -4.54712569713592529297e-01) (4, -4.40410822629928588867e-01) (5, -4.19941157102584838867e-01) (6, -6.75334811210632324219e-01) (7, -6.88282310962677001953e-01) (8, -3.51418018341064453125e-01) (9, 2.03725290298461914062e+00) (0, -5.25175094604492187500e-01) (1, -1.82294622063636779785e-01) (2, -6.13336622714996337891e-01) (3, -4.77526485919952392578e-01) (4, -4.66967552900314331055e-01) (5, -5.17032206058502197266e-01) (6, -2.31699198484420776367e-01) (7, -2.82648056745529174805e-01) (8, -5.76327979564666748047e-01) (9, 9.99922811985015869141e-01) (10, -2.08554959297180175781e+00) (11, -2.40911149978637695312e+00) (12, 1.62014377117156982422e+00) 
