FANN_FLO_2.1
num_layers=4
learning_rate=0.300000
connection_rate=1.000000
network_type=0
learning_momentum=0.000000
training_algorithm=2
train_error_function=1
train_stop_function=0
cascade_output_change_fraction=0.010000
quickprop_decay=-0.000100
quickprop_mu=1.750000
rprop_increase_factor=1.200000
rprop_decrease_factor=0.500000
rprop_delta_min=0.000000
rprop_delta_max=50.000000
rprop_delta_zero=0.100000
cascade_output_stagnation_epochs=12
cascade_candidate_change_fraction=0.010000
cascade_candidate_stagnation_epochs=12
cascade_max_out_epochs=150
cascade_min_out_epochs=50
cascade_max_cand_epochs=150
cascade_min_cand_epochs=50
cascade_num_candidate_groups=2
bit_fail_limit=3.49999994039535522461e-01
cascade_candidate_limit=1.00000000000000000000e+03
cascade_weight_multiplier=4.00000005960464477539e-01
cascade_activation_functions_count=10
cascade_activation_functions=3 5 7 8 10 11 14 15 16 17 
cascade_activation_steepnesses_count=4
cascade_activation_steepnesses=2.50000000000000000000e-01 5.00000000000000000000e-01 7.50000000000000000000e-01 1.00000000000000000000e+00 
layer_sizes=2 5 5 3 
scale_included=0
neurons (num_inputs, activation_function, activation_steepness)=(0, 0, 0.00000000000000000000e+00) (0, 0, 0.00000000000000000000e+00) (2, 3, 5.00000000000000000000e-01) (2, 3, 5.00000000000000000000e-01) (2, 3, 5.00000000000000000000e-01) (2, 3, 5.00000000000000000000e-01) (0, 3, 0.00000000000000000000e+00) (5, 3, 5.00000000000000000000e-01) (5, 3, 5.00000000000000000000e-01) (5, 3, 5.00000000000000000000e-01) (5, 3, 5.00000000000000000000e-01) (0, 3, 0.00000000000000000000e+00) (5, 0, 5.00000000000000000000e-01) (5, 0, 5.00000000000000000000e-01) (0, 0, 0.00000000000000000000e+00) 
connections (connected_to_neuron, weight)=(0, -8.09164404869079589844e-01) (1, -3.26525807380676269531e+00) (0, -2.67938899993896484375e+00) (1, -7.67494392395019531250e+00) (0, -1.99778258800506591797e+00) (1, -6.26360988616943359375e+00) (0, -2.03408002853393554688e+00) (1, -6.35029649734497070312e+00) (2, -4.87100696563720703125e+00) (3, 5.31828022003173828125e+00) (4, 4.33613657951354980469e-01) (5, 7.99816429615020751953e-01) (6, 6.96309864521026611328e-01) (2, 6.13964080810546875000e-01) (3, 5.32130241394042968750e+00) (4, 6.02441549301147460938e-01) (5, 6.24967396259307861328e-01) (6, -2.33036965131759643555e-01) (2, -9.30157601833343505859e-01) (3, 5.44124317169189453125e+00) (4, 7.41545379161834716797e-01) (5, 8.16110670566558837891e-01) (6, -1.43296554684638977051e-01) (2, 4.43632125854492187500e-01) (3, 7.74934625625610351562e+00) (4, 6.12306833267211914062e-01) (5, 5.25612235069274902344e-01) (6, -1.23368060588836669922e+00) (7, 5.65644837915897369385e-02) (8, 1.09639413654804229736e-01) (9, 8.58052596449851989746e-02) (10, 2.68301010131835937500e-01) (11, -2.93480306863784790039e-01) (7, -5.54438054561614990234e-01) (8, -5.28320968151092529297e-01) (9, -4.65156286954879760742e-01) (10, -6.16994440555572509766e-01) (11, -4.62051361799240112305e-01) 
