FANN_FLO_2.1
num_layers=4
learning_rate=0.450000
connection_rate=1.000000
network_type=0
learning_momentum=0.000000
training_algorithm=2
train_error_function=1
train_stop_function=0
cascade_output_change_fraction=0.010000
quickprop_decay=-0.000100
quickprop_mu=1.750000
rprop_increase_factor=1.200000
rprop_decrease_factor=0.500000
rprop_delta_min=0.000000
rprop_delta_max=50.000000
rprop_delta_zero=0.100000
cascade_output_stagnation_epochs=12
cascade_candidate_change_fraction=0.010000
cascade_candidate_stagnation_epochs=12
cascade_max_out_epochs=150
cascade_min_out_epochs=50
cascade_max_cand_epochs=150
cascade_min_cand_epochs=50
cascade_num_candidate_groups=2
bit_fail_limit=3.49999994039535522461e-01
cascade_candidate_limit=1.00000000000000000000e+03
cascade_weight_multiplier=4.00000005960464477539e-01
cascade_activation_functions_count=10
cascade_activation_functions=3 5 7 8 10 11 14 15 16 17 
cascade_activation_steepnesses_count=4
cascade_activation_steepnesses=2.50000000000000000000e-01 5.00000000000000000000e-01 7.50000000000000000000e-01 1.00000000000000000000e+00 
layer_sizes=7 5 3 2 
scale_included=0
neurons (num_inputs, activation_function, activation_steepness)=(0, 0, 0.00000000000000000000e+00) (0, 0, 0.00000000000000000000e+00) (0, 0, 0.00000000000000000000e+00) (0, 0, 0.00000000000000000000e+00) (0, 0, 0.00000000000000000000e+00) (0, 0, 0.00000000000000000000e+00) (0, 0, 0.00000000000000000000e+00) (7, 3, 5.00000000000000000000e-01) (7, 3, 5.00000000000000000000e-01) (7, 3, 5.00000000000000000000e-01) (7, 3, 5.00000000000000000000e-01) (0, 3, 0.00000000000000000000e+00) (5, 3, 5.00000000000000000000e-01) (5, 3, 5.00000000000000000000e-01) (0, 3, 0.00000000000000000000e+00) (3, 0, 5.00000000000000000000e-01) (0, 0, 0.00000000000000000000e+00) 
connections (connected_to_neuron, weight)=(0, 1.39943994140625000000e+03) (1, 2.22695121765136718750e+01) (2, 1.50000000000000000000e+03) (3, 1.47143579101562500000e+03) (4, 9.15617004394531250000e+02) (5, 1.50000000000000000000e+03) (6, 5.72199642658233642578e-01) (0, 2.26886634826660156250e+01) (1, 2.08185329437255859375e+01) (2, 1.44993212890625000000e+03) (3, 4.93375358581542968750e+01) (4, 8.45981597900390625000e+00) (5, 1.50000000000000000000e+03) (6, 1.57894241809844970703e+00) (0, 6.58992797851562500000e+02) (1, 6.52840652465820312500e+01) (2, 1.17486889648437500000e+03) (3, 1.05623706054687500000e+03) (4, 1.55666809082031250000e+02) (5, 1.10103149414062500000e+03) (6, 8.91927361488342285156e-01) (0, -4.41817535400390625000e+02) (1, -6.15111589431762695312e-02) (2, 7.27802612304687500000e+02) (3, 1.03221359252929687500e+02) (4, -4.95096343994140625000e+02) (5, -8.15800048828125000000e+02) (6, 1.62433624267578125000e+01) (7, 1.05371972656250000000e+03) (8, 3.93593475341796875000e+02) (9, -3.95870161056518554688e+00) (10, -9.17430572509765625000e+01) (11, -3.92376375198364257812e+00) (7, -8.21405029296875000000e+00) (8, -2.01555395126342773438e+00) (9, 6.40823006629943847656e-01) (10, 1.97313354492187500000e+02) (11, 4.36840027570724487305e-01) (12, 6.46855384111404418945e-02) (13, 7.57501244544982910156e-01) (14, -3.83514463901519775391e-02) 
