FANN_FLO_2.1
num_layers=3
learning_rate=0.500000
connection_rate=1.000000
network_type=0
learning_momentum=0.000000
training_algorithm=2
train_error_function=1
train_stop_function=0
cascade_output_change_fraction=0.010000
quickprop_decay=-0.000100
quickprop_mu=1.750000
rprop_increase_factor=1.200000
rprop_decrease_factor=0.500000
rprop_delta_min=0.000000
rprop_delta_max=50.000000
rprop_delta_zero=0.100000
cascade_output_stagnation_epochs=12
cascade_candidate_change_fraction=0.010000
cascade_candidate_stagnation_epochs=12
cascade_max_out_epochs=150
cascade_min_out_epochs=50
cascade_max_cand_epochs=150
cascade_min_cand_epochs=50
cascade_num_candidate_groups=2
bit_fail_limit=3.49999994039535522461e-01
cascade_candidate_limit=1.00000000000000000000e+03
cascade_weight_multiplier=4.00000005960464477539e-01
cascade_activation_functions_count=10
cascade_activation_functions=3 5 7 8 10 11 14 15 16 17 
cascade_activation_steepnesses_count=4
cascade_activation_steepnesses=2.50000000000000000000e-01 5.00000000000000000000e-01 7.50000000000000000000e-01 1.00000000000000000000e+00 
layer_sizes=3 5 4 
scale_included=0
neurons (num_inputs, activation_function, activation_steepness)=(0, 0, 0.00000000000000000000e+00) (0, 0, 0.00000000000000000000e+00) (0, 0, 0.00000000000000000000e+00) (3, 3, 5.00000000000000000000e-01) (3, 3, 5.00000000000000000000e-01) (3, 3, 5.00000000000000000000e-01) (3, 3, 5.00000000000000000000e-01) (0, 3, 0.00000000000000000000e+00) (5, 0, 5.00000000000000000000e-01) (5, 0, 5.00000000000000000000e-01) (5, 0, 5.00000000000000000000e-01) (0, 0, 0.00000000000000000000e+00) 
connections (connected_to_neuron, weight)=(0, -1.85477428436279296875e+01) (1, 1.95598049163818359375e+01) (2, 1.56560811996459960938e+01) (0, -1.50000000000000000000e+03) (1, 4.33521057128906250000e+02) (2, 8.85224533081054687500e+00) (0, -1.71527805328369140625e+01) (1, 8.75420475006103515625e+00) (2, 8.64678764343261718750e+00) (0, -1.82899940013885498047e+00) (1, -1.29693853855133056641e+00) (2, 2.63471812009811401367e-01) (3, 1.32345521450042724609e+00) (4, 1.84722816944122314453e+00) (5, 1.40068840980529785156e+00) (6, 5.15988445281982421875e+00) (7, 8.49229693412780761719e-01) (3, 4.86602497100830078125e+00) (4, 3.93303728103637695312e+00) (5, 5.44168758392333984375e+00) (6, 1.46474742889404296875e+01) (7, 3.84315919876098632812e+00) (3, 1.86001205444335937500e+01) (4, 1.36663169860839843750e+01) (5, 1.41846323013305664062e+01) (6, 4.72198448181152343750e+01) (7, 1.64146652221679687500e+01) 
