FANN_FLO_2.1
num_layers=4
learning_rate=0.500000
connection_rate=1.000000
network_type=0
learning_momentum=0.000000
training_algorithm=2
train_error_function=1
train_stop_function=0
cascade_output_change_fraction=0.010000
quickprop_decay=-0.000100
quickprop_mu=1.750000
rprop_increase_factor=1.200000
rprop_decrease_factor=0.500000
rprop_delta_min=0.000000
rprop_delta_max=50.000000
rprop_delta_zero=0.100000
cascade_output_stagnation_epochs=12
cascade_candidate_change_fraction=0.010000
cascade_candidate_stagnation_epochs=12
cascade_max_out_epochs=150
cascade_min_out_epochs=50
cascade_max_cand_epochs=150
cascade_min_cand_epochs=50
cascade_num_candidate_groups=2
bit_fail_limit=3.49999994039535522461e-01
cascade_candidate_limit=1.00000000000000000000e+03
cascade_weight_multiplier=4.00000005960464477539e-01
cascade_activation_functions_count=10
cascade_activation_functions=3 5 7 8 10 11 14 15 16 17 
cascade_activation_steepnesses_count=4
cascade_activation_steepnesses=2.50000000000000000000e-01 5.00000000000000000000e-01 7.50000000000000000000e-01 1.00000000000000000000e+00 
layer_sizes=4 5 3 2 
scale_included=0
neurons (num_inputs, activation_function, activation_steepness)=(0, 0, 0.00000000000000000000e+00) (0, 0, 0.00000000000000000000e+00) (0, 0, 0.00000000000000000000e+00) (0, 0, 0.00000000000000000000e+00) (4, 3, 5.00000000000000000000e-01) (4, 3, 5.00000000000000000000e-01) (4, 3, 5.00000000000000000000e-01) (4, 3, 5.00000000000000000000e-01) (0, 3, 0.00000000000000000000e+00) (5, 3, 5.00000000000000000000e-01) (5, 3, 5.00000000000000000000e-01) (0, 3, 0.00000000000000000000e+00) (3, 3, 5.00000000000000000000e-01) (0, 3, 0.00000000000000000000e+00) 
connections (connected_to_neuron, weight)=(0, -8.17660903930664062500e+00) (1, -5.75900001525878906250e+01) (2, 3.53056488037109375000e+01) (3, 3.99011611938476562500e+00) (0, -6.84940862655639648438e+00) (1, -8.53448486328125000000e+00) (2, -4.59060678258538246155e-03) (3, 6.56457853317260742188e+00) (0, -1.70058834552764892578e+00) (1, -2.51350555419921875000e+01) (2, -4.39163565635681152344e-01) (3, 7.24066352844238281250e+00) (0, 6.60600805282592773438e+00) (1, -2.90509052276611328125e+01) (2, 1.03808879852294921875e+01) (3, 3.56125736236572265625e+00) (4, -1.01788282394409179688e+01) (5, 3.02831554412841796875e+01) (6, 6.46627616882324218750e+00) (7, -8.48900413513183593750e+00) (8, -2.08614969253540039062e+00) (4, -9.14583778381347656250e+00) (5, 2.80334072113037109375e+01) (6, 6.19168424606323242188e+00) (7, -7.76193189620971679688e+00) (8, -2.03725266456604003906e+00) (9, -1.78446495532989501953e+00) (10, -3.40818500518798828125e+00) (11, 2.89812493324279785156e+00) 
