FANN_FLO_2.1
num_layers=3
learning_rate=0.500000
connection_rate=1.000000
network_type=0
learning_momentum=0.000000
training_algorithm=2
train_error_function=1
train_stop_function=0
cascade_output_change_fraction=0.010000
quickprop_decay=-0.000100
quickprop_mu=1.750000
rprop_increase_factor=1.200000
rprop_decrease_factor=0.500000
rprop_delta_min=0.000000
rprop_delta_max=50.000000
rprop_delta_zero=0.100000
cascade_output_stagnation_epochs=12
cascade_candidate_change_fraction=0.010000
cascade_candidate_stagnation_epochs=12
cascade_max_out_epochs=150
cascade_min_out_epochs=50
cascade_max_cand_epochs=150
cascade_min_cand_epochs=50
cascade_num_candidate_groups=2
bit_fail_limit=3.49999994039535522461e-01
cascade_candidate_limit=1.00000000000000000000e+03
cascade_weight_multiplier=4.00000005960464477539e-01
cascade_activation_functions_count=10
cascade_activation_functions=3 5 7 8 10 11 14 15 16 17 
cascade_activation_steepnesses_count=4
cascade_activation_steepnesses=2.50000000000000000000e-01 5.00000000000000000000e-01 7.50000000000000000000e-01 1.00000000000000000000e+00 
layer_sizes=10 3 2 
scale_included=0
neurons (num_inputs, activation_function, activation_steepness)=(0, 0, 0.00000000000000000000e+00) (0, 0, 0.00000000000000000000e+00) (0, 0, 0.00000000000000000000e+00) (0, 0, 0.00000000000000000000e+00) (0, 0, 0.00000000000000000000e+00) (0, 0, 0.00000000000000000000e+00) (0, 0, 0.00000000000000000000e+00) (0, 0, 0.00000000000000000000e+00) (0, 0, 0.00000000000000000000e+00) (0, 0, 0.00000000000000000000e+00) (10, 3, 5.00000000000000000000e-01) (10, 3, 5.00000000000000000000e-01) (0, 3, 0.00000000000000000000e+00) (3, 3, 5.00000000000000000000e-01) (0, 3, 0.00000000000000000000e+00) 
connections (connected_to_neuron, weight)=(0, -7.32169091701507568359e-01) (1, -4.65256422758102416992e-01) (2, -7.05413937568664550781e-01) (3, -5.37483632564544677734e-01) (4, 5.15559762716293334961e-02) (5, -5.24071753025054931641e-01) (6, -6.22642099857330322266e-01) (7, -5.38913130760192871094e-01) (8, -7.46433496475219726562e-01) (9, 1.56827425956726074219e+00) (0, -2.62337535619735717773e-01) (1, -7.04908609390258789062e-01) (2, -3.00101548433303833008e-01) (3, -5.99023759365081787109e-01) (4, -1.20400965213775634766e+00) (5, -6.18790507316589355469e-01) (6, -3.99600178003311157227e-01) (7, -6.30990326404571533203e-01) (8, -2.32472509145736694336e-01) (9, 2.42269778251647949219e+00) (10, -2.25114893913269042969e+00) (11, -1.58167803287506103516e+00) (12, 1.45878720283508300781e+00) 
