FANN_FLO_2.1
num_layers=4
learning_rate=0.500000
connection_rate=1.000000
network_type=0
learning_momentum=0.000000
training_algorithm=2
train_error_function=1
train_stop_function=0
cascade_output_change_fraction=0.010000
quickprop_decay=-0.000100
quickprop_mu=1.750000
rprop_increase_factor=1.200000
rprop_decrease_factor=0.500000
rprop_delta_min=0.000000
rprop_delta_max=50.000000
rprop_delta_zero=0.100000
cascade_output_stagnation_epochs=12
cascade_candidate_change_fraction=0.010000
cascade_candidate_stagnation_epochs=12
cascade_max_out_epochs=150
cascade_min_out_epochs=50
cascade_max_cand_epochs=150
cascade_min_cand_epochs=50
cascade_num_candidate_groups=2
bit_fail_limit=3.49999994039535522461e-01
cascade_candidate_limit=1.00000000000000000000e+03
cascade_weight_multiplier=4.00000005960464477539e-01
cascade_activation_functions_count=10
cascade_activation_functions=3 5 7 8 10 11 14 15 16 17 
cascade_activation_steepnesses_count=4
cascade_activation_steepnesses=2.50000000000000000000e-01 5.00000000000000000000e-01 7.50000000000000000000e-01 1.00000000000000000000e+00 
layer_sizes=4 5 3 2 
scale_included=0
neurons (num_inputs, activation_function, activation_steepness)=(0, 0, 0.00000000000000000000e+00) (0, 0, 0.00000000000000000000e+00) (0, 0, 0.00000000000000000000e+00) (0, 0, 0.00000000000000000000e+00) (4, 3, 5.00000000000000000000e-01) (4, 3, 5.00000000000000000000e-01) (4, 3, 5.00000000000000000000e-01) (4, 3, 5.00000000000000000000e-01) (0, 3, 0.00000000000000000000e+00) (5, 3, 5.00000000000000000000e-01) (5, 3, 5.00000000000000000000e-01) (0, 3, 0.00000000000000000000e+00) (3, 3, 5.00000000000000000000e-01) (0, 3, 0.00000000000000000000e+00) 
connections (connected_to_neuron, weight)=(0, -2.99988174438476562500e+00) (1, -3.22566485404968261719e+00) (2, 2.61187180876731872559e-03) (3, 6.35046899318695068359e-01) (0, -3.21990942955017089844e+00) (1, -2.81635165214538574219e+00) (2, -3.44941258430480957031e-01) (3, 9.87064242362976074219e-01) (0, -3.20114469528198242188e+00) (1, -2.70225834846496582031e+00) (2, -3.22295039892196655273e-01) (3, 6.58112525939941406250e-01) (0, -3.16917300224304199219e+00) (1, -2.52125883102416992188e+00) (2, -8.85280847549438476562e-01) (3, 1.72091269493103027344e+00) (4, 1.77970016002655029297e+00) (5, 4.06248569488525390625e+00) (6, 3.96100640296936035156e+00) (7, 5.47759895324707031250e+01) (8, -1.04481887817382812500e+01) (4, 1.10696172714233398438e+01) (5, 1.19560203552246093750e+01) (6, 1.17061347961425781250e+01) (7, 4.81855049133300781250e+01) (8, -1.13798971176147460938e+01) (9, -3.03663277626037597656e+00) (10, -1.51943135261535644531e+00) (11, 2.29375433921813964844e+00) 
