FANN_FLO_2.1
num_layers=4
learning_rate=0.500000
connection_rate=1.000000
network_type=0
learning_momentum=0.000000
training_algorithm=2
train_error_function=1
train_stop_function=0
cascade_output_change_fraction=0.010000
quickprop_decay=-0.000100
quickprop_mu=1.750000
rprop_increase_factor=1.200000
rprop_decrease_factor=0.500000
rprop_delta_min=0.000000
rprop_delta_max=50.000000
rprop_delta_zero=0.100000
cascade_output_stagnation_epochs=12
cascade_candidate_change_fraction=0.010000
cascade_candidate_stagnation_epochs=12
cascade_max_out_epochs=150
cascade_min_out_epochs=50
cascade_max_cand_epochs=150
cascade_min_cand_epochs=50
cascade_num_candidate_groups=2
bit_fail_limit=3.49999994039535522461e-01
cascade_candidate_limit=1.00000000000000000000e+03
cascade_weight_multiplier=4.00000005960464477539e-01
cascade_activation_functions_count=10
cascade_activation_functions=3 5 7 8 10 11 14 15 16 17 
cascade_activation_steepnesses_count=4
cascade_activation_steepnesses=2.50000000000000000000e-01 5.00000000000000000000e-01 7.50000000000000000000e-01 1.00000000000000000000e+00 
layer_sizes=4 5 3 2 
scale_included=0
neurons (num_inputs, activation_function, activation_steepness)=(0, 0, 0.00000000000000000000e+00) (0, 0, 0.00000000000000000000e+00) (0, 0, 0.00000000000000000000e+00) (0, 0, 0.00000000000000000000e+00) (4, 3, 5.00000000000000000000e-01) (4, 3, 5.00000000000000000000e-01) (4, 3, 5.00000000000000000000e-01) (4, 3, 5.00000000000000000000e-01) (0, 3, 0.00000000000000000000e+00) (5, 3, 5.00000000000000000000e-01) (5, 3, 5.00000000000000000000e-01) (0, 3, 0.00000000000000000000e+00) (3, 3, 5.00000000000000000000e-01) (0, 3, 0.00000000000000000000e+00) 
connections (connected_to_neuron, weight)=(0, -3.58846902847290039062e+00) (1, 2.90336990356445312500e+00) (2, -3.47969365119934082031e+00) (3, 1.56824994087219238281e+00) (0, -1.85240352153778076172e+00) (1, -1.34557580947875976562e+01) (2, 3.12093973159790039062e+00) (3, 3.43315243721008300781e+00) (0, -2.94070005416870117188e+00) (1, -1.07380461692810058594e+00) (2, -1.09449076652526855469e+00) (3, 1.44890201091766357422e+00) (0, -3.34471726417541503906e+00) (1, -4.47581863403320312500e+00) (2, 1.09147787094116210938e+00) (3, 1.83291482925415039062e+00) (4, 1.66092872619628906250e+01) (5, 7.80311012268066406250e+00) (6, 7.02043914794921875000e+00) (7, 4.67264223098754882812e+00) (8, -7.85588788986206054688e+00) (4, 1.84125328063964843750e+01) (5, 9.70027065277099609375e+00) (6, 6.74030542373657226562e+00) (7, 4.77750062942504882812e+00) (8, -8.76880836486816406250e+00) (9, -2.97936129570007324219e+00) (10, -2.53544449806213378906e+00) (11, 3.15990853309631347656e+00) 
