FANN_FLO_2.1
num_layers=4
learning_rate=0.450000
connection_rate=1.000000
network_type=0
learning_momentum=0.000000
training_algorithm=2
train_error_function=1
train_stop_function=0
cascade_output_change_fraction=0.010000
quickprop_decay=-0.000100
quickprop_mu=1.750000
rprop_increase_factor=1.200000
rprop_decrease_factor=0.500000
rprop_delta_min=0.000000
rprop_delta_max=50.000000
rprop_delta_zero=0.100000
cascade_output_stagnation_epochs=12
cascade_candidate_change_fraction=0.010000
cascade_candidate_stagnation_epochs=12
cascade_max_out_epochs=150
cascade_min_out_epochs=50
cascade_max_cand_epochs=150
cascade_min_cand_epochs=50
cascade_num_candidate_groups=2
bit_fail_limit=3.49999994039535522461e-01
cascade_candidate_limit=1.00000000000000000000e+03
cascade_weight_multiplier=4.00000005960464477539e-01
cascade_activation_functions_count=10
cascade_activation_functions=3 5 7 8 10 11 14 15 16 17 
cascade_activation_steepnesses_count=4
cascade_activation_steepnesses=2.50000000000000000000e-01 5.00000000000000000000e-01 7.50000000000000000000e-01 1.00000000000000000000e+00 
layer_sizes=7 3 3 2 
scale_included=0
neurons (num_inputs, activation_function, activation_steepness)=(0, 0, 0.00000000000000000000e+00) (0, 0, 0.00000000000000000000e+00) (0, 0, 0.00000000000000000000e+00) (0, 0, 0.00000000000000000000e+00) (0, 0, 0.00000000000000000000e+00) (0, 0, 0.00000000000000000000e+00) (0, 0, 0.00000000000000000000e+00) (7, 3, 5.00000000000000000000e-01) (7, 3, 5.00000000000000000000e-01) (0, 3, 0.00000000000000000000e+00) (3, 3, 5.00000000000000000000e-01) (3, 3, 5.00000000000000000000e-01) (0, 3, 0.00000000000000000000e+00) (3, 0, 5.00000000000000000000e-01) (0, 0, 0.00000000000000000000e+00) 
connections (connected_to_neuron, weight)=(0, -4.90736022949218750000e+02) (1, 5.85550781250000000000e+02) (2, 3.13035644531250000000e+02) (3, -4.36915435791015625000e+01) (4, -3.71692962646484375000e+01) (5, -1.59193145751953125000e+02) (6, 1.70710170269012451172e+00) (0, 4.65907633304595947266e-01) (1, 9.85849142074584960938e-01) (2, -1.70184445381164550781e+00) (3, 3.92878085374832153320e-01) (4, 8.83490800857543945312e-01) (5, -1.27629709243774414062e+00) (6, 9.79195773601531982422e-01) (7, -1.44629577636718750000e+03) (8, -2.55306396484375000000e+01) (9, 1.89281833171844482422e+00) (7, 1.09658055007457733154e-01) (8, -1.00088298320770263672e+00) (9, 1.21280580759048461914e-01) (10, 1.93500459194183349609e-01) (11, 1.22082866728305816650e-01) (12, -2.53534261137247085571e-02) 
