FANN_FLO_2.1
num_layers=4
learning_rate=0.450000
connection_rate=1.000000
network_type=0
learning_momentum=0.000000
training_algorithm=2
train_error_function=1
train_stop_function=0
cascade_output_change_fraction=0.010000
quickprop_decay=-0.000100
quickprop_mu=1.750000
rprop_increase_factor=1.200000
rprop_decrease_factor=0.500000
rprop_delta_min=0.000000
rprop_delta_max=50.000000
rprop_delta_zero=0.100000
cascade_output_stagnation_epochs=12
cascade_candidate_change_fraction=0.010000
cascade_candidate_stagnation_epochs=12
cascade_max_out_epochs=150
cascade_min_out_epochs=50
cascade_max_cand_epochs=150
cascade_min_cand_epochs=50
cascade_num_candidate_groups=2
bit_fail_limit=3.49999994039535522461e-01
cascade_candidate_limit=1.00000000000000000000e+03
cascade_weight_multiplier=4.00000005960464477539e-01
cascade_activation_functions_count=10
cascade_activation_functions=3 5 7 8 10 11 14 15 16 17 
cascade_activation_steepnesses_count=4
cascade_activation_steepnesses=2.50000000000000000000e-01 5.00000000000000000000e-01 7.50000000000000000000e-01 1.00000000000000000000e+00 
layer_sizes=7 5 3 2 
scale_included=0
neurons (num_inputs, activation_function, activation_steepness)=(0, 0, 0.00000000000000000000e+00) (0, 0, 0.00000000000000000000e+00) (0, 0, 0.00000000000000000000e+00) (0, 0, 0.00000000000000000000e+00) (0, 0, 0.00000000000000000000e+00) (0, 0, 0.00000000000000000000e+00) (0, 0, 0.00000000000000000000e+00) (7, 3, 5.00000000000000000000e-01) (7, 3, 5.00000000000000000000e-01) (7, 3, 5.00000000000000000000e-01) (7, 3, 5.00000000000000000000e-01) (0, 3, 0.00000000000000000000e+00) (5, 3, 5.00000000000000000000e-01) (5, 3, 5.00000000000000000000e-01) (0, 3, 0.00000000000000000000e+00) (3, 0, 5.00000000000000000000e-01) (0, 0, 0.00000000000000000000e+00) 
connections (connected_to_neuron, weight)=(0, -4.06383752822875976562e-01) (1, 3.44333618879318237305e-01) (2, -6.20071947574615478516e-01) (3, 1.50987371802330017090e-01) (4, 2.92565673589706420898e-01) (5, 2.44597002863883972168e-01) (6, 3.32746386528015136719e+00) (0, -1.92363068461418151855e-01) (1, 1.07612490653991699219e-01) (2, -4.43094313144683837891e-01) (3, 3.11626106500625610352e-01) (4, 7.03126192092895507812e-02) (5, 1.28341019153594970703e-01) (6, 6.52387440204620361328e-01) (0, 1.49846339225769042969e+00) (1, -1.91952610015869140625e+00) (2, 1.43088555335998535156e+00) (3, -4.08591508865356445312e+00) (4, 9.39941883087158203125e+00) (5, 2.83579750061035156250e+01) (6, -1.44072036743164062500e+01) (0, 1.14535175263881683350e-01) (1, -2.85034209489822387695e-01) (2, 5.87829649448394775391e-01) (3, -2.49282531440258026123e-02) (4, -3.95481646060943603516e-01) (5, 1.52889071032404899597e-02) (6, -5.11659204959869384766e-01) (7, 8.11227977275848388672e-01) (8, 4.86428767442703247070e-01) (9, -3.00807857513427734375e+00) (10, 1.06062579154968261719e+00) (11, 1.00717827677726745605e-01) (7, 4.94189500808715820312e-01) (8, 3.76445084810256958008e-01) (9, -2.68821120262145996094e+00) (10, 7.84508585929870605469e-01) (11, 1.10490784049034118652e-01) (12, 3.31411719322204589844e-01) (13, 3.37926894426345825195e-01) (14, -9.72949266433715820312e-02) 
