FANN_FLO_2.1
num_layers=3
learning_rate=0.500000
connection_rate=1.000000
network_type=0
learning_momentum=0.000000
training_algorithm=2
train_error_function=1
train_stop_function=0
cascade_output_change_fraction=0.010000
quickprop_decay=-0.000100
quickprop_mu=1.750000
rprop_increase_factor=1.200000
rprop_decrease_factor=0.500000
rprop_delta_min=0.000000
rprop_delta_max=50.000000
rprop_delta_zero=0.100000
cascade_output_stagnation_epochs=12
cascade_candidate_change_fraction=0.010000
cascade_candidate_stagnation_epochs=12
cascade_max_out_epochs=150
cascade_min_out_epochs=50
cascade_max_cand_epochs=150
cascade_min_cand_epochs=50
cascade_num_candidate_groups=2
bit_fail_limit=3.49999994039535522461e-01
cascade_candidate_limit=1.00000000000000000000e+03
cascade_weight_multiplier=4.00000005960464477539e-01
cascade_activation_functions_count=10
cascade_activation_functions=3 5 7 8 10 11 14 15 16 17 
cascade_activation_steepnesses_count=4
cascade_activation_steepnesses=2.50000000000000000000e-01 5.00000000000000000000e-01 7.50000000000000000000e-01 1.00000000000000000000e+00 
layer_sizes=10 3 2 
scale_included=0
neurons (num_inputs, activation_function, activation_steepness)=(0, 0, 0.00000000000000000000e+00) (0, 0, 0.00000000000000000000e+00) (0, 0, 0.00000000000000000000e+00) (0, 0, 0.00000000000000000000e+00) (0, 0, 0.00000000000000000000e+00) (0, 0, 0.00000000000000000000e+00) (0, 0, 0.00000000000000000000e+00) (0, 0, 0.00000000000000000000e+00) (0, 0, 0.00000000000000000000e+00) (0, 0, 0.00000000000000000000e+00) (10, 3, 5.00000000000000000000e-01) (10, 3, 5.00000000000000000000e-01) (0, 3, 0.00000000000000000000e+00) (3, 3, 5.00000000000000000000e-01) (0, 3, 0.00000000000000000000e+00) 
connections (connected_to_neuron, weight)=(0, 5.24270117282867431641e-01) (1, 7.64870703220367431641e-01) (2, 5.48732817173004150391e-01) (3, 5.56740343570709228516e-01) (4, -1.11371183395385742188e+00) (5, 5.22445201873779296875e-01) (6, 5.49526274204254150391e-01) (7, 3.40780526399612426758e-01) (8, 4.91803675889968872070e-01) (9, 5.84150999784469604492e-02) (0, -3.44105601310729980469e-01) (1, -2.96736180782318115234e-01) (2, -3.55544060468673706055e-01) (3, -3.55059057474136352539e-01) (4, -7.49253511428833007812e-01) (5, -3.34879487752914428711e-01) (6, -3.34826469421386718750e-01) (7, -4.09114956855773925781e-01) (8, -3.79146307706832885742e-01) (9, 1.16248726844787597656e+00) (10, 1.64640533924102783203e+00) (11, -4.13797521591186523438e+00) (12, 8.19077119231224060059e-02) 
