FANN_FLO_2.1
num_layers=3
learning_rate=0.400000
connection_rate=1.000000
network_type=0
learning_momentum=0.000000
training_algorithm=2
train_error_function=1
train_stop_function=0
cascade_output_change_fraction=0.010000
quickprop_decay=-0.000100
quickprop_mu=1.750000
rprop_increase_factor=1.200000
rprop_decrease_factor=0.500000
rprop_delta_min=0.000000
rprop_delta_max=50.000000
rprop_delta_zero=0.100000
cascade_output_stagnation_epochs=12
cascade_candidate_change_fraction=0.010000
cascade_candidate_stagnation_epochs=12
cascade_max_out_epochs=150
cascade_min_out_epochs=50
cascade_max_cand_epochs=150
cascade_min_cand_epochs=50
cascade_num_candidate_groups=2
bit_fail_limit=3.49999994039535522461e-01
cascade_candidate_limit=1.00000000000000000000e+03
cascade_weight_multiplier=4.00000005960464477539e-01
cascade_activation_functions_count=10
cascade_activation_functions=3 5 7 8 10 11 14 15 16 17 
cascade_activation_steepnesses_count=4
cascade_activation_steepnesses=2.50000000000000000000e-01 5.00000000000000000000e-01 7.50000000000000000000e-01 1.00000000000000000000e+00 
layer_sizes=6 5 2 
scale_included=0
neurons (num_inputs, activation_function, activation_steepness)=(0, 0, 0.00000000000000000000e+00) (0, 0, 0.00000000000000000000e+00) (0, 0, 0.00000000000000000000e+00) (0, 0, 0.00000000000000000000e+00) (0, 0, 0.00000000000000000000e+00) (0, 0, 0.00000000000000000000e+00) (6, 3, 5.00000000000000000000e-01) (6, 3, 5.00000000000000000000e-01) (6, 3, 5.00000000000000000000e-01) (6, 3, 5.00000000000000000000e-01) (0, 3, 0.00000000000000000000e+00) (5, 0, 5.00000000000000000000e-01) (0, 0, 0.00000000000000000000e+00) 
connections (connected_to_neuron, weight)=(0, -1.50000000000000000000e+03) (1, -1.50000000000000000000e+03) (2, 7.21806488037109375000e+01) (3, -8.41710948944091796875e+00) (4, -7.16900405883789062500e+01) (5, 2.10586977005004882812e+00) (0, -1.50000000000000000000e+03) (1, -1.50000000000000000000e+03) (2, 1.68417358398437500000e+02) (3, -1.52492914199829101562e+01) (4, -1.56093551635742187500e+02) (5, 2.32731565833091735840e-01) (0, -1.50000000000000000000e+03) (1, -1.50000000000000000000e+03) (2, 1.68821456909179687500e+02) (3, -1.52598352432250976562e+01) (4, -1.55710647583007812500e+02) (5, 9.49167609214782714844e-02) (0, -1.50000000000000000000e+03) (1, -1.50000000000000000000e+03) (2, 7.22011413574218750000e+01) (3, -8.36973476409912109375e+00) (4, -7.16249847412109375000e+01) (5, 2.09389352798461914062e+00) (6, 7.11856651306152343750e+00) (7, 1.04019536972045898438e+01) (8, 1.04041585922241210938e+01) (9, 7.15480422973632812500e+00) (10, 8.03187727928161621094e-01) 
