FANN_FLO_2.1
num_layers=3
learning_rate=0.450000
connection_rate=1.000000
network_type=0
learning_momentum=0.000000
training_algorithm=2
train_error_function=1
train_stop_function=0
cascade_output_change_fraction=0.010000
quickprop_decay=-0.000100
quickprop_mu=1.750000
rprop_increase_factor=1.200000
rprop_decrease_factor=0.500000
rprop_delta_min=0.000000
rprop_delta_max=50.000000
rprop_delta_zero=0.100000
cascade_output_stagnation_epochs=12
cascade_candidate_change_fraction=0.010000
cascade_candidate_stagnation_epochs=12
cascade_max_out_epochs=150
cascade_min_out_epochs=50
cascade_max_cand_epochs=150
cascade_min_cand_epochs=50
cascade_num_candidate_groups=2
bit_fail_limit=3.49999994039535522461e-01
cascade_candidate_limit=1.00000000000000000000e+03
cascade_weight_multiplier=4.00000005960464477539e-01
cascade_activation_functions_count=10
cascade_activation_functions=3 5 7 8 10 11 14 15 16 17 
cascade_activation_steepnesses_count=4
cascade_activation_steepnesses=2.50000000000000000000e-01 5.00000000000000000000e-01 7.50000000000000000000e-01 1.00000000000000000000e+00 
layer_sizes=7 5 2 
scale_included=0
neurons (num_inputs, activation_function, activation_steepness)=(0, 0, 0.00000000000000000000e+00) (0, 0, 0.00000000000000000000e+00) (0, 0, 0.00000000000000000000e+00) (0, 0, 0.00000000000000000000e+00) (0, 0, 0.00000000000000000000e+00) (0, 0, 0.00000000000000000000e+00) (0, 0, 0.00000000000000000000e+00) (7, 3, 5.00000000000000000000e-01) (7, 3, 5.00000000000000000000e-01) (7, 3, 5.00000000000000000000e-01) (7, 3, 5.00000000000000000000e-01) (0, 3, 0.00000000000000000000e+00) (5, 0, 5.00000000000000000000e-01) (0, 0, 0.00000000000000000000e+00) 
connections (connected_to_neuron, weight)=(0, -2.18079686164855957031e-01) (1, -2.47153252363204956055e-01) (2, 4.01804745197296142578e-01) (3, -3.85265737771987915039e-01) (4, 1.03173926472663879395e-01) (5, 4.87021255493164062500e+00) (6, -2.49406039714813232422e-01) (0, -3.07137578725814819336e-01) (1, -1.72735616564750671387e-01) (2, 4.27152067422866821289e-01) (3, -3.69906514883041381836e-01) (4, -4.14149276912212371826e-02) (5, 5.89432430267333984375e+00) (6, -3.68017703294754028320e-01) (0, -3.02186638116836547852e-01) (1, -1.44350364804267883301e-01) (2, 4.02247965335845947266e-01) (3, -2.78661698102951049805e-01) (4, 4.44773305207490921021e-03) (5, 4.79129171371459960938e+00) (6, -2.50254392623901367188e-01) (0, 1.50000000000000000000e+03) (1, 1.50000000000000000000e+03) (2, 1.50000000000000000000e+03) (3, 1.50000000000000000000e+03) (4, 1.50000000000000000000e+03) (5, 1.50000000000000000000e+03) (6, 2.56528615951538085938e+00) (7, -3.46657276153564453125e-01) (8, 5.05900323390960693359e-01) (9, -1.66219547390937805176e-01) (10, 8.94811451435089111328e-02) (11, -7.41194635629653930664e-02) 
