FANN_FLO_2.1
num_layers=4
learning_rate=0.450000
connection_rate=1.000000
network_type=0
learning_momentum=0.000000
training_algorithm=2
train_error_function=1
train_stop_function=0
cascade_output_change_fraction=0.010000
quickprop_decay=-0.000100
quickprop_mu=1.750000
rprop_increase_factor=1.200000
rprop_decrease_factor=0.500000
rprop_delta_min=0.000000
rprop_delta_max=50.000000
rprop_delta_zero=0.100000
cascade_output_stagnation_epochs=12
cascade_candidate_change_fraction=0.010000
cascade_candidate_stagnation_epochs=12
cascade_max_out_epochs=150
cascade_min_out_epochs=50
cascade_max_cand_epochs=150
cascade_min_cand_epochs=50
cascade_num_candidate_groups=2
bit_fail_limit=3.49999994039535522461e-01
cascade_candidate_limit=1.00000000000000000000e+03
cascade_weight_multiplier=4.00000005960464477539e-01
cascade_activation_functions_count=10
cascade_activation_functions=3 5 7 8 10 11 14 15 16 17 
cascade_activation_steepnesses_count=4
cascade_activation_steepnesses=2.50000000000000000000e-01 5.00000000000000000000e-01 7.50000000000000000000e-01 1.00000000000000000000e+00 
layer_sizes=7 5 5 2 
scale_included=0
neurons (num_inputs, activation_function, activation_steepness)=(0, 0, 0.00000000000000000000e+00) (0, 0, 0.00000000000000000000e+00) (0, 0, 0.00000000000000000000e+00) (0, 0, 0.00000000000000000000e+00) (0, 0, 0.00000000000000000000e+00) (0, 0, 0.00000000000000000000e+00) (0, 0, 0.00000000000000000000e+00) (7, 3, 5.00000000000000000000e-01) (7, 3, 5.00000000000000000000e-01) (7, 3, 5.00000000000000000000e-01) (7, 3, 5.00000000000000000000e-01) (0, 3, 0.00000000000000000000e+00) (5, 3, 5.00000000000000000000e-01) (5, 3, 5.00000000000000000000e-01) (5, 3, 5.00000000000000000000e-01) (5, 3, 5.00000000000000000000e-01) (0, 3, 0.00000000000000000000e+00) (5, 0, 5.00000000000000000000e-01) (0, 0, 0.00000000000000000000e+00) 
connections (connected_to_neuron, weight)=(0, -1.05183802545070648193e-01) (1, 1.23644657433032989502e-01) (2, 8.90838205814361572266e-02) (3, 6.92744273692369461060e-03) (4, -1.31440326571464538574e-01) (5, 2.76934862136840820312e-01) (6, 4.68260002136230468750e+00) (0, -1.24709360301494598389e-01) (1, 2.82726466655731201172e-01) (2, 1.57211959362030029297e-01) (3, -2.68070816993713378906e-01) (4, 1.29034221172332763672e-01) (5, 2.94331878423690795898e-01) (6, 4.74872303009033203125e+00) (0, -2.42972403764724731445e-01) (1, 1.81996360421180725098e-01) (2, -1.64746358990669250488e-01) (3, -3.05411480367183685303e-02) (4, 1.28433868288993835449e-01) (5, -2.41794928908348083496e-01) (6, 7.73662424087524414062e+00) (0, -1.02267898619174957275e-01) (1, 4.25209105014801025391e-02) (2, 3.94897431135177612305e-01) (3, -1.78896293044090270996e-01) (4, -9.85485985875129699707e-02) (5, 5.60954391956329345703e-01) (6, 3.34413170814514160156e-01) (7, -5.41658496856689453125e+00) (8, -5.41700935363769531250e+00) (9, -8.35210704803466796875e+00) (10, -1.47009820938110351562e+01) (11, -5.31475639343261718750e+00) (7, -7.30749189853668212891e-01) (8, -6.99916660785675048828e-01) (9, -8.89367580413818359375e-01) (10, -1.88649046421051025391e+00) (11, -6.90276205539703369141e-01) (7, 3.82491528987884521484e-01) (8, 3.57670307159423828125e-01) (9, 4.10044163465499877930e-01) (10, 4.42675709724426269531e-01) (11, 3.66340070962905883789e-01) (7, 2.55360931158065795898e-01) (8, 2.65623867511749267578e-01) (9, 3.26531797647476196289e-01) (10, 4.51629459857940673828e-01) (11, 2.11139783263206481934e-01) (12, 8.96903915405273437500e+01) (13, 8.89840722084045410156e-02) (14, -6.86294436454772949219e-02) (15, -3.34975756704807281494e-02) (16, 9.04093161225318908691e-02) 
