FANN_FLO_2.1
num_layers=3
learning_rate=0.500000
connection_rate=1.000000
network_type=0
learning_momentum=0.000000
training_algorithm=2
train_error_function=1
train_stop_function=0
cascade_output_change_fraction=0.010000
quickprop_decay=-0.000100
quickprop_mu=1.750000
rprop_increase_factor=1.200000
rprop_decrease_factor=0.500000
rprop_delta_min=0.000000
rprop_delta_max=50.000000
rprop_delta_zero=0.100000
cascade_output_stagnation_epochs=12
cascade_candidate_change_fraction=0.010000
cascade_candidate_stagnation_epochs=12
cascade_max_out_epochs=150
cascade_min_out_epochs=50
cascade_max_cand_epochs=150
cascade_min_cand_epochs=50
cascade_num_candidate_groups=2
bit_fail_limit=3.49999994039535522461e-01
cascade_candidate_limit=1.00000000000000000000e+03
cascade_weight_multiplier=4.00000005960464477539e-01
cascade_activation_functions_count=10
cascade_activation_functions=3 5 7 8 10 11 14 15 16 17 
cascade_activation_steepnesses_count=4
cascade_activation_steepnesses=2.50000000000000000000e-01 5.00000000000000000000e-01 7.50000000000000000000e-01 1.00000000000000000000e+00 
layer_sizes=7 5 2 
scale_included=0
neurons (num_inputs, activation_function, activation_steepness)=(0, 0, 0.00000000000000000000e+00) (0, 0, 0.00000000000000000000e+00) (0, 0, 0.00000000000000000000e+00) (0, 0, 0.00000000000000000000e+00) (0, 0, 0.00000000000000000000e+00) (0, 0, 0.00000000000000000000e+00) (0, 0, 0.00000000000000000000e+00) (7, 3, 5.00000000000000000000e-01) (7, 3, 5.00000000000000000000e-01) (7, 3, 5.00000000000000000000e-01) (7, 3, 5.00000000000000000000e-01) (0, 3, 0.00000000000000000000e+00) (5, 0, 5.00000000000000000000e-01) (0, 0, 0.00000000000000000000e+00) 
connections (connected_to_neuron, weight)=(0, -5.71400833129882812500e+00) (1, 1.50000000000000000000e+03) (2, -5.22125976562500000000e+02) (3, -6.95344805717468261719e-01) (4, -1.63997039794921875000e+02) (5, -5.77407348632812500000e+02) (6, -4.17411953210830688477e-01) (0, 4.90058809518814086914e-02) (1, -2.80643235892057418823e-02) (2, -1.45976626873016357422e+00) (3, -5.13107120990753173828e-01) (4, 1.66913461685180664062e+00) (5, 4.09899018704891204834e-02) (6, 4.93868970870971679688e+00) (0, -7.27547883987426757812e-01) (1, 6.13058996200561523438e+00) (2, -1.31811914443969726562e+01) (3, -1.15989911556243896484e+00) (4, 7.88276076316833496094e-01) (5, 6.15943374633789062500e+01) (6, -6.80358111858367919922e-01) (0, 3.13303573057055473328e-03) (1, 1.01563215255737304688e-01) (2, 8.01877140998840332031e-01) (3, -2.12092563509941101074e-01) (4, -3.56425255537033081055e-01) (5, -1.58578410744667053223e-01) (6, -4.58080148696899414062e+00) (7, 1.87740121036767959595e-02) (8, -8.07973966002464294434e-02) (9, 1.43261300399899482727e-03) (10, -9.64073613286018371582e-02) (11, 7.43899717926979064941e-02) 
