FANN_FLO_2.1
num_layers=3
learning_rate=0.500000
connection_rate=1.000000
network_type=0
learning_momentum=0.000000
training_algorithm=2
train_error_function=1
train_stop_function=0
cascade_output_change_fraction=0.010000
quickprop_decay=-0.000100
quickprop_mu=1.750000
rprop_increase_factor=1.200000
rprop_decrease_factor=0.500000
rprop_delta_min=0.000000
rprop_delta_max=50.000000
rprop_delta_zero=0.100000
cascade_output_stagnation_epochs=12
cascade_candidate_change_fraction=0.010000
cascade_candidate_stagnation_epochs=12
cascade_max_out_epochs=150
cascade_min_out_epochs=50
cascade_max_cand_epochs=150
cascade_min_cand_epochs=50
cascade_num_candidate_groups=2
bit_fail_limit=3.49999994039535522461e-01
cascade_candidate_limit=1.00000000000000000000e+03
cascade_weight_multiplier=4.00000005960464477539e-01
cascade_activation_functions_count=10
cascade_activation_functions=3 5 7 8 10 11 14 15 16 17 
cascade_activation_steepnesses_count=4
cascade_activation_steepnesses=2.50000000000000000000e-01 5.00000000000000000000e-01 7.50000000000000000000e-01 1.00000000000000000000e+00 
layer_sizes=3 5 4 
scale_included=0
neurons (num_inputs, activation_function, activation_steepness)=(0, 0, 0.00000000000000000000e+00) (0, 0, 0.00000000000000000000e+00) (0, 0, 0.00000000000000000000e+00) (3, 3, 5.00000000000000000000e-01) (3, 3, 5.00000000000000000000e-01) (3, 3, 5.00000000000000000000e-01) (3, 3, 5.00000000000000000000e-01) (0, 3, 0.00000000000000000000e+00) (5, 0, 5.00000000000000000000e-01) (5, 0, 5.00000000000000000000e-01) (5, 0, 5.00000000000000000000e-01) (0, 0, 0.00000000000000000000e+00) 
connections (connected_to_neuron, weight)=(0, -2.45571875572204589844e+00) (1, -7.13284730911254882812e-01) (2, 9.16494429111480712891e-01) (0, -1.31811017990112304688e+01) (1, 1.43105401992797851562e+01) (2, 1.00722637176513671875e+01) (0, -3.35030841827392578125e+00) (1, 2.14338207244873046875e+00) (2, 3.48919838666915893555e-01) (0, -2.44251871109008789062e+00) (1, -3.72643160820007324219e+00) (2, 6.97180390357971191406e-01) (3, 2.98340106010437011719e+00) (4, 3.56100648641586303711e-01) (5, 3.50002503395080566406e+00) (6, 2.77521991729736328125e+00) (7, 1.08774209022521972656e+00) (3, 1.00225973129272460938e+01) (4, 3.76777458190917968750e+00) (5, 7.91808080673217773438e+00) (6, 6.91166639328002929688e+00) (7, 4.35390901565551757812e+00) (3, 3.29361610412597656250e+01) (4, 1.46792268753051757812e+01) (5, 2.29977798461914062500e+01) (6, 2.16278419494628906250e+01) (7, 1.79466266632080078125e+01) 
