FANN_FLO_2.1
num_layers=4
learning_rate=0.450000
connection_rate=1.000000
network_type=0
learning_momentum=0.000000
training_algorithm=2
train_error_function=1
train_stop_function=0
cascade_output_change_fraction=0.010000
quickprop_decay=-0.000100
quickprop_mu=1.750000
rprop_increase_factor=1.200000
rprop_decrease_factor=0.500000
rprop_delta_min=0.000000
rprop_delta_max=50.000000
rprop_delta_zero=0.100000
cascade_output_stagnation_epochs=12
cascade_candidate_change_fraction=0.010000
cascade_candidate_stagnation_epochs=12
cascade_max_out_epochs=150
cascade_min_out_epochs=50
cascade_max_cand_epochs=150
cascade_min_cand_epochs=50
cascade_num_candidate_groups=2
bit_fail_limit=3.49999994039535522461e-01
cascade_candidate_limit=1.00000000000000000000e+03
cascade_weight_multiplier=4.00000005960464477539e-01
cascade_activation_functions_count=10
cascade_activation_functions=3 5 7 8 10 11 14 15 16 17 
cascade_activation_steepnesses_count=4
cascade_activation_steepnesses=2.50000000000000000000e-01 5.00000000000000000000e-01 7.50000000000000000000e-01 1.00000000000000000000e+00 
layer_sizes=7 5 5 2 
scale_included=0
neurons (num_inputs, activation_function, activation_steepness)=(0, 0, 0.00000000000000000000e+00) (0, 0, 0.00000000000000000000e+00) (0, 0, 0.00000000000000000000e+00) (0, 0, 0.00000000000000000000e+00) (0, 0, 0.00000000000000000000e+00) (0, 0, 0.00000000000000000000e+00) (0, 0, 0.00000000000000000000e+00) (7, 3, 5.00000000000000000000e-01) (7, 3, 5.00000000000000000000e-01) (7, 3, 5.00000000000000000000e-01) (7, 3, 5.00000000000000000000e-01) (0, 3, 0.00000000000000000000e+00) (5, 3, 5.00000000000000000000e-01) (5, 3, 5.00000000000000000000e-01) (5, 3, 5.00000000000000000000e-01) (5, 3, 5.00000000000000000000e-01) (0, 3, 0.00000000000000000000e+00) (5, 0, 5.00000000000000000000e-01) (0, 0, 0.00000000000000000000e+00) 
connections (connected_to_neuron, weight)=(0, -3.06885375976562500000e+02) (1, -2.76215484619140625000e+02) (2, 6.83697967529296875000e+01) (3, 4.86969604492187500000e+01) (4, -1.92005634307861328125e+01) (5, -8.86338012695312500000e+02) (6, 6.81194365024566650391e-01) (0, -1.23983642578125000000e+02) (1, -3.85754704475402832031e-01) (2, -1.41869592285156250000e+03) (3, -1.32814288139343261719e+00) (4, 3.92940074205398559570e-01) (5, 1.26862292480468750000e+03) (6, 1.04295263290405273438e+01) (0, 6.91333694458007812500e+01) (1, 3.52153854370117187500e+01) (2, 8.24804138183593750000e+02) (3, -3.40024232864379882812e+00) (4, -7.00112152099609375000e+00) (5, 3.85674774169921875000e+02) (6, 2.27401423454284667969e+00) (0, 4.02387864887714385986e-02) (1, 4.09900099039077758789e-01) (2, -3.89810889959335327148e-01) (3, -3.26095402240753173828e-01) (4, -5.36489188671112060547e-01) (5, 1.10100734233856201172e+00) (6, 4.12325525283813476562e+00) (7, 1.50000000000000000000e+03) (8, 2.04916038513183593750e+01) (9, 1.49280346679687500000e+03) (10, 2.80979217529296875000e+02) (11, -3.69535833597183227539e-01) (7, 1.50000000000000000000e+03) (8, 2.06411094665527343750e+01) (9, 1.49280346679687500000e+03) (10, 3.49695617675781250000e+02) (11, -5.48196554183959960938e-01) (7, 1.50000000000000000000e+03) (8, -4.75100421905517578125e+00) (9, 1.24314916992187500000e+03) (10, -1.23698962402343750000e+03) (11, -2.52649521827697753906e+00) (7, 1.50000000000000000000e+03) (8, -2.13339653015136718750e+01) (9, 1.24316369628906250000e+03) (10, -2.25214920043945312500e+02) (11, -2.06015482544898986816e-01) (12, -4.52689379453659057617e-02) (13, -4.84150424599647521973e-02) (14, 1.34188430383801460266e-02) (15, 1.04213133454322814941e-01) (16, -1.03748431429266929626e-02) 
