FANN_FLO_2.1
num_layers=3
learning_rate=0.300000
connection_rate=1.000000
network_type=0
learning_momentum=0.000000
training_algorithm=2
train_error_function=1
train_stop_function=0
cascade_output_change_fraction=0.010000
quickprop_decay=-0.000100
quickprop_mu=1.750000
rprop_increase_factor=1.200000
rprop_decrease_factor=0.500000
rprop_delta_min=0.000000
rprop_delta_max=50.000000
rprop_delta_zero=0.100000
cascade_output_stagnation_epochs=12
cascade_candidate_change_fraction=0.010000
cascade_candidate_stagnation_epochs=12
cascade_max_out_epochs=150
cascade_min_out_epochs=50
cascade_max_cand_epochs=150
cascade_min_cand_epochs=50
cascade_num_candidate_groups=2
bit_fail_limit=3.49999994039535522461e-01
cascade_candidate_limit=1.00000000000000000000e+03
cascade_weight_multiplier=4.00000005960464477539e-01
cascade_activation_functions_count=10
cascade_activation_functions=3 5 7 8 10 11 14 15 16 17 
cascade_activation_steepnesses_count=4
cascade_activation_steepnesses=2.50000000000000000000e-01 5.00000000000000000000e-01 7.50000000000000000000e-01 1.00000000000000000000e+00 
layer_sizes=4 9 2 
scale_included=0
neurons (num_inputs, activation_function, activation_steepness)=(0, 0, 0.00000000000000000000e+00) (0, 0, 0.00000000000000000000e+00) (0, 0, 0.00000000000000000000e+00) (0, 0, 0.00000000000000000000e+00) (4, 3, 5.00000000000000000000e-01) (4, 3, 5.00000000000000000000e-01) (4, 3, 5.00000000000000000000e-01) (4, 3, 5.00000000000000000000e-01) (4, 3, 5.00000000000000000000e-01) (4, 3, 5.00000000000000000000e-01) (4, 3, 5.00000000000000000000e-01) (4, 3, 5.00000000000000000000e-01) (0, 3, 0.00000000000000000000e+00) (9, 3, 5.00000000000000000000e-01) (0, 3, 0.00000000000000000000e+00) 
connections (connected_to_neuron, weight)=(0, -2.27581843733787536621e-01) (1, 7.34559595584869384766e-01) (2, -9.49676704406738281250e+00) (3, 8.67323637008666992188e-01) (0, -1.59410312771797180176e-01) (1, 2.92966682463884353638e-02) (2, -2.64838367700576782227e-01) (3, 3.38697671890258789062e+00) (0, -7.10171759128570556641e-01) (1, 1.20837867259979248047e+00) (2, -5.53285169601440429688e+00) (3, 4.12336409091949462891e-01) (0, -1.92453652620315551758e-01) (1, 1.18899035453796386719e+00) (2, -9.23776245117187500000e+00) (3, 2.58633923530578613281e+00) (0, 1.50000000000000000000e+03) (1, 1.49999816894531250000e+03) (2, 1.50000000000000000000e+03) (3, 3.08047294616699218750e-01) (0, -2.30607852935791015625e+01) (1, 2.23594665527343750000e-01) (2, 5.08861541748046875000e+00) (3, 8.42181324958801269531e-01) (0, 1.50000000000000000000e+03) (1, 1.49999816894531250000e+03) (2, 1.50000000000000000000e+03) (3, 6.26938879489898681641e-01) (0, 1.09801149368286132812e+00) (1, 8.66310417652130126953e-01) (2, -7.80568790435791015625e+00) (3, -4.26408958435058593750e+00) (4, -3.45335096120834350586e-01) (5, -4.80195379257202148438e+00) (6, -4.56135392189025878906e-01) (7, -1.58063322305679321289e-01) (8, 2.93996870517730712891e-01) (9, -1.50000000000000000000e+03) (10, 2.43121415376663208008e-01) (11, 2.78982549905776977539e-01) (12, 3.12937498092651367188e-01) 
