FANN_FLO_2.1
num_layers=4
learning_rate=0.500000
connection_rate=1.000000
network_type=0
learning_momentum=0.000000
training_algorithm=2
train_error_function=1
train_stop_function=0
cascade_output_change_fraction=0.010000
quickprop_decay=-0.000100
quickprop_mu=1.750000
rprop_increase_factor=1.200000
rprop_decrease_factor=0.500000
rprop_delta_min=0.000000
rprop_delta_max=50.000000
rprop_delta_zero=0.100000
cascade_output_stagnation_epochs=12
cascade_candidate_change_fraction=0.010000
cascade_candidate_stagnation_epochs=12
cascade_max_out_epochs=150
cascade_min_out_epochs=50
cascade_max_cand_epochs=150
cascade_min_cand_epochs=50
cascade_num_candidate_groups=2
bit_fail_limit=3.49999994039535522461e-01
cascade_candidate_limit=1.00000000000000000000e+03
cascade_weight_multiplier=4.00000005960464477539e-01
cascade_activation_functions_count=10
cascade_activation_functions=3 5 7 8 10 11 14 15 16 17 
cascade_activation_steepnesses_count=4
cascade_activation_steepnesses=2.50000000000000000000e-01 5.00000000000000000000e-01 7.50000000000000000000e-01 1.00000000000000000000e+00 
layer_sizes=4 5 3 2 
scale_included=0
neurons (num_inputs, activation_function, activation_steepness)=(0, 0, 0.00000000000000000000e+00) (0, 0, 0.00000000000000000000e+00) (0, 0, 0.00000000000000000000e+00) (0, 0, 0.00000000000000000000e+00) (4, 3, 5.00000000000000000000e-01) (4, 3, 5.00000000000000000000e-01) (4, 3, 5.00000000000000000000e-01) (4, 3, 5.00000000000000000000e-01) (0, 3, 0.00000000000000000000e+00) (5, 3, 5.00000000000000000000e-01) (5, 3, 5.00000000000000000000e-01) (0, 3, 0.00000000000000000000e+00) (3, 3, 5.00000000000000000000e-01) (0, 3, 0.00000000000000000000e+00) 
connections (connected_to_neuron, weight)=(0, -4.19312191009521484375e+00) (1, 1.81608438491821289062e-01) (2, -1.24508500099182128906e+00) (3, 1.36691308021545410156e+00) (0, -3.59686493873596191406e+00) (1, -1.14968309402465820312e+01) (2, 4.46327924728393554688e+00) (3, 3.50310277938842773438e+00) (0, -5.03437948226928710938e+00) (1, 1.28235352039337158203e+00) (2, -9.31433677673339843750e-01) (3, 1.42514729499816894531e+00) (0, -3.72919535636901855469e+00) (1, 2.57323026657104492188e+00) (2, -4.84357929229736328125e+00) (3, 1.35016739368438720703e+00) (4, -3.21608757972717285156e+00) (5, -3.42220950126647949219e+00) (6, -3.41171598434448242188e+00) (7, -2.01502609252929687500e+00) (8, 4.23282533884048461914e-01) (4, 1.04335765838623046875e+01) (5, 1.47992639541625976562e+01) (6, 1.10687971115112304688e+01) (7, 3.00345611572265625000e+01) (8, -1.01449985504150390625e+01) (9, -1.16190707683563232422e+00) (10, -5.02028799057006835938e+00) (11, 2.80317378044128417969e+00) 
