FANN_FLO_2.1
num_layers=3
learning_rate=0.500000
connection_rate=1.000000
network_type=0
learning_momentum=0.000000
training_algorithm=2
train_error_function=1
train_stop_function=0
cascade_output_change_fraction=0.010000
quickprop_decay=-0.000100
quickprop_mu=1.750000
rprop_increase_factor=1.200000
rprop_decrease_factor=0.500000
rprop_delta_min=0.000000
rprop_delta_max=50.000000
rprop_delta_zero=0.100000
cascade_output_stagnation_epochs=12
cascade_candidate_change_fraction=0.010000
cascade_candidate_stagnation_epochs=12
cascade_max_out_epochs=150
cascade_min_out_epochs=50
cascade_max_cand_epochs=150
cascade_min_cand_epochs=50
cascade_num_candidate_groups=2
bit_fail_limit=3.49999994039535522461e-01
cascade_candidate_limit=1.00000000000000000000e+03
cascade_weight_multiplier=4.00000005960464477539e-01
cascade_activation_functions_count=10
cascade_activation_functions=3 5 7 8 10 11 14 15 16 17 
cascade_activation_steepnesses_count=4
cascade_activation_steepnesses=2.50000000000000000000e-01 5.00000000000000000000e-01 7.50000000000000000000e-01 1.00000000000000000000e+00 
layer_sizes=18 3 2 
scale_included=0
neurons (num_inputs, activation_function, activation_steepness)=(0, 0, 0.00000000000000000000e+00) (0, 0, 0.00000000000000000000e+00) (0, 0, 0.00000000000000000000e+00) (0, 0, 0.00000000000000000000e+00) (0, 0, 0.00000000000000000000e+00) (0, 0, 0.00000000000000000000e+00) (0, 0, 0.00000000000000000000e+00) (0, 0, 0.00000000000000000000e+00) (0, 0, 0.00000000000000000000e+00) (0, 0, 0.00000000000000000000e+00) (0, 0, 0.00000000000000000000e+00) (0, 0, 0.00000000000000000000e+00) (0, 0, 0.00000000000000000000e+00) (0, 0, 0.00000000000000000000e+00) (0, 0, 0.00000000000000000000e+00) (0, 0, 0.00000000000000000000e+00) (0, 0, 0.00000000000000000000e+00) (0, 0, 0.00000000000000000000e+00) (18, 3, 5.00000000000000000000e-01) (18, 3, 5.00000000000000000000e-01) (0, 3, 0.00000000000000000000e+00) (3, 0, 5.00000000000000000000e-01) (0, 0, 0.00000000000000000000e+00) 
connections (connected_to_neuron, weight)=(0, 1.82437686920166015625e+01) (1, 3.92359352111816406250e+01) (2, 1.16250429153442382812e+01) (3, 1.30043468475341796875e+01) (4, 1.03301258087158203125e+01) (5, -2.12109112739562988281e+00) (6, -1.12947006225585937500e+02) (7, -2.96400756835937500000e+01) (8, -5.02633666992187500000e+01) (9, 3.87689697265625000000e+02) (10, 6.61362218856811523438e+00) (11, 2.45233573913574218750e+01) (12, 3.55654083251953125000e+02) (13, 1.15806655883789062500e+01) (14, 3.93290252685546875000e+01) (15, 2.68002891540527343750e+01) (16, 2.69150753021240234375e+01) (17, -1.14712173461914062500e+02) (0, 1.11439251899719238281e+00) (1, 1.02767539024353027344e+00) (2, 1.16087198257446289062e+00) (3, 1.10233855247497558594e+00) (4, 1.03136706352233886719e+00) (5, -9.70467984676361083984e-01) (6, -1.15499341487884521484e+00) (7, -1.04139411449432373047e+00) (8, 6.84185400605201721191e-02) (9, 8.08437049388885498047e-01) (10, 1.34299933910369873047e+00) (11, 1.09772539138793945312e+00) (12, 1.18364548683166503906e+00) (13, 9.50717985630035400391e-01) (14, 1.11828529834747314453e+00) (15, 1.15452098846435546875e+00) (16, 1.02379107475280761719e+00) (17, -4.60233259201049804688e+00) (18, 2.25578713417053222656e+00) (19, 9.04902172088623046875e+00) (20, 1.55243122577667236328e+00) 
