FANN_FLO_2.1
num_layers=3
learning_rate=0.500000
connection_rate=1.000000
network_type=0
learning_momentum=0.000000
training_algorithm=2
train_error_function=1
train_stop_function=0
cascade_output_change_fraction=0.010000
quickprop_decay=-0.000100
quickprop_mu=1.750000
rprop_increase_factor=1.200000
rprop_decrease_factor=0.500000
rprop_delta_min=0.000000
rprop_delta_max=50.000000
rprop_delta_zero=0.100000
cascade_output_stagnation_epochs=12
cascade_candidate_change_fraction=0.010000
cascade_candidate_stagnation_epochs=12
cascade_max_out_epochs=150
cascade_min_out_epochs=50
cascade_max_cand_epochs=150
cascade_min_cand_epochs=50
cascade_num_candidate_groups=2
bit_fail_limit=3.49999994039535522461e-01
cascade_candidate_limit=1.00000000000000000000e+03
cascade_weight_multiplier=4.00000005960464477539e-01
cascade_activation_functions_count=10
cascade_activation_functions=3 5 7 8 10 11 14 15 16 17 
cascade_activation_steepnesses_count=4
cascade_activation_steepnesses=2.50000000000000000000e-01 5.00000000000000000000e-01 7.50000000000000000000e-01 1.00000000000000000000e+00 
layer_sizes=7 9 2 
scale_included=0
neurons (num_inputs, activation_function, activation_steepness)=(0, 0, 0.00000000000000000000e+00) (0, 0, 0.00000000000000000000e+00) (0, 0, 0.00000000000000000000e+00) (0, 0, 0.00000000000000000000e+00) (0, 0, 0.00000000000000000000e+00) (0, 0, 0.00000000000000000000e+00) (0, 0, 0.00000000000000000000e+00) (7, 3, 5.00000000000000000000e-01) (7, 3, 5.00000000000000000000e-01) (7, 3, 5.00000000000000000000e-01) (7, 3, 5.00000000000000000000e-01) (7, 3, 5.00000000000000000000e-01) (7, 3, 5.00000000000000000000e-01) (7, 3, 5.00000000000000000000e-01) (7, 3, 5.00000000000000000000e-01) (0, 3, 0.00000000000000000000e+00) (9, 0, 5.00000000000000000000e-01) (0, 0, 0.00000000000000000000e+00) 
connections (connected_to_neuron, weight)=(0, -7.56406188011169433594e-01) (1, -2.27631855010986328125e+00) (2, 3.87736845016479492188e+00) (3, -5.28295612335205078125e+00) (4, -1.07486391067504882812e+01) (5, 1.31233654022216796875e+01) (6, -4.96484220027923583984e-01) (0, -1.62578865885734558105e-01) (1, -8.53110432624816894531e-01) (2, -4.35625374317169189453e-01) (3, 3.19689400494098663330e-02) (4, 9.49401080608367919922e-01) (5, 1.92436203360557556152e-01) (6, 2.81248125247657299042e-03) (0, -2.24588587880134582520e-02) (1, 1.57809600234031677246e-01) (2, 1.12072205543518066406e+00) (3, -2.93732732534408569336e-01) (4, -6.15292310714721679688e-01) (5, -2.69202619791030883789e-01) (6, -7.26746737957000732422e-01) (0, -1.32619786262512207031e+00) (1, -7.20158994197845458984e-01) (2, 4.27693414688110351562e+00) (3, -1.51691460609436035156e+00) (4, -5.49337053298950195312e+00) (5, -1.62742233276367187500e+01) (6, -9.97043490409851074219e-01) (0, 2.37496659159660339355e-01) (1, 1.40485092997550964355e-01) (2, -2.77356777191162109375e+01) (3, -1.64780560880899429321e-02) (4, -2.07749772071838378906e+00) (5, -7.72186994552612304688e+00) (6, 1.00110612809658050537e-01) (0, -6.38350397348403930664e-02) (1, 4.08072292804718017578e-01) (2, -3.33613276481628417969e-01) (3, -1.45453318953514099121e-01) (4, 3.98467928171157836914e-01) (5, -1.59456118941307067871e-01) (6, 1.81096744537353515625e+00) (0, -1.45135200023651123047e+00) (1, -1.14575743675231933594e+00) (2, 5.09495258331298828125e+00) (3, -4.13916587829589843750e+00) (4, -7.02153110504150390625e+00) (5, -1.20460720062255859375e+01) (6, -9.52795147895812988281e-01) (0, -1.58315253257751464844e+00) (1, -3.93065619468688964844e+00) (2, 6.74331188201904296875e+00) (3, -2.54825878143310546875e+00) (4, -1.16995153427124023438e+01) (5, -7.22031736373901367188e+00) (6, -1.35160744190216064453e+00) (7, 1.21091491699218750000e+03) (8, -5.54698258638381958008e-02) (9, -1.09060131013393402100e-01) (10, 3.96320648193359375000e+02) (11, 9.08953285217285156250e+00) (12, -2.34126284718513488770e-01) (13, 2.22270861268043518066e-01) (14, -5.58323364257812500000e+02) (15, 2.77122408151626586914e-01) 
