FANN_FLO_2.1
num_layers=4
learning_rate=0.300000
connection_rate=1.000000
network_type=0
learning_momentum=0.000000
training_algorithm=2
train_error_function=1
train_stop_function=0
cascade_output_change_fraction=0.010000
quickprop_decay=-0.000100
quickprop_mu=1.750000
rprop_increase_factor=1.200000
rprop_decrease_factor=0.500000
rprop_delta_min=0.000000
rprop_delta_max=50.000000
rprop_delta_zero=0.100000
cascade_output_stagnation_epochs=12
cascade_candidate_change_fraction=0.010000
cascade_candidate_stagnation_epochs=12
cascade_max_out_epochs=150
cascade_min_out_epochs=50
cascade_max_cand_epochs=150
cascade_min_cand_epochs=50
cascade_num_candidate_groups=2
bit_fail_limit=3.49999994039535522461e-01
cascade_candidate_limit=1.00000000000000000000e+03
cascade_weight_multiplier=4.00000005960464477539e-01
cascade_activation_functions_count=10
cascade_activation_functions=3 5 7 8 10 11 14 15 16 17 
cascade_activation_steepnesses_count=4
cascade_activation_steepnesses=2.50000000000000000000e-01 5.00000000000000000000e-01 7.50000000000000000000e-01 1.00000000000000000000e+00 
layer_sizes=2 5 5 3 
scale_included=0
neurons (num_inputs, activation_function, activation_steepness)=(0, 0, 0.00000000000000000000e+00) (0, 0, 0.00000000000000000000e+00) (2, 3, 5.00000000000000000000e-01) (2, 3, 5.00000000000000000000e-01) (2, 3, 5.00000000000000000000e-01) (2, 3, 5.00000000000000000000e-01) (0, 3, 0.00000000000000000000e+00) (5, 3, 5.00000000000000000000e-01) (5, 3, 5.00000000000000000000e-01) (5, 3, 5.00000000000000000000e-01) (5, 3, 5.00000000000000000000e-01) (0, 3, 0.00000000000000000000e+00) (5, 0, 5.00000000000000000000e-01) (5, 0, 5.00000000000000000000e-01) (0, 0, 0.00000000000000000000e+00) 
connections (connected_to_neuron, weight)=(0, -1.12993835449218750000e+02) (1, -8.41341137886047363281e-01) (0, -1.54571228027343750000e+02) (1, -7.88619995117187500000e-01) (0, -8.40192184448242187500e+01) (1, -8.82370948791503906250e-01) (0, -8.54924240112304687500e+01) (1, -8.95652711391448974609e-01) (2, 4.04847681522369384766e-01) (3, 1.43290472030639648438e+01) (4, 8.40155184268951416016e-01) (5, 9.32224333286285400391e-01) (6, -5.94138240814208984375e+00) (2, 4.25118625164031982422e-01) (3, 5.95278549194335937500e+00) (4, 7.09873318672180175781e-01) (5, 6.40840947628021240234e-01) (6, -2.22163844108581542969e+00) (2, 3.48719120025634765625e-01) (3, 6.68324184417724609375e+00) (4, 7.70269513130187988281e-01) (5, 7.72416114807128906250e-01) (6, -1.38021600246429443359e+00) (2, 5.45163452625274658203e-01) (3, 7.32896041870117187500e+00) (4, 9.28624749183654785156e-01) (5, 8.53827238082885742188e-01) (6, -1.90726447105407714844e+00) (7, 7.23953247070312500000e-02) (8, 2.38695472478866577148e-01) (9, -4.62226048111915588379e-02) (10, -6.46097511053085327148e-02) (11, -2.08560287952423095703e-01) (7, -6.85348689556121826172e-01) (8, -2.39074170589447021484e-01) (9, -4.89916563034057617188e-01) (10, -5.49808502197265625000e-01) (11, -1.65167182683944702148e-01) 
