FANN_FLO_2.1
num_layers=3
learning_rate=0.500000
connection_rate=1.000000
network_type=0
learning_momentum=0.000000
training_algorithm=2
train_error_function=1
train_stop_function=0
cascade_output_change_fraction=0.010000
quickprop_decay=-0.000100
quickprop_mu=1.750000
rprop_increase_factor=1.200000
rprop_decrease_factor=0.500000
rprop_delta_min=0.000000
rprop_delta_max=50.000000
rprop_delta_zero=0.100000
cascade_output_stagnation_epochs=12
cascade_candidate_change_fraction=0.010000
cascade_candidate_stagnation_epochs=12
cascade_max_out_epochs=150
cascade_min_out_epochs=50
cascade_max_cand_epochs=150
cascade_min_cand_epochs=50
cascade_num_candidate_groups=2
bit_fail_limit=3.49999994039535522461e-01
cascade_candidate_limit=1.00000000000000000000e+03
cascade_weight_multiplier=4.00000005960464477539e-01
cascade_activation_functions_count=10
cascade_activation_functions=3 5 7 8 10 11 14 15 16 17 
cascade_activation_steepnesses_count=4
cascade_activation_steepnesses=2.50000000000000000000e-01 5.00000000000000000000e-01 7.50000000000000000000e-01 1.00000000000000000000e+00 
layer_sizes=3 5 4 
scale_included=0
neurons (num_inputs, activation_function, activation_steepness)=(0, 0, 0.00000000000000000000e+00) (0, 0, 0.00000000000000000000e+00) (0, 0, 0.00000000000000000000e+00) (3, 3, 5.00000000000000000000e-01) (3, 3, 5.00000000000000000000e-01) (3, 3, 5.00000000000000000000e-01) (3, 3, 5.00000000000000000000e-01) (0, 3, 0.00000000000000000000e+00) (5, 0, 5.00000000000000000000e-01) (5, 0, 5.00000000000000000000e-01) (5, 0, 5.00000000000000000000e-01) (0, 0, 0.00000000000000000000e+00) 
connections (connected_to_neuron, weight)=(0, -1.18861427307128906250e+02) (1, 2.50379447937011718750e+01) (2, 4.92638359069824218750e+01) (0, -1.50000000000000000000e+03) (1, -9.36487579345703125000e+01) (2, 2.17102859497070312500e+02) (0, -2.20441684722900390625e+01) (1, 1.34628171920776367188e+01) (2, 1.78819751739501953125e+01) (0, -1.50000000000000000000e+03) (1, -1.30121447753906250000e+03) (2, -4.36095905303955078125e+00) (3, 1.38003087043762207031e+00) (4, 2.61734890937805175781e+00) (5, 1.68266534805297851562e+00) (6, 2.25570440292358398438e+00) (7, 1.78189229965209960938e+00) (3, 4.72721195220947265625e+00) (4, 6.66880083084106445312e+00) (5, 6.05282211303710937500e+00) (6, 5.55464839935302734375e+00) (7, 6.74497270584106445312e+00) (3, 1.56059856414794921875e+01) (4, 1.94827575683593750000e+01) (5, 1.86564006805419921875e+01) (6, 1.74718151092529296875e+01) (7, 2.81400566101074218750e+01) 
