FANN_FLO_2.1
num_layers=4
learning_rate=0.300000
connection_rate=1.000000
network_type=0
learning_momentum=0.000000
training_algorithm=2
train_error_function=1
train_stop_function=0
cascade_output_change_fraction=0.010000
quickprop_decay=-0.000100
quickprop_mu=1.750000
rprop_increase_factor=1.200000
rprop_decrease_factor=0.500000
rprop_delta_min=0.000000
rprop_delta_max=50.000000
rprop_delta_zero=0.100000
cascade_output_stagnation_epochs=12
cascade_candidate_change_fraction=0.010000
cascade_candidate_stagnation_epochs=12
cascade_max_out_epochs=150
cascade_min_out_epochs=50
cascade_max_cand_epochs=150
cascade_min_cand_epochs=50
cascade_num_candidate_groups=2
bit_fail_limit=3.49999994039535522461e-01
cascade_candidate_limit=1.00000000000000000000e+03
cascade_weight_multiplier=4.00000005960464477539e-01
cascade_activation_functions_count=10
cascade_activation_functions=3 5 7 8 10 11 14 15 16 17 
cascade_activation_steepnesses_count=4
cascade_activation_steepnesses=2.50000000000000000000e-01 5.00000000000000000000e-01 7.50000000000000000000e-01 1.00000000000000000000e+00 
layer_sizes=2 5 5 3 
scale_included=0
neurons (num_inputs, activation_function, activation_steepness)=(0, 0, 0.00000000000000000000e+00) (0, 0, 0.00000000000000000000e+00) (2, 3, 5.00000000000000000000e-01) (2, 3, 5.00000000000000000000e-01) (2, 3, 5.00000000000000000000e-01) (2, 3, 5.00000000000000000000e-01) (0, 3, 0.00000000000000000000e+00) (5, 3, 5.00000000000000000000e-01) (5, 3, 5.00000000000000000000e-01) (5, 3, 5.00000000000000000000e-01) (5, 3, 5.00000000000000000000e-01) (0, 3, 0.00000000000000000000e+00) (5, 0, 5.00000000000000000000e-01) (5, 0, 5.00000000000000000000e-01) (0, 0, 0.00000000000000000000e+00) 
connections (connected_to_neuron, weight)=(0, 1.20042967796325683594e+00) (1, 1.31456065177917480469e+00) (0, 1.34856081008911132812e+00) (1, 1.34306633472442626953e+00) (0, 1.23167860507965087891e+00) (1, 1.28077518939971923828e+00) (0, 1.67924575805664062500e+01) (1, 8.43464255332946777344e-01) (2, -3.40882055461406707764e-02) (3, 4.56749469041824340820e-01) (4, 1.95098116993904113770e-01) (5, -3.21254205703735351562e+00) (6, -4.61144238710403442383e-01) (2, -2.17019170522689819336e-01) (3, -3.12644183635711669922e-01) (4, -2.89408683776855468750e-01) (5, -1.67266607284545898438e+00) (6, -6.38443976640701293945e-02) (2, -4.08913940191268920898e-01) (3, -4.14084911346435546875e-01) (4, -2.86027073860168457031e-01) (5, -2.09907102584838867188e+00) (6, -3.71180176734924316406e-01) (2, 4.06495660543441772461e-01) (3, -2.50836157798767089844e+00) (4, -2.40773129463195800781e+00) (5, -5.49041271209716796875e-01) (6, 7.76592826843261718750e+00) (7, 2.51411050558090209961e-01) (8, 4.59358245134353637695e-02) (9, 1.07836835086345672607e-01) (10, -8.51678028702735900879e-02) (11, -8.12553167343139648438e-02) (7, -8.74220132827758789062e-01) (8, -8.07458698749542236328e-01) (9, -1.77936887741088867188e+00) (10, -3.51083397865295410156e-01) (11, -6.34209692478179931641e-01) 
