FANN_FLO_2.1
num_layers=3
learning_rate=0.400000
connection_rate=1.000000
network_type=0
learning_momentum=0.000000
training_algorithm=2
train_error_function=1
train_stop_function=0
cascade_output_change_fraction=0.010000
quickprop_decay=-0.000100
quickprop_mu=1.750000
rprop_increase_factor=1.200000
rprop_decrease_factor=0.500000
rprop_delta_min=0.000000
rprop_delta_max=50.000000
rprop_delta_zero=0.100000
cascade_output_stagnation_epochs=12
cascade_candidate_change_fraction=0.010000
cascade_candidate_stagnation_epochs=12
cascade_max_out_epochs=150
cascade_min_out_epochs=50
cascade_max_cand_epochs=150
cascade_min_cand_epochs=50
cascade_num_candidate_groups=2
bit_fail_limit=3.49999994039535522461e-01
cascade_candidate_limit=1.00000000000000000000e+03
cascade_weight_multiplier=4.00000005960464477539e-01
cascade_activation_functions_count=10
cascade_activation_functions=3 5 7 8 10 11 14 15 16 17 
cascade_activation_steepnesses_count=4
cascade_activation_steepnesses=2.50000000000000000000e-01 5.00000000000000000000e-01 7.50000000000000000000e-01 1.00000000000000000000e+00 
layer_sizes=6 5 2 
scale_included=0
neurons (num_inputs, activation_function, activation_steepness)=(0, 0, 0.00000000000000000000e+00) (0, 0, 0.00000000000000000000e+00) (0, 0, 0.00000000000000000000e+00) (0, 0, 0.00000000000000000000e+00) (0, 0, 0.00000000000000000000e+00) (0, 0, 0.00000000000000000000e+00) (6, 3, 5.00000000000000000000e-01) (6, 3, 5.00000000000000000000e-01) (6, 3, 5.00000000000000000000e-01) (6, 3, 5.00000000000000000000e-01) (0, 3, 0.00000000000000000000e+00) (5, 0, 5.00000000000000000000e-01) (0, 0, 0.00000000000000000000e+00) 
connections (connected_to_neuron, weight)=(0, -8.82145462036132812500e+01) (1, -9.24842166900634765625e+00) (2, -3.57451260089874267578e-01) (3, -3.36394739151000976562e+00) (4, -1.66483068466186523438e+00) (5, -1.13829779624938964844e+00) (0, -2.91150546073913574219e+00) (1, -2.07837283611297607422e-01) (2, 4.12408262491226196289e-01) (3, -2.14530944824218750000e+00) (4, 5.04497945308685302734e-01) (5, -7.02507197856903076172e-01) (0, -1.41449918746948242188e+01) (1, -1.47293376922607421875e+00) (2, -2.20573961734771728516e-01) (3, -1.58389031887054443359e+00) (4, -1.48060545325279235840e-01) (5, 1.29063427448272705078e-01) (0, -8.86127746582031250000e+02) (1, -4.99350214004516601562e+00) (2, -1.40441164374351501465e-01) (3, -1.63093459606170654297e+00) (4, 2.16384053230285644531e-01) (5, -9.25654470920562744141e-01) (6, 1.56476998329162597656e+00) (7, 4.90049839019775390625e-01) (8, 9.04250502586364746094e-01) (9, 2.71265387535095214844e+00) (10, 4.03912752866744995117e-01) 
