FANN_FLO_2.1
num_layers=3
learning_rate=0.500000
connection_rate=1.000000
network_type=0
learning_momentum=0.000000
training_algorithm=2
train_error_function=1
train_stop_function=0
cascade_output_change_fraction=0.010000
quickprop_decay=-0.000100
quickprop_mu=1.750000
rprop_increase_factor=1.200000
rprop_decrease_factor=0.500000
rprop_delta_min=0.000000
rprop_delta_max=50.000000
rprop_delta_zero=0.100000
cascade_output_stagnation_epochs=12
cascade_candidate_change_fraction=0.010000
cascade_candidate_stagnation_epochs=12
cascade_max_out_epochs=150
cascade_min_out_epochs=50
cascade_max_cand_epochs=150
cascade_min_cand_epochs=50
cascade_num_candidate_groups=2
bit_fail_limit=3.49999994039535522461e-01
cascade_candidate_limit=1.00000000000000000000e+03
cascade_weight_multiplier=4.00000005960464477539e-01
cascade_activation_functions_count=10
cascade_activation_functions=3 5 7 8 10 11 14 15 16 17 
cascade_activation_steepnesses_count=4
cascade_activation_steepnesses=2.50000000000000000000e-01 5.00000000000000000000e-01 7.50000000000000000000e-01 1.00000000000000000000e+00 
layer_sizes=18 3 2 
scale_included=0
neurons (num_inputs, activation_function, activation_steepness)=(0, 0, 0.00000000000000000000e+00) (0, 0, 0.00000000000000000000e+00) (0, 0, 0.00000000000000000000e+00) (0, 0, 0.00000000000000000000e+00) (0, 0, 0.00000000000000000000e+00) (0, 0, 0.00000000000000000000e+00) (0, 0, 0.00000000000000000000e+00) (0, 0, 0.00000000000000000000e+00) (0, 0, 0.00000000000000000000e+00) (0, 0, 0.00000000000000000000e+00) (0, 0, 0.00000000000000000000e+00) (0, 0, 0.00000000000000000000e+00) (0, 0, 0.00000000000000000000e+00) (0, 0, 0.00000000000000000000e+00) (0, 0, 0.00000000000000000000e+00) (0, 0, 0.00000000000000000000e+00) (0, 0, 0.00000000000000000000e+00) (0, 0, 0.00000000000000000000e+00) (18, 3, 5.00000000000000000000e-01) (18, 3, 5.00000000000000000000e-01) (0, 3, 0.00000000000000000000e+00) (3, 0, 5.00000000000000000000e-01) (0, 0, 0.00000000000000000000e+00) 
connections (connected_to_neuron, weight)=(0, 9.26469624042510986328e-01) (1, 1.33983778953552246094e+00) (2, 9.24563705921173095703e-01) (3, 9.50709760189056396484e-01) (4, 7.92326986789703369141e-01) (5, -3.95049154758453369141e-01) (6, -4.64980363845825195312e-01) (7, -7.39386379718780517578e-01) (8, -4.12576556205749511719e-01) (9, 1.09794759750366210938e+00) (10, 8.59437167644500732422e-01) (11, 8.93402755260467529297e-01) (12, 7.91359424591064453125e-01) (13, 8.65927815437316894531e-01) (14, 7.70235836505889892578e-01) (15, 8.66785287857055664062e-01) (16, 8.43532919883728027344e-01) (17, -3.15968680381774902344e+00) (0, 7.37891793251037597656e-01) (1, 5.24754881858825683594e-01) (2, 6.67880415916442871094e-01) (3, 7.25968837738037109375e-01) (4, 6.52077972888946533203e-01) (5, -1.00168764591217041016e+00) (6, -1.03920841217041015625e+00) (7, -7.70782530307769775391e-01) (8, 1.46365553140640258789e-01) (9, 7.08225488662719726562e-01) (10, 6.60096704959869384766e-01) (11, 7.06350862979888916016e-01) (12, 7.96247780323028564453e-01) (13, 7.71821856498718261719e-01) (14, 6.12401187419891357422e-01) (15, 8.11641633510589599609e-01) (16, 6.92098319530487060547e-01) (17, -3.68268489837646484375e+00) (18, 5.56370496749877929688e+00) (19, 8.42533874511718750000e+00) (20, 2.11940813064575195312e+00) 
