FANN_FLO_2.1
num_layers=3
learning_rate=0.450000
connection_rate=1.000000
network_type=0
learning_momentum=0.000000
training_algorithm=2
train_error_function=1
train_stop_function=0
cascade_output_change_fraction=0.010000
quickprop_decay=-0.000100
quickprop_mu=1.750000
rprop_increase_factor=1.200000
rprop_decrease_factor=0.500000
rprop_delta_min=0.000000
rprop_delta_max=50.000000
rprop_delta_zero=0.100000
cascade_output_stagnation_epochs=12
cascade_candidate_change_fraction=0.010000
cascade_candidate_stagnation_epochs=12
cascade_max_out_epochs=150
cascade_min_out_epochs=50
cascade_max_cand_epochs=150
cascade_min_cand_epochs=50
cascade_num_candidate_groups=2
bit_fail_limit=3.49999994039535522461e-01
cascade_candidate_limit=1.00000000000000000000e+03
cascade_weight_multiplier=4.00000005960464477539e-01
cascade_activation_functions_count=10
cascade_activation_functions=3 5 7 8 10 11 14 15 16 17 
cascade_activation_steepnesses_count=4
cascade_activation_steepnesses=2.50000000000000000000e-01 5.00000000000000000000e-01 7.50000000000000000000e-01 1.00000000000000000000e+00 
layer_sizes=7 5 2 
scale_included=0
neurons (num_inputs, activation_function, activation_steepness)=(0, 0, 0.00000000000000000000e+00) (0, 0, 0.00000000000000000000e+00) (0, 0, 0.00000000000000000000e+00) (0, 0, 0.00000000000000000000e+00) (0, 0, 0.00000000000000000000e+00) (0, 0, 0.00000000000000000000e+00) (0, 0, 0.00000000000000000000e+00) (7, 3, 5.00000000000000000000e-01) (7, 3, 5.00000000000000000000e-01) (7, 3, 5.00000000000000000000e-01) (7, 3, 5.00000000000000000000e-01) (0, 3, 0.00000000000000000000e+00) (5, 0, 5.00000000000000000000e-01) (0, 0, 0.00000000000000000000e+00) 
connections (connected_to_neuron, weight)=(0, -1.03515066206455230713e-01) (1, 1.95397031307220458984e+00) (2, 1.12318825721740722656e+00) (3, -8.77459526062011718750e-01) (4, 3.16869497299194335938e-01) (5, -2.80096387863159179688e+00) (6, -2.22496771812438964844e+00) (0, 2.69081413745880126953e-01) (1, -2.11832061409950256348e-01) (2, 1.13880550861358642578e+00) (3, -4.85602170228958129883e-01) (4, -1.72247767448425292969e-01) (5, -4.20533478260040283203e-01) (6, -1.84011161327362060547e-01) (0, 1.47685656738281250000e+03) (1, 1.49777905273437500000e+03) (2, 1.67121627807617187500e+02) (3, 1.46295922851562500000e+03) (4, 1.50000000000000000000e+03) (5, 1.41448657226562500000e+03) (6, 4.90787833929061889648e-01) (0, -8.08582723140716552734e-01) (1, -9.71642255783081054688e-01) (2, -1.20414185523986816406e+00) (3, 1.22462902218103408813e-02) (4, 1.51703512668609619141e+00) (5, 1.37980461120605468750e+00) (6, -2.97406721115112304688e+00) (7, -1.44490981474518775940e-02) (8, -2.06008218228816986084e-02) (9, -3.26075106859207153320e-02) (10, -2.75683905929327011108e-02) (11, 6.50134980678558349609e-02) 
