FANN_FLO_2.1
num_layers=3
learning_rate=0.400000
connection_rate=1.000000
network_type=0
learning_momentum=0.000000
training_algorithm=2
train_error_function=1
train_stop_function=0
cascade_output_change_fraction=0.010000
quickprop_decay=-0.000100
quickprop_mu=1.750000
rprop_increase_factor=1.200000
rprop_decrease_factor=0.500000
rprop_delta_min=0.000000
rprop_delta_max=50.000000
rprop_delta_zero=0.100000
cascade_output_stagnation_epochs=12
cascade_candidate_change_fraction=0.010000
cascade_candidate_stagnation_epochs=12
cascade_max_out_epochs=150
cascade_min_out_epochs=50
cascade_max_cand_epochs=150
cascade_min_cand_epochs=50
cascade_num_candidate_groups=2
bit_fail_limit=3.49999994039535522461e-01
cascade_candidate_limit=1.00000000000000000000e+03
cascade_weight_multiplier=4.00000005960464477539e-01
cascade_activation_functions_count=10
cascade_activation_functions=3 5 7 8 10 11 14 15 16 17 
cascade_activation_steepnesses_count=4
cascade_activation_steepnesses=2.50000000000000000000e-01 5.00000000000000000000e-01 7.50000000000000000000e-01 1.00000000000000000000e+00 
layer_sizes=6 5 2 
scale_included=0
neurons (num_inputs, activation_function, activation_steepness)=(0, 0, 0.00000000000000000000e+00) (0, 0, 0.00000000000000000000e+00) (0, 0, 0.00000000000000000000e+00) (0, 0, 0.00000000000000000000e+00) (0, 0, 0.00000000000000000000e+00) (0, 0, 0.00000000000000000000e+00) (6, 3, 5.00000000000000000000e-01) (6, 3, 5.00000000000000000000e-01) (6, 3, 5.00000000000000000000e-01) (6, 3, 5.00000000000000000000e-01) (0, 3, 0.00000000000000000000e+00) (5, 0, 5.00000000000000000000e-01) (0, 0, 0.00000000000000000000e+00) 
connections (connected_to_neuron, weight)=(0, -4.20503997802734375000e+01) (1, -2.51668739318847656250e+00) (2, 1.95457145571708679199e-01) (3, -1.01700139045715332031e+00) (4, 4.67359274625778198242e-02) (5, -8.52208197116851806641e-01) (0, -1.39329600334167480469e+00) (1, -1.98180884122848510742e-01) (2, 1.84194952249526977539e-01) (3, -7.97488272190093994141e-01) (4, 1.59282967448234558105e-01) (5, -7.02439844608306884766e-01) (0, -1.27755045890808105469e+00) (1, -1.42479434609413146973e-01) (2, 1.65655970573425292969e-01) (3, -8.14485251903533935547e-01) (4, 1.44591808319091796875e-01) (5, -6.41581952571868896484e-01) (0, -1.15305824279785156250e+01) (1, -7.18638181686401367188e+00) (2, -3.70727372169494628906e+00) (3, -1.45533001422882080078e+00) (4, 1.11623632907867431641e+00) (5, -1.93083167076110839844e+00) (6, 3.81584644317626953125e+00) (7, 7.50873386859893798828e-01) (8, 7.99557030200958251953e-01) (9, 4.24291133880615234375e+00) (10, 1.17861814796924591064e-01) 
