FANN_FLO_2.1
num_layers=3
learning_rate=0.500000
connection_rate=1.000000
network_type=0
learning_momentum=0.000000
training_algorithm=2
train_error_function=1
train_stop_function=0
cascade_output_change_fraction=0.010000
quickprop_decay=-0.000100
quickprop_mu=1.750000
rprop_increase_factor=1.200000
rprop_decrease_factor=0.500000
rprop_delta_min=0.000000
rprop_delta_max=50.000000
rprop_delta_zero=0.100000
cascade_output_stagnation_epochs=12
cascade_candidate_change_fraction=0.010000
cascade_candidate_stagnation_epochs=12
cascade_max_out_epochs=150
cascade_min_out_epochs=50
cascade_max_cand_epochs=150
cascade_min_cand_epochs=50
cascade_num_candidate_groups=2
bit_fail_limit=3.49999994039535522461e-01
cascade_candidate_limit=1.00000000000000000000e+03
cascade_weight_multiplier=4.00000005960464477539e-01
cascade_activation_functions_count=10
cascade_activation_functions=3 5 7 8 10 11 14 15 16 17 
cascade_activation_steepnesses_count=4
cascade_activation_steepnesses=2.50000000000000000000e-01 5.00000000000000000000e-01 7.50000000000000000000e-01 1.00000000000000000000e+00 
layer_sizes=3 9 4 
scale_included=0
neurons (num_inputs, activation_function, activation_steepness)=(0, 0, 0.00000000000000000000e+00) (0, 0, 0.00000000000000000000e+00) (0, 0, 0.00000000000000000000e+00) (3, 3, 5.00000000000000000000e-01) (3, 3, 5.00000000000000000000e-01) (3, 3, 5.00000000000000000000e-01) (3, 3, 5.00000000000000000000e-01) (3, 3, 5.00000000000000000000e-01) (3, 3, 5.00000000000000000000e-01) (3, 3, 5.00000000000000000000e-01) (3, 3, 5.00000000000000000000e-01) (0, 3, 0.00000000000000000000e+00) (9, 0, 5.00000000000000000000e-01) (9, 0, 5.00000000000000000000e-01) (9, 0, 5.00000000000000000000e-01) (0, 0, 0.00000000000000000000e+00) 
connections (connected_to_neuron, weight)=(0, -2.07108640670776367188e+00) (1, 8.73205900192260742188e-01) (2, 1.18844652175903320312e+00) (0, -1.98674786090850830078e+00) (1, -5.17995786666870117188e+00) (2, 7.20806956291198730469e-01) (0, -2.24532437324523925781e+00) (1, -1.45483767986297607422e+00) (2, 1.46312558650970458984e+00) (0, -5.54026412963867187500e+00) (1, 4.88268136978149414062e+00) (2, 7.93828105926513671875e+00) (0, -4.35521411895751953125e+00) (1, -4.43728065490722656250e+00) (2, 1.29304993152618408203e+00) (0, -3.08478116989135742188e+00) (1, 3.97945094108581542969e+00) (2, 1.13069072365760803223e-01) (0, -2.65455222129821777344e+00) (1, 4.16934251785278320312e-01) (2, 7.99248337745666503906e-01) (0, -3.73947668075561523438e+00) (1, -1.27084279060363769531e+00) (2, 1.27030754089355468750e+00) (3, 1.44528520107269287109e+00) (4, 1.73624384403228759766e+00) (5, -1.97264611721038818359e-01) (6, 4.41576838493347167969e-01) (7, 1.77761220932006835938e+00) (8, 1.56057035923004150391e+00) (9, 1.95349371433258056641e+00) (10, 1.89522922039031982422e+00) (11, 5.13090491294860839844e-01) (3, 4.48652362823486328125e+00) (4, 5.00799989700317382812e+00) (5, 2.81407332420349121094e+00) (6, 2.86966919898986816406e+00) (7, 3.69351243972778320312e+00) (8, 4.41403055191040039062e+00) (9, 5.31085109710693359375e+00) (10, 3.29867267608642578125e+00) (11, 2.40773749351501464844e+00) (3, 1.66385211944580078125e+01) (4, 1.59215507507324218750e+01) (5, 9.75217914581298828125e+00) (6, 1.16745052337646484375e+01) (7, 1.16033382415771484375e+01) (8, 1.17435092926025390625e+01) (9, 1.55708160400390625000e+01) (10, 1.01359052658081054688e+01) (11, 1.16658124923706054688e+01) 
