FANN_FLO_2.1
num_layers=4
learning_rate=0.300000
connection_rate=1.000000
network_type=0
learning_momentum=0.000000
training_algorithm=2
train_error_function=1
train_stop_function=0
cascade_output_change_fraction=0.010000
quickprop_decay=-0.000100
quickprop_mu=1.750000
rprop_increase_factor=1.200000
rprop_decrease_factor=0.500000
rprop_delta_min=0.000000
rprop_delta_max=50.000000
rprop_delta_zero=0.100000
cascade_output_stagnation_epochs=12
cascade_candidate_change_fraction=0.010000
cascade_candidate_stagnation_epochs=12
cascade_max_out_epochs=150
cascade_min_out_epochs=50
cascade_max_cand_epochs=150
cascade_min_cand_epochs=50
cascade_num_candidate_groups=2
bit_fail_limit=3.49999994039535522461e-01
cascade_candidate_limit=1.00000000000000000000e+03
cascade_weight_multiplier=4.00000005960464477539e-01
cascade_activation_functions_count=10
cascade_activation_functions=3 5 7 8 10 11 14 15 16 17 
cascade_activation_steepnesses_count=4
cascade_activation_steepnesses=2.50000000000000000000e-01 5.00000000000000000000e-01 7.50000000000000000000e-01 1.00000000000000000000e+00 
layer_sizes=2 5 5 3 
scale_included=0
neurons (num_inputs, activation_function, activation_steepness)=(0, 0, 0.00000000000000000000e+00) (0, 0, 0.00000000000000000000e+00) (2, 3, 5.00000000000000000000e-01) (2, 3, 5.00000000000000000000e-01) (2, 3, 5.00000000000000000000e-01) (2, 3, 5.00000000000000000000e-01) (0, 3, 0.00000000000000000000e+00) (5, 3, 5.00000000000000000000e-01) (5, 3, 5.00000000000000000000e-01) (5, 3, 5.00000000000000000000e-01) (5, 3, 5.00000000000000000000e-01) (0, 3, 0.00000000000000000000e+00) (5, 0, 5.00000000000000000000e-01) (5, 0, 5.00000000000000000000e-01) (0, 0, 0.00000000000000000000e+00) 
connections (connected_to_neuron, weight)=(0, 6.19206905364990234375e-01) (1, 1.88589483499526977539e-01) (0, 6.51508331298828125000e-01) (1, 6.40788912773132324219e-01) (0, 6.31001174449920654297e-01) (1, 1.34397625923156738281e-01) (0, 2.69537353515625000000e+00) (1, -1.60511448979377746582e-01) (2, -5.90456366539001464844e-01) (3, -5.46540319919586181641e-01) (4, -1.13483357429504394531e+00) (5, -6.26279175281524658203e-01) (6, 2.79382050037384033203e-01) (2, -3.52609229087829589844e+00) (3, -1.69404256343841552734e+00) (4, -9.00432646274566650391e-01) (5, 1.30458688735961914062e+00) (6, -1.23510870616883039474e-03) (2, -4.60753411054611206055e-01) (3, -6.80149555206298828125e-01) (4, -1.21374845504760742188e+00) (5, -1.32078862190246582031e+00) (6, 7.07560658454895019531e-01) (2, -1.23289048671722412109e+00) (3, -8.63038599491119384766e-01) (4, -1.23225104808807373047e+00) (5, 5.37967729568481445312e+00) (6, 6.47029936313629150391e-01) (7, 2.83543109893798828125e-01) (8, 9.34041142463684082031e-02) (9, 2.17989355325698852539e-01) (10, -1.51921138167381286621e-01) (11, -1.33177101612091064453e-01) (7, -1.20669341087341308594e+00) (8, -2.18149399757385253906e+00) (9, -1.24623000621795654297e+00) (10, -7.43715018033981323242e-02) (11, -6.14208102226257324219e-01) 
