FANN_FLO_2.1
num_layers=4
learning_rate=0.450000
connection_rate=1.000000
network_type=0
learning_momentum=0.000000
training_algorithm=2
train_error_function=1
train_stop_function=0
cascade_output_change_fraction=0.010000
quickprop_decay=-0.000100
quickprop_mu=1.750000
rprop_increase_factor=1.200000
rprop_decrease_factor=0.500000
rprop_delta_min=0.000000
rprop_delta_max=50.000000
rprop_delta_zero=0.100000
cascade_output_stagnation_epochs=12
cascade_candidate_change_fraction=0.010000
cascade_candidate_stagnation_epochs=12
cascade_max_out_epochs=150
cascade_min_out_epochs=50
cascade_max_cand_epochs=150
cascade_min_cand_epochs=50
cascade_num_candidate_groups=2
bit_fail_limit=3.49999994039535522461e-01
cascade_candidate_limit=1.00000000000000000000e+03
cascade_weight_multiplier=4.00000005960464477539e-01
cascade_activation_functions_count=10
cascade_activation_functions=3 5 7 8 10 11 14 15 16 17 
cascade_activation_steepnesses_count=4
cascade_activation_steepnesses=2.50000000000000000000e-01 5.00000000000000000000e-01 7.50000000000000000000e-01 1.00000000000000000000e+00 
layer_sizes=7 5 3 2 
scale_included=0
neurons (num_inputs, activation_function, activation_steepness)=(0, 0, 0.00000000000000000000e+00) (0, 0, 0.00000000000000000000e+00) (0, 0, 0.00000000000000000000e+00) (0, 0, 0.00000000000000000000e+00) (0, 0, 0.00000000000000000000e+00) (0, 0, 0.00000000000000000000e+00) (0, 0, 0.00000000000000000000e+00) (7, 3, 5.00000000000000000000e-01) (7, 3, 5.00000000000000000000e-01) (7, 3, 5.00000000000000000000e-01) (7, 3, 5.00000000000000000000e-01) (0, 3, 0.00000000000000000000e+00) (5, 3, 5.00000000000000000000e-01) (5, 3, 5.00000000000000000000e-01) (0, 3, 0.00000000000000000000e+00) (3, 0, 5.00000000000000000000e-01) (0, 0, 0.00000000000000000000e+00) 
connections (connected_to_neuron, weight)=(0, 2.22909241914749145508e-01) (1, 1.56104385852813720703e-01) (2, 1.85106858611106872559e-01) (3, -9.94624868035316467285e-02) (4, 3.21995794773101806641e-01) (5, -4.13858622312545776367e-01) (6, -8.34223031997680664062e-01) (0, -1.19415067136287689209e-01) (1, 1.73658549785614013672e+00) (2, 1.30316793918609619141e+00) (3, -3.67470473051071166992e-01) (4, 1.43475794792175292969e+00) (5, -5.13695403933525085449e-02) (6, 8.93473029136657714844e-02) (0, 8.78101214766502380371e-02) (1, 2.83832281827926635742e-01) (2, 3.80407905578613281250e+00) (3, -7.16170787811279296875e-01) (4, 3.78617215156555175781e+00) (5, -2.55968546867370605469e+00) (6, 1.60795897245407104492e-01) (0, -1.28133282065391540527e-01) (1, 3.20523619651794433594e+00) (2, 1.14756560325622558594e+00) (3, -3.53123724460601806641e-01) (4, 8.19264173507690429688e-01) (5, -5.18199265003204345703e-01) (6, -1.08212225139141082764e-01) (7, 7.90379941463470458984e-01) (8, -2.31111645698547363281e+00) (9, -2.67476248741149902344e+00) (10, -1.49520516395568847656e+00) (11, 4.65273469686508178711e-01) (7, 8.92321586608886718750e-01) (8, -2.14665532112121582031e+00) (9, -7.03550195693969726562e+00) (10, 2.13613486289978027344e+00) (11, 5.29565155506134033203e-01) (12, 6.15897750854492187500e+00) (13, 2.22300529479980468750e+00) (14, -2.74717956781387329102e-02) 
