FANN_FLO_2.1
num_layers=4
learning_rate=0.500000
connection_rate=1.000000
network_type=0
learning_momentum=0.000000
training_algorithm=2
train_error_function=1
train_stop_function=0
cascade_output_change_fraction=0.010000
quickprop_decay=-0.000100
quickprop_mu=1.750000
rprop_increase_factor=1.200000
rprop_decrease_factor=0.500000
rprop_delta_min=0.000000
rprop_delta_max=50.000000
rprop_delta_zero=0.100000
cascade_output_stagnation_epochs=12
cascade_candidate_change_fraction=0.010000
cascade_candidate_stagnation_epochs=12
cascade_max_out_epochs=150
cascade_min_out_epochs=50
cascade_max_cand_epochs=150
cascade_min_cand_epochs=50
cascade_num_candidate_groups=2
bit_fail_limit=3.49999994039535522461e-01
cascade_candidate_limit=1.00000000000000000000e+03
cascade_weight_multiplier=4.00000005960464477539e-01
cascade_activation_functions_count=10
cascade_activation_functions=3 5 7 8 10 11 14 15 16 17 
cascade_activation_steepnesses_count=4
cascade_activation_steepnesses=2.50000000000000000000e-01 5.00000000000000000000e-01 7.50000000000000000000e-01 1.00000000000000000000e+00 
layer_sizes=4 5 3 2 
scale_included=0
neurons (num_inputs, activation_function, activation_steepness)=(0, 0, 0.00000000000000000000e+00) (0, 0, 0.00000000000000000000e+00) (0, 0, 0.00000000000000000000e+00) (0, 0, 0.00000000000000000000e+00) (4, 3, 5.00000000000000000000e-01) (4, 3, 5.00000000000000000000e-01) (4, 3, 5.00000000000000000000e-01) (4, 3, 5.00000000000000000000e-01) (0, 3, 0.00000000000000000000e+00) (5, 3, 5.00000000000000000000e-01) (5, 3, 5.00000000000000000000e-01) (0, 3, 0.00000000000000000000e+00) (3, 3, 5.00000000000000000000e-01) (0, 3, 0.00000000000000000000e+00) 
connections (connected_to_neuron, weight)=(0, -2.99821066856384277344e+00) (1, -9.22785758972167968750e+00) (2, 7.25072026252746582031e-01) (3, 3.41438841819763183594e+00) (0, -3.10938048362731933594e+00) (1, -9.02714908123016357422e-01) (2, -1.51257127523422241211e-01) (3, 1.24678623676300048828e+00) (0, 3.72747969627380371094e+00) (1, -2.39986824989318847656e+00) (2, 3.40885698795318603516e-01) (3, -1.09100902080535888672e+00) (0, -3.12201046943664550781e+00) (1, -7.16422259807586669922e-01) (2, 4.46409657597541809082e-02) (3, 1.12845075130462646484e+00) (4, -4.88830184936523437500e+00) (5, 2.39140129089355468750e+00) (6, 2.10273718833923339844e+00) (7, 2.60394072532653808594e+00) (8, 1.33194577693939208984e+00) (4, 3.76521186828613281250e+01) (5, 2.42090344429016113281e+00) (6, -1.44484243392944335938e+01) (7, 4.36441516876220703125e+00) (8, 2.32525885105133056641e-01) (9, -1.06656467914581298828e+00) (10, -4.66399002075195312500e+00) (11, 3.22170400619506835938e+00) 
