FANN_FLO_2.1
num_layers=3
learning_rate=0.400000
connection_rate=1.000000
network_type=0
learning_momentum=0.000000
training_algorithm=2
train_error_function=1
train_stop_function=0
cascade_output_change_fraction=0.010000
quickprop_decay=-0.000100
quickprop_mu=1.750000
rprop_increase_factor=1.200000
rprop_decrease_factor=0.500000
rprop_delta_min=0.000000
rprop_delta_max=50.000000
rprop_delta_zero=0.100000
cascade_output_stagnation_epochs=12
cascade_candidate_change_fraction=0.010000
cascade_candidate_stagnation_epochs=12
cascade_max_out_epochs=150
cascade_min_out_epochs=50
cascade_max_cand_epochs=150
cascade_min_cand_epochs=50
cascade_num_candidate_groups=2
bit_fail_limit=3.49999994039535522461e-01
cascade_candidate_limit=1.00000000000000000000e+03
cascade_weight_multiplier=4.00000005960464477539e-01
cascade_activation_functions_count=10
cascade_activation_functions=3 5 7 8 10 11 14 15 16 17 
cascade_activation_steepnesses_count=4
cascade_activation_steepnesses=2.50000000000000000000e-01 5.00000000000000000000e-01 7.50000000000000000000e-01 1.00000000000000000000e+00 
layer_sizes=6 5 2 
scale_included=0
neurons (num_inputs, activation_function, activation_steepness)=(0, 0, 0.00000000000000000000e+00) (0, 0, 0.00000000000000000000e+00) (0, 0, 0.00000000000000000000e+00) (0, 0, 0.00000000000000000000e+00) (0, 0, 0.00000000000000000000e+00) (0, 0, 0.00000000000000000000e+00) (6, 3, 5.00000000000000000000e-01) (6, 3, 5.00000000000000000000e-01) (6, 3, 5.00000000000000000000e-01) (6, 3, 5.00000000000000000000e-01) (0, 3, 0.00000000000000000000e+00) (5, 0, 5.00000000000000000000e-01) (0, 0, 0.00000000000000000000e+00) 
connections (connected_to_neuron, weight)=(0, 7.53962280273437500000e+02) (1, 8.62672271728515625000e+01) (2, -5.61993408203125000000e+02) (3, 1.50000000000000000000e+03) (4, 1.53634631633758544922e+00) (5, 1.54309618473052978516e+00) (0, -1.30138891601562500000e+03) (1, 7.76309967041015625000e+01) (2, 2.23298740386962890625e+01) (3, -7.73095092773437500000e+01) (4, 3.60167574882507324219e+00) (5, 1.44052624702453613281e+00) (0, -8.82234573364257812500e+00) (1, -1.91706085205078125000e+01) (2, 7.67063093185424804688e+00) (3, 1.02044572830200195312e+01) (4, 2.81967735290527343750e+00) (5, 1.29185199737548828125e+00) (0, -1.29426672363281250000e+03) (1, -1.81932312011718750000e+02) (2, 1.24172153472900390625e+01) (3, -2.66354465484619140625e+01) (4, -1.27535619735717773438e+01) (5, -8.27764570713043212891e-01) (6, -3.60964050292968750000e+01) (7, 6.91778063774108886719e-01) (8, -2.07346916198730468750e+01) (9, 3.40152282714843750000e+01) (10, 7.50794589519500732422e-01) 
