FANN_FLO_2.1
num_layers=3
learning_rate=0.500000
connection_rate=1.000000
network_type=0
learning_momentum=0.000000
training_algorithm=2
train_error_function=1
train_stop_function=0
cascade_output_change_fraction=0.010000
quickprop_decay=-0.000100
quickprop_mu=1.750000
rprop_increase_factor=1.200000
rprop_decrease_factor=0.500000
rprop_delta_min=0.000000
rprop_delta_max=50.000000
rprop_delta_zero=0.100000
cascade_output_stagnation_epochs=12
cascade_candidate_change_fraction=0.010000
cascade_candidate_stagnation_epochs=12
cascade_max_out_epochs=150
cascade_min_out_epochs=50
cascade_max_cand_epochs=150
cascade_min_cand_epochs=50
cascade_num_candidate_groups=2
bit_fail_limit=3.49999994039535522461e-01
cascade_candidate_limit=1.00000000000000000000e+03
cascade_weight_multiplier=4.00000005960464477539e-01
cascade_activation_functions_count=10
cascade_activation_functions=3 5 7 8 10 11 14 15 16 17 
cascade_activation_steepnesses_count=4
cascade_activation_steepnesses=2.50000000000000000000e-01 5.00000000000000000000e-01 7.50000000000000000000e-01 1.00000000000000000000e+00 
layer_sizes=7 5 2 
scale_included=0
neurons (num_inputs, activation_function, activation_steepness)=(0, 0, 0.00000000000000000000e+00) (0, 0, 0.00000000000000000000e+00) (0, 0, 0.00000000000000000000e+00) (0, 0, 0.00000000000000000000e+00) (0, 0, 0.00000000000000000000e+00) (0, 0, 0.00000000000000000000e+00) (0, 0, 0.00000000000000000000e+00) (7, 3, 5.00000000000000000000e-01) (7, 3, 5.00000000000000000000e-01) (7, 3, 5.00000000000000000000e-01) (7, 3, 5.00000000000000000000e-01) (0, 3, 0.00000000000000000000e+00) (5, 0, 5.00000000000000000000e-01) (0, 0, 0.00000000000000000000e+00) 
connections (connected_to_neuron, weight)=(0, -3.24356293678283691406e+00) (1, -2.43572306632995605469e+00) (2, -2.41685237884521484375e+01) (3, 5.12962198257446289062e+00) (4, -2.70610904693603515625e+00) (5, 4.66827249526977539062e+00) (6, -1.45804655551910400391e+00) (0, -3.42142462730407714844e+00) (1, -1.02206373214721679688e+00) (2, 1.56350717544555664062e+01) (3, -7.57730789184570312500e+01) (4, -1.23951494693756103516e+00) (5, -2.69562101364135742188e+00) (6, -6.97688043117523193359e-01) (0, -2.12403273582458496094e+00) (1, -1.97019040584564208984e+00) (2, 1.16591234207153320312e+01) (3, -5.33139381408691406250e+01) (4, -4.35485780239105224609e-01) (5, 1.51866216659545898438e+01) (6, -3.62534731626510620117e-01) (0, 2.68707145005464553833e-02) (1, 7.81291350722312927246e-02) (2, -5.05005240440368652344e-01) (3, 1.53412625193595886230e-01) (4, 1.98081791400909423828e-01) (5, -3.51643443107604980469e-01) (6, 5.97135877609252929688e+00) (7, -1.65683086961507797241e-02) (8, 6.39462890625000000000e+02) (9, -1.22338043212890625000e+02) (10, -6.67415261268615722656e-02) (11, 8.33175480365753173828e-02) 
