FANN_FLO_2.1
num_layers=4
learning_rate=0.500000
connection_rate=1.000000
network_type=0
learning_momentum=0.000000
training_algorithm=2
train_error_function=1
train_stop_function=0
cascade_output_change_fraction=0.010000
quickprop_decay=-0.000100
quickprop_mu=1.750000
rprop_increase_factor=1.200000
rprop_decrease_factor=0.500000
rprop_delta_min=0.000000
rprop_delta_max=50.000000
rprop_delta_zero=0.100000
cascade_output_stagnation_epochs=12
cascade_candidate_change_fraction=0.010000
cascade_candidate_stagnation_epochs=12
cascade_max_out_epochs=150
cascade_min_out_epochs=50
cascade_max_cand_epochs=150
cascade_min_cand_epochs=50
cascade_num_candidate_groups=2
bit_fail_limit=3.49999994039535522461e-01
cascade_candidate_limit=1.00000000000000000000e+03
cascade_weight_multiplier=4.00000005960464477539e-01
cascade_activation_functions_count=10
cascade_activation_functions=3 5 7 8 10 11 14 15 16 17 
cascade_activation_steepnesses_count=4
cascade_activation_steepnesses=2.50000000000000000000e-01 5.00000000000000000000e-01 7.50000000000000000000e-01 1.00000000000000000000e+00 
layer_sizes=4 5 5 2 
scale_included=0
neurons (num_inputs, activation_function, activation_steepness)=(0, 0, 0.00000000000000000000e+00) (0, 0, 0.00000000000000000000e+00) (0, 0, 0.00000000000000000000e+00) (0, 0, 0.00000000000000000000e+00) (4, 3, 5.00000000000000000000e-01) (4, 3, 5.00000000000000000000e-01) (4, 3, 5.00000000000000000000e-01) (4, 3, 5.00000000000000000000e-01) (0, 3, 0.00000000000000000000e+00) (5, 3, 5.00000000000000000000e-01) (5, 3, 5.00000000000000000000e-01) (5, 3, 5.00000000000000000000e-01) (5, 3, 5.00000000000000000000e-01) (0, 3, 0.00000000000000000000e+00) (5, 3, 5.00000000000000000000e-01) (0, 3, 0.00000000000000000000e+00) 
connections (connected_to_neuron, weight)=(0, -1.62637877464294433594e+00) (1, -1.15360870361328125000e+01) (2, 1.30107486248016357422e+00) (3, 3.08540844917297363281e+00) (0, -5.50214242935180664062e+00) (1, -2.12277913093566894531e+00) (2, -5.19511842727661132812e+00) (3, 5.09541559219360351562e+00) (0, 8.30564212799072265625e+00) (1, -2.34061508178710937500e+01) (2, -1.12468087673187255859e+00) (3, 3.17041134834289550781e+00) (0, -1.84983766078948974609e+00) (1, -1.20534009933471679688e+01) (2, 1.86290848255157470703e+00) (3, 3.38501501083374023438e+00) (4, 5.33932828903198242188e+00) (5, 2.66675949096679687500e+01) (6, -4.22948265075683593750e+00) (7, 5.50140714645385742188e+00) (8, -5.44239044189453125000e+00) (4, 5.87326955795288085938e+00) (5, 3.30952415466308593750e+01) (6, -5.31585168838500976562e+00) (7, 6.35480308532714843750e+00) (8, -6.40940952301025390625e+00) (4, 5.26207637786865234375e+00) (5, 2.75410308837890625000e+01) (6, -4.52750396728515625000e+00) (7, 5.32410955429077148438e+00) (8, -5.35105848312377929688e+00) (4, -2.38247799873352050781e+00) (5, -1.10487270355224609375e+01) (6, 2.14023900032043457031e+00) (7, -9.74642097949981689453e-01) (8, 7.16977775096893310547e-01) (9, -9.15944576263427734375e-01) (10, -2.14098358154296875000e+00) (11, -8.60988616943359375000e-01) (12, 1.16031503677368164062e+00) (13, 1.64414286613464355469e+00) 
