FANN_FLO_2.1
num_layers=4
learning_rate=0.500000
connection_rate=1.000000
network_type=0
learning_momentum=0.000000
training_algorithm=2
train_error_function=1
train_stop_function=0
cascade_output_change_fraction=0.010000
quickprop_decay=-0.000100
quickprop_mu=1.750000
rprop_increase_factor=1.200000
rprop_decrease_factor=0.500000
rprop_delta_min=0.000000
rprop_delta_max=50.000000
rprop_delta_zero=0.100000
cascade_output_stagnation_epochs=12
cascade_candidate_change_fraction=0.010000
cascade_candidate_stagnation_epochs=12
cascade_max_out_epochs=150
cascade_min_out_epochs=50
cascade_max_cand_epochs=150
cascade_min_cand_epochs=50
cascade_num_candidate_groups=2
bit_fail_limit=3.49999994039535522461e-01
cascade_candidate_limit=1.00000000000000000000e+03
cascade_weight_multiplier=4.00000005960464477539e-01
cascade_activation_functions_count=10
cascade_activation_functions=3 5 7 8 10 11 14 15 16 17 
cascade_activation_steepnesses_count=4
cascade_activation_steepnesses=2.50000000000000000000e-01 5.00000000000000000000e-01 7.50000000000000000000e-01 1.00000000000000000000e+00 
layer_sizes=4 5 3 2 
scale_included=0
neurons (num_inputs, activation_function, activation_steepness)=(0, 0, 0.00000000000000000000e+00) (0, 0, 0.00000000000000000000e+00) (0, 0, 0.00000000000000000000e+00) (0, 0, 0.00000000000000000000e+00) (4, 3, 5.00000000000000000000e-01) (4, 3, 5.00000000000000000000e-01) (4, 3, 5.00000000000000000000e-01) (4, 3, 5.00000000000000000000e-01) (0, 3, 0.00000000000000000000e+00) (5, 3, 5.00000000000000000000e-01) (5, 3, 5.00000000000000000000e-01) (0, 3, 0.00000000000000000000e+00) (3, 3, 5.00000000000000000000e-01) (0, 3, 0.00000000000000000000e+00) 
connections (connected_to_neuron, weight)=(0, -1.70148605346679687500e+02) (1, 5.81587028503417968750e+01) (2, 1.15299949645996093750e+02) (3, -7.39230990409851074219e-01) (0, -6.10966730117797851562e+00) (1, 1.25077772140502929688e+00) (2, -6.09743452072143554688e+00) (3, 4.81078958511352539062e+00) (0, -5.75788593292236328125e+00) (1, -9.34125900268554687500e+00) (2, 1.62204265594482421875e+00) (3, 4.51839685440063476562e+00) (0, -6.97854843139648437500e+01) (1, 8.64195480346679687500e+01) (2, 1.51468954086303710938e+01) (3, -1.44303783774375915527e-01) (4, -4.30627489089965820312e+00) (5, 1.82794094085693359375e+01) (6, 1.96503963470458984375e+01) (7, 2.16143560409545898438e+00) (8, -7.25641345977783203125e+00) (4, -4.26167583465576171875e+00) (5, 1.61854457855224609375e+01) (6, 1.96872634887695312500e+01) (7, 1.98907065391540527344e+00) (8, -6.60446453094482421875e+00) (9, -2.29646778106689453125e+00) (10, -2.64831304550170898438e+00) (11, 2.64617347717285156250e+00) 
