FANN_FLO_2.1
num_layers=4
learning_rate=0.500000
connection_rate=1.000000
network_type=0
learning_momentum=0.000000
training_algorithm=2
train_error_function=1
train_stop_function=0
cascade_output_change_fraction=0.010000
quickprop_decay=-0.000100
quickprop_mu=1.750000
rprop_increase_factor=1.200000
rprop_decrease_factor=0.500000
rprop_delta_min=0.000000
rprop_delta_max=50.000000
rprop_delta_zero=0.100000
cascade_output_stagnation_epochs=12
cascade_candidate_change_fraction=0.010000
cascade_candidate_stagnation_epochs=12
cascade_max_out_epochs=150
cascade_min_out_epochs=50
cascade_max_cand_epochs=150
cascade_min_cand_epochs=50
cascade_num_candidate_groups=2
bit_fail_limit=3.49999994039535522461e-01
cascade_candidate_limit=1.00000000000000000000e+03
cascade_weight_multiplier=4.00000005960464477539e-01
cascade_activation_functions_count=10
cascade_activation_functions=3 5 7 8 10 11 14 15 16 17 
cascade_activation_steepnesses_count=4
cascade_activation_steepnesses=2.50000000000000000000e-01 5.00000000000000000000e-01 7.50000000000000000000e-01 1.00000000000000000000e+00 
layer_sizes=4 5 5 2 
scale_included=0
neurons (num_inputs, activation_function, activation_steepness)=(0, 0, 0.00000000000000000000e+00) (0, 0, 0.00000000000000000000e+00) (0, 0, 0.00000000000000000000e+00) (0, 0, 0.00000000000000000000e+00) (4, 3, 5.00000000000000000000e-01) (4, 3, 5.00000000000000000000e-01) (4, 3, 5.00000000000000000000e-01) (4, 3, 5.00000000000000000000e-01) (0, 3, 0.00000000000000000000e+00) (5, 3, 5.00000000000000000000e-01) (5, 3, 5.00000000000000000000e-01) (5, 3, 5.00000000000000000000e-01) (5, 3, 5.00000000000000000000e-01) (0, 3, 0.00000000000000000000e+00) (5, 3, 5.00000000000000000000e-01) (0, 3, 0.00000000000000000000e+00) 
connections (connected_to_neuron, weight)=(0, 3.71318244934082031250e+00) (1, -6.68751764297485351562e+00) (2, 9.33448195457458496094e-01) (3, 3.00145655870437622070e-01) (0, 5.63825464248657226562e+00) (1, 2.03567409515380859375e+00) (2, -1.35603404045104980469e+00) (3, -2.19994807243347167969e+00) (0, -4.51430892944335937500e+00) (1, -5.51553440093994140625e+00) (2, 3.69460034370422363281e+00) (3, 2.26999998092651367188e+00) (0, -3.62741374969482421875e+00) (1, -5.35089635848999023438e+00) (2, -9.59477722644805908203e-01) (3, 3.80174016952514648438e+00) (4, 5.04567742347717285156e-01) (5, -5.78960083007812500000e+02) (6, 1.47000000000000000000e+03) (7, 1.47000000000000000000e+03) (8, -4.54244881868362426758e-01) (4, -2.20716238021850585938e+00) (5, -5.82202577590942382812e+00) (6, 5.04839944839477539062e+00) (7, 1.84005546569824218750e+01) (8, -2.89488345384597778320e-01) (4, -1.14735174179077148438e+00) (5, -9.91440486907958984375e+00) (6, 5.17718839645385742188e+00) (7, 2.55961074829101562500e+01) (8, -4.88472789525985717773e-01) (4, -2.32048344612121582031e+00) (5, -6.76454687118530273438e+00) (6, 6.22631072998046875000e+00) (7, 2.50356845855712890625e+01) (8, -2.02868437767028808594e+00) (9, 1.75819492340087890625e+00) (10, -3.35195362567901611328e-01) (11, -3.56550693511962890625e-01) (12, -5.35420131683349609375e+00) (13, 1.99246239662170410156e+00) 
