FANN_FLO_2.1
num_layers=4
learning_rate=0.300000
connection_rate=1.000000
network_type=0
learning_momentum=0.000000
training_algorithm=2
train_error_function=1
train_stop_function=0
cascade_output_change_fraction=0.010000
quickprop_decay=-0.000100
quickprop_mu=1.750000
rprop_increase_factor=1.200000
rprop_decrease_factor=0.500000
rprop_delta_min=0.000000
rprop_delta_max=50.000000
rprop_delta_zero=0.100000
cascade_output_stagnation_epochs=12
cascade_candidate_change_fraction=0.010000
cascade_candidate_stagnation_epochs=12
cascade_max_out_epochs=150
cascade_min_out_epochs=50
cascade_max_cand_epochs=150
cascade_min_cand_epochs=50
cascade_num_candidate_groups=2
bit_fail_limit=3.49999994039535522461e-01
cascade_candidate_limit=1.00000000000000000000e+03
cascade_weight_multiplier=4.00000005960464477539e-01
cascade_activation_functions_count=10
cascade_activation_functions=3 5 7 8 10 11 14 15 16 17 
cascade_activation_steepnesses_count=4
cascade_activation_steepnesses=2.50000000000000000000e-01 5.00000000000000000000e-01 7.50000000000000000000e-01 1.00000000000000000000e+00 
layer_sizes=2 5 3 3 
scale_included=0
neurons (num_inputs, activation_function, activation_steepness)=(0, 0, 0.00000000000000000000e+00) (0, 0, 0.00000000000000000000e+00) (2, 3, 5.00000000000000000000e-01) (2, 3, 5.00000000000000000000e-01) (2, 3, 5.00000000000000000000e-01) (2, 3, 5.00000000000000000000e-01) (0, 3, 0.00000000000000000000e+00) (5, 3, 5.00000000000000000000e-01) (5, 3, 5.00000000000000000000e-01) (0, 3, 0.00000000000000000000e+00) (3, 0, 5.00000000000000000000e-01) (3, 0, 5.00000000000000000000e-01) (0, 0, 0.00000000000000000000e+00) 
connections (connected_to_neuron, weight)=(0, -7.09568929672241210938e+00) (1, -1.12438650131225585938e+01) (0, -7.42281150817871093750e+00) (1, -1.17520818710327148438e+01) (0, -7.78585052490234375000e+00) (1, -1.22916679382324218750e+01) (0, -4.75733642578125000000e+01) (1, -8.28345537185668945312e-01) (2, 6.36940360069274902344e-01) (3, 5.83663105964660644531e-01) (4, 1.52848398685455322266e+00) (5, 6.13512849807739257812e+00) (6, -1.73552131652832031250e+00) (2, 7.60989487171173095703e-01) (3, 7.59136497974395751953e-01) (4, 1.07376575469970703125e+00) (5, 8.00295412540435791016e-01) (6, -7.17919826507568359375e-01) (7, -7.05359056591987609863e-02) (8, 3.78997325897216796875e-01) (9, -2.09499582648277282715e-01) (7, -6.78890347480773925781e-01) (8, -8.72310221195220947266e-01) (9, -5.57416319847106933594e-01) 
