FANN_FLO_2.1
num_layers=3
learning_rate=0.300000
connection_rate=1.000000
network_type=0
learning_momentum=0.000000
training_algorithm=2
train_error_function=1
train_stop_function=0
cascade_output_change_fraction=0.010000
quickprop_decay=-0.000100
quickprop_mu=1.750000
rprop_increase_factor=1.200000
rprop_decrease_factor=0.500000
rprop_delta_min=0.000000
rprop_delta_max=50.000000
rprop_delta_zero=0.100000
cascade_output_stagnation_epochs=12
cascade_candidate_change_fraction=0.010000
cascade_candidate_stagnation_epochs=12
cascade_max_out_epochs=150
cascade_min_out_epochs=50
cascade_max_cand_epochs=150
cascade_min_cand_epochs=50
cascade_num_candidate_groups=2
bit_fail_limit=3.49999994039535522461e-01
cascade_candidate_limit=1.00000000000000000000e+03
cascade_weight_multiplier=4.00000005960464477539e-01
cascade_activation_functions_count=10
cascade_activation_functions=3 5 7 8 10 11 14 15 16 17 
cascade_activation_steepnesses_count=4
cascade_activation_steepnesses=2.50000000000000000000e-01 5.00000000000000000000e-01 7.50000000000000000000e-01 1.00000000000000000000e+00 
layer_sizes=4 9 2 
scale_included=0
neurons (num_inputs, activation_function, activation_steepness)=(0, 0, 0.00000000000000000000e+00) (0, 0, 0.00000000000000000000e+00) (0, 0, 0.00000000000000000000e+00) (0, 0, 0.00000000000000000000e+00) (4, 3, 5.00000000000000000000e-01) (4, 3, 5.00000000000000000000e-01) (4, 3, 5.00000000000000000000e-01) (4, 3, 5.00000000000000000000e-01) (4, 3, 5.00000000000000000000e-01) (4, 3, 5.00000000000000000000e-01) (4, 3, 5.00000000000000000000e-01) (4, 3, 5.00000000000000000000e-01) (0, 3, 0.00000000000000000000e+00) (9, 3, 5.00000000000000000000e-01) (0, 3, 0.00000000000000000000e+00) 
connections (connected_to_neuron, weight)=(0, -1.76789963245391845703e+00) (1, 1.99947744607925415039e-01) (2, 1.46249520778656005859e+00) (3, -4.79670190811157226562e+00) (0, -1.68427273631095886230e-01) (1, 1.26240877434611320496e-02) (2, -5.68720102310180664062e-02) (3, 4.20450031757354736328e-01) (0, -1.31292805075645446777e-01) (1, 4.74613010883331298828e-02) (2, -4.64910507202148437500e-01) (3, 2.22307610511779785156e+00) (0, -5.65226614475250244141e-01) (1, 1.63007602095603942871e-01) (2, -9.57473888993263244629e-02) (3, -2.05687117576599121094e+00) (0, -1.28154909610748291016e+00) (1, 5.27332425117492675781e-01) (2, -1.20790016651153564453e+00) (3, 1.58195514678955078125e+01) (0, 4.04842913150787353516e-01) (1, -1.10094100236892700195e-01) (2, 7.91020452976226806641e-01) (3, -1.15615930557250976562e+01) (0, -1.25398569107055664062e+01) (1, 1.52739834785461425781e+00) (2, 2.26074600219726562500e+01) (3, 2.37928107380867004395e-01) (0, -1.18971395492553710938e+00) (1, 6.73055946826934814453e-01) (2, -7.38740324974060058594e-01) (3, 5.05794429779052734375e+00) (4, 3.53985816240310668945e-01) (5, -1.04266510009765625000e+01) (6, -3.09559059143066406250e+00) (7, 4.88622158765792846680e-01) (8, -1.30706235766410827637e-01) (9, 9.64588820934295654297e-01) (10, -1.79844405502080917358e-02) (11, -1.26251354813575744629e-01) (12, 3.28460037708282470703e-02) 
