FANN_FLO_2.1
num_layers=4
learning_rate=0.450000
connection_rate=1.000000
network_type=0
learning_momentum=0.000000
training_algorithm=2
train_error_function=1
train_stop_function=0
cascade_output_change_fraction=0.010000
quickprop_decay=-0.000100
quickprop_mu=1.750000
rprop_increase_factor=1.200000
rprop_decrease_factor=0.500000
rprop_delta_min=0.000000
rprop_delta_max=50.000000
rprop_delta_zero=0.100000
cascade_output_stagnation_epochs=12
cascade_candidate_change_fraction=0.010000
cascade_candidate_stagnation_epochs=12
cascade_max_out_epochs=150
cascade_min_out_epochs=50
cascade_max_cand_epochs=150
cascade_min_cand_epochs=50
cascade_num_candidate_groups=2
bit_fail_limit=3.49999994039535522461e-01
cascade_candidate_limit=1.00000000000000000000e+03
cascade_weight_multiplier=4.00000005960464477539e-01
cascade_activation_functions_count=10
cascade_activation_functions=3 5 7 8 10 11 14 15 16 17 
cascade_activation_steepnesses_count=4
cascade_activation_steepnesses=2.50000000000000000000e-01 5.00000000000000000000e-01 7.50000000000000000000e-01 1.00000000000000000000e+00 
layer_sizes=7 5 5 2 
scale_included=0
neurons (num_inputs, activation_function, activation_steepness)=(0, 0, 0.00000000000000000000e+00) (0, 0, 0.00000000000000000000e+00) (0, 0, 0.00000000000000000000e+00) (0, 0, 0.00000000000000000000e+00) (0, 0, 0.00000000000000000000e+00) (0, 0, 0.00000000000000000000e+00) (0, 0, 0.00000000000000000000e+00) (7, 3, 5.00000000000000000000e-01) (7, 3, 5.00000000000000000000e-01) (7, 3, 5.00000000000000000000e-01) (7, 3, 5.00000000000000000000e-01) (0, 3, 0.00000000000000000000e+00) (5, 3, 5.00000000000000000000e-01) (5, 3, 5.00000000000000000000e-01) (5, 3, 5.00000000000000000000e-01) (5, 3, 5.00000000000000000000e-01) (0, 3, 0.00000000000000000000e+00) (5, 0, 5.00000000000000000000e-01) (0, 0, 0.00000000000000000000e+00) 
connections (connected_to_neuron, weight)=(0, 1.50000000000000000000e+03) (1, 1.50000000000000000000e+03) (2, 4.90045666694641113281e-01) (3, 1.50000000000000000000e+03) (4, 1.50000000000000000000e+03) (5, -1.50000000000000000000e+03) (6, 3.37530411779880523682e-02) (0, 1.50000000000000000000e+03) (1, 1.50000000000000000000e+03) (2, 3.17405343055725097656e-01) (3, 1.50000000000000000000e+03) (4, 1.50000000000000000000e+03) (5, -1.50000000000000000000e+03) (6, -1.06016149902343750000e+03) (0, -1.50000000000000000000e+03) (1, -1.50000000000000000000e+03) (2, -4.44653272628784179688e-01) (3, -1.50000000000000000000e+03) (4, -1.50000000000000000000e+03) (5, 1.50000000000000000000e+03) (6, -2.05898612737655639648e-01) (0, -1.50000000000000000000e+03) (1, -1.50000000000000000000e+03) (2, -3.38399589061737060547e-01) (3, -1.50000000000000000000e+03) (4, -1.50000000000000000000e+03) (5, 1.50000000000000000000e+03) (6, -1.99003756046295166016e-01) (7, -9.66523265838623046875e+00) (8, -1.02844486236572265625e+01) (9, 1.50000000000000000000e+03) (10, 1.50000000000000000000e+03) (11, -9.68300724029541015625e+00) (7, 6.26307725906372070312e-02) (8, -2.08965986967086791992e-01) (9, 1.50000000000000000000e+03) (10, 1.50000000000000000000e+03) (11, 1.17767542600631713867e-01) (7, 5.54290413856506347656e-01) (8, -2.89315879344940185547e-02) (9, 1.50000000000000000000e+03) (10, 1.50000000000000000000e+03) (11, 4.29758071899414062500e-01) (7, 2.13853284716606140137e-01) (8, -2.04363614320755004883e-01) (9, 1.50000000000000000000e+03) (10, 1.50000000000000000000e+03) (11, 2.33488634228706359863e-01) (12, -1.43642956542968750000e+03) (13, -1.67988892644643783569e-02) (14, -5.55210113525390625000e-02) (15, -4.62539792060852050781e-02) (16, 8.55079218745231628418e-02) 
