FANN_FLO_2.1
num_layers=3
learning_rate=0.500000
connection_rate=1.000000
network_type=0
learning_momentum=0.000000
training_algorithm=2
train_error_function=1
train_stop_function=0
cascade_output_change_fraction=0.010000
quickprop_decay=-0.000100
quickprop_mu=1.750000
rprop_increase_factor=1.200000
rprop_decrease_factor=0.500000
rprop_delta_min=0.000000
rprop_delta_max=50.000000
rprop_delta_zero=0.100000
cascade_output_stagnation_epochs=12
cascade_candidate_change_fraction=0.010000
cascade_candidate_stagnation_epochs=12
cascade_max_out_epochs=150
cascade_min_out_epochs=50
cascade_max_cand_epochs=150
cascade_min_cand_epochs=50
cascade_num_candidate_groups=2
bit_fail_limit=3.49999994039535522461e-01
cascade_candidate_limit=1.00000000000000000000e+03
cascade_weight_multiplier=4.00000005960464477539e-01
cascade_activation_functions_count=10
cascade_activation_functions=3 5 7 8 10 11 14 15 16 17 
cascade_activation_steepnesses_count=4
cascade_activation_steepnesses=2.50000000000000000000e-01 5.00000000000000000000e-01 7.50000000000000000000e-01 1.00000000000000000000e+00 
layer_sizes=7 9 2 
scale_included=0
neurons (num_inputs, activation_function, activation_steepness)=(0, 0, 0.00000000000000000000e+00) (0, 0, 0.00000000000000000000e+00) (0, 0, 0.00000000000000000000e+00) (0, 0, 0.00000000000000000000e+00) (0, 0, 0.00000000000000000000e+00) (0, 0, 0.00000000000000000000e+00) (0, 0, 0.00000000000000000000e+00) (7, 3, 5.00000000000000000000e-01) (7, 3, 5.00000000000000000000e-01) (7, 3, 5.00000000000000000000e-01) (7, 3, 5.00000000000000000000e-01) (7, 3, 5.00000000000000000000e-01) (7, 3, 5.00000000000000000000e-01) (7, 3, 5.00000000000000000000e-01) (7, 3, 5.00000000000000000000e-01) (0, 3, 0.00000000000000000000e+00) (9, 0, 5.00000000000000000000e-01) (0, 0, 0.00000000000000000000e+00) 
connections (connected_to_neuron, weight)=(0, 1.69328525662422180176e-02) (1, 6.99318230152130126953e-01) (2, -4.69219148159027099609e-01) (3, 1.57373747788369655609e-03) (4, 6.99747800827026367188e-02) (5, -1.43743097782135009766e+00) (6, 1.76148980855941772461e-01) (0, -4.40421849489212036133e-01) (1, -5.20036399364471435547e-01) (2, -2.08529353141784667969e+00) (3, -3.05766254663467407227e-01) (4, 2.73824095726013183594e-01) (5, -8.02066421508789062500e+00) (6, -7.60774463415145874023e-02) (0, -2.34818100929260253906e-01) (1, -6.57572269439697265625e-01) (2, 9.12849783897399902344e-01) (3, -3.43040436506271362305e-01) (4, -7.39056348800659179688e-01) (5, 1.03688347339630126953e+00) (6, -8.48046958446502685547e-01) (0, -4.70805048942565917969e-01) (1, -1.14191722869873046875e+00) (2, 1.60688221454620361328e+00) (3, -2.22099646925926208496e-01) (4, -1.11297714710235595703e+00) (5, 1.33812689781188964844e+00) (6, -3.51231670379638671875e+00) (0, -4.21254158020019531250e-01) (1, -2.62322366237640380859e-01) (2, -3.83058204650878906250e+01) (3, -4.07419621944427490234e-01) (4, -4.55804710388183593750e+01) (5, -6.65897674560546875000e+01) (6, -3.60650688409805297852e-01) (0, -1.01533472537994384766e+00) (1, -9.92607414722442626953e-01) (2, 1.63735461235046386719e+00) (3, -8.56852293014526367188e-01) (4, 3.05242896080017089844e+00) (5, -6.64892292022705078125e+00) (6, -8.91013145446777343750e-01) (0, -2.42163181304931640625e-01) (1, -6.94111227989196777344e-01) (2, 9.60872948169708251953e-01) (3, -2.48730897903442382812e-01) (4, -5.69329977035522460938e-01) (5, 7.73612678050994873047e-01) (6, 1.59275997430086135864e-03) (0, -5.63659250736236572266e-01) (1, -3.05415451526641845703e-01) (2, 1.24481648206710815430e-01) (3, -5.54208278656005859375e-01) (4, -4.61155056953430175781e-01) (5, 2.96884417533874511719e+00) (6, 3.42831635475158691406e+00) (7, -7.88683257997035980225e-03) (8, 4.72267121076583862305e-02) (9, 4.74927335977554321289e-01) (10, 1.11750078201293945312e+00) (11, -2.91025085449218750000e+02) (12, -1.12642810563556849957e-04) (13, -3.91637980937957763672e-01) (14, -9.84920188784599304199e-03) (15, 1.98937747627496719360e-02) 
