FANN_FLO_2.1
num_layers=3
learning_rate=0.500000
connection_rate=1.000000
network_type=0
learning_momentum=0.000000
training_algorithm=2
train_error_function=1
train_stop_function=0
cascade_output_change_fraction=0.010000
quickprop_decay=-0.000100
quickprop_mu=1.750000
rprop_increase_factor=1.200000
rprop_decrease_factor=0.500000
rprop_delta_min=0.000000
rprop_delta_max=50.000000
rprop_delta_zero=0.100000
cascade_output_stagnation_epochs=12
cascade_candidate_change_fraction=0.010000
cascade_candidate_stagnation_epochs=12
cascade_max_out_epochs=150
cascade_min_out_epochs=50
cascade_max_cand_epochs=150
cascade_min_cand_epochs=50
cascade_num_candidate_groups=2
bit_fail_limit=3.49999994039535522461e-01
cascade_candidate_limit=1.00000000000000000000e+03
cascade_weight_multiplier=4.00000005960464477539e-01
cascade_activation_functions_count=10
cascade_activation_functions=3 5 7 8 10 11 14 15 16 17 
cascade_activation_steepnesses_count=4
cascade_activation_steepnesses=2.50000000000000000000e-01 5.00000000000000000000e-01 7.50000000000000000000e-01 1.00000000000000000000e+00 
layer_sizes=10 5 2 
scale_included=0
neurons (num_inputs, activation_function, activation_steepness)=(0, 0, 0.00000000000000000000e+00) (0, 0, 0.00000000000000000000e+00) (0, 0, 0.00000000000000000000e+00) (0, 0, 0.00000000000000000000e+00) (0, 0, 0.00000000000000000000e+00) (0, 0, 0.00000000000000000000e+00) (0, 0, 0.00000000000000000000e+00) (0, 0, 0.00000000000000000000e+00) (0, 0, 0.00000000000000000000e+00) (0, 0, 0.00000000000000000000e+00) (10, 3, 5.00000000000000000000e-01) (10, 3, 5.00000000000000000000e-01) (10, 3, 5.00000000000000000000e-01) (10, 3, 5.00000000000000000000e-01) (0, 3, 0.00000000000000000000e+00) (5, 3, 5.00000000000000000000e-01) (0, 3, 0.00000000000000000000e+00) 
connections (connected_to_neuron, weight)=(0, 1.50000000000000000000e+03) (1, 1.50000000000000000000e+03) (2, 1.50000000000000000000e+03) (3, 1.50000000000000000000e+03) (4, 1.50000000000000000000e+03) (5, 1.50000000000000000000e+03) (6, 1.50000000000000000000e+03) (7, 1.50000000000000000000e+03) (8, 1.50000000000000000000e+03) (9, 6.57524228096008300781e-01) (0, -3.77948582172393798828e-01) (1, -1.26113474369049072266e+00) (2, -4.11424219608306884766e-01) (3, -3.32854479551315307617e-01) (4, 3.57171118259429931641e-01) (5, -3.04177403450012207031e-01) (6, -4.59043979644775390625e-01) (7, -3.09652388095855712891e-01) (8, -3.89065653085708618164e-01) (9, 8.31895649433135986328e-01) (0, -6.04439020156860351562e-01) (1, 2.01995506882667541504e-01) (2, -5.77688038349151611328e-01) (3, -7.32500433921813964844e-01) (4, 7.13054478168487548828e-01) (5, -6.28605842590332031250e-01) (6, -6.10160887241363525391e-01) (7, -6.30669832229614257812e-01) (8, -7.15345740318298339844e-01) (9, 8.97125542163848876953e-01) (0, -1.64477825164794921875e-01) (1, -9.97749745845794677734e-01) (2, -1.37220308184623718262e-01) (3, -4.87308343872427940369e-03) (4, -1.92936241626739501953e+00) (5, -1.81848883628845214844e-01) (6, -1.14523008465766906738e-01) (7, -1.43971174955368041992e-01) (8, 4.06041182577610015869e-02) (9, 1.35384583473205566406e+00) (10, 3.13868552446365356445e-01) (11, -4.73781079053878784180e-01) (12, -2.80691671371459960938e+00) (13, -1.97627830505371093750e+00) (14, 1.41758954524993896484e+00) 
