FANN_FLO_2.1
num_layers=4
learning_rate=0.500000
connection_rate=1.000000
network_type=0
learning_momentum=0.000000
training_algorithm=2
train_error_function=1
train_stop_function=0
cascade_output_change_fraction=0.010000
quickprop_decay=-0.000100
quickprop_mu=1.750000
rprop_increase_factor=1.200000
rprop_decrease_factor=0.500000
rprop_delta_min=0.000000
rprop_delta_max=50.000000
rprop_delta_zero=0.100000
cascade_output_stagnation_epochs=12
cascade_candidate_change_fraction=0.010000
cascade_candidate_stagnation_epochs=12
cascade_max_out_epochs=150
cascade_min_out_epochs=50
cascade_max_cand_epochs=150
cascade_min_cand_epochs=50
cascade_num_candidate_groups=2
bit_fail_limit=3.49999994039535522461e-01
cascade_candidate_limit=1.00000000000000000000e+03
cascade_weight_multiplier=4.00000005960464477539e-01
cascade_activation_functions_count=10
cascade_activation_functions=3 5 7 8 10 11 14 15 16 17 
cascade_activation_steepnesses_count=4
cascade_activation_steepnesses=2.50000000000000000000e-01 5.00000000000000000000e-01 7.50000000000000000000e-01 1.00000000000000000000e+00 
layer_sizes=4 5 3 2 
scale_included=0
neurons (num_inputs, activation_function, activation_steepness)=(0, 0, 0.00000000000000000000e+00) (0, 0, 0.00000000000000000000e+00) (0, 0, 0.00000000000000000000e+00) (0, 0, 0.00000000000000000000e+00) (4, 3, 5.00000000000000000000e-01) (4, 3, 5.00000000000000000000e-01) (4, 3, 5.00000000000000000000e-01) (4, 3, 5.00000000000000000000e-01) (0, 3, 0.00000000000000000000e+00) (5, 3, 5.00000000000000000000e-01) (5, 3, 5.00000000000000000000e-01) (0, 3, 0.00000000000000000000e+00) (3, 3, 5.00000000000000000000e-01) (0, 3, 0.00000000000000000000e+00) 
connections (connected_to_neuron, weight)=(0, -4.94560384750366210938e+00) (1, -4.42487812042236328125e+00) (2, -6.67618393898010253906e-01) (3, 4.10232877731323242188e+00) (0, -3.83613616228103637695e-01) (1, -4.92840118408203125000e+01) (2, 2.76353721618652343750e+01) (3, 3.18133401870727539062e+00) (0, -4.28834056854248046875e+00) (1, -4.38522434234619140625e+00) (2, -8.96248698234558105469e-01) (3, 3.33539104461669921875e+00) (0, -4.85439538955688476562e+00) (1, -3.98842644691467285156e+00) (2, -5.78022539615631103516e-01) (3, 3.30782127380371093750e+00) (4, 9.81474876403808593750e+00) (5, -1.60614740848541259766e+00) (6, 1.94361515045166015625e+01) (7, 9.43360042572021484375e+00) (8, -8.30330944061279296875e+00) (4, -3.00612373352050781250e+01) (5, -1.21093847656250000000e+03) (6, -1.87088260650634765625e+01) (7, -3.89876861572265625000e+01) (8, 1.12139778137207031250e+01) (9, -4.76780128479003906250e+00) (10, -5.08151710033416748047e-01) (11, 2.51592373847961425781e+00) 
