FANN_FLO_2.1
num_layers=4
learning_rate=0.300000
connection_rate=1.000000
network_type=0
learning_momentum=0.000000
training_algorithm=2
train_error_function=1
train_stop_function=0
cascade_output_change_fraction=0.010000
quickprop_decay=-0.000100
quickprop_mu=1.750000
rprop_increase_factor=1.200000
rprop_decrease_factor=0.500000
rprop_delta_min=0.000000
rprop_delta_max=50.000000
rprop_delta_zero=0.100000
cascade_output_stagnation_epochs=12
cascade_candidate_change_fraction=0.010000
cascade_candidate_stagnation_epochs=12
cascade_max_out_epochs=150
cascade_min_out_epochs=50
cascade_max_cand_epochs=150
cascade_min_cand_epochs=50
cascade_num_candidate_groups=2
bit_fail_limit=3.49999994039535522461e-01
cascade_candidate_limit=1.00000000000000000000e+03
cascade_weight_multiplier=4.00000005960464477539e-01
cascade_activation_functions_count=10
cascade_activation_functions=3 5 7 8 10 11 14 15 16 17 
cascade_activation_steepnesses_count=4
cascade_activation_steepnesses=2.50000000000000000000e-01 5.00000000000000000000e-01 7.50000000000000000000e-01 1.00000000000000000000e+00 
layer_sizes=2 5 5 3 
scale_included=0
neurons (num_inputs, activation_function, activation_steepness)=(0, 0, 0.00000000000000000000e+00) (0, 0, 0.00000000000000000000e+00) (2, 3, 5.00000000000000000000e-01) (2, 3, 5.00000000000000000000e-01) (2, 3, 5.00000000000000000000e-01) (2, 3, 5.00000000000000000000e-01) (0, 3, 0.00000000000000000000e+00) (5, 3, 5.00000000000000000000e-01) (5, 3, 5.00000000000000000000e-01) (5, 3, 5.00000000000000000000e-01) (5, 3, 5.00000000000000000000e-01) (0, 3, 0.00000000000000000000e+00) (5, 0, 5.00000000000000000000e-01) (5, 0, 5.00000000000000000000e-01) (0, 0, 0.00000000000000000000e+00) 
connections (connected_to_neuron, weight)=(0, -1.51043491363525390625e+01) (1, -1.30096554756164550781e+00) (0, -1.51843299865722656250e+01) (1, -1.31832873821258544922e+00) (0, -4.64134073257446289062e+00) (1, -6.24031591415405273438e+00) (0, -1.24112882614135742188e+01) (1, -5.19713580608367919922e-01) (2, 1.34062421321868896484e+00) (3, 1.00268816947937011719e+00) (4, 1.34564459323883056641e+00) (5, 6.11290931701660156250e-01) (6, -1.35536956787109375000e+00) (2, 1.50212085247039794922e+00) (3, 1.00142228603363037109e+00) (4, 1.42164254188537597656e+00) (5, 5.05356192588806152344e-01) (6, -1.70109891891479492188e+00) (2, 6.39797389507293701172e-01) (3, 6.48955643177032470703e-01) (4, 1.50000000000000000000e+03) (5, 5.95219433307647705078e-01) (6, 2.90169739723205566406e+00) (2, 4.91744190454483032227e-01) (3, 4.34217989444732666016e-01) (4, 2.47530579566955566406e+00) (5, 4.91117030382156372070e-01) (6, -1.50993835926055908203e+00) (7, 1.23191766440868377686e-01) (8, 1.35929033160209655762e-01) (9, -7.86165148019790649414e-02) (10, -6.16211369633674621582e-02) (11, -1.09475091099739074707e-01) (7, -5.36281406879425048828e-01) (8, -5.62079727649688720703e-01) (9, -5.19560337066650390625e-01) (10, -6.79446220397949218750e-01) (11, -2.50495105981826782227e-01) 
