FANN_FLO_2.1
num_layers=4
learning_rate=0.500000
connection_rate=1.000000
network_type=0
learning_momentum=0.000000
training_algorithm=2
train_error_function=1
train_stop_function=0
cascade_output_change_fraction=0.010000
quickprop_decay=-0.000100
quickprop_mu=1.750000
rprop_increase_factor=1.200000
rprop_decrease_factor=0.500000
rprop_delta_min=0.000000
rprop_delta_max=50.000000
rprop_delta_zero=0.100000
cascade_output_stagnation_epochs=12
cascade_candidate_change_fraction=0.010000
cascade_candidate_stagnation_epochs=12
cascade_max_out_epochs=150
cascade_min_out_epochs=50
cascade_max_cand_epochs=150
cascade_min_cand_epochs=50
cascade_num_candidate_groups=2
bit_fail_limit=3.49999994039535522461e-01
cascade_candidate_limit=1.00000000000000000000e+03
cascade_weight_multiplier=4.00000005960464477539e-01
cascade_activation_functions_count=10
cascade_activation_functions=3 5 7 8 10 11 14 15 16 17 
cascade_activation_steepnesses_count=4
cascade_activation_steepnesses=2.50000000000000000000e-01 5.00000000000000000000e-01 7.50000000000000000000e-01 1.00000000000000000000e+00 
layer_sizes=4 5 5 2 
scale_included=0
neurons (num_inputs, activation_function, activation_steepness)=(0, 0, 0.00000000000000000000e+00) (0, 0, 0.00000000000000000000e+00) (0, 0, 0.00000000000000000000e+00) (0, 0, 0.00000000000000000000e+00) (4, 3, 5.00000000000000000000e-01) (4, 3, 5.00000000000000000000e-01) (4, 3, 5.00000000000000000000e-01) (4, 3, 5.00000000000000000000e-01) (0, 3, 0.00000000000000000000e+00) (5, 3, 5.00000000000000000000e-01) (5, 3, 5.00000000000000000000e-01) (5, 3, 5.00000000000000000000e-01) (5, 3, 5.00000000000000000000e-01) (0, 3, 0.00000000000000000000e+00) (5, 3, 5.00000000000000000000e-01) (0, 3, 0.00000000000000000000e+00) 
connections (connected_to_neuron, weight)=(0, -3.77506875991821289062e+00) (1, -2.09044647216796875000e+00) (2, -5.09455776214599609375e+00) (3, 3.16427397727966308594e+00) (0, -6.17767751216888427734e-01) (1, -1.08169364929199218750e+01) (2, -3.13657552003860473633e-01) (3, 1.54989850521087646484e+00) (0, -2.31631398200988769531e+00) (1, -1.60032978057861328125e+01) (2, 7.32397699356079101562e+00) (3, 2.58875560760498046875e+00) (0, -7.79120087623596191406e-01) (1, -1.06597137451171875000e+01) (2, -3.62327814102172851562e-01) (3, 1.52388501167297363281e+00) (4, -9.30507087707519531250e+00) (5, 2.05333328247070312500e+00) (6, -6.35120868682861328125e+00) (7, 2.10668206214904785156e+00) (8, 8.88779103755950927734e-01) (4, 1.85224990844726562500e+01) (5, -4.54170608520507812500e+00) (6, 1.87127952575683593750e+01) (7, -3.38244867324829101562e+00) (8, -4.95924329757690429688e+00) (4, 1.24017000198364257812e+01) (5, -2.01378765106201171875e+01) (6, 4.87029492855072021484e-01) (7, -2.33057136535644531250e+01) (8, 9.16731283068656921387e-02) (4, 3.13841953277587890625e+01) (5, -1.20142574310302734375e+01) (6, 2.12873039245605468750e+01) (7, -1.19432239532470703125e+01) (8, -5.77634906768798828125e+00) (9, 5.80077791213989257812e+00) (10, -2.02147483825683593750e+00) (11, -4.66113281250000000000e+00) (12, -1.93555426597595214844e+00) (13, 1.69243299961090087891e+00) 
