FANN_FLO_2.1
num_layers=3
learning_rate=0.500000
connection_rate=1.000000
network_type=0
learning_momentum=0.000000
training_algorithm=2
train_error_function=1
train_stop_function=0
cascade_output_change_fraction=0.010000
quickprop_decay=-0.000100
quickprop_mu=1.750000
rprop_increase_factor=1.200000
rprop_decrease_factor=0.500000
rprop_delta_min=0.000000
rprop_delta_max=50.000000
rprop_delta_zero=0.100000
cascade_output_stagnation_epochs=12
cascade_candidate_change_fraction=0.010000
cascade_candidate_stagnation_epochs=12
cascade_max_out_epochs=150
cascade_min_out_epochs=50
cascade_max_cand_epochs=150
cascade_min_cand_epochs=50
cascade_num_candidate_groups=2
bit_fail_limit=3.49999994039535522461e-01
cascade_candidate_limit=1.00000000000000000000e+03
cascade_weight_multiplier=4.00000005960464477539e-01
cascade_activation_functions_count=10
cascade_activation_functions=3 5 7 8 10 11 14 15 16 17 
cascade_activation_steepnesses_count=4
cascade_activation_steepnesses=2.50000000000000000000e-01 5.00000000000000000000e-01 7.50000000000000000000e-01 1.00000000000000000000e+00 
layer_sizes=3 5 4 
scale_included=0
neurons (num_inputs, activation_function, activation_steepness)=(0, 0, 0.00000000000000000000e+00) (0, 0, 0.00000000000000000000e+00) (0, 0, 0.00000000000000000000e+00) (3, 3, 5.00000000000000000000e-01) (3, 3, 5.00000000000000000000e-01) (3, 3, 5.00000000000000000000e-01) (3, 3, 5.00000000000000000000e-01) (0, 3, 0.00000000000000000000e+00) (5, 0, 5.00000000000000000000e-01) (5, 0, 5.00000000000000000000e-01) (5, 0, 5.00000000000000000000e-01) (0, 0, 0.00000000000000000000e+00) 
connections (connected_to_neuron, weight)=(0, -1.55689649581909179688e+01) (1, 1.00420331954956054688e+01) (2, 1.28141584396362304688e+01) (0, -1.50000000000000000000e+03) (1, -2.94827087402343750000e+02) (2, 2.22665710449218750000e+01) (0, -1.50000000000000000000e+03) (1, 8.15606880187988281250e+00) (2, 3.61067565917968750000e+02) (0, -1.50000000000000000000e+03) (1, -1.50000000000000000000e+03) (2, 3.19449234008789062500e+01) (3, 2.27729034423828125000e+00) (4, 1.87700736522674560547e+00) (5, 1.81525695323944091797e+00) (6, 2.37582921981811523438e+00) (7, 1.68238091468811035156e+00) (3, 8.28354072570800781250e+00) (4, 4.93161153793334960938e+00) (5, 4.80973386764526367188e+00) (6, 6.09144020080566406250e+00) (7, 6.57980346679687500000e+00) (3, 2.71604747772216796875e+01) (4, 1.48953418731689453125e+01) (5, 1.53296842575073242188e+01) (6, 1.92418022155761718750e+01) (7, 2.61416149139404296875e+01) 
