FANN_FLO_2.1
num_layers=4
learning_rate=0.450000
connection_rate=1.000000
network_type=0
learning_momentum=0.000000
training_algorithm=2
train_error_function=1
train_stop_function=0
cascade_output_change_fraction=0.010000
quickprop_decay=-0.000100
quickprop_mu=1.750000
rprop_increase_factor=1.200000
rprop_decrease_factor=0.500000
rprop_delta_min=0.000000
rprop_delta_max=50.000000
rprop_delta_zero=0.100000
cascade_output_stagnation_epochs=12
cascade_candidate_change_fraction=0.010000
cascade_candidate_stagnation_epochs=12
cascade_max_out_epochs=150
cascade_min_out_epochs=50
cascade_max_cand_epochs=150
cascade_min_cand_epochs=50
cascade_num_candidate_groups=2
bit_fail_limit=3.49999994039535522461e-01
cascade_candidate_limit=1.00000000000000000000e+03
cascade_weight_multiplier=4.00000005960464477539e-01
cascade_activation_functions_count=10
cascade_activation_functions=3 5 7 8 10 11 14 15 16 17 
cascade_activation_steepnesses_count=4
cascade_activation_steepnesses=2.50000000000000000000e-01 5.00000000000000000000e-01 7.50000000000000000000e-01 1.00000000000000000000e+00 
layer_sizes=7 5 3 2 
scale_included=0
neurons (num_inputs, activation_function, activation_steepness)=(0, 0, 0.00000000000000000000e+00) (0, 0, 0.00000000000000000000e+00) (0, 0, 0.00000000000000000000e+00) (0, 0, 0.00000000000000000000e+00) (0, 0, 0.00000000000000000000e+00) (0, 0, 0.00000000000000000000e+00) (0, 0, 0.00000000000000000000e+00) (7, 3, 5.00000000000000000000e-01) (7, 3, 5.00000000000000000000e-01) (7, 3, 5.00000000000000000000e-01) (7, 3, 5.00000000000000000000e-01) (0, 3, 0.00000000000000000000e+00) (5, 3, 5.00000000000000000000e-01) (5, 3, 5.00000000000000000000e-01) (0, 3, 0.00000000000000000000e+00) (3, 0, 5.00000000000000000000e-01) (0, 0, 0.00000000000000000000e+00) 
connections (connected_to_neuron, weight)=(0, -3.12436610460281372070e-01) (1, 3.00386697053909301758e-01) (2, -2.61959820985794067383e-01) (3, 1.07975825667381286621e-01) (4, -4.64962571859359741211e-01) (5, -8.19081217050552368164e-02) (6, 3.51854944229125976562e+00) (0, -2.26974533870816230774e-03) (1, 4.32275652885437011719e-01) (2, 5.03566324710845947266e-01) (3, 1.77358370274305343628e-03) (4, -7.00126111507415771484e-01) (5, 4.40758094191551208496e-02) (6, -3.29159331321716308594e+00) (0, 4.18541163206100463867e-01) (1, 6.27156257629394531250e-01) (2, 3.30580860376358032227e-01) (3, -5.67085370421409606934e-02) (4, -2.89886087179183959961e-01) (5, -8.74918818473815917969e-01) (6, -5.14282798767089843750e+00) (0, -2.88413941860198974609e-01) (1, 5.14884889125823974609e-01) (2, 6.19989454746246337891e-01) (3, -5.02112030982971191406e-01) (4, -1.39067605137825012207e-01) (5, -3.59814874827861785889e-02) (6, -3.02711427211761474609e-01) (7, 1.37514629364013671875e+01) (8, -2.01274824142456054688e+00) (9, -7.10170793533325195312e+00) (10, 1.86511516571044921875e+01) (11, 6.35238945484161376953e-01) (7, 9.67996692657470703125e+00) (8, -1.03453350067138671875e+01) (9, -5.95894908905029296875e+00) (10, 3.23790435791015625000e+01) (11, 7.49395370483398437500e-01) (12, 5.11132001876831054688e-01) (13, -5.23189365863800048828e-01) (14, 1.76394153386354446411e-02) 
