FANN_FLO_2.1
num_layers=3
learning_rate=0.300000
connection_rate=1.000000
network_type=0
learning_momentum=0.000000
training_algorithm=2
train_error_function=1
train_stop_function=0
cascade_output_change_fraction=0.010000
quickprop_decay=-0.000100
quickprop_mu=1.750000
rprop_increase_factor=1.200000
rprop_decrease_factor=0.500000
rprop_delta_min=0.000000
rprop_delta_max=50.000000
rprop_delta_zero=0.100000
cascade_output_stagnation_epochs=12
cascade_candidate_change_fraction=0.010000
cascade_candidate_stagnation_epochs=12
cascade_max_out_epochs=150
cascade_min_out_epochs=50
cascade_max_cand_epochs=150
cascade_min_cand_epochs=50
cascade_num_candidate_groups=2
bit_fail_limit=3.49999994039535522461e-01
cascade_candidate_limit=1.00000000000000000000e+03
cascade_weight_multiplier=4.00000005960464477539e-01
cascade_activation_functions_count=10
cascade_activation_functions=3 5 7 8 10 11 14 15 16 17 
cascade_activation_steepnesses_count=4
cascade_activation_steepnesses=2.50000000000000000000e-01 5.00000000000000000000e-01 7.50000000000000000000e-01 1.00000000000000000000e+00 
layer_sizes=4 9 2 
scale_included=0
neurons (num_inputs, activation_function, activation_steepness)=(0, 0, 0.00000000000000000000e+00) (0, 0, 0.00000000000000000000e+00) (0, 0, 0.00000000000000000000e+00) (0, 0, 0.00000000000000000000e+00) (4, 3, 5.00000000000000000000e-01) (4, 3, 5.00000000000000000000e-01) (4, 3, 5.00000000000000000000e-01) (4, 3, 5.00000000000000000000e-01) (4, 3, 5.00000000000000000000e-01) (4, 3, 5.00000000000000000000e-01) (4, 3, 5.00000000000000000000e-01) (4, 3, 5.00000000000000000000e-01) (0, 3, 0.00000000000000000000e+00) (9, 3, 5.00000000000000000000e-01) (0, 3, 0.00000000000000000000e+00) 
connections (connected_to_neuron, weight)=(0, 1.79215639829635620117e-01) (1, -1.21889209747314453125e+00) (2, 6.66016340255737304688e+00) (3, 1.15254640579223632812e+00) (0, -1.63586754351854324341e-02) (1, 4.37892898917198181152e-02) (2, -8.11002433300018310547e-01) (3, 1.92307829856872558594e+00) (0, -1.13537080585956573486e-01) (1, 1.34041961282491683960e-02) (2, -4.18968200683593750000e-02) (3, 9.24136936664581298828e-01) (0, 1.50000000000000000000e+03) (1, 8.50272155761718750000e+02) (2, 1.50000000000000000000e+03) (3, 8.11123907566070556641e-01) (0, -1.37434732913970947266e+00) (1, -5.10909929871559143066e-02) (2, -1.78405780792236328125e+01) (3, 2.06425830721855163574e-01) (0, 1.15124912261962890625e+01) (1, 3.23331773281097412109e-01) (2, -4.73933258056640625000e+01) (3, 1.27979367971420288086e-01) (0, -3.80828827619552612305e-01) (1, 2.65505045652389526367e-01) (2, -5.45768201351165771484e-01) (3, 1.19641649723052978516e+00) (0, -3.83419752120971679688e-01) (1, -2.90630608797073364258e-01) (2, 3.63716793060302734375e+00) (3, -1.25820291042327880859e+00) (4, 1.17163226008415222168e-01) (5, -2.09457898139953613281e+00) (6, -7.36497354507446289062e+00) (7, 1.10917568206787109375e+00) (8, 1.50000000000000000000e+03) (9, 1.14454232156276702881e-01) (10, -6.46183967590332031250e-01) (11, 1.75940155982971191406e-01) (12, 2.96389311552047729492e-01) 
