FANN_FLO_2.1
num_layers=3
learning_rate=0.500000
connection_rate=1.000000
network_type=0
learning_momentum=0.000000
training_algorithm=2
train_error_function=1
train_stop_function=0
cascade_output_change_fraction=0.010000
quickprop_decay=-0.000100
quickprop_mu=1.750000
rprop_increase_factor=1.200000
rprop_decrease_factor=0.500000
rprop_delta_min=0.000000
rprop_delta_max=50.000000
rprop_delta_zero=0.100000
cascade_output_stagnation_epochs=12
cascade_candidate_change_fraction=0.010000
cascade_candidate_stagnation_epochs=12
cascade_max_out_epochs=150
cascade_min_out_epochs=50
cascade_max_cand_epochs=150
cascade_min_cand_epochs=50
cascade_num_candidate_groups=2
bit_fail_limit=3.49999994039535522461e-01
cascade_candidate_limit=1.00000000000000000000e+03
cascade_weight_multiplier=4.00000005960464477539e-01
cascade_activation_functions_count=10
cascade_activation_functions=3 5 7 8 10 11 14 15 16 17 
cascade_activation_steepnesses_count=4
cascade_activation_steepnesses=2.50000000000000000000e-01 5.00000000000000000000e-01 7.50000000000000000000e-01 1.00000000000000000000e+00 
layer_sizes=3 5 4 
scale_included=0
neurons (num_inputs, activation_function, activation_steepness)=(0, 0, 0.00000000000000000000e+00) (0, 0, 0.00000000000000000000e+00) (0, 0, 0.00000000000000000000e+00) (3, 3, 5.00000000000000000000e-01) (3, 3, 5.00000000000000000000e-01) (3, 3, 5.00000000000000000000e-01) (3, 3, 5.00000000000000000000e-01) (0, 3, 0.00000000000000000000e+00) (5, 0, 5.00000000000000000000e-01) (5, 0, 5.00000000000000000000e-01) (5, 0, 5.00000000000000000000e-01) (0, 0, 0.00000000000000000000e+00) 
connections (connected_to_neuron, weight)=(0, -1.53715534210205078125e+01) (1, 1.25138034820556640625e+01) (2, 1.28215379714965820312e+01) (0, -1.79947614669799804688e+00) (1, -2.55382895469665527344e+00) (2, 3.46907585859298706055e-01) (0, -4.12047624588012695312e+00) (1, 2.06732344627380371094e+00) (2, 7.78584301471710205078e-01) (0, -2.94564628601074218750e+00) (1, -5.02879798412322998047e-01) (2, 3.69477927684783935547e-01) (3, 6.91891849040985107422e-01) (4, 2.55954289436340332031e+00) (5, 2.46595358848571777344e+00) (6, 3.53477168083190917969e+00) (7, 1.39029395580291748047e+00) (3, 4.11159992218017578125e+00) (4, 8.59332752227783203125e+00) (5, 6.80247831344604492188e+00) (6, 8.78310203552246093750e+00) (7, 5.42949151992797851562e+00) (3, 1.47643308639526367188e+01) (4, 2.92344245910644531250e+01) (5, 1.99869441986083984375e+01) (6, 2.78083667755126953125e+01) (7, 2.22367458343505859375e+01) 
