FANN_FLO_2.1
num_layers=3
learning_rate=0.500000
connection_rate=1.000000
network_type=0
learning_momentum=0.000000
training_algorithm=2
train_error_function=1
train_stop_function=0
cascade_output_change_fraction=0.010000
quickprop_decay=-0.000100
quickprop_mu=1.750000
rprop_increase_factor=1.200000
rprop_decrease_factor=0.500000
rprop_delta_min=0.000000
rprop_delta_max=50.000000
rprop_delta_zero=0.100000
cascade_output_stagnation_epochs=12
cascade_candidate_change_fraction=0.010000
cascade_candidate_stagnation_epochs=12
cascade_max_out_epochs=150
cascade_min_out_epochs=50
cascade_max_cand_epochs=150
cascade_min_cand_epochs=50
cascade_num_candidate_groups=2
bit_fail_limit=3.49999994039535522461e-01
cascade_candidate_limit=1.00000000000000000000e+03
cascade_weight_multiplier=4.00000005960464477539e-01
cascade_activation_functions_count=10
cascade_activation_functions=3 5 7 8 10 11 14 15 16 17 
cascade_activation_steepnesses_count=4
cascade_activation_steepnesses=2.50000000000000000000e-01 5.00000000000000000000e-01 7.50000000000000000000e-01 1.00000000000000000000e+00 
layer_sizes=7 9 2 
scale_included=0
neurons (num_inputs, activation_function, activation_steepness)=(0, 0, 0.00000000000000000000e+00) (0, 0, 0.00000000000000000000e+00) (0, 0, 0.00000000000000000000e+00) (0, 0, 0.00000000000000000000e+00) (0, 0, 0.00000000000000000000e+00) (0, 0, 0.00000000000000000000e+00) (0, 0, 0.00000000000000000000e+00) (7, 3, 5.00000000000000000000e-01) (7, 3, 5.00000000000000000000e-01) (7, 3, 5.00000000000000000000e-01) (7, 3, 5.00000000000000000000e-01) (7, 3, 5.00000000000000000000e-01) (7, 3, 5.00000000000000000000e-01) (7, 3, 5.00000000000000000000e-01) (7, 3, 5.00000000000000000000e-01) (0, 3, 0.00000000000000000000e+00) (9, 0, 5.00000000000000000000e-01) (0, 0, 0.00000000000000000000e+00) 
connections (connected_to_neuron, weight)=(0, -3.39836716651916503906e-01) (1, 4.01217974722385406494e-02) (2, -4.71008628606796264648e-01) (3, -3.85925114154815673828e-01) (4, 1.87973189353942871094e+00) (5, -4.07335132360458374023e-01) (6, -4.12464112043380737305e-01) (0, 2.14634227752685546875e+01) (1, 1.20142281055450439453e+00) (2, -7.29424953460693359375e-01) (3, 2.68807768821716308594e+00) (4, 1.03339729309082031250e+01) (5, -7.85046434402465820312e+00) (6, 6.31973564624786376953e-01) (0, -2.61333405971527099609e-01) (1, 5.31545467674732208252e-02) (2, 1.12928342819213867188e+00) (3, -2.42200061678886413574e-01) (4, 1.38324471190571784973e-02) (5, -3.84766519069671630859e-01) (6, -2.54248237609863281250e+00) (0, -3.41364860534667968750e-01) (1, -4.86768394708633422852e-01) (2, -1.49290561676025390625e+00) (3, 1.17101008072495460510e-03) (4, 7.89465248584747314453e-01) (5, 6.53126060962677001953e-01) (6, 5.06500864028930664062e+00) (0, -3.01846057176589965820e-01) (1, -5.51611661911010742188e-01) (2, -1.63767188787460327148e-01) (3, -5.13824880123138427734e-01) (4, 2.25860810279846191406e+00) (5, -3.04656565189361572266e-01) (6, 5.47892808914184570312e-01) (0, 3.82593536376953125000e+01) (1, 3.65182936191558837891e-01) (2, -7.25630402565002441406e-01) (3, 4.42348384857177734375e+00) (4, 4.50166845321655273438e+00) (5, -3.87387943267822265625e+00) (6, 1.03936755657196044922e+00) (0, -2.52761602401733398438e+00) (1, -7.67479181289672851562e+00) (2, 6.16387367248535156250e+01) (3, -2.01073694229125976562e+00) (4, -5.00850860595703125000e+02) (5, -1.05140922546386718750e+02) (6, -2.15175199508666992188e+00) (0, -9.12557363510131835938e-01) (1, -1.28805077075958251953e+00) (2, -1.31722581386566162109e+00) (3, -9.85820174217224121094e-01) (4, 1.27349567413330078125e+00) (5, -1.90773040056228637695e-01) (6, -9.87626731395721435547e-01) (7, -7.84168243408203125000e-02) (8, -2.58782710880041122437e-02) (9, -3.97305227816104888916e-02) (10, -2.86688711494207382202e-02) (11, 6.80526047945022583008e-02) (12, -3.11585944145917892456e-02) (13, -1.53295367956161499023e-01) (14, -9.30344965308904647827e-03) (15, 1.01648665964603424072e-01) 
