FANN_FLO_2.1
num_layers=4
learning_rate=0.500000
connection_rate=1.000000
network_type=0
learning_momentum=0.000000
training_algorithm=2
train_error_function=1
train_stop_function=0
cascade_output_change_fraction=0.010000
quickprop_decay=-0.000100
quickprop_mu=1.750000
rprop_increase_factor=1.200000
rprop_decrease_factor=0.500000
rprop_delta_min=0.000000
rprop_delta_max=50.000000
rprop_delta_zero=0.100000
cascade_output_stagnation_epochs=12
cascade_candidate_change_fraction=0.010000
cascade_candidate_stagnation_epochs=12
cascade_max_out_epochs=150
cascade_min_out_epochs=50
cascade_max_cand_epochs=150
cascade_min_cand_epochs=50
cascade_num_candidate_groups=2
bit_fail_limit=3.49999994039535522461e-01
cascade_candidate_limit=1.00000000000000000000e+03
cascade_weight_multiplier=4.00000005960464477539e-01
cascade_activation_functions_count=10
cascade_activation_functions=3 5 7 8 10 11 14 15 16 17 
cascade_activation_steepnesses_count=4
cascade_activation_steepnesses=2.50000000000000000000e-01 5.00000000000000000000e-01 7.50000000000000000000e-01 1.00000000000000000000e+00 
layer_sizes=4 5 3 2 
scale_included=0
neurons (num_inputs, activation_function, activation_steepness)=(0, 0, 0.00000000000000000000e+00) (0, 0, 0.00000000000000000000e+00) (0, 0, 0.00000000000000000000e+00) (0, 0, 0.00000000000000000000e+00) (4, 3, 5.00000000000000000000e-01) (4, 3, 5.00000000000000000000e-01) (4, 3, 5.00000000000000000000e-01) (4, 3, 5.00000000000000000000e-01) (0, 3, 0.00000000000000000000e+00) (5, 3, 5.00000000000000000000e-01) (5, 3, 5.00000000000000000000e-01) (0, 3, 0.00000000000000000000e+00) (3, 3, 5.00000000000000000000e-01) (0, 3, 0.00000000000000000000e+00) 
connections (connected_to_neuron, weight)=(0, 3.44545793533325195312e+00) (1, -1.14910268783569335938e+01) (2, 1.16828422546386718750e+01) (3, -3.70676255226135253906e+00) (0, -3.71011829376220703125e+00) (1, -3.84045362472534179688e+00) (2, 4.09499943256378173828e-01) (3, 1.67461335659027099609e+00) (0, 6.68789267539978027344e-01) (1, -8.18641471862792968750e+00) (2, 1.95823550224304199219e-01) (3, 1.72258698940277099609e+00) (0, -1.64167190551757812500e+02) (1, -1.18764820098876953125e+01) (2, 4.05777245759963989258e-01) (3, 2.23804569244384765625e+00) (4, 1.50000000000000000000e+03) (5, -2.85083770751953125000e+02) (6, -1.91681793212890625000e+02) (7, 1.18606616210937500000e+03) (8, 2.79361873865127563477e-01) (4, 1.87741613388061523438e+00) (5, 2.94218730926513671875e+01) (6, 2.96408390998840332031e+00) (7, -2.00218296051025390625e+01) (8, -5.62890625000000000000e+00) (9, 6.51632905006408691406e-01) (10, -4.98215150833129882812e+00) (11, 1.60211944580078125000e+00) 
