FANN_FLO_2.1
num_layers=4
learning_rate=0.500000
connection_rate=1.000000
network_type=0
learning_momentum=0.000000
training_algorithm=2
train_error_function=1
train_stop_function=0
cascade_output_change_fraction=0.010000
quickprop_decay=-0.000100
quickprop_mu=1.750000
rprop_increase_factor=1.200000
rprop_decrease_factor=0.500000
rprop_delta_min=0.000000
rprop_delta_max=50.000000
rprop_delta_zero=0.100000
cascade_output_stagnation_epochs=12
cascade_candidate_change_fraction=0.010000
cascade_candidate_stagnation_epochs=12
cascade_max_out_epochs=150
cascade_min_out_epochs=50
cascade_max_cand_epochs=150
cascade_min_cand_epochs=50
cascade_num_candidate_groups=2
bit_fail_limit=3.49999994039535522461e-01
cascade_candidate_limit=1.00000000000000000000e+03
cascade_weight_multiplier=4.00000005960464477539e-01
cascade_activation_functions_count=10
cascade_activation_functions=3 5 7 8 10 11 14 15 16 17 
cascade_activation_steepnesses_count=4
cascade_activation_steepnesses=2.50000000000000000000e-01 5.00000000000000000000e-01 7.50000000000000000000e-01 1.00000000000000000000e+00 
layer_sizes=4 5 3 2 
scale_included=0
neurons (num_inputs, activation_function, activation_steepness)=(0, 0, 0.00000000000000000000e+00) (0, 0, 0.00000000000000000000e+00) (0, 0, 0.00000000000000000000e+00) (0, 0, 0.00000000000000000000e+00) (4, 3, 5.00000000000000000000e-01) (4, 3, 5.00000000000000000000e-01) (4, 3, 5.00000000000000000000e-01) (4, 3, 5.00000000000000000000e-01) (0, 3, 0.00000000000000000000e+00) (5, 3, 5.00000000000000000000e-01) (5, 3, 5.00000000000000000000e-01) (0, 3, 0.00000000000000000000e+00) (3, 3, 5.00000000000000000000e-01) (0, 3, 0.00000000000000000000e+00) 
connections (connected_to_neuron, weight)=(0, 4.52399730682373046875e+00) (1, -7.05371780395507812500e+01) (2, 1.49902410507202148438e+01) (3, 4.05638635158538818359e-01) (0, -6.66424274444580078125e+00) (1, -7.16640186309814453125e+00) (2, 9.72893238067626953125e-01) (3, 5.04621171951293945312e+00) (0, -6.89281177520751953125e+00) (1, -7.73641109466552734375e-01) (2, -3.32813763618469238281e+00) (3, 5.10026788711547851562e+00) (0, -5.89828910827636718750e+01) (1, -5.43276357650756835938e+00) (2, 5.21601524353027343750e+01) (3, -1.25908613204956054688e-01) (4, 4.46361589431762695312e+00) (5, 6.73311519622802734375e+00) (6, 1.39000244140625000000e+01) (7, -6.04803323745727539062e+00) (8, -4.45942735671997070312e+00) (4, 3.71552810668945312500e+01) (5, 6.49002990722656250000e+01) (6, -2.28863258361816406250e+01) (7, 6.21355529785156250000e+02) (8, 3.73599916696548461914e-01) (9, -5.52936363220214843750e+00) (10, 2.31577444076538085938e+00) (11, 1.01697945594787597656e+00) 
