FANN_FLO_2.1
num_layers=3
learning_rate=0.500000
connection_rate=1.000000
network_type=0
learning_momentum=0.000000
training_algorithm=2
train_error_function=1
train_stop_function=0
cascade_output_change_fraction=0.010000
quickprop_decay=-0.000100
quickprop_mu=1.750000
rprop_increase_factor=1.200000
rprop_decrease_factor=0.500000
rprop_delta_min=0.000000
rprop_delta_max=50.000000
rprop_delta_zero=0.100000
cascade_output_stagnation_epochs=12
cascade_candidate_change_fraction=0.010000
cascade_candidate_stagnation_epochs=12
cascade_max_out_epochs=150
cascade_min_out_epochs=50
cascade_max_cand_epochs=150
cascade_min_cand_epochs=50
cascade_num_candidate_groups=2
bit_fail_limit=3.49999994039535522461e-01
cascade_candidate_limit=1.00000000000000000000e+03
cascade_weight_multiplier=4.00000005960464477539e-01
cascade_activation_functions_count=10
cascade_activation_functions=3 5 7 8 10 11 14 15 16 17 
cascade_activation_steepnesses_count=4
cascade_activation_steepnesses=2.50000000000000000000e-01 5.00000000000000000000e-01 7.50000000000000000000e-01 1.00000000000000000000e+00 
layer_sizes=3 5 4 
scale_included=0
neurons (num_inputs, activation_function, activation_steepness)=(0, 0, 0.00000000000000000000e+00) (0, 0, 0.00000000000000000000e+00) (0, 0, 0.00000000000000000000e+00) (3, 3, 5.00000000000000000000e-01) (3, 3, 5.00000000000000000000e-01) (3, 3, 5.00000000000000000000e-01) (3, 3, 5.00000000000000000000e-01) (0, 3, 0.00000000000000000000e+00) (5, 0, 5.00000000000000000000e-01) (5, 0, 5.00000000000000000000e-01) (5, 0, 5.00000000000000000000e-01) (0, 0, 0.00000000000000000000e+00) 
connections (connected_to_neuron, weight)=(0, -2.95920538902282714844e+00) (1, 1.72759509086608886719e+00) (2, 3.48494201898574829102e-01) (0, -1.29662966728210449219e+00) (1, -2.17363953590393066406e+00) (2, 4.73328948020935058594e-01) (0, -2.81963706016540527344e+00) (1, -5.82402288913726806641e-01) (2, 5.65638482570648193359e-01) (0, -3.56487011909484863281e+00) (1, 4.62567090988159179688e+00) (2, 1.98762917518615722656e+00) (3, 2.48783087730407714844e+00) (4, 3.02987170219421386719e+00) (5, 3.28569841384887695312e+00) (6, 1.48607182502746582031e+00) (7, 7.12191641330718994141e-01) (3, 7.13611793518066406250e+00) (4, 9.52642059326171875000e+00) (5, 8.54724216461181640625e+00) (6, 6.03247594833374023438e+00) (7, 3.23456740379333496094e+00) (3, 2.27592258453369140625e+01) (4, 3.19584980010986328125e+01) (5, 2.71185131072998046875e+01) (6, 1.81425628662109375000e+01) (7, 1.65030269622802734375e+01) 
