FANN_FLO_2.1
num_layers=4
learning_rate=0.500000
connection_rate=1.000000
network_type=0
learning_momentum=0.000000
training_algorithm=2
train_error_function=1
train_stop_function=0
cascade_output_change_fraction=0.010000
quickprop_decay=-0.000100
quickprop_mu=1.750000
rprop_increase_factor=1.200000
rprop_decrease_factor=0.500000
rprop_delta_min=0.000000
rprop_delta_max=50.000000
rprop_delta_zero=0.100000
cascade_output_stagnation_epochs=12
cascade_candidate_change_fraction=0.010000
cascade_candidate_stagnation_epochs=12
cascade_max_out_epochs=150
cascade_min_out_epochs=50
cascade_max_cand_epochs=150
cascade_min_cand_epochs=50
cascade_num_candidate_groups=2
bit_fail_limit=3.49999994039535522461e-01
cascade_candidate_limit=1.00000000000000000000e+03
cascade_weight_multiplier=4.00000005960464477539e-01
cascade_activation_functions_count=10
cascade_activation_functions=3 5 7 8 10 11 14 15 16 17 
cascade_activation_steepnesses_count=4
cascade_activation_steepnesses=2.50000000000000000000e-01 5.00000000000000000000e-01 7.50000000000000000000e-01 1.00000000000000000000e+00 
layer_sizes=4 5 3 2 
scale_included=0
neurons (num_inputs, activation_function, activation_steepness)=(0, 0, 0.00000000000000000000e+00) (0, 0, 0.00000000000000000000e+00) (0, 0, 0.00000000000000000000e+00) (0, 0, 0.00000000000000000000e+00) (4, 3, 5.00000000000000000000e-01) (4, 3, 5.00000000000000000000e-01) (4, 3, 5.00000000000000000000e-01) (4, 3, 5.00000000000000000000e-01) (0, 3, 0.00000000000000000000e+00) (5, 3, 5.00000000000000000000e-01) (5, 3, 5.00000000000000000000e-01) (0, 3, 0.00000000000000000000e+00) (3, 3, 5.00000000000000000000e-01) (0, 3, 0.00000000000000000000e+00) 
connections (connected_to_neuron, weight)=(0, 4.69979381561279296875e+00) (1, 8.77187550067901611328e-01) (2, 4.96407985687255859375e-01) (3, -3.66121435165405273438e+00) (0, -3.40205311775207519531e+00) (1, 3.86166214942932128906e+00) (2, -6.81445074081420898438e+00) (3, 1.83922100067138671875e+00) (0, -2.24832391738891601562e+00) (1, -8.56504249572753906250e+00) (2, 3.40754604339599609375e+00) (3, 1.89961433410644531250e+00) (0, 4.64729118347167968750e+00) (1, 8.15242767333984375000e-01) (2, 5.95826745033264160156e-01) (3, -3.63843798637390136719e+00) (4, -1.04691858291625976562e+01) (5, 2.44004421234130859375e+01) (6, 2.46997051239013671875e+01) (7, -1.04814319610595703125e+01) (8, 6.66497766971588134766e-01) (4, -9.47101402282714843750e+00) (5, 1.98379516601562500000e+01) (6, 2.01863117218017578125e+01) (7, -9.50887393951416015625e+00) (8, 1.53118145465850830078e+00) (9, -3.28863525390625000000e+00) (10, -1.25018179416656494141e+00) (11, 2.30341386795043945312e+00) 
