FANN_FLO_2.1
num_layers=4
learning_rate=0.300000
connection_rate=1.000000
network_type=0
learning_momentum=0.000000
training_algorithm=2
train_error_function=1
train_stop_function=0
cascade_output_change_fraction=0.010000
quickprop_decay=-0.000100
quickprop_mu=1.750000
rprop_increase_factor=1.200000
rprop_decrease_factor=0.500000
rprop_delta_min=0.000000
rprop_delta_max=50.000000
rprop_delta_zero=0.100000
cascade_output_stagnation_epochs=12
cascade_candidate_change_fraction=0.010000
cascade_candidate_stagnation_epochs=12
cascade_max_out_epochs=150
cascade_min_out_epochs=50
cascade_max_cand_epochs=150
cascade_min_cand_epochs=50
cascade_num_candidate_groups=2
bit_fail_limit=3.49999994039535522461e-01
cascade_candidate_limit=1.00000000000000000000e+03
cascade_weight_multiplier=4.00000005960464477539e-01
cascade_activation_functions_count=10
cascade_activation_functions=3 5 7 8 10 11 14 15 16 17 
cascade_activation_steepnesses_count=4
cascade_activation_steepnesses=2.50000000000000000000e-01 5.00000000000000000000e-01 7.50000000000000000000e-01 1.00000000000000000000e+00 
layer_sizes=2 5 3 3 
scale_included=0
neurons (num_inputs, activation_function, activation_steepness)=(0, 0, 0.00000000000000000000e+00) (0, 0, 0.00000000000000000000e+00) (2, 3, 5.00000000000000000000e-01) (2, 3, 5.00000000000000000000e-01) (2, 3, 5.00000000000000000000e-01) (2, 3, 5.00000000000000000000e-01) (0, 3, 0.00000000000000000000e+00) (5, 3, 5.00000000000000000000e-01) (5, 3, 5.00000000000000000000e-01) (0, 3, 0.00000000000000000000e+00) (3, 0, 5.00000000000000000000e-01) (3, 0, 5.00000000000000000000e-01) (0, 0, 0.00000000000000000000e+00) 
connections (connected_to_neuron, weight)=(0, 1.01285953521728515625e+01) (1, 7.89264559745788574219e-01) (0, 3.65041089057922363281e+00) (1, 6.34498059749603271484e-01) (0, 2.97136020660400390625e+00) (1, 2.47010394930839538574e-01) (0, 8.60799694061279296875e+00) (1, 4.42392915487289428711e-01) (2, -6.15356636047363281250e+00) (3, 1.29031715393066406250e+01) (4, 7.81203746795654296875e+00) (5, -3.81078553199768066406e+00) (6, -4.26640129089355468750e+00) (2, -2.64420819282531738281e+00) (3, 5.11755752563476562500e+00) (4, 1.99056184291839599609e+00) (5, -7.72525358200073242188e+00) (6, -2.00488120317459106445e-01) (7, -1.74415973015129566193e-03) (8, 1.27913430333137512207e-03) (9, -3.58451041392982006073e-04) (7, -1.11118113994598388672e+00) (8, -2.43690395355224609375e+00) (9, -9.34847742319107055664e-02) 
