FANN_FLO_2.1
num_layers=4
learning_rate=0.300000
connection_rate=1.000000
network_type=0
learning_momentum=0.000000
training_algorithm=2
train_error_function=1
train_stop_function=0
cascade_output_change_fraction=0.010000
quickprop_decay=-0.000100
quickprop_mu=1.750000
rprop_increase_factor=1.200000
rprop_decrease_factor=0.500000
rprop_delta_min=0.000000
rprop_delta_max=50.000000
rprop_delta_zero=0.100000
cascade_output_stagnation_epochs=12
cascade_candidate_change_fraction=0.010000
cascade_candidate_stagnation_epochs=12
cascade_max_out_epochs=150
cascade_min_out_epochs=50
cascade_max_cand_epochs=150
cascade_min_cand_epochs=50
cascade_num_candidate_groups=2
bit_fail_limit=3.49999994039535522461e-01
cascade_candidate_limit=1.00000000000000000000e+03
cascade_weight_multiplier=4.00000005960464477539e-01
cascade_activation_functions_count=10
cascade_activation_functions=3 5 7 8 10 11 14 15 16 17 
cascade_activation_steepnesses_count=4
cascade_activation_steepnesses=2.50000000000000000000e-01 5.00000000000000000000e-01 7.50000000000000000000e-01 1.00000000000000000000e+00 
layer_sizes=2 5 5 3 
scale_included=0
neurons (num_inputs, activation_function, activation_steepness)=(0, 0, 0.00000000000000000000e+00) (0, 0, 0.00000000000000000000e+00) (2, 3, 5.00000000000000000000e-01) (2, 3, 5.00000000000000000000e-01) (2, 3, 5.00000000000000000000e-01) (2, 3, 5.00000000000000000000e-01) (0, 3, 0.00000000000000000000e+00) (5, 3, 5.00000000000000000000e-01) (5, 3, 5.00000000000000000000e-01) (5, 3, 5.00000000000000000000e-01) (5, 3, 5.00000000000000000000e-01) (0, 3, 0.00000000000000000000e+00) (5, 0, 5.00000000000000000000e-01) (5, 0, 5.00000000000000000000e-01) (0, 0, 0.00000000000000000000e+00) 
connections (connected_to_neuron, weight)=(0, -1.50000000000000000000e+03) (1, -1.25763845443725585938e+00) (0, -1.50000000000000000000e+03) (1, -9.06252980232238769531e-01) (0, -1.50000000000000000000e+03) (1, -7.27450847625732421875e-01) (0, -1.50000000000000000000e+03) (1, -1.71479582786560058594e+00) (2, 1.22051084041595458984e+00) (3, 9.01354730129241943359e-01) (4, 6.93624734878540039062e-01) (5, 1.12438178062438964844e+00) (6, -1.37272882461547851562e+00) (2, 4.46226239204406738281e-01) (3, 4.62622374296188354492e-01) (4, 4.42389309406280517578e-01) (5, 5.86790084838867187500e-01) (6, 5.61741232872009277344e-01) (2, 3.11904847621917724609e-01) (3, 4.15173619985580444336e-01) (4, 4.20427411794662475586e-01) (5, 2.82641798257827758789e-01) (6, 1.96532738208770751953e+00) (2, 1.49367618560791015625e+00) (3, 1.05113744735717773438e+00) (4, 5.70748269557952880859e-01) (5, 1.46320199966430664062e+00) (6, -2.90279316902160644531e+00) (7, 3.61165963113307952881e-02) (8, -1.18013015016913414001e-02) (9, -8.62395763397216796875e-02) (10, 2.94694632291793823242e-01) (11, -1.71452552080154418945e-01) (7, -4.54018205404281616211e-01) (8, -4.96497154235839843750e-01) (9, -3.35307031869888305664e-01) (10, -4.80988532304763793945e-01) (11, -3.90645563602447509766e-01) 
