FANN_FLO_2.1
num_layers=3
learning_rate=0.450000
connection_rate=1.000000
network_type=0
learning_momentum=0.000000
training_algorithm=2
train_error_function=1
train_stop_function=0
cascade_output_change_fraction=0.010000
quickprop_decay=-0.000100
quickprop_mu=1.750000
rprop_increase_factor=1.200000
rprop_decrease_factor=0.500000
rprop_delta_min=0.000000
rprop_delta_max=50.000000
rprop_delta_zero=0.100000
cascade_output_stagnation_epochs=12
cascade_candidate_change_fraction=0.010000
cascade_candidate_stagnation_epochs=12
cascade_max_out_epochs=150
cascade_min_out_epochs=50
cascade_max_cand_epochs=150
cascade_min_cand_epochs=50
cascade_num_candidate_groups=2
bit_fail_limit=3.49999994039535522461e-01
cascade_candidate_limit=1.00000000000000000000e+03
cascade_weight_multiplier=4.00000005960464477539e-01
cascade_activation_functions_count=10
cascade_activation_functions=3 5 7 8 10 11 14 15 16 17 
cascade_activation_steepnesses_count=4
cascade_activation_steepnesses=2.50000000000000000000e-01 5.00000000000000000000e-01 7.50000000000000000000e-01 1.00000000000000000000e+00 
layer_sizes=7 5 2 
scale_included=0
neurons (num_inputs, activation_function, activation_steepness)=(0, 0, 0.00000000000000000000e+00) (0, 0, 0.00000000000000000000e+00) (0, 0, 0.00000000000000000000e+00) (0, 0, 0.00000000000000000000e+00) (0, 0, 0.00000000000000000000e+00) (0, 0, 0.00000000000000000000e+00) (0, 0, 0.00000000000000000000e+00) (7, 3, 5.00000000000000000000e-01) (7, 3, 5.00000000000000000000e-01) (7, 3, 5.00000000000000000000e-01) (7, 3, 5.00000000000000000000e-01) (0, 3, 0.00000000000000000000e+00) (5, 0, 5.00000000000000000000e-01) (0, 0, 0.00000000000000000000e+00) 
connections (connected_to_neuron, weight)=(0, -8.35082244873046875000e+01) (1, -2.05273374915122985840e-01) (2, -1.00970019531250000000e+03) (3, 7.84043197631835937500e+01) (4, -8.87286245822906494141e-01) (5, -5.59987373352050781250e+01) (6, -1.03654170036315917969e+00) (0, -1.14568047225475311279e-01) (1, 3.92000287771224975586e-01) (2, 4.54459846019744873047e-01) (3, -3.42003315687179565430e-01) (4, 6.50390434265136718750e+00) (5, -4.17246389389038085938e+00) (6, 6.25014960765838623047e-01) (0, -3.18936061859130859375e+01) (1, -6.16970539093017578125e-01) (2, -1.25420178222656250000e+03) (3, -2.55462768554687500000e+02) (4, -3.44934642314910888672e-01) (5, -1.92477523803710937500e+02) (6, -6.90266013145446777344e-01) (0, -2.24568233489990234375e+01) (1, -7.75264501571655273438e-01) (2, 2.47504997253417968750e+01) (3, -7.24238586425781250000e+01) (4, -1.58373743295669555664e-01) (5, 9.32738265991210937500e+01) (6, -4.71100836992263793945e-01) (7, -1.89275201410055160522e-02) (8, -3.18593829870223999023e-01) (9, 9.00000000000000000000e+02) (10, 1.72109039306640625000e+02) (11, 3.36355239152908325195e-01) 
