FANN_FLO_2.1
num_layers=3
learning_rate=0.500000
connection_rate=1.000000
network_type=0
learning_momentum=0.000000
training_algorithm=2
train_error_function=1
train_stop_function=0
cascade_output_change_fraction=0.010000
quickprop_decay=-0.000100
quickprop_mu=1.750000
rprop_increase_factor=1.200000
rprop_decrease_factor=0.500000
rprop_delta_min=0.000000
rprop_delta_max=50.000000
rprop_delta_zero=0.100000
cascade_output_stagnation_epochs=12
cascade_candidate_change_fraction=0.010000
cascade_candidate_stagnation_epochs=12
cascade_max_out_epochs=150
cascade_min_out_epochs=50
cascade_max_cand_epochs=150
cascade_min_cand_epochs=50
cascade_num_candidate_groups=2
bit_fail_limit=3.49999994039535522461e-01
cascade_candidate_limit=1.00000000000000000000e+03
cascade_weight_multiplier=4.00000005960464477539e-01
cascade_activation_functions_count=10
cascade_activation_functions=3 5 7 8 10 11 14 15 16 17 
cascade_activation_steepnesses_count=4
cascade_activation_steepnesses=2.50000000000000000000e-01 5.00000000000000000000e-01 7.50000000000000000000e-01 1.00000000000000000000e+00 
layer_sizes=7 9 2 
scale_included=0
neurons (num_inputs, activation_function, activation_steepness)=(0, 0, 0.00000000000000000000e+00) (0, 0, 0.00000000000000000000e+00) (0, 0, 0.00000000000000000000e+00) (0, 0, 0.00000000000000000000e+00) (0, 0, 0.00000000000000000000e+00) (0, 0, 0.00000000000000000000e+00) (0, 0, 0.00000000000000000000e+00) (7, 3, 5.00000000000000000000e-01) (7, 3, 5.00000000000000000000e-01) (7, 3, 5.00000000000000000000e-01) (7, 3, 5.00000000000000000000e-01) (7, 3, 5.00000000000000000000e-01) (7, 3, 5.00000000000000000000e-01) (7, 3, 5.00000000000000000000e-01) (7, 3, 5.00000000000000000000e-01) (0, 3, 0.00000000000000000000e+00) (9, 0, 5.00000000000000000000e-01) (0, 0, 0.00000000000000000000e+00) 
connections (connected_to_neuron, weight)=(0, -1.57792437076568603516e+00) (1, -2.50764107704162597656e+00) (2, -3.75903010368347167969e-01) (3, -4.01589250564575195312e+00) (4, -7.32720077037811279297e-01) (5, -4.63241920471191406250e+01) (6, -2.12984994053840637207e-01) (0, -6.22998118400573730469e-01) (1, -1.07070422172546386719e+00) (2, -5.00615417957305908203e-01) (3, -1.01333212852478027344e+00) (4, -9.26201999187469482422e-01) (5, -1.62542419433593750000e+01) (6, -6.41592860221862792969e-01) (0, -3.92576843500137329102e-01) (1, -1.40424919128417968750e+00) (2, -3.88006746768951416016e-01) (3, -1.53794777393341064453e+00) (4, -8.98699939250946044922e-01) (5, -2.32725353240966796875e+01) (6, -4.33109670877456665039e-01) (0, -9.86845046281814575195e-02) (1, 6.17453046143054962158e-02) (2, 6.40924274921417236328e-02) (3, -5.93499690294265747070e-02) (4, 1.16628997027873992920e-01) (5, -4.87717613577842712402e-02) (6, 5.62106490135192871094e-01) (0, -4.02104467153549194336e-01) (1, -1.29347264766693115234e+00) (2, -1.34308010339736938477e-01) (3, -1.28607046604156494141e+00) (4, -8.43514919281005859375e-01) (5, -5.90329313278198242188e+00) (6, -3.79514664411544799805e-01) (0, -7.10738480091094970703e-01) (1, -1.31813192367553710938e+00) (2, -5.07093727588653564453e-01) (3, -2.80103445053100585938e+00) (4, -6.02670371532440185547e-01) (5, -3.31046257019042968750e+01) (6, -3.60091865062713623047e-01) (0, -1.06206640601158142090e-01) (1, -1.32514938712120056152e-01) (2, 2.75890111923217773438e-01) (3, -2.08707317709922790527e-01) (4, -2.19945341348648071289e-01) (5, -1.08665008544921875000e+01) (6, -3.80000054836273193359e-01) (0, -3.59425663948059082031e-01) (1, -7.51838207244873046875e+00) (2, -2.34643211364746093750e+01) (3, -7.20876693725585937500e-01) (4, -4.01114970445632934570e-01) (5, -4.18635978698730468750e+01) (6, -7.56251454353332519531e-01) (7, 1.50000000000000000000e+03) (8, -6.88231735229492187500e+01) (9, 2.13337564468383789062e+00) (10, -3.98975759744644165039e-02) (11, -1.20794921875000000000e+02) (12, 1.43503601074218750000e+02) (13, 5.26047602761536836624e-04) (14, -1.50000000000000000000e+03) (15, 3.68744656443595886230e-02) 
