FANN_FLO_2.1
num_layers=4
learning_rate=0.500000
connection_rate=1.000000
network_type=0
learning_momentum=0.000000
training_algorithm=2
train_error_function=1
train_stop_function=0
cascade_output_change_fraction=0.010000
quickprop_decay=-0.000100
quickprop_mu=1.750000
rprop_increase_factor=1.200000
rprop_decrease_factor=0.500000
rprop_delta_min=0.000000
rprop_delta_max=50.000000
rprop_delta_zero=0.100000
cascade_output_stagnation_epochs=12
cascade_candidate_change_fraction=0.010000
cascade_candidate_stagnation_epochs=12
cascade_max_out_epochs=150
cascade_min_out_epochs=50
cascade_max_cand_epochs=150
cascade_min_cand_epochs=50
cascade_num_candidate_groups=2
bit_fail_limit=3.49999994039535522461e-01
cascade_candidate_limit=1.00000000000000000000e+03
cascade_weight_multiplier=4.00000005960464477539e-01
cascade_activation_functions_count=10
cascade_activation_functions=3 5 7 8 10 11 14 15 16 17 
cascade_activation_steepnesses_count=4
cascade_activation_steepnesses=2.50000000000000000000e-01 5.00000000000000000000e-01 7.50000000000000000000e-01 1.00000000000000000000e+00 
layer_sizes=4 5 5 2 
scale_included=0
neurons (num_inputs, activation_function, activation_steepness)=(0, 0, 0.00000000000000000000e+00) (0, 0, 0.00000000000000000000e+00) (0, 0, 0.00000000000000000000e+00) (0, 0, 0.00000000000000000000e+00) (4, 3, 5.00000000000000000000e-01) (4, 3, 5.00000000000000000000e-01) (4, 3, 5.00000000000000000000e-01) (4, 3, 5.00000000000000000000e-01) (0, 3, 0.00000000000000000000e+00) (5, 3, 5.00000000000000000000e-01) (5, 3, 5.00000000000000000000e-01) (5, 3, 5.00000000000000000000e-01) (5, 3, 5.00000000000000000000e-01) (0, 3, 0.00000000000000000000e+00) (5, 3, 5.00000000000000000000e-01) (0, 3, 0.00000000000000000000e+00) 
connections (connected_to_neuron, weight)=(0, -2.76224827766418457031e+00) (1, -1.88044395446777343750e+01) (2, 5.35085439682006835938e+00) (3, 4.70064258575439453125e+00) (0, -5.40726089477539062500e+00) (1, -5.55980968475341796875e+00) (2, -1.66338574886322021484e+00) (3, 4.85417222976684570312e+00) (0, 1.51064929962158203125e+01) (1, -3.33543281555175781250e+01) (2, -2.27996730804443359375e+00) (3, 2.13395905494689941406e+00) (0, -8.03680572509765625000e+01) (1, -7.19704360961914062500e+01) (2, 5.86441116333007812500e+01) (3, 1.25509619712829589844e+00) (4, 2.62400493621826171875e+01) (5, 1.88447589874267578125e+01) (6, -3.56100535392761230469e+00) (7, -2.72155075073242187500e+01) (8, -8.64763450622558593750e+00) (4, 8.33680438995361328125e+00) (5, 1.67625350952148437500e+01) (6, -2.62039709091186523438e+00) (7, -1.45395126342773437500e+01) (8, -4.39908361434936523438e+00) (4, 3.61717820167541503906e+00) (5, 1.03324782848358154297e+00) (6, 1.63595180511474609375e+01) (7, 2.40884689331054687500e+02) (8, -1.75900421142578125000e+01) (4, -1.33842346191406250000e+02) (5, 5.15143165588378906250e+01) (6, 4.62955398559570312500e+01) (7, 1.13950439453125000000e+03) (8, 4.33928823471069335938e+00) (9, -2.29041266441345214844e+00) (10, -2.18515491485595703125e+00) (11, 1.80216982960700988770e-01) (12, -1.29982963204383850098e-01) (13, 2.14609193801879882812e+00) 
