FANN_FLO_2.1
num_layers=4
learning_rate=0.450000
connection_rate=1.000000
network_type=0
learning_momentum=0.000000
training_algorithm=2
train_error_function=1
train_stop_function=0
cascade_output_change_fraction=0.010000
quickprop_decay=-0.000100
quickprop_mu=1.750000
rprop_increase_factor=1.200000
rprop_decrease_factor=0.500000
rprop_delta_min=0.000000
rprop_delta_max=50.000000
rprop_delta_zero=0.100000
cascade_output_stagnation_epochs=12
cascade_candidate_change_fraction=0.010000
cascade_candidate_stagnation_epochs=12
cascade_max_out_epochs=150
cascade_min_out_epochs=50
cascade_max_cand_epochs=150
cascade_min_cand_epochs=50
cascade_num_candidate_groups=2
bit_fail_limit=3.49999994039535522461e-01
cascade_candidate_limit=1.00000000000000000000e+03
cascade_weight_multiplier=4.00000005960464477539e-01
cascade_activation_functions_count=10
cascade_activation_functions=3 5 7 8 10 11 14 15 16 17 
cascade_activation_steepnesses_count=4
cascade_activation_steepnesses=2.50000000000000000000e-01 5.00000000000000000000e-01 7.50000000000000000000e-01 1.00000000000000000000e+00 
layer_sizes=7 5 3 2 
scale_included=0
neurons (num_inputs, activation_function, activation_steepness)=(0, 0, 0.00000000000000000000e+00) (0, 0, 0.00000000000000000000e+00) (0, 0, 0.00000000000000000000e+00) (0, 0, 0.00000000000000000000e+00) (0, 0, 0.00000000000000000000e+00) (0, 0, 0.00000000000000000000e+00) (0, 0, 0.00000000000000000000e+00) (7, 3, 5.00000000000000000000e-01) (7, 3, 5.00000000000000000000e-01) (7, 3, 5.00000000000000000000e-01) (7, 3, 5.00000000000000000000e-01) (0, 3, 0.00000000000000000000e+00) (5, 3, 5.00000000000000000000e-01) (5, 3, 5.00000000000000000000e-01) (0, 3, 0.00000000000000000000e+00) (3, 0, 5.00000000000000000000e-01) (0, 0, 0.00000000000000000000e+00) 
connections (connected_to_neuron, weight)=(0, 9.97035026550292968750e+00) (1, -1.38434076309204101562e+01) (2, -9.59133529663085937500e+00) (3, 9.08625316619873046875e+00) (4, 5.83739805221557617188e+00) (5, -1.12030944824218750000e+01) (6, 1.37765054702758789062e+01) (0, 5.11611816406250000000e+02) (1, -1.50000000000000000000e+03) (2, 9.41870910644531250000e+02) (3, -1.50000000000000000000e+03) (4, -1.50000000000000000000e+03) (5, -1.50000000000000000000e+03) (6, 8.96425109863281250000e+02) (0, 1.05809001922607421875e+01) (1, -2.48445587158203125000e+01) (2, 2.92819496244192123413e-02) (3, 9.16955280303955078125e+00) (4, 7.12045335769653320312e+00) (5, -1.15302133560180664062e+01) (6, -2.29431819915771484375e+00) (0, 9.09567321777343750000e+02) (1, -8.80202392578125000000e+02) (2, 8.90374389648437500000e+02) (3, -1.16385009765625000000e+03) (4, -1.50000000000000000000e+03) (5, -1.02249737548828125000e+03) (6, -4.35977783203125000000e+02) (7, -3.10924377441406250000e+01) (8, 1.50000000000000000000e+03) (9, 1.47584514617919921875e+01) (10, 1.50000000000000000000e+03) (11, -1.02276599407196044922e+00) (7, -1.17723264694213867188e+01) (8, 1.50000000000000000000e+03) (9, 9.51257801055908203125e+00) (10, 8.50000000000000000000e+02) (11, -1.05194783210754394531e+00) (12, -2.87351369857788085938e-01) (13, 2.97510564327239990234e-01) (14, 5.30625181272625923157e-03) 
