FANN_FLO_2.1
num_layers=4
learning_rate=0.450000
connection_rate=1.000000
network_type=0
learning_momentum=0.000000
training_algorithm=2
train_error_function=1
train_stop_function=0
cascade_output_change_fraction=0.010000
quickprop_decay=-0.000100
quickprop_mu=1.750000
rprop_increase_factor=1.200000
rprop_decrease_factor=0.500000
rprop_delta_min=0.000000
rprop_delta_max=50.000000
rprop_delta_zero=0.100000
cascade_output_stagnation_epochs=12
cascade_candidate_change_fraction=0.010000
cascade_candidate_stagnation_epochs=12
cascade_max_out_epochs=150
cascade_min_out_epochs=50
cascade_max_cand_epochs=150
cascade_min_cand_epochs=50
cascade_num_candidate_groups=2
bit_fail_limit=3.49999994039535522461e-01
cascade_candidate_limit=1.00000000000000000000e+03
cascade_weight_multiplier=4.00000005960464477539e-01
cascade_activation_functions_count=10
cascade_activation_functions=3 5 7 8 10 11 14 15 16 17 
cascade_activation_steepnesses_count=4
cascade_activation_steepnesses=2.50000000000000000000e-01 5.00000000000000000000e-01 7.50000000000000000000e-01 1.00000000000000000000e+00 
layer_sizes=7 5 3 2 
scale_included=0
neurons (num_inputs, activation_function, activation_steepness)=(0, 0, 0.00000000000000000000e+00) (0, 0, 0.00000000000000000000e+00) (0, 0, 0.00000000000000000000e+00) (0, 0, 0.00000000000000000000e+00) (0, 0, 0.00000000000000000000e+00) (0, 0, 0.00000000000000000000e+00) (0, 0, 0.00000000000000000000e+00) (7, 3, 5.00000000000000000000e-01) (7, 3, 5.00000000000000000000e-01) (7, 3, 5.00000000000000000000e-01) (7, 3, 5.00000000000000000000e-01) (0, 3, 0.00000000000000000000e+00) (5, 3, 5.00000000000000000000e-01) (5, 3, 5.00000000000000000000e-01) (0, 3, 0.00000000000000000000e+00) (3, 0, 5.00000000000000000000e-01) (0, 0, 0.00000000000000000000e+00) 
connections (connected_to_neuron, weight)=(0, -1.88366826623678207397e-02) (1, -1.41122803092002868652e-01) (2, 5.08316516876220703125e-01) (3, 1.43884951248764991760e-02) (4, 9.51332300901412963867e-02) (5, 2.86318361759185791016e-01) (6, -1.31307840347290039062e+01) (0, 7.34677934646606445312e+00) (1, 1.56064605712890625000e+02) (2, 1.50000000000000000000e+03) (3, 1.43852353096008300781e+00) (4, 1.50000000000000000000e+03) (5, 5.98171875000000000000e+02) (6, 3.96962046623229980469e+00) (0, 1.05072699487209320068e-01) (1, -6.82575643062591552734e-01) (2, -8.58858287334442138672e-01) (3, 2.51210868358612060547e-01) (4, 5.06809771060943603516e-01) (5, 3.80047053098678588867e-01) (6, 2.65148591995239257812e+00) (0, 1.84479504823684692383e-01) (1, 2.77398681640625000000e+00) (2, 9.15204162597656250000e+02) (3, -1.70536899566650390625e+01) (4, -6.83818176269531250000e+02) (5, -2.21537113189697265625e+00) (6, -4.69684898853302001953e-02) (7, 1.50000000000000000000e+03) (8, -6.45663452148437500000e+01) (9, -3.92757202148437500000e+02) (10, -4.06158924102783203125e+00) (11, -6.47884674072265625000e+01) (7, -1.50000000000000000000e+03) (8, -6.72925189137458801270e-02) (9, -4.12390422821044921875e+00) (10, 3.66335421800613403320e-01) (11, 5.17821051180362701416e-02) (12, 5.30970580875873565674e-02) (13, -2.01453045010566711426e-02) (14, 1.12724415957927703857e-02) 
