FANN_FLO_2.1
num_layers=3
learning_rate=0.500000
connection_rate=1.000000
network_type=0
learning_momentum=0.000000
training_algorithm=2
train_error_function=1
train_stop_function=0
cascade_output_change_fraction=0.010000
quickprop_decay=-0.000100
quickprop_mu=1.750000
rprop_increase_factor=1.200000
rprop_decrease_factor=0.500000
rprop_delta_min=0.000000
rprop_delta_max=50.000000
rprop_delta_zero=0.100000
cascade_output_stagnation_epochs=12
cascade_candidate_change_fraction=0.010000
cascade_candidate_stagnation_epochs=12
cascade_max_out_epochs=150
cascade_min_out_epochs=50
cascade_max_cand_epochs=150
cascade_min_cand_epochs=50
cascade_num_candidate_groups=2
bit_fail_limit=3.49999994039535522461e-01
cascade_candidate_limit=1.00000000000000000000e+03
cascade_weight_multiplier=4.00000005960464477539e-01
cascade_activation_functions_count=10
cascade_activation_functions=3 5 7 8 10 11 14 15 16 17 
cascade_activation_steepnesses_count=4
cascade_activation_steepnesses=2.50000000000000000000e-01 5.00000000000000000000e-01 7.50000000000000000000e-01 1.00000000000000000000e+00 
layer_sizes=7 5 2 
scale_included=0
neurons (num_inputs, activation_function, activation_steepness)=(0, 0, 0.00000000000000000000e+00) (0, 0, 0.00000000000000000000e+00) (0, 0, 0.00000000000000000000e+00) (0, 0, 0.00000000000000000000e+00) (0, 0, 0.00000000000000000000e+00) (0, 0, 0.00000000000000000000e+00) (0, 0, 0.00000000000000000000e+00) (7, 3, 5.00000000000000000000e-01) (7, 3, 5.00000000000000000000e-01) (7, 3, 5.00000000000000000000e-01) (7, 3, 5.00000000000000000000e-01) (0, 3, 0.00000000000000000000e+00) (5, 0, 5.00000000000000000000e-01) (0, 0, 0.00000000000000000000e+00) 
connections (connected_to_neuron, weight)=(0, -2.62957867234945297241e-02) (1, -7.86132037639617919922e-01) (2, 8.49848151206970214844e-01) (3, -2.51295626163482666016e-01) (4, 2.66321253776550292969e+00) (5, -3.59298707917332649231e-03) (6, 1.46950483322143554688e+00) (0, -1.60964772105216979980e-01) (1, -1.83857321739196777344e-01) (2, -5.54734230041503906250e-01) (3, -6.86841085553169250488e-02) (4, 8.58180105686187744141e-01) (5, 4.31322380900382995605e-02) (6, 2.04610013961791992188e+00) (0, -2.96957522630691528320e-01) (1, 8.90936106443405151367e-02) (2, -4.93047428131103515625e+00) (3, -1.47433817386627197266e-01) (4, 1.18414564058184623718e-02) (5, -1.05017288208007812500e+02) (6, -5.78664541244506835938e-01) (0, 3.93384009599685668945e-01) (1, -5.53145334124565124512e-02) (2, 3.04330885410308837891e-01) (3, -2.80838817358016967773e-01) (4, -2.55112051963806152344e-01) (5, -4.68275509774684906006e-02) (6, -2.66331982612609863281e+00) (7, -1.62507936358451843262e-01) (8, -1.82528868317604064941e-01) (9, -1.80933233350515365601e-02) (10, -2.13205724954605102539e-01) (11, 3.56678158044815063477e-01) 
