FANN_FLO_2.1
num_layers=3
learning_rate=0.300000
connection_rate=1.000000
network_type=0
learning_momentum=0.000000
training_algorithm=2
train_error_function=1
train_stop_function=0
cascade_output_change_fraction=0.010000
quickprop_decay=-0.000100
quickprop_mu=1.750000
rprop_increase_factor=1.200000
rprop_decrease_factor=0.500000
rprop_delta_min=0.000000
rprop_delta_max=50.000000
rprop_delta_zero=0.100000
cascade_output_stagnation_epochs=12
cascade_candidate_change_fraction=0.010000
cascade_candidate_stagnation_epochs=12
cascade_max_out_epochs=150
cascade_min_out_epochs=50
cascade_max_cand_epochs=150
cascade_min_cand_epochs=50
cascade_num_candidate_groups=2
bit_fail_limit=3.49999994039535522461e-01
cascade_candidate_limit=1.00000000000000000000e+03
cascade_weight_multiplier=4.00000005960464477539e-01
cascade_activation_functions_count=10
cascade_activation_functions=3 5 7 8 10 11 14 15 16 17 
cascade_activation_steepnesses_count=4
cascade_activation_steepnesses=2.50000000000000000000e-01 5.00000000000000000000e-01 7.50000000000000000000e-01 1.00000000000000000000e+00 
layer_sizes=4 9 2 
scale_included=0
neurons (num_inputs, activation_function, activation_steepness)=(0, 0, 0.00000000000000000000e+00) (0, 0, 0.00000000000000000000e+00) (0, 0, 0.00000000000000000000e+00) (0, 0, 0.00000000000000000000e+00) (4, 3, 5.00000000000000000000e-01) (4, 3, 5.00000000000000000000e-01) (4, 3, 5.00000000000000000000e-01) (4, 3, 5.00000000000000000000e-01) (4, 3, 5.00000000000000000000e-01) (4, 3, 5.00000000000000000000e-01) (4, 3, 5.00000000000000000000e-01) (4, 3, 5.00000000000000000000e-01) (0, 3, 0.00000000000000000000e+00) (9, 3, 5.00000000000000000000e-01) (0, 3, 0.00000000000000000000e+00) 
connections (connected_to_neuron, weight)=(0, -1.20486271381378173828e+00) (1, 6.89430654048919677734e-01) (2, -1.20586514472961425781e+00) (3, 4.37729406356811523438e+00) (0, 7.29023313522338867188e+00) (1, -1.81152677536010742188e+00) (2, -2.10379810333251953125e+01) (3, 9.72023427486419677734e-01) (0, -1.32571887969970703125e+00) (1, 6.04627549648284912109e-01) (2, -1.33091044425964355469e+00) (3, 1.65185337066650390625e+01) (0, -9.99184072017669677734e-01) (1, 7.20881998538970947266e-01) (2, -2.98094248771667480469e+00) (3, 1.49061994552612304688e+01) (0, -1.46606445312500000000e+00) (1, 6.73739850521087646484e-01) (2, -1.66017901897430419922e+00) (3, 8.14093399047851562500e+00) (0, 1.59904022216796875000e+01) (1, 6.49925053119659423828e-01) (2, -1.04573829650878906250e+02) (3, 4.60984885692596435547e-01) (0, -1.96775257587432861328e-01) (1, 3.55288200080394744873e-02) (2, -3.87902885675430297852e-01) (3, 4.29759931564331054688e+00) (0, 9.59626674652099609375e+00) (1, -1.62891435623168945312e+00) (2, -3.49630966186523437500e+01) (3, -3.31594526767730712891e-01) (4, -2.53118216991424560547e-01) (5, -2.71358370780944824219e-01) (6, -2.32977882027626037598e-01) (7, -2.31437414884567260742e-01) (8, -2.12418511509895324707e-01) (9, -2.30277284979820251465e-01) (10, -4.39734506607055664062e+00) (11, 1.38511002063751220703e-01) (12, 8.01590025424957275391e-01) 
