FANN_FLO_2.1
num_layers=4
learning_rate=0.450000
connection_rate=1.000000
network_type=0
learning_momentum=0.000000
training_algorithm=2
train_error_function=1
train_stop_function=0
cascade_output_change_fraction=0.010000
quickprop_decay=-0.000100
quickprop_mu=1.750000
rprop_increase_factor=1.200000
rprop_decrease_factor=0.500000
rprop_delta_min=0.000000
rprop_delta_max=50.000000
rprop_delta_zero=0.100000
cascade_output_stagnation_epochs=12
cascade_candidate_change_fraction=0.010000
cascade_candidate_stagnation_epochs=12
cascade_max_out_epochs=150
cascade_min_out_epochs=50
cascade_max_cand_epochs=150
cascade_min_cand_epochs=50
cascade_num_candidate_groups=2
bit_fail_limit=3.49999994039535522461e-01
cascade_candidate_limit=1.00000000000000000000e+03
cascade_weight_multiplier=4.00000005960464477539e-01
cascade_activation_functions_count=10
cascade_activation_functions=3 5 7 8 10 11 14 15 16 17 
cascade_activation_steepnesses_count=4
cascade_activation_steepnesses=2.50000000000000000000e-01 5.00000000000000000000e-01 7.50000000000000000000e-01 1.00000000000000000000e+00 
layer_sizes=7 5 5 2 
scale_included=0
neurons (num_inputs, activation_function, activation_steepness)=(0, 0, 0.00000000000000000000e+00) (0, 0, 0.00000000000000000000e+00) (0, 0, 0.00000000000000000000e+00) (0, 0, 0.00000000000000000000e+00) (0, 0, 0.00000000000000000000e+00) (0, 0, 0.00000000000000000000e+00) (0, 0, 0.00000000000000000000e+00) (7, 3, 5.00000000000000000000e-01) (7, 3, 5.00000000000000000000e-01) (7, 3, 5.00000000000000000000e-01) (7, 3, 5.00000000000000000000e-01) (0, 3, 0.00000000000000000000e+00) (5, 3, 5.00000000000000000000e-01) (5, 3, 5.00000000000000000000e-01) (5, 3, 5.00000000000000000000e-01) (5, 3, 5.00000000000000000000e-01) (0, 3, 0.00000000000000000000e+00) (5, 0, 5.00000000000000000000e-01) (0, 0, 0.00000000000000000000e+00) 
connections (connected_to_neuron, weight)=(0, 1.19547414779663085938e+01) (1, 6.03902482986450195312e+00) (2, 1.50000000000000000000e+03) (3, 1.50000000000000000000e+03) (4, 1.50000000000000000000e+03) (5, 3.75812072753906250000e+01) (6, 5.52563726902008056641e-01) (0, -3.64340215921401977539e-01) (1, -1.51393830776214599609e-01) (2, -3.84916633367538452148e-01) (3, 3.29044342041015625000e-01) (4, 1.52678817510604858398e-01) (5, 9.70474705100059509277e-02) (6, 3.01326322555541992188e+00) (0, 5.60527861118316650391e-01) (1, 4.81256812810897827148e-01) (2, -5.46671867370605468750e-01) (3, 4.78780865669250488281e-01) (4, 4.13179785013198852539e-01) (5, -1.10423588752746582031e+00) (6, 3.12380403280258178711e-01) (0, 1.84678390622138977051e-01) (1, 3.04234117269515991211e-01) (2, 3.88946890830993652344e-01) (3, -1.44342049956321716309e-01) (4, -3.32899183034896850586e-01) (5, -1.07389055192470550537e-01) (6, -2.01081633567810058594e+00) (7, -2.10742831230163574219e-01) (8, -8.73156487941741943359e-01) (9, -2.51884609460830688477e-01) (10, -3.16913962364196777344e-01) (11, -4.00726199150085449219e-01) (7, -2.91878223419189453125e-01) (8, -3.73559087514877319336e-01) (9, -4.61475104093551635742e-01) (10, -7.25703358650207519531e-01) (11, -4.54154044389724731445e-01) (7, -2.94801926612854003906e+00) (8, 2.27237439155578613281e+00) (9, -4.90368813276290893555e-01) (10, 2.33981227874755859375e+00) (11, -4.87741619348526000977e-01) (7, -3.76536846160888671875e-01) (8, -4.44546401500701904297e-01) (9, -3.84826600551605224609e-01) (10, -6.66285097599029541016e-01) (11, -3.63402366638183593750e-01) (12, -1.85482740402221679688e-01) (13, -1.63612499833106994629e-01) (14, 3.27405601739883422852e-01) (15, -1.86776682734489440918e-01) (16, 3.97941283881664276123e-02) 
