FANN_FLO_2.1
num_layers=3
learning_rate=0.500000
connection_rate=1.000000
network_type=0
learning_momentum=0.000000
training_algorithm=2
train_error_function=1
train_stop_function=0
cascade_output_change_fraction=0.010000
quickprop_decay=-0.000100
quickprop_mu=1.750000
rprop_increase_factor=1.200000
rprop_decrease_factor=0.500000
rprop_delta_min=0.000000
rprop_delta_max=50.000000
rprop_delta_zero=0.100000
cascade_output_stagnation_epochs=12
cascade_candidate_change_fraction=0.010000
cascade_candidate_stagnation_epochs=12
cascade_max_out_epochs=150
cascade_min_out_epochs=50
cascade_max_cand_epochs=150
cascade_min_cand_epochs=50
cascade_num_candidate_groups=2
bit_fail_limit=3.49999994039535522461e-01
cascade_candidate_limit=1.00000000000000000000e+03
cascade_weight_multiplier=4.00000005960464477539e-01
cascade_activation_functions_count=10
cascade_activation_functions=3 5 7 8 10 11 14 15 16 17 
cascade_activation_steepnesses_count=4
cascade_activation_steepnesses=2.50000000000000000000e-01 5.00000000000000000000e-01 7.50000000000000000000e-01 1.00000000000000000000e+00 
layer_sizes=10 5 2 
scale_included=0
neurons (num_inputs, activation_function, activation_steepness)=(0, 0, 0.00000000000000000000e+00) (0, 0, 0.00000000000000000000e+00) (0, 0, 0.00000000000000000000e+00) (0, 0, 0.00000000000000000000e+00) (0, 0, 0.00000000000000000000e+00) (0, 0, 0.00000000000000000000e+00) (0, 0, 0.00000000000000000000e+00) (0, 0, 0.00000000000000000000e+00) (0, 0, 0.00000000000000000000e+00) (0, 0, 0.00000000000000000000e+00) (10, 3, 5.00000000000000000000e-01) (10, 3, 5.00000000000000000000e-01) (10, 3, 5.00000000000000000000e-01) (10, 3, 5.00000000000000000000e-01) (0, 3, 0.00000000000000000000e+00) (5, 3, 5.00000000000000000000e-01) (0, 3, 0.00000000000000000000e+00) 
connections (connected_to_neuron, weight)=(0, -3.99797469377517700195e-01) (1, -4.07557398080825805664e-01) (2, -4.03472274541854858398e-01) (3, -2.01761156320571899414e-01) (4, -4.11153525114059448242e-01) (5, -6.73006832599639892578e-01) (6, -4.18888092041015625000e-01) (7, -4.19913470745086669922e-01) (8, -3.26873391866683959961e-01) (9, 8.55236887931823730469e-01) (0, -4.68166857957839965820e-01) (1, -6.06707453727722167969e-01) (2, -4.32313889265060424805e-01) (3, -6.68932557106018066406e-01) (4, -6.16077363491058349609e-01) (5, -2.95090645551681518555e-01) (6, -3.91304641962051391602e-01) (7, -5.83862245082855224609e-01) (8, -4.55990016460418701172e-01) (9, 2.03172945976257324219e+00) (0, -5.26238977909088134766e-01) (1, -2.95593261718750000000e-01) (2, -6.17015302181243896484e-01) (3, -1.95711210370063781738e-01) (4, 1.47131726145744323730e-01) (5, -8.53241026401519775391e-01) (6, -7.26252257823944091797e-01) (7, -2.16027542948722839355e-01) (8, -6.19773447513580322266e-01) (9, 1.08460104465484619141e+00) (0, 5.32801926136016845703e-01) (1, -7.75044679641723632812e-01) (2, 4.91470992565155029297e-01) (3, 3.27795386314392089844e-01) (4, 4.15280848741531372070e-01) (5, 4.36413139104843139648e-01) (6, 4.17036294937133789062e-01) (7, 9.11907330155372619629e-02) (8, 3.79547387361526489258e-01) (9, 2.32944679260253906250e+00) (10, -8.49143266677856445312e-01) (11, -2.50417351722717285156e+00) (12, -9.39380586147308349609e-01) (13, 7.59627640247344970703e-01) (14, 8.93401503562927246094e-01) 
