FANN_FLO_2.1
num_layers=4
learning_rate=0.450000
connection_rate=1.000000
network_type=0
learning_momentum=0.000000
training_algorithm=2
train_error_function=1
train_stop_function=0
cascade_output_change_fraction=0.010000
quickprop_decay=-0.000100
quickprop_mu=1.750000
rprop_increase_factor=1.200000
rprop_decrease_factor=0.500000
rprop_delta_min=0.000000
rprop_delta_max=50.000000
rprop_delta_zero=0.100000
cascade_output_stagnation_epochs=12
cascade_candidate_change_fraction=0.010000
cascade_candidate_stagnation_epochs=12
cascade_max_out_epochs=150
cascade_min_out_epochs=50
cascade_max_cand_epochs=150
cascade_min_cand_epochs=50
cascade_num_candidate_groups=2
bit_fail_limit=3.49999994039535522461e-01
cascade_candidate_limit=1.00000000000000000000e+03
cascade_weight_multiplier=4.00000005960464477539e-01
cascade_activation_functions_count=10
cascade_activation_functions=3 5 7 8 10 11 14 15 16 17 
cascade_activation_steepnesses_count=4
cascade_activation_steepnesses=2.50000000000000000000e-01 5.00000000000000000000e-01 7.50000000000000000000e-01 1.00000000000000000000e+00 
layer_sizes=7 5 3 2 
scale_included=0
neurons (num_inputs, activation_function, activation_steepness)=(0, 0, 0.00000000000000000000e+00) (0, 0, 0.00000000000000000000e+00) (0, 0, 0.00000000000000000000e+00) (0, 0, 0.00000000000000000000e+00) (0, 0, 0.00000000000000000000e+00) (0, 0, 0.00000000000000000000e+00) (0, 0, 0.00000000000000000000e+00) (7, 3, 5.00000000000000000000e-01) (7, 3, 5.00000000000000000000e-01) (7, 3, 5.00000000000000000000e-01) (7, 3, 5.00000000000000000000e-01) (0, 3, 0.00000000000000000000e+00) (5, 3, 5.00000000000000000000e-01) (5, 3, 5.00000000000000000000e-01) (0, 3, 0.00000000000000000000e+00) (3, 0, 5.00000000000000000000e-01) (0, 0, 0.00000000000000000000e+00) 
connections (connected_to_neuron, weight)=(0, 1.50000000000000000000e+03) (1, 1.50000000000000000000e+03) (2, 1.50000000000000000000e+03) (3, -1.19574713706970214844e+00) (4, 1.50000000000000000000e+03) (5, 1.50000000000000000000e+03) (6, 1.33809518814086914062e+00) (0, 1.50000000000000000000e+03) (1, 1.50000000000000000000e+03) (2, 1.50000000000000000000e+03) (3, -1.87343101501464843750e+01) (4, 1.50000000000000000000e+03) (5, 1.50000000000000000000e+03) (6, 3.73012685775756835938e+00) (0, 2.24099755287170410156e-01) (1, 2.50977098941802978516e-01) (2, 4.60950439453125000000e+02) (3, 5.39376497268676757812e-01) (4, -6.10369825363159179688e+00) (5, 5.67614746093750000000e+00) (6, 1.31167769432067871094e-01) (0, 7.24914729595184326172e-01) (1, -3.11071008443832397461e-01) (2, 2.48864844441413879395e-01) (3, 1.66023671627044677734e+00) (4, -3.58029747009277343750e+00) (5, 9.72326099872589111328e-01) (6, -6.40911579132080078125e+00) (7, 6.53274476528167724609e-01) (8, 1.50822237133979797363e-01) (9, -1.35515165328979492188e+00) (10, -1.39263629913330078125e+00) (11, -1.51146069169044494629e-01) (7, 5.55385053157806396484e-01) (8, 1.93772003054618835449e-01) (9, 6.49857163429260253906e-01) (10, -7.67685115337371826172e-01) (11, -2.24049165844917297363e-01) (12, -4.18831035494804382324e-02) (13, -1.19304046034812927246e-01) (14, 1.14694237709045410156e-01) 
