FANN_FLO_2.1
num_layers=4
learning_rate=0.300000
connection_rate=1.000000
network_type=0
learning_momentum=0.000000
training_algorithm=2
train_error_function=1
train_stop_function=0
cascade_output_change_fraction=0.010000
quickprop_decay=-0.000100
quickprop_mu=1.750000
rprop_increase_factor=1.200000
rprop_decrease_factor=0.500000
rprop_delta_min=0.000000
rprop_delta_max=50.000000
rprop_delta_zero=0.100000
cascade_output_stagnation_epochs=12
cascade_candidate_change_fraction=0.010000
cascade_candidate_stagnation_epochs=12
cascade_max_out_epochs=150
cascade_min_out_epochs=50
cascade_max_cand_epochs=150
cascade_min_cand_epochs=50
cascade_num_candidate_groups=2
bit_fail_limit=3.49999994039535522461e-01
cascade_candidate_limit=1.00000000000000000000e+03
cascade_weight_multiplier=4.00000005960464477539e-01
cascade_activation_functions_count=10
cascade_activation_functions=3 5 7 8 10 11 14 15 16 17 
cascade_activation_steepnesses_count=4
cascade_activation_steepnesses=2.50000000000000000000e-01 5.00000000000000000000e-01 7.50000000000000000000e-01 1.00000000000000000000e+00 
layer_sizes=2 5 5 3 
scale_included=0
neurons (num_inputs, activation_function, activation_steepness)=(0, 0, 0.00000000000000000000e+00) (0, 0, 0.00000000000000000000e+00) (2, 3, 5.00000000000000000000e-01) (2, 3, 5.00000000000000000000e-01) (2, 3, 5.00000000000000000000e-01) (2, 3, 5.00000000000000000000e-01) (0, 3, 0.00000000000000000000e+00) (5, 3, 5.00000000000000000000e-01) (5, 3, 5.00000000000000000000e-01) (5, 3, 5.00000000000000000000e-01) (5, 3, 5.00000000000000000000e-01) (0, 3, 0.00000000000000000000e+00) (5, 0, 5.00000000000000000000e-01) (5, 0, 5.00000000000000000000e-01) (0, 0, 0.00000000000000000000e+00) 
connections (connected_to_neuron, weight)=(0, -1.51159439086914062500e+01) (1, 3.12228828668594360352e-01) (0, 1.29293842315673828125e+01) (1, -5.65127491950988769531e-01) (0, -1.57762737274169921875e+01) (1, 2.78016328811645507812e-01) (0, -1.67125701904296875000e+01) (1, 2.66536086797714233398e-01) (2, 1.46227434277534484863e-01) (3, -9.89342689514160156250e-01) (4, 1.77692830562591552734e-01) (5, 1.48205831646919250488e-01) (6, 1.53569877147674560547e-01) (2, 3.81798923015594482422e-01) (3, -3.58135253190994262695e-01) (4, 6.73855766654014587402e-02) (5, 7.04413652420043945312e-02) (6, -5.98737783730030059814e-02) (2, 1.14086478948593139648e-01) (3, 2.54808038473129272461e-01) (4, 1.89473386853933334351e-02) (5, 5.18721789121627807617e-02) (6, -1.08978040516376495361e-01) (2, 4.71221399307250976562e+00) (3, -2.43979129791259765625e+01) (4, 2.01495742797851562500e+00) (5, 2.07058167457580566406e+00) (6, 3.73064965009689331055e-01) (7, -6.39461502432823181152e-02) (8, -3.72391603887081146240e-02) (9, -4.07022722065448760986e-02) (10, 2.03402563929557800293e-01) (11, -7.51271173357963562012e-02) (7, -4.52996969223022460938e-01) (8, -5.91918945312500000000e-01) (9, -4.69305127859115600586e-01) (10, -7.67530322074890136719e-01) (11, -4.70940202474594116211e-01) 
