FANN_FLO_2.1
num_layers=4
learning_rate=0.300000
connection_rate=1.000000
network_type=0
learning_momentum=0.000000
training_algorithm=2
train_error_function=1
train_stop_function=0
cascade_output_change_fraction=0.010000
quickprop_decay=-0.000100
quickprop_mu=1.750000
rprop_increase_factor=1.200000
rprop_decrease_factor=0.500000
rprop_delta_min=0.000000
rprop_delta_max=50.000000
rprop_delta_zero=0.100000
cascade_output_stagnation_epochs=12
cascade_candidate_change_fraction=0.010000
cascade_candidate_stagnation_epochs=12
cascade_max_out_epochs=150
cascade_min_out_epochs=50
cascade_max_cand_epochs=150
cascade_min_cand_epochs=50
cascade_num_candidate_groups=2
bit_fail_limit=3.49999994039535522461e-01
cascade_candidate_limit=1.00000000000000000000e+03
cascade_weight_multiplier=4.00000005960464477539e-01
cascade_activation_functions_count=10
cascade_activation_functions=3 5 7 8 10 11 14 15 16 17 
cascade_activation_steepnesses_count=4
cascade_activation_steepnesses=2.50000000000000000000e-01 5.00000000000000000000e-01 7.50000000000000000000e-01 1.00000000000000000000e+00 
layer_sizes=2 5 5 3 
scale_included=0
neurons (num_inputs, activation_function, activation_steepness)=(0, 0, 0.00000000000000000000e+00) (0, 0, 0.00000000000000000000e+00) (2, 3, 5.00000000000000000000e-01) (2, 3, 5.00000000000000000000e-01) (2, 3, 5.00000000000000000000e-01) (2, 3, 5.00000000000000000000e-01) (0, 3, 0.00000000000000000000e+00) (5, 3, 5.00000000000000000000e-01) (5, 3, 5.00000000000000000000e-01) (5, 3, 5.00000000000000000000e-01) (5, 3, 5.00000000000000000000e-01) (0, 3, 0.00000000000000000000e+00) (5, 0, 5.00000000000000000000e-01) (5, 0, 5.00000000000000000000e-01) (0, 0, 0.00000000000000000000e+00) 
connections (connected_to_neuron, weight)=(0, -2.05795574188232421875e+00) (1, -5.58476924896240234375e+00) (0, 5.28790727257728576660e-02) (1, -3.18507194519042968750e+00) (0, -1.56265201568603515625e+01) (1, -2.10500359535217285156e+00) (0, 1.62772703170776367188e+00) (1, -1.20317888259887695312e+00) (2, 2.78934144973754882812e+00) (3, 5.79944550991058349609e-01) (4, 4.42385077476501464844e-01) (5, 5.74922025203704833984e-01) (6, -4.36064191162586212158e-02) (2, 3.27947735786437988281e-01) (3, -3.79091233015060424805e-01) (4, -8.42967510223388671875e-01) (5, -2.04332932829856872559e-01) (6, -1.24041408300399780273e-01) (2, 2.55923891067504882812e+00) (3, 2.48163029551506042480e-01) (4, 3.42326462268829345703e-01) (5, 4.87136542797088623047e-01) (6, 1.02914802730083465576e-01) (2, 3.10147142410278320312e+00) (3, 4.93435919284820556641e-01) (4, 4.43252116441726684570e-01) (5, 7.06975817680358886719e-01) (6, -3.87169450521469116211e-01) (7, 4.37034480273723602295e-02) (8, -7.99605965614318847656e-01) (9, 1.00797645747661590576e-01) (10, 1.60552233457565307617e-01) (11, 3.92727665603160858154e-02) (7, -7.91759908199310302734e-01) (8, -4.64156642556190490723e-02) (9, -5.68413972854614257812e-01) (10, -6.93459033966064453125e-01) (11, -3.15310269594192504883e-01) 
