FANN_FLO_2.1
num_layers=4
learning_rate=0.500000
connection_rate=1.000000
network_type=0
learning_momentum=0.000000
training_algorithm=2
train_error_function=1
train_stop_function=0
cascade_output_change_fraction=0.010000
quickprop_decay=-0.000100
quickprop_mu=1.750000
rprop_increase_factor=1.200000
rprop_decrease_factor=0.500000
rprop_delta_min=0.000000
rprop_delta_max=50.000000
rprop_delta_zero=0.100000
cascade_output_stagnation_epochs=12
cascade_candidate_change_fraction=0.010000
cascade_candidate_stagnation_epochs=12
cascade_max_out_epochs=150
cascade_min_out_epochs=50
cascade_max_cand_epochs=150
cascade_min_cand_epochs=50
cascade_num_candidate_groups=2
bit_fail_limit=3.49999994039535522461e-01
cascade_candidate_limit=1.00000000000000000000e+03
cascade_weight_multiplier=4.00000005960464477539e-01
cascade_activation_functions_count=10
cascade_activation_functions=3 5 7 8 10 11 14 15 16 17 
cascade_activation_steepnesses_count=4
cascade_activation_steepnesses=2.50000000000000000000e-01 5.00000000000000000000e-01 7.50000000000000000000e-01 1.00000000000000000000e+00 
layer_sizes=18 3 3 2 
scale_included=0
neurons (num_inputs, activation_function, activation_steepness)=(0, 0, 0.00000000000000000000e+00) (0, 0, 0.00000000000000000000e+00) (0, 0, 0.00000000000000000000e+00) (0, 0, 0.00000000000000000000e+00) (0, 0, 0.00000000000000000000e+00) (0, 0, 0.00000000000000000000e+00) (0, 0, 0.00000000000000000000e+00) (0, 0, 0.00000000000000000000e+00) (0, 0, 0.00000000000000000000e+00) (0, 0, 0.00000000000000000000e+00) (0, 0, 0.00000000000000000000e+00) (0, 0, 0.00000000000000000000e+00) (0, 0, 0.00000000000000000000e+00) (0, 0, 0.00000000000000000000e+00) (0, 0, 0.00000000000000000000e+00) (0, 0, 0.00000000000000000000e+00) (0, 0, 0.00000000000000000000e+00) (0, 0, 0.00000000000000000000e+00) (18, 3, 5.00000000000000000000e-01) (18, 3, 5.00000000000000000000e-01) (0, 3, 0.00000000000000000000e+00) (3, 3, 5.00000000000000000000e-01) (3, 3, 5.00000000000000000000e-01) (0, 3, 0.00000000000000000000e+00) (3, 0, 5.00000000000000000000e-01) (0, 0, 0.00000000000000000000e+00) 
connections (connected_to_neuron, weight)=(0, 6.54703378677368164062e-01) (1, 1.15296792984008789062e+00) (2, 5.25898456573486328125e-01) (3, 1.07549095153808593750e+00) (4, 6.27436161041259765625e-01) (5, -1.00174236297607421875e+00) (6, -1.04702460765838623047e+00) (7, -7.96734213829040527344e-01) (8, 2.85883136093616485596e-02) (9, 6.40180051326751708984e-01) (10, 8.90284657478332519531e-01) (11, 7.51430034637451171875e-01) (12, 9.25564050674438476562e-01) (13, 9.52185869216918945312e-01) (14, 5.48305451869964599609e-01) (15, 8.84850919246673583984e-01) (16, 5.67370057106018066406e-01) (17, -4.92465782165527343750e+00) (0, 9.36587452888488769531e-01) (1, 7.85943746566772460938e-01) (2, 8.83820116519927978516e-01) (3, 8.59700083732604980469e-01) (4, 8.19899618625640869141e-01) (5, -5.72531878948211669922e-01) (6, -7.87595093250274658203e-01) (7, -9.49735045433044433594e-01) (8, -5.31956553459167480469e-02) (9, 1.02951753139495849609e+00) (10, 7.01996922492980957031e-01) (11, 8.93982112407684326172e-01) (12, 8.58168363571166992188e-01) (13, 7.37338602542877197266e-01) (14, 9.91450786590576171875e-01) (15, 9.62933003902435302734e-01) (16, 9.89060163497924804688e-01) (17, -2.45354175567626953125e+00) (18, 3.25608897209167480469e+00) (19, 2.24644231796264648438e+00) (20, -2.26745629310607910156e+00) (18, 2.26926088333129882812e+00) (19, 2.53023290634155273438e+00) (20, -2.05016970634460449219e+00) (21, 8.46270275115966796875e+00) (22, 5.86012506484985351562e+00) (23, 1.01316833496093750000e+00) 
