FANN_FLO_2.1
num_layers=3
learning_rate=0.300000
connection_rate=1.000000
network_type=0
learning_momentum=0.000000
training_algorithm=2
train_error_function=1
train_stop_function=0
cascade_output_change_fraction=0.010000
quickprop_decay=-0.000100
quickprop_mu=1.750000
rprop_increase_factor=1.200000
rprop_decrease_factor=0.500000
rprop_delta_min=0.000000
rprop_delta_max=50.000000
rprop_delta_zero=0.100000
cascade_output_stagnation_epochs=12
cascade_candidate_change_fraction=0.010000
cascade_candidate_stagnation_epochs=12
cascade_max_out_epochs=150
cascade_min_out_epochs=50
cascade_max_cand_epochs=150
cascade_min_cand_epochs=50
cascade_num_candidate_groups=2
bit_fail_limit=3.49999994039535522461e-01
cascade_candidate_limit=1.00000000000000000000e+03
cascade_weight_multiplier=4.00000005960464477539e-01
cascade_activation_functions_count=10
cascade_activation_functions=3 5 7 8 10 11 14 15 16 17 
cascade_activation_steepnesses_count=4
cascade_activation_steepnesses=2.50000000000000000000e-01 5.00000000000000000000e-01 7.50000000000000000000e-01 1.00000000000000000000e+00 
layer_sizes=4 9 2 
scale_included=0
neurons (num_inputs, activation_function, activation_steepness)=(0, 0, 0.00000000000000000000e+00) (0, 0, 0.00000000000000000000e+00) (0, 0, 0.00000000000000000000e+00) (0, 0, 0.00000000000000000000e+00) (4, 3, 5.00000000000000000000e-01) (4, 3, 5.00000000000000000000e-01) (4, 3, 5.00000000000000000000e-01) (4, 3, 5.00000000000000000000e-01) (4, 3, 5.00000000000000000000e-01) (4, 3, 5.00000000000000000000e-01) (4, 3, 5.00000000000000000000e-01) (4, 3, 5.00000000000000000000e-01) (0, 3, 0.00000000000000000000e+00) (9, 3, 5.00000000000000000000e-01) (0, 3, 0.00000000000000000000e+00) 
connections (connected_to_neuron, weight)=(0, -3.19497846066951751709e-02) (1, 1.91534981131553649902e-02) (2, -3.16544502973556518555e-01) (3, 2.04226091504096984863e-01) (0, -1.13396775722503662109e+00) (1, 7.74450302124023437500e-01) (2, -2.52176618576049804688e+00) (3, 4.45767879486083984375e+00) (0, -7.02342111617326736450e-03) (1, 5.73191381990909576416e-02) (2, -1.32505238056182861328e+00) (3, 1.22780811786651611328e+00) (0, 1.50000000000000000000e+03) (1, 1.50000000000000000000e+03) (2, 1.50000000000000000000e+03) (3, 9.45256948471069335938e-01) (0, 1.50000000000000000000e+03) (1, 1.50000000000000000000e+03) (2, 1.50000000000000000000e+03) (3, 9.44467544555664062500e-01) (0, -1.34812146425247192383e-01) (1, 1.46959582343697547913e-02) (2, -6.29706308245658874512e-02) (3, 1.45230710506439208984e+00) (0, -1.16726982593536376953e+00) (1, 9.25137221813201904297e-01) (2, -3.13869953155517578125e+00) (3, 1.01161766052246093750e+01) (0, 1.98180007934570312500e+01) (1, -2.46054434776306152344e+00) (2, -6.03865280151367187500e+01) (3, 1.12157113850116729736e-01) (4, -6.01187992095947265625e+00) (5, -3.01466315984725952148e-01) (6, -3.32740455865859985352e-01) (7, 4.65921342372894287109e-01) (8, 4.33969825506210327148e-01) (9, -5.42285346984863281250e+00) (10, -2.09867805242538452148e-01) (11, 1.49499982595443725586e-01) (12, 4.58036631345748901367e-01) 
