FANN_FLO_2.1
num_layers=4
learning_rate=0.450000
connection_rate=1.000000
network_type=0
learning_momentum=0.000000
training_algorithm=2
train_error_function=1
train_stop_function=0
cascade_output_change_fraction=0.010000
quickprop_decay=-0.000100
quickprop_mu=1.750000
rprop_increase_factor=1.200000
rprop_decrease_factor=0.500000
rprop_delta_min=0.000000
rprop_delta_max=50.000000
rprop_delta_zero=0.100000
cascade_output_stagnation_epochs=12
cascade_candidate_change_fraction=0.010000
cascade_candidate_stagnation_epochs=12
cascade_max_out_epochs=150
cascade_min_out_epochs=50
cascade_max_cand_epochs=150
cascade_min_cand_epochs=50
cascade_num_candidate_groups=2
bit_fail_limit=3.49999994039535522461e-01
cascade_candidate_limit=1.00000000000000000000e+03
cascade_weight_multiplier=4.00000005960464477539e-01
cascade_activation_functions_count=10
cascade_activation_functions=3 5 7 8 10 11 14 15 16 17 
cascade_activation_steepnesses_count=4
cascade_activation_steepnesses=2.50000000000000000000e-01 5.00000000000000000000e-01 7.50000000000000000000e-01 1.00000000000000000000e+00 
layer_sizes=7 5 3 2 
scale_included=0
neurons (num_inputs, activation_function, activation_steepness)=(0, 0, 0.00000000000000000000e+00) (0, 0, 0.00000000000000000000e+00) (0, 0, 0.00000000000000000000e+00) (0, 0, 0.00000000000000000000e+00) (0, 0, 0.00000000000000000000e+00) (0, 0, 0.00000000000000000000e+00) (0, 0, 0.00000000000000000000e+00) (7, 3, 5.00000000000000000000e-01) (7, 3, 5.00000000000000000000e-01) (7, 3, 5.00000000000000000000e-01) (7, 3, 5.00000000000000000000e-01) (0, 3, 0.00000000000000000000e+00) (5, 3, 5.00000000000000000000e-01) (5, 3, 5.00000000000000000000e-01) (0, 3, 0.00000000000000000000e+00) (3, 0, 5.00000000000000000000e-01) (0, 0, 0.00000000000000000000e+00) 
connections (connected_to_neuron, weight)=(0, 2.34225839376449584961e-01) (1, 3.45404297113418579102e-02) (2, 1.77679449319839477539e-01) (3, 5.58189973235130310059e-02) (4, -1.98282022029161453247e-02) (5, -4.34365510940551757812e-01) (6, -2.65063905715942382812e+00) (0, 4.66057099401950836182e-02) (1, 1.21162496507167816162e-02) (2, -6.08589768409729003906e-01) (3, 1.25642389059066772461e-01) (4, 4.48642253875732421875e-01) (5, -1.09758682548999786377e-01) (6, 9.31882858276367187500e-02) (0, 2.80950456857681274414e-01) (1, 1.38089939951896667480e-01) (2, -2.74181753396987915039e-01) (3, 7.54947811365127563477e-02) (4, 1.12000748515129089355e-01) (5, -4.45237189531326293945e-01) (6, 1.98244941234588623047e+00) (0, 8.62303405761718750000e+02) (1, 1.50000000000000000000e+03) (2, 1.49999597167968750000e+03) (3, 2.04983825683593750000e+02) (4, 1.49998242187500000000e+03) (5, 1.49998962402343750000e+03) (6, 4.45100277662277221680e-01) (7, -1.15041027069091796875e+01) (8, -1.06981058120727539062e+01) (9, 7.64297819137573242188e+00) (10, -2.45774731040000915527e-01) (11, -1.08661554753780364990e-01) (7, -2.09178948402404785156e+00) (8, -5.87823104858398437500e+00) (9, -2.94024300575256347656e+00) (10, 5.22922086715698242188e+00) (11, 5.20962905883789062500e+00) (12, 1.61383450031280517578e+00) (13, -7.18232914805412292480e-02) (14, 4.84327599406242370605e-02) 
