FANN_FLO_2.1
num_layers=4
learning_rate=0.450000
connection_rate=1.000000
network_type=0
learning_momentum=0.000000
training_algorithm=2
train_error_function=1
train_stop_function=0
cascade_output_change_fraction=0.010000
quickprop_decay=-0.000100
quickprop_mu=1.750000
rprop_increase_factor=1.200000
rprop_decrease_factor=0.500000
rprop_delta_min=0.000000
rprop_delta_max=50.000000
rprop_delta_zero=0.100000
cascade_output_stagnation_epochs=12
cascade_candidate_change_fraction=0.010000
cascade_candidate_stagnation_epochs=12
cascade_max_out_epochs=150
cascade_min_out_epochs=50
cascade_max_cand_epochs=150
cascade_min_cand_epochs=50
cascade_num_candidate_groups=2
bit_fail_limit=3.49999994039535522461e-01
cascade_candidate_limit=1.00000000000000000000e+03
cascade_weight_multiplier=4.00000005960464477539e-01
cascade_activation_functions_count=10
cascade_activation_functions=3 5 7 8 10 11 14 15 16 17 
cascade_activation_steepnesses_count=4
cascade_activation_steepnesses=2.50000000000000000000e-01 5.00000000000000000000e-01 7.50000000000000000000e-01 1.00000000000000000000e+00 
layer_sizes=7 3 3 2 
scale_included=0
neurons (num_inputs, activation_function, activation_steepness)=(0, 0, 0.00000000000000000000e+00) (0, 0, 0.00000000000000000000e+00) (0, 0, 0.00000000000000000000e+00) (0, 0, 0.00000000000000000000e+00) (0, 0, 0.00000000000000000000e+00) (0, 0, 0.00000000000000000000e+00) (0, 0, 0.00000000000000000000e+00) (7, 3, 5.00000000000000000000e-01) (7, 3, 5.00000000000000000000e-01) (0, 3, 0.00000000000000000000e+00) (3, 3, 5.00000000000000000000e-01) (3, 3, 5.00000000000000000000e-01) (0, 3, 0.00000000000000000000e+00) (3, 0, 5.00000000000000000000e-01) (0, 0, 0.00000000000000000000e+00) 
connections (connected_to_neuron, weight)=(0, 7.63568431138992309570e-02) (1, 6.54471635818481445312e-01) (2, -1.39811471104621887207e-01) (3, 6.38284757733345031738e-02) (4, 1.60772413015365600586e-01) (5, -4.89178687334060668945e-01) (6, -5.81014537811279296875e+00) (0, 1.81474164128303527832e-01) (1, -2.40651905536651611328e-01) (2, -9.93461549282073974609e-01) (3, 4.54141229391098022461e-01) (4, 4.08522456884384155273e-01) (5, -2.34730243682861328125e-01) (6, 2.19500279426574707031e+00) (7, -1.86286911368370056152e-01) (8, -1.43752503395080566406e+00) (9, 1.71557867527008056641e+00) (7, -9.71050453186035156250e+00) (8, -1.32355918884277343750e+01) (9, 2.67749786376953125000e+00) (10, -1.18331469595432281494e-01) (11, 4.10391664505004882812e+00) (12, 7.75727108120918273926e-02) 
