FANN_FLO_2.1
num_layers=4
learning_rate=0.300000
connection_rate=1.000000
network_type=0
learning_momentum=0.000000
training_algorithm=2
train_error_function=1
train_stop_function=0
cascade_output_change_fraction=0.010000
quickprop_decay=-0.000100
quickprop_mu=1.750000
rprop_increase_factor=1.200000
rprop_decrease_factor=0.500000
rprop_delta_min=0.000000
rprop_delta_max=50.000000
rprop_delta_zero=0.100000
cascade_output_stagnation_epochs=12
cascade_candidate_change_fraction=0.010000
cascade_candidate_stagnation_epochs=12
cascade_max_out_epochs=150
cascade_min_out_epochs=50
cascade_max_cand_epochs=150
cascade_min_cand_epochs=50
cascade_num_candidate_groups=2
bit_fail_limit=3.49999994039535522461e-01
cascade_candidate_limit=1.00000000000000000000e+03
cascade_weight_multiplier=4.00000005960464477539e-01
cascade_activation_functions_count=10
cascade_activation_functions=3 5 7 8 10 11 14 15 16 17 
cascade_activation_steepnesses_count=4
cascade_activation_steepnesses=2.50000000000000000000e-01 5.00000000000000000000e-01 7.50000000000000000000e-01 1.00000000000000000000e+00 
layer_sizes=2 5 5 3 
scale_included=0
neurons (num_inputs, activation_function, activation_steepness)=(0, 0, 0.00000000000000000000e+00) (0, 0, 0.00000000000000000000e+00) (2, 3, 5.00000000000000000000e-01) (2, 3, 5.00000000000000000000e-01) (2, 3, 5.00000000000000000000e-01) (2, 3, 5.00000000000000000000e-01) (0, 3, 0.00000000000000000000e+00) (5, 3, 5.00000000000000000000e-01) (5, 3, 5.00000000000000000000e-01) (5, 3, 5.00000000000000000000e-01) (5, 3, 5.00000000000000000000e-01) (0, 3, 0.00000000000000000000e+00) (5, 0, 5.00000000000000000000e-01) (5, 0, 5.00000000000000000000e-01) (0, 0, 0.00000000000000000000e+00) 
connections (connected_to_neuron, weight)=(0, 6.00886011123657226562e+00) (1, 1.22832930088043212891e+00) (0, -6.30529975891113281250e+00) (1, -3.85661435127258300781e+00) (0, 1.49860266113281250000e+03) (1, -4.23526167869567871094e-02) (0, -1.40109004974365234375e+01) (1, -8.75897598266601562500e+00) (2, 1.16368615627288818359e+00) (3, -3.15346097946166992188e+00) (4, -1.22095084190368652344e+00) (5, 5.06632614135742187500e+00) (6, 2.25347667932510375977e-01) (2, -1.18623960018157958984e+00) (3, 3.60324859619140625000e-01) (4, 3.63645935058593750000e+02) (5, 8.71081590652465820312e-01) (6, -1.67942807078361511230e-01) (2, 8.50464701652526855469e-01) (3, -2.62327551841735839844e+00) (4, 3.18587839603424072266e-01) (5, 5.75394773483276367188e+00) (6, 1.59381330013275146484e-01) (2, -6.19536340236663818359e-01) (3, 1.42166423797607421875e+00) (4, 2.50693410634994506836e-01) (5, 2.35643506050109863281e+00) (6, -7.38730907440185546875e-01) (7, -8.91500413417816162109e-02) (8, 1.14513013977557420731e-03) (9, -9.10892784595489501953e-02) (10, 3.26692938804626464844e-01) (11, -1.95171222090721130371e-01) (7, -6.89082682132720947266e-01) (8, -1.43422767519950866699e-01) (9, -6.08202993869781494141e-01) (10, -7.45550453662872314453e-01) (11, -5.95898889005184173584e-02) 
