FANN_FLO_2.1
num_layers=3
learning_rate=0.300000
connection_rate=1.000000
network_type=0
learning_momentum=0.000000
training_algorithm=2
train_error_function=1
train_stop_function=0
cascade_output_change_fraction=0.010000
quickprop_decay=-0.000100
quickprop_mu=1.750000
rprop_increase_factor=1.200000
rprop_decrease_factor=0.500000
rprop_delta_min=0.000000
rprop_delta_max=50.000000
rprop_delta_zero=0.100000
cascade_output_stagnation_epochs=12
cascade_candidate_change_fraction=0.010000
cascade_candidate_stagnation_epochs=12
cascade_max_out_epochs=150
cascade_min_out_epochs=50
cascade_max_cand_epochs=150
cascade_min_cand_epochs=50
cascade_num_candidate_groups=2
bit_fail_limit=3.49999994039535522461e-01
cascade_candidate_limit=1.00000000000000000000e+03
cascade_weight_multiplier=4.00000005960464477539e-01
cascade_activation_functions_count=10
cascade_activation_functions=3 5 7 8 10 11 14 15 16 17 
cascade_activation_steepnesses_count=4
cascade_activation_steepnesses=2.50000000000000000000e-01 5.00000000000000000000e-01 7.50000000000000000000e-01 1.00000000000000000000e+00 
layer_sizes=4 9 2 
scale_included=0
neurons (num_inputs, activation_function, activation_steepness)=(0, 0, 0.00000000000000000000e+00) (0, 0, 0.00000000000000000000e+00) (0, 0, 0.00000000000000000000e+00) (0, 0, 0.00000000000000000000e+00) (4, 3, 5.00000000000000000000e-01) (4, 3, 5.00000000000000000000e-01) (4, 3, 5.00000000000000000000e-01) (4, 3, 5.00000000000000000000e-01) (4, 3, 5.00000000000000000000e-01) (4, 3, 5.00000000000000000000e-01) (4, 3, 5.00000000000000000000e-01) (4, 3, 5.00000000000000000000e-01) (0, 3, 0.00000000000000000000e+00) (9, 3, 5.00000000000000000000e-01) (0, 3, 0.00000000000000000000e+00) 
connections (connected_to_neuron, weight)=(0, 1.82560622692108154297e-01) (1, -1.85766462236642837524e-02) (2, 3.88572394847869873047e-01) (3, -6.77404880523681640625e+00) (0, -1.86470821499824523926e-01) (1, 6.67826235294342041016e-02) (2, -3.03933471441268920898e-01) (3, 2.44340515136718750000e+00) (0, -5.28328418731689453125e-01) (1, 1.01395940780639648438e+00) (2, -1.97408747673034667969e+00) (3, 2.02893018722534179688e+00) (0, -3.49978893995285034180e-01) (1, 5.01976944506168365479e-02) (2, -7.02984809875488281250e-01) (3, 6.21991300582885742188e+00) (0, -1.29848146438598632812e+00) (1, 8.41510891914367675781e-01) (2, -2.36998844146728515625e+00) (3, 6.55133664608001708984e-01) (0, -3.76960873603820800781e-01) (1, 1.08492410182952880859e+00) (2, -2.78221988677978515625e+00) (3, 2.55847954750061035156e+00) (0, -6.12912356853485107422e-01) (1, 1.04779863357543945312e+00) (2, -1.90275633335113525391e+00) (3, 8.88479411602020263672e-01) (0, -9.12592113018035888672e-01) (1, 5.44300734996795654297e-01) (2, -6.27952456474304199219e-01) (3, 4.08710777759552001953e-01) (4, 1.97504150867462158203e+00) (5, -1.30997693538665771484e+00) (6, -2.05966442823410034180e-01) (7, -3.28354978561401367188e+00) (8, -1.19862087070941925049e-01) (9, -2.56741762161254882812e-01) (10, -2.51001030206680297852e-01) (11, -2.53115624189376831055e-01) (12, -1.79589509963989257812e-01) 
