FANN_FLO_2.1
num_layers=4
learning_rate=0.450000
connection_rate=1.000000
network_type=0
learning_momentum=0.000000
training_algorithm=2
train_error_function=1
train_stop_function=0
cascade_output_change_fraction=0.010000
quickprop_decay=-0.000100
quickprop_mu=1.750000
rprop_increase_factor=1.200000
rprop_decrease_factor=0.500000
rprop_delta_min=0.000000
rprop_delta_max=50.000000
rprop_delta_zero=0.100000
cascade_output_stagnation_epochs=12
cascade_candidate_change_fraction=0.010000
cascade_candidate_stagnation_epochs=12
cascade_max_out_epochs=150
cascade_min_out_epochs=50
cascade_max_cand_epochs=150
cascade_min_cand_epochs=50
cascade_num_candidate_groups=2
bit_fail_limit=3.49999994039535522461e-01
cascade_candidate_limit=1.00000000000000000000e+03
cascade_weight_multiplier=4.00000005960464477539e-01
cascade_activation_functions_count=10
cascade_activation_functions=3 5 7 8 10 11 14 15 16 17 
cascade_activation_steepnesses_count=4
cascade_activation_steepnesses=2.50000000000000000000e-01 5.00000000000000000000e-01 7.50000000000000000000e-01 1.00000000000000000000e+00 
layer_sizes=7 5 5 2 
scale_included=0
neurons (num_inputs, activation_function, activation_steepness)=(0, 0, 0.00000000000000000000e+00) (0, 0, 0.00000000000000000000e+00) (0, 0, 0.00000000000000000000e+00) (0, 0, 0.00000000000000000000e+00) (0, 0, 0.00000000000000000000e+00) (0, 0, 0.00000000000000000000e+00) (0, 0, 0.00000000000000000000e+00) (7, 3, 5.00000000000000000000e-01) (7, 3, 5.00000000000000000000e-01) (7, 3, 5.00000000000000000000e-01) (7, 3, 5.00000000000000000000e-01) (0, 3, 0.00000000000000000000e+00) (5, 3, 5.00000000000000000000e-01) (5, 3, 5.00000000000000000000e-01) (5, 3, 5.00000000000000000000e-01) (5, 3, 5.00000000000000000000e-01) (0, 3, 0.00000000000000000000e+00) (5, 0, 5.00000000000000000000e-01) (0, 0, 0.00000000000000000000e+00) 
connections (connected_to_neuron, weight)=(0, -8.09795930981636047363e-02) (1, 1.05410003662109375000e+00) (2, -1.40682268142700195312e+00) (3, 5.52718639373779296875e-01) (4, 2.41853880882263183594e+00) (5, -2.36796998977661132812e+00) (6, 3.01951813697814941406e+00) (0, -2.68066257238388061523e-01) (1, 6.33953630924224853516e-01) (2, -6.66485309600830078125e-01) (3, 1.46965295076370239258e-01) (4, 1.15283119678497314453e+00) (5, -5.91684460639953613281e-01) (6, 1.24179995059967041016e+00) (0, 3.25007468461990356445e-01) (1, 1.30756700038909912109e+00) (2, -9.55879628658294677734e-01) (3, -3.19531440734863281250e-01) (4, 1.57760500907897949219e+00) (5, -1.77042734622955322266e+00) (6, 2.35604619979858398438e+00) (0, 4.68213707208633422852e-01) (1, -4.60131615400314331055e-01) (2, -1.79006350040435791016e+00) (3, -1.12087786197662353516e-01) (4, 5.43796777725219726562e-01) (5, -1.39156639575958251953e+00) (6, 2.56792999267578125000e+02) (7, 1.10223484039306640625e+00) (8, -1.07152000069618225098e-01) (9, -1.48808407783508300781e+00) (10, -3.75535637140274047852e-01) (11, -1.24621167778968811035e-01) (7, -3.60145419836044311523e-02) (8, -1.59752085804939270020e-01) (9, -1.41423809528350830078e+00) (10, -2.78131842613220214844e-01) (11, -3.67590188980102539062e-01) (7, -7.61219692230224609375e+00) (8, 1.93380188941955566406e+00) (9, -3.30648460388183593750e+01) (10, 2.29043230414390563965e-01) (11, 3.27636182308197021484e-01) (7, -2.22859058380126953125e+01) (8, 1.48069496154785156250e+01) (9, -5.03100242614746093750e+01) (10, -8.12330961227416992188e-01) (11, -1.35655963420867919922e+00) (12, 9.27550345659255981445e-02) (13, -6.47896081209182739258e-02) (14, -2.70097637176513671875e+00) (15, 2.26857233047485351562e+00) (16, -8.04431270807981491089e-03) 
