FANN_FLO_2.1
num_layers=3
learning_rate=0.400000
connection_rate=1.000000
network_type=0
learning_momentum=0.000000
training_algorithm=2
train_error_function=1
train_stop_function=0
cascade_output_change_fraction=0.010000
quickprop_decay=-0.000100
quickprop_mu=1.750000
rprop_increase_factor=1.200000
rprop_decrease_factor=0.500000
rprop_delta_min=0.000000
rprop_delta_max=50.000000
rprop_delta_zero=0.100000
cascade_output_stagnation_epochs=12
cascade_candidate_change_fraction=0.010000
cascade_candidate_stagnation_epochs=12
cascade_max_out_epochs=150
cascade_min_out_epochs=50
cascade_max_cand_epochs=150
cascade_min_cand_epochs=50
cascade_num_candidate_groups=2
bit_fail_limit=3.49999994039535522461e-01
cascade_candidate_limit=1.00000000000000000000e+03
cascade_weight_multiplier=4.00000005960464477539e-01
cascade_activation_functions_count=10
cascade_activation_functions=3 5 7 8 10 11 14 15 16 17 
cascade_activation_steepnesses_count=4
cascade_activation_steepnesses=2.50000000000000000000e-01 5.00000000000000000000e-01 7.50000000000000000000e-01 1.00000000000000000000e+00 
layer_sizes=6 5 2 
scale_included=0
neurons (num_inputs, activation_function, activation_steepness)=(0, 0, 0.00000000000000000000e+00) (0, 0, 0.00000000000000000000e+00) (0, 0, 0.00000000000000000000e+00) (0, 0, 0.00000000000000000000e+00) (0, 0, 0.00000000000000000000e+00) (0, 0, 0.00000000000000000000e+00) (6, 3, 5.00000000000000000000e-01) (6, 3, 5.00000000000000000000e-01) (6, 3, 5.00000000000000000000e-01) (6, 3, 5.00000000000000000000e-01) (0, 3, 0.00000000000000000000e+00) (5, 0, 5.00000000000000000000e-01) (0, 0, 0.00000000000000000000e+00) 
connections (connected_to_neuron, weight)=(0, -1.50000000000000000000e+03) (1, -1.50000000000000000000e+03) (2, -1.27687362670898437500e+02) (3, -3.56721735000610351562e+00) (4, 1.15628633499145507812e+01) (5, 2.31060698628425598145e-01) (0, -1.50000000000000000000e+03) (1, -1.50000000000000000000e+03) (2, -7.47381835937500000000e+02) (3, -1.11191276550292968750e+02) (4, 1.29437279701232910156e+00) (5, 2.49556034803390502930e-01) (0, -1.50000000000000000000e+03) (1, -5.29986534118652343750e+01) (2, -3.90324473381042480469e+00) (3, -1.42070941925048828125e+01) (4, 3.77368402481079101562e+00) (5, 1.10787069797515869141e+00) (0, -1.50000000000000000000e+03) (1, -1.50000000000000000000e+03) (2, -4.74107217788696289062e+00) (3, -8.20051729679107666016e-01) (4, 1.78697705268859863281e+00) (5, 6.48608058691024780273e-03) (6, 8.53740921020507812500e+01) (7, 3.45441093444824218750e+01) (8, 4.92971038818359375000e+00) (9, 8.23311462402343750000e+01) (10, 7.69199907779693603516e-01) 
