FANN_FLO_2.1
num_layers=4
learning_rate=0.500000
connection_rate=1.000000
network_type=0
learning_momentum=0.000000
training_algorithm=2
train_error_function=1
train_stop_function=0
cascade_output_change_fraction=0.010000
quickprop_decay=-0.000100
quickprop_mu=1.750000
rprop_increase_factor=1.200000
rprop_decrease_factor=0.500000
rprop_delta_min=0.000000
rprop_delta_max=50.000000
rprop_delta_zero=0.100000
cascade_output_stagnation_epochs=12
cascade_candidate_change_fraction=0.010000
cascade_candidate_stagnation_epochs=12
cascade_max_out_epochs=150
cascade_min_out_epochs=50
cascade_max_cand_epochs=150
cascade_min_cand_epochs=50
cascade_num_candidate_groups=2
bit_fail_limit=3.49999994039535522461e-01
cascade_candidate_limit=1.00000000000000000000e+03
cascade_weight_multiplier=4.00000005960464477539e-01
cascade_activation_functions_count=10
cascade_activation_functions=3 5 7 8 10 11 14 15 16 17 
cascade_activation_steepnesses_count=4
cascade_activation_steepnesses=2.50000000000000000000e-01 5.00000000000000000000e-01 7.50000000000000000000e-01 1.00000000000000000000e+00 
layer_sizes=18 3 3 2 
scale_included=0
neurons (num_inputs, activation_function, activation_steepness)=(0, 0, 0.00000000000000000000e+00) (0, 0, 0.00000000000000000000e+00) (0, 0, 0.00000000000000000000e+00) (0, 0, 0.00000000000000000000e+00) (0, 0, 0.00000000000000000000e+00) (0, 0, 0.00000000000000000000e+00) (0, 0, 0.00000000000000000000e+00) (0, 0, 0.00000000000000000000e+00) (0, 0, 0.00000000000000000000e+00) (0, 0, 0.00000000000000000000e+00) (0, 0, 0.00000000000000000000e+00) (0, 0, 0.00000000000000000000e+00) (0, 0, 0.00000000000000000000e+00) (0, 0, 0.00000000000000000000e+00) (0, 0, 0.00000000000000000000e+00) (0, 0, 0.00000000000000000000e+00) (0, 0, 0.00000000000000000000e+00) (0, 0, 0.00000000000000000000e+00) (18, 3, 5.00000000000000000000e-01) (18, 3, 5.00000000000000000000e-01) (0, 3, 0.00000000000000000000e+00) (3, 3, 5.00000000000000000000e-01) (3, 3, 5.00000000000000000000e-01) (0, 3, 0.00000000000000000000e+00) (3, 0, 5.00000000000000000000e-01) (0, 0, 0.00000000000000000000e+00) 
connections (connected_to_neuron, weight)=(0, 4.79457974433898925781e-01) (1, 5.37202775478363037109e-01) (2, 5.96794545650482177734e-01) (3, 9.05569732189178466797e-01) (4, 7.98688411712646484375e-01) (5, -8.42600643634796142578e-01) (6, -7.72761106491088867188e-01) (7, -1.10478866100311279297e+00) (8, 8.13902392983436584473e-02) (9, 4.01927918195724487305e-01) (10, 8.64670455455780029297e-01) (11, 8.81290137767791748047e-01) (12, 7.18888103961944580078e-01) (13, 4.73700046539306640625e-01) (14, 9.37331914901733398438e-01) (15, 6.96424067020416259766e-01) (16, 8.03150773048400878906e-01) (17, -3.70034289360046386719e+00) (0, 1.53793179988861083984e+00) (1, 1.09643495082855224609e+00) (2, 1.22861838340759277344e+00) (3, 8.58404040336608886719e-01) (4, 6.01926743984222412109e-01) (5, -8.52224051952362060547e-01) (6, -8.50964486598968505859e-01) (7, -8.46550345420837402344e-01) (8, 1.76622241735458374023e-01) (9, 1.49132585525512695312e+00) (10, 8.86963307857513427734e-01) (11, 8.32539379596710205078e-01) (12, 8.12151134014129638672e-01) (13, 1.31629538536071777344e+00) (14, 7.29096353054046630859e-01) (15, 1.31428134441375732422e+00) (16, 7.92201757431030273438e-01) (17, -3.09322786331176757812e+00) (18, 2.56228041648864746094e+00) (19, 1.75549399852752685547e+00) (20, -2.37069225311279296875e+00) (18, 2.24294853210449218750e+00) (19, 1.91251242160797119141e+00) (20, -2.30404615402221679688e+00) (21, 7.46750402450561523438e+00) (22, 7.08267927169799804688e+00) (23, 1.78544199466705322266e+00) 
