FANN_FLO_2.1
num_layers=3
learning_rate=0.300000
connection_rate=1.000000
network_type=0
learning_momentum=0.000000
training_algorithm=2
train_error_function=1
train_stop_function=0
cascade_output_change_fraction=0.010000
quickprop_decay=-0.000100
quickprop_mu=1.750000
rprop_increase_factor=1.200000
rprop_decrease_factor=0.500000
rprop_delta_min=0.000000
rprop_delta_max=50.000000
rprop_delta_zero=0.100000
cascade_output_stagnation_epochs=12
cascade_candidate_change_fraction=0.010000
cascade_candidate_stagnation_epochs=12
cascade_max_out_epochs=150
cascade_min_out_epochs=50
cascade_max_cand_epochs=150
cascade_min_cand_epochs=50
cascade_num_candidate_groups=2
bit_fail_limit=3.49999994039535522461e-01
cascade_candidate_limit=1.00000000000000000000e+03
cascade_weight_multiplier=4.00000005960464477539e-01
cascade_activation_functions_count=10
cascade_activation_functions=3 5 7 8 10 11 14 15 16 17 
cascade_activation_steepnesses_count=4
cascade_activation_steepnesses=2.50000000000000000000e-01 5.00000000000000000000e-01 7.50000000000000000000e-01 1.00000000000000000000e+00 
layer_sizes=4 9 2 
scale_included=0
neurons (num_inputs, activation_function, activation_steepness)=(0, 0, 0.00000000000000000000e+00) (0, 0, 0.00000000000000000000e+00) (0, 0, 0.00000000000000000000e+00) (0, 0, 0.00000000000000000000e+00) (4, 3, 5.00000000000000000000e-01) (4, 3, 5.00000000000000000000e-01) (4, 3, 5.00000000000000000000e-01) (4, 3, 5.00000000000000000000e-01) (4, 3, 5.00000000000000000000e-01) (4, 3, 5.00000000000000000000e-01) (4, 3, 5.00000000000000000000e-01) (4, 3, 5.00000000000000000000e-01) (0, 3, 0.00000000000000000000e+00) (9, 3, 5.00000000000000000000e-01) (0, 3, 0.00000000000000000000e+00) 
connections (connected_to_neuron, weight)=(0, -2.46149122714996337891e-01) (1, 6.52426108717918395996e-02) (2, -2.86558400839567184448e-02) (3, 1.96919476985931396484e+00) (0, -3.27837914228439331055e-01) (1, 1.96041420102119445801e-01) (2, -7.36528337001800537109e-01) (3, -4.25993390381336212158e-02) (0, -2.38795742392539978027e-01) (1, 2.59060896933078765869e-02) (2, -1.65437050163745880127e-02) (3, 6.51286602020263671875e-01) (0, -5.40755093097686767578e-02) (1, 2.40749828517436981201e-02) (2, -2.98823177814483642578e-01) (3, 3.89515876770019531250e-01) (0, -1.23245429992675781250e+00) (1, 6.78874850273132324219e-01) (2, -2.94950604438781738281e+00) (3, -6.47267055511474609375e+00) (0, -1.77116847038269042969e+00) (1, 6.91973030567169189453e-01) (2, -1.39127790927886962891e+00) (3, 2.37106075286865234375e+01) (0, 1.50000000000000000000e+03) (1, 3.35226202011108398438e+00) (2, -1.08597877502441406250e+02) (3, -3.51429432630538940430e-01) (0, -1.03894746303558349609e+00) (1, 4.47802037000656127930e-01) (2, -3.39325284957885742188e+00) (3, 9.54623508453369140625e+00) (4, -1.70086979866027832031e+00) (5, 6.66458547115325927734e-01) (6, -4.43493795394897460938e+00) (7, -9.08647251129150390625e+00) (8, 3.07132601737976074219e-01) (9, -2.71140456199645996094e-01) (10, 3.68860393762588500977e-01) (11, 2.40139916539192199707e-01) (12, 1.03383779525756835938e+00) 
