FANN_FLO_2.1
num_layers=3
learning_rate=0.500000
connection_rate=1.000000
network_type=0
learning_momentum=0.000000
training_algorithm=2
train_error_function=1
train_stop_function=0
cascade_output_change_fraction=0.010000
quickprop_decay=-0.000100
quickprop_mu=1.750000
rprop_increase_factor=1.200000
rprop_decrease_factor=0.500000
rprop_delta_min=0.000000
rprop_delta_max=50.000000
rprop_delta_zero=0.100000
cascade_output_stagnation_epochs=12
cascade_candidate_change_fraction=0.010000
cascade_candidate_stagnation_epochs=12
cascade_max_out_epochs=150
cascade_min_out_epochs=50
cascade_max_cand_epochs=150
cascade_min_cand_epochs=50
cascade_num_candidate_groups=2
bit_fail_limit=3.49999994039535522461e-01
cascade_candidate_limit=1.00000000000000000000e+03
cascade_weight_multiplier=4.00000005960464477539e-01
cascade_activation_functions_count=10
cascade_activation_functions=3 5 7 8 10 11 14 15 16 17 
cascade_activation_steepnesses_count=4
cascade_activation_steepnesses=2.50000000000000000000e-01 5.00000000000000000000e-01 7.50000000000000000000e-01 1.00000000000000000000e+00 
layer_sizes=7 5 2 
scale_included=0
neurons (num_inputs, activation_function, activation_steepness)=(0, 0, 0.00000000000000000000e+00) (0, 0, 0.00000000000000000000e+00) (0, 0, 0.00000000000000000000e+00) (0, 0, 0.00000000000000000000e+00) (0, 0, 0.00000000000000000000e+00) (0, 0, 0.00000000000000000000e+00) (0, 0, 0.00000000000000000000e+00) (7, 3, 5.00000000000000000000e-01) (7, 3, 5.00000000000000000000e-01) (7, 3, 5.00000000000000000000e-01) (7, 3, 5.00000000000000000000e-01) (0, 3, 0.00000000000000000000e+00) (5, 0, 5.00000000000000000000e-01) (0, 0, 0.00000000000000000000e+00) 
connections (connected_to_neuron, weight)=(0, 2.22848311066627502441e-01) (1, -6.48427456617355346680e-02) (2, 7.26534307003021240234e-01) (3, -2.64563232660293579102e-01) (4, -4.68367367982864379883e-01) (5, -1.92041054368019104004e-01) (6, -4.28484231233596801758e-01) (0, 1.01858840942382812500e+02) (1, -2.09399871826171875000e+02) (2, 3.99176263809204101562e+00) (3, 2.03407931327819824219e+00) (4, 9.08434540033340454102e-02) (5, -1.48581933593750000000e+03) (6, -3.66608589887619018555e-01) (0, 1.13060854375362396240e-01) (1, -1.59390002489089965820e-01) (2, -7.19913065433502197266e-01) (3, -1.09181210398674011230e-01) (4, 8.64315211772918701172e-01) (5, 5.32186850905418395996e-02) (6, -5.70117771625518798828e-01) (0, 1.21136695146560668945e-01) (1, -9.46506559848785400391e-01) (2, 8.03996384143829345703e-01) (3, -2.38542675971984863281e-01) (4, -4.91677150130271911621e-02) (5, 2.78111159801483154297e-01) (6, -4.27146023139357566833e-03) (7, -2.56127893924713134766e-01) (8, 5.05399993896484375000e+02) (9, -2.57464498281478881836e-01) (10, -3.79924438893795013428e-02) (11, 2.67676591873168945312e-01) 
