FANN_FLO_2.1
num_layers=4
learning_rate=0.300000
connection_rate=1.000000
network_type=0
learning_momentum=0.000000
training_algorithm=2
train_error_function=1
train_stop_function=0
cascade_output_change_fraction=0.010000
quickprop_decay=-0.000100
quickprop_mu=1.750000
rprop_increase_factor=1.200000
rprop_decrease_factor=0.500000
rprop_delta_min=0.000000
rprop_delta_max=50.000000
rprop_delta_zero=0.100000
cascade_output_stagnation_epochs=12
cascade_candidate_change_fraction=0.010000
cascade_candidate_stagnation_epochs=12
cascade_max_out_epochs=150
cascade_min_out_epochs=50
cascade_max_cand_epochs=150
cascade_min_cand_epochs=50
cascade_num_candidate_groups=2
bit_fail_limit=3.49999994039535522461e-01
cascade_candidate_limit=1.00000000000000000000e+03
cascade_weight_multiplier=4.00000005960464477539e-01
cascade_activation_functions_count=10
cascade_activation_functions=3 5 7 8 10 11 14 15 16 17 
cascade_activation_steepnesses_count=4
cascade_activation_steepnesses=2.50000000000000000000e-01 5.00000000000000000000e-01 7.50000000000000000000e-01 1.00000000000000000000e+00 
layer_sizes=2 5 5 3 
scale_included=0
neurons (num_inputs, activation_function, activation_steepness)=(0, 0, 0.00000000000000000000e+00) (0, 0, 0.00000000000000000000e+00) (2, 3, 5.00000000000000000000e-01) (2, 3, 5.00000000000000000000e-01) (2, 3, 5.00000000000000000000e-01) (2, 3, 5.00000000000000000000e-01) (0, 3, 0.00000000000000000000e+00) (5, 3, 5.00000000000000000000e-01) (5, 3, 5.00000000000000000000e-01) (5, 3, 5.00000000000000000000e-01) (5, 3, 5.00000000000000000000e-01) (0, 3, 0.00000000000000000000e+00) (5, 0, 5.00000000000000000000e-01) (5, 0, 5.00000000000000000000e-01) (0, 0, 0.00000000000000000000e+00) 
connections (connected_to_neuron, weight)=(0, -2.65004215240478515625e+01) (1, -7.15153515338897705078e-01) (0, -5.64485626220703125000e+01) (1, -6.11184120178222656250e-01) (0, -3.68594818115234375000e+01) (1, -8.42216670513153076172e-01) (0, -3.68132629394531250000e+01) (1, -5.69057166576385498047e-01) (2, 1.53544425964355468750e+00) (3, 7.54354000091552734375e-01) (4, 3.14252305030822753906e+00) (5, 1.59300565719604492188e+00) (6, -2.27289032936096191406e+00) (2, 7.26078569889068603516e-01) (3, 6.44864261150360107422e-01) (4, 7.10214316844940185547e-01) (5, 8.10925900936126708984e-01) (6, -9.91324067115783691406e-01) (2, 2.28927135467529296875e+00) (3, 6.68330013751983642578e-01) (4, 2.24124026298522949219e+00) (5, 2.26951408386230468750e+00) (6, -2.69382214546203613281e+00) (2, 6.27397418022155761719e-01) (3, 5.58161377906799316406e-01) (4, 5.71964204311370849609e-01) (5, 5.68191766738891601562e-01) (6, -1.94149106740951538086e-01) (7, 2.62109488248825073242e-01) (8, -3.62554308958351612091e-03) (9, 8.11837613582611083984e-02) (10, -4.28615175187587738037e-02) (11, -3.21436434984207153320e-01) (7, -5.58956563472747802734e-01) (8, -4.22304570674896240234e-01) (9, -4.61380839347839355469e-01) (10, -5.13634443283081054688e-01) (11, -3.78837078809738159180e-01) 
