FANN_FLO_2.1
num_layers=3
learning_rate=0.500000
connection_rate=1.000000
network_type=0
learning_momentum=0.000000
training_algorithm=2
train_error_function=1
train_stop_function=0
cascade_output_change_fraction=0.010000
quickprop_decay=-0.000100
quickprop_mu=1.750000
rprop_increase_factor=1.200000
rprop_decrease_factor=0.500000
rprop_delta_min=0.000000
rprop_delta_max=50.000000
rprop_delta_zero=0.100000
cascade_output_stagnation_epochs=12
cascade_candidate_change_fraction=0.010000
cascade_candidate_stagnation_epochs=12
cascade_max_out_epochs=150
cascade_min_out_epochs=50
cascade_max_cand_epochs=150
cascade_min_cand_epochs=50
cascade_num_candidate_groups=2
bit_fail_limit=3.49999994039535522461e-01
cascade_candidate_limit=1.00000000000000000000e+03
cascade_weight_multiplier=4.00000005960464477539e-01
cascade_activation_functions_count=10
cascade_activation_functions=3 5 7 8 10 11 14 15 16 17 
cascade_activation_steepnesses_count=4
cascade_activation_steepnesses=2.50000000000000000000e-01 5.00000000000000000000e-01 7.50000000000000000000e-01 1.00000000000000000000e+00 
layer_sizes=7 5 2 
scale_included=0
neurons (num_inputs, activation_function, activation_steepness)=(0, 0, 0.00000000000000000000e+00) (0, 0, 0.00000000000000000000e+00) (0, 0, 0.00000000000000000000e+00) (0, 0, 0.00000000000000000000e+00) (0, 0, 0.00000000000000000000e+00) (0, 0, 0.00000000000000000000e+00) (0, 0, 0.00000000000000000000e+00) (7, 3, 5.00000000000000000000e-01) (7, 3, 5.00000000000000000000e-01) (7, 3, 5.00000000000000000000e-01) (7, 3, 5.00000000000000000000e-01) (0, 3, 0.00000000000000000000e+00) (5, 0, 5.00000000000000000000e-01) (0, 0, 0.00000000000000000000e+00) 
connections (connected_to_neuron, weight)=(0, -3.32585036754608154297e-01) (1, 1.00179567337036132812e+01) (2, 2.18350172042846679688e+00) (3, -1.07206497192382812500e+02) (4, -1.83011474609375000000e+01) (5, -7.31168273925781250000e+02) (6, -3.90287011861801147461e-01) (0, 5.82297444343566894531e-02) (1, -6.68269693851470947266e-02) (2, -3.65069620311260223389e-02) (3, -1.05914048850536346436e-01) (4, 6.39010846614837646484e-01) (5, -4.74760293960571289062e-01) (6, 6.01283967494964599609e-01) (0, -2.60875672101974487305e-01) (1, -1.60913028717041015625e+01) (2, 4.91883964538574218750e+01) (3, -1.97334548950195312500e+02) (4, -2.34905548095703125000e+01) (5, -9.25624694824218750000e+02) (6, -3.15411388874053955078e-01) (0, -4.22108650207519531250e-01) (1, 1.10656358301639556885e-01) (2, 1.18514788150787353516e+00) (3, -2.26671725511550903320e-01) (4, -6.84792518615722656250e-01) (5, 8.80510330200195312500e-01) (6, 2.56479167938232421875e+00) (7, 1.50000000000000000000e+03) (8, -7.25482776761054992676e-02) (9, 1.23489770507812500000e+03) (10, -3.68926748633384704590e-02) (11, 8.69914144277572631836e-02) 
