FANN_FLO_2.1
num_layers=3
learning_rate=0.450000
connection_rate=1.000000
network_type=0
learning_momentum=0.000000
training_algorithm=2
train_error_function=1
train_stop_function=0
cascade_output_change_fraction=0.010000
quickprop_decay=-0.000100
quickprop_mu=1.750000
rprop_increase_factor=1.200000
rprop_decrease_factor=0.500000
rprop_delta_min=0.000000
rprop_delta_max=50.000000
rprop_delta_zero=0.100000
cascade_output_stagnation_epochs=12
cascade_candidate_change_fraction=0.010000
cascade_candidate_stagnation_epochs=12
cascade_max_out_epochs=150
cascade_min_out_epochs=50
cascade_max_cand_epochs=150
cascade_min_cand_epochs=50
cascade_num_candidate_groups=2
bit_fail_limit=3.49999994039535522461e-01
cascade_candidate_limit=1.00000000000000000000e+03
cascade_weight_multiplier=4.00000005960464477539e-01
cascade_activation_functions_count=10
cascade_activation_functions=3 5 7 8 10 11 14 15 16 17 
cascade_activation_steepnesses_count=4
cascade_activation_steepnesses=2.50000000000000000000e-01 5.00000000000000000000e-01 7.50000000000000000000e-01 1.00000000000000000000e+00 
layer_sizes=7 5 2 
scale_included=0
neurons (num_inputs, activation_function, activation_steepness)=(0, 0, 0.00000000000000000000e+00) (0, 0, 0.00000000000000000000e+00) (0, 0, 0.00000000000000000000e+00) (0, 0, 0.00000000000000000000e+00) (0, 0, 0.00000000000000000000e+00) (0, 0, 0.00000000000000000000e+00) (0, 0, 0.00000000000000000000e+00) (7, 3, 5.00000000000000000000e-01) (7, 3, 5.00000000000000000000e-01) (7, 3, 5.00000000000000000000e-01) (7, 3, 5.00000000000000000000e-01) (0, 3, 0.00000000000000000000e+00) (5, 0, 5.00000000000000000000e-01) (0, 0, 0.00000000000000000000e+00) 
connections (connected_to_neuron, weight)=(0, 1.49951708984375000000e+03) (1, 1.47320739746093750000e+03) (2, -1.43935998535156250000e+03) (3, 1.49974768066406250000e+03) (4, 1.50000000000000000000e+03) (5, -1.46109436035156250000e+03) (6, 3.52273225784301757812e-01) (0, 1.49951708984375000000e+03) (1, 1.47320739746093750000e+03) (2, -1.43935998535156250000e+03) (3, 1.49974768066406250000e+03) (4, 1.50000000000000000000e+03) (5, -1.46109436035156250000e+03) (6, 4.64152187108993530273e-01) (0, -1.52384161949157714844e+00) (1, -3.72220754623413085938e-01) (2, -1.11430931091308593750e+00) (3, -6.52002096176147460938e-01) (4, 1.92709040641784667969e+00) (5, 1.50356674194335937500e+00) (6, 2.68377900123596191406e+00) (0, 4.83349263668060302734e-01) (1, 9.13397036492824554443e-03) (2, 6.34432911872863769531e-01) (3, -4.49423819780349731445e-01) (4, 1.08415186405181884766e-01) (5, -6.06118857860565185547e-01) (6, -2.48724484443664550781e+00) (7, -3.20246815681457519531e-02) (8, -2.60857697576284408569e-02) (9, -3.67264747619628906250e-02) (10, -3.50424349308013916016e-02) (11, 9.85860824584960937500e-02) 
