FANN_FLO_2.1
num_layers=3
learning_rate=0.500000
connection_rate=1.000000
network_type=0
learning_momentum=0.000000
training_algorithm=2
train_error_function=1
train_stop_function=0
cascade_output_change_fraction=0.010000
quickprop_decay=-0.000100
quickprop_mu=1.750000
rprop_increase_factor=1.200000
rprop_decrease_factor=0.500000
rprop_delta_min=0.000000
rprop_delta_max=50.000000
rprop_delta_zero=0.100000
cascade_output_stagnation_epochs=12
cascade_candidate_change_fraction=0.010000
cascade_candidate_stagnation_epochs=12
cascade_max_out_epochs=150
cascade_min_out_epochs=50
cascade_max_cand_epochs=150
cascade_min_cand_epochs=50
cascade_num_candidate_groups=2
bit_fail_limit=3.49999994039535522461e-01
cascade_candidate_limit=1.00000000000000000000e+03
cascade_weight_multiplier=4.00000005960464477539e-01
cascade_activation_functions_count=10
cascade_activation_functions=3 5 7 8 10 11 14 15 16 17 
cascade_activation_steepnesses_count=4
cascade_activation_steepnesses=2.50000000000000000000e-01 5.00000000000000000000e-01 7.50000000000000000000e-01 1.00000000000000000000e+00 
layer_sizes=10 3 2 
scale_included=0
neurons (num_inputs, activation_function, activation_steepness)=(0, 0, 0.00000000000000000000e+00) (0, 0, 0.00000000000000000000e+00) (0, 0, 0.00000000000000000000e+00) (0, 0, 0.00000000000000000000e+00) (0, 0, 0.00000000000000000000e+00) (0, 0, 0.00000000000000000000e+00) (0, 0, 0.00000000000000000000e+00) (0, 0, 0.00000000000000000000e+00) (0, 0, 0.00000000000000000000e+00) (0, 0, 0.00000000000000000000e+00) (10, 3, 5.00000000000000000000e-01) (10, 3, 5.00000000000000000000e-01) (0, 3, 0.00000000000000000000e+00) (3, 3, 5.00000000000000000000e-01) (0, 3, 0.00000000000000000000e+00) 
connections (connected_to_neuron, weight)=(0, -3.63066375255584716797e-01) (1, -3.24850767850875854492e-01) (2, -2.78014600276947021484e-01) (3, -4.75274324417114257812e-01) (4, -7.39862680435180664062e-01) (5, -3.63294690847396850586e-01) (6, -2.86340326070785522461e-01) (7, -4.26256120204925537109e-01) (8, -4.02673244476318359375e-01) (9, 1.22779417037963867188e+00) (0, 5.71048557758331298828e-01) (1, 6.31613135337829589844e-01) (2, 6.83194398880004882812e-01) (3, 3.60157102346420288086e-01) (4, -6.93149790167808532715e-02) (5, 5.36099791526794433594e-01) (6, 6.87597095966339111328e-01) (7, 4.82183903455734252930e-01) (8, 5.07932245731353759766e-01) (9, -2.04685974121093750000e+00) (10, -2.76480078697204589844e+00) (11, 1.79169833660125732422e+00) (12, 2.39485353231430053711e-02) 
