FANN_FLO_2.1
num_layers=3
learning_rate=0.500000
connection_rate=1.000000
network_type=0
learning_momentum=0.000000
training_algorithm=2
train_error_function=1
train_stop_function=0
cascade_output_change_fraction=0.010000
quickprop_decay=-0.000100
quickprop_mu=1.750000
rprop_increase_factor=1.200000
rprop_decrease_factor=0.500000
rprop_delta_min=0.000000
rprop_delta_max=50.000000
rprop_delta_zero=0.100000
cascade_output_stagnation_epochs=12
cascade_candidate_change_fraction=0.010000
cascade_candidate_stagnation_epochs=12
cascade_max_out_epochs=150
cascade_min_out_epochs=50
cascade_max_cand_epochs=150
cascade_min_cand_epochs=50
cascade_num_candidate_groups=2
bit_fail_limit=3.49999994039535522461e-01
cascade_candidate_limit=1.00000000000000000000e+03
cascade_weight_multiplier=4.00000005960464477539e-01
cascade_activation_functions_count=10
cascade_activation_functions=3 5 7 8 10 11 14 15 16 17 
cascade_activation_steepnesses_count=4
cascade_activation_steepnesses=2.50000000000000000000e-01 5.00000000000000000000e-01 7.50000000000000000000e-01 1.00000000000000000000e+00 
layer_sizes=3 5 4 
scale_included=0
neurons (num_inputs, activation_function, activation_steepness)=(0, 0, 0.00000000000000000000e+00) (0, 0, 0.00000000000000000000e+00) (0, 0, 0.00000000000000000000e+00) (3, 3, 5.00000000000000000000e-01) (3, 3, 5.00000000000000000000e-01) (3, 3, 5.00000000000000000000e-01) (3, 3, 5.00000000000000000000e-01) (0, 3, 0.00000000000000000000e+00) (5, 0, 5.00000000000000000000e-01) (5, 0, 5.00000000000000000000e-01) (5, 0, 5.00000000000000000000e-01) (0, 0, 0.00000000000000000000e+00) 
connections (connected_to_neuron, weight)=(0, -1.78722667694091796875e+01) (1, 1.11689386367797851562e+01) (2, 1.41923084259033203125e+01) (0, -2.73988990783691406250e+01) (1, 5.54697799682617187500e+00) (2, 1.31561737060546875000e+01) (0, -3.73935508728027343750e+01) (1, -2.14032897949218750000e+01) (2, 2.88421583175659179688e+00) (0, -1.50000000000000000000e+03) (1, -9.20251274108886718750e+00) (2, 5.67830238342285156250e+01) (3, 1.56448745727539062500e+00) (4, 1.51731586456298828125e+00) (5, 2.31363105773925781250e+00) (6, 2.05336809158325195312e+00) (7, 1.78440260887145996094e+00) (3, 5.52081489562988281250e+00) (4, 5.34344434738159179688e+00) (5, 6.09781265258789062500e+00) (6, 4.49177742004394531250e+00) (7, 6.84228134155273437500e+00) (3, 1.80345611572265625000e+01) (4, 1.62532844543457031250e+01) (5, 1.58768625259399414062e+01) (6, 1.60007076263427734375e+01) (7, 2.74168987274169921875e+01) 
