FANN_FLO_2.1
num_layers=4
learning_rate=0.300000
connection_rate=1.000000
network_type=0
learning_momentum=0.000000
training_algorithm=2
train_error_function=1
train_stop_function=0
cascade_output_change_fraction=0.010000
quickprop_decay=-0.000100
quickprop_mu=1.750000
rprop_increase_factor=1.200000
rprop_decrease_factor=0.500000
rprop_delta_min=0.000000
rprop_delta_max=50.000000
rprop_delta_zero=0.100000
cascade_output_stagnation_epochs=12
cascade_candidate_change_fraction=0.010000
cascade_candidate_stagnation_epochs=12
cascade_max_out_epochs=150
cascade_min_out_epochs=50
cascade_max_cand_epochs=150
cascade_min_cand_epochs=50
cascade_num_candidate_groups=2
bit_fail_limit=3.49999994039535522461e-01
cascade_candidate_limit=1.00000000000000000000e+03
cascade_weight_multiplier=4.00000005960464477539e-01
cascade_activation_functions_count=10
cascade_activation_functions=3 5 7 8 10 11 14 15 16 17 
cascade_activation_steepnesses_count=4
cascade_activation_steepnesses=2.50000000000000000000e-01 5.00000000000000000000e-01 7.50000000000000000000e-01 1.00000000000000000000e+00 
layer_sizes=2 5 5 3 
scale_included=0
neurons (num_inputs, activation_function, activation_steepness)=(0, 0, 0.00000000000000000000e+00) (0, 0, 0.00000000000000000000e+00) (2, 3, 5.00000000000000000000e-01) (2, 3, 5.00000000000000000000e-01) (2, 3, 5.00000000000000000000e-01) (2, 3, 5.00000000000000000000e-01) (0, 3, 0.00000000000000000000e+00) (5, 3, 5.00000000000000000000e-01) (5, 3, 5.00000000000000000000e-01) (5, 3, 5.00000000000000000000e-01) (5, 3, 5.00000000000000000000e-01) (0, 3, 0.00000000000000000000e+00) (5, 0, 5.00000000000000000000e-01) (5, 0, 5.00000000000000000000e-01) (0, 0, 0.00000000000000000000e+00) 
connections (connected_to_neuron, weight)=(0, -1.71371688842773437500e+01) (1, -2.03283894807100296021e-02) (0, -1.96467361450195312500e+01) (1, -2.29755461215972900391e-01) (0, -3.39364547729492187500e+01) (1, -1.37068247795104980469e+00) (0, -2.27091503143310546875e+01) (1, -4.59003806114196777344e-01) (2, 5.18905580043792724609e-01) (3, 3.78305017948150634766e-01) (4, 1.23458755016326904297e+00) (5, 3.70452046394348144531e-01) (6, 3.70242655277252197266e-01) (2, 3.02312999963760375977e-01) (3, 1.37093275785446166992e-01) (4, 6.15595865249633789062e+00) (5, 5.02558052539825439453e-01) (6, -2.09205913543701171875e+00) (2, 3.92586112022399902344e-01) (3, 3.30915212631225585938e-01) (4, 8.55035364627838134766e-01) (5, 2.72909134626388549805e-01) (6, -5.56945353746414184570e-02) (2, 9.10319626331329345703e-01) (3, 8.53959083557128906250e-01) (4, 5.37058067321777343750e+00) (5, 9.90666508674621582031e-01) (6, -3.18463349342346191406e+00) (7, -9.73008051514625549316e-02) (8, -5.83698302507400512695e-02) (9, -2.16360343620181083679e-03) (10, 3.26963752508163452148e-01) (11, -1.39025390148162841797e-01) (7, -5.72092235088348388672e-01) (8, -5.03686726093292236328e-01) (9, -3.38881790637969970703e-01) (10, -6.09281837940216064453e-01) (11, -2.03319594264030456543e-01) 
