FANN_FLO_2.1
num_layers=3
learning_rate=0.300000
connection_rate=1.000000
network_type=0
learning_momentum=0.000000
training_algorithm=2
train_error_function=1
train_stop_function=0
cascade_output_change_fraction=0.010000
quickprop_decay=-0.000100
quickprop_mu=1.750000
rprop_increase_factor=1.200000
rprop_decrease_factor=0.500000
rprop_delta_min=0.000000
rprop_delta_max=50.000000
rprop_delta_zero=0.100000
cascade_output_stagnation_epochs=12
cascade_candidate_change_fraction=0.010000
cascade_candidate_stagnation_epochs=12
cascade_max_out_epochs=150
cascade_min_out_epochs=50
cascade_max_cand_epochs=150
cascade_min_cand_epochs=50
cascade_num_candidate_groups=2
bit_fail_limit=3.49999994039535522461e-01
cascade_candidate_limit=1.00000000000000000000e+03
cascade_weight_multiplier=4.00000005960464477539e-01
cascade_activation_functions_count=10
cascade_activation_functions=3 5 7 8 10 11 14 15 16 17 
cascade_activation_steepnesses_count=4
cascade_activation_steepnesses=2.50000000000000000000e-01 5.00000000000000000000e-01 7.50000000000000000000e-01 1.00000000000000000000e+00 
layer_sizes=4 9 2 
scale_included=0
neurons (num_inputs, activation_function, activation_steepness)=(0, 0, 0.00000000000000000000e+00) (0, 0, 0.00000000000000000000e+00) (0, 0, 0.00000000000000000000e+00) (0, 0, 0.00000000000000000000e+00) (4, 3, 5.00000000000000000000e-01) (4, 3, 5.00000000000000000000e-01) (4, 3, 5.00000000000000000000e-01) (4, 3, 5.00000000000000000000e-01) (4, 3, 5.00000000000000000000e-01) (4, 3, 5.00000000000000000000e-01) (4, 3, 5.00000000000000000000e-01) (4, 3, 5.00000000000000000000e-01) (0, 3, 0.00000000000000000000e+00) (9, 3, 5.00000000000000000000e-01) (0, 3, 0.00000000000000000000e+00) 
connections (connected_to_neuron, weight)=(0, -1.80495524406433105469e+00) (1, 6.86217784881591796875e-01) (2, -1.83346021175384521484e+00) (3, 1.63683128356933593750e+01) (0, -2.15628951787948608398e-01) (1, 1.18039198219776153564e-01) (2, -7.88732409477233886719e-01) (3, 1.25697374343872070312e+00) (0, -1.73357868194580078125e+00) (1, 8.16454052925109863281e-01) (2, -5.32249093055725097656e-01) (3, 7.54777193069458007812e+00) (0, -2.18756389617919921875e+00) (1, 7.11077332496643066406e-01) (2, -1.64418685436248779297e+00) (3, -2.45338416099548339844e+00) (0, -1.36757981777191162109e+00) (1, 3.79565745592117309570e-01) (2, -1.73172152042388916016e+00) (3, 2.89042167663574218750e+01) (0, -1.91091716289520263672e-01) (1, 1.95493120700120925903e-02) (2, -1.45391345024108886719e-01) (3, 2.35934782028198242188e+00) (0, -1.23467421531677246094e+00) (1, 7.02755272388458251953e-01) (2, -2.50591421127319335938e+00) (3, 1.85424289703369140625e+01) (0, -3.50542999804019927979e-02) (1, -2.50790491700172424316e-02) (2, -1.31443786621093750000e+00) (3, 1.19101114273071289062e+01) (4, -3.04559022188186645508e-01) (5, -1.05744147300720214844e+00) (6, -2.00960114598274230957e-01) (7, 1.85707002878189086914e-01) (8, -3.03247779607772827148e-01) (9, -4.82572412490844726562e+00) (10, -3.37472409009933471680e-01) (11, -5.35726845264434814453e-01) (12, 7.68964529037475585938e-01) 
