FANN_FLO_2.1
num_layers=3
learning_rate=0.400000
connection_rate=1.000000
network_type=0
learning_momentum=0.000000
training_algorithm=2
train_error_function=1
train_stop_function=0
cascade_output_change_fraction=0.010000
quickprop_decay=-0.000100
quickprop_mu=1.750000
rprop_increase_factor=1.200000
rprop_decrease_factor=0.500000
rprop_delta_min=0.000000
rprop_delta_max=50.000000
rprop_delta_zero=0.100000
cascade_output_stagnation_epochs=12
cascade_candidate_change_fraction=0.010000
cascade_candidate_stagnation_epochs=12
cascade_max_out_epochs=150
cascade_min_out_epochs=50
cascade_max_cand_epochs=150
cascade_min_cand_epochs=50
cascade_num_candidate_groups=2
bit_fail_limit=3.49999994039535522461e-01
cascade_candidate_limit=1.00000000000000000000e+03
cascade_weight_multiplier=4.00000005960464477539e-01
cascade_activation_functions_count=10
cascade_activation_functions=3 5 7 8 10 11 14 15 16 17 
cascade_activation_steepnesses_count=4
cascade_activation_steepnesses=2.50000000000000000000e-01 5.00000000000000000000e-01 7.50000000000000000000e-01 1.00000000000000000000e+00 
layer_sizes=10 3 2 
scale_included=0
neurons (num_inputs, activation_function, activation_steepness)=(0, 0, 0.00000000000000000000e+00) (0, 0, 0.00000000000000000000e+00) (0, 0, 0.00000000000000000000e+00) (0, 0, 0.00000000000000000000e+00) (0, 0, 0.00000000000000000000e+00) (0, 0, 0.00000000000000000000e+00) (0, 0, 0.00000000000000000000e+00) (0, 0, 0.00000000000000000000e+00) (0, 0, 0.00000000000000000000e+00) (0, 0, 0.00000000000000000000e+00) (10, 3, 5.00000000000000000000e-01) (10, 3, 5.00000000000000000000e-01) (0, 3, 0.00000000000000000000e+00) (3, 3, 5.00000000000000000000e-01) (0, 3, 0.00000000000000000000e+00) 
connections (connected_to_neuron, weight)=(0, 1.71638429164886474609e-01) (1, 2.14518129825592041016e-01) (2, -2.06437036395072937012e-02) (3, 1.25591009855270385742e-01) (4, -9.06107500195503234863e-02) (5, -4.36332002282142639160e-02) (6, -7.64495804905891418457e-02) (7, -5.34852072596549987793e-02) (8, -1.29408925771713256836e-01) (9, 8.81068706512451171875e-02) (0, -1.10339120030403137207e-01) (1, -1.19916677474975585938e-01) (2, 1.55104368925094604492e-01) (3, -1.30641058087348937988e-01) (4, 1.39071255922317504883e-01) (5, 8.25724378228187561035e-02) (6, 1.83791458606719970703e-01) (7, 1.25546351075172424316e-01) (8, 1.27046614885330200195e-01) (9, -1.13101661205291748047e-01) (10, 1.26959279179573059082e-01) (11, 1.10452592372894287109e-01) (12, 3.27467992901802062988e-02) 
