FANN_FLO_2.1
num_layers=3
learning_rate=0.500000
connection_rate=1.000000
network_type=0
learning_momentum=0.000000
training_algorithm=2
train_error_function=1
train_stop_function=0
cascade_output_change_fraction=0.010000
quickprop_decay=-0.000100
quickprop_mu=1.750000
rprop_increase_factor=1.200000
rprop_decrease_factor=0.500000
rprop_delta_min=0.000000
rprop_delta_max=50.000000
rprop_delta_zero=0.100000
cascade_output_stagnation_epochs=12
cascade_candidate_change_fraction=0.010000
cascade_candidate_stagnation_epochs=12
cascade_max_out_epochs=150
cascade_min_out_epochs=50
cascade_max_cand_epochs=150
cascade_min_cand_epochs=50
cascade_num_candidate_groups=2
bit_fail_limit=3.49999994039535522461e-01
cascade_candidate_limit=1.00000000000000000000e+03
cascade_weight_multiplier=4.00000005960464477539e-01
cascade_activation_functions_count=10
cascade_activation_functions=3 5 7 8 10 11 14 15 16 17 
cascade_activation_steepnesses_count=4
cascade_activation_steepnesses=2.50000000000000000000e-01 5.00000000000000000000e-01 7.50000000000000000000e-01 1.00000000000000000000e+00 
layer_sizes=9 3 2 
scale_included=0
neurons (num_inputs, activation_function, activation_steepness)=(0, 0, 0.00000000000000000000e+00) (0, 0, 0.00000000000000000000e+00) (0, 0, 0.00000000000000000000e+00) (0, 0, 0.00000000000000000000e+00) (0, 0, 0.00000000000000000000e+00) (0, 0, 0.00000000000000000000e+00) (0, 0, 0.00000000000000000000e+00) (0, 0, 0.00000000000000000000e+00) (0, 0, 0.00000000000000000000e+00) (9, 3, 5.00000000000000000000e-01) (9, 3, 5.00000000000000000000e-01) (0, 3, 0.00000000000000000000e+00) (3, 0, 5.00000000000000000000e-01) (0, 0, 0.00000000000000000000e+00) 
connections (connected_to_neuron, weight)=(0, 1.02224394679069519043e-01) (1, 1.07479646801948547363e-01) (2, 2.12253659963607788086e-01) (3, 1.96215122938156127930e-01) (4, 9.59121733903884887695e-02) (5, 2.13494151830673217773e-01) (6, 1.43837004899978637695e-01) (7, 1.56421214342117309570e-01) (8, 3.07866483926773071289e-02) (0, -1.14040270447731018066e-01) (1, -8.78969654440879821777e-02) (2, -1.98339641094207763672e-01) (3, -1.36972784996032714844e-01) (4, -1.14640608429908752441e-01) (5, -3.50556895136833190918e-02) (6, -1.57964542508125305176e-01) (7, -5.33532276749610900879e-02) (8, -1.51643484830856323242e-01) (9, -1.47635698318481445312e-01) (10, -5.10962083935737609863e-02) (11, -5.18324002623558044434e-02) 
