FANN_FLO_2.1
num_layers=4
learning_rate=0.300000
connection_rate=1.000000
network_type=0
learning_momentum=0.000000
training_algorithm=2
train_error_function=1
train_stop_function=0
cascade_output_change_fraction=0.010000
quickprop_decay=-0.000100
quickprop_mu=1.750000
rprop_increase_factor=1.200000
rprop_decrease_factor=0.500000
rprop_delta_min=0.000000
rprop_delta_max=50.000000
rprop_delta_zero=0.100000
cascade_output_stagnation_epochs=12
cascade_candidate_change_fraction=0.010000
cascade_candidate_stagnation_epochs=12
cascade_max_out_epochs=150
cascade_min_out_epochs=50
cascade_max_cand_epochs=150
cascade_min_cand_epochs=50
cascade_num_candidate_groups=2
bit_fail_limit=3.49999994039535522461e-01
cascade_candidate_limit=1.00000000000000000000e+03
cascade_weight_multiplier=4.00000005960464477539e-01
cascade_activation_functions_count=10
cascade_activation_functions=3 5 7 8 10 11 14 15 16 17 
cascade_activation_steepnesses_count=4
cascade_activation_steepnesses=2.50000000000000000000e-01 5.00000000000000000000e-01 7.50000000000000000000e-01 1.00000000000000000000e+00 
layer_sizes=2 5 5 3 
scale_included=0
neurons (num_inputs, activation_function, activation_steepness)=(0, 0, 0.00000000000000000000e+00) (0, 0, 0.00000000000000000000e+00) (2, 3, 5.00000000000000000000e-01) (2, 3, 5.00000000000000000000e-01) (2, 3, 5.00000000000000000000e-01) (2, 3, 5.00000000000000000000e-01) (0, 3, 0.00000000000000000000e+00) (5, 3, 5.00000000000000000000e-01) (5, 3, 5.00000000000000000000e-01) (5, 3, 5.00000000000000000000e-01) (5, 3, 5.00000000000000000000e-01) (0, 3, 0.00000000000000000000e+00) (5, 0, 5.00000000000000000000e-01) (5, 0, 5.00000000000000000000e-01) (0, 0, 0.00000000000000000000e+00) 
connections (connected_to_neuron, weight)=(0, -2.58127307891845703125e+01) (1, 1.43918907642364501953e+00) (0, -9.98614273071289062500e+01) (1, -4.51811552047729492188e-01) (0, -2.16019790649414062500e+02) (1, -5.15170812606811523438e-01) (0, -2.16045059204101562500e+02) (1, -5.16880273818969726562e-01) (2, 4.55024689435958862305e-01) (3, 5.80018639564514160156e-01) (4, 6.30631685256958007812e-01) (5, 6.18216097354888916016e-01) (6, 8.27208697795867919922e-01) (2, 1.59159675240516662598e-01) (3, 3.59160947799682617188e+00) (4, 4.92196226119995117188e+00) (5, 4.97925329208374023438e+00) (6, -6.24228239059448242188e+00) (2, 2.56299495697021484375e-01) (3, 2.31641554832458496094e+00) (4, 2.47127485275268554688e+00) (5, 2.47132158279418945312e+00) (6, -3.15056610107421875000e+00) (2, -8.89918625354766845703e-01) (3, 2.23648309707641601562e+00) (4, 3.29160046577453613281e+00) (5, 3.27460980415344238281e+00) (6, -2.17205834388732910156e+00) (7, -1.18003398180007934570e-01) (8, 1.24184258282184600830e-01) (9, 1.61722809076309204102e-01) (10, -5.44080957770347595215e-02) (11, -1.27257078886032104492e-01) (7, -4.72799271345138549805e-01) (8, -4.74265098571777343750e-01) (9, -4.64366346597671508789e-01) (10, -3.67793917655944824219e-01) (11, -3.42731416225433349609e-01) 
