FANN_FLO_2.1
num_layers=3
learning_rate=0.500000
connection_rate=1.000000
network_type=0
learning_momentum=0.000000
training_algorithm=2
train_error_function=1
train_stop_function=0
cascade_output_change_fraction=0.010000
quickprop_decay=-0.000100
quickprop_mu=1.750000
rprop_increase_factor=1.200000
rprop_decrease_factor=0.500000
rprop_delta_min=0.000000
rprop_delta_max=50.000000
rprop_delta_zero=0.100000
cascade_output_stagnation_epochs=12
cascade_candidate_change_fraction=0.010000
cascade_candidate_stagnation_epochs=12
cascade_max_out_epochs=150
cascade_min_out_epochs=50
cascade_max_cand_epochs=150
cascade_min_cand_epochs=50
cascade_num_candidate_groups=2
bit_fail_limit=3.49999994039535522461e-01
cascade_candidate_limit=1.00000000000000000000e+03
cascade_weight_multiplier=4.00000005960464477539e-01
cascade_activation_functions_count=10
cascade_activation_functions=3 5 7 8 10 11 14 15 16 17 
cascade_activation_steepnesses_count=4
cascade_activation_steepnesses=2.50000000000000000000e-01 5.00000000000000000000e-01 7.50000000000000000000e-01 1.00000000000000000000e+00 
layer_sizes=3 9 4 
scale_included=0
neurons (num_inputs, activation_function, activation_steepness)=(0, 0, 0.00000000000000000000e+00) (0, 0, 0.00000000000000000000e+00) (0, 0, 0.00000000000000000000e+00) (3, 3, 5.00000000000000000000e-01) (3, 3, 5.00000000000000000000e-01) (3, 3, 5.00000000000000000000e-01) (3, 3, 5.00000000000000000000e-01) (3, 3, 5.00000000000000000000e-01) (3, 3, 5.00000000000000000000e-01) (3, 3, 5.00000000000000000000e-01) (3, 3, 5.00000000000000000000e-01) (0, 3, 0.00000000000000000000e+00) (9, 0, 5.00000000000000000000e-01) (9, 0, 5.00000000000000000000e-01) (9, 0, 5.00000000000000000000e-01) (0, 0, 0.00000000000000000000e+00) 
connections (connected_to_neuron, weight)=(0, -9.33220958709716796875e+00) (1, 2.01293587684631347656e+00) (2, -1.02797746658325195312e+00) (0, -2.64676094055175781250e+00) (1, -1.06567001342773437500e+00) (2, 4.91507619619369506836e-01) (0, -9.26248931884765625000e+00) (1, 8.14460086822509765625e+00) (2, 5.42458152770996093750e+00) (0, -6.95642518997192382812e+00) (1, 2.82326745986938476562e+00) (2, 1.17639708518981933594e+00) (0, -8.60128593444824218750e+00) (1, 4.19396924972534179688e+00) (2, 1.56515207290649414062e+01) (0, -2.11466932296752929688e+00) (1, -3.60770630836486816406e+00) (2, 6.25993430614471435547e-01) (0, -6.75173997879028320312e+00) (1, 3.42514848709106445312e+00) (2, 3.53463244438171386719e+00) (0, -1.10103282928466796875e+01) (1, 1.20494346618652343750e+01) (2, 1.11433067321777343750e+01) (3, 1.83031165599822998047e+00) (4, 2.46484041213989257812e+00) (5, 9.99262154102325439453e-01) (6, 6.57701790332794189453e-01) (7, 5.76082468032836914062e-01) (8, 2.50866365432739257812e+00) (9, 6.45691096782684326172e-01) (10, 6.24681293964385986328e-01) (11, 5.88550925254821777344e-01) (3, 3.18596053123474121094e+00) (4, 7.90799808502197265625e+00) (5, 3.27699446678161621094e+00) (6, 2.74024820327758789062e+00) (7, 2.42666125297546386719e+00) (8, 6.92527627944946289062e+00) (9, 2.66530632972717285156e+00) (10, 2.47377204895019531250e+00) (11, 2.15884494781494140625e+00) (3, 8.93977928161621093750e+00) (4, 2.53873176574707031250e+01) (5, 8.87691211700439453125e+00) (6, 8.99066066741943359375e+00) (7, 8.62870883941650390625e+00) (8, 2.26122665405273437500e+01) (9, 9.53962516784667968750e+00) (10, 8.60926342010498046875e+00) (11, 1.17279281616210937500e+01) 
