FANN_FLO_2.1
num_layers=4
learning_rate=0.500000
connection_rate=1.000000
network_type=0
learning_momentum=0.000000
training_algorithm=2
train_error_function=1
train_stop_function=0
cascade_output_change_fraction=0.010000
quickprop_decay=-0.000100
quickprop_mu=1.750000
rprop_increase_factor=1.200000
rprop_decrease_factor=0.500000
rprop_delta_min=0.000000
rprop_delta_max=50.000000
rprop_delta_zero=0.100000
cascade_output_stagnation_epochs=12
cascade_candidate_change_fraction=0.010000
cascade_candidate_stagnation_epochs=12
cascade_max_out_epochs=150
cascade_min_out_epochs=50
cascade_max_cand_epochs=150
cascade_min_cand_epochs=50
cascade_num_candidate_groups=2
bit_fail_limit=3.49999994039535522461e-01
cascade_candidate_limit=1.00000000000000000000e+03
cascade_weight_multiplier=4.00000005960464477539e-01
cascade_activation_functions_count=10
cascade_activation_functions=3 5 7 8 10 11 14 15 16 17 
cascade_activation_steepnesses_count=4
cascade_activation_steepnesses=2.50000000000000000000e-01 5.00000000000000000000e-01 7.50000000000000000000e-01 1.00000000000000000000e+00 
layer_sizes=4 5 3 2 
scale_included=0
neurons (num_inputs, activation_function, activation_steepness)=(0, 0, 0.00000000000000000000e+00) (0, 0, 0.00000000000000000000e+00) (0, 0, 0.00000000000000000000e+00) (0, 0, 0.00000000000000000000e+00) (4, 3, 5.00000000000000000000e-01) (4, 3, 5.00000000000000000000e-01) (4, 3, 5.00000000000000000000e-01) (4, 3, 5.00000000000000000000e-01) (0, 3, 0.00000000000000000000e+00) (5, 3, 5.00000000000000000000e-01) (5, 3, 5.00000000000000000000e-01) (0, 3, 0.00000000000000000000e+00) (3, 3, 5.00000000000000000000e-01) (0, 3, 0.00000000000000000000e+00) 
connections (connected_to_neuron, weight)=(0, -5.67896747589111328125e+00) (1, -1.31336126327514648438e+01) (2, 5.82490968704223632812e+00) (3, 1.51335585117340087891e+00) (0, -4.38024234771728515625e+00) (1, -5.41666126251220703125e+00) (2, 2.41926574707031250000e+00) (3, 2.53421020507812500000e+00) (0, -2.64419651031494140625e+00) (1, -1.04765748977661132812e+01) (2, 5.29511392116546630859e-01) (3, 2.38124752044677734375e+00) (0, -4.13664817810058593750e+00) (1, -6.66759204864501953125e+00) (2, 2.40689063072204589844e+00) (3, 2.60778164863586425781e+00) (4, -3.32995071411132812500e+01) (5, 1.46020755767822265625e+01) (6, 5.72563600540161132812e+00) (7, 2.57184829711914062500e+01) (8, -8.37300205230712890625e+00) (4, -4.50127296447753906250e+01) (5, 2.66539649963378906250e+01) (6, 5.78828573226928710938e+00) (7, 2.73444213867187500000e+01) (8, -1.12691593170166015625e+01) (9, -2.63568472862243652344e+00) (10, -1.71102166175842285156e+00) (11, 2.07497239112854003906e+00) 
