FANN_FLO_2.1
num_layers=4
learning_rate=0.300000
connection_rate=1.000000
network_type=0
learning_momentum=0.000000
training_algorithm=2
train_error_function=1
train_stop_function=0
cascade_output_change_fraction=0.010000
quickprop_decay=-0.000100
quickprop_mu=1.750000
rprop_increase_factor=1.200000
rprop_decrease_factor=0.500000
rprop_delta_min=0.000000
rprop_delta_max=50.000000
rprop_delta_zero=0.100000
cascade_output_stagnation_epochs=12
cascade_candidate_change_fraction=0.010000
cascade_candidate_stagnation_epochs=12
cascade_max_out_epochs=150
cascade_min_out_epochs=50
cascade_max_cand_epochs=150
cascade_min_cand_epochs=50
cascade_num_candidate_groups=2
bit_fail_limit=3.49999994039535522461e-01
cascade_candidate_limit=1.00000000000000000000e+03
cascade_weight_multiplier=4.00000005960464477539e-01
cascade_activation_functions_count=10
cascade_activation_functions=3 5 7 8 10 11 14 15 16 17 
cascade_activation_steepnesses_count=4
cascade_activation_steepnesses=2.50000000000000000000e-01 5.00000000000000000000e-01 7.50000000000000000000e-01 1.00000000000000000000e+00 
layer_sizes=2 5 3 3 
scale_included=0
neurons (num_inputs, activation_function, activation_steepness)=(0, 0, 0.00000000000000000000e+00) (0, 0, 0.00000000000000000000e+00) (2, 3, 5.00000000000000000000e-01) (2, 3, 5.00000000000000000000e-01) (2, 3, 5.00000000000000000000e-01) (2, 3, 5.00000000000000000000e-01) (0, 3, 0.00000000000000000000e+00) (5, 3, 5.00000000000000000000e-01) (5, 3, 5.00000000000000000000e-01) (0, 3, 0.00000000000000000000e+00) (3, 0, 5.00000000000000000000e-01) (3, 0, 5.00000000000000000000e-01) (0, 0, 0.00000000000000000000e+00) 
connections (connected_to_neuron, weight)=(0, -1.80589477539062500000e+02) (1, -1.64756155014038085938e+00) (0, -1.65529724121093750000e+02) (1, -1.77761852741241455078e+00) (0, -1.66251449584960937500e+02) (1, -1.54216563701629638672e+00) (0, -1.66474777221679687500e+02) (1, -5.32033741474151611328e-01) (2, 1.95141851902008056641e+00) (3, 5.79976022243499755859e-01) (4, 6.08941018581390380859e-01) (5, 5.60642063617706298828e-01) (6, -4.70315575599670410156e-01) (2, 1.07458424568176269531e+00) (3, 1.18490266799926757812e+00) (4, 6.09900891780853271484e-01) (5, 5.73146522045135498047e-01) (6, -1.26840960979461669922e+00) (7, 4.44966834038496017456e-03) (8, 2.01877892017364501953e-01) (9, -1.45847111940383911133e-01) (7, -1.06832551956176757812e+00) (8, -1.03609168529510498047e+00) (9, -2.70093947649002075195e-01) 
