FANN_FLO_2.1
num_layers=3
learning_rate=0.500000
connection_rate=1.000000
network_type=0
learning_momentum=0.000000
training_algorithm=2
train_error_function=1
train_stop_function=0
cascade_output_change_fraction=0.010000
quickprop_decay=-0.000100
quickprop_mu=1.750000
rprop_increase_factor=1.200000
rprop_decrease_factor=0.500000
rprop_delta_min=0.000000
rprop_delta_max=50.000000
rprop_delta_zero=0.100000
cascade_output_stagnation_epochs=12
cascade_candidate_change_fraction=0.010000
cascade_candidate_stagnation_epochs=12
cascade_max_out_epochs=150
cascade_min_out_epochs=50
cascade_max_cand_epochs=150
cascade_min_cand_epochs=50
cascade_num_candidate_groups=2
bit_fail_limit=3.49999994039535522461e-01
cascade_candidate_limit=1.00000000000000000000e+03
cascade_weight_multiplier=4.00000005960464477539e-01
cascade_activation_functions_count=10
cascade_activation_functions=3 5 7 8 10 11 14 15 16 17 
cascade_activation_steepnesses_count=4
cascade_activation_steepnesses=2.50000000000000000000e-01 5.00000000000000000000e-01 7.50000000000000000000e-01 1.00000000000000000000e+00 
layer_sizes=10 5 2 
scale_included=0
neurons (num_inputs, activation_function, activation_steepness)=(0, 0, 0.00000000000000000000e+00) (0, 0, 0.00000000000000000000e+00) (0, 0, 0.00000000000000000000e+00) (0, 0, 0.00000000000000000000e+00) (0, 0, 0.00000000000000000000e+00) (0, 0, 0.00000000000000000000e+00) (0, 0, 0.00000000000000000000e+00) (0, 0, 0.00000000000000000000e+00) (0, 0, 0.00000000000000000000e+00) (0, 0, 0.00000000000000000000e+00) (10, 3, 5.00000000000000000000e-01) (10, 3, 5.00000000000000000000e-01) (10, 3, 5.00000000000000000000e-01) (10, 3, 5.00000000000000000000e-01) (0, 3, 0.00000000000000000000e+00) (5, 3, 5.00000000000000000000e-01) (0, 3, 0.00000000000000000000e+00) 
connections (connected_to_neuron, weight)=(0, -2.05214813351631164551e-01) (1, -7.50960171222686767578e-01) (2, -2.82927602529525756836e-01) (3, -6.62982046604156494141e-01) (4, -1.43711909651756286621e-01) (5, -2.51763612031936645508e-01) (6, -3.79425853490829467773e-01) (7, -7.29284882545471191406e-02) (8, -2.74216860532760620117e-01) (9, 5.91068804264068603516e-01) (0, 6.38746857643127441406e-01) (1, 1.24777235090732574463e-01) (2, 6.29531621932983398438e-01) (3, 2.12128743529319763184e-01) (4, 4.09973353147506713867e-01) (5, 1.02409288287162780762e-01) (6, 5.67931532859802246094e-01) (7, 3.64378273487091064453e-01) (8, 4.11599129438400268555e-01) (9, -1.53688013553619384766e+00) (0, -2.82320052385330200195e-01) (1, -5.17231225967407226562e-01) (2, -2.13073879480361938477e-01) (3, -2.10391238331794738770e-01) (4, -2.93829679489135742188e-01) (5, -5.06105244159698486328e-01) (6, -2.45490238070487976074e-01) (7, -2.88925260305404663086e-01) (8, -4.64279055595397949219e-01) (9, 7.23442018032073974609e-01) (0, -1.70412272214889526367e-01) (1, -2.65175968408584594727e-01) (2, -2.23238155245780944824e-01) (3, -5.38680493831634521484e-01) (4, -3.98760408163070678711e-01) (5, -5.48522293567657470703e-01) (6, -1.57608091831207275391e-01) (7, -5.33051133155822753906e-01) (8, -2.45993301272392272949e-01) (9, 7.93737709522247314453e-01) (10, -7.89304852485656738281e-01) (11, 1.78963565826416015625e+00) (12, -1.60627436637878417969e+00) (13, -1.65656232833862304688e+00) (14, 2.89692521095275878906e-01) 
