FANN_FLO_2.1
num_layers=3
learning_rate=0.500000
connection_rate=1.000000
network_type=0
learning_momentum=0.000000
training_algorithm=2
train_error_function=1
train_stop_function=0
cascade_output_change_fraction=0.010000
quickprop_decay=-0.000100
quickprop_mu=1.750000
rprop_increase_factor=1.200000
rprop_decrease_factor=0.500000
rprop_delta_min=0.000000
rprop_delta_max=50.000000
rprop_delta_zero=0.100000
cascade_output_stagnation_epochs=12
cascade_candidate_change_fraction=0.010000
cascade_candidate_stagnation_epochs=12
cascade_max_out_epochs=150
cascade_min_out_epochs=50
cascade_max_cand_epochs=150
cascade_min_cand_epochs=50
cascade_num_candidate_groups=2
bit_fail_limit=3.49999994039535522461e-01
cascade_candidate_limit=1.00000000000000000000e+03
cascade_weight_multiplier=4.00000005960464477539e-01
cascade_activation_functions_count=10
cascade_activation_functions=3 5 7 8 10 11 14 15 16 17 
cascade_activation_steepnesses_count=4
cascade_activation_steepnesses=2.50000000000000000000e-01 5.00000000000000000000e-01 7.50000000000000000000e-01 1.00000000000000000000e+00 
layer_sizes=10 5 2 
scale_included=0
neurons (num_inputs, activation_function, activation_steepness)=(0, 0, 0.00000000000000000000e+00) (0, 0, 0.00000000000000000000e+00) (0, 0, 0.00000000000000000000e+00) (0, 0, 0.00000000000000000000e+00) (0, 0, 0.00000000000000000000e+00) (0, 0, 0.00000000000000000000e+00) (0, 0, 0.00000000000000000000e+00) (0, 0, 0.00000000000000000000e+00) (0, 0, 0.00000000000000000000e+00) (0, 0, 0.00000000000000000000e+00) (10, 3, 5.00000000000000000000e-01) (10, 3, 5.00000000000000000000e-01) (10, 3, 5.00000000000000000000e-01) (10, 3, 5.00000000000000000000e-01) (0, 3, 0.00000000000000000000e+00) (5, 3, 5.00000000000000000000e-01) (0, 3, 0.00000000000000000000e+00) 
connections (connected_to_neuron, weight)=(0, 3.85947301983833312988e-02) (1, 6.82085081934928894043e-02) (2, 7.19503045082092285156e-01) (3, 5.38442194461822509766e-01) (4, 2.02811658382415771484e-01) (5, 4.57571774721145629883e-01) (6, 3.29045265913009643555e-01) (7, 4.27193909883499145508e-01) (8, 6.35025739669799804688e-01) (9, -7.88877129554748535156e-01) (0, -3.01197618246078491211e-01) (1, -5.68849205970764160156e-01) (2, -2.32205182313919067383e-01) (3, -2.73458868265151977539e-01) (4, -3.50832998752593994141e-01) (5, -4.44282352924346923828e-01) (6, -4.28353369235992431641e-01) (7, -1.16096615791320800781e-01) (8, -3.51713120937347412109e-01) (9, 6.40085339546203613281e-01) (0, -2.81415671110153198242e-01) (1, -5.31156003475189208984e-01) (2, -2.18927413225173950195e-01) (3, -4.21480238437652587891e-01) (4, -3.41717123985290527344e-01) (5, -4.21958327293395996094e-01) (6, -3.74252110719680786133e-01) (7, -1.58940970897674560547e-01) (8, -3.45267444849014282227e-01) (9, 6.88279986381530761719e-01) (0, -5.10907292366027832031e-01) (1, -4.10233199596405029297e-01) (2, -2.13705822825431823730e-01) (3, -2.86954462528228759766e-01) (4, -4.08182680606842041016e-01) (5, -2.63371169567108154297e-01) (6, -3.10891747474670410156e-01) (7, -4.30551290512084960938e-01) (8, -1.77454575896263122559e-01) (9, 6.13478064537048339844e-01) (10, 1.63827061653137207031e+00) (11, -8.12538504600524902344e-01) (12, -8.34015965461730957031e-01) (13, -2.91427636146545410156e+00) (14, 1.72682985663414001465e-01) 
