FANN_FLO_2.1
num_layers=4
learning_rate=0.300000
connection_rate=1.000000
network_type=0
learning_momentum=0.000000
training_algorithm=2
train_error_function=1
train_stop_function=0
cascade_output_change_fraction=0.010000
quickprop_decay=-0.000100
quickprop_mu=1.750000
rprop_increase_factor=1.200000
rprop_decrease_factor=0.500000
rprop_delta_min=0.000000
rprop_delta_max=50.000000
rprop_delta_zero=0.100000
cascade_output_stagnation_epochs=12
cascade_candidate_change_fraction=0.010000
cascade_candidate_stagnation_epochs=12
cascade_max_out_epochs=150
cascade_min_out_epochs=50
cascade_max_cand_epochs=150
cascade_min_cand_epochs=50
cascade_num_candidate_groups=2
bit_fail_limit=3.49999994039535522461e-01
cascade_candidate_limit=1.00000000000000000000e+03
cascade_weight_multiplier=4.00000005960464477539e-01
cascade_activation_functions_count=10
cascade_activation_functions=3 5 7 8 10 11 14 15 16 17 
cascade_activation_steepnesses_count=4
cascade_activation_steepnesses=2.50000000000000000000e-01 5.00000000000000000000e-01 7.50000000000000000000e-01 1.00000000000000000000e+00 
layer_sizes=2 5 3 3 
scale_included=0
neurons (num_inputs, activation_function, activation_steepness)=(0, 0, 0.00000000000000000000e+00) (0, 0, 0.00000000000000000000e+00) (2, 3, 5.00000000000000000000e-01) (2, 3, 5.00000000000000000000e-01) (2, 3, 5.00000000000000000000e-01) (2, 3, 5.00000000000000000000e-01) (0, 3, 0.00000000000000000000e+00) (5, 3, 5.00000000000000000000e-01) (5, 3, 5.00000000000000000000e-01) (0, 3, 0.00000000000000000000e+00) (3, 0, 5.00000000000000000000e-01) (3, 0, 5.00000000000000000000e-01) (0, 0, 0.00000000000000000000e+00) 
connections (connected_to_neuron, weight)=(0, -9.81053352355957031250e+00) (1, -5.92897129058837890625e+00) (0, -1.50000000000000000000e+03) (1, -5.96843795776367187500e+01) (0, -1.50000000000000000000e+03) (1, -1.65288615226745605469e+00) (0, -8.43369865417480468750e+00) (1, -5.93747711181640625000e+00) (2, 1.73771798610687255859e+00) (3, -3.77047204971313476562e+00) (4, -1.06697356700897216797e+00) (5, 4.14434480667114257812e+00) (6, 6.55794680118560791016e-01) (2, 1.56637029647827148438e+01) (3, 1.77974477410316467285e-01) (4, -1.16142883896827697754e-01) (5, 1.99162840843200683594e+00) (6, -6.59946382045745849609e-01) (7, -1.83479607105255126953e-01) (8, 2.41294518113136291504e-01) (9, -8.84338170289993286133e-02) (7, -6.12917423248291015625e-01) (8, -1.35466802120208740234e+00) (9, -4.02772605419158935547e-01) 
