FANN_FLO_2.1
num_layers=3
learning_rate=0.500000
connection_rate=1.000000
network_type=0
learning_momentum=0.000000
training_algorithm=2
train_error_function=1
train_stop_function=0
cascade_output_change_fraction=0.010000
quickprop_decay=-0.000100
quickprop_mu=1.750000
rprop_increase_factor=1.200000
rprop_decrease_factor=0.500000
rprop_delta_min=0.000000
rprop_delta_max=50.000000
rprop_delta_zero=0.100000
cascade_output_stagnation_epochs=12
cascade_candidate_change_fraction=0.010000
cascade_candidate_stagnation_epochs=12
cascade_max_out_epochs=150
cascade_min_out_epochs=50
cascade_max_cand_epochs=150
cascade_min_cand_epochs=50
cascade_num_candidate_groups=2
bit_fail_limit=3.49999994039535522461e-01
cascade_candidate_limit=1.00000000000000000000e+03
cascade_weight_multiplier=4.00000005960464477539e-01
cascade_activation_functions_count=10
cascade_activation_functions=3 5 7 8 10 11 14 15 16 17 
cascade_activation_steepnesses_count=4
cascade_activation_steepnesses=2.50000000000000000000e-01 5.00000000000000000000e-01 7.50000000000000000000e-01 1.00000000000000000000e+00 
layer_sizes=3 9 4 
scale_included=0
neurons (num_inputs, activation_function, activation_steepness)=(0, 0, 0.00000000000000000000e+00) (0, 0, 0.00000000000000000000e+00) (0, 0, 0.00000000000000000000e+00) (3, 3, 5.00000000000000000000e-01) (3, 3, 5.00000000000000000000e-01) (3, 3, 5.00000000000000000000e-01) (3, 3, 5.00000000000000000000e-01) (3, 3, 5.00000000000000000000e-01) (3, 3, 5.00000000000000000000e-01) (3, 3, 5.00000000000000000000e-01) (3, 3, 5.00000000000000000000e-01) (0, 3, 0.00000000000000000000e+00) (9, 0, 5.00000000000000000000e-01) (9, 0, 5.00000000000000000000e-01) (9, 0, 5.00000000000000000000e-01) (0, 0, 0.00000000000000000000e+00) 
connections (connected_to_neuron, weight)=(0, -3.51164150238037109375e+00) (1, 3.17846941947937011719e+00) (2, 1.14675748348236083984e+00) (0, -2.18051648139953613281e+00) (1, -4.54742479324340820312e+00) (2, 7.00809240341186523438e-01) (0, -5.40284109115600585938e+00) (1, 2.00787305831909179688e+00) (2, 1.11101608276367187500e+01) (0, -7.63183593750000000000e+00) (1, -1.33128499984741210938e+00) (2, 1.07343888282775878906e+00) (0, -4.62309074401855468750e+00) (1, -1.04478169232606887817e-02) (2, 3.09868502616882324219e+00) (0, -7.24512195587158203125e+00) (1, 9.04026889801025390625e+00) (2, 6.10184288024902343750e+00) (0, -3.44539690017700195312e+00) (1, 1.62464308738708496094e+00) (2, 1.29786407947540283203e+00) (0, -3.84207940101623535156e+00) (1, -2.67951273918151855469e+00) (2, 7.38464474678039550781e-01) (3, 1.96795523166656494141e+00) (4, 1.95611691474914550781e+00) (5, 1.01442456245422363281e-01) (6, 2.26352453231811523438e+00) (7, 6.39405027031898498535e-02) (8, 4.58886593580245971680e-01) (9, 1.50533366203308105469e+00) (10, 1.91559338569641113281e+00) (11, 7.38696396350860595703e-01) (3, 4.08505201339721679688e+00) (4, 5.67442417144775390625e+00) (5, 1.53632164001464843750e+00) (6, 4.16351175308227539062e+00) (7, 3.66928648948669433594e+00) (8, 3.53973150253295898438e+00) (9, 3.57824778556823730469e+00) (10, 5.43208932876586914062e+00) (11, 2.05340266227722167969e+00) (3, 1.07925882339477539062e+01) (4, 1.87095546722412109375e+01) (5, 9.44001579284667968750e+00) (6, 1.18716382980346679688e+01) (7, 1.37135934829711914062e+01) (8, 1.04496030807495117188e+01) (9, 1.13412189483642578125e+01) (10, 1.71264266967773437500e+01) (11, 9.60839843750000000000e+00) 
