FANN_FLO_2.1
num_layers=3
learning_rate=0.300000
connection_rate=1.000000
network_type=0
learning_momentum=0.000000
training_algorithm=2
train_error_function=1
train_stop_function=0
cascade_output_change_fraction=0.010000
quickprop_decay=-0.000100
quickprop_mu=1.750000
rprop_increase_factor=1.200000
rprop_decrease_factor=0.500000
rprop_delta_min=0.000000
rprop_delta_max=50.000000
rprop_delta_zero=0.100000
cascade_output_stagnation_epochs=12
cascade_candidate_change_fraction=0.010000
cascade_candidate_stagnation_epochs=12
cascade_max_out_epochs=150
cascade_min_out_epochs=50
cascade_max_cand_epochs=150
cascade_min_cand_epochs=50
cascade_num_candidate_groups=2
bit_fail_limit=3.49999994039535522461e-01
cascade_candidate_limit=1.00000000000000000000e+03
cascade_weight_multiplier=4.00000005960464477539e-01
cascade_activation_functions_count=10
cascade_activation_functions=3 5 7 8 10 11 14 15 16 17 
cascade_activation_steepnesses_count=4
cascade_activation_steepnesses=2.50000000000000000000e-01 5.00000000000000000000e-01 7.50000000000000000000e-01 1.00000000000000000000e+00 
layer_sizes=4 9 2 
scale_included=0
neurons (num_inputs, activation_function, activation_steepness)=(0, 0, 0.00000000000000000000e+00) (0, 0, 0.00000000000000000000e+00) (0, 0, 0.00000000000000000000e+00) (0, 0, 0.00000000000000000000e+00) (4, 3, 5.00000000000000000000e-01) (4, 3, 5.00000000000000000000e-01) (4, 3, 5.00000000000000000000e-01) (4, 3, 5.00000000000000000000e-01) (4, 3, 5.00000000000000000000e-01) (4, 3, 5.00000000000000000000e-01) (4, 3, 5.00000000000000000000e-01) (4, 3, 5.00000000000000000000e-01) (0, 3, 0.00000000000000000000e+00) (9, 3, 5.00000000000000000000e-01) (0, 3, 0.00000000000000000000e+00) 
connections (connected_to_neuron, weight)=(0, -5.15170276165008544922e-01) (1, 2.38848537206649780273e-01) (2, -5.70987701416015625000e-01) (3, 5.70418214797973632812e+00) (0, -1.31617093086242675781e+00) (1, 8.99464011192321777344e-01) (2, -2.10351014137268066406e+00) (3, 2.52419543266296386719e+00) (0, -1.37606246948242187500e+02) (1, 1.28101184964179992676e-01) (2, -1.51697707176208496094e+00) (3, 1.99261769652366638184e-01) (0, -1.13560125231742858887e-01) (1, 6.06945380568504333496e-02) (2, -1.15430021286010742188e+00) (3, 7.47671052813529968262e-02) (0, -1.59959882497787475586e-01) (1, 2.13042404502630233765e-02) (2, -2.97588318586349487305e-01) (3, 3.75540733337402343750e+00) (0, -2.25024557113647460938e+00) (1, 8.35983037948608398438e-01) (2, -7.62197434902191162109e-01) (3, 1.48314905166625976562e+00) (0, -1.93085300922393798828e+00) (1, 8.17333519458770751953e-01) (2, -8.46188664436340332031e-01) (3, 4.81118345260620117188e+00) (0, -2.75385439395904541016e-01) (1, 2.24430873990058898926e-01) (2, -1.12684857845306396484e+00) (3, 9.59467887878417968750e-01) (4, -1.31695330142974853516e-01) (5, -2.30232462286949157715e-01) (6, 1.50000000000000000000e+03) (7, -1.14273900985717773438e+01) (8, -4.70636463165283203125e+00) (9, -1.12416177988052368164e-01) (10, -1.11784212291240692139e-01) (11, -2.42900058627128601074e-01) (12, 6.94012701511383056641e-01) 
