FANN_FLO_2.1
num_layers=3
learning_rate=0.400000
connection_rate=1.000000
network_type=0
learning_momentum=0.000000
training_algorithm=2
train_error_function=1
train_stop_function=0
cascade_output_change_fraction=0.010000
quickprop_decay=-0.000100
quickprop_mu=1.750000
rprop_increase_factor=1.200000
rprop_decrease_factor=0.500000
rprop_delta_min=0.000000
rprop_delta_max=50.000000
rprop_delta_zero=0.100000
cascade_output_stagnation_epochs=12
cascade_candidate_change_fraction=0.010000
cascade_candidate_stagnation_epochs=12
cascade_max_out_epochs=150
cascade_min_out_epochs=50
cascade_max_cand_epochs=150
cascade_min_cand_epochs=50
cascade_num_candidate_groups=2
bit_fail_limit=3.49999994039535522461e-01
cascade_candidate_limit=1.00000000000000000000e+03
cascade_weight_multiplier=4.00000005960464477539e-01
cascade_activation_functions_count=10
cascade_activation_functions=3 5 7 8 10 11 14 15 16 17 
cascade_activation_steepnesses_count=4
cascade_activation_steepnesses=2.50000000000000000000e-01 5.00000000000000000000e-01 7.50000000000000000000e-01 1.00000000000000000000e+00 
layer_sizes=6 5 2 
scale_included=0
neurons (num_inputs, activation_function, activation_steepness)=(0, 0, 0.00000000000000000000e+00) (0, 0, 0.00000000000000000000e+00) (0, 0, 0.00000000000000000000e+00) (0, 0, 0.00000000000000000000e+00) (0, 0, 0.00000000000000000000e+00) (0, 0, 0.00000000000000000000e+00) (6, 3, 5.00000000000000000000e-01) (6, 3, 5.00000000000000000000e-01) (6, 3, 5.00000000000000000000e-01) (6, 3, 5.00000000000000000000e-01) (0, 3, 0.00000000000000000000e+00) (5, 0, 5.00000000000000000000e-01) (0, 0, 0.00000000000000000000e+00) 
connections (connected_to_neuron, weight)=(0, -2.30611348152160644531e+00) (1, -2.49418571591377258301e-01) (2, 2.34110891819000244141e-01) (3, -1.25117444992065429688e+00) (4, 2.19040349125862121582e-01) (5, -1.16910362243652343750e+00) (0, 2.02019858360290527344e+00) (1, -2.79509353637695312500e+00) (2, 6.10353708267211914062e-01) (3, -7.96655714511871337891e-02) (4, -1.34473010897636413574e-01) (5, -5.20440912246704101562e+00) (0, -3.85229225158691406250e+01) (1, -2.21847772598266601562e+00) (2, 5.33530592918395996094e-01) (3, -9.71330285072326660156e-01) (4, 1.07700929045677185059e-01) (5, -1.22598028182983398438e+00) (0, -1.59426651000976562500e+01) (1, -1.00997562408447265625e+01) (2, -5.83284664154052734375e+00) (3, -1.77613365650177001953e+00) (4, 1.56376469135284423828e+00) (5, -9.57859337329864501953e-01) (6, 1.18357348442077636719e+00) (7, 1.12345325946807861328e+00) (8, 3.67575454711914062500e+00) (9, 3.02525758743286132812e+00) (10, 3.68766635656356811523e-01) 
