FANN_FLO_2.1
num_layers=3
learning_rate=0.500000
connection_rate=1.000000
network_type=0
learning_momentum=0.000000
training_algorithm=2
train_error_function=1
train_stop_function=0
cascade_output_change_fraction=0.010000
quickprop_decay=-0.000100
quickprop_mu=1.750000
rprop_increase_factor=1.200000
rprop_decrease_factor=0.500000
rprop_delta_min=0.000000
rprop_delta_max=50.000000
rprop_delta_zero=0.100000
cascade_output_stagnation_epochs=12
cascade_candidate_change_fraction=0.010000
cascade_candidate_stagnation_epochs=12
cascade_max_out_epochs=150
cascade_min_out_epochs=50
cascade_max_cand_epochs=150
cascade_min_cand_epochs=50
cascade_num_candidate_groups=2
bit_fail_limit=3.49999994039535522461e-01
cascade_candidate_limit=1.00000000000000000000e+03
cascade_weight_multiplier=4.00000005960464477539e-01
cascade_activation_functions_count=10
cascade_activation_functions=3 5 7 8 10 11 14 15 16 17 
cascade_activation_steepnesses_count=4
cascade_activation_steepnesses=2.50000000000000000000e-01 5.00000000000000000000e-01 7.50000000000000000000e-01 1.00000000000000000000e+00 
layer_sizes=3 9 4 
scale_included=0
neurons (num_inputs, activation_function, activation_steepness)=(0, 0, 0.00000000000000000000e+00) (0, 0, 0.00000000000000000000e+00) (0, 0, 0.00000000000000000000e+00) (3, 3, 5.00000000000000000000e-01) (3, 3, 5.00000000000000000000e-01) (3, 3, 5.00000000000000000000e-01) (3, 3, 5.00000000000000000000e-01) (3, 3, 5.00000000000000000000e-01) (3, 3, 5.00000000000000000000e-01) (3, 3, 5.00000000000000000000e-01) (3, 3, 5.00000000000000000000e-01) (0, 3, 0.00000000000000000000e+00) (9, 0, 5.00000000000000000000e-01) (9, 0, 5.00000000000000000000e-01) (9, 0, 5.00000000000000000000e-01) (0, 0, 0.00000000000000000000e+00) 
connections (connected_to_neuron, weight)=(0, -5.31168842315673828125e+00) (1, 3.88312816619873046875e+00) (2, 8.69914531707763671875e+00) (0, -3.27330446243286132812e+00) (1, 3.05644583702087402344e+00) (2, -2.50015705823898315430e-01) (0, -6.79985580444335937500e+01) (1, -1.35224899291992187500e+02) (2, 3.18145585060119628906e+00) (0, -5.58819532394409179688e+00) (1, 8.18420112133026123047e-01) (2, 4.39359569549560546875e+00) (0, -1.83734381198883056641e+00) (1, -2.05085754394531250000e+00) (2, 1.09184598922729492188e+00) (0, -5.03621053695678710938e+00) (1, 3.00752925872802734375e+00) (2, 9.06576919555664062500e+00) (0, -4.43076801300048828125e+00) (1, 6.70134544372558593750e+00) (2, 1.03821265697479248047e+00) (0, -4.26473808288574218750e+00) (1, 1.53160989284515380859e-01) (2, -1.17925658822059631348e-01) (3, 3.81723880767822265625e-01) (4, 2.64850282669067382812e+00) (5, 1.12345731258392333984e+00) (6, -3.98946017026901245117e-01) (7, 2.56532955169677734375e+00) (8, 3.92303168773651123047e-01) (9, 7.39457309246063232422e-01) (10, 2.94169020652770996094e+00) (11, 4.58666294813156127930e-01) (3, 1.90561211109161376953e+00) (4, 4.04277753829956054688e+00) (5, 2.31171798706054687500e+00) (6, 2.79605650901794433594e+00) (7, 8.29293346405029296875e+00) (8, 1.91852486133575439453e+00) (9, 3.56307220458984375000e+00) (10, 6.65682935714721679688e+00) (11, 1.48855781555175781250e+00) (3, 7.97746038436889648438e+00) (4, 1.36427650451660156250e+01) (5, 5.73838090896606445312e+00) (6, 9.37140750885009765625e+00) (7, 2.86960067749023437500e+01) (8, 7.99344587326049804688e+00) (9, 9.00345039367675781250e+00) (10, 1.99352664947509765625e+01) (11, 7.93609237670898437500e+00) 
