FANN_FLO_2.1
num_layers=3
learning_rate=0.500000
connection_rate=1.000000
network_type=0
learning_momentum=0.000000
training_algorithm=2
train_error_function=1
train_stop_function=0
cascade_output_change_fraction=0.010000
quickprop_decay=-0.000100
quickprop_mu=1.750000
rprop_increase_factor=1.200000
rprop_decrease_factor=0.500000
rprop_delta_min=0.000000
rprop_delta_max=50.000000
rprop_delta_zero=0.100000
cascade_output_stagnation_epochs=12
cascade_candidate_change_fraction=0.010000
cascade_candidate_stagnation_epochs=12
cascade_max_out_epochs=150
cascade_min_out_epochs=50
cascade_max_cand_epochs=150
cascade_min_cand_epochs=50
cascade_num_candidate_groups=2
bit_fail_limit=3.49999994039535522461e-01
cascade_candidate_limit=1.00000000000000000000e+03
cascade_weight_multiplier=4.00000005960464477539e-01
cascade_activation_functions_count=10
cascade_activation_functions=3 5 7 8 10 11 14 15 16 17 
cascade_activation_steepnesses_count=4
cascade_activation_steepnesses=2.50000000000000000000e-01 5.00000000000000000000e-01 7.50000000000000000000e-01 1.00000000000000000000e+00 
layer_sizes=7 9 2 
scale_included=0
neurons (num_inputs, activation_function, activation_steepness)=(0, 0, 0.00000000000000000000e+00) (0, 0, 0.00000000000000000000e+00) (0, 0, 0.00000000000000000000e+00) (0, 0, 0.00000000000000000000e+00) (0, 0, 0.00000000000000000000e+00) (0, 0, 0.00000000000000000000e+00) (0, 0, 0.00000000000000000000e+00) (7, 3, 5.00000000000000000000e-01) (7, 3, 5.00000000000000000000e-01) (7, 3, 5.00000000000000000000e-01) (7, 3, 5.00000000000000000000e-01) (7, 3, 5.00000000000000000000e-01) (7, 3, 5.00000000000000000000e-01) (7, 3, 5.00000000000000000000e-01) (7, 3, 5.00000000000000000000e-01) (0, 3, 0.00000000000000000000e+00) (9, 0, 5.00000000000000000000e-01) (0, 0, 0.00000000000000000000e+00) 
connections (connected_to_neuron, weight)=(0, -2.53406786918640136719e+00) (1, -5.75104713439941406250e+00) (2, -1.45322742462158203125e+01) (3, -3.36015129089355468750e+01) (4, -2.50935424804687500000e+02) (5, 2.37458969116210937500e+02) (6, -1.44906902313232421875e+00) (0, -6.10242374241352081299e-02) (1, 6.66538834571838378906e-01) (2, 1.48493480682373046875e+00) (3, -7.85339355468750000000e-01) (4, -5.10634124279022216797e-01) (5, -5.47371566295623779297e-01) (6, -2.36877250671386718750e+00) (0, -1.14241719245910644531e+00) (1, -1.05806040763854980469e+00) (2, 4.53472375869750976562e-01) (3, -2.91514062881469726562e+00) (4, -5.08414864540100097656e-01) (5, -1.58762857317924499512e-01) (6, -9.76142823696136474609e-01) (0, -1.46466529369354248047e+00) (1, -4.82254600524902343750e+00) (2, -1.74141578674316406250e+01) (3, -2.44659843444824218750e+01) (4, 1.94716224670410156250e+01) (5, -2.80026988983154296875e+01) (6, -1.50225365161895751953e+00) (0, -1.33299171924591064453e+00) (1, -4.94178390502929687500e+00) (2, -1.73727073669433593750e+01) (3, -2.44493141174316406250e+01) (4, 1.94884986877441406250e+01) (5, -2.79970836639404296875e+01) (6, -1.57665812969207763672e+00) (0, 5.95159791409969329834e-02) (1, 3.96564304828643798828e-01) (2, 4.57050025463104248047e-01) (3, -8.27697142958641052246e-02) (4, -7.34140038490295410156e-01) (5, 8.45800265669822692871e-02) (6, -1.16248261928558349609e+00) (0, -1.38659334182739257812e+00) (1, -4.84249877929687500000e+00) (2, -1.74482498168945312500e+01) (3, -2.44888572692871093750e+01) (4, 1.93681983947753906250e+01) (5, -2.45618610382080078125e+01) (6, -1.44449102878570556641e+00) (0, -3.02022719383239746094e+00) (1, -8.36528587341308593750e+00) (2, -2.18985595703125000000e+01) (3, -5.78396987915039062500e+01) (4, -2.08688858032226562500e+02) (5, 2.39268829345703125000e+02) (6, -3.87443423271179199219e+00) (7, -1.50000000000000000000e+03) (8, -2.85151779651641845703e-01) (9, -3.02103310823440551758e-01) (10, 7.74163007736206054688e-03) (11, 7.74163007736206054688e-03) (12, 2.87241488695144653320e-01) (13, 7.74163007736206054688e-03) (14, 1.50000000000000000000e+03) (15, 5.18583040684461593628e-03) 
