FANN_FLO_2.1
num_layers=3
learning_rate=0.300000
connection_rate=1.000000
network_type=0
learning_momentum=0.000000
training_algorithm=2
train_error_function=1
train_stop_function=0
cascade_output_change_fraction=0.010000
quickprop_decay=-0.000100
quickprop_mu=1.750000
rprop_increase_factor=1.200000
rprop_decrease_factor=0.500000
rprop_delta_min=0.000000
rprop_delta_max=50.000000
rprop_delta_zero=0.100000
cascade_output_stagnation_epochs=12
cascade_candidate_change_fraction=0.010000
cascade_candidate_stagnation_epochs=12
cascade_max_out_epochs=150
cascade_min_out_epochs=50
cascade_max_cand_epochs=150
cascade_min_cand_epochs=50
cascade_num_candidate_groups=2
bit_fail_limit=3.49999994039535522461e-01
cascade_candidate_limit=1.00000000000000000000e+03
cascade_weight_multiplier=4.00000005960464477539e-01
cascade_activation_functions_count=10
cascade_activation_functions=3 5 7 8 10 11 14 15 16 17 
cascade_activation_steepnesses_count=4
cascade_activation_steepnesses=2.50000000000000000000e-01 5.00000000000000000000e-01 7.50000000000000000000e-01 1.00000000000000000000e+00 
layer_sizes=4 9 2 
scale_included=0
neurons (num_inputs, activation_function, activation_steepness)=(0, 0, 0.00000000000000000000e+00) (0, 0, 0.00000000000000000000e+00) (0, 0, 0.00000000000000000000e+00) (0, 0, 0.00000000000000000000e+00) (4, 3, 5.00000000000000000000e-01) (4, 3, 5.00000000000000000000e-01) (4, 3, 5.00000000000000000000e-01) (4, 3, 5.00000000000000000000e-01) (4, 3, 5.00000000000000000000e-01) (4, 3, 5.00000000000000000000e-01) (4, 3, 5.00000000000000000000e-01) (4, 3, 5.00000000000000000000e-01) (0, 3, 0.00000000000000000000e+00) (9, 3, 5.00000000000000000000e-01) (0, 3, 0.00000000000000000000e+00) 
connections (connected_to_neuron, weight)=(0, -1.81907927989959716797e+00) (1, 4.54927742481231689453e-01) (2, 3.47616583108901977539e-01) (3, -1.12183260917663574219e+00) (0, -9.01462972164154052734e-01) (1, 4.36411261558532714844e-01) (2, -1.03275763988494873047e+00) (3, 1.02168846130371093750e+01) (0, -9.72303748130798339844e-01) (1, 4.03947979211807250977e-01) (2, -8.12416434288024902344e-01) (3, 7.14375925064086914062e+00) (0, -4.42426115274429321289e-01) (1, -2.62474924325942993164e-01) (2, -4.25068646669387817383e-01) (3, 4.14424389600753784180e-01) (0, 1.49999987792968750000e+03) (1, 1.49999926757812500000e+03) (2, 1.49999987792968750000e+03) (3, 6.70872747898101806641e-01) (0, -2.15195387601852416992e-01) (1, 1.96157339960336685181e-02) (2, 6.38583227992057800293e-02) (3, 1.60619819164276123047e+00) (0, -9.51608896255493164062e-01) (1, 5.42628586292266845703e-01) (2, -8.11757147312164306641e-01) (3, 3.64972233772277832031e+00) (0, -8.93413797020912170410e-02) (1, 3.18086594343185424805e-02) (2, -4.15146172046661376953e-01) (3, 2.54520726203918457031e+00) (4, 2.78804957866668701172e-01) (5, -2.27353334426879882812e-01) (6, -1.98857679963111877441e-01) (7, -1.50000000000000000000e+03) (8, 8.73366355895996093750e-01) (9, -3.11026382446289062500e+00) (10, -2.13353648781776428223e-01) (11, -3.76224517822265625000e+00) (12, 2.52351611852645874023e-01) 
