FANN_FLO_2.1
num_layers=4
learning_rate=0.300000
connection_rate=1.000000
network_type=0
learning_momentum=0.000000
training_algorithm=2
train_error_function=1
train_stop_function=0
cascade_output_change_fraction=0.010000
quickprop_decay=-0.000100
quickprop_mu=1.750000
rprop_increase_factor=1.200000
rprop_decrease_factor=0.500000
rprop_delta_min=0.000000
rprop_delta_max=50.000000
rprop_delta_zero=0.100000
cascade_output_stagnation_epochs=12
cascade_candidate_change_fraction=0.010000
cascade_candidate_stagnation_epochs=12
cascade_max_out_epochs=150
cascade_min_out_epochs=50
cascade_max_cand_epochs=150
cascade_min_cand_epochs=50
cascade_num_candidate_groups=2
bit_fail_limit=3.49999994039535522461e-01
cascade_candidate_limit=1.00000000000000000000e+03
cascade_weight_multiplier=4.00000005960464477539e-01
cascade_activation_functions_count=10
cascade_activation_functions=3 5 7 8 10 11 14 15 16 17 
cascade_activation_steepnesses_count=4
cascade_activation_steepnesses=2.50000000000000000000e-01 5.00000000000000000000e-01 7.50000000000000000000e-01 1.00000000000000000000e+00 
layer_sizes=2 5 5 3 
scale_included=0
neurons (num_inputs, activation_function, activation_steepness)=(0, 0, 0.00000000000000000000e+00) (0, 0, 0.00000000000000000000e+00) (2, 3, 5.00000000000000000000e-01) (2, 3, 5.00000000000000000000e-01) (2, 3, 5.00000000000000000000e-01) (2, 3, 5.00000000000000000000e-01) (0, 3, 0.00000000000000000000e+00) (5, 3, 5.00000000000000000000e-01) (5, 3, 5.00000000000000000000e-01) (5, 3, 5.00000000000000000000e-01) (5, 3, 5.00000000000000000000e-01) (0, 3, 0.00000000000000000000e+00) (5, 0, 5.00000000000000000000e-01) (5, 0, 5.00000000000000000000e-01) (0, 0, 0.00000000000000000000e+00) 
connections (connected_to_neuron, weight)=(0, -8.45930767059326171875e+00) (1, -1.68649685382843017578e+00) (0, -1.35015840530395507812e+01) (1, -4.29597234725952148438e+00) (0, -7.94832038879394531250e+00) (1, -1.18139326572418212891e+00) (0, -1.68572795391082763672e+00) (1, -1.31478345394134521484e+00) (2, 6.59252345561981201172e-01) (3, 2.80989336967468261719e+00) (4, 5.33716440200805664062e-01) (5, -3.60061573982238769531e+00) (6, -1.78193420171737670898e-01) (2, 4.43074524402618408203e-01) (3, 1.77125763893127441406e+00) (4, 5.13422489166259765625e-01) (5, -6.90276101231575012207e-02) (6, -1.36438757181167602539e-01) (2, 8.76243233680725097656e-01) (3, 1.06658339500427246094e+00) (4, 5.78421592712402343750e-01) (5, -2.79196619987487792969e+00) (6, -6.10970139503479003906e-01) (2, 8.89102995395660400391e-01) (3, 1.50069570541381835938e+00) (4, 4.28106218576431274414e-01) (5, -4.15241098403930664062e+00) (6, -6.53339847922325134277e-02) (7, 3.54836396872997283936e-02) (8, 2.02974565327167510986e-02) (9, 2.31146678328514099121e-01) (10, -3.43352183699607849121e-02) (11, -1.59467816352844238281e-01) (7, -3.48478406667709350586e-01) (8, -3.96349310874938964844e-01) (9, -1.54340219497680664062e+00) (10, -8.06425690650939941406e-01) (11, -2.15982630848884582520e-01) 
