FANN_FLO_2.1
num_layers=3
learning_rate=0.450000
connection_rate=1.000000
network_type=0
learning_momentum=0.000000
training_algorithm=2
train_error_function=1
train_stop_function=0
cascade_output_change_fraction=0.010000
quickprop_decay=-0.000100
quickprop_mu=1.750000
rprop_increase_factor=1.200000
rprop_decrease_factor=0.500000
rprop_delta_min=0.000000
rprop_delta_max=50.000000
rprop_delta_zero=0.100000
cascade_output_stagnation_epochs=12
cascade_candidate_change_fraction=0.010000
cascade_candidate_stagnation_epochs=12
cascade_max_out_epochs=150
cascade_min_out_epochs=50
cascade_max_cand_epochs=150
cascade_min_cand_epochs=50
cascade_num_candidate_groups=2
bit_fail_limit=3.49999994039535522461e-01
cascade_candidate_limit=1.00000000000000000000e+03
cascade_weight_multiplier=4.00000005960464477539e-01
cascade_activation_functions_count=10
cascade_activation_functions=3 5 7 8 10 11 14 15 16 17 
cascade_activation_steepnesses_count=4
cascade_activation_steepnesses=2.50000000000000000000e-01 5.00000000000000000000e-01 7.50000000000000000000e-01 1.00000000000000000000e+00 
layer_sizes=7 5 2 
scale_included=0
neurons (num_inputs, activation_function, activation_steepness)=(0, 0, 0.00000000000000000000e+00) (0, 0, 0.00000000000000000000e+00) (0, 0, 0.00000000000000000000e+00) (0, 0, 0.00000000000000000000e+00) (0, 0, 0.00000000000000000000e+00) (0, 0, 0.00000000000000000000e+00) (0, 0, 0.00000000000000000000e+00) (7, 3, 5.00000000000000000000e-01) (7, 3, 5.00000000000000000000e-01) (7, 3, 5.00000000000000000000e-01) (7, 3, 5.00000000000000000000e-01) (0, 3, 0.00000000000000000000e+00) (5, 0, 5.00000000000000000000e-01) (0, 0, 0.00000000000000000000e+00) 
connections (connected_to_neuron, weight)=(0, -6.51020467281341552734e-01) (1, 1.70148277282714843750e+01) (2, -2.14715652465820312500e+02) (3, 1.52478814125061035156e-01) (4, 7.69738159179687500000e+02) (5, -1.34292016601562500000e+03) (6, -6.71495795249938964844e-01) (0, 3.12800072133541107178e-02) (1, -1.06687061488628387451e-01) (2, 7.22514763474464416504e-02) (3, 2.18158457428216934204e-02) (4, -2.28131338953971862793e-01) (5, 2.25881248712539672852e-01) (6, -2.90374684333801269531e+00) (0, -1.57351112365722656250e+00) (1, -2.57791209220886230469e+00) (2, 3.97222375869750976562e+00) (3, -2.17649078369140625000e+00) (4, -2.84457874298095703125e+00) (5, 5.13100099563598632812e+00) (6, -1.43468677997589111328e+00) (0, 4.62891645729541778564e-02) (1, -9.31515121459960937500e+00) (2, 1.47000000000000000000e+03) (3, -5.94565607607364654541e-02) (4, -2.27103024721145629883e-01) (5, 1.50000000000000000000e+03) (6, 4.45783882141113281250e+01) (7, 6.93792775273323059082e-02) (8, 9.47817146778106689453e-01) (9, -4.44451987743377685547e-01) (10, -9.17691811919212341309e-02) (11, 2.65719965100288391113e-02) 
