FANN_FLO_2.1
num_layers=3
learning_rate=0.300000
connection_rate=1.000000
network_type=0
learning_momentum=0.000000
training_algorithm=2
train_error_function=1
train_stop_function=0
cascade_output_change_fraction=0.010000
quickprop_decay=-0.000100
quickprop_mu=1.750000
rprop_increase_factor=1.200000
rprop_decrease_factor=0.500000
rprop_delta_min=0.000000
rprop_delta_max=50.000000
rprop_delta_zero=0.100000
cascade_output_stagnation_epochs=12
cascade_candidate_change_fraction=0.010000
cascade_candidate_stagnation_epochs=12
cascade_max_out_epochs=150
cascade_min_out_epochs=50
cascade_max_cand_epochs=150
cascade_min_cand_epochs=50
cascade_num_candidate_groups=2
bit_fail_limit=3.49999994039535522461e-01
cascade_candidate_limit=1.00000000000000000000e+03
cascade_weight_multiplier=4.00000005960464477539e-01
cascade_activation_functions_count=10
cascade_activation_functions=3 5 7 8 10 11 14 15 16 17 
cascade_activation_steepnesses_count=4
cascade_activation_steepnesses=2.50000000000000000000e-01 5.00000000000000000000e-01 7.50000000000000000000e-01 1.00000000000000000000e+00 
layer_sizes=4 9 2 
scale_included=0
neurons (num_inputs, activation_function, activation_steepness)=(0, 0, 0.00000000000000000000e+00) (0, 0, 0.00000000000000000000e+00) (0, 0, 0.00000000000000000000e+00) (0, 0, 0.00000000000000000000e+00) (4, 3, 5.00000000000000000000e-01) (4, 3, 5.00000000000000000000e-01) (4, 3, 5.00000000000000000000e-01) (4, 3, 5.00000000000000000000e-01) (4, 3, 5.00000000000000000000e-01) (4, 3, 5.00000000000000000000e-01) (4, 3, 5.00000000000000000000e-01) (4, 3, 5.00000000000000000000e-01) (0, 3, 0.00000000000000000000e+00) (9, 3, 5.00000000000000000000e-01) (0, 3, 0.00000000000000000000e+00) 
connections (connected_to_neuron, weight)=(0, -4.22025233507156372070e-01) (1, 4.12895292043685913086e-01) (2, -1.76795279979705810547e+00) (3, 5.21075010299682617188e+00) (0, -2.84502953290939331055e-01) (1, 1.68137937784194946289e-01) (2, -3.69860082864761352539e-01) (3, 1.68111240863800048828e+00) (0, 1.50000000000000000000e+03) (1, 1.50000000000000000000e+03) (2, 1.50000000000000000000e+03) (3, 9.43847358226776123047e-01) (0, 1.38325560092926025391e+00) (1, -3.28706771135330200195e-01) (2, -3.36074590682983398438e+00) (3, -4.67883020639419555664e-01) (0, 1.50000000000000000000e+03) (1, 1.50000000000000000000e+03) (2, 1.50000000000000000000e+03) (3, 1.18358635902404785156e+00) (0, -9.38434228301048278809e-02) (1, 1.24155189841985702515e-02) (2, -8.35973322391510009766e-02) (3, 5.11656463146209716797e-01) (0, 1.50000000000000000000e+03) (1, 1.50000000000000000000e+03) (2, 1.50000000000000000000e+03) (3, 7.67971813678741455078e-01) (0, 1.24393571168184280396e-02) (1, 3.74479517340660095215e-02) (2, -7.30144202709197998047e-01) (3, 1.09452044963836669922e+00) (4, -5.45895472168922424316e-02) (5, -8.40933620929718017578e-01) (6, 5.01435279846191406250e-01) (7, 1.01807706058025360107e-01) (8, 4.22496169805526733398e-01) (9, -1.07685394287109375000e+01) (10, 4.37229543924331665039e-01) (11, -1.69568681716918945312e+00) (12, 4.24510568380355834961e-01) 
