FANN_FLO_2.1
num_layers=4
learning_rate=0.500000
connection_rate=1.000000
network_type=0
learning_momentum=0.000000
training_algorithm=2
train_error_function=1
train_stop_function=0
cascade_output_change_fraction=0.010000
quickprop_decay=-0.000100
quickprop_mu=1.750000
rprop_increase_factor=1.200000
rprop_decrease_factor=0.500000
rprop_delta_min=0.000000
rprop_delta_max=50.000000
rprop_delta_zero=0.100000
cascade_output_stagnation_epochs=12
cascade_candidate_change_fraction=0.010000
cascade_candidate_stagnation_epochs=12
cascade_max_out_epochs=150
cascade_min_out_epochs=50
cascade_max_cand_epochs=150
cascade_min_cand_epochs=50
cascade_num_candidate_groups=2
bit_fail_limit=3.49999994039535522461e-01
cascade_candidate_limit=1.00000000000000000000e+03
cascade_weight_multiplier=4.00000005960464477539e-01
cascade_activation_functions_count=10
cascade_activation_functions=3 5 7 8 10 11 14 15 16 17 
cascade_activation_steepnesses_count=4
cascade_activation_steepnesses=2.50000000000000000000e-01 5.00000000000000000000e-01 7.50000000000000000000e-01 1.00000000000000000000e+00 
layer_sizes=4 5 5 2 
scale_included=0
neurons (num_inputs, activation_function, activation_steepness)=(0, 0, 0.00000000000000000000e+00) (0, 0, 0.00000000000000000000e+00) (0, 0, 0.00000000000000000000e+00) (0, 0, 0.00000000000000000000e+00) (4, 3, 5.00000000000000000000e-01) (4, 3, 5.00000000000000000000e-01) (4, 3, 5.00000000000000000000e-01) (4, 3, 5.00000000000000000000e-01) (0, 3, 0.00000000000000000000e+00) (5, 3, 5.00000000000000000000e-01) (5, 3, 5.00000000000000000000e-01) (5, 3, 5.00000000000000000000e-01) (5, 3, 5.00000000000000000000e-01) (0, 3, 0.00000000000000000000e+00) (5, 3, 5.00000000000000000000e-01) (0, 3, 0.00000000000000000000e+00) 
connections (connected_to_neuron, weight)=(0, 3.85398960113525390625e+00) (1, 2.03892211914062500000e+01) (2, -9.27758979797363281250e+00) (3, -5.01077079772949218750e+00) (0, 7.39471340179443359375e+00) (1, 6.89966082572937011719e-02) (2, 1.06450424194335937500e+01) (3, -8.14517974853515625000e+00) (0, 8.31494045257568359375e+00) (1, -1.23729667663574218750e+01) (2, 4.95988517999649047852e-01) (3, -2.68564295768737792969e+00) (0, 6.52710914611816406250e+00) (1, 1.02600898742675781250e+01) (2, -1.17181524634361267090e-01) (3, -7.64608621597290039062e+00) (4, -4.26298427581787109375e+00) (5, -6.20926618576049804688e+00) (6, -2.37483716011047363281e+00) (7, -2.65054726600646972656e+00) (8, 9.50999450683593750000e+00) (4, 1.50221502780914306641e+00) (5, -1.37045761108398437500e+02) (6, 1.49721252441406250000e+03) (7, 1.89993591308593750000e+02) (8, 1.33069028854370117188e+01) (4, -1.67695415019989013672e+00) (5, -1.81457436084747314453e+00) (6, -2.13595843315124511719e+00) (7, -2.52638602256774902344e+00) (8, 5.50325918197631835938e+00) (4, -4.57476854324340820312e+00) (5, -4.84463262557983398438e+00) (6, -2.30614209175109863281e+00) (7, -2.02469062805175781250e+00) (8, 8.60860061645507812500e+00) (9, -1.26984679698944091797e+00) (10, 1.63332152366638183594e+00) (11, -1.19953000545501708984e+00) (12, -3.26488804817199707031e+00) (13, 1.64310848712921142578e+00) 
