FANN_FLO_2.1
num_layers=3
learning_rate=0.500000
connection_rate=1.000000
network_type=0
learning_momentum=0.000000
training_algorithm=2
train_error_function=1
train_stop_function=0
cascade_output_change_fraction=0.010000
quickprop_decay=-0.000100
quickprop_mu=1.750000
rprop_increase_factor=1.200000
rprop_decrease_factor=0.500000
rprop_delta_min=0.000000
rprop_delta_max=50.000000
rprop_delta_zero=0.100000
cascade_output_stagnation_epochs=12
cascade_candidate_change_fraction=0.010000
cascade_candidate_stagnation_epochs=12
cascade_max_out_epochs=150
cascade_min_out_epochs=50
cascade_max_cand_epochs=150
cascade_min_cand_epochs=50
cascade_num_candidate_groups=2
bit_fail_limit=3.49999994039535522461e-01
cascade_candidate_limit=1.00000000000000000000e+03
cascade_weight_multiplier=4.00000005960464477539e-01
cascade_activation_functions_count=10
cascade_activation_functions=3 5 7 8 10 11 14 15 16 17 
cascade_activation_steepnesses_count=4
cascade_activation_steepnesses=2.50000000000000000000e-01 5.00000000000000000000e-01 7.50000000000000000000e-01 1.00000000000000000000e+00 
layer_sizes=3 5 4 
scale_included=0
neurons (num_inputs, activation_function, activation_steepness)=(0, 0, 0.00000000000000000000e+00) (0, 0, 0.00000000000000000000e+00) (0, 0, 0.00000000000000000000e+00) (3, 3, 5.00000000000000000000e-01) (3, 3, 5.00000000000000000000e-01) (3, 3, 5.00000000000000000000e-01) (3, 3, 5.00000000000000000000e-01) (0, 3, 0.00000000000000000000e+00) (5, 0, 5.00000000000000000000e-01) (5, 0, 5.00000000000000000000e-01) (5, 0, 5.00000000000000000000e-01) (0, 0, 0.00000000000000000000e+00) 
connections (connected_to_neuron, weight)=(0, -3.49783182144165039062e+00) (1, 2.21485662460327148438e+00) (2, 6.78924262523651123047e-01) (0, -2.66661596298217773438e+00) (1, -6.71885669231414794922e-01) (2, 9.34776544570922851562e-01) (0, -1.89079141616821289062e+00) (1, -2.71266508102416992188e+00) (2, 3.10005277395248413086e-01) (0, -1.71637287139892578125e+01) (1, 1.72636928558349609375e+01) (2, 1.49349164962768554688e+01) (3, 2.88186669349670410156e+00) (4, 3.36995124816894531250e+00) (5, 3.14756202697753906250e+00) (6, 5.02026557922363281250e-01) (7, 1.13427424430847167969e+00) (3, 8.34401130676269531250e+00) (4, 9.41471481323242187500e+00) (5, 8.73305892944335937500e+00) (6, 3.17254281044006347656e+00) (7, 4.28905391693115234375e+00) (3, 2.24831542968750000000e+01) (4, 3.16214923858642578125e+01) (5, 2.82532386779785156250e+01) (6, 1.29018545150756835938e+01) (7, 1.90500354766845703125e+01) 
