FANN_FLO_2.1
num_layers=4
learning_rate=0.500000
connection_rate=1.000000
network_type=0
learning_momentum=0.000000
training_algorithm=2
train_error_function=1
train_stop_function=0
cascade_output_change_fraction=0.010000
quickprop_decay=-0.000100
quickprop_mu=1.750000
rprop_increase_factor=1.200000
rprop_decrease_factor=0.500000
rprop_delta_min=0.000000
rprop_delta_max=50.000000
rprop_delta_zero=0.100000
cascade_output_stagnation_epochs=12
cascade_candidate_change_fraction=0.010000
cascade_candidate_stagnation_epochs=12
cascade_max_out_epochs=150
cascade_min_out_epochs=50
cascade_max_cand_epochs=150
cascade_min_cand_epochs=50
cascade_num_candidate_groups=2
bit_fail_limit=3.49999994039535522461e-01
cascade_candidate_limit=1.00000000000000000000e+03
cascade_weight_multiplier=4.00000005960464477539e-01
cascade_activation_functions_count=10
cascade_activation_functions=3 5 7 8 10 11 14 15 16 17 
cascade_activation_steepnesses_count=4
cascade_activation_steepnesses=2.50000000000000000000e-01 5.00000000000000000000e-01 7.50000000000000000000e-01 1.00000000000000000000e+00 
layer_sizes=4 5 3 2 
scale_included=0
neurons (num_inputs, activation_function, activation_steepness)=(0, 0, 0.00000000000000000000e+00) (0, 0, 0.00000000000000000000e+00) (0, 0, 0.00000000000000000000e+00) (0, 0, 0.00000000000000000000e+00) (4, 3, 5.00000000000000000000e-01) (4, 3, 5.00000000000000000000e-01) (4, 3, 5.00000000000000000000e-01) (4, 3, 5.00000000000000000000e-01) (0, 3, 0.00000000000000000000e+00) (5, 3, 5.00000000000000000000e-01) (5, 3, 5.00000000000000000000e-01) (0, 3, 0.00000000000000000000e+00) (3, 3, 5.00000000000000000000e-01) (0, 3, 0.00000000000000000000e+00) 
connections (connected_to_neuron, weight)=(0, -5.29676628112792968750e+00) (1, -9.56850814819335937500e+00) (2, 4.39256000518798828125e+00) (3, 2.57613897323608398438e+00) (0, -4.11530017852783203125e+00) (1, -7.29206228256225585938e+00) (2, 3.20461750030517578125e+00) (3, 2.42834758758544921875e+00) (0, -4.14421653747558593750e+00) (1, -3.32709074020385742188e+00) (2, -3.30019569396972656250e+00) (3, 3.27224421501159667969e+00) (0, -3.48493146896362304688e+00) (1, -8.99198246002197265625e+00) (2, 7.39818751811981201172e-01) (3, 9.39766705036163330078e-01) (4, 5.48230409622192382812e+00) (5, -2.41009783744812011719e+00) (6, 1.72583522796630859375e+01) (7, -2.33076992034912109375e+01) (8, -7.83562660217285156250e-01) (4, 4.72553586959838867188e+00) (5, 7.89318943023681640625e+00) (6, 3.66430778503417968750e+01) (7, -4.77247886657714843750e+01) (8, -5.48584842681884765625e+00) (9, -9.65486586093902587891e-01) (10, -4.14664888381958007812e+00) (11, 2.83718276023864746094e+00) 
