FANN_FLO_2.1
num_layers=3
learning_rate=0.500000
connection_rate=1.000000
network_type=0
learning_momentum=0.000000
training_algorithm=2
train_error_function=1
train_stop_function=0
cascade_output_change_fraction=0.010000
quickprop_decay=-0.000100
quickprop_mu=1.750000
rprop_increase_factor=1.200000
rprop_decrease_factor=0.500000
rprop_delta_min=0.000000
rprop_delta_max=50.000000
rprop_delta_zero=0.100000
cascade_output_stagnation_epochs=12
cascade_candidate_change_fraction=0.010000
cascade_candidate_stagnation_epochs=12
cascade_max_out_epochs=150
cascade_min_out_epochs=50
cascade_max_cand_epochs=150
cascade_min_cand_epochs=50
cascade_num_candidate_groups=2
bit_fail_limit=3.49999994039535522461e-01
cascade_candidate_limit=1.00000000000000000000e+03
cascade_weight_multiplier=4.00000005960464477539e-01
cascade_activation_functions_count=10
cascade_activation_functions=3 5 7 8 10 11 14 15 16 17 
cascade_activation_steepnesses_count=4
cascade_activation_steepnesses=2.50000000000000000000e-01 5.00000000000000000000e-01 7.50000000000000000000e-01 1.00000000000000000000e+00 
layer_sizes=10 3 2 
scale_included=0
neurons (num_inputs, activation_function, activation_steepness)=(0, 0, 0.00000000000000000000e+00) (0, 0, 0.00000000000000000000e+00) (0, 0, 0.00000000000000000000e+00) (0, 0, 0.00000000000000000000e+00) (0, 0, 0.00000000000000000000e+00) (0, 0, 0.00000000000000000000e+00) (0, 0, 0.00000000000000000000e+00) (0, 0, 0.00000000000000000000e+00) (0, 0, 0.00000000000000000000e+00) (0, 0, 0.00000000000000000000e+00) (10, 3, 5.00000000000000000000e-01) (10, 3, 5.00000000000000000000e-01) (0, 3, 0.00000000000000000000e+00) (3, 3, 5.00000000000000000000e-01) (0, 3, 0.00000000000000000000e+00) 
connections (connected_to_neuron, weight)=(0, -5.36511719226837158203e-01) (1, -5.20945429801940917969e-01) (2, -5.94876348972320556641e-01) (3, -5.74351489543914794922e-01) (4, -1.02313768863677978516e+00) (5, -5.87969899177551269531e-01) (6, -5.92611610889434814453e-01) (7, -5.72062730789184570312e-01) (8, -4.96804684400558471680e-01) (9, 2.59879541397094726562e+00) (0, 7.68011212348937988281e-01) (1, 8.88517618179321289062e-01) (2, 4.86215323209762573242e-01) (3, 5.52337229251861572266e-01) (4, -1.06523501873016357422e+00) (5, 5.90232074260711669922e-01) (6, 6.58571064472198486328e-01) (7, 6.14985406398773193359e-01) (8, 8.85062694549560546875e-01) (9, -5.29192388057708740234e-01) (10, -2.65110731124877929688e+00) (11, 1.20695006847381591797e+00) (12, 2.18262985348701477051e-01) 
