FANN_FLO_2.1
num_layers=3
learning_rate=0.450000
connection_rate=1.000000
network_type=0
learning_momentum=0.000000
training_algorithm=2
train_error_function=1
train_stop_function=0
cascade_output_change_fraction=0.010000
quickprop_decay=-0.000100
quickprop_mu=1.750000
rprop_increase_factor=1.200000
rprop_decrease_factor=0.500000
rprop_delta_min=0.000000
rprop_delta_max=50.000000
rprop_delta_zero=0.100000
cascade_output_stagnation_epochs=12
cascade_candidate_change_fraction=0.010000
cascade_candidate_stagnation_epochs=12
cascade_max_out_epochs=150
cascade_min_out_epochs=50
cascade_max_cand_epochs=150
cascade_min_cand_epochs=50
cascade_num_candidate_groups=2
bit_fail_limit=3.49999994039535522461e-01
cascade_candidate_limit=1.00000000000000000000e+03
cascade_weight_multiplier=4.00000005960464477539e-01
cascade_activation_functions_count=10
cascade_activation_functions=3 5 7 8 10 11 14 15 16 17 
cascade_activation_steepnesses_count=4
cascade_activation_steepnesses=2.50000000000000000000e-01 5.00000000000000000000e-01 7.50000000000000000000e-01 1.00000000000000000000e+00 
layer_sizes=7 5 2 
scale_included=0
neurons (num_inputs, activation_function, activation_steepness)=(0, 0, 0.00000000000000000000e+00) (0, 0, 0.00000000000000000000e+00) (0, 0, 0.00000000000000000000e+00) (0, 0, 0.00000000000000000000e+00) (0, 0, 0.00000000000000000000e+00) (0, 0, 0.00000000000000000000e+00) (0, 0, 0.00000000000000000000e+00) (7, 3, 5.00000000000000000000e-01) (7, 3, 5.00000000000000000000e-01) (7, 3, 5.00000000000000000000e-01) (7, 3, 5.00000000000000000000e-01) (0, 3, 0.00000000000000000000e+00) (5, 0, 5.00000000000000000000e-01) (0, 0, 0.00000000000000000000e+00) 
connections (connected_to_neuron, weight)=(0, 1.13570503890514373779e-02) (1, -3.51210922002792358398e-01) (2, 1.84054702520370483398e-01) (3, 1.43250977993011474609e+00) (4, -1.23535013198852539062e+00) (5, 2.24745556712150573730e-01) (6, 1.08679847717285156250e+01) (0, 1.50000000000000000000e+03) (1, 1.45830493164062500000e+03) (2, 5.82800827026367187500e+01) (3, 1.50000000000000000000e+03) (4, 1.50000000000000000000e+03) (5, 1.27574377441406250000e+03) (6, -5.16198933124542236328e-01) (0, -2.27030366659164428711e-01) (1, 2.69464373588562011719e-01) (2, -6.25229105353355407715e-02) (3, 5.85388094186782836914e-02) (4, 2.91414976119995117188e-01) (5, -3.75106602907180786133e-01) (6, 3.11597609519958496094e+00) (0, 1.50000000000000000000e+03) (1, 1.45830493164062500000e+03) (2, 5.83216705322265625000e+01) (3, 1.50000000000000000000e+03) (4, 1.50000000000000000000e+03) (5, 1.27574377441406250000e+03) (6, -6.62674963474273681641e-01) (7, -4.09000282287597656250e+01) (8, 2.04512367248535156250e+01) (9, -1.88366845250129699707e-01) (10, 2.05046882629394531250e+01) (11, 1.21544241905212402344e-01) 
