FANN_FLO_2.1
num_layers=4
learning_rate=0.450000
connection_rate=1.000000
network_type=0
learning_momentum=0.000000
training_algorithm=2
train_error_function=1
train_stop_function=0
cascade_output_change_fraction=0.010000
quickprop_decay=-0.000100
quickprop_mu=1.750000
rprop_increase_factor=1.200000
rprop_decrease_factor=0.500000
rprop_delta_min=0.000000
rprop_delta_max=50.000000
rprop_delta_zero=0.100000
cascade_output_stagnation_epochs=12
cascade_candidate_change_fraction=0.010000
cascade_candidate_stagnation_epochs=12
cascade_max_out_epochs=150
cascade_min_out_epochs=50
cascade_max_cand_epochs=150
cascade_min_cand_epochs=50
cascade_num_candidate_groups=2
bit_fail_limit=3.49999994039535522461e-01
cascade_candidate_limit=1.00000000000000000000e+03
cascade_weight_multiplier=4.00000005960464477539e-01
cascade_activation_functions_count=10
cascade_activation_functions=3 5 7 8 10 11 14 15 16 17 
cascade_activation_steepnesses_count=4
cascade_activation_steepnesses=2.50000000000000000000e-01 5.00000000000000000000e-01 7.50000000000000000000e-01 1.00000000000000000000e+00 
layer_sizes=7 5 5 2 
scale_included=0
neurons (num_inputs, activation_function, activation_steepness)=(0, 0, 0.00000000000000000000e+00) (0, 0, 0.00000000000000000000e+00) (0, 0, 0.00000000000000000000e+00) (0, 0, 0.00000000000000000000e+00) (0, 0, 0.00000000000000000000e+00) (0, 0, 0.00000000000000000000e+00) (0, 0, 0.00000000000000000000e+00) (7, 3, 5.00000000000000000000e-01) (7, 3, 5.00000000000000000000e-01) (7, 3, 5.00000000000000000000e-01) (7, 3, 5.00000000000000000000e-01) (0, 3, 0.00000000000000000000e+00) (5, 3, 5.00000000000000000000e-01) (5, 3, 5.00000000000000000000e-01) (5, 3, 5.00000000000000000000e-01) (5, 3, 5.00000000000000000000e-01) (0, 3, 0.00000000000000000000e+00) (5, 0, 5.00000000000000000000e-01) (0, 0, 0.00000000000000000000e+00) 
connections (connected_to_neuron, weight)=(0, -2.10061296820640563965e-02) (1, 8.95815610885620117188e-01) (2, -8.77615928649902343750e-01) (3, 1.09708048403263092041e-01) (4, 1.54257327318191528320e-01) (5, -2.66144841909408569336e-01) (6, 3.25871944427490234375e+00) (0, -1.45240873098373413086e-02) (1, 6.05817317962646484375e-01) (2, -6.19875550270080566406e-01) (3, 1.63557723164558410645e-01) (4, 7.06080868840217590332e-02) (5, -2.40730702877044677734e-01) (6, 2.52332568168640136719e+00) (0, 2.75242011994123458862e-02) (1, 4.06951248645782470703e-01) (2, -4.85253155231475830078e-01) (3, 2.17297345399856567383e-01) (4, 2.29614943265914916992e-01) (5, -3.93256455659866333008e-01) (6, 4.50425863265991210938e-01) (0, 1.02882431820034980774e-02) (1, 4.22009140253067016602e-01) (2, -4.13640201091766357422e-01) (3, 5.14475926756858825684e-02) (4, 6.87863111495971679688e-01) (5, -3.98863255977630615234e-01) (6, -2.95680260658264160156e+00) (7, -3.30705332756042480469e+00) (8, -2.17970490455627441406e+00) (9, -4.06035900115966796875e-01) (10, 2.68514931201934814453e-01) (11, 4.11316156387329101562e+00) (7, -6.82286545634269714355e-02) (8, 1.72583520412445068359e+00) (9, 2.41075128316879272461e-01) (10, 3.08471590280532836914e-01) (11, 3.43319964408874511719e+00) (7, -1.41526508331298828125e+00) (8, -6.60395383834838867188e+00) (9, -5.43381989002227783203e-01) (10, 1.77520871162414550781e-01) (11, 2.17117118835449218750e+00) (7, -2.08363699913024902344e+00) (8, -6.50230550765991210938e+00) (9, -3.86019706726074218750e-01) (10, 1.43614149093627929688e+00) (11, 2.16289258003234863281e+00) (12, -2.12617501616477966309e-01) (13, -5.89815676212310791016e-02) (14, 1.63337886333465576172e+00) (15, 1.70196068286895751953e+00) (16, 9.64696332812309265137e-02) 
