FANN_FLO_2.1
num_layers=3
learning_rate=0.500000
connection_rate=1.000000
network_type=0
learning_momentum=0.000000
training_algorithm=2
train_error_function=1
train_stop_function=0
cascade_output_change_fraction=0.010000
quickprop_decay=-0.000100
quickprop_mu=1.750000
rprop_increase_factor=1.200000
rprop_decrease_factor=0.500000
rprop_delta_min=0.000000
rprop_delta_max=50.000000
rprop_delta_zero=0.100000
cascade_output_stagnation_epochs=12
cascade_candidate_change_fraction=0.010000
cascade_candidate_stagnation_epochs=12
cascade_max_out_epochs=150
cascade_min_out_epochs=50
cascade_max_cand_epochs=150
cascade_min_cand_epochs=50
cascade_num_candidate_groups=2
bit_fail_limit=3.49999994039535522461e-01
cascade_candidate_limit=1.00000000000000000000e+03
cascade_weight_multiplier=4.00000005960464477539e-01
cascade_activation_functions_count=10
cascade_activation_functions=3 5 7 8 10 11 14 15 16 17 
cascade_activation_steepnesses_count=4
cascade_activation_steepnesses=2.50000000000000000000e-01 5.00000000000000000000e-01 7.50000000000000000000e-01 1.00000000000000000000e+00 
layer_sizes=7 5 2 
scale_included=0
neurons (num_inputs, activation_function, activation_steepness)=(0, 0, 0.00000000000000000000e+00) (0, 0, 0.00000000000000000000e+00) (0, 0, 0.00000000000000000000e+00) (0, 0, 0.00000000000000000000e+00) (0, 0, 0.00000000000000000000e+00) (0, 0, 0.00000000000000000000e+00) (0, 0, 0.00000000000000000000e+00) (7, 3, 5.00000000000000000000e-01) (7, 3, 5.00000000000000000000e-01) (7, 3, 5.00000000000000000000e-01) (7, 3, 5.00000000000000000000e-01) (0, 3, 0.00000000000000000000e+00) (5, 0, 5.00000000000000000000e-01) (0, 0, 0.00000000000000000000e+00) 
connections (connected_to_neuron, weight)=(0, -4.42172050476074218750e-01) (1, -7.14082241058349609375e-01) (2, 6.80084347724914550781e-01) (3, -2.64954566955566406250e-01) (4, -5.32176122069358825684e-02) (5, 8.81178081035614013672e-01) (6, -2.53448963165283203125e-01) (0, -5.94062089920043945312e-01) (1, -1.75330117344856262207e-01) (2, 2.71269559860229492188e-01) (3, -2.50438541173934936523e-01) (4, 1.48503072559833526611e-02) (5, 8.27073097229003906250e-01) (6, -6.81677341461181640625e-01) (0, -6.24845921993255615234e-01) (1, 5.02442955970764160156e-01) (2, 1.15621733665466308594e+00) (3, -4.51054334640502929688e-01) (4, -2.87298560142517089844e-01) (5, 3.30802172422409057617e-01) (6, -1.10986471176147460938e+00) (0, -2.81669288873672485352e-01) (1, 2.75757044553756713867e-01) (2, 5.12087404727935791016e-01) (3, -6.13814830780029296875e-01) (4, 4.93413639068603515625e+00) (5, 1.01384663581848144531e+00) (6, 1.12667453289031982422e+00) (7, 7.25962892174720764160e-02) (8, -8.02043527364730834961e-02) (9, -1.22272707521915435791e-02) (10, -1.31681278347969055176e-01) (11, 1.44118413329124450684e-01) 
