FANN_FLO_2.1
num_layers=3
learning_rate=0.300000
connection_rate=1.000000
network_type=0
learning_momentum=0.000000
training_algorithm=2
train_error_function=1
train_stop_function=0
cascade_output_change_fraction=0.010000
quickprop_decay=-0.000100
quickprop_mu=1.750000
rprop_increase_factor=1.200000
rprop_decrease_factor=0.500000
rprop_delta_min=0.000000
rprop_delta_max=50.000000
rprop_delta_zero=0.100000
cascade_output_stagnation_epochs=12
cascade_candidate_change_fraction=0.010000
cascade_candidate_stagnation_epochs=12
cascade_max_out_epochs=150
cascade_min_out_epochs=50
cascade_max_cand_epochs=150
cascade_min_cand_epochs=50
cascade_num_candidate_groups=2
bit_fail_limit=3.49999994039535522461e-01
cascade_candidate_limit=1.00000000000000000000e+03
cascade_weight_multiplier=4.00000005960464477539e-01
cascade_activation_functions_count=10
cascade_activation_functions=3 5 7 8 10 11 14 15 16 17 
cascade_activation_steepnesses_count=4
cascade_activation_steepnesses=2.50000000000000000000e-01 5.00000000000000000000e-01 7.50000000000000000000e-01 1.00000000000000000000e+00 
layer_sizes=4 9 2 
scale_included=0
neurons (num_inputs, activation_function, activation_steepness)=(0, 0, 0.00000000000000000000e+00) (0, 0, 0.00000000000000000000e+00) (0, 0, 0.00000000000000000000e+00) (0, 0, 0.00000000000000000000e+00) (4, 3, 5.00000000000000000000e-01) (4, 3, 5.00000000000000000000e-01) (4, 3, 5.00000000000000000000e-01) (4, 3, 5.00000000000000000000e-01) (4, 3, 5.00000000000000000000e-01) (4, 3, 5.00000000000000000000e-01) (4, 3, 5.00000000000000000000e-01) (4, 3, 5.00000000000000000000e-01) (0, 3, 0.00000000000000000000e+00) (9, 3, 5.00000000000000000000e-01) (0, 3, 0.00000000000000000000e+00) 
connections (connected_to_neuron, weight)=(0, -1.09605097770690917969e+00) (1, 7.62250304222106933594e-01) (2, -1.68253660202026367188e+00) (3, 1.29152574539184570312e+01) (0, 1.90295207500457763672e+00) (1, -1.47137749195098876953e+00) (2, 2.50866055488586425781e+00) (3, -1.16258418560028076172e+00) (0, 6.50466084480285644531e-02) (1, 2.08057805895805358887e-01) (2, 2.21560448408126831055e-01) (3, 5.12966156005859375000e-01) (0, -1.29114651679992675781e+00) (1, 4.52419102191925048828e-01) (2, -2.23220515251159667969e+00) (3, -1.71190410852432250977e-01) (0, 2.63343162536621093750e+01) (1, 2.39517745971679687500e+01) (2, 2.86779575347900390625e+01) (3, 2.57831859588623046875e+01) (0, -8.16384017467498779297e-01) (1, 8.10058057308197021484e-01) (2, -1.45752239227294921875e+00) (3, 6.07763099670410156250e+00) (0, 7.84185603260993957520e-02) (1, 2.22604095935821533203e-01) (2, -4.85992357134819030762e-02) (3, 4.39689218997955322266e-01) (0, 1.22702017426490783691e-01) (1, 2.38669931888580322266e-01) (2, -2.90481030941009521484e-01) (3, 1.68302226066589355469e+00) (4, -2.56136149168014526367e-01) (5, 3.91469866037368774414e-01) (6, -6.26368236541748046875e+00) (7, 2.68284350633621215820e-01) (8, 5.00000000000000000000e+01) (9, -2.74849504232406616211e-01) (10, -3.19911026954650878906e+00) (11, -3.65741109848022460938e+00) (12, 6.45429074764251708984e-01) 
