FANN_FLO_2.1
num_layers=4
learning_rate=0.500000
connection_rate=1.000000
network_type=0
learning_momentum=0.000000
training_algorithm=2
train_error_function=1
train_stop_function=0
cascade_output_change_fraction=0.010000
quickprop_decay=-0.000100
quickprop_mu=1.750000
rprop_increase_factor=1.200000
rprop_decrease_factor=0.500000
rprop_delta_min=0.000000
rprop_delta_max=50.000000
rprop_delta_zero=0.100000
cascade_output_stagnation_epochs=12
cascade_candidate_change_fraction=0.010000
cascade_candidate_stagnation_epochs=12
cascade_max_out_epochs=150
cascade_min_out_epochs=50
cascade_max_cand_epochs=150
cascade_min_cand_epochs=50
cascade_num_candidate_groups=2
bit_fail_limit=3.49999994039535522461e-01
cascade_candidate_limit=1.00000000000000000000e+03
cascade_weight_multiplier=4.00000005960464477539e-01
cascade_activation_functions_count=10
cascade_activation_functions=3 5 7 8 10 11 14 15 16 17 
cascade_activation_steepnesses_count=4
cascade_activation_steepnesses=2.50000000000000000000e-01 5.00000000000000000000e-01 7.50000000000000000000e-01 1.00000000000000000000e+00 
layer_sizes=4 5 3 2 
scale_included=0
neurons (num_inputs, activation_function, activation_steepness)=(0, 0, 0.00000000000000000000e+00) (0, 0, 0.00000000000000000000e+00) (0, 0, 0.00000000000000000000e+00) (0, 0, 0.00000000000000000000e+00) (4, 3, 5.00000000000000000000e-01) (4, 3, 5.00000000000000000000e-01) (4, 3, 5.00000000000000000000e-01) (4, 3, 5.00000000000000000000e-01) (0, 3, 0.00000000000000000000e+00) (5, 3, 5.00000000000000000000e-01) (5, 3, 5.00000000000000000000e-01) (0, 3, 0.00000000000000000000e+00) (3, 3, 5.00000000000000000000e-01) (0, 3, 0.00000000000000000000e+00) 
connections (connected_to_neuron, weight)=(0, -3.09333157539367675781e+00) (1, -9.03661823272705078125e+00) (2, 6.59723803400993347168e-02) (3, 1.83275127410888671875e+00) (0, -8.35147976875305175781e-01) (1, -2.19538192749023437500e+01) (2, 1.02574653625488281250e+01) (3, 2.03801679611206054688e+00) (0, -4.41358137130737304688e+00) (1, 1.42205703258514404297e+00) (2, -4.11130237579345703125e+00) (3, 2.81379795074462890625e+00) (0, -3.01984119415283203125e+00) (1, -1.38722705841064453125e+01) (2, 4.49285316467285156250e+00) (3, 1.87858557701110839844e+00) (4, -3.24522644281387329102e-01) (5, 6.26265048980712890625e+00) (6, 1.59208126068115234375e+01) (7, 5.23564147949218750000e+00) (8, -4.71323537826538085938e+00) (4, -2.84798984527587890625e+01) (5, 1.26958246231079101562e+01) (6, 1.62227897644042968750e+01) (7, 9.61638069152832031250e+00) (8, -4.41310167312622070312e+00) (9, -3.64360189437866210938e+00) (10, -1.54716134071350097656e+00) (11, 2.89209198951721191406e+00) 
