FANN_FLO_2.1
num_layers=4
learning_rate=0.300000
connection_rate=1.000000
network_type=0
learning_momentum=0.000000
training_algorithm=2
train_error_function=1
train_stop_function=0
cascade_output_change_fraction=0.010000
quickprop_decay=-0.000100
quickprop_mu=1.750000
rprop_increase_factor=1.200000
rprop_decrease_factor=0.500000
rprop_delta_min=0.000000
rprop_delta_max=50.000000
rprop_delta_zero=0.100000
cascade_output_stagnation_epochs=12
cascade_candidate_change_fraction=0.010000
cascade_candidate_stagnation_epochs=12
cascade_max_out_epochs=150
cascade_min_out_epochs=50
cascade_max_cand_epochs=150
cascade_min_cand_epochs=50
cascade_num_candidate_groups=2
bit_fail_limit=3.49999994039535522461e-01
cascade_candidate_limit=1.00000000000000000000e+03
cascade_weight_multiplier=4.00000005960464477539e-01
cascade_activation_functions_count=10
cascade_activation_functions=3 5 7 8 10 11 14 15 16 17 
cascade_activation_steepnesses_count=4
cascade_activation_steepnesses=2.50000000000000000000e-01 5.00000000000000000000e-01 7.50000000000000000000e-01 1.00000000000000000000e+00 
layer_sizes=2 5 5 3 
scale_included=0
neurons (num_inputs, activation_function, activation_steepness)=(0, 0, 0.00000000000000000000e+00) (0, 0, 0.00000000000000000000e+00) (2, 3, 5.00000000000000000000e-01) (2, 3, 5.00000000000000000000e-01) (2, 3, 5.00000000000000000000e-01) (2, 3, 5.00000000000000000000e-01) (0, 3, 0.00000000000000000000e+00) (5, 3, 5.00000000000000000000e-01) (5, 3, 5.00000000000000000000e-01) (5, 3, 5.00000000000000000000e-01) (5, 3, 5.00000000000000000000e-01) (0, 3, 0.00000000000000000000e+00) (5, 0, 5.00000000000000000000e-01) (5, 0, 5.00000000000000000000e-01) (0, 0, 0.00000000000000000000e+00) 
connections (connected_to_neuron, weight)=(0, -6.57266044616699218750e+00) (1, -2.25781297683715820312e+00) (0, -8.03304862976074218750e+00) (1, -1.77103221416473388672e+00) (0, -6.95380306243896484375e+00) (1, -2.51457500457763671875e+00) (0, -8.10970306396484375000e+00) (1, -1.76303875446319580078e+00) (2, 1.30787730216979980469e+00) (3, 8.93249273300170898438e-01) (4, 1.03870952129364013672e+00) (5, 8.11312437057495117188e-01) (6, -1.35997617244720458984e+00) (2, 7.55881488323211669922e-01) (3, 5.59474289417266845703e-01) (4, 7.26600706577301025391e-01) (5, 4.60664212703704833984e-01) (6, -4.51064497232437133789e-01) (2, 2.00537776947021484375e+00) (3, 6.97170436382293701172e-01) (4, 3.03963184356689453125e-01) (5, 6.76185369491577148438e-01) (6, -7.04376772046089172363e-02) (2, 1.95922207832336425781e+00) (3, 6.11827790737152099609e-01) (4, 1.90618380904197692871e-01) (5, 6.01027429103851318359e-01) (6, -3.59229892492294311523e-01) (7, 1.23192206025123596191e-01) (8, -2.74680666625499725342e-02) (9, 3.25540862977504730225e-02) (10, 1.05939932167530059814e-01) (11, -2.97776579856872558594e-01) (7, -7.01918959617614746094e-01) (8, -6.78071558475494384766e-01) (9, -4.44170325994491577148e-01) (10, -4.21264380216598510742e-01) (11, -3.19666028022766113281e-01) 
