FANN_FLO_2.1
num_layers=4
learning_rate=0.450000
connection_rate=1.000000
network_type=0
learning_momentum=0.000000
training_algorithm=2
train_error_function=1
train_stop_function=0
cascade_output_change_fraction=0.010000
quickprop_decay=-0.000100
quickprop_mu=1.750000
rprop_increase_factor=1.200000
rprop_decrease_factor=0.500000
rprop_delta_min=0.000000
rprop_delta_max=50.000000
rprop_delta_zero=0.100000
cascade_output_stagnation_epochs=12
cascade_candidate_change_fraction=0.010000
cascade_candidate_stagnation_epochs=12
cascade_max_out_epochs=150
cascade_min_out_epochs=50
cascade_max_cand_epochs=150
cascade_min_cand_epochs=50
cascade_num_candidate_groups=2
bit_fail_limit=3.49999994039535522461e-01
cascade_candidate_limit=1.00000000000000000000e+03
cascade_weight_multiplier=4.00000005960464477539e-01
cascade_activation_functions_count=10
cascade_activation_functions=3 5 7 8 10 11 14 15 16 17 
cascade_activation_steepnesses_count=4
cascade_activation_steepnesses=2.50000000000000000000e-01 5.00000000000000000000e-01 7.50000000000000000000e-01 1.00000000000000000000e+00 
layer_sizes=7 5 3 2 
scale_included=0
neurons (num_inputs, activation_function, activation_steepness)=(0, 0, 0.00000000000000000000e+00) (0, 0, 0.00000000000000000000e+00) (0, 0, 0.00000000000000000000e+00) (0, 0, 0.00000000000000000000e+00) (0, 0, 0.00000000000000000000e+00) (0, 0, 0.00000000000000000000e+00) (0, 0, 0.00000000000000000000e+00) (7, 3, 5.00000000000000000000e-01) (7, 3, 5.00000000000000000000e-01) (7, 3, 5.00000000000000000000e-01) (7, 3, 5.00000000000000000000e-01) (0, 3, 0.00000000000000000000e+00) (5, 3, 5.00000000000000000000e-01) (5, 3, 5.00000000000000000000e-01) (0, 3, 0.00000000000000000000e+00) (3, 0, 5.00000000000000000000e-01) (0, 0, 0.00000000000000000000e+00) 
connections (connected_to_neuron, weight)=(0, -2.35786810517311096191e-01) (1, 4.62596714496612548828e-01) (2, -1.27188277244567871094e+00) (3, 2.79772967100143432617e-01) (4, -1.34272563457489013672e+00) (5, 1.75239667296409606934e-01) (6, -5.03725886344909667969e-01) (0, 6.56153297424316406250e+00) (1, 1.57272705078125000000e+02) (2, 1.50000000000000000000e+03) (3, -5.02850830554962158203e-01) (4, 1.50000000000000000000e+03) (5, -2.37369966506958007812e+00) (6, 2.50353546142578125000e+01) (0, 8.68296101689338684082e-02) (1, -2.90782690048217773438e-01) (2, 3.52454245090484619141e-01) (3, 2.40717992186546325684e-01) (4, -8.83761346340179443359e-01) (5, 5.31284570693969726562e-01) (6, -2.18198466300964355469e+00) (0, -2.06894829869270324707e-01) (1, 1.23048257827758789062e+00) (2, -6.12619280815124511719e-01) (3, -5.86421847343444824219e-01) (4, 1.10938816070556640625e+01) (5, -9.68180465698242187500e+00) (6, -5.55981218814849853516e-01) (7, 1.49957031250000000000e+03) (8, 5.00211486816406250000e+02) (9, -1.50000000000000000000e+03) (10, 1.50000000000000000000e+03) (11, 9.97353088378906250000e+02) (7, 8.73209457397460937500e+01) (8, -3.89060974121093750000e+01) (9, 3.76524734497070312500e+01) (10, -1.50000000000000000000e+03) (11, -1.49023795127868652344e+00) (12, -2.46153566986322402954e-02) (13, 3.66716742515563964844e-01) (14, 3.81391085684299468994e-02) 
