FANN_FLO_2.1
num_layers=4
learning_rate=0.450000
connection_rate=1.000000
network_type=0
learning_momentum=0.000000
training_algorithm=2
train_error_function=1
train_stop_function=0
cascade_output_change_fraction=0.010000
quickprop_decay=-0.000100
quickprop_mu=1.750000
rprop_increase_factor=1.200000
rprop_decrease_factor=0.500000
rprop_delta_min=0.000000
rprop_delta_max=50.000000
rprop_delta_zero=0.100000
cascade_output_stagnation_epochs=12
cascade_candidate_change_fraction=0.010000
cascade_candidate_stagnation_epochs=12
cascade_max_out_epochs=150
cascade_min_out_epochs=50
cascade_max_cand_epochs=150
cascade_min_cand_epochs=50
cascade_num_candidate_groups=2
bit_fail_limit=3.49999994039535522461e-01
cascade_candidate_limit=1.00000000000000000000e+03
cascade_weight_multiplier=4.00000005960464477539e-01
cascade_activation_functions_count=10
cascade_activation_functions=3 5 7 8 10 11 14 15 16 17 
cascade_activation_steepnesses_count=4
cascade_activation_steepnesses=2.50000000000000000000e-01 5.00000000000000000000e-01 7.50000000000000000000e-01 1.00000000000000000000e+00 
layer_sizes=7 5 3 2 
scale_included=0
neurons (num_inputs, activation_function, activation_steepness)=(0, 0, 0.00000000000000000000e+00) (0, 0, 0.00000000000000000000e+00) (0, 0, 0.00000000000000000000e+00) (0, 0, 0.00000000000000000000e+00) (0, 0, 0.00000000000000000000e+00) (0, 0, 0.00000000000000000000e+00) (0, 0, 0.00000000000000000000e+00) (7, 3, 5.00000000000000000000e-01) (7, 3, 5.00000000000000000000e-01) (7, 3, 5.00000000000000000000e-01) (7, 3, 5.00000000000000000000e-01) (0, 3, 0.00000000000000000000e+00) (5, 3, 5.00000000000000000000e-01) (5, 3, 5.00000000000000000000e-01) (0, 3, 0.00000000000000000000e+00) (3, 0, 5.00000000000000000000e-01) (0, 0, 0.00000000000000000000e+00) 
connections (connected_to_neuron, weight)=(0, 1.50000000000000000000e+03) (1, 1.50000000000000000000e+03) (2, 1.50000000000000000000e+03) (3, -1.50000000000000000000e+03) (4, -1.50000000000000000000e+03) (5, 1.48068225097656250000e+03) (6, 3.68457069396972656250e+01) (0, 2.30594635009765625000e+00) (1, 1.50000000000000000000e+03) (2, -3.05009002685546875000e+02) (3, 1.50000000000000000000e+03) (4, 1.48500000000000000000e+03) (5, 7.57076782226562500000e+02) (6, 1.01817893981933593750e+00) (0, 6.77278995513916015625e-01) (1, -2.32886981964111328125e+01) (2, -1.01875602722167968750e+02) (3, 5.21380996704101562500e+01) (4, -7.05940170288085937500e+01) (5, 1.19046737670898437500e+02) (6, -4.42233428955078125000e+01) (0, -1.40646826171875000000e+03) (1, -1.42131799316406250000e+03) (2, -1.50000000000000000000e+03) (3, 1.50000000000000000000e+03) (4, 1.50000000000000000000e+03) (5, -1.39893212890625000000e+03) (6, -2.71711578369140625000e+02) (7, 1.24196624755859375000e+00) (8, -1.37465238571166992188e-01) (9, -1.71764001250267028809e-01) (10, -3.17245292663574218750e+00) (11, 6.53742030262947082520e-02) (7, 1.34627962112426757812e+00) (8, -3.76520067453384399414e-01) (9, -2.44325923919677734375e+00) (10, -3.90111255645751953125e+00) (11, -4.72920686006546020508e-01) (12, 1.39725804328918457031e-01) (13, -1.65769144892692565918e-01) (14, 4.48665115982294082642e-03) 
