FANN_FLO_2.1
num_layers=3
learning_rate=0.300000
connection_rate=1.000000
network_type=0
learning_momentum=0.000000
training_algorithm=2
train_error_function=1
train_stop_function=0
cascade_output_change_fraction=0.010000
quickprop_decay=-0.000100
quickprop_mu=1.750000
rprop_increase_factor=1.200000
rprop_decrease_factor=0.500000
rprop_delta_min=0.000000
rprop_delta_max=50.000000
rprop_delta_zero=0.100000
cascade_output_stagnation_epochs=12
cascade_candidate_change_fraction=0.010000
cascade_candidate_stagnation_epochs=12
cascade_max_out_epochs=150
cascade_min_out_epochs=50
cascade_max_cand_epochs=150
cascade_min_cand_epochs=50
cascade_num_candidate_groups=2
bit_fail_limit=3.49999994039535522461e-01
cascade_candidate_limit=1.00000000000000000000e+03
cascade_weight_multiplier=4.00000005960464477539e-01
cascade_activation_functions_count=10
cascade_activation_functions=3 5 7 8 10 11 14 15 16 17 
cascade_activation_steepnesses_count=4
cascade_activation_steepnesses=2.50000000000000000000e-01 5.00000000000000000000e-01 7.50000000000000000000e-01 1.00000000000000000000e+00 
layer_sizes=4 9 2 
scale_included=0
neurons (num_inputs, activation_function, activation_steepness)=(0, 0, 0.00000000000000000000e+00) (0, 0, 0.00000000000000000000e+00) (0, 0, 0.00000000000000000000e+00) (0, 0, 0.00000000000000000000e+00) (4, 3, 5.00000000000000000000e-01) (4, 3, 5.00000000000000000000e-01) (4, 3, 5.00000000000000000000e-01) (4, 3, 5.00000000000000000000e-01) (4, 3, 5.00000000000000000000e-01) (4, 3, 5.00000000000000000000e-01) (4, 3, 5.00000000000000000000e-01) (4, 3, 5.00000000000000000000e-01) (0, 3, 0.00000000000000000000e+00) (9, 3, 5.00000000000000000000e-01) (0, 3, 0.00000000000000000000e+00) 
connections (connected_to_neuron, weight)=(0, -2.90861219167709350586e-01) (1, 2.44739389419555664062e+00) (2, -1.08706245422363281250e+01) (3, 4.49671821594238281250e+01) (0, -1.01024532318115234375e+00) (1, 4.43413972854614257812e-01) (2, -9.23193216323852539062e-01) (3, 3.65187621116638183594e+00) (0, -4.70993638038635253906e-01) (1, 2.49900603294372558594e+00) (2, -1.07960147857666015625e+01) (3, 4.33786201477050781250e+01) (0, 1.99024885892868041992e-01) (1, -3.22461202740669250488e-02) (2, 4.13348555564880371094e-01) (3, -4.74180650711059570312e+00) (0, -3.83354127407073974609e-01) (1, 2.46230483055114746094e+00) (2, -1.08159627914428710938e+01) (3, 4.34148063659667968750e+01) (0, -5.95916986465454101562e-01) (1, 3.87571990489959716797e-01) (2, -8.25889766216278076172e-01) (3, 4.30560779571533203125e+00) (0, -1.05586194992065429688e+00) (1, 9.04264569282531738281e-01) (2, -3.96086335182189941406e+00) (3, 8.71846389770507812500e+00) (0, -2.85951644182205200195e-01) (1, 2.45342588424682617188e+00) (2, -1.09118766784667968750e+01) (3, 4.50292320251464843750e+01) (4, -5.95584273338317871094e-01) (5, -3.47251564264297485352e-01) (6, -5.39748728275299072266e-01) (7, 4.08033990859985351562e+00) (8, -5.49374043941497802734e-01) (9, -1.13404655456542968750e+00) (10, -1.30821317434310913086e-01) (11, -5.35545647144317626953e-01) (12, -5.63616871833801269531e-01) 
