FANN_FLO_2.1
num_layers=3
learning_rate=0.300000
connection_rate=1.000000
network_type=0
learning_momentum=0.000000
training_algorithm=2
train_error_function=1
train_stop_function=0
cascade_output_change_fraction=0.010000
quickprop_decay=-0.000100
quickprop_mu=1.750000
rprop_increase_factor=1.200000
rprop_decrease_factor=0.500000
rprop_delta_min=0.000000
rprop_delta_max=50.000000
rprop_delta_zero=0.100000
cascade_output_stagnation_epochs=12
cascade_candidate_change_fraction=0.010000
cascade_candidate_stagnation_epochs=12
cascade_max_out_epochs=150
cascade_min_out_epochs=50
cascade_max_cand_epochs=150
cascade_min_cand_epochs=50
cascade_num_candidate_groups=2
bit_fail_limit=3.49999994039535522461e-01
cascade_candidate_limit=1.00000000000000000000e+03
cascade_weight_multiplier=4.00000005960464477539e-01
cascade_activation_functions_count=10
cascade_activation_functions=3 5 7 8 10 11 14 15 16 17 
cascade_activation_steepnesses_count=4
cascade_activation_steepnesses=2.50000000000000000000e-01 5.00000000000000000000e-01 7.50000000000000000000e-01 1.00000000000000000000e+00 
layer_sizes=4 9 2 
scale_included=0
neurons (num_inputs, activation_function, activation_steepness)=(0, 0, 0.00000000000000000000e+00) (0, 0, 0.00000000000000000000e+00) (0, 0, 0.00000000000000000000e+00) (0, 0, 0.00000000000000000000e+00) (4, 3, 5.00000000000000000000e-01) (4, 3, 5.00000000000000000000e-01) (4, 3, 5.00000000000000000000e-01) (4, 3, 5.00000000000000000000e-01) (4, 3, 5.00000000000000000000e-01) (4, 3, 5.00000000000000000000e-01) (4, 3, 5.00000000000000000000e-01) (4, 3, 5.00000000000000000000e-01) (0, 3, 0.00000000000000000000e+00) (9, 3, 5.00000000000000000000e-01) (0, 3, 0.00000000000000000000e+00) 
connections (connected_to_neuron, weight)=(0, -1.98390826582908630371e-01) (1, 6.14176616072654724121e-02) (2, -2.84098505973815917969e-01) (3, 1.56454253196716308594e+00) (0, -1.79614496231079101562e+00) (1, 9.33937072753906250000e-01) (2, -2.37554407119750976562e+00) (3, 1.81995086669921875000e+01) (0, -2.15534543991088867188e+00) (1, 7.48506724834442138672e-01) (2, -2.38036513328552246094e+00) (3, 1.25630140304565429688e+01) (0, -3.57853531837463378906e-01) (1, 1.42370983958244323730e-01) (2, -3.75996828079223632812e-01) (3, -2.38748684525489807129e-01) (0, -1.43917620182037353516e+00) (1, 9.11291778087615966797e-01) (2, -2.40208625793457031250e+00) (3, 9.73239421844482421875e+00) (0, -1.04491937160491943359e+00) (1, 8.12284231185913085938e-01) (2, -2.54369091987609863281e+00) (3, 9.22349357604980468750e+00) (0, -2.15688157081604003906e+00) (1, 1.01969063282012939453e+00) (2, 1.85595655441284179688e+00) (3, -1.94681148529052734375e+01) (0, -2.23200631141662597656e+00) (1, 9.63980555534362792969e-01) (2, -4.05096578598022460938e+00) (3, 3.58791275024414062500e+01) (4, -9.13736057281494140625e+00) (5, -8.83396789431571960449e-02) (6, -1.91678330302238464355e-01) (7, 3.64740204811096191406e+00) (8, -2.72450000047683715820e-01) (9, -4.00674611330032348633e-01) (10, 3.15038502216339111328e-01) (11, -2.23628938198089599609e-01) (12, 1.00842857360839843750e+00) 
