FANN_FLO_2.1
num_layers=4
learning_rate=0.450000
connection_rate=1.000000
network_type=0
learning_momentum=0.000000
training_algorithm=2
train_error_function=1
train_stop_function=0
cascade_output_change_fraction=0.010000
quickprop_decay=-0.000100
quickprop_mu=1.750000
rprop_increase_factor=1.200000
rprop_decrease_factor=0.500000
rprop_delta_min=0.000000
rprop_delta_max=50.000000
rprop_delta_zero=0.100000
cascade_output_stagnation_epochs=12
cascade_candidate_change_fraction=0.010000
cascade_candidate_stagnation_epochs=12
cascade_max_out_epochs=150
cascade_min_out_epochs=50
cascade_max_cand_epochs=150
cascade_min_cand_epochs=50
cascade_num_candidate_groups=2
bit_fail_limit=3.49999994039535522461e-01
cascade_candidate_limit=1.00000000000000000000e+03
cascade_weight_multiplier=4.00000005960464477539e-01
cascade_activation_functions_count=10
cascade_activation_functions=3 5 7 8 10 11 14 15 16 17 
cascade_activation_steepnesses_count=4
cascade_activation_steepnesses=2.50000000000000000000e-01 5.00000000000000000000e-01 7.50000000000000000000e-01 1.00000000000000000000e+00 
layer_sizes=7 3 3 2 
scale_included=0
neurons (num_inputs, activation_function, activation_steepness)=(0, 0, 0.00000000000000000000e+00) (0, 0, 0.00000000000000000000e+00) (0, 0, 0.00000000000000000000e+00) (0, 0, 0.00000000000000000000e+00) (0, 0, 0.00000000000000000000e+00) (0, 0, 0.00000000000000000000e+00) (0, 0, 0.00000000000000000000e+00) (7, 3, 5.00000000000000000000e-01) (7, 3, 5.00000000000000000000e-01) (0, 3, 0.00000000000000000000e+00) (3, 3, 5.00000000000000000000e-01) (3, 3, 5.00000000000000000000e-01) (0, 3, 0.00000000000000000000e+00) (3, 0, 5.00000000000000000000e-01) (0, 0, 0.00000000000000000000e+00) 
connections (connected_to_neuron, weight)=(0, -7.43861645460128784180e-02) (1, 2.33900761604309082031e+00) (2, -1.16509747505187988281e+00) (3, 9.40987095236778259277e-02) (4, 7.75908410549163818359e-01) (5, -1.04567325115203857422e+00) (6, -1.60516605377197265625e+01) (0, 8.22843134403228759766e-01) (1, 4.56875145435333251953e-01) (2, -1.83189177513122558594e+00) (3, 8.07898283004760742188e-01) (4, 1.19368493556976318359e+00) (5, -1.92149531841278076172e+00) (6, 1.17169797420501708984e+00) (7, -7.19519424438476562500e+01) (8, -1.43806648254394531250e+01) (9, 7.36442184448242187500e+00) (7, 2.74584144353866577148e-01) (8, 8.96171331405639648438e-01) (9, -4.03342038393020629883e-01) (10, 1.96498945355415344238e-01) (11, 5.21276183426380157471e-02) (12, -2.29752510786056518555e-02) 
