FANN_FLO_2.1
num_layers=3
learning_rate=0.500000
connection_rate=1.000000
network_type=0
learning_momentum=0.000000
training_algorithm=2
train_error_function=1
train_stop_function=0
cascade_output_change_fraction=0.010000
quickprop_decay=-0.000100
quickprop_mu=1.750000
rprop_increase_factor=1.200000
rprop_decrease_factor=0.500000
rprop_delta_min=0.000000
rprop_delta_max=50.000000
rprop_delta_zero=0.100000
cascade_output_stagnation_epochs=12
cascade_candidate_change_fraction=0.010000
cascade_candidate_stagnation_epochs=12
cascade_max_out_epochs=150
cascade_min_out_epochs=50
cascade_max_cand_epochs=150
cascade_min_cand_epochs=50
cascade_num_candidate_groups=2
bit_fail_limit=3.49999994039535522461e-01
cascade_candidate_limit=1.00000000000000000000e+03
cascade_weight_multiplier=4.00000005960464477539e-01
cascade_activation_functions_count=10
cascade_activation_functions=3 5 7 8 10 11 14 15 16 17 
cascade_activation_steepnesses_count=4
cascade_activation_steepnesses=2.50000000000000000000e-01 5.00000000000000000000e-01 7.50000000000000000000e-01 1.00000000000000000000e+00 
layer_sizes=3 5 4 
scale_included=0
neurons (num_inputs, activation_function, activation_steepness)=(0, 0, 0.00000000000000000000e+00) (0, 0, 0.00000000000000000000e+00) (0, 0, 0.00000000000000000000e+00) (3, 3, 5.00000000000000000000e-01) (3, 3, 5.00000000000000000000e-01) (3, 3, 5.00000000000000000000e-01) (3, 3, 5.00000000000000000000e-01) (0, 3, 0.00000000000000000000e+00) (5, 0, 5.00000000000000000000e-01) (5, 0, 5.00000000000000000000e-01) (5, 0, 5.00000000000000000000e-01) (0, 0, 0.00000000000000000000e+00) 
connections (connected_to_neuron, weight)=(0, -2.40844478607177734375e+01) (1, 1.76665039062500000000e+01) (2, 1.84669303894042968750e+01) (0, -3.13263940811157226562e+00) (1, -5.14039468765258789062e+00) (2, 1.22639870643615722656e+00) (0, -3.68782281875610351562e+00) (1, 1.38413512706756591797e+00) (2, 8.26469898223876953125e-01) (0, -3.15549087524414062500e+00) (1, -1.33910822868347167969e+00) (2, 1.00597119331359863281e+00) (3, 6.27508521080017089844e-01) (4, 2.20507240295410156250e+00) (5, 3.43577694892883300781e+00) (6, 2.83437967300415039062e+00) (7, 1.42676854133605957031e+00) (3, 4.40944957733154296875e+00) (4, 5.93964481353759765625e+00) (5, 8.36826610565185546875e+00) (6, 8.11934089660644531250e+00) (7, 5.66583204269409179688e+00) (3, 1.67102375030517578125e+01) (4, 1.88271980285644531250e+01) (5, 2.46894779205322265625e+01) (6, 2.66629829406738281250e+01) (7, 2.19871063232421875000e+01) 
