FANN_FLO_2.1
num_layers=3
learning_rate=0.500000
connection_rate=1.000000
network_type=0
learning_momentum=0.000000
training_algorithm=2
train_error_function=1
train_stop_function=0
cascade_output_change_fraction=0.010000
quickprop_decay=-0.000100
quickprop_mu=1.750000
rprop_increase_factor=1.200000
rprop_decrease_factor=0.500000
rprop_delta_min=0.000000
rprop_delta_max=50.000000
rprop_delta_zero=0.100000
cascade_output_stagnation_epochs=12
cascade_candidate_change_fraction=0.010000
cascade_candidate_stagnation_epochs=12
cascade_max_out_epochs=150
cascade_min_out_epochs=50
cascade_max_cand_epochs=150
cascade_min_cand_epochs=50
cascade_num_candidate_groups=2
bit_fail_limit=3.49999994039535522461e-01
cascade_candidate_limit=1.00000000000000000000e+03
cascade_weight_multiplier=4.00000005960464477539e-01
cascade_activation_functions_count=10
cascade_activation_functions=3 5 7 8 10 11 14 15 16 17 
cascade_activation_steepnesses_count=4
cascade_activation_steepnesses=2.50000000000000000000e-01 5.00000000000000000000e-01 7.50000000000000000000e-01 1.00000000000000000000e+00 
layer_sizes=7 9 2 
scale_included=0
neurons (num_inputs, activation_function, activation_steepness)=(0, 0, 0.00000000000000000000e+00) (0, 0, 0.00000000000000000000e+00) (0, 0, 0.00000000000000000000e+00) (0, 0, 0.00000000000000000000e+00) (0, 0, 0.00000000000000000000e+00) (0, 0, 0.00000000000000000000e+00) (0, 0, 0.00000000000000000000e+00) (7, 3, 5.00000000000000000000e-01) (7, 3, 5.00000000000000000000e-01) (7, 3, 5.00000000000000000000e-01) (7, 3, 5.00000000000000000000e-01) (7, 3, 5.00000000000000000000e-01) (7, 3, 5.00000000000000000000e-01) (7, 3, 5.00000000000000000000e-01) (7, 3, 5.00000000000000000000e-01) (0, 3, 0.00000000000000000000e+00) (9, 0, 5.00000000000000000000e-01) (0, 0, 0.00000000000000000000e+00) 
connections (connected_to_neuron, weight)=(0, 1.50000000000000000000e+03) (1, 1.11722387695312500000e+03) (2, -5.80861949920654296875e+00) (3, 1.50000000000000000000e+03) (4, 1.50000000000000000000e+03) (5, -8.93156066894531250000e+02) (6, 8.47719132900238037109e-01) (0, 1.44610214233398437500e+00) (1, -6.48203492164611816406e-01) (2, -4.93349641561508178711e-01) (3, -1.00724182128906250000e+01) (4, 2.65590500831604003906e+00) (5, -1.20140135288238525391e+00) (6, -7.22651302814483642578e-01) (0, 9.54569724854081869125e-04) (1, -4.34840649366378784180e-01) (2, 3.89261096715927124023e-01) (3, 3.63979339599609375000e-02) (4, -2.53829926252365112305e-01) (5, 2.45169624686241149902e-01) (6, -2.62272357940673828125e+00) (0, 1.50000000000000000000e+03) (1, 1.11724072265625000000e+03) (2, -5.79621028900146484375e+00) (3, 1.50000000000000000000e+03) (4, 1.50000000000000000000e+03) (5, -8.93232360839843750000e+02) (6, 1.10109090805053710938e+00) (0, -1.46234864369034767151e-02) (1, 8.49344611167907714844e-01) (2, 2.11033210158348083496e-01) (3, -2.57888108491897583008e-01) (4, 1.37381243705749511719e+00) (5, -8.45995917916297912598e-03) (6, 5.62455296516418457031e-01) (0, -1.68253307342529296875e+01) (1, 1.18323814868927001953e+00) (2, 3.25710906982421875000e+01) (3, -5.23624534606933593750e+01) (4, -2.15732574462890625000e+01) (5, 1.52744026184082031250e+01) (6, -9.16565656661987304688e-02) (0, 5.74246235191822052002e-02) (1, 2.43715732358396053314e-03) (2, 3.29207897186279296875e-01) (3, -4.93159413337707519531e-01) (4, 3.67347788810729980469e+00) (5, -6.46256431937217712402e-02) (6, 1.12508431077003479004e-01) (0, -1.13985396921634674072e-01) (1, 1.93477332592010498047e+00) (2, 1.40661001205444335938e-01) (3, -3.31194162368774414062e-01) (4, 8.94725739955902099609e-01) (5, 5.99654912948608398438e-01) (6, 5.09750247001647949219e-01) (7, 4.92656588554382324219e-01) (8, 9.38008073717355728149e-04) (9, 4.21796768903732299805e-01) (10, 5.05975663661956787109e-01) (11, -1.51557371020317077637e-01) (12, -6.39247223734855651855e-02) (13, -5.83122551441192626953e-01) (14, -3.33126991987228393555e-01) (15, 9.48128774762153625488e-02) 
