FANN_FLO_2.1
num_layers=3
learning_rate=0.400000
connection_rate=1.000000
network_type=0
learning_momentum=0.000000
training_algorithm=2
train_error_function=1
train_stop_function=0
cascade_output_change_fraction=0.010000
quickprop_decay=-0.000100
quickprop_mu=1.750000
rprop_increase_factor=1.200000
rprop_decrease_factor=0.500000
rprop_delta_min=0.000000
rprop_delta_max=50.000000
rprop_delta_zero=0.100000
cascade_output_stagnation_epochs=12
cascade_candidate_change_fraction=0.010000
cascade_candidate_stagnation_epochs=12
cascade_max_out_epochs=150
cascade_min_out_epochs=50
cascade_max_cand_epochs=150
cascade_min_cand_epochs=50
cascade_num_candidate_groups=2
bit_fail_limit=3.49999994039535522461e-01
cascade_candidate_limit=1.00000000000000000000e+03
cascade_weight_multiplier=4.00000005960464477539e-01
cascade_activation_functions_count=10
cascade_activation_functions=3 5 7 8 10 11 14 15 16 17 
cascade_activation_steepnesses_count=4
cascade_activation_steepnesses=2.50000000000000000000e-01 5.00000000000000000000e-01 7.50000000000000000000e-01 1.00000000000000000000e+00 
layer_sizes=6 5 2 
scale_included=0
neurons (num_inputs, activation_function, activation_steepness)=(0, 0, 0.00000000000000000000e+00) (0, 0, 0.00000000000000000000e+00) (0, 0, 0.00000000000000000000e+00) (0, 0, 0.00000000000000000000e+00) (0, 0, 0.00000000000000000000e+00) (0, 0, 0.00000000000000000000e+00) (6, 3, 5.00000000000000000000e-01) (6, 3, 5.00000000000000000000e-01) (6, 3, 5.00000000000000000000e-01) (6, 3, 5.00000000000000000000e-01) (0, 3, 0.00000000000000000000e+00) (5, 0, 5.00000000000000000000e-01) (0, 0, 0.00000000000000000000e+00) 
connections (connected_to_neuron, weight)=(0, -1.50000000000000000000e+03) (1, -4.26258420944213867188e+00) (2, 1.53506743907928466797e+00) (3, -1.25675702095031738281e+00) (4, -1.00319015979766845703e+00) (5, -2.99924755096435546875e+00) (0, -4.64561176300048828125e+00) (1, -8.21250498294830322266e-01) (2, -1.11454546451568603516e-01) (3, -1.43668675422668457031e+00) (4, 2.07400187849998474121e-01) (5, -1.27511584758758544922e+00) (0, -1.50000000000000000000e+03) (1, -1.06603441238403320312e+01) (2, -1.41792941093444824219e+00) (3, -8.81706833839416503906e-01) (4, 3.46428826451301574707e-02) (5, -3.50401818752288818359e-01) (0, -1.50000000000000000000e+03) (1, -1.89502465724945068359e+00) (2, 5.14794349670410156250e-01) (3, -1.61061620712280273438e+00) (4, -9.13327857851982116699e-02) (5, -2.86945074796676635742e-01) (6, 2.36839604377746582031e+00) (7, 1.60442018508911132812e+00) (8, 9.16778564453125000000e+00) (9, 7.33937323093414306641e-01) (10, 5.51240324974060058594e-01) 
