FANN_FLO_2.1
num_layers=3
learning_rate=0.450000
connection_rate=1.000000
network_type=0
learning_momentum=0.000000
training_algorithm=2
train_error_function=1
train_stop_function=0
cascade_output_change_fraction=0.010000
quickprop_decay=-0.000100
quickprop_mu=1.750000
rprop_increase_factor=1.200000
rprop_decrease_factor=0.500000
rprop_delta_min=0.000000
rprop_delta_max=50.000000
rprop_delta_zero=0.100000
cascade_output_stagnation_epochs=12
cascade_candidate_change_fraction=0.010000
cascade_candidate_stagnation_epochs=12
cascade_max_out_epochs=150
cascade_min_out_epochs=50
cascade_max_cand_epochs=150
cascade_min_cand_epochs=50
cascade_num_candidate_groups=2
bit_fail_limit=3.49999994039535522461e-01
cascade_candidate_limit=1.00000000000000000000e+03
cascade_weight_multiplier=4.00000005960464477539e-01
cascade_activation_functions_count=10
cascade_activation_functions=3 5 7 8 10 11 14 15 16 17 
cascade_activation_steepnesses_count=4
cascade_activation_steepnesses=2.50000000000000000000e-01 5.00000000000000000000e-01 7.50000000000000000000e-01 1.00000000000000000000e+00 
layer_sizes=7 5 2 
scale_included=0
neurons (num_inputs, activation_function, activation_steepness)=(0, 0, 0.00000000000000000000e+00) (0, 0, 0.00000000000000000000e+00) (0, 0, 0.00000000000000000000e+00) (0, 0, 0.00000000000000000000e+00) (0, 0, 0.00000000000000000000e+00) (0, 0, 0.00000000000000000000e+00) (0, 0, 0.00000000000000000000e+00) (7, 3, 5.00000000000000000000e-01) (7, 3, 5.00000000000000000000e-01) (7, 3, 5.00000000000000000000e-01) (7, 3, 5.00000000000000000000e-01) (0, 3, 0.00000000000000000000e+00) (5, 0, 5.00000000000000000000e-01) (0, 0, 0.00000000000000000000e+00) 
connections (connected_to_neuron, weight)=(0, -1.21563095092773437500e+02) (1, 5.45478534698486328125e+00) (2, -1.46700317382812500000e+03) (3, 7.56146669387817382812e+00) (4, 1.38278417587280273438e+01) (5, 3.11460345983505249023e-01) (6, -1.17858445644378662109e+00) (0, -3.27816314697265625000e+01) (1, -3.17609429359436035156e+00) (2, 5.79887733459472656250e+01) (3, -1.11864181518554687500e+02) (4, -1.53428018093109130859e+00) (5, 9.48555278778076171875e+00) (6, -2.11653143167495727539e-01) (0, -4.82676935195922851562e+00) (1, -6.30980789661407470703e-01) (2, 5.06220483779907226562e+00) (3, -5.43865859508514404297e-01) (4, -3.30424368381500244141e-01) (5, 2.39359426498413085938e+00) (6, -3.68293786048889160156e+00) (0, -7.37781971693038940430e-02) (1, -4.17494475841522216797e-01) (2, 4.61216896772384643555e-01) (3, -6.76587969064712524414e-02) (4, -1.55237466096878051758e-01) (5, 2.68575727939605712891e-01) (6, -2.30475091934204101562e+00) (7, -2.85963775634765625000e+02) (8, -9.21352905273437500000e+02) (9, -3.92841584980487823486e-02) (10, 2.59489804506301879883e-01) (11, 8.81356652826070785522e-03) 
