FANN_FLO_2.1
num_layers=3
learning_rate=0.400000
connection_rate=1.000000
network_type=0
learning_momentum=0.000000
training_algorithm=2
train_error_function=1
train_stop_function=0
cascade_output_change_fraction=0.010000
quickprop_decay=-0.000100
quickprop_mu=1.750000
rprop_increase_factor=1.200000
rprop_decrease_factor=0.500000
rprop_delta_min=0.000000
rprop_delta_max=50.000000
rprop_delta_zero=0.100000
cascade_output_stagnation_epochs=12
cascade_candidate_change_fraction=0.010000
cascade_candidate_stagnation_epochs=12
cascade_max_out_epochs=150
cascade_min_out_epochs=50
cascade_max_cand_epochs=150
cascade_min_cand_epochs=50
cascade_num_candidate_groups=2
bit_fail_limit=3.49999994039535522461e-01
cascade_candidate_limit=1.00000000000000000000e+03
cascade_weight_multiplier=4.00000005960464477539e-01
cascade_activation_functions_count=10
cascade_activation_functions=3 5 7 8 10 11 14 15 16 17 
cascade_activation_steepnesses_count=4
cascade_activation_steepnesses=2.50000000000000000000e-01 5.00000000000000000000e-01 7.50000000000000000000e-01 1.00000000000000000000e+00 
layer_sizes=6 5 2 
scale_included=0
neurons (num_inputs, activation_function, activation_steepness)=(0, 0, 0.00000000000000000000e+00) (0, 0, 0.00000000000000000000e+00) (0, 0, 0.00000000000000000000e+00) (0, 0, 0.00000000000000000000e+00) (0, 0, 0.00000000000000000000e+00) (0, 0, 0.00000000000000000000e+00) (6, 3, 5.00000000000000000000e-01) (6, 3, 5.00000000000000000000e-01) (6, 3, 5.00000000000000000000e-01) (6, 3, 5.00000000000000000000e-01) (0, 3, 0.00000000000000000000e+00) (5, 0, 5.00000000000000000000e-01) (0, 0, 0.00000000000000000000e+00) 
connections (connected_to_neuron, weight)=(0, -1.50000000000000000000e+03) (1, -1.50000000000000000000e+03) (2, 1.78736907958984375000e+02) (3, -7.59854984283447265625e+00) (4, -2.49796920776367187500e+02) (5, 4.38880205154418945312e-01) (0, -1.50000000000000000000e+03) (1, -9.33480529785156250000e+02) (2, 2.33306255340576171875e+01) (3, -2.31897945404052734375e+01) (4, 1.75998287200927734375e+01) (5, 1.62528598308563232422e+00) (0, -1.50000000000000000000e+03) (1, -3.73431277275085449219e+00) (2, 1.51474463939666748047e+00) (3, 1.16521395742893218994e-01) (4, -5.08202254772186279297e-01) (5, 1.83218121528625488281e-01) (0, -1.50000000000000000000e+03) (1, -9.33343933105468750000e+02) (2, 2.33789691925048828125e+01) (3, -2.31487693786621093750e+01) (4, 1.76764621734619140625e+01) (5, 1.59391534328460693359e+00) (6, 2.40451526641845703125e+01) (7, 6.78895521163940429688e+00) (8, 5.20662498474121093750e+00) (9, 6.85112285614013671875e+00) (10, 7.29169011116027832031e-01) 
