FANN_FLO_2.1
num_layers=3
learning_rate=0.300000
connection_rate=1.000000
network_type=0
learning_momentum=0.000000
training_algorithm=2
train_error_function=1
train_stop_function=0
cascade_output_change_fraction=0.010000
quickprop_decay=-0.000100
quickprop_mu=1.750000
rprop_increase_factor=1.200000
rprop_decrease_factor=0.500000
rprop_delta_min=0.000000
rprop_delta_max=50.000000
rprop_delta_zero=0.100000
cascade_output_stagnation_epochs=12
cascade_candidate_change_fraction=0.010000
cascade_candidate_stagnation_epochs=12
cascade_max_out_epochs=150
cascade_min_out_epochs=50
cascade_max_cand_epochs=150
cascade_min_cand_epochs=50
cascade_num_candidate_groups=2
bit_fail_limit=3.49999994039535522461e-01
cascade_candidate_limit=1.00000000000000000000e+03
cascade_weight_multiplier=4.00000005960464477539e-01
cascade_activation_functions_count=10
cascade_activation_functions=3 5 7 8 10 11 14 15 16 17 
cascade_activation_steepnesses_count=4
cascade_activation_steepnesses=2.50000000000000000000e-01 5.00000000000000000000e-01 7.50000000000000000000e-01 1.00000000000000000000e+00 
layer_sizes=4 9 2 
scale_included=0
neurons (num_inputs, activation_function, activation_steepness)=(0, 0, 0.00000000000000000000e+00) (0, 0, 0.00000000000000000000e+00) (0, 0, 0.00000000000000000000e+00) (0, 0, 0.00000000000000000000e+00) (4, 3, 5.00000000000000000000e-01) (4, 3, 5.00000000000000000000e-01) (4, 3, 5.00000000000000000000e-01) (4, 3, 5.00000000000000000000e-01) (4, 3, 5.00000000000000000000e-01) (4, 3, 5.00000000000000000000e-01) (4, 3, 5.00000000000000000000e-01) (4, 3, 5.00000000000000000000e-01) (0, 3, 0.00000000000000000000e+00) (9, 3, 5.00000000000000000000e-01) (0, 3, 0.00000000000000000000e+00) 
connections (connected_to_neuron, weight)=(0, -1.83750736713409423828e+00) (1, 8.27752172946929931641e-01) (2, -1.51159024238586425781e+00) (3, 1.98247737884521484375e+01) (0, -3.16907835006713867188e+00) (1, 9.89363431930541992188e-01) (2, -1.66396701335906982422e+00) (3, 7.03258156776428222656e-01) (0, -1.69949138164520263672e+00) (1, 4.16721552610397338867e-01) (2, -2.45295166969299316406e+00) (3, 3.55582389831542968750e+01) (0, -1.62324249744415283203e+00) (1, 9.40986931324005126953e-01) (2, -1.75626027584075927734e+00) (3, 1.37265300750732421875e+01) (0, -2.15071411132812500000e+01) (1, 8.52427721023559570312e-01) (2, 4.61136102676391601562e+00) (3, -2.18070760369300842285e-01) (0, 3.80933731794357299805e-01) (1, -1.14900454878807067871e-01) (2, 6.58142566680908203125e-01) (3, -9.81518840789794921875e+00) (0, -1.70068100094795227051e-01) (1, 3.05580012500286102295e-02) (2, -3.26986402273178100586e-01) (3, 3.13443827629089355469e+00) (0, -1.88975930213928222656e+00) (1, 8.11935961246490478516e-01) (2, 5.92908561229705810547e-01) (3, -3.63324022293090820312e+00) (4, -8.40844884514808654785e-02) (5, 1.00310347974300384521e-01) (6, -6.92841336131095886230e-02) (7, -1.63274243474006652832e-01) (8, -2.99960851669311523438e+00) (9, 1.07099664211273193359e+00) (10, -5.36507654190063476562e+00) (11, -7.25650936365127563477e-02) (12, 8.91477912664413452148e-02) 
