FANN_FLO_2.1
num_layers=3
learning_rate=0.400000
connection_rate=1.000000
network_type=0
learning_momentum=0.000000
training_algorithm=2
train_error_function=1
train_stop_function=0
cascade_output_change_fraction=0.010000
quickprop_decay=-0.000100
quickprop_mu=1.750000
rprop_increase_factor=1.200000
rprop_decrease_factor=0.500000
rprop_delta_min=0.000000
rprop_delta_max=50.000000
rprop_delta_zero=0.100000
cascade_output_stagnation_epochs=12
cascade_candidate_change_fraction=0.010000
cascade_candidate_stagnation_epochs=12
cascade_max_out_epochs=150
cascade_min_out_epochs=50
cascade_max_cand_epochs=150
cascade_min_cand_epochs=50
cascade_num_candidate_groups=2
bit_fail_limit=3.49999994039535522461e-01
cascade_candidate_limit=1.00000000000000000000e+03
cascade_weight_multiplier=4.00000005960464477539e-01
cascade_activation_functions_count=10
cascade_activation_functions=3 5 7 8 10 11 14 15 16 17 
cascade_activation_steepnesses_count=4
cascade_activation_steepnesses=2.50000000000000000000e-01 5.00000000000000000000e-01 7.50000000000000000000e-01 1.00000000000000000000e+00 
layer_sizes=10 3 2 
scale_included=0
neurons (num_inputs, activation_function, activation_steepness)=(0, 0, 0.00000000000000000000e+00) (0, 0, 0.00000000000000000000e+00) (0, 0, 0.00000000000000000000e+00) (0, 0, 0.00000000000000000000e+00) (0, 0, 0.00000000000000000000e+00) (0, 0, 0.00000000000000000000e+00) (0, 0, 0.00000000000000000000e+00) (0, 0, 0.00000000000000000000e+00) (0, 0, 0.00000000000000000000e+00) (0, 0, 0.00000000000000000000e+00) (10, 3, 5.00000000000000000000e-01) (10, 3, 5.00000000000000000000e-01) (0, 3, 0.00000000000000000000e+00) (3, 3, 5.00000000000000000000e-01) (0, 3, 0.00000000000000000000e+00) 
connections (connected_to_neuron, weight)=(0, 8.04145783185958862305e-02) (1, 1.24051652848720550537e-01) (2, 8.55528563261032104492e-02) (3, 7.83947855234146118164e-02) (4, 1.42780959606170654297e-01) (5, 4.46851849555969238281e-02) (6, -1.84751272201538085938e-01) (7, -2.09445968270301818848e-01) (8, -9.86751541495323181152e-02) (9, 5.06664812564849853516e-02) (0, 3.53760048747062683105e-02) (1, 1.91785544157028198242e-01) (2, 1.46497160196304321289e-01) (3, 2.02029198408126831055e-02) (4, 1.57191306352615356445e-01) (5, 1.85550093650817871094e-01) (6, -5.89828565716743469238e-02) (7, -1.32011666893959045410e-01) (8, -8.99723991751670837402e-02) (9, 1.05174779891967773438e-01) (10, 1.93475663661956787109e-01) (11, 1.94052964448928833008e-01) (12, 8.47289785742759704590e-02) 
