FANN_FLO_2.1
num_layers=4
learning_rate=0.300000
connection_rate=1.000000
network_type=0
learning_momentum=0.000000
training_algorithm=2
train_error_function=1
train_stop_function=0
cascade_output_change_fraction=0.010000
quickprop_decay=-0.000100
quickprop_mu=1.750000
rprop_increase_factor=1.200000
rprop_decrease_factor=0.500000
rprop_delta_min=0.000000
rprop_delta_max=50.000000
rprop_delta_zero=0.100000
cascade_output_stagnation_epochs=12
cascade_candidate_change_fraction=0.010000
cascade_candidate_stagnation_epochs=12
cascade_max_out_epochs=150
cascade_min_out_epochs=50
cascade_max_cand_epochs=150
cascade_min_cand_epochs=50
cascade_num_candidate_groups=2
bit_fail_limit=3.49999994039535522461e-01
cascade_candidate_limit=1.00000000000000000000e+03
cascade_weight_multiplier=4.00000005960464477539e-01
cascade_activation_functions_count=10
cascade_activation_functions=3 5 7 8 10 11 14 15 16 17 
cascade_activation_steepnesses_count=4
cascade_activation_steepnesses=2.50000000000000000000e-01 5.00000000000000000000e-01 7.50000000000000000000e-01 1.00000000000000000000e+00 
layer_sizes=2 5 5 3 
scale_included=0
neurons (num_inputs, activation_function, activation_steepness)=(0, 0, 0.00000000000000000000e+00) (0, 0, 0.00000000000000000000e+00) (2, 3, 5.00000000000000000000e-01) (2, 3, 5.00000000000000000000e-01) (2, 3, 5.00000000000000000000e-01) (2, 3, 5.00000000000000000000e-01) (0, 3, 0.00000000000000000000e+00) (5, 3, 5.00000000000000000000e-01) (5, 3, 5.00000000000000000000e-01) (5, 3, 5.00000000000000000000e-01) (5, 3, 5.00000000000000000000e-01) (0, 3, 0.00000000000000000000e+00) (5, 0, 5.00000000000000000000e-01) (5, 0, 5.00000000000000000000e-01) (0, 0, 0.00000000000000000000e+00) 
connections (connected_to_neuron, weight)=(0, -7.82432496547698974609e-01) (1, -2.73708939552307128906e-01) (0, 1.31665945053100585938e+00) (1, 3.47862768173217773438e+00) (0, -1.58480241894721984863e-01) (1, -5.66795229911804199219e-01) (0, -1.00359869003295898438e+00) (1, -1.83571875095367431641e+00) (2, 3.42423886060714721680e-01) (3, -4.66075241565704345703e-01) (4, 4.01448279619216918945e-01) (5, 1.42986595630645751953e+00) (6, 2.51422107219696044922e-01) (2, 1.90729171037673950195e-01) (3, -2.05923035740852355957e-01) (4, -9.23892669379711151123e-03) (5, 9.09201145172119140625e-01) (6, -3.31037119030952453613e-02) (2, 8.00330519676208496094e-01) (3, -8.98136436939239501953e-01) (4, 7.16877877712249755859e-01) (5, 9.36464190483093261719e-01) (6, 5.52918970584869384766e-01) (2, 4.44908678531646728516e-01) (3, -2.02170372009277343750e+00) (4, 2.05646142363548278809e-01) (5, 5.41840410232543945312e+00) (6, 6.25933799892663955688e-03) (7, 2.85430196672677993774e-02) (8, -1.65118032600730657578e-03) (9, 3.77688705921173095703e-02) (10, 2.55355745553970336914e-01) (11, -2.26689442992210388184e-01) (7, -8.16460609436035156250e-01) (8, -7.63429462909698486328e-01) (9, -3.82653206586837768555e-01) (10, -3.13754498958587646484e-01) (11, -2.31729924678802490234e-01) 
