FANN_FLO_2.1
num_layers=3
learning_rate=0.400000
connection_rate=1.000000
network_type=0
learning_momentum=0.000000
training_algorithm=2
train_error_function=1
train_stop_function=0
cascade_output_change_fraction=0.010000
quickprop_decay=-0.000100
quickprop_mu=1.750000
rprop_increase_factor=1.200000
rprop_decrease_factor=0.500000
rprop_delta_min=0.000000
rprop_delta_max=50.000000
rprop_delta_zero=0.100000
cascade_output_stagnation_epochs=12
cascade_candidate_change_fraction=0.010000
cascade_candidate_stagnation_epochs=12
cascade_max_out_epochs=150
cascade_min_out_epochs=50
cascade_max_cand_epochs=150
cascade_min_cand_epochs=50
cascade_num_candidate_groups=2
bit_fail_limit=3.49999994039535522461e-01
cascade_candidate_limit=1.00000000000000000000e+03
cascade_weight_multiplier=4.00000005960464477539e-01
cascade_activation_functions_count=10
cascade_activation_functions=3 5 7 8 10 11 14 15 16 17 
cascade_activation_steepnesses_count=4
cascade_activation_steepnesses=2.50000000000000000000e-01 5.00000000000000000000e-01 7.50000000000000000000e-01 1.00000000000000000000e+00 
layer_sizes=10 3 2 
scale_included=0
neurons (num_inputs, activation_function, activation_steepness)=(0, 0, 0.00000000000000000000e+00) (0, 0, 0.00000000000000000000e+00) (0, 0, 0.00000000000000000000e+00) (0, 0, 0.00000000000000000000e+00) (0, 0, 0.00000000000000000000e+00) (0, 0, 0.00000000000000000000e+00) (0, 0, 0.00000000000000000000e+00) (0, 0, 0.00000000000000000000e+00) (0, 0, 0.00000000000000000000e+00) (0, 0, 0.00000000000000000000e+00) (10, 3, 5.00000000000000000000e-01) (10, 3, 5.00000000000000000000e-01) (0, 3, 0.00000000000000000000e+00) (3, 3, 5.00000000000000000000e-01) (0, 3, 0.00000000000000000000e+00) 
connections (connected_to_neuron, weight)=(0, 1.84162259101867675781e-01) (1, 1.04437008500099182129e-01) (2, 7.70984590053558349609e-02) (3, 1.27419263124465942383e-01) (4, 4.54118177294731140137e-02) (5, 1.00944429636001586914e-01) (6, 2.06199109554290771484e-01) (7, 1.06070801615715026855e-01) (8, 1.53111815452575683594e-01) (9, 5.70730045437812805176e-02) (0, 1.00372247397899627686e-01) (1, 6.29686862230300903320e-02) (2, 1.15521475672721862793e-01) (3, 2.90155559778213500977e-02) (4, 1.94977134466171264648e-01) (5, 1.61009103059768676758e-01) (6, 1.01712651550769805908e-01) (7, 1.82576149702072143555e-01) (8, 1.48828566074371337891e-01) (9, 1.91876411437988281250e-01) (10, -2.12356641888618469238e-01) (11, -1.83835297822952270508e-01) (12, -8.36391076445579528809e-02) 
