FANN_FLO_2.1
num_layers=4
learning_rate=0.500000
connection_rate=1.000000
network_type=0
learning_momentum=0.000000
training_algorithm=2
train_error_function=1
train_stop_function=0
cascade_output_change_fraction=0.010000
quickprop_decay=-0.000100
quickprop_mu=1.750000
rprop_increase_factor=1.200000
rprop_decrease_factor=0.500000
rprop_delta_min=0.000000
rprop_delta_max=50.000000
rprop_delta_zero=0.100000
cascade_output_stagnation_epochs=12
cascade_candidate_change_fraction=0.010000
cascade_candidate_stagnation_epochs=12
cascade_max_out_epochs=150
cascade_min_out_epochs=50
cascade_max_cand_epochs=150
cascade_min_cand_epochs=50
cascade_num_candidate_groups=2
bit_fail_limit=3.49999994039535522461e-01
cascade_candidate_limit=1.00000000000000000000e+03
cascade_weight_multiplier=4.00000005960464477539e-01
cascade_activation_functions_count=10
cascade_activation_functions=3 5 7 8 10 11 14 15 16 17 
cascade_activation_steepnesses_count=4
cascade_activation_steepnesses=2.50000000000000000000e-01 5.00000000000000000000e-01 7.50000000000000000000e-01 1.00000000000000000000e+00 
layer_sizes=4 5 3 2 
scale_included=0
neurons (num_inputs, activation_function, activation_steepness)=(0, 0, 0.00000000000000000000e+00) (0, 0, 0.00000000000000000000e+00) (0, 0, 0.00000000000000000000e+00) (0, 0, 0.00000000000000000000e+00) (4, 3, 5.00000000000000000000e-01) (4, 3, 5.00000000000000000000e-01) (4, 3, 5.00000000000000000000e-01) (4, 3, 5.00000000000000000000e-01) (0, 3, 0.00000000000000000000e+00) (5, 3, 5.00000000000000000000e-01) (5, 3, 5.00000000000000000000e-01) (0, 3, 0.00000000000000000000e+00) (3, 3, 5.00000000000000000000e-01) (0, 3, 0.00000000000000000000e+00) 
connections (connected_to_neuron, weight)=(0, 7.31048679351806640625e+00) (1, -1.01412372589111328125e+01) (2, 9.94199562072753906250e+00) (3, -3.38439416885375976562e+00) (0, -2.41771626472473144531e+00) (1, -5.73180723190307617188e+00) (2, 2.02866744995117187500e+00) (3, 2.32633948326110839844e+00) (0, -1.65371612548828125000e+02) (1, -1.46552368164062500000e+03) (2, -4.09501934051513671875e+00) (3, 6.11618995666503906250e-01) (0, -1.65418426513671875000e+02) (1, -1.46552368164062500000e+03) (2, -4.16238355636596679688e+00) (3, 7.16184139251708984375e-01) (4, -1.28023366928100585938e+01) (5, 2.36946392059326171875e+01) (6, -1.32428112030029296875e+01) (7, -1.85055809020996093750e+01) (8, 1.63400113582611083984e+00) (4, -1.32587261199951171875e+01) (5, 2.57853202819824218750e+01) (6, -1.87713165283203125000e+01) (7, -1.87928733825683593750e+01) (8, 1.21709573268890380859e+00) (9, -4.97042864561080932617e-01) (10, -4.22257852554321289062e+00) (11, 2.41247010231018066406e+00) 
