FANN_FLO_2.1
num_layers=4
learning_rate=0.450000
connection_rate=1.000000
network_type=0
learning_momentum=0.000000
training_algorithm=2
train_error_function=1
train_stop_function=0
cascade_output_change_fraction=0.010000
quickprop_decay=-0.000100
quickprop_mu=1.750000
rprop_increase_factor=1.200000
rprop_decrease_factor=0.500000
rprop_delta_min=0.000000
rprop_delta_max=50.000000
rprop_delta_zero=0.100000
cascade_output_stagnation_epochs=12
cascade_candidate_change_fraction=0.010000
cascade_candidate_stagnation_epochs=12
cascade_max_out_epochs=150
cascade_min_out_epochs=50
cascade_max_cand_epochs=150
cascade_min_cand_epochs=50
cascade_num_candidate_groups=2
bit_fail_limit=3.49999994039535522461e-01
cascade_candidate_limit=1.00000000000000000000e+03
cascade_weight_multiplier=4.00000005960464477539e-01
cascade_activation_functions_count=10
cascade_activation_functions=3 5 7 8 10 11 14 15 16 17 
cascade_activation_steepnesses_count=4
cascade_activation_steepnesses=2.50000000000000000000e-01 5.00000000000000000000e-01 7.50000000000000000000e-01 1.00000000000000000000e+00 
layer_sizes=7 5 5 2 
scale_included=0
neurons (num_inputs, activation_function, activation_steepness)=(0, 0, 0.00000000000000000000e+00) (0, 0, 0.00000000000000000000e+00) (0, 0, 0.00000000000000000000e+00) (0, 0, 0.00000000000000000000e+00) (0, 0, 0.00000000000000000000e+00) (0, 0, 0.00000000000000000000e+00) (0, 0, 0.00000000000000000000e+00) (7, 3, 5.00000000000000000000e-01) (7, 3, 5.00000000000000000000e-01) (7, 3, 5.00000000000000000000e-01) (7, 3, 5.00000000000000000000e-01) (0, 3, 0.00000000000000000000e+00) (5, 3, 5.00000000000000000000e-01) (5, 3, 5.00000000000000000000e-01) (5, 3, 5.00000000000000000000e-01) (5, 3, 5.00000000000000000000e-01) (0, 3, 0.00000000000000000000e+00) (5, 0, 5.00000000000000000000e-01) (0, 0, 0.00000000000000000000e+00) 
connections (connected_to_neuron, weight)=(0, 3.48634002685546875000e+02) (1, 1.41651684570312500000e+03) (2, 1.13946630859375000000e+03) (3, 1.77257080078125000000e+02) (4, 4.09432434082031250000e+02) (5, -1.19889489746093750000e+03) (6, 3.34622879028320312500e+01) (0, 2.77766525745391845703e-01) (1, -4.03485894203186035156e-01) (2, 6.49514794349670410156e-02) (3, 1.58211901783943176270e-01) (4, -4.97940242290496826172e-01) (5, 2.39394232630729675293e-01) (6, -1.13642847537994384766e+00) (0, 1.40804260253906250000e+03) (1, 1.50000000000000000000e+03) (2, 1.50000000000000000000e+03) (3, 1.44485632324218750000e+03) (4, -1.50000000000000000000e+03) (5, -1.31551196289062500000e+03) (6, 3.77784500122070312500e+01) (0, -1.34405737304687500000e+03) (1, 1.38796154785156250000e+03) (2, -4.46451202392578125000e+02) (3, 1.50000000000000000000e+03) (4, 1.50000000000000000000e+03) (5, 1.50000000000000000000e+03) (6, 1.50000000000000000000e+03) (7, -5.98236441612243652344e-01) (8, 1.47642552852630615234e+00) (9, -1.70914724469184875488e-01) (10, 1.96218356490135192871e-01) (11, -2.22832132130861282349e-02) (7, -5.66378879547119140625e+00) (8, 2.11676101684570312500e+01) (9, -4.26444196701049804688e+00) (10, -3.31390213966369628906e+00) (11, -4.21104860305786132812e+00) (7, -2.33331632614135742188e+00) (8, 2.51332530975341796875e+01) (9, -1.56551110744476318359e+00) (10, -3.45789027214050292969e+00) (11, -1.95100247859954833984e+00) (7, -2.08540487289428710938e+00) (8, 7.07813549041748046875e+00) (9, -7.35353171825408935547e-01) (10, -1.31753373146057128906e+00) (11, -6.42194688320159912109e-01) (12, 1.09679259359836578369e-01) (13, 4.56760317087173461914e-01) (14, 2.92504340410232543945e-01) (15, -6.28347456455230712891e-01) (16, -2.49250754714012145996e-02) 
