FANN_FLO_2.1
num_layers=3
learning_rate=0.300000
connection_rate=1.000000
network_type=0
learning_momentum=0.000000
training_algorithm=2
train_error_function=1
train_stop_function=0
cascade_output_change_fraction=0.010000
quickprop_decay=-0.000100
quickprop_mu=1.750000
rprop_increase_factor=1.200000
rprop_decrease_factor=0.500000
rprop_delta_min=0.000000
rprop_delta_max=50.000000
rprop_delta_zero=0.100000
cascade_output_stagnation_epochs=12
cascade_candidate_change_fraction=0.010000
cascade_candidate_stagnation_epochs=12
cascade_max_out_epochs=150
cascade_min_out_epochs=50
cascade_max_cand_epochs=150
cascade_min_cand_epochs=50
cascade_num_candidate_groups=2
bit_fail_limit=3.49999994039535522461e-01
cascade_candidate_limit=1.00000000000000000000e+03
cascade_weight_multiplier=4.00000005960464477539e-01
cascade_activation_functions_count=10
cascade_activation_functions=3 5 7 8 10 11 14 15 16 17 
cascade_activation_steepnesses_count=4
cascade_activation_steepnesses=2.50000000000000000000e-01 5.00000000000000000000e-01 7.50000000000000000000e-01 1.00000000000000000000e+00 
layer_sizes=4 9 2 
scale_included=0
neurons (num_inputs, activation_function, activation_steepness)=(0, 0, 0.00000000000000000000e+00) (0, 0, 0.00000000000000000000e+00) (0, 0, 0.00000000000000000000e+00) (0, 0, 0.00000000000000000000e+00) (4, 3, 5.00000000000000000000e-01) (4, 3, 5.00000000000000000000e-01) (4, 3, 5.00000000000000000000e-01) (4, 3, 5.00000000000000000000e-01) (4, 3, 5.00000000000000000000e-01) (4, 3, 5.00000000000000000000e-01) (4, 3, 5.00000000000000000000e-01) (4, 3, 5.00000000000000000000e-01) (0, 3, 0.00000000000000000000e+00) (9, 3, 5.00000000000000000000e-01) (0, 3, 0.00000000000000000000e+00) 
connections (connected_to_neuron, weight)=(0, 1.50000000000000000000e+03) (1, 3.03476837158203125000e+02) (2, 1.49999951171875000000e+03) (3, 4.19982254505157470703e-01) (0, -1.85787603259086608887e-01) (1, 3.50419171154499053955e-02) (2, -3.47273409366607666016e-01) (3, 4.08642339706420898438e+00) (0, -1.17877364158630371094e+00) (1, 6.66463553905487060547e-01) (2, -1.51954877376556396484e+00) (3, 8.81913089752197265625e+00) (0, -6.14414310455322265625e+00) (1, 7.37108886241912841797e-01) (2, -5.18589115142822265625e+00) (3, 5.77329754829406738281e-01) (0, -8.90480995178222656250e+00) (1, 4.74088788032531738281e-02) (2, -2.52115249633789062500e+01) (3, -1.46999582648277282715e-02) (0, 1.02946186065673828125e+01) (1, -1.27517180517315864563e-02) (2, -5.66962738037109375000e+01) (3, 2.02234536409378051758e-02) (0, -2.92807292938232421875e+00) (1, 5.43625235557556152344e-01) (2, -6.25743293762207031250e+00) (3, 8.07680189609527587891e-01) (0, -1.72025942802429199219e+00) (1, 6.49162113666534423828e-01) (2, -7.58418273925781250000e+00) (3, 6.18213295936584472656e-01) (4, 4.13398087024688720703e-01) (5, -4.50276470184326171875e+00) (6, -6.05214238166809082031e-01) (7, -3.17973846435546875000e+02) (8, 1.50000000000000000000e+03) (9, -2.07083731889724731445e-01) (10, 7.24234436035156250000e+02) (11, -1.69385864257812500000e+02) (12, 4.37112808227539062500e-01) 
