FANN_FLO_2.1
num_layers=3
learning_rate=0.300000
connection_rate=1.000000
network_type=0
learning_momentum=0.000000
training_algorithm=2
train_error_function=1
train_stop_function=0
cascade_output_change_fraction=0.010000
quickprop_decay=-0.000100
quickprop_mu=1.750000
rprop_increase_factor=1.200000
rprop_decrease_factor=0.500000
rprop_delta_min=0.000000
rprop_delta_max=50.000000
rprop_delta_zero=0.100000
cascade_output_stagnation_epochs=12
cascade_candidate_change_fraction=0.010000
cascade_candidate_stagnation_epochs=12
cascade_max_out_epochs=150
cascade_min_out_epochs=50
cascade_max_cand_epochs=150
cascade_min_cand_epochs=50
cascade_num_candidate_groups=2
bit_fail_limit=3.49999994039535522461e-01
cascade_candidate_limit=1.00000000000000000000e+03
cascade_weight_multiplier=4.00000005960464477539e-01
cascade_activation_functions_count=10
cascade_activation_functions=3 5 7 8 10 11 14 15 16 17 
cascade_activation_steepnesses_count=4
cascade_activation_steepnesses=2.50000000000000000000e-01 5.00000000000000000000e-01 7.50000000000000000000e-01 1.00000000000000000000e+00 
layer_sizes=4 9 2 
scale_included=0
neurons (num_inputs, activation_function, activation_steepness)=(0, 0, 0.00000000000000000000e+00) (0, 0, 0.00000000000000000000e+00) (0, 0, 0.00000000000000000000e+00) (0, 0, 0.00000000000000000000e+00) (4, 3, 5.00000000000000000000e-01) (4, 3, 5.00000000000000000000e-01) (4, 3, 5.00000000000000000000e-01) (4, 3, 5.00000000000000000000e-01) (4, 3, 5.00000000000000000000e-01) (4, 3, 5.00000000000000000000e-01) (4, 3, 5.00000000000000000000e-01) (4, 3, 5.00000000000000000000e-01) (0, 3, 0.00000000000000000000e+00) (9, 3, 5.00000000000000000000e-01) (0, 3, 0.00000000000000000000e+00) 
connections (connected_to_neuron, weight)=(0, -1.73707872629165649414e-01) (1, 1.66643876582384109497e-02) (2, -8.61594438552856445312e-01) (3, 4.69388389587402343750e+00) (0, -4.02215003967285156250e+00) (1, -6.18766471743583679199e-02) (2, 1.28951787948608398438e+01) (3, 1.68851077556610107422e-01) (0, -1.47382915019989013672e+00) (1, 6.92056894302368164062e-01) (2, -2.62049365043640136719e+00) (3, 8.83116304874420166016e-01) (0, -1.16759991645812988281e+00) (1, 7.15192139148712158203e-01) (2, -7.45014953613281250000e+00) (3, 8.57853591442108154297e-01) (0, -1.63158664703369140625e+01) (1, 1.28181293606758117676e-01) (2, -8.32161188125610351562e-01) (3, 2.45783019065856933594e+00) (0, -1.42586648464202880859e+00) (1, 6.32102429866790771484e-01) (2, -3.30526375770568847656e+00) (3, 1.48666584491729736328e+00) (0, -9.49905440211296081543e-03) (1, 1.16491779685020446777e-01) (2, -1.59451580047607421875e+00) (3, 5.93413949012756347656e-01) (0, -9.79118272662162780762e-02) (1, 2.11737304925918579102e-02) (2, -1.57145932316780090332e-01) (3, 2.40573808550834655762e-01) (4, 4.14939594268798828125e+00) (5, 1.31610795855522155762e-01) (6, 3.86722832918167114258e-01) (7, -5.84936179220676422119e-02) (8, -1.50000000000000000000e+03) (9, 6.44606530666351318359e-01) (10, -6.57008886337280273438e-01) (11, -1.78112201690673828125e+01) (12, 1.00354564189910888672e+00) 
