FANN_FLO_2.1
num_layers=4
learning_rate=0.450000
connection_rate=1.000000
network_type=0
learning_momentum=0.000000
training_algorithm=2
train_error_function=1
train_stop_function=0
cascade_output_change_fraction=0.010000
quickprop_decay=-0.000100
quickprop_mu=1.750000
rprop_increase_factor=1.200000
rprop_decrease_factor=0.500000
rprop_delta_min=0.000000
rprop_delta_max=50.000000
rprop_delta_zero=0.100000
cascade_output_stagnation_epochs=12
cascade_candidate_change_fraction=0.010000
cascade_candidate_stagnation_epochs=12
cascade_max_out_epochs=150
cascade_min_out_epochs=50
cascade_max_cand_epochs=150
cascade_min_cand_epochs=50
cascade_num_candidate_groups=2
bit_fail_limit=3.49999994039535522461e-01
cascade_candidate_limit=1.00000000000000000000e+03
cascade_weight_multiplier=4.00000005960464477539e-01
cascade_activation_functions_count=10
cascade_activation_functions=3 5 7 8 10 11 14 15 16 17 
cascade_activation_steepnesses_count=4
cascade_activation_steepnesses=2.50000000000000000000e-01 5.00000000000000000000e-01 7.50000000000000000000e-01 1.00000000000000000000e+00 
layer_sizes=7 5 3 2 
scale_included=0
neurons (num_inputs, activation_function, activation_steepness)=(0, 0, 0.00000000000000000000e+00) (0, 0, 0.00000000000000000000e+00) (0, 0, 0.00000000000000000000e+00) (0, 0, 0.00000000000000000000e+00) (0, 0, 0.00000000000000000000e+00) (0, 0, 0.00000000000000000000e+00) (0, 0, 0.00000000000000000000e+00) (7, 3, 5.00000000000000000000e-01) (7, 3, 5.00000000000000000000e-01) (7, 3, 5.00000000000000000000e-01) (7, 3, 5.00000000000000000000e-01) (0, 3, 0.00000000000000000000e+00) (5, 3, 5.00000000000000000000e-01) (5, 3, 5.00000000000000000000e-01) (0, 3, 0.00000000000000000000e+00) (3, 0, 5.00000000000000000000e-01) (0, 0, 0.00000000000000000000e+00) 
connections (connected_to_neuron, weight)=(0, 6.46102190017700195312e+00) (1, 1.16702783203125000000e+03) (2, 5.86109191894531250000e+02) (3, 1.50000000000000000000e+03) (4, 1.16466247558593750000e+03) (5, 2.79136260986328125000e+02) (6, -2.20351276397705078125e+01) (0, 1.75691497325897216797e+00) (1, 1.62622100830078125000e+02) (2, 5.86109191894531250000e+02) (3, 1.50000000000000000000e+03) (4, 4.39192474365234375000e+02) (5, 2.79136260986328125000e+02) (6, 8.85266959667205810547e-01) (0, 6.64911866188049316406e-02) (1, 1.72484576702117919922e+00) (2, -1.77889263629913330078e+00) (3, 1.16755492985248565674e-01) (4, 2.23508548736572265625e+00) (5, -2.30882453918457031250e+00) (6, 2.28803968429565429688e+00) (0, 9.41919994354248046875e+00) (1, 5.89489877223968505859e-01) (2, -1.39080673217773437500e+02) (3, 1.50000000000000000000e+03) (4, 1.06248259544372558594e+00) (5, 8.38702453613281250000e+02) (6, 7.46769666671752929688e-01) (7, 2.98579812049865722656e+00) (8, 1.00429954528808593750e+01) (9, 1.49999206542968750000e+03) (10, 1.41613244628906250000e+03) (11, 2.97234106063842773438e+00) (7, -1.97780287265777587891e+00) (8, -2.20304226875305175781e+00) (9, 2.65324249267578125000e+02) (10, -2.65772583007812500000e+02) (11, -1.90667152404785156250e+00) (12, -4.88636195659637451172e-02) (13, -1.78668632507324218750e+01) (14, 9.24224629998207092285e-02) 
