FANN_FLO_2.1
num_layers=4
learning_rate=0.450000
connection_rate=1.000000
network_type=0
learning_momentum=0.000000
training_algorithm=2
train_error_function=1
train_stop_function=0
cascade_output_change_fraction=0.010000
quickprop_decay=-0.000100
quickprop_mu=1.750000
rprop_increase_factor=1.200000
rprop_decrease_factor=0.500000
rprop_delta_min=0.000000
rprop_delta_max=50.000000
rprop_delta_zero=0.100000
cascade_output_stagnation_epochs=12
cascade_candidate_change_fraction=0.010000
cascade_candidate_stagnation_epochs=12
cascade_max_out_epochs=150
cascade_min_out_epochs=50
cascade_max_cand_epochs=150
cascade_min_cand_epochs=50
cascade_num_candidate_groups=2
bit_fail_limit=3.49999994039535522461e-01
cascade_candidate_limit=1.00000000000000000000e+03
cascade_weight_multiplier=4.00000005960464477539e-01
cascade_activation_functions_count=10
cascade_activation_functions=3 5 7 8 10 11 14 15 16 17 
cascade_activation_steepnesses_count=4
cascade_activation_steepnesses=2.50000000000000000000e-01 5.00000000000000000000e-01 7.50000000000000000000e-01 1.00000000000000000000e+00 
layer_sizes=7 5 3 2 
scale_included=0
neurons (num_inputs, activation_function, activation_steepness)=(0, 0, 0.00000000000000000000e+00) (0, 0, 0.00000000000000000000e+00) (0, 0, 0.00000000000000000000e+00) (0, 0, 0.00000000000000000000e+00) (0, 0, 0.00000000000000000000e+00) (0, 0, 0.00000000000000000000e+00) (0, 0, 0.00000000000000000000e+00) (7, 3, 5.00000000000000000000e-01) (7, 3, 5.00000000000000000000e-01) (7, 3, 5.00000000000000000000e-01) (7, 3, 5.00000000000000000000e-01) (0, 3, 0.00000000000000000000e+00) (5, 3, 5.00000000000000000000e-01) (5, 3, 5.00000000000000000000e-01) (0, 3, 0.00000000000000000000e+00) (3, 0, 5.00000000000000000000e-01) (0, 0, 0.00000000000000000000e+00) 
connections (connected_to_neuron, weight)=(0, 6.70084178447723388672e-01) (1, 6.76744282245635986328e-01) (2, -1.75605154037475585938e+00) (3, 3.04044574499130249023e-01) (4, 8.13337028026580810547e-01) (5, -9.58506882190704345703e-01) (6, 3.69906663894653320312e+00) (0, 7.77820289134979248047e-01) (1, 9.54946205019950866699e-02) (2, -4.11591604351997375488e-02) (3, 1.55465617775917053223e-01) (4, 2.49125231057405471802e-02) (5, -1.40898454189300537109e+00) (6, 2.36660265922546386719e+00) (0, -1.47290490722656250000e+03) (1, -1.48394555664062500000e+03) (2, -1.41882604980468750000e+03) (3, -1.47306201171875000000e+03) (4, -1.45150622558593750000e+03) (5, -1.43496838378906250000e+03) (6, -4.53654259443283081055e-01) (0, 5.62196016311645507812e-01) (1, 7.21739053726196289062e-01) (2, -1.97396230697631835938e+00) (3, 3.87377858161926269531e-01) (4, 9.36875581741333007812e-01) (5, -8.15841913223266601562e-01) (6, 8.26572418212890625000e-01) (7, 1.08696699142456054688e+01) (8, -9.68576335906982421875e+00) (9, 1.50000000000000000000e+03) (10, -1.01471605300903320312e+01) (11, -4.74541139602661132812e+00) (7, 6.82557535171508789062e+00) (8, -6.84334373474121093750e+00) (9, 1.50000000000000000000e+03) (10, -7.29240465164184570312e+00) (11, -9.35183942317962646484e-01) (12, 4.77749490737915039062e+00) (13, -4.52650696039199829102e-01) (14, 1.35666048154234886169e-02) 
