FANN_FLO_2.1
num_layers=3
learning_rate=0.300000
connection_rate=1.000000
network_type=0
learning_momentum=0.000000
training_algorithm=2
train_error_function=1
train_stop_function=0
cascade_output_change_fraction=0.010000
quickprop_decay=-0.000100
quickprop_mu=1.750000
rprop_increase_factor=1.200000
rprop_decrease_factor=0.500000
rprop_delta_min=0.000000
rprop_delta_max=50.000000
rprop_delta_zero=0.100000
cascade_output_stagnation_epochs=12
cascade_candidate_change_fraction=0.010000
cascade_candidate_stagnation_epochs=12
cascade_max_out_epochs=150
cascade_min_out_epochs=50
cascade_max_cand_epochs=150
cascade_min_cand_epochs=50
cascade_num_candidate_groups=2
bit_fail_limit=3.49999994039535522461e-01
cascade_candidate_limit=1.00000000000000000000e+03
cascade_weight_multiplier=4.00000005960464477539e-01
cascade_activation_functions_count=10
cascade_activation_functions=3 5 7 8 10 11 14 15 16 17 
cascade_activation_steepnesses_count=4
cascade_activation_steepnesses=2.50000000000000000000e-01 5.00000000000000000000e-01 7.50000000000000000000e-01 1.00000000000000000000e+00 
layer_sizes=4 9 2 
scale_included=0
neurons (num_inputs, activation_function, activation_steepness)=(0, 0, 0.00000000000000000000e+00) (0, 0, 0.00000000000000000000e+00) (0, 0, 0.00000000000000000000e+00) (0, 0, 0.00000000000000000000e+00) (4, 3, 5.00000000000000000000e-01) (4, 3, 5.00000000000000000000e-01) (4, 3, 5.00000000000000000000e-01) (4, 3, 5.00000000000000000000e-01) (4, 3, 5.00000000000000000000e-01) (4, 3, 5.00000000000000000000e-01) (4, 3, 5.00000000000000000000e-01) (4, 3, 5.00000000000000000000e-01) (0, 3, 0.00000000000000000000e+00) (9, 3, 5.00000000000000000000e-01) (0, 3, 0.00000000000000000000e+00) 
connections (connected_to_neuron, weight)=(0, -4.56380653381347656250e+00) (1, -2.03545717522501945496e-03) (2, 7.00107955932617187500e+00) (3, 2.91729480028152465820e-01) (0, -1.93595483899116516113e-01) (1, 8.13971236348152160645e-02) (2, -3.64560157060623168945e-01) (3, 3.55076241493225097656e+00) (0, -1.71349450945854187012e-01) (1, 1.13833583891391754150e-02) (2, -1.59804113209247589111e-02) (3, 1.46811747550964355469e+00) (0, -2.89230555295944213867e-01) (1, 1.85238882899284362793e-01) (2, -4.44577842950820922852e-01) (3, 1.75139153003692626953e+00) (0, -1.49872255325317382812e+00) (1, 4.43693727254867553711e-01) (2, 7.85076797008514404297e-01) (3, 5.12378215789794921875e-01) (0, -2.83538150787353515625e+00) (1, 3.98145079612731933594e-01) (2, 2.55361080169677734375e+00) (3, 4.31632310152053833008e-01) (0, -6.13998360931873321533e-02) (1, 3.67113277316093444824e-02) (2, -4.81340557336807250977e-01) (3, 1.18270242214202880859e+00) (0, 1.50000000000000000000e+03) (1, 1.50000000000000000000e+03) (2, 1.50000000000000000000e+03) (3, 6.86751842498779296875e-01) (4, 1.84067174792289733887e-01) (5, -1.37589204311370849609e+00) (6, -6.16757297515869140625e+00) (7, -5.89883178472518920898e-02) (8, 1.45901262760162353516e-01) (9, 3.34777444601058959961e-01) (10, -3.06150531768798828125e+00) (11, 6.27948880195617675781e-01) (12, 5.72853684425354003906e-01) 
