FANN_FLO_2.1
num_layers=4
learning_rate=0.300000
connection_rate=1.000000
network_type=0
learning_momentum=0.000000
training_algorithm=2
train_error_function=1
train_stop_function=0
cascade_output_change_fraction=0.010000
quickprop_decay=-0.000100
quickprop_mu=1.750000
rprop_increase_factor=1.200000
rprop_decrease_factor=0.500000
rprop_delta_min=0.000000
rprop_delta_max=50.000000
rprop_delta_zero=0.100000
cascade_output_stagnation_epochs=12
cascade_candidate_change_fraction=0.010000
cascade_candidate_stagnation_epochs=12
cascade_max_out_epochs=150
cascade_min_out_epochs=50
cascade_max_cand_epochs=150
cascade_min_cand_epochs=50
cascade_num_candidate_groups=2
bit_fail_limit=3.49999994039535522461e-01
cascade_candidate_limit=1.00000000000000000000e+03
cascade_weight_multiplier=4.00000005960464477539e-01
cascade_activation_functions_count=10
cascade_activation_functions=3 5 7 8 10 11 14 15 16 17 
cascade_activation_steepnesses_count=4
cascade_activation_steepnesses=2.50000000000000000000e-01 5.00000000000000000000e-01 7.50000000000000000000e-01 1.00000000000000000000e+00 
layer_sizes=2 5 5 3 
scale_included=0
neurons (num_inputs, activation_function, activation_steepness)=(0, 0, 0.00000000000000000000e+00) (0, 0, 0.00000000000000000000e+00) (2, 3, 5.00000000000000000000e-01) (2, 3, 5.00000000000000000000e-01) (2, 3, 5.00000000000000000000e-01) (2, 3, 5.00000000000000000000e-01) (0, 3, 0.00000000000000000000e+00) (5, 3, 5.00000000000000000000e-01) (5, 3, 5.00000000000000000000e-01) (5, 3, 5.00000000000000000000e-01) (5, 3, 5.00000000000000000000e-01) (0, 3, 0.00000000000000000000e+00) (5, 0, 5.00000000000000000000e-01) (5, 0, 5.00000000000000000000e-01) (0, 0, 0.00000000000000000000e+00) 
connections (connected_to_neuron, weight)=(0, -5.94632568359375000000e+01) (1, -1.05412650108337402344e+00) (0, -4.98016357421875000000e+01) (1, -8.24148893356323242188e-01) (0, -7.45747804641723632812e+00) (1, -4.26314890384674072266e-01) (0, -3.97990155220031738281e+00) (1, 1.22808003425598144531e+00) (2, 4.47953224182128906250e-01) (3, 5.10742664337158203125e-01) (4, 7.45243787765502929688e-01) (5, 1.84733593463897705078e+00) (6, -1.25984799861907958984e+00) (2, 9.15644264221191406250e+00) (3, 3.29913330078125000000e+00) (4, 3.01970076560974121094e+00) (5, 1.25815260410308837891e+00) (6, -7.81898069381713867188e+00) (2, 2.16208529472351074219e+00) (3, 7.24995374679565429688e-01) (4, 7.07517027854919433594e-01) (5, 6.60535991191864013672e-01) (6, -7.55591154098510742188e-01) (2, 2.50693023204803466797e-01) (3, 4.76913332939147949219e-01) (4, 7.99842417240142822266e-01) (5, 1.26897597312927246094e+00) (6, -9.72778439521789550781e-01) (7, 1.02439582347869873047e-01) (8, 1.76235988736152648926e-01) (9, -8.49735960364341735840e-02) (10, 7.77076035737991333008e-02) (11, -2.66848623752593994141e-01) (7, -5.43772339820861816406e-01) (8, -5.24221181869506835938e-01) (9, -5.18474400043487548828e-01) (10, -4.57218676805496215820e-01) (11, -2.98725128173828125000e-01) 
