FANN_FLO_2.1
num_layers=4
learning_rate=0.450000
connection_rate=1.000000
network_type=0
learning_momentum=0.000000
training_algorithm=2
train_error_function=1
train_stop_function=0
cascade_output_change_fraction=0.010000
quickprop_decay=-0.000100
quickprop_mu=1.750000
rprop_increase_factor=1.200000
rprop_decrease_factor=0.500000
rprop_delta_min=0.000000
rprop_delta_max=50.000000
rprop_delta_zero=0.100000
cascade_output_stagnation_epochs=12
cascade_candidate_change_fraction=0.010000
cascade_candidate_stagnation_epochs=12
cascade_max_out_epochs=150
cascade_min_out_epochs=50
cascade_max_cand_epochs=150
cascade_min_cand_epochs=50
cascade_num_candidate_groups=2
bit_fail_limit=3.49999994039535522461e-01
cascade_candidate_limit=1.00000000000000000000e+03
cascade_weight_multiplier=4.00000005960464477539e-01
cascade_activation_functions_count=10
cascade_activation_functions=3 5 7 8 10 11 14 15 16 17 
cascade_activation_steepnesses_count=4
cascade_activation_steepnesses=2.50000000000000000000e-01 5.00000000000000000000e-01 7.50000000000000000000e-01 1.00000000000000000000e+00 
layer_sizes=7 3 3 2 
scale_included=0
neurons (num_inputs, activation_function, activation_steepness)=(0, 0, 0.00000000000000000000e+00) (0, 0, 0.00000000000000000000e+00) (0, 0, 0.00000000000000000000e+00) (0, 0, 0.00000000000000000000e+00) (0, 0, 0.00000000000000000000e+00) (0, 0, 0.00000000000000000000e+00) (0, 0, 0.00000000000000000000e+00) (7, 3, 5.00000000000000000000e-01) (7, 3, 5.00000000000000000000e-01) (0, 3, 0.00000000000000000000e+00) (3, 3, 5.00000000000000000000e-01) (3, 3, 5.00000000000000000000e-01) (0, 3, 0.00000000000000000000e+00) (3, 0, 5.00000000000000000000e-01) (0, 0, 0.00000000000000000000e+00) 
connections (connected_to_neuron, weight)=(0, 2.65610903501510620117e-01) (1, 3.38218522071838378906e+00) (2, -3.43603992462158203125e+00) (3, 1.13824176788330078125e+00) (4, 1.38407993316650390625e+00) (5, -2.61412525177001953125e+00) (6, -2.35940527915954589844e+00) (0, -4.55157531738281250000e+02) (1, 7.46125610351562500000e+02) (2, -7.98331909179687500000e+02) (3, 1.50000000000000000000e+03) (4, 1.17008764648437500000e+03) (5, 1.50000000000000000000e+03) (6, -2.24204727172851562500e+02) (7, -1.54174590110778808594e+00) (8, -3.02833050489425659180e-01) (9, -4.74037081003189086914e-01) (7, 2.32629466056823730469e+00) (8, -3.21467018127441406250e+00) (9, -3.92809247970581054688e+00) (10, 2.64192044734954833984e-01) (11, -2.11850509047508239746e-01) (12, -1.20499124750494956970e-02) 
