FANN_FLO_2.1
num_layers=3
learning_rate=0.500000
connection_rate=1.000000
network_type=0
learning_momentum=0.000000
training_algorithm=2
train_error_function=1
train_stop_function=0
cascade_output_change_fraction=0.010000
quickprop_decay=-0.000100
quickprop_mu=1.750000
rprop_increase_factor=1.200000
rprop_decrease_factor=0.500000
rprop_delta_min=0.000000
rprop_delta_max=50.000000
rprop_delta_zero=0.100000
cascade_output_stagnation_epochs=12
cascade_candidate_change_fraction=0.010000
cascade_candidate_stagnation_epochs=12
cascade_max_out_epochs=150
cascade_min_out_epochs=50
cascade_max_cand_epochs=150
cascade_min_cand_epochs=50
cascade_num_candidate_groups=2
bit_fail_limit=3.49999994039535522461e-01
cascade_candidate_limit=1.00000000000000000000e+03
cascade_weight_multiplier=4.00000005960464477539e-01
cascade_activation_functions_count=10
cascade_activation_functions=3 5 7 8 10 11 14 15 16 17 
cascade_activation_steepnesses_count=4
cascade_activation_steepnesses=2.50000000000000000000e-01 5.00000000000000000000e-01 7.50000000000000000000e-01 1.00000000000000000000e+00 
layer_sizes=7 5 2 
scale_included=0
neurons (num_inputs, activation_function, activation_steepness)=(0, 0, 0.00000000000000000000e+00) (0, 0, 0.00000000000000000000e+00) (0, 0, 0.00000000000000000000e+00) (0, 0, 0.00000000000000000000e+00) (0, 0, 0.00000000000000000000e+00) (0, 0, 0.00000000000000000000e+00) (0, 0, 0.00000000000000000000e+00) (7, 3, 5.00000000000000000000e-01) (7, 3, 5.00000000000000000000e-01) (7, 3, 5.00000000000000000000e-01) (7, 3, 5.00000000000000000000e-01) (0, 3, 0.00000000000000000000e+00) (5, 0, 5.00000000000000000000e-01) (0, 0, 0.00000000000000000000e+00) 
connections (connected_to_neuron, weight)=(0, -7.47285699844360351562e+00) (1, -4.64502048492431640625e+00) (2, 1.50000000000000000000e+03) (3, -1.01581935882568359375e+01) (4, 3.86383857727050781250e+01) (5, -2.36469955444335937500e+01) (6, -1.48527729511260986328e+00) (0, -7.16784968972206115723e-02) (1, -9.19664725661277770996e-02) (2, -3.53231906890869140625e-01) (3, -1.30147531628608703613e-01) (4, 8.57399880886077880859e-01) (5, -2.48474478721618652344e-01) (6, 6.37444853782653808594e-01) (0, 4.41861457824707031250e+01) (1, 9.52637557983398437500e+01) (2, -3.41149688720703125000e+02) (3, 1.08505432128906250000e+03) (4, 1.20446197509765625000e+02) (5, 1.78620391845703125000e+02) (6, -1.48369264602661132812e+00) (0, -1.69789752960205078125e+01) (1, -5.90597724914550781250e+01) (2, 1.71918533325195312500e+02) (3, -5.81988464355468750000e+02) (4, -7.01191329956054687500e+01) (5, -4.51068534851074218750e+01) (6, -1.20814776420593261719e+00) (7, -4.50818328857421875000e+01) (8, -3.49259637296199798584e-02) (9, 4.50856628417968750000e+01) (10, 1.00000000000000000000e+02) (11, 3.36183458566665649414e-02) 
