FANN_FLO_2.1
num_layers=3
learning_rate=0.400000
connection_rate=1.000000
network_type=0
learning_momentum=0.000000
training_algorithm=2
train_error_function=1
train_stop_function=0
cascade_output_change_fraction=0.010000
quickprop_decay=-0.000100
quickprop_mu=1.750000
rprop_increase_factor=1.200000
rprop_decrease_factor=0.500000
rprop_delta_min=0.000000
rprop_delta_max=50.000000
rprop_delta_zero=0.100000
cascade_output_stagnation_epochs=12
cascade_candidate_change_fraction=0.010000
cascade_candidate_stagnation_epochs=12
cascade_max_out_epochs=150
cascade_min_out_epochs=50
cascade_max_cand_epochs=150
cascade_min_cand_epochs=50
cascade_num_candidate_groups=2
bit_fail_limit=3.49999994039535522461e-01
cascade_candidate_limit=1.00000000000000000000e+03
cascade_weight_multiplier=4.00000005960464477539e-01
cascade_activation_functions_count=10
cascade_activation_functions=3 5 7 8 10 11 14 15 16 17 
cascade_activation_steepnesses_count=4
cascade_activation_steepnesses=2.50000000000000000000e-01 5.00000000000000000000e-01 7.50000000000000000000e-01 1.00000000000000000000e+00 
layer_sizes=10 3 2 
scale_included=0
neurons (num_inputs, activation_function, activation_steepness)=(0, 0, 0.00000000000000000000e+00) (0, 0, 0.00000000000000000000e+00) (0, 0, 0.00000000000000000000e+00) (0, 0, 0.00000000000000000000e+00) (0, 0, 0.00000000000000000000e+00) (0, 0, 0.00000000000000000000e+00) (0, 0, 0.00000000000000000000e+00) (0, 0, 0.00000000000000000000e+00) (0, 0, 0.00000000000000000000e+00) (0, 0, 0.00000000000000000000e+00) (10, 3, 5.00000000000000000000e-01) (10, 3, 5.00000000000000000000e-01) (0, 3, 0.00000000000000000000e+00) (3, 3, 5.00000000000000000000e-01) (0, 3, 0.00000000000000000000e+00) 
connections (connected_to_neuron, weight)=(0, -8.18386003375053405762e-02) (1, -9.27440002560615539551e-02) (2, -1.43995583057403564453e-01) (3, -1.54803693294525146484e-01) (4, -2.05902099609375000000e-01) (5, -2.34639570116996765137e-02) (6, -1.87676623463630676270e-01) (7, -1.76204606890678405762e-01) (8, -2.15529635548591613770e-01) (9, -7.88463875651359558105e-02) (0, 1.74676984548568725586e-01) (1, 8.57312902808189392090e-02) (2, 1.56225979328155517578e-01) (3, 1.97418779134750366211e-01) (4, 1.69192194938659667969e-01) (5, 6.48873150348663330078e-02) (6, 1.88769727945327758789e-01) (7, 7.99933224916458129883e-02) (8, 9.55085232853889465332e-02) (9, 8.75394716858863830566e-02) (10, -9.98876094818115234375e-02) (11, -1.60045176744461059570e-01) (12, -1.98364734649658203125e-01) 
