FANN_FLO_2.1
num_layers=3
learning_rate=0.400000
connection_rate=1.000000
network_type=0
learning_momentum=0.000000
training_algorithm=2
train_error_function=1
train_stop_function=0
cascade_output_change_fraction=0.010000
quickprop_decay=-0.000100
quickprop_mu=1.750000
rprop_increase_factor=1.200000
rprop_decrease_factor=0.500000
rprop_delta_min=0.000000
rprop_delta_max=50.000000
rprop_delta_zero=0.100000
cascade_output_stagnation_epochs=12
cascade_candidate_change_fraction=0.010000
cascade_candidate_stagnation_epochs=12
cascade_max_out_epochs=150
cascade_min_out_epochs=50
cascade_max_cand_epochs=150
cascade_min_cand_epochs=50
cascade_num_candidate_groups=2
bit_fail_limit=3.49999994039535522461e-01
cascade_candidate_limit=1.00000000000000000000e+03
cascade_weight_multiplier=4.00000005960464477539e-01
cascade_activation_functions_count=10
cascade_activation_functions=3 5 7 8 10 11 14 15 16 17 
cascade_activation_steepnesses_count=4
cascade_activation_steepnesses=2.50000000000000000000e-01 5.00000000000000000000e-01 7.50000000000000000000e-01 1.00000000000000000000e+00 
layer_sizes=10 3 2 
scale_included=0
neurons (num_inputs, activation_function, activation_steepness)=(0, 0, 0.00000000000000000000e+00) (0, 0, 0.00000000000000000000e+00) (0, 0, 0.00000000000000000000e+00) (0, 0, 0.00000000000000000000e+00) (0, 0, 0.00000000000000000000e+00) (0, 0, 0.00000000000000000000e+00) (0, 0, 0.00000000000000000000e+00) (0, 0, 0.00000000000000000000e+00) (0, 0, 0.00000000000000000000e+00) (0, 0, 0.00000000000000000000e+00) (10, 3, 5.00000000000000000000e-01) (10, 3, 5.00000000000000000000e-01) (0, 3, 0.00000000000000000000e+00) (3, 3, 5.00000000000000000000e-01) (0, 3, 0.00000000000000000000e+00) 
connections (connected_to_neuron, weight)=(0, 7.83813148736953735352e-02) (1, 1.63438826799392700195e-01) (2, 3.73346284031867980957e-02) (3, 1.69622629880905151367e-01) (4, 1.58374488353729248047e-01) (5, 1.30536049604415893555e-01) (6, 1.33165031671524047852e-01) (7, 9.18768197298049926758e-02) (8, 4.74850833415985107422e-02) (9, 1.49414360523223876953e-01) (0, -3.17317619919776916504e-02) (1, -1.50391861796379089355e-01) (2, -1.14172682166099548340e-01) (3, -1.48339405655860900879e-01) (4, -2.09369570016860961914e-01) (5, -1.63449823856353759766e-01) (6, -2.87179872393608093262e-02) (7, -1.35345667600631713867e-01) (8, -4.64925840497016906738e-02) (9, -9.98265594244003295898e-02) (10, 2.11393207311630249023e-01) (11, 1.11946374177932739258e-01) (12, 8.15796256065368652344e-02) 
