FANN_FLO_2.1
num_layers=3
learning_rate=0.500000
connection_rate=1.000000
network_type=0
learning_momentum=0.000000
training_algorithm=2
train_error_function=1
train_stop_function=0
cascade_output_change_fraction=0.010000
quickprop_decay=-0.000100
quickprop_mu=1.750000
rprop_increase_factor=1.200000
rprop_decrease_factor=0.500000
rprop_delta_min=0.000000
rprop_delta_max=50.000000
rprop_delta_zero=0.100000
cascade_output_stagnation_epochs=12
cascade_candidate_change_fraction=0.010000
cascade_candidate_stagnation_epochs=12
cascade_max_out_epochs=150
cascade_min_out_epochs=50
cascade_max_cand_epochs=150
cascade_min_cand_epochs=50
cascade_num_candidate_groups=2
bit_fail_limit=3.49999994039535522461e-01
cascade_candidate_limit=1.00000000000000000000e+03
cascade_weight_multiplier=4.00000005960464477539e-01
cascade_activation_functions_count=10
cascade_activation_functions=3 5 7 8 10 11 14 15 16 17 
cascade_activation_steepnesses_count=4
cascade_activation_steepnesses=2.50000000000000000000e-01 5.00000000000000000000e-01 7.50000000000000000000e-01 1.00000000000000000000e+00 
layer_sizes=7 5 2 
scale_included=0
neurons (num_inputs, activation_function, activation_steepness)=(0, 0, 0.00000000000000000000e+00) (0, 0, 0.00000000000000000000e+00) (0, 0, 0.00000000000000000000e+00) (0, 0, 0.00000000000000000000e+00) (0, 0, 0.00000000000000000000e+00) (0, 0, 0.00000000000000000000e+00) (0, 0, 0.00000000000000000000e+00) (7, 3, 5.00000000000000000000e-01) (7, 3, 5.00000000000000000000e-01) (7, 3, 5.00000000000000000000e-01) (7, 3, 5.00000000000000000000e-01) (0, 3, 0.00000000000000000000e+00) (5, 0, 5.00000000000000000000e-01) (0, 0, 0.00000000000000000000e+00) 
connections (connected_to_neuron, weight)=(0, -4.07708138227462768555e-01) (1, -2.83352397382259368896e-02) (2, 3.69867968559265136719e+00) (3, -1.21259760856628417969e+00) (4, -9.05718803405761718750e-01) (5, -8.95444214344024658203e-01) (6, -6.46256029605865478516e-01) (0, 5.82999140024185180664e-02) (1, -2.45831962674856185913e-02) (2, 4.26763862371444702148e-01) (3, 1.94696262478828430176e-01) (4, -5.85322678089141845703e-01) (5, 2.24129725247621536255e-02) (6, -1.68105936050415039062e+00) (0, -4.45201730728149414062e+00) (1, -8.89154243469238281250e+00) (2, 5.10921120643615722656e-01) (3, -5.86011199951171875000e+01) (4, -1.79273641109466552734e+00) (5, -1.16704091429710388184e-01) (6, -7.03846588730812072754e-02) (0, -1.58950376510620117188e+00) (1, -2.90898895263671875000e+00) (2, 7.69490897655487060547e-01) (3, -7.27212524414062500000e+01) (4, 1.73467483520507812500e+01) (5, -2.32787057757377624512e-01) (6, -9.74504053592681884766e-02) (7, -1.40872314572334289551e-01) (8, 1.42178267240524291992e-01) (9, 2.89725036621093750000e+02) (10, 5.23265319824218750000e+02) (11, 6.81068422272801399231e-03) 
