FANN_FLO_2.1
num_layers=3
learning_rate=0.400000
connection_rate=1.000000
network_type=0
learning_momentum=0.000000
training_algorithm=2
train_error_function=1
train_stop_function=0
cascade_output_change_fraction=0.010000
quickprop_decay=-0.000100
quickprop_mu=1.750000
rprop_increase_factor=1.200000
rprop_decrease_factor=0.500000
rprop_delta_min=0.000000
rprop_delta_max=50.000000
rprop_delta_zero=0.100000
cascade_output_stagnation_epochs=12
cascade_candidate_change_fraction=0.010000
cascade_candidate_stagnation_epochs=12
cascade_max_out_epochs=150
cascade_min_out_epochs=50
cascade_max_cand_epochs=150
cascade_min_cand_epochs=50
cascade_num_candidate_groups=2
bit_fail_limit=3.49999994039535522461e-01
cascade_candidate_limit=1.00000000000000000000e+03
cascade_weight_multiplier=4.00000005960464477539e-01
cascade_activation_functions_count=10
cascade_activation_functions=3 5 7 8 10 11 14 15 16 17 
cascade_activation_steepnesses_count=4
cascade_activation_steepnesses=2.50000000000000000000e-01 5.00000000000000000000e-01 7.50000000000000000000e-01 1.00000000000000000000e+00 
layer_sizes=10 3 2 
scale_included=0
neurons (num_inputs, activation_function, activation_steepness)=(0, 0, 0.00000000000000000000e+00) (0, 0, 0.00000000000000000000e+00) (0, 0, 0.00000000000000000000e+00) (0, 0, 0.00000000000000000000e+00) (0, 0, 0.00000000000000000000e+00) (0, 0, 0.00000000000000000000e+00) (0, 0, 0.00000000000000000000e+00) (0, 0, 0.00000000000000000000e+00) (0, 0, 0.00000000000000000000e+00) (0, 0, 0.00000000000000000000e+00) (10, 3, 5.00000000000000000000e-01) (10, 3, 5.00000000000000000000e-01) (0, 3, 0.00000000000000000000e+00) (3, 3, 5.00000000000000000000e-01) (0, 3, 0.00000000000000000000e+00) 
connections (connected_to_neuron, weight)=(0, 2.00691670179367065430e-01) (1, 4.84670102596282958984e-02) (2, 1.54373347759246826172e-01) (3, 4.23620343208312988281e-02) (4, 1.44559249281883239746e-01) (5, 1.46111905574798583984e-01) (6, 9.95601043105125427246e-02) (7, 1.62245690822601318359e-01) (8, 1.62054985761642456055e-01) (9, 7.18162953853607177734e-02) (0, -2.12150782346725463867e-01) (1, -5.37701174616813659668e-02) (2, -3.09091582894325256348e-02) (3, -5.05034402012825012207e-02) (4, -7.32916221022605895996e-02) (5, -1.97242185473442077637e-01) (6, -5.37657216191291809082e-02) (7, -2.84650251269340515137e-02) (8, -1.51587754487991333008e-01) (9, -1.04773595929145812988e-01) (10, -2.03747957944869995117e-01) (11, -4.65861484408378601074e-02) (12, -9.37450900673866271973e-02) 
