FANN_FLO_2.1
num_layers=4
learning_rate=0.500000
connection_rate=1.000000
network_type=0
learning_momentum=0.000000
training_algorithm=2
train_error_function=1
train_stop_function=0
cascade_output_change_fraction=0.010000
quickprop_decay=-0.000100
quickprop_mu=1.750000
rprop_increase_factor=1.200000
rprop_decrease_factor=0.500000
rprop_delta_min=0.000000
rprop_delta_max=50.000000
rprop_delta_zero=0.100000
cascade_output_stagnation_epochs=12
cascade_candidate_change_fraction=0.010000
cascade_candidate_stagnation_epochs=12
cascade_max_out_epochs=150
cascade_min_out_epochs=50
cascade_max_cand_epochs=150
cascade_min_cand_epochs=50
cascade_num_candidate_groups=2
bit_fail_limit=3.49999994039535522461e-01
cascade_candidate_limit=1.00000000000000000000e+03
cascade_weight_multiplier=4.00000005960464477539e-01
cascade_activation_functions_count=10
cascade_activation_functions=3 5 7 8 10 11 14 15 16 17 
cascade_activation_steepnesses_count=4
cascade_activation_steepnesses=2.50000000000000000000e-01 5.00000000000000000000e-01 7.50000000000000000000e-01 1.00000000000000000000e+00 
layer_sizes=4 5 3 2 
scale_included=0
neurons (num_inputs, activation_function, activation_steepness)=(0, 0, 0.00000000000000000000e+00) (0, 0, 0.00000000000000000000e+00) (0, 0, 0.00000000000000000000e+00) (0, 0, 0.00000000000000000000e+00) (4, 3, 5.00000000000000000000e-01) (4, 3, 5.00000000000000000000e-01) (4, 3, 5.00000000000000000000e-01) (4, 3, 5.00000000000000000000e-01) (0, 3, 0.00000000000000000000e+00) (5, 3, 5.00000000000000000000e-01) (5, 3, 5.00000000000000000000e-01) (0, 3, 0.00000000000000000000e+00) (3, 3, 5.00000000000000000000e-01) (0, 3, 0.00000000000000000000e+00) 
connections (connected_to_neuron, weight)=(0, -1.81595611572265625000e+00) (1, -9.64203739166259765625e+00) (2, -5.87671816349029541016e-01) (3, 3.54897046089172363281e+00) (0, -1.38142168521881103516e+00) (1, -1.18226299285888671875e+01) (2, 3.37994992733001708984e-01) (3, 3.38901686668395996094e+00) (0, -9.18729972839355468750e+00) (1, 1.86435222625732421875e+00) (2, -8.74593496322631835938e-01) (3, 6.03860139846801757812e+00) (0, -8.48193359375000000000e+01) (1, -3.11087371826171875000e+02) (2, -1.50000000000000000000e+03) (3, 1.58811986446380615234e-01) (4, 1.08254461288452148438e+01) (5, 1.51126585006713867188e+01) (6, 3.62642936706542968750e+01) (7, 1.03175216674804687500e+02) (8, -2.44366569519042968750e+01) (4, 2.00830116271972656250e+01) (5, 1.58277759552001953125e+01) (6, 1.12139883041381835938e+01) (7, -3.63974304199218750000e+01) (8, -1.65166358947753906250e+01) (9, -2.60309743881225585938e+00) (10, -1.43573760986328125000e+00) (11, 1.82638788223266601562e+00) 
