FANN_FLO_2.1
num_layers=4
learning_rate=0.450000
connection_rate=1.000000
network_type=0
learning_momentum=0.000000
training_algorithm=2
train_error_function=1
train_stop_function=0
cascade_output_change_fraction=0.010000
quickprop_decay=-0.000100
quickprop_mu=1.750000
rprop_increase_factor=1.200000
rprop_decrease_factor=0.500000
rprop_delta_min=0.000000
rprop_delta_max=50.000000
rprop_delta_zero=0.100000
cascade_output_stagnation_epochs=12
cascade_candidate_change_fraction=0.010000
cascade_candidate_stagnation_epochs=12
cascade_max_out_epochs=150
cascade_min_out_epochs=50
cascade_max_cand_epochs=150
cascade_min_cand_epochs=50
cascade_num_candidate_groups=2
bit_fail_limit=3.49999994039535522461e-01
cascade_candidate_limit=1.00000000000000000000e+03
cascade_weight_multiplier=4.00000005960464477539e-01
cascade_activation_functions_count=10
cascade_activation_functions=3 5 7 8 10 11 14 15 16 17 
cascade_activation_steepnesses_count=4
cascade_activation_steepnesses=2.50000000000000000000e-01 5.00000000000000000000e-01 7.50000000000000000000e-01 1.00000000000000000000e+00 
layer_sizes=7 5 3 2 
scale_included=0
neurons (num_inputs, activation_function, activation_steepness)=(0, 0, 0.00000000000000000000e+00) (0, 0, 0.00000000000000000000e+00) (0, 0, 0.00000000000000000000e+00) (0, 0, 0.00000000000000000000e+00) (0, 0, 0.00000000000000000000e+00) (0, 0, 0.00000000000000000000e+00) (0, 0, 0.00000000000000000000e+00) (7, 3, 5.00000000000000000000e-01) (7, 3, 5.00000000000000000000e-01) (7, 3, 5.00000000000000000000e-01) (7, 3, 5.00000000000000000000e-01) (0, 3, 0.00000000000000000000e+00) (5, 3, 5.00000000000000000000e-01) (5, 3, 5.00000000000000000000e-01) (0, 3, 0.00000000000000000000e+00) (3, 0, 5.00000000000000000000e-01) (0, 0, 0.00000000000000000000e+00) 
connections (connected_to_neuron, weight)=(0, 1.73323288559913635254e-01) (1, 2.50016182661056518555e-01) (2, 9.05555114150047302246e-02) (3, -1.45117901265621185303e-02) (4, -3.35539042949676513672e-01) (5, -3.06040138006210327148e-01) (6, 6.11948919296264648438e+00) (0, -9.50072426348924636841e-03) (1, 3.08069828897714614868e-02) (2, 6.47342801094055175781e-01) (3, -4.67895492911338806152e-02) (4, -5.90214252471923828125e-01) (5, 8.30382406711578369141e-02) (6, -1.80948328971862792969e+00) (0, 3.53485465049743652344e-01) (1, -2.09591245651245117188e+00) (2, 3.27811670303344726562e+00) (3, 1.62244588136672973633e-01) (4, -3.58378261327743530273e-01) (5, 2.17691451311111450195e-01) (6, -3.25465941429138183594e+00) (0, -6.20758295059204101562e-01) (1, 1.92717182636260986328e+00) (2, 8.83416271209716796875e+00) (3, -1.47857272624969482422e+00) (4, -5.30348598957061767578e-01) (5, -6.99336862564086914062e+00) (6, 1.40547454357147216797e-01) (7, -1.94521629810333251953e+00) (8, -1.47812967300415039062e+01) (9, 9.37506389617919921875e+00) (10, -8.63570308685302734375e+00) (11, -1.24810850620269775391e+00) (7, -1.69434607028961181641e+00) (8, -1.30647647380828857422e+00) (9, 2.57115573883056640625e+01) (10, -1.50000000000000000000e+03) (11, -1.65144515037536621094e+00) (12, -5.80971300601959228516e-01) (13, 5.72396755218505859375e-01) (14, 1.26025797799229621887e-02) 
