FANN_FLO_2.1
num_layers=3
learning_rate=0.500000
connection_rate=1.000000
network_type=0
learning_momentum=0.000000
training_algorithm=2
train_error_function=1
train_stop_function=0
cascade_output_change_fraction=0.010000
quickprop_decay=-0.000100
quickprop_mu=1.750000
rprop_increase_factor=1.200000
rprop_decrease_factor=0.500000
rprop_delta_min=0.000000
rprop_delta_max=50.000000
rprop_delta_zero=0.100000
cascade_output_stagnation_epochs=12
cascade_candidate_change_fraction=0.010000
cascade_candidate_stagnation_epochs=12
cascade_max_out_epochs=150
cascade_min_out_epochs=50
cascade_max_cand_epochs=150
cascade_min_cand_epochs=50
cascade_num_candidate_groups=2
bit_fail_limit=3.49999994039535522461e-01
cascade_candidate_limit=1.00000000000000000000e+03
cascade_weight_multiplier=4.00000005960464477539e-01
cascade_activation_functions_count=10
cascade_activation_functions=3 5 7 8 10 11 14 15 16 17 
cascade_activation_steepnesses_count=4
cascade_activation_steepnesses=2.50000000000000000000e-01 5.00000000000000000000e-01 7.50000000000000000000e-01 1.00000000000000000000e+00 
layer_sizes=7 9 2 
scale_included=0
neurons (num_inputs, activation_function, activation_steepness)=(0, 0, 0.00000000000000000000e+00) (0, 0, 0.00000000000000000000e+00) (0, 0, 0.00000000000000000000e+00) (0, 0, 0.00000000000000000000e+00) (0, 0, 0.00000000000000000000e+00) (0, 0, 0.00000000000000000000e+00) (0, 0, 0.00000000000000000000e+00) (7, 3, 5.00000000000000000000e-01) (7, 3, 5.00000000000000000000e-01) (7, 3, 5.00000000000000000000e-01) (7, 3, 5.00000000000000000000e-01) (7, 3, 5.00000000000000000000e-01) (7, 3, 5.00000000000000000000e-01) (7, 3, 5.00000000000000000000e-01) (7, 3, 5.00000000000000000000e-01) (0, 3, 0.00000000000000000000e+00) (9, 0, 5.00000000000000000000e-01) (0, 0, 0.00000000000000000000e+00) 
connections (connected_to_neuron, weight)=(0, -4.89673793315887451172e-01) (1, 1.43367066979408264160e-01) (2, 3.75296771526336669922e-01) (3, -4.39387083053588867188e-01) (4, 1.00436426699161529541e-01) (5, 4.38106209039688110352e-01) (6, -6.03553593158721923828e-01) (0, -2.19252645969390869141e-01) (1, -2.14774593710899353027e-01) (2, -3.42239350080490112305e-01) (3, 3.30335676670074462891e-01) (4, -1.14981055259704589844e-01) (5, 5.06613552570343017578e-01) (6, 2.00537770986557006836e-01) (0, -7.29394972324371337891e-01) (1, -7.98122346401214599609e-01) (2, -1.31587207317352294922e+00) (3, -2.12308809161186218262e-01) (4, 8.92935156822204589844e-01) (5, 4.75972592830657958984e-01) (6, -6.83003723621368408203e-01) (0, -5.09079635143280029297e-01) (1, -3.34621816873550415039e-01) (2, -1.37519252300262451172e+00) (3, -4.60581183433532714844e-01) (4, 6.96412444114685058594e-01) (5, 2.09096074104309082031e+00) (6, -2.79393911361694335938e+00) (0, -9.91611480712890625000e-02) (1, -2.33872130513191223145e-01) (2, 2.18201309442520141602e-01) (3, -2.08735272288322448730e-01) (4, -2.60705739259719848633e-01) (5, 5.51773369312286376953e-01) (6, -8.45547392964363098145e-02) (0, -3.31321150064468383789e-01) (1, -2.38468095660209655762e-01) (2, -2.91373133659362792969e+00) (3, -3.14964622259140014648e-01) (4, -2.67151212692260742188e+00) (5, -9.38281555175781250000e+02) (6, -2.17429339885711669922e-01) (0, -7.80577659606933593750e-02) (1, -4.76760566234588623047e-01) (2, -8.31349194049835205078e-02) (3, 1.54803276062011718750e-01) (4, 2.76362955570220947266e-01) (5, 5.06193563342094421387e-02) (6, -7.13894441723823547363e-02) (0, -2.01791852712631225586e-01) (1, -2.42107599973678588867e-01) (2, 3.35277616977691650391e-01) (3, 1.51683226227760314941e-01) (4, -4.39314961433410644531e-01) (5, 2.33592852950096130371e-01) (6, -2.91808843612670898438e-01) (7, -2.18937978148460388184e-01) (8, 5.32341599464416503906e-01) (9, 7.55091831088066101074e-02) (10, -2.46148303151130676270e-01) (11, 3.33952844142913818359e-01) (12, 9.10660743713378906250e+00) (13, -4.00720834732055664062e-01) (14, -5.94750642776489257812e-01) (15, 2.33382917940616607666e-02) 
