FANN_FLO_2.1
num_layers=3
learning_rate=0.500000
connection_rate=1.000000
network_type=0
learning_momentum=0.000000
training_algorithm=2
train_error_function=1
train_stop_function=0
cascade_output_change_fraction=0.010000
quickprop_decay=-0.000100
quickprop_mu=1.750000
rprop_increase_factor=1.200000
rprop_decrease_factor=0.500000
rprop_delta_min=0.000000
rprop_delta_max=50.000000
rprop_delta_zero=0.100000
cascade_output_stagnation_epochs=12
cascade_candidate_change_fraction=0.010000
cascade_candidate_stagnation_epochs=12
cascade_max_out_epochs=150
cascade_min_out_epochs=50
cascade_max_cand_epochs=150
cascade_min_cand_epochs=50
cascade_num_candidate_groups=2
bit_fail_limit=3.49999994039535522461e-01
cascade_candidate_limit=1.00000000000000000000e+03
cascade_weight_multiplier=4.00000005960464477539e-01
cascade_activation_functions_count=10
cascade_activation_functions=3 5 7 8 10 11 14 15 16 17 
cascade_activation_steepnesses_count=4
cascade_activation_steepnesses=2.50000000000000000000e-01 5.00000000000000000000e-01 7.50000000000000000000e-01 1.00000000000000000000e+00 
layer_sizes=3 5 4 
scale_included=0
neurons (num_inputs, activation_function, activation_steepness)=(0, 0, 0.00000000000000000000e+00) (0, 0, 0.00000000000000000000e+00) (0, 0, 0.00000000000000000000e+00) (3, 3, 5.00000000000000000000e-01) (3, 3, 5.00000000000000000000e-01) (3, 3, 5.00000000000000000000e-01) (3, 3, 5.00000000000000000000e-01) (0, 3, 0.00000000000000000000e+00) (5, 0, 5.00000000000000000000e-01) (5, 0, 5.00000000000000000000e-01) (5, 0, 5.00000000000000000000e-01) (0, 0, 0.00000000000000000000e+00) 
connections (connected_to_neuron, weight)=(0, -1.50000000000000000000e+03) (1, -8.03735290527343750000e+02) (2, 5.37292709350585937500e+01) (0, -1.79835243225097656250e+01) (1, 7.26348114013671875000e+00) (2, 1.06009244918823242188e+01) (0, -1.50000000000000000000e+03) (1, -3.65300202369689941406e+00) (2, 2.54702110290527343750e+01) (0, -1.50000000000000000000e+03) (1, -1.50000000000000000000e+03) (2, 7.40692186355590820312e+00) (3, 1.39637041091918945312e+00) (4, 2.22546029090881347656e+00) (5, 2.61288499832153320312e+00) (6, 1.74674296379089355469e+00) (7, 2.16905093193054199219e+00) (3, 4.12139320373535156250e+00) (4, 7.84641504287719726562e+00) (5, 6.45477962493896484375e+00) (6, 4.53210306167602539062e+00) (7, 8.15825843811035156250e+00) (3, 1.02967176437377929688e+01) (4, 2.07532138824462890625e+01) (5, 2.45110092163085937500e+01) (6, 1.51487884521484375000e+01) (7, 3.39229087829589843750e+01) 
