FANN_FLO_2.1
num_layers=3
learning_rate=0.500000
connection_rate=1.000000
network_type=0
learning_momentum=0.000000
training_algorithm=2
train_error_function=1
train_stop_function=0
cascade_output_change_fraction=0.010000
quickprop_decay=-0.000100
quickprop_mu=1.750000
rprop_increase_factor=1.200000
rprop_decrease_factor=0.500000
rprop_delta_min=0.000000
rprop_delta_max=50.000000
rprop_delta_zero=0.100000
cascade_output_stagnation_epochs=12
cascade_candidate_change_fraction=0.010000
cascade_candidate_stagnation_epochs=12
cascade_max_out_epochs=150
cascade_min_out_epochs=50
cascade_max_cand_epochs=150
cascade_min_cand_epochs=50
cascade_num_candidate_groups=2
bit_fail_limit=3.49999994039535522461e-01
cascade_candidate_limit=1.00000000000000000000e+03
cascade_weight_multiplier=4.00000005960464477539e-01
cascade_activation_functions_count=10
cascade_activation_functions=3 5 7 8 10 11 14 15 16 17 
cascade_activation_steepnesses_count=4
cascade_activation_steepnesses=2.50000000000000000000e-01 5.00000000000000000000e-01 7.50000000000000000000e-01 1.00000000000000000000e+00 
layer_sizes=7 5 2 
scale_included=0
neurons (num_inputs, activation_function, activation_steepness)=(0, 0, 0.00000000000000000000e+00) (0, 0, 0.00000000000000000000e+00) (0, 0, 0.00000000000000000000e+00) (0, 0, 0.00000000000000000000e+00) (0, 0, 0.00000000000000000000e+00) (0, 0, 0.00000000000000000000e+00) (0, 0, 0.00000000000000000000e+00) (7, 3, 5.00000000000000000000e-01) (7, 3, 5.00000000000000000000e-01) (7, 3, 5.00000000000000000000e-01) (7, 3, 5.00000000000000000000e-01) (0, 3, 0.00000000000000000000e+00) (5, 0, 5.00000000000000000000e-01) (0, 0, 0.00000000000000000000e+00) 
connections (connected_to_neuron, weight)=(0, -6.41446530818939208984e-01) (1, -7.35947723388671875000e+01) (2, -5.40932536125183105469e-01) (3, -6.16861402988433837891e-01) (4, -1.30179882049560546875e+00) (5, 2.33360519409179687500e+01) (6, -5.84894120693206787109e-01) (0, -1.95199921727180480957e-01) (1, -3.66417765617370605469e-01) (2, -6.47280395030975341797e-01) (3, 3.44983376562595367432e-02) (4, 1.25768029689788818359e+00) (5, -1.19338206946849822998e-01) (6, 2.32054233551025390625e+00) (0, 4.16613310575485229492e-01) (1, 2.47385771945118904114e-03) (2, 5.81200122833251953125e-01) (3, -3.60991269350051879883e-01) (4, -5.75397431850433349609e-01) (5, -3.85413542389869689941e-02) (6, -2.06440806388854980469e+00) (0, 1.41233968734741210938e+00) (1, -4.74398803710937500000e+01) (2, -5.29686331748962402344e-01) (3, -3.21183919906616210938e-01) (4, 3.11056017875671386719e-01) (5, -8.45828613281250000000e+02) (6, -6.34534537792205810547e-01) (7, -1.15793002769351005554e-02) (8, -3.23989838361740112305e-01) (9, -3.42363238334655761719e-01) (10, -1.52844944000244140625e+01) (11, 3.34753572940826416016e-01) 
