FANN_FLO_2.1
num_layers=3
learning_rate=0.300000
connection_rate=1.000000
network_type=0
learning_momentum=0.000000
training_algorithm=2
train_error_function=1
train_stop_function=0
cascade_output_change_fraction=0.010000
quickprop_decay=-0.000100
quickprop_mu=1.750000
rprop_increase_factor=1.200000
rprop_decrease_factor=0.500000
rprop_delta_min=0.000000
rprop_delta_max=50.000000
rprop_delta_zero=0.100000
cascade_output_stagnation_epochs=12
cascade_candidate_change_fraction=0.010000
cascade_candidate_stagnation_epochs=12
cascade_max_out_epochs=150
cascade_min_out_epochs=50
cascade_max_cand_epochs=150
cascade_min_cand_epochs=50
cascade_num_candidate_groups=2
bit_fail_limit=3.49999994039535522461e-01
cascade_candidate_limit=1.00000000000000000000e+03
cascade_weight_multiplier=4.00000005960464477539e-01
cascade_activation_functions_count=10
cascade_activation_functions=3 5 7 8 10 11 14 15 16 17 
cascade_activation_steepnesses_count=4
cascade_activation_steepnesses=2.50000000000000000000e-01 5.00000000000000000000e-01 7.50000000000000000000e-01 1.00000000000000000000e+00 
layer_sizes=4 9 2 
scale_included=0
neurons (num_inputs, activation_function, activation_steepness)=(0, 0, 0.00000000000000000000e+00) (0, 0, 0.00000000000000000000e+00) (0, 0, 0.00000000000000000000e+00) (0, 0, 0.00000000000000000000e+00) (4, 3, 5.00000000000000000000e-01) (4, 3, 5.00000000000000000000e-01) (4, 3, 5.00000000000000000000e-01) (4, 3, 5.00000000000000000000e-01) (4, 3, 5.00000000000000000000e-01) (4, 3, 5.00000000000000000000e-01) (4, 3, 5.00000000000000000000e-01) (4, 3, 5.00000000000000000000e-01) (0, 3, 0.00000000000000000000e+00) (9, 3, 5.00000000000000000000e-01) (0, 3, 0.00000000000000000000e+00) 
connections (connected_to_neuron, weight)=(0, -3.62681657075881958008e-01) (1, 1.38047277927398681641e-01) (2, -4.75050419569015502930e-01) (3, 5.99589824676513671875e+00) (0, -5.94008922576904296875e-01) (1, 7.00282216072082519531e-01) (2, -5.17868900299072265625e+00) (3, 1.39297695159912109375e+01) (0, 1.43253326416015625000e+00) (1, 1.20433378219604492188e+01) (2, -2.64345520019531250000e+02) (3, 1.93939328193664550781e-01) (0, -7.82360970973968505859e-01) (1, 7.85661816596984863281e-01) (2, -3.18893527984619140625e+00) (3, 9.06952095031738281250e+00) (0, 1.50000000000000000000e+03) (1, 1.45935278320312500000e+03) (2, 1.50000000000000000000e+03) (3, 7.93259263038635253906e-01) (0, -1.49422913789749145508e-01) (1, 2.15340647846460342407e-02) (2, -2.41726279258728027344e-01) (3, 2.77486705780029296875e+00) (0, -2.96350568532943725586e-01) (1, 6.58603131771087646484e-01) (2, -6.91572141647338867188e+00) (3, 1.02124757766723632812e+01) (0, -1.47428408265113830566e-01) (1, 6.20809912681579589844e-01) (2, -9.34116554260253906250e+00) (3, 8.92850112915039062500e+00) (4, -8.66366863250732421875e-01) (5, -1.04739449918270111084e-01) (6, -1.50000000000000000000e+03) (7, -2.53513783216476440430e-01) (8, 5.26743292808532714844e-01) (9, -5.40773296356201171875e+00) (10, -1.55090630054473876953e-01) (11, -2.81479150056838989258e-01) (12, 6.25507235527038574219e-01) 
