FANN_FLO_2.1
num_layers=3
learning_rate=0.500000
connection_rate=1.000000
network_type=0
learning_momentum=0.000000
training_algorithm=2
train_error_function=1
train_stop_function=0
cascade_output_change_fraction=0.010000
quickprop_decay=-0.000100
quickprop_mu=1.750000
rprop_increase_factor=1.200000
rprop_decrease_factor=0.500000
rprop_delta_min=0.000000
rprop_delta_max=50.000000
rprop_delta_zero=0.100000
cascade_output_stagnation_epochs=12
cascade_candidate_change_fraction=0.010000
cascade_candidate_stagnation_epochs=12
cascade_max_out_epochs=150
cascade_min_out_epochs=50
cascade_max_cand_epochs=150
cascade_min_cand_epochs=50
cascade_num_candidate_groups=2
bit_fail_limit=3.49999994039535522461e-01
cascade_candidate_limit=1.00000000000000000000e+03
cascade_weight_multiplier=4.00000005960464477539e-01
cascade_activation_functions_count=10
cascade_activation_functions=3 5 7 8 10 11 14 15 16 17 
cascade_activation_steepnesses_count=4
cascade_activation_steepnesses=2.50000000000000000000e-01 5.00000000000000000000e-01 7.50000000000000000000e-01 1.00000000000000000000e+00 
layer_sizes=7 5 2 
scale_included=0
neurons (num_inputs, activation_function, activation_steepness)=(0, 0, 0.00000000000000000000e+00) (0, 0, 0.00000000000000000000e+00) (0, 0, 0.00000000000000000000e+00) (0, 0, 0.00000000000000000000e+00) (0, 0, 0.00000000000000000000e+00) (0, 0, 0.00000000000000000000e+00) (0, 0, 0.00000000000000000000e+00) (7, 3, 5.00000000000000000000e-01) (7, 3, 5.00000000000000000000e-01) (7, 3, 5.00000000000000000000e-01) (7, 3, 5.00000000000000000000e-01) (0, 3, 0.00000000000000000000e+00) (5, 0, 5.00000000000000000000e-01) (0, 0, 0.00000000000000000000e+00) 
connections (connected_to_neuron, weight)=(0, 5.46580238342285156250e+01) (1, -4.84849885106086730957e-02) (2, 2.33095474243164062500e+01) (3, 1.19256091308593750000e+03) (4, -9.20800805091857910156e-01) (5, 1.50000000000000000000e+03) (6, 6.42007541656494140625e+00) (0, -2.15722923278808593750e+01) (1, 1.48301684570312500000e+03) (2, -1.33036914062500000000e+03) (3, -2.84812564849853515625e+01) (4, 1.49994262695312500000e+03) (5, -1.27172668457031250000e+03) (6, 5.02448752522468566895e-02) (0, -5.32293200492858886719e-01) (1, -8.84133100509643554688e-01) (2, 3.99771308898925781250e+00) (3, -8.15959200263023376465e-02) (4, 2.63282656669616699219e+00) (5, -1.32825291156768798828e+00) (6, 3.51027607917785644531e+00) (0, 5.45883522033691406250e+01) (1, -1.95724964141845703125e-01) (2, 6.10105781555175781250e+01) (3, 2.34771418571472167969e+00) (4, -2.35196262598037719727e-01) (5, 3.72943153381347656250e+01) (6, 7.38851451873779296875e+00) (7, 3.10469001531600952148e-01) (8, -2.50765252858400344849e-02) (9, -2.36632257699966430664e-01) (10, 2.29179427027702331543e-01) (11, -2.63675957918167114258e-01) 
