FANN_FLO_2.1
num_layers=4
learning_rate=0.300000
connection_rate=1.000000
network_type=0
learning_momentum=0.000000
training_algorithm=2
train_error_function=1
train_stop_function=0
cascade_output_change_fraction=0.010000
quickprop_decay=-0.000100
quickprop_mu=1.750000
rprop_increase_factor=1.200000
rprop_decrease_factor=0.500000
rprop_delta_min=0.000000
rprop_delta_max=50.000000
rprop_delta_zero=0.100000
cascade_output_stagnation_epochs=12
cascade_candidate_change_fraction=0.010000
cascade_candidate_stagnation_epochs=12
cascade_max_out_epochs=150
cascade_min_out_epochs=50
cascade_max_cand_epochs=150
cascade_min_cand_epochs=50
cascade_num_candidate_groups=2
bit_fail_limit=3.49999994039535522461e-01
cascade_candidate_limit=1.00000000000000000000e+03
cascade_weight_multiplier=4.00000005960464477539e-01
cascade_activation_functions_count=10
cascade_activation_functions=3 5 7 8 10 11 14 15 16 17 
cascade_activation_steepnesses_count=4
cascade_activation_steepnesses=2.50000000000000000000e-01 5.00000000000000000000e-01 7.50000000000000000000e-01 1.00000000000000000000e+00 
layer_sizes=2 5 3 3 
scale_included=0
neurons (num_inputs, activation_function, activation_steepness)=(0, 0, 0.00000000000000000000e+00) (0, 0, 0.00000000000000000000e+00) (2, 3, 5.00000000000000000000e-01) (2, 3, 5.00000000000000000000e-01) (2, 3, 5.00000000000000000000e-01) (2, 3, 5.00000000000000000000e-01) (0, 3, 0.00000000000000000000e+00) (5, 3, 5.00000000000000000000e-01) (5, 3, 5.00000000000000000000e-01) (0, 3, 0.00000000000000000000e+00) (3, 0, 5.00000000000000000000e-01) (3, 0, 5.00000000000000000000e-01) (0, 0, 0.00000000000000000000e+00) 
connections (connected_to_neuron, weight)=(0, -2.12000608444213867188e+00) (1, 1.94917130470275878906e+00) (0, -1.81466531753540039062e+00) (1, -5.32380914688110351562e+00) (0, -3.59706020355224609375e+00) (1, -6.87897682189941406250e+00) (0, -5.28613233566284179688e+00) (1, -1.06468658447265625000e+01) (2, 3.05332332849502563477e-01) (3, 8.91610443592071533203e-01) (4, 1.20680177211761474609e+00) (5, 1.56795513629913330078e+00) (6, 5.77248513698577880859e-01) (2, -1.68430364131927490234e+00) (3, -1.23834123611450195312e+01) (4, 7.32191443443298339844e-01) (5, 7.74024772644042968750e+00) (6, -8.50957274436950683594e-01) (7, -2.56528351455926895142e-02) (8, -4.36520799994468688965e-02) (9, -9.98242176137864589691e-04) (7, -9.16438281536102294922e-01) (8, -1.21627652645111083984e+00) (9, -6.13239347934722900391e-01) 
