FANN_FLO_2.1
num_layers=3
learning_rate=0.500000
connection_rate=1.000000
network_type=0
learning_momentum=0.000000
training_algorithm=2
train_error_function=1
train_stop_function=0
cascade_output_change_fraction=0.010000
quickprop_decay=-0.000100
quickprop_mu=1.750000
rprop_increase_factor=1.200000
rprop_decrease_factor=0.500000
rprop_delta_min=0.000000
rprop_delta_max=50.000000
rprop_delta_zero=0.100000
cascade_output_stagnation_epochs=12
cascade_candidate_change_fraction=0.010000
cascade_candidate_stagnation_epochs=12
cascade_max_out_epochs=150
cascade_min_out_epochs=50
cascade_max_cand_epochs=150
cascade_min_cand_epochs=50
cascade_num_candidate_groups=2
bit_fail_limit=3.49999994039535522461e-01
cascade_candidate_limit=1.00000000000000000000e+03
cascade_weight_multiplier=4.00000005960464477539e-01
cascade_activation_functions_count=10
cascade_activation_functions=3 5 7 8 10 11 14 15 16 17 
cascade_activation_steepnesses_count=4
cascade_activation_steepnesses=2.50000000000000000000e-01 5.00000000000000000000e-01 7.50000000000000000000e-01 1.00000000000000000000e+00 
layer_sizes=10 3 2 
scale_included=0
neurons (num_inputs, activation_function, activation_steepness)=(0, 0, 0.00000000000000000000e+00) (0, 0, 0.00000000000000000000e+00) (0, 0, 0.00000000000000000000e+00) (0, 0, 0.00000000000000000000e+00) (0, 0, 0.00000000000000000000e+00) (0, 0, 0.00000000000000000000e+00) (0, 0, 0.00000000000000000000e+00) (0, 0, 0.00000000000000000000e+00) (0, 0, 0.00000000000000000000e+00) (0, 0, 0.00000000000000000000e+00) (10, 3, 5.00000000000000000000e-01) (10, 3, 5.00000000000000000000e-01) (0, 3, 0.00000000000000000000e+00) (3, 3, 5.00000000000000000000e-01) (0, 3, 0.00000000000000000000e+00) 
connections (connected_to_neuron, weight)=(0, -3.58747333288192749023e-01) (1, -4.21789586544036865234e-01) (2, -3.67831617593765258789e-01) (3, -3.99788290262222290039e-01) (4, -3.40694010257720947266e-01) (5, -4.17343437671661376953e-01) (6, -3.71949613094329833984e-01) (7, -4.32861208915710449219e-01) (8, -3.67990642786026000977e-01) (9, 8.72234642505645751953e-01) (0, -5.42477190494537353516e-01) (1, -2.76022255420684814453e-01) (2, -4.08737391233444213867e-01) (3, -1.31126850843429565430e-01) (4, -5.67925572395324707031e-01) (5, -2.11693540215492248535e-01) (6, -1.57580718398094177246e-01) (7, -4.15443629026412963867e-01) (8, -3.35516810417175292969e-01) (9, 3.80649298429489135742e-01) (10, -5.40869188308715820312e+00) (11, -1.97338730096817016602e-01) (12, 1.66619706153869628906e+00) 
