FANN_FLO_2.1
num_layers=4
learning_rate=0.450000
connection_rate=1.000000
network_type=0
learning_momentum=0.000000
training_algorithm=2
train_error_function=1
train_stop_function=0
cascade_output_change_fraction=0.010000
quickprop_decay=-0.000100
quickprop_mu=1.750000
rprop_increase_factor=1.200000
rprop_decrease_factor=0.500000
rprop_delta_min=0.000000
rprop_delta_max=50.000000
rprop_delta_zero=0.100000
cascade_output_stagnation_epochs=12
cascade_candidate_change_fraction=0.010000
cascade_candidate_stagnation_epochs=12
cascade_max_out_epochs=150
cascade_min_out_epochs=50
cascade_max_cand_epochs=150
cascade_min_cand_epochs=50
cascade_num_candidate_groups=2
bit_fail_limit=3.49999994039535522461e-01
cascade_candidate_limit=1.00000000000000000000e+03
cascade_weight_multiplier=4.00000005960464477539e-01
cascade_activation_functions_count=10
cascade_activation_functions=3 5 7 8 10 11 14 15 16 17 
cascade_activation_steepnesses_count=4
cascade_activation_steepnesses=2.50000000000000000000e-01 5.00000000000000000000e-01 7.50000000000000000000e-01 1.00000000000000000000e+00 
layer_sizes=7 5 5 2 
scale_included=0
neurons (num_inputs, activation_function, activation_steepness)=(0, 0, 0.00000000000000000000e+00) (0, 0, 0.00000000000000000000e+00) (0, 0, 0.00000000000000000000e+00) (0, 0, 0.00000000000000000000e+00) (0, 0, 0.00000000000000000000e+00) (0, 0, 0.00000000000000000000e+00) (0, 0, 0.00000000000000000000e+00) (7, 3, 5.00000000000000000000e-01) (7, 3, 5.00000000000000000000e-01) (7, 3, 5.00000000000000000000e-01) (7, 3, 5.00000000000000000000e-01) (0, 3, 0.00000000000000000000e+00) (5, 3, 5.00000000000000000000e-01) (5, 3, 5.00000000000000000000e-01) (5, 3, 5.00000000000000000000e-01) (5, 3, 5.00000000000000000000e-01) (0, 3, 0.00000000000000000000e+00) (5, 0, 5.00000000000000000000e-01) (0, 0, 0.00000000000000000000e+00) 
connections (connected_to_neuron, weight)=(0, 1.31463193893432617188e+00) (1, -1.19683778285980224609e+00) (2, 1.50000000000000000000e+03) (3, 1.54299461841583251953e+00) (4, 5.37470855712890625000e+01) (5, 1.50000000000000000000e+03) (6, 2.82785296440124511719e+00) (0, 2.11403161287307739258e-01) (1, 6.65490210056304931641e-01) (2, -1.03077936172485351562e+00) (3, 4.06120598316192626953e-01) (4, 6.80490553379058837891e-01) (5, -1.04341983795166015625e+00) (6, 2.28618311882019042969e+00) (0, 9.28042054176330566406e-01) (1, 1.61523938179016113281e+00) (2, -3.24043607711791992188e+00) (3, 1.22364366054534912109e+00) (4, 1.73671460151672363281e+00) (5, -2.74022984504699707031e+00) (6, 7.00760221481323242188e+00) (0, 4.44608062505722045898e-01) (1, -2.37503981590270996094e+00) (2, 1.50000000000000000000e+03) (3, 3.37532138824462890625e+00) (4, 4.40955581665039062500e+01) (5, 1.50000000000000000000e+03) (6, 4.81212663650512695312e+00) (7, -4.88749542236328125000e+01) (8, -8.64853210449218750000e+02) (9, 1.81963867187500000000e+02) (10, -2.14753402709960937500e+02) (11, -6.71120643615722656250e+00) (7, -2.44488105177879333496e-01) (8, -3.22285556793212890625e+00) (9, 2.14772272109985351562e+00) (10, -1.42811417579650878906e+00) (11, 2.58302241563796997070e-01) (7, -9.14040088653564453125e-01) (8, -2.82615876197814941406e+00) (9, -6.68106675148010253906e-01) (10, 2.84143209457397460938e+00) (11, -4.40478950738906860352e-01) (7, 9.60289180278778076172e-01) (8, -2.13938802480697631836e-01) (9, 2.23049446940422058105e-01) (10, -1.05679452419281005859e+00) (11, 6.84646546840667724609e-01) (12, 1.50000000000000000000e+03) (13, 2.20011425018310546875e+00) (14, -1.20190009474754333496e-02) (15, -2.06667065620422363281e-01) (16, -2.72618476301431655884e-02) 
