FANN_FLO_2.1
num_layers=3
learning_rate=0.500000
connection_rate=1.000000
network_type=0
learning_momentum=0.000000
training_algorithm=2
train_error_function=1
train_stop_function=0
cascade_output_change_fraction=0.010000
quickprop_decay=-0.000100
quickprop_mu=1.750000
rprop_increase_factor=1.200000
rprop_decrease_factor=0.500000
rprop_delta_min=0.000000
rprop_delta_max=50.000000
rprop_delta_zero=0.100000
cascade_output_stagnation_epochs=12
cascade_candidate_change_fraction=0.010000
cascade_candidate_stagnation_epochs=12
cascade_max_out_epochs=150
cascade_min_out_epochs=50
cascade_max_cand_epochs=150
cascade_min_cand_epochs=50
cascade_num_candidate_groups=2
bit_fail_limit=3.49999994039535522461e-01
cascade_candidate_limit=1.00000000000000000000e+03
cascade_weight_multiplier=4.00000005960464477539e-01
cascade_activation_functions_count=10
cascade_activation_functions=3 5 7 8 10 11 14 15 16 17 
cascade_activation_steepnesses_count=4
cascade_activation_steepnesses=2.50000000000000000000e-01 5.00000000000000000000e-01 7.50000000000000000000e-01 1.00000000000000000000e+00 
layer_sizes=18 3 2 
scale_included=0
neurons (num_inputs, activation_function, activation_steepness)=(0, 0, 0.00000000000000000000e+00) (0, 0, 0.00000000000000000000e+00) (0, 0, 0.00000000000000000000e+00) (0, 0, 0.00000000000000000000e+00) (0, 0, 0.00000000000000000000e+00) (0, 0, 0.00000000000000000000e+00) (0, 0, 0.00000000000000000000e+00) (0, 0, 0.00000000000000000000e+00) (0, 0, 0.00000000000000000000e+00) (0, 0, 0.00000000000000000000e+00) (0, 0, 0.00000000000000000000e+00) (0, 0, 0.00000000000000000000e+00) (0, 0, 0.00000000000000000000e+00) (0, 0, 0.00000000000000000000e+00) (0, 0, 0.00000000000000000000e+00) (0, 0, 0.00000000000000000000e+00) (0, 0, 0.00000000000000000000e+00) (0, 0, 0.00000000000000000000e+00) (18, 3, 5.00000000000000000000e-01) (18, 3, 5.00000000000000000000e-01) (0, 3, 0.00000000000000000000e+00) (3, 0, 5.00000000000000000000e-01) (0, 0, 0.00000000000000000000e+00) 
connections (connected_to_neuron, weight)=(0, 1.50000000000000000000e+03) (1, 1.50000000000000000000e+03) (2, 1.50000000000000000000e+03) (3, 3.88572959899902343750e+01) (4, 3.34077262878417968750e+01) (5, -3.66900558471679687500e+01) (6, -1.28257354736328125000e+02) (7, -1.45762802124023437500e+02) (8, -6.68365554809570312500e+01) (9, 1.16885932922363281250e+02) (10, 2.64871597290039062500e+01) (11, 2.60784873962402343750e+01) (12, 3.74239158630371093750e+01) (13, 2.50360774993896484375e+01) (14, 2.02237758636474609375e+01) (15, 2.63682041168212890625e+01) (16, 7.86022109985351562500e+01) (17, -7.65728831291198730469e-01) (0, 8.17045748233795166016e-01) (1, 9.08195972442626953125e-01) (2, 8.71489167213439941406e-01) (3, 8.41567456722259521484e-01) (4, 8.67246985435485839844e-01) (5, -9.28789436817169189453e-01) (6, -7.96605706214904785156e-01) (7, -8.72645795345306396484e-01) (8, 1.03609502315521240234e-01) (9, 7.16540098190307617188e-01) (10, 9.34180378913879394531e-01) (11, 8.76758635044097900391e-01) (12, 7.49242603778839111328e-01) (13, 1.00107431411743164062e+00) (14, 6.67457163333892822266e-01) (15, 9.46642637252807617188e-01) (16, 8.92001330852508544922e-01) (17, -3.78301215171813964844e+00) (18, 1.34026420116424560547e+00) (19, 1.11239738464355468750e+01) (20, 1.89880537986755371094e+00) 
