FANN_FLO_2.1
num_layers=3
learning_rate=0.500000
connection_rate=1.000000
network_type=0
learning_momentum=0.000000
training_algorithm=2
train_error_function=1
train_stop_function=0
cascade_output_change_fraction=0.010000
quickprop_decay=-0.000100
quickprop_mu=1.750000
rprop_increase_factor=1.200000
rprop_decrease_factor=0.500000
rprop_delta_min=0.000000
rprop_delta_max=50.000000
rprop_delta_zero=0.100000
cascade_output_stagnation_epochs=12
cascade_candidate_change_fraction=0.010000
cascade_candidate_stagnation_epochs=12
cascade_max_out_epochs=150
cascade_min_out_epochs=50
cascade_max_cand_epochs=150
cascade_min_cand_epochs=50
cascade_num_candidate_groups=2
bit_fail_limit=3.49999994039535522461e-01
cascade_candidate_limit=1.00000000000000000000e+03
cascade_weight_multiplier=4.00000005960464477539e-01
cascade_activation_functions_count=10
cascade_activation_functions=3 5 7 8 10 11 14 15 16 17 
cascade_activation_steepnesses_count=4
cascade_activation_steepnesses=2.50000000000000000000e-01 5.00000000000000000000e-01 7.50000000000000000000e-01 1.00000000000000000000e+00 
layer_sizes=7 9 2 
scale_included=0
neurons (num_inputs, activation_function, activation_steepness)=(0, 0, 0.00000000000000000000e+00) (0, 0, 0.00000000000000000000e+00) (0, 0, 0.00000000000000000000e+00) (0, 0, 0.00000000000000000000e+00) (0, 0, 0.00000000000000000000e+00) (0, 0, 0.00000000000000000000e+00) (0, 0, 0.00000000000000000000e+00) (7, 3, 5.00000000000000000000e-01) (7, 3, 5.00000000000000000000e-01) (7, 3, 5.00000000000000000000e-01) (7, 3, 5.00000000000000000000e-01) (7, 3, 5.00000000000000000000e-01) (7, 3, 5.00000000000000000000e-01) (7, 3, 5.00000000000000000000e-01) (7, 3, 5.00000000000000000000e-01) (0, 3, 0.00000000000000000000e+00) (9, 0, 5.00000000000000000000e-01) (0, 0, 0.00000000000000000000e+00) 
connections (connected_to_neuron, weight)=(0, -1.24200534820556640625e+00) (1, 2.11089396476745605469e+00) (2, -1.18644380569458007812e+00) (3, -6.50549173355102539062e-01) (4, 3.84002208709716796875e-01) (5, -1.21929013729095458984e+00) (6, -3.91464400291442871094e+00) (0, 1.89649477601051330566e-01) (1, -4.67400819063186645508e-01) (2, -5.61573386192321777344e-01) (3, -2.17660367488861083984e-01) (4, -1.75826624035835266113e-01) (5, 1.05803620815277099609e+00) (6, -3.36985021829605102539e-01) (0, -1.31467443847656250000e+03) (1, -7.28401947021484375000e+01) (2, -1.18993377685546875000e+01) (3, -1.00501708984375000000e+01) (4, -1.78133831024169921875e+01) (5, 9.89436950683593750000e+01) (6, -5.51660680770874023438e+00) (0, 5.80977678298950195312e-01) (1, -1.17684924602508544922e+00) (2, -9.39853265881538391113e-02) (3, -4.18185114860534667969e-01) (4, -4.23471480607986450195e-01) (5, 2.62818723917007446289e-01) (6, -2.37936332821846008301e-01) (0, -5.73959946632385253906e-02) (1, 4.71000187098979949951e-02) (2, -2.00484273955225944519e-03) (3, 4.18275445699691772461e-02) (4, -9.71673652529716491699e-02) (5, 3.71374376118183135986e-02) (6, 6.78468421101570129395e-02) (0, -3.28555607795715332031e+00) (1, 5.17612314224243164062e+00) (2, -4.29809999465942382812e+00) (3, -2.27055478096008300781e+00) (4, -2.10448250174522399902e-01) (5, 7.88094937801361083984e-01) (6, -3.03764939308166503906e+00) (0, -1.62480473518371582031e+00) (1, 4.66142320632934570312e+00) (2, -6.01288437843322753906e-01) (3, -1.74679052829742431641e+00) (4, -7.44791626930236816406e-01) (5, -1.62746846675872802734e+00) (6, 6.89334332942962646484e-01) (0, -3.93121540546417236328e-02) (1, -2.80365318059921264648e-01) (2, -8.65234792232513427734e-01) (3, -8.70808839797973632812e-01) (4, -6.91412985324859619141e-01) (5, -5.18240988254547119141e-01) (6, -9.06447947025299072266e-01) (7, 2.83097233623266220093e-02) (8, -3.58967259526252746582e-02) (9, -1.81802871704101562500e+02) (10, -1.12840309739112854004e-02) (11, 1.25249579548835754395e-01) (12, -3.75871211290359497070e-02) (13, -2.80734617263078689575e-02) (14, 9.61444556713104248047e-01) (15, -1.31216151639819145203e-02) 
