FANN_FLO_2.1
num_layers=3
learning_rate=0.300000
connection_rate=1.000000
network_type=0
learning_momentum=0.000000
training_algorithm=2
train_error_function=1
train_stop_function=0
cascade_output_change_fraction=0.010000
quickprop_decay=-0.000100
quickprop_mu=1.750000
rprop_increase_factor=1.200000
rprop_decrease_factor=0.500000
rprop_delta_min=0.000000
rprop_delta_max=50.000000
rprop_delta_zero=0.100000
cascade_output_stagnation_epochs=12
cascade_candidate_change_fraction=0.010000
cascade_candidate_stagnation_epochs=12
cascade_max_out_epochs=150
cascade_min_out_epochs=50
cascade_max_cand_epochs=150
cascade_min_cand_epochs=50
cascade_num_candidate_groups=2
bit_fail_limit=3.49999994039535522461e-01
cascade_candidate_limit=1.00000000000000000000e+03
cascade_weight_multiplier=4.00000005960464477539e-01
cascade_activation_functions_count=10
cascade_activation_functions=3 5 7 8 10 11 14 15 16 17 
cascade_activation_steepnesses_count=4
cascade_activation_steepnesses=2.50000000000000000000e-01 5.00000000000000000000e-01 7.50000000000000000000e-01 1.00000000000000000000e+00 
layer_sizes=4 9 2 
scale_included=0
neurons (num_inputs, activation_function, activation_steepness)=(0, 0, 0.00000000000000000000e+00) (0, 0, 0.00000000000000000000e+00) (0, 0, 0.00000000000000000000e+00) (0, 0, 0.00000000000000000000e+00) (4, 3, 5.00000000000000000000e-01) (4, 3, 5.00000000000000000000e-01) (4, 3, 5.00000000000000000000e-01) (4, 3, 5.00000000000000000000e-01) (4, 3, 5.00000000000000000000e-01) (4, 3, 5.00000000000000000000e-01) (4, 3, 5.00000000000000000000e-01) (4, 3, 5.00000000000000000000e-01) (0, 3, 0.00000000000000000000e+00) (9, 3, 5.00000000000000000000e-01) (0, 3, 0.00000000000000000000e+00) 
connections (connected_to_neuron, weight)=(0, -5.05554139614105224609e-01) (1, 1.40680849552154541016e-01) (2, -8.66807281970977783203e-01) (3, 1.38204202651977539062e+01) (0, -1.29142112731933593750e+01) (1, 2.50604391098022460938e-01) (2, -8.02170753479003906250e+00) (3, 2.16185048222541809082e-01) (0, -2.38874220848083496094e+00) (1, 1.79015338420867919922e-01) (2, -9.62366294860839843750e+00) (3, -1.62817060947418212891e-01) (0, 2.32785135507583618164e-01) (1, -9.49851796030998229980e-02) (2, -7.74341630935668945312e+00) (3, 3.48152130842208862305e-01) (0, -5.60949027538299560547e-01) (1, 1.19741477072238922119e-01) (2, -1.19879341125488281250e+00) (3, 1.46469964981079101562e+01) (0, 1.51708865165710449219e+00) (1, -5.75611412525177001953e-01) (2, -3.80433106422424316406e+00) (3, -2.51630306243896484375e-01) (0, -3.47015202045440673828e-01) (1, 5.69296479225158691406e-02) (2, -6.50985896587371826172e-01) (3, 5.70813751220703125000e+00) (0, -1.41211473941802978516e+00) (1, 6.14139795303344726562e-01) (2, -9.49580550193786621094e-01) (3, 6.84250545501708984375e+00) (4, -1.48525679111480712891e+00) (5, -1.50000000000000000000e+03) (6, -1.50000000000000000000e+03) (7, -1.50000000000000000000e+03) (8, -1.10935854911804199219e+00) (9, -5.76981544494628906250e+00) (10, -3.66159319877624511719e+00) (11, -1.02964989840984344482e-01) (12, 8.88270914554595947266e-01) 
