FANN_FLO_2.1
num_layers=3
learning_rate=0.400000
connection_rate=1.000000
network_type=0
learning_momentum=0.000000
training_algorithm=2
train_error_function=1
train_stop_function=0
cascade_output_change_fraction=0.010000
quickprop_decay=-0.000100
quickprop_mu=1.750000
rprop_increase_factor=1.200000
rprop_decrease_factor=0.500000
rprop_delta_min=0.000000
rprop_delta_max=50.000000
rprop_delta_zero=0.100000
cascade_output_stagnation_epochs=12
cascade_candidate_change_fraction=0.010000
cascade_candidate_stagnation_epochs=12
cascade_max_out_epochs=150
cascade_min_out_epochs=50
cascade_max_cand_epochs=150
cascade_min_cand_epochs=50
cascade_num_candidate_groups=2
bit_fail_limit=3.49999994039535522461e-01
cascade_candidate_limit=1.00000000000000000000e+03
cascade_weight_multiplier=4.00000005960464477539e-01
cascade_activation_functions_count=10
cascade_activation_functions=3 5 7 8 10 11 14 15 16 17 
cascade_activation_steepnesses_count=4
cascade_activation_steepnesses=2.50000000000000000000e-01 5.00000000000000000000e-01 7.50000000000000000000e-01 1.00000000000000000000e+00 
layer_sizes=10 3 2 
scale_included=0
neurons (num_inputs, activation_function, activation_steepness)=(0, 0, 0.00000000000000000000e+00) (0, 0, 0.00000000000000000000e+00) (0, 0, 0.00000000000000000000e+00) (0, 0, 0.00000000000000000000e+00) (0, 0, 0.00000000000000000000e+00) (0, 0, 0.00000000000000000000e+00) (0, 0, 0.00000000000000000000e+00) (0, 0, 0.00000000000000000000e+00) (0, 0, 0.00000000000000000000e+00) (0, 0, 0.00000000000000000000e+00) (10, 3, 5.00000000000000000000e-01) (10, 3, 5.00000000000000000000e-01) (0, 3, 0.00000000000000000000e+00) (3, 3, 5.00000000000000000000e-01) (0, 3, 0.00000000000000000000e+00) 
connections (connected_to_neuron, weight)=(0, -1.39072552323341369629e-01) (1, -5.02602979540824890137e-02) (2, -8.08302238583564758301e-02) (3, -6.99189528822898864746e-02) (4, -1.73527061939239501953e-01) (5, -1.36706486344337463379e-01) (6, -2.14780390262603759766e-01) (7, -1.33693471550941467285e-01) (8, -1.57407343387603759766e-01) (9, -2.13348776102066040039e-01) (0, 1.45536631345748901367e-01) (1, 1.87678813934326171875e-01) (2, 1.61032259464263916016e-01) (3, 1.06870308518409729004e-01) (4, 9.55382958054542541504e-02) (5, 2.18131154775619506836e-01) (6, 1.68775320053100585938e-01) (7, 1.57029330730438232422e-01) (8, 1.68718278408050537109e-01) (9, 2.38494053483009338379e-02) (10, -8.17701146006584167480e-02) (11, -1.24844357371330261230e-01) (12, -7.54167512059211730957e-02) 
