FANN_FLO_2.1
num_layers=4
learning_rate=0.300000
connection_rate=1.000000
network_type=0
learning_momentum=0.000000
training_algorithm=2
train_error_function=1
train_stop_function=0
cascade_output_change_fraction=0.010000
quickprop_decay=-0.000100
quickprop_mu=1.750000
rprop_increase_factor=1.200000
rprop_decrease_factor=0.500000
rprop_delta_min=0.000000
rprop_delta_max=50.000000
rprop_delta_zero=0.100000
cascade_output_stagnation_epochs=12
cascade_candidate_change_fraction=0.010000
cascade_candidate_stagnation_epochs=12
cascade_max_out_epochs=150
cascade_min_out_epochs=50
cascade_max_cand_epochs=150
cascade_min_cand_epochs=50
cascade_num_candidate_groups=2
bit_fail_limit=3.49999994039535522461e-01
cascade_candidate_limit=1.00000000000000000000e+03
cascade_weight_multiplier=4.00000005960464477539e-01
cascade_activation_functions_count=10
cascade_activation_functions=3 5 7 8 10 11 14 15 16 17 
cascade_activation_steepnesses_count=4
cascade_activation_steepnesses=2.50000000000000000000e-01 5.00000000000000000000e-01 7.50000000000000000000e-01 1.00000000000000000000e+00 
layer_sizes=2 5 3 3 
scale_included=0
neurons (num_inputs, activation_function, activation_steepness)=(0, 0, 0.00000000000000000000e+00) (0, 0, 0.00000000000000000000e+00) (2, 3, 5.00000000000000000000e-01) (2, 3, 5.00000000000000000000e-01) (2, 3, 5.00000000000000000000e-01) (2, 3, 5.00000000000000000000e-01) (0, 3, 0.00000000000000000000e+00) (5, 3, 5.00000000000000000000e-01) (5, 3, 5.00000000000000000000e-01) (0, 3, 0.00000000000000000000e+00) (3, 0, 5.00000000000000000000e-01) (3, 0, 5.00000000000000000000e-01) (0, 0, 0.00000000000000000000e+00) 
connections (connected_to_neuron, weight)=(0, -1.42078375816345214844e+00) (1, -3.20781850814819335938e+00) (0, -1.41230463981628417969e+00) (1, -3.21916723251342773438e+00) (0, -1.54928600788116455078e+00) (1, -3.59566926956176757812e+00) (0, -3.01581788063049316406e+00) (1, -7.56716966629028320312e+00) (2, -1.09982945024967193604e-01) (3, -7.81091302633285522461e-02) (4, 1.39231204986572265625e+00) (5, 4.37342214584350585938e+00) (6, -7.45318055152893066406e-01) (2, 6.40937089920043945312e-01) (3, 6.41762256622314453125e-01) (4, 1.48436510562896728516e+00) (5, 2.44892239570617675781e+00) (6, -1.60692226886749267578e+00) (7, 3.06463185697793960571e-02) (8, 9.82399433851242065430e-02) (9, -8.74778553843498229980e-02) (7, -9.70716416835784912109e-01) (8, -1.02374494075775146484e+00) (9, -6.88754796981811523438e-01) 
