FANN_FLO_2.1
num_layers=3
learning_rate=0.500000
connection_rate=1.000000
network_type=0
learning_momentum=0.000000
training_algorithm=2
train_error_function=1
train_stop_function=0
cascade_output_change_fraction=0.010000
quickprop_decay=-0.000100
quickprop_mu=1.750000
rprop_increase_factor=1.200000
rprop_decrease_factor=0.500000
rprop_delta_min=0.000000
rprop_delta_max=50.000000
rprop_delta_zero=0.100000
cascade_output_stagnation_epochs=12
cascade_candidate_change_fraction=0.010000
cascade_candidate_stagnation_epochs=12
cascade_max_out_epochs=150
cascade_min_out_epochs=50
cascade_max_cand_epochs=150
cascade_min_cand_epochs=50
cascade_num_candidate_groups=2
bit_fail_limit=3.49999994039535522461e-01
cascade_candidate_limit=1.00000000000000000000e+03
cascade_weight_multiplier=4.00000005960464477539e-01
cascade_activation_functions_count=10
cascade_activation_functions=3 5 7 8 10 11 14 15 16 17 
cascade_activation_steepnesses_count=4
cascade_activation_steepnesses=2.50000000000000000000e-01 5.00000000000000000000e-01 7.50000000000000000000e-01 1.00000000000000000000e+00 
layer_sizes=7 9 2 
scale_included=0
neurons (num_inputs, activation_function, activation_steepness)=(0, 0, 0.00000000000000000000e+00) (0, 0, 0.00000000000000000000e+00) (0, 0, 0.00000000000000000000e+00) (0, 0, 0.00000000000000000000e+00) (0, 0, 0.00000000000000000000e+00) (0, 0, 0.00000000000000000000e+00) (0, 0, 0.00000000000000000000e+00) (7, 3, 5.00000000000000000000e-01) (7, 3, 5.00000000000000000000e-01) (7, 3, 5.00000000000000000000e-01) (7, 3, 5.00000000000000000000e-01) (7, 3, 5.00000000000000000000e-01) (7, 3, 5.00000000000000000000e-01) (7, 3, 5.00000000000000000000e-01) (7, 3, 5.00000000000000000000e-01) (0, 3, 0.00000000000000000000e+00) (9, 0, 5.00000000000000000000e-01) (0, 0, 0.00000000000000000000e+00) 
connections (connected_to_neuron, weight)=(0, -3.84932845830917358398e-01) (1, -1.33729428052902221680e-01) (2, 1.43610310554504394531e+00) (3, -6.19145512580871582031e-01) (4, -2.22411110997200012207e-01) (5, 4.26340490579605102539e-01) (6, -1.94186317920684814453e+00) (0, -1.00602126121520996094e+00) (1, -7.54910373687744140625e+00) (2, -1.11785411834716796875e+00) (3, -1.50000000000000000000e+03) (4, -1.50000000000000000000e+03) (5, 6.28353059291839599609e-02) (6, -9.22456800937652587891e-01) (0, -2.01932907104492187500e-01) (1, -1.31923699378967285156e+00) (2, 1.42057394981384277344e+00) (3, -6.55006051063537597656e-01) (4, -1.02023637294769287109e+00) (5, 1.68315863609313964844e+00) (6, -3.50799179077148437500e+00) (0, -3.85885447263717651367e-01) (1, 2.34516575932502746582e-01) (2, 8.28065276145935058594e-01) (3, -3.92395049333572387695e-01) (4, -1.27329096198081970215e-01) (5, 2.27314636111259460449e-01) (6, -2.49414110183715820312e+00) (0, -4.82708245515823364258e-01) (1, -1.99884325265884399414e-02) (2, 1.24322402477264404297e+00) (3, -5.89317262172698974609e-01) (4, -4.73998337984085083008e-01) (5, 1.08622586727142333984e+00) (6, 2.93751806020736694336e-03) (0, -1.88889086246490478516e+00) (1, 7.58642315864562988281e-01) (2, 9.02386169433593750000e+02) (3, -1.50000000000000000000e+03) (4, -1.50000000000000000000e+03) (5, -5.86845359802246093750e+01) (6, -3.44960600137710571289e-01) (0, -3.40734124183654785156e-01) (1, 2.17843785881996154785e-01) (2, -1.03292953968048095703e+00) (3, -1.50000000000000000000e+03) (4, -1.21935083007812500000e+03) (5, -1.31199014186859130859e+00) (6, 1.67249816894531250000e+02) (0, -7.07957863807678222656e-01) (1, 9.85983371734619140625e-01) (2, 9.86313934326171875000e+01) (3, -1.50000000000000000000e+03) (4, -1.50000000000000000000e+03) (5, -1.24978387355804443359e+00) (6, -8.82917642593383789062e-01) (7, 6.78327560424804687500e-01) (8, 1.50000000000000000000e+03) (9, 2.47119951248168945312e+00) (10, -6.63773894309997558594e-01) (11, -4.87471632659435272217e-02) (12, 1.82814914733171463013e-02) (13, 9.68915100097656250000e+02) (14, 7.35069870948791503906e-01) (15, 1.91276967525482177734e-02) 
