FANN_FLO_2.1
num_layers=3
learning_rate=0.500000
connection_rate=1.000000
network_type=0
learning_momentum=0.000000
training_algorithm=2
train_error_function=1
train_stop_function=0
cascade_output_change_fraction=0.010000
quickprop_decay=-0.000100
quickprop_mu=1.750000
rprop_increase_factor=1.200000
rprop_decrease_factor=0.500000
rprop_delta_min=0.000000
rprop_delta_max=50.000000
rprop_delta_zero=0.100000
cascade_output_stagnation_epochs=12
cascade_candidate_change_fraction=0.010000
cascade_candidate_stagnation_epochs=12
cascade_max_out_epochs=150
cascade_min_out_epochs=50
cascade_max_cand_epochs=150
cascade_min_cand_epochs=50
cascade_num_candidate_groups=2
bit_fail_limit=3.49999994039535522461e-01
cascade_candidate_limit=1.00000000000000000000e+03
cascade_weight_multiplier=4.00000005960464477539e-01
cascade_activation_functions_count=10
cascade_activation_functions=3 5 7 8 10 11 14 15 16 17 
cascade_activation_steepnesses_count=4
cascade_activation_steepnesses=2.50000000000000000000e-01 5.00000000000000000000e-01 7.50000000000000000000e-01 1.00000000000000000000e+00 
layer_sizes=10 3 2 
scale_included=0
neurons (num_inputs, activation_function, activation_steepness)=(0, 0, 0.00000000000000000000e+00) (0, 0, 0.00000000000000000000e+00) (0, 0, 0.00000000000000000000e+00) (0, 0, 0.00000000000000000000e+00) (0, 0, 0.00000000000000000000e+00) (0, 0, 0.00000000000000000000e+00) (0, 0, 0.00000000000000000000e+00) (0, 0, 0.00000000000000000000e+00) (0, 0, 0.00000000000000000000e+00) (0, 0, 0.00000000000000000000e+00) (10, 3, 5.00000000000000000000e-01) (10, 3, 5.00000000000000000000e-01) (0, 3, 0.00000000000000000000e+00) (3, 3, 5.00000000000000000000e-01) (0, 3, 0.00000000000000000000e+00) 
connections (connected_to_neuron, weight)=(0, -7.52208173274993896484e-01) (1, -1.14497458934783935547e+00) (2, -4.08550560474395751953e-01) (3, -5.45972943305969238281e-01) (4, -1.25715041160583496094e+00) (5, -1.04267370700836181641e+00) (6, -4.68919277191162109375e-02) (7, -5.02413332462310791016e-01) (8, -3.16242694854736328125e-01) (9, 2.84501576423645019531e+00) (0, -4.69041913747787475586e-01) (1, -1.71561926603317260742e-01) (2, -8.00526559352874755859e-01) (3, -7.45231032371520996094e-01) (4, 1.26265868544578552246e-01) (5, -1.72867700457572937012e-01) (6, -1.21912288665771484375e+00) (7, -7.66209423542022705078e-01) (8, -9.65032815933227539062e-01) (9, 1.46547436714172363281e+00) (10, -1.61545884609222412109e+00) (11, -1.90813100337982177734e+00) (12, 1.22212231159210205078e+00) 
