FANN_FLO_2.1
num_layers=4
learning_rate=0.450000
connection_rate=1.000000
network_type=0
learning_momentum=0.000000
training_algorithm=2
train_error_function=1
train_stop_function=0
cascade_output_change_fraction=0.010000
quickprop_decay=-0.000100
quickprop_mu=1.750000
rprop_increase_factor=1.200000
rprop_decrease_factor=0.500000
rprop_delta_min=0.000000
rprop_delta_max=50.000000
rprop_delta_zero=0.100000
cascade_output_stagnation_epochs=12
cascade_candidate_change_fraction=0.010000
cascade_candidate_stagnation_epochs=12
cascade_max_out_epochs=150
cascade_min_out_epochs=50
cascade_max_cand_epochs=150
cascade_min_cand_epochs=50
cascade_num_candidate_groups=2
bit_fail_limit=3.49999994039535522461e-01
cascade_candidate_limit=1.00000000000000000000e+03
cascade_weight_multiplier=4.00000005960464477539e-01
cascade_activation_functions_count=10
cascade_activation_functions=3 5 7 8 10 11 14 15 16 17 
cascade_activation_steepnesses_count=4
cascade_activation_steepnesses=2.50000000000000000000e-01 5.00000000000000000000e-01 7.50000000000000000000e-01 1.00000000000000000000e+00 
layer_sizes=7 5 5 2 
scale_included=0
neurons (num_inputs, activation_function, activation_steepness)=(0, 0, 0.00000000000000000000e+00) (0, 0, 0.00000000000000000000e+00) (0, 0, 0.00000000000000000000e+00) (0, 0, 0.00000000000000000000e+00) (0, 0, 0.00000000000000000000e+00) (0, 0, 0.00000000000000000000e+00) (0, 0, 0.00000000000000000000e+00) (7, 3, 5.00000000000000000000e-01) (7, 3, 5.00000000000000000000e-01) (7, 3, 5.00000000000000000000e-01) (7, 3, 5.00000000000000000000e-01) (0, 3, 0.00000000000000000000e+00) (5, 3, 5.00000000000000000000e-01) (5, 3, 5.00000000000000000000e-01) (5, 3, 5.00000000000000000000e-01) (5, 3, 5.00000000000000000000e-01) (0, 3, 0.00000000000000000000e+00) (5, 0, 5.00000000000000000000e-01) (0, 0, 0.00000000000000000000e+00) 
connections (connected_to_neuron, weight)=(0, 8.48920047283172607422e-01) (1, -2.53948122262954711914e-02) (2, -1.41186892986297607422e+00) (3, 2.70885229110717773438e-01) (4, 1.31711971759796142578e+00) (5, -1.43156385421752929688e+00) (6, 1.42171096801757812500e+00) (0, 6.20592832565307617188e-02) (1, -2.56398409605026245117e-01) (2, -9.84335839748382568359e-01) (3, 1.15829445421695709229e-01) (4, 1.84120392799377441406e+00) (5, -5.15302240848541259766e-01) (6, -1.89570021629333496094e+00) (0, 3.85464447021484375000e+02) (1, 1.50000000000000000000e+03) (2, 1.47821826171875000000e+03) (3, 1.30917525291442871094e+00) (4, 1.47512524414062500000e+03) (5, 1.47482507324218750000e+03) (6, 1.17214155197143554688e+01) (0, 8.68657350540161132812e-01) (1, 7.58258640766143798828e-01) (2, -3.63592535257339477539e-01) (3, -1.37324035167694091797e-01) (4, 1.42608487606048583984e+00) (5, -2.09251379966735839844e+00) (6, -8.96490287780761718750e+00) (7, -6.31594734191894531250e+01) (8, -1.02506942749023437500e+01) (9, 1.98882687091827392578e+00) (10, -7.29712724685668945312e+00) (11, 3.42862337827682495117e-01) (7, 3.76961469650268554688e-01) (8, -3.75879019498825073242e-01) (9, -1.94780707359313964844e-01) (10, -1.78218334913253784180e-01) (11, -1.16322398185729980469e-01) (7, 1.88937969207763671875e+01) (8, 1.90192451477050781250e+01) (9, -7.46428680419921875000e+00) (10, 1.55888957977294921875e+01) (11, -7.67267894744873046875e+00) (7, -2.26728820800781250000e+00) (8, -9.29258167743682861328e-02) (9, -3.75686943531036376953e-01) (10, -3.63986301422119140625e+00) (11, -3.55677425861358642578e-01) (12, 3.69156885147094726562e+00) (13, -1.45908653736114501953e-01) (14, 9.08891037106513977051e-02) (15, 4.22700941562652587891e-02) (16, -2.26328391581773757935e-02) 
