FANN_FLO_2.1
num_layers=4
learning_rate=0.500000
connection_rate=1.000000
network_type=0
learning_momentum=0.000000
training_algorithm=2
train_error_function=1
train_stop_function=0
cascade_output_change_fraction=0.010000
quickprop_decay=-0.000100
quickprop_mu=1.750000
rprop_increase_factor=1.200000
rprop_decrease_factor=0.500000
rprop_delta_min=0.000000
rprop_delta_max=50.000000
rprop_delta_zero=0.100000
cascade_output_stagnation_epochs=12
cascade_candidate_change_fraction=0.010000
cascade_candidate_stagnation_epochs=12
cascade_max_out_epochs=150
cascade_min_out_epochs=50
cascade_max_cand_epochs=150
cascade_min_cand_epochs=50
cascade_num_candidate_groups=2
bit_fail_limit=3.49999994039535522461e-01
cascade_candidate_limit=1.00000000000000000000e+03
cascade_weight_multiplier=4.00000005960464477539e-01
cascade_activation_functions_count=10
cascade_activation_functions=3 5 7 8 10 11 14 15 16 17 
cascade_activation_steepnesses_count=4
cascade_activation_steepnesses=2.50000000000000000000e-01 5.00000000000000000000e-01 7.50000000000000000000e-01 1.00000000000000000000e+00 
layer_sizes=4 5 3 2 
scale_included=0
neurons (num_inputs, activation_function, activation_steepness)=(0, 0, 0.00000000000000000000e+00) (0, 0, 0.00000000000000000000e+00) (0, 0, 0.00000000000000000000e+00) (0, 0, 0.00000000000000000000e+00) (4, 3, 5.00000000000000000000e-01) (4, 3, 5.00000000000000000000e-01) (4, 3, 5.00000000000000000000e-01) (4, 3, 5.00000000000000000000e-01) (0, 3, 0.00000000000000000000e+00) (5, 3, 5.00000000000000000000e-01) (5, 3, 5.00000000000000000000e-01) (0, 3, 0.00000000000000000000e+00) (3, 3, 5.00000000000000000000e-01) (0, 3, 0.00000000000000000000e+00) 
connections (connected_to_neuron, weight)=(0, -3.15552473068237304688e+00) (1, -1.07005062103271484375e+01) (2, -2.57187700271606445312e+00) (3, 7.15486955642700195312e+00) (0, 2.50977635383605957031e+00) (1, -2.34725475311279296875e+00) (2, 3.71718168258666992188e+00) (3, -2.45655441284179687500e+00) (0, 2.43782091140747070312e+00) (1, -4.65064972639083862305e-01) (2, 2.45497274398803710938e+00) (3, -2.17243099212646484375e+00) (0, 5.39158296585083007812e+00) (1, 1.58295512199401855469e-01) (2, -5.26940584182739257812e-01) (3, -3.96647310256958007812e+00) (4, 1.53820667266845703125e+01) (5, -2.21254324913024902344e+00) (6, -1.05245840549468994141e+00) (7, -2.09099826812744140625e+01) (8, 1.77777990698814392090e-01) (4, 1.41192817687988281250e+01) (5, -5.11259436607360839844e-01) (6, -1.71748101711273193359e+00) (7, -1.99177055358886718750e+01) (8, 8.79311040043830871582e-02) (9, -1.01896119117736816406e+00) (10, -3.48031640052795410156e+00) (11, 2.23475575447082519531e+00) 
