FANN_FLO_2.1
num_layers=4
learning_rate=0.500000
connection_rate=1.000000
network_type=0
learning_momentum=0.000000
training_algorithm=2
train_error_function=1
train_stop_function=0
cascade_output_change_fraction=0.010000
quickprop_decay=-0.000100
quickprop_mu=1.750000
rprop_increase_factor=1.200000
rprop_decrease_factor=0.500000
rprop_delta_min=0.000000
rprop_delta_max=50.000000
rprop_delta_zero=0.100000
cascade_output_stagnation_epochs=12
cascade_candidate_change_fraction=0.010000
cascade_candidate_stagnation_epochs=12
cascade_max_out_epochs=150
cascade_min_out_epochs=50
cascade_max_cand_epochs=150
cascade_min_cand_epochs=50
cascade_num_candidate_groups=2
bit_fail_limit=3.49999994039535522461e-01
cascade_candidate_limit=1.00000000000000000000e+03
cascade_weight_multiplier=4.00000005960464477539e-01
cascade_activation_functions_count=10
cascade_activation_functions=3 5 7 8 10 11 14 15 16 17 
cascade_activation_steepnesses_count=4
cascade_activation_steepnesses=2.50000000000000000000e-01 5.00000000000000000000e-01 7.50000000000000000000e-01 1.00000000000000000000e+00 
layer_sizes=4 5 3 2 
scale_included=0
neurons (num_inputs, activation_function, activation_steepness)=(0, 0, 0.00000000000000000000e+00) (0, 0, 0.00000000000000000000e+00) (0, 0, 0.00000000000000000000e+00) (0, 0, 0.00000000000000000000e+00) (4, 3, 5.00000000000000000000e-01) (4, 3, 5.00000000000000000000e-01) (4, 3, 5.00000000000000000000e-01) (4, 3, 5.00000000000000000000e-01) (0, 3, 0.00000000000000000000e+00) (5, 3, 5.00000000000000000000e-01) (5, 3, 5.00000000000000000000e-01) (0, 3, 0.00000000000000000000e+00) (3, 3, 5.00000000000000000000e-01) (0, 3, 0.00000000000000000000e+00) 
connections (connected_to_neuron, weight)=(0, -6.92137852311134338379e-02) (1, -1.14902420043945312500e+01) (2, -4.93380993604660034180e-01) (3, 8.73862683773040771484e-01) (0, -2.92326211929321289062e+00) (1, 2.66332674026489257812e+00) (2, -4.41433858871459960938e+00) (3, 7.71360933780670166016e-01) (0, -2.59412026405334472656e+00) (1, -1.13181457519531250000e+01) (2, 5.12369012832641601562e+00) (3, 1.78150498867034912109e+00) (0, -2.81720161437988281250e+00) (1, -5.42935705184936523438e+00) (2, -4.81145024299621582031e-01) (3, 2.33139610290527343750e+00) (4, -1.01062898635864257812e+01) (5, 1.43848342895507812500e+01) (6, 7.26887607574462890625e+00) (7, 1.29767694473266601562e+01) (8, -4.10238838195800781250e+00) (4, -1.13325405120849609375e+01) (5, 2.77144985198974609375e+01) (6, 1.36229019165039062500e+01) (7, 1.32308740615844726562e+01) (8, -7.21348190307617187500e+00) (9, -1.90214252471923828125e+00) (10, -3.80404496192932128906e+00) (11, 3.30990648269653320312e+00) 
