FANN_FLO_2.1
num_layers=3
learning_rate=0.500000
connection_rate=1.000000
network_type=0
learning_momentum=0.000000
training_algorithm=2
train_error_function=1
train_stop_function=0
cascade_output_change_fraction=0.010000
quickprop_decay=-0.000100
quickprop_mu=1.750000
rprop_increase_factor=1.200000
rprop_decrease_factor=0.500000
rprop_delta_min=0.000000
rprop_delta_max=50.000000
rprop_delta_zero=0.100000
cascade_output_stagnation_epochs=12
cascade_candidate_change_fraction=0.010000
cascade_candidate_stagnation_epochs=12
cascade_max_out_epochs=150
cascade_min_out_epochs=50
cascade_max_cand_epochs=150
cascade_min_cand_epochs=50
cascade_num_candidate_groups=2
bit_fail_limit=3.49999994039535522461e-01
cascade_candidate_limit=1.00000000000000000000e+03
cascade_weight_multiplier=4.00000005960464477539e-01
cascade_activation_functions_count=10
cascade_activation_functions=3 5 7 8 10 11 14 15 16 17 
cascade_activation_steepnesses_count=4
cascade_activation_steepnesses=2.50000000000000000000e-01 5.00000000000000000000e-01 7.50000000000000000000e-01 1.00000000000000000000e+00 
layer_sizes=10 3 2 
scale_included=0
neurons (num_inputs, activation_function, activation_steepness)=(0, 0, 0.00000000000000000000e+00) (0, 0, 0.00000000000000000000e+00) (0, 0, 0.00000000000000000000e+00) (0, 0, 0.00000000000000000000e+00) (0, 0, 0.00000000000000000000e+00) (0, 0, 0.00000000000000000000e+00) (0, 0, 0.00000000000000000000e+00) (0, 0, 0.00000000000000000000e+00) (0, 0, 0.00000000000000000000e+00) (0, 0, 0.00000000000000000000e+00) (10, 3, 5.00000000000000000000e-01) (10, 3, 5.00000000000000000000e-01) (0, 3, 0.00000000000000000000e+00) (3, 3, 5.00000000000000000000e-01) (0, 3, 0.00000000000000000000e+00) 
connections (connected_to_neuron, weight)=(0, -4.37886893749237060547e-01) (1, -4.84776228666305541992e-01) (2, -4.55929189920425415039e-01) (3, -4.74086254835128784180e-01) (4, -4.51636523008346557617e-01) (5, -4.69985753297805786133e-01) (6, -4.59091961383819580078e-01) (7, -4.81493294239044189453e-01) (8, -4.77174133062362670898e-01) (9, 1.61212646961212158203e+00) (0, -4.86708194017410278320e-01) (1, -3.91475677490234375000e-01) (2, -4.48665261268615722656e-01) (3, -4.37575906515121459961e-01) (4, -4.35609191656112670898e-01) (5, -4.29457664489746093750e-01) (6, -4.46111172437667846680e-01) (7, -4.14535492658615112305e-01) (8, -3.94604116678237915039e-01) (9, 1.11854696273803710938e+00) (10, -2.27586293220520019531e+00) (11, -2.29358935356140136719e+00) (12, 1.58191764354705810547e+00) 
