FANN_FLO_2.1
num_layers=3
learning_rate=0.400000
connection_rate=1.000000
network_type=0
learning_momentum=0.000000
training_algorithm=2
train_error_function=1
train_stop_function=0
cascade_output_change_fraction=0.010000
quickprop_decay=-0.000100
quickprop_mu=1.750000
rprop_increase_factor=1.200000
rprop_decrease_factor=0.500000
rprop_delta_min=0.000000
rprop_delta_max=50.000000
rprop_delta_zero=0.100000
cascade_output_stagnation_epochs=12
cascade_candidate_change_fraction=0.010000
cascade_candidate_stagnation_epochs=12
cascade_max_out_epochs=150
cascade_min_out_epochs=50
cascade_max_cand_epochs=150
cascade_min_cand_epochs=50
cascade_num_candidate_groups=2
bit_fail_limit=3.49999994039535522461e-01
cascade_candidate_limit=1.00000000000000000000e+03
cascade_weight_multiplier=4.00000005960464477539e-01
cascade_activation_functions_count=10
cascade_activation_functions=3 5 7 8 10 11 14 15 16 17 
cascade_activation_steepnesses_count=4
cascade_activation_steepnesses=2.50000000000000000000e-01 5.00000000000000000000e-01 7.50000000000000000000e-01 1.00000000000000000000e+00 
layer_sizes=10 3 2 
scale_included=0
neurons (num_inputs, activation_function, activation_steepness)=(0, 0, 0.00000000000000000000e+00) (0, 0, 0.00000000000000000000e+00) (0, 0, 0.00000000000000000000e+00) (0, 0, 0.00000000000000000000e+00) (0, 0, 0.00000000000000000000e+00) (0, 0, 0.00000000000000000000e+00) (0, 0, 0.00000000000000000000e+00) (0, 0, 0.00000000000000000000e+00) (0, 0, 0.00000000000000000000e+00) (0, 0, 0.00000000000000000000e+00) (10, 3, 5.00000000000000000000e-01) (10, 3, 5.00000000000000000000e-01) (0, 3, 0.00000000000000000000e+00) (3, 3, 5.00000000000000000000e-01) (0, 3, 0.00000000000000000000e+00) 
connections (connected_to_neuron, weight)=(0, -2.01665639877319335938e-01) (1, -1.23121567070484161377e-01) (2, -1.50747448205947875977e-01) (3, -6.16588070988655090332e-02) (4, -3.12416329979896545410e-02) (5, -1.07205949723720550537e-01) (6, -4.16156128048896789551e-02) (7, -5.14361336827278137207e-02) (8, -1.66534870862960815430e-01) (9, -1.55901759862899780273e-01) (0, -1.03034771978855133057e-01) (1, -1.88343435525894165039e-01) (2, -2.06559538841247558594e-01) (3, -1.21178433299064636230e-01) (4, -2.19486191868782043457e-01) (5, -9.45255979895591735840e-02) (6, -1.55811101198196411133e-01) (7, -9.15025398135185241699e-02) (8, -4.21889349818229675293e-02) (9, -8.77894833683967590332e-02) (10, -6.02056309580802917480e-02) (11, -9.52378138899803161621e-02) (12, -1.88530132174491882324e-01) 
