FANN_FLO_2.1
num_layers=3
learning_rate=0.400000
connection_rate=1.000000
network_type=0
learning_momentum=0.000000
training_algorithm=2
train_error_function=1
train_stop_function=0
cascade_output_change_fraction=0.010000
quickprop_decay=-0.000100
quickprop_mu=1.750000
rprop_increase_factor=1.200000
rprop_decrease_factor=0.500000
rprop_delta_min=0.000000
rprop_delta_max=50.000000
rprop_delta_zero=0.100000
cascade_output_stagnation_epochs=12
cascade_candidate_change_fraction=0.010000
cascade_candidate_stagnation_epochs=12
cascade_max_out_epochs=150
cascade_min_out_epochs=50
cascade_max_cand_epochs=150
cascade_min_cand_epochs=50
cascade_num_candidate_groups=2
bit_fail_limit=3.49999994039535522461e-01
cascade_candidate_limit=1.00000000000000000000e+03
cascade_weight_multiplier=4.00000005960464477539e-01
cascade_activation_functions_count=10
cascade_activation_functions=3 5 7 8 10 11 14 15 16 17 
cascade_activation_steepnesses_count=4
cascade_activation_steepnesses=2.50000000000000000000e-01 5.00000000000000000000e-01 7.50000000000000000000e-01 1.00000000000000000000e+00 
layer_sizes=10 3 2 
scale_included=0
neurons (num_inputs, activation_function, activation_steepness)=(0, 0, 0.00000000000000000000e+00) (0, 0, 0.00000000000000000000e+00) (0, 0, 0.00000000000000000000e+00) (0, 0, 0.00000000000000000000e+00) (0, 0, 0.00000000000000000000e+00) (0, 0, 0.00000000000000000000e+00) (0, 0, 0.00000000000000000000e+00) (0, 0, 0.00000000000000000000e+00) (0, 0, 0.00000000000000000000e+00) (0, 0, 0.00000000000000000000e+00) (10, 3, 5.00000000000000000000e-01) (10, 3, 5.00000000000000000000e-01) (0, 3, 0.00000000000000000000e+00) (3, 3, 5.00000000000000000000e-01) (0, 3, 0.00000000000000000000e+00) 
connections (connected_to_neuron, weight)=(0, -9.50532183051109313965e-02) (1, -1.86853185296058654785e-01) (2, -2.59209647774696350098e-02) (3, -1.60456344485282897949e-01) (4, -7.44323059916496276855e-02) (5, -1.64641618728637695312e-01) (6, -2.01420292258262634277e-01) (7, -8.23597684502601623535e-02) (8, -3.79795506596565246582e-02) (9, -6.97592869400978088379e-02) (0, 1.30701690912246704102e-01) (1, 1.15193389356136322021e-01) (2, 1.08337655663490295410e-01) (3, 9.77662056684494018555e-02) (4, 1.58675640821456909180e-01) (5, 1.84504270553588867188e-01) (6, 1.82855993509292602539e-01) (7, 3.48973050713539123535e-02) (8, 1.59737586975097656250e-01) (9, 1.00903064012527465820e-01) (10, -4.30029705166816711426e-02) (11, -1.98260813951492309570e-01) (12, -2.18940198421478271484e-01) 
