FANN_FLO_2.1
num_layers=4
learning_rate=0.500000
connection_rate=1.000000
network_type=0
learning_momentum=0.000000
training_algorithm=2
train_error_function=1
train_stop_function=0
cascade_output_change_fraction=0.010000
quickprop_decay=-0.000100
quickprop_mu=1.750000
rprop_increase_factor=1.200000
rprop_decrease_factor=0.500000
rprop_delta_min=0.000000
rprop_delta_max=50.000000
rprop_delta_zero=0.100000
cascade_output_stagnation_epochs=12
cascade_candidate_change_fraction=0.010000
cascade_candidate_stagnation_epochs=12
cascade_max_out_epochs=150
cascade_min_out_epochs=50
cascade_max_cand_epochs=150
cascade_min_cand_epochs=50
cascade_num_candidate_groups=2
bit_fail_limit=3.49999994039535522461e-01
cascade_candidate_limit=1.00000000000000000000e+03
cascade_weight_multiplier=4.00000005960464477539e-01
cascade_activation_functions_count=10
cascade_activation_functions=3 5 7 8 10 11 14 15 16 17 
cascade_activation_steepnesses_count=4
cascade_activation_steepnesses=2.50000000000000000000e-01 5.00000000000000000000e-01 7.50000000000000000000e-01 1.00000000000000000000e+00 
layer_sizes=4 5 5 2 
scale_included=0
neurons (num_inputs, activation_function, activation_steepness)=(0, 0, 0.00000000000000000000e+00) (0, 0, 0.00000000000000000000e+00) (0, 0, 0.00000000000000000000e+00) (0, 0, 0.00000000000000000000e+00) (4, 3, 5.00000000000000000000e-01) (4, 3, 5.00000000000000000000e-01) (4, 3, 5.00000000000000000000e-01) (4, 3, 5.00000000000000000000e-01) (0, 3, 0.00000000000000000000e+00) (5, 3, 5.00000000000000000000e-01) (5, 3, 5.00000000000000000000e-01) (5, 3, 5.00000000000000000000e-01) (5, 3, 5.00000000000000000000e-01) (0, 3, 0.00000000000000000000e+00) (5, 3, 5.00000000000000000000e-01) (0, 3, 0.00000000000000000000e+00) 
connections (connected_to_neuron, weight)=(0, -3.45053696632385253906e+00) (1, -9.40180778503417968750e+00) (2, 1.98218315839767456055e-01) (3, 2.50349831581115722656e+00) (0, -2.65926647186279296875e+00) (1, -1.76498432159423828125e+01) (2, 3.54664158821105957031e+00) (3, 4.32878398895263671875e+00) (0, -3.66490221023559570312e+00) (1, -3.62313181161880493164e-01) (2, -3.67521572113037109375e+00) (3, 2.57531523704528808594e+00) (0, 1.50241065025329589844e+00) (1, -2.40318374633789062500e+01) (2, 2.75682067871093750000e+00) (3, 3.19233107566833496094e+00) (4, -2.43125686645507812500e+01) (5, 1.55025529861450195312e+01) (6, 9.42730712890625000000e+00) (7, 3.17303514480590820312e+00) (8, -2.20141386985778808594e+00) (4, -3.88811993598937988281e+00) (5, -4.14775800704956054688e+00) (6, -9.78140354156494140625e+00) (7, 2.58602356910705566406e+00) (8, 9.87281680107116699219e-01) (4, -2.45818843841552734375e+01) (5, 1.49566373825073242188e+01) (6, 1.09832763671875000000e+01) (7, 4.19765281677246093750e+00) (8, -2.23058652877807617188e+00) (4, -1.50000000000000000000e+03) (5, -3.22225213050842285156e+00) (6, 3.72200965881347656250e-01) (7, -1.71751689910888671875e+00) (8, 1.32385162353515625000e+02) (9, -1.62304472923278808594e+00) (10, 1.15940103530883789062e+01) (11, -1.65383136272430419922e+00) (12, -1.83173847198486328125e+00) (13, 8.37368071079254150391e-01) 
