FANN_FLO_2.1
num_layers=4
learning_rate=0.450000
connection_rate=1.000000
network_type=0
learning_momentum=0.000000
training_algorithm=2
train_error_function=1
train_stop_function=0
cascade_output_change_fraction=0.010000
quickprop_decay=-0.000100
quickprop_mu=1.750000
rprop_increase_factor=1.200000
rprop_decrease_factor=0.500000
rprop_delta_min=0.000000
rprop_delta_max=50.000000
rprop_delta_zero=0.100000
cascade_output_stagnation_epochs=12
cascade_candidate_change_fraction=0.010000
cascade_candidate_stagnation_epochs=12
cascade_max_out_epochs=150
cascade_min_out_epochs=50
cascade_max_cand_epochs=150
cascade_min_cand_epochs=50
cascade_num_candidate_groups=2
bit_fail_limit=3.49999994039535522461e-01
cascade_candidate_limit=1.00000000000000000000e+03
cascade_weight_multiplier=4.00000005960464477539e-01
cascade_activation_functions_count=10
cascade_activation_functions=3 5 7 8 10 11 14 15 16 17 
cascade_activation_steepnesses_count=4
cascade_activation_steepnesses=2.50000000000000000000e-01 5.00000000000000000000e-01 7.50000000000000000000e-01 1.00000000000000000000e+00 
layer_sizes=7 5 3 2 
scale_included=0
neurons (num_inputs, activation_function, activation_steepness)=(0, 0, 0.00000000000000000000e+00) (0, 0, 0.00000000000000000000e+00) (0, 0, 0.00000000000000000000e+00) (0, 0, 0.00000000000000000000e+00) (0, 0, 0.00000000000000000000e+00) (0, 0, 0.00000000000000000000e+00) (0, 0, 0.00000000000000000000e+00) (7, 3, 5.00000000000000000000e-01) (7, 3, 5.00000000000000000000e-01) (7, 3, 5.00000000000000000000e-01) (7, 3, 5.00000000000000000000e-01) (0, 3, 0.00000000000000000000e+00) (5, 3, 5.00000000000000000000e-01) (5, 3, 5.00000000000000000000e-01) (0, 3, 0.00000000000000000000e+00) (3, 0, 5.00000000000000000000e-01) (0, 0, 0.00000000000000000000e+00) 
connections (connected_to_neuron, weight)=(0, 5.74032366275787353516e-01) (1, 5.05163848400115966797e-01) (2, -1.60896432399749755859e+00) (3, 4.23041790723800659180e-01) (4, 7.01040506362915039062e-01) (5, -9.36744272708892822266e-01) (6, 6.28521800041198730469e-01) (0, 2.31576204299926757812e-01) (1, -1.36424051597714424133e-02) (2, -1.06877255439758300781e+00) (3, 2.84074306488037109375e-01) (4, 6.45054996013641357422e-01) (5, -2.36293613910675048828e-01) (6, 3.20483773946762084961e-01) (0, 2.01952308416366577148e-01) (1, 6.90355747938156127930e-02) (2, -2.90999919176101684570e-01) (3, 1.41857236623764038086e-01) (4, 1.56546592712402343750e-01) (5, -5.13273239135742187500e-01) (6, 4.17630577087402343750e+00) (0, 3.23610663414001464844e-01) (1, 2.01477840542793273926e-01) (2, -1.24227613210678100586e-01) (3, 3.31753432750701904297e-01) (4, 2.50690400600433349609e-01) (5, -1.15861785411834716797e+00) (6, 3.01442503929138183594e-01) (7, 4.93168401718139648438e+00) (8, 5.18010187149047851562e+00) (9, -1.34222574234008789062e+01) (10, 1.21034135818481445312e+01) (11, 4.63485622406005859375e+00) (7, -3.63438868522644042969e+00) (8, -4.31859350204467773438e+00) (9, 1.04140520095825195312e+01) (10, -9.56180763244628906250e+00) (11, -4.16079616546630859375e+00) (12, -7.24324434995651245117e-02) (13, 1.34513115882873535156e+00) (14, 7.08237886428833007812e-02) 
