FANN_FLO_2.1
num_layers=4
learning_rate=0.450000
connection_rate=1.000000
network_type=0
learning_momentum=0.000000
training_algorithm=2
train_error_function=1
train_stop_function=0
cascade_output_change_fraction=0.010000
quickprop_decay=-0.000100
quickprop_mu=1.750000
rprop_increase_factor=1.200000
rprop_decrease_factor=0.500000
rprop_delta_min=0.000000
rprop_delta_max=50.000000
rprop_delta_zero=0.100000
cascade_output_stagnation_epochs=12
cascade_candidate_change_fraction=0.010000
cascade_candidate_stagnation_epochs=12
cascade_max_out_epochs=150
cascade_min_out_epochs=50
cascade_max_cand_epochs=150
cascade_min_cand_epochs=50
cascade_num_candidate_groups=2
bit_fail_limit=3.49999994039535522461e-01
cascade_candidate_limit=1.00000000000000000000e+03
cascade_weight_multiplier=4.00000005960464477539e-01
cascade_activation_functions_count=10
cascade_activation_functions=3 5 7 8 10 11 14 15 16 17 
cascade_activation_steepnesses_count=4
cascade_activation_steepnesses=2.50000000000000000000e-01 5.00000000000000000000e-01 7.50000000000000000000e-01 1.00000000000000000000e+00 
layer_sizes=7 5 3 2 
scale_included=0
neurons (num_inputs, activation_function, activation_steepness)=(0, 0, 0.00000000000000000000e+00) (0, 0, 0.00000000000000000000e+00) (0, 0, 0.00000000000000000000e+00) (0, 0, 0.00000000000000000000e+00) (0, 0, 0.00000000000000000000e+00) (0, 0, 0.00000000000000000000e+00) (0, 0, 0.00000000000000000000e+00) (7, 3, 5.00000000000000000000e-01) (7, 3, 5.00000000000000000000e-01) (7, 3, 5.00000000000000000000e-01) (7, 3, 5.00000000000000000000e-01) (0, 3, 0.00000000000000000000e+00) (5, 3, 5.00000000000000000000e-01) (5, 3, 5.00000000000000000000e-01) (0, 3, 0.00000000000000000000e+00) (3, 0, 5.00000000000000000000e-01) (0, 0, 0.00000000000000000000e+00) 
connections (connected_to_neuron, weight)=(0, -5.08493385314941406250e+01) (1, -1.52345108032226562500e+02) (2, -1.40986389160156250000e+03) (3, 2.57567763328552246094e+00) (4, -4.31901473999023437500e+01) (5, -1.50000000000000000000e+03) (6, 1.30305755138397216797e+00) (0, 1.41366481781005859375e+00) (1, 1.01482212543487548828e+00) (2, 1.64152979850769042969e+00) (3, 1.08442735671997070312e+00) (4, -4.74654626846313476562e+00) (5, 4.70760986208915710449e-02) (6, -1.97751522064208984375e+01) (0, 1.50000000000000000000e+03) (1, 1.50000000000000000000e+03) (2, 1.50000000000000000000e+03) (3, 9.76192593574523925781e-01) (4, 1.50000000000000000000e+03) (5, 1.50000000000000000000e+03) (6, 1.27542626857757568359e+00) (0, 1.50000000000000000000e+03) (1, 1.50000000000000000000e+03) (2, 1.50000000000000000000e+03) (3, 5.60103245079517364502e-02) (4, 1.50000000000000000000e+03) (5, 1.50000000000000000000e+03) (6, 1.91566123962402343750e+01) (7, 8.31648111343383789062e-01) (8, -2.95396900177001953125e+00) (9, -2.45461970567703247070e-01) (10, -9.63258802890777587891e-01) (11, 1.61516887601464986801e-03) (7, 2.27034088134765625000e+02) (8, 2.55154602050781250000e+02) (9, -3.12515430450439453125e+01) (10, -1.88063278198242187500e+02) (11, -7.48396682739257812500e+00) (12, -9.88523140549659729004e-02) (13, 1.94287347793579101562e+00) (14, 3.46174687147140502930e-02) 
