FANN_FLO_2.1
num_layers=3
learning_rate=0.300000
connection_rate=1.000000
network_type=0
learning_momentum=0.000000
training_algorithm=2
train_error_function=1
train_stop_function=0
cascade_output_change_fraction=0.010000
quickprop_decay=-0.000100
quickprop_mu=1.750000
rprop_increase_factor=1.200000
rprop_decrease_factor=0.500000
rprop_delta_min=0.000000
rprop_delta_max=50.000000
rprop_delta_zero=0.100000
cascade_output_stagnation_epochs=12
cascade_candidate_change_fraction=0.010000
cascade_candidate_stagnation_epochs=12
cascade_max_out_epochs=150
cascade_min_out_epochs=50
cascade_max_cand_epochs=150
cascade_min_cand_epochs=50
cascade_num_candidate_groups=2
bit_fail_limit=3.49999994039535522461e-01
cascade_candidate_limit=1.00000000000000000000e+03
cascade_weight_multiplier=4.00000005960464477539e-01
cascade_activation_functions_count=10
cascade_activation_functions=3 5 7 8 10 11 14 15 16 17 
cascade_activation_steepnesses_count=4
cascade_activation_steepnesses=2.50000000000000000000e-01 5.00000000000000000000e-01 7.50000000000000000000e-01 1.00000000000000000000e+00 
layer_sizes=4 9 2 
scale_included=0
neurons (num_inputs, activation_function, activation_steepness)=(0, 0, 0.00000000000000000000e+00) (0, 0, 0.00000000000000000000e+00) (0, 0, 0.00000000000000000000e+00) (0, 0, 0.00000000000000000000e+00) (4, 3, 5.00000000000000000000e-01) (4, 3, 5.00000000000000000000e-01) (4, 3, 5.00000000000000000000e-01) (4, 3, 5.00000000000000000000e-01) (4, 3, 5.00000000000000000000e-01) (4, 3, 5.00000000000000000000e-01) (4, 3, 5.00000000000000000000e-01) (4, 3, 5.00000000000000000000e-01) (0, 3, 0.00000000000000000000e+00) (9, 3, 5.00000000000000000000e-01) (0, 3, 0.00000000000000000000e+00) 
connections (connected_to_neuron, weight)=(0, -1.75362396240234375000e+00) (1, 4.68484908342361450195e-01) (2, -2.82274270057678222656e+00) (3, 4.44410629272460937500e+01) (0, -1.31620180606842041016e+00) (1, 3.65893900394439697266e-01) (2, -2.52908873558044433594e+00) (3, 3.21268844604492187500e+01) (0, -1.58000779151916503906e+00) (1, 3.69635432958602905273e-01) (2, -2.53052067756652832031e+00) (3, 3.38186759948730468750e+01) (0, -1.40910601615905761719e+00) (1, 8.07308852672576904297e-01) (2, -2.09861254692077636719e+00) (3, 1.49811811447143554688e+01) (0, 3.50930190086364746094e+00) (1, -9.12607088685035705566e-02) (2, -3.10310573577880859375e+01) (3, -5.67068457603454589844e-02) (0, -1.42812776565551757812e+00) (1, 8.56891274452209472656e-01) (2, -2.07090687751770019531e+00) (3, 1.26343269348144531250e+01) (0, -1.28981375694274902344e+00) (1, 7.27204799652099609375e-01) (2, -7.49249982833862304688e+00) (3, 3.26895866394042968750e+01) (0, -3.16816449165344238281e-01) (1, 4.81759123504161834717e-02) (2, -6.14933192729949951172e-01) (3, 6.50632810592651367188e+00) (4, -4.58260267972946166992e-01) (5, -3.65424513816833496094e-01) (6, -4.02630597352981567383e-01) (7, -2.08951398730278015137e-01) (8, -7.97554260253906250000e+02) (9, -2.79901385307312011719e-01) (10, -1.68563023209571838379e-01) (11, -3.42606639862060546875e+00) (12, 5.72131276130676269531e-01) 
