FANN_FLO_2.1
num_layers=4
learning_rate=0.450000
connection_rate=1.000000
network_type=0
learning_momentum=0.000000
training_algorithm=2
train_error_function=1
train_stop_function=0
cascade_output_change_fraction=0.010000
quickprop_decay=-0.000100
quickprop_mu=1.750000
rprop_increase_factor=1.200000
rprop_decrease_factor=0.500000
rprop_delta_min=0.000000
rprop_delta_max=50.000000
rprop_delta_zero=0.100000
cascade_output_stagnation_epochs=12
cascade_candidate_change_fraction=0.010000
cascade_candidate_stagnation_epochs=12
cascade_max_out_epochs=150
cascade_min_out_epochs=50
cascade_max_cand_epochs=150
cascade_min_cand_epochs=50
cascade_num_candidate_groups=2
bit_fail_limit=3.49999994039535522461e-01
cascade_candidate_limit=1.00000000000000000000e+03
cascade_weight_multiplier=4.00000005960464477539e-01
cascade_activation_functions_count=10
cascade_activation_functions=3 5 7 8 10 11 14 15 16 17 
cascade_activation_steepnesses_count=4
cascade_activation_steepnesses=2.50000000000000000000e-01 5.00000000000000000000e-01 7.50000000000000000000e-01 1.00000000000000000000e+00 
layer_sizes=7 3 3 2 
scale_included=0
neurons (num_inputs, activation_function, activation_steepness)=(0, 0, 0.00000000000000000000e+00) (0, 0, 0.00000000000000000000e+00) (0, 0, 0.00000000000000000000e+00) (0, 0, 0.00000000000000000000e+00) (0, 0, 0.00000000000000000000e+00) (0, 0, 0.00000000000000000000e+00) (0, 0, 0.00000000000000000000e+00) (7, 3, 5.00000000000000000000e-01) (7, 3, 5.00000000000000000000e-01) (0, 3, 0.00000000000000000000e+00) (3, 3, 5.00000000000000000000e-01) (3, 3, 5.00000000000000000000e-01) (0, 3, 0.00000000000000000000e+00) (3, 0, 5.00000000000000000000e-01) (0, 0, 0.00000000000000000000e+00) 
connections (connected_to_neuron, weight)=(0, 1.46233447265625000000e+03) (1, 1.49987341308593750000e+03) (2, 1.49877697753906250000e+03) (3, -4.72964874267578125000e+02) (4, -3.39768829345703125000e+02) (5, 1.49997351074218750000e+03) (6, 1.30639190673828125000e+02) (0, 5.86952865123748779297e-01) (1, 9.32777404785156250000e-01) (2, -1.42159593105316162109e+00) (3, 7.10595995187759399414e-02) (4, 1.01667475700378417969e+00) (5, -1.12657332420349121094e+00) (6, -5.40357291698455810547e-01) (7, -5.09006381034851074219e-01) (8, 4.25765067338943481445e-01) (9, -4.34495776891708374023e-01) (7, -5.77448749542236328125e+00) (8, 2.07044811248779296875e+01) (9, -5.74590778350830078125e+00) (10, 2.08691716194152832031e-01) (11, -1.80568888783454895020e-01) (12, 1.13271206617355346680e-01) 
