FANN_FLO_2.1
num_layers=4
learning_rate=0.500000
connection_rate=1.000000
network_type=0
learning_momentum=0.000000
training_algorithm=2
train_error_function=1
train_stop_function=0
cascade_output_change_fraction=0.010000
quickprop_decay=-0.000100
quickprop_mu=1.750000
rprop_increase_factor=1.200000
rprop_decrease_factor=0.500000
rprop_delta_min=0.000000
rprop_delta_max=50.000000
rprop_delta_zero=0.100000
cascade_output_stagnation_epochs=12
cascade_candidate_change_fraction=0.010000
cascade_candidate_stagnation_epochs=12
cascade_max_out_epochs=150
cascade_min_out_epochs=50
cascade_max_cand_epochs=150
cascade_min_cand_epochs=50
cascade_num_candidate_groups=2
bit_fail_limit=3.49999994039535522461e-01
cascade_candidate_limit=1.00000000000000000000e+03
cascade_weight_multiplier=4.00000005960464477539e-01
cascade_activation_functions_count=10
cascade_activation_functions=3 5 7 8 10 11 14 15 16 17 
cascade_activation_steepnesses_count=4
cascade_activation_steepnesses=2.50000000000000000000e-01 5.00000000000000000000e-01 7.50000000000000000000e-01 1.00000000000000000000e+00 
layer_sizes=4 5 5 2 
scale_included=0
neurons (num_inputs, activation_function, activation_steepness)=(0, 0, 0.00000000000000000000e+00) (0, 0, 0.00000000000000000000e+00) (0, 0, 0.00000000000000000000e+00) (0, 0, 0.00000000000000000000e+00) (4, 3, 5.00000000000000000000e-01) (4, 3, 5.00000000000000000000e-01) (4, 3, 5.00000000000000000000e-01) (4, 3, 5.00000000000000000000e-01) (0, 3, 0.00000000000000000000e+00) (5, 3, 5.00000000000000000000e-01) (5, 3, 5.00000000000000000000e-01) (5, 3, 5.00000000000000000000e-01) (5, 3, 5.00000000000000000000e-01) (0, 3, 0.00000000000000000000e+00) (5, 3, 5.00000000000000000000e-01) (0, 3, 0.00000000000000000000e+00) 
connections (connected_to_neuron, weight)=(0, -3.13367915153503417969e+00) (1, -3.33757710456848144531e+00) (2, -3.51745784282684326172e-01) (3, 1.98761534690856933594e+00) (0, -1.98538565635681152344e+00) (1, -1.87367591857910156250e+01) (2, 2.69265794754028320312e+00) (3, 2.64256334304809570312e+00) (0, -3.56772422790527343750e+00) (1, -4.57868814468383789062e+00) (2, 1.10392367839813232422e+00) (3, 2.22077059745788574219e+00) (0, -4.89973020553588867188e+00) (1, -1.85848655700683593750e+01) (2, 7.23699951171875000000e+00) (3, 3.31756162643432617188e+00) (4, 2.13522129058837890625e+01) (5, -6.90720939636230468750e+00) (6, 9.34321975708007812500e+00) (7, 4.31041908264160156250e+00) (8, -5.70722484588623046875e+00) (4, 4.52800674438476562500e+01) (5, -1.04193515777587890625e+01) (6, 8.78127384185791015625e+00) (7, 3.50031399726867675781e+00) (8, -1.05660762786865234375e+01) (4, -8.52898657321929931641e-01) (5, 8.70569946289062500000e+02) (6, 8.76249313354492187500e+00) (7, 8.82234680175781250000e+02) (8, -5.87867558002471923828e-01) (4, 2.13214588165283203125e+01) (5, -5.88185071945190429688e+00) (6, 9.04958152770996093750e+00) (7, 3.69643044471740722656e+00) (8, -5.40622282028198242188e+00) (9, -2.18225455284118652344e+00) (10, -2.60311579704284667969e+00) (11, 2.40808343887329101562e+00) (12, -9.88451242446899414062e-01) (13, 1.11107826232910156250e+00) 
