FANN_FLO_2.1
num_layers=4
learning_rate=0.300000
connection_rate=1.000000
network_type=0
learning_momentum=0.000000
training_algorithm=2
train_error_function=1
train_stop_function=0
cascade_output_change_fraction=0.010000
quickprop_decay=-0.000100
quickprop_mu=1.750000
rprop_increase_factor=1.200000
rprop_decrease_factor=0.500000
rprop_delta_min=0.000000
rprop_delta_max=50.000000
rprop_delta_zero=0.100000
cascade_output_stagnation_epochs=12
cascade_candidate_change_fraction=0.010000
cascade_candidate_stagnation_epochs=12
cascade_max_out_epochs=150
cascade_min_out_epochs=50
cascade_max_cand_epochs=150
cascade_min_cand_epochs=50
cascade_num_candidate_groups=2
bit_fail_limit=3.49999994039535522461e-01
cascade_candidate_limit=1.00000000000000000000e+03
cascade_weight_multiplier=4.00000005960464477539e-01
cascade_activation_functions_count=10
cascade_activation_functions=3 5 7 8 10 11 14 15 16 17 
cascade_activation_steepnesses_count=4
cascade_activation_steepnesses=2.50000000000000000000e-01 5.00000000000000000000e-01 7.50000000000000000000e-01 1.00000000000000000000e+00 
layer_sizes=2 5 3 3 
scale_included=0
neurons (num_inputs, activation_function, activation_steepness)=(0, 0, 0.00000000000000000000e+00) (0, 0, 0.00000000000000000000e+00) (2, 3, 5.00000000000000000000e-01) (2, 3, 5.00000000000000000000e-01) (2, 3, 5.00000000000000000000e-01) (2, 3, 5.00000000000000000000e-01) (0, 3, 0.00000000000000000000e+00) (5, 3, 5.00000000000000000000e-01) (5, 3, 5.00000000000000000000e-01) (0, 3, 0.00000000000000000000e+00) (3, 0, 5.00000000000000000000e-01) (3, 0, 5.00000000000000000000e-01) (0, 0, 0.00000000000000000000e+00) 
connections (connected_to_neuron, weight)=(0, -2.61361618041992187500e+01) (1, -2.99178457260131835938e+00) (0, 1.36675214767456054688e+00) (1, 8.59499145507812500000e+02) (0, -5.41808986663818359375e+00) (1, -9.17602252960205078125e+00) (0, -5.06439590454101562500e+00) (1, -8.60113048553466796875e+00) (2, 2.40319175720214843750e+01) (3, -5.22554397583007812500e-01) (4, -4.40701618790626525879e-02) (5, -2.36435681581497192383e-02) (6, -2.14392685890197753906e+00) (2, -3.17963719367980957031e+00) (3, 1.22777521610260009766e+00) (4, 8.65251445770263671875e+00) (5, 1.85022723674774169922e+00) (6, -8.41218948364257812500e-01) (7, 4.67589795589447021484e-02) (8, 2.24489495158195495605e-01) (9, -2.08428010344505310059e-01) (7, -7.34033167362213134766e-01) (8, -6.68131709098815917969e-01) (9, -7.60984182357788085938e-01) 
