FANN_FLO_2.1
num_layers=4
learning_rate=0.300000
connection_rate=1.000000
network_type=0
learning_momentum=0.000000
training_algorithm=2
train_error_function=1
train_stop_function=0
cascade_output_change_fraction=0.010000
quickprop_decay=-0.000100
quickprop_mu=1.750000
rprop_increase_factor=1.200000
rprop_decrease_factor=0.500000
rprop_delta_min=0.000000
rprop_delta_max=50.000000
rprop_delta_zero=0.100000
cascade_output_stagnation_epochs=12
cascade_candidate_change_fraction=0.010000
cascade_candidate_stagnation_epochs=12
cascade_max_out_epochs=150
cascade_min_out_epochs=50
cascade_max_cand_epochs=150
cascade_min_cand_epochs=50
cascade_num_candidate_groups=2
bit_fail_limit=3.49999994039535522461e-01
cascade_candidate_limit=1.00000000000000000000e+03
cascade_weight_multiplier=4.00000005960464477539e-01
cascade_activation_functions_count=10
cascade_activation_functions=3 5 7 8 10 11 14 15 16 17 
cascade_activation_steepnesses_count=4
cascade_activation_steepnesses=2.50000000000000000000e-01 5.00000000000000000000e-01 7.50000000000000000000e-01 1.00000000000000000000e+00 
layer_sizes=2 5 3 3 
scale_included=0
neurons (num_inputs, activation_function, activation_steepness)=(0, 0, 0.00000000000000000000e+00) (0, 0, 0.00000000000000000000e+00) (2, 3, 5.00000000000000000000e-01) (2, 3, 5.00000000000000000000e-01) (2, 3, 5.00000000000000000000e-01) (2, 3, 5.00000000000000000000e-01) (0, 3, 0.00000000000000000000e+00) (5, 3, 5.00000000000000000000e-01) (5, 3, 5.00000000000000000000e-01) (0, 3, 0.00000000000000000000e+00) (3, 0, 5.00000000000000000000e-01) (3, 0, 5.00000000000000000000e-01) (0, 0, 0.00000000000000000000e+00) 
connections (connected_to_neuron, weight)=(0, -4.72545089721679687500e+01) (1, -1.39679467678070068359e+00) (0, -4.60226097106933593750e+01) (1, -1.35416829586029052734e+00) (0, -4.64150886535644531250e+01) (1, -1.42561948299407958984e+00) (0, -4.55497627258300781250e+01) (1, -1.35893452167510986328e+00) (2, 9.01404321193695068359e-01) (3, 1.41766965389251708984e+00) (4, 1.97700273990631103516e+00) (5, 1.83112633228302001953e+00) (6, -9.94079351425170898438e-01) (2, 2.53068447113037109375e+00) (3, 1.89225697517395019531e+00) (4, 1.64376485347747802734e+00) (5, 1.68185102939605712891e+00) (6, -2.37878417968750000000e+00) (7, -7.88806676864624023438e-02) (8, 1.92313358187675476074e-01) (9, -1.34277343750000000000e-01) (7, -7.92422115802764892578e-01) (8, -9.24738287925720214844e-01) (9, -4.57766711711883544922e-01) 
