FANN_FLO_2.1
num_layers=3
learning_rate=0.450000
connection_rate=1.000000
network_type=0
learning_momentum=0.000000
training_algorithm=2
train_error_function=1
train_stop_function=0
cascade_output_change_fraction=0.010000
quickprop_decay=-0.000100
quickprop_mu=1.750000
rprop_increase_factor=1.200000
rprop_decrease_factor=0.500000
rprop_delta_min=0.000000
rprop_delta_max=50.000000
rprop_delta_zero=0.100000
cascade_output_stagnation_epochs=12
cascade_candidate_change_fraction=0.010000
cascade_candidate_stagnation_epochs=12
cascade_max_out_epochs=150
cascade_min_out_epochs=50
cascade_max_cand_epochs=150
cascade_min_cand_epochs=50
cascade_num_candidate_groups=2
bit_fail_limit=3.49999994039535522461e-01
cascade_candidate_limit=1.00000000000000000000e+03
cascade_weight_multiplier=4.00000005960464477539e-01
cascade_activation_functions_count=10
cascade_activation_functions=3 5 7 8 10 11 14 15 16 17 
cascade_activation_steepnesses_count=4
cascade_activation_steepnesses=2.50000000000000000000e-01 5.00000000000000000000e-01 7.50000000000000000000e-01 1.00000000000000000000e+00 
layer_sizes=7 5 2 
scale_included=0
neurons (num_inputs, activation_function, activation_steepness)=(0, 0, 0.00000000000000000000e+00) (0, 0, 0.00000000000000000000e+00) (0, 0, 0.00000000000000000000e+00) (0, 0, 0.00000000000000000000e+00) (0, 0, 0.00000000000000000000e+00) (0, 0, 0.00000000000000000000e+00) (0, 0, 0.00000000000000000000e+00) (7, 3, 5.00000000000000000000e-01) (7, 3, 5.00000000000000000000e-01) (7, 3, 5.00000000000000000000e-01) (7, 3, 5.00000000000000000000e-01) (0, 3, 0.00000000000000000000e+00) (5, 0, 5.00000000000000000000e-01) (0, 0, 0.00000000000000000000e+00) 
connections (connected_to_neuron, weight)=(0, 1.76691055297851562500e+01) (1, -1.43792004394531250000e+03) (2, 7.19196243286132812500e+01) (3, 4.08985424041748046875e+00) (4, -1.39575781250000000000e+03) (5, 1.29596545410156250000e+03) (6, -1.04871712625026702881e-01) (0, 1.53560089111328125000e+02) (1, -1.47177404785156250000e+03) (2, 7.72538330078125000000e+02) (3, 2.79513034820556640625e+01) (4, -1.39023767089843750000e+03) (5, 1.20234912109375000000e+03) (6, -5.75454115867614746094e-01) (0, 3.44339561462402343750e+01) (1, -1.43792004394531250000e+03) (2, -8.84185028076171875000e+01) (3, 4.16331176757812500000e+01) (4, -8.36873901367187500000e+02) (5, 5.81973876953125000000e+02) (6, 3.60006582923233509064e-03) (0, 1.69088638305664062500e+02) (1, -1.02176806640625000000e+03) (2, 3.55613830566406250000e+02) (3, 2.45574245452880859375e+01) (4, -1.41266430664062500000e+03) (5, 1.19548522949218750000e+03) (6, -4.64496135711669921875e-01) (7, 1.50000000000000000000e+03) (8, 3.03442810058593750000e+02) (9, 1.50000000000000000000e+03) (10, -3.03454071044921875000e+02) (11, 3.12720313668251037598e-02) 
