FANN_FLO_2.1
num_layers=3
learning_rate=0.500000
connection_rate=1.000000
network_type=0
learning_momentum=0.000000
training_algorithm=2
train_error_function=1
train_stop_function=0
cascade_output_change_fraction=0.010000
quickprop_decay=-0.000100
quickprop_mu=1.750000
rprop_increase_factor=1.200000
rprop_decrease_factor=0.500000
rprop_delta_min=0.000000
rprop_delta_max=50.000000
rprop_delta_zero=0.100000
cascade_output_stagnation_epochs=12
cascade_candidate_change_fraction=0.010000
cascade_candidate_stagnation_epochs=12
cascade_max_out_epochs=150
cascade_min_out_epochs=50
cascade_max_cand_epochs=150
cascade_min_cand_epochs=50
cascade_num_candidate_groups=2
bit_fail_limit=3.49999994039535522461e-01
cascade_candidate_limit=1.00000000000000000000e+03
cascade_weight_multiplier=4.00000005960464477539e-01
cascade_activation_functions_count=10
cascade_activation_functions=3 5 7 8 10 11 14 15 16 17 
cascade_activation_steepnesses_count=4
cascade_activation_steepnesses=2.50000000000000000000e-01 5.00000000000000000000e-01 7.50000000000000000000e-01 1.00000000000000000000e+00 
layer_sizes=3 5 4 
scale_included=0
neurons (num_inputs, activation_function, activation_steepness)=(0, 0, 0.00000000000000000000e+00) (0, 0, 0.00000000000000000000e+00) (0, 0, 0.00000000000000000000e+00) (3, 3, 5.00000000000000000000e-01) (3, 3, 5.00000000000000000000e-01) (3, 3, 5.00000000000000000000e-01) (3, 3, 5.00000000000000000000e-01) (0, 3, 0.00000000000000000000e+00) (5, 0, 5.00000000000000000000e-01) (5, 0, 5.00000000000000000000e-01) (5, 0, 5.00000000000000000000e-01) (0, 0, 0.00000000000000000000e+00) 
connections (connected_to_neuron, weight)=(0, -3.78281807899475097656e+00) (1, 2.80161023139953613281e+00) (2, -4.13539379835128784180e-01) (0, -1.14444570541381835938e+01) (1, 1.06884136199951171875e+01) (2, 1.08678236007690429688e+01) (0, -5.97230768203735351562e+00) (1, -1.15935363769531250000e+01) (2, 4.85099077224731445312e+00) (0, -1.77485263347625732422e+00) (1, -7.21790969371795654297e-01) (2, 7.94935047626495361328e-01) (3, 2.78533244132995605469e+00) (4, 1.06351387500762939453e+00) (5, 1.63509094715118408203e+00) (6, 4.25049638748168945312e+00) (7, 7.60458290576934814453e-01) (3, 6.97800254821777343750e+00) (4, 5.13055610656738281250e+00) (5, 4.29151725769042968750e+00) (6, 1.28690319061279296875e+01) (7, 3.21570825576782226562e+00) (3, 2.10535068511962890625e+01) (4, 1.66636047363281250000e+01) (5, 1.25630674362182617188e+01) (6, 4.17657661437988281250e+01) (7, 1.61011886596679687500e+01) 
