FANN_FLO_2.1
num_layers=3
learning_rate=0.500000
connection_rate=1.000000
network_type=0
learning_momentum=0.000000
training_algorithm=2
train_error_function=1
train_stop_function=0
cascade_output_change_fraction=0.010000
quickprop_decay=-0.000100
quickprop_mu=1.750000
rprop_increase_factor=1.200000
rprop_decrease_factor=0.500000
rprop_delta_min=0.000000
rprop_delta_max=50.000000
rprop_delta_zero=0.100000
cascade_output_stagnation_epochs=12
cascade_candidate_change_fraction=0.010000
cascade_candidate_stagnation_epochs=12
cascade_max_out_epochs=150
cascade_min_out_epochs=50
cascade_max_cand_epochs=150
cascade_min_cand_epochs=50
cascade_num_candidate_groups=2
bit_fail_limit=3.49999994039535522461e-01
cascade_candidate_limit=1.00000000000000000000e+03
cascade_weight_multiplier=4.00000005960464477539e-01
cascade_activation_functions_count=10
cascade_activation_functions=3 5 7 8 10 11 14 15 16 17 
cascade_activation_steepnesses_count=4
cascade_activation_steepnesses=2.50000000000000000000e-01 5.00000000000000000000e-01 7.50000000000000000000e-01 1.00000000000000000000e+00 
layer_sizes=10 5 2 
scale_included=0
neurons (num_inputs, activation_function, activation_steepness)=(0, 0, 0.00000000000000000000e+00) (0, 0, 0.00000000000000000000e+00) (0, 0, 0.00000000000000000000e+00) (0, 0, 0.00000000000000000000e+00) (0, 0, 0.00000000000000000000e+00) (0, 0, 0.00000000000000000000e+00) (0, 0, 0.00000000000000000000e+00) (0, 0, 0.00000000000000000000e+00) (0, 0, 0.00000000000000000000e+00) (0, 0, 0.00000000000000000000e+00) (10, 3, 5.00000000000000000000e-01) (10, 3, 5.00000000000000000000e-01) (10, 3, 5.00000000000000000000e-01) (10, 3, 5.00000000000000000000e-01) (0, 3, 0.00000000000000000000e+00) (5, 3, 5.00000000000000000000e-01) (0, 3, 0.00000000000000000000e+00) 
connections (connected_to_neuron, weight)=(0, -6.48007690906524658203e-01) (1, -6.14059865474700927734e-01) (2, -6.15968286991119384766e-01) (3, 2.66996979713439941406e-01) (4, 3.00420194864273071289e-01) (5, -6.30298435688018798828e-01) (6, -7.12580204010009765625e-01) (7, -5.45312941074371337891e-01) (8, -5.48743546009063720703e-01) (9, 9.56808328628540039062e-01) (0, 7.99591481685638427734e-01) (1, 1.37937438488006591797e+00) (2, 1.98613226413726806641e+00) (3, 6.21758985519409179688e+00) (4, -1.36066830158233642578e+00) (5, 1.99902164936065673828e+00) (6, -1.78854799270629882812e+00) (7, -7.10314798355102539062e+00) (8, 6.23576259613037109375e+00) (9, -3.54344034194946289062e+00) (0, 2.01709643006324768066e-01) (1, -8.99198129773139953613e-02) (2, 1.47789865732192993164e-01) (3, -1.84414029121398925781e+00) (4, -1.95738637447357177734e+00) (5, 1.24346330761909484863e-01) (6, 9.51270535588264465332e-02) (7, -5.25117695331573486328e-01) (8, 1.17229208350181579590e-01) (9, 1.43865776062011718750e+00) (0, 8.80879700183868408203e-01) (1, -3.72451233863830566406e+00) (2, -9.57135314941406250000e+01) (3, -5.60780239105224609375e+00) (4, -6.86410369873046875000e+01) (5, -5.25539398193359375000e+00) (6, -1.84250888824462890625e+01) (7, -2.78183536529541015625e+01) (8, -9.38190078735351562500e+00) (9, -3.37528991699218750000e+00) (10, -3.54064822196960449219e+00) (11, 9.79463234543800354004e-02) (12, -1.41466510295867919922e+00) (13, -5.83766021728515625000e+01) (14, 1.53077626228332519531e+00) 
