FANN_FLO_2.1
num_layers=4
learning_rate=0.450000
connection_rate=1.000000
network_type=0
learning_momentum=0.000000
training_algorithm=2
train_error_function=1
train_stop_function=0
cascade_output_change_fraction=0.010000
quickprop_decay=-0.000100
quickprop_mu=1.750000
rprop_increase_factor=1.200000
rprop_decrease_factor=0.500000
rprop_delta_min=0.000000
rprop_delta_max=50.000000
rprop_delta_zero=0.100000
cascade_output_stagnation_epochs=12
cascade_candidate_change_fraction=0.010000
cascade_candidate_stagnation_epochs=12
cascade_max_out_epochs=150
cascade_min_out_epochs=50
cascade_max_cand_epochs=150
cascade_min_cand_epochs=50
cascade_num_candidate_groups=2
bit_fail_limit=3.49999994039535522461e-01
cascade_candidate_limit=1.00000000000000000000e+03
cascade_weight_multiplier=4.00000005960464477539e-01
cascade_activation_functions_count=10
cascade_activation_functions=3 5 7 8 10 11 14 15 16 17 
cascade_activation_steepnesses_count=4
cascade_activation_steepnesses=2.50000000000000000000e-01 5.00000000000000000000e-01 7.50000000000000000000e-01 1.00000000000000000000e+00 
layer_sizes=7 5 5 2 
scale_included=0
neurons (num_inputs, activation_function, activation_steepness)=(0, 0, 0.00000000000000000000e+00) (0, 0, 0.00000000000000000000e+00) (0, 0, 0.00000000000000000000e+00) (0, 0, 0.00000000000000000000e+00) (0, 0, 0.00000000000000000000e+00) (0, 0, 0.00000000000000000000e+00) (0, 0, 0.00000000000000000000e+00) (7, 3, 5.00000000000000000000e-01) (7, 3, 5.00000000000000000000e-01) (7, 3, 5.00000000000000000000e-01) (7, 3, 5.00000000000000000000e-01) (0, 3, 0.00000000000000000000e+00) (5, 3, 5.00000000000000000000e-01) (5, 3, 5.00000000000000000000e-01) (5, 3, 5.00000000000000000000e-01) (5, 3, 5.00000000000000000000e-01) (0, 3, 0.00000000000000000000e+00) (5, 0, 5.00000000000000000000e-01) (0, 0, 0.00000000000000000000e+00) 
connections (connected_to_neuron, weight)=(0, -1.35062839835882186890e-02) (1, 2.26935163140296936035e-01) (2, -2.20604971051216125488e-01) (3, -3.20752225816249847412e-02) (4, 2.03629270195960998535e-01) (5, -3.66736531257629394531e-01) (6, 4.32245969772338867188e+00) (0, -1.83123931288719177246e-01) (1, 5.99728047847747802734e-01) (2, -2.97277718782424926758e-01) (3, -1.22411865741014480591e-02) (4, 2.21431434154510498047e-01) (5, -2.24924355745315551758e-01) (6, 3.65472406148910522461e-01) (0, 8.24822634458541870117e-02) (1, -7.20070123672485351562e-01) (2, -9.34819355607032775879e-02) (3, 2.18586519360542297363e-01) (4, 4.24821861088275909424e-02) (5, -3.62026616930961608887e-02) (6, 1.87391090393066406250e+00) (0, -1.38495314121246337891e+00) (1, -8.11948585510253906250e+00) (2, 1.15462503433227539062e+01) (3, -6.39668321609497070312e+00) (4, -5.22965812683105468750e+00) (5, -3.98267974853515625000e+01) (6, -5.93073666095733642578e-01) (7, -1.52231907844543457031e+00) (8, -1.59538960456848144531e+00) (9, -5.05487442016601562500e+00) (10, 1.42403610229492187500e+02) (11, -1.71955093741416931152e-01) (7, -5.40553236007690429688e+00) (8, -1.99537544250488281250e+01) (9, -4.70117855072021484375e+00) (10, 1.42403610229492187500e+02) (11, 2.87025260925292968750e+00) (7, -1.22992002964019775391e+00) (8, -6.48892498016357421875e+00) (9, -1.97662103176116943359e+00) (10, 8.41299591064453125000e+01) (11, -1.02144926786422729492e-01) (7, 5.41073501110076904297e-01) (8, -1.38169884681701660156e+00) (9, 1.42913028597831726074e-01) (10, 1.42403610229492187500e+02) (11, -2.02253207564353942871e-01) (12, 1.95675328373908996582e-01) (13, 2.40847706794738769531e+00) (14, -1.01711785793304443359e+00) (15, 1.36263296008110046387e-01) (16, -3.35389375686645507812e-02) 
