FANN_FLO_2.1
num_layers=3
learning_rate=0.450000
connection_rate=1.000000
network_type=0
learning_momentum=0.000000
training_algorithm=2
train_error_function=1
train_stop_function=0
cascade_output_change_fraction=0.010000
quickprop_decay=-0.000100
quickprop_mu=1.750000
rprop_increase_factor=1.200000
rprop_decrease_factor=0.500000
rprop_delta_min=0.000000
rprop_delta_max=50.000000
rprop_delta_zero=0.100000
cascade_output_stagnation_epochs=12
cascade_candidate_change_fraction=0.010000
cascade_candidate_stagnation_epochs=12
cascade_max_out_epochs=150
cascade_min_out_epochs=50
cascade_max_cand_epochs=150
cascade_min_cand_epochs=50
cascade_num_candidate_groups=2
bit_fail_limit=3.49999994039535522461e-01
cascade_candidate_limit=1.00000000000000000000e+03
cascade_weight_multiplier=4.00000005960464477539e-01
cascade_activation_functions_count=10
cascade_activation_functions=3 5 7 8 10 11 14 15 16 17 
cascade_activation_steepnesses_count=4
cascade_activation_steepnesses=2.50000000000000000000e-01 5.00000000000000000000e-01 7.50000000000000000000e-01 1.00000000000000000000e+00 
layer_sizes=7 5 2 
scale_included=0
neurons (num_inputs, activation_function, activation_steepness)=(0, 0, 0.00000000000000000000e+00) (0, 0, 0.00000000000000000000e+00) (0, 0, 0.00000000000000000000e+00) (0, 0, 0.00000000000000000000e+00) (0, 0, 0.00000000000000000000e+00) (0, 0, 0.00000000000000000000e+00) (0, 0, 0.00000000000000000000e+00) (7, 3, 5.00000000000000000000e-01) (7, 3, 5.00000000000000000000e-01) (7, 3, 5.00000000000000000000e-01) (7, 3, 5.00000000000000000000e-01) (0, 3, 0.00000000000000000000e+00) (5, 0, 5.00000000000000000000e-01) (0, 0, 0.00000000000000000000e+00) 
connections (connected_to_neuron, weight)=(0, -9.67624317854642868042e-03) (1, 6.46787956357002258301e-02) (2, -5.21190539002418518066e-02) (3, 1.40553126111626625061e-02) (4, -7.19410255551338195801e-02) (5, 5.64691871404647827148e-02) (6, 5.58481311798095703125e+00) (0, 1.50000000000000000000e+03) (1, 1.50000000000000000000e+03) (2, -3.00208359956741333008e-01) (3, 1.50000000000000000000e+03) (4, 1.50000000000000000000e+03) (5, -1.34004592895507812500e+00) (6, 7.77940940856933593750e+00) (0, 1.50000000000000000000e+03) (1, 1.50000000000000000000e+03) (2, -2.95897275209426879883e-01) (3, 1.50000000000000000000e+03) (4, 1.50000000000000000000e+03) (5, -6.34968662261962890625e+00) (6, -3.54508519172668457031e-01) (0, -1.45530004882812500000e+03) (1, -1.50000000000000000000e+03) (2, -8.51902902126312255859e-01) (3, -9.77231750488281250000e+02) (4, -1.50000000000000000000e+03) (5, -6.62400946021080017090e-02) (6, -4.34764772653579711914e-01) (7, 1.72338027954101562500e+02) (8, -9.72205889411270618439e-05) (9, -1.71846221923828125000e+02) (10, 1.50000000000000000000e+03) (11, 1.71074330806732177734e-01) 
