FANN_FLO_2.1
num_layers=3
learning_rate=0.400000
connection_rate=1.000000
network_type=0
learning_momentum=0.000000
training_algorithm=2
train_error_function=1
train_stop_function=0
cascade_output_change_fraction=0.010000
quickprop_decay=-0.000100
quickprop_mu=1.750000
rprop_increase_factor=1.200000
rprop_decrease_factor=0.500000
rprop_delta_min=0.000000
rprop_delta_max=50.000000
rprop_delta_zero=0.100000
cascade_output_stagnation_epochs=12
cascade_candidate_change_fraction=0.010000
cascade_candidate_stagnation_epochs=12
cascade_max_out_epochs=150
cascade_min_out_epochs=50
cascade_max_cand_epochs=150
cascade_min_cand_epochs=50
cascade_num_candidate_groups=2
bit_fail_limit=3.49999994039535522461e-01
cascade_candidate_limit=1.00000000000000000000e+03
cascade_weight_multiplier=4.00000005960464477539e-01
cascade_activation_functions_count=10
cascade_activation_functions=3 5 7 8 10 11 14 15 16 17 
cascade_activation_steepnesses_count=4
cascade_activation_steepnesses=2.50000000000000000000e-01 5.00000000000000000000e-01 7.50000000000000000000e-01 1.00000000000000000000e+00 
layer_sizes=10 3 2 
scale_included=0
neurons (num_inputs, activation_function, activation_steepness)=(0, 0, 0.00000000000000000000e+00) (0, 0, 0.00000000000000000000e+00) (0, 0, 0.00000000000000000000e+00) (0, 0, 0.00000000000000000000e+00) (0, 0, 0.00000000000000000000e+00) (0, 0, 0.00000000000000000000e+00) (0, 0, 0.00000000000000000000e+00) (0, 0, 0.00000000000000000000e+00) (0, 0, 0.00000000000000000000e+00) (0, 0, 0.00000000000000000000e+00) (10, 3, 5.00000000000000000000e-01) (10, 3, 5.00000000000000000000e-01) (0, 3, 0.00000000000000000000e+00) (3, 3, 5.00000000000000000000e-01) (0, 3, 0.00000000000000000000e+00) 
connections (connected_to_neuron, weight)=(0, 6.28505274653434753418e-02) (1, 5.75375594198703765869e-02) (2, 1.78375691175460815430e-01) (3, 9.18376445770263671875e-02) (4, 1.23991474509239196777e-01) (5, 1.40865400433540344238e-01) (6, 1.72254264354705810547e-01) (7, 6.94236084818840026855e-02) (8, 1.49251669645309448242e-01) (9, 1.34793072938919067383e-01) (0, 5.65509349107742309570e-02) (1, 2.11638003587722778320e-01) (2, 1.13472744822502136230e-01) (3, 4.80326637625694274902e-02) (4, 4.52478155493736267090e-02) (5, 1.15926839411258697510e-01) (6, 7.88316130638122558594e-02) (7, 6.51613771915435791016e-02) (8, 9.90565493702888488770e-02) (9, 1.02607890963554382324e-01) (10, -1.33191004395484924316e-01) (11, -1.37154132127761840820e-01) (12, -1.86256900429725646973e-01) 
