FANN_FLO_2.1
num_layers=3
learning_rate=0.500000
connection_rate=1.000000
network_type=0
learning_momentum=0.000000
training_algorithm=2
train_error_function=1
train_stop_function=0
cascade_output_change_fraction=0.010000
quickprop_decay=-0.000100
quickprop_mu=1.750000
rprop_increase_factor=1.200000
rprop_decrease_factor=0.500000
rprop_delta_min=0.000000
rprop_delta_max=50.000000
rprop_delta_zero=0.100000
cascade_output_stagnation_epochs=12
cascade_candidate_change_fraction=0.010000
cascade_candidate_stagnation_epochs=12
cascade_max_out_epochs=150
cascade_min_out_epochs=50
cascade_max_cand_epochs=150
cascade_min_cand_epochs=50
cascade_num_candidate_groups=2
bit_fail_limit=3.49999994039535522461e-01
cascade_candidate_limit=1.00000000000000000000e+03
cascade_weight_multiplier=4.00000005960464477539e-01
cascade_activation_functions_count=10
cascade_activation_functions=3 5 7 8 10 11 14 15 16 17 
cascade_activation_steepnesses_count=4
cascade_activation_steepnesses=2.50000000000000000000e-01 5.00000000000000000000e-01 7.50000000000000000000e-01 1.00000000000000000000e+00 
layer_sizes=10 5 2 
scale_included=0
neurons (num_inputs, activation_function, activation_steepness)=(0, 0, 0.00000000000000000000e+00) (0, 0, 0.00000000000000000000e+00) (0, 0, 0.00000000000000000000e+00) (0, 0, 0.00000000000000000000e+00) (0, 0, 0.00000000000000000000e+00) (0, 0, 0.00000000000000000000e+00) (0, 0, 0.00000000000000000000e+00) (0, 0, 0.00000000000000000000e+00) (0, 0, 0.00000000000000000000e+00) (0, 0, 0.00000000000000000000e+00) (10, 3, 5.00000000000000000000e-01) (10, 3, 5.00000000000000000000e-01) (10, 3, 5.00000000000000000000e-01) (10, 3, 5.00000000000000000000e-01) (0, 3, 0.00000000000000000000e+00) (5, 3, 5.00000000000000000000e-01) (0, 3, 0.00000000000000000000e+00) 
connections (connected_to_neuron, weight)=(0, 4.23227965831756591797e-01) (1, 4.05056565999984741211e-01) (2, 1.35815942287445068359e+00) (3, 4.52753186225891113281e-01) (4, -1.31042718887329101562e+00) (5, 7.53975629806518554688e-01) (6, 1.30060064792633056641e+00) (7, 7.07412838935852050781e-01) (8, 1.35076433420181274414e-01) (9, -1.14943087100982666016e+00) (0, -3.71802717447280883789e-01) (1, -3.76067936420440673828e-01) (2, 3.23093309998512268066e-02) (3, -3.08052986860275268555e-01) (4, -9.43272054195404052734e-01) (5, -4.44914698600769042969e-01) (6, -5.46020083129405975342e-02) (7, -3.47084879875183105469e-01) (8, -6.03971958160400390625e-01) (9, 6.93610429763793945312e-01) (0, -4.55274343490600585938e-01) (1, -6.05336189270019531250e-01) (2, 4.99277468770742416382e-03) (3, -6.09240770339965820312e-01) (4, -9.94652032852172851562e-01) (5, -2.55815595388412475586e-01) (6, -6.70631080865859985352e-02) (7, -4.35345768928527832031e-01) (8, -5.15823125839233398438e-01) (9, 1.66898298263549804688e+00) (0, -3.43210428953170776367e-01) (1, -3.54422807693481445312e-01) (2, -2.90714591741561889648e-01) (3, -4.05967950820922851562e-01) (4, -9.12658274173736572266e-01) (5, -3.00669610500335693359e-01) (6, -1.33385807275772094727e-01) (7, -2.11449280381202697754e-01) (8, -3.72115314006805419922e-01) (9, 7.21066296100616455078e-01) (10, 1.38985455036163330078e+00) (11, -1.24351453781127929688e+00) (12, -1.34385526180267333984e+00) (13, -1.18688857555389404297e+00) (14, 2.49051690101623535156e-01) 
