FANN_FLO_2.1
num_layers=3
learning_rate=0.500000
connection_rate=1.000000
network_type=0
learning_momentum=0.000000
training_algorithm=2
train_error_function=1
train_stop_function=0
cascade_output_change_fraction=0.010000
quickprop_decay=-0.000100
quickprop_mu=1.750000
rprop_increase_factor=1.200000
rprop_decrease_factor=0.500000
rprop_delta_min=0.000000
rprop_delta_max=50.000000
rprop_delta_zero=0.100000
cascade_output_stagnation_epochs=12
cascade_candidate_change_fraction=0.010000
cascade_candidate_stagnation_epochs=12
cascade_max_out_epochs=150
cascade_min_out_epochs=50
cascade_max_cand_epochs=150
cascade_min_cand_epochs=50
cascade_num_candidate_groups=2
bit_fail_limit=3.49999994039535522461e-01
cascade_candidate_limit=1.00000000000000000000e+03
cascade_weight_multiplier=4.00000005960464477539e-01
cascade_activation_functions_count=10
cascade_activation_functions=3 5 7 8 10 11 14 15 16 17 
cascade_activation_steepnesses_count=4
cascade_activation_steepnesses=2.50000000000000000000e-01 5.00000000000000000000e-01 7.50000000000000000000e-01 1.00000000000000000000e+00 
layer_sizes=10 5 2 
scale_included=0
neurons (num_inputs, activation_function, activation_steepness)=(0, 0, 0.00000000000000000000e+00) (0, 0, 0.00000000000000000000e+00) (0, 0, 0.00000000000000000000e+00) (0, 0, 0.00000000000000000000e+00) (0, 0, 0.00000000000000000000e+00) (0, 0, 0.00000000000000000000e+00) (0, 0, 0.00000000000000000000e+00) (0, 0, 0.00000000000000000000e+00) (0, 0, 0.00000000000000000000e+00) (0, 0, 0.00000000000000000000e+00) (10, 3, 5.00000000000000000000e-01) (10, 3, 5.00000000000000000000e-01) (10, 3, 5.00000000000000000000e-01) (10, 3, 5.00000000000000000000e-01) (0, 3, 0.00000000000000000000e+00) (5, 3, 5.00000000000000000000e-01) (0, 3, 0.00000000000000000000e+00) 
connections (connected_to_neuron, weight)=(0, -3.94102334976196289062e-01) (1, -6.14633500576019287109e-01) (2, -2.80461519956588745117e-01) (3, -1.58056288957595825195e-01) (4, -2.22221598029136657715e-01) (5, -4.09875720739364624023e-01) (6, -2.15425729751586914062e-01) (7, -3.13815861940383911133e-01) (8, -4.61373895406723022461e-01) (9, 9.17376279830932617188e-01) (0, 4.33159381151199340820e-01) (1, 5.84807060658931732178e-02) (2, 3.64218443632125854492e-01) (3, 4.85948264598846435547e-01) (4, 2.85453408956527709961e-01) (5, 2.52700120210647583008e-01) (6, 3.33319187164306640625e-01) (7, 4.11885470151901245117e-01) (8, 3.30213665962219238281e-01) (9, -6.31749272346496582031e-01) (0, -2.32402563095092773438e-01) (1, -4.84387964010238647461e-01) (2, -3.70002120733261108398e-01) (3, -1.10237887129187583923e-02) (4, -3.49660903215408325195e-01) (5, -3.39182645082473754883e-01) (6, -3.73042166233062744141e-01) (7, -3.31453710794448852539e-01) (8, -3.51802319288253784180e-01) (9, 7.55524992942810058594e-01) (0, -2.41053298115730285645e-01) (1, -2.34798893332481384277e-01) (2, -2.86220788955688476562e-01) (3, -7.30450153350830078125e-01) (4, -3.51111590862274169922e-01) (5, -3.26331019401550292969e-01) (6, -4.09470260143280029297e-01) (7, -2.66706883907318115234e-01) (8, -1.59364640712738037109e-01) (9, 8.36342215538024902344e-01) (10, -1.52472817897796630859e+00) (11, 1.95094168186187744141e+00) (12, -1.40673983097076416016e+00) (13, -1.39453315734863281250e+00) (14, 1.32962539792060852051e-01) 
