FANN_FLO_2.1
num_layers=3
learning_rate=0.500000
connection_rate=1.000000
network_type=0
learning_momentum=0.000000
training_algorithm=2
train_error_function=1
train_stop_function=0
cascade_output_change_fraction=0.010000
quickprop_decay=-0.000100
quickprop_mu=1.750000
rprop_increase_factor=1.200000
rprop_decrease_factor=0.500000
rprop_delta_min=0.000000
rprop_delta_max=50.000000
rprop_delta_zero=0.100000
cascade_output_stagnation_epochs=12
cascade_candidate_change_fraction=0.010000
cascade_candidate_stagnation_epochs=12
cascade_max_out_epochs=150
cascade_min_out_epochs=50
cascade_max_cand_epochs=150
cascade_min_cand_epochs=50
cascade_num_candidate_groups=2
bit_fail_limit=3.49999994039535522461e-01
cascade_candidate_limit=1.00000000000000000000e+03
cascade_weight_multiplier=4.00000005960464477539e-01
cascade_activation_functions_count=10
cascade_activation_functions=3 5 7 8 10 11 14 15 16 17 
cascade_activation_steepnesses_count=4
cascade_activation_steepnesses=2.50000000000000000000e-01 5.00000000000000000000e-01 7.50000000000000000000e-01 1.00000000000000000000e+00 
layer_sizes=10 3 2 
scale_included=0
neurons (num_inputs, activation_function, activation_steepness)=(0, 0, 0.00000000000000000000e+00) (0, 0, 0.00000000000000000000e+00) (0, 0, 0.00000000000000000000e+00) (0, 0, 0.00000000000000000000e+00) (0, 0, 0.00000000000000000000e+00) (0, 0, 0.00000000000000000000e+00) (0, 0, 0.00000000000000000000e+00) (0, 0, 0.00000000000000000000e+00) (0, 0, 0.00000000000000000000e+00) (0, 0, 0.00000000000000000000e+00) (10, 3, 5.00000000000000000000e-01) (10, 3, 5.00000000000000000000e-01) (0, 3, 0.00000000000000000000e+00) (3, 3, 5.00000000000000000000e-01) (0, 3, 0.00000000000000000000e+00) 
connections (connected_to_neuron, weight)=(0, -3.64783972501754760742e-01) (1, -5.78543901443481445312e-01) (2, -3.63442271947860717773e-01) (3, -1.26304721832275390625e+00) (4, -9.06767547130584716797e-01) (5, -5.93949556350708007812e-01) (6, -4.34871107339859008789e-01) (7, -5.69492101669311523438e-01) (8, -4.83093410730361938477e-01) (9, 2.29010748863220214844e+00) (0, -8.24293494224548339844e-01) (1, -6.69488966464996337891e-01) (2, -8.03095161914825439453e-01) (3, -6.32090866565704345703e-02) (4, -3.10597777366638183594e-01) (5, -6.11222684383392333984e-01) (6, -7.95885384082794189453e-01) (7, -6.59236431121826171875e-01) (8, -7.23890602588653564453e-01) (9, 2.47534871101379394531e+00) (10, -1.46000778675079345703e+00) (11, -1.83456397056579589844e+00) (12, 1.36657404899597167969e+00) 
