FANN_FLO_2.1
num_layers=3
learning_rate=0.500000
connection_rate=1.000000
network_type=0
learning_momentum=0.000000
training_algorithm=2
train_error_function=1
train_stop_function=0
cascade_output_change_fraction=0.010000
quickprop_decay=-0.000100
quickprop_mu=1.750000
rprop_increase_factor=1.200000
rprop_decrease_factor=0.500000
rprop_delta_min=0.000000
rprop_delta_max=50.000000
rprop_delta_zero=0.100000
cascade_output_stagnation_epochs=12
cascade_candidate_change_fraction=0.010000
cascade_candidate_stagnation_epochs=12
cascade_max_out_epochs=150
cascade_min_out_epochs=50
cascade_max_cand_epochs=150
cascade_min_cand_epochs=50
cascade_num_candidate_groups=2
bit_fail_limit=3.49999994039535522461e-01
cascade_candidate_limit=1.00000000000000000000e+03
cascade_weight_multiplier=4.00000005960464477539e-01
cascade_activation_functions_count=10
cascade_activation_functions=3 5 7 8 10 11 14 15 16 17 
cascade_activation_steepnesses_count=4
cascade_activation_steepnesses=2.50000000000000000000e-01 5.00000000000000000000e-01 7.50000000000000000000e-01 1.00000000000000000000e+00 
layer_sizes=10 5 2 
scale_included=0
neurons (num_inputs, activation_function, activation_steepness)=(0, 0, 0.00000000000000000000e+00) (0, 0, 0.00000000000000000000e+00) (0, 0, 0.00000000000000000000e+00) (0, 0, 0.00000000000000000000e+00) (0, 0, 0.00000000000000000000e+00) (0, 0, 0.00000000000000000000e+00) (0, 0, 0.00000000000000000000e+00) (0, 0, 0.00000000000000000000e+00) (0, 0, 0.00000000000000000000e+00) (0, 0, 0.00000000000000000000e+00) (10, 3, 5.00000000000000000000e-01) (10, 3, 5.00000000000000000000e-01) (10, 3, 5.00000000000000000000e-01) (10, 3, 5.00000000000000000000e-01) (0, 3, 0.00000000000000000000e+00) (5, 3, 5.00000000000000000000e-01) (0, 3, 0.00000000000000000000e+00) 
connections (connected_to_neuron, weight)=(0, -4.31022822856903076172e-01) (1, -4.29686516523361206055e-01) (2, -4.71985280513763427734e-01) (3, -3.73077392578125000000e-01) (4, 3.98668855428695678711e-01) (5, -5.80353200435638427734e-01) (6, -5.60072958469390869141e-01) (7, -4.00340706110000610352e-01) (8, -5.13991534709930419922e-01) (9, 9.00613009929656982422e-01) (0, -3.73580843210220336914e-01) (1, -3.96298527717590332031e-01) (2, -3.85867536067962646484e-01) (3, -3.19179743528366088867e-01) (4, -2.72570997476577758789e-01) (5, -3.70160222053527832031e-01) (6, -4.18958157300949096680e-01) (7, -3.89392435550689697266e-01) (8, -3.26894342899322509766e-01) (9, 5.76984345912933349609e-01) (0, -3.69109988212585449219e-01) (1, -3.74096542596817016602e-01) (2, -4.52093631029129028320e-01) (3, -5.10543882846832275391e-01) (4, -2.22917363047599792480e-01) (5, -1.46193861961364746094e-01) (6, -4.52442646026611328125e-01) (7, -3.58249366283416748047e-01) (8, -3.98087322711944580078e-01) (9, 5.81657528877258300781e-01) (0, -3.85039299726486206055e-01) (1, -3.40822428464889526367e-01) (2, -2.47056096792221069336e-01) (3, -1.37160047888755798340e-01) (4, -7.59556353092193603516e-01) (5, -4.39242541790008544922e-01) (6, -2.46494516730308532715e-01) (7, -3.57414036989212036133e-01) (8, -3.33666115999221801758e-01) (9, 7.44113087654113769531e-01) (10, -4.79202300310134887695e-01) (11, -1.57223737239837646484e+00) (12, -2.11206746101379394531e+00) (13, -1.99164938926696777344e+00) (14, 1.70536661148071289062e+00) 
