FANN_FLO_2.1
num_layers=4
learning_rate=0.500000
connection_rate=1.000000
network_type=0
learning_momentum=0.000000
training_algorithm=2
train_error_function=1
train_stop_function=0
cascade_output_change_fraction=0.010000
quickprop_decay=-0.000100
quickprop_mu=1.750000
rprop_increase_factor=1.200000
rprop_decrease_factor=0.500000
rprop_delta_min=0.000000
rprop_delta_max=50.000000
rprop_delta_zero=0.100000
cascade_output_stagnation_epochs=12
cascade_candidate_change_fraction=0.010000
cascade_candidate_stagnation_epochs=12
cascade_max_out_epochs=150
cascade_min_out_epochs=50
cascade_max_cand_epochs=150
cascade_min_cand_epochs=50
cascade_num_candidate_groups=2
bit_fail_limit=3.49999994039535522461e-01
cascade_candidate_limit=1.00000000000000000000e+03
cascade_weight_multiplier=4.00000005960464477539e-01
cascade_activation_functions_count=10
cascade_activation_functions=3 5 7 8 10 11 14 15 16 17 
cascade_activation_steepnesses_count=4
cascade_activation_steepnesses=2.50000000000000000000e-01 5.00000000000000000000e-01 7.50000000000000000000e-01 1.00000000000000000000e+00 
layer_sizes=4 5 3 2 
scale_included=0
neurons (num_inputs, activation_function, activation_steepness)=(0, 0, 0.00000000000000000000e+00) (0, 0, 0.00000000000000000000e+00) (0, 0, 0.00000000000000000000e+00) (0, 0, 0.00000000000000000000e+00) (4, 3, 5.00000000000000000000e-01) (4, 3, 5.00000000000000000000e-01) (4, 3, 5.00000000000000000000e-01) (4, 3, 5.00000000000000000000e-01) (0, 3, 0.00000000000000000000e+00) (5, 3, 5.00000000000000000000e-01) (5, 3, 5.00000000000000000000e-01) (0, 3, 0.00000000000000000000e+00) (3, 3, 5.00000000000000000000e-01) (0, 3, 0.00000000000000000000e+00) 
connections (connected_to_neuron, weight)=(0, -2.44920420646667480469e+00) (1, -1.16269397735595703125e+01) (2, 3.30243325233459472656e+00) (3, 3.04142045974731445312e+00) (0, -1.87327229976654052734e+00) (1, -1.16982994079589843750e+01) (2, 5.28770685195922851562e+00) (3, 1.70803880691528320312e+00) (0, -3.53191995620727539062e+00) (1, 1.43889510631561279297e+00) (2, -4.11453104019165039062e+00) (3, 2.12262916564941406250e+00) (0, -3.89432883262634277344e+00) (1, -5.43675613403320312500e+00) (2, 8.86385217308998107910e-02) (3, 1.85942196846008300781e+00) (4, 1.12467746734619140625e+01) (5, 3.58992075920104980469e+00) (6, 2.74050788879394531250e+01) (7, 4.87630510330200195312e+00) (8, -9.34048748016357421875e+00) (4, 8.12818336486816406250e+00) (5, 2.40103340148925781250e+00) (6, 2.22278804779052734375e+01) (7, 4.82622671127319335938e+00) (8, -7.31283569335937500000e+00) (9, -2.77636432647705078125e+00) (10, -2.53888893127441406250e+00) (11, 2.97963261604309082031e+00) 
