FANN_FLO_2.1
num_layers=3
learning_rate=0.500000
connection_rate=1.000000
network_type=0
learning_momentum=0.000000
training_algorithm=2
train_error_function=1
train_stop_function=0
cascade_output_change_fraction=0.010000
quickprop_decay=-0.000100
quickprop_mu=1.750000
rprop_increase_factor=1.200000
rprop_decrease_factor=0.500000
rprop_delta_min=0.000000
rprop_delta_max=50.000000
rprop_delta_zero=0.100000
cascade_output_stagnation_epochs=12
cascade_candidate_change_fraction=0.010000
cascade_candidate_stagnation_epochs=12
cascade_max_out_epochs=150
cascade_min_out_epochs=50
cascade_max_cand_epochs=150
cascade_min_cand_epochs=50
cascade_num_candidate_groups=2
bit_fail_limit=3.49999994039535522461e-01
cascade_candidate_limit=1.00000000000000000000e+03
cascade_weight_multiplier=4.00000005960464477539e-01
cascade_activation_functions_count=10
cascade_activation_functions=3 5 7 8 10 11 14 15 16 17 
cascade_activation_steepnesses_count=4
cascade_activation_steepnesses=2.50000000000000000000e-01 5.00000000000000000000e-01 7.50000000000000000000e-01 1.00000000000000000000e+00 
layer_sizes=3 5 4 
scale_included=0
neurons (num_inputs, activation_function, activation_steepness)=(0, 0, 0.00000000000000000000e+00) (0, 0, 0.00000000000000000000e+00) (0, 0, 0.00000000000000000000e+00) (3, 3, 5.00000000000000000000e-01) (3, 3, 5.00000000000000000000e-01) (3, 3, 5.00000000000000000000e-01) (3, 3, 5.00000000000000000000e-01) (0, 3, 0.00000000000000000000e+00) (5, 0, 5.00000000000000000000e-01) (5, 0, 5.00000000000000000000e-01) (5, 0, 5.00000000000000000000e-01) (0, 0, 0.00000000000000000000e+00) 
connections (connected_to_neuron, weight)=(0, -1.82251033782958984375e+01) (1, 8.59745311737060546875e+00) (2, 1.10894632339477539062e+01) (0, -2.97872138023376464844e+00) (1, 4.06704962253570556641e-01) (2, 1.04193694889545440674e-01) (0, -1.77784502506256103516e+00) (1, -2.06187343597412109375e+00) (2, 3.59570950269699096680e-01) (0, -1.17196578979492187500e+01) (1, 1.24479475021362304688e+01) (2, 8.70290851593017578125e+00) (3, 2.64220714569091796875e-01) (4, 4.41480159759521484375e+00) (5, 3.34529876708984375000e+00) (6, 1.74810862541198730469e+00) (7, 9.51572954654693603516e-01) (3, 2.70951199531555175781e+00) (4, 1.07098960876464843750e+01) (5, 1.06867990493774414062e+01) (6, 5.36164855957031250000e+00) (7, 4.33457851409912109375e+00) (3, 1.01148042678833007812e+01) (4, 3.17690868377685546875e+01) (5, 3.63451614379882812500e+01) (6, 1.60501861572265625000e+01) (7, 2.00797710418701171875e+01) 
