FANN_FLO_2.1
num_layers=3
learning_rate=0.500000
connection_rate=1.000000
network_type=0
learning_momentum=0.000000
training_algorithm=2
train_error_function=1
train_stop_function=0
cascade_output_change_fraction=0.010000
quickprop_decay=-0.000100
quickprop_mu=1.750000
rprop_increase_factor=1.200000
rprop_decrease_factor=0.500000
rprop_delta_min=0.000000
rprop_delta_max=50.000000
rprop_delta_zero=0.100000
cascade_output_stagnation_epochs=12
cascade_candidate_change_fraction=0.010000
cascade_candidate_stagnation_epochs=12
cascade_max_out_epochs=150
cascade_min_out_epochs=50
cascade_max_cand_epochs=150
cascade_min_cand_epochs=50
cascade_num_candidate_groups=2
bit_fail_limit=3.49999994039535522461e-01
cascade_candidate_limit=1.00000000000000000000e+03
cascade_weight_multiplier=4.00000005960464477539e-01
cascade_activation_functions_count=10
cascade_activation_functions=3 5 7 8 10 11 14 15 16 17 
cascade_activation_steepnesses_count=4
cascade_activation_steepnesses=2.50000000000000000000e-01 5.00000000000000000000e-01 7.50000000000000000000e-01 1.00000000000000000000e+00 
layer_sizes=3 9 4 
scale_included=0
neurons (num_inputs, activation_function, activation_steepness)=(0, 0, 0.00000000000000000000e+00) (0, 0, 0.00000000000000000000e+00) (0, 0, 0.00000000000000000000e+00) (3, 3, 5.00000000000000000000e-01) (3, 3, 5.00000000000000000000e-01) (3, 3, 5.00000000000000000000e-01) (3, 3, 5.00000000000000000000e-01) (3, 3, 5.00000000000000000000e-01) (3, 3, 5.00000000000000000000e-01) (3, 3, 5.00000000000000000000e-01) (3, 3, 5.00000000000000000000e-01) (0, 3, 0.00000000000000000000e+00) (9, 0, 5.00000000000000000000e-01) (9, 0, 5.00000000000000000000e-01) (9, 0, 5.00000000000000000000e-01) (0, 0, 0.00000000000000000000e+00) 
connections (connected_to_neuron, weight)=(0, -3.97970724105834960938e+00) (1, -7.43315339088439941406e-01) (2, 8.19089829921722412109e-01) (0, -5.40078544616699218750e+00) (1, 4.45820808410644531250e+00) (2, 9.72898483276367187500e+00) (0, -1.97615838050842285156e+00) (1, -3.76652550697326660156e+00) (2, 6.41184687614440917969e-01) (0, -2.88168859481811523438e+00) (1, 1.49369418621063232422e+00) (2, 5.10890781879425048828e-01) (0, -3.93875098228454589844e+00) (1, -2.87166881561279296875e+00) (2, 9.87898111343383789062e-01) (0, -7.29074668884277343750e+00) (1, 8.37039947509765625000e+00) (2, 6.47786092758178710938e+00) (0, -2.68123888969421386719e+00) (1, -1.30414083600044250488e-01) (2, 1.77588880062103271484e+00) (0, -2.37997674942016601562e+00) (1, 2.50873041152954101562e+00) (2, 8.05797636508941650391e-01) (3, 1.81092548370361328125e+00) (4, 3.70787322521209716797e-01) (5, 1.60369348526000976562e+00) (6, 2.15673851966857910156e+00) (7, 2.15997409820556640625e+00) (8, 2.94582039117813110352e-01) (9, -1.15167230367660522461e-01) (10, 2.08001089096069335938e+00) (11, 3.12943786382675170898e-01) (3, 4.15742206573486328125e+00) (4, 1.93273854255676269531e+00) (5, 6.16951465606689453125e+00) (6, 4.81015682220458984375e+00) (7, 4.43674182891845703125e+00) (8, 1.99661183357238769531e+00) (9, 3.35862827301025390625e+00) (10, 5.01257944107055664062e+00) (11, 1.89504337310791015625e+00) (3, 1.29648380279541015625e+01) (4, 8.58045578002929687500e+00) (5, 2.11261081695556640625e+01) (6, 1.39424867630004882812e+01) (7, 1.28479623794555664062e+01) (8, 8.61369800567626953125e+00) (9, 1.31560373306274414062e+01) (10, 1.39134769439697265625e+01) (11, 8.57553195953369140625e+00) 
