FANN_FLO_2.1
num_layers=3
learning_rate=0.500000
connection_rate=1.000000
network_type=0
learning_momentum=0.000000
training_algorithm=2
train_error_function=1
train_stop_function=0
cascade_output_change_fraction=0.010000
quickprop_decay=-0.000100
quickprop_mu=1.750000
rprop_increase_factor=1.200000
rprop_decrease_factor=0.500000
rprop_delta_min=0.000000
rprop_delta_max=50.000000
rprop_delta_zero=0.100000
cascade_output_stagnation_epochs=12
cascade_candidate_change_fraction=0.010000
cascade_candidate_stagnation_epochs=12
cascade_max_out_epochs=150
cascade_min_out_epochs=50
cascade_max_cand_epochs=150
cascade_min_cand_epochs=50
cascade_num_candidate_groups=2
bit_fail_limit=3.49999994039535522461e-01
cascade_candidate_limit=1.00000000000000000000e+03
cascade_weight_multiplier=4.00000005960464477539e-01
cascade_activation_functions_count=10
cascade_activation_functions=3 5 7 8 10 11 14 15 16 17 
cascade_activation_steepnesses_count=4
cascade_activation_steepnesses=2.50000000000000000000e-01 5.00000000000000000000e-01 7.50000000000000000000e-01 1.00000000000000000000e+00 
layer_sizes=10 3 2 
scale_included=0
neurons (num_inputs, activation_function, activation_steepness)=(0, 0, 0.00000000000000000000e+00) (0, 0, 0.00000000000000000000e+00) (0, 0, 0.00000000000000000000e+00) (0, 0, 0.00000000000000000000e+00) (0, 0, 0.00000000000000000000e+00) (0, 0, 0.00000000000000000000e+00) (0, 0, 0.00000000000000000000e+00) (0, 0, 0.00000000000000000000e+00) (0, 0, 0.00000000000000000000e+00) (0, 0, 0.00000000000000000000e+00) (10, 3, 5.00000000000000000000e-01) (10, 3, 5.00000000000000000000e-01) (0, 3, 0.00000000000000000000e+00) (3, 3, 5.00000000000000000000e-01) (0, 3, 0.00000000000000000000e+00) 
connections (connected_to_neuron, weight)=(0, -3.78998130559921264648e-01) (1, -3.92736434936523437500e-01) (2, -5.45844376087188720703e-01) (3, -4.39408332109451293945e-01) (4, -3.42485755681991577148e-01) (5, -4.27154242992401123047e-01) (6, -4.00037795305252075195e-01) (7, -4.04001891613006591797e-01) (8, -4.17612135410308837891e-01) (9, 1.19670844078063964844e+00) (0, -4.51025873422622680664e-01) (1, -4.61391896009445190430e-01) (2, -3.07633012533187866211e-01) (3, -3.84565830230712890625e-01) (4, -4.92295980453491210938e-01) (5, -4.15012210607528686523e-01) (6, -4.50348407030105590820e-01) (7, -4.39230173826217651367e-01) (8, -4.29271638393402099609e-01) (9, 1.29313147068023681641e+00) (10, -2.48824310302734375000e+00) (11, -2.32820177078247070312e+00) (12, 1.66162502765655517578e+00) 
