FANN_FLO_2.1
num_layers=3
learning_rate=0.500000
connection_rate=1.000000
network_type=0
learning_momentum=0.000000
training_algorithm=2
train_error_function=1
train_stop_function=0
cascade_output_change_fraction=0.010000
quickprop_decay=-0.000100
quickprop_mu=1.750000
rprop_increase_factor=1.200000
rprop_decrease_factor=0.500000
rprop_delta_min=0.000000
rprop_delta_max=50.000000
rprop_delta_zero=0.100000
cascade_output_stagnation_epochs=12
cascade_candidate_change_fraction=0.010000
cascade_candidate_stagnation_epochs=12
cascade_max_out_epochs=150
cascade_min_out_epochs=50
cascade_max_cand_epochs=150
cascade_min_cand_epochs=50
cascade_num_candidate_groups=2
bit_fail_limit=3.49999994039535522461e-01
cascade_candidate_limit=1.00000000000000000000e+03
cascade_weight_multiplier=4.00000005960464477539e-01
cascade_activation_functions_count=10
cascade_activation_functions=3 5 7 8 10 11 14 15 16 17 
cascade_activation_steepnesses_count=4
cascade_activation_steepnesses=2.50000000000000000000e-01 5.00000000000000000000e-01 7.50000000000000000000e-01 1.00000000000000000000e+00 
layer_sizes=10 3 2 
scale_included=0
neurons (num_inputs, activation_function, activation_steepness)=(0, 0, 0.00000000000000000000e+00) (0, 0, 0.00000000000000000000e+00) (0, 0, 0.00000000000000000000e+00) (0, 0, 0.00000000000000000000e+00) (0, 0, 0.00000000000000000000e+00) (0, 0, 0.00000000000000000000e+00) (0, 0, 0.00000000000000000000e+00) (0, 0, 0.00000000000000000000e+00) (0, 0, 0.00000000000000000000e+00) (0, 0, 0.00000000000000000000e+00) (10, 3, 5.00000000000000000000e-01) (10, 3, 5.00000000000000000000e-01) (0, 3, 0.00000000000000000000e+00) (3, 3, 5.00000000000000000000e-01) (0, 3, 0.00000000000000000000e+00) 
connections (connected_to_neuron, weight)=(0, 4.92258758544921875000e+01) (1, 7.13723611831665039062e+00) (2, 2.88858776092529296875e+01) (3, 2.00253753662109375000e+01) (4, -2.63548507690429687500e+01) (5, 4.02367362976074218750e+01) (6, -1.97850170135498046875e+01) (7, -5.66878471374511718750e+01) (8, 1.83066558837890625000e+01) (9, -2.87521820068359375000e+01) (0, -8.66247594356536865234e-01) (1, -1.17938959598541259766e+00) (2, -9.52820599079132080078e-01) (3, -8.70730996131896972656e-01) (4, -1.28313779830932617188e+00) (5, -9.08218145370483398438e-01) (6, -1.44964396953582763672e+00) (7, -1.49409651756286621094e+00) (8, -9.43478822708129882812e-01) (9, 4.49159193038940429688e+00) (10, 9.86046418547630310059e-02) (11, -1.92265951633453369141e+00) (12, 7.04361379146575927734e-01) 
