FANN_FLO_2.1
num_layers=3
learning_rate=0.500000
connection_rate=1.000000
network_type=0
learning_momentum=0.000000
training_algorithm=2
train_error_function=1
train_stop_function=0
cascade_output_change_fraction=0.010000
quickprop_decay=-0.000100
quickprop_mu=1.750000
rprop_increase_factor=1.200000
rprop_decrease_factor=0.500000
rprop_delta_min=0.000000
rprop_delta_max=50.000000
rprop_delta_zero=0.100000
cascade_output_stagnation_epochs=12
cascade_candidate_change_fraction=0.010000
cascade_candidate_stagnation_epochs=12
cascade_max_out_epochs=150
cascade_min_out_epochs=50
cascade_max_cand_epochs=150
cascade_min_cand_epochs=50
cascade_num_candidate_groups=2
bit_fail_limit=3.49999994039535522461e-01
cascade_candidate_limit=1.00000000000000000000e+03
cascade_weight_multiplier=4.00000005960464477539e-01
cascade_activation_functions_count=10
cascade_activation_functions=3 5 7 8 10 11 14 15 16 17 
cascade_activation_steepnesses_count=4
cascade_activation_steepnesses=2.50000000000000000000e-01 5.00000000000000000000e-01 7.50000000000000000000e-01 1.00000000000000000000e+00 
layer_sizes=3 5 4 
scale_included=0
neurons (num_inputs, activation_function, activation_steepness)=(0, 0, 0.00000000000000000000e+00) (0, 0, 0.00000000000000000000e+00) (0, 0, 0.00000000000000000000e+00) (3, 3, 5.00000000000000000000e-01) (3, 3, 5.00000000000000000000e-01) (3, 3, 5.00000000000000000000e-01) (3, 3, 5.00000000000000000000e-01) (0, 3, 0.00000000000000000000e+00) (5, 0, 5.00000000000000000000e-01) (5, 0, 5.00000000000000000000e-01) (5, 0, 5.00000000000000000000e-01) (0, 0, 0.00000000000000000000e+00) 
connections (connected_to_neuron, weight)=(0, -1.50000000000000000000e+03) (1, -3.00118541717529296875e+01) (2, 1.19630851745605468750e+01) (0, -1.05919731140136718750e+02) (1, 6.97401857376098632812e+00) (2, 4.72837448120117187500e+01) (0, -9.95125579833984375000e+00) (1, 6.17217636108398437500e+00) (2, 8.15728855133056640625e+00) (0, -3.96312255859375000000e+02) (1, -2.98688171386718750000e+02) (2, -4.66560935974121093750e+00) (3, 2.12804913520812988281e+00) (4, 1.87707078456878662109e+00) (5, 1.94439852237701416016e+00) (6, 2.30069160461425781250e+00) (7, 1.50706970691680908203e+00) (3, 5.24355554580688476562e+00) (4, 5.30882263183593750000e+00) (5, 7.82398605346679687500e+00) (6, 6.13062715530395507812e+00) (7, 5.64770889282226562500e+00) (3, 1.87362537384033203125e+01) (4, 1.65015678405761718750e+01) (5, 2.30983524322509765625e+01) (6, 1.80819072723388671875e+01) (7, 2.46556110382080078125e+01) 
