FANN_FLO_2.1
num_layers=3
learning_rate=0.500000
connection_rate=1.000000
network_type=0
learning_momentum=0.000000
training_algorithm=2
train_error_function=1
train_stop_function=0
cascade_output_change_fraction=0.010000
quickprop_decay=-0.000100
quickprop_mu=1.750000
rprop_increase_factor=1.200000
rprop_decrease_factor=0.500000
rprop_delta_min=0.000000
rprop_delta_max=50.000000
rprop_delta_zero=0.100000
cascade_output_stagnation_epochs=12
cascade_candidate_change_fraction=0.010000
cascade_candidate_stagnation_epochs=12
cascade_max_out_epochs=150
cascade_min_out_epochs=50
cascade_max_cand_epochs=150
cascade_min_cand_epochs=50
cascade_num_candidate_groups=2
bit_fail_limit=3.49999994039535522461e-01
cascade_candidate_limit=1.00000000000000000000e+03
cascade_weight_multiplier=4.00000005960464477539e-01
cascade_activation_functions_count=10
cascade_activation_functions=3 5 7 8 10 11 14 15 16 17 
cascade_activation_steepnesses_count=4
cascade_activation_steepnesses=2.50000000000000000000e-01 5.00000000000000000000e-01 7.50000000000000000000e-01 1.00000000000000000000e+00 
layer_sizes=3 9 4 
scale_included=0
neurons (num_inputs, activation_function, activation_steepness)=(0, 0, 0.00000000000000000000e+00) (0, 0, 0.00000000000000000000e+00) (0, 0, 0.00000000000000000000e+00) (3, 3, 5.00000000000000000000e-01) (3, 3, 5.00000000000000000000e-01) (3, 3, 5.00000000000000000000e-01) (3, 3, 5.00000000000000000000e-01) (3, 3, 5.00000000000000000000e-01) (3, 3, 5.00000000000000000000e-01) (3, 3, 5.00000000000000000000e-01) (3, 3, 5.00000000000000000000e-01) (0, 3, 0.00000000000000000000e+00) (9, 0, 5.00000000000000000000e-01) (9, 0, 5.00000000000000000000e-01) (9, 0, 5.00000000000000000000e-01) (0, 0, 0.00000000000000000000e+00) 
connections (connected_to_neuron, weight)=(0, -5.51308536529541015625e+00) (1, 1.24482500553131103516e+00) (2, 2.35457944869995117188e+00) (0, -7.07514047622680664062e+00) (1, 3.72291517257690429688e+00) (2, 4.94703769683837890625e+00) (0, -5.25733280181884765625e+00) (1, 4.75828123092651367188e+00) (2, 7.55098199844360351562e+00) (0, -4.97223615646362304688e+00) (1, 4.38189125061035156250e+00) (2, 8.01556587219238281250e+00) (0, -6.51397800445556640625e+00) (1, 5.74451828002929687500e+00) (2, 5.01840734481811523438e+00) (0, -9.31203365325927734375e+00) (1, -8.91366541385650634766e-01) (2, 1.72386264801025390625e+00) (0, -2.29087758064270019531e+00) (1, -2.64919614791870117188e+00) (2, 1.41276512295007705688e-02) (0, -3.36841773986816406250e+01) (1, -1.21344251632690429688e+01) (2, 1.34430873394012451172e+00) (3, 1.94945383071899414062e+00) (4, 7.22276926040649414062e-01) (5, 6.71712040901184082031e-01) (6, 5.41632115840911865234e-01) (7, 7.36717164516448974609e-01) (8, 1.16837155818939208984e+00) (9, 2.89288139343261718750e+00) (10, 1.55456709861755371094e+00) (11, 4.90948677062988281250e-01) (3, 6.05211257934570312500e+00) (4, 2.27201175689697265625e+00) (5, 2.21626925468444824219e+00) (6, 2.16277956962585449219e+00) (7, 3.26596188545227050781e+00) (8, 3.68996477127075195312e+00) (9, 8.72597503662109375000e+00) (10, 2.83475160598754882812e+00) (11, 1.95437943935394287109e+00) (3, 1.77716636657714843750e+01) (4, 9.40731048583984375000e+00) (5, 8.43122196197509765625e+00) (6, 8.46307086944580078125e+00) (7, 8.86192703247070312500e+00) (8, 1.19857969284057617188e+01) (9, 2.79402847290039062500e+01) (10, 8.91103935241699218750e+00) (11, 9.29359817504882812500e+00) 
