FANN_FLO_2.1
num_layers=4
learning_rate=0.450000
connection_rate=1.000000
network_type=0
learning_momentum=0.000000
training_algorithm=2
train_error_function=1
train_stop_function=0
cascade_output_change_fraction=0.010000
quickprop_decay=-0.000100
quickprop_mu=1.750000
rprop_increase_factor=1.200000
rprop_decrease_factor=0.500000
rprop_delta_min=0.000000
rprop_delta_max=50.000000
rprop_delta_zero=0.100000
cascade_output_stagnation_epochs=12
cascade_candidate_change_fraction=0.010000
cascade_candidate_stagnation_epochs=12
cascade_max_out_epochs=150
cascade_min_out_epochs=50
cascade_max_cand_epochs=150
cascade_min_cand_epochs=50
cascade_num_candidate_groups=2
bit_fail_limit=3.49999994039535522461e-01
cascade_candidate_limit=1.00000000000000000000e+03
cascade_weight_multiplier=4.00000005960464477539e-01
cascade_activation_functions_count=10
cascade_activation_functions=3 5 7 8 10 11 14 15 16 17 
cascade_activation_steepnesses_count=4
cascade_activation_steepnesses=2.50000000000000000000e-01 5.00000000000000000000e-01 7.50000000000000000000e-01 1.00000000000000000000e+00 
layer_sizes=7 5 5 2 
scale_included=0
neurons (num_inputs, activation_function, activation_steepness)=(0, 0, 0.00000000000000000000e+00) (0, 0, 0.00000000000000000000e+00) (0, 0, 0.00000000000000000000e+00) (0, 0, 0.00000000000000000000e+00) (0, 0, 0.00000000000000000000e+00) (0, 0, 0.00000000000000000000e+00) (0, 0, 0.00000000000000000000e+00) (7, 3, 5.00000000000000000000e-01) (7, 3, 5.00000000000000000000e-01) (7, 3, 5.00000000000000000000e-01) (7, 3, 5.00000000000000000000e-01) (0, 3, 0.00000000000000000000e+00) (5, 3, 5.00000000000000000000e-01) (5, 3, 5.00000000000000000000e-01) (5, 3, 5.00000000000000000000e-01) (5, 3, 5.00000000000000000000e-01) (0, 3, 0.00000000000000000000e+00) (5, 0, 5.00000000000000000000e-01) (0, 0, 0.00000000000000000000e+00) 
connections (connected_to_neuron, weight)=(0, 1.47136449813842773438e+00) (1, -2.98067665100097656250e+00) (2, 7.20734596252441406250e-01) (3, 1.70894885063171386719e+00) (4, -2.91656351089477539062e+00) (5, 6.29899799823760986328e-01) (6, 1.69016396999359130859e+00) (0, 1.89807578921318054199e-01) (1, -4.47789430618286132812e-02) (2, -6.99600219726562500000e-01) (3, 8.16481947898864746094e-01) (4, -6.12970113754272460938e+00) (5, 3.71014547348022460938e+00) (6, -8.87668800354003906250e+00) (0, 6.83220863342285156250e-01) (1, -3.29275822639465332031e+00) (2, -3.28575193881988525391e-01) (3, 8.94014775753021240234e-01) (4, 1.24190592765808105469e+00) (5, 2.24920332431793212891e-01) (6, -3.00437402725219726562e+00) (0, 7.94247508049011230469e-01) (1, 6.89146697521209716797e-01) (2, 2.18221530318260192871e-01) (3, -6.19414821267127990723e-02) (4, -7.40236103534698486328e-01) (5, -4.24557298421859741211e-01) (6, -7.35748052597045898438e+00) (7, -1.86466979980468750000e+01) (8, -1.50000000000000000000e+03) (9, 1.38741426467895507812e+01) (10, -5.90260362625122070312e+00) (11, 6.95568180084228515625e+00) (7, -4.98399475097656250000e+02) (8, 1.50000000000000000000e+03) (9, 4.83600036621093750000e+02) (10, 1.50000000000000000000e+03) (11, 6.02053523063659667969e-01) (7, 1.36442153930664062500e+02) (8, -1.50000000000000000000e+03) (9, -4.44600036621093750000e+02) (10, 1.74287772178649902344e+00) (11, -2.66523909568786621094e+00) (7, -4.36214752197265625000e+02) (8, -1.35450097656250000000e+03) (9, -8.51180969238281250000e+02) (10, -1.27163415527343750000e+03) (11, -6.13837301731109619141e-01) (12, -2.27587908506393432617e-01) (13, 8.83504375815391540527e-02) (14, -1.98583811521530151367e-01) (15, 1.96297526359558105469e+00) (16, 1.56349912285804748535e-01) 
