FANN_FLO_2.1
num_layers=4
learning_rate=0.450000
connection_rate=1.000000
network_type=0
learning_momentum=0.000000
training_algorithm=2
train_error_function=1
train_stop_function=0
cascade_output_change_fraction=0.010000
quickprop_decay=-0.000100
quickprop_mu=1.750000
rprop_increase_factor=1.200000
rprop_decrease_factor=0.500000
rprop_delta_min=0.000000
rprop_delta_max=50.000000
rprop_delta_zero=0.100000
cascade_output_stagnation_epochs=12
cascade_candidate_change_fraction=0.010000
cascade_candidate_stagnation_epochs=12
cascade_max_out_epochs=150
cascade_min_out_epochs=50
cascade_max_cand_epochs=150
cascade_min_cand_epochs=50
cascade_num_candidate_groups=2
bit_fail_limit=3.49999994039535522461e-01
cascade_candidate_limit=1.00000000000000000000e+03
cascade_weight_multiplier=4.00000005960464477539e-01
cascade_activation_functions_count=10
cascade_activation_functions=3 5 7 8 10 11 14 15 16 17 
cascade_activation_steepnesses_count=4
cascade_activation_steepnesses=2.50000000000000000000e-01 5.00000000000000000000e-01 7.50000000000000000000e-01 1.00000000000000000000e+00 
layer_sizes=7 5 3 2 
scale_included=0
neurons (num_inputs, activation_function, activation_steepness)=(0, 0, 0.00000000000000000000e+00) (0, 0, 0.00000000000000000000e+00) (0, 0, 0.00000000000000000000e+00) (0, 0, 0.00000000000000000000e+00) (0, 0, 0.00000000000000000000e+00) (0, 0, 0.00000000000000000000e+00) (0, 0, 0.00000000000000000000e+00) (7, 3, 5.00000000000000000000e-01) (7, 3, 5.00000000000000000000e-01) (7, 3, 5.00000000000000000000e-01) (7, 3, 5.00000000000000000000e-01) (0, 3, 0.00000000000000000000e+00) (5, 3, 5.00000000000000000000e-01) (5, 3, 5.00000000000000000000e-01) (0, 3, 0.00000000000000000000e+00) (3, 0, 5.00000000000000000000e-01) (0, 0, 0.00000000000000000000e+00) 
connections (connected_to_neuron, weight)=(0, -7.18863601684570312500e+01) (1, -6.10103942871093750000e+02) (2, 3.05762512207031250000e+02) (3, -2.61488616943359375000e+02) (4, 5.23545837402343750000e+02) (5, -6.82964965820312500000e+02) (6, 1.37200188636779785156e+00) (0, 4.11864349365234375000e+02) (1, -1.18944848632812500000e+03) (2, 1.15816149902343750000e+03) (3, -1.15180343627929687500e+02) (4, 1.49879455566406250000e+03) (5, -1.27208813476562500000e+03) (6, 1.43855440616607666016e+00) (0, -3.80841398239135742188e+00) (1, 1.01421718597412109375e+01) (2, -5.75514698028564453125e+00) (3, -1.86782531738281250000e+01) (4, 2.43039581298828125000e+02) (5, -1.48086181640625000000e+02) (6, 6.39786300659179687500e+01) (0, 6.86871719360351562500e+00) (1, -9.03488769531250000000e+02) (2, 7.55351440429687500000e+02) (3, -9.87787399291992187500e+01) (4, 4.63486053466796875000e+02) (5, 6.54956298828125000000e+02) (6, 8.00391852855682373047e-01) (7, -1.30764205932617187500e+02) (8, -6.35894409179687500000e+02) (9, -3.32867169380187988281e+00) (10, -1.00005195617675781250e+02) (11, -8.00675272941589355469e-01) (7, -1.31311569213867187500e+02) (8, 2.93621349334716796875e+00) (9, -1.63343751430511474609e+00) (10, 1.35830616950988769531e+00) (11, -7.41211056709289550781e-01) (12, 1.89874005317687988281e+00) (13, 5.91526105999946594238e-02) (14, -2.31297202408313751221e-02) 
