FANN_FLO_2.1
num_layers=4
learning_rate=0.450000
connection_rate=1.000000
network_type=0
learning_momentum=0.000000
training_algorithm=2
train_error_function=1
train_stop_function=0
cascade_output_change_fraction=0.010000
quickprop_decay=-0.000100
quickprop_mu=1.750000
rprop_increase_factor=1.200000
rprop_decrease_factor=0.500000
rprop_delta_min=0.000000
rprop_delta_max=50.000000
rprop_delta_zero=0.100000
cascade_output_stagnation_epochs=12
cascade_candidate_change_fraction=0.010000
cascade_candidate_stagnation_epochs=12
cascade_max_out_epochs=150
cascade_min_out_epochs=50
cascade_max_cand_epochs=150
cascade_min_cand_epochs=50
cascade_num_candidate_groups=2
bit_fail_limit=3.49999994039535522461e-01
cascade_candidate_limit=1.00000000000000000000e+03
cascade_weight_multiplier=4.00000005960464477539e-01
cascade_activation_functions_count=10
cascade_activation_functions=3 5 7 8 10 11 14 15 16 17 
cascade_activation_steepnesses_count=4
cascade_activation_steepnesses=2.50000000000000000000e-01 5.00000000000000000000e-01 7.50000000000000000000e-01 1.00000000000000000000e+00 
layer_sizes=7 5 5 2 
scale_included=0
neurons (num_inputs, activation_function, activation_steepness)=(0, 0, 0.00000000000000000000e+00) (0, 0, 0.00000000000000000000e+00) (0, 0, 0.00000000000000000000e+00) (0, 0, 0.00000000000000000000e+00) (0, 0, 0.00000000000000000000e+00) (0, 0, 0.00000000000000000000e+00) (0, 0, 0.00000000000000000000e+00) (7, 3, 5.00000000000000000000e-01) (7, 3, 5.00000000000000000000e-01) (7, 3, 5.00000000000000000000e-01) (7, 3, 5.00000000000000000000e-01) (0, 3, 0.00000000000000000000e+00) (5, 3, 5.00000000000000000000e-01) (5, 3, 5.00000000000000000000e-01) (5, 3, 5.00000000000000000000e-01) (5, 3, 5.00000000000000000000e-01) (0, 3, 0.00000000000000000000e+00) (5, 0, 5.00000000000000000000e-01) (0, 0, 0.00000000000000000000e+00) 
connections (connected_to_neuron, weight)=(0, 1.50000000000000000000e+03) (1, 1.50000000000000000000e+03) (2, 1.50000000000000000000e+03) (3, 1.50000000000000000000e+03) (4, 1.50000000000000000000e+03) (5, -1.50000000000000000000e+03) (6, 5.09388506412506103516e-01) (0, 1.50000000000000000000e+03) (1, 1.50000000000000000000e+03) (2, 1.50000000000000000000e+03) (3, 1.50000000000000000000e+03) (4, 1.50000000000000000000e+03) (5, -1.50000000000000000000e+03) (6, 1.81388890743255615234e+00) (0, 1.50000000000000000000e+03) (1, 1.50000000000000000000e+03) (2, 1.50000000000000000000e+03) (3, 1.50000000000000000000e+03) (4, 1.50000000000000000000e+03) (5, -1.50000000000000000000e+03) (6, 6.42528951168060302734e-01) (0, 1.50000000000000000000e+03) (1, 1.50000000000000000000e+03) (2, 1.50000000000000000000e+03) (3, 1.50000000000000000000e+03) (4, 1.50000000000000000000e+03) (5, -1.50000000000000000000e+03) (6, 2.32654237747192382812e+00) (7, -8.73410606384277343750e+00) (8, -8.67052745819091796875e+00) (9, -8.66847133636474609375e+00) (10, -8.77065753936767578125e+00) (11, -8.79532623291015625000e+00) (7, -1.16185879707336425781e+00) (8, -1.14981436729431152344e+00) (9, -1.17108988761901855469e+00) (10, -1.33167600631713867188e+00) (11, -1.32413220405578613281e+00) (7, -7.64894247055053710938e-01) (8, -8.05086731910705566406e-01) (9, -6.80090188980102539062e-01) (10, -7.86847352981567382812e-01) (11, -7.68392443656921386719e-01) (7, 1.80009398609399795532e-02) (8, -3.11028845608234405518e-02) (9, -2.17742379754781723022e-02) (10, -5.21470606327056884766e-03) (11, 3.53812016546726226807e-02) (12, 2.05518445000052452087e-03) (13, -3.46607901155948638916e-02) (14, -4.29601185023784637451e-02) (15, 8.19703191518783569336e-02) (16, -2.91142072528600692749e-02) 
