FANN_FLO_2.1
num_layers=3
learning_rate=0.500000
connection_rate=1.000000
network_type=0
learning_momentum=0.000000
training_algorithm=2
train_error_function=1
train_stop_function=0
cascade_output_change_fraction=0.010000
quickprop_decay=-0.000100
quickprop_mu=1.750000
rprop_increase_factor=1.200000
rprop_decrease_factor=0.500000
rprop_delta_min=0.000000
rprop_delta_max=50.000000
rprop_delta_zero=0.100000
cascade_output_stagnation_epochs=12
cascade_candidate_change_fraction=0.010000
cascade_candidate_stagnation_epochs=12
cascade_max_out_epochs=150
cascade_min_out_epochs=50
cascade_max_cand_epochs=150
cascade_min_cand_epochs=50
cascade_num_candidate_groups=2
bit_fail_limit=3.49999994039535522461e-01
cascade_candidate_limit=1.00000000000000000000e+03
cascade_weight_multiplier=4.00000005960464477539e-01
cascade_activation_functions_count=10
cascade_activation_functions=3 5 7 8 10 11 14 15 16 17 
cascade_activation_steepnesses_count=4
cascade_activation_steepnesses=2.50000000000000000000e-01 5.00000000000000000000e-01 7.50000000000000000000e-01 1.00000000000000000000e+00 
layer_sizes=7 9 2 
scale_included=0
neurons (num_inputs, activation_function, activation_steepness)=(0, 0, 0.00000000000000000000e+00) (0, 0, 0.00000000000000000000e+00) (0, 0, 0.00000000000000000000e+00) (0, 0, 0.00000000000000000000e+00) (0, 0, 0.00000000000000000000e+00) (0, 0, 0.00000000000000000000e+00) (0, 0, 0.00000000000000000000e+00) (7, 3, 5.00000000000000000000e-01) (7, 3, 5.00000000000000000000e-01) (7, 3, 5.00000000000000000000e-01) (7, 3, 5.00000000000000000000e-01) (7, 3, 5.00000000000000000000e-01) (7, 3, 5.00000000000000000000e-01) (7, 3, 5.00000000000000000000e-01) (7, 3, 5.00000000000000000000e-01) (0, 3, 0.00000000000000000000e+00) (9, 0, 5.00000000000000000000e-01) (0, 0, 0.00000000000000000000e+00) 
connections (connected_to_neuron, weight)=(0, 1.27652101516723632812e+01) (1, 1.44369554519653320312e+01) (2, -2.98916568756103515625e+01) (3, 1.06588573455810546875e+01) (4, 1.33003985881805419922e+00) (5, 2.15527105331420898438e+00) (6, -1.52457547187805175781e+00) (0, -1.23198638916015625000e+02) (1, -1.03889691829681396484e+00) (2, 2.99538516998291015625e+01) (3, -3.76187086105346679688e+00) (4, -3.42869311571121215820e-01) (5, 8.26551094651222229004e-02) (6, -8.88038814067840576172e-01) (0, 4.97434997558593750000e+01) (1, -1.41530628204345703125e+01) (2, -9.53131484985351562500e+00) (3, 5.68769276142120361328e-01) (4, 2.19906300306320190430e-01) (5, 1.15376222133636474609e+00) (6, -9.93433773517608642578e-01) (0, -8.15024414062500000000e+01) (1, -4.42313623428344726562e+00) (2, -1.65774429321289062500e+02) (3, -8.83698081970214843750e+00) (4, 2.53014111518859863281e+00) (5, 3.67853736877441406250e+00) (6, -1.60453426837921142578e+00) (0, -2.08514881134033203125e+01) (1, -3.41404724121093750000e+01) (2, 1.34637231826782226562e+01) (3, 7.05126404762268066406e-01) (4, 1.59799611568450927734e+00) (5, 1.14842510223388671875e+00) (6, -1.08588814735412597656e+00) (0, -3.82492601871490478516e-01) (1, 9.06052291393280029297e-01) (2, -5.20820796489715576172e-01) (3, -5.04401504993438720703e-01) (4, 1.15808904170989990234e+00) (5, -3.84414851665496826172e-01) (6, 2.31268882751464843750e+00) (0, -2.35318008422851562500e+02) (1, -3.28035545349121093750e+01) (2, -4.83355903625488281250e+01) (3, 1.23178517818450927734e+00) (4, 9.28180789947509765625e+00) (5, 6.36712908744812011719e-01) (6, -1.17337584495544433594e+00) (0, -5.47737388610839843750e+01) (1, -4.05569648742675781250e+00) (2, 4.80753402709960937500e+01) (3, -1.13868560791015625000e+01) (4, -1.95919677615165710449e-01) (5, 1.73634871840476989746e-01) (6, -1.09432065486907958984e+00) (7, 3.84618110656738281250e+01) (8, -1.88109420776367187500e+02) (9, -3.84595756530761718750e+01) (10, -1.50000000000000000000e+03) (11, -3.89481048583984375000e+01) (12, -8.71649831533432006836e-02) (13, -6.46720075607299804688e+00) (14, -1.50000000000000000000e+03) (15, 9.56028401851654052734e-02) 
