FANN_FLO_2.1
num_layers=3
learning_rate=0.500000
connection_rate=1.000000
network_type=0
learning_momentum=0.000000
training_algorithm=2
train_error_function=1
train_stop_function=0
cascade_output_change_fraction=0.010000
quickprop_decay=-0.000100
quickprop_mu=1.750000
rprop_increase_factor=1.200000
rprop_decrease_factor=0.500000
rprop_delta_min=0.000000
rprop_delta_max=50.000000
rprop_delta_zero=0.100000
cascade_output_stagnation_epochs=12
cascade_candidate_change_fraction=0.010000
cascade_candidate_stagnation_epochs=12
cascade_max_out_epochs=150
cascade_min_out_epochs=50
cascade_max_cand_epochs=150
cascade_min_cand_epochs=50
cascade_num_candidate_groups=2
bit_fail_limit=3.49999994039535522461e-01
cascade_candidate_limit=1.00000000000000000000e+03
cascade_weight_multiplier=4.00000005960464477539e-01
cascade_activation_functions_count=10
cascade_activation_functions=3 5 7 8 10 11 14 15 16 17 
cascade_activation_steepnesses_count=4
cascade_activation_steepnesses=2.50000000000000000000e-01 5.00000000000000000000e-01 7.50000000000000000000e-01 1.00000000000000000000e+00 
layer_sizes=3 9 4 
scale_included=0
neurons (num_inputs, activation_function, activation_steepness)=(0, 0, 0.00000000000000000000e+00) (0, 0, 0.00000000000000000000e+00) (0, 0, 0.00000000000000000000e+00) (3, 3, 5.00000000000000000000e-01) (3, 3, 5.00000000000000000000e-01) (3, 3, 5.00000000000000000000e-01) (3, 3, 5.00000000000000000000e-01) (3, 3, 5.00000000000000000000e-01) (3, 3, 5.00000000000000000000e-01) (3, 3, 5.00000000000000000000e-01) (3, 3, 5.00000000000000000000e-01) (0, 3, 0.00000000000000000000e+00) (9, 0, 5.00000000000000000000e-01) (9, 0, 5.00000000000000000000e-01) (9, 0, 5.00000000000000000000e-01) (0, 0, 0.00000000000000000000e+00) 
connections (connected_to_neuron, weight)=(0, -4.41224479675292968750e+00) (1, 2.84834623336791992188e+00) (2, 7.71530771255493164062e+00) (0, -4.83563756942749023438e+00) (1, -6.67206585407257080078e-01) (2, 9.28002774715423583984e-01) (0, -8.65455436706542968750e+00) (1, -5.03371810913085937500e+00) (2, 1.41251695156097412109e+00) (0, -4.53249454498291015625e+00) (1, 2.85584187507629394531e+00) (2, 7.95253276824951171875e+00) (0, -7.32574415206909179688e+00) (1, 5.40201759338378906250e+00) (2, 3.93757915496826171875e+00) (0, -1.77033746242523193359e+00) (1, -2.68417978286743164062e+00) (2, -2.61964220553636550903e-02) (0, -3.39489269256591796875e+00) (1, 9.79882597923278808594e-01) (2, 1.25100457668304443359e+00) (0, -6.27548360824584960938e+00) (1, 7.72345542907714843750e+00) (2, 4.25192260742187500000e+00) (3, 4.77085471153259277344e-01) (4, 1.98529708385467529297e+00) (5, 1.70806062221527099609e+00) (6, 4.61496949195861816406e-01) (7, 1.08739900588989257812e+00) (8, 2.26486706733703613281e+00) (9, 1.74210119247436523438e+00) (10, 6.14653289318084716797e-01) (11, 4.58246529102325439453e-01) (3, 1.94410347938537597656e+00) (4, 4.71494960784912109375e+00) (5, 3.41136360168457031250e+00) (6, 1.98154795169830322266e+00) (7, 3.19638371467590332031e+00) (8, 7.93699169158935546875e+00) (9, 6.82121181488037109375e+00) (10, 2.57419443130493164062e+00) (11, 1.51450824737548828125e+00) (3, 7.92309188842773437500e+00) (4, 1.44444580078125000000e+01) (5, 1.03519172668457031250e+01) (6, 7.98793840408325195312e+00) (7, 8.06102561950683593750e+00) (8, 2.62574424743652343750e+01) (9, 2.33112773895263671875e+01) (10, 8.08214569091796875000e+00) (11, 8.05603790283203125000e+00) 
