FANN_FLO_2.1
num_layers=3
learning_rate=0.500000
connection_rate=1.000000
network_type=0
learning_momentum=0.000000
training_algorithm=2
train_error_function=1
train_stop_function=0
cascade_output_change_fraction=0.010000
quickprop_decay=-0.000100
quickprop_mu=1.750000
rprop_increase_factor=1.200000
rprop_decrease_factor=0.500000
rprop_delta_min=0.000000
rprop_delta_max=50.000000
rprop_delta_zero=0.100000
cascade_output_stagnation_epochs=12
cascade_candidate_change_fraction=0.010000
cascade_candidate_stagnation_epochs=12
cascade_max_out_epochs=150
cascade_min_out_epochs=50
cascade_max_cand_epochs=150
cascade_min_cand_epochs=50
cascade_num_candidate_groups=2
bit_fail_limit=3.49999994039535522461e-01
cascade_candidate_limit=1.00000000000000000000e+03
cascade_weight_multiplier=4.00000005960464477539e-01
cascade_activation_functions_count=10
cascade_activation_functions=3 5 7 8 10 11 14 15 16 17 
cascade_activation_steepnesses_count=4
cascade_activation_steepnesses=2.50000000000000000000e-01 5.00000000000000000000e-01 7.50000000000000000000e-01 1.00000000000000000000e+00 
layer_sizes=3 9 4 
scale_included=0
neurons (num_inputs, activation_function, activation_steepness)=(0, 0, 0.00000000000000000000e+00) (0, 0, 0.00000000000000000000e+00) (0, 0, 0.00000000000000000000e+00) (3, 3, 5.00000000000000000000e-01) (3, 3, 5.00000000000000000000e-01) (3, 3, 5.00000000000000000000e-01) (3, 3, 5.00000000000000000000e-01) (3, 3, 5.00000000000000000000e-01) (3, 3, 5.00000000000000000000e-01) (3, 3, 5.00000000000000000000e-01) (3, 3, 5.00000000000000000000e-01) (0, 3, 0.00000000000000000000e+00) (9, 0, 5.00000000000000000000e-01) (9, 0, 5.00000000000000000000e-01) (9, 0, 5.00000000000000000000e-01) (0, 0, 0.00000000000000000000e+00) 
connections (connected_to_neuron, weight)=(0, -1.01653718948364257812e+00) (1, -2.19430398941040039062e+00) (2, 4.73588928580284118652e-02) (0, -7.57196664810180664062e+00) (1, 7.54315376281738281250e+00) (2, 1.08451938629150390625e+01) (0, -4.06071567535400390625e+00) (1, 1.09825158119201660156e+00) (2, 1.30898940563201904297e+00) (0, -7.32709932327270507812e+00) (1, 8.39429855346679687500e+00) (2, 4.86578607559204101562e+00) (0, -3.64292907714843750000e+00) (1, 2.91246747970581054688e+00) (2, 8.34297358989715576172e-01) (0, -1.16702711582183837891e+00) (1, -1.97763407230377197266e+00) (2, 1.08679533004760742188e-01) (0, -5.33583211898803710938e+00) (1, -3.86788159608840942383e-01) (2, 6.80762350559234619141e-01) (0, -5.54914379119873046875e+00) (1, -2.90806913375854492188e+00) (2, 3.46151977777481079102e-01) (3, 9.89285528659820556641e-01) (4, 6.52926385402679443359e-01) (5, 9.62948381900787353516e-01) (6, 2.95407980680465698242e-01) (7, 2.44637918472290039062e+00) (8, 1.14936041831970214844e+00) (9, 1.75671148300170898438e+00) (10, 2.11958599090576171875e+00) (11, 5.46890139579772949219e-01) (3, 4.59555530548095703125e+00) (4, 2.73988890647888183594e+00) (5, 4.47682094573974609375e+00) (6, 3.13531279563903808594e+00) (7, 4.96670866012573242188e+00) (8, 4.72092962265014648438e+00) (9, 4.44735813140869140625e+00) (10, 4.23152732849121093750e+00) (11, 2.16048860549926757812e+00) (3, 1.60561561584472656250e+01) (4, 1.04554300308227539062e+01) (5, 1.50042467117309570312e+01) (6, 1.04901208877563476562e+01) (7, 1.39603462219238281250e+01) (8, 1.60465450286865234375e+01) (9, 1.39753370285034179688e+01) (10, 1.27450752258300781250e+01) (11, 1.12869338989257812500e+01) 
