FANN_FLO_2.1
num_layers=3
learning_rate=0.500000
connection_rate=1.000000
network_type=0
learning_momentum=0.000000
training_algorithm=2
train_error_function=1
train_stop_function=0
cascade_output_change_fraction=0.010000
quickprop_decay=-0.000100
quickprop_mu=1.750000
rprop_increase_factor=1.200000
rprop_decrease_factor=0.500000
rprop_delta_min=0.000000
rprop_delta_max=50.000000
rprop_delta_zero=0.100000
cascade_output_stagnation_epochs=12
cascade_candidate_change_fraction=0.010000
cascade_candidate_stagnation_epochs=12
cascade_max_out_epochs=150
cascade_min_out_epochs=50
cascade_max_cand_epochs=150
cascade_min_cand_epochs=50
cascade_num_candidate_groups=2
bit_fail_limit=3.49999994039535522461e-01
cascade_candidate_limit=1.00000000000000000000e+03
cascade_weight_multiplier=4.00000005960464477539e-01
cascade_activation_functions_count=10
cascade_activation_functions=3 5 7 8 10 11 14 15 16 17 
cascade_activation_steepnesses_count=4
cascade_activation_steepnesses=2.50000000000000000000e-01 5.00000000000000000000e-01 7.50000000000000000000e-01 1.00000000000000000000e+00 
layer_sizes=3 9 4 
scale_included=0
neurons (num_inputs, activation_function, activation_steepness)=(0, 0, 0.00000000000000000000e+00) (0, 0, 0.00000000000000000000e+00) (0, 0, 0.00000000000000000000e+00) (3, 3, 5.00000000000000000000e-01) (3, 3, 5.00000000000000000000e-01) (3, 3, 5.00000000000000000000e-01) (3, 3, 5.00000000000000000000e-01) (3, 3, 5.00000000000000000000e-01) (3, 3, 5.00000000000000000000e-01) (3, 3, 5.00000000000000000000e-01) (3, 3, 5.00000000000000000000e-01) (0, 3, 0.00000000000000000000e+00) (9, 0, 5.00000000000000000000e-01) (9, 0, 5.00000000000000000000e-01) (9, 0, 5.00000000000000000000e-01) (0, 0, 0.00000000000000000000e+00) 
connections (connected_to_neuron, weight)=(0, -4.85901975631713867188e+00) (1, 5.06250429153442382812e+00) (2, 7.26265859603881835938e+00) (0, -3.43125224113464355469e+00) (1, 1.34029829502105712891e+00) (2, 3.53473201394081115723e-02) (0, -1.76427614688873291016e+00) (1, -2.89017796516418457031e+00) (2, 1.83358967304229736328e-01) (0, -3.47523903846740722656e+00) (1, 4.77967309951782226562e+00) (2, 3.39084506034851074219e+00) (0, -5.82995367050170898438e+00) (1, 5.94025897979736328125e+00) (2, 3.64941525459289550781e+00) (0, -5.60160589218139648438e+00) (1, 3.94153714179992675781e+00) (2, 2.16736793518066406250e+00) (0, -3.85027122497558593750e+00) (1, -1.53004014492034912109e+00) (2, 4.03093624114990234375e+00) (0, -3.84904313087463378906e+00) (1, -1.91450273990631103516e+00) (2, 6.98281228542327880859e-01) (3, 4.83360111713409423828e-01) (4, 3.83406352996826171875e+00) (5, 2.46793985366821289062e+00) (6, 5.95345199108123779297e-01) (7, 1.11421465873718261719e+00) (8, 3.63667964935302734375e-01) (9, -1.01863479614257812500e+00) (10, 2.79047274589538574219e+00) (11, 4.75002855062484741211e-01) (3, 2.09798383712768554688e+00) (4, 7.11712360382080078125e+00) (5, 7.17694616317749023438e+00) (6, 2.24129223823547363281e+00) (7, 2.99195003509521484375e+00) (8, 2.61644005775451660156e+00) (9, 1.44913601875305175781e+00) (10, 6.26224613189697265625e+00) (11, 1.98491203784942626953e+00) (3, 8.21949481964111328125e+00) (4, 2.05599269866943359375e+01) (5, 2.41622505187988281250e+01) (6, 8.31512355804443359375e+00) (7, 8.32553291320800781250e+00) (8, 8.05689907073974609375e+00) (9, 7.75024700164794921875e+00) (10, 1.84496040344238281250e+01) (11, 1.01055355072021484375e+01) 
