FANN_FLO_2.1
num_layers=4
learning_rate=0.300000
connection_rate=1.000000
network_type=0
learning_momentum=0.000000
training_algorithm=2
train_error_function=1
train_stop_function=0
cascade_output_change_fraction=0.010000
quickprop_decay=-0.000100
quickprop_mu=1.750000
rprop_increase_factor=1.200000
rprop_decrease_factor=0.500000
rprop_delta_min=0.000000
rprop_delta_max=50.000000
rprop_delta_zero=0.100000
cascade_output_stagnation_epochs=12
cascade_candidate_change_fraction=0.010000
cascade_candidate_stagnation_epochs=12
cascade_max_out_epochs=150
cascade_min_out_epochs=50
cascade_max_cand_epochs=150
cascade_min_cand_epochs=50
cascade_num_candidate_groups=2
bit_fail_limit=3.49999994039535522461e-01
cascade_candidate_limit=1.00000000000000000000e+03
cascade_weight_multiplier=4.00000005960464477539e-01
cascade_activation_functions_count=10
cascade_activation_functions=3 5 7 8 10 11 14 15 16 17 
cascade_activation_steepnesses_count=4
cascade_activation_steepnesses=2.50000000000000000000e-01 5.00000000000000000000e-01 7.50000000000000000000e-01 1.00000000000000000000e+00 
layer_sizes=2 5 3 3 
scale_included=0
neurons (num_inputs, activation_function, activation_steepness)=(0, 0, 0.00000000000000000000e+00) (0, 0, 0.00000000000000000000e+00) (2, 3, 5.00000000000000000000e-01) (2, 3, 5.00000000000000000000e-01) (2, 3, 5.00000000000000000000e-01) (2, 3, 5.00000000000000000000e-01) (0, 3, 0.00000000000000000000e+00) (5, 3, 5.00000000000000000000e-01) (5, 3, 5.00000000000000000000e-01) (0, 3, 0.00000000000000000000e+00) (3, 0, 5.00000000000000000000e-01) (3, 0, 5.00000000000000000000e-01) (0, 0, 0.00000000000000000000e+00) 
connections (connected_to_neuron, weight)=(0, -7.74856901168823242188e+00) (1, -1.43811547756195068359e+00) (0, -7.40803909301757812500e+00) (1, -1.85881292819976806641e+00) (0, -1.00157537460327148438e+01) (1, -3.96393489837646484375e+00) (0, -8.10197830200195312500e+00) (1, -2.50537180900573730469e+00) (2, 1.01111972332000732422e+00) (3, 4.82139766216278076172e-01) (4, 1.25676560401916503906e+00) (5, 4.74570930004119873047e-01) (6, -1.23502087593078613281e+00) (2, -4.99914050102233886719e-01) (3, 2.52091199159622192383e-01) (4, 1.47083556652069091797e+00) (5, 5.17152070999145507812e-01) (6, -1.68406203389167785645e-01) (7, 1.96967944502830505371e-01) (8, 1.10363878309726715088e-01) (9, -2.61354058980941772461e-01) (7, -8.88456881046295166016e-01) (8, -7.35675334930419921875e-01) (9, -7.38354861736297607422e-01) 
