FANN_FLO_2.1
num_layers=4
learning_rate=0.500000
connection_rate=1.000000
network_type=0
learning_momentum=0.000000
training_algorithm=2
train_error_function=1
train_stop_function=0
cascade_output_change_fraction=0.010000
quickprop_decay=-0.000100
quickprop_mu=1.750000
rprop_increase_factor=1.200000
rprop_decrease_factor=0.500000
rprop_delta_min=0.000000
rprop_delta_max=50.000000
rprop_delta_zero=0.100000
cascade_output_stagnation_epochs=12
cascade_candidate_change_fraction=0.010000
cascade_candidate_stagnation_epochs=12
cascade_max_out_epochs=150
cascade_min_out_epochs=50
cascade_max_cand_epochs=150
cascade_min_cand_epochs=50
cascade_num_candidate_groups=2
bit_fail_limit=3.49999994039535522461e-01
cascade_candidate_limit=1.00000000000000000000e+03
cascade_weight_multiplier=4.00000005960464477539e-01
cascade_activation_functions_count=10
cascade_activation_functions=3 5 7 8 10 11 14 15 16 17 
cascade_activation_steepnesses_count=4
cascade_activation_steepnesses=2.50000000000000000000e-01 5.00000000000000000000e-01 7.50000000000000000000e-01 1.00000000000000000000e+00 
layer_sizes=4 5 3 2 
scale_included=0
neurons (num_inputs, activation_function, activation_steepness)=(0, 0, 0.00000000000000000000e+00) (0, 0, 0.00000000000000000000e+00) (0, 0, 0.00000000000000000000e+00) (0, 0, 0.00000000000000000000e+00) (4, 3, 5.00000000000000000000e-01) (4, 3, 5.00000000000000000000e-01) (4, 3, 5.00000000000000000000e-01) (4, 3, 5.00000000000000000000e-01) (0, 3, 0.00000000000000000000e+00) (5, 3, 5.00000000000000000000e-01) (5, 3, 5.00000000000000000000e-01) (0, 3, 0.00000000000000000000e+00) (3, 3, 5.00000000000000000000e-01) (0, 3, 0.00000000000000000000e+00) 
connections (connected_to_neuron, weight)=(0, 6.33046817779541015625e+00) (1, -1.07282485961914062500e+01) (2, 5.91522157192230224609e-01) (3, -2.01231527328491210938e+00) (0, 2.50349783897399902344e+00) (1, -8.62824916839599609375e+00) (2, 1.14698467254638671875e+01) (3, -1.41642773151397705078e+00) (0, 2.34759306907653808594e+00) (1, -6.15438985824584960938e+00) (2, 3.05512547492980957031e+00) (3, -9.39878582954406738281e-01) (0, -3.62364745140075683594e+00) (1, -7.24988317489624023438e+00) (2, 4.77053463459014892578e-01) (3, 3.54708361625671386719e+00) (4, -5.74122667312622070312e+00) (5, -5.47965764999389648438e+00) (6, -2.67187047004699707031e+00) (7, 2.56720638275146484375e+01) (8, 1.24613726139068603516e+00) (4, 2.14050114154815673828e-01) (5, -3.98961138725280761719e+00) (6, -1.08299291133880615234e+00) (7, 8.48821353912353515625e+00) (8, 1.86361503601074218750e+00) (9, -3.84770655632019042969e+00) (10, -1.60255551338195800781e+00) (11, 3.13503336906433105469e+00) 
