FANN_FLO_2.1
num_layers=3
learning_rate=0.400000
connection_rate=1.000000
network_type=0
learning_momentum=0.000000
training_algorithm=2
train_error_function=1
train_stop_function=0
cascade_output_change_fraction=0.010000
quickprop_decay=-0.000100
quickprop_mu=1.750000
rprop_increase_factor=1.200000
rprop_decrease_factor=0.500000
rprop_delta_min=0.000000
rprop_delta_max=50.000000
rprop_delta_zero=0.100000
cascade_output_stagnation_epochs=12
cascade_candidate_change_fraction=0.010000
cascade_candidate_stagnation_epochs=12
cascade_max_out_epochs=150
cascade_min_out_epochs=50
cascade_max_cand_epochs=150
cascade_min_cand_epochs=50
cascade_num_candidate_groups=2
bit_fail_limit=3.49999994039535522461e-01
cascade_candidate_limit=1.00000000000000000000e+03
cascade_weight_multiplier=4.00000005960464477539e-01
cascade_activation_functions_count=10
cascade_activation_functions=3 5 7 8 10 11 14 15 16 17 
cascade_activation_steepnesses_count=4
cascade_activation_steepnesses=2.50000000000000000000e-01 5.00000000000000000000e-01 7.50000000000000000000e-01 1.00000000000000000000e+00 
layer_sizes=10 3 2 
scale_included=0
neurons (num_inputs, activation_function, activation_steepness)=(0, 0, 0.00000000000000000000e+00) (0, 0, 0.00000000000000000000e+00) (0, 0, 0.00000000000000000000e+00) (0, 0, 0.00000000000000000000e+00) (0, 0, 0.00000000000000000000e+00) (0, 0, 0.00000000000000000000e+00) (0, 0, 0.00000000000000000000e+00) (0, 0, 0.00000000000000000000e+00) (0, 0, 0.00000000000000000000e+00) (0, 0, 0.00000000000000000000e+00) (10, 3, 5.00000000000000000000e-01) (10, 3, 5.00000000000000000000e-01) (0, 3, 0.00000000000000000000e+00) (3, 3, 5.00000000000000000000e-01) (0, 3, 0.00000000000000000000e+00) 
connections (connected_to_neuron, weight)=(0, 5.23656755685806274414e-02) (1, 7.29176551103591918945e-02) (2, 9.24011319875717163086e-02) (3, 9.51086729764938354492e-02) (4, 1.70419782400131225586e-01) (5, 1.63826167583465576172e-01) (6, 7.49980509281158447266e-02) (7, 2.87516564130783081055e-02) (8, 6.27508983016014099121e-02) (9, 2.13293284177780151367e-02) (0, 6.54886513948440551758e-02) (1, 1.16271421313285827637e-01) (2, 5.65617829561233520508e-02) (3, 1.90907418727874755859e-01) (4, 1.37371391057968139648e-01) (5, 1.46103531122207641602e-01) (6, 6.87462612986564636230e-02) (7, 1.88872218132019042969e-01) (8, 4.80061918497085571289e-02) (9, 1.01108610630035400391e-01) (10, 1.42228528857231140137e-01) (11, 1.63954913616180419922e-01) (12, 5.21538704633712768555e-02) 
