FANN_FLO_2.1
num_layers=3
learning_rate=0.400000
connection_rate=1.000000
network_type=0
learning_momentum=0.000000
training_algorithm=2
train_error_function=1
train_stop_function=0
cascade_output_change_fraction=0.010000
quickprop_decay=-0.000100
quickprop_mu=1.750000
rprop_increase_factor=1.200000
rprop_decrease_factor=0.500000
rprop_delta_min=0.000000
rprop_delta_max=50.000000
rprop_delta_zero=0.100000
cascade_output_stagnation_epochs=12
cascade_candidate_change_fraction=0.010000
cascade_candidate_stagnation_epochs=12
cascade_max_out_epochs=150
cascade_min_out_epochs=50
cascade_max_cand_epochs=150
cascade_min_cand_epochs=50
cascade_num_candidate_groups=2
bit_fail_limit=3.49999994039535522461e-01
cascade_candidate_limit=1.00000000000000000000e+03
cascade_weight_multiplier=4.00000005960464477539e-01
cascade_activation_functions_count=10
cascade_activation_functions=3 5 7 8 10 11 14 15 16 17 
cascade_activation_steepnesses_count=4
cascade_activation_steepnesses=2.50000000000000000000e-01 5.00000000000000000000e-01 7.50000000000000000000e-01 1.00000000000000000000e+00 
layer_sizes=10 3 2 
scale_included=0
neurons (num_inputs, activation_function, activation_steepness)=(0, 0, 0.00000000000000000000e+00) (0, 0, 0.00000000000000000000e+00) (0, 0, 0.00000000000000000000e+00) (0, 0, 0.00000000000000000000e+00) (0, 0, 0.00000000000000000000e+00) (0, 0, 0.00000000000000000000e+00) (0, 0, 0.00000000000000000000e+00) (0, 0, 0.00000000000000000000e+00) (0, 0, 0.00000000000000000000e+00) (0, 0, 0.00000000000000000000e+00) (10, 3, 5.00000000000000000000e-01) (10, 3, 5.00000000000000000000e-01) (0, 3, 0.00000000000000000000e+00) (3, 3, 5.00000000000000000000e-01) (0, 3, 0.00000000000000000000e+00) 
connections (connected_to_neuron, weight)=(0, -3.83897051215171813965e-02) (1, -9.06697735190391540527e-02) (2, -3.15778777003288269043e-02) (3, -1.32346093654632568359e-01) (4, -9.88733619451522827148e-02) (5, -1.32431998848915100098e-01) (6, -1.60092294216156005859e-01) (7, -8.33316370844841003418e-02) (8, -1.62908688187599182129e-01) (9, -5.12864068150520324707e-02) (0, -1.69962316751480102539e-01) (1, -7.65625461935997009277e-02) (2, -2.02131196856498718262e-01) (3, -6.30406960844993591309e-02) (4, -1.10959090292453765869e-01) (5, -2.02989235520362854004e-01) (6, -1.36810541152954101562e-01) (7, -1.95782735943794250488e-01) (8, -1.47096306085586547852e-01) (9, -1.66889756917953491211e-01) (10, -5.48309013247489929199e-02) (11, -9.65081006288528442383e-02) (12, -1.51323184370994567871e-01) 
