FANN_FLO_2.1
num_layers=3
learning_rate=0.400000
connection_rate=1.000000
network_type=0
learning_momentum=0.000000
training_algorithm=2
train_error_function=1
train_stop_function=0
cascade_output_change_fraction=0.010000
quickprop_decay=-0.000100
quickprop_mu=1.750000
rprop_increase_factor=1.200000
rprop_decrease_factor=0.500000
rprop_delta_min=0.000000
rprop_delta_max=50.000000
rprop_delta_zero=0.100000
cascade_output_stagnation_epochs=12
cascade_candidate_change_fraction=0.010000
cascade_candidate_stagnation_epochs=12
cascade_max_out_epochs=150
cascade_min_out_epochs=50
cascade_max_cand_epochs=150
cascade_min_cand_epochs=50
cascade_num_candidate_groups=2
bit_fail_limit=3.49999994039535522461e-01
cascade_candidate_limit=1.00000000000000000000e+03
cascade_weight_multiplier=4.00000005960464477539e-01
cascade_activation_functions_count=10
cascade_activation_functions=3 5 7 8 10 11 14 15 16 17 
cascade_activation_steepnesses_count=4
cascade_activation_steepnesses=2.50000000000000000000e-01 5.00000000000000000000e-01 7.50000000000000000000e-01 1.00000000000000000000e+00 
layer_sizes=10 3 2 
scale_included=0
neurons (num_inputs, activation_function, activation_steepness)=(0, 0, 0.00000000000000000000e+00) (0, 0, 0.00000000000000000000e+00) (0, 0, 0.00000000000000000000e+00) (0, 0, 0.00000000000000000000e+00) (0, 0, 0.00000000000000000000e+00) (0, 0, 0.00000000000000000000e+00) (0, 0, 0.00000000000000000000e+00) (0, 0, 0.00000000000000000000e+00) (0, 0, 0.00000000000000000000e+00) (0, 0, 0.00000000000000000000e+00) (10, 3, 5.00000000000000000000e-01) (10, 3, 5.00000000000000000000e-01) (0, 3, 0.00000000000000000000e+00) (3, 3, 5.00000000000000000000e-01) (0, 3, 0.00000000000000000000e+00) 
connections (connected_to_neuron, weight)=(0, -3.68227288126945495605e-02) (1, -1.76500946283340454102e-01) (2, -1.49780422449111938477e-01) (3, -9.13831517100334167480e-02) (4, -1.18549302220344543457e-01) (5, -2.01344445347785949707e-01) (6, -1.70257478952407836914e-01) (7, -3.09955701231956481934e-02) (8, -1.58778086304664611816e-01) (9, -2.15578153729438781738e-02) (0, -3.72031852602958679199e-02) (1, -7.82554373145103454590e-02) (2, -1.49325966835021972656e-01) (3, -2.20767781138420104980e-02) (4, -1.00648738443851470947e-01) (5, -1.35685145854949951172e-01) (6, -1.54517605900764465332e-01) (7, -1.72276064753532409668e-01) (8, -1.31681099534034729004e-01) (9, -3.92230078577995300293e-02) (10, -5.78499212861061096191e-02) (11, -8.66145268082618713379e-02) (12, -1.55751228332519531250e-01) 
