FANN_FLO_2.1
num_layers=3
learning_rate=0.400000
connection_rate=1.000000
network_type=0
learning_momentum=0.000000
training_algorithm=2
train_error_function=1
train_stop_function=0
cascade_output_change_fraction=0.010000
quickprop_decay=-0.000100
quickprop_mu=1.750000
rprop_increase_factor=1.200000
rprop_decrease_factor=0.500000
rprop_delta_min=0.000000
rprop_delta_max=50.000000
rprop_delta_zero=0.100000
cascade_output_stagnation_epochs=12
cascade_candidate_change_fraction=0.010000
cascade_candidate_stagnation_epochs=12
cascade_max_out_epochs=150
cascade_min_out_epochs=50
cascade_max_cand_epochs=150
cascade_min_cand_epochs=50
cascade_num_candidate_groups=2
bit_fail_limit=3.49999994039535522461e-01
cascade_candidate_limit=1.00000000000000000000e+03
cascade_weight_multiplier=4.00000005960464477539e-01
cascade_activation_functions_count=10
cascade_activation_functions=3 5 7 8 10 11 14 15 16 17 
cascade_activation_steepnesses_count=4
cascade_activation_steepnesses=2.50000000000000000000e-01 5.00000000000000000000e-01 7.50000000000000000000e-01 1.00000000000000000000e+00 
layer_sizes=6 5 2 
scale_included=0
neurons (num_inputs, activation_function, activation_steepness)=(0, 0, 0.00000000000000000000e+00) (0, 0, 0.00000000000000000000e+00) (0, 0, 0.00000000000000000000e+00) (0, 0, 0.00000000000000000000e+00) (0, 0, 0.00000000000000000000e+00) (0, 0, 0.00000000000000000000e+00) (6, 3, 5.00000000000000000000e-01) (6, 3, 5.00000000000000000000e-01) (6, 3, 5.00000000000000000000e-01) (6, 3, 5.00000000000000000000e-01) (0, 3, 0.00000000000000000000e+00) (5, 0, 5.00000000000000000000e-01) (0, 0, 0.00000000000000000000e+00) 
connections (connected_to_neuron, weight)=(0, -1.50000000000000000000e+03) (1, -1.46474952697753906250e+01) (2, 1.60830998420715332031e+00) (3, -3.07963132858276367188e+00) (4, -8.50430870056152343750e+00) (5, 3.73245984315872192383e-01) (0, -1.50000000000000000000e+03) (1, -8.90179519653320312500e+01) (2, 1.01954612731933593750e+01) (3, -1.99096214771270751953e+00) (4, -1.83361589908599853516e+00) (5, -8.75571608543395996094e-01) (0, -1.50000000000000000000e+03) (1, -5.33768554687500000000e+02) (2, 1.28164443969726562500e+02) (3, -7.39720230102539062500e+01) (4, -3.24964874267578125000e+02) (5, -3.09838596731424331665e-02) (0, -1.50000000000000000000e+03) (1, -1.33620786666870117188e+01) (2, 1.33139681816101074219e+00) (3, -7.91608035564422607422e-01) (4, -3.05880331993103027344e+00) (5, 1.81710839271545410156e-01) (6, 9.55918693542480468750e+00) (7, 1.12832641601562500000e+01) (8, 9.26217651367187500000e+00) (9, 1.07174005508422851562e+01) (10, 7.73015856742858886719e-01) 
