FANN_FLO_2.1
num_layers=4
learning_rate=0.450000
connection_rate=1.000000
network_type=0
learning_momentum=0.000000
training_algorithm=2
train_error_function=1
train_stop_function=0
cascade_output_change_fraction=0.010000
quickprop_decay=-0.000100
quickprop_mu=1.750000
rprop_increase_factor=1.200000
rprop_decrease_factor=0.500000
rprop_delta_min=0.000000
rprop_delta_max=50.000000
rprop_delta_zero=0.100000
cascade_output_stagnation_epochs=12
cascade_candidate_change_fraction=0.010000
cascade_candidate_stagnation_epochs=12
cascade_max_out_epochs=150
cascade_min_out_epochs=50
cascade_max_cand_epochs=150
cascade_min_cand_epochs=50
cascade_num_candidate_groups=2
bit_fail_limit=3.49999994039535522461e-01
cascade_candidate_limit=1.00000000000000000000e+03
cascade_weight_multiplier=4.00000005960464477539e-01
cascade_activation_functions_count=10
cascade_activation_functions=3 5 7 8 10 11 14 15 16 17 
cascade_activation_steepnesses_count=4
cascade_activation_steepnesses=2.50000000000000000000e-01 5.00000000000000000000e-01 7.50000000000000000000e-01 1.00000000000000000000e+00 
layer_sizes=7 5 3 2 
scale_included=0
neurons (num_inputs, activation_function, activation_steepness)=(0, 0, 0.00000000000000000000e+00) (0, 0, 0.00000000000000000000e+00) (0, 0, 0.00000000000000000000e+00) (0, 0, 0.00000000000000000000e+00) (0, 0, 0.00000000000000000000e+00) (0, 0, 0.00000000000000000000e+00) (0, 0, 0.00000000000000000000e+00) (7, 3, 5.00000000000000000000e-01) (7, 3, 5.00000000000000000000e-01) (7, 3, 5.00000000000000000000e-01) (7, 3, 5.00000000000000000000e-01) (0, 3, 0.00000000000000000000e+00) (5, 3, 5.00000000000000000000e-01) (5, 3, 5.00000000000000000000e-01) (0, 3, 0.00000000000000000000e+00) (3, 0, 5.00000000000000000000e-01) (0, 0, 0.00000000000000000000e+00) 
connections (connected_to_neuron, weight)=(0, 1.12707614898681640625e+00) (1, 2.35553562641143798828e-01) (2, -1.85964775085449218750e+00) (3, 1.35974156856536865234e+00) (4, -1.16147994995117187500e+01) (5, -6.55148363113403320312e+00) (6, 1.27107357978820800781e+00) (0, 1.29502570629119873047e+00) (1, -9.10627746582031250000e+00) (2, -7.55699217319488525391e-01) (3, 1.70282602310180664062e+00) (4, -8.44853878021240234375e+00) (5, -5.89296960830688476562e+00) (6, -5.07563799619674682617e-02) (0, 8.11035513877868652344e-01) (1, -3.25621545314788818359e-01) (2, -1.41701340675354003906e+00) (3, 3.88690859079360961914e-01) (4, -1.15375881195068359375e+01) (5, -5.90474188327789306641e-01) (6, 4.00007581710815429688e+00) (0, 1.39134466648101806641e+00) (1, 4.64240226745605468750e+01) (2, 2.33962234497070312500e+02) (3, 1.23311197757720947266e+00) (4, 1.86106536865234375000e+02) (5, 1.50492191314697265625e+01) (6, 2.09839868545532226562e+00) (7, -1.50000000000000000000e+03) (8, -1.50000000000000000000e+03) (9, 1.50000000000000000000e+03) (10, 1.75486621856689453125e+01) (11, 6.30542933940887451172e-01) (7, -1.84578723907470703125e+01) (8, -1.50000000000000000000e+03) (9, 1.50000000000000000000e+03) (10, 8.14705657958984375000e+00) (11, 6.61945939064025878906e-01) (12, -2.27396145462989807129e-01) (13, -1.10335910320281982422e+00) (14, 1.34428524971008300781e+00) 
