FANN_FLO_2.1
num_layers=3
learning_rate=0.500000
connection_rate=1.000000
network_type=0
learning_momentum=0.000000
training_algorithm=2
train_error_function=1
train_stop_function=0
cascade_output_change_fraction=0.010000
quickprop_decay=-0.000100
quickprop_mu=1.750000
rprop_increase_factor=1.200000
rprop_decrease_factor=0.500000
rprop_delta_min=0.000000
rprop_delta_max=50.000000
rprop_delta_zero=0.100000
cascade_output_stagnation_epochs=12
cascade_candidate_change_fraction=0.010000
cascade_candidate_stagnation_epochs=12
cascade_max_out_epochs=150
cascade_min_out_epochs=50
cascade_max_cand_epochs=150
cascade_min_cand_epochs=50
cascade_num_candidate_groups=2
bit_fail_limit=3.49999994039535522461e-01
cascade_candidate_limit=1.00000000000000000000e+03
cascade_weight_multiplier=4.00000005960464477539e-01
cascade_activation_functions_count=10
cascade_activation_functions=3 5 7 8 10 11 14 15 16 17 
cascade_activation_steepnesses_count=4
cascade_activation_steepnesses=2.50000000000000000000e-01 5.00000000000000000000e-01 7.50000000000000000000e-01 1.00000000000000000000e+00 
layer_sizes=10 3 2 
scale_included=0
neurons (num_inputs, activation_function, activation_steepness)=(0, 0, 0.00000000000000000000e+00) (0, 0, 0.00000000000000000000e+00) (0, 0, 0.00000000000000000000e+00) (0, 0, 0.00000000000000000000e+00) (0, 0, 0.00000000000000000000e+00) (0, 0, 0.00000000000000000000e+00) (0, 0, 0.00000000000000000000e+00) (0, 0, 0.00000000000000000000e+00) (0, 0, 0.00000000000000000000e+00) (0, 0, 0.00000000000000000000e+00) (10, 3, 5.00000000000000000000e-01) (10, 3, 5.00000000000000000000e-01) (0, 3, 0.00000000000000000000e+00) (3, 3, 5.00000000000000000000e-01) (0, 3, 0.00000000000000000000e+00) 
connections (connected_to_neuron, weight)=(0, -4.59540575742721557617e-01) (1, -6.95929527282714843750e-01) (2, -4.50603812932968139648e-01) (3, 2.04079732298851013184e-01) (4, -2.09889292716979980469e+00) (5, -5.75374782085418701172e-01) (6, -2.78463304042816162109e-01) (7, 2.30425164103507995605e-01) (8, -3.86574208736419677734e-01) (9, 1.62476348876953125000e+00) (0, -5.51647543907165527344e-01) (1, -4.92712527513504028320e-01) (2, -5.21084845066070556641e-01) (3, -8.57934355735778808594e-01) (4, 2.47941568493843078613e-01) (5, -5.08541882038116455078e-01) (6, -6.48186922073364257812e-01) (7, -8.91291022300720214844e-01) (8, -5.99485635757446289062e-01) (9, 1.80964219570159912109e+00) (10, -1.21097040176391601562e+00) (11, -2.65173983573913574219e+00) (12, 1.37453317642211914062e+00) 
