FANN_FLO_2.1
num_layers=4
learning_rate=0.450000
connection_rate=1.000000
network_type=0
learning_momentum=0.000000
training_algorithm=2
train_error_function=1
train_stop_function=0
cascade_output_change_fraction=0.010000
quickprop_decay=-0.000100
quickprop_mu=1.750000
rprop_increase_factor=1.200000
rprop_decrease_factor=0.500000
rprop_delta_min=0.000000
rprop_delta_max=50.000000
rprop_delta_zero=0.100000
cascade_output_stagnation_epochs=12
cascade_candidate_change_fraction=0.010000
cascade_candidate_stagnation_epochs=12
cascade_max_out_epochs=150
cascade_min_out_epochs=50
cascade_max_cand_epochs=150
cascade_min_cand_epochs=50
cascade_num_candidate_groups=2
bit_fail_limit=3.49999994039535522461e-01
cascade_candidate_limit=1.00000000000000000000e+03
cascade_weight_multiplier=4.00000005960464477539e-01
cascade_activation_functions_count=10
cascade_activation_functions=3 5 7 8 10 11 14 15 16 17 
cascade_activation_steepnesses_count=4
cascade_activation_steepnesses=2.50000000000000000000e-01 5.00000000000000000000e-01 7.50000000000000000000e-01 1.00000000000000000000e+00 
layer_sizes=7 3 3 2 
scale_included=0
neurons (num_inputs, activation_function, activation_steepness)=(0, 0, 0.00000000000000000000e+00) (0, 0, 0.00000000000000000000e+00) (0, 0, 0.00000000000000000000e+00) (0, 0, 0.00000000000000000000e+00) (0, 0, 0.00000000000000000000e+00) (0, 0, 0.00000000000000000000e+00) (0, 0, 0.00000000000000000000e+00) (7, 3, 5.00000000000000000000e-01) (7, 3, 5.00000000000000000000e-01) (0, 3, 0.00000000000000000000e+00) (3, 3, 5.00000000000000000000e-01) (3, 3, 5.00000000000000000000e-01) (0, 3, 0.00000000000000000000e+00) (3, 0, 5.00000000000000000000e-01) (0, 0, 0.00000000000000000000e+00) 
connections (connected_to_neuron, weight)=(0, 1.85664474964141845703e-01) (1, 4.57828193902969360352e-01) (2, 8.59791338443756103516e-02) (3, 3.93612056970596313477e-01) (4, 4.34687644243240356445e-01) (5, -1.17616045475006103516e+00) (6, -1.01962928771972656250e+01) (0, 3.97145032882690429688e-01) (1, 1.63211905956268310547e+00) (2, 7.01612055301666259766e-01) (3, 1.77666699886322021484e+00) (4, 2.09861946105957031250e+00) (5, 1.24862933158874511719e+00) (6, 1.57269358634948730469e+00) (7, -3.36486206054687500000e+01) (8, -7.28199291229248046875e+00) (9, 6.00048482418060302734e-01) (7, 2.59221313476562500000e+02) (8, -2.68778625488281250000e+02) (9, 2.18404352664947509766e-01) (10, -4.38920831680297851562e+00) (11, -1.28280014038085937500e+02) (12, 2.13736072182655334473e-02) 
