FANN_FLO_2.1
num_layers=3
learning_rate=0.500000
connection_rate=1.000000
network_type=0
learning_momentum=0.000000
training_algorithm=2
train_error_function=1
train_stop_function=0
cascade_output_change_fraction=0.010000
quickprop_decay=-0.000100
quickprop_mu=1.750000
rprop_increase_factor=1.200000
rprop_decrease_factor=0.500000
rprop_delta_min=0.000000
rprop_delta_max=50.000000
rprop_delta_zero=0.100000
cascade_output_stagnation_epochs=12
cascade_candidate_change_fraction=0.010000
cascade_candidate_stagnation_epochs=12
cascade_max_out_epochs=150
cascade_min_out_epochs=50
cascade_max_cand_epochs=150
cascade_min_cand_epochs=50
cascade_num_candidate_groups=2
bit_fail_limit=3.49999994039535522461e-01
cascade_candidate_limit=1.00000000000000000000e+03
cascade_weight_multiplier=4.00000005960464477539e-01
cascade_activation_functions_count=10
cascade_activation_functions=3 5 7 8 10 11 14 15 16 17 
cascade_activation_steepnesses_count=4
cascade_activation_steepnesses=2.50000000000000000000e-01 5.00000000000000000000e-01 7.50000000000000000000e-01 1.00000000000000000000e+00 
layer_sizes=7 5 2 
scale_included=0
neurons (num_inputs, activation_function, activation_steepness)=(0, 0, 0.00000000000000000000e+00) (0, 0, 0.00000000000000000000e+00) (0, 0, 0.00000000000000000000e+00) (0, 0, 0.00000000000000000000e+00) (0, 0, 0.00000000000000000000e+00) (0, 0, 0.00000000000000000000e+00) (0, 0, 0.00000000000000000000e+00) (7, 3, 5.00000000000000000000e-01) (7, 3, 5.00000000000000000000e-01) (7, 3, 5.00000000000000000000e-01) (7, 3, 5.00000000000000000000e-01) (0, 3, 0.00000000000000000000e+00) (5, 0, 5.00000000000000000000e-01) (0, 0, 0.00000000000000000000e+00) 
connections (connected_to_neuron, weight)=(0, -7.91501235961914062500e+00) (1, -8.21039306640625000000e+02) (2, 1.02205096435546875000e+03) (3, -9.56736755371093750000e+00) (4, -1.38571728515625000000e+03) (5, 7.98559265136718750000e+01) (6, -8.45182895660400390625e+00) (0, -7.74235773086547851562e+00) (1, -8.21126831054687500000e+02) (2, 1.02206268310546875000e+03) (3, -9.45002555847167968750e+00) (4, -1.38571630859375000000e+03) (5, 7.97977294921875000000e+01) (6, -8.53960323333740234375e+00) (0, 3.33729907870292663574e-02) (1, -1.09998390078544616699e-01) (2, 2.93803177773952484131e-02) (3, 1.24508738517761230469e-01) (4, -4.96026128530502319336e-02) (5, -3.07338684797286987305e-02) (6, 1.67030656337738037109e+00) (0, -1.30941188335418701172e+00) (1, -2.14119125366210937500e+02) (2, 3.40193634033203125000e+02) (3, -2.06994128227233886719e+00) (4, -1.05187255859375000000e+03) (5, 1.17704071044921875000e+02) (6, -1.38554787635803222656e+00) (7, -1.78097671508789062500e+02) (8, -1.78094619750976562500e+02) (9, 8.60334262251853942871e-02) (10, 3.56143707275390625000e+02) (11, -6.47576078772544860840e-02) 
