FANN_FLO_2.1
num_layers=3
learning_rate=0.500000
connection_rate=1.000000
network_type=0
learning_momentum=0.000000
training_algorithm=2
train_error_function=1
train_stop_function=0
cascade_output_change_fraction=0.010000
quickprop_decay=-0.000100
quickprop_mu=1.750000
rprop_increase_factor=1.200000
rprop_decrease_factor=0.500000
rprop_delta_min=0.000000
rprop_delta_max=50.000000
rprop_delta_zero=0.100000
cascade_output_stagnation_epochs=12
cascade_candidate_change_fraction=0.010000
cascade_candidate_stagnation_epochs=12
cascade_max_out_epochs=150
cascade_min_out_epochs=50
cascade_max_cand_epochs=150
cascade_min_cand_epochs=50
cascade_num_candidate_groups=2
bit_fail_limit=3.49999994039535522461e-01
cascade_candidate_limit=1.00000000000000000000e+03
cascade_weight_multiplier=4.00000005960464477539e-01
cascade_activation_functions_count=10
cascade_activation_functions=3 5 7 8 10 11 14 15 16 17 
cascade_activation_steepnesses_count=4
cascade_activation_steepnesses=2.50000000000000000000e-01 5.00000000000000000000e-01 7.50000000000000000000e-01 1.00000000000000000000e+00 
layer_sizes=18 3 2 
scale_included=0
neurons (num_inputs, activation_function, activation_steepness)=(0, 0, 0.00000000000000000000e+00) (0, 0, 0.00000000000000000000e+00) (0, 0, 0.00000000000000000000e+00) (0, 0, 0.00000000000000000000e+00) (0, 0, 0.00000000000000000000e+00) (0, 0, 0.00000000000000000000e+00) (0, 0, 0.00000000000000000000e+00) (0, 0, 0.00000000000000000000e+00) (0, 0, 0.00000000000000000000e+00) (0, 0, 0.00000000000000000000e+00) (0, 0, 0.00000000000000000000e+00) (0, 0, 0.00000000000000000000e+00) (0, 0, 0.00000000000000000000e+00) (0, 0, 0.00000000000000000000e+00) (0, 0, 0.00000000000000000000e+00) (0, 0, 0.00000000000000000000e+00) (0, 0, 0.00000000000000000000e+00) (0, 0, 0.00000000000000000000e+00) (18, 3, 5.00000000000000000000e-01) (18, 3, 5.00000000000000000000e-01) (0, 3, 0.00000000000000000000e+00) (3, 0, 5.00000000000000000000e-01) (0, 0, 0.00000000000000000000e+00) 
connections (connected_to_neuron, weight)=(0, 2.23954124450683593750e+01) (1, 1.62447677612304687500e+02) (2, 2.42373218536376953125e+01) (3, 2.51351566314697265625e+01) (4, 5.08523498535156250000e+02) (5, -1.98161071777343750000e+02) (6, -8.23011093139648437500e+01) (7, -7.47864608764648437500e+01) (8, 3.88226795196533203125e+00) (9, 2.57354621887207031250e+01) (10, 2.53148117065429687500e+01) (11, 3.37233543395996093750e+01) (12, 2.23084297180175781250e+01) (13, 1.45251598358154296875e+01) (14, 2.22574539184570312500e+01) (15, 2.26048889160156250000e+01) (16, 2.27572937011718750000e+01) (17, -1.77994632720947265625e+01) (0, 6.91353261470794677734e-01) (1, 7.12497651576995849609e-01) (2, 7.17873632907867431641e-01) (3, 6.99997425079345703125e-01) (4, 6.53806924819946289062e-01) (5, -6.45795285701751708984e-01) (6, -7.36027777194976806641e-01) (7, -6.57325446605682373047e-01) (8, -3.42839211225509643555e-02) (9, 7.04797685146331787109e-01) (10, 7.43785738945007324219e-01) (11, 7.02757179737091064453e-01) (12, 7.01189160346984863281e-01) (13, 6.91107332706451416016e-01) (14, 6.65517866611480712891e-01) (15, 6.96267724037170410156e-01) (16, 7.24785447120666503906e-01) (17, -3.11994147300720214844e+00) (18, 8.97814631462097167969e-01) (19, 1.29404468536376953125e+01) (20, 1.50088012218475341797e+00) 
