FANN_FLO_2.1
num_layers=3
learning_rate=0.400000
connection_rate=1.000000
network_type=0
learning_momentum=0.000000
training_algorithm=2
train_error_function=1
train_stop_function=0
cascade_output_change_fraction=0.010000
quickprop_decay=-0.000100
quickprop_mu=1.750000
rprop_increase_factor=1.200000
rprop_decrease_factor=0.500000
rprop_delta_min=0.000000
rprop_delta_max=50.000000
rprop_delta_zero=0.100000
cascade_output_stagnation_epochs=12
cascade_candidate_change_fraction=0.010000
cascade_candidate_stagnation_epochs=12
cascade_max_out_epochs=150
cascade_min_out_epochs=50
cascade_max_cand_epochs=150
cascade_min_cand_epochs=50
cascade_num_candidate_groups=2
bit_fail_limit=3.49999994039535522461e-01
cascade_candidate_limit=1.00000000000000000000e+03
cascade_weight_multiplier=4.00000005960464477539e-01
cascade_activation_functions_count=10
cascade_activation_functions=3 5 7 8 10 11 14 15 16 17 
cascade_activation_steepnesses_count=4
cascade_activation_steepnesses=2.50000000000000000000e-01 5.00000000000000000000e-01 7.50000000000000000000e-01 1.00000000000000000000e+00 
layer_sizes=10 3 2 
scale_included=0
neurons (num_inputs, activation_function, activation_steepness)=(0, 0, 0.00000000000000000000e+00) (0, 0, 0.00000000000000000000e+00) (0, 0, 0.00000000000000000000e+00) (0, 0, 0.00000000000000000000e+00) (0, 0, 0.00000000000000000000e+00) (0, 0, 0.00000000000000000000e+00) (0, 0, 0.00000000000000000000e+00) (0, 0, 0.00000000000000000000e+00) (0, 0, 0.00000000000000000000e+00) (0, 0, 0.00000000000000000000e+00) (10, 3, 5.00000000000000000000e-01) (10, 3, 5.00000000000000000000e-01) (0, 3, 0.00000000000000000000e+00) (3, 3, 5.00000000000000000000e-01) (0, 3, 0.00000000000000000000e+00) 
connections (connected_to_neuron, weight)=(0, 9.23561975359916687012e-02) (1, 1.91192507743835449219e-01) (2, 1.40567004680633544922e-01) (3, 2.00114130973815917969e-01) (4, 1.50552272796630859375e-01) (5, 1.14626944065093994141e-01) (6, 2.86083072423934936523e-02) (7, 2.16224193572998046875e-01) (8, 1.80172264575958251953e-01) (9, 1.86253279447555541992e-01) (0, 4.91903722286224365234e-02) (1, 1.93460911512374877930e-01) (2, 1.99514627456665039062e-01) (3, 1.33388400077819824219e-01) (4, 1.43936350941658020020e-01) (5, 1.46658480167388916016e-01) (6, 1.53849065303802490234e-01) (7, 2.02663034200668334961e-01) (8, 6.29038512706756591797e-02) (9, 1.01945847272872924805e-01) (10, -1.41363203525543212891e-01) (11, -1.86452120542526245117e-01) (12, -1.09841860830783843994e-01) 
