FANN_FLO_2.1
num_layers=4
learning_rate=0.300000
connection_rate=1.000000
network_type=0
learning_momentum=0.000000
training_algorithm=2
train_error_function=1
train_stop_function=0
cascade_output_change_fraction=0.010000
quickprop_decay=-0.000100
quickprop_mu=1.750000
rprop_increase_factor=1.200000
rprop_decrease_factor=0.500000
rprop_delta_min=0.000000
rprop_delta_max=50.000000
rprop_delta_zero=0.100000
cascade_output_stagnation_epochs=12
cascade_candidate_change_fraction=0.010000
cascade_candidate_stagnation_epochs=12
cascade_max_out_epochs=150
cascade_min_out_epochs=50
cascade_max_cand_epochs=150
cascade_min_cand_epochs=50
cascade_num_candidate_groups=2
bit_fail_limit=3.49999994039535522461e-01
cascade_candidate_limit=1.00000000000000000000e+03
cascade_weight_multiplier=4.00000005960464477539e-01
cascade_activation_functions_count=10
cascade_activation_functions=3 5 7 8 10 11 14 15 16 17 
cascade_activation_steepnesses_count=4
cascade_activation_steepnesses=2.50000000000000000000e-01 5.00000000000000000000e-01 7.50000000000000000000e-01 1.00000000000000000000e+00 
layer_sizes=2 5 3 3 
scale_included=0
neurons (num_inputs, activation_function, activation_steepness)=(0, 0, 0.00000000000000000000e+00) (0, 0, 0.00000000000000000000e+00) (2, 3, 5.00000000000000000000e-01) (2, 3, 5.00000000000000000000e-01) (2, 3, 5.00000000000000000000e-01) (2, 3, 5.00000000000000000000e-01) (0, 3, 0.00000000000000000000e+00) (5, 3, 5.00000000000000000000e-01) (5, 3, 5.00000000000000000000e-01) (0, 3, 0.00000000000000000000e+00) (3, 0, 5.00000000000000000000e-01) (3, 0, 5.00000000000000000000e-01) (0, 0, 0.00000000000000000000e+00) 
connections (connected_to_neuron, weight)=(0, -4.45341873168945312500e+01) (1, -1.23193478584289550781e+00) (0, -1.50000000000000000000e+03) (1, 7.31212463378906250000e+01) (0, -4.16230659484863281250e+01) (1, -1.03980553150177001953e+00) (0, -4.42245101928710937500e+01) (1, -1.18402147293090820312e+00) (2, 3.76670837402343750000e+00) (3, -1.26478981971740722656e+00) (4, 4.03460073471069335938e+00) (5, 9.77556645870208740234e-01) (6, -2.01391458511352539062e+00) (2, 2.61364698410034179688e+00) (3, -4.33852732181549072266e-01) (4, 2.71667289733886718750e+00) (5, 1.17156088352203369141e+00) (6, -1.02083718776702880859e+00) (7, 9.89214703440666198730e-02) (8, 5.17796576023101806641e-02) (9, -1.70962646603584289551e-01) (7, -8.41238260269165039062e-01) (8, -7.63732731342315673828e-01) (9, -5.72387218475341796875e-01) 
