FANN_FLO_2.1
num_layers=3
learning_rate=0.300000
connection_rate=1.000000
network_type=0
learning_momentum=0.000000
training_algorithm=2
train_error_function=1
train_stop_function=0
cascade_output_change_fraction=0.010000
quickprop_decay=-0.000100
quickprop_mu=1.750000
rprop_increase_factor=1.200000
rprop_decrease_factor=0.500000
rprop_delta_min=0.000000
rprop_delta_max=50.000000
rprop_delta_zero=0.100000
cascade_output_stagnation_epochs=12
cascade_candidate_change_fraction=0.010000
cascade_candidate_stagnation_epochs=12
cascade_max_out_epochs=150
cascade_min_out_epochs=50
cascade_max_cand_epochs=150
cascade_min_cand_epochs=50
cascade_num_candidate_groups=2
bit_fail_limit=3.49999994039535522461e-01
cascade_candidate_limit=1.00000000000000000000e+03
cascade_weight_multiplier=4.00000005960464477539e-01
cascade_activation_functions_count=10
cascade_activation_functions=3 5 7 8 10 11 14 15 16 17 
cascade_activation_steepnesses_count=4
cascade_activation_steepnesses=2.50000000000000000000e-01 5.00000000000000000000e-01 7.50000000000000000000e-01 1.00000000000000000000e+00 
layer_sizes=4 9 2 
scale_included=0
neurons (num_inputs, activation_function, activation_steepness)=(0, 0, 0.00000000000000000000e+00) (0, 0, 0.00000000000000000000e+00) (0, 0, 0.00000000000000000000e+00) (0, 0, 0.00000000000000000000e+00) (4, 3, 5.00000000000000000000e-01) (4, 3, 5.00000000000000000000e-01) (4, 3, 5.00000000000000000000e-01) (4, 3, 5.00000000000000000000e-01) (4, 3, 5.00000000000000000000e-01) (4, 3, 5.00000000000000000000e-01) (4, 3, 5.00000000000000000000e-01) (4, 3, 5.00000000000000000000e-01) (0, 3, 0.00000000000000000000e+00) (9, 3, 5.00000000000000000000e-01) (0, 3, 0.00000000000000000000e+00) 
connections (connected_to_neuron, weight)=(0, -1.40215516090393066406e+00) (1, 1.00817430019378662109e+00) (2, -3.02445816993713378906e+00) (3, 1.17305431365966796875e+01) (0, 6.67191505432128906250e+00) (1, -3.79688882827758789062e+00) (2, -2.26235404610633850098e-01) (3, 2.68291741609573364258e-01) (0, -1.07965621948242187500e+01) (1, 6.96054995059967041016e-01) (2, -7.44979381561279296875e-01) (3, 7.65645408630371093750e+00) (0, -1.26312570571899414062e+01) (1, 7.07917571067810058594e-01) (2, 2.18267202377319335938e-01) (3, 5.24740219116210937500e+00) (0, -1.10180873870849609375e+01) (1, 7.62962043285369873047e-01) (2, -3.25570136308670043945e-01) (3, 7.54849386215209960938e+00) (0, -2.03116029500961303711e-01) (1, 2.69971154630184173584e-02) (2, -4.99257534742355346680e-01) (3, 6.07978296279907226562e+00) (0, -1.61034560203552246094e+00) (1, 8.01635622978210449219e-01) (2, -9.69426572322845458984e-01) (3, 3.07240104675292968750e+00) (0, -2.08426356315612792969e+00) (1, 6.76251292228698730469e-01) (2, 4.15468886494636535645e-02) (3, 5.45190721750259399414e-02) (4, -3.50586861371994018555e-01) (5, 3.50031465291976928711e-01) (6, -1.15206897258758544922e+00) (7, 6.09690129756927490234e-01) (8, -2.70165872573852539062e+00) (9, -3.65106678009033203125e+00) (10, -4.62282717227935791016e-01) (11, -3.40563923120498657227e-01) (12, 6.93405747413635253906e-01) 
