FANN_FLO_2.1
num_layers=3
learning_rate=0.300000
connection_rate=1.000000
network_type=0
learning_momentum=0.000000
training_algorithm=2
train_error_function=1
train_stop_function=0
cascade_output_change_fraction=0.010000
quickprop_decay=-0.000100
quickprop_mu=1.750000
rprop_increase_factor=1.200000
rprop_decrease_factor=0.500000
rprop_delta_min=0.000000
rprop_delta_max=50.000000
rprop_delta_zero=0.100000
cascade_output_stagnation_epochs=12
cascade_candidate_change_fraction=0.010000
cascade_candidate_stagnation_epochs=12
cascade_max_out_epochs=150
cascade_min_out_epochs=50
cascade_max_cand_epochs=150
cascade_min_cand_epochs=50
cascade_num_candidate_groups=2
bit_fail_limit=3.49999994039535522461e-01
cascade_candidate_limit=1.00000000000000000000e+03
cascade_weight_multiplier=4.00000005960464477539e-01
cascade_activation_functions_count=10
cascade_activation_functions=3 5 7 8 10 11 14 15 16 17 
cascade_activation_steepnesses_count=4
cascade_activation_steepnesses=2.50000000000000000000e-01 5.00000000000000000000e-01 7.50000000000000000000e-01 1.00000000000000000000e+00 
layer_sizes=4 9 2 
scale_included=0
neurons (num_inputs, activation_function, activation_steepness)=(0, 0, 0.00000000000000000000e+00) (0, 0, 0.00000000000000000000e+00) (0, 0, 0.00000000000000000000e+00) (0, 0, 0.00000000000000000000e+00) (4, 3, 5.00000000000000000000e-01) (4, 3, 5.00000000000000000000e-01) (4, 3, 5.00000000000000000000e-01) (4, 3, 5.00000000000000000000e-01) (4, 3, 5.00000000000000000000e-01) (4, 3, 5.00000000000000000000e-01) (4, 3, 5.00000000000000000000e-01) (4, 3, 5.00000000000000000000e-01) (0, 3, 0.00000000000000000000e+00) (9, 3, 5.00000000000000000000e-01) (0, 3, 0.00000000000000000000e+00) 
connections (connected_to_neuron, weight)=(0, -1.46410882472991943359e-01) (1, 2.12953127920627593994e-02) (2, -3.22434842586517333984e-01) (3, 4.11729335784912109375e+00) (0, -2.48297557830810546875e+01) (1, -1.89574005126953125000e+02) (2, -3.42094299316406250000e+02) (3, 6.91742300987243652344e-01) (0, 1.24543465673923492432e-01) (1, -6.42913207411766052246e-02) (2, 1.62151809781789779663e-02) (3, 3.75248908996582031250e-01) (0, -4.10721969604492187500e+01) (1, -1.89293029785156250000e+02) (2, -3.30869354248046875000e+02) (3, 3.41843605041503906250e-01) (0, -4.03377413749694824219e-02) (1, 2.67366333007812500000e+02) (2, 4.99232543945312500000e+02) (3, 6.53305649757385253906e-01) (0, -8.80899786949157714844e-01) (1, 8.00761461257934570312e-01) (2, -1.74642717838287353516e+00) (3, 2.78415107727050781250e+00) (0, -8.21897864341735839844e-01) (1, 6.13843083381652832031e-01) (2, -1.83875119686126708984e+00) (3, 5.52037477493286132812e+00) (0, 1.49998852539062500000e+03) (1, -1.88636215209960937500e+02) (2, -2.03275405883789062500e+02) (3, 9.11419510841369628906e-01) (4, -4.42973375320434570312e+00) (5, 1.50000000000000000000e+03) (6, 1.18687820434570312500e+00) (7, 1.50000000000000000000e+03) (8, -3.25934181213378906250e+01) (9, -4.25078302621841430664e-01) (10, -3.80072891712188720703e-01) (11, 3.29818801879882812500e+01) (12, 4.63376998901367187500e-01) 
