FANN_FLO_2.1
num_layers=3
learning_rate=0.300000
connection_rate=1.000000
network_type=0
learning_momentum=0.000000
training_algorithm=2
train_error_function=1
train_stop_function=0
cascade_output_change_fraction=0.010000
quickprop_decay=-0.000100
quickprop_mu=1.750000
rprop_increase_factor=1.200000
rprop_decrease_factor=0.500000
rprop_delta_min=0.000000
rprop_delta_max=50.000000
rprop_delta_zero=0.100000
cascade_output_stagnation_epochs=12
cascade_candidate_change_fraction=0.010000
cascade_candidate_stagnation_epochs=12
cascade_max_out_epochs=150
cascade_min_out_epochs=50
cascade_max_cand_epochs=150
cascade_min_cand_epochs=50
cascade_num_candidate_groups=2
bit_fail_limit=3.49999994039535522461e-01
cascade_candidate_limit=1.00000000000000000000e+03
cascade_weight_multiplier=4.00000005960464477539e-01
cascade_activation_functions_count=10
cascade_activation_functions=3 5 7 8 10 11 14 15 16 17 
cascade_activation_steepnesses_count=4
cascade_activation_steepnesses=2.50000000000000000000e-01 5.00000000000000000000e-01 7.50000000000000000000e-01 1.00000000000000000000e+00 
layer_sizes=4 9 2 
scale_included=0
neurons (num_inputs, activation_function, activation_steepness)=(0, 0, 0.00000000000000000000e+00) (0, 0, 0.00000000000000000000e+00) (0, 0, 0.00000000000000000000e+00) (0, 0, 0.00000000000000000000e+00) (4, 3, 5.00000000000000000000e-01) (4, 3, 5.00000000000000000000e-01) (4, 3, 5.00000000000000000000e-01) (4, 3, 5.00000000000000000000e-01) (4, 3, 5.00000000000000000000e-01) (4, 3, 5.00000000000000000000e-01) (4, 3, 5.00000000000000000000e-01) (4, 3, 5.00000000000000000000e-01) (0, 3, 0.00000000000000000000e+00) (9, 3, 5.00000000000000000000e-01) (0, 3, 0.00000000000000000000e+00) 
connections (connected_to_neuron, weight)=(0, -1.15891623497009277344e+00) (1, 5.24335741996765136719e-01) (2, -1.29826879501342773438e+00) (3, 2.66170859336853027344e+00) (0, -2.85372912883758544922e-01) (1, 9.10421162843704223633e-02) (2, -2.18443349003791809082e-01) (3, 3.26917842030525207520e-02) (0, -1.70142576098442077637e-01) (1, 1.20684072375297546387e-01) (2, -1.39711648225784301758e-01) (3, 8.37506890296936035156e-01) (0, -8.60814750194549560547e-01) (1, 7.39716112613677978516e-01) (2, -1.90544545650482177734e+00) (3, 2.18754696846008300781e+00) (0, -7.50572323799133300781e-01) (1, 5.80245852470397949219e-01) (2, -1.12754917144775390625e+00) (3, 7.36686289310455322266e-01) (0, -7.53320455551147460938e-01) (1, 5.85370540618896484375e-01) (2, -1.15951526165008544922e+00) (3, 7.85438954830169677734e-01) (0, 1.95873394608497619629e-01) (1, -4.56995703279972076416e-02) (2, 4.98410195112228393555e-01) (3, -5.36847543716430664062e+00) (0, -1.43192097544670104980e-01) (1, 3.38251367211341857910e-02) (2, -1.64380669593811035156e-01) (3, 5.42453050613403320312e-01) (4, 1.52886314317584037781e-02) (5, 2.24591779708862304688e+00) (6, -7.65286624431610107422e-01) (7, -9.63707789778709411621e-02) (8, -1.23613253235816955566e-01) (9, -1.91530421376228332520e-01) (10, 1.68587160110473632812e+00) (11, -9.08440017700195312500e+00) (12, -3.65067683160305023193e-02) 
