FANN_FLO_2.1
num_layers=3
learning_rate=0.400000
connection_rate=1.000000
network_type=0
learning_momentum=0.000000
training_algorithm=2
train_error_function=1
train_stop_function=0
cascade_output_change_fraction=0.010000
quickprop_decay=-0.000100
quickprop_mu=1.750000
rprop_increase_factor=1.200000
rprop_decrease_factor=0.500000
rprop_delta_min=0.000000
rprop_delta_max=50.000000
rprop_delta_zero=0.100000
cascade_output_stagnation_epochs=12
cascade_candidate_change_fraction=0.010000
cascade_candidate_stagnation_epochs=12
cascade_max_out_epochs=150
cascade_min_out_epochs=50
cascade_max_cand_epochs=150
cascade_min_cand_epochs=50
cascade_num_candidate_groups=2
bit_fail_limit=3.49999994039535522461e-01
cascade_candidate_limit=1.00000000000000000000e+03
cascade_weight_multiplier=4.00000005960464477539e-01
cascade_activation_functions_count=10
cascade_activation_functions=3 5 7 8 10 11 14 15 16 17 
cascade_activation_steepnesses_count=4
cascade_activation_steepnesses=2.50000000000000000000e-01 5.00000000000000000000e-01 7.50000000000000000000e-01 1.00000000000000000000e+00 
layer_sizes=6 5 2 
scale_included=0
neurons (num_inputs, activation_function, activation_steepness)=(0, 0, 0.00000000000000000000e+00) (0, 0, 0.00000000000000000000e+00) (0, 0, 0.00000000000000000000e+00) (0, 0, 0.00000000000000000000e+00) (0, 0, 0.00000000000000000000e+00) (0, 0, 0.00000000000000000000e+00) (6, 3, 5.00000000000000000000e-01) (6, 3, 5.00000000000000000000e-01) (6, 3, 5.00000000000000000000e-01) (6, 3, 5.00000000000000000000e-01) (0, 3, 0.00000000000000000000e+00) (5, 0, 5.00000000000000000000e-01) (0, 0, 0.00000000000000000000e+00) 
connections (connected_to_neuron, weight)=(0, 1.50000000000000000000e+03) (1, 7.74696655273437500000e+02) (2, 1.47253616333007812500e+02) (3, 1.50000000000000000000e+03) (4, -5.16017913818359375000e+00) (5, 5.20955920219421386719e-01) (0, -1.50000000000000000000e+03) (1, -7.78333801269531250000e+02) (2, -6.13581514358520507812e+00) (3, -7.14016189575195312500e+01) (4, 1.16735327243804931641e+00) (5, -1.60945105552673339844e+00) (0, -1.50000000000000000000e+03) (1, -1.67856073379516601562e+00) (2, 8.77051773071289062500e+01) (3, -2.49726577758789062500e+02) (4, 9.28171336650848388672e-01) (5, 3.78877073526382446289e-01) (0, -1.50000000000000000000e+03) (1, -5.03967809677124023438e+00) (2, -3.11664670705795288086e-01) (3, -2.10327911376953125000e+00) (4, 3.87249648571014404297e-01) (5, -8.55057179927825927734e-01) (6, -1.85575678944587707520e-01) (7, 2.36950159072875976562e+00) (8, 3.94005417823791503906e-01) (9, 3.33851480484008789062e+00) (10, 7.50207722187042236328e-01) 
