FANN_FLO_2.1
num_layers=3
learning_rate=0.500000
connection_rate=1.000000
network_type=0
learning_momentum=0.000000
training_algorithm=2
train_error_function=1
train_stop_function=0
cascade_output_change_fraction=0.010000
quickprop_decay=-0.000100
quickprop_mu=1.750000
rprop_increase_factor=1.200000
rprop_decrease_factor=0.500000
rprop_delta_min=0.000000
rprop_delta_max=50.000000
rprop_delta_zero=0.100000
cascade_output_stagnation_epochs=12
cascade_candidate_change_fraction=0.010000
cascade_candidate_stagnation_epochs=12
cascade_max_out_epochs=150
cascade_min_out_epochs=50
cascade_max_cand_epochs=150
cascade_min_cand_epochs=50
cascade_num_candidate_groups=2
bit_fail_limit=3.49999994039535522461e-01
cascade_candidate_limit=1.00000000000000000000e+03
cascade_weight_multiplier=4.00000005960464477539e-01
cascade_activation_functions_count=10
cascade_activation_functions=3 5 7 8 10 11 14 15 16 17 
cascade_activation_steepnesses_count=4
cascade_activation_steepnesses=2.50000000000000000000e-01 5.00000000000000000000e-01 7.50000000000000000000e-01 1.00000000000000000000e+00 
layer_sizes=7 9 2 
scale_included=0
neurons (num_inputs, activation_function, activation_steepness)=(0, 0, 0.00000000000000000000e+00) (0, 0, 0.00000000000000000000e+00) (0, 0, 0.00000000000000000000e+00) (0, 0, 0.00000000000000000000e+00) (0, 0, 0.00000000000000000000e+00) (0, 0, 0.00000000000000000000e+00) (0, 0, 0.00000000000000000000e+00) (7, 3, 5.00000000000000000000e-01) (7, 3, 5.00000000000000000000e-01) (7, 3, 5.00000000000000000000e-01) (7, 3, 5.00000000000000000000e-01) (7, 3, 5.00000000000000000000e-01) (7, 3, 5.00000000000000000000e-01) (7, 3, 5.00000000000000000000e-01) (7, 3, 5.00000000000000000000e-01) (0, 3, 0.00000000000000000000e+00) (9, 0, 5.00000000000000000000e-01) (0, 0, 0.00000000000000000000e+00) 
connections (connected_to_neuron, weight)=(0, -3.06871622800827026367e-01) (1, -2.49964013695716857910e-01) (2, -1.40556782484054565430e-01) (3, -5.22642791271209716797e-01) (4, 5.99758923053741455078e-02) (5, 1.19889032840728759766e+00) (6, -3.70374947786331176758e-01) (0, -1.69655323028564453125e+00) (1, -2.03507065773010253906e+00) (2, 4.31184005737304687500e+00) (3, -1.71479296684265136719e+00) (4, -2.86216688156127929688e+00) (5, 3.55036640167236328125e+00) (6, -2.07514309883117675781e+00) (0, -4.92023795843124389648e-01) (1, -1.36267733573913574219e+00) (2, -1.50000000000000000000e+03) (3, -1.95530638098716735840e-01) (4, -2.07463741302490234375e-01) (5, -5.02690172195434570312e+00) (6, -8.45454037189483642578e-02) (0, 1.68379321694374084473e-01) (1, -1.89161002635955810547e-01) (2, -1.62416696548461914062e+00) (3, 1.75501883029937744141e-01) (4, -3.20464372634887695312e-02) (5, 2.95662736892700195312e+00) (6, 4.16636085510253906250e+00) (0, -2.41619318723678588867e-01) (1, -3.97845476865768432617e-01) (2, 4.43151712417602539062e+00) (3, -3.19105148315429687500e-01) (4, -2.28023380041122436523e-02) (5, -3.39815473556518554688e+00) (6, -1.67720258235931396484e+00) (0, 8.56476277112960815430e-02) (1, 1.51358321309089660645e-01) (2, -3.20411205291748046875e-01) (3, 1.41198322176933288574e-01) (4, 2.85119593143463134766e-01) (5, -5.42284309864044189453e-01) (6, 1.81854534149169921875e+00) (0, -1.18853282928466796875e+00) (1, -1.40033733844757080078e+00) (2, 1.81180322170257568359e+00) (3, -7.62194335460662841797e-01) (4, -1.60828840732574462891e+00) (5, 1.84702503681182861328e+00) (6, -1.36885082721710205078e+00) (0, -1.19570362567901611328e+00) (1, -1.65954470634460449219e+00) (2, 3.33664727210998535156e+00) (3, -9.39635872840881347656e-01) (4, -2.20934796333312988281e+00) (5, 1.98145818710327148438e+00) (6, -1.91873466968536376953e+00) (7, -6.63861408829689025879e-02) (8, 1.69128763675689697266e+00) (9, -2.69838905334472656250e+00) (10, -3.07557377964258193970e-02) (11, -6.82755336165428161621e-02) (12, -7.94868916273117065430e-02) (13, -4.25678873062133789062e+00) (14, -1.10893690586090087891e+00) (15, 1.29142090678215026855e-01) 
