FANN_FLO_2.1
num_layers=3
learning_rate=0.500000
connection_rate=1.000000
network_type=0
learning_momentum=0.000000
training_algorithm=2
train_error_function=1
train_stop_function=0
cascade_output_change_fraction=0.010000
quickprop_decay=-0.000100
quickprop_mu=1.750000
rprop_increase_factor=1.200000
rprop_decrease_factor=0.500000
rprop_delta_min=0.000000
rprop_delta_max=50.000000
rprop_delta_zero=0.100000
cascade_output_stagnation_epochs=12
cascade_candidate_change_fraction=0.010000
cascade_candidate_stagnation_epochs=12
cascade_max_out_epochs=150
cascade_min_out_epochs=50
cascade_max_cand_epochs=150
cascade_min_cand_epochs=50
cascade_num_candidate_groups=2
bit_fail_limit=3.49999994039535522461e-01
cascade_candidate_limit=1.00000000000000000000e+03
cascade_weight_multiplier=4.00000005960464477539e-01
cascade_activation_functions_count=10
cascade_activation_functions=3 5 7 8 10 11 14 15 16 17 
cascade_activation_steepnesses_count=4
cascade_activation_steepnesses=2.50000000000000000000e-01 5.00000000000000000000e-01 7.50000000000000000000e-01 1.00000000000000000000e+00 
layer_sizes=3 9 4 
scale_included=0
neurons (num_inputs, activation_function, activation_steepness)=(0, 0, 0.00000000000000000000e+00) (0, 0, 0.00000000000000000000e+00) (0, 0, 0.00000000000000000000e+00) (3, 3, 5.00000000000000000000e-01) (3, 3, 5.00000000000000000000e-01) (3, 3, 5.00000000000000000000e-01) (3, 3, 5.00000000000000000000e-01) (3, 3, 5.00000000000000000000e-01) (3, 3, 5.00000000000000000000e-01) (3, 3, 5.00000000000000000000e-01) (3, 3, 5.00000000000000000000e-01) (0, 3, 0.00000000000000000000e+00) (9, 0, 5.00000000000000000000e-01) (9, 0, 5.00000000000000000000e-01) (9, 0, 5.00000000000000000000e-01) (0, 0, 0.00000000000000000000e+00) 
connections (connected_to_neuron, weight)=(0, -5.92344617843627929688e+00) (1, 6.54546308517456054688e+00) (2, 6.29770898818969726562e+00) (0, -2.95935287475585937500e+01) (1, -8.98271369934082031250e+00) (2, -3.39362919330596923828e-01) (0, -8.41287803649902343750e+00) (1, 5.38907194137573242188e+00) (2, 5.22933340072631835938e+00) (0, -3.27148699760437011719e+00) (1, -3.06575655937194824219e-01) (2, 9.58697128295898437500e+00) (0, -2.36180257797241210938e+00) (1, -3.03682422637939453125e+00) (2, 7.40918338298797607422e-01) (0, -6.11481904983520507812e+00) (1, 1.89979910850524902344e+00) (2, 2.54433202743530273438e+00) (0, -6.08245754241943359375e+00) (1, 5.83746194839477539062e+00) (2, 5.30393409729003906250e+00) (0, -9.37219333648681640625e+00) (1, -2.75610715150833129883e-01) (2, 2.12466192245483398438e+00) (3, 6.72800302505493164062e-01) (4, 1.45158696174621582031e+00) (5, 8.94421279430389404297e-01) (6, 2.81642198562622070312e-01) (7, 2.65056324005126953125e+00) (8, 1.37510192394256591797e+00) (9, 7.58772790431976318359e-01) (10, 1.85688769817352294922e+00) (11, 4.86329853534698486328e-01) (3, 2.47848796844482421875e+00) (4, 3.28352832794189453125e+00) (5, 3.21297240257263183594e+00) (6, 1.37894570827484130859e+00) (7, 8.25022697448730468750e+00) (8, 4.70344972610473632812e+00) (9, 2.78053402900695800781e+00) (10, 4.51163530349731445312e+00) (11, 1.99795663356781005859e+00) (3, 8.52021408081054687500e+00) (4, 9.79978179931640625000e+00) (5, 8.80891990661621093750e+00) (6, 8.41854000091552734375e+00) (7, 2.58340835571289062500e+01) (8, 1.56671380996704101562e+01) (9, 8.55767250061035156250e+00) (10, 1.43164405822753906250e+01) (11, 8.51066780090332031250e+00) 
