FANN_FLO_2.1
num_layers=3
learning_rate=0.300000
connection_rate=1.000000
network_type=0
learning_momentum=0.000000
training_algorithm=2
train_error_function=1
train_stop_function=0
cascade_output_change_fraction=0.010000
quickprop_decay=-0.000100
quickprop_mu=1.750000
rprop_increase_factor=1.200000
rprop_decrease_factor=0.500000
rprop_delta_min=0.000000
rprop_delta_max=50.000000
rprop_delta_zero=0.100000
cascade_output_stagnation_epochs=12
cascade_candidate_change_fraction=0.010000
cascade_candidate_stagnation_epochs=12
cascade_max_out_epochs=150
cascade_min_out_epochs=50
cascade_max_cand_epochs=150
cascade_min_cand_epochs=50
cascade_num_candidate_groups=2
bit_fail_limit=3.49999994039535522461e-01
cascade_candidate_limit=1.00000000000000000000e+03
cascade_weight_multiplier=4.00000005960464477539e-01
cascade_activation_functions_count=10
cascade_activation_functions=3 5 7 8 10 11 14 15 16 17 
cascade_activation_steepnesses_count=4
cascade_activation_steepnesses=2.50000000000000000000e-01 5.00000000000000000000e-01 7.50000000000000000000e-01 1.00000000000000000000e+00 
layer_sizes=4 9 2 
scale_included=0
neurons (num_inputs, activation_function, activation_steepness)=(0, 0, 0.00000000000000000000e+00) (0, 0, 0.00000000000000000000e+00) (0, 0, 0.00000000000000000000e+00) (0, 0, 0.00000000000000000000e+00) (4, 3, 5.00000000000000000000e-01) (4, 3, 5.00000000000000000000e-01) (4, 3, 5.00000000000000000000e-01) (4, 3, 5.00000000000000000000e-01) (4, 3, 5.00000000000000000000e-01) (4, 3, 5.00000000000000000000e-01) (4, 3, 5.00000000000000000000e-01) (4, 3, 5.00000000000000000000e-01) (0, 3, 0.00000000000000000000e+00) (9, 3, 5.00000000000000000000e-01) (0, 3, 0.00000000000000000000e+00) 
connections (connected_to_neuron, weight)=(0, -7.37566202878952026367e-02) (1, 2.27378353476524353027e-01) (2, -7.73866474628448486328e-01) (3, 4.38320159912109375000e+00) (0, -1.99082002043724060059e-01) (1, 5.89953996241092681885e-02) (2, -2.26444631814956665039e-01) (3, 1.25985562801361083984e+00) (0, 1.50997221469879150391e-01) (1, -4.97935293242335319519e-03) (2, 5.59431791305541992188e-01) (3, -7.54250621795654296875e+00) (0, -3.57484817504882812500e-01) (1, 1.37403443455696105957e-01) (2, -1.74990117549896240234e-01) (3, 2.81467413902282714844e+00) (0, -4.14911568164825439453e-01) (1, 5.80645306035876274109e-03) (2, -1.13112814724445343018e-01) (3, 3.00542294979095458984e-01) (0, -3.26918005943298339844e-01) (1, 1.24361952766776084900e-02) (2, -5.62194824218750000000e-01) (3, 1.41935512423515319824e-01) (0, -1.28834986686706542969e+00) (1, 1.04711806774139404297e+00) (2, -2.44943904876708984375e+00) (3, 4.54838514328002929688e+00) (0, -1.53662002086639404297e+00) (1, 9.68795418739318847656e-01) (2, -9.16711866855621337891e-01) (3, 1.02428877353668212891e+00) (4, -4.77715551853179931641e-01) (5, -2.05801701545715332031e+00) (6, 1.80258750915527343750e+00) (7, -9.57113981246948242188e-01) (8, -3.97696342468261718750e+01) (9, -4.61588348388671875000e+02) (10, -1.76405608654022216797e-01) (11, -2.33022555708885192871e-01) (12, -6.95806816220283508301e-02) 
