FANN_FLO_2.1
num_layers=3
learning_rate=0.500000
connection_rate=1.000000
network_type=0
learning_momentum=0.000000
training_algorithm=2
train_error_function=1
train_stop_function=0
cascade_output_change_fraction=0.010000
quickprop_decay=-0.000100
quickprop_mu=1.750000
rprop_increase_factor=1.200000
rprop_decrease_factor=0.500000
rprop_delta_min=0.000000
rprop_delta_max=50.000000
rprop_delta_zero=0.100000
cascade_output_stagnation_epochs=12
cascade_candidate_change_fraction=0.010000
cascade_candidate_stagnation_epochs=12
cascade_max_out_epochs=150
cascade_min_out_epochs=50
cascade_max_cand_epochs=150
cascade_min_cand_epochs=50
cascade_num_candidate_groups=2
bit_fail_limit=3.49999994039535522461e-01
cascade_candidate_limit=1.00000000000000000000e+03
cascade_weight_multiplier=4.00000005960464477539e-01
cascade_activation_functions_count=10
cascade_activation_functions=3 5 7 8 10 11 14 15 16 17 
cascade_activation_steepnesses_count=4
cascade_activation_steepnesses=2.50000000000000000000e-01 5.00000000000000000000e-01 7.50000000000000000000e-01 1.00000000000000000000e+00 
layer_sizes=3 5 4 
scale_included=0
neurons (num_inputs, activation_function, activation_steepness)=(0, 0, 0.00000000000000000000e+00) (0, 0, 0.00000000000000000000e+00) (0, 0, 0.00000000000000000000e+00) (3, 3, 5.00000000000000000000e-01) (3, 3, 5.00000000000000000000e-01) (3, 3, 5.00000000000000000000e-01) (3, 3, 5.00000000000000000000e-01) (0, 3, 0.00000000000000000000e+00) (5, 0, 5.00000000000000000000e-01) (5, 0, 5.00000000000000000000e-01) (5, 0, 5.00000000000000000000e-01) (0, 0, 0.00000000000000000000e+00) 
connections (connected_to_neuron, weight)=(0, -4.10033702850341796875e+00) (1, -1.63010537624359130859e+00) (2, 1.59214506149291992188e+01) (0, -9.94359779357910156250e+00) (1, 9.41673183441162109375e+00) (2, 3.52151703834533691406e+00) (0, -2.79536700248718261719e+00) (1, 7.08091616630554199219e-01) (2, 1.14010378718376159668e-01) (0, -1.49124741554260253906e+00) (1, -1.68046820163726806641e+00) (2, 6.80993080139160156250e-01) (3, 5.62281012535095214844e-01) (4, 1.17175543308258056641e+00) (5, 4.57086801528930664062e+00) (6, 3.65870666503906250000e+00) (7, 5.60755848884582519531e-01) (3, 2.32028365135192871094e+00) (4, 5.44848966598510742188e+00) (5, 1.09018564224243164062e+01) (6, 1.17646713256835937500e+01) (7, 2.85819768905639648438e+00) (3, 1.24880781173706054688e+01) (4, 1.50356626510620117188e+01) (5, 3.27914505004882812500e+01) (6, 3.80617408752441406250e+01) (7, 1.30638952255249023438e+01) 
