FANN_FLO_2.1
num_layers=3
learning_rate=0.500000
connection_rate=1.000000
network_type=0
learning_momentum=0.000000
training_algorithm=2
train_error_function=1
train_stop_function=0
cascade_output_change_fraction=0.010000
quickprop_decay=-0.000100
quickprop_mu=1.750000
rprop_increase_factor=1.200000
rprop_decrease_factor=0.500000
rprop_delta_min=0.000000
rprop_delta_max=50.000000
rprop_delta_zero=0.100000
cascade_output_stagnation_epochs=12
cascade_candidate_change_fraction=0.010000
cascade_candidate_stagnation_epochs=12
cascade_max_out_epochs=150
cascade_min_out_epochs=50
cascade_max_cand_epochs=150
cascade_min_cand_epochs=50
cascade_num_candidate_groups=2
bit_fail_limit=3.49999994039535522461e-01
cascade_candidate_limit=1.00000000000000000000e+03
cascade_weight_multiplier=4.00000005960464477539e-01
cascade_activation_functions_count=10
cascade_activation_functions=3 5 7 8 10 11 14 15 16 17 
cascade_activation_steepnesses_count=4
cascade_activation_steepnesses=2.50000000000000000000e-01 5.00000000000000000000e-01 7.50000000000000000000e-01 1.00000000000000000000e+00 
layer_sizes=10 5 2 
scale_included=0
neurons (num_inputs, activation_function, activation_steepness)=(0, 0, 0.00000000000000000000e+00) (0, 0, 0.00000000000000000000e+00) (0, 0, 0.00000000000000000000e+00) (0, 0, 0.00000000000000000000e+00) (0, 0, 0.00000000000000000000e+00) (0, 0, 0.00000000000000000000e+00) (0, 0, 0.00000000000000000000e+00) (0, 0, 0.00000000000000000000e+00) (0, 0, 0.00000000000000000000e+00) (0, 0, 0.00000000000000000000e+00) (10, 3, 5.00000000000000000000e-01) (10, 3, 5.00000000000000000000e-01) (10, 3, 5.00000000000000000000e-01) (10, 3, 5.00000000000000000000e-01) (0, 3, 0.00000000000000000000e+00) (5, 3, 5.00000000000000000000e-01) (0, 3, 0.00000000000000000000e+00) 
connections (connected_to_neuron, weight)=(0, -5.65089046955108642578e-01) (1, -4.99596774578094482422e-01) (2, -6.91085934638977050781e-01) (3, -6.01312279701232910156e-01) (4, -6.40805482864379882812e-01) (5, -6.36904716491699218750e-01) (6, -6.30749762058258056641e-01) (7, -6.55062735080718994141e-01) (8, -5.82545161247253417969e-01) (9, 2.91616630554199218750e+00) (0, -3.20698559284210205078e-01) (1, -4.70446437597274780273e-01) (2, -3.56093943119049072266e-01) (3, -5.05515873432159423828e-01) (4, -4.17913585901260375977e-01) (5, -4.90997612476348876953e-01) (6, -6.63108706474304199219e-01) (7, -4.27688330411911010742e-01) (8, -5.55881738662719726562e-01) (9, 9.58745837211608886719e-01) (0, -5.08497416973114013672e-01) (1, -5.86603939533233642578e-01) (2, -4.63721334934234619141e-01) (3, -4.02186691761016845703e-01) (4, -4.92560535669326782227e-01) (5, -4.33846861124038696289e-01) (6, -4.20440763235092163086e-01) (7, -4.85402464866638183594e-01) (8, -3.54747563600540161133e-01) (9, 9.80379760265350341797e-01) (0, -5.57570397853851318359e-01) (1, -5.63769340515136718750e-01) (2, -4.39702570438385009766e-01) (3, -5.75338482856750488281e-01) (4, -3.86619806289672851562e-01) (5, -4.61900204420089721680e-01) (6, -2.13446617126464843750e-01) (7, -4.88490790128707885742e-01) (8, -4.83272135257720947266e-01) (9, 9.22311305999755859375e-01) (10, -1.23835694789886474609e+00) (11, -1.07892680168151855469e+00) (12, -1.06727528572082519531e+00) (13, -1.02596700191497802734e+00) (14, 1.45066928863525390625e+00) 
