FANN_FLO_2.1
num_layers=3
learning_rate=0.500000
connection_rate=1.000000
network_type=0
learning_momentum=0.000000
training_algorithm=2
train_error_function=1
train_stop_function=0
cascade_output_change_fraction=0.010000
quickprop_decay=-0.000100
quickprop_mu=1.750000
rprop_increase_factor=1.200000
rprop_decrease_factor=0.500000
rprop_delta_min=0.000000
rprop_delta_max=50.000000
rprop_delta_zero=0.100000
cascade_output_stagnation_epochs=12
cascade_candidate_change_fraction=0.010000
cascade_candidate_stagnation_epochs=12
cascade_max_out_epochs=150
cascade_min_out_epochs=50
cascade_max_cand_epochs=150
cascade_min_cand_epochs=50
cascade_num_candidate_groups=2
bit_fail_limit=3.49999994039535522461e-01
cascade_candidate_limit=1.00000000000000000000e+03
cascade_weight_multiplier=4.00000005960464477539e-01
cascade_activation_functions_count=10
cascade_activation_functions=3 5 7 8 10 11 14 15 16 17 
cascade_activation_steepnesses_count=4
cascade_activation_steepnesses=2.50000000000000000000e-01 5.00000000000000000000e-01 7.50000000000000000000e-01 1.00000000000000000000e+00 
layer_sizes=10 3 2 
scale_included=0
neurons (num_inputs, activation_function, activation_steepness)=(0, 0, 0.00000000000000000000e+00) (0, 0, 0.00000000000000000000e+00) (0, 0, 0.00000000000000000000e+00) (0, 0, 0.00000000000000000000e+00) (0, 0, 0.00000000000000000000e+00) (0, 0, 0.00000000000000000000e+00) (0, 0, 0.00000000000000000000e+00) (0, 0, 0.00000000000000000000e+00) (0, 0, 0.00000000000000000000e+00) (0, 0, 0.00000000000000000000e+00) (10, 3, 5.00000000000000000000e-01) (10, 3, 5.00000000000000000000e-01) (0, 3, 0.00000000000000000000e+00) (3, 3, 5.00000000000000000000e-01) (0, 3, 0.00000000000000000000e+00) 
connections (connected_to_neuron, weight)=(0, -3.61808955669403076172e-01) (1, -3.08810561895370483398e-01) (2, -3.56238663196563720703e-01) (3, -2.26643964648246765137e-01) (4, -4.96713399887084960938e-01) (5, -1.70560047030448913574e-01) (6, -2.85875231027603149414e-01) (7, -3.74671578407287597656e-01) (8, -3.41447323560714721680e-01) (9, 6.01489841938018798828e-01) (0, -3.09262871742248535156e-01) (1, -3.23365986347198486328e-01) (2, -3.25409382581710815430e-01) (3, -3.91479939222335815430e-01) (4, -1.73394143581390380859e-01) (5, -4.48972225189208984375e-01) (6, -3.84167879819869995117e-01) (7, -2.81040966510772705078e-01) (8, -3.31459879875183105469e-01) (9, 6.73541188240051269531e-01) (10, -3.25062274932861328125e+00) (11, -3.32111668586730957031e+00) (12, 2.00637626647949218750e+00) 
