FANN_FLO_2.1
num_layers=3
learning_rate=0.450000
connection_rate=1.000000
network_type=0
learning_momentum=0.000000
training_algorithm=2
train_error_function=1
train_stop_function=0
cascade_output_change_fraction=0.010000
quickprop_decay=-0.000100
quickprop_mu=1.750000
rprop_increase_factor=1.200000
rprop_decrease_factor=0.500000
rprop_delta_min=0.000000
rprop_delta_max=50.000000
rprop_delta_zero=0.100000
cascade_output_stagnation_epochs=12
cascade_candidate_change_fraction=0.010000
cascade_candidate_stagnation_epochs=12
cascade_max_out_epochs=150
cascade_min_out_epochs=50
cascade_max_cand_epochs=150
cascade_min_cand_epochs=50
cascade_num_candidate_groups=2
bit_fail_limit=3.49999994039535522461e-01
cascade_candidate_limit=1.00000000000000000000e+03
cascade_weight_multiplier=4.00000005960464477539e-01
cascade_activation_functions_count=10
cascade_activation_functions=3 5 7 8 10 11 14 15 16 17 
cascade_activation_steepnesses_count=4
cascade_activation_steepnesses=2.50000000000000000000e-01 5.00000000000000000000e-01 7.50000000000000000000e-01 1.00000000000000000000e+00 
layer_sizes=7 5 2 
scale_included=0
neurons (num_inputs, activation_function, activation_steepness)=(0, 0, 0.00000000000000000000e+00) (0, 0, 0.00000000000000000000e+00) (0, 0, 0.00000000000000000000e+00) (0, 0, 0.00000000000000000000e+00) (0, 0, 0.00000000000000000000e+00) (0, 0, 0.00000000000000000000e+00) (0, 0, 0.00000000000000000000e+00) (7, 3, 5.00000000000000000000e-01) (7, 3, 5.00000000000000000000e-01) (7, 3, 5.00000000000000000000e-01) (7, 3, 5.00000000000000000000e-01) (0, 3, 0.00000000000000000000e+00) (5, 0, 5.00000000000000000000e-01) (0, 0, 0.00000000000000000000e+00) 
connections (connected_to_neuron, weight)=(0, 1.54443323612213134766e-01) (1, -2.07131758332252502441e-01) (2, -1.93749532103538513184e-01) (3, 3.15077483654022216797e-01) (4, 6.29803240299224853516e-02) (5, -5.63637375831604003906e-01) (6, 7.11535358428955078125e+00) (0, 2.59630143642425537109e-01) (1, -1.75340342521667480469e+00) (2, 1.50000000000000000000e+03) (3, 3.67261916399002075195e-01) (4, 1.62377431988716125488e-01) (5, 1.50000000000000000000e+03) (6, 1.75593185424804687500e+01) (0, -4.36180531978607177734e-01) (1, 1.50000000000000000000e+03) (2, -1.50000000000000000000e+03) (3, 4.34347867965698242188e+00) (4, -2.14464523315429687500e+02) (5, -1.50000000000000000000e+03) (6, -3.91032576560974121094e-01) (0, 1.09958993270993232727e-02) (1, -2.13233798742294311523e-01) (2, 2.34261378645896911621e-01) (3, -2.08640187978744506836e-01) (4, -4.06382501125335693359e-01) (5, 6.10492229461669921875e-01) (6, -2.27439594268798828125e+00) (7, 1.80673792958259582520e-01) (8, -3.34808081388473510742e-01) (9, 1.82353984564542770386e-02) (10, 9.74758684635162353516e-01) (11, 1.43881782889366149902e-01) 
