FANN_FLO_2.1
num_layers=4
learning_rate=0.500000
connection_rate=1.000000
network_type=0
learning_momentum=0.000000
training_algorithm=2
train_error_function=1
train_stop_function=0
cascade_output_change_fraction=0.010000
quickprop_decay=-0.000100
quickprop_mu=1.750000
rprop_increase_factor=1.200000
rprop_decrease_factor=0.500000
rprop_delta_min=0.000000
rprop_delta_max=50.000000
rprop_delta_zero=0.100000
cascade_output_stagnation_epochs=12
cascade_candidate_change_fraction=0.010000
cascade_candidate_stagnation_epochs=12
cascade_max_out_epochs=150
cascade_min_out_epochs=50
cascade_max_cand_epochs=150
cascade_min_cand_epochs=50
cascade_num_candidate_groups=2
bit_fail_limit=3.49999994039535522461e-01
cascade_candidate_limit=1.00000000000000000000e+03
cascade_weight_multiplier=4.00000005960464477539e-01
cascade_activation_functions_count=10
cascade_activation_functions=3 5 7 8 10 11 14 15 16 17 
cascade_activation_steepnesses_count=4
cascade_activation_steepnesses=2.50000000000000000000e-01 5.00000000000000000000e-01 7.50000000000000000000e-01 1.00000000000000000000e+00 
layer_sizes=4 5 3 2 
scale_included=0
neurons (num_inputs, activation_function, activation_steepness)=(0, 0, 0.00000000000000000000e+00) (0, 0, 0.00000000000000000000e+00) (0, 0, 0.00000000000000000000e+00) (0, 0, 0.00000000000000000000e+00) (4, 3, 5.00000000000000000000e-01) (4, 3, 5.00000000000000000000e-01) (4, 3, 5.00000000000000000000e-01) (4, 3, 5.00000000000000000000e-01) (0, 3, 0.00000000000000000000e+00) (5, 3, 5.00000000000000000000e-01) (5, 3, 5.00000000000000000000e-01) (0, 3, 0.00000000000000000000e+00) (3, 3, 5.00000000000000000000e-01) (0, 3, 0.00000000000000000000e+00) 
connections (connected_to_neuron, weight)=(0, 2.09348177909851074219e+00) (1, -1.63413655757904052734e+00) (2, 3.27564811706542968750e+00) (3, -1.51932013034820556641e+00) (0, -4.42543649673461914062e+00) (1, -7.17183446884155273438e+00) (2, 4.38103389739990234375e+00) (3, 2.91129326820373535156e+00) (0, -1.89052307605743408203e+00) (1, -9.85132026672363281250e+00) (2, 1.70202398300170898438e+00) (3, 2.80247235298156738281e+00) (0, -2.67027759552001953125e+00) (1, -4.80085563659667968750e+00) (2, 1.43699812889099121094e+00) (3, 1.48585629463195800781e+00) (4, -1.00718479156494140625e+01) (5, 6.96885538101196289062e+00) (6, 2.10615587234497070312e+00) (7, 2.03122711181640625000e+01) (8, -4.35326099395751953125e-01) (4, -1.62284488677978515625e+01) (5, 1.08465013504028320312e+01) (6, 5.13260269165039062500e+00) (7, 3.31955986022949218750e+01) (8, -1.27836275100708007812e+00) (9, 1.10542513430118560791e-02) (10, -4.45980405807495117188e+00) (11, 2.20386075973510742188e+00) 
