FANN_FLO_2.1
num_layers=3
learning_rate=0.400000
connection_rate=1.000000
network_type=0
learning_momentum=0.000000
training_algorithm=2
train_error_function=1
train_stop_function=0
cascade_output_change_fraction=0.010000
quickprop_decay=-0.000100
quickprop_mu=1.750000
rprop_increase_factor=1.200000
rprop_decrease_factor=0.500000
rprop_delta_min=0.000000
rprop_delta_max=50.000000
rprop_delta_zero=0.100000
cascade_output_stagnation_epochs=12
cascade_candidate_change_fraction=0.010000
cascade_candidate_stagnation_epochs=12
cascade_max_out_epochs=150
cascade_min_out_epochs=50
cascade_max_cand_epochs=150
cascade_min_cand_epochs=50
cascade_num_candidate_groups=2
bit_fail_limit=3.49999994039535522461e-01
cascade_candidate_limit=1.00000000000000000000e+03
cascade_weight_multiplier=4.00000005960464477539e-01
cascade_activation_functions_count=10
cascade_activation_functions=3 5 7 8 10 11 14 15 16 17 
cascade_activation_steepnesses_count=4
cascade_activation_steepnesses=2.50000000000000000000e-01 5.00000000000000000000e-01 7.50000000000000000000e-01 1.00000000000000000000e+00 
layer_sizes=6 5 2 
scale_included=0
neurons (num_inputs, activation_function, activation_steepness)=(0, 0, 0.00000000000000000000e+00) (0, 0, 0.00000000000000000000e+00) (0, 0, 0.00000000000000000000e+00) (0, 0, 0.00000000000000000000e+00) (0, 0, 0.00000000000000000000e+00) (0, 0, 0.00000000000000000000e+00) (6, 3, 5.00000000000000000000e-01) (6, 3, 5.00000000000000000000e-01) (6, 3, 5.00000000000000000000e-01) (6, 3, 5.00000000000000000000e-01) (0, 3, 0.00000000000000000000e+00) (5, 0, 5.00000000000000000000e-01) (0, 0, 0.00000000000000000000e+00) 
connections (connected_to_neuron, weight)=(0, -4.32811975479125976562e+00) (1, -4.86070215702056884766e-01) (2, 2.86114364862442016602e-01) (3, -1.61322546005249023438e+00) (4, 1.96772873401641845703e-01) (5, -1.07816672325134277344e+00) (0, -6.56786727905273437500e+00) (1, -2.71792125701904296875e+00) (2, -1.75715208053588867188e-01) (3, -9.86084282398223876953e-01) (4, 4.73231017589569091797e-01) (5, -1.40764081478118896484e+00) (0, -2.51399517059326171875e+00) (1, -2.65632867813110351562e+00) (2, -7.82869815826416015625e-01) (3, -9.85706031322479248047e-01) (4, 5.85633933544158935547e-01) (5, -7.50253975391387939453e-01) (0, 1.41477847099304199219e+00) (1, -3.08939628601074218750e+01) (2, -1.16529345512390136719e+00) (3, -7.27796256542205810547e-01) (4, 2.07355618476867675781e+00) (5, -2.43750429153442382812e+00) (6, 1.03199720382690429688e+00) (7, 1.49700450897216796875e+00) (8, 1.88231873512268066406e+00) (9, 6.93013429641723632812e-01) (10, 4.80220347642898559570e-01) 
