FANN_FLO_2.1
num_layers=4
learning_rate=0.500000
connection_rate=1.000000
network_type=0
learning_momentum=0.000000
training_algorithm=2
train_error_function=1
train_stop_function=0
cascade_output_change_fraction=0.010000
quickprop_decay=-0.000100
quickprop_mu=1.750000
rprop_increase_factor=1.200000
rprop_decrease_factor=0.500000
rprop_delta_min=0.000000
rprop_delta_max=50.000000
rprop_delta_zero=0.100000
cascade_output_stagnation_epochs=12
cascade_candidate_change_fraction=0.010000
cascade_candidate_stagnation_epochs=12
cascade_max_out_epochs=150
cascade_min_out_epochs=50
cascade_max_cand_epochs=150
cascade_min_cand_epochs=50
cascade_num_candidate_groups=2
bit_fail_limit=3.49999994039535522461e-01
cascade_candidate_limit=1.00000000000000000000e+03
cascade_weight_multiplier=4.00000005960464477539e-01
cascade_activation_functions_count=10
cascade_activation_functions=3 5 7 8 10 11 14 15 16 17 
cascade_activation_steepnesses_count=4
cascade_activation_steepnesses=2.50000000000000000000e-01 5.00000000000000000000e-01 7.50000000000000000000e-01 1.00000000000000000000e+00 
layer_sizes=4 5 3 2 
scale_included=0
neurons (num_inputs, activation_function, activation_steepness)=(0, 0, 0.00000000000000000000e+00) (0, 0, 0.00000000000000000000e+00) (0, 0, 0.00000000000000000000e+00) (0, 0, 0.00000000000000000000e+00) (4, 3, 5.00000000000000000000e-01) (4, 3, 5.00000000000000000000e-01) (4, 3, 5.00000000000000000000e-01) (4, 3, 5.00000000000000000000e-01) (0, 3, 0.00000000000000000000e+00) (5, 3, 5.00000000000000000000e-01) (5, 3, 5.00000000000000000000e-01) (0, 3, 0.00000000000000000000e+00) (3, 3, 5.00000000000000000000e-01) (0, 3, 0.00000000000000000000e+00) 
connections (connected_to_neuron, weight)=(0, -4.32030731201171875000e+02) (1, -2.62499160766601562500e+01) (2, 5.54896179199218750000e+02) (3, -1.27374053001403808594e-01) (0, -4.29028717041015625000e+02) (1, 2.58076019287109375000e+01) (2, 5.10531890869140625000e+02) (3, -1.72518014907836914062e-01) (0, -6.99480819702148437500e+00) (1, -9.73219966888427734375e+00) (2, 1.02096068859100341797e+00) (3, 5.36628103256225585938e+00) (0, -6.98624324798583984375e+00) (1, -9.53032779693603515625e+00) (2, -5.44670283794403076172e-01) (3, 6.89477062225341796875e+00) (4, 2.25756120681762695312e+00) (5, 8.58905017375946044922e-01) (6, 3.12119884490966796875e+01) (7, 2.68465461730957031250e+01) (8, -1.02267541885375976562e+01) (4, 1.03871822357177734375e+00) (5, 5.28469443321228027344e-01) (6, -1.19474983215332031250e+01) (7, 2.27056465148925781250e+01) (8, -4.79805946350097656250e+00) (9, -3.19629859924316406250e+00) (10, -1.12368059158325195312e+00) (11, 2.10234451293945312500e+00) 
