FANN_FLO_2.1
num_layers=3
learning_rate=0.500000
connection_rate=1.000000
network_type=0
learning_momentum=0.000000
training_algorithm=2
train_error_function=1
train_stop_function=0
cascade_output_change_fraction=0.010000
quickprop_decay=-0.000100
quickprop_mu=1.750000
rprop_increase_factor=1.200000
rprop_decrease_factor=0.500000
rprop_delta_min=0.000000
rprop_delta_max=50.000000
rprop_delta_zero=0.100000
cascade_output_stagnation_epochs=12
cascade_candidate_change_fraction=0.010000
cascade_candidate_stagnation_epochs=12
cascade_max_out_epochs=150
cascade_min_out_epochs=50
cascade_max_cand_epochs=150
cascade_min_cand_epochs=50
cascade_num_candidate_groups=2
bit_fail_limit=3.49999994039535522461e-01
cascade_candidate_limit=1.00000000000000000000e+03
cascade_weight_multiplier=4.00000005960464477539e-01
cascade_activation_functions_count=10
cascade_activation_functions=3 5 7 8 10 11 14 15 16 17 
cascade_activation_steepnesses_count=4
cascade_activation_steepnesses=2.50000000000000000000e-01 5.00000000000000000000e-01 7.50000000000000000000e-01 1.00000000000000000000e+00 
layer_sizes=3 5 4 
scale_included=0
neurons (num_inputs, activation_function, activation_steepness)=(0, 0, 0.00000000000000000000e+00) (0, 0, 0.00000000000000000000e+00) (0, 0, 0.00000000000000000000e+00) (3, 3, 5.00000000000000000000e-01) (3, 3, 5.00000000000000000000e-01) (3, 3, 5.00000000000000000000e-01) (3, 3, 5.00000000000000000000e-01) (0, 3, 0.00000000000000000000e+00) (5, 0, 5.00000000000000000000e-01) (5, 0, 5.00000000000000000000e-01) (5, 0, 5.00000000000000000000e-01) (0, 0, 0.00000000000000000000e+00) 
connections (connected_to_neuron, weight)=(0, -2.27036333084106445312e+00) (1, -4.94764357805252075195e-01) (2, 9.40190792083740234375e-01) (0, -1.47428051757812500000e+03) (1, -1.50000000000000000000e+03) (2, 6.30436944961547851562e+00) (0, -1.10951280593872070312e+01) (1, 5.57591390609741210938e+00) (2, 1.52077674865722656250e+01) (0, -9.94574546813964843750e+00) (1, 7.67230081558227539062e+00) (2, 7.44498372077941894531e-01) (3, 4.80812740325927734375e+00) (4, 1.92358183860778808594e+00) (5, 1.27261209487915039062e+00) (6, 1.65347623825073242188e+00) (7, 6.37781083583831787109e-01) (3, 1.44032373428344726562e+01) (4, 4.37966728210449218750e+00) (5, 4.42017555236816406250e+00) (6, 4.83184432983398437500e+00) (7, 3.66987085342407226562e+00) (3, 4.25334396362304687500e+01) (4, 1.63515110015869140625e+01) (5, 1.76654777526855468750e+01) (6, 1.40110130310058593750e+01) (7, 1.57709655761718750000e+01) 
