FANN_FLO_2.1
num_layers=3
learning_rate=0.400000
connection_rate=1.000000
network_type=0
learning_momentum=0.000000
training_algorithm=2
train_error_function=1
train_stop_function=0
cascade_output_change_fraction=0.010000
quickprop_decay=-0.000100
quickprop_mu=1.750000
rprop_increase_factor=1.200000
rprop_decrease_factor=0.500000
rprop_delta_min=0.000000
rprop_delta_max=50.000000
rprop_delta_zero=0.100000
cascade_output_stagnation_epochs=12
cascade_candidate_change_fraction=0.010000
cascade_candidate_stagnation_epochs=12
cascade_max_out_epochs=150
cascade_min_out_epochs=50
cascade_max_cand_epochs=150
cascade_min_cand_epochs=50
cascade_num_candidate_groups=2
bit_fail_limit=3.49999994039535522461e-01
cascade_candidate_limit=1.00000000000000000000e+03
cascade_weight_multiplier=4.00000005960464477539e-01
cascade_activation_functions_count=10
cascade_activation_functions=3 5 7 8 10 11 14 15 16 17 
cascade_activation_steepnesses_count=4
cascade_activation_steepnesses=2.50000000000000000000e-01 5.00000000000000000000e-01 7.50000000000000000000e-01 1.00000000000000000000e+00 
layer_sizes=10 3 2 
scale_included=0
neurons (num_inputs, activation_function, activation_steepness)=(0, 0, 0.00000000000000000000e+00) (0, 0, 0.00000000000000000000e+00) (0, 0, 0.00000000000000000000e+00) (0, 0, 0.00000000000000000000e+00) (0, 0, 0.00000000000000000000e+00) (0, 0, 0.00000000000000000000e+00) (0, 0, 0.00000000000000000000e+00) (0, 0, 0.00000000000000000000e+00) (0, 0, 0.00000000000000000000e+00) (0, 0, 0.00000000000000000000e+00) (10, 3, 5.00000000000000000000e-01) (10, 3, 5.00000000000000000000e-01) (0, 3, 0.00000000000000000000e+00) (3, 3, 5.00000000000000000000e-01) (0, 3, 0.00000000000000000000e+00) 
connections (connected_to_neuron, weight)=(0, -7.44872316718101501465e-02) (1, -9.51331257820129394531e-02) (2, -7.83767029643058776855e-02) (3, -1.38763412833213806152e-01) (4, -1.82011455297470092773e-01) (5, -4.98036220669746398926e-02) (6, -6.85372278094291687012e-02) (7, -3.57753410935401916504e-02) (8, -6.32905587553977966309e-02) (9, -7.92729035019874572754e-02) (0, -2.03267395496368408203e-01) (1, -6.32904693484306335449e-02) (2, -1.76208466291427612305e-01) (3, -1.94142013788223266602e-01) (4, -2.88044735789299011230e-02) (5, -1.64019092917442321777e-01) (6, -1.11234784126281738281e-01) (7, -1.83394044637680053711e-01) (8, -1.40401184558868408203e-01) (9, -1.63602232933044433594e-01) (10, -2.16158404946327209473e-02) (11, -1.02882489562034606934e-01) (12, -1.49452328681945800781e-01) 
