FANN_FLO_2.1
num_layers=3
learning_rate=0.500000
connection_rate=1.000000
network_type=0
learning_momentum=0.000000
training_algorithm=2
train_error_function=1
train_stop_function=0
cascade_output_change_fraction=0.010000
quickprop_decay=-0.000100
quickprop_mu=1.750000
rprop_increase_factor=1.200000
rprop_decrease_factor=0.500000
rprop_delta_min=0.000000
rprop_delta_max=50.000000
rprop_delta_zero=0.100000
cascade_output_stagnation_epochs=12
cascade_candidate_change_fraction=0.010000
cascade_candidate_stagnation_epochs=12
cascade_max_out_epochs=150
cascade_min_out_epochs=50
cascade_max_cand_epochs=150
cascade_min_cand_epochs=50
cascade_num_candidate_groups=2
bit_fail_limit=3.49999994039535522461e-01
cascade_candidate_limit=1.00000000000000000000e+03
cascade_weight_multiplier=4.00000005960464477539e-01
cascade_activation_functions_count=10
cascade_activation_functions=3 5 7 8 10 11 14 15 16 17 
cascade_activation_steepnesses_count=4
cascade_activation_steepnesses=2.50000000000000000000e-01 5.00000000000000000000e-01 7.50000000000000000000e-01 1.00000000000000000000e+00 
layer_sizes=3 9 4 
scale_included=0
neurons (num_inputs, activation_function, activation_steepness)=(0, 0, 0.00000000000000000000e+00) (0, 0, 0.00000000000000000000e+00) (0, 0, 0.00000000000000000000e+00) (3, 3, 5.00000000000000000000e-01) (3, 3, 5.00000000000000000000e-01) (3, 3, 5.00000000000000000000e-01) (3, 3, 5.00000000000000000000e-01) (3, 3, 5.00000000000000000000e-01) (3, 3, 5.00000000000000000000e-01) (3, 3, 5.00000000000000000000e-01) (3, 3, 5.00000000000000000000e-01) (0, 3, 0.00000000000000000000e+00) (9, 0, 5.00000000000000000000e-01) (9, 0, 5.00000000000000000000e-01) (9, 0, 5.00000000000000000000e-01) (0, 0, 0.00000000000000000000e+00) 
connections (connected_to_neuron, weight)=(0, -7.75225877761840820312e+00) (1, 1.07689180374145507812e+01) (2, 7.95598602294921875000e+00) (0, -1.48202061653137207031e+00) (1, 1.67317163944244384766e+00) (2, 1.11406326293945312500e+00) (0, -7.71630048751831054688e+00) (1, 2.77076911926269531250e+00) (2, 4.32132530212402343750e+00) (0, -1.28946912288665771484e+00) (1, -3.43686699867248535156e+00) (2, 3.84947270154953002930e-01) (0, -2.69882345199584960938e+00) (1, -2.14960503578186035156e+00) (2, 7.33851075172424316406e-01) (0, -5.35693311691284179688e+00) (1, 9.87030088901519775391e-01) (2, 8.46716105937957763672e-01) (0, -1.05062570571899414062e+01) (1, 8.16095638275146484375e+00) (2, 7.21239805221557617188e+00) (0, -4.80134820938110351562e+00) (1, -5.21420955657958984375e-01) (2, 5.83750046789646148682e-02) (3, 1.34102821350097656250e-01) (4, 2.90532159805297851562e+00) (5, 7.31832563877105712891e-01) (6, 2.13174009323120117188e+00) (7, 2.22377729415893554688e+00) (8, 1.23603868484497070312e+00) (9, 4.31102037429809570312e-01) (10, 1.74227428436279296875e+00) (11, -5.01361973583698272705e-02) (3, 2.42286586761474609375e+00) (4, 4.51188421249389648438e+00) (5, 2.87787866592407226562e+00) (6, 6.36460733413696289062e+00) (7, 6.32975721359252929688e+00) (8, 3.86131310462951660156e+00) (9, 3.23805093765258789062e+00) (10, 3.89639163017272949219e+00) (11, 1.72601854801177978516e+00) (3, 1.10482454299926757812e+01) (4, 1.08337593078613281250e+01) (5, 1.00021514892578125000e+01) (6, 2.07984828948974609375e+01) (7, 2.05798454284667968750e+01) (8, 1.28462600708007812500e+01) (9, 9.68549823760986328125e+00) (10, 1.13567171096801757812e+01) (11, 1.09922504425048828125e+01) 
