FANN_FLO_2.1
num_layers=4
learning_rate=0.300000
connection_rate=1.000000
network_type=0
learning_momentum=0.000000
training_algorithm=2
train_error_function=1
train_stop_function=0
cascade_output_change_fraction=0.010000
quickprop_decay=-0.000100
quickprop_mu=1.750000
rprop_increase_factor=1.200000
rprop_decrease_factor=0.500000
rprop_delta_min=0.000000
rprop_delta_max=50.000000
rprop_delta_zero=0.100000
cascade_output_stagnation_epochs=12
cascade_candidate_change_fraction=0.010000
cascade_candidate_stagnation_epochs=12
cascade_max_out_epochs=150
cascade_min_out_epochs=50
cascade_max_cand_epochs=150
cascade_min_cand_epochs=50
cascade_num_candidate_groups=2
bit_fail_limit=3.49999994039535522461e-01
cascade_candidate_limit=1.00000000000000000000e+03
cascade_weight_multiplier=4.00000005960464477539e-01
cascade_activation_functions_count=10
cascade_activation_functions=3 5 7 8 10 11 14 15 16 17 
cascade_activation_steepnesses_count=4
cascade_activation_steepnesses=2.50000000000000000000e-01 5.00000000000000000000e-01 7.50000000000000000000e-01 1.00000000000000000000e+00 
layer_sizes=2 5 5 3 
scale_included=0
neurons (num_inputs, activation_function, activation_steepness)=(0, 0, 0.00000000000000000000e+00) (0, 0, 0.00000000000000000000e+00) (2, 3, 5.00000000000000000000e-01) (2, 3, 5.00000000000000000000e-01) (2, 3, 5.00000000000000000000e-01) (2, 3, 5.00000000000000000000e-01) (0, 3, 0.00000000000000000000e+00) (5, 3, 5.00000000000000000000e-01) (5, 3, 5.00000000000000000000e-01) (5, 3, 5.00000000000000000000e-01) (5, 3, 5.00000000000000000000e-01) (0, 3, 0.00000000000000000000e+00) (5, 0, 5.00000000000000000000e-01) (5, 0, 5.00000000000000000000e-01) (0, 0, 0.00000000000000000000e+00) 
connections (connected_to_neuron, weight)=(0, 1.00186586380004882812e+01) (1, 8.75961494445800781250e+00) (0, 1.74315204620361328125e+01) (1, 5.35425782203674316406e-01) (0, 1.59725081920623779297e+00) (1, 1.58415842056274414062e+00) (0, 8.69345724582672119141e-01) (1, -9.29493010044097900391e-01) (2, -9.54578161239624023438e-01) (3, -2.20942449569702148438e+00) (4, 2.15038985013961791992e-01) (5, 1.26250886917114257812e+00) (6, 1.04758903384208679199e-01) (2, -1.83626961708068847656e+00) (3, -1.16782510280609130859e+00) (4, 5.02240240573883056641e-01) (5, -1.92404225468635559082e-01) (6, 4.31841909885406494141e-01) (2, -7.40064740180969238281e-01) (3, -3.46027803421020507812e+00) (4, 1.62883520126342773438e+00) (5, -5.38279749453067779541e-02) (6, 2.84275382757186889648e-01) (2, -9.51036930084228515625e-01) (3, -2.47308611869812011719e+00) (4, 5.84595501422882080078e-01) (5, 2.07557153701782226562e+00) (6, 2.67145931720733642578e-01) (7, -8.55100974440574645996e-02) (8, -9.61780995130538940430e-02) (9, 8.95118713378906250000e-02) (10, 8.76044407486915588379e-02) (11, -3.11501882970333099365e-02) (7, -8.48603546619415283203e-01) (8, -9.32195723056793212891e-01) (9, -5.21673381328582763672e-01) (10, -9.55181658267974853516e-01) (11, -5.83044648170471191406e-01) 
