FANN_FLO_2.1
num_layers=3
learning_rate=0.400000
connection_rate=1.000000
network_type=0
learning_momentum=0.000000
training_algorithm=2
train_error_function=1
train_stop_function=0
cascade_output_change_fraction=0.010000
quickprop_decay=-0.000100
quickprop_mu=1.750000
rprop_increase_factor=1.200000
rprop_decrease_factor=0.500000
rprop_delta_min=0.000000
rprop_delta_max=50.000000
rprop_delta_zero=0.100000
cascade_output_stagnation_epochs=12
cascade_candidate_change_fraction=0.010000
cascade_candidate_stagnation_epochs=12
cascade_max_out_epochs=150
cascade_min_out_epochs=50
cascade_max_cand_epochs=150
cascade_min_cand_epochs=50
cascade_num_candidate_groups=2
bit_fail_limit=3.49999994039535522461e-01
cascade_candidate_limit=1.00000000000000000000e+03
cascade_weight_multiplier=4.00000005960464477539e-01
cascade_activation_functions_count=10
cascade_activation_functions=3 5 7 8 10 11 14 15 16 17 
cascade_activation_steepnesses_count=4
cascade_activation_steepnesses=2.50000000000000000000e-01 5.00000000000000000000e-01 7.50000000000000000000e-01 1.00000000000000000000e+00 
layer_sizes=10 3 2 
scale_included=0
neurons (num_inputs, activation_function, activation_steepness)=(0, 0, 0.00000000000000000000e+00) (0, 0, 0.00000000000000000000e+00) (0, 0, 0.00000000000000000000e+00) (0, 0, 0.00000000000000000000e+00) (0, 0, 0.00000000000000000000e+00) (0, 0, 0.00000000000000000000e+00) (0, 0, 0.00000000000000000000e+00) (0, 0, 0.00000000000000000000e+00) (0, 0, 0.00000000000000000000e+00) (0, 0, 0.00000000000000000000e+00) (10, 3, 5.00000000000000000000e-01) (10, 3, 5.00000000000000000000e-01) (0, 3, 0.00000000000000000000e+00) (3, 3, 5.00000000000000000000e-01) (0, 3, 0.00000000000000000000e+00) 
connections (connected_to_neuron, weight)=(0, 2.63265371322631835938e-02) (1, 1.35145634412765502930e-01) (2, 8.09493362903594970703e-02) (3, 2.52241045236587524414e-02) (4, 1.08087778091430664062e-01) (5, 5.33831119537353515625e-02) (6, 1.39531806111335754395e-01) (7, 1.14336900413036346436e-01) (8, 1.45496428012847900391e-01) (9, 1.67283058166503906250e-01) (0, 2.10392743349075317383e-01) (1, 1.78101181983947753906e-01) (2, 2.22997888922691345215e-02) (3, 1.98151946067810058594e-01) (4, 2.46685743331909179688e-02) (5, 2.83204466104507446289e-02) (6, 1.48697316646575927734e-01) (7, 2.00587064027786254883e-01) (8, 1.63689851760864257812e-01) (9, 1.56637281179428100586e-01) (10, -2.10596933960914611816e-01) (11, -1.68653622269630432129e-01) (12, -1.99388429522514343262e-01) 
