FANN_FLO_2.1
num_layers=4
learning_rate=0.500000
connection_rate=1.000000
network_type=0
learning_momentum=0.000000
training_algorithm=2
train_error_function=1
train_stop_function=0
cascade_output_change_fraction=0.010000
quickprop_decay=-0.000100
quickprop_mu=1.750000
rprop_increase_factor=1.200000
rprop_decrease_factor=0.500000
rprop_delta_min=0.000000
rprop_delta_max=50.000000
rprop_delta_zero=0.100000
cascade_output_stagnation_epochs=12
cascade_candidate_change_fraction=0.010000
cascade_candidate_stagnation_epochs=12
cascade_max_out_epochs=150
cascade_min_out_epochs=50
cascade_max_cand_epochs=150
cascade_min_cand_epochs=50
cascade_num_candidate_groups=2
bit_fail_limit=3.49999994039535522461e-01
cascade_candidate_limit=1.00000000000000000000e+03
cascade_weight_multiplier=4.00000005960464477539e-01
cascade_activation_functions_count=10
cascade_activation_functions=3 5 7 8 10 11 14 15 16 17 
cascade_activation_steepnesses_count=4
cascade_activation_steepnesses=2.50000000000000000000e-01 5.00000000000000000000e-01 7.50000000000000000000e-01 1.00000000000000000000e+00 
layer_sizes=4 5 5 2 
scale_included=0
neurons (num_inputs, activation_function, activation_steepness)=(0, 0, 0.00000000000000000000e+00) (0, 0, 0.00000000000000000000e+00) (0, 0, 0.00000000000000000000e+00) (0, 0, 0.00000000000000000000e+00) (4, 3, 5.00000000000000000000e-01) (4, 3, 5.00000000000000000000e-01) (4, 3, 5.00000000000000000000e-01) (4, 3, 5.00000000000000000000e-01) (0, 3, 0.00000000000000000000e+00) (5, 3, 5.00000000000000000000e-01) (5, 3, 5.00000000000000000000e-01) (5, 3, 5.00000000000000000000e-01) (5, 3, 5.00000000000000000000e-01) (0, 3, 0.00000000000000000000e+00) (5, 3, 5.00000000000000000000e-01) (0, 3, 0.00000000000000000000e+00) 
connections (connected_to_neuron, weight)=(0, -5.48490381240844726562e+00) (1, -6.48164176940917968750e+00) (2, -3.25456798076629638672e-01) (3, 4.23130846023559570312e+00) (0, 6.76212692260742187500e+01) (1, 1.70992107391357421875e+01) (2, 1.50000000000000000000e+03) (3, 4.35985326766967773438e-01) (0, -6.13723754882812500000e+00) (1, -4.39028501510620117188e+00) (2, -1.10009777545928955078e+00) (3, 4.61588811874389648438e+00) (0, -1.21092285156250000000e+02) (1, -7.23587989807128906250e+00) (2, 7.85059890747070312500e+01) (3, -6.35437905788421630859e-01) (4, 2.22330150604248046875e+01) (5, -2.71183586120605468750e+00) (6, 2.25397987365722656250e+01) (7, -2.73971748352050781250e+01) (8, -5.25917005538940429688e+00) (4, 2.28112411499023437500e+01) (5, -2.71628928184509277344e+00) (6, 2.29124374389648437500e+01) (7, -2.81323509216308593750e+01) (8, -5.41273450851440429688e+00) (4, -1.50000000000000000000e+03) (5, 1.23806137084960937500e+02) (6, -1.50000000000000000000e+03) (7, -1.50000000000000000000e+03) (8, -2.76606261730194091797e-01) (4, 1.50357351303100585938e+01) (5, -4.88468790054321289062e+00) (6, 2.97793731689453125000e+01) (7, -2.82812767028808593750e+01) (8, -3.12315964698791503906e+00) (9, -1.38331866264343261719e+00) (10, -3.12172913551330566406e+00) (11, -1.69768527150154113770e-01) (12, -9.33425426483154296875e-02) (13, 2.37084460258483886719e+00) 
