FANN_FLO_2.1
num_layers=4
learning_rate=0.450000
connection_rate=1.000000
network_type=0
learning_momentum=0.000000
training_algorithm=2
train_error_function=1
train_stop_function=0
cascade_output_change_fraction=0.010000
quickprop_decay=-0.000100
quickprop_mu=1.750000
rprop_increase_factor=1.200000
rprop_decrease_factor=0.500000
rprop_delta_min=0.000000
rprop_delta_max=50.000000
rprop_delta_zero=0.100000
cascade_output_stagnation_epochs=12
cascade_candidate_change_fraction=0.010000
cascade_candidate_stagnation_epochs=12
cascade_max_out_epochs=150
cascade_min_out_epochs=50
cascade_max_cand_epochs=150
cascade_min_cand_epochs=50
cascade_num_candidate_groups=2
bit_fail_limit=3.49999994039535522461e-01
cascade_candidate_limit=1.00000000000000000000e+03
cascade_weight_multiplier=4.00000005960464477539e-01
cascade_activation_functions_count=10
cascade_activation_functions=3 5 7 8 10 11 14 15 16 17 
cascade_activation_steepnesses_count=4
cascade_activation_steepnesses=2.50000000000000000000e-01 5.00000000000000000000e-01 7.50000000000000000000e-01 1.00000000000000000000e+00 
layer_sizes=7 3 3 2 
scale_included=0
neurons (num_inputs, activation_function, activation_steepness)=(0, 0, 0.00000000000000000000e+00) (0, 0, 0.00000000000000000000e+00) (0, 0, 0.00000000000000000000e+00) (0, 0, 0.00000000000000000000e+00) (0, 0, 0.00000000000000000000e+00) (0, 0, 0.00000000000000000000e+00) (0, 0, 0.00000000000000000000e+00) (7, 3, 5.00000000000000000000e-01) (7, 3, 5.00000000000000000000e-01) (0, 3, 0.00000000000000000000e+00) (3, 3, 5.00000000000000000000e-01) (3, 3, 5.00000000000000000000e-01) (0, 3, 0.00000000000000000000e+00) (3, 0, 5.00000000000000000000e-01) (0, 0, 0.00000000000000000000e+00) 
connections (connected_to_neuron, weight)=(0, -2.53440976142883300781e-01) (1, -3.27938348054885864258e-01) (2, 1.04501986503601074219e+00) (3, -6.00292146205902099609e-01) (4, 6.37873363494873046875e+00) (5, 3.72694954276084899902e-02) (6, 1.06783962249755859375e+00) (0, -8.34466293454170227051e-02) (1, -1.13110947608947753906e+00) (2, -1.16336382925510406494e-01) (3, 2.30911538004875183105e-01) (4, 1.62084209918975830078e+00) (5, 2.95648097991943359375e-01) (6, -5.08002400398254394531e-01) (7, -1.43864545822143554688e+01) (8, 7.68325233459472656250e+00) (9, -9.16893005371093750000e-01) (7, -1.67284190654754638672e+00) (8, -6.16738021373748779297e-01) (9, -5.27532339096069335938e-01) (10, 3.72036576271057128906e+00) (11, -3.20619851350784301758e-01) (12, 3.55897136032581329346e-02) 
