FANN_FLO_2.1
num_layers=3
learning_rate=0.400000
connection_rate=1.000000
network_type=0
learning_momentum=0.000000
training_algorithm=2
train_error_function=1
train_stop_function=0
cascade_output_change_fraction=0.010000
quickprop_decay=-0.000100
quickprop_mu=1.750000
rprop_increase_factor=1.200000
rprop_decrease_factor=0.500000
rprop_delta_min=0.000000
rprop_delta_max=50.000000
rprop_delta_zero=0.100000
cascade_output_stagnation_epochs=12
cascade_candidate_change_fraction=0.010000
cascade_candidate_stagnation_epochs=12
cascade_max_out_epochs=150
cascade_min_out_epochs=50
cascade_max_cand_epochs=150
cascade_min_cand_epochs=50
cascade_num_candidate_groups=2
bit_fail_limit=3.49999994039535522461e-01
cascade_candidate_limit=1.00000000000000000000e+03
cascade_weight_multiplier=4.00000005960464477539e-01
cascade_activation_functions_count=10
cascade_activation_functions=3 5 7 8 10 11 14 15 16 17 
cascade_activation_steepnesses_count=4
cascade_activation_steepnesses=2.50000000000000000000e-01 5.00000000000000000000e-01 7.50000000000000000000e-01 1.00000000000000000000e+00 
layer_sizes=10 3 2 
scale_included=0
neurons (num_inputs, activation_function, activation_steepness)=(0, 0, 0.00000000000000000000e+00) (0, 0, 0.00000000000000000000e+00) (0, 0, 0.00000000000000000000e+00) (0, 0, 0.00000000000000000000e+00) (0, 0, 0.00000000000000000000e+00) (0, 0, 0.00000000000000000000e+00) (0, 0, 0.00000000000000000000e+00) (0, 0, 0.00000000000000000000e+00) (0, 0, 0.00000000000000000000e+00) (0, 0, 0.00000000000000000000e+00) (10, 3, 5.00000000000000000000e-01) (10, 3, 5.00000000000000000000e-01) (0, 3, 0.00000000000000000000e+00) (3, 3, 5.00000000000000000000e-01) (0, 3, 0.00000000000000000000e+00) 
connections (connected_to_neuron, weight)=(0, 8.68290811777114868164e-02) (1, 5.82854636013507843018e-02) (2, 5.40995150804519653320e-02) (3, 4.25038188695907592773e-02) (4, 1.92948758602142333984e-01) (5, 9.61334034800529479980e-02) (6, 1.73902690410614013672e-01) (7, 1.67755872011184692383e-01) (8, 1.33489906787872314453e-01) (9, 1.47479653358459472656e-01) (0, 1.24994494020938873291e-01) (1, 5.30811399221420288086e-02) (2, 1.36638686060905456543e-01) (3, 3.04658189415931701660e-02) (4, 7.07320123910903930664e-02) (5, 1.81818753480911254883e-01) (6, 1.75128638744354248047e-01) (7, 2.36936509609222412109e-02) (8, 1.26789644360542297363e-01) (9, 6.06528781354427337646e-02) (10, -1.65120467543601989746e-01) (11, -1.46041527390480041504e-01) (12, -4.41247448325157165527e-02) 
