FANN_FLO_2.1
num_layers=4
learning_rate=0.500000
connection_rate=1.000000
network_type=0
learning_momentum=0.000000
training_algorithm=2
train_error_function=1
train_stop_function=0
cascade_output_change_fraction=0.010000
quickprop_decay=-0.000100
quickprop_mu=1.750000
rprop_increase_factor=1.200000
rprop_decrease_factor=0.500000
rprop_delta_min=0.000000
rprop_delta_max=50.000000
rprop_delta_zero=0.100000
cascade_output_stagnation_epochs=12
cascade_candidate_change_fraction=0.010000
cascade_candidate_stagnation_epochs=12
cascade_max_out_epochs=150
cascade_min_out_epochs=50
cascade_max_cand_epochs=150
cascade_min_cand_epochs=50
cascade_num_candidate_groups=2
bit_fail_limit=3.49999994039535522461e-01
cascade_candidate_limit=1.00000000000000000000e+03
cascade_weight_multiplier=4.00000005960464477539e-01
cascade_activation_functions_count=10
cascade_activation_functions=3 5 7 8 10 11 14 15 16 17 
cascade_activation_steepnesses_count=4
cascade_activation_steepnesses=2.50000000000000000000e-01 5.00000000000000000000e-01 7.50000000000000000000e-01 1.00000000000000000000e+00 
layer_sizes=18 3 3 2 
scale_included=0
neurons (num_inputs, activation_function, activation_steepness)=(0, 0, 0.00000000000000000000e+00) (0, 0, 0.00000000000000000000e+00) (0, 0, 0.00000000000000000000e+00) (0, 0, 0.00000000000000000000e+00) (0, 0, 0.00000000000000000000e+00) (0, 0, 0.00000000000000000000e+00) (0, 0, 0.00000000000000000000e+00) (0, 0, 0.00000000000000000000e+00) (0, 0, 0.00000000000000000000e+00) (0, 0, 0.00000000000000000000e+00) (0, 0, 0.00000000000000000000e+00) (0, 0, 0.00000000000000000000e+00) (0, 0, 0.00000000000000000000e+00) (0, 0, 0.00000000000000000000e+00) (0, 0, 0.00000000000000000000e+00) (0, 0, 0.00000000000000000000e+00) (0, 0, 0.00000000000000000000e+00) (0, 0, 0.00000000000000000000e+00) (18, 3, 5.00000000000000000000e-01) (18, 3, 5.00000000000000000000e-01) (0, 3, 0.00000000000000000000e+00) (3, 3, 5.00000000000000000000e-01) (3, 3, 5.00000000000000000000e-01) (0, 3, 0.00000000000000000000e+00) (3, 0, 5.00000000000000000000e-01) (0, 0, 0.00000000000000000000e+00) 
connections (connected_to_neuron, weight)=(0, 1.02304363250732421875e+00) (1, 8.27424228191375732422e-01) (2, 7.32021391391754150391e-01) (3, 1.22949266433715820312e+00) (4, 8.12820732593536376953e-01) (5, -9.30881917476654052734e-01) (6, -1.15434145927429199219e+00) (7, -7.65247523784637451172e-01) (8, -9.48550999164581298828e-02) (9, 1.19374990463256835938e+00) (10, 9.03481066226959228516e-01) (11, 1.10749495029449462891e+00) (12, 7.27101147174835205078e-01) (13, 1.22584962844848632812e+00) (14, 7.71599709987640380859e-01) (15, 1.04065692424774169922e+00) (16, 1.21447455883026123047e+00) (17, -3.03595852851867675781e+00) (0, 5.86723685264587402344e-01) (1, 1.08398473262786865234e+00) (2, 6.77423417568206787109e-01) (3, 6.30033373832702636719e-01) (4, 6.13465845584869384766e-01) (5, -4.75080728530883789062e-01) (6, -6.97161197662353515625e-01) (7, -8.63422572612762451172e-01) (8, 1.60827741026878356934e-01) (9, 5.77349603176116943359e-01) (10, 4.78921622037887573242e-01) (11, 4.31604236364364624023e-01) (12, 8.03267419338226318359e-01) (13, 5.68883717060089111328e-01) (14, 7.21125900745391845703e-01) (15, 6.89626514911651611328e-01) (16, 1.71223238110542297363e-01) (17, -4.16219186782836914062e+00) (18, 2.06443142890930175781e+00) (19, 2.62923455238342285156e+00) (20, -2.29479146003723144531e+00) (18, 2.46265292167663574219e+00) (19, 2.41843032836914062500e+00) (20, -2.39138126373291015625e+00) (21, 5.77644395828247070312e+00) (22, 8.60740375518798828125e+00) (23, 2.01447415351867675781e+00) 
