FANN_FLO_2.1
num_layers=3
learning_rate=0.400000
connection_rate=1.000000
network_type=0
learning_momentum=0.000000
training_algorithm=2
train_error_function=1
train_stop_function=0
cascade_output_change_fraction=0.010000
quickprop_decay=-0.000100
quickprop_mu=1.750000
rprop_increase_factor=1.200000
rprop_decrease_factor=0.500000
rprop_delta_min=0.000000
rprop_delta_max=50.000000
rprop_delta_zero=0.100000
cascade_output_stagnation_epochs=12
cascade_candidate_change_fraction=0.010000
cascade_candidate_stagnation_epochs=12
cascade_max_out_epochs=150
cascade_min_out_epochs=50
cascade_max_cand_epochs=150
cascade_min_cand_epochs=50
cascade_num_candidate_groups=2
bit_fail_limit=3.49999994039535522461e-01
cascade_candidate_limit=1.00000000000000000000e+03
cascade_weight_multiplier=4.00000005960464477539e-01
cascade_activation_functions_count=10
cascade_activation_functions=3 5 7 8 10 11 14 15 16 17 
cascade_activation_steepnesses_count=4
cascade_activation_steepnesses=2.50000000000000000000e-01 5.00000000000000000000e-01 7.50000000000000000000e-01 1.00000000000000000000e+00 
layer_sizes=10 3 2 
scale_included=0
neurons (num_inputs, activation_function, activation_steepness)=(0, 0, 0.00000000000000000000e+00) (0, 0, 0.00000000000000000000e+00) (0, 0, 0.00000000000000000000e+00) (0, 0, 0.00000000000000000000e+00) (0, 0, 0.00000000000000000000e+00) (0, 0, 0.00000000000000000000e+00) (0, 0, 0.00000000000000000000e+00) (0, 0, 0.00000000000000000000e+00) (0, 0, 0.00000000000000000000e+00) (0, 0, 0.00000000000000000000e+00) (10, 3, 5.00000000000000000000e-01) (10, 3, 5.00000000000000000000e-01) (0, 3, 0.00000000000000000000e+00) (3, 3, 5.00000000000000000000e-01) (0, 3, 0.00000000000000000000e+00) 
connections (connected_to_neuron, weight)=(0, -5.06501123309135437012e-02) (1, -1.81876868009567260742e-01) (2, -1.52215808629989624023e-01) (3, -1.54540449380874633789e-01) (4, -1.31733700633049011230e-01) (5, -1.28105580806732177734e-01) (6, -3.60573157668113708496e-02) (7, -1.57834142446517944336e-01) (8, -1.22809663414955139160e-01) (9, -8.55722650885581970215e-02) (0, 2.04926311969757080078e-01) (1, 1.81948155164718627930e-01) (2, 2.45544835925102233887e-02) (3, 1.09777271747589111328e-01) (4, 4.48309779167175292969e-02) (5, 1.43741145730018615723e-01) (6, 1.63848042488098144531e-01) (7, 5.46748638153076171875e-02) (8, 1.61222398281097412109e-01) (9, 1.93351924419403076172e-01) (10, -1.06457218527793884277e-01) (11, -1.20659060776233673096e-01) (12, -8.96103903651237487793e-02) 
