FANN_FLO_2.1
num_layers=4
learning_rate=0.300000
connection_rate=1.000000
network_type=0
learning_momentum=0.000000
training_algorithm=2
train_error_function=1
train_stop_function=0
cascade_output_change_fraction=0.010000
quickprop_decay=-0.000100
quickprop_mu=1.750000
rprop_increase_factor=1.200000
rprop_decrease_factor=0.500000
rprop_delta_min=0.000000
rprop_delta_max=50.000000
rprop_delta_zero=0.100000
cascade_output_stagnation_epochs=12
cascade_candidate_change_fraction=0.010000
cascade_candidate_stagnation_epochs=12
cascade_max_out_epochs=150
cascade_min_out_epochs=50
cascade_max_cand_epochs=150
cascade_min_cand_epochs=50
cascade_num_candidate_groups=2
bit_fail_limit=3.49999994039535522461e-01
cascade_candidate_limit=1.00000000000000000000e+03
cascade_weight_multiplier=4.00000005960464477539e-01
cascade_activation_functions_count=10
cascade_activation_functions=3 5 7 8 10 11 14 15 16 17 
cascade_activation_steepnesses_count=4
cascade_activation_steepnesses=2.50000000000000000000e-01 5.00000000000000000000e-01 7.50000000000000000000e-01 1.00000000000000000000e+00 
layer_sizes=2 5 5 3 
scale_included=0
neurons (num_inputs, activation_function, activation_steepness)=(0, 0, 0.00000000000000000000e+00) (0, 0, 0.00000000000000000000e+00) (2, 3, 5.00000000000000000000e-01) (2, 3, 5.00000000000000000000e-01) (2, 3, 5.00000000000000000000e-01) (2, 3, 5.00000000000000000000e-01) (0, 3, 0.00000000000000000000e+00) (5, 3, 5.00000000000000000000e-01) (5, 3, 5.00000000000000000000e-01) (5, 3, 5.00000000000000000000e-01) (5, 3, 5.00000000000000000000e-01) (0, 3, 0.00000000000000000000e+00) (5, 0, 5.00000000000000000000e-01) (5, 0, 5.00000000000000000000e-01) (0, 0, 0.00000000000000000000e+00) 
connections (connected_to_neuron, weight)=(0, -3.25546264648437500000e+00) (1, 2.77792721986770629883e-01) (0, -3.99495553970336914062e+00) (1, -2.30556321144104003906e+00) (0, -5.30149698257446289062e+00) (1, -2.22207283973693847656e+00) (0, -1.36742486953735351562e+01) (1, -8.51707839965820312500e+00) (2, 2.91558653116226196289e-01) (3, -1.77625998854637145996e-01) (4, -5.97511641681194305420e-02) (5, 2.01161098480224609375e+00) (6, -8.17157421261072158813e-03) (2, 6.21635496616363525391e-01) (3, 6.22568130493164062500e-01) (4, 5.07483124732971191406e-01) (5, 1.20529115200042724609e+00) (6, -1.19322621822357177734e+00) (2, 4.36255335807800292969e-01) (3, -1.73850953578948974609e+00) (4, -1.79347503185272216797e+00) (5, 3.92881488800048828125e+00) (6, 4.41172063350677490234e-01) (2, 3.72375279664993286133e-01) (3, 5.78036904335021972656e-01) (4, 5.64723908901214599609e-01) (5, 1.49060201644897460938e+00) (6, -6.20067417621612548828e-01) (7, -2.15245001018047332764e-02) (8, 3.37878137826919555664e-01) (9, -8.44422876834869384766e-02) (10, 5.64284995198249816895e-02) (11, -3.02524447441101074219e-01) (7, -6.10625803470611572266e-01) (8, -6.38401806354522705078e-01) (9, -5.93869924545288085938e-01) (10, -3.26510459184646606445e-01) (11, -2.28700220584869384766e-01) 
