FANN_FLO_2.1
num_layers=4
learning_rate=0.500000
connection_rate=1.000000
network_type=0
learning_momentum=0.000000
training_algorithm=2
train_error_function=1
train_stop_function=0
cascade_output_change_fraction=0.010000
quickprop_decay=-0.000100
quickprop_mu=1.750000
rprop_increase_factor=1.200000
rprop_decrease_factor=0.500000
rprop_delta_min=0.000000
rprop_delta_max=50.000000
rprop_delta_zero=0.100000
cascade_output_stagnation_epochs=12
cascade_candidate_change_fraction=0.010000
cascade_candidate_stagnation_epochs=12
cascade_max_out_epochs=150
cascade_min_out_epochs=50
cascade_max_cand_epochs=150
cascade_min_cand_epochs=50
cascade_num_candidate_groups=2
bit_fail_limit=3.49999994039535522461e-01
cascade_candidate_limit=1.00000000000000000000e+03
cascade_weight_multiplier=4.00000005960464477539e-01
cascade_activation_functions_count=10
cascade_activation_functions=3 5 7 8 10 11 14 15 16 17 
cascade_activation_steepnesses_count=4
cascade_activation_steepnesses=2.50000000000000000000e-01 5.00000000000000000000e-01 7.50000000000000000000e-01 1.00000000000000000000e+00 
layer_sizes=18 3 3 2 
scale_included=0
neurons (num_inputs, activation_function, activation_steepness)=(0, 0, 0.00000000000000000000e+00) (0, 0, 0.00000000000000000000e+00) (0, 0, 0.00000000000000000000e+00) (0, 0, 0.00000000000000000000e+00) (0, 0, 0.00000000000000000000e+00) (0, 0, 0.00000000000000000000e+00) (0, 0, 0.00000000000000000000e+00) (0, 0, 0.00000000000000000000e+00) (0, 0, 0.00000000000000000000e+00) (0, 0, 0.00000000000000000000e+00) (0, 0, 0.00000000000000000000e+00) (0, 0, 0.00000000000000000000e+00) (0, 0, 0.00000000000000000000e+00) (0, 0, 0.00000000000000000000e+00) (0, 0, 0.00000000000000000000e+00) (0, 0, 0.00000000000000000000e+00) (0, 0, 0.00000000000000000000e+00) (0, 0, 0.00000000000000000000e+00) (18, 3, 5.00000000000000000000e-01) (18, 3, 5.00000000000000000000e-01) (0, 3, 0.00000000000000000000e+00) (3, 3, 5.00000000000000000000e-01) (3, 3, 5.00000000000000000000e-01) (0, 3, 0.00000000000000000000e+00) (3, 0, 5.00000000000000000000e-01) (0, 0, 0.00000000000000000000e+00) 
connections (connected_to_neuron, weight)=(0, 6.58977031707763671875e-01) (1, 7.36986517906188964844e-01) (2, 5.64456224441528320312e-01) (3, 7.21661269664764404297e-01) (4, 6.90279424190521240234e-01) (5, -6.73176705837249755859e-01) (6, -7.45310783386230468750e-01) (7, -8.19059908390045166016e-01) (8, 2.12425172328948974609e-01) (9, 5.92478513717651367188e-01) (10, 5.56499719619750976562e-01) (11, 7.98452854156494140625e-01) (12, 5.90058386325836181641e-01) (13, 7.13672339916229248047e-01) (14, 5.58067977428436279297e-01) (15, 7.60906755924224853516e-01) (16, 6.53169214725494384766e-01) (17, -4.15462732315063476562e+00) (0, 1.17370533943176269531e+00) (1, 1.81444299221038818359e+00) (2, 1.65224039554595947266e+00) (3, 1.51205694675445556641e+00) (4, 1.08408713340759277344e+00) (5, -1.29795789718627929688e+00) (6, -1.04684209823608398438e+00) (7, -1.40461778640747070312e+00) (8, -3.63299131393432617188e-01) (9, 1.29206502437591552734e+00) (10, 2.07333564758300781250e+00) (11, 8.96337449550628662109e-01) (12, 1.62145769596099853516e+00) (13, 1.72776615619659423828e+00) (14, 1.41522109508514404297e+00) (15, 1.14826166629791259766e+00) (16, 1.63723480701446533203e+00) (17, -3.49294304847717285156e+00) (18, 4.29650640487670898438e+00) (19, 1.30550980567932128906e+00) (20, -2.05819773674011230469e+00) (18, 4.25113010406494140625e+00) (19, 1.34416258335113525391e+00) (20, -2.09708905220031738281e+00) (21, 7.17807149887084960938e+00) (22, 7.17297124862670898438e+00) (23, 1.13775360584259033203e+00) 
