FANN_FLO_2.1
num_layers=4
learning_rate=0.300000
connection_rate=1.000000
network_type=0
learning_momentum=0.000000
training_algorithm=2
train_error_function=1
train_stop_function=0
cascade_output_change_fraction=0.010000
quickprop_decay=-0.000100
quickprop_mu=1.750000
rprop_increase_factor=1.200000
rprop_decrease_factor=0.500000
rprop_delta_min=0.000000
rprop_delta_max=50.000000
rprop_delta_zero=0.100000
cascade_output_stagnation_epochs=12
cascade_candidate_change_fraction=0.010000
cascade_candidate_stagnation_epochs=12
cascade_max_out_epochs=150
cascade_min_out_epochs=50
cascade_max_cand_epochs=150
cascade_min_cand_epochs=50
cascade_num_candidate_groups=2
bit_fail_limit=3.49999994039535522461e-01
cascade_candidate_limit=1.00000000000000000000e+03
cascade_weight_multiplier=4.00000005960464477539e-01
cascade_activation_functions_count=10
cascade_activation_functions=3 5 7 8 10 11 14 15 16 17 
cascade_activation_steepnesses_count=4
cascade_activation_steepnesses=2.50000000000000000000e-01 5.00000000000000000000e-01 7.50000000000000000000e-01 1.00000000000000000000e+00 
layer_sizes=2 5 5 3 
scale_included=0
neurons (num_inputs, activation_function, activation_steepness)=(0, 0, 0.00000000000000000000e+00) (0, 0, 0.00000000000000000000e+00) (2, 3, 5.00000000000000000000e-01) (2, 3, 5.00000000000000000000e-01) (2, 3, 5.00000000000000000000e-01) (2, 3, 5.00000000000000000000e-01) (0, 3, 0.00000000000000000000e+00) (5, 3, 5.00000000000000000000e-01) (5, 3, 5.00000000000000000000e-01) (5, 3, 5.00000000000000000000e-01) (5, 3, 5.00000000000000000000e-01) (0, 3, 0.00000000000000000000e+00) (5, 0, 5.00000000000000000000e-01) (5, 0, 5.00000000000000000000e-01) (0, 0, 0.00000000000000000000e+00) 
connections (connected_to_neuron, weight)=(0, -1.01752531528472900391e+00) (1, -2.91973090171813964844e+00) (0, -1.55558812618255615234e+00) (1, -4.53391551971435546875e+00) (0, -1.53033804893493652344e+00) (1, -4.40112829208374023438e+00) (0, -1.85506975650787353516e+00) (1, -4.98549318313598632812e+00) (2, 1.09607148170471191406e+00) (3, 2.39292716979980468750e+00) (4, 1.55118107795715332031e+00) (5, 2.73111963272094726562e+00) (6, -1.87927150726318359375e+00) (2, -3.66338253021240234375e+00) (3, 9.58244323730468750000e-01) (4, 1.33241927623748779297e+00) (5, 1.10333406925201416016e+00) (6, 2.67853468656539916992e-01) (2, 2.67253607511520385742e-01) (3, 6.47845327854156494141e-01) (4, 5.89575171470642089844e-01) (5, 6.52818262577056884766e-01) (6, 3.58856856822967529297e-01) (2, 2.25497096776962280273e-01) (3, 1.94630253314971923828e+00) (4, 1.08006155490875244141e+00) (5, 2.41175293922424316406e+00) (6, -7.36723005771636962891e-01) (7, 3.21586847305297851562e-01) (8, -6.17686696350574493408e-02) (9, 3.58198583126068115234e-02) (10, 1.11960589885711669922e-01) (11, -1.86746284365653991699e-01) (7, -8.49223494529724121094e-01) (8, -5.27611970901489257812e-01) (9, -6.84006631374359130859e-01) (10, -5.25811910629272460938e-01) (11, -4.07137036323547363281e-01) 
