FANN_FLO_2.1
num_layers=4
learning_rate=0.300000
connection_rate=1.000000
network_type=0
learning_momentum=0.000000
training_algorithm=2
train_error_function=1
train_stop_function=0
cascade_output_change_fraction=0.010000
quickprop_decay=-0.000100
quickprop_mu=1.750000
rprop_increase_factor=1.200000
rprop_decrease_factor=0.500000
rprop_delta_min=0.000000
rprop_delta_max=50.000000
rprop_delta_zero=0.100000
cascade_output_stagnation_epochs=12
cascade_candidate_change_fraction=0.010000
cascade_candidate_stagnation_epochs=12
cascade_max_out_epochs=150
cascade_min_out_epochs=50
cascade_max_cand_epochs=150
cascade_min_cand_epochs=50
cascade_num_candidate_groups=2
bit_fail_limit=3.49999994039535522461e-01
cascade_candidate_limit=1.00000000000000000000e+03
cascade_weight_multiplier=4.00000005960464477539e-01
cascade_activation_functions_count=10
cascade_activation_functions=3 5 7 8 10 11 14 15 16 17 
cascade_activation_steepnesses_count=4
cascade_activation_steepnesses=2.50000000000000000000e-01 5.00000000000000000000e-01 7.50000000000000000000e-01 1.00000000000000000000e+00 
layer_sizes=2 5 3 3 
scale_included=0
neurons (num_inputs, activation_function, activation_steepness)=(0, 0, 0.00000000000000000000e+00) (0, 0, 0.00000000000000000000e+00) (2, 3, 5.00000000000000000000e-01) (2, 3, 5.00000000000000000000e-01) (2, 3, 5.00000000000000000000e-01) (2, 3, 5.00000000000000000000e-01) (0, 3, 0.00000000000000000000e+00) (5, 3, 5.00000000000000000000e-01) (5, 3, 5.00000000000000000000e-01) (0, 3, 0.00000000000000000000e+00) (3, 0, 5.00000000000000000000e-01) (3, 0, 5.00000000000000000000e-01) (0, 0, 0.00000000000000000000e+00) 
connections (connected_to_neuron, weight)=(0, -1.40529060363769531250e+01) (1, -1.42612874507904052734e+00) (0, -1.27623596191406250000e+01) (1, -1.07249796390533447266e+00) (0, -1.43035612106323242188e+01) (1, -1.50369763374328613281e+00) (0, -1.30638465881347656250e+01) (1, -1.18574500083923339844e+00) (2, 1.02400314807891845703e+00) (3, 6.64754152297973632812e-01) (4, 1.27980482578277587891e+00) (5, 6.75724506378173828125e-01) (6, -2.05240941047668457031e+00) (2, 8.85235428810119628906e-01) (3, 5.20675539970397949219e-01) (4, 1.03383100032806396484e+00) (5, 4.57724571228027343750e-01) (6, -3.18783164024353027344e-01) (7, 2.26952120661735534668e-01) (8, -4.47593927383422851562e-02) (9, -1.46988630294799804688e-01) (7, -7.35137104988098144531e-01) (8, -1.04947197437286376953e+00) (9, -5.11799573898315429688e-01) 
