FANN_FLO_2.1
num_layers=3
learning_rate=0.500000
connection_rate=1.000000
network_type=0
learning_momentum=0.000000
training_algorithm=2
train_error_function=1
train_stop_function=0
cascade_output_change_fraction=0.010000
quickprop_decay=-0.000100
quickprop_mu=1.750000
rprop_increase_factor=1.200000
rprop_decrease_factor=0.500000
rprop_delta_min=0.000000
rprop_delta_max=50.000000
rprop_delta_zero=0.100000
cascade_output_stagnation_epochs=12
cascade_candidate_change_fraction=0.010000
cascade_candidate_stagnation_epochs=12
cascade_max_out_epochs=150
cascade_min_out_epochs=50
cascade_max_cand_epochs=150
cascade_min_cand_epochs=50
cascade_num_candidate_groups=2
bit_fail_limit=3.49999994039535522461e-01
cascade_candidate_limit=1.00000000000000000000e+03
cascade_weight_multiplier=4.00000005960464477539e-01
cascade_activation_functions_count=10
cascade_activation_functions=3 5 7 8 10 11 14 15 16 17 
cascade_activation_steepnesses_count=4
cascade_activation_steepnesses=2.50000000000000000000e-01 5.00000000000000000000e-01 7.50000000000000000000e-01 1.00000000000000000000e+00 
layer_sizes=7 5 2 
scale_included=0
neurons (num_inputs, activation_function, activation_steepness)=(0, 0, 0.00000000000000000000e+00) (0, 0, 0.00000000000000000000e+00) (0, 0, 0.00000000000000000000e+00) (0, 0, 0.00000000000000000000e+00) (0, 0, 0.00000000000000000000e+00) (0, 0, 0.00000000000000000000e+00) (0, 0, 0.00000000000000000000e+00) (7, 3, 5.00000000000000000000e-01) (7, 3, 5.00000000000000000000e-01) (7, 3, 5.00000000000000000000e-01) (7, 3, 5.00000000000000000000e-01) (0, 3, 0.00000000000000000000e+00) (5, 0, 5.00000000000000000000e-01) (0, 0, 0.00000000000000000000e+00) 
connections (connected_to_neuron, weight)=(0, -5.01642417907714843750e+00) (1, 9.32495498657226562500e+00) (2, -1.40245532989501953125e+00) (3, -1.30350809097290039062e+01) (4, -1.15821323394775390625e+01) (5, -6.82193422317504882812e+00) (6, -2.99387037754058837891e-01) (0, -9.33800506591796875000e+00) (1, -4.72612304687500000000e+02) (2, -5.55324220657348632812e+00) (3, -2.96817684173583984375e+01) (4, -2.20569438934326171875e+01) (5, -6.61670455932617187500e+01) (6, -8.30173790454864501953e-01) (0, 1.98372695595026016235e-02) (1, 2.77687124907970428467e-02) (2, -5.22874444723129272461e-02) (3, 4.80242930352687835693e-02) (4, -1.19037844240665435791e-01) (5, 6.50845170021057128906e-02) (6, -1.11398327350616455078e+00) (0, -2.64774584770202636719e+00) (1, -2.22513332366943359375e+01) (2, -1.34422385692596435547e+00) (3, -7.51888227462768554688e+00) (4, 1.79928436279296875000e+01) (5, -9.04495334625244140625e+00) (6, -7.46813595294952392578e-01) (7, -7.73865032196044921875e+00) (8, 1.50000000000000000000e+03) (9, 1.13194219768047332764e-01) (10, -1.44432457163929939270e-02) (11, -1.42929013818502426147e-02) 
