FANN_FLO_2.1
num_layers=3
learning_rate=0.450000
connection_rate=1.000000
network_type=0
learning_momentum=0.000000
training_algorithm=2
train_error_function=1
train_stop_function=0
cascade_output_change_fraction=0.010000
quickprop_decay=-0.000100
quickprop_mu=1.750000
rprop_increase_factor=1.200000
rprop_decrease_factor=0.500000
rprop_delta_min=0.000000
rprop_delta_max=50.000000
rprop_delta_zero=0.100000
cascade_output_stagnation_epochs=12
cascade_candidate_change_fraction=0.010000
cascade_candidate_stagnation_epochs=12
cascade_max_out_epochs=150
cascade_min_out_epochs=50
cascade_max_cand_epochs=150
cascade_min_cand_epochs=50
cascade_num_candidate_groups=2
bit_fail_limit=3.49999994039535522461e-01
cascade_candidate_limit=1.00000000000000000000e+03
cascade_weight_multiplier=4.00000005960464477539e-01
cascade_activation_functions_count=10
cascade_activation_functions=3 5 7 8 10 11 14 15 16 17 
cascade_activation_steepnesses_count=4
cascade_activation_steepnesses=2.50000000000000000000e-01 5.00000000000000000000e-01 7.50000000000000000000e-01 1.00000000000000000000e+00 
layer_sizes=7 5 2 
scale_included=0
neurons (num_inputs, activation_function, activation_steepness)=(0, 0, 0.00000000000000000000e+00) (0, 0, 0.00000000000000000000e+00) (0, 0, 0.00000000000000000000e+00) (0, 0, 0.00000000000000000000e+00) (0, 0, 0.00000000000000000000e+00) (0, 0, 0.00000000000000000000e+00) (0, 0, 0.00000000000000000000e+00) (7, 3, 5.00000000000000000000e-01) (7, 3, 5.00000000000000000000e-01) (7, 3, 5.00000000000000000000e-01) (7, 3, 5.00000000000000000000e-01) (0, 3, 0.00000000000000000000e+00) (5, 0, 5.00000000000000000000e-01) (0, 0, 0.00000000000000000000e+00) 
connections (connected_to_neuron, weight)=(0, -5.47625385224819183350e-02) (1, 3.26954513788223266602e-01) (2, -5.70038080215454101562e-01) (3, 9.60672423243522644043e-02) (4, 8.86866748332977294922e-01) (5, -7.72468686103820800781e-01) (6, -3.15033107995986938477e-01) (0, 8.15302208065986633301e-02) (1, -2.07482442259788513184e-01) (2, 3.17681133747100830078e-01) (3, -1.33188888430595397949e-01) (4, -3.50298017263412475586e-01) (5, 3.04476886987686157227e-01) (6, -2.61248618364334106445e-01) (0, -1.14430829882621765137e-01) (1, -3.88973169028759002686e-02) (2, 8.37818086147308349609e-01) (3, -4.52628970146179199219e-01) (4, -3.78535985946655273438e-01) (5, 2.11417540907859802246e-01) (6, -6.80648684501647949219e-01) (0, 2.75772988796234130859e-01) (1, 3.06179821491241455078e-01) (2, -1.07536303997039794922e+00) (3, 2.02742218971252441406e-01) (4, 6.45655930042266845703e-01) (5, -4.18868422508239746094e-01) (6, 9.62011218070983886719e-02) (7, 1.60911634564399719238e-01) (8, 3.31925928592681884766e-01) (9, -4.93600964546203613281e-01) (10, -3.50753456354141235352e-01) (11, 1.96507573127746582031e-01) 
