FANN_FLO_2.1
num_layers=4
learning_rate=0.300000
connection_rate=1.000000
network_type=0
learning_momentum=0.000000
training_algorithm=2
train_error_function=1
train_stop_function=0
cascade_output_change_fraction=0.010000
quickprop_decay=-0.000100
quickprop_mu=1.750000
rprop_increase_factor=1.200000
rprop_decrease_factor=0.500000
rprop_delta_min=0.000000
rprop_delta_max=50.000000
rprop_delta_zero=0.100000
cascade_output_stagnation_epochs=12
cascade_candidate_change_fraction=0.010000
cascade_candidate_stagnation_epochs=12
cascade_max_out_epochs=150
cascade_min_out_epochs=50
cascade_max_cand_epochs=150
cascade_min_cand_epochs=50
cascade_num_candidate_groups=2
bit_fail_limit=3.49999994039535522461e-01
cascade_candidate_limit=1.00000000000000000000e+03
cascade_weight_multiplier=4.00000005960464477539e-01
cascade_activation_functions_count=10
cascade_activation_functions=3 5 7 8 10 11 14 15 16 17 
cascade_activation_steepnesses_count=4
cascade_activation_steepnesses=2.50000000000000000000e-01 5.00000000000000000000e-01 7.50000000000000000000e-01 1.00000000000000000000e+00 
layer_sizes=2 5 5 3 
scale_included=0
neurons (num_inputs, activation_function, activation_steepness)=(0, 0, 0.00000000000000000000e+00) (0, 0, 0.00000000000000000000e+00) (2, 3, 5.00000000000000000000e-01) (2, 3, 5.00000000000000000000e-01) (2, 3, 5.00000000000000000000e-01) (2, 3, 5.00000000000000000000e-01) (0, 3, 0.00000000000000000000e+00) (5, 3, 5.00000000000000000000e-01) (5, 3, 5.00000000000000000000e-01) (5, 3, 5.00000000000000000000e-01) (5, 3, 5.00000000000000000000e-01) (0, 3, 0.00000000000000000000e+00) (5, 0, 5.00000000000000000000e-01) (5, 0, 5.00000000000000000000e-01) (0, 0, 0.00000000000000000000e+00) 
connections (connected_to_neuron, weight)=(0, -1.45221655273437500000e+03) (1, -1.14013816833496093750e+02) (0, -1.10043530273437500000e+03) (1, -8.21100234985351562500e+01) (0, -5.56173461914062500000e+02) (1, 9.24347686767578125000e+00) (0, -6.11385986328125000000e+02) (1, -6.66558837890625000000e+02) (2, 3.54775476455688476562e+00) (3, 4.52012896537780761719e-01) (4, -3.57357949018478393555e-01) (5, 1.00517406463623046875e+01) (6, -1.08861792087554931641e+00) (2, 1.66980481147766113281e+00) (3, 9.89641964435577392578e-01) (4, 1.60284310579299926758e-01) (5, 2.39770722389221191406e+00) (6, -3.60558390617370605469e-01) (2, 3.22363883256912231445e-01) (3, 6.26587688922882080078e-01) (4, 2.58952528238296508789e-01) (5, 5.72461748123168945312e+00) (6, -2.50605285167694091797e-01) (2, 3.67171674966812133789e-01) (3, 4.08585101366043090820e-01) (4, 4.26105648279190063477e-01) (5, 2.47422332763671875000e+01) (6, -3.08470278978347778320e-01) (7, 4.32340130209922790527e-02) (8, 4.53840978443622589111e-02) (9, -1.00238405168056488037e-01) (10, -2.41572931408882141113e-02) (11, 1.33452098816633224487e-02) (7, -4.88835811614990234375e-01) (8, -5.98214149475097656250e-01) (9, -6.93498849868774414062e-01) (10, -6.28792583942413330078e-01) (11, -2.01179444789886474609e-01) 
