FANN_FLO_2.1
num_layers=3
learning_rate=0.500000
connection_rate=1.000000
network_type=0
learning_momentum=0.000000
training_algorithm=2
train_error_function=1
train_stop_function=0
cascade_output_change_fraction=0.010000
quickprop_decay=-0.000100
quickprop_mu=1.750000
rprop_increase_factor=1.200000
rprop_decrease_factor=0.500000
rprop_delta_min=0.000000
rprop_delta_max=50.000000
rprop_delta_zero=0.100000
cascade_output_stagnation_epochs=12
cascade_candidate_change_fraction=0.010000
cascade_candidate_stagnation_epochs=12
cascade_max_out_epochs=150
cascade_min_out_epochs=50
cascade_max_cand_epochs=150
cascade_min_cand_epochs=50
cascade_num_candidate_groups=2
bit_fail_limit=3.49999994039535522461e-01
cascade_candidate_limit=1.00000000000000000000e+03
cascade_weight_multiplier=4.00000005960464477539e-01
cascade_activation_functions_count=10
cascade_activation_functions=3 5 7 8 10 11 14 15 16 17 
cascade_activation_steepnesses_count=4
cascade_activation_steepnesses=2.50000000000000000000e-01 5.00000000000000000000e-01 7.50000000000000000000e-01 1.00000000000000000000e+00 
layer_sizes=10 5 2 
scale_included=0
neurons (num_inputs, activation_function, activation_steepness)=(0, 0, 0.00000000000000000000e+00) (0, 0, 0.00000000000000000000e+00) (0, 0, 0.00000000000000000000e+00) (0, 0, 0.00000000000000000000e+00) (0, 0, 0.00000000000000000000e+00) (0, 0, 0.00000000000000000000e+00) (0, 0, 0.00000000000000000000e+00) (0, 0, 0.00000000000000000000e+00) (0, 0, 0.00000000000000000000e+00) (0, 0, 0.00000000000000000000e+00) (10, 3, 5.00000000000000000000e-01) (10, 3, 5.00000000000000000000e-01) (10, 3, 5.00000000000000000000e-01) (10, 3, 5.00000000000000000000e-01) (0, 3, 0.00000000000000000000e+00) (5, 3, 5.00000000000000000000e-01) (0, 3, 0.00000000000000000000e+00) 
connections (connected_to_neuron, weight)=(0, -2.44615629315376281738e-01) (1, -3.25262308120727539062e-01) (2, -4.12055850028991699219e-01) (3, -2.79032766819000244141e-01) (4, -4.15479391813278198242e-01) (5, -1.42544314265251159668e-01) (6, -3.37351262569427490234e-01) (7, -4.10767495632171630859e-01) (8, -2.96375364065170288086e-01) (9, 3.03264796733856201172e-01) (0, 4.13590967655181884766e-01) (1, 4.79732006788253784180e-01) (2, 4.19037699699401855469e-01) (3, 4.80106741189956665039e-01) (4, -1.57323628664016723633e-01) (5, 4.58824187517166137695e-01) (6, 3.60266476869583129883e-01) (7, 5.43753325939178466797e-01) (8, 2.90470540523529052734e-01) (9, -6.73651754856109619141e-01) (0, -3.24270129203796386719e-01) (1, -3.18022400140762329102e-01) (2, -3.05710434913635253906e-01) (3, -3.04443150758743286133e-01) (4, -4.33703005313873291016e-01) (5, -3.36322009563446044922e-01) (6, -3.40117663145065307617e-01) (7, -2.83506721258163452148e-01) (8, -3.43912780284881591797e-01) (9, 5.46883404254913330078e-01) (0, -2.62282878160476684570e-01) (1, -2.38736867904663085938e-01) (2, -4.73736613988876342773e-01) (3, -4.13147330284118652344e-01) (4, -3.68718743324279785156e-01) (5, -2.18819871544837951660e-01) (6, -2.44061738252639770508e-01) (7, -3.72967958450317382812e-01) (8, -3.18593323230743408203e-01) (9, 4.17799443006515502930e-01) (10, -2.45417580008506774902e-01) (11, 1.11424803733825683594e+00) (12, -4.92928266525268554688e+00) (13, -2.85954535007476806641e-01) (14, 7.16486811637878417969e-01) 
