FANN_FLO_2.1
num_layers=3
learning_rate=0.400000
connection_rate=1.000000
network_type=0
learning_momentum=0.000000
training_algorithm=2
train_error_function=1
train_stop_function=0
cascade_output_change_fraction=0.010000
quickprop_decay=-0.000100
quickprop_mu=1.750000
rprop_increase_factor=1.200000
rprop_decrease_factor=0.500000
rprop_delta_min=0.000000
rprop_delta_max=50.000000
rprop_delta_zero=0.100000
cascade_output_stagnation_epochs=12
cascade_candidate_change_fraction=0.010000
cascade_candidate_stagnation_epochs=12
cascade_max_out_epochs=150
cascade_min_out_epochs=50
cascade_max_cand_epochs=150
cascade_min_cand_epochs=50
cascade_num_candidate_groups=2
bit_fail_limit=3.49999994039535522461e-01
cascade_candidate_limit=1.00000000000000000000e+03
cascade_weight_multiplier=4.00000005960464477539e-01
cascade_activation_functions_count=10
cascade_activation_functions=3 5 7 8 10 11 14 15 16 17 
cascade_activation_steepnesses_count=4
cascade_activation_steepnesses=2.50000000000000000000e-01 5.00000000000000000000e-01 7.50000000000000000000e-01 1.00000000000000000000e+00 
layer_sizes=6 5 2 
scale_included=0
neurons (num_inputs, activation_function, activation_steepness)=(0, 0, 0.00000000000000000000e+00) (0, 0, 0.00000000000000000000e+00) (0, 0, 0.00000000000000000000e+00) (0, 0, 0.00000000000000000000e+00) (0, 0, 0.00000000000000000000e+00) (0, 0, 0.00000000000000000000e+00) (6, 3, 5.00000000000000000000e-01) (6, 3, 5.00000000000000000000e-01) (6, 3, 5.00000000000000000000e-01) (6, 3, 5.00000000000000000000e-01) (0, 3, 0.00000000000000000000e+00) (5, 0, 5.00000000000000000000e-01) (0, 0, 0.00000000000000000000e+00) 
connections (connected_to_neuron, weight)=(0, -1.50000000000000000000e+03) (1, -2.58906341552734375000e+02) (2, 1.81300994873046875000e+02) (3, -5.05041265487670898438e+00) (4, -2.46340133666992187500e+02) (5, 2.78082966804504394531e-01) (0, -1.50000000000000000000e+03) (1, -2.59170196533203125000e+02) (2, 1.81869750976562500000e+02) (3, -5.24007797241210937500e+00) (4, -2.45881011962890625000e+02) (5, -5.01173973083496093750e-01) (0, -1.50000000000000000000e+03) (1, -2.48429840087890625000e+02) (2, 1.53828384399414062500e+02) (3, -3.87121391296386718750e+00) (4, -5.55978393554687500000e+01) (5, -1.92176687717437744141e+00) (0, -1.50000000000000000000e+03) (1, -2.79312072753906250000e+02) (2, 1.68524002075195312500e+02) (3, -1.90807857513427734375e+01) (4, -2.58944885253906250000e+02) (5, 4.34705048799514770508e-01) (6, 3.65494418144226074219e+00) (7, 1.31262407302856445312e+01) (8, 1.55357599258422851562e+01) (9, 3.77411699295043945312e+00) (10, 7.73213148117065429688e-01) 
