FANN_FLO_2.1
num_layers=3
learning_rate=0.500000
connection_rate=1.000000
network_type=0
learning_momentum=0.000000
training_algorithm=2
train_error_function=1
train_stop_function=0
cascade_output_change_fraction=0.010000
quickprop_decay=-0.000100
quickprop_mu=1.750000
rprop_increase_factor=1.200000
rprop_decrease_factor=0.500000
rprop_delta_min=0.000000
rprop_delta_max=50.000000
rprop_delta_zero=0.100000
cascade_output_stagnation_epochs=12
cascade_candidate_change_fraction=0.010000
cascade_candidate_stagnation_epochs=12
cascade_max_out_epochs=150
cascade_min_out_epochs=50
cascade_max_cand_epochs=150
cascade_min_cand_epochs=50
cascade_num_candidate_groups=2
bit_fail_limit=3.49999994039535522461e-01
cascade_candidate_limit=1.00000000000000000000e+03
cascade_weight_multiplier=4.00000005960464477539e-01
cascade_activation_functions_count=10
cascade_activation_functions=3 5 7 8 10 11 14 15 16 17 
cascade_activation_steepnesses_count=4
cascade_activation_steepnesses=2.50000000000000000000e-01 5.00000000000000000000e-01 7.50000000000000000000e-01 1.00000000000000000000e+00 
layer_sizes=3 9 4 
scale_included=0
neurons (num_inputs, activation_function, activation_steepness)=(0, 0, 0.00000000000000000000e+00) (0, 0, 0.00000000000000000000e+00) (0, 0, 0.00000000000000000000e+00) (3, 3, 5.00000000000000000000e-01) (3, 3, 5.00000000000000000000e-01) (3, 3, 5.00000000000000000000e-01) (3, 3, 5.00000000000000000000e-01) (3, 3, 5.00000000000000000000e-01) (3, 3, 5.00000000000000000000e-01) (3, 3, 5.00000000000000000000e-01) (3, 3, 5.00000000000000000000e-01) (0, 3, 0.00000000000000000000e+00) (9, 0, 5.00000000000000000000e-01) (9, 0, 5.00000000000000000000e-01) (9, 0, 5.00000000000000000000e-01) (0, 0, 0.00000000000000000000e+00) 
connections (connected_to_neuron, weight)=(0, -4.86558628082275390625e+00) (1, 5.36422729492187500000e+00) (2, 4.35792350769042968750e+00) (0, -6.08922195434570312500e+00) (1, 5.77563381195068359375e+00) (2, 9.78865623474121093750e+00) (0, -6.34745597839355468750e+00) (1, 5.43609094619750976562e+00) (2, 3.52591109275817871094e+00) (0, -1.03209028244018554688e+01) (1, 6.65998697280883789062e+00) (2, 7.41615653038024902344e-01) (0, -1.04864144325256347656e+00) (1, -2.00519633293151855469e+00) (2, -1.89753696322441101074e-01) (0, -3.21216201782226562500e+00) (1, -1.53488194942474365234e+00) (2, 1.12113349139690399170e-01) (0, -3.21048164367675781250e+00) (1, 5.24986028671264648438e-01) (2, 8.58561336994171142578e-01) (0, -3.74887657165527343750e+01) (1, -1.98340678215026855469e+00) (2, 5.31410980224609375000e+00) (3, 6.63182199001312255859e-01) (4, 6.23350679874420166016e-01) (5, 8.36539864540100097656e-01) (6, 1.15453755855560302734e+00) (7, 2.49831771850585937500e+00) (8, 2.78206348419189453125e+00) (9, 1.74886560440063476562e+00) (10, 5.79052329063415527344e-01) (11, 5.23363947868347167969e-01) (3, 2.60555934906005859375e+00) (4, 2.43033599853515625000e+00) (5, 3.54629659652709960938e+00) (6, 2.70416641235351562500e+00) (7, 9.20611763000488281250e+00) (8, 6.39943456649780273438e+00) (9, 5.72928380966186523438e+00) (10, 1.42632412910461425781e+00) (11, 2.18970799446105957031e+00) (3, 9.70825576782226562500e+00) (4, 1.00265254974365234375e+01) (5, 9.99912452697753906250e+00) (6, 8.64519214630126953125e+00) (7, 3.03597049713134765625e+01) (8, 2.07858486175537109375e+01) (9, 1.84831943511962890625e+01) (10, 3.92279577255249023438e+00) (11, 9.96412944793701171875e+00) 
