FANN_FLO_2.1
num_layers=3
learning_rate=0.500000
connection_rate=1.000000
network_type=0
learning_momentum=0.000000
training_algorithm=2
train_error_function=1
train_stop_function=0
cascade_output_change_fraction=0.010000
quickprop_decay=-0.000100
quickprop_mu=1.750000
rprop_increase_factor=1.200000
rprop_decrease_factor=0.500000
rprop_delta_min=0.000000
rprop_delta_max=50.000000
rprop_delta_zero=0.100000
cascade_output_stagnation_epochs=12
cascade_candidate_change_fraction=0.010000
cascade_candidate_stagnation_epochs=12
cascade_max_out_epochs=150
cascade_min_out_epochs=50
cascade_max_cand_epochs=150
cascade_min_cand_epochs=50
cascade_num_candidate_groups=2
bit_fail_limit=3.49999994039535522461e-01
cascade_candidate_limit=1.00000000000000000000e+03
cascade_weight_multiplier=4.00000005960464477539e-01
cascade_activation_functions_count=10
cascade_activation_functions=3 5 7 8 10 11 14 15 16 17 
cascade_activation_steepnesses_count=4
cascade_activation_steepnesses=2.50000000000000000000e-01 5.00000000000000000000e-01 7.50000000000000000000e-01 1.00000000000000000000e+00 
layer_sizes=3 5 4 
scale_included=0
neurons (num_inputs, activation_function, activation_steepness)=(0, 0, 0.00000000000000000000e+00) (0, 0, 0.00000000000000000000e+00) (0, 0, 0.00000000000000000000e+00) (3, 3, 5.00000000000000000000e-01) (3, 3, 5.00000000000000000000e-01) (3, 3, 5.00000000000000000000e-01) (3, 3, 5.00000000000000000000e-01) (0, 3, 0.00000000000000000000e+00) (5, 0, 5.00000000000000000000e-01) (5, 0, 5.00000000000000000000e-01) (5, 0, 5.00000000000000000000e-01) (0, 0, 0.00000000000000000000e+00) 
connections (connected_to_neuron, weight)=(0, -1.90356750488281250000e+01) (1, 1.24564037322998046875e+01) (2, 1.03581590652465820312e+01) (0, -2.67282533645629882812e+00) (1, 6.06098651885986328125e-01) (2, -3.18263890221714973450e-03) (0, -1.23793478012084960938e+01) (1, 1.37112760543823242188e+01) (2, 1.18434829711914062500e+01) (0, -1.34063470363616943359e+00) (1, -1.58095383644104003906e+00) (2, 3.32156956195831298828e-01) (3, 9.28050339221954345703e-01) (4, 4.29100513458251953125e+00) (5, 9.93151605129241943359e-01) (6, 3.96679663658142089844e+00) (7, 8.28077495098114013672e-01) (3, 3.87411046028137207031e+00) (4, 1.11834106445312500000e+01) (5, 3.65475344657897949219e+00) (6, 1.20887374877929687500e+01) (7, 3.58368563652038574219e+00) (3, 1.22906618118286132812e+01) (4, 3.37683525085449218750e+01) (5, 1.46359596252441406250e+01) (6, 3.99742317199707031250e+01) (7, 1.50201597213745117188e+01) 
