FANN_FLO_2.1
num_layers=4
learning_rate=0.500000
connection_rate=1.000000
network_type=0
learning_momentum=0.000000
training_algorithm=2
train_error_function=1
train_stop_function=0
cascade_output_change_fraction=0.010000
quickprop_decay=-0.000100
quickprop_mu=1.750000
rprop_increase_factor=1.200000
rprop_decrease_factor=0.500000
rprop_delta_min=0.000000
rprop_delta_max=50.000000
rprop_delta_zero=0.100000
cascade_output_stagnation_epochs=12
cascade_candidate_change_fraction=0.010000
cascade_candidate_stagnation_epochs=12
cascade_max_out_epochs=150
cascade_min_out_epochs=50
cascade_max_cand_epochs=150
cascade_min_cand_epochs=50
cascade_num_candidate_groups=2
bit_fail_limit=3.49999994039535522461e-01
cascade_candidate_limit=1.00000000000000000000e+03
cascade_weight_multiplier=4.00000005960464477539e-01
cascade_activation_functions_count=10
cascade_activation_functions=3 5 7 8 10 11 14 15 16 17 
cascade_activation_steepnesses_count=4
cascade_activation_steepnesses=2.50000000000000000000e-01 5.00000000000000000000e-01 7.50000000000000000000e-01 1.00000000000000000000e+00 
layer_sizes=4 5 5 2 
scale_included=0
neurons (num_inputs, activation_function, activation_steepness)=(0, 0, 0.00000000000000000000e+00) (0, 0, 0.00000000000000000000e+00) (0, 0, 0.00000000000000000000e+00) (0, 0, 0.00000000000000000000e+00) (4, 3, 5.00000000000000000000e-01) (4, 3, 5.00000000000000000000e-01) (4, 3, 5.00000000000000000000e-01) (4, 3, 5.00000000000000000000e-01) (0, 3, 0.00000000000000000000e+00) (5, 3, 5.00000000000000000000e-01) (5, 3, 5.00000000000000000000e-01) (5, 3, 5.00000000000000000000e-01) (5, 3, 5.00000000000000000000e-01) (0, 3, 0.00000000000000000000e+00) (5, 3, 5.00000000000000000000e-01) (0, 3, 0.00000000000000000000e+00) 
connections (connected_to_neuron, weight)=(0, -4.09188318252563476562e+00) (1, -2.96599650382995605469e+00) (2, -1.13712692260742187500e+00) (3, 3.19304251670837402344e+00) (0, -4.64805793762207031250e+00) (1, -3.70705509185791015625e+00) (2, -6.95622339844703674316e-02) (3, 3.68371438980102539062e+00) (0, 2.39384174346923828125e-01) (1, -1.90565013885498046875e+01) (2, 1.83129272460937500000e+01) (3, 3.57683634757995605469e+00) (0, -4.41130113601684570312e+00) (1, -3.01048398017883300781e+00) (2, -2.21212005615234375000e+00) (3, 4.36547851562500000000e+00) (4, 8.58762359619140625000e+00) (5, 1.23325233459472656250e+01) (6, -8.40767574310302734375e+00) (7, 1.39033746719360351562e+01) (8, -3.38947701454162597656e+00) (4, 8.57567596435546875000e+00) (5, 1.14101285934448242188e+01) (6, -8.26876449584960937500e+00) (7, 1.43009309768676757812e+01) (8, -3.36567807197570800781e+00) (4, 1.36025443673133850098e-01) (5, 6.35402154922485351562e+00) (6, 9.28656607866287231445e-02) (7, -1.05777835845947265625e+00) (8, -5.37325203418731689453e-01) (4, 1.00719461441040039062e+01) (5, 1.11734380722045898438e+01) (6, -7.70721054077148437500e+00) (7, 1.04381618499755859375e+01) (8, -2.63493156433105468750e+00) (9, -2.57942223548889160156e+00) (10, -2.37016987800598144531e+00) (11, 2.34893393516540527344e+00) (12, -6.77606761455535888672e-01) (13, 1.17172181606292724609e+00) 
