FANN_FLO_2.1
num_layers=4
learning_rate=0.450000
connection_rate=1.000000
network_type=0
learning_momentum=0.000000
training_algorithm=2
train_error_function=1
train_stop_function=0
cascade_output_change_fraction=0.010000
quickprop_decay=-0.000100
quickprop_mu=1.750000
rprop_increase_factor=1.200000
rprop_decrease_factor=0.500000
rprop_delta_min=0.000000
rprop_delta_max=50.000000
rprop_delta_zero=0.100000
cascade_output_stagnation_epochs=12
cascade_candidate_change_fraction=0.010000
cascade_candidate_stagnation_epochs=12
cascade_max_out_epochs=150
cascade_min_out_epochs=50
cascade_max_cand_epochs=150
cascade_min_cand_epochs=50
cascade_num_candidate_groups=2
bit_fail_limit=3.49999994039535522461e-01
cascade_candidate_limit=1.00000000000000000000e+03
cascade_weight_multiplier=4.00000005960464477539e-01
cascade_activation_functions_count=10
cascade_activation_functions=3 5 7 8 10 11 14 15 16 17 
cascade_activation_steepnesses_count=4
cascade_activation_steepnesses=2.50000000000000000000e-01 5.00000000000000000000e-01 7.50000000000000000000e-01 1.00000000000000000000e+00 
layer_sizes=7 5 5 2 
scale_included=0
neurons (num_inputs, activation_function, activation_steepness)=(0, 0, 0.00000000000000000000e+00) (0, 0, 0.00000000000000000000e+00) (0, 0, 0.00000000000000000000e+00) (0, 0, 0.00000000000000000000e+00) (0, 0, 0.00000000000000000000e+00) (0, 0, 0.00000000000000000000e+00) (0, 0, 0.00000000000000000000e+00) (7, 3, 5.00000000000000000000e-01) (7, 3, 5.00000000000000000000e-01) (7, 3, 5.00000000000000000000e-01) (7, 3, 5.00000000000000000000e-01) (0, 3, 0.00000000000000000000e+00) (5, 3, 5.00000000000000000000e-01) (5, 3, 5.00000000000000000000e-01) (5, 3, 5.00000000000000000000e-01) (5, 3, 5.00000000000000000000e-01) (0, 3, 0.00000000000000000000e+00) (5, 0, 5.00000000000000000000e-01) (0, 0, 0.00000000000000000000e+00) 
connections (connected_to_neuron, weight)=(0, -9.15800048828125000000e+02) (1, 3.56800460815429687500e+00) (2, -8.77928588867187500000e+02) (3, 1.22335655212402343750e+02) (4, -1.01580004882812500000e+03) (5, -1.16580004882812500000e+03) (6, 3.97151708602905273438e+00) (0, 1.01335436105728149414e-01) (1, 1.85779750347137451172e-01) (2, 2.69646376371383666992e-01) (3, -1.33334130048751831055e-01) (4, -5.26903808116912841797e-01) (5, -9.14728641510009765625e-02) (6, 2.53252935409545898438e+00) (0, -1.13470861816406250000e+03) (1, 1.50000000000000000000e+03) (2, -8.67640563964843750000e+02) (3, 2.94499328613281250000e+02) (4, 1.29080004882812500000e+03) (5, 1.35348950195312500000e+03) (6, -1.00999345779418945312e+01) (0, -3.49305603027343750000e+02) (1, 8.68458449840545654297e-01) (2, -8.96811279296875000000e+02) (3, 1.83204097747802734375e+01) (4, 1.46169616699218750000e+03) (5, -1.41384399414062500000e+02) (6, 1.24411659240722656250e+01) (7, 1.50000000000000000000e+03) (8, 1.66597652435302734375e+00) (9, 9.04226257324218750000e+02) (10, -2.89649887084960937500e+01) (11, 1.26395237445831298828e+00) (7, 1.50000000000000000000e+03) (8, -2.47455596923828125000e+00) (9, 1.49626245117187500000e+03) (10, 8.74199008941650390625e+00) (11, -3.86045026779174804688e+00) (7, 1.50000000000000000000e+03) (8, 7.74313211441040039062e-02) (9, 3.76758861541748046875e+00) (10, -3.16930890083312988281e+00) (11, 3.73071134090423583984e-01) (7, 1.50000000000000000000e+03) (8, 8.04030597209930419922e-01) (9, 1.49626245117187500000e+03) (10, -1.46020565032958984375e+01) (11, -3.77052187919616699219e-01) (12, -3.12642902135848999023e-01) (13, -5.24598583579063415527e-02) (14, 4.27537888288497924805e-01) (15, -6.78740590810775756836e-02) (16, 1.03147916495800018311e-01) 
