FANN_FLO_2.1
num_layers=4
learning_rate=0.300000
connection_rate=1.000000
network_type=0
learning_momentum=0.000000
training_algorithm=2
train_error_function=1
train_stop_function=0
cascade_output_change_fraction=0.010000
quickprop_decay=-0.000100
quickprop_mu=1.750000
rprop_increase_factor=1.200000
rprop_decrease_factor=0.500000
rprop_delta_min=0.000000
rprop_delta_max=50.000000
rprop_delta_zero=0.100000
cascade_output_stagnation_epochs=12
cascade_candidate_change_fraction=0.010000
cascade_candidate_stagnation_epochs=12
cascade_max_out_epochs=150
cascade_min_out_epochs=50
cascade_max_cand_epochs=150
cascade_min_cand_epochs=50
cascade_num_candidate_groups=2
bit_fail_limit=3.49999994039535522461e-01
cascade_candidate_limit=1.00000000000000000000e+03
cascade_weight_multiplier=4.00000005960464477539e-01
cascade_activation_functions_count=10
cascade_activation_functions=3 5 7 8 10 11 14 15 16 17 
cascade_activation_steepnesses_count=4
cascade_activation_steepnesses=2.50000000000000000000e-01 5.00000000000000000000e-01 7.50000000000000000000e-01 1.00000000000000000000e+00 
layer_sizes=2 5 5 3 
scale_included=0
neurons (num_inputs, activation_function, activation_steepness)=(0, 0, 0.00000000000000000000e+00) (0, 0, 0.00000000000000000000e+00) (2, 3, 5.00000000000000000000e-01) (2, 3, 5.00000000000000000000e-01) (2, 3, 5.00000000000000000000e-01) (2, 3, 5.00000000000000000000e-01) (0, 3, 0.00000000000000000000e+00) (5, 3, 5.00000000000000000000e-01) (5, 3, 5.00000000000000000000e-01) (5, 3, 5.00000000000000000000e-01) (5, 3, 5.00000000000000000000e-01) (0, 3, 0.00000000000000000000e+00) (5, 0, 5.00000000000000000000e-01) (5, 0, 5.00000000000000000000e-01) (0, 0, 0.00000000000000000000e+00) 
connections (connected_to_neuron, weight)=(0, 1.10792446136474609375e+00) (1, 2.09192180633544921875e+00) (0, 3.54690818786621093750e+01) (1, 4.52920627593994140625e+00) (0, 9.85733509063720703125e-01) (1, 9.73710238933563232422e-01) (0, 7.71371245384216308594e-01) (1, 2.04536050558090209961e-01) (2, -4.92817521095275878906e-01) (3, 2.67407941818237304688e+00) (4, -5.66871821880340576172e-01) (5, -1.65927767753601074219e-01) (6, 2.83269464969635009766e-01) (2, -8.52689146995544433594e-01) (3, -4.86671018600463867188e+00) (4, -1.19529759883880615234e+00) (5, -1.15805819630622863770e-01) (6, 5.25763332843780517578e-01) (2, 4.54202070832252502441e-02) (3, 3.62895071506500244141e-01) (4, 6.60698562860488891602e-02) (5, -4.54187132418155670166e-02) (6, 7.40548133850097656250e-01) (2, -2.07742166519165039062e+00) (3, 1.36842846870422363281e+00) (4, -5.85574531555175781250e+00) (5, -1.25139677524566650391e+00) (6, 1.23105812072753906250e+00) (7, -6.42355233430862426758e-02) (8, 3.20143908262252807617e-01) (9, -1.27514109015464782715e-01) (10, 1.58996004611253738403e-02) (11, 7.40993116050958633423e-03) (7, -4.59515720605850219727e-01) (8, -1.92471313476562500000e+00) (9, -4.72865551710128784180e-01) (10, -7.64554500579833984375e-01) (11, -5.48790574073791503906e-01) 
