FANN_FLO_2.1
num_layers=3
learning_rate=0.500000
connection_rate=1.000000
network_type=0
learning_momentum=0.000000
training_algorithm=2
train_error_function=1
train_stop_function=0
cascade_output_change_fraction=0.010000
quickprop_decay=-0.000100
quickprop_mu=1.750000
rprop_increase_factor=1.200000
rprop_decrease_factor=0.500000
rprop_delta_min=0.000000
rprop_delta_max=50.000000
rprop_delta_zero=0.100000
cascade_output_stagnation_epochs=12
cascade_candidate_change_fraction=0.010000
cascade_candidate_stagnation_epochs=12
cascade_max_out_epochs=150
cascade_min_out_epochs=50
cascade_max_cand_epochs=150
cascade_min_cand_epochs=50
cascade_num_candidate_groups=2
bit_fail_limit=3.49999994039535522461e-01
cascade_candidate_limit=1.00000000000000000000e+03
cascade_weight_multiplier=4.00000005960464477539e-01
cascade_activation_functions_count=10
cascade_activation_functions=3 5 7 8 10 11 14 15 16 17 
cascade_activation_steepnesses_count=4
cascade_activation_steepnesses=2.50000000000000000000e-01 5.00000000000000000000e-01 7.50000000000000000000e-01 1.00000000000000000000e+00 
layer_sizes=7 5 2 
scale_included=0
neurons (num_inputs, activation_function, activation_steepness)=(0, 0, 0.00000000000000000000e+00) (0, 0, 0.00000000000000000000e+00) (0, 0, 0.00000000000000000000e+00) (0, 0, 0.00000000000000000000e+00) (0, 0, 0.00000000000000000000e+00) (0, 0, 0.00000000000000000000e+00) (0, 0, 0.00000000000000000000e+00) (7, 3, 5.00000000000000000000e-01) (7, 3, 5.00000000000000000000e-01) (7, 3, 5.00000000000000000000e-01) (7, 3, 5.00000000000000000000e-01) (0, 3, 0.00000000000000000000e+00) (5, 0, 5.00000000000000000000e-01) (0, 0, 0.00000000000000000000e+00) 
connections (connected_to_neuron, weight)=(0, -4.39483118057250976562e+00) (1, -5.02072215080261230469e-01) (2, 3.99881243705749511719e+00) (3, -2.93307209014892578125e+00) (4, -4.95341300964355468750e+00) (5, 7.22488880157470703125e+00) (6, -3.36242616176605224609e-01) (0, -9.71842706203460693359e-01) (1, 1.79078146815299987793e-01) (2, 8.51015031337738037109e-01) (3, -9.38450753688812255859e-01) (4, -1.07255399227142333984e+00) (5, 1.96035015583038330078e+00) (6, -2.53114104270935058594e-01) (0, -7.61000871658325195312e+00) (1, -5.33863842487335205078e-01) (2, 9.58247566223144531250e+00) (3, -3.17761087417602539062e+00) (4, -6.26901674270629882812e+00) (5, 8.23375988006591796875e+00) (6, -3.88179242610931396484e-01) (0, -2.91563481092453002930e-01) (1, 7.22800731658935546875e-01) (2, -4.02486830949783325195e-01) (3, -2.67370902001857757568e-02) (4, 1.42222791910171508789e-01) (5, -2.25436881184577941895e-01) (6, 6.65587949752807617188e+00) (7, 4.69881782531738281250e+01) (8, -1.38320422172546386719e+00) (9, 6.37128114700317382812e-01) (10, -9.21584591269493103027e-02) (11, 1.11640647053718566895e-01) 
