FANN_FLO_2.1
num_layers=3
learning_rate=0.500000
connection_rate=1.000000
network_type=0
learning_momentum=0.000000
training_algorithm=2
train_error_function=1
train_stop_function=0
cascade_output_change_fraction=0.010000
quickprop_decay=-0.000100
quickprop_mu=1.750000
rprop_increase_factor=1.200000
rprop_decrease_factor=0.500000
rprop_delta_min=0.000000
rprop_delta_max=50.000000
rprop_delta_zero=0.100000
cascade_output_stagnation_epochs=12
cascade_candidate_change_fraction=0.010000
cascade_candidate_stagnation_epochs=12
cascade_max_out_epochs=150
cascade_min_out_epochs=50
cascade_max_cand_epochs=150
cascade_min_cand_epochs=50
cascade_num_candidate_groups=2
bit_fail_limit=3.49999994039535522461e-01
cascade_candidate_limit=1.00000000000000000000e+03
cascade_weight_multiplier=4.00000005960464477539e-01
cascade_activation_functions_count=10
cascade_activation_functions=3 5 7 8 10 11 14 15 16 17 
cascade_activation_steepnesses_count=4
cascade_activation_steepnesses=2.50000000000000000000e-01 5.00000000000000000000e-01 7.50000000000000000000e-01 1.00000000000000000000e+00 
layer_sizes=7 5 2 
scale_included=0
neurons (num_inputs, activation_function, activation_steepness)=(0, 0, 0.00000000000000000000e+00) (0, 0, 0.00000000000000000000e+00) (0, 0, 0.00000000000000000000e+00) (0, 0, 0.00000000000000000000e+00) (0, 0, 0.00000000000000000000e+00) (0, 0, 0.00000000000000000000e+00) (0, 0, 0.00000000000000000000e+00) (7, 3, 5.00000000000000000000e-01) (7, 3, 5.00000000000000000000e-01) (7, 3, 5.00000000000000000000e-01) (7, 3, 5.00000000000000000000e-01) (0, 3, 0.00000000000000000000e+00) (5, 0, 5.00000000000000000000e-01) (0, 0, 0.00000000000000000000e+00) 
connections (connected_to_neuron, weight)=(0, -3.61636114120483398438e+00) (1, -1.91840839385986328125e+01) (2, -1.42300000000000000000e+03) (3, -1.91785793304443359375e+01) (4, -1.93187465667724609375e+01) (5, -2.80062561035156250000e+02) (6, -4.86767321825027465820e-01) (0, 3.47902226448059082031e+00) (1, -2.93403244018554687500e+00) (2, -9.18857192993164062500e+00) (3, -2.95337295532226562500e+00) (4, -3.13769912719726562500e+00) (5, -1.75345520019531250000e+02) (6, -4.41169500350952148438e-01) (0, -3.05510568618774414062e+00) (1, -2.16879863739013671875e+01) (2, 1.59895048141479492188e+01) (3, -2.14790573120117187500e+01) (4, -9.08448410034179687500e+00) (5, 2.35237483978271484375e+01) (6, -8.63602906465530395508e-02) (0, -6.82730078697204589844e-02) (1, 6.48852288722991943359e-02) (2, -1.56267434358596801758e-01) (3, 2.61559307575225830078e-01) (4, -1.16148900985717773438e+00) (5, 5.23213565349578857422e-01) (6, -4.29817771911621093750e+00) (7, 3.00000000000000000000e+02) (8, 8.00471191406250000000e+01) (9, 2.23055480957031250000e+02) (10, 7.07926869392395019531e-01) (11, 9.22016147524118423462e-03) 
