FANN_FLO_2.1
num_layers=3
learning_rate=0.500000
connection_rate=1.000000
network_type=0
learning_momentum=0.000000
training_algorithm=2
train_error_function=1
train_stop_function=0
cascade_output_change_fraction=0.010000
quickprop_decay=-0.000100
quickprop_mu=1.750000
rprop_increase_factor=1.200000
rprop_decrease_factor=0.500000
rprop_delta_min=0.000000
rprop_delta_max=50.000000
rprop_delta_zero=0.100000
cascade_output_stagnation_epochs=12
cascade_candidate_change_fraction=0.010000
cascade_candidate_stagnation_epochs=12
cascade_max_out_epochs=150
cascade_min_out_epochs=50
cascade_max_cand_epochs=150
cascade_min_cand_epochs=50
cascade_num_candidate_groups=2
bit_fail_limit=3.49999994039535522461e-01
cascade_candidate_limit=1.00000000000000000000e+03
cascade_weight_multiplier=4.00000005960464477539e-01
cascade_activation_functions_count=10
cascade_activation_functions=3 5 7 8 10 11 14 15 16 17 
cascade_activation_steepnesses_count=4
cascade_activation_steepnesses=2.50000000000000000000e-01 5.00000000000000000000e-01 7.50000000000000000000e-01 1.00000000000000000000e+00 
layer_sizes=3 5 4 
scale_included=0
neurons (num_inputs, activation_function, activation_steepness)=(0, 0, 0.00000000000000000000e+00) (0, 0, 0.00000000000000000000e+00) (0, 0, 0.00000000000000000000e+00) (3, 3, 5.00000000000000000000e-01) (3, 3, 5.00000000000000000000e-01) (3, 3, 5.00000000000000000000e-01) (3, 3, 5.00000000000000000000e-01) (0, 3, 0.00000000000000000000e+00) (5, 0, 5.00000000000000000000e-01) (5, 0, 5.00000000000000000000e-01) (5, 0, 5.00000000000000000000e-01) (0, 0, 0.00000000000000000000e+00) 
connections (connected_to_neuron, weight)=(0, -1.35982226562500000000e+03) (1, -1.50000000000000000000e+03) (2, 2.13295326232910156250e+01) (0, -2.30216383934020996094e+00) (1, 8.88048708438873291016e-01) (2, 1.72051715850830078125e+00) (0, -2.75749111175537109375e+01) (1, -8.32360839843750000000e+00) (2, 1.42542715072631835938e+01) (0, -1.41206066894531250000e+03) (1, -8.13182739257812500000e+02) (2, 1.40540657043457031250e+01) (3, 1.61614847183227539062e+00) (4, 4.23301792144775390625e+00) (5, 1.60118520259857177734e+00) (6, 1.78552532196044921875e+00) (7, 1.00563168525695800781e+00) (3, 4.18399906158447265625e+00) (4, 1.41284418106079101562e+01) (5, 4.86867380142211914062e+00) (6, 3.92363786697387695312e+00) (7, 4.28827238082885742188e+00) (3, 1.37173109054565429688e+01) (4, 4.45887718200683593750e+01) (5, 1.67904949188232421875e+01) (6, 1.07719507217407226562e+01) (7, 1.96077651977539062500e+01) 
