FANN_FLO_2.1
num_layers=4
learning_rate=0.500000
connection_rate=1.000000
network_type=0
learning_momentum=0.000000
training_algorithm=2
train_error_function=1
train_stop_function=0
cascade_output_change_fraction=0.010000
quickprop_decay=-0.000100
quickprop_mu=1.750000
rprop_increase_factor=1.200000
rprop_decrease_factor=0.500000
rprop_delta_min=0.000000
rprop_delta_max=50.000000
rprop_delta_zero=0.100000
cascade_output_stagnation_epochs=12
cascade_candidate_change_fraction=0.010000
cascade_candidate_stagnation_epochs=12
cascade_max_out_epochs=150
cascade_min_out_epochs=50
cascade_max_cand_epochs=150
cascade_min_cand_epochs=50
cascade_num_candidate_groups=2
bit_fail_limit=3.49999994039535522461e-01
cascade_candidate_limit=1.00000000000000000000e+03
cascade_weight_multiplier=4.00000005960464477539e-01
cascade_activation_functions_count=10
cascade_activation_functions=3 5 7 8 10 11 14 15 16 17 
cascade_activation_steepnesses_count=4
cascade_activation_steepnesses=2.50000000000000000000e-01 5.00000000000000000000e-01 7.50000000000000000000e-01 1.00000000000000000000e+00 
layer_sizes=4 5 5 2 
scale_included=0
neurons (num_inputs, activation_function, activation_steepness)=(0, 0, 0.00000000000000000000e+00) (0, 0, 0.00000000000000000000e+00) (0, 0, 0.00000000000000000000e+00) (0, 0, 0.00000000000000000000e+00) (4, 3, 5.00000000000000000000e-01) (4, 3, 5.00000000000000000000e-01) (4, 3, 5.00000000000000000000e-01) (4, 3, 5.00000000000000000000e-01) (0, 3, 0.00000000000000000000e+00) (5, 3, 5.00000000000000000000e-01) (5, 3, 5.00000000000000000000e-01) (5, 3, 5.00000000000000000000e-01) (5, 3, 5.00000000000000000000e-01) (0, 3, 0.00000000000000000000e+00) (5, 3, 5.00000000000000000000e-01) (0, 3, 0.00000000000000000000e+00) 
connections (connected_to_neuron, weight)=(0, 1.53675756454467773438e+01) (1, -2.90414085388183593750e+01) (2, 1.48491315841674804688e+01) (3, -1.13169479370117187500e+00) (0, -1.00450347900390625000e+03) (1, -1.48077075195312500000e+03) (2, -3.48121681213378906250e+01) (3, 5.01838326454162597656e-01) (0, -1.00443377685546875000e+03) (1, -1.48077075195312500000e+03) (2, -3.47121047973632812500e+01) (3, 4.58566904067993164062e-01) (0, -5.56616115570068359375e+00) (1, -7.11036968231201171875e+00) (2, -1.04093834757804870605e-01) (3, 5.61598205566406250000e+00) (4, -5.08868560791015625000e+02) (5, -1.50000000000000000000e+03) (6, -1.50000000000000000000e+03) (7, -1.58061767578125000000e+02) (8, 3.83315429687500000000e+01) (4, -7.15601825714111328125e+00) (5, -1.45797004699707031250e+01) (6, -1.45527725219726562500e+01) (7, 2.64095058441162109375e+01) (8, -3.10280847549438476562e+00) (4, -8.14966201782226562500e+00) (5, -1.41284666061401367188e+01) (6, -1.37500410079956054688e+01) (7, 2.57874031066894531250e+01) (8, -1.49873006343841552734e+00) (4, -7.89934492111206054688e+00) (5, -1.51589183807373046875e+01) (6, -1.52016601562500000000e+01) (7, 2.90721073150634765625e+01) (8, -3.03428602218627929688e+00) (9, -2.04933667182922363281e+00) (10, -1.45392405986785888672e+00) (11, -2.87021279335021972656e-01) (12, -2.88968467712402343750e+00) (13, 2.38328218460083007812e+00) 
