FANN_FLO_2.1
num_layers=4
learning_rate=0.500000
connection_rate=1.000000
network_type=0
learning_momentum=0.000000
training_algorithm=2
train_error_function=1
train_stop_function=0
cascade_output_change_fraction=0.010000
quickprop_decay=-0.000100
quickprop_mu=1.750000
rprop_increase_factor=1.200000
rprop_decrease_factor=0.500000
rprop_delta_min=0.000000
rprop_delta_max=50.000000
rprop_delta_zero=0.100000
cascade_output_stagnation_epochs=12
cascade_candidate_change_fraction=0.010000
cascade_candidate_stagnation_epochs=12
cascade_max_out_epochs=150
cascade_min_out_epochs=50
cascade_max_cand_epochs=150
cascade_min_cand_epochs=50
cascade_num_candidate_groups=2
bit_fail_limit=3.49999994039535522461e-01
cascade_candidate_limit=1.00000000000000000000e+03
cascade_weight_multiplier=4.00000005960464477539e-01
cascade_activation_functions_count=10
cascade_activation_functions=3 5 7 8 10 11 14 15 16 17 
cascade_activation_steepnesses_count=4
cascade_activation_steepnesses=2.50000000000000000000e-01 5.00000000000000000000e-01 7.50000000000000000000e-01 1.00000000000000000000e+00 
layer_sizes=4 5 5 2 
scale_included=0
neurons (num_inputs, activation_function, activation_steepness)=(0, 0, 0.00000000000000000000e+00) (0, 0, 0.00000000000000000000e+00) (0, 0, 0.00000000000000000000e+00) (0, 0, 0.00000000000000000000e+00) (4, 3, 5.00000000000000000000e-01) (4, 3, 5.00000000000000000000e-01) (4, 3, 5.00000000000000000000e-01) (4, 3, 5.00000000000000000000e-01) (0, 3, 0.00000000000000000000e+00) (5, 3, 5.00000000000000000000e-01) (5, 3, 5.00000000000000000000e-01) (5, 3, 5.00000000000000000000e-01) (5, 3, 5.00000000000000000000e-01) (0, 3, 0.00000000000000000000e+00) (5, 3, 5.00000000000000000000e-01) (0, 3, 0.00000000000000000000e+00) 
connections (connected_to_neuron, weight)=(0, -6.33975830078125000000e+01) (1, 2.02382755279541015625e+01) (2, 8.43706607818603515625e+00) (3, -9.90436375141143798828e-01) (0, -5.60024356842041015625e+00) (1, -5.65083837509155273438e+00) (2, -1.51620292663574218750e+00) (3, 5.16527271270751953125e+00) (0, -6.02718582153320312500e+01) (1, -5.88701049804687500000e+02) (2, 3.01849880218505859375e+01) (3, 9.75016951560974121094e-01) (0, 2.66606922149658203125e+01) (1, -2.21804748535156250000e+02) (2, 4.15769653320312500000e+02) (3, 7.93589651584625244141e-01) (4, 5.90614562988281250000e+02) (5, 6.99330978393554687500e+01) (6, -1.02361596679687500000e+03) (7, -5.52496276855468750000e+02) (8, -2.19116950035095214844e+00) (4, -4.89077880859375000000e+02) (5, 6.51873779296875000000e+00) (6, 5.49050231933593750000e+02) (7, -1.11986633300781250000e+03) (8, 3.15044671297073364258e-01) (4, 1.66829071044921875000e+02) (5, 2.34720573425292968750e+01) (6, -3.42044677734375000000e+01) (7, -1.23770666122436523438e+00) (8, -5.10798501968383789062e+00) (4, -3.08298587799072265625e-01) (5, 1.84327793121337890625e+01) (6, -3.80356788635253906250e+00) (7, -1.94355785846710205078e-01) (8, -4.72873067855834960938e+00) (9, -3.84555959701538085938e+00) (10, 1.33778488636016845703e+00) (11, -3.36797547340393066406e+00) (12, -1.54326772689819335938e+00) (13, 2.63710331916809082031e+00) 
