FANN_FLO_2.1
num_layers=3
learning_rate=0.300000
connection_rate=1.000000
network_type=0
learning_momentum=0.000000
training_algorithm=2
train_error_function=1
train_stop_function=0
cascade_output_change_fraction=0.010000
quickprop_decay=-0.000100
quickprop_mu=1.750000
rprop_increase_factor=1.200000
rprop_decrease_factor=0.500000
rprop_delta_min=0.000000
rprop_delta_max=50.000000
rprop_delta_zero=0.100000
cascade_output_stagnation_epochs=12
cascade_candidate_change_fraction=0.010000
cascade_candidate_stagnation_epochs=12
cascade_max_out_epochs=150
cascade_min_out_epochs=50
cascade_max_cand_epochs=150
cascade_min_cand_epochs=50
cascade_num_candidate_groups=2
bit_fail_limit=3.49999994039535522461e-01
cascade_candidate_limit=1.00000000000000000000e+03
cascade_weight_multiplier=4.00000005960464477539e-01
cascade_activation_functions_count=10
cascade_activation_functions=3 5 7 8 10 11 14 15 16 17 
cascade_activation_steepnesses_count=4
cascade_activation_steepnesses=2.50000000000000000000e-01 5.00000000000000000000e-01 7.50000000000000000000e-01 1.00000000000000000000e+00 
layer_sizes=4 9 2 
scale_included=0
neurons (num_inputs, activation_function, activation_steepness)=(0, 0, 0.00000000000000000000e+00) (0, 0, 0.00000000000000000000e+00) (0, 0, 0.00000000000000000000e+00) (0, 0, 0.00000000000000000000e+00) (4, 3, 5.00000000000000000000e-01) (4, 3, 5.00000000000000000000e-01) (4, 3, 5.00000000000000000000e-01) (4, 3, 5.00000000000000000000e-01) (4, 3, 5.00000000000000000000e-01) (4, 3, 5.00000000000000000000e-01) (4, 3, 5.00000000000000000000e-01) (4, 3, 5.00000000000000000000e-01) (0, 3, 0.00000000000000000000e+00) (9, 3, 5.00000000000000000000e-01) (0, 3, 0.00000000000000000000e+00) 
connections (connected_to_neuron, weight)=(0, -1.33507287502288818359e+00) (1, 5.96423983573913574219e-01) (2, -2.33394250273704528809e-01) (3, 1.60468268394470214844e+00) (0, -1.50215780735015869141e+00) (1, 6.09503567218780517578e-01) (2, -1.40601724386215209961e-01) (3, 2.40164232254028320312e+00) (0, -7.45911430567502975464e-03) (1, 1.38399051502346992493e-02) (2, 5.42910158634185791016e-01) (3, 5.84916949272155761719e-01) (0, -1.83015733957290649414e-01) (1, 3.10256034135818481445e-02) (2, -7.24789723753929138184e-02) (3, 1.62707924842834472656e+00) (0, -1.07354938983917236328e+00) (1, 5.54676830768585205078e-01) (2, -1.08283150196075439453e+00) (3, 9.36564922332763671875e+00) (0, -2.35746409744024276733e-02) (1, 1.80882296990603208542e-03) (2, -5.73195099830627441406e-01) (3, 2.50530791282653808594e+00) (0, 1.49999987792968750000e+03) (1, 1.94668579101562500000e+02) (2, 6.53121414184570312500e+01) (3, 2.97679275274276733398e-01) (0, -8.15253078937530517578e-01) (1, 6.30173206329345703125e-01) (2, -1.52641642093658447266e+00) (3, 2.51847028732299804688e+00) (4, -1.37929156422615051270e-01) (5, -1.46413028240203857422e-01) (6, -9.35329818725585937500e+01) (7, -4.10623359680175781250e+00) (8, -1.73232942819595336914e-01) (9, -1.03716449737548828125e+01) (10, 9.41853713989257812500e+01) (11, -2.97618240118026733398e-01) (12, 3.57760995626449584961e-01) 
