FANN_FLO_2.1
num_layers=4
learning_rate=0.300000
connection_rate=1.000000
network_type=0
learning_momentum=0.000000
training_algorithm=2
train_error_function=1
train_stop_function=0
cascade_output_change_fraction=0.010000
quickprop_decay=-0.000100
quickprop_mu=1.750000
rprop_increase_factor=1.200000
rprop_decrease_factor=0.500000
rprop_delta_min=0.000000
rprop_delta_max=50.000000
rprop_delta_zero=0.100000
cascade_output_stagnation_epochs=12
cascade_candidate_change_fraction=0.010000
cascade_candidate_stagnation_epochs=12
cascade_max_out_epochs=150
cascade_min_out_epochs=50
cascade_max_cand_epochs=150
cascade_min_cand_epochs=50
cascade_num_candidate_groups=2
bit_fail_limit=3.49999994039535522461e-01
cascade_candidate_limit=1.00000000000000000000e+03
cascade_weight_multiplier=4.00000005960464477539e-01
cascade_activation_functions_count=10
cascade_activation_functions=3 5 7 8 10 11 14 15 16 17 
cascade_activation_steepnesses_count=4
cascade_activation_steepnesses=2.50000000000000000000e-01 5.00000000000000000000e-01 7.50000000000000000000e-01 1.00000000000000000000e+00 
layer_sizes=2 5 5 3 
scale_included=0
neurons (num_inputs, activation_function, activation_steepness)=(0, 0, 0.00000000000000000000e+00) (0, 0, 0.00000000000000000000e+00) (2, 3, 5.00000000000000000000e-01) (2, 3, 5.00000000000000000000e-01) (2, 3, 5.00000000000000000000e-01) (2, 3, 5.00000000000000000000e-01) (0, 3, 0.00000000000000000000e+00) (5, 3, 5.00000000000000000000e-01) (5, 3, 5.00000000000000000000e-01) (5, 3, 5.00000000000000000000e-01) (5, 3, 5.00000000000000000000e-01) (0, 3, 0.00000000000000000000e+00) (5, 0, 5.00000000000000000000e-01) (5, 0, 5.00000000000000000000e-01) (0, 0, 0.00000000000000000000e+00) 
connections (connected_to_neuron, weight)=(0, -1.75661146640777587891e+00) (1, -3.99509143829345703125e+00) (0, -1.47242224216461181641e+00) (1, -3.64039468765258789062e+00) (0, -1.30472290515899658203e+00) (1, -5.33081150054931640625e+00) (0, -1.19302523136138916016e+00) (1, -4.67309331893920898438e+00) (2, 1.99065899848937988281e+00) (3, 1.13675951957702636719e+00) (4, 5.83619475364685058594e-02) (5, 5.64914286136627197266e-01) (6, -1.84486198425292968750e+00) (2, 4.65135753154754638672e-01) (3, 1.45567640662193298340e-01) (4, 2.10738226771354675293e-01) (5, 2.59358823299407958984e-01) (6, 3.75054746866226196289e-01) (2, 6.87164843082427978516e-01) (3, 4.24801200628280639648e-01) (4, 4.71653938293457031250e-01) (5, 5.34161567687988281250e-01) (6, 3.37417185306549072266e-01) (2, 4.91669555664062500000e+02) (3, 1.69141540527343750000e+01) (4, 5.00425100326538085938e-01) (5, 4.52308177947998046875e-01) (6, -9.49947643280029296875e+00) (7, 7.86945223808288574219e-02) (8, -1.09257452189922332764e-01) (9, -2.20339968800544738770e-02) (10, 2.82148689031600952148e-01) (11, -2.10947155952453613281e-01) (7, -7.79871642589569091797e-01) (8, -4.48919028043746948242e-01) (9, -5.19014239311218261719e-01) (10, -4.32643204927444458008e-01) (11, -4.61973875761032104492e-01) 
