FANN_FLO_2.1
num_layers=3
learning_rate=0.500000
connection_rate=1.000000
network_type=0
learning_momentum=0.000000
training_algorithm=2
train_error_function=1
train_stop_function=0
cascade_output_change_fraction=0.010000
quickprop_decay=-0.000100
quickprop_mu=1.750000
rprop_increase_factor=1.200000
rprop_decrease_factor=0.500000
rprop_delta_min=0.000000
rprop_delta_max=50.000000
rprop_delta_zero=0.100000
cascade_output_stagnation_epochs=12
cascade_candidate_change_fraction=0.010000
cascade_candidate_stagnation_epochs=12
cascade_max_out_epochs=150
cascade_min_out_epochs=50
cascade_max_cand_epochs=150
cascade_min_cand_epochs=50
cascade_num_candidate_groups=2
bit_fail_limit=3.49999994039535522461e-01
cascade_candidate_limit=1.00000000000000000000e+03
cascade_weight_multiplier=4.00000005960464477539e-01
cascade_activation_functions_count=10
cascade_activation_functions=3 5 7 8 10 11 14 15 16 17 
cascade_activation_steepnesses_count=4
cascade_activation_steepnesses=2.50000000000000000000e-01 5.00000000000000000000e-01 7.50000000000000000000e-01 1.00000000000000000000e+00 
layer_sizes=10 5 2 
scale_included=0
neurons (num_inputs, activation_function, activation_steepness)=(0, 0, 0.00000000000000000000e+00) (0, 0, 0.00000000000000000000e+00) (0, 0, 0.00000000000000000000e+00) (0, 0, 0.00000000000000000000e+00) (0, 0, 0.00000000000000000000e+00) (0, 0, 0.00000000000000000000e+00) (0, 0, 0.00000000000000000000e+00) (0, 0, 0.00000000000000000000e+00) (0, 0, 0.00000000000000000000e+00) (0, 0, 0.00000000000000000000e+00) (10, 3, 5.00000000000000000000e-01) (10, 3, 5.00000000000000000000e-01) (10, 3, 5.00000000000000000000e-01) (10, 3, 5.00000000000000000000e-01) (0, 3, 0.00000000000000000000e+00) (5, 3, 5.00000000000000000000e-01) (0, 3, 0.00000000000000000000e+00) 
connections (connected_to_neuron, weight)=(0, -6.33247256278991699219e-01) (1, -4.68849062919616699219e-01) (2, -5.10850012302398681641e-01) (3, -5.30188977718353271484e-01) (4, -5.37450373172760009766e-01) (5, -4.24550026655197143555e-01) (6, -6.49729251861572265625e-01) (7, -6.56561851501464843750e-01) (8, -5.71673691272735595703e-01) (9, 2.47974014282226562500e+00) (0, -2.91356921195983886719e-01) (1, -4.51654285192489624023e-01) (2, -6.94489002227783203125e-01) (3, -7.94633090496063232422e-01) (4, -5.06650149822235107422e-01) (5, -6.52152597904205322266e-01) (6, -7.64956593513488769531e-01) (7, -6.97391808032989501953e-01) (8, -5.97311198711395263672e-01) (9, 1.35805284976959228516e+00) (0, -6.04012548923492431641e-01) (1, -7.00203597545623779297e-01) (2, -6.46077454090118408203e-01) (3, -6.80593132972717285156e-01) (4, -7.09940254688262939453e-01) (5, -7.06158995628356933594e-01) (6, -6.89347758889198303223e-02) (7, -3.80748778581619262695e-01) (8, -3.49572420120239257812e-01) (9, 2.25536537170410156250e+00) (0, -6.75767242908477783203e-01) (1, -5.63646256923675537109e-01) (2, -4.53763753175735473633e-01) (3, -3.73648166656494140625e-01) (4, -5.15798151493072509766e-01) (5, -5.31687557697296142578e-01) (6, -7.17845261096954345703e-01) (7, -5.87186276912689208984e-01) (8, -6.98987305164337158203e-01) (9, 2.04695177078247070312e+00) (10, -9.21384155750274658203e-01) (11, -9.53242599964141845703e-01) (12, -9.12033021450042724609e-01) (13, -9.62572455406188964844e-01) (14, 1.44321525096893310547e+00) 
