FANN_FLO_2.1
num_layers=4
learning_rate=0.450000
connection_rate=1.000000
network_type=0
learning_momentum=0.000000
training_algorithm=2
train_error_function=1
train_stop_function=0
cascade_output_change_fraction=0.010000
quickprop_decay=-0.000100
quickprop_mu=1.750000
rprop_increase_factor=1.200000
rprop_decrease_factor=0.500000
rprop_delta_min=0.000000
rprop_delta_max=50.000000
rprop_delta_zero=0.100000
cascade_output_stagnation_epochs=12
cascade_candidate_change_fraction=0.010000
cascade_candidate_stagnation_epochs=12
cascade_max_out_epochs=150
cascade_min_out_epochs=50
cascade_max_cand_epochs=150
cascade_min_cand_epochs=50
cascade_num_candidate_groups=2
bit_fail_limit=3.49999994039535522461e-01
cascade_candidate_limit=1.00000000000000000000e+03
cascade_weight_multiplier=4.00000005960464477539e-01
cascade_activation_functions_count=10
cascade_activation_functions=3 5 7 8 10 11 14 15 16 17 
cascade_activation_steepnesses_count=4
cascade_activation_steepnesses=2.50000000000000000000e-01 5.00000000000000000000e-01 7.50000000000000000000e-01 1.00000000000000000000e+00 
layer_sizes=7 5 3 2 
scale_included=0
neurons (num_inputs, activation_function, activation_steepness)=(0, 0, 0.00000000000000000000e+00) (0, 0, 0.00000000000000000000e+00) (0, 0, 0.00000000000000000000e+00) (0, 0, 0.00000000000000000000e+00) (0, 0, 0.00000000000000000000e+00) (0, 0, 0.00000000000000000000e+00) (0, 0, 0.00000000000000000000e+00) (7, 3, 5.00000000000000000000e-01) (7, 3, 5.00000000000000000000e-01) (7, 3, 5.00000000000000000000e-01) (7, 3, 5.00000000000000000000e-01) (0, 3, 0.00000000000000000000e+00) (5, 3, 5.00000000000000000000e-01) (5, 3, 5.00000000000000000000e-01) (0, 3, 0.00000000000000000000e+00) (3, 0, 5.00000000000000000000e-01) (0, 0, 0.00000000000000000000e+00) 
connections (connected_to_neuron, weight)=(0, -4.53820377588272094727e-02) (1, 2.89750576019287109375e-01) (2, -6.52027875185012817383e-02) (3, 1.80691424757242202759e-02) (4, 3.97645115852355957031e-01) (5, -2.84528970718383789062e-01) (6, -4.98498201370239257812e+00) (0, 1.22250672429800033569e-02) (1, 4.39412564039230346680e-01) (2, -4.02948915958404541016e-01) (3, 1.59729048609733581543e-01) (4, 2.26314410567283630371e-01) (5, -3.14953505992889404297e-01) (6, 6.87558531761169433594e-01) (0, 2.33824819326400756836e-01) (1, 3.51459830999374389648e-01) (2, -1.10266327857971191406e+00) (3, 3.36277037858963012695e-01) (4, 3.75384509563446044922e-01) (5, -3.90883773565292358398e-01) (6, 4.59255427122116088867e-01) (0, 5.43579518795013427734e-01) (1, 3.51176947355270385742e-01) (2, -5.83307445049285888672e-01) (3, 2.14995577931404113770e-01) (4, -2.38401010632514953613e-01) (5, -5.97686469554901123047e-01) (6, 4.91160124540328979492e-01) (7, -5.74150753021240234375e+00) (8, -1.90807235240936279297e+00) (9, -4.68298530578613281250e+00) (10, -4.21385908126831054688e+00) (11, 2.35679411888122558594e+00) (7, 9.79642495512962341309e-02) (8, 1.74760437011718750000e+00) (9, -2.82959699630737304688e+00) (10, -2.24811720848083496094e+00) (11, 2.57266926765441894531e+00) (12, 6.13798713684082031250e+00) (13, -9.46554839611053466797e-02) (14, 4.75146733224391937256e-02) 
