FANN_FLO_2.1
num_layers=3
learning_rate=0.500000
connection_rate=1.000000
network_type=0
learning_momentum=0.000000
training_algorithm=2
train_error_function=1
train_stop_function=0
cascade_output_change_fraction=0.010000
quickprop_decay=-0.000100
quickprop_mu=1.750000
rprop_increase_factor=1.200000
rprop_decrease_factor=0.500000
rprop_delta_min=0.000000
rprop_delta_max=50.000000
rprop_delta_zero=0.100000
cascade_output_stagnation_epochs=12
cascade_candidate_change_fraction=0.010000
cascade_candidate_stagnation_epochs=12
cascade_max_out_epochs=150
cascade_min_out_epochs=50
cascade_max_cand_epochs=150
cascade_min_cand_epochs=50
cascade_num_candidate_groups=2
bit_fail_limit=3.49999994039535522461e-01
cascade_candidate_limit=1.00000000000000000000e+03
cascade_weight_multiplier=4.00000005960464477539e-01
cascade_activation_functions_count=10
cascade_activation_functions=3 5 7 8 10 11 14 15 16 17 
cascade_activation_steepnesses_count=4
cascade_activation_steepnesses=2.50000000000000000000e-01 5.00000000000000000000e-01 7.50000000000000000000e-01 1.00000000000000000000e+00 
layer_sizes=7 9 2 
scale_included=0
neurons (num_inputs, activation_function, activation_steepness)=(0, 0, 0.00000000000000000000e+00) (0, 0, 0.00000000000000000000e+00) (0, 0, 0.00000000000000000000e+00) (0, 0, 0.00000000000000000000e+00) (0, 0, 0.00000000000000000000e+00) (0, 0, 0.00000000000000000000e+00) (0, 0, 0.00000000000000000000e+00) (7, 3, 5.00000000000000000000e-01) (7, 3, 5.00000000000000000000e-01) (7, 3, 5.00000000000000000000e-01) (7, 3, 5.00000000000000000000e-01) (7, 3, 5.00000000000000000000e-01) (7, 3, 5.00000000000000000000e-01) (7, 3, 5.00000000000000000000e-01) (7, 3, 5.00000000000000000000e-01) (0, 3, 0.00000000000000000000e+00) (9, 0, 5.00000000000000000000e-01) (0, 0, 0.00000000000000000000e+00) 
connections (connected_to_neuron, weight)=(0, -1.10073816776275634766e+00) (1, -6.46436333656311035156e-01) (2, 1.65751636028289794922e+00) (3, -7.90602862834930419922e-01) (4, 5.45734345912933349609e-01) (5, 4.33501332998275756836e-01) (6, -7.01497316360473632812e-01) (0, -1.61526834964752197266e+00) (1, -1.05430281162261962891e+00) (2, 2.54573268890380859375e+01) (3, 5.93703613281250000000e+02) (4, 6.42611618041992187500e+01) (5, 1.50000000000000000000e+03) (6, 5.92211771011352539062e+00) (0, -9.12904918193817138672e-01) (1, -5.17847180366516113281e-01) (2, 2.25322648882865905762e-01) (3, -2.01496466994285583496e-01) (4, -7.52806365489959716797e-01) (5, 2.27845931053161621094e+00) (6, -3.47783595323562622070e-01) (0, -7.30270802974700927734e-01) (1, -6.44613265991210937500e-01) (2, 1.71106994152069091797e+00) (3, -9.50334846973419189453e-01) (4, -1.34661388397216796875e+00) (5, 2.30900764465332031250e+00) (6, -8.77427935600280761719e-01) (0, -7.89413511753082275391e-01) (1, -6.73991382122039794922e-01) (2, 2.26357603073120117188e+00) (3, -9.11295652389526367188e-01) (4, 1.79975941777229309082e-01) (5, 4.71183389425277709961e-01) (6, -5.32610082626342773438e+00) (0, -1.12875401973724365234e-01) (1, -5.31659908592700958252e-02) (2, -5.02833068370819091797e-01) (3, 1.68509900569915771484e-01) (4, 1.33375152945518493652e-01) (5, 2.36343815922737121582e-01) (6, 3.09730577468872070312e+00) (0, -8.13623962402343750000e+02) (1, -2.64337234497070312500e+01) (2, -8.49692687988281250000e+02) (3, -1.50000000000000000000e+03) (4, -1.45879992675781250000e+03) (5, -1.50000000000000000000e+03) (6, -4.65565413236618041992e-01) (0, -1.87351420521736145020e-01) (1, -2.20361903309822082520e-01) (2, 3.01228260993957519531e+00) (3, -2.79812365770339965820e-01) (4, -7.27587223052978515625e-01) (5, -8.54841113090515136719e-01) (6, -7.95545041561126708984e-01) (7, -1.04214571416378021240e-01) (8, -2.04607676714658737183e-02) (9, -9.49740502983331680298e-03) (10, 6.81269392371177673340e-02) (11, -7.44948610663414001465e-02) (12, 6.54537156224250793457e-02) (13, 1.50000000000000000000e+03) (14, 7.36647918820381164551e-02) (15, -3.36260534822940826416e-02) 
