FANN_FLO_2.1
num_layers=3
learning_rate=0.500000
connection_rate=1.000000
network_type=0
learning_momentum=0.000000
training_algorithm=2
train_error_function=1
train_stop_function=0
cascade_output_change_fraction=0.010000
quickprop_decay=-0.000100
quickprop_mu=1.750000
rprop_increase_factor=1.200000
rprop_decrease_factor=0.500000
rprop_delta_min=0.000000
rprop_delta_max=50.000000
rprop_delta_zero=0.100000
cascade_output_stagnation_epochs=12
cascade_candidate_change_fraction=0.010000
cascade_candidate_stagnation_epochs=12
cascade_max_out_epochs=150
cascade_min_out_epochs=50
cascade_max_cand_epochs=150
cascade_min_cand_epochs=50
cascade_num_candidate_groups=2
bit_fail_limit=3.49999994039535522461e-01
cascade_candidate_limit=1.00000000000000000000e+03
cascade_weight_multiplier=4.00000005960464477539e-01
cascade_activation_functions_count=10
cascade_activation_functions=3 5 7 8 10 11 14 15 16 17 
cascade_activation_steepnesses_count=4
cascade_activation_steepnesses=2.50000000000000000000e-01 5.00000000000000000000e-01 7.50000000000000000000e-01 1.00000000000000000000e+00 
layer_sizes=10 5 2 
scale_included=0
neurons (num_inputs, activation_function, activation_steepness)=(0, 0, 0.00000000000000000000e+00) (0, 0, 0.00000000000000000000e+00) (0, 0, 0.00000000000000000000e+00) (0, 0, 0.00000000000000000000e+00) (0, 0, 0.00000000000000000000e+00) (0, 0, 0.00000000000000000000e+00) (0, 0, 0.00000000000000000000e+00) (0, 0, 0.00000000000000000000e+00) (0, 0, 0.00000000000000000000e+00) (0, 0, 0.00000000000000000000e+00) (10, 3, 5.00000000000000000000e-01) (10, 3, 5.00000000000000000000e-01) (10, 3, 5.00000000000000000000e-01) (10, 3, 5.00000000000000000000e-01) (0, 3, 0.00000000000000000000e+00) (5, 3, 5.00000000000000000000e-01) (0, 3, 0.00000000000000000000e+00) 
connections (connected_to_neuron, weight)=(0, 6.23221576213836669922e-01) (1, 6.05227410793304443359e-01) (2, 7.69166350364685058594e-01) (3, 2.93222576379776000977e-01) (4, -4.70752686262130737305e-01) (5, 2.37859651446342468262e-01) (6, 7.06532716751098632812e-01) (7, 2.39846751093864440918e-01) (8, -2.18955706804990768433e-02) (9, -8.69739949703216552734e-02) (0, -3.07927697896957397461e-01) (1, -3.03572356700897216797e-01) (2, -3.02730023860931396484e-01) (3, -3.67508947849273681641e-01) (4, -5.99286556243896484375e-01) (5, -2.42037326097488403320e-01) (6, -4.53650891780853271484e-01) (7, -3.99258136749267578125e-01) (8, -3.65673273801803588867e-01) (9, 1.04046773910522460938e+00) (0, -2.68441796302795410156e-01) (1, -2.82129496335983276367e-01) (2, -1.36057451367378234863e-01) (3, -4.90587949752807617188e-01) (4, -5.14137327671051025391e-01) (5, -4.89045381546020507812e-01) (6, -4.74623870104551315308e-03) (7, -4.07866567373275756836e-01) (8, -5.00441074371337890625e-01) (9, 5.67366123199462890625e-01) (0, 5.68632364273071289062e-01) (1, 6.06793582439422607422e-01) (2, 7.17220127582550048828e-01) (3, -2.51388818025588989258e-01) (4, -2.85638034343719482422e-01) (5, 4.46697831153869628906e-01) (6, 7.05439805984497070312e-01) (7, 2.54336118698120117188e-01) (8, 2.61560529470443725586e-01) (9, -7.49511197209358215332e-02) (10, 9.57856655120849609375e-01) (11, -2.47605657577514648438e+00) (12, -2.07494401931762695312e+00) (13, 9.09410297870635986328e-01) (14, -6.00997731089591979980e-02) 
