FANN_FLO_2.1
num_layers=4
learning_rate=0.450000
connection_rate=1.000000
network_type=0
learning_momentum=0.000000
training_algorithm=2
train_error_function=1
train_stop_function=0
cascade_output_change_fraction=0.010000
quickprop_decay=-0.000100
quickprop_mu=1.750000
rprop_increase_factor=1.200000
rprop_decrease_factor=0.500000
rprop_delta_min=0.000000
rprop_delta_max=50.000000
rprop_delta_zero=0.100000
cascade_output_stagnation_epochs=12
cascade_candidate_change_fraction=0.010000
cascade_candidate_stagnation_epochs=12
cascade_max_out_epochs=150
cascade_min_out_epochs=50
cascade_max_cand_epochs=150
cascade_min_cand_epochs=50
cascade_num_candidate_groups=2
bit_fail_limit=3.49999994039535522461e-01
cascade_candidate_limit=1.00000000000000000000e+03
cascade_weight_multiplier=4.00000005960464477539e-01
cascade_activation_functions_count=10
cascade_activation_functions=3 5 7 8 10 11 14 15 16 17 
cascade_activation_steepnesses_count=4
cascade_activation_steepnesses=2.50000000000000000000e-01 5.00000000000000000000e-01 7.50000000000000000000e-01 1.00000000000000000000e+00 
layer_sizes=7 5 3 2 
scale_included=0
neurons (num_inputs, activation_function, activation_steepness)=(0, 0, 0.00000000000000000000e+00) (0, 0, 0.00000000000000000000e+00) (0, 0, 0.00000000000000000000e+00) (0, 0, 0.00000000000000000000e+00) (0, 0, 0.00000000000000000000e+00) (0, 0, 0.00000000000000000000e+00) (0, 0, 0.00000000000000000000e+00) (7, 3, 5.00000000000000000000e-01) (7, 3, 5.00000000000000000000e-01) (7, 3, 5.00000000000000000000e-01) (7, 3, 5.00000000000000000000e-01) (0, 3, 0.00000000000000000000e+00) (5, 3, 5.00000000000000000000e-01) (5, 3, 5.00000000000000000000e-01) (0, 3, 0.00000000000000000000e+00) (3, 0, 5.00000000000000000000e-01) (0, 0, 0.00000000000000000000e+00) 
connections (connected_to_neuron, weight)=(0, 2.30872631072998046875e-01) (1, 2.71966367959976196289e-01) (2, -2.57926392555236816406e+00) (3, 2.97315388917922973633e-01) (4, 6.70472443103790283203e-01) (5, 1.43287634849548339844e+00) (6, 6.83399289846420288086e-02) (0, 2.86576543003320693970e-02) (1, -7.14078545570373535156e-01) (2, -2.84538775682449340820e-01) (3, -1.79466590285301208496e-01) (4, 5.17374277114868164062e-01) (5, 4.04265016317367553711e-01) (6, 6.21083498001098632812e-01) (0, -6.02452233433723449707e-02) (1, -1.94201454520225524902e-01) (2, 2.25906029343605041504e-01) (3, -7.98553451895713806152e-02) (4, -2.98403978347778320312e-01) (5, 4.22069281339645385742e-01) (6, -1.56822800636291503906e+00) (0, 7.78615921735763549805e-02) (1, -2.67924875020980834961e-01) (2, -8.24988782405853271484e-01) (3, 1.71963229775428771973e-01) (4, 5.11610388755798339844e-01) (5, 2.18973457813262939453e-01) (6, 6.46506726741790771484e-01) (7, 4.99231338500976562500e-01) (8, -1.56071078777313232422e+00) (9, -6.40455603599548339844e-01) (10, 1.54015183448791503906e+00) (11, 3.51835203170776367188e+00) (7, -3.42681288719177246094e+00) (8, 1.81009235382080078125e+01) (9, -3.71342048645019531250e+01) (10, -2.87970614433288574219e+00) (11, 1.54719572067260742188e+01) (12, 5.55037617683410644531e-01) (13, -8.57903778553009033203e-01) (14, 3.19617658853530883789e-01) 
