FANN_FLO_2.1
num_layers=3
learning_rate=0.500000
connection_rate=1.000000
network_type=0
learning_momentum=0.000000
training_algorithm=2
train_error_function=1
train_stop_function=0
cascade_output_change_fraction=0.010000
quickprop_decay=-0.000100
quickprop_mu=1.750000
rprop_increase_factor=1.200000
rprop_decrease_factor=0.500000
rprop_delta_min=0.000000
rprop_delta_max=50.000000
rprop_delta_zero=0.100000
cascade_output_stagnation_epochs=12
cascade_candidate_change_fraction=0.010000
cascade_candidate_stagnation_epochs=12
cascade_max_out_epochs=150
cascade_min_out_epochs=50
cascade_max_cand_epochs=150
cascade_min_cand_epochs=50
cascade_num_candidate_groups=2
bit_fail_limit=3.49999994039535522461e-01
cascade_candidate_limit=1.00000000000000000000e+03
cascade_weight_multiplier=4.00000005960464477539e-01
cascade_activation_functions_count=10
cascade_activation_functions=3 5 7 8 10 11 14 15 16 17 
cascade_activation_steepnesses_count=4
cascade_activation_steepnesses=2.50000000000000000000e-01 5.00000000000000000000e-01 7.50000000000000000000e-01 1.00000000000000000000e+00 
layer_sizes=3 9 4 
scale_included=0
neurons (num_inputs, activation_function, activation_steepness)=(0, 0, 0.00000000000000000000e+00) (0, 0, 0.00000000000000000000e+00) (0, 0, 0.00000000000000000000e+00) (3, 3, 5.00000000000000000000e-01) (3, 3, 5.00000000000000000000e-01) (3, 3, 5.00000000000000000000e-01) (3, 3, 5.00000000000000000000e-01) (3, 3, 5.00000000000000000000e-01) (3, 3, 5.00000000000000000000e-01) (3, 3, 5.00000000000000000000e-01) (3, 3, 5.00000000000000000000e-01) (0, 3, 0.00000000000000000000e+00) (9, 0, 5.00000000000000000000e-01) (9, 0, 5.00000000000000000000e-01) (9, 0, 5.00000000000000000000e-01) (0, 0, 0.00000000000000000000e+00) 
connections (connected_to_neuron, weight)=(0, -6.81638813018798828125e+00) (1, 4.06084394454956054688e+00) (2, 4.95407247543334960938e+00) (0, -2.81708550453186035156e+00) (1, -2.92425107955932617188e+00) (2, 3.63833904266357421875e-01) (0, -7.13090801239013671875e+00) (1, 2.74654865264892578125e+00) (2, 3.24472856521606445312e+00) (0, -5.26733255386352539062e+00) (1, 4.97004508972167968750e+00) (2, 7.36781692504882812500e+00) (0, -5.09518909454345703125e+00) (1, 5.78897380828857421875e+00) (2, 3.82505440711975097656e+00) (0, -5.05463981628417968750e+00) (1, 6.11239671707153320312e-01) (2, 7.29197382926940917969e-01) (0, -1.47234261035919189453e+00) (1, -4.56286811828613281250e+00) (2, -1.78214479237794876099e-02) (0, -4.54591035842895507812e+00) (1, -1.79952299594879150391e+00) (2, 8.37204039096832275391e-01) (3, 9.62950885295867919922e-01) (4, 2.34900331497192382812e+00) (5, 1.00754606723785400391e+00) (6, 6.38497531414031982422e-01) (7, 8.91806244850158691406e-01) (8, 1.95529770851135253906e+00) (9, 1.19464540481567382812e+00) (10, 1.67324638366699218750e+00) (11, 5.82185089588165283203e-01) (3, 3.33086419105529785156e+00) (4, 5.73273181915283203125e+00) (5, 3.19164657592773437500e+00) (6, 2.78216981887817382812e+00) (7, 3.07146072387695312500e+00) (8, 5.51605415344238281250e+00) (9, 5.60945701599121093750e+00) (10, 4.53063154220581054688e+00) (11, 2.42785453796386718750e+00) (3, 9.81124019622802734375e+00) (4, 1.68990974426269531250e+01) (5, 1.00548896789550781250e+01) (6, 1.00353965759277343750e+01) (7, 9.76513099670410156250e+00) (8, 1.71552276611328125000e+01) (9, 1.98453636169433593750e+01) (10, 1.53572711944580078125e+01) (11, 1.29832487106323242188e+01) 
