FANN_FLO_2.1
num_layers=4
learning_rate=0.300000
connection_rate=1.000000
network_type=0
learning_momentum=0.000000
training_algorithm=2
train_error_function=1
train_stop_function=0
cascade_output_change_fraction=0.010000
quickprop_decay=-0.000100
quickprop_mu=1.750000
rprop_increase_factor=1.200000
rprop_decrease_factor=0.500000
rprop_delta_min=0.000000
rprop_delta_max=50.000000
rprop_delta_zero=0.100000
cascade_output_stagnation_epochs=12
cascade_candidate_change_fraction=0.010000
cascade_candidate_stagnation_epochs=12
cascade_max_out_epochs=150
cascade_min_out_epochs=50
cascade_max_cand_epochs=150
cascade_min_cand_epochs=50
cascade_num_candidate_groups=2
bit_fail_limit=3.49999994039535522461e-01
cascade_candidate_limit=1.00000000000000000000e+03
cascade_weight_multiplier=4.00000005960464477539e-01
cascade_activation_functions_count=10
cascade_activation_functions=3 5 7 8 10 11 14 15 16 17 
cascade_activation_steepnesses_count=4
cascade_activation_steepnesses=2.50000000000000000000e-01 5.00000000000000000000e-01 7.50000000000000000000e-01 1.00000000000000000000e+00 
layer_sizes=2 5 5 3 
scale_included=0
neurons (num_inputs, activation_function, activation_steepness)=(0, 0, 0.00000000000000000000e+00) (0, 0, 0.00000000000000000000e+00) (2, 3, 5.00000000000000000000e-01) (2, 3, 5.00000000000000000000e-01) (2, 3, 5.00000000000000000000e-01) (2, 3, 5.00000000000000000000e-01) (0, 3, 0.00000000000000000000e+00) (5, 3, 5.00000000000000000000e-01) (5, 3, 5.00000000000000000000e-01) (5, 3, 5.00000000000000000000e-01) (5, 3, 5.00000000000000000000e-01) (0, 3, 0.00000000000000000000e+00) (5, 0, 5.00000000000000000000e-01) (5, 0, 5.00000000000000000000e-01) (0, 0, 0.00000000000000000000e+00) 
connections (connected_to_neuron, weight)=(0, 2.38155593872070312500e+01) (1, -9.28480684757232666016e-01) (0, 2.02482910156250000000e+01) (1, -4.09610271453857421875e+00) (0, 1.45327816009521484375e+01) (1, -1.70247287750244140625e+01) (0, -4.95389127731323242188e+00) (1, -3.28531432151794433594e+00) (2, -1.08992862701416015625e+01) (3, -2.91224074363708496094e+00) (4, 1.29349987792968750000e+03) (5, 1.84211716055870056152e-01) (6, 3.94898533821105957031e-01) (2, -9.49939155578613281250e+00) (3, -1.97583580017089843750e+00) (4, 8.16986206054687500000e+02) (5, -7.70274043083190917969e-01) (6, 2.29338467121124267578e-01) (2, 2.55694866180419921875e+01) (3, 9.92988342285156250000e+02) (4, 1.50000000000000000000e+03) (5, 3.12625318765640258789e-01) (6, -6.46516919136047363281e-01) (2, -9.11585426330566406250e+00) (3, -2.12171173095703125000e+00) (4, 5.73934631347656250000e+02) (5, -7.99595713615417480469e-01) (6, 1.42069876194000244141e-01) (7, -1.14322409033775329590e-01) (8, 3.27446162700653076172e-01) (9, -9.73769128322601318359e-02) (10, 3.01523983478546142578e-01) (11, -9.24151390790939331055e-02) (7, -6.07254207134246826172e-01) (8, -1.44193565845489501953e+00) (9, -6.36660218238830566406e-01) (10, -1.40765178203582763672e+00) (11, -4.52258318662643432617e-01) 
