FANN_FLO_2.1
num_layers=3
learning_rate=0.500000
connection_rate=1.000000
network_type=0
learning_momentum=0.000000
training_algorithm=2
train_error_function=1
train_stop_function=0
cascade_output_change_fraction=0.010000
quickprop_decay=-0.000100
quickprop_mu=1.750000
rprop_increase_factor=1.200000
rprop_decrease_factor=0.500000
rprop_delta_min=0.000000
rprop_delta_max=50.000000
rprop_delta_zero=0.100000
cascade_output_stagnation_epochs=12
cascade_candidate_change_fraction=0.010000
cascade_candidate_stagnation_epochs=12
cascade_max_out_epochs=150
cascade_min_out_epochs=50
cascade_max_cand_epochs=150
cascade_min_cand_epochs=50
cascade_num_candidate_groups=2
bit_fail_limit=3.49999994039535522461e-01
cascade_candidate_limit=1.00000000000000000000e+03
cascade_weight_multiplier=4.00000005960464477539e-01
cascade_activation_functions_count=10
cascade_activation_functions=3 5 7 8 10 11 14 15 16 17 
cascade_activation_steepnesses_count=4
cascade_activation_steepnesses=2.50000000000000000000e-01 5.00000000000000000000e-01 7.50000000000000000000e-01 1.00000000000000000000e+00 
layer_sizes=10 5 2 
scale_included=0
neurons (num_inputs, activation_function, activation_steepness)=(0, 0, 0.00000000000000000000e+00) (0, 0, 0.00000000000000000000e+00) (0, 0, 0.00000000000000000000e+00) (0, 0, 0.00000000000000000000e+00) (0, 0, 0.00000000000000000000e+00) (0, 0, 0.00000000000000000000e+00) (0, 0, 0.00000000000000000000e+00) (0, 0, 0.00000000000000000000e+00) (0, 0, 0.00000000000000000000e+00) (0, 0, 0.00000000000000000000e+00) (10, 3, 5.00000000000000000000e-01) (10, 3, 5.00000000000000000000e-01) (10, 3, 5.00000000000000000000e-01) (10, 3, 5.00000000000000000000e-01) (0, 3, 0.00000000000000000000e+00) (5, 3, 5.00000000000000000000e-01) (0, 3, 0.00000000000000000000e+00) 
connections (connected_to_neuron, weight)=(0, -7.59859383106231689453e-01) (1, -5.37443518638610839844e-01) (2, 9.76945385336875915527e-02) (3, -2.32255548238754272461e-01) (4, 3.62665206193923950195e-01) (5, -1.72532868385314941406e+00) (6, -3.34554553031921386719e-01) (7, -5.52136898040771484375e-01) (8, -7.66434133052825927734e-01) (9, 5.87449967861175537109e-01) (0, 5.20008087158203125000e-01) (1, 4.18742924928665161133e-01) (2, 1.08417284488677978516e+00) (3, 3.76175045967102050781e-01) (4, -6.48717939853668212891e-01) (5, 5.32956421375274658203e-01) (6, 1.10731351375579833984e+00) (7, 3.97189885377883911133e-01) (8, 4.34175610542297363281e-01) (9, -1.08403015136718750000e+00) (0, -3.95377665758132934570e-01) (1, -6.23038053512573242188e-01) (2, -4.53044652938842773438e-01) (3, -8.03212821483612060547e-01) (4, -1.35498690605163574219e+00) (5, -2.77784854173660278320e-01) (6, -1.79043561220169067383e-01) (7, -6.50786399841308593750e-01) (8, -4.19168204069137573242e-01) (9, 2.55058622360229492188e+00) (0, 5.44927024841308593750e+01) (1, -1.32959423065185546875e+01) (2, -3.11165866851806640625e+01) (3, -1.85888633728027343750e+01) (4, 5.37113475799560546875e+00) (5, -4.74667167663574218750e+01) (6, 4.76506347656250000000e+01) (7, -1.79585990905761718750e+01) (8, 6.40036163330078125000e+01) (9, -8.72022247314453125000e+00) (10, -9.83543038368225097656e-01) (11, 1.30208671092987060547e+00) (12, -1.98825192451477050781e+00) (13, 2.53829024732112884521e-02) (14, 1.74011796712875366211e-01) 
