FANN_FLO_2.1
num_layers=4
learning_rate=0.300000
connection_rate=1.000000
network_type=0
learning_momentum=0.000000
training_algorithm=2
train_error_function=1
train_stop_function=0
cascade_output_change_fraction=0.010000
quickprop_decay=-0.000100
quickprop_mu=1.750000
rprop_increase_factor=1.200000
rprop_decrease_factor=0.500000
rprop_delta_min=0.000000
rprop_delta_max=50.000000
rprop_delta_zero=0.100000
cascade_output_stagnation_epochs=12
cascade_candidate_change_fraction=0.010000
cascade_candidate_stagnation_epochs=12
cascade_max_out_epochs=150
cascade_min_out_epochs=50
cascade_max_cand_epochs=150
cascade_min_cand_epochs=50
cascade_num_candidate_groups=2
bit_fail_limit=3.49999994039535522461e-01
cascade_candidate_limit=1.00000000000000000000e+03
cascade_weight_multiplier=4.00000005960464477539e-01
cascade_activation_functions_count=10
cascade_activation_functions=3 5 7 8 10 11 14 15 16 17 
cascade_activation_steepnesses_count=4
cascade_activation_steepnesses=2.50000000000000000000e-01 5.00000000000000000000e-01 7.50000000000000000000e-01 1.00000000000000000000e+00 
layer_sizes=2 5 5 3 
scale_included=0
neurons (num_inputs, activation_function, activation_steepness)=(0, 0, 0.00000000000000000000e+00) (0, 0, 0.00000000000000000000e+00) (2, 3, 5.00000000000000000000e-01) (2, 3, 5.00000000000000000000e-01) (2, 3, 5.00000000000000000000e-01) (2, 3, 5.00000000000000000000e-01) (0, 3, 0.00000000000000000000e+00) (5, 3, 5.00000000000000000000e-01) (5, 3, 5.00000000000000000000e-01) (5, 3, 5.00000000000000000000e-01) (5, 3, 5.00000000000000000000e-01) (0, 3, 0.00000000000000000000e+00) (5, 0, 5.00000000000000000000e-01) (5, 0, 5.00000000000000000000e-01) (0, 0, 0.00000000000000000000e+00) 
connections (connected_to_neuron, weight)=(0, -4.39417028427124023438e+00) (1, -8.29305827617645263672e-01) (0, 2.87911915779113769531e+00) (1, -7.90442228317260742188e-02) (0, 2.10976910591125488281e+00) (1, 4.59125995635986328125e+00) (0, -3.89153289794921875000e+00) (1, -9.61393304169178009033e-03) (2, 7.72166490554809570312e-01) (3, -2.30573609471321105957e-01) (4, -1.46254181861877441406e+00) (5, 2.47258350253105163574e-01) (6, -2.08341348916292190552e-02) (2, 7.64796257019042968750e-01) (3, 8.38116741180419921875e+00) (4, -5.52184486389160156250e+00) (5, 4.03869777917861938477e-01) (6, 1.33443340659141540527e-01) (2, 1.40278065204620361328e+00) (3, 1.26503944396972656250e+00) (4, -6.29411816596984863281e-01) (5, 3.82477819919586181641e-01) (6, 2.67116189002990722656e-01) (2, 7.65887320041656494141e-01) (3, -2.59114116430282592773e-01) (4, -1.44201183319091796875e+00) (5, 2.64572650194168090820e-01) (6, -5.88014023378491401672e-03) (7, 2.46097669005393981934e-01) (8, -1.17386989295482635498e-01) (9, 6.70240670442581176758e-02) (10, 2.39802271127700805664e-01) (11, -2.58754551410675048828e-01) (7, -1.07854008674621582031e+00) (8, -3.33601951599121093750e-01) (9, -7.89539039134979248047e-01) (10, -1.02979660034179687500e+00) (11, -1.89509019255638122559e-01) 
