FANN_FLO_2.1
num_layers=3
learning_rate=0.400000
connection_rate=1.000000
network_type=0
learning_momentum=0.000000
training_algorithm=2
train_error_function=1
train_stop_function=0
cascade_output_change_fraction=0.010000
quickprop_decay=-0.000100
quickprop_mu=1.750000
rprop_increase_factor=1.200000
rprop_decrease_factor=0.500000
rprop_delta_min=0.000000
rprop_delta_max=50.000000
rprop_delta_zero=0.100000
cascade_output_stagnation_epochs=12
cascade_candidate_change_fraction=0.010000
cascade_candidate_stagnation_epochs=12
cascade_max_out_epochs=150
cascade_min_out_epochs=50
cascade_max_cand_epochs=150
cascade_min_cand_epochs=50
cascade_num_candidate_groups=2
bit_fail_limit=3.49999994039535522461e-01
cascade_candidate_limit=1.00000000000000000000e+03
cascade_weight_multiplier=4.00000005960464477539e-01
cascade_activation_functions_count=10
cascade_activation_functions=3 5 7 8 10 11 14 15 16 17 
cascade_activation_steepnesses_count=4
cascade_activation_steepnesses=2.50000000000000000000e-01 5.00000000000000000000e-01 7.50000000000000000000e-01 1.00000000000000000000e+00 
layer_sizes=6 5 2 
scale_included=0
neurons (num_inputs, activation_function, activation_steepness)=(0, 0, 0.00000000000000000000e+00) (0, 0, 0.00000000000000000000e+00) (0, 0, 0.00000000000000000000e+00) (0, 0, 0.00000000000000000000e+00) (0, 0, 0.00000000000000000000e+00) (0, 0, 0.00000000000000000000e+00) (6, 3, 5.00000000000000000000e-01) (6, 3, 5.00000000000000000000e-01) (6, 3, 5.00000000000000000000e-01) (6, 3, 5.00000000000000000000e-01) (0, 3, 0.00000000000000000000e+00) (5, 0, 5.00000000000000000000e-01) (0, 0, 0.00000000000000000000e+00) 
connections (connected_to_neuron, weight)=(0, -1.50000000000000000000e+03) (1, -1.50000000000000000000e+03) (2, -4.65203714370727539062e+00) (3, -7.03802645206451416016e-01) (4, -2.41187977790832519531e+00) (5, 4.86483812332153320312e-01) (0, -1.50000000000000000000e+03) (1, -1.50000000000000000000e+03) (2, -2.38578248023986816406e+00) (3, -7.44475126266479492188e-01) (4, -4.32825946807861328125e+00) (5, 3.43184530735015869141e-01) (0, -1.50000000000000000000e+03) (1, -1.50000000000000000000e+03) (2, -4.89624309539794921875e+00) (3, -7.27495551109313964844e-01) (4, -1.84913933277130126953e+00) (5, 4.15351390838623046875e-01) (0, -1.50000000000000000000e+03) (1, -1.50000000000000000000e+03) (2, -6.92660808563232421875e+00) (3, -7.26275444030761718750e-01) (4, 4.39052045345306396484e-01) (5, -1.18823312222957611084e-01) (6, 1.15240402221679687500e+02) (7, 4.94895439147949218750e+01) (8, 1.13017341613769531250e+02) (9, 4.91523780822753906250e+01) (10, 9.50712859630584716797e-01) 
