FANN_FLO_2.1
num_layers=3
learning_rate=0.500000
connection_rate=1.000000
network_type=0
learning_momentum=0.000000
training_algorithm=2
train_error_function=1
train_stop_function=0
cascade_output_change_fraction=0.010000
quickprop_decay=-0.000100
quickprop_mu=1.750000
rprop_increase_factor=1.200000
rprop_decrease_factor=0.500000
rprop_delta_min=0.000000
rprop_delta_max=50.000000
rprop_delta_zero=0.100000
cascade_output_stagnation_epochs=12
cascade_candidate_change_fraction=0.010000
cascade_candidate_stagnation_epochs=12
cascade_max_out_epochs=150
cascade_min_out_epochs=50
cascade_max_cand_epochs=150
cascade_min_cand_epochs=50
cascade_num_candidate_groups=2
bit_fail_limit=3.49999994039535522461e-01
cascade_candidate_limit=1.00000000000000000000e+03
cascade_weight_multiplier=4.00000005960464477539e-01
cascade_activation_functions_count=10
cascade_activation_functions=3 5 7 8 10 11 14 15 16 17 
cascade_activation_steepnesses_count=4
cascade_activation_steepnesses=2.50000000000000000000e-01 5.00000000000000000000e-01 7.50000000000000000000e-01 1.00000000000000000000e+00 
layer_sizes=10 3 2 
scale_included=0
neurons (num_inputs, activation_function, activation_steepness)=(0, 0, 0.00000000000000000000e+00) (0, 0, 0.00000000000000000000e+00) (0, 0, 0.00000000000000000000e+00) (0, 0, 0.00000000000000000000e+00) (0, 0, 0.00000000000000000000e+00) (0, 0, 0.00000000000000000000e+00) (0, 0, 0.00000000000000000000e+00) (0, 0, 0.00000000000000000000e+00) (0, 0, 0.00000000000000000000e+00) (0, 0, 0.00000000000000000000e+00) (10, 3, 5.00000000000000000000e-01) (10, 3, 5.00000000000000000000e-01) (0, 3, 0.00000000000000000000e+00) (3, 3, 5.00000000000000000000e-01) (0, 3, 0.00000000000000000000e+00) 
connections (connected_to_neuron, weight)=(0, -4.27642345428466796875e-01) (1, -2.80758857727050781250e-01) (2, -6.86684548854827880859e-02) (3, -2.86985278129577636719e-01) (4, -7.66355037689208984375e-01) (5, -5.01368880271911621094e-01) (6, -1.95336371660232543945e-01) (7, -2.82266318798065185547e-01) (8, -3.03397446870803833008e-01) (9, 6.14946067333221435547e-01) (0, -2.78236627578735351562e-01) (1, -4.30749982595443725586e-01) (2, -6.16639673709869384766e-01) (3, -3.97139191627502441406e-01) (4, 6.61907112225890159607e-03) (5, -2.24510326981544494629e-01) (6, -4.95721161365509033203e-01) (7, -4.18309003114700317383e-01) (8, -4.02638912200927734375e-01) (9, 6.68683648109436035156e-01) (10, -2.90028953552246093750e+00) (11, -3.32002854347229003906e+00) (12, 1.74784338474273681641e+00) 
