FANN_FLO_2.1
num_layers=3
learning_rate=0.500000
connection_rate=1.000000
network_type=0
learning_momentum=0.000000
training_algorithm=2
train_error_function=1
train_stop_function=0
cascade_output_change_fraction=0.010000
quickprop_decay=-0.000100
quickprop_mu=1.750000
rprop_increase_factor=1.200000
rprop_decrease_factor=0.500000
rprop_delta_min=0.000000
rprop_delta_max=50.000000
rprop_delta_zero=0.100000
cascade_output_stagnation_epochs=12
cascade_candidate_change_fraction=0.010000
cascade_candidate_stagnation_epochs=12
cascade_max_out_epochs=150
cascade_min_out_epochs=50
cascade_max_cand_epochs=150
cascade_min_cand_epochs=50
cascade_num_candidate_groups=2
bit_fail_limit=3.49999994039535522461e-01
cascade_candidate_limit=1.00000000000000000000e+03
cascade_weight_multiplier=4.00000005960464477539e-01
cascade_activation_functions_count=10
cascade_activation_functions=3 5 7 8 10 11 14 15 16 17 
cascade_activation_steepnesses_count=4
cascade_activation_steepnesses=2.50000000000000000000e-01 5.00000000000000000000e-01 7.50000000000000000000e-01 1.00000000000000000000e+00 
layer_sizes=3 5 4 
scale_included=0
neurons (num_inputs, activation_function, activation_steepness)=(0, 0, 0.00000000000000000000e+00) (0, 0, 0.00000000000000000000e+00) (0, 0, 0.00000000000000000000e+00) (3, 3, 5.00000000000000000000e-01) (3, 3, 5.00000000000000000000e-01) (3, 3, 5.00000000000000000000e-01) (3, 3, 5.00000000000000000000e-01) (0, 3, 0.00000000000000000000e+00) (5, 0, 5.00000000000000000000e-01) (5, 0, 5.00000000000000000000e-01) (5, 0, 5.00000000000000000000e-01) (0, 0, 0.00000000000000000000e+00) 
connections (connected_to_neuron, weight)=(0, -2.45188546180725097656e+00) (1, 2.78631653636693954468e-02) (2, 3.13352912664413452148e-01) (0, -1.39717636108398437500e+01) (1, 1.29551753997802734375e+01) (2, 1.53595800399780273438e+01) (0, -1.36285715103149414062e+01) (1, 9.39792060852050781250e+00) (2, 4.85956478118896484375e+00) (0, -2.22189068794250488281e+00) (1, -3.39585471153259277344e+00) (2, 1.49736976623535156250e+00) (3, 4.40511512756347656250e+00) (4, 1.07151305675506591797e+00) (5, 1.40317010879516601562e+00) (6, 2.83149814605712890625e+00) (7, 9.04525637626647949219e-01) (3, 1.15760316848754882812e+01) (4, 4.14419937133789062500e+00) (5, 5.23195552825927734375e+00) (6, 8.25008678436279296875e+00) (7, 3.62393426895141601562e+00) (3, 3.67648315429687500000e+01) (4, 1.45648298263549804688e+01) (5, 1.53766803741455078125e+01) (6, 2.65122337341308593750e+01) (7, 1.67085762023925781250e+01) 
