FANN_FLO_2.1
num_layers=3
learning_rate=0.500000
connection_rate=1.000000
network_type=0
learning_momentum=0.000000
training_algorithm=2
train_error_function=1
train_stop_function=0
cascade_output_change_fraction=0.010000
quickprop_decay=-0.000100
quickprop_mu=1.750000
rprop_increase_factor=1.200000
rprop_decrease_factor=0.500000
rprop_delta_min=0.000000
rprop_delta_max=50.000000
rprop_delta_zero=0.100000
cascade_output_stagnation_epochs=12
cascade_candidate_change_fraction=0.010000
cascade_candidate_stagnation_epochs=12
cascade_max_out_epochs=150
cascade_min_out_epochs=50
cascade_max_cand_epochs=150
cascade_min_cand_epochs=50
cascade_num_candidate_groups=2
bit_fail_limit=3.49999994039535522461e-01
cascade_candidate_limit=1.00000000000000000000e+03
cascade_weight_multiplier=4.00000005960464477539e-01
cascade_activation_functions_count=10
cascade_activation_functions=3 5 7 8 10 11 14 15 16 17 
cascade_activation_steepnesses_count=4
cascade_activation_steepnesses=2.50000000000000000000e-01 5.00000000000000000000e-01 7.50000000000000000000e-01 1.00000000000000000000e+00 
layer_sizes=7 5 2 
scale_included=0
neurons (num_inputs, activation_function, activation_steepness)=(0, 0, 0.00000000000000000000e+00) (0, 0, 0.00000000000000000000e+00) (0, 0, 0.00000000000000000000e+00) (0, 0, 0.00000000000000000000e+00) (0, 0, 0.00000000000000000000e+00) (0, 0, 0.00000000000000000000e+00) (0, 0, 0.00000000000000000000e+00) (7, 3, 5.00000000000000000000e-01) (7, 3, 5.00000000000000000000e-01) (7, 3, 5.00000000000000000000e-01) (7, 3, 5.00000000000000000000e-01) (0, 3, 0.00000000000000000000e+00) (5, 0, 5.00000000000000000000e-01) (0, 0, 0.00000000000000000000e+00) 
connections (connected_to_neuron, weight)=(0, -1.31361462402343750000e+03) (1, 1.50000000000000000000e+03) (2, -1.31361462402343750000e+03) (3, -1.31361462402343750000e+03) (4, 1.43997631835937500000e+03) (5, -1.31361462402343750000e+03) (6, -3.69970768690109252930e-01) (0, 3.30121707916259765625e+00) (1, -1.87200210571289062500e+02) (2, 3.20761375427246093750e+01) (3, 5.36383972167968750000e+01) (4, -5.15794128417968750000e+02) (5, 1.09263229370117187500e+02) (6, -5.43345510959625244141e-01) (0, -4.33264762163162231445e-01) (1, 9.27843034267425537109e-01) (2, -1.38572537899017333984e+00) (3, -4.05390620231628417969e-01) (4, 2.39449825286865234375e+01) (5, -1.03620681762695312500e+01) (6, -5.55346846580505371094e-01) (0, -9.32296997070312500000e+02) (1, 1.50000000000000000000e+03) (2, -1.31361462402343750000e+03) (3, -1.31361462402343750000e+03) (4, 1.21707019042968750000e+03) (5, -1.31361462402343750000e+03) (6, -6.64104521274566650391e-01) (7, -1.66356947738677263260e-03) (8, -7.82849426269531250000e+01) (9, -5.29140271246433258057e-02) (10, -7.34427804127335548401e-03) (11, 7.33290165662765502930e-02) 
