FANN_FLO_2.1
num_layers=3
learning_rate=0.500000
connection_rate=1.000000
network_type=0
learning_momentum=0.000000
training_algorithm=2
train_error_function=1
train_stop_function=0
cascade_output_change_fraction=0.010000
quickprop_decay=-0.000100
quickprop_mu=1.750000
rprop_increase_factor=1.200000
rprop_decrease_factor=0.500000
rprop_delta_min=0.000000
rprop_delta_max=50.000000
rprop_delta_zero=0.100000
cascade_output_stagnation_epochs=12
cascade_candidate_change_fraction=0.010000
cascade_candidate_stagnation_epochs=12
cascade_max_out_epochs=150
cascade_min_out_epochs=50
cascade_max_cand_epochs=150
cascade_min_cand_epochs=50
cascade_num_candidate_groups=2
bit_fail_limit=3.49999994039535522461e-01
cascade_candidate_limit=1.00000000000000000000e+03
cascade_weight_multiplier=4.00000005960464477539e-01
cascade_activation_functions_count=10
cascade_activation_functions=3 5 7 8 10 11 14 15 16 17 
cascade_activation_steepnesses_count=4
cascade_activation_steepnesses=2.50000000000000000000e-01 5.00000000000000000000e-01 7.50000000000000000000e-01 1.00000000000000000000e+00 
layer_sizes=10 5 2 
scale_included=0
neurons (num_inputs, activation_function, activation_steepness)=(0, 0, 0.00000000000000000000e+00) (0, 0, 0.00000000000000000000e+00) (0, 0, 0.00000000000000000000e+00) (0, 0, 0.00000000000000000000e+00) (0, 0, 0.00000000000000000000e+00) (0, 0, 0.00000000000000000000e+00) (0, 0, 0.00000000000000000000e+00) (0, 0, 0.00000000000000000000e+00) (0, 0, 0.00000000000000000000e+00) (0, 0, 0.00000000000000000000e+00) (10, 3, 5.00000000000000000000e-01) (10, 3, 5.00000000000000000000e-01) (10, 3, 5.00000000000000000000e-01) (10, 3, 5.00000000000000000000e-01) (0, 3, 0.00000000000000000000e+00) (5, 3, 5.00000000000000000000e-01) (0, 3, 0.00000000000000000000e+00) 
connections (connected_to_neuron, weight)=(0, -3.94688367843627929688e-01) (1, -2.59279787540435791016e-01) (2, -3.42820376157760620117e-01) (3, -2.48729482293128967285e-01) (4, -2.28024303913116455078e-01) (5, -3.15916538238525390625e-01) (6, -4.61139619350433349609e-01) (7, -2.09429368376731872559e-01) (8, -3.43298733234405517578e-01) (9, -3.65213342010974884033e-02) (0, -6.55247688293457031250e-01) (1, -7.12816774845123291016e-01) (2, -2.01729848980903625488e-01) (3, -3.70697289705276489258e-01) (4, -1.11843776702880859375e+00) (5, -8.11289608478546142578e-01) (6, -5.17392419278621673584e-02) (7, 1.58000957965850830078e+00) (8, -2.12944388389587402344e-01) (9, 2.72130280733108520508e-01) (0, -2.35960986465215682983e-02) (1, 7.31413960456848144531e-01) (2, 4.09527063369750976562e-01) (3, 4.22671437263488769531e-01) (4, -3.27329747378826141357e-02) (5, 7.19187796115875244141e-01) (6, 2.89663583040237426758e-01) (7, 2.12787911295890808105e-01) (8, 4.70821022987365722656e-01) (9, -6.82637989521026611328e-01) (0, -3.44414919614791870117e-01) (1, -1.73397481441497802734e-01) (2, -2.07840025424957275391e-01) (3, -3.29124361276626586914e-01) (4, -5.86581528186798095703e-01) (5, -7.76227414608001708984e-02) (6, -1.22893646359443664551e-01) (7, -5.60859799385070800781e-01) (8, -1.53506964445114135742e-01) (9, 1.12431891262531280518e-01) (10, -4.29113435745239257812e+00) (11, -4.49210666120052337646e-02) (12, 1.30600130558013916016e+00) (13, -2.57091069221496582031e+00) (14, 5.26142954826354980469e-01) 
