FANN_FLO_2.1
num_layers=4
learning_rate=0.300000
connection_rate=1.000000
network_type=0
learning_momentum=0.000000
training_algorithm=2
train_error_function=1
train_stop_function=0
cascade_output_change_fraction=0.010000
quickprop_decay=-0.000100
quickprop_mu=1.750000
rprop_increase_factor=1.200000
rprop_decrease_factor=0.500000
rprop_delta_min=0.000000
rprop_delta_max=50.000000
rprop_delta_zero=0.100000
cascade_output_stagnation_epochs=12
cascade_candidate_change_fraction=0.010000
cascade_candidate_stagnation_epochs=12
cascade_max_out_epochs=150
cascade_min_out_epochs=50
cascade_max_cand_epochs=150
cascade_min_cand_epochs=50
cascade_num_candidate_groups=2
bit_fail_limit=3.49999994039535522461e-01
cascade_candidate_limit=1.00000000000000000000e+03
cascade_weight_multiplier=4.00000005960464477539e-01
cascade_activation_functions_count=10
cascade_activation_functions=3 5 7 8 10 11 14 15 16 17 
cascade_activation_steepnesses_count=4
cascade_activation_steepnesses=2.50000000000000000000e-01 5.00000000000000000000e-01 7.50000000000000000000e-01 1.00000000000000000000e+00 
layer_sizes=2 5 5 3 
scale_included=0
neurons (num_inputs, activation_function, activation_steepness)=(0, 0, 0.00000000000000000000e+00) (0, 0, 0.00000000000000000000e+00) (2, 3, 5.00000000000000000000e-01) (2, 3, 5.00000000000000000000e-01) (2, 3, 5.00000000000000000000e-01) (2, 3, 5.00000000000000000000e-01) (0, 3, 0.00000000000000000000e+00) (5, 3, 5.00000000000000000000e-01) (5, 3, 5.00000000000000000000e-01) (5, 3, 5.00000000000000000000e-01) (5, 3, 5.00000000000000000000e-01) (0, 3, 0.00000000000000000000e+00) (5, 0, 5.00000000000000000000e-01) (5, 0, 5.00000000000000000000e-01) (0, 0, 0.00000000000000000000e+00) 
connections (connected_to_neuron, weight)=(0, 8.11111450195312500000e+00) (1, 5.00149917602539062500e+00) (0, -3.10992317199707031250e+01) (1, -8.11936020851135253906e-01) (0, -1.21424829959869384766e+00) (1, -4.40741539001464843750e+00) (0, -3.97246789932250976562e+00) (1, -1.10205440521240234375e+01) (2, 3.78173828125000000000e-01) (3, 1.76542758941650390625e+00) (4, -6.01430225372314453125e+00) (5, 6.61164379119873046875e+00) (6, -2.23712730407714843750e+00) (2, 2.82469123601913452148e-01) (3, 9.69165229797363281250e+00) (4, -6.35915374755859375000e+00) (5, 1.50000000000000000000e+03) (6, -3.39623904228210449219e+00) (2, 1.04794710874557495117e-01) (3, -1.01365637779235839844e+00) (4, 6.17439597845077514648e-02) (5, 2.76224493980407714844e+00) (6, 7.36771821975708007812e-01) (2, 7.49126017093658447266e-01) (3, 8.70866000652313232422e-01) (4, -8.30257296562194824219e-01) (5, 2.89396500587463378906e+00) (6, -2.42061495780944824219e-01) (7, 8.45091700553894042969e-01) (8, 5.76820857822895050049e-02) (9, -2.15829908847808837891e-01) (10, 3.04029528051614761353e-02) (11, -2.82793462276458740234e-01) (7, -6.60856187343597412109e-01) (8, -4.77980017662048339844e-01) (9, -4.14852917194366455078e-01) (10, -5.68037748336791992188e-01) (11, -4.17047947645187377930e-01) 
