FANN_FLO_2.1
num_layers=3
learning_rate=0.500000
connection_rate=1.000000
network_type=0
learning_momentum=0.000000
training_algorithm=2
train_error_function=1
train_stop_function=0
cascade_output_change_fraction=0.010000
quickprop_decay=-0.000100
quickprop_mu=1.750000
rprop_increase_factor=1.200000
rprop_decrease_factor=0.500000
rprop_delta_min=0.000000
rprop_delta_max=50.000000
rprop_delta_zero=0.100000
cascade_output_stagnation_epochs=12
cascade_candidate_change_fraction=0.010000
cascade_candidate_stagnation_epochs=12
cascade_max_out_epochs=150
cascade_min_out_epochs=50
cascade_max_cand_epochs=150
cascade_min_cand_epochs=50
cascade_num_candidate_groups=2
bit_fail_limit=3.49999994039535522461e-01
cascade_candidate_limit=1.00000000000000000000e+03
cascade_weight_multiplier=4.00000005960464477539e-01
cascade_activation_functions_count=10
cascade_activation_functions=3 5 7 8 10 11 14 15 16 17 
cascade_activation_steepnesses_count=4
cascade_activation_steepnesses=2.50000000000000000000e-01 5.00000000000000000000e-01 7.50000000000000000000e-01 1.00000000000000000000e+00 
layer_sizes=7 5 2 
scale_included=0
neurons (num_inputs, activation_function, activation_steepness)=(0, 0, 0.00000000000000000000e+00) (0, 0, 0.00000000000000000000e+00) (0, 0, 0.00000000000000000000e+00) (0, 0, 0.00000000000000000000e+00) (0, 0, 0.00000000000000000000e+00) (0, 0, 0.00000000000000000000e+00) (0, 0, 0.00000000000000000000e+00) (7, 3, 5.00000000000000000000e-01) (7, 3, 5.00000000000000000000e-01) (7, 3, 5.00000000000000000000e-01) (7, 3, 5.00000000000000000000e-01) (0, 3, 0.00000000000000000000e+00) (5, 0, 5.00000000000000000000e-01) (0, 0, 0.00000000000000000000e+00) 
connections (connected_to_neuron, weight)=(0, -4.67653036117553710938e-01) (1, -1.43744572997093200684e-01) (2, 6.90197885036468505859e-01) (3, -7.91470706462860107422e-01) (4, 3.35704796016216278076e-02) (5, 8.77607285976409912109e-01) (6, -1.82961678504943847656e+00) (0, -1.87753424048423767090e-01) (1, -1.94389641284942626953e-01) (2, -1.93645685911178588867e-01) (3, -8.25196951627731323242e-02) (4, -3.10748759657144546509e-02) (5, 7.03062891960144042969e-01) (6, -4.81562256813049316406e-01) (0, 8.32247793674468994141e-01) (1, -1.63790255784988403320e-01) (2, 9.63196814060211181641e-01) (3, -6.97344541549682617188e-01) (4, 1.13370287418365478516e+00) (5, -1.84944736957550048828e+00) (6, -1.44753313064575195312e+00) (0, -3.93163710832595825195e-01) (1, 1.32578620687127113342e-02) (2, -8.64372491836547851562e-01) (3, -2.11154967546463012695e-01) (4, -4.20963525772094726562e-01) (5, 1.66154217720031738281e+00) (6, 9.71829891204833984375e-01) (7, -1.15657627582550048828e-01) (8, 1.73934221267700195312e-01) (9, -1.33726194500923156738e-01) (10, -3.05377215147018432617e-01) (11, 1.43139794468879699707e-01) 
