FANN_FLO_2.1
num_layers=3
learning_rate=0.500000
connection_rate=1.000000
network_type=0
learning_momentum=0.000000
training_algorithm=2
train_error_function=1
train_stop_function=0
cascade_output_change_fraction=0.010000
quickprop_decay=-0.000100
quickprop_mu=1.750000
rprop_increase_factor=1.200000
rprop_decrease_factor=0.500000
rprop_delta_min=0.000000
rprop_delta_max=50.000000
rprop_delta_zero=0.100000
cascade_output_stagnation_epochs=12
cascade_candidate_change_fraction=0.010000
cascade_candidate_stagnation_epochs=12
cascade_max_out_epochs=150
cascade_min_out_epochs=50
cascade_max_cand_epochs=150
cascade_min_cand_epochs=50
cascade_num_candidate_groups=2
bit_fail_limit=3.49999994039535522461e-01
cascade_candidate_limit=1.00000000000000000000e+03
cascade_weight_multiplier=4.00000005960464477539e-01
cascade_activation_functions_count=10
cascade_activation_functions=3 5 7 8 10 11 14 15 16 17 
cascade_activation_steepnesses_count=4
cascade_activation_steepnesses=2.50000000000000000000e-01 5.00000000000000000000e-01 7.50000000000000000000e-01 1.00000000000000000000e+00 
layer_sizes=3 9 4 
scale_included=0
neurons (num_inputs, activation_function, activation_steepness)=(0, 0, 0.00000000000000000000e+00) (0, 0, 0.00000000000000000000e+00) (0, 0, 0.00000000000000000000e+00) (3, 3, 5.00000000000000000000e-01) (3, 3, 5.00000000000000000000e-01) (3, 3, 5.00000000000000000000e-01) (3, 3, 5.00000000000000000000e-01) (3, 3, 5.00000000000000000000e-01) (3, 3, 5.00000000000000000000e-01) (3, 3, 5.00000000000000000000e-01) (3, 3, 5.00000000000000000000e-01) (0, 3, 0.00000000000000000000e+00) (9, 0, 5.00000000000000000000e-01) (9, 0, 5.00000000000000000000e-01) (9, 0, 5.00000000000000000000e-01) (0, 0, 0.00000000000000000000e+00) 
connections (connected_to_neuron, weight)=(0, -3.94946646690368652344e+00) (1, -3.18141603469848632812e+00) (2, 1.09715187549591064453e+00) (0, -3.86484742164611816406e+00) (1, 1.94192349910736083984e+00) (2, 1.14963307976722717285e-01) (0, -5.04149580001831054688e+00) (1, 5.38812923431396484375e+00) (2, 3.15861344337463378906e+00) (0, -4.16930770874023437500e+00) (1, -7.33740031719207763672e-01) (2, 3.95552682876586914062e+00) (0, -2.40004038810729980469e+00) (1, -4.95988178253173828125e+00) (2, 4.72346276044845581055e-01) (0, -4.93330049514770507812e+00) (1, 6.80216503143310546875e+00) (2, 6.14037942886352539062e+00) (0, -3.40138626098632812500e+00) (1, 2.40812349319458007812e+00) (2, 1.12701499462127685547e+00) (0, -5.55833625793457031250e+00) (1, -1.19287967681884765625e+00) (2, 1.07358098030090332031e+00) (3, 1.75110018253326416016e+00) (4, 2.46956205368041992188e+00) (5, 1.02627933025360107422e+00) (6, -6.32537782192230224609e-01) (7, 2.04388880729675292969e+00) (8, 8.49965274333953857422e-01) (9, 8.79754602909088134766e-01) (10, 2.24151444435119628906e+00) (11, 4.77372318506240844727e-01) (3, 5.08567285537719726562e+00) (4, 3.39623904228210449219e+00) (5, 3.67012095451354980469e+00) (6, 2.65357875823974609375e+00) (7, 5.47784709930419921875e+00) (8, 2.91594338417053222656e+00) (9, 3.75015735626220703125e+00) (10, 4.60940694808959960938e+00) (11, 2.25214219093322753906e+00) (3, 1.62741661071777343750e+01) (4, 9.85628795623779296875e+00) (5, 1.16677589416503906250e+01) (6, 1.19242639541625976562e+01) (7, 1.79017372131347656250e+01) (8, 1.16083621978759765625e+01) (9, 9.47420978546142578125e+00) (10, 1.31256084442138671875e+01) (11, 1.15329971313476562500e+01) 
