FANN_FLO_2.1
num_layers=4
learning_rate=0.450000
connection_rate=1.000000
network_type=0
learning_momentum=0.000000
training_algorithm=2
train_error_function=1
train_stop_function=0
cascade_output_change_fraction=0.010000
quickprop_decay=-0.000100
quickprop_mu=1.750000
rprop_increase_factor=1.200000
rprop_decrease_factor=0.500000
rprop_delta_min=0.000000
rprop_delta_max=50.000000
rprop_delta_zero=0.100000
cascade_output_stagnation_epochs=12
cascade_candidate_change_fraction=0.010000
cascade_candidate_stagnation_epochs=12
cascade_max_out_epochs=150
cascade_min_out_epochs=50
cascade_max_cand_epochs=150
cascade_min_cand_epochs=50
cascade_num_candidate_groups=2
bit_fail_limit=3.49999994039535522461e-01
cascade_candidate_limit=1.00000000000000000000e+03
cascade_weight_multiplier=4.00000005960464477539e-01
cascade_activation_functions_count=10
cascade_activation_functions=3 5 7 8 10 11 14 15 16 17 
cascade_activation_steepnesses_count=4
cascade_activation_steepnesses=2.50000000000000000000e-01 5.00000000000000000000e-01 7.50000000000000000000e-01 1.00000000000000000000e+00 
layer_sizes=7 5 3 2 
scale_included=0
neurons (num_inputs, activation_function, activation_steepness)=(0, 0, 0.00000000000000000000e+00) (0, 0, 0.00000000000000000000e+00) (0, 0, 0.00000000000000000000e+00) (0, 0, 0.00000000000000000000e+00) (0, 0, 0.00000000000000000000e+00) (0, 0, 0.00000000000000000000e+00) (0, 0, 0.00000000000000000000e+00) (7, 3, 5.00000000000000000000e-01) (7, 3, 5.00000000000000000000e-01) (7, 3, 5.00000000000000000000e-01) (7, 3, 5.00000000000000000000e-01) (0, 3, 0.00000000000000000000e+00) (5, 3, 5.00000000000000000000e-01) (5, 3, 5.00000000000000000000e-01) (0, 3, 0.00000000000000000000e+00) (3, 0, 5.00000000000000000000e-01) (0, 0, 0.00000000000000000000e+00) 
connections (connected_to_neuron, weight)=(0, -1.30735769867897033691e-01) (1, -1.39421164989471435547e-01) (2, 2.03612565994262695312e-01) (3, 1.75573918968439102173e-02) (4, -9.52188521623611450195e-02) (5, 3.15955460071563720703e-01) (6, -1.25358188152313232422e+00) (0, 1.50000000000000000000e+03) (1, 1.50000000000000000000e+03) (2, 1.50000000000000000000e+03) (3, 1.50000000000000000000e+03) (4, 1.50000000000000000000e+03) (5, 1.50000000000000000000e+03) (6, 5.21938896179199218750e+00) (0, 7.51763582229614257812e-02) (1, 1.54618844389915466309e-01) (2, -1.07147300243377685547e+00) (3, 1.57747581601142883301e-01) (4, 2.81234711408615112305e-01) (5, 1.94216996431350708008e-01) (6, 4.23646777868270874023e-01) (0, 1.48491799831390380859e-01) (1, 4.40472029149532318115e-02) (2, 4.78906333446502685547e-02) (3, 3.34428548812866210938e-02) (4, -1.41094505786895751953e-01) (5, -2.71163523197174072266e-01) (6, 6.80914580821990966797e-01) (7, -1.18585586547851562500e+01) (8, -6.51722967624664306641e-01) (9, 1.07971324920654296875e+01) (10, 4.21373443603515625000e+01) (11, -6.30214154720306396484e-01) (7, 1.03361291885375976562e+01) (8, 2.76545733213424682617e-01) (9, -8.34900188446044921875e+00) (10, -5.02127914428710937500e+01) (11, 2.45937824249267578125e-01) (12, -6.84441089630126953125e-01) (13, -7.02592432498931884766e-01) (14, 6.94721639156341552734e-01) 
