FANN_FLO_2.1
num_layers=3
learning_rate=0.450000
connection_rate=1.000000
network_type=0
learning_momentum=0.000000
training_algorithm=2
train_error_function=1
train_stop_function=0
cascade_output_change_fraction=0.010000
quickprop_decay=-0.000100
quickprop_mu=1.750000
rprop_increase_factor=1.200000
rprop_decrease_factor=0.500000
rprop_delta_min=0.000000
rprop_delta_max=50.000000
rprop_delta_zero=0.100000
cascade_output_stagnation_epochs=12
cascade_candidate_change_fraction=0.010000
cascade_candidate_stagnation_epochs=12
cascade_max_out_epochs=150
cascade_min_out_epochs=50
cascade_max_cand_epochs=150
cascade_min_cand_epochs=50
cascade_num_candidate_groups=2
bit_fail_limit=3.49999994039535522461e-01
cascade_candidate_limit=1.00000000000000000000e+03
cascade_weight_multiplier=4.00000005960464477539e-01
cascade_activation_functions_count=10
cascade_activation_functions=3 5 7 8 10 11 14 15 16 17 
cascade_activation_steepnesses_count=4
cascade_activation_steepnesses=2.50000000000000000000e-01 5.00000000000000000000e-01 7.50000000000000000000e-01 1.00000000000000000000e+00 
layer_sizes=7 5 2 
scale_included=0
neurons (num_inputs, activation_function, activation_steepness)=(0, 0, 0.00000000000000000000e+00) (0, 0, 0.00000000000000000000e+00) (0, 0, 0.00000000000000000000e+00) (0, 0, 0.00000000000000000000e+00) (0, 0, 0.00000000000000000000e+00) (0, 0, 0.00000000000000000000e+00) (0, 0, 0.00000000000000000000e+00) (7, 3, 5.00000000000000000000e-01) (7, 3, 5.00000000000000000000e-01) (7, 3, 5.00000000000000000000e-01) (7, 3, 5.00000000000000000000e-01) (0, 3, 0.00000000000000000000e+00) (5, 0, 5.00000000000000000000e-01) (0, 0, 0.00000000000000000000e+00) 
connections (connected_to_neuron, weight)=(0, -1.57580928802490234375e+01) (1, -2.24953369140625000000e+02) (2, 7.51346435546875000000e+01) (3, -4.07652473449707031250e+01) (4, 6.49262466430664062500e+01) (5, 2.09183410644531250000e+02) (6, -8.35480153560638427734e-01) (0, 1.00622018799185752869e-02) (1, -9.30809229612350463867e-02) (2, 9.53186228871345520020e-02) (3, 1.23823210597038269043e-01) (4, -2.41600051522254943848e-01) (5, 1.85966074466705322266e-01) (6, -4.27488231658935546875e+00) (0, 9.03633956909179687500e+01) (1, -1.22728569030761718750e+02) (2, -1.50000000000000000000e+03) (3, 4.16204032897949218750e+01) (4, -3.54878082275390625000e+02) (5, -1.33830187988281250000e+03) (6, -9.20292973518371582031e-01) (0, 5.89854717254638671875e+00) (1, -9.39636325836181640625e+00) (2, -7.39176130294799804688e+00) (3, 1.61695365905761718750e+01) (4, -1.81873229980468750000e+02) (5, 5.64011955261230468750e+00) (6, -1.36558055877685546875e+00) (7, -2.04267110675573348999e-02) (8, 3.23492765426635742188e-01) (9, 1.50000000000000000000e+03) (10, 3.23330593109130859375e+00) (11, 6.37601735070347785950e-03) 
