FANN_FLO_2.1
num_layers=4
learning_rate=0.450000
connection_rate=1.000000
network_type=0
learning_momentum=0.000000
training_algorithm=2
train_error_function=1
train_stop_function=0
cascade_output_change_fraction=0.010000
quickprop_decay=-0.000100
quickprop_mu=1.750000
rprop_increase_factor=1.200000
rprop_decrease_factor=0.500000
rprop_delta_min=0.000000
rprop_delta_max=50.000000
rprop_delta_zero=0.100000
cascade_output_stagnation_epochs=12
cascade_candidate_change_fraction=0.010000
cascade_candidate_stagnation_epochs=12
cascade_max_out_epochs=150
cascade_min_out_epochs=50
cascade_max_cand_epochs=150
cascade_min_cand_epochs=50
cascade_num_candidate_groups=2
bit_fail_limit=3.49999994039535522461e-01
cascade_candidate_limit=1.00000000000000000000e+03
cascade_weight_multiplier=4.00000005960464477539e-01
cascade_activation_functions_count=10
cascade_activation_functions=3 5 7 8 10 11 14 15 16 17 
cascade_activation_steepnesses_count=4
cascade_activation_steepnesses=2.50000000000000000000e-01 5.00000000000000000000e-01 7.50000000000000000000e-01 1.00000000000000000000e+00 
layer_sizes=7 5 3 2 
scale_included=0
neurons (num_inputs, activation_function, activation_steepness)=(0, 0, 0.00000000000000000000e+00) (0, 0, 0.00000000000000000000e+00) (0, 0, 0.00000000000000000000e+00) (0, 0, 0.00000000000000000000e+00) (0, 0, 0.00000000000000000000e+00) (0, 0, 0.00000000000000000000e+00) (0, 0, 0.00000000000000000000e+00) (7, 3, 5.00000000000000000000e-01) (7, 3, 5.00000000000000000000e-01) (7, 3, 5.00000000000000000000e-01) (7, 3, 5.00000000000000000000e-01) (0, 3, 0.00000000000000000000e+00) (5, 3, 5.00000000000000000000e-01) (5, 3, 5.00000000000000000000e-01) (0, 3, 0.00000000000000000000e+00) (3, 0, 5.00000000000000000000e-01) (0, 0, 0.00000000000000000000e+00) 
connections (connected_to_neuron, weight)=(0, -1.25776794433593750000e+03) (1, -1.39323095703125000000e+03) (2, -4.63005645751953125000e+02) (3, 1.13681945800781250000e+03) (4, 7.88743835449218750000e+02) (5, 1.49996862792968750000e+03) (6, -5.04736976623535156250e+01) (0, -1.08103808015584945679e-02) (1, 1.75562942028045654297e+00) (2, 8.48584294319152832031e-01) (3, -7.70710945129394531250e-01) (4, 3.48179507255554199219e+00) (5, -7.01200544834136962891e-01) (6, 1.91288948059082031250e-01) (0, -1.62522649765014648438e+00) (1, 1.29386186599731445312e+00) (2, -1.04235351085662841797e+00) (3, 1.13418459892272949219e+00) (4, 1.73885512351989746094e+00) (5, -1.58946788311004638672e+00) (6, 5.26192903518676757812e+00) (0, -1.98029026389122009277e-01) (1, 2.72949337959289550781e+00) (2, 1.44300041198730468750e+01) (3, -2.99783229827880859375e-01) (4, -6.49800872802734375000e+01) (5, -5.98687591552734375000e+01) (6, -7.85759985446929931641e-02) (7, -1.64525270462036132812e+00) (8, -7.18147659301757812500e+00) (9, 3.31075096130371093750e+00) (10, -4.45673141479492187500e+01) (11, 3.71620714664459228516e-01) (7, 2.22173881530761718750e+00) (8, -3.73317098617553710938e+00) (9, -2.77343750000000000000e+00) (10, 8.75382423400878906250e-02) (11, 4.06659007072448730469e-01) (12, 7.22482085227966308594e-01) (13, 3.85060012340545654297e-01) (14, -9.86913032829761505127e-03) 
