FANN_FLO_2.1
num_layers=3
learning_rate=0.400000
connection_rate=1.000000
network_type=0
learning_momentum=0.000000
training_algorithm=2
train_error_function=1
train_stop_function=0
cascade_output_change_fraction=0.010000
quickprop_decay=-0.000100
quickprop_mu=1.750000
rprop_increase_factor=1.200000
rprop_decrease_factor=0.500000
rprop_delta_min=0.000000
rprop_delta_max=50.000000
rprop_delta_zero=0.100000
cascade_output_stagnation_epochs=12
cascade_candidate_change_fraction=0.010000
cascade_candidate_stagnation_epochs=12
cascade_max_out_epochs=150
cascade_min_out_epochs=50
cascade_max_cand_epochs=150
cascade_min_cand_epochs=50
cascade_num_candidate_groups=2
bit_fail_limit=3.49999994039535522461e-01
cascade_candidate_limit=1.00000000000000000000e+03
cascade_weight_multiplier=4.00000005960464477539e-01
cascade_activation_functions_count=10
cascade_activation_functions=3 5 7 8 10 11 14 15 16 17 
cascade_activation_steepnesses_count=4
cascade_activation_steepnesses=2.50000000000000000000e-01 5.00000000000000000000e-01 7.50000000000000000000e-01 1.00000000000000000000e+00 
layer_sizes=10 3 2 
scale_included=0
neurons (num_inputs, activation_function, activation_steepness)=(0, 0, 0.00000000000000000000e+00) (0, 0, 0.00000000000000000000e+00) (0, 0, 0.00000000000000000000e+00) (0, 0, 0.00000000000000000000e+00) (0, 0, 0.00000000000000000000e+00) (0, 0, 0.00000000000000000000e+00) (0, 0, 0.00000000000000000000e+00) (0, 0, 0.00000000000000000000e+00) (0, 0, 0.00000000000000000000e+00) (0, 0, 0.00000000000000000000e+00) (10, 3, 5.00000000000000000000e-01) (10, 3, 5.00000000000000000000e-01) (0, 3, 0.00000000000000000000e+00) (3, 3, 5.00000000000000000000e-01) (0, 3, 0.00000000000000000000e+00) 
connections (connected_to_neuron, weight)=(0, -1.06954790651798248291e-01) (1, -5.16372844576835632324e-02) (2, 9.21225920319557189941e-02) (3, -1.77428662776947021484e-01) (4, 1.38366341590881347656e-01) (5, 5.77736087143421173096e-02) (6, 6.77316188812255859375e-02) (7, 2.01841622591018676758e-01) (8, 9.46770980954170227051e-02) (9, -2.04414606094360351562e-01) (0, -1.29344806075096130371e-01) (1, -1.39688357710838317871e-01) (2, 7.66933858394622802734e-02) (3, -2.55596414208412170410e-02) (4, 1.99811875820159912109e-01) (5, 6.94100484251976013184e-02) (6, 5.75338639318943023682e-02) (7, 7.51649886369705200195e-02) (8, 2.06959575414657592773e-01) (9, -1.61524355411529541016e-01) (10, 3.73193696141242980957e-02) (11, 1.13223411142826080322e-01) (12, 8.28015059232711791992e-02) 
