FANN_FLO_2.1
num_layers=3
learning_rate=0.300000
connection_rate=1.000000
network_type=0
learning_momentum=0.000000
training_algorithm=2
train_error_function=1
train_stop_function=0
cascade_output_change_fraction=0.010000
quickprop_decay=-0.000100
quickprop_mu=1.750000
rprop_increase_factor=1.200000
rprop_decrease_factor=0.500000
rprop_delta_min=0.000000
rprop_delta_max=50.000000
rprop_delta_zero=0.100000
cascade_output_stagnation_epochs=12
cascade_candidate_change_fraction=0.010000
cascade_candidate_stagnation_epochs=12
cascade_max_out_epochs=150
cascade_min_out_epochs=50
cascade_max_cand_epochs=150
cascade_min_cand_epochs=50
cascade_num_candidate_groups=2
bit_fail_limit=3.49999994039535522461e-01
cascade_candidate_limit=1.00000000000000000000e+03
cascade_weight_multiplier=4.00000005960464477539e-01
cascade_activation_functions_count=10
cascade_activation_functions=3 5 7 8 10 11 14 15 16 17 
cascade_activation_steepnesses_count=4
cascade_activation_steepnesses=2.50000000000000000000e-01 5.00000000000000000000e-01 7.50000000000000000000e-01 1.00000000000000000000e+00 
layer_sizes=4 9 2 
scale_included=0
neurons (num_inputs, activation_function, activation_steepness)=(0, 0, 0.00000000000000000000e+00) (0, 0, 0.00000000000000000000e+00) (0, 0, 0.00000000000000000000e+00) (0, 0, 0.00000000000000000000e+00) (4, 3, 5.00000000000000000000e-01) (4, 3, 5.00000000000000000000e-01) (4, 3, 5.00000000000000000000e-01) (4, 3, 5.00000000000000000000e-01) (4, 3, 5.00000000000000000000e-01) (4, 3, 5.00000000000000000000e-01) (4, 3, 5.00000000000000000000e-01) (4, 3, 5.00000000000000000000e-01) (0, 3, 0.00000000000000000000e+00) (9, 3, 5.00000000000000000000e-01) (0, 3, 0.00000000000000000000e+00) 
connections (connected_to_neuron, weight)=(0, -3.45895707607269287109e-01) (1, 3.88693660497665405273e-01) (2, -1.15177845954895019531e+00) (3, 2.75332391262054443359e-01) (0, 4.81528609991073608398e-01) (1, 1.02805674076080322266e+00) (2, -5.16525316238403320312e+00) (3, 3.07656073570251464844e+00) (0, -2.06327751278877258301e-01) (1, 1.76345370709896087646e-02) (2, -3.31348329782485961914e-01) (3, 2.25166425108909606934e-01) (0, 4.89219754934310913086e-01) (1, 9.98632311820983886719e-01) (2, -5.01383972167968750000e+00) (3, 1.92546021938323974609e+00) (0, 1.89871340990066528320e-01) (1, -8.10822173953056335449e-02) (2, 1.58553704619407653809e-01) (3, -1.77744138240814208984e+00) (0, 5.79221129417419433594e-01) (1, 1.05117356777191162109e+00) (2, -5.45161581039428710938e+00) (3, 1.92727959156036376953e+00) (0, 4.67980504035949707031e-01) (1, 1.00333929061889648438e+00) (2, -4.99840402603149414062e+00) (3, 3.19405460357666015625e+00) (0, 1.45550847053527832031e-01) (1, -2.70403940230607986450e-02) (2, 3.68616908788681030273e-01) (3, -4.52727985382080078125e+00) (4, -4.20351982116699218750e-01) (5, -4.65678453445434570312e-01) (6, -5.96285438537597656250e+01) (7, -5.11349439620971679688e-01) (8, 1.25141656398773193359e+00) (9, -4.75941330194473266602e-01) (10, -5.02605140209197998047e-01) (11, 2.82220625877380371094e+00) (12, -4.55050140619277954102e-01) 
