FANN_FLO_2.1
num_layers=3
learning_rate=0.500000
connection_rate=1.000000
network_type=0
learning_momentum=0.000000
training_algorithm=2
train_error_function=1
train_stop_function=0
cascade_output_change_fraction=0.010000
quickprop_decay=-0.000100
quickprop_mu=1.750000
rprop_increase_factor=1.200000
rprop_decrease_factor=0.500000
rprop_delta_min=0.000000
rprop_delta_max=50.000000
rprop_delta_zero=0.100000
cascade_output_stagnation_epochs=12
cascade_candidate_change_fraction=0.010000
cascade_candidate_stagnation_epochs=12
cascade_max_out_epochs=150
cascade_min_out_epochs=50
cascade_max_cand_epochs=150
cascade_min_cand_epochs=50
cascade_num_candidate_groups=2
bit_fail_limit=3.49999994039535522461e-01
cascade_candidate_limit=1.00000000000000000000e+03
cascade_weight_multiplier=4.00000005960464477539e-01
cascade_activation_functions_count=10
cascade_activation_functions=3 5 7 8 10 11 14 15 16 17 
cascade_activation_steepnesses_count=4
cascade_activation_steepnesses=2.50000000000000000000e-01 5.00000000000000000000e-01 7.50000000000000000000e-01 1.00000000000000000000e+00 
layer_sizes=7 9 2 
scale_included=0
neurons (num_inputs, activation_function, activation_steepness)=(0, 0, 0.00000000000000000000e+00) (0, 0, 0.00000000000000000000e+00) (0, 0, 0.00000000000000000000e+00) (0, 0, 0.00000000000000000000e+00) (0, 0, 0.00000000000000000000e+00) (0, 0, 0.00000000000000000000e+00) (0, 0, 0.00000000000000000000e+00) (7, 3, 5.00000000000000000000e-01) (7, 3, 5.00000000000000000000e-01) (7, 3, 5.00000000000000000000e-01) (7, 3, 5.00000000000000000000e-01) (7, 3, 5.00000000000000000000e-01) (7, 3, 5.00000000000000000000e-01) (7, 3, 5.00000000000000000000e-01) (7, 3, 5.00000000000000000000e-01) (0, 3, 0.00000000000000000000e+00) (9, 0, 5.00000000000000000000e-01) (0, 0, 0.00000000000000000000e+00) 
connections (connected_to_neuron, weight)=(0, -5.87030982971191406250e+01) (1, -2.10808444023132324219e+00) (2, 5.56977043151855468750e+01) (3, -2.22142481803894042969e+00) (4, -2.89921820163726806641e-01) (5, 2.71325302124023437500e+00) (6, -1.66202768683433532715e-01) (0, -1.61850906372070312500e+02) (1, -6.82726287841796875000e+01) (2, -6.35813964843750000000e+02) (3, -2.73971500396728515625e+01) (4, -1.40259993076324462891e+00) (5, 6.09780769348144531250e+01) (6, -1.16169214248657226562e+00) (0, -3.24732704162597656250e+01) (1, -3.24922523498535156250e+01) (2, 6.11802062988281250000e+01) (3, -1.38481712341308593750e+01) (4, -1.18366181850433349609e+00) (5, -2.33757553100585937500e+02) (6, -6.26570940017700195312e-01) (0, 5.01160827636718750000e+02) (1, 1.63263458251953125000e+02) (2, 1.46952502441406250000e+03) (3, 3.93836181640625000000e+02) (4, 7.52269446849822998047e-01) (5, 1.50000000000000000000e+03) (6, 1.38852071762084960938e+00) (0, -2.19531631469726562500e+01) (1, -7.98265409469604492188e+00) (2, -1.36680432128906250000e+03) (3, -2.33171010017395019531e+00) (4, -1.51694464683532714844e+00) (5, -1.47500000000000000000e+03) (6, -1.12932240962982177734e+00) (0, 2.08953826904296875000e+02) (1, 1.20464181900024414062e+01) (2, 1.46952502441406250000e+03) (3, 1.64192092895507812500e+02) (4, 8.93259584903717041016e-01) (5, 1.50000000000000000000e+03) (6, 1.59204375743865966797e+00) (0, -2.19186782836914062500e+01) (1, -8.09189987182617187500e+00) (2, -1.36680432128906250000e+03) (3, -2.43303608894348144531e+00) (4, -1.61620843410491943359e+00) (5, -1.47500000000000000000e+03) (6, -1.13335239887237548828e+00) (0, 1.01689326763153076172e+00) (1, 1.36348879337310791016e+00) (2, -2.27097558975219726562e+00) (3, 3.22440236806869506836e-01) (4, 7.96296298503875732422e-01) (5, -1.20005404949188232422e+00) (6, 5.98957490921020507812e+00) (7, -5.50000000000000000000e+01) (8, 1.92215393066406250000e+02) (9, 1.20371813964843750000e+03) (10, 1.31456255912780761719e-01) (11, -1.50000000000000000000e+03) (12, 1.91811740398406982422e-01) (13, -1.50000000000000000000e+03) (14, -3.70625942945480346680e-01) (15, 6.13968968391418457031e-02) 
