FANN_FLO_2.1
num_layers=3
learning_rate=0.300000
connection_rate=1.000000
network_type=0
learning_momentum=0.000000
training_algorithm=2
train_error_function=1
train_stop_function=0
cascade_output_change_fraction=0.010000
quickprop_decay=-0.000100
quickprop_mu=1.750000
rprop_increase_factor=1.200000
rprop_decrease_factor=0.500000
rprop_delta_min=0.000000
rprop_delta_max=50.000000
rprop_delta_zero=0.100000
cascade_output_stagnation_epochs=12
cascade_candidate_change_fraction=0.010000
cascade_candidate_stagnation_epochs=12
cascade_max_out_epochs=150
cascade_min_out_epochs=50
cascade_max_cand_epochs=150
cascade_min_cand_epochs=50
cascade_num_candidate_groups=2
bit_fail_limit=3.49999994039535522461e-01
cascade_candidate_limit=1.00000000000000000000e+03
cascade_weight_multiplier=4.00000005960464477539e-01
cascade_activation_functions_count=10
cascade_activation_functions=3 5 7 8 10 11 14 15 16 17 
cascade_activation_steepnesses_count=4
cascade_activation_steepnesses=2.50000000000000000000e-01 5.00000000000000000000e-01 7.50000000000000000000e-01 1.00000000000000000000e+00 
layer_sizes=4 9 2 
scale_included=0
neurons (num_inputs, activation_function, activation_steepness)=(0, 0, 0.00000000000000000000e+00) (0, 0, 0.00000000000000000000e+00) (0, 0, 0.00000000000000000000e+00) (0, 0, 0.00000000000000000000e+00) (4, 3, 5.00000000000000000000e-01) (4, 3, 5.00000000000000000000e-01) (4, 3, 5.00000000000000000000e-01) (4, 3, 5.00000000000000000000e-01) (4, 3, 5.00000000000000000000e-01) (4, 3, 5.00000000000000000000e-01) (4, 3, 5.00000000000000000000e-01) (4, 3, 5.00000000000000000000e-01) (0, 3, 0.00000000000000000000e+00) (9, 3, 5.00000000000000000000e-01) (0, 3, 0.00000000000000000000e+00) 
connections (connected_to_neuron, weight)=(0, 1.49999987792968750000e+03) (1, 1.37176318359375000000e+03) (2, 1.49999987792968750000e+03) (3, 4.49819445610046386719e-01) (0, -8.74059557914733886719e-01) (1, 4.65793192386627197266e-01) (2, -1.46365845203399658203e+00) (3, 7.52045774459838867188e+00) (0, -8.40999364852905273438e-01) (1, 4.77005928754806518555e-01) (2, -1.71137237548828125000e+00) (3, 9.67786216735839843750e+00) (0, -1.15643799304962158203e-01) (1, 1.26987425610423088074e-02) (2, -8.47836062312126159668e-02) (3, 6.68148100376129150391e-01) (0, -1.63792863488197326660e-01) (1, 6.16750791668891906738e-02) (2, -8.94486367702484130859e-01) (3, 5.47987651824951171875e+00) (0, -7.62691557407379150391e-01) (1, 4.04477119445800781250e-01) (2, -1.42967569828033447266e+00) (3, 2.98075270652770996094e+00) (0, -2.78856694698333740234e-01) (1, 6.67715668678283691406e-02) (2, -6.53663948178291320801e-02) (3, 1.84712886810302734375e-01) (0, 4.10481654107570648193e-02) (1, -2.48549962043762207031e+00) (2, 1.33007612228393554688e+01) (3, 1.15846478939056396484e+00) (4, 4.48112905025482177734e-01) (5, -1.95412889122962951660e-01) (6, -2.37609758973121643066e-01) (7, -8.66922187805175781250e+00) (8, -1.42923271656036376953e+00) (9, -2.23486423492431640625e-01) (10, 3.21245402097702026367e-01) (11, -6.07641600072383880615e-02) (12, 3.05996268987655639648e-01) 
