FANN_FLO_2.1
num_layers=3
learning_rate=0.400000
connection_rate=1.000000
network_type=0
learning_momentum=0.000000
training_algorithm=2
train_error_function=1
train_stop_function=0
cascade_output_change_fraction=0.010000
quickprop_decay=-0.000100
quickprop_mu=1.750000
rprop_increase_factor=1.200000
rprop_decrease_factor=0.500000
rprop_delta_min=0.000000
rprop_delta_max=50.000000
rprop_delta_zero=0.100000
cascade_output_stagnation_epochs=12
cascade_candidate_change_fraction=0.010000
cascade_candidate_stagnation_epochs=12
cascade_max_out_epochs=150
cascade_min_out_epochs=50
cascade_max_cand_epochs=150
cascade_min_cand_epochs=50
cascade_num_candidate_groups=2
bit_fail_limit=3.49999994039535522461e-01
cascade_candidate_limit=1.00000000000000000000e+03
cascade_weight_multiplier=4.00000005960464477539e-01
cascade_activation_functions_count=10
cascade_activation_functions=3 5 7 8 10 11 14 15 16 17 
cascade_activation_steepnesses_count=4
cascade_activation_steepnesses=2.50000000000000000000e-01 5.00000000000000000000e-01 7.50000000000000000000e-01 1.00000000000000000000e+00 
layer_sizes=10 3 2 
scale_included=0
neurons (num_inputs, activation_function, activation_steepness)=(0, 0, 0.00000000000000000000e+00) (0, 0, 0.00000000000000000000e+00) (0, 0, 0.00000000000000000000e+00) (0, 0, 0.00000000000000000000e+00) (0, 0, 0.00000000000000000000e+00) (0, 0, 0.00000000000000000000e+00) (0, 0, 0.00000000000000000000e+00) (0, 0, 0.00000000000000000000e+00) (0, 0, 0.00000000000000000000e+00) (0, 0, 0.00000000000000000000e+00) (10, 3, 5.00000000000000000000e-01) (10, 3, 5.00000000000000000000e-01) (0, 3, 0.00000000000000000000e+00) (3, 3, 5.00000000000000000000e-01) (0, 3, 0.00000000000000000000e+00) 
connections (connected_to_neuron, weight)=(0, 3.21990177035331726074e-02) (1, 1.30466505885124206543e-01) (2, 1.51603341102600097656e-01) (3, 1.15647837519645690918e-01) (4, 1.28552973270416259766e-01) (5, 1.29547744989395141602e-01) (6, 1.07075199484825134277e-01) (7, 7.57906064391136169434e-02) (8, 1.87380045652389526367e-01) (9, 9.81002375483512878418e-02) (0, 9.33554619550704956055e-02) (1, 2.91998237371444702148e-02) (2, 1.29545897245407104492e-01) (3, 1.87517523765563964844e-01) (4, 1.71997010707855224609e-01) (5, 3.28889787197113037109e-02) (6, 1.92643880844116210938e-01) (7, 5.31835928559303283691e-02) (8, 2.41149663925170898438e-02) (9, 2.29791626334190368652e-02) (10, -2.06425100564956665039e-01) (11, -2.05339476466178894043e-01) (12, -1.63843572139739990234e-01) 
