FANN_FLO_2.1
num_layers=4
learning_rate=0.450000
connection_rate=1.000000
network_type=0
learning_momentum=0.000000
training_algorithm=2
train_error_function=1
train_stop_function=0
cascade_output_change_fraction=0.010000
quickprop_decay=-0.000100
quickprop_mu=1.750000
rprop_increase_factor=1.200000
rprop_decrease_factor=0.500000
rprop_delta_min=0.000000
rprop_delta_max=50.000000
rprop_delta_zero=0.100000
cascade_output_stagnation_epochs=12
cascade_candidate_change_fraction=0.010000
cascade_candidate_stagnation_epochs=12
cascade_max_out_epochs=150
cascade_min_out_epochs=50
cascade_max_cand_epochs=150
cascade_min_cand_epochs=50
cascade_num_candidate_groups=2
bit_fail_limit=3.49999994039535522461e-01
cascade_candidate_limit=1.00000000000000000000e+03
cascade_weight_multiplier=4.00000005960464477539e-01
cascade_activation_functions_count=10
cascade_activation_functions=3 5 7 8 10 11 14 15 16 17 
cascade_activation_steepnesses_count=4
cascade_activation_steepnesses=2.50000000000000000000e-01 5.00000000000000000000e-01 7.50000000000000000000e-01 1.00000000000000000000e+00 
layer_sizes=7 5 3 2 
scale_included=0
neurons (num_inputs, activation_function, activation_steepness)=(0, 0, 0.00000000000000000000e+00) (0, 0, 0.00000000000000000000e+00) (0, 0, 0.00000000000000000000e+00) (0, 0, 0.00000000000000000000e+00) (0, 0, 0.00000000000000000000e+00) (0, 0, 0.00000000000000000000e+00) (0, 0, 0.00000000000000000000e+00) (7, 3, 5.00000000000000000000e-01) (7, 3, 5.00000000000000000000e-01) (7, 3, 5.00000000000000000000e-01) (7, 3, 5.00000000000000000000e-01) (0, 3, 0.00000000000000000000e+00) (5, 3, 5.00000000000000000000e-01) (5, 3, 5.00000000000000000000e-01) (0, 3, 0.00000000000000000000e+00) (3, 0, 5.00000000000000000000e-01) (0, 0, 0.00000000000000000000e+00) 
connections (connected_to_neuron, weight)=(0, 1.72515481710433959961e-01) (1, 2.92554408311843872070e-01) (2, -2.25201860070228576660e-01) (3, 1.37379840016365051270e-01) (4, 3.76415759325027465820e-01) (5, -1.03555142879486083984e+00) (6, 1.84288585186004638672e+00) (0, -1.23205761718750000000e+03) (1, -1.44869226074218750000e+03) (2, -1.50000000000000000000e+03) (3, 1.10328979492187500000e+03) (4, 3.51192259788513183594e+00) (5, -1.10992199707031250000e+03) (6, 1.35291601562500000000e+03) (0, 1.70135319232940673828e-01) (1, 2.98189818859100341797e-01) (2, -9.03879642486572265625e-01) (3, 1.36329352855682373047e-01) (4, 4.23574060201644897461e-01) (5, -3.03421288728713989258e-01) (6, 1.02642548084259033203e+00) (0, -1.65085271000862121582e-01) (1, -6.60939589142799377441e-02) (2, -5.45304119586944580078e-01) (3, -1.56562492251396179199e-01) (4, 1.09959983825683593750e+00) (5, -2.68284350633621215820e-01) (6, 1.89357089996337890625e+00) (7, 1.22661010742187500000e+02) (8, 5.03269531250000000000e+02) (9, -1.21186119079589843750e+02) (10, 1.31873123168945312500e+02) (11, -1.18254852294921875000e+00) (7, 1.39080004882812500000e+03) (8, 1.50000000000000000000e+03) (9, 1.50000000000000000000e+03) (10, 1.50000000000000000000e+03) (11, -1.15878753662109375000e+01) (12, -1.13137438893318176270e-01) (13, -1.33204817771911621094e-01) (14, 2.59468406438827514648e-01) 
