FANN_FLO_2.1
num_layers=4
learning_rate=0.500000
connection_rate=1.000000
network_type=0
learning_momentum=0.000000
training_algorithm=2
train_error_function=1
train_stop_function=0
cascade_output_change_fraction=0.010000
quickprop_decay=-0.000100
quickprop_mu=1.750000
rprop_increase_factor=1.200000
rprop_decrease_factor=0.500000
rprop_delta_min=0.000000
rprop_delta_max=50.000000
rprop_delta_zero=0.100000
cascade_output_stagnation_epochs=12
cascade_candidate_change_fraction=0.010000
cascade_candidate_stagnation_epochs=12
cascade_max_out_epochs=150
cascade_min_out_epochs=50
cascade_max_cand_epochs=150
cascade_min_cand_epochs=50
cascade_num_candidate_groups=2
bit_fail_limit=3.49999994039535522461e-01
cascade_candidate_limit=1.00000000000000000000e+03
cascade_weight_multiplier=4.00000005960464477539e-01
cascade_activation_functions_count=10
cascade_activation_functions=3 5 7 8 10 11 14 15 16 17 
cascade_activation_steepnesses_count=4
cascade_activation_steepnesses=2.50000000000000000000e-01 5.00000000000000000000e-01 7.50000000000000000000e-01 1.00000000000000000000e+00 
layer_sizes=4 5 3 2 
scale_included=0
neurons (num_inputs, activation_function, activation_steepness)=(0, 0, 0.00000000000000000000e+00) (0, 0, 0.00000000000000000000e+00) (0, 0, 0.00000000000000000000e+00) (0, 0, 0.00000000000000000000e+00) (4, 3, 5.00000000000000000000e-01) (4, 3, 5.00000000000000000000e-01) (4, 3, 5.00000000000000000000e-01) (4, 3, 5.00000000000000000000e-01) (0, 3, 0.00000000000000000000e+00) (5, 3, 5.00000000000000000000e-01) (5, 3, 5.00000000000000000000e-01) (0, 3, 0.00000000000000000000e+00) (3, 3, 5.00000000000000000000e-01) (0, 3, 0.00000000000000000000e+00) 
connections (connected_to_neuron, weight)=(0, -7.36014986038208007812e+00) (1, -1.20975627899169921875e+01) (2, 5.30183506011962890625e+00) (3, 2.31683278083801269531e+00) (0, -4.20299621582031250000e+02) (1, -1.69543056488037109375e+01) (2, 7.41199340820312500000e+01) (3, -9.69778180122375488281e-01) (0, -6.21519994735717773438e+00) (1, -7.73242187500000000000e+00) (2, 4.52514857053756713867e-01) (3, 3.22383069992065429688e+00) (0, -4.20299621582031250000e+02) (1, -1.69042415618896484375e+01) (2, 7.41712036132812500000e+01) (3, -8.15218508243560791016e-01) (4, -8.58563613891601562500e+01) (5, -4.52360076904296875000e+01) (6, 1.33724807739257812500e+02) (7, -4.51988983154296875000e+01) (8, -3.59013581275939941406e+00) (4, -9.91597366333007812500e+01) (5, 5.10118484497070312500e-01) (6, 1.36736251831054687500e+02) (7, 4.33824539184570312500e-01) (8, -3.74282336235046386719e+00) (9, -1.74503907561302185059e-01) (10, -4.35466861724853515625e+00) (11, 2.23800396919250488281e+00) 
