FANN_FLO_2.1
num_layers=4
learning_rate=0.450000
connection_rate=1.000000
network_type=0
learning_momentum=0.000000
training_algorithm=2
train_error_function=1
train_stop_function=0
cascade_output_change_fraction=0.010000
quickprop_decay=-0.000100
quickprop_mu=1.750000
rprop_increase_factor=1.200000
rprop_decrease_factor=0.500000
rprop_delta_min=0.000000
rprop_delta_max=50.000000
rprop_delta_zero=0.100000
cascade_output_stagnation_epochs=12
cascade_candidate_change_fraction=0.010000
cascade_candidate_stagnation_epochs=12
cascade_max_out_epochs=150
cascade_min_out_epochs=50
cascade_max_cand_epochs=150
cascade_min_cand_epochs=50
cascade_num_candidate_groups=2
bit_fail_limit=3.49999994039535522461e-01
cascade_candidate_limit=1.00000000000000000000e+03
cascade_weight_multiplier=4.00000005960464477539e-01
cascade_activation_functions_count=10
cascade_activation_functions=3 5 7 8 10 11 14 15 16 17 
cascade_activation_steepnesses_count=4
cascade_activation_steepnesses=2.50000000000000000000e-01 5.00000000000000000000e-01 7.50000000000000000000e-01 1.00000000000000000000e+00 
layer_sizes=7 5 3 2 
scale_included=0
neurons (num_inputs, activation_function, activation_steepness)=(0, 0, 0.00000000000000000000e+00) (0, 0, 0.00000000000000000000e+00) (0, 0, 0.00000000000000000000e+00) (0, 0, 0.00000000000000000000e+00) (0, 0, 0.00000000000000000000e+00) (0, 0, 0.00000000000000000000e+00) (0, 0, 0.00000000000000000000e+00) (7, 3, 5.00000000000000000000e-01) (7, 3, 5.00000000000000000000e-01) (7, 3, 5.00000000000000000000e-01) (7, 3, 5.00000000000000000000e-01) (0, 3, 0.00000000000000000000e+00) (5, 3, 5.00000000000000000000e-01) (5, 3, 5.00000000000000000000e-01) (0, 3, 0.00000000000000000000e+00) (3, 0, 5.00000000000000000000e-01) (0, 0, 0.00000000000000000000e+00) 
connections (connected_to_neuron, weight)=(0, -1.28184997558593750000e+03) (1, 1.64929824829101562500e+02) (2, 4.02368072509765625000e+02) (3, 1.32937026023864746094e+00) (4, 1.29530895996093750000e+03) (5, -2.61974258422851562500e+01) (6, -9.79964256286621093750e-01) (0, 1.49646716308593750000e+03) (1, -8.27031921386718750000e+02) (2, -7.50889282226562500000e+02) (3, 3.93547119140625000000e+02) (4, -5.07206024169921875000e+02) (5, 8.10253967285156250000e+02) (6, 1.42680752277374267578e+00) (0, 1.03629785156250000000e+03) (1, 1.06795996093750000000e+03) (2, 1.21346606445312500000e+03) (3, -1.42905712890625000000e+03) (4, -4.34270477294921875000e+02) (5, -1.27579541015625000000e+03) (6, 1.00706291198730468750e+00) (0, 1.49168762207031250000e+03) (1, -1.50000000000000000000e+03) (2, -6.53107543945312500000e+02) (3, 3.76070831298828125000e+02) (4, -4.32185668945312500000e+02) (5, 5.11802032470703125000e+02) (6, 1.50440013408660888672e+00) (7, 2.01411762237548828125e+01) (8, -7.31080579757690429688e+00) (9, -4.11689504981040954590e-02) (10, -7.55567502975463867188e+00) (11, -1.12325072288513183594e+00) (7, 1.75207653045654296875e+01) (8, -2.37265467643737792969e+00) (9, -8.47816085815429687500e+00) (10, 5.69961500167846679688e+00) (11, -2.56527686119079589844e+00) (12, -7.68175721168518066406e-02) (13, 8.19456353783607482910e-02) (14, 9.51875280588865280151e-03) 
