FANN_FLO_2.1
num_layers=3
learning_rate=0.500000
connection_rate=1.000000
network_type=0
learning_momentum=0.000000
training_algorithm=2
train_error_function=1
train_stop_function=0
cascade_output_change_fraction=0.010000
quickprop_decay=-0.000100
quickprop_mu=1.750000
rprop_increase_factor=1.200000
rprop_decrease_factor=0.500000
rprop_delta_min=0.000000
rprop_delta_max=50.000000
rprop_delta_zero=0.100000
cascade_output_stagnation_epochs=12
cascade_candidate_change_fraction=0.010000
cascade_candidate_stagnation_epochs=12
cascade_max_out_epochs=150
cascade_min_out_epochs=50
cascade_max_cand_epochs=150
cascade_min_cand_epochs=50
cascade_num_candidate_groups=2
bit_fail_limit=3.49999994039535522461e-01
cascade_candidate_limit=1.00000000000000000000e+03
cascade_weight_multiplier=4.00000005960464477539e-01
cascade_activation_functions_count=10
cascade_activation_functions=3 5 7 8 10 11 14 15 16 17 
cascade_activation_steepnesses_count=4
cascade_activation_steepnesses=2.50000000000000000000e-01 5.00000000000000000000e-01 7.50000000000000000000e-01 1.00000000000000000000e+00 
layer_sizes=7 9 2 
scale_included=0
neurons (num_inputs, activation_function, activation_steepness)=(0, 0, 0.00000000000000000000e+00) (0, 0, 0.00000000000000000000e+00) (0, 0, 0.00000000000000000000e+00) (0, 0, 0.00000000000000000000e+00) (0, 0, 0.00000000000000000000e+00) (0, 0, 0.00000000000000000000e+00) (0, 0, 0.00000000000000000000e+00) (7, 3, 5.00000000000000000000e-01) (7, 3, 5.00000000000000000000e-01) (7, 3, 5.00000000000000000000e-01) (7, 3, 5.00000000000000000000e-01) (7, 3, 5.00000000000000000000e-01) (7, 3, 5.00000000000000000000e-01) (7, 3, 5.00000000000000000000e-01) (7, 3, 5.00000000000000000000e-01) (0, 3, 0.00000000000000000000e+00) (9, 0, 5.00000000000000000000e-01) (0, 0, 0.00000000000000000000e+00) 
connections (connected_to_neuron, weight)=(0, -1.29340457916259765625e+01) (1, -1.05100297927856445312e+00) (2, -2.20889396667480468750e+01) (3, -1.36383686065673828125e+01) (4, 8.53378295898437500000e-01) (5, 1.60526523590087890625e+01) (6, -4.13791775703430175781e-01) (0, -1.39910831451416015625e+01) (1, -4.71232756972312927246e-02) (2, -2.01221199035644531250e+01) (3, -1.37604656219482421875e+01) (4, 7.66544163227081298828e-01) (5, 1.54245719909667968750e+01) (6, -4.45434331893920898438e-01) (0, -4.52494192123413085938e+00) (1, 1.02035653591156005859e+00) (2, -7.97931849956512451172e-02) (3, -1.39210386276245117188e+01) (4, 5.60004234313964843750e-01) (5, 1.52651128768920898438e+01) (6, -7.66329348087310791016e-01) (0, -1.22951622009277343750e+01) (1, -7.91601061820983886719e-01) (2, 1.23664608001708984375e+01) (3, -1.38948135375976562500e+01) (4, 4.58171844482421875000e-01) (5, 1.53263692855834960938e+01) (6, -8.25784087181091308594e-01) (0, 8.34306478500366210938e-01) (1, -1.71656799316406250000e+00) (2, -4.15404891967773437500e+01) (3, 5.84445297718048095703e-01) (4, -9.38108205795288085938e-01) (5, -6.22376346588134765625e+00) (6, -1.96172559261322021484e+00) (0, -7.29656219482421875000e-02) (1, 3.72012466192245483398e-01) (2, -3.31921190023422241211e-01) (3, -3.94694693386554718018e-02) (4, 2.35915198922157287598e-01) (5, -1.66972801089286804199e-01) (6, 1.66149652004241943359e+00) (0, -1.75837135314941406250e+00) (1, -1.25367403030395507812e+00) (2, 2.02934813499450683594e+00) (3, -1.59586802124977111816e-01) (4, -4.54787164926528930664e-01) (5, 1.87168363481760025024e-02) (6, -7.52394795417785644531e-01) (0, -1.24121980667114257812e+01) (1, -7.05088615417480468750e-01) (2, 1.22094173431396484375e+01) (3, -1.39070739746093750000e+01) (4, 5.24960875511169433594e-01) (5, 1.52584371566772460938e+01) (6, -7.47255444526672363281e-01) (7, 3.20709323883056640625e+00) (8, -5.88322814941406250000e+02) (9, 1.33458213806152343750e+01) (10, -5.99434041976928710938e+00) (11, 8.81386041641235351562e-01) (12, -1.14437095820903778076e-01) (13, -2.12077546119689941406e+00) (14, -5.99434041976928710938e+00) (15, 1.22674055397510528564e-01) 
