FANN_FLO_2.1
num_layers=3
learning_rate=0.500000
connection_rate=1.000000
network_type=0
learning_momentum=0.000000
training_algorithm=2
train_error_function=1
train_stop_function=0
cascade_output_change_fraction=0.010000
quickprop_decay=-0.000100
quickprop_mu=1.750000
rprop_increase_factor=1.200000
rprop_decrease_factor=0.500000
rprop_delta_min=0.000000
rprop_delta_max=50.000000
rprop_delta_zero=0.100000
cascade_output_stagnation_epochs=12
cascade_candidate_change_fraction=0.010000
cascade_candidate_stagnation_epochs=12
cascade_max_out_epochs=150
cascade_min_out_epochs=50
cascade_max_cand_epochs=150
cascade_min_cand_epochs=50
cascade_num_candidate_groups=2
bit_fail_limit=3.49999994039535522461e-01
cascade_candidate_limit=1.00000000000000000000e+03
cascade_weight_multiplier=4.00000005960464477539e-01
cascade_activation_functions_count=10
cascade_activation_functions=3 5 7 8 10 11 14 15 16 17 
cascade_activation_steepnesses_count=4
cascade_activation_steepnesses=2.50000000000000000000e-01 5.00000000000000000000e-01 7.50000000000000000000e-01 1.00000000000000000000e+00 
layer_sizes=10 3 2 
scale_included=0
neurons (num_inputs, activation_function, activation_steepness)=(0, 0, 0.00000000000000000000e+00) (0, 0, 0.00000000000000000000e+00) (0, 0, 0.00000000000000000000e+00) (0, 0, 0.00000000000000000000e+00) (0, 0, 0.00000000000000000000e+00) (0, 0, 0.00000000000000000000e+00) (0, 0, 0.00000000000000000000e+00) (0, 0, 0.00000000000000000000e+00) (0, 0, 0.00000000000000000000e+00) (0, 0, 0.00000000000000000000e+00) (10, 3, 5.00000000000000000000e-01) (10, 3, 5.00000000000000000000e-01) (0, 3, 0.00000000000000000000e+00) (3, 3, 5.00000000000000000000e-01) (0, 3, 0.00000000000000000000e+00) 
connections (connected_to_neuron, weight)=(0, 7.09460258483886718750e-01) (1, 4.10698086023330688477e-01) (2, 3.56739789247512817383e-01) (3, 5.54399549961090087891e-01) (4, 4.33688610792160034180e-01) (5, 4.66958314180374145508e-01) (6, 5.69970309734344482422e-01) (7, 4.97071117162704467773e-01) (8, 5.39948880672454833984e-01) (9, -1.80038690567016601562e+00) (0, -3.73804986476898193359e-01) (1, -5.59158563613891601562e-01) (2, -5.17999529838562011719e-01) (3, -3.70452851057052612305e-01) (4, -5.02853333950042724609e-01) (5, -4.94569659233093261719e-01) (6, -4.74134296178817749023e-01) (7, -4.53781813383102416992e-01) (8, -4.43634629249572753906e-01) (9, 1.60695898532867431641e+00) (10, 1.54284048080444335938e+00) (11, -2.59000492095947265625e+00) (12, 4.52564805746078491211e-02) 
