FANN_FLO_2.1
num_layers=3
learning_rate=0.500000
connection_rate=1.000000
network_type=0
learning_momentum=0.000000
training_algorithm=2
train_error_function=1
train_stop_function=0
cascade_output_change_fraction=0.010000
quickprop_decay=-0.000100
quickprop_mu=1.750000
rprop_increase_factor=1.200000
rprop_decrease_factor=0.500000
rprop_delta_min=0.000000
rprop_delta_max=50.000000
rprop_delta_zero=0.100000
cascade_output_stagnation_epochs=12
cascade_candidate_change_fraction=0.010000
cascade_candidate_stagnation_epochs=12
cascade_max_out_epochs=150
cascade_min_out_epochs=50
cascade_max_cand_epochs=150
cascade_min_cand_epochs=50
cascade_num_candidate_groups=2
bit_fail_limit=3.49999994039535522461e-01
cascade_candidate_limit=1.00000000000000000000e+03
cascade_weight_multiplier=4.00000005960464477539e-01
cascade_activation_functions_count=10
cascade_activation_functions=3 5 7 8 10 11 14 15 16 17 
cascade_activation_steepnesses_count=4
cascade_activation_steepnesses=2.50000000000000000000e-01 5.00000000000000000000e-01 7.50000000000000000000e-01 1.00000000000000000000e+00 
layer_sizes=7 5 2 
scale_included=0
neurons (num_inputs, activation_function, activation_steepness)=(0, 0, 0.00000000000000000000e+00) (0, 0, 0.00000000000000000000e+00) (0, 0, 0.00000000000000000000e+00) (0, 0, 0.00000000000000000000e+00) (0, 0, 0.00000000000000000000e+00) (0, 0, 0.00000000000000000000e+00) (0, 0, 0.00000000000000000000e+00) (7, 3, 5.00000000000000000000e-01) (7, 3, 5.00000000000000000000e-01) (7, 3, 5.00000000000000000000e-01) (7, 3, 5.00000000000000000000e-01) (0, 3, 0.00000000000000000000e+00) (5, 0, 5.00000000000000000000e-01) (0, 0, 0.00000000000000000000e+00) 
connections (connected_to_neuron, weight)=(0, -3.68843644857406616211e-01) (1, -8.01030993461608886719e-01) (2, 2.20267367362976074219e+00) (3, -3.21945488452911376953e-01) (4, 6.22324228286743164062e-01) (5, -1.23250234127044677734e+00) (6, -3.43937426805496215820e-01) (0, 8.41491222381591796875e-01) (1, -7.80241821289062500000e+02) (2, -1.50000000000000000000e+03) (3, 8.23470830917358398438e-01) (4, 1.47996569824218750000e+03) (5, 6.79536865234375000000e+02) (6, 9.06242907047271728516e-01) (0, -3.19714397192001342773e-01) (1, -9.21715199947357177734e-01) (2, 2.50758789062500000000e+02) (3, -3.02461057901382446289e-01) (4, 1.61220538616180419922e+00) (5, -4.93075286865234375000e+02) (6, -2.88520157337188720703e-01) (0, 2.76145458221435546875e+01) (1, 1.38158581542968750000e+03) (2, 1.50000000000000000000e+03) (3, 6.57396852970123291016e-01) (4, -9.02980232238769531250e+00) (5, -6.48213195800781250000e+01) (6, -4.27025854587554931641e-01) (7, -7.59385898709297180176e-02) (8, -7.03602880239486694336e-02) (9, -2.57793106138706207275e-02) (10, 4.83596250414848327637e-02) (11, 3.67182902991771697998e-02) 
