FANN_FLO_2.1
num_layers=3
learning_rate=0.500000
connection_rate=1.000000
network_type=0
learning_momentum=0.000000
training_algorithm=2
train_error_function=1
train_stop_function=0
cascade_output_change_fraction=0.010000
quickprop_decay=-0.000100
quickprop_mu=1.750000
rprop_increase_factor=1.200000
rprop_decrease_factor=0.500000
rprop_delta_min=0.000000
rprop_delta_max=50.000000
rprop_delta_zero=0.100000
cascade_output_stagnation_epochs=12
cascade_candidate_change_fraction=0.010000
cascade_candidate_stagnation_epochs=12
cascade_max_out_epochs=150
cascade_min_out_epochs=50
cascade_max_cand_epochs=150
cascade_min_cand_epochs=50
cascade_num_candidate_groups=2
bit_fail_limit=3.49999994039535522461e-01
cascade_candidate_limit=1.00000000000000000000e+03
cascade_weight_multiplier=4.00000005960464477539e-01
cascade_activation_functions_count=10
cascade_activation_functions=3 5 7 8 10 11 14 15 16 17 
cascade_activation_steepnesses_count=4
cascade_activation_steepnesses=2.50000000000000000000e-01 5.00000000000000000000e-01 7.50000000000000000000e-01 1.00000000000000000000e+00 
layer_sizes=7 9 2 
scale_included=0
neurons (num_inputs, activation_function, activation_steepness)=(0, 0, 0.00000000000000000000e+00) (0, 0, 0.00000000000000000000e+00) (0, 0, 0.00000000000000000000e+00) (0, 0, 0.00000000000000000000e+00) (0, 0, 0.00000000000000000000e+00) (0, 0, 0.00000000000000000000e+00) (0, 0, 0.00000000000000000000e+00) (7, 3, 5.00000000000000000000e-01) (7, 3, 5.00000000000000000000e-01) (7, 3, 5.00000000000000000000e-01) (7, 3, 5.00000000000000000000e-01) (7, 3, 5.00000000000000000000e-01) (7, 3, 5.00000000000000000000e-01) (7, 3, 5.00000000000000000000e-01) (7, 3, 5.00000000000000000000e-01) (0, 3, 0.00000000000000000000e+00) (9, 0, 5.00000000000000000000e-01) (0, 0, 0.00000000000000000000e+00) 
connections (connected_to_neuron, weight)=(0, -3.45132440328598022461e-01) (1, 3.96686077117919921875e-01) (2, 6.51941776275634765625e-01) (3, -4.31462883949279785156e-01) (4, -3.90501111745834350586e-01) (5, 3.45790416002273559570e-01) (6, -3.61455798149108886719e-01) (0, -4.33732718229293823242e-01) (1, -3.39387321472167968750e+00) (2, 6.32312822341918945312e+00) (3, -1.99062299728393554688e+00) (4, -1.02892994880676269531e+00) (5, 2.93878960609436035156e+00) (6, -5.78323304653167724609e-01) (0, -2.63083409518003463745e-02) (1, -6.22366257011890411377e-02) (2, -3.30940425395965576172e-01) (3, 4.06827986240386962891e-01) (4, 1.91475276369601488113e-03) (5, 2.69875884056091308594e+00) (6, -3.36278557777404785156e+00) (0, -4.13315087556838989258e-01) (1, 5.08374392986297607422e-01) (2, 9.63899970054626464844e-01) (3, -3.92303675413131713867e-01) (4, -6.32279574871063232422e-01) (5, 3.27803015708923339844e-01) (6, -1.83889222145080566406e+00) (0, -6.94110631942749023438e-01) (1, -2.23895835876464843750e+00) (2, 2.74928951263427734375e+00) (3, -6.79035425186157226562e-01) (4, -9.08965826034545898438e-01) (5, 1.69360625743865966797e+00) (6, -8.70876669883728027344e-01) (0, -1.05750560760498046875e+00) (1, -7.02340555191040039062e+00) (2, 6.28816938400268554688e+00) (3, -1.19218480587005615234e+00) (4, -1.62342524528503417969e+00) (5, 3.45550894737243652344e+00) (6, -4.10957288742065429688e+00) (0, -4.53851670026779174805e-01) (1, -6.62281930446624755859e-01) (2, 1.14765346050262451172e+00) (3, -3.35422009229660034180e-01) (4, -3.81017357110977172852e-01) (5, -1.30877709388732910156e+00) (6, -4.08743858337402343750e-01) (0, -2.83540010452270507812e-01) (1, -6.49177670478820800781e-01) (2, 1.87687671184539794922e+00) (3, -4.07957494258880615234e-01) (4, -1.94064959883689880371e-01) (5, 5.75611293315887451172e-01) (6, -4.45952951908111572266e-01) (7, -3.07288169860839843750e-01) (8, -9.11665111780166625977e-02) (9, -4.09533828496932983398e-02) (10, 3.16800892353057861328e-01) (11, 1.59317708015441894531e+00) (12, -1.59780180454254150391e+00) (13, -3.03819403052330017090e-02) (14, 2.90183015167713165283e-02) (15, 5.14421090483665466309e-02) 
