FANN_FLO_2.1
num_layers=4
learning_rate=0.500000
connection_rate=1.000000
network_type=0
learning_momentum=0.000000
training_algorithm=2
train_error_function=1
train_stop_function=0
cascade_output_change_fraction=0.010000
quickprop_decay=-0.000100
quickprop_mu=1.750000
rprop_increase_factor=1.200000
rprop_decrease_factor=0.500000
rprop_delta_min=0.000000
rprop_delta_max=50.000000
rprop_delta_zero=0.100000
cascade_output_stagnation_epochs=12
cascade_candidate_change_fraction=0.010000
cascade_candidate_stagnation_epochs=12
cascade_max_out_epochs=150
cascade_min_out_epochs=50
cascade_max_cand_epochs=150
cascade_min_cand_epochs=50
cascade_num_candidate_groups=2
bit_fail_limit=3.49999994039535522461e-01
cascade_candidate_limit=1.00000000000000000000e+03
cascade_weight_multiplier=4.00000005960464477539e-01
cascade_activation_functions_count=10
cascade_activation_functions=3 5 7 8 10 11 14 15 16 17 
cascade_activation_steepnesses_count=4
cascade_activation_steepnesses=2.50000000000000000000e-01 5.00000000000000000000e-01 7.50000000000000000000e-01 1.00000000000000000000e+00 
layer_sizes=4 5 3 2 
scale_included=0
neurons (num_inputs, activation_function, activation_steepness)=(0, 0, 0.00000000000000000000e+00) (0, 0, 0.00000000000000000000e+00) (0, 0, 0.00000000000000000000e+00) (0, 0, 0.00000000000000000000e+00) (4, 3, 5.00000000000000000000e-01) (4, 3, 5.00000000000000000000e-01) (4, 3, 5.00000000000000000000e-01) (4, 3, 5.00000000000000000000e-01) (0, 3, 0.00000000000000000000e+00) (5, 3, 5.00000000000000000000e-01) (5, 3, 5.00000000000000000000e-01) (0, 3, 0.00000000000000000000e+00) (3, 3, 5.00000000000000000000e-01) (0, 3, 0.00000000000000000000e+00) 
connections (connected_to_neuron, weight)=(0, -1.06320896148681640625e+01) (1, -6.43588209152221679688e+00) (2, 8.24540901184082031250e+00) (3, 2.82502698898315429688e+00) (0, -4.63692951202392578125e+00) (1, 3.87368464469909667969e+00) (2, -4.32522344589233398438e+00) (3, 2.82223510742187500000e+00) (0, -3.98386335372924804688e+00) (1, -3.87845730781555175781e+00) (2, -2.54392528533935546875e+00) (3, 2.84766364097595214844e+00) (0, -4.39484548568725585938e+00) (1, -1.17564268112182617188e+01) (2, 3.04490447044372558594e+00) (3, 3.84733152389526367188e+00) (4, 7.04262065887451171875e+00) (5, -3.41478276252746582031e+00) (6, -1.04352760314941406250e+01) (7, -7.59488773345947265625e+00) (8, 3.66824090480804443359e-01) (4, 1.33314828872680664062e+01) (5, 1.05169935226440429688e+01) (6, 1.03124170303344726562e+01) (7, 5.36098289489746093750e+00) (8, -6.01821041107177734375e+00) (9, 5.98301982879638671875e+00) (10, -4.03654050827026367188e+00) (11, 1.64365839958190917969e+00) 
