FANN_FLO_2.1
num_layers=3
learning_rate=0.500000
connection_rate=1.000000
network_type=0
learning_momentum=0.000000
training_algorithm=2
train_error_function=1
train_stop_function=0
cascade_output_change_fraction=0.010000
quickprop_decay=-0.000100
quickprop_mu=1.750000
rprop_increase_factor=1.200000
rprop_decrease_factor=0.500000
rprop_delta_min=0.000000
rprop_delta_max=50.000000
rprop_delta_zero=0.100000
cascade_output_stagnation_epochs=12
cascade_candidate_change_fraction=0.010000
cascade_candidate_stagnation_epochs=12
cascade_max_out_epochs=150
cascade_min_out_epochs=50
cascade_max_cand_epochs=150
cascade_min_cand_epochs=50
cascade_num_candidate_groups=2
bit_fail_limit=3.49999994039535522461e-01
cascade_candidate_limit=1.00000000000000000000e+03
cascade_weight_multiplier=4.00000005960464477539e-01
cascade_activation_functions_count=10
cascade_activation_functions=3 5 7 8 10 11 14 15 16 17 
cascade_activation_steepnesses_count=4
cascade_activation_steepnesses=2.50000000000000000000e-01 5.00000000000000000000e-01 7.50000000000000000000e-01 1.00000000000000000000e+00 
layer_sizes=18 3 2 
scale_included=0
neurons (num_inputs, activation_function, activation_steepness)=(0, 0, 0.00000000000000000000e+00) (0, 0, 0.00000000000000000000e+00) (0, 0, 0.00000000000000000000e+00) (0, 0, 0.00000000000000000000e+00) (0, 0, 0.00000000000000000000e+00) (0, 0, 0.00000000000000000000e+00) (0, 0, 0.00000000000000000000e+00) (0, 0, 0.00000000000000000000e+00) (0, 0, 0.00000000000000000000e+00) (0, 0, 0.00000000000000000000e+00) (0, 0, 0.00000000000000000000e+00) (0, 0, 0.00000000000000000000e+00) (0, 0, 0.00000000000000000000e+00) (0, 0, 0.00000000000000000000e+00) (0, 0, 0.00000000000000000000e+00) (0, 0, 0.00000000000000000000e+00) (0, 0, 0.00000000000000000000e+00) (0, 0, 0.00000000000000000000e+00) (18, 3, 5.00000000000000000000e-01) (18, 3, 5.00000000000000000000e-01) (0, 3, 0.00000000000000000000e+00) (3, 0, 5.00000000000000000000e-01) (0, 0, 0.00000000000000000000e+00) 
connections (connected_to_neuron, weight)=(0, 1.01517285156250000000e+03) (1, 1.47000000000000000000e+03) (2, 1.47000000000000000000e+03) (3, 1.47000000000000000000e+03) (4, 1.47000000000000000000e+03) (5, -2.02972774505615234375e+01) (6, -1.60283946990966796875e+01) (7, -5.64653625488281250000e+02) (8, -6.90293121337890625000e+01) (9, 1.49392974853515625000e+02) (10, 1.72681671142578125000e+02) (11, 1.72736465454101562500e+02) (12, 1.39216430664062500000e+02) (13, 1.38017059326171875000e+02) (14, 1.37587402343750000000e+02) (15, 1.37788391113281250000e+02) (16, 7.52411117553710937500e+01) (17, 7.88683891296386718750e-01) (0, 7.80071616172790527344e-01) (1, 7.03123092651367187500e-01) (2, 8.23059380054473876953e-01) (3, 7.02709376811981201172e-01) (4, 7.24344849586486816406e-01) (5, -6.85102820396423339844e-01) (6, -8.08303833007812500000e-01) (7, -7.14248597621917724609e-01) (8, -1.25537347048521041870e-02) (9, 7.13126659393310546875e-01) (10, 7.76856422424316406250e-01) (11, 7.61759698390960693359e-01) (12, 6.48710668087005615234e-01) (13, 8.01989257335662841797e-01) (14, 6.09236001968383789062e-01) (15, 7.73221373558044433594e-01) (16, 7.08279132843017578125e-01) (17, -3.11270022392272949219e+00) (18, 8.85484814643859863281e-01) (19, 1.24452409744262695312e+01) (20, 1.38744175434112548828e+00) 
