FANN_FLO_2.1
num_layers=3
learning_rate=0.500000
connection_rate=1.000000
network_type=0
learning_momentum=0.000000
training_algorithm=2
train_error_function=1
train_stop_function=0
cascade_output_change_fraction=0.010000
quickprop_decay=-0.000100
quickprop_mu=1.750000
rprop_increase_factor=1.200000
rprop_decrease_factor=0.500000
rprop_delta_min=0.000000
rprop_delta_max=50.000000
rprop_delta_zero=0.100000
cascade_output_stagnation_epochs=12
cascade_candidate_change_fraction=0.010000
cascade_candidate_stagnation_epochs=12
cascade_max_out_epochs=150
cascade_min_out_epochs=50
cascade_max_cand_epochs=150
cascade_min_cand_epochs=50
cascade_num_candidate_groups=2
bit_fail_limit=3.49999994039535522461e-01
cascade_candidate_limit=1.00000000000000000000e+03
cascade_weight_multiplier=4.00000005960464477539e-01
cascade_activation_functions_count=10
cascade_activation_functions=3 5 7 8 10 11 14 15 16 17 
cascade_activation_steepnesses_count=4
cascade_activation_steepnesses=2.50000000000000000000e-01 5.00000000000000000000e-01 7.50000000000000000000e-01 1.00000000000000000000e+00 
layer_sizes=7 9 2 
scale_included=0
neurons (num_inputs, activation_function, activation_steepness)=(0, 0, 0.00000000000000000000e+00) (0, 0, 0.00000000000000000000e+00) (0, 0, 0.00000000000000000000e+00) (0, 0, 0.00000000000000000000e+00) (0, 0, 0.00000000000000000000e+00) (0, 0, 0.00000000000000000000e+00) (0, 0, 0.00000000000000000000e+00) (7, 3, 5.00000000000000000000e-01) (7, 3, 5.00000000000000000000e-01) (7, 3, 5.00000000000000000000e-01) (7, 3, 5.00000000000000000000e-01) (7, 3, 5.00000000000000000000e-01) (7, 3, 5.00000000000000000000e-01) (7, 3, 5.00000000000000000000e-01) (7, 3, 5.00000000000000000000e-01) (0, 3, 0.00000000000000000000e+00) (9, 0, 5.00000000000000000000e-01) (0, 0, 0.00000000000000000000e+00) 
connections (connected_to_neuron, weight)=(0, -2.62012362480163574219e-01) (1, 9.28486362099647521973e-02) (2, 4.41718578338623046875e-01) (3, -3.30653160810470581055e-01) (4, 1.25995829701423645020e-01) (5, -3.18712145090103149414e-01) (6, -3.71432691812515258789e-01) (0, -2.90318280458450317383e-01) (1, 2.61579483747482299805e-01) (2, 4.59122776985168457031e-01) (3, -1.18938565254211425781e-01) (4, 1.04684289544820785522e-02) (5, -2.53077685832977294922e-01) (6, -2.41617709398269653320e-01) (0, -4.40649002790451049805e-01) (1, -1.65891611576080322266e+00) (2, -9.46999549865722656250e+00) (3, 2.13880222290754318237e-02) (4, -2.14990332722663879395e-01) (5, -4.25886541604995727539e-01) (6, -2.49821007251739501953e-01) (0, -7.78905987739562988281e-01) (1, -1.76780204772949218750e+01) (2, -2.29300022125244140625e-01) (3, 1.76652264595031738281e+00) (4, 4.56407070159912109375e+00) (5, -5.17728090286254882812e+00) (6, -8.49659264087677001953e-01) (0, -1.92740246653556823730e-01) (1, 8.69449198246002197266e-01) (2, 6.33292794227600097656e-01) (3, -2.51584857702255249023e-01) (4, -4.58851829171180725098e-03) (5, -2.36455738544464111328e-01) (6, -3.65398854017257690430e-01) (0, -2.83130764961242675781e-01) (1, -9.77693498134613037109e-01) (2, -6.04329795837402343750e+01) (3, -8.96412953734397888184e-02) (4, 3.00798773765563964844e-01) (5, -4.26527947187423706055e-01) (6, -1.95068731904029846191e-01) (0, -2.07889318466186523438e+00) (1, -1.37858551025390625000e+02) (2, 8.88818740844726562500e+01) (3, -6.06150245666503906250e+00) (4, -3.36081767082214355469e+00) (5, 1.59369897842407226562e+01) (6, -1.43203687667846679688e+00) (0, -3.89118194580078125000e-01) (1, 2.53909140825271606445e-01) (2, -1.96760445833206176758e-01) (3, 6.87800049781799316406e-01) (4, -2.13526940345764160156e+00) (5, -7.09599018096923828125e-01) (6, -6.76068365573883056641e-01) (7, -1.75842305179685354233e-03) (8, -1.42303137108683586121e-02) (9, 2.40612220764160156250e+00) (10, -2.23129495978355407715e-01) (11, 1.70603152364492416382e-02) (12, -1.56315803527832031250e-01) (13, 4.08710540771484375000e+02) (14, 2.62153446674346923828e-01) (15, -6.63598999381065368652e-04) 
