FANN_FLO_2.1
num_layers=3
learning_rate=0.500000
connection_rate=1.000000
network_type=0
learning_momentum=0.000000
training_algorithm=2
train_error_function=1
train_stop_function=0
cascade_output_change_fraction=0.010000
quickprop_decay=-0.000100
quickprop_mu=1.750000
rprop_increase_factor=1.200000
rprop_decrease_factor=0.500000
rprop_delta_min=0.000000
rprop_delta_max=50.000000
rprop_delta_zero=0.100000
cascade_output_stagnation_epochs=12
cascade_candidate_change_fraction=0.010000
cascade_candidate_stagnation_epochs=12
cascade_max_out_epochs=150
cascade_min_out_epochs=50
cascade_max_cand_epochs=150
cascade_min_cand_epochs=50
cascade_num_candidate_groups=2
bit_fail_limit=3.49999994039535522461e-01
cascade_candidate_limit=1.00000000000000000000e+03
cascade_weight_multiplier=4.00000005960464477539e-01
cascade_activation_functions_count=10
cascade_activation_functions=3 5 7 8 10 11 14 15 16 17 
cascade_activation_steepnesses_count=4
cascade_activation_steepnesses=2.50000000000000000000e-01 5.00000000000000000000e-01 7.50000000000000000000e-01 1.00000000000000000000e+00 
layer_sizes=3 9 4 
scale_included=0
neurons (num_inputs, activation_function, activation_steepness)=(0, 0, 0.00000000000000000000e+00) (0, 0, 0.00000000000000000000e+00) (0, 0, 0.00000000000000000000e+00) (3, 3, 5.00000000000000000000e-01) (3, 3, 5.00000000000000000000e-01) (3, 3, 5.00000000000000000000e-01) (3, 3, 5.00000000000000000000e-01) (3, 3, 5.00000000000000000000e-01) (3, 3, 5.00000000000000000000e-01) (3, 3, 5.00000000000000000000e-01) (3, 3, 5.00000000000000000000e-01) (0, 3, 0.00000000000000000000e+00) (9, 0, 5.00000000000000000000e-01) (9, 0, 5.00000000000000000000e-01) (9, 0, 5.00000000000000000000e-01) (0, 0, 0.00000000000000000000e+00) 
connections (connected_to_neuron, weight)=(0, -5.06794595718383789062e+00) (1, 3.24374365806579589844e+00) (2, 2.29113173484802246094e+00) (0, -3.98815870285034179688e+00) (1, 1.31329107284545898438e+00) (2, 8.29376220703125000000e+00) (0, -2.90780091285705566406e+00) (1, -6.17377519607543945312e+00) (2, 3.85186940431594848633e-01) (0, -6.55812644958496093750e+00) (1, 6.06196975708007812500e+00) (2, 4.72960138320922851562e+00) (0, -5.02544879913330078125e+00) (1, 5.30670309066772460938e+00) (2, 6.08374977111816406250e+00) (0, -3.76275563240051269531e+00) (1, 1.17641544342041015625e+00) (2, 5.99390029907226562500e-01) (0, -3.34257507324218750000e+00) (1, -3.15021491050720214844e+00) (2, 8.38430643081665039062e-01) (0, -3.49991250038146972656e+00) (1, -1.01313018798828125000e+00) (2, 8.59599232673645019531e-01) (3, 3.19243490695953369141e-01) (4, 3.57112109661102294922e-01) (5, 1.66621971130371093750e+00) (6, 9.70450162887573242188e-01) (7, 5.74178516864776611328e-01) (8, 2.92881631851196289062e+00) (9, 1.83774590492248535156e+00) (10, 1.88289499282836914062e+00) (11, 4.66600745916366577148e-01) (3, 2.58853745460510253906e+00) (4, 2.06467080116271972656e+00) (5, 4.44387674331665039062e+00) (6, 3.12107729911804199219e+00) (7, 2.39226102828979492188e+00) (8, 6.71291875839233398438e+00) (9, 5.03054809570312500000e+00) (10, 5.65227270126342773438e+00) (11, 1.85935080051422119141e+00) (3, 9.11300373077392578125e+00) (4, 8.96044731140136718750e+00) (5, 1.43514499664306640625e+01) (6, 8.99974060058593750000e+00) (7, 8.90234565734863281250e+00) (8, 1.92467708587646484375e+01) (9, 1.47885637283325195312e+01) (10, 1.99302310943603515625e+01) (11, 8.91313934326171875000e+00) 
