FANN_FLO_2.1
num_layers=4
learning_rate=0.450000
connection_rate=1.000000
network_type=0
learning_momentum=0.000000
training_algorithm=2
train_error_function=1
train_stop_function=0
cascade_output_change_fraction=0.010000
quickprop_decay=-0.000100
quickprop_mu=1.750000
rprop_increase_factor=1.200000
rprop_decrease_factor=0.500000
rprop_delta_min=0.000000
rprop_delta_max=50.000000
rprop_delta_zero=0.100000
cascade_output_stagnation_epochs=12
cascade_candidate_change_fraction=0.010000
cascade_candidate_stagnation_epochs=12
cascade_max_out_epochs=150
cascade_min_out_epochs=50
cascade_max_cand_epochs=150
cascade_min_cand_epochs=50
cascade_num_candidate_groups=2
bit_fail_limit=3.49999994039535522461e-01
cascade_candidate_limit=1.00000000000000000000e+03
cascade_weight_multiplier=4.00000005960464477539e-01
cascade_activation_functions_count=10
cascade_activation_functions=3 5 7 8 10 11 14 15 16 17 
cascade_activation_steepnesses_count=4
cascade_activation_steepnesses=2.50000000000000000000e-01 5.00000000000000000000e-01 7.50000000000000000000e-01 1.00000000000000000000e+00 
layer_sizes=7 5 3 2 
scale_included=0
neurons (num_inputs, activation_function, activation_steepness)=(0, 0, 0.00000000000000000000e+00) (0, 0, 0.00000000000000000000e+00) (0, 0, 0.00000000000000000000e+00) (0, 0, 0.00000000000000000000e+00) (0, 0, 0.00000000000000000000e+00) (0, 0, 0.00000000000000000000e+00) (0, 0, 0.00000000000000000000e+00) (7, 3, 5.00000000000000000000e-01) (7, 3, 5.00000000000000000000e-01) (7, 3, 5.00000000000000000000e-01) (7, 3, 5.00000000000000000000e-01) (0, 3, 0.00000000000000000000e+00) (5, 3, 5.00000000000000000000e-01) (5, 3, 5.00000000000000000000e-01) (0, 3, 0.00000000000000000000e+00) (3, 0, 5.00000000000000000000e-01) (0, 0, 0.00000000000000000000e+00) 
connections (connected_to_neuron, weight)=(0, 1.18179907226562500000e+03) (1, 1.49999938964843750000e+03) (2, 1.49999511718750000000e+03) (3, 3.04879302978515625000e+02) (4, 9.26746826171875000000e+02) (5, 1.14441418457031250000e+03) (6, 1.41722488403320312500e+00) (0, -1.90383642911911010742e-01) (1, -9.88065749406814575195e-02) (2, -6.67066097259521484375e-01) (3, 2.97340214252471923828e-01) (4, 1.60014963150024414062e+00) (5, -7.09998607635498046875e-01) (6, -8.76659011840820312500e+00) (0, 1.49996630859375000000e+03) (1, 1.49719531250000000000e+03) (2, 1.49854821777343750000e+03) (3, 3.05034881591796875000e+02) (4, 9.45442993164062500000e+02) (5, 7.76280273437500000000e+02) (6, 1.54094624519348144531e+00) (0, 4.97951716184616088867e-01) (1, 1.40153050422668457031e-01) (2, -1.32972046732902526855e-01) (3, 4.12037789821624755859e-01) (4, 3.00543069839477539062e-01) (5, -1.41450464725494384766e+00) (6, 3.17965090274810791016e-01) (7, -1.55829834938049316406e+00) (8, 2.36793762207031250000e+02) (9, -1.53494298458099365234e+00) (10, 7.09878063201904296875e+00) (11, -1.58683228492736816406e+00) (7, -3.41735213994979858398e-01) (8, -7.00348937988281250000e+02) (9, -2.00662612915039062500e-01) (10, -1.07729482650756835938e+01) (11, 2.83830857276916503906e+00) (12, 1.10466457903385162354e-01) (13, 7.00757932662963867188e+00) (14, -9.62624773383140563965e-02) 
