FANN_FLO_2.1
num_layers=3
learning_rate=0.500000
connection_rate=1.000000
network_type=0
learning_momentum=0.000000
training_algorithm=2
train_error_function=1
train_stop_function=0
cascade_output_change_fraction=0.010000
quickprop_decay=-0.000100
quickprop_mu=1.750000
rprop_increase_factor=1.200000
rprop_decrease_factor=0.500000
rprop_delta_min=0.000000
rprop_delta_max=50.000000
rprop_delta_zero=0.100000
cascade_output_stagnation_epochs=12
cascade_candidate_change_fraction=0.010000
cascade_candidate_stagnation_epochs=12
cascade_max_out_epochs=150
cascade_min_out_epochs=50
cascade_max_cand_epochs=150
cascade_min_cand_epochs=50
cascade_num_candidate_groups=2
bit_fail_limit=3.49999994039535522461e-01
cascade_candidate_limit=1.00000000000000000000e+03
cascade_weight_multiplier=4.00000005960464477539e-01
cascade_activation_functions_count=10
cascade_activation_functions=3 5 7 8 10 11 14 15 16 17 
cascade_activation_steepnesses_count=4
cascade_activation_steepnesses=2.50000000000000000000e-01 5.00000000000000000000e-01 7.50000000000000000000e-01 1.00000000000000000000e+00 
layer_sizes=7 5 2 
scale_included=0
neurons (num_inputs, activation_function, activation_steepness)=(0, 0, 0.00000000000000000000e+00) (0, 0, 0.00000000000000000000e+00) (0, 0, 0.00000000000000000000e+00) (0, 0, 0.00000000000000000000e+00) (0, 0, 0.00000000000000000000e+00) (0, 0, 0.00000000000000000000e+00) (0, 0, 0.00000000000000000000e+00) (7, 3, 5.00000000000000000000e-01) (7, 3, 5.00000000000000000000e-01) (7, 3, 5.00000000000000000000e-01) (7, 3, 5.00000000000000000000e-01) (0, 3, 0.00000000000000000000e+00) (5, 0, 5.00000000000000000000e-01) (0, 0, 0.00000000000000000000e+00) 
connections (connected_to_neuron, weight)=(0, 8.25296936035156250000e+01) (1, 5.40405998229980468750e+01) (2, -1.82438980102539062500e+02) (3, 6.64238662719726562500e+01) (4, 1.42925481796264648438e+01) (5, 1.65026206970214843750e+01) (6, -3.25345873832702636719e-01) (0, 1.54125523567199707031e+00) (1, -7.72269058227539062500e+01) (2, 1.70679168701171875000e+02) (3, 6.96761035919189453125e+00) (4, -1.45860473632812500000e+02) (5, 3.42095756530761718750e+01) (6, -8.33669126033782958984e-01) (0, -6.34356956481933593750e+01) (1, 8.35839366912841796875e+00) (2, -8.23611877441406250000e+02) (3, -4.07376937866210937500e+01) (4, -2.05560374259948730469e+00) (5, -6.48974487304687500000e+02) (6, -4.61642503738403320312e-01) (0, 1.79374141693115234375e+01) (1, 5.98245906829833984375e+00) (2, -6.04713859558105468750e+01) (3, 8.68520507812500000000e+01) (4, -3.98210287094116210938e+00) (5, 7.09511184692382812500e+01) (6, -2.80532985925674438477e-01) (7, -3.67371330261230468750e+01) (8, 2.83615477383136749268e-02) (9, 1.50000000000000000000e+03) (10, 3.67709922790527343750e+01) (11, -2.09318101406097412109e-02) 
