FANN_FLO_2.1
num_layers=4
learning_rate=0.450000
connection_rate=1.000000
network_type=0
learning_momentum=0.000000
training_algorithm=2
train_error_function=1
train_stop_function=0
cascade_output_change_fraction=0.010000
quickprop_decay=-0.000100
quickprop_mu=1.750000
rprop_increase_factor=1.200000
rprop_decrease_factor=0.500000
rprop_delta_min=0.000000
rprop_delta_max=50.000000
rprop_delta_zero=0.100000
cascade_output_stagnation_epochs=12
cascade_candidate_change_fraction=0.010000
cascade_candidate_stagnation_epochs=12
cascade_max_out_epochs=150
cascade_min_out_epochs=50
cascade_max_cand_epochs=150
cascade_min_cand_epochs=50
cascade_num_candidate_groups=2
bit_fail_limit=3.49999994039535522461e-01
cascade_candidate_limit=1.00000000000000000000e+03
cascade_weight_multiplier=4.00000005960464477539e-01
cascade_activation_functions_count=10
cascade_activation_functions=3 5 7 8 10 11 14 15 16 17 
cascade_activation_steepnesses_count=4
cascade_activation_steepnesses=2.50000000000000000000e-01 5.00000000000000000000e-01 7.50000000000000000000e-01 1.00000000000000000000e+00 
layer_sizes=7 3 3 2 
scale_included=0
neurons (num_inputs, activation_function, activation_steepness)=(0, 0, 0.00000000000000000000e+00) (0, 0, 0.00000000000000000000e+00) (0, 0, 0.00000000000000000000e+00) (0, 0, 0.00000000000000000000e+00) (0, 0, 0.00000000000000000000e+00) (0, 0, 0.00000000000000000000e+00) (0, 0, 0.00000000000000000000e+00) (7, 3, 5.00000000000000000000e-01) (7, 3, 5.00000000000000000000e-01) (0, 3, 0.00000000000000000000e+00) (3, 3, 5.00000000000000000000e-01) (3, 3, 5.00000000000000000000e-01) (0, 3, 0.00000000000000000000e+00) (3, 0, 5.00000000000000000000e-01) (0, 0, 0.00000000000000000000e+00) 
connections (connected_to_neuron, weight)=(0, 2.14551314711570739746e-01) (1, 7.77885377407073974609e-01) (2, -8.28521609306335449219e-01) (3, 7.83426687121391296387e-02) (4, 6.26275062561035156250e-01) (5, -5.69763779640197753906e-01) (6, -2.95195984840393066406e+00) (0, 4.58059698343276977539e-01) (1, 2.61081308126449584961e-01) (2, -9.27501618862152099609e-01) (3, 3.09532314538955688477e-01) (4, 2.41771876811981201172e-01) (5, -6.94577515125274658203e-01) (6, 4.43895220756530761719e-01) (7, -2.01691036224365234375e+01) (8, -3.79862861633300781250e+01) (9, 1.48635530471801757812e+01) (7, 2.73220807313919067383e-01) (8, -9.80097413063049316406e-01) (9, 1.82718262076377868652e-01) (10, 1.77114319801330566406e+00) (11, -1.10236987471580505371e-01) (12, 5.59385754168033599854e-02) 
