FANN_FLO_2.1
num_layers=3
learning_rate=0.500000
connection_rate=1.000000
network_type=0
learning_momentum=0.000000
training_algorithm=2
train_error_function=1
train_stop_function=0
cascade_output_change_fraction=0.010000
quickprop_decay=-0.000100
quickprop_mu=1.750000
rprop_increase_factor=1.200000
rprop_decrease_factor=0.500000
rprop_delta_min=0.000000
rprop_delta_max=50.000000
rprop_delta_zero=0.100000
cascade_output_stagnation_epochs=12
cascade_candidate_change_fraction=0.010000
cascade_candidate_stagnation_epochs=12
cascade_max_out_epochs=150
cascade_min_out_epochs=50
cascade_max_cand_epochs=150
cascade_min_cand_epochs=50
cascade_num_candidate_groups=2
bit_fail_limit=3.49999994039535522461e-01
cascade_candidate_limit=1.00000000000000000000e+03
cascade_weight_multiplier=4.00000005960464477539e-01
cascade_activation_functions_count=10
cascade_activation_functions=3 5 7 8 10 11 14 15 16 17 
cascade_activation_steepnesses_count=4
cascade_activation_steepnesses=2.50000000000000000000e-01 5.00000000000000000000e-01 7.50000000000000000000e-01 1.00000000000000000000e+00 
layer_sizes=3 9 4 
scale_included=0
neurons (num_inputs, activation_function, activation_steepness)=(0, 0, 0.00000000000000000000e+00) (0, 0, 0.00000000000000000000e+00) (0, 0, 0.00000000000000000000e+00) (3, 3, 5.00000000000000000000e-01) (3, 3, 5.00000000000000000000e-01) (3, 3, 5.00000000000000000000e-01) (3, 3, 5.00000000000000000000e-01) (3, 3, 5.00000000000000000000e-01) (3, 3, 5.00000000000000000000e-01) (3, 3, 5.00000000000000000000e-01) (3, 3, 5.00000000000000000000e-01) (0, 3, 0.00000000000000000000e+00) (9, 0, 5.00000000000000000000e-01) (9, 0, 5.00000000000000000000e-01) (9, 0, 5.00000000000000000000e-01) (0, 0, 0.00000000000000000000e+00) 
connections (connected_to_neuron, weight)=(0, -1.34594178199768066406e+00) (1, -2.93089985847473144531e+00) (2, -1.61560282111167907715e-01) (0, -5.97203397750854492188e+00) (1, 5.65843439102172851562e+00) (2, 4.73675966262817382812e+00) (0, -5.50999689102172851562e+00) (1, -1.16892710328102111816e-01) (2, 9.44460451602935791016e-01) (0, -7.07809209823608398438e+00) (1, 3.69240927696228027344e+00) (2, 5.00128412246704101562e+00) (0, -4.47931957244873046875e+00) (1, -3.49998354911804199219e+00) (2, -1.90658167004585266113e-01) (0, -5.23716831207275390625e+00) (1, 1.71636056900024414062e+00) (2, 1.24262130260467529297e+00) (0, -5.56825304031372070312e+00) (1, -1.91652274131774902344e+00) (2, 3.97754520177841186523e-01) (0, -4.98980665206909179688e+00) (1, 5.32307910919189453125e+00) (2, 6.50210666656494140625e+00) (3, 1.00172448158264160156e+00) (4, 1.05103600025177001953e+00) (5, 1.46210300922393798828e+00) (6, 7.08291649818420410156e-01) (7, 2.20657539367675781250e+00) (8, 1.74267315864562988281e+00) (9, 1.22978818416595458984e+00) (10, 7.55410492420196533203e-01) (11, 6.17377519607543945312e-01) (3, 6.96364212036132812500e+00) (4, 3.61217141151428222656e+00) (5, 3.53504705429077148438e+00) (6, 3.10615110397338867188e+00) (7, 3.76188874244689941406e+00) (8, 5.09055423736572265625e+00) (9, 3.92435622215270996094e+00) (10, 3.03989624977111816406e+00) (11, 2.51589775085449218750e+00) (3, 2.35387115478515625000e+01) (4, 1.07344264984130859375e+01) (5, 1.17600679397583007812e+01) (6, 1.03502674102783203125e+01) (7, 1.16867437362670898438e+01) (8, 1.57117319107055664062e+01) (9, 1.17707061767578125000e+01) (10, 1.06821680068969726562e+01) (11, 1.32484798431396484375e+01) 
