FANN_FLO_2.1
num_layers=3
learning_rate=0.400000
connection_rate=1.000000
network_type=0
learning_momentum=0.000000
training_algorithm=2
train_error_function=1
train_stop_function=0
cascade_output_change_fraction=0.010000
quickprop_decay=-0.000100
quickprop_mu=1.750000
rprop_increase_factor=1.200000
rprop_decrease_factor=0.500000
rprop_delta_min=0.000000
rprop_delta_max=50.000000
rprop_delta_zero=0.100000
cascade_output_stagnation_epochs=12
cascade_candidate_change_fraction=0.010000
cascade_candidate_stagnation_epochs=12
cascade_max_out_epochs=150
cascade_min_out_epochs=50
cascade_max_cand_epochs=150
cascade_min_cand_epochs=50
cascade_num_candidate_groups=2
bit_fail_limit=3.49999994039535522461e-01
cascade_candidate_limit=1.00000000000000000000e+03
cascade_weight_multiplier=4.00000005960464477539e-01
cascade_activation_functions_count=10
cascade_activation_functions=3 5 7 8 10 11 14 15 16 17 
cascade_activation_steepnesses_count=4
cascade_activation_steepnesses=2.50000000000000000000e-01 5.00000000000000000000e-01 7.50000000000000000000e-01 1.00000000000000000000e+00 
layer_sizes=10 3 2 
scale_included=0
neurons (num_inputs, activation_function, activation_steepness)=(0, 0, 0.00000000000000000000e+00) (0, 0, 0.00000000000000000000e+00) (0, 0, 0.00000000000000000000e+00) (0, 0, 0.00000000000000000000e+00) (0, 0, 0.00000000000000000000e+00) (0, 0, 0.00000000000000000000e+00) (0, 0, 0.00000000000000000000e+00) (0, 0, 0.00000000000000000000e+00) (0, 0, 0.00000000000000000000e+00) (0, 0, 0.00000000000000000000e+00) (10, 3, 5.00000000000000000000e-01) (10, 3, 5.00000000000000000000e-01) (0, 3, 0.00000000000000000000e+00) (3, 3, 5.00000000000000000000e-01) (0, 3, 0.00000000000000000000e+00) 
connections (connected_to_neuron, weight)=(0, -4.33367863297462463379e-02) (1, -7.87468478083610534668e-02) (2, -7.27687403559684753418e-02) (3, -6.89222887158393859863e-02) (4, -6.76137879490852355957e-02) (5, -1.49066060781478881836e-01) (6, -1.95356249809265136719e-01) (7, -8.70822593569755554199e-02) (8, -8.30978974699974060059e-02) (9, -1.80326193571090698242e-01) (0, -7.97858461737632751465e-02) (1, -3.06348577141761779785e-02) (2, -1.66615813970565795898e-01) (3, -2.06392467021942138672e-01) (4, -1.54453366994857788086e-01) (5, -6.83426931500434875488e-02) (6, -5.81885352730751037598e-02) (7, -9.55181717872619628906e-02) (8, -1.50993287563323974609e-01) (9, -1.84161365032196044922e-01) (10, -6.02984800934791564941e-02) (11, -8.60288962721824645996e-02) (12, -1.11369714140892028809e-01) 
