FANN_FLO_2.1
num_layers=4
learning_rate=0.500000
connection_rate=1.000000
network_type=0
learning_momentum=0.000000
training_algorithm=2
train_error_function=1
train_stop_function=0
cascade_output_change_fraction=0.010000
quickprop_decay=-0.000100
quickprop_mu=1.750000
rprop_increase_factor=1.200000
rprop_decrease_factor=0.500000
rprop_delta_min=0.000000
rprop_delta_max=50.000000
rprop_delta_zero=0.100000
cascade_output_stagnation_epochs=12
cascade_candidate_change_fraction=0.010000
cascade_candidate_stagnation_epochs=12
cascade_max_out_epochs=150
cascade_min_out_epochs=50
cascade_max_cand_epochs=150
cascade_min_cand_epochs=50
cascade_num_candidate_groups=2
bit_fail_limit=3.49999994039535522461e-01
cascade_candidate_limit=1.00000000000000000000e+03
cascade_weight_multiplier=4.00000005960464477539e-01
cascade_activation_functions_count=10
cascade_activation_functions=3 5 7 8 10 11 14 15 16 17 
cascade_activation_steepnesses_count=4
cascade_activation_steepnesses=2.50000000000000000000e-01 5.00000000000000000000e-01 7.50000000000000000000e-01 1.00000000000000000000e+00 
layer_sizes=4 5 5 2 
scale_included=0
neurons (num_inputs, activation_function, activation_steepness)=(0, 0, 0.00000000000000000000e+00) (0, 0, 0.00000000000000000000e+00) (0, 0, 0.00000000000000000000e+00) (0, 0, 0.00000000000000000000e+00) (4, 3, 5.00000000000000000000e-01) (4, 3, 5.00000000000000000000e-01) (4, 3, 5.00000000000000000000e-01) (4, 3, 5.00000000000000000000e-01) (0, 3, 0.00000000000000000000e+00) (5, 3, 5.00000000000000000000e-01) (5, 3, 5.00000000000000000000e-01) (5, 3, 5.00000000000000000000e-01) (5, 3, 5.00000000000000000000e-01) (0, 3, 0.00000000000000000000e+00) (5, 3, 5.00000000000000000000e-01) (0, 3, 0.00000000000000000000e+00) 
connections (connected_to_neuron, weight)=(0, 4.80238533020019531250e+00) (1, -6.78556489944458007812e+00) (2, 8.14324569702148437500e+00) (3, -2.27980875968933105469e+00) (0, 5.03318691253662109375e+00) (1, -1.19707508087158203125e+01) (2, 9.61711788177490234375e+00) (3, -8.69417786598205566406e-01) (0, -4.15898275375366210938e+00) (1, -7.11082506179809570312e+00) (2, 2.16790175437927246094e+00) (3, 3.63002467155456542969e+00) (0, -5.95358896255493164062e+00) (1, -7.39592742919921875000e+00) (2, 1.52436423301696777344e+00) (3, 5.24121379852294921875e+00) (4, -3.43088531494140625000e+00) (5, -3.78452253341674804688e+00) (6, 4.84375286102294921875e+00) (7, 1.00997047424316406250e+01) (8, 1.13228225708007812500e+00) (4, -4.17533302307128906250e+00) (5, -5.01487350463867187500e+00) (6, 4.80716991424560546875e+00) (7, 1.37480964660644531250e+01) (8, 1.25449395179748535156e+00) (4, -6.74142980575561523438e+00) (5, -4.71322345733642578125e+00) (6, 8.27141284942626953125e+00) (7, 1.40886459350585937500e+01) (8, 1.87688565254211425781e+00) (4, -5.55642843246459960938e+00) (5, -2.85030364990234375000e+00) (6, 5.90423965454101562500e+00) (7, 9.86017131805419921875e+00) (8, 1.62437200546264648438e+00) (9, 7.98567105084657669067e-03) (10, -5.80188155174255371094e-01) (11, -3.87876605987548828125e+00) (12, -2.68023967742919921875e-01) (13, 2.42660522460937500000e+00) 
