FANN_FLO_2.1
num_layers=4
learning_rate=0.300000
connection_rate=1.000000
network_type=0
learning_momentum=0.000000
training_algorithm=2
train_error_function=1
train_stop_function=0
cascade_output_change_fraction=0.010000
quickprop_decay=-0.000100
quickprop_mu=1.750000
rprop_increase_factor=1.200000
rprop_decrease_factor=0.500000
rprop_delta_min=0.000000
rprop_delta_max=50.000000
rprop_delta_zero=0.100000
cascade_output_stagnation_epochs=12
cascade_candidate_change_fraction=0.010000
cascade_candidate_stagnation_epochs=12
cascade_max_out_epochs=150
cascade_min_out_epochs=50
cascade_max_cand_epochs=150
cascade_min_cand_epochs=50
cascade_num_candidate_groups=2
bit_fail_limit=3.49999994039535522461e-01
cascade_candidate_limit=1.00000000000000000000e+03
cascade_weight_multiplier=4.00000005960464477539e-01
cascade_activation_functions_count=10
cascade_activation_functions=3 5 7 8 10 11 14 15 16 17 
cascade_activation_steepnesses_count=4
cascade_activation_steepnesses=2.50000000000000000000e-01 5.00000000000000000000e-01 7.50000000000000000000e-01 1.00000000000000000000e+00 
layer_sizes=2 5 3 3 
scale_included=0
neurons (num_inputs, activation_function, activation_steepness)=(0, 0, 0.00000000000000000000e+00) (0, 0, 0.00000000000000000000e+00) (2, 3, 5.00000000000000000000e-01) (2, 3, 5.00000000000000000000e-01) (2, 3, 5.00000000000000000000e-01) (2, 3, 5.00000000000000000000e-01) (0, 3, 0.00000000000000000000e+00) (5, 3, 5.00000000000000000000e-01) (5, 3, 5.00000000000000000000e-01) (0, 3, 0.00000000000000000000e+00) (3, 0, 5.00000000000000000000e-01) (3, 0, 5.00000000000000000000e-01) (0, 0, 0.00000000000000000000e+00) 
connections (connected_to_neuron, weight)=(0, 2.49930620193481445312e+00) (1, 5.78807926177978515625e+00) (0, -7.40256726741790771484e-01) (1, -1.08328807353973388672e+00) (0, -7.57758235931396484375e+00) (1, -4.14190053939819335938e+00) (0, -1.20620479583740234375e+01) (1, -5.74842023849487304688e+00) (2, 2.05847477912902832031e+00) (3, -8.82731437683105468750e+00) (4, 3.84458184242248535156e-01) (5, 5.65628719329833984375e+00) (6, -1.28188467025756835938e+00) (2, 2.18967199325561523438e-01) (3, -5.21224021911621093750e-01) (4, 1.24848686158657073975e-01) (5, 1.72628557682037353516e+00) (6, 3.20433437824249267578e-01) (7, 1.32558867335319519043e-01) (8, -2.01384015381336212158e-02) (9, -3.04399356245994567871e-02) (7, -1.17663562297821044922e+00) (8, -7.60185718536376953125e-01) (9, -5.80646872520446777344e-01) 
