FANN_FLO_2.1
num_layers=4
learning_rate=0.300000
connection_rate=1.000000
network_type=0
learning_momentum=0.000000
training_algorithm=2
train_error_function=1
train_stop_function=0
cascade_output_change_fraction=0.010000
quickprop_decay=-0.000100
quickprop_mu=1.750000
rprop_increase_factor=1.200000
rprop_decrease_factor=0.500000
rprop_delta_min=0.000000
rprop_delta_max=50.000000
rprop_delta_zero=0.100000
cascade_output_stagnation_epochs=12
cascade_candidate_change_fraction=0.010000
cascade_candidate_stagnation_epochs=12
cascade_max_out_epochs=150
cascade_min_out_epochs=50
cascade_max_cand_epochs=150
cascade_min_cand_epochs=50
cascade_num_candidate_groups=2
bit_fail_limit=3.49999994039535522461e-01
cascade_candidate_limit=1.00000000000000000000e+03
cascade_weight_multiplier=4.00000005960464477539e-01
cascade_activation_functions_count=10
cascade_activation_functions=3 5 7 8 10 11 14 15 16 17 
cascade_activation_steepnesses_count=4
cascade_activation_steepnesses=2.50000000000000000000e-01 5.00000000000000000000e-01 7.50000000000000000000e-01 1.00000000000000000000e+00 
layer_sizes=2 5 5 3 
scale_included=0
neurons (num_inputs, activation_function, activation_steepness)=(0, 0, 0.00000000000000000000e+00) (0, 0, 0.00000000000000000000e+00) (2, 3, 5.00000000000000000000e-01) (2, 3, 5.00000000000000000000e-01) (2, 3, 5.00000000000000000000e-01) (2, 3, 5.00000000000000000000e-01) (0, 3, 0.00000000000000000000e+00) (5, 3, 5.00000000000000000000e-01) (5, 3, 5.00000000000000000000e-01) (5, 3, 5.00000000000000000000e-01) (5, 3, 5.00000000000000000000e-01) (0, 3, 0.00000000000000000000e+00) (5, 0, 5.00000000000000000000e-01) (5, 0, 5.00000000000000000000e-01) (0, 0, 0.00000000000000000000e+00) 
connections (connected_to_neuron, weight)=(0, -2.46826705932617187500e+01) (1, -9.74471569061279296875e-01) (0, -3.00095977783203125000e+01) (1, -9.96148824691772460938e-01) (0, -5.23840408325195312500e+01) (1, -1.21734941005706787109e+00) (0, -1.89795792102813720703e+00) (1, 7.09839880466461181641e-01) (2, 4.16160440444946289062e+00) (3, 4.15882110595703125000e+00) (4, 4.31662559509277343750e+00) (5, -5.57547330856323242188e-01) (6, -4.00259256362915039062e+00) (2, 1.13725113868713378906e+00) (3, 8.87462437152862548828e-01) (4, 3.90101552009582519531e+00) (5, 6.35572746396064758301e-02) (6, -7.65740513801574707031e-01) (2, 6.34123086929321289062e-01) (3, 7.88327753543853759766e-01) (4, 1.28092277050018310547e+00) (5, 2.23317965865135192871e-01) (6, 2.21055075526237487793e-01) (2, 1.74041378498077392578e+00) (3, 5.91837227344512939453e-01) (4, 2.88686215877532958984e-01) (5, 7.08767846226692199707e-02) (6, -1.27216070890426635742e-01) (7, 2.45719119906425476074e-01) (8, -3.82840894162654876709e-02) (9, -1.33335869759321212769e-02) (10, 2.18130163848400115967e-02) (11, -2.29137942194938659668e-01) (7, -6.75797879695892333984e-01) (8, -3.97851884365081787109e-01) (9, -5.43217122554779052734e-01) (10, -3.01693975925445556641e-01) (11, -3.38010758161544799805e-01) 
