FANN_FLO_2.1
num_layers=3
learning_rate=0.500000
connection_rate=1.000000
network_type=0
learning_momentum=0.000000
training_algorithm=2
train_error_function=1
train_stop_function=0
cascade_output_change_fraction=0.010000
quickprop_decay=-0.000100
quickprop_mu=1.750000
rprop_increase_factor=1.200000
rprop_decrease_factor=0.500000
rprop_delta_min=0.000000
rprop_delta_max=50.000000
rprop_delta_zero=0.100000
cascade_output_stagnation_epochs=12
cascade_candidate_change_fraction=0.010000
cascade_candidate_stagnation_epochs=12
cascade_max_out_epochs=150
cascade_min_out_epochs=50
cascade_max_cand_epochs=150
cascade_min_cand_epochs=50
cascade_num_candidate_groups=2
bit_fail_limit=3.49999994039535522461e-01
cascade_candidate_limit=1.00000000000000000000e+03
cascade_weight_multiplier=4.00000005960464477539e-01
cascade_activation_functions_count=10
cascade_activation_functions=3 5 7 8 10 11 14 15 16 17 
cascade_activation_steepnesses_count=4
cascade_activation_steepnesses=2.50000000000000000000e-01 5.00000000000000000000e-01 7.50000000000000000000e-01 1.00000000000000000000e+00 
layer_sizes=18 3 2 
scale_included=0
neurons (num_inputs, activation_function, activation_steepness)=(0, 0, 0.00000000000000000000e+00) (0, 0, 0.00000000000000000000e+00) (0, 0, 0.00000000000000000000e+00) (0, 0, 0.00000000000000000000e+00) (0, 0, 0.00000000000000000000e+00) (0, 0, 0.00000000000000000000e+00) (0, 0, 0.00000000000000000000e+00) (0, 0, 0.00000000000000000000e+00) (0, 0, 0.00000000000000000000e+00) (0, 0, 0.00000000000000000000e+00) (0, 0, 0.00000000000000000000e+00) (0, 0, 0.00000000000000000000e+00) (0, 0, 0.00000000000000000000e+00) (0, 0, 0.00000000000000000000e+00) (0, 0, 0.00000000000000000000e+00) (0, 0, 0.00000000000000000000e+00) (0, 0, 0.00000000000000000000e+00) (0, 0, 0.00000000000000000000e+00) (18, 3, 5.00000000000000000000e-01) (18, 3, 5.00000000000000000000e-01) (0, 3, 0.00000000000000000000e+00) (3, 0, 5.00000000000000000000e-01) (0, 0, 0.00000000000000000000e+00) 
connections (connected_to_neuron, weight)=(0, 8.62323939800262451172e-01) (1, 8.28819274902343750000e-01) (2, 9.01973307132720947266e-01) (3, 7.99764633178710937500e-01) (4, 8.11300873756408691406e-01) (5, -8.22098731994628906250e-01) (6, -8.23995113372802734375e-01) (7, -8.36734592914581298828e-01) (8, -1.65709503926336765289e-03) (9, 8.71415615081787109375e-01) (10, 8.40897560119628906250e-01) (11, 8.75030577182769775391e-01) (12, 8.34478497505187988281e-01) (13, 8.82057964801788330078e-01) (14, 7.18735098838806152344e-01) (15, 9.06778514385223388672e-01) (16, 8.56407284736633300781e-01) (17, -3.73104143142700195312e+00) (0, 1.50000000000000000000e+03) (1, 1.50000000000000000000e+03) (2, 1.50000000000000000000e+03) (3, 1.49964147949218750000e+03) (4, 3.17985839843750000000e+02) (5, -2.39528999328613281250e+01) (6, -1.18029365539550781250e+02) (7, -1.72370422363281250000e+02) (8, -4.23545532226562500000e+01) (9, 2.95121784210205078125e+01) (10, 6.04034194946289062500e+01) (11, 4.54375114440917968750e+01) (12, 5.03446083068847656250e+01) (13, 5.73729705810546875000e+01) (14, 3.49785499572753906250e+01) (15, 6.10862541198730468750e+01) (16, 3.84562873840332031250e+01) (17, -8.00025177001953125000e+00) (18, 1.11939134597778320312e+01) (19, 1.30800557136535644531e+00) (20, 1.86397063732147216797e+00) 
