FANN_FLO_2.1
num_layers=4
learning_rate=0.450000
connection_rate=1.000000
network_type=0
learning_momentum=0.000000
training_algorithm=2
train_error_function=1
train_stop_function=0
cascade_output_change_fraction=0.010000
quickprop_decay=-0.000100
quickprop_mu=1.750000
rprop_increase_factor=1.200000
rprop_decrease_factor=0.500000
rprop_delta_min=0.000000
rprop_delta_max=50.000000
rprop_delta_zero=0.100000
cascade_output_stagnation_epochs=12
cascade_candidate_change_fraction=0.010000
cascade_candidate_stagnation_epochs=12
cascade_max_out_epochs=150
cascade_min_out_epochs=50
cascade_max_cand_epochs=150
cascade_min_cand_epochs=50
cascade_num_candidate_groups=2
bit_fail_limit=3.49999994039535522461e-01
cascade_candidate_limit=1.00000000000000000000e+03
cascade_weight_multiplier=4.00000005960464477539e-01
cascade_activation_functions_count=10
cascade_activation_functions=3 5 7 8 10 11 14 15 16 17 
cascade_activation_steepnesses_count=4
cascade_activation_steepnesses=2.50000000000000000000e-01 5.00000000000000000000e-01 7.50000000000000000000e-01 1.00000000000000000000e+00 
layer_sizes=7 5 3 2 
scale_included=0
neurons (num_inputs, activation_function, activation_steepness)=(0, 0, 0.00000000000000000000e+00) (0, 0, 0.00000000000000000000e+00) (0, 0, 0.00000000000000000000e+00) (0, 0, 0.00000000000000000000e+00) (0, 0, 0.00000000000000000000e+00) (0, 0, 0.00000000000000000000e+00) (0, 0, 0.00000000000000000000e+00) (7, 3, 5.00000000000000000000e-01) (7, 3, 5.00000000000000000000e-01) (7, 3, 5.00000000000000000000e-01) (7, 3, 5.00000000000000000000e-01) (0, 3, 0.00000000000000000000e+00) (5, 3, 5.00000000000000000000e-01) (5, 3, 5.00000000000000000000e-01) (0, 3, 0.00000000000000000000e+00) (3, 0, 5.00000000000000000000e-01) (0, 0, 0.00000000000000000000e+00) 
connections (connected_to_neuron, weight)=(0, 1.64364852905273437500e+01) (1, -2.88523960113525390625e+00) (2, 1.50000000000000000000e+03) (3, 9.54282455444335937500e+01) (4, -4.50674915313720703125e+00) (5, 1.50000000000000000000e+03) (6, -7.03728866577148437500e+00) (0, -3.48139166831970214844e-01) (1, -4.59075540304183959961e-01) (2, -1.18409073352813720703e+00) (3, 4.24015641212463378906e-01) (4, 6.28067791461944580078e-01) (5, 5.80995798110961914062e-01) (6, 3.13049840927124023438e+00) (0, 6.68316125869750976562e+00) (1, -1.79027671813964843750e+01) (2, 7.74138107299804687500e+01) (3, 3.52740693092346191406e+00) (4, -1.67654609680175781250e+01) (5, 1.60155220031738281250e+01) (6, 1.10223555564880371094e+00) (0, 2.54455161094665527344e+00) (1, 2.47168496251106262207e-01) (2, 4.04055744409561157227e-01) (3, 9.03689786791801452637e-02) (4, -1.40435025095939636230e-01) (5, -3.01673460006713867188e+00) (6, -6.86772406101226806641e-01) (7, -4.18060004711151123047e-01) (8, -9.49238359928131103516e-01) (9, 4.96567934751510620117e-01) (10, -8.09711575508117675781e-01) (11, -5.90065062046051025391e-01) (7, -2.98272103071212768555e-01) (8, -4.61841300129890441895e-02) (9, -8.95344555377960205078e-01) (10, -4.49754625558853149414e-01) (11, -5.44226706027984619141e-01) (12, -2.04647049307823181152e-01) (13, -1.97568237781524658203e-01) (14, 6.76317811012268066406e-02) 
