FANN_FLO_2.1
num_layers=3
learning_rate=0.450000
connection_rate=1.000000
network_type=0
learning_momentum=0.000000
training_algorithm=2
train_error_function=1
train_stop_function=0
cascade_output_change_fraction=0.010000
quickprop_decay=-0.000100
quickprop_mu=1.750000
rprop_increase_factor=1.200000
rprop_decrease_factor=0.500000
rprop_delta_min=0.000000
rprop_delta_max=50.000000
rprop_delta_zero=0.100000
cascade_output_stagnation_epochs=12
cascade_candidate_change_fraction=0.010000
cascade_candidate_stagnation_epochs=12
cascade_max_out_epochs=150
cascade_min_out_epochs=50
cascade_max_cand_epochs=150
cascade_min_cand_epochs=50
cascade_num_candidate_groups=2
bit_fail_limit=3.49999994039535522461e-01
cascade_candidate_limit=1.00000000000000000000e+03
cascade_weight_multiplier=4.00000005960464477539e-01
cascade_activation_functions_count=10
cascade_activation_functions=3 5 7 8 10 11 14 15 16 17 
cascade_activation_steepnesses_count=4
cascade_activation_steepnesses=2.50000000000000000000e-01 5.00000000000000000000e-01 7.50000000000000000000e-01 1.00000000000000000000e+00 
layer_sizes=7 5 2 
scale_included=0
neurons (num_inputs, activation_function, activation_steepness)=(0, 0, 0.00000000000000000000e+00) (0, 0, 0.00000000000000000000e+00) (0, 0, 0.00000000000000000000e+00) (0, 0, 0.00000000000000000000e+00) (0, 0, 0.00000000000000000000e+00) (0, 0, 0.00000000000000000000e+00) (0, 0, 0.00000000000000000000e+00) (7, 3, 5.00000000000000000000e-01) (7, 3, 5.00000000000000000000e-01) (7, 3, 5.00000000000000000000e-01) (7, 3, 5.00000000000000000000e-01) (0, 3, 0.00000000000000000000e+00) (5, 0, 5.00000000000000000000e-01) (0, 0, 0.00000000000000000000e+00) 
connections (connected_to_neuron, weight)=(0, -2.97642618417739868164e-01) (1, 1.12448239326477050781e+00) (2, -6.14375114440917968750e-01) (3, -3.60386788845062255859e-01) (4, 1.00682079792022705078e+00) (5, -6.68982863426208496094e-01) (6, 4.35730648040771484375e+00) (0, -7.71385803818702697754e-02) (1, -1.57704949378967285156e+00) (2, -4.47352319955825805664e-01) (3, 9.02944281697273254395e-02) (4, 1.17579221725463867188e+00) (5, 1.07204444706439971924e-01) (6, 2.84125399589538574219e+00) (0, -1.99882078170776367188e+00) (1, -9.71178245544433593750e+00) (2, -1.41751632690429687500e+01) (3, -6.24687377929687500000e+02) (4, -1.47500000000000000000e+03) (5, 9.81193618774414062500e+01) (6, -8.51041316986083984375e-01) (0, -1.62972772121429443359e+00) (1, -3.89315032958984375000e+00) (2, -5.37024475097656250000e+02) (3, 1.66444225311279296875e+01) (4, 1.26426135253906250000e+03) (5, -4.33636596679687500000e+02) (6, -8.64767313003540039062e-01) (7, -1.48834928870201110840e-01) (8, -3.69669273495674133301e-02) (9, 6.35997741699218750000e+02) (10, 3.28713655471801757812e-03) (11, 1.65389105677604675293e-01) 
