FANN_FLO_2.1
num_layers=3
learning_rate=0.500000
connection_rate=1.000000
network_type=0
learning_momentum=0.000000
training_algorithm=2
train_error_function=1
train_stop_function=0
cascade_output_change_fraction=0.010000
quickprop_decay=-0.000100
quickprop_mu=1.750000
rprop_increase_factor=1.200000
rprop_decrease_factor=0.500000
rprop_delta_min=0.000000
rprop_delta_max=50.000000
rprop_delta_zero=0.100000
cascade_output_stagnation_epochs=12
cascade_candidate_change_fraction=0.010000
cascade_candidate_stagnation_epochs=12
cascade_max_out_epochs=150
cascade_min_out_epochs=50
cascade_max_cand_epochs=150
cascade_min_cand_epochs=50
cascade_num_candidate_groups=2
bit_fail_limit=3.49999994039535522461e-01
cascade_candidate_limit=1.00000000000000000000e+03
cascade_weight_multiplier=4.00000005960464477539e-01
cascade_activation_functions_count=10
cascade_activation_functions=3 5 7 8 10 11 14 15 16 17 
cascade_activation_steepnesses_count=4
cascade_activation_steepnesses=2.50000000000000000000e-01 5.00000000000000000000e-01 7.50000000000000000000e-01 1.00000000000000000000e+00 
layer_sizes=10 3 2 
scale_included=0
neurons (num_inputs, activation_function, activation_steepness)=(0, 0, 0.00000000000000000000e+00) (0, 0, 0.00000000000000000000e+00) (0, 0, 0.00000000000000000000e+00) (0, 0, 0.00000000000000000000e+00) (0, 0, 0.00000000000000000000e+00) (0, 0, 0.00000000000000000000e+00) (0, 0, 0.00000000000000000000e+00) (0, 0, 0.00000000000000000000e+00) (0, 0, 0.00000000000000000000e+00) (0, 0, 0.00000000000000000000e+00) (10, 3, 5.00000000000000000000e-01) (10, 3, 5.00000000000000000000e-01) (0, 3, 0.00000000000000000000e+00) (3, 3, 5.00000000000000000000e-01) (0, 3, 0.00000000000000000000e+00) 
connections (connected_to_neuron, weight)=(0, -6.11715734004974365234e-01) (1, -7.30938911437988281250e-01) (2, -7.20773935317993164062e-02) (3, -4.49871182441711425781e-01) (4, -5.72053551673889160156e-01) (5, -6.45183444023132324219e-01) (6, -6.80223286151885986328e-01) (7, -8.44519793987274169922e-01) (8, -5.72495162487030029297e-01) (9, 2.14103627204895019531e+00) (0, -5.52308738231658935547e-01) (1, -4.86095577478408813477e-01) (2, -8.77222597599029541016e-01) (3, -6.48115694522857666016e-01) (4, -5.35286426544189453125e-01) (5, -5.76358437538146972656e-01) (6, -5.17246961593627929688e-01) (7, -4.08616214990615844727e-01) (8, -5.45550465583801269531e-01) (9, 2.27037787437438964844e+00) (10, -1.30482113361358642578e+00) (11, -2.15014743804931640625e+00) (12, 1.42813098430633544922e+00) 
