FANN_FLO_2.1
num_layers=3
learning_rate=0.500000
connection_rate=1.000000
network_type=0
learning_momentum=0.000000
training_algorithm=2
train_error_function=1
train_stop_function=0
cascade_output_change_fraction=0.010000
quickprop_decay=-0.000100
quickprop_mu=1.750000
rprop_increase_factor=1.200000
rprop_decrease_factor=0.500000
rprop_delta_min=0.000000
rprop_delta_max=50.000000
rprop_delta_zero=0.100000
cascade_output_stagnation_epochs=12
cascade_candidate_change_fraction=0.010000
cascade_candidate_stagnation_epochs=12
cascade_max_out_epochs=150
cascade_min_out_epochs=50
cascade_max_cand_epochs=150
cascade_min_cand_epochs=50
cascade_num_candidate_groups=2
bit_fail_limit=3.49999994039535522461e-01
cascade_candidate_limit=1.00000000000000000000e+03
cascade_weight_multiplier=4.00000005960464477539e-01
cascade_activation_functions_count=10
cascade_activation_functions=3 5 7 8 10 11 14 15 16 17 
cascade_activation_steepnesses_count=4
cascade_activation_steepnesses=2.50000000000000000000e-01 5.00000000000000000000e-01 7.50000000000000000000e-01 1.00000000000000000000e+00 
layer_sizes=3 9 4 
scale_included=0
neurons (num_inputs, activation_function, activation_steepness)=(0, 0, 0.00000000000000000000e+00) (0, 0, 0.00000000000000000000e+00) (0, 0, 0.00000000000000000000e+00) (3, 3, 5.00000000000000000000e-01) (3, 3, 5.00000000000000000000e-01) (3, 3, 5.00000000000000000000e-01) (3, 3, 5.00000000000000000000e-01) (3, 3, 5.00000000000000000000e-01) (3, 3, 5.00000000000000000000e-01) (3, 3, 5.00000000000000000000e-01) (3, 3, 5.00000000000000000000e-01) (0, 3, 0.00000000000000000000e+00) (9, 0, 5.00000000000000000000e-01) (9, 0, 5.00000000000000000000e-01) (9, 0, 5.00000000000000000000e-01) (0, 0, 0.00000000000000000000e+00) 
connections (connected_to_neuron, weight)=(0, -2.63250007629394531250e+01) (1, -3.74871444702148437500e+01) (2, -9.65536355972290039062e-01) (0, -1.44998681640625000000e+03) (1, -1.10940393066406250000e+03) (2, 1.33837265014648437500e+02) (0, -2.32060050964355468750e+01) (1, -1.05443115234375000000e+01) (2, 3.78308463096618652344e+00) (0, -7.08789920806884765625e+00) (1, 4.49569892883300781250e+00) (2, 7.95162963867187500000e+00) (0, -1.17294654846191406250e+01) (1, 4.99372053146362304688e+00) (2, 7.38665866851806640625e+00) (0, -1.26664199829101562500e+01) (1, -1.38576602935791015625e+00) (2, 3.56349992752075195312e+00) (0, -7.32350826263427734375e+00) (1, -4.14311051368713378906e-01) (2, 1.98490886688232421875e+01) (0, -1.33047723770141601562e+01) (1, 2.63877081871032714844e+00) (2, 5.35350275039672851562e+00) (3, 1.41233909130096435547e+00) (4, 1.09223544597625732422e+00) (5, 1.41869568824768066406e+00) (6, 9.86150145530700683594e-01) (7, 1.00823354721069335938e+00) (8, 1.98623037338256835938e+00) (9, 9.11197245121002197266e-01) (10, 7.97932028770446777344e-01) (11, 7.49333620071411132812e-01) (3, 3.94076442718505859375e+00) (4, 2.74114704132080078125e+00) (5, 3.54490113258361816406e+00) (6, 4.23440885543823242188e+00) (7, 3.98397183418273925781e+00) (8, 4.53111410140991210938e+00) (9, 2.83730125427246093750e+00) (10, 3.23262572288513183594e+00) (11, 2.76715207099914550781e+00) (3, 1.23750085830688476562e+01) (4, 8.84812736511230468750e+00) (5, 1.09100322723388671875e+01) (6, 1.87278976440429687500e+01) (7, 1.03767795562744140625e+01) (8, 1.38670902252197265625e+01) (9, 9.86178112030029296875e+00) (10, 1.19141149520874023438e+01) (11, 9.78915691375732421875e+00) 
