FANN_FLO_2.1
num_layers=4
learning_rate=0.300000
connection_rate=1.000000
network_type=0
learning_momentum=0.000000
training_algorithm=2
train_error_function=1
train_stop_function=0
cascade_output_change_fraction=0.010000
quickprop_decay=-0.000100
quickprop_mu=1.750000
rprop_increase_factor=1.200000
rprop_decrease_factor=0.500000
rprop_delta_min=0.000000
rprop_delta_max=50.000000
rprop_delta_zero=0.100000
cascade_output_stagnation_epochs=12
cascade_candidate_change_fraction=0.010000
cascade_candidate_stagnation_epochs=12
cascade_max_out_epochs=150
cascade_min_out_epochs=50
cascade_max_cand_epochs=150
cascade_min_cand_epochs=50
cascade_num_candidate_groups=2
bit_fail_limit=3.49999994039535522461e-01
cascade_candidate_limit=1.00000000000000000000e+03
cascade_weight_multiplier=4.00000005960464477539e-01
cascade_activation_functions_count=10
cascade_activation_functions=3 5 7 8 10 11 14 15 16 17 
cascade_activation_steepnesses_count=4
cascade_activation_steepnesses=2.50000000000000000000e-01 5.00000000000000000000e-01 7.50000000000000000000e-01 1.00000000000000000000e+00 
layer_sizes=2 5 5 3 
scale_included=0
neurons (num_inputs, activation_function, activation_steepness)=(0, 0, 0.00000000000000000000e+00) (0, 0, 0.00000000000000000000e+00) (2, 3, 5.00000000000000000000e-01) (2, 3, 5.00000000000000000000e-01) (2, 3, 5.00000000000000000000e-01) (2, 3, 5.00000000000000000000e-01) (0, 3, 0.00000000000000000000e+00) (5, 3, 5.00000000000000000000e-01) (5, 3, 5.00000000000000000000e-01) (5, 3, 5.00000000000000000000e-01) (5, 3, 5.00000000000000000000e-01) (0, 3, 0.00000000000000000000e+00) (5, 0, 5.00000000000000000000e-01) (5, 0, 5.00000000000000000000e-01) (0, 0, 0.00000000000000000000e+00) 
connections (connected_to_neuron, weight)=(0, -6.70749435424804687500e+01) (1, -5.43340206146240234375e-01) (0, -6.99088363647460937500e+01) (1, -5.85030913352966308594e-01) (0, -7.01186599731445312500e+01) (1, -6.01156473159790039062e-01) (0, -6.99011764526367187500e+01) (1, -5.81999242305755615234e-01) (2, 6.00444555282592773438e-01) (3, 5.34904658794403076172e-01) (4, 6.44788265228271484375e-01) (5, 4.68393325805664062500e-01) (6, -4.29044246673583984375e-01) (2, 7.43088304996490478516e-01) (3, 2.92903333902359008789e-01) (4, 3.32056432962417602539e-01) (5, 2.86556869745254516602e-01) (6, -5.85955560207366943359e-01) (2, 7.86298573017120361328e-01) (3, 8.80437731742858886719e-01) (4, 8.08964788913726806641e-01) (5, 8.46170306205749511719e-01) (6, -1.61886334419250488281e+00) (2, 9.09821569919586181641e-01) (3, 4.56201612949371337891e-01) (4, 2.98174679279327392578e-01) (5, 4.41092371940612792969e-01) (6, -9.90000963211059570312e-01) (7, -4.51462492346763610840e-02) (8, 5.30957281589508056641e-02) (9, 2.47988209128379821777e-01) (10, 7.30716809630393981934e-02) (11, -2.73629426956176757812e-01) (7, -6.08324944972991943359e-01) (8, -4.29607778787612915039e-01) (9, -5.94031810760498046875e-01) (10, -4.26322668790817260742e-01) (11, -4.12820130586624145508e-01) 
