FANN_FLO_2.1
num_layers=4
learning_rate=0.500000
connection_rate=1.000000
network_type=0
learning_momentum=0.000000
training_algorithm=2
train_error_function=1
train_stop_function=0
cascade_output_change_fraction=0.010000
quickprop_decay=-0.000100
quickprop_mu=1.750000
rprop_increase_factor=1.200000
rprop_decrease_factor=0.500000
rprop_delta_min=0.000000
rprop_delta_max=50.000000
rprop_delta_zero=0.100000
cascade_output_stagnation_epochs=12
cascade_candidate_change_fraction=0.010000
cascade_candidate_stagnation_epochs=12
cascade_max_out_epochs=150
cascade_min_out_epochs=50
cascade_max_cand_epochs=150
cascade_min_cand_epochs=50
cascade_num_candidate_groups=2
bit_fail_limit=3.49999994039535522461e-01
cascade_candidate_limit=1.00000000000000000000e+03
cascade_weight_multiplier=4.00000005960464477539e-01
cascade_activation_functions_count=10
cascade_activation_functions=3 5 7 8 10 11 14 15 16 17 
cascade_activation_steepnesses_count=4
cascade_activation_steepnesses=2.50000000000000000000e-01 5.00000000000000000000e-01 7.50000000000000000000e-01 1.00000000000000000000e+00 
layer_sizes=4 5 5 2 
scale_included=0
neurons (num_inputs, activation_function, activation_steepness)=(0, 0, 0.00000000000000000000e+00) (0, 0, 0.00000000000000000000e+00) (0, 0, 0.00000000000000000000e+00) (0, 0, 0.00000000000000000000e+00) (4, 3, 5.00000000000000000000e-01) (4, 3, 5.00000000000000000000e-01) (4, 3, 5.00000000000000000000e-01) (4, 3, 5.00000000000000000000e-01) (0, 3, 0.00000000000000000000e+00) (5, 3, 5.00000000000000000000e-01) (5, 3, 5.00000000000000000000e-01) (5, 3, 5.00000000000000000000e-01) (5, 3, 5.00000000000000000000e-01) (0, 3, 0.00000000000000000000e+00) (5, 3, 5.00000000000000000000e-01) (0, 3, 0.00000000000000000000e+00) 
connections (connected_to_neuron, weight)=(0, -3.33319544792175292969e+00) (1, 2.15770578384399414062e+00) (2, -4.23781538009643554688e+00) (3, 1.54851841926574707031e+00) (0, -2.90782690048217773438e+00) (1, -1.71166290283203125000e+02) (2, -7.39220285415649414062e+00) (3, 5.57744216918945312500e+00) (0, -4.48541641235351562500e-01) (1, -8.11522865295410156250e+00) (2, -1.10192906856536865234e+00) (3, 6.69381499290466308594e-01) (0, -3.26328778266906738281e+00) (1, -1.17892389297485351562e+01) (2, 1.50597715377807617188e+00) (3, 3.77815675735473632812e+00) (4, 5.26905059814453125000e+00) (5, -1.21580004882812500000e+03) (6, -6.48657989501953125000e+00) (7, 1.11842527389526367188e+01) (8, -9.06716167926788330078e-01) (4, 1.52527790069580078125e+01) (5, -7.44278669357299804688e-01) (6, -3.39700164794921875000e+01) (7, 2.85304393768310546875e+01) (8, -5.05267953872680664062e+00) (4, -9.61865901947021484375e+00) (5, 1.73457479476928710938e+00) (6, -4.00412976741790771484e-01) (7, -5.91700983047485351562e+00) (8, 2.06825685501098632812e+00) (4, 7.36971521377563476562e+00) (5, -1.21580004882812500000e+03) (6, -8.69090728759765625000e+01) (7, 1.22741470336914062500e+01) (8, 2.20518517494201660156e+00) (9, -2.84486502408981323242e-01) (10, -2.87452125549316406250e+00) (11, 4.98054313659667968750e+00) (12, -1.49092829227447509766e+00) (13, 8.18456113338470458984e-01) 
