FANN_FLO_2.1
num_layers=4
learning_rate=0.300000
connection_rate=1.000000
network_type=0
learning_momentum=0.000000
training_algorithm=2
train_error_function=1
train_stop_function=0
cascade_output_change_fraction=0.010000
quickprop_decay=-0.000100
quickprop_mu=1.750000
rprop_increase_factor=1.200000
rprop_decrease_factor=0.500000
rprop_delta_min=0.000000
rprop_delta_max=50.000000
rprop_delta_zero=0.100000
cascade_output_stagnation_epochs=12
cascade_candidate_change_fraction=0.010000
cascade_candidate_stagnation_epochs=12
cascade_max_out_epochs=150
cascade_min_out_epochs=50
cascade_max_cand_epochs=150
cascade_min_cand_epochs=50
cascade_num_candidate_groups=2
bit_fail_limit=3.49999994039535522461e-01
cascade_candidate_limit=1.00000000000000000000e+03
cascade_weight_multiplier=4.00000005960464477539e-01
cascade_activation_functions_count=10
cascade_activation_functions=3 5 7 8 10 11 14 15 16 17 
cascade_activation_steepnesses_count=4
cascade_activation_steepnesses=2.50000000000000000000e-01 5.00000000000000000000e-01 7.50000000000000000000e-01 1.00000000000000000000e+00 
layer_sizes=2 5 3 3 
scale_included=0
neurons (num_inputs, activation_function, activation_steepness)=(0, 0, 0.00000000000000000000e+00) (0, 0, 0.00000000000000000000e+00) (2, 3, 5.00000000000000000000e-01) (2, 3, 5.00000000000000000000e-01) (2, 3, 5.00000000000000000000e-01) (2, 3, 5.00000000000000000000e-01) (0, 3, 0.00000000000000000000e+00) (5, 3, 5.00000000000000000000e-01) (5, 3, 5.00000000000000000000e-01) (0, 3, 0.00000000000000000000e+00) (3, 0, 5.00000000000000000000e-01) (3, 0, 5.00000000000000000000e-01) (0, 0, 0.00000000000000000000e+00) 
connections (connected_to_neuron, weight)=(0, 1.96837127208709716797e+00) (1, 7.21876621246337890625e-01) (0, 5.92336059570312500000e+02) (1, 1.73605918884277343750e+01) (0, 2.57298927307128906250e+01) (1, 1.71153202056884765625e+01) (0, -3.78823590278625488281e+00) (1, -4.03685045242309570312e+00) (2, -4.99853801727294921875e+00) (3, 3.58580589294433593750e-01) (4, 1.84184086322784423828e+00) (5, 2.24880838394165039062e+00) (6, -6.40085101127624511719e-01) (2, 3.86512070894241333008e-01) (3, -5.68201661109924316406e-01) (4, 1.81849718093872070312e+00) (5, 1.50534868240356445312e+00) (6, -5.53554296493530273438e-01) (7, 5.05039058625698089600e-02) (8, 8.28556437045335769653e-03) (9, -4.28514070808887481689e-02) (7, -1.40946972370147705078e+00) (8, -6.45844399929046630859e-01) (9, -6.73868775367736816406e-01) 
