FANN_FLO_2.1
num_layers=4
learning_rate=0.450000
connection_rate=1.000000
network_type=0
learning_momentum=0.000000
training_algorithm=2
train_error_function=1
train_stop_function=0
cascade_output_change_fraction=0.010000
quickprop_decay=-0.000100
quickprop_mu=1.750000
rprop_increase_factor=1.200000
rprop_decrease_factor=0.500000
rprop_delta_min=0.000000
rprop_delta_max=50.000000
rprop_delta_zero=0.100000
cascade_output_stagnation_epochs=12
cascade_candidate_change_fraction=0.010000
cascade_candidate_stagnation_epochs=12
cascade_max_out_epochs=150
cascade_min_out_epochs=50
cascade_max_cand_epochs=150
cascade_min_cand_epochs=50
cascade_num_candidate_groups=2
bit_fail_limit=3.49999994039535522461e-01
cascade_candidate_limit=1.00000000000000000000e+03
cascade_weight_multiplier=4.00000005960464477539e-01
cascade_activation_functions_count=10
cascade_activation_functions=3 5 7 8 10 11 14 15 16 17 
cascade_activation_steepnesses_count=4
cascade_activation_steepnesses=2.50000000000000000000e-01 5.00000000000000000000e-01 7.50000000000000000000e-01 1.00000000000000000000e+00 
layer_sizes=7 3 3 2 
scale_included=0
neurons (num_inputs, activation_function, activation_steepness)=(0, 0, 0.00000000000000000000e+00) (0, 0, 0.00000000000000000000e+00) (0, 0, 0.00000000000000000000e+00) (0, 0, 0.00000000000000000000e+00) (0, 0, 0.00000000000000000000e+00) (0, 0, 0.00000000000000000000e+00) (0, 0, 0.00000000000000000000e+00) (7, 3, 5.00000000000000000000e-01) (7, 3, 5.00000000000000000000e-01) (0, 3, 0.00000000000000000000e+00) (3, 3, 5.00000000000000000000e-01) (3, 3, 5.00000000000000000000e-01) (0, 3, 0.00000000000000000000e+00) (3, 0, 5.00000000000000000000e-01) (0, 0, 0.00000000000000000000e+00) 
connections (connected_to_neuron, weight)=(0, 6.74061179161071777344e-02) (1, 2.67563194036483764648e-01) (2, -9.18609142303466796875e-01) (3, 6.13607540726661682129e-02) (4, 3.28342437744140625000e-01) (5, 1.07102701440453529358e-02) (6, 8.84924709796905517578e-01) (0, 1.58286631107330322266e-01) (1, 1.01180803775787353516e+00) (2, -7.39542067050933837891e-01) (3, 2.74323731660842895508e-01) (4, 2.18243941664695739746e-01) (5, -7.62484371662139892578e-01) (6, 2.10775528103113174438e-02) (7, -5.65024995803833007812e+00) (8, -4.15495538711547851562e+00) (9, 1.38360321521759033203e+00) (7, -4.52834701538085937500e+01) (8, 6.31204724311828613281e-01) (9, 5.00118732452392578125e+00) (10, 4.10968542098999023438e+00) (11, -2.41115808486938476562e-01) (12, 4.72780363634228706360e-03) 
