FANN_FLO_2.1
num_layers=4
learning_rate=0.300000
connection_rate=1.000000
network_type=0
learning_momentum=0.000000
training_algorithm=2
train_error_function=1
train_stop_function=0
cascade_output_change_fraction=0.010000
quickprop_decay=-0.000100
quickprop_mu=1.750000
rprop_increase_factor=1.200000
rprop_decrease_factor=0.500000
rprop_delta_min=0.000000
rprop_delta_max=50.000000
rprop_delta_zero=0.100000
cascade_output_stagnation_epochs=12
cascade_candidate_change_fraction=0.010000
cascade_candidate_stagnation_epochs=12
cascade_max_out_epochs=150
cascade_min_out_epochs=50
cascade_max_cand_epochs=150
cascade_min_cand_epochs=50
cascade_num_candidate_groups=2
bit_fail_limit=3.49999994039535522461e-01
cascade_candidate_limit=1.00000000000000000000e+03
cascade_weight_multiplier=4.00000005960464477539e-01
cascade_activation_functions_count=10
cascade_activation_functions=3 5 7 8 10 11 14 15 16 17 
cascade_activation_steepnesses_count=4
cascade_activation_steepnesses=2.50000000000000000000e-01 5.00000000000000000000e-01 7.50000000000000000000e-01 1.00000000000000000000e+00 
layer_sizes=2 5 5 3 
scale_included=0
neurons (num_inputs, activation_function, activation_steepness)=(0, 0, 0.00000000000000000000e+00) (0, 0, 0.00000000000000000000e+00) (2, 3, 5.00000000000000000000e-01) (2, 3, 5.00000000000000000000e-01) (2, 3, 5.00000000000000000000e-01) (2, 3, 5.00000000000000000000e-01) (0, 3, 0.00000000000000000000e+00) (5, 3, 5.00000000000000000000e-01) (5, 3, 5.00000000000000000000e-01) (5, 3, 5.00000000000000000000e-01) (5, 3, 5.00000000000000000000e-01) (0, 3, 0.00000000000000000000e+00) (5, 0, 5.00000000000000000000e-01) (5, 0, 5.00000000000000000000e-01) (0, 0, 0.00000000000000000000e+00) 
connections (connected_to_neuron, weight)=(0, 1.85088300704956054688e+00) (1, -2.60973066091537475586e-01) (0, 1.53634452819824218750e+00) (1, -7.72769093513488769531e-01) (0, -2.97714710235595703125e+01) (1, -8.60578656196594238281e-01) (0, -1.77052807807922363281e+00) (1, -5.39166593551635742188e+00) (2, 3.13682615756988525391e-01) (3, 4.96007949113845825195e-01) (4, 1.45993101596832275391e+00) (5, 2.89963650703430175781e+00) (6, -8.53026390075683593750e-01) (2, -2.47244894504547119141e-01) (3, 6.32636070251464843750e-01) (4, 4.40377354621887207031e-01) (5, 4.27711105346679687500e+00) (6, -4.04828310012817382812e-01) (2, 3.23639541864395141602e-01) (3, 8.48238885402679443359e-01) (4, 1.64808535575866699219e+00) (5, 2.59136343002319335938e+00) (6, -1.60752415657043457031e+00) (2, 2.67536520957946777344e-01) (3, 5.55475771427154541016e-01) (4, 8.25718224048614501953e-01) (5, 2.72187018394470214844e+00) (6, 2.35730946063995361328e-01) (7, 6.23514056205749511719e-02) (8, 1.01222023367881774902e-02) (9, 5.83381295204162597656e-01) (10, -3.44851277768611907959e-02) (11, -3.80151450634002685547e-01) (7, -5.69512546062469482422e-01) (8, -4.11600977182388305664e-01) (9, -5.51175832748413085938e-01) (10, -4.81609165668487548828e-01) (11, -4.70481991767883300781e-01) 
