FANN_FLO_2.1
num_layers=4
learning_rate=0.300000
connection_rate=1.000000
network_type=0
learning_momentum=0.000000
training_algorithm=2
train_error_function=1
train_stop_function=0
cascade_output_change_fraction=0.010000
quickprop_decay=-0.000100
quickprop_mu=1.750000
rprop_increase_factor=1.200000
rprop_decrease_factor=0.500000
rprop_delta_min=0.000000
rprop_delta_max=50.000000
rprop_delta_zero=0.100000
cascade_output_stagnation_epochs=12
cascade_candidate_change_fraction=0.010000
cascade_candidate_stagnation_epochs=12
cascade_max_out_epochs=150
cascade_min_out_epochs=50
cascade_max_cand_epochs=150
cascade_min_cand_epochs=50
cascade_num_candidate_groups=2
bit_fail_limit=3.49999994039535522461e-01
cascade_candidate_limit=1.00000000000000000000e+03
cascade_weight_multiplier=4.00000005960464477539e-01
cascade_activation_functions_count=10
cascade_activation_functions=3 5 7 8 10 11 14 15 16 17 
cascade_activation_steepnesses_count=4
cascade_activation_steepnesses=2.50000000000000000000e-01 5.00000000000000000000e-01 7.50000000000000000000e-01 1.00000000000000000000e+00 
layer_sizes=2 5 5 3 
scale_included=0
neurons (num_inputs, activation_function, activation_steepness)=(0, 0, 0.00000000000000000000e+00) (0, 0, 0.00000000000000000000e+00) (2, 3, 5.00000000000000000000e-01) (2, 3, 5.00000000000000000000e-01) (2, 3, 5.00000000000000000000e-01) (2, 3, 5.00000000000000000000e-01) (0, 3, 0.00000000000000000000e+00) (5, 3, 5.00000000000000000000e-01) (5, 3, 5.00000000000000000000e-01) (5, 3, 5.00000000000000000000e-01) (5, 3, 5.00000000000000000000e-01) (0, 3, 0.00000000000000000000e+00) (5, 0, 5.00000000000000000000e-01) (5, 0, 5.00000000000000000000e-01) (0, 0, 0.00000000000000000000e+00) 
connections (connected_to_neuron, weight)=(0, -1.35402750968933105469e+00) (1, -4.33191442489624023438e+00) (0, -1.40838217735290527344e+00) (1, -4.31350851058959960938e+00) (0, -6.45141754150390625000e+01) (1, -1.49495148658752441406e+00) (0, 3.70077228546142578125e+00) (1, 1.07019062042236328125e+01) (2, 2.18244695663452148438e+00) (3, 9.24993324279785156250e+00) (4, -9.91952642798423767090e-02) (5, -5.71718871593475341797e-01) (6, -4.88890314102172851562e+00) (2, -1.89814284443855285645e-01) (3, 4.89731907844543457031e-01) (4, 1.26257932186126708984e+00) (5, 4.13953924179077148438e+00) (6, 2.70415067672729492188e+00) (2, 2.75528460741043090820e-01) (3, -1.18243017196655273438e+01) (4, 1.19016389846801757812e+01) (5, -1.09142944216728210449e-01) (6, -3.51030015945434570312e+00) (2, -5.07544934749603271484e-01) (3, -4.57644164562225341797e-01) (4, 6.60994231700897216797e-01) (5, 2.77304917573928833008e-01) (6, 6.35970056056976318359e-01) (7, 5.94841063022613525391e-01) (8, -8.93873944878578186035e-02) (9, 2.35896646976470947266e-01) (10, -5.19398115575313568115e-02) (11, -1.20571382343769073486e-01) (7, -1.67107784748077392578e+00) (8, -4.89652782678604125977e-01) (9, -4.82340037822723388672e-01) (10, -4.33904409408569335938e-01) (11, -4.38234508037567138672e-01) 
