FANN_FLO_2.1
num_layers=3
learning_rate=0.500000
connection_rate=1.000000
network_type=0
learning_momentum=0.000000
training_algorithm=2
train_error_function=1
train_stop_function=0
cascade_output_change_fraction=0.010000
quickprop_decay=-0.000100
quickprop_mu=1.750000
rprop_increase_factor=1.200000
rprop_decrease_factor=0.500000
rprop_delta_min=0.000000
rprop_delta_max=50.000000
rprop_delta_zero=0.100000
cascade_output_stagnation_epochs=12
cascade_candidate_change_fraction=0.010000
cascade_candidate_stagnation_epochs=12
cascade_max_out_epochs=150
cascade_min_out_epochs=50
cascade_max_cand_epochs=150
cascade_min_cand_epochs=50
cascade_num_candidate_groups=2
bit_fail_limit=3.49999994039535522461e-01
cascade_candidate_limit=1.00000000000000000000e+03
cascade_weight_multiplier=4.00000005960464477539e-01
cascade_activation_functions_count=10
cascade_activation_functions=3 5 7 8 10 11 14 15 16 17 
cascade_activation_steepnesses_count=4
cascade_activation_steepnesses=2.50000000000000000000e-01 5.00000000000000000000e-01 7.50000000000000000000e-01 1.00000000000000000000e+00 
layer_sizes=3 9 4 
scale_included=0
neurons (num_inputs, activation_function, activation_steepness)=(0, 0, 0.00000000000000000000e+00) (0, 0, 0.00000000000000000000e+00) (0, 0, 0.00000000000000000000e+00) (3, 3, 5.00000000000000000000e-01) (3, 3, 5.00000000000000000000e-01) (3, 3, 5.00000000000000000000e-01) (3, 3, 5.00000000000000000000e-01) (3, 3, 5.00000000000000000000e-01) (3, 3, 5.00000000000000000000e-01) (3, 3, 5.00000000000000000000e-01) (3, 3, 5.00000000000000000000e-01) (0, 3, 0.00000000000000000000e+00) (9, 0, 5.00000000000000000000e-01) (9, 0, 5.00000000000000000000e-01) (9, 0, 5.00000000000000000000e-01) (0, 0, 0.00000000000000000000e+00) 
connections (connected_to_neuron, weight)=(0, -7.89237785339355468750e+00) (1, -2.49248361587524414062e+00) (2, 2.32715821266174316406e+00) (0, -4.71959209442138671875e+00) (1, 3.02392959594726562500e+00) (2, 7.41277575492858886719e-01) (0, -8.04379749298095703125e+00) (1, 3.42504262924194335938e+00) (2, 1.57199172973632812500e+01) (0, -5.18238019943237304688e+00) (1, 1.51979908347129821777e-01) (2, 2.98416805267333984375e+00) (0, -9.37877082824707031250e+00) (1, 6.80415105819702148438e+00) (2, 6.94205665588378906250e+00) (0, -9.45820522308349609375e+00) (1, -1.41306543350219726562e+01) (2, 1.16327393054962158203e+00) (0, -9.19908332824707031250e+00) (1, 8.02981281280517578125e+00) (2, 1.09017038345336914062e+01) (0, -1.39211606979370117188e+01) (1, -9.57378387451171875000e+00) (2, 2.57835602760314941406e+00) (3, 1.75144219398498535156e+00) (4, 1.87980318069458007812e+00) (5, 5.74623286724090576172e-01) (6, 1.02776336669921875000e+00) (7, 7.59276986122131347656e-01) (8, 1.80200076103210449219e+00) (9, 6.36435449123382568359e-01) (10, 1.54579269886016845703e+00) (11, 5.90818107128143310547e-01) (3, 4.37116479873657226562e+00) (4, 3.74630260467529296875e+00) (5, 2.42169213294982910156e+00) (6, 5.12525558471679687500e+00) (7, 3.36900711059570312500e+00) (8, 4.80734539031982421875e+00) (9, 2.45862960815429687500e+00) (10, 3.87628793716430664062e+00) (11, 2.12228298187255859375e+00) (3, 1.39479904174804687500e+01) (4, 1.14678087234497070312e+01) (5, 9.58174705505371093750e+00) (6, 1.69517765045166015625e+01) (7, 9.53372669219970703125e+00) (8, 1.49908695220947265625e+01) (9, 9.61198997497558593750e+00) (10, 1.21759929656982421875e+01) (11, 9.59226608276367187500e+00) 
