FANN_FLO_2.1
num_layers=4
learning_rate=0.500000
connection_rate=1.000000
network_type=0
learning_momentum=0.000000
training_algorithm=2
train_error_function=1
train_stop_function=0
cascade_output_change_fraction=0.010000
quickprop_decay=-0.000100
quickprop_mu=1.750000
rprop_increase_factor=1.200000
rprop_decrease_factor=0.500000
rprop_delta_min=0.000000
rprop_delta_max=50.000000
rprop_delta_zero=0.100000
cascade_output_stagnation_epochs=12
cascade_candidate_change_fraction=0.010000
cascade_candidate_stagnation_epochs=12
cascade_max_out_epochs=150
cascade_min_out_epochs=50
cascade_max_cand_epochs=150
cascade_min_cand_epochs=50
cascade_num_candidate_groups=2
bit_fail_limit=3.49999994039535522461e-01
cascade_candidate_limit=1.00000000000000000000e+03
cascade_weight_multiplier=4.00000005960464477539e-01
cascade_activation_functions_count=10
cascade_activation_functions=3 5 7 8 10 11 14 15 16 17 
cascade_activation_steepnesses_count=4
cascade_activation_steepnesses=2.50000000000000000000e-01 5.00000000000000000000e-01 7.50000000000000000000e-01 1.00000000000000000000e+00 
layer_sizes=4 5 5 2 
scale_included=0
neurons (num_inputs, activation_function, activation_steepness)=(0, 0, 0.00000000000000000000e+00) (0, 0, 0.00000000000000000000e+00) (0, 0, 0.00000000000000000000e+00) (0, 0, 0.00000000000000000000e+00) (4, 3, 5.00000000000000000000e-01) (4, 3, 5.00000000000000000000e-01) (4, 3, 5.00000000000000000000e-01) (4, 3, 5.00000000000000000000e-01) (0, 3, 0.00000000000000000000e+00) (5, 3, 5.00000000000000000000e-01) (5, 3, 5.00000000000000000000e-01) (5, 3, 5.00000000000000000000e-01) (5, 3, 5.00000000000000000000e-01) (0, 3, 0.00000000000000000000e+00) (5, 3, 5.00000000000000000000e-01) (0, 3, 0.00000000000000000000e+00) 
connections (connected_to_neuron, weight)=(0, -2.85121262073516845703e-01) (1, -1.69293804168701171875e+01) (2, 9.71591377258300781250e+00) (3, 2.19767165184020996094e+00) (0, -5.98168182373046875000e+00) (1, -8.12321281433105468750e+00) (2, 1.33111834526062011719e+00) (3, 4.90041303634643554688e+00) (0, -1.71264529228210449219e-01) (1, -1.63653869628906250000e+01) (2, 9.39010047912597656250e+00) (3, 2.05507206916809082031e+00) (0, -3.49983000755310058594e+00) (1, -5.13785743713378906250e+00) (2, -1.60536658763885498047e+00) (3, 3.77235746383666992188e+00) (4, 1.47500000000000000000e+03) (5, 1.50000000000000000000e+03) (6, 1.47500000000000000000e+03) (7, 1.50000000000000000000e+03) (8, -1.35473604202270507812e+01) (4, 1.47500000000000000000e+03) (5, 1.50000000000000000000e+03) (6, 1.47500000000000000000e+03) (7, 1.50000000000000000000e+03) (8, -1.35823392868041992188e+01) (4, 1.47500000000000000000e+03) (5, 1.50000000000000000000e+03) (6, 1.47500000000000000000e+03) (7, 1.50000000000000000000e+03) (8, -1.35779123306274414062e+01) (4, -1.51648089289665222168e-01) (5, 2.40334777832031250000e+01) (6, -2.88757705688476562500e+00) (7, 8.78938198089599609375e+00) (8, -5.23788976669311523438e+00) (9, 4.32214051485061645508e-01) (10, 3.62891733646392822266e-01) (11, 3.48642230033874511719e-01) (12, -4.78447151184082031250e+00) (13, 1.40878033638000488281e+00) 
