FANN_FLO_2.1
num_layers=3
learning_rate=0.450000
connection_rate=1.000000
network_type=0
learning_momentum=0.000000
training_algorithm=2
train_error_function=1
train_stop_function=0
cascade_output_change_fraction=0.010000
quickprop_decay=-0.000100
quickprop_mu=1.750000
rprop_increase_factor=1.200000
rprop_decrease_factor=0.500000
rprop_delta_min=0.000000
rprop_delta_max=50.000000
rprop_delta_zero=0.100000
cascade_output_stagnation_epochs=12
cascade_candidate_change_fraction=0.010000
cascade_candidate_stagnation_epochs=12
cascade_max_out_epochs=150
cascade_min_out_epochs=50
cascade_max_cand_epochs=150
cascade_min_cand_epochs=50
cascade_num_candidate_groups=2
bit_fail_limit=3.49999994039535522461e-01
cascade_candidate_limit=1.00000000000000000000e+03
cascade_weight_multiplier=4.00000005960464477539e-01
cascade_activation_functions_count=10
cascade_activation_functions=3 5 7 8 10 11 14 15 16 17 
cascade_activation_steepnesses_count=4
cascade_activation_steepnesses=2.50000000000000000000e-01 5.00000000000000000000e-01 7.50000000000000000000e-01 1.00000000000000000000e+00 
layer_sizes=7 5 2 
scale_included=0
neurons (num_inputs, activation_function, activation_steepness)=(0, 0, 0.00000000000000000000e+00) (0, 0, 0.00000000000000000000e+00) (0, 0, 0.00000000000000000000e+00) (0, 0, 0.00000000000000000000e+00) (0, 0, 0.00000000000000000000e+00) (0, 0, 0.00000000000000000000e+00) (0, 0, 0.00000000000000000000e+00) (7, 3, 5.00000000000000000000e-01) (7, 3, 5.00000000000000000000e-01) (7, 3, 5.00000000000000000000e-01) (7, 3, 5.00000000000000000000e-01) (0, 3, 0.00000000000000000000e+00) (5, 0, 5.00000000000000000000e-01) (0, 0, 0.00000000000000000000e+00) 
connections (connected_to_neuron, weight)=(0, -1.70503601431846618652e-01) (1, -6.71338438987731933594e-02) (2, 2.68953472375869750977e-01) (3, -5.43599784374237060547e-01) (4, 5.33061456680297851562e+00) (5, -1.36219167709350585938e+00) (6, 4.71397304534912109375e+00) (0, -1.62945970892906188965e-01) (1, 1.01474940776824951172e-01) (2, -6.89422607421875000000e-01) (3, 1.53994068503379821777e-01) (4, 3.46989274024963378906e-01) (5, 4.27791237831115722656e-01) (6, -2.75971561670303344727e-01) (0, -4.77425366640090942383e-01) (1, 1.03827977180480957031e+00) (2, -2.28931379318237304688e+00) (3, 2.97237560153007507324e-02) (4, 3.15875625610351562500e+00) (5, -9.05813395977020263672e-01) (6, -5.98428297042846679688e+00) (0, -1.12984180450439453125e+00) (1, 1.18895784020423889160e-01) (2, 1.33397521972656250000e+01) (3, -2.96251559257507324219e+00) (4, -2.48258367180824279785e-01) (5, -1.19773397445678710938e+01) (6, 1.09768638610839843750e+01) (7, -5.24672091007232666016e-01) (8, 2.67471432685852050781e-01) (9, -1.68778955936431884766e-01) (10, 8.17322954535484313965e-02) (11, 4.40875023603439331055e-01) 
