FANN_FLO_2.1
num_layers=3
learning_rate=0.400000
connection_rate=1.000000
network_type=0
learning_momentum=0.000000
training_algorithm=2
train_error_function=1
train_stop_function=0
cascade_output_change_fraction=0.010000
quickprop_decay=-0.000100
quickprop_mu=1.750000
rprop_increase_factor=1.200000
rprop_decrease_factor=0.500000
rprop_delta_min=0.000000
rprop_delta_max=50.000000
rprop_delta_zero=0.100000
cascade_output_stagnation_epochs=12
cascade_candidate_change_fraction=0.010000
cascade_candidate_stagnation_epochs=12
cascade_max_out_epochs=150
cascade_min_out_epochs=50
cascade_max_cand_epochs=150
cascade_min_cand_epochs=50
cascade_num_candidate_groups=2
bit_fail_limit=3.49999994039535522461e-01
cascade_candidate_limit=1.00000000000000000000e+03
cascade_weight_multiplier=4.00000005960464477539e-01
cascade_activation_functions_count=10
cascade_activation_functions=3 5 7 8 10 11 14 15 16 17 
cascade_activation_steepnesses_count=4
cascade_activation_steepnesses=2.50000000000000000000e-01 5.00000000000000000000e-01 7.50000000000000000000e-01 1.00000000000000000000e+00 
layer_sizes=10 3 2 
scale_included=0
neurons (num_inputs, activation_function, activation_steepness)=(0, 0, 0.00000000000000000000e+00) (0, 0, 0.00000000000000000000e+00) (0, 0, 0.00000000000000000000e+00) (0, 0, 0.00000000000000000000e+00) (0, 0, 0.00000000000000000000e+00) (0, 0, 0.00000000000000000000e+00) (0, 0, 0.00000000000000000000e+00) (0, 0, 0.00000000000000000000e+00) (0, 0, 0.00000000000000000000e+00) (0, 0, 0.00000000000000000000e+00) (10, 3, 5.00000000000000000000e-01) (10, 3, 5.00000000000000000000e-01) (0, 3, 0.00000000000000000000e+00) (3, 3, 5.00000000000000000000e-01) (0, 3, 0.00000000000000000000e+00) 
connections (connected_to_neuron, weight)=(0, -1.41517430543899536133e-01) (1, -4.48732450604438781738e-02) (2, -4.39187362790107727051e-02) (3, -2.21369341015815734863e-02) (4, -3.28538194298744201660e-02) (5, -5.95344528555870056152e-02) (6, -1.85829877853393554688e-01) (7, -2.17166721820831298828e-01) (8, -2.73642912507057189941e-02) (9, -1.87978118658065795898e-01) (0, -1.31294846534729003906e-01) (1, -1.81101590394973754883e-01) (2, -5.65447732806205749512e-02) (3, -1.89357906579971313477e-01) (4, -1.20277002453804016113e-01) (5, -1.65029540657997131348e-01) (6, -7.80403390526771545410e-02) (7, -1.59567371010780334473e-01) (8, -2.37456634640693664551e-02) (9, -2.71884277462959289551e-02) (10, -2.87655964493751525879e-02) (11, -8.30322429537773132324e-02) (12, -2.13155478239059448242e-01) 
