FANN_FLO_2.1
num_layers=3
learning_rate=0.500000
connection_rate=1.000000
network_type=0
learning_momentum=0.000000
training_algorithm=2
train_error_function=1
train_stop_function=0
cascade_output_change_fraction=0.010000
quickprop_decay=-0.000100
quickprop_mu=1.750000
rprop_increase_factor=1.200000
rprop_decrease_factor=0.500000
rprop_delta_min=0.000000
rprop_delta_max=50.000000
rprop_delta_zero=0.100000
cascade_output_stagnation_epochs=12
cascade_candidate_change_fraction=0.010000
cascade_candidate_stagnation_epochs=12
cascade_max_out_epochs=150
cascade_min_out_epochs=50
cascade_max_cand_epochs=150
cascade_min_cand_epochs=50
cascade_num_candidate_groups=2
bit_fail_limit=3.49999994039535522461e-01
cascade_candidate_limit=1.00000000000000000000e+03
cascade_weight_multiplier=4.00000005960464477539e-01
cascade_activation_functions_count=10
cascade_activation_functions=3 5 7 8 10 11 14 15 16 17 
cascade_activation_steepnesses_count=4
cascade_activation_steepnesses=2.50000000000000000000e-01 5.00000000000000000000e-01 7.50000000000000000000e-01 1.00000000000000000000e+00 
layer_sizes=7 9 2 
scale_included=0
neurons (num_inputs, activation_function, activation_steepness)=(0, 0, 0.00000000000000000000e+00) (0, 0, 0.00000000000000000000e+00) (0, 0, 0.00000000000000000000e+00) (0, 0, 0.00000000000000000000e+00) (0, 0, 0.00000000000000000000e+00) (0, 0, 0.00000000000000000000e+00) (0, 0, 0.00000000000000000000e+00) (7, 3, 5.00000000000000000000e-01) (7, 3, 5.00000000000000000000e-01) (7, 3, 5.00000000000000000000e-01) (7, 3, 5.00000000000000000000e-01) (7, 3, 5.00000000000000000000e-01) (7, 3, 5.00000000000000000000e-01) (7, 3, 5.00000000000000000000e-01) (7, 3, 5.00000000000000000000e-01) (0, 3, 0.00000000000000000000e+00) (9, 0, 5.00000000000000000000e-01) (0, 0, 0.00000000000000000000e+00) 
connections (connected_to_neuron, weight)=(0, -8.85377079248428344727e-02) (1, 2.63205319643020629883e-01) (2, -5.07796823978424072266e-01) (3, -6.10178261995315551758e-02) (4, 2.27981597185134887695e-01) (5, -1.17783203721046447754e-01) (6, 1.21485579013824462891e+00) (0, -1.57011784613132476807e-02) (1, 1.82347941398620605469e+00) (2, -2.65240180306136608124e-03) (3, -2.93506711721420288086e-01) (4, 5.94792962074279785156e-01) (5, -3.54406870901584625244e-02) (6, 2.89541840553283691406e-01) (0, 1.01795822143554687500e+02) (1, 1.52041161060333251953e+00) (2, 1.24206638336181640625e+01) (3, 1.49338119506835937500e+02) (4, 9.60871047973632812500e+01) (5, 2.77722244262695312500e+01) (6, 1.99618041515350341797e+00) (0, -4.51839007437229156494e-02) (1, -8.16060960292816162109e-01) (2, 7.37923741340637207031e-01) (3, 6.48345947265625000000e-02) (4, -2.85907566547393798828e-01) (5, 1.68997228145599365234e-01) (6, -8.17601621150970458984e-01) (0, -7.43221282958984375000e+00) (1, -3.70814394950866699219e+00) (2, 7.25644946098327636719e-01) (3, -2.50495910644531250000e+01) (4, 1.78417835235595703125e+01) (5, 1.05796995162963867188e+01) (6, -1.03811902999877929688e+01) (0, 5.87064661085605621338e-02) (1, 9.33161824941635131836e-02) (2, 1.58214971423149108887e-01) (3, -5.52759587764739990234e-01) (4, 3.92403054237365722656e+00) (5, -4.85284477472305297852e-02) (6, -6.52592480182647705078e-02) (0, -1.06652893066406250000e+02) (1, -2.60736775398254394531e+00) (2, -1.07870101928710937500e+01) (3, 3.35815572738647460938e+00) (4, 1.69318509101867675781e+00) (5, -7.95578670501708984375e+00) (6, -2.57807135581970214844e+00) (0, 4.22745323181152343750e+00) (1, -9.49376583099365234375e-01) (2, -4.37623596191406250000e+00) (3, -1.84168281555175781250e+01) (4, -1.33138685226440429688e+01) (5, -5.75025844573974609375e+00) (6, -4.65315639972686767578e-01) (7, -5.21007813513278961182e-02) (8, -7.27569833397865295410e-02) (9, 4.70187902450561523438e-01) (10, 4.01308715343475341797e-01) (11, 9.92955625057220458984e-01) (12, -4.26517993211746215820e-01) (13, 1.02352954101562500000e+03) (14, 7.10167217254638671875e+00) (15, 3.30022312700748443604e-02) 
