FANN_FLO_2.1
num_layers=3
learning_rate=0.500000
connection_rate=1.000000
network_type=0
learning_momentum=0.000000
training_algorithm=2
train_error_function=1
train_stop_function=0
cascade_output_change_fraction=0.010000
quickprop_decay=-0.000100
quickprop_mu=1.750000
rprop_increase_factor=1.200000
rprop_decrease_factor=0.500000
rprop_delta_min=0.000000
rprop_delta_max=50.000000
rprop_delta_zero=0.100000
cascade_output_stagnation_epochs=12
cascade_candidate_change_fraction=0.010000
cascade_candidate_stagnation_epochs=12
cascade_max_out_epochs=150
cascade_min_out_epochs=50
cascade_max_cand_epochs=150
cascade_min_cand_epochs=50
cascade_num_candidate_groups=2
bit_fail_limit=3.49999994039535522461e-01
cascade_candidate_limit=1.00000000000000000000e+03
cascade_weight_multiplier=4.00000005960464477539e-01
cascade_activation_functions_count=10
cascade_activation_functions=3 5 7 8 10 11 14 15 16 17 
cascade_activation_steepnesses_count=4
cascade_activation_steepnesses=2.50000000000000000000e-01 5.00000000000000000000e-01 7.50000000000000000000e-01 1.00000000000000000000e+00 
layer_sizes=10 5 2 
scale_included=0
neurons (num_inputs, activation_function, activation_steepness)=(0, 0, 0.00000000000000000000e+00) (0, 0, 0.00000000000000000000e+00) (0, 0, 0.00000000000000000000e+00) (0, 0, 0.00000000000000000000e+00) (0, 0, 0.00000000000000000000e+00) (0, 0, 0.00000000000000000000e+00) (0, 0, 0.00000000000000000000e+00) (0, 0, 0.00000000000000000000e+00) (0, 0, 0.00000000000000000000e+00) (0, 0, 0.00000000000000000000e+00) (10, 3, 5.00000000000000000000e-01) (10, 3, 5.00000000000000000000e-01) (10, 3, 5.00000000000000000000e-01) (10, 3, 5.00000000000000000000e-01) (0, 3, 0.00000000000000000000e+00) (5, 3, 5.00000000000000000000e-01) (0, 3, 0.00000000000000000000e+00) 
connections (connected_to_neuron, weight)=(0, -4.95694756507873535156e-01) (1, -4.78185534477233886719e-01) (2, -4.94223117828369140625e-01) (3, -6.59724771976470947266e-01) (4, -3.08731585741043090820e-01) (5, -4.38431560993194580078e-01) (6, -4.57218259572982788086e-01) (7, -5.40374696254730224609e-01) (8, -4.70789551734924316406e-01) (9, 1.50511777400970458984e+00) (0, -5.13445138931274414062e-01) (1, -6.30088031291961669922e-01) (2, -4.10903036594390869141e-01) (3, -4.22042876482009887695e-01) (4, -5.05691349506378173828e-01) (5, -6.69062435626983642578e-01) (6, -5.13741731643676757812e-01) (7, -2.57863461971282958984e-01) (8, -3.31306666135787963867e-01) (9, 1.57202970981597900391e+00) (0, -3.93094688653945922852e-01) (1, -3.32097172737121582031e-01) (2, -5.72594344615936279297e-01) (3, -4.27454471588134765625e-01) (4, -4.15081143379211425781e-01) (5, -3.72923612594604492188e-01) (6, -5.54675161838531494141e-01) (7, -6.72600090503692626953e-01) (8, -6.23726308345794677734e-01) (9, 1.55021047592163085938e+00) (0, -4.01125788688659667969e-01) (1, -5.29160082340240478516e-01) (2, -4.38625663518905639648e-01) (3, -5.50738036632537841797e-01) (4, -6.09794855117797851562e-01) (5, -4.74644035100936889648e-01) (6, -3.05200010538101196289e-01) (7, -5.41798949241638183594e-01) (8, -4.58674132823944091797e-01) (9, 1.58373308181762695312e+00) (10, -1.04455304145812988281e+00) (11, -1.04282212257385253906e+00) (12, -9.89356279373168945312e-01) (13, -1.10005271434783935547e+00) (14, 1.48671174049377441406e+00) 
