FANN_FLO_2.1
num_layers=3
learning_rate=0.500000
connection_rate=1.000000
network_type=0
learning_momentum=0.000000
training_algorithm=2
train_error_function=1
train_stop_function=0
cascade_output_change_fraction=0.010000
quickprop_decay=-0.000100
quickprop_mu=1.750000
rprop_increase_factor=1.200000
rprop_decrease_factor=0.500000
rprop_delta_min=0.000000
rprop_delta_max=50.000000
rprop_delta_zero=0.100000
cascade_output_stagnation_epochs=12
cascade_candidate_change_fraction=0.010000
cascade_candidate_stagnation_epochs=12
cascade_max_out_epochs=150
cascade_min_out_epochs=50
cascade_max_cand_epochs=150
cascade_min_cand_epochs=50
cascade_num_candidate_groups=2
bit_fail_limit=3.49999994039535522461e-01
cascade_candidate_limit=1.00000000000000000000e+03
cascade_weight_multiplier=4.00000005960464477539e-01
cascade_activation_functions_count=10
cascade_activation_functions=3 5 7 8 10 11 14 15 16 17 
cascade_activation_steepnesses_count=4
cascade_activation_steepnesses=2.50000000000000000000e-01 5.00000000000000000000e-01 7.50000000000000000000e-01 1.00000000000000000000e+00 
layer_sizes=10 3 2 
scale_included=0
neurons (num_inputs, activation_function, activation_steepness)=(0, 0, 0.00000000000000000000e+00) (0, 0, 0.00000000000000000000e+00) (0, 0, 0.00000000000000000000e+00) (0, 0, 0.00000000000000000000e+00) (0, 0, 0.00000000000000000000e+00) (0, 0, 0.00000000000000000000e+00) (0, 0, 0.00000000000000000000e+00) (0, 0, 0.00000000000000000000e+00) (0, 0, 0.00000000000000000000e+00) (0, 0, 0.00000000000000000000e+00) (10, 3, 5.00000000000000000000e-01) (10, 3, 5.00000000000000000000e-01) (0, 3, 0.00000000000000000000e+00) (3, 3, 5.00000000000000000000e-01) (0, 3, 0.00000000000000000000e+00) 
connections (connected_to_neuron, weight)=(0, 7.87851452827453613281e-01) (1, 7.14637815952301025391e-01) (2, 7.16168582439422607422e-01) (3, -5.78978478908538818359e-01) (4, 3.22811931371688842773e-01) (5, 6.47809505462646484375e-01) (6, 4.41990524530410766602e-01) (7, 8.02160382270812988281e-01) (8, 5.29626905918121337891e-01) (9, -1.29683864116668701172e+00) (0, -4.02738690376281738281e-01) (1, -4.65664565563201904297e-01) (2, -3.82496684789657592773e-01) (3, -1.08921837806701660156e+00) (4, -6.24818146228790283203e-01) (5, -4.86770719289779663086e-01) (6, -6.05584681034088134766e-01) (7, -3.80244940519332885742e-01) (8, -5.02121806144714355469e-01) (9, 2.19202136993408203125e+00) (10, 1.47268581390380859375e+00) (11, -2.39920711517333984375e+00) (12, -8.18914035335183143616e-04) 
