FANN_FLO_2.1
num_layers=3
learning_rate=0.500000
connection_rate=1.000000
network_type=0
learning_momentum=0.000000
training_algorithm=2
train_error_function=1
train_stop_function=0
cascade_output_change_fraction=0.010000
quickprop_decay=-0.000100
quickprop_mu=1.750000
rprop_increase_factor=1.200000
rprop_decrease_factor=0.500000
rprop_delta_min=0.000000
rprop_delta_max=50.000000
rprop_delta_zero=0.100000
cascade_output_stagnation_epochs=12
cascade_candidate_change_fraction=0.010000
cascade_candidate_stagnation_epochs=12
cascade_max_out_epochs=150
cascade_min_out_epochs=50
cascade_max_cand_epochs=150
cascade_min_cand_epochs=50
cascade_num_candidate_groups=2
bit_fail_limit=3.49999994039535522461e-01
cascade_candidate_limit=1.00000000000000000000e+03
cascade_weight_multiplier=4.00000005960464477539e-01
cascade_activation_functions_count=10
cascade_activation_functions=3 5 7 8 10 11 14 15 16 17 
cascade_activation_steepnesses_count=4
cascade_activation_steepnesses=2.50000000000000000000e-01 5.00000000000000000000e-01 7.50000000000000000000e-01 1.00000000000000000000e+00 
layer_sizes=10 5 2 
scale_included=0
neurons (num_inputs, activation_function, activation_steepness)=(0, 0, 0.00000000000000000000e+00) (0, 0, 0.00000000000000000000e+00) (0, 0, 0.00000000000000000000e+00) (0, 0, 0.00000000000000000000e+00) (0, 0, 0.00000000000000000000e+00) (0, 0, 0.00000000000000000000e+00) (0, 0, 0.00000000000000000000e+00) (0, 0, 0.00000000000000000000e+00) (0, 0, 0.00000000000000000000e+00) (0, 0, 0.00000000000000000000e+00) (10, 3, 5.00000000000000000000e-01) (10, 3, 5.00000000000000000000e-01) (10, 3, 5.00000000000000000000e-01) (10, 3, 5.00000000000000000000e-01) (0, 3, 0.00000000000000000000e+00) (5, 3, 5.00000000000000000000e-01) (0, 3, 0.00000000000000000000e+00) 
connections (connected_to_neuron, weight)=(0, -1.52739912271499633789e-01) (1, -3.01842570304870605469e-01) (2, 4.14190493756905198097e-04) (3, -1.25166046619415283203e+00) (4, -5.31276762485504150391e-01) (5, -1.05779671669006347656e+00) (6, -3.11476588249206542969e-01) (7, -4.87528949975967407227e-01) (8, -3.90422433614730834961e-01) (9, 1.82942485809326171875e+00) (0, -4.64582443237304687500e-01) (1, -1.12852978706359863281e+00) (2, -4.39771950244903564453e-01) (3, -2.18253523111343383789e-01) (4, -8.60050439834594726562e-01) (5, -1.11525371670722961426e-01) (6, -3.99381518363952636719e-01) (7, -4.07109618186950683594e-01) (8, -3.30138623714447021484e-01) (9, 1.62894165515899658203e+00) (0, -6.75561428070068359375e-01) (1, -3.88745129108428955078e-01) (2, -7.61495232582092285156e-01) (3, -2.52358943223953247070e-01) (4, -2.45590046048164367676e-01) (5, -4.46305990219116210938e-01) (6, -6.90216898918151855469e-01) (7, -6.33888423442840576172e-01) (8, -5.90951979160308837891e-01) (9, 1.89730978012084960938e+00) (0, -1.00692248344421386719e+00) (1, 3.87734882533550262451e-02) (2, -8.99687409400939941406e-01) (3, -6.46621733903884887695e-02) (4, -1.76528140902519226074e-01) (5, -3.83310139179229736328e-01) (6, -6.51006698608398437500e-01) (7, -5.10834455490112304688e-01) (8, -6.62365853786468505859e-01) (9, 1.27566397190093994141e+00) (10, -1.12119805812835693359e+00) (11, -1.07048201560974121094e+00) (12, -1.31411087512969970703e+00) (13, -5.04632294178009033203e-01) (14, 1.50999867916107177734e+00) 
