FANN_FLO_2.1
num_layers=4
learning_rate=0.450000
connection_rate=1.000000
network_type=0
learning_momentum=0.000000
training_algorithm=2
train_error_function=1
train_stop_function=0
cascade_output_change_fraction=0.010000
quickprop_decay=-0.000100
quickprop_mu=1.750000
rprop_increase_factor=1.200000
rprop_decrease_factor=0.500000
rprop_delta_min=0.000000
rprop_delta_max=50.000000
rprop_delta_zero=0.100000
cascade_output_stagnation_epochs=12
cascade_candidate_change_fraction=0.010000
cascade_candidate_stagnation_epochs=12
cascade_max_out_epochs=150
cascade_min_out_epochs=50
cascade_max_cand_epochs=150
cascade_min_cand_epochs=50
cascade_num_candidate_groups=2
bit_fail_limit=3.49999994039535522461e-01
cascade_candidate_limit=1.00000000000000000000e+03
cascade_weight_multiplier=4.00000005960464477539e-01
cascade_activation_functions_count=10
cascade_activation_functions=3 5 7 8 10 11 14 15 16 17 
cascade_activation_steepnesses_count=4
cascade_activation_steepnesses=2.50000000000000000000e-01 5.00000000000000000000e-01 7.50000000000000000000e-01 1.00000000000000000000e+00 
layer_sizes=7 5 3 2 
scale_included=0
neurons (num_inputs, activation_function, activation_steepness)=(0, 0, 0.00000000000000000000e+00) (0, 0, 0.00000000000000000000e+00) (0, 0, 0.00000000000000000000e+00) (0, 0, 0.00000000000000000000e+00) (0, 0, 0.00000000000000000000e+00) (0, 0, 0.00000000000000000000e+00) (0, 0, 0.00000000000000000000e+00) (7, 3, 5.00000000000000000000e-01) (7, 3, 5.00000000000000000000e-01) (7, 3, 5.00000000000000000000e-01) (7, 3, 5.00000000000000000000e-01) (0, 3, 0.00000000000000000000e+00) (5, 3, 5.00000000000000000000e-01) (5, 3, 5.00000000000000000000e-01) (0, 3, 0.00000000000000000000e+00) (3, 0, 5.00000000000000000000e-01) (0, 0, 0.00000000000000000000e+00) 
connections (connected_to_neuron, weight)=(0, 1.68398395180702209473e-01) (1, -9.60320532321929931641e-02) (2, -5.47673344612121582031e-01) (3, 1.47679835557937622070e-01) (4, 4.84231859445571899414e-01) (5, -3.65018129348754882812e-01) (6, 1.39347064495086669922e+00) (0, 2.27748279571533203125e+01) (1, 5.83817422389984130859e-01) (2, -2.28938522338867187500e+01) (3, -1.25127518177032470703e+00) (4, 1.83584034442901611328e+00) (5, -7.80349254608154296875e+00) (6, 1.70839440822601318359e+00) (0, -1.18486732244491577148e-02) (1, 5.70119798183441162109e-01) (2, -5.07824540138244628906e-01) (3, 1.36463761329650878906e-01) (4, 6.49046182632446289062e-01) (5, -7.82143354415893554688e-01) (6, 5.83635747432708740234e-01) (0, 8.41334247589111328125e+00) (1, 1.46161818504333496094e+00) (2, -9.82127952575683593750e+00) (3, -1.66084229946136474609e+00) (4, 1.59276354312896728516e+00) (5, -1.77915775775909423828e+00) (6, 1.61120927333831787109e+00) (7, -4.52536296844482421875e+00) (8, -5.70903444290161132812e+00) (9, -4.37279796600341796875e+00) (10, 4.90004396438598632812e+00) (11, -5.94498395919799804688e-01) (7, -4.18473529815673828125e+00) (8, -5.46879577636718750000e+00) (9, -4.46913623809814453125e+00) (10, 4.36619663238525390625e+00) (11, -3.90417337417602539062e-01) (12, 1.70255458354949951172e+00) (13, 1.20512163639068603516e+00) (14, 3.49570717662572860718e-03) 
