FANN_FLO_2.1
num_layers=4
learning_rate=0.300000
connection_rate=1.000000
network_type=0
learning_momentum=0.000000
training_algorithm=2
train_error_function=1
train_stop_function=0
cascade_output_change_fraction=0.010000
quickprop_decay=-0.000100
quickprop_mu=1.750000
rprop_increase_factor=1.200000
rprop_decrease_factor=0.500000
rprop_delta_min=0.000000
rprop_delta_max=50.000000
rprop_delta_zero=0.100000
cascade_output_stagnation_epochs=12
cascade_candidate_change_fraction=0.010000
cascade_candidate_stagnation_epochs=12
cascade_max_out_epochs=150
cascade_min_out_epochs=50
cascade_max_cand_epochs=150
cascade_min_cand_epochs=50
cascade_num_candidate_groups=2
bit_fail_limit=3.49999994039535522461e-01
cascade_candidate_limit=1.00000000000000000000e+03
cascade_weight_multiplier=4.00000005960464477539e-01
cascade_activation_functions_count=10
cascade_activation_functions=3 5 7 8 10 11 14 15 16 17 
cascade_activation_steepnesses_count=4
cascade_activation_steepnesses=2.50000000000000000000e-01 5.00000000000000000000e-01 7.50000000000000000000e-01 1.00000000000000000000e+00 
layer_sizes=2 5 3 3 
scale_included=0
neurons (num_inputs, activation_function, activation_steepness)=(0, 0, 0.00000000000000000000e+00) (0, 0, 0.00000000000000000000e+00) (2, 3, 5.00000000000000000000e-01) (2, 3, 5.00000000000000000000e-01) (2, 3, 5.00000000000000000000e-01) (2, 3, 5.00000000000000000000e-01) (0, 3, 0.00000000000000000000e+00) (5, 3, 5.00000000000000000000e-01) (5, 3, 5.00000000000000000000e-01) (0, 3, 0.00000000000000000000e+00) (3, 0, 5.00000000000000000000e-01) (3, 0, 5.00000000000000000000e-01) (0, 0, 0.00000000000000000000e+00) 
connections (connected_to_neuron, weight)=(0, -1.28981580734252929688e+01) (1, -6.23809766769409179688e+00) (0, -1.26789836883544921875e+01) (1, -6.14667367935180664062e+00) (0, -1.21975736618041992188e+01) (1, -5.93993282318115234375e+00) (0, -1.26822462081909179688e+01) (1, -6.16558122634887695312e+00) (2, 1.55339169502258300781e+00) (3, 1.05363571643829345703e+00) (4, 3.10080379247665405273e-01) (5, 3.06601786613464355469e+00) (6, -1.12818002700805664062e+00) (2, 1.15185511112213134766e+00) (3, 7.70711064338684082031e-01) (4, 4.07005727291107177734e-01) (5, 1.62160980701446533203e+00) (6, 1.12988483905792236328e+00) (7, 8.30539241433143615723e-02) (8, -2.30780951678752899170e-02) (9, -4.86262701451778411865e-02) (7, -8.84771227836608886719e-01) (8, -8.89359116554260253906e-01) (9, -3.48222970962524414062e-01) 
