FANN_FLO_2.1
num_layers=4
learning_rate=0.450000
connection_rate=1.000000
network_type=0
learning_momentum=0.000000
training_algorithm=2
train_error_function=1
train_stop_function=0
cascade_output_change_fraction=0.010000
quickprop_decay=-0.000100
quickprop_mu=1.750000
rprop_increase_factor=1.200000
rprop_decrease_factor=0.500000
rprop_delta_min=0.000000
rprop_delta_max=50.000000
rprop_delta_zero=0.100000
cascade_output_stagnation_epochs=12
cascade_candidate_change_fraction=0.010000
cascade_candidate_stagnation_epochs=12
cascade_max_out_epochs=150
cascade_min_out_epochs=50
cascade_max_cand_epochs=150
cascade_min_cand_epochs=50
cascade_num_candidate_groups=2
bit_fail_limit=3.49999994039535522461e-01
cascade_candidate_limit=1.00000000000000000000e+03
cascade_weight_multiplier=4.00000005960464477539e-01
cascade_activation_functions_count=10
cascade_activation_functions=3 5 7 8 10 11 14 15 16 17 
cascade_activation_steepnesses_count=4
cascade_activation_steepnesses=2.50000000000000000000e-01 5.00000000000000000000e-01 7.50000000000000000000e-01 1.00000000000000000000e+00 
layer_sizes=7 3 3 2 
scale_included=0
neurons (num_inputs, activation_function, activation_steepness)=(0, 0, 0.00000000000000000000e+00) (0, 0, 0.00000000000000000000e+00) (0, 0, 0.00000000000000000000e+00) (0, 0, 0.00000000000000000000e+00) (0, 0, 0.00000000000000000000e+00) (0, 0, 0.00000000000000000000e+00) (0, 0, 0.00000000000000000000e+00) (7, 3, 5.00000000000000000000e-01) (7, 3, 5.00000000000000000000e-01) (0, 3, 0.00000000000000000000e+00) (3, 3, 5.00000000000000000000e-01) (3, 3, 5.00000000000000000000e-01) (0, 3, 0.00000000000000000000e+00) (3, 0, 5.00000000000000000000e-01) (0, 0, 0.00000000000000000000e+00) 
connections (connected_to_neuron, weight)=(0, -6.10410533845424652100e-02) (1, 7.48453259468078613281e-01) (2, -5.13415813446044921875e-01) (3, 2.42549031972885131836e-01) (4, 7.99339711666107177734e-01) (5, -8.58770728111267089844e-01) (6, -5.66982364654541015625e+00) (0, 1.62480920553207397461e-01) (1, 3.87815922498703002930e-01) (2, -5.93521595001220703125e-01) (3, 2.72794574499130249023e-01) (4, 3.96254032850265502930e-01) (5, -7.20534443855285644531e-01) (6, 1.55972778797149658203e+00) (7, -4.68106889724731445312e+00) (8, -8.63247013092041015625e+00) (9, 3.49240088462829589844e+00) (7, 2.15855693817138671875e+00) (8, 6.10793590545654296875e+00) (9, -3.52430492639541625977e-01) (10, 2.32650947570800781250e+00) (11, -8.83275344967842102051e-02) (12, 9.11099165678024291992e-02) 
