FANN_FLO_2.1
num_layers=4
learning_rate=0.500000
connection_rate=1.000000
network_type=0
learning_momentum=0.000000
training_algorithm=2
train_error_function=1
train_stop_function=0
cascade_output_change_fraction=0.010000
quickprop_decay=-0.000100
quickprop_mu=1.750000
rprop_increase_factor=1.200000
rprop_decrease_factor=0.500000
rprop_delta_min=0.000000
rprop_delta_max=50.000000
rprop_delta_zero=0.100000
cascade_output_stagnation_epochs=12
cascade_candidate_change_fraction=0.010000
cascade_candidate_stagnation_epochs=12
cascade_max_out_epochs=150
cascade_min_out_epochs=50
cascade_max_cand_epochs=150
cascade_min_cand_epochs=50
cascade_num_candidate_groups=2
bit_fail_limit=3.49999994039535522461e-01
cascade_candidate_limit=1.00000000000000000000e+03
cascade_weight_multiplier=4.00000005960464477539e-01
cascade_activation_functions_count=10
cascade_activation_functions=3 5 7 8 10 11 14 15 16 17 
cascade_activation_steepnesses_count=4
cascade_activation_steepnesses=2.50000000000000000000e-01 5.00000000000000000000e-01 7.50000000000000000000e-01 1.00000000000000000000e+00 
layer_sizes=4 5 3 2 
scale_included=0
neurons (num_inputs, activation_function, activation_steepness)=(0, 0, 0.00000000000000000000e+00) (0, 0, 0.00000000000000000000e+00) (0, 0, 0.00000000000000000000e+00) (0, 0, 0.00000000000000000000e+00) (4, 3, 5.00000000000000000000e-01) (4, 3, 5.00000000000000000000e-01) (4, 3, 5.00000000000000000000e-01) (4, 3, 5.00000000000000000000e-01) (0, 3, 0.00000000000000000000e+00) (5, 3, 5.00000000000000000000e-01) (5, 3, 5.00000000000000000000e-01) (0, 3, 0.00000000000000000000e+00) (3, 3, 5.00000000000000000000e-01) (0, 3, 0.00000000000000000000e+00) 
connections (connected_to_neuron, weight)=(0, 1.69114923477172851562e+00) (1, -1.36414070129394531250e+01) (2, -6.02258682250976562500e+00) (3, 8.53651905059814453125e+00) (0, -7.52277984619140625000e+01) (1, -9.14019546508789062500e+01) (2, 1.38631088256835937500e+02) (3, 3.09346389770507812500e+00) (0, -5.12343835830688476562e+00) (1, -8.90643596649169921875e+00) (2, 3.39331555366516113281e+00) (3, 3.88863444328308105469e+00) (0, 9.18200111389160156250e+00) (1, -3.69543914794921875000e+01) (2, 1.93421421051025390625e+01) (3, 2.42152166366577148438e+00) (4, 9.11643218994140625000e+00) (5, -6.88305807113647460938e+00) (6, 3.06177196502685546875e+01) (7, -9.22700881958007812500e+00) (8, -6.14769792556762695312e+00) (4, 6.40516710281372070312e+00) (5, -4.52862119674682617188e+00) (6, 2.30467758178710937500e+01) (7, -6.98725700378417968750e+00) (8, -4.13489484786987304688e+00) (9, -1.58764123916625976562e+00) (10, -3.26366615295410156250e+00) (11, 2.56789422035217285156e+00) 
