FANN_FLO_2.1
num_layers=3
learning_rate=0.500000
connection_rate=1.000000
network_type=0
learning_momentum=0.000000
training_algorithm=2
train_error_function=1
train_stop_function=0
cascade_output_change_fraction=0.010000
quickprop_decay=-0.000100
quickprop_mu=1.750000
rprop_increase_factor=1.200000
rprop_decrease_factor=0.500000
rprop_delta_min=0.000000
rprop_delta_max=50.000000
rprop_delta_zero=0.100000
cascade_output_stagnation_epochs=12
cascade_candidate_change_fraction=0.010000
cascade_candidate_stagnation_epochs=12
cascade_max_out_epochs=150
cascade_min_out_epochs=50
cascade_max_cand_epochs=150
cascade_min_cand_epochs=50
cascade_num_candidate_groups=2
bit_fail_limit=3.49999994039535522461e-01
cascade_candidate_limit=1.00000000000000000000e+03
cascade_weight_multiplier=4.00000005960464477539e-01
cascade_activation_functions_count=10
cascade_activation_functions=3 5 7 8 10 11 14 15 16 17 
cascade_activation_steepnesses_count=4
cascade_activation_steepnesses=2.50000000000000000000e-01 5.00000000000000000000e-01 7.50000000000000000000e-01 1.00000000000000000000e+00 
layer_sizes=10 5 2 
scale_included=0
neurons (num_inputs, activation_function, activation_steepness)=(0, 0, 0.00000000000000000000e+00) (0, 0, 0.00000000000000000000e+00) (0, 0, 0.00000000000000000000e+00) (0, 0, 0.00000000000000000000e+00) (0, 0, 0.00000000000000000000e+00) (0, 0, 0.00000000000000000000e+00) (0, 0, 0.00000000000000000000e+00) (0, 0, 0.00000000000000000000e+00) (0, 0, 0.00000000000000000000e+00) (0, 0, 0.00000000000000000000e+00) (10, 3, 5.00000000000000000000e-01) (10, 3, 5.00000000000000000000e-01) (10, 3, 5.00000000000000000000e-01) (10, 3, 5.00000000000000000000e-01) (0, 3, 0.00000000000000000000e+00) (5, 3, 5.00000000000000000000e-01) (0, 3, 0.00000000000000000000e+00) 
connections (connected_to_neuron, weight)=(0, -5.33013284206390380859e-01) (1, -4.73009020090103149414e-01) (2, -3.70077848434448242188e-01) (3, -7.66940891742706298828e-01) (4, -9.50189352035522460938e-01) (5, -6.66308879852294921875e-01) (6, -5.98438560962677001953e-01) (7, -6.42068684101104736328e-01) (8, -4.99640613794326782227e-01) (9, 2.99115443229675292969e+00) (0, -4.82275664806365966797e-01) (1, -5.08335232734680175781e-01) (2, -4.94145154953002929688e-01) (3, -3.07729154825210571289e-01) (4, -4.85449969768524169922e-01) (5, -3.03124904632568359375e-01) (6, -5.27564167976379394531e-01) (7, -3.63514840602874755859e-01) (8, -3.49529474973678588867e-01) (9, 7.25269138813018798828e-01) (0, -4.62598085403442382812e-01) (1, -5.02353012561798095703e-01) (2, -4.59241151809692382812e-01) (3, -3.42862755060195922852e-01) (4, -4.84612315893173217773e-01) (5, -3.78037184476852416992e-01) (6, -2.48597830533981323242e-01) (7, -4.72492247819900512695e-01) (8, -5.00465393066406250000e-01) (9, 7.67861247062683105469e-01) (0, -3.81234049797058105469e-01) (1, -5.92048585414886474609e-01) (2, -5.94573438167572021484e-01) (3, -6.01062655448913574219e-01) (4, 5.14898777008056640625e-01) (5, -6.84864342212677001953e-01) (6, -4.75625306367874145508e-01) (7, -6.30560457706451416016e-01) (8, -5.66792070865631103516e-01) (9, 7.42402017116546630859e-01) (10, -1.16846251487731933594e+00) (11, -1.38483107089996337891e+00) (12, -1.37839388847351074219e+00) (13, -9.60023105144500732422e-01) (14, 1.52861166000366210938e+00) 
