FANN_FLO_2.1
num_layers=4
learning_rate=0.450000
connection_rate=1.000000
network_type=0
learning_momentum=0.000000
training_algorithm=2
train_error_function=1
train_stop_function=0
cascade_output_change_fraction=0.010000
quickprop_decay=-0.000100
quickprop_mu=1.750000
rprop_increase_factor=1.200000
rprop_decrease_factor=0.500000
rprop_delta_min=0.000000
rprop_delta_max=50.000000
rprop_delta_zero=0.100000
cascade_output_stagnation_epochs=12
cascade_candidate_change_fraction=0.010000
cascade_candidate_stagnation_epochs=12
cascade_max_out_epochs=150
cascade_min_out_epochs=50
cascade_max_cand_epochs=150
cascade_min_cand_epochs=50
cascade_num_candidate_groups=2
bit_fail_limit=3.49999994039535522461e-01
cascade_candidate_limit=1.00000000000000000000e+03
cascade_weight_multiplier=4.00000005960464477539e-01
cascade_activation_functions_count=10
cascade_activation_functions=3 5 7 8 10 11 14 15 16 17 
cascade_activation_steepnesses_count=4
cascade_activation_steepnesses=2.50000000000000000000e-01 5.00000000000000000000e-01 7.50000000000000000000e-01 1.00000000000000000000e+00 
layer_sizes=7 5 3 2 
scale_included=0
neurons (num_inputs, activation_function, activation_steepness)=(0, 0, 0.00000000000000000000e+00) (0, 0, 0.00000000000000000000e+00) (0, 0, 0.00000000000000000000e+00) (0, 0, 0.00000000000000000000e+00) (0, 0, 0.00000000000000000000e+00) (0, 0, 0.00000000000000000000e+00) (0, 0, 0.00000000000000000000e+00) (7, 3, 5.00000000000000000000e-01) (7, 3, 5.00000000000000000000e-01) (7, 3, 5.00000000000000000000e-01) (7, 3, 5.00000000000000000000e-01) (0, 3, 0.00000000000000000000e+00) (5, 3, 5.00000000000000000000e-01) (5, 3, 5.00000000000000000000e-01) (0, 3, 0.00000000000000000000e+00) (3, 0, 5.00000000000000000000e-01) (0, 0, 0.00000000000000000000e+00) 
connections (connected_to_neuron, weight)=(0, 4.32146996259689331055e-01) (1, 3.76690298318862915039e-01) (2, -1.43953871726989746094e+00) (3, 4.48866009712219238281e-01) (4, 8.04091811180114746094e-01) (5, -8.56987774372100830078e-01) (6, 7.39687025547027587891e-01) (0, 2.65604406595230102539e-01) (1, 4.54590052366256713867e-01) (2, -1.27474713325500488281e+00) (3, 4.11907434463500976562e-01) (4, 7.48259127140045166016e-01) (5, -8.40563535690307617188e-01) (6, 5.05336403846740722656e-01) (0, 1.18409192562103271484e+00) (1, 1.21606645584106445312e+01) (2, 1.50000000000000000000e+03) (3, 2.08537628173828125000e+02) (4, 3.01788711547851562500e+00) (5, 7.77695068359375000000e+02) (6, 2.06866312026977539062e+00) (0, -3.48958468437194824219e+00) (1, 2.99298143386840820312e+00) (2, 1.04104824066162109375e+01) (3, -6.68483543395996093750e+00) (4, 1.57240498065948486328e+00) (5, -9.68114554882049560547e-01) (6, 1.91735661029815673828e+00) (7, -1.14625101089477539062e+01) (8, 4.82688474655151367188e+00) (9, -2.58181005716323852539e-01) (10, -4.45388746261596679688e+00) (11, 2.20677185058593750000e+00) (7, -1.50000000000000000000e+03) (8, -1.50000000000000000000e+03) (9, -5.11566638946533203125e-01) (10, 5.07509651184082031250e+01) (11, -7.99524068832397460938e-01) (12, 3.31618571281433105469e+00) (13, -2.24418878555297851562e-01) (14, -1.56335812062025070190e-02) 
