FANN_FLO_2.1
num_layers=3
learning_rate=0.500000
connection_rate=1.000000
network_type=0
learning_momentum=0.000000
training_algorithm=2
train_error_function=1
train_stop_function=0
cascade_output_change_fraction=0.010000
quickprop_decay=-0.000100
quickprop_mu=1.750000
rprop_increase_factor=1.200000
rprop_decrease_factor=0.500000
rprop_delta_min=0.000000
rprop_delta_max=50.000000
rprop_delta_zero=0.100000
cascade_output_stagnation_epochs=12
cascade_candidate_change_fraction=0.010000
cascade_candidate_stagnation_epochs=12
cascade_max_out_epochs=150
cascade_min_out_epochs=50
cascade_max_cand_epochs=150
cascade_min_cand_epochs=50
cascade_num_candidate_groups=2
bit_fail_limit=3.49999994039535522461e-01
cascade_candidate_limit=1.00000000000000000000e+03
cascade_weight_multiplier=4.00000005960464477539e-01
cascade_activation_functions_count=10
cascade_activation_functions=3 5 7 8 10 11 14 15 16 17 
cascade_activation_steepnesses_count=4
cascade_activation_steepnesses=2.50000000000000000000e-01 5.00000000000000000000e-01 7.50000000000000000000e-01 1.00000000000000000000e+00 
layer_sizes=10 3 2 
scale_included=0
neurons (num_inputs, activation_function, activation_steepness)=(0, 0, 0.00000000000000000000e+00) (0, 0, 0.00000000000000000000e+00) (0, 0, 0.00000000000000000000e+00) (0, 0, 0.00000000000000000000e+00) (0, 0, 0.00000000000000000000e+00) (0, 0, 0.00000000000000000000e+00) (0, 0, 0.00000000000000000000e+00) (0, 0, 0.00000000000000000000e+00) (0, 0, 0.00000000000000000000e+00) (0, 0, 0.00000000000000000000e+00) (10, 3, 5.00000000000000000000e-01) (10, 3, 5.00000000000000000000e-01) (0, 3, 0.00000000000000000000e+00) (3, 3, 5.00000000000000000000e-01) (0, 3, 0.00000000000000000000e+00) 
connections (connected_to_neuron, weight)=(0, -5.91684639453887939453e-01) (1, -6.40143990516662597656e-01) (2, -5.57140350341796875000e-01) (3, -6.70450270175933837891e-01) (4, -6.02571845054626464844e-01) (5, -5.77072799205780029297e-01) (6, -5.65477728843688964844e-01) (7, -5.75674295425415039062e-01) (8, -5.80204248428344726562e-01) (9, 2.13254618644714355469e+00) (0, -5.98720252513885498047e-01) (1, -5.52180051803588867188e-01) (2, -6.57853007316589355469e-01) (3, -5.35046875476837158203e-01) (4, -5.67676067352294921875e-01) (5, -5.89450776576995849609e-01) (6, -6.30308926105499267578e-01) (7, -6.32714390754699707031e-01) (8, -6.75302803516387939453e-01) (9, 2.28006768226623535156e+00) (10, -1.70242953300476074219e+00) (11, -1.64619851112365722656e+00) (12, 1.28005516529083251953e+00) 
