FANN_FLO_2.1
num_layers=4
learning_rate=0.500000
connection_rate=1.000000
network_type=0
learning_momentum=0.000000
training_algorithm=2
train_error_function=1
train_stop_function=0
cascade_output_change_fraction=0.010000
quickprop_decay=-0.000100
quickprop_mu=1.750000
rprop_increase_factor=1.200000
rprop_decrease_factor=0.500000
rprop_delta_min=0.000000
rprop_delta_max=50.000000
rprop_delta_zero=0.100000
cascade_output_stagnation_epochs=12
cascade_candidate_change_fraction=0.010000
cascade_candidate_stagnation_epochs=12
cascade_max_out_epochs=150
cascade_min_out_epochs=50
cascade_max_cand_epochs=150
cascade_min_cand_epochs=50
cascade_num_candidate_groups=2
bit_fail_limit=3.49999994039535522461e-01
cascade_candidate_limit=1.00000000000000000000e+03
cascade_weight_multiplier=4.00000005960464477539e-01
cascade_activation_functions_count=10
cascade_activation_functions=3 5 7 8 10 11 14 15 16 17 
cascade_activation_steepnesses_count=4
cascade_activation_steepnesses=2.50000000000000000000e-01 5.00000000000000000000e-01 7.50000000000000000000e-01 1.00000000000000000000e+00 
layer_sizes=4 5 5 2 
scale_included=0
neurons (num_inputs, activation_function, activation_steepness)=(0, 0, 0.00000000000000000000e+00) (0, 0, 0.00000000000000000000e+00) (0, 0, 0.00000000000000000000e+00) (0, 0, 0.00000000000000000000e+00) (4, 3, 5.00000000000000000000e-01) (4, 3, 5.00000000000000000000e-01) (4, 3, 5.00000000000000000000e-01) (4, 3, 5.00000000000000000000e-01) (0, 3, 0.00000000000000000000e+00) (5, 3, 5.00000000000000000000e-01) (5, 3, 5.00000000000000000000e-01) (5, 3, 5.00000000000000000000e-01) (5, 3, 5.00000000000000000000e-01) (0, 3, 0.00000000000000000000e+00) (5, 3, 5.00000000000000000000e-01) (0, 3, 0.00000000000000000000e+00) 
connections (connected_to_neuron, weight)=(0, -3.43655967712402343750e+00) (1, 2.62106418609619140625e+00) (2, -3.66306972503662109375e+00) (3, 1.19622997939586639404e-01) (0, 3.10920739173889160156e+00) (1, -1.18469810485839843750e+01) (2, 1.41714134216308593750e+01) (3, -1.26843297481536865234e+00) (0, -6.21592283248901367188e+00) (1, -6.76954364776611328125e+00) (2, 3.95494848489761352539e-01) (3, 6.21038341522216796875e+00) (0, 2.83688879013061523438e+00) (1, 4.01181429624557495117e-01) (2, 3.84913951158523559570e-01) (3, -8.60964894294738769531e-01) (4, 2.62165665626525878906e+00) (5, -7.02145242691040039062e+00) (6, 1.55618686676025390625e+01) (7, -1.69050848484039306641e+00) (8, -7.53171667456626892090e-02) (4, 1.73840773105621337891e+00) (5, -9.81521987915039062500e+00) (6, 2.12786903381347656250e+01) (7, -2.12190794944763183594e+00) (8, -3.18667516112327575684e-02) (4, 1.27889430522918701172e+00) (5, -1.01560420989990234375e+01) (6, 2.11456642150878906250e+01) (7, -1.61420738697052001953e+00) (8, -1.23359628021717071533e-01) (4, 2.88962078094482421875e+00) (5, -5.08058023452758789062e+00) (6, 1.23398103713989257812e+01) (7, -1.71889054775238037109e+00) (8, -7.09869861602783203125e-02) (9, -1.32177400588989257812e+00) (10, -1.67101919651031494141e+00) (11, -1.75156164169311523438e+00) (12, -3.47000062465667724609e-02) (13, 2.50303816795349121094e+00) 
