FANN_FLO_2.1
num_layers=3
learning_rate=0.400000
connection_rate=1.000000
network_type=0
learning_momentum=0.000000
training_algorithm=2
train_error_function=1
train_stop_function=0
cascade_output_change_fraction=0.010000
quickprop_decay=-0.000100
quickprop_mu=1.750000
rprop_increase_factor=1.200000
rprop_decrease_factor=0.500000
rprop_delta_min=0.000000
rprop_delta_max=50.000000
rprop_delta_zero=0.100000
cascade_output_stagnation_epochs=12
cascade_candidate_change_fraction=0.010000
cascade_candidate_stagnation_epochs=12
cascade_max_out_epochs=150
cascade_min_out_epochs=50
cascade_max_cand_epochs=150
cascade_min_cand_epochs=50
cascade_num_candidate_groups=2
bit_fail_limit=3.49999994039535522461e-01
cascade_candidate_limit=1.00000000000000000000e+03
cascade_weight_multiplier=4.00000005960464477539e-01
cascade_activation_functions_count=10
cascade_activation_functions=3 5 7 8 10 11 14 15 16 17 
cascade_activation_steepnesses_count=4
cascade_activation_steepnesses=2.50000000000000000000e-01 5.00000000000000000000e-01 7.50000000000000000000e-01 1.00000000000000000000e+00 
layer_sizes=10 3 2 
scale_included=0
neurons (num_inputs, activation_function, activation_steepness)=(0, 0, 0.00000000000000000000e+00) (0, 0, 0.00000000000000000000e+00) (0, 0, 0.00000000000000000000e+00) (0, 0, 0.00000000000000000000e+00) (0, 0, 0.00000000000000000000e+00) (0, 0, 0.00000000000000000000e+00) (0, 0, 0.00000000000000000000e+00) (0, 0, 0.00000000000000000000e+00) (0, 0, 0.00000000000000000000e+00) (0, 0, 0.00000000000000000000e+00) (10, 3, 5.00000000000000000000e-01) (10, 3, 5.00000000000000000000e-01) (0, 3, 0.00000000000000000000e+00) (3, 3, 5.00000000000000000000e-01) (0, 3, 0.00000000000000000000e+00) 
connections (connected_to_neuron, weight)=(0, 1.68330490589141845703e-01) (1, 1.19329109787940979004e-01) (2, 5.22292554378509521484e-02) (3, 1.75309419631958007812e-01) (4, 1.66248828172683715820e-01) (5, 2.18268185853958129883e-01) (6, 1.97083622217178344727e-01) (7, 1.04753613471984863281e-01) (8, 5.26565611362457275391e-02) (9, 1.39384761452674865723e-01) (0, 1.49154305458068847656e-01) (1, 2.13746964931488037109e-01) (2, 1.99052780866622924805e-01) (3, 8.32814127206802368164e-02) (4, 5.64567744731903076172e-02) (5, 1.77466481924057006836e-01) (6, 2.04688981175422668457e-02) (7, 1.99231863021850585938e-01) (8, 1.32880538702011108398e-01) (9, 9.00807306170463562012e-02) (10, -2.08465903997421264648e-01) (11, -2.06661045551300048828e-01) (12, -1.71048030257225036621e-01) 
