FANN_FLO_2.1
num_layers=3
learning_rate=0.300000
connection_rate=1.000000
network_type=0
learning_momentum=0.000000
training_algorithm=2
train_error_function=1
train_stop_function=0
cascade_output_change_fraction=0.010000
quickprop_decay=-0.000100
quickprop_mu=1.750000
rprop_increase_factor=1.200000
rprop_decrease_factor=0.500000
rprop_delta_min=0.000000
rprop_delta_max=50.000000
rprop_delta_zero=0.100000
cascade_output_stagnation_epochs=12
cascade_candidate_change_fraction=0.010000
cascade_candidate_stagnation_epochs=12
cascade_max_out_epochs=150
cascade_min_out_epochs=50
cascade_max_cand_epochs=150
cascade_min_cand_epochs=50
cascade_num_candidate_groups=2
bit_fail_limit=3.49999994039535522461e-01
cascade_candidate_limit=1.00000000000000000000e+03
cascade_weight_multiplier=4.00000005960464477539e-01
cascade_activation_functions_count=10
cascade_activation_functions=3 5 7 8 10 11 14 15 16 17 
cascade_activation_steepnesses_count=4
cascade_activation_steepnesses=2.50000000000000000000e-01 5.00000000000000000000e-01 7.50000000000000000000e-01 1.00000000000000000000e+00 
layer_sizes=4 9 2 
scale_included=0
neurons (num_inputs, activation_function, activation_steepness)=(0, 0, 0.00000000000000000000e+00) (0, 0, 0.00000000000000000000e+00) (0, 0, 0.00000000000000000000e+00) (0, 0, 0.00000000000000000000e+00) (4, 3, 5.00000000000000000000e-01) (4, 3, 5.00000000000000000000e-01) (4, 3, 5.00000000000000000000e-01) (4, 3, 5.00000000000000000000e-01) (4, 3, 5.00000000000000000000e-01) (4, 3, 5.00000000000000000000e-01) (4, 3, 5.00000000000000000000e-01) (4, 3, 5.00000000000000000000e-01) (0, 3, 0.00000000000000000000e+00) (9, 3, 5.00000000000000000000e-01) (0, 3, 0.00000000000000000000e+00) 
connections (connected_to_neuron, weight)=(0, -1.68884769082069396973e-01) (1, 3.62592265009880065918e-02) (2, -3.50124806165695190430e-01) (3, 4.30629110336303710938e+00) (0, 3.50213736295700073242e-01) (1, -5.08505478501319885254e-02) (2, 4.46844279766082763672e-01) (3, -4.62428379058837890625e+00) (0, -7.83073186874389648438e-01) (1, 4.56181704998016357422e-01) (2, -6.55102312564849853516e-01) (3, 3.23770493268966674805e-01) (0, 5.74231073260307312012e-02) (1, 1.64713442325592041016e+00) (2, -7.96687459945678710938e+00) (3, 1.11599564552307128906e+00) (0, -1.84859916567802429199e-01) (1, 6.50744497776031494141e-01) (2, -2.25865292549133300781e+00) (3, 5.66488564014434814453e-01) (0, -7.23073065280914306641e-01) (1, 5.81115484237670898438e-01) (2, -1.11481833457946777344e+00) (3, 3.09883117675781250000e-01) (0, 4.57090996205806732178e-02) (1, 1.56198716163635253906e+00) (2, -7.57245922088623046875e+00) (3, 1.81267285346984863281e+00) (0, -8.19080531597137451172e-01) (1, 6.35604083538055419922e-01) (2, -1.16251468658447265625e+00) (3, 3.62157046794891357422e-01) (4, -3.42227745056152343750e+00) (5, 1.83339452743530273438e+00) (6, -2.75249838829040527344e-01) (7, -1.63233250379562377930e-01) (8, -8.01094025373458862305e-02) (9, -2.47758552432060241699e-01) (10, -1.80243402719497680664e-01) (11, -2.06530332565307617188e-01) (12, -2.33263775706291198730e-01) 
