FANN_FLO_2.1
num_layers=3
learning_rate=0.400000
connection_rate=1.000000
network_type=0
learning_momentum=0.000000
training_algorithm=2
train_error_function=1
train_stop_function=0
cascade_output_change_fraction=0.010000
quickprop_decay=-0.000100
quickprop_mu=1.750000
rprop_increase_factor=1.200000
rprop_decrease_factor=0.500000
rprop_delta_min=0.000000
rprop_delta_max=50.000000
rprop_delta_zero=0.100000
cascade_output_stagnation_epochs=12
cascade_candidate_change_fraction=0.010000
cascade_candidate_stagnation_epochs=12
cascade_max_out_epochs=150
cascade_min_out_epochs=50
cascade_max_cand_epochs=150
cascade_min_cand_epochs=50
cascade_num_candidate_groups=2
bit_fail_limit=3.49999994039535522461e-01
cascade_candidate_limit=1.00000000000000000000e+03
cascade_weight_multiplier=4.00000005960464477539e-01
cascade_activation_functions_count=10
cascade_activation_functions=3 5 7 8 10 11 14 15 16 17 
cascade_activation_steepnesses_count=4
cascade_activation_steepnesses=2.50000000000000000000e-01 5.00000000000000000000e-01 7.50000000000000000000e-01 1.00000000000000000000e+00 
layer_sizes=6 5 2 
scale_included=0
neurons (num_inputs, activation_function, activation_steepness)=(0, 0, 0.00000000000000000000e+00) (0, 0, 0.00000000000000000000e+00) (0, 0, 0.00000000000000000000e+00) (0, 0, 0.00000000000000000000e+00) (0, 0, 0.00000000000000000000e+00) (0, 0, 0.00000000000000000000e+00) (6, 3, 5.00000000000000000000e-01) (6, 3, 5.00000000000000000000e-01) (6, 3, 5.00000000000000000000e-01) (6, 3, 5.00000000000000000000e-01) (0, 3, 0.00000000000000000000e+00) (5, 0, 5.00000000000000000000e-01) (0, 0, 0.00000000000000000000e+00) 
connections (connected_to_neuron, weight)=(0, -1.50000000000000000000e+03) (1, -6.64684524536132812500e+01) (2, 1.11493673324584960938e+01) (3, 1.25395700335502624512e-01) (4, 1.48692429065704345703e+00) (5, -1.55412650108337402344e+00) (0, -7.49637527465820312500e+01) (1, -1.04622640609741210938e+01) (2, -2.57189679145812988281e+00) (3, -1.17127046585083007812e+01) (4, -2.41450452804565429688e+00) (5, 6.72099888324737548828e-02) (0, -1.50000000000000000000e+03) (1, -1.71920287609100341797e+00) (2, 3.00011100769042968750e+01) (3, -7.13557577133178710938e+00) (4, 7.51159191131591796875e+00) (5, -1.10362863540649414062e+01) (0, -3.38278722763061523438e+00) (1, -6.16355359554290771484e-01) (2, 4.86948668956756591797e-01) (3, -1.51870715618133544922e+00) (4, 6.93360984325408935547e-01) (5, -1.52893197536468505859e+00) (6, 1.18376016616821289062e+01) (7, 4.24531459808349609375e-01) (8, 5.50843000411987304688e-01) (9, 8.86368930339813232422e-01) (10, 5.13061225414276123047e-01) 
