FANN_FLO_2.1
num_layers=3
learning_rate=0.450000
connection_rate=1.000000
network_type=0
learning_momentum=0.000000
training_algorithm=2
train_error_function=1
train_stop_function=0
cascade_output_change_fraction=0.010000
quickprop_decay=-0.000100
quickprop_mu=1.750000
rprop_increase_factor=1.200000
rprop_decrease_factor=0.500000
rprop_delta_min=0.000000
rprop_delta_max=50.000000
rprop_delta_zero=0.100000
cascade_output_stagnation_epochs=12
cascade_candidate_change_fraction=0.010000
cascade_candidate_stagnation_epochs=12
cascade_max_out_epochs=150
cascade_min_out_epochs=50
cascade_max_cand_epochs=150
cascade_min_cand_epochs=50
cascade_num_candidate_groups=2
bit_fail_limit=3.49999994039535522461e-01
cascade_candidate_limit=1.00000000000000000000e+03
cascade_weight_multiplier=4.00000005960464477539e-01
cascade_activation_functions_count=10
cascade_activation_functions=3 5 7 8 10 11 14 15 16 17 
cascade_activation_steepnesses_count=4
cascade_activation_steepnesses=2.50000000000000000000e-01 5.00000000000000000000e-01 7.50000000000000000000e-01 1.00000000000000000000e+00 
layer_sizes=7 5 2 
scale_included=0
neurons (num_inputs, activation_function, activation_steepness)=(0, 0, 0.00000000000000000000e+00) (0, 0, 0.00000000000000000000e+00) (0, 0, 0.00000000000000000000e+00) (0, 0, 0.00000000000000000000e+00) (0, 0, 0.00000000000000000000e+00) (0, 0, 0.00000000000000000000e+00) (0, 0, 0.00000000000000000000e+00) (7, 3, 5.00000000000000000000e-01) (7, 3, 5.00000000000000000000e-01) (7, 3, 5.00000000000000000000e-01) (7, 3, 5.00000000000000000000e-01) (0, 3, 0.00000000000000000000e+00) (5, 0, 5.00000000000000000000e-01) (0, 0, 0.00000000000000000000e+00) 
connections (connected_to_neuron, weight)=(0, -1.51572376489639282227e-01) (1, -6.51613891124725341797e-01) (2, 1.46074116230010986328e-01) (3, 1.14306323230266571045e-01) (4, -2.83534172922372817993e-02) (5, 4.07929807901382446289e-01) (6, -1.69221699237823486328e-01) (0, -8.92574787139892578125e-01) (1, -2.81798505783081054688e+00) (2, 2.38376998901367187500e+01) (3, -1.81863403320312500000e+00) (4, -3.36039018630981445312e+00) (5, 2.87362903356552124023e-01) (6, 2.30955862998962402344e+00) (0, -7.82010927796363830566e-02) (1, -6.19467675685882568359e-01) (2, -2.18259543180465698242e-01) (3, 2.99104265868663787842e-02) (4, 5.98245440050959587097e-03) (5, 5.94662904739379882812e-01) (6, -7.05951973795890808105e-02) (0, -7.13609457015991210938e+00) (1, 2.27648392319679260254e-01) (2, -1.36539648437500000000e+03) (3, -1.50000000000000000000e+03) (4, -1.50000000000000000000e+03) (5, -1.50000000000000000000e+03) (6, -1.01282608509063720703e+00) (7, 5.34222364425659179688e-01) (8, -1.92251931875944137573e-02) (9, -5.36335408687591552734e-01) (10, 1.50000000000000000000e+03) (11, 1.77012328058481216431e-02) 
