FANN_FLO_2.1
num_layers=3
learning_rate=0.500000
connection_rate=1.000000
network_type=0
learning_momentum=0.000000
training_algorithm=2
train_error_function=1
train_stop_function=0
cascade_output_change_fraction=0.010000
quickprop_decay=-0.000100
quickprop_mu=1.750000
rprop_increase_factor=1.200000
rprop_decrease_factor=0.500000
rprop_delta_min=0.000000
rprop_delta_max=50.000000
rprop_delta_zero=0.100000
cascade_output_stagnation_epochs=12
cascade_candidate_change_fraction=0.010000
cascade_candidate_stagnation_epochs=12
cascade_max_out_epochs=150
cascade_min_out_epochs=50
cascade_max_cand_epochs=150
cascade_min_cand_epochs=50
cascade_num_candidate_groups=2
bit_fail_limit=3.49999994039535522461e-01
cascade_candidate_limit=1.00000000000000000000e+03
cascade_weight_multiplier=4.00000005960464477539e-01
cascade_activation_functions_count=10
cascade_activation_functions=3 5 7 8 10 11 14 15 16 17 
cascade_activation_steepnesses_count=4
cascade_activation_steepnesses=2.50000000000000000000e-01 5.00000000000000000000e-01 7.50000000000000000000e-01 1.00000000000000000000e+00 
layer_sizes=7 5 2 
scale_included=0
neurons (num_inputs, activation_function, activation_steepness)=(0, 0, 0.00000000000000000000e+00) (0, 0, 0.00000000000000000000e+00) (0, 0, 0.00000000000000000000e+00) (0, 0, 0.00000000000000000000e+00) (0, 0, 0.00000000000000000000e+00) (0, 0, 0.00000000000000000000e+00) (0, 0, 0.00000000000000000000e+00) (7, 3, 5.00000000000000000000e-01) (7, 3, 5.00000000000000000000e-01) (7, 3, 5.00000000000000000000e-01) (7, 3, 5.00000000000000000000e-01) (0, 3, 0.00000000000000000000e+00) (5, 0, 5.00000000000000000000e-01) (0, 0, 0.00000000000000000000e+00) 
connections (connected_to_neuron, weight)=(0, 3.66183433532714843750e+01) (1, -1.72802790999412536621e-01) (2, 1.50000000000000000000e+03) (3, 6.95710945129394531250e+00) (4, -1.50000000000000000000e+03) (5, -5.89828395843505859375e+00) (6, -1.89640238881111145020e-01) (0, -2.25768327713012695312e+00) (1, -9.21825170516967773438e-01) (2, -2.74131274223327636719e+00) (3, -1.36626601219177246094e+00) (4, 9.41421890258789062500e+00) (5, -8.37418913841247558594e-01) (6, -4.26639842987060546875e+00) (0, -3.30873578786849975586e-01) (1, 1.77214205265045166016e-01) (2, -5.72594106197357177734e-01) (3, 2.47793555259704589844e-01) (4, 3.38011711835861206055e-01) (5, 2.72678643465042114258e-01) (6, 7.56178915500640869141e-01) (0, -1.68567192554473876953e+00) (1, -3.04328858852386474609e-01) (2, -1.32862291336059570312e+01) (3, -5.98035037517547607422e-01) (4, 2.57922801971435546875e+01) (5, -2.34805360436439514160e-01) (6, -5.56091666221618652344e-02) (7, 9.84014198184013366699e-03) (8, -1.50745525956153869629e-01) (9, 3.35773497819900512695e-01) (10, -1.56809911131858825684e-01) (11, -6.74618501216173171997e-03) 
