FANN_FLO_2.1
num_layers=3
learning_rate=0.400000
connection_rate=1.000000
network_type=0
learning_momentum=0.000000
training_algorithm=2
train_error_function=1
train_stop_function=0
cascade_output_change_fraction=0.010000
quickprop_decay=-0.000100
quickprop_mu=1.750000
rprop_increase_factor=1.200000
rprop_decrease_factor=0.500000
rprop_delta_min=0.000000
rprop_delta_max=50.000000
rprop_delta_zero=0.100000
cascade_output_stagnation_epochs=12
cascade_candidate_change_fraction=0.010000
cascade_candidate_stagnation_epochs=12
cascade_max_out_epochs=150
cascade_min_out_epochs=50
cascade_max_cand_epochs=150
cascade_min_cand_epochs=50
cascade_num_candidate_groups=2
bit_fail_limit=3.49999994039535522461e-01
cascade_candidate_limit=1.00000000000000000000e+03
cascade_weight_multiplier=4.00000005960464477539e-01
cascade_activation_functions_count=10
cascade_activation_functions=3 5 7 8 10 11 14 15 16 17 
cascade_activation_steepnesses_count=4
cascade_activation_steepnesses=2.50000000000000000000e-01 5.00000000000000000000e-01 7.50000000000000000000e-01 1.00000000000000000000e+00 
layer_sizes=10 3 2 
scale_included=0
neurons (num_inputs, activation_function, activation_steepness)=(0, 0, 0.00000000000000000000e+00) (0, 0, 0.00000000000000000000e+00) (0, 0, 0.00000000000000000000e+00) (0, 0, 0.00000000000000000000e+00) (0, 0, 0.00000000000000000000e+00) (0, 0, 0.00000000000000000000e+00) (0, 0, 0.00000000000000000000e+00) (0, 0, 0.00000000000000000000e+00) (0, 0, 0.00000000000000000000e+00) (0, 0, 0.00000000000000000000e+00) (10, 3, 5.00000000000000000000e-01) (10, 3, 5.00000000000000000000e-01) (0, 3, 0.00000000000000000000e+00) (3, 3, 5.00000000000000000000e-01) (0, 3, 0.00000000000000000000e+00) 
connections (connected_to_neuron, weight)=(0, -4.69329729676246643066e-02) (1, -3.99159118533134460449e-02) (2, -1.20020292699337005615e-01) (3, -1.57617479562759399414e-01) (4, -4.61887791752815246582e-02) (5, -1.63740098476409912109e-01) (6, -7.91118666529655456543e-02) (7, -7.36175402998924255371e-02) (8, -5.62390163540840148926e-02) (9, -6.18652328848838806152e-02) (0, 1.74429774284362792969e-01) (1, 1.60106033086776733398e-01) (2, 6.13176375627517700195e-02) (3, 3.83330285549163818359e-02) (4, 3.44852954149246215820e-02) (5, 2.06835091114044189453e-01) (6, 1.28289312124252319336e-01) (7, 5.82400076091289520264e-02) (8, 1.57601535320281982422e-01) (9, 1.80038690567016601562e-01) (10, -9.24510881304740905762e-02) (11, -1.87352597713470458984e-01) (12, -4.04667928814888000488e-02) 
