FANN_FLO_2.1
num_layers=4
learning_rate=0.300000
connection_rate=1.000000
network_type=0
learning_momentum=0.000000
training_algorithm=2
train_error_function=1
train_stop_function=0
cascade_output_change_fraction=0.010000
quickprop_decay=-0.000100
quickprop_mu=1.750000
rprop_increase_factor=1.200000
rprop_decrease_factor=0.500000
rprop_delta_min=0.000000
rprop_delta_max=50.000000
rprop_delta_zero=0.100000
cascade_output_stagnation_epochs=12
cascade_candidate_change_fraction=0.010000
cascade_candidate_stagnation_epochs=12
cascade_max_out_epochs=150
cascade_min_out_epochs=50
cascade_max_cand_epochs=150
cascade_min_cand_epochs=50
cascade_num_candidate_groups=2
bit_fail_limit=3.49999994039535522461e-01
cascade_candidate_limit=1.00000000000000000000e+03
cascade_weight_multiplier=4.00000005960464477539e-01
cascade_activation_functions_count=10
cascade_activation_functions=3 5 7 8 10 11 14 15 16 17 
cascade_activation_steepnesses_count=4
cascade_activation_steepnesses=2.50000000000000000000e-01 5.00000000000000000000e-01 7.50000000000000000000e-01 1.00000000000000000000e+00 
layer_sizes=2 5 3 3 
scale_included=0
neurons (num_inputs, activation_function, activation_steepness)=(0, 0, 0.00000000000000000000e+00) (0, 0, 0.00000000000000000000e+00) (2, 3, 5.00000000000000000000e-01) (2, 3, 5.00000000000000000000e-01) (2, 3, 5.00000000000000000000e-01) (2, 3, 5.00000000000000000000e-01) (0, 3, 0.00000000000000000000e+00) (5, 3, 5.00000000000000000000e-01) (5, 3, 5.00000000000000000000e-01) (0, 3, 0.00000000000000000000e+00) (3, 0, 5.00000000000000000000e-01) (3, 0, 5.00000000000000000000e-01) (0, 0, 0.00000000000000000000e+00) 
connections (connected_to_neuron, weight)=(0, 7.41312313079833984375e+00) (1, 3.68762278556823730469e+00) (0, 3.80241560935974121094e+00) (1, 4.39040102064609527588e-02) (0, 9.11569952964782714844e-01) (1, 1.66484510898590087891e+00) (0, -1.06527061462402343750e+02) (1, 6.37276649475097656250e-01) (2, 9.21228027343750000000e+00) (3, -1.83196716308593750000e+01) (4, 1.56119987368583679199e-01) (5, -1.12374687194824218750e+00) (6, -8.39568078517913818359e-01) (2, 2.65128898620605468750e+00) (3, -7.20131301879882812500e+00) (4, 2.56623744964599609375e+00) (5, -6.21123135089874267578e-01) (6, -7.39511847496032714844e-01) (7, 1.89249843358993530273e-01) (8, -8.07879343628883361816e-02) (9, 8.31533502787351608276e-03) (7, -3.07370257377624511719e+00) (8, -7.63190805912017822266e-01) (9, -4.82393324375152587891e-01) 
