FANN_FLO_2.1
num_layers=4
learning_rate=0.500000
connection_rate=1.000000
network_type=0
learning_momentum=0.000000
training_algorithm=2
train_error_function=1
train_stop_function=0
cascade_output_change_fraction=0.010000
quickprop_decay=-0.000100
quickprop_mu=1.750000
rprop_increase_factor=1.200000
rprop_decrease_factor=0.500000
rprop_delta_min=0.000000
rprop_delta_max=50.000000
rprop_delta_zero=0.100000
cascade_output_stagnation_epochs=12
cascade_candidate_change_fraction=0.010000
cascade_candidate_stagnation_epochs=12
cascade_max_out_epochs=150
cascade_min_out_epochs=50
cascade_max_cand_epochs=150
cascade_min_cand_epochs=50
cascade_num_candidate_groups=2
bit_fail_limit=3.49999994039535522461e-01
cascade_candidate_limit=1.00000000000000000000e+03
cascade_weight_multiplier=4.00000005960464477539e-01
cascade_activation_functions_count=10
cascade_activation_functions=3 5 7 8 10 11 14 15 16 17 
cascade_activation_steepnesses_count=4
cascade_activation_steepnesses=2.50000000000000000000e-01 5.00000000000000000000e-01 7.50000000000000000000e-01 1.00000000000000000000e+00 
layer_sizes=4 5 3 2 
scale_included=0
neurons (num_inputs, activation_function, activation_steepness)=(0, 0, 0.00000000000000000000e+00) (0, 0, 0.00000000000000000000e+00) (0, 0, 0.00000000000000000000e+00) (0, 0, 0.00000000000000000000e+00) (4, 3, 5.00000000000000000000e-01) (4, 3, 5.00000000000000000000e-01) (4, 3, 5.00000000000000000000e-01) (4, 3, 5.00000000000000000000e-01) (0, 3, 0.00000000000000000000e+00) (5, 3, 5.00000000000000000000e-01) (5, 3, 5.00000000000000000000e-01) (0, 3, 0.00000000000000000000e+00) (3, 3, 5.00000000000000000000e-01) (0, 3, 0.00000000000000000000e+00) 
connections (connected_to_neuron, weight)=(0, -8.70803451538085937500e+00) (1, 6.06947660446166992188e+00) (2, 2.40116667747497558594e+00) (3, 3.86592388153076171875e+00) (0, 2.64357948303222656250e+00) (1, -2.05661182403564453125e+01) (2, 2.58783340454101562500e+01) (3, -9.69575285911560058594e-01) (0, -7.78923749923706054688e+00) (1, -9.94209194183349609375e+00) (2, -2.41304969787597656250e+00) (3, 7.93810415267944335938e+00) (0, 8.09037208557128906250e+00) (1, 2.34136962890625000000e+00) (2, -2.78439760208129882812e-01) (3, -7.59223270416259765625e+00) (4, 5.90680837631225585938e+00) (5, -4.71239328384399414062e+00) (6, 1.54150705337524414062e+01) (7, -9.08702564239501953125e+00) (8, -3.79794985055923461914e-01) (4, 2.33753180503845214844e+00) (5, -8.24925231933593750000e+00) (6, 3.74194221496582031250e+01) (7, -2.22715520858764648438e+00) (8, -2.55610466003417968750e-01) (9, -2.25128436088562011719e+00) (10, -2.40898728370666503906e+00) (11, 2.45604825019836425781e+00) 
