FANN_FLO_2.1
num_layers=3
learning_rate=0.300000
connection_rate=1.000000
network_type=0
learning_momentum=0.000000
training_algorithm=2
train_error_function=1
train_stop_function=0
cascade_output_change_fraction=0.010000
quickprop_decay=-0.000100
quickprop_mu=1.750000
rprop_increase_factor=1.200000
rprop_decrease_factor=0.500000
rprop_delta_min=0.000000
rprop_delta_max=50.000000
rprop_delta_zero=0.100000
cascade_output_stagnation_epochs=12
cascade_candidate_change_fraction=0.010000
cascade_candidate_stagnation_epochs=12
cascade_max_out_epochs=150
cascade_min_out_epochs=50
cascade_max_cand_epochs=150
cascade_min_cand_epochs=50
cascade_num_candidate_groups=2
bit_fail_limit=3.49999994039535522461e-01
cascade_candidate_limit=1.00000000000000000000e+03
cascade_weight_multiplier=4.00000005960464477539e-01
cascade_activation_functions_count=10
cascade_activation_functions=3 5 7 8 10 11 14 15 16 17 
cascade_activation_steepnesses_count=4
cascade_activation_steepnesses=2.50000000000000000000e-01 5.00000000000000000000e-01 7.50000000000000000000e-01 1.00000000000000000000e+00 
layer_sizes=4 9 2 
scale_included=0
neurons (num_inputs, activation_function, activation_steepness)=(0, 0, 0.00000000000000000000e+00) (0, 0, 0.00000000000000000000e+00) (0, 0, 0.00000000000000000000e+00) (0, 0, 0.00000000000000000000e+00) (4, 3, 5.00000000000000000000e-01) (4, 3, 5.00000000000000000000e-01) (4, 3, 5.00000000000000000000e-01) (4, 3, 5.00000000000000000000e-01) (4, 3, 5.00000000000000000000e-01) (4, 3, 5.00000000000000000000e-01) (4, 3, 5.00000000000000000000e-01) (4, 3, 5.00000000000000000000e-01) (0, 3, 0.00000000000000000000e+00) (9, 3, 5.00000000000000000000e-01) (0, 3, 0.00000000000000000000e+00) 
connections (connected_to_neuron, weight)=(0, 5.58612048625946044922e-01) (1, -4.12806987762451171875e-01) (2, 5.18760621547698974609e-01) (3, -1.00901508331298828125e+00) (0, -8.97866308689117431641e-01) (1, 4.46515649557113647461e-01) (2, -1.11363518238067626953e+00) (3, 7.92081832885742187500e-01) (0, -1.71277923583984375000e+01) (1, 3.71951371431350708008e-01) (2, -1.52210593223571777344e+00) (3, 1.72548681497573852539e-01) (0, -7.14691877365112304688e-01) (1, 4.56884682178497314453e-01) (2, -1.38728201389312744141e+00) (3, 6.09805154800415039062e+00) (0, -1.22438430786132812500e-01) (1, 9.95221175253391265869e-03) (2, -2.84174561500549316406e-01) (3, 3.40467381477355957031e+00) (0, -1.23802506923675537109e+00) (1, 4.48849052190780639648e-01) (2, -7.37136185169219970703e-01) (3, 9.79451084136962890625e+00) (0, 1.19557045400142669678e-03) (1, -6.20631389319896697998e-02) (2, -1.43043845891952514648e-01) (3, -1.17123406380414962769e-02) (0, -8.22889149188995361328e-01) (1, 3.29390138387680053711e-01) (2, -8.73747527599334716797e-01) (3, 4.11325544118881225586e-01) (4, 1.09522902965545654297e+00) (5, -1.08478195965290069580e-01) (6, -1.50000000000000000000e+03) (7, -3.41475486755371093750e-01) (8, -6.20093297958374023438e+00) (9, -1.32863104343414306641e-01) (10, 3.25178680419921875000e+01) (11, -3.29146623611450195312e-01) (12, 6.73549950122833251953e-01) 
