FANN_FLO_2.1
num_layers=3
learning_rate=0.500000
connection_rate=1.000000
network_type=0
learning_momentum=0.000000
training_algorithm=2
train_error_function=1
train_stop_function=0
cascade_output_change_fraction=0.010000
quickprop_decay=-0.000100
quickprop_mu=1.750000
rprop_increase_factor=1.200000
rprop_decrease_factor=0.500000
rprop_delta_min=0.000000
rprop_delta_max=50.000000
rprop_delta_zero=0.100000
cascade_output_stagnation_epochs=12
cascade_candidate_change_fraction=0.010000
cascade_candidate_stagnation_epochs=12
cascade_max_out_epochs=150
cascade_min_out_epochs=50
cascade_max_cand_epochs=150
cascade_min_cand_epochs=50
cascade_num_candidate_groups=2
bit_fail_limit=3.49999994039535522461e-01
cascade_candidate_limit=1.00000000000000000000e+03
cascade_weight_multiplier=4.00000005960464477539e-01
cascade_activation_functions_count=10
cascade_activation_functions=3 5 7 8 10 11 14 15 16 17 
cascade_activation_steepnesses_count=4
cascade_activation_steepnesses=2.50000000000000000000e-01 5.00000000000000000000e-01 7.50000000000000000000e-01 1.00000000000000000000e+00 
layer_sizes=7 9 2 
scale_included=0
neurons (num_inputs, activation_function, activation_steepness)=(0, 0, 0.00000000000000000000e+00) (0, 0, 0.00000000000000000000e+00) (0, 0, 0.00000000000000000000e+00) (0, 0, 0.00000000000000000000e+00) (0, 0, 0.00000000000000000000e+00) (0, 0, 0.00000000000000000000e+00) (0, 0, 0.00000000000000000000e+00) (7, 3, 5.00000000000000000000e-01) (7, 3, 5.00000000000000000000e-01) (7, 3, 5.00000000000000000000e-01) (7, 3, 5.00000000000000000000e-01) (7, 3, 5.00000000000000000000e-01) (7, 3, 5.00000000000000000000e-01) (7, 3, 5.00000000000000000000e-01) (7, 3, 5.00000000000000000000e-01) (0, 3, 0.00000000000000000000e+00) (9, 0, 5.00000000000000000000e-01) (0, 0, 0.00000000000000000000e+00) 
connections (connected_to_neuron, weight)=(0, -1.42953824996948242188e+00) (1, -2.46058344841003417969e+00) (2, 3.01998424530029296875e+00) (3, -1.73655271530151367188e+00) (4, -2.89744257926940917969e+00) (5, 4.43507862091064453125e+00) (6, -1.58627474308013916016e+00) (0, -5.77422380447387695312e-01) (1, -1.42048346996307373047e+00) (2, 1.83425736427307128906e+00) (3, -7.97417759895324707031e-01) (4, -1.16871297359466552734e+00) (5, 2.20594573020935058594e+00) (6, -6.90762281417846679688e-01) (0, -8.49440172314643859863e-02) (1, 2.94646918773651123047e-01) (2, 1.32910177111625671387e-01) (3, -1.25504925847053527832e-01) (4, 2.12140992283821105957e-01) (5, -1.17024101316928863525e-01) (6, 1.11004143953323364258e-01) (0, -1.33795070648193359375e+00) (1, -4.28089022636413574219e-01) (2, 4.12501478195190429688e+00) (3, -2.19231083989143371582e-01) (4, -5.50342559814453125000e-01) (5, -1.10291469097137451172e+00) (6, -1.43620803952217102051e-01) (0, -1.21393561363220214844e+00) (1, -9.32884991168975830078e-01) (2, 1.83067345619201660156e+00) (3, -1.62845063209533691406e+00) (4, -1.75822043418884277344e+00) (5, 4.02282810211181640625e+00) (6, -1.62451469898223876953e+00) (0, -6.66805207729339599609e-01) (1, -3.61230790615081787109e-01) (2, -5.74992465972900390625e+00) (3, -1.44949209690093994141e+00) (4, -2.75132834911346435547e-01) (5, 6.11380100250244140625e-01) (6, -2.39981651306152343750e-01) (0, -1.79203703999519348145e-01) (1, -2.45513424277305603027e-01) (2, -6.91303849220275878906e-01) (3, 5.82323372364044189453e-02) (4, 1.56582757830619812012e-01) (5, 6.00223898887634277344e-01) (6, 3.37648063898086547852e-01) (0, 1.14855778217315673828e+00) (1, -1.76260638236999511719e+00) (2, -1.31449645996093750000e+02) (3, -9.19039011001586914062e-01) (4, -1.95245051383972167969e+00) (5, 2.81991434097290039062e+00) (6, -1.11068809032440185547e+00) (7, -1.42793859863281250000e+03) (8, 1.48409232497215270996e-01) (9, -3.72709669172763824463e-02) (10, -3.38518768548965454102e-02) (11, -5.97285330295562744141e-02) (12, 3.80171418190002441406e+00) (13, -3.00049912184476852417e-02) (14, 1.62220954895019531250e+00) (15, 5.70055507123470306396e-02) 
