FANN_FLO_2.1
num_layers=3
learning_rate=0.500000
connection_rate=1.000000
network_type=0
learning_momentum=0.000000
training_algorithm=2
train_error_function=1
train_stop_function=0
cascade_output_change_fraction=0.010000
quickprop_decay=-0.000100
quickprop_mu=1.750000
rprop_increase_factor=1.200000
rprop_decrease_factor=0.500000
rprop_delta_min=0.000000
rprop_delta_max=50.000000
rprop_delta_zero=0.100000
cascade_output_stagnation_epochs=12
cascade_candidate_change_fraction=0.010000
cascade_candidate_stagnation_epochs=12
cascade_max_out_epochs=150
cascade_min_out_epochs=50
cascade_max_cand_epochs=150
cascade_min_cand_epochs=50
cascade_num_candidate_groups=2
bit_fail_limit=3.49999994039535522461e-01
cascade_candidate_limit=1.00000000000000000000e+03
cascade_weight_multiplier=4.00000005960464477539e-01
cascade_activation_functions_count=10
cascade_activation_functions=3 5 7 8 10 11 14 15 16 17 
cascade_activation_steepnesses_count=4
cascade_activation_steepnesses=2.50000000000000000000e-01 5.00000000000000000000e-01 7.50000000000000000000e-01 1.00000000000000000000e+00 
layer_sizes=3 5 4 
scale_included=0
neurons (num_inputs, activation_function, activation_steepness)=(0, 0, 0.00000000000000000000e+00) (0, 0, 0.00000000000000000000e+00) (0, 0, 0.00000000000000000000e+00) (3, 3, 5.00000000000000000000e-01) (3, 3, 5.00000000000000000000e-01) (3, 3, 5.00000000000000000000e-01) (3, 3, 5.00000000000000000000e-01) (0, 3, 0.00000000000000000000e+00) (5, 0, 5.00000000000000000000e-01) (5, 0, 5.00000000000000000000e-01) (5, 0, 5.00000000000000000000e-01) (0, 0, 0.00000000000000000000e+00) 
connections (connected_to_neuron, weight)=(0, -3.47565865516662597656e+00) (1, -2.43768155574798583984e-01) (2, 1.38513641431927680969e-02) (0, -1.10048127174377441406e+00) (1, -1.52102959156036376953e+00) (2, 2.93392807245254516602e-01) (0, -3.38715171813964843750e+00) (1, 1.81532168388366699219e+00) (2, 5.21098077297210693359e-01) (0, -3.70401883125305175781e+00) (1, 4.97550296783447265625e+00) (2, 1.71567189693450927734e+00) (3, 2.94585466384887695312e+00) (4, 3.47171354293823242188e+00) (5, 2.42568874359130859375e+00) (6, 1.27576971054077148438e+00) (7, 8.29174220561981201172e-01) (3, 6.65709352493286132812e+00) (4, 1.27473182678222656250e+01) (5, 6.93349838256835937500e+00) (6, 6.03365087509155273438e+00) (7, 3.23025321960449218750e+00) (3, 2.12506771087646484375e+01) (4, 3.99157638549804687500e+01) (5, 2.17490024566650390625e+01) (6, 1.87209396362304687500e+01) (7, 1.64468040466308593750e+01) 
