FANN_FLO_2.1
num_layers=3
learning_rate=0.500000
connection_rate=1.000000
network_type=0
learning_momentum=0.000000
training_algorithm=2
train_error_function=1
train_stop_function=0
cascade_output_change_fraction=0.010000
quickprop_decay=-0.000100
quickprop_mu=1.750000
rprop_increase_factor=1.200000
rprop_decrease_factor=0.500000
rprop_delta_min=0.000000
rprop_delta_max=50.000000
rprop_delta_zero=0.100000
cascade_output_stagnation_epochs=12
cascade_candidate_change_fraction=0.010000
cascade_candidate_stagnation_epochs=12
cascade_max_out_epochs=150
cascade_min_out_epochs=50
cascade_max_cand_epochs=150
cascade_min_cand_epochs=50
cascade_num_candidate_groups=2
bit_fail_limit=3.49999994039535522461e-01
cascade_candidate_limit=1.00000000000000000000e+03
cascade_weight_multiplier=4.00000005960464477539e-01
cascade_activation_functions_count=10
cascade_activation_functions=3 5 7 8 10 11 14 15 16 17 
cascade_activation_steepnesses_count=4
cascade_activation_steepnesses=2.50000000000000000000e-01 5.00000000000000000000e-01 7.50000000000000000000e-01 1.00000000000000000000e+00 
layer_sizes=7 9 2 
scale_included=0
neurons (num_inputs, activation_function, activation_steepness)=(0, 0, 0.00000000000000000000e+00) (0, 0, 0.00000000000000000000e+00) (0, 0, 0.00000000000000000000e+00) (0, 0, 0.00000000000000000000e+00) (0, 0, 0.00000000000000000000e+00) (0, 0, 0.00000000000000000000e+00) (0, 0, 0.00000000000000000000e+00) (7, 3, 5.00000000000000000000e-01) (7, 3, 5.00000000000000000000e-01) (7, 3, 5.00000000000000000000e-01) (7, 3, 5.00000000000000000000e-01) (7, 3, 5.00000000000000000000e-01) (7, 3, 5.00000000000000000000e-01) (7, 3, 5.00000000000000000000e-01) (7, 3, 5.00000000000000000000e-01) (0, 3, 0.00000000000000000000e+00) (9, 0, 5.00000000000000000000e-01) (0, 0, 0.00000000000000000000e+00) 
connections (connected_to_neuron, weight)=(0, 7.62628763914108276367e-02) (1, 8.09733420610427856445e-02) (2, 4.41313654184341430664e-01) (3, 9.69695374369621276855e-02) (4, -8.33797097206115722656e-01) (5, 1.79340869188308715820e-01) (6, -1.23042798042297363281e+00) (0, -2.50030946731567382812e+00) (1, -1.49217846679687500000e+03) (2, -1.27216931152343750000e+03) (3, 2.72398925781250000000e+02) (4, -2.09773802757263183594e+00) (5, -1.51264633178710937500e+02) (6, -6.86538100242614746094e-01) (0, 9.14014279842376708984e-02) (1, 1.20193618774414062500e+02) (2, 1.50000000000000000000e+03) (3, -5.30550527572631835938e+00) (4, 6.35751962661743164062e-01) (5, -1.04452216625213623047e+00) (6, -1.27291464805603027344e+00) (0, -6.03911972045898437500e+00) (1, -1.50000000000000000000e+03) (2, -1.50000000000000000000e+03) (3, 1.49897583007812500000e+03) (4, -1.26761398315429687500e+02) (5, 8.95734191894531250000e+02) (6, -1.39188408851623535156e+00) (0, 5.91421985626220703125e+00) (1, 1.50000000000000000000e+03) (2, 1.50000000000000000000e+03) (3, -1.05971157550811767578e+00) (4, 4.16856384277343750000e+00) (5, 1.48813171386718750000e+03) (6, 2.15943470597267150879e-01) (0, -2.89773821830749511719e-01) (1, -1.50000000000000000000e+03) (2, -1.50000000000000000000e+03) (3, 1.31632849121093750000e+03) (4, 1.05512409210205078125e+01) (5, 1.12040270996093750000e+03) (6, 6.88286945223808288574e-02) (0, -7.43463635444641113281e-01) (1, 1.62139606475830078125e+00) (2, 2.38864588737487792969e+00) (3, -1.12676060199737548828e+00) (4, 4.63367998600006103516e-01) (5, -1.27189803123474121094e+00) (6, -1.48259198665618896484e+00) (0, -9.47890877723693847656e-01) (1, 3.99588972330093383789e-01) (2, 1.28022290039062500000e+03) (3, -1.29657325744628906250e+01) (4, 6.34519040584564208984e-01) (5, -2.95174598693847656250e+00) (6, -3.47274894714355468750e+01) (7, 9.21178832650184631348e-02) (8, 3.65465164184570312500e-01) (9, -8.83279554545879364014e-03) (10, 5.85703589022159576416e-02) (11, -3.98296602070331573486e-02) (12, 8.77366662025451660156e-02) (13, 1.11866533756256103516e-01) (14, -1.33699802681803703308e-02) (15, -6.48178458213806152344e-02) 
