FANN_FLO_2.1
num_layers=3
learning_rate=0.500000
connection_rate=1.000000
network_type=0
learning_momentum=0.000000
training_algorithm=2
train_error_function=1
train_stop_function=0
cascade_output_change_fraction=0.010000
quickprop_decay=-0.000100
quickprop_mu=1.750000
rprop_increase_factor=1.200000
rprop_decrease_factor=0.500000
rprop_delta_min=0.000000
rprop_delta_max=50.000000
rprop_delta_zero=0.100000
cascade_output_stagnation_epochs=12
cascade_candidate_change_fraction=0.010000
cascade_candidate_stagnation_epochs=12
cascade_max_out_epochs=150
cascade_min_out_epochs=50
cascade_max_cand_epochs=150
cascade_min_cand_epochs=50
cascade_num_candidate_groups=2
bit_fail_limit=3.49999994039535522461e-01
cascade_candidate_limit=1.00000000000000000000e+03
cascade_weight_multiplier=4.00000005960464477539e-01
cascade_activation_functions_count=10
cascade_activation_functions=3 5 7 8 10 11 14 15 16 17 
cascade_activation_steepnesses_count=4
cascade_activation_steepnesses=2.50000000000000000000e-01 5.00000000000000000000e-01 7.50000000000000000000e-01 1.00000000000000000000e+00 
layer_sizes=10 3 2 
scale_included=0
neurons (num_inputs, activation_function, activation_steepness)=(0, 0, 0.00000000000000000000e+00) (0, 0, 0.00000000000000000000e+00) (0, 0, 0.00000000000000000000e+00) (0, 0, 0.00000000000000000000e+00) (0, 0, 0.00000000000000000000e+00) (0, 0, 0.00000000000000000000e+00) (0, 0, 0.00000000000000000000e+00) (0, 0, 0.00000000000000000000e+00) (0, 0, 0.00000000000000000000e+00) (0, 0, 0.00000000000000000000e+00) (10, 3, 5.00000000000000000000e-01) (10, 3, 5.00000000000000000000e-01) (0, 3, 0.00000000000000000000e+00) (3, 3, 5.00000000000000000000e-01) (0, 3, 0.00000000000000000000e+00) 
connections (connected_to_neuron, weight)=(0, -4.65362668037414550781e-01) (1, -3.41123849153518676758e-01) (2, -4.41137343645095825195e-01) (3, -4.77399557828903198242e-01) (4, -2.40410372614860534668e-01) (5, -5.07374405860900878906e-01) (6, -3.72914850711822509766e-01) (7, -4.55614089965820312500e-01) (8, -4.49000149965286254883e-01) (9, 8.64935159683227539062e-01) (0, -3.26906710863113403320e-01) (1, -5.13129949569702148438e-01) (2, -3.82451921701431274414e-01) (3, -3.47981482744216918945e-01) (4, -5.45970559120178222656e-01) (5, -3.35206806659698486328e-01) (6, -4.39221560955047607422e-01) (7, -3.73770117759704589844e-01) (8, -3.76232147216796875000e-01) (9, 8.60815525054931640625e-01) (10, -2.69233751296997070312e+00) (11, -2.70931816101074218750e+00) (12, 1.48663532733917236328e+00) 
