FANN_FLO_2.1
num_layers=4
learning_rate=0.500000
connection_rate=1.000000
network_type=0
learning_momentum=0.000000
training_algorithm=2
train_error_function=1
train_stop_function=0
cascade_output_change_fraction=0.010000
quickprop_decay=-0.000100
quickprop_mu=1.750000
rprop_increase_factor=1.200000
rprop_decrease_factor=0.500000
rprop_delta_min=0.000000
rprop_delta_max=50.000000
rprop_delta_zero=0.100000
cascade_output_stagnation_epochs=12
cascade_candidate_change_fraction=0.010000
cascade_candidate_stagnation_epochs=12
cascade_max_out_epochs=150
cascade_min_out_epochs=50
cascade_max_cand_epochs=150
cascade_min_cand_epochs=50
cascade_num_candidate_groups=2
bit_fail_limit=3.49999994039535522461e-01
cascade_candidate_limit=1.00000000000000000000e+03
cascade_weight_multiplier=4.00000005960464477539e-01
cascade_activation_functions_count=10
cascade_activation_functions=3 5 7 8 10 11 14 15 16 17 
cascade_activation_steepnesses_count=4
cascade_activation_steepnesses=2.50000000000000000000e-01 5.00000000000000000000e-01 7.50000000000000000000e-01 1.00000000000000000000e+00 
layer_sizes=4 5 5 2 
scale_included=0
neurons (num_inputs, activation_function, activation_steepness)=(0, 0, 0.00000000000000000000e+00) (0, 0, 0.00000000000000000000e+00) (0, 0, 0.00000000000000000000e+00) (0, 0, 0.00000000000000000000e+00) (4, 3, 5.00000000000000000000e-01) (4, 3, 5.00000000000000000000e-01) (4, 3, 5.00000000000000000000e-01) (4, 3, 5.00000000000000000000e-01) (0, 3, 0.00000000000000000000e+00) (5, 3, 5.00000000000000000000e-01) (5, 3, 5.00000000000000000000e-01) (5, 3, 5.00000000000000000000e-01) (5, 3, 5.00000000000000000000e-01) (0, 3, 0.00000000000000000000e+00) (5, 3, 5.00000000000000000000e-01) (0, 3, 0.00000000000000000000e+00) 
connections (connected_to_neuron, weight)=(0, -2.56526088714599609375e+00) (1, -9.64542007446289062500e+00) (2, 1.85783040523529052734e+00) (3, 3.25523877143859863281e+00) (0, -2.56651329994201660156e+00) (1, -9.44598102569580078125e+00) (2, 1.59798395633697509766e+00) (3, 3.17540025711059570312e+00) (0, 4.69737243652343750000e+00) (1, 7.38900566101074218750e+00) (2, -4.89792013168334960938e+00) (3, -2.05283808708190917969e+00) (0, 4.60380554199218750000e+00) (1, 5.39209651947021484375e+00) (2, -3.90017080307006835938e+00) (3, -2.48580336570739746094e+00) (4, -8.08387279510498046875e-01) (5, 1.53653717041015625000e+00) (6, 5.59900283813476562500e-01) (7, 2.64417910575866699219e+00) (8, -2.61900484561920166016e-01) (4, 2.82371768951416015625e+01) (5, 7.42452859878540039062e+00) (6, -1.69711446762084960938e+00) (7, -6.16925859451293945312e+00) (8, 3.07668268680572509766e-01) (4, 2.02258510589599609375e+01) (5, 1.40388507843017578125e+01) (6, -4.72325229644775390625e+00) (7, -8.57289981842041015625e+00) (8, 6.83564364910125732422e-01) (4, 7.21607017517089843750e+00) (5, 7.29674816131591796875e+00) (6, -9.53319966793060302734e-01) (7, -2.35834860801696777344e+00) (8, -3.23519995436072349548e-03) (9, -4.41400110721588134766e-01) (10, 1.21275234222412109375e+00) (11, -6.09967756271362304688e+00) (12, 7.69200086593627929688e-01) (13, 2.24366807937622070312e+00) 
