FANN_FLO_2.1
num_layers=4
learning_rate=0.500000
connection_rate=1.000000
network_type=0
learning_momentum=0.000000
training_algorithm=2
train_error_function=1
train_stop_function=0
cascade_output_change_fraction=0.010000
quickprop_decay=-0.000100
quickprop_mu=1.750000
rprop_increase_factor=1.200000
rprop_decrease_factor=0.500000
rprop_delta_min=0.000000
rprop_delta_max=50.000000
rprop_delta_zero=0.100000
cascade_output_stagnation_epochs=12
cascade_candidate_change_fraction=0.010000
cascade_candidate_stagnation_epochs=12
cascade_max_out_epochs=150
cascade_min_out_epochs=50
cascade_max_cand_epochs=150
cascade_min_cand_epochs=50
cascade_num_candidate_groups=2
bit_fail_limit=3.49999994039535522461e-01
cascade_candidate_limit=1.00000000000000000000e+03
cascade_weight_multiplier=4.00000005960464477539e-01
cascade_activation_functions_count=10
cascade_activation_functions=3 5 7 8 10 11 14 15 16 17 
cascade_activation_steepnesses_count=4
cascade_activation_steepnesses=2.50000000000000000000e-01 5.00000000000000000000e-01 7.50000000000000000000e-01 1.00000000000000000000e+00 
layer_sizes=4 5 5 2 
scale_included=0
neurons (num_inputs, activation_function, activation_steepness)=(0, 0, 0.00000000000000000000e+00) (0, 0, 0.00000000000000000000e+00) (0, 0, 0.00000000000000000000e+00) (0, 0, 0.00000000000000000000e+00) (4, 3, 5.00000000000000000000e-01) (4, 3, 5.00000000000000000000e-01) (4, 3, 5.00000000000000000000e-01) (4, 3, 5.00000000000000000000e-01) (0, 3, 0.00000000000000000000e+00) (5, 3, 5.00000000000000000000e-01) (5, 3, 5.00000000000000000000e-01) (5, 3, 5.00000000000000000000e-01) (5, 3, 5.00000000000000000000e-01) (0, 3, 0.00000000000000000000e+00) (5, 3, 5.00000000000000000000e-01) (0, 3, 0.00000000000000000000e+00) 
connections (connected_to_neuron, weight)=(0, 3.54540181159973144531e+00) (1, 7.87633001804351806641e-01) (2, 1.00141441822052001953e+00) (3, -2.37937498092651367188e+00) (0, -3.94761872291564941406e+00) (1, -7.91674470901489257812e+00) (2, 1.60451626777648925781e+00) (3, 3.47279548645019531250e+00) (0, -3.01750850677490234375e+00) (1, -1.26227259635925292969e+00) (2, -1.02630150318145751953e+00) (3, 1.37652504444122314453e+00) (0, 3.26582360267639160156e+00) (1, 5.36648845672607421875e+00) (2, -1.14735901355743408203e+00) (3, -1.26926302909851074219e+00) (4, -7.25606203079223632812e+00) (5, 2.86704578399658203125e+01) (6, 1.06247043609619140625e+01) (7, -5.63149976730346679688e+00) (8, 6.96359574794769287109e-01) (4, -5.49824523925781250000e+00) (5, 4.13021926879882812500e+01) (6, 6.44917869567871093750e+00) (7, -9.02977943420410156250e+00) (8, 3.36857914924621582031e-01) (4, -8.85179996490478515625e+00) (5, 3.34861183166503906250e+01) (6, 5.40018987655639648438e+00) (7, -4.01654005050659179688e+00) (8, 1.57815754413604736328e-01) (4, -8.96713066101074218750e+00) (5, 3.61305122375488281250e+01) (6, 4.62253570556640625000e+00) (7, -4.68236112594604492188e+00) (8, 3.71352225542068481445e-01) (9, -9.51755821704864501953e-01) (10, -1.26321315765380859375e+00) (11, -9.57662105560302734375e-01) (12, -1.22287082672119140625e+00) (13, 2.16490530967712402344e+00) 
