FANN_FLO_2.1
num_layers=3
learning_rate=0.500000
connection_rate=1.000000
network_type=0
learning_momentum=0.000000
training_algorithm=2
train_error_function=1
train_stop_function=0
cascade_output_change_fraction=0.010000
quickprop_decay=-0.000100
quickprop_mu=1.750000
rprop_increase_factor=1.200000
rprop_decrease_factor=0.500000
rprop_delta_min=0.000000
rprop_delta_max=50.000000
rprop_delta_zero=0.100000
cascade_output_stagnation_epochs=12
cascade_candidate_change_fraction=0.010000
cascade_candidate_stagnation_epochs=12
cascade_max_out_epochs=150
cascade_min_out_epochs=50
cascade_max_cand_epochs=150
cascade_min_cand_epochs=50
cascade_num_candidate_groups=2
bit_fail_limit=3.49999994039535522461e-01
cascade_candidate_limit=1.00000000000000000000e+03
cascade_weight_multiplier=4.00000005960464477539e-01
cascade_activation_functions_count=10
cascade_activation_functions=3 5 7 8 10 11 14 15 16 17 
cascade_activation_steepnesses_count=4
cascade_activation_steepnesses=2.50000000000000000000e-01 5.00000000000000000000e-01 7.50000000000000000000e-01 1.00000000000000000000e+00 
layer_sizes=7 9 2 
scale_included=0
neurons (num_inputs, activation_function, activation_steepness)=(0, 0, 0.00000000000000000000e+00) (0, 0, 0.00000000000000000000e+00) (0, 0, 0.00000000000000000000e+00) (0, 0, 0.00000000000000000000e+00) (0, 0, 0.00000000000000000000e+00) (0, 0, 0.00000000000000000000e+00) (0, 0, 0.00000000000000000000e+00) (7, 3, 5.00000000000000000000e-01) (7, 3, 5.00000000000000000000e-01) (7, 3, 5.00000000000000000000e-01) (7, 3, 5.00000000000000000000e-01) (7, 3, 5.00000000000000000000e-01) (7, 3, 5.00000000000000000000e-01) (7, 3, 5.00000000000000000000e-01) (7, 3, 5.00000000000000000000e-01) (0, 3, 0.00000000000000000000e+00) (9, 0, 5.00000000000000000000e-01) (0, 0, 0.00000000000000000000e+00) 
connections (connected_to_neuron, weight)=(0, -3.41354370117187500000e+01) (1, -7.99502670764923095703e-01) (2, -1.47500000000000000000e+03) (3, -1.47159957885742187500e+01) (4, -8.56787967681884765625e+00) (5, -1.33582763671875000000e+03) (6, -8.52712631225585937500e-01) (0, 1.61098213195800781250e+01) (1, -1.81924486160278320312e+00) (2, -1.03048803710937500000e+03) (3, -3.61935310363769531250e+01) (4, -2.03144340515136718750e+01) (5, -1.33871154785156250000e+03) (6, -1.45063793659210205078e+00) (0, -1.20841182768344879150e-01) (1, 5.10372340679168701172e-01) (2, -3.55848729610443115234e-01) (3, 1.50908092036843299866e-02) (4, 1.81263685226440429688e-01) (5, -2.45449364185333251953e-01) (6, 3.09135222434997558594e+00) (0, -1.40495653152465820312e+01) (1, -2.03686308860778808594e+00) (2, 1.98964023590087890625e+01) (3, -1.56319618225097656250e+01) (4, -5.15065240859985351562e+00) (5, 2.35292549133300781250e+01) (6, -2.07624697685241699219e+00) (0, 5.47471069335937500000e+02) (1, 5.46191394329071044922e-01) (2, 5.40931884765625000000e+02) (3, 1.19270050048828125000e+02) (4, 1.26808128356933593750e+01) (5, 6.36024353027343750000e+02) (6, -2.58386018685996532440e-03) (0, -2.43302628397941589355e-01) (1, -2.32552617788314819336e-01) (2, 4.97146815061569213867e-01) (3, -7.43979886174201965332e-02) (4, -2.71966397762298583984e-01) (5, 5.02555012702941894531e-01) (6, 9.95129013061523437500e+00) (0, 6.33400011062622070312e+00) (1, -3.27743083238601684570e-01) (2, -6.49531555175781250000e+01) (3, 2.87866699218750000000e+02) (4, 4.75274467468261718750e+00) (5, 6.36024353027343750000e+02) (6, 3.99880204349756240845e-03) (0, 1.25463590621948242188e+01) (1, -1.77835941314697265625e-01) (2, -2.35805862426757812500e+02) (3, -1.51266555786132812500e+01) (4, -2.32803606986999511719e+00) (5, -9.07122863769531250000e+02) (6, -3.64926457405090332031e-02) (7, 1.50000000000000000000e+03) (8, -2.00000000000000000000e+02) (9, -2.56642520427703857422e-01) (10, -9.78949645996093750000e+02) (11, 2.27049916982650756836e-01) (12, -1.63819305598735809326e-02) (13, 9.34065505862236022949e-02) (14, -1.60345613956451416016e-01) (15, -3.37852947413921356201e-02) 
