FANN_FLO_2.1
num_layers=3
learning_rate=0.450000
connection_rate=1.000000
network_type=0
learning_momentum=0.000000
training_algorithm=2
train_error_function=1
train_stop_function=0
cascade_output_change_fraction=0.010000
quickprop_decay=-0.000100
quickprop_mu=1.750000
rprop_increase_factor=1.200000
rprop_decrease_factor=0.500000
rprop_delta_min=0.000000
rprop_delta_max=50.000000
rprop_delta_zero=0.100000
cascade_output_stagnation_epochs=12
cascade_candidate_change_fraction=0.010000
cascade_candidate_stagnation_epochs=12
cascade_max_out_epochs=150
cascade_min_out_epochs=50
cascade_max_cand_epochs=150
cascade_min_cand_epochs=50
cascade_num_candidate_groups=2
bit_fail_limit=3.49999994039535522461e-01
cascade_candidate_limit=1.00000000000000000000e+03
cascade_weight_multiplier=4.00000005960464477539e-01
cascade_activation_functions_count=10
cascade_activation_functions=3 5 7 8 10 11 14 15 16 17 
cascade_activation_steepnesses_count=4
cascade_activation_steepnesses=2.50000000000000000000e-01 5.00000000000000000000e-01 7.50000000000000000000e-01 1.00000000000000000000e+00 
layer_sizes=7 5 2 
scale_included=0
neurons (num_inputs, activation_function, activation_steepness)=(0, 0, 0.00000000000000000000e+00) (0, 0, 0.00000000000000000000e+00) (0, 0, 0.00000000000000000000e+00) (0, 0, 0.00000000000000000000e+00) (0, 0, 0.00000000000000000000e+00) (0, 0, 0.00000000000000000000e+00) (0, 0, 0.00000000000000000000e+00) (7, 3, 5.00000000000000000000e-01) (7, 3, 5.00000000000000000000e-01) (7, 3, 5.00000000000000000000e-01) (7, 3, 5.00000000000000000000e-01) (0, 3, 0.00000000000000000000e+00) (5, 0, 5.00000000000000000000e-01) (0, 0, 0.00000000000000000000e+00) 
connections (connected_to_neuron, weight)=(0, 8.79956781864166259766e-02) (1, 1.05102233588695526123e-01) (2, 3.07231694459915161133e-01) (3, -1.68563917279243469238e-01) (4, -9.10942554473876953125e-02) (5, -2.73408889770507812500e-01) (6, -3.31705100834369659424e-02) (0, -1.63811028003692626953e-01) (1, -5.29149770736694335938e-01) (2, -9.31546211242675781250e-01) (3, 5.07045164704322814941e-02) (4, 4.68004226684570312500e-01) (5, 8.87943208217620849609e-01) (6, -1.00119486451148986816e-02) (0, -2.23245903849601745605e-01) (1, 1.22299425303936004639e-01) (2, 1.08255013823509216309e-01) (3, -1.47753030061721801758e-01) (4, 2.00227454304695129395e-01) (5, -1.66470155119895935059e-01) (6, 6.01626299321651458740e-02) (0, -5.03757409751415252686e-02) (1, 1.58688500523567199707e-01) (2, 1.22137844562530517578e+00) (3, -8.22876930236816406250e-01) (4, 4.05040645599365234375e+00) (5, -3.34366597235202789307e-02) (6, 3.68491864204406738281e+00) (7, -2.59340684860944747925e-02) (8, -2.16113887727260589600e-02) (9, 9.86245553940534591675e-03) (10, -2.07518741488456726074e-01) (11, 2.31386616826057434082e-01) 
