FANN_FLO_2.1
num_layers=4
learning_rate=0.500000
connection_rate=1.000000
network_type=0
learning_momentum=0.000000
training_algorithm=2
train_error_function=1
train_stop_function=0
cascade_output_change_fraction=0.010000
quickprop_decay=-0.000100
quickprop_mu=1.750000
rprop_increase_factor=1.200000
rprop_decrease_factor=0.500000
rprop_delta_min=0.000000
rprop_delta_max=50.000000
rprop_delta_zero=0.100000
cascade_output_stagnation_epochs=12
cascade_candidate_change_fraction=0.010000
cascade_candidate_stagnation_epochs=12
cascade_max_out_epochs=150
cascade_min_out_epochs=50
cascade_max_cand_epochs=150
cascade_min_cand_epochs=50
cascade_num_candidate_groups=2
bit_fail_limit=3.49999994039535522461e-01
cascade_candidate_limit=1.00000000000000000000e+03
cascade_weight_multiplier=4.00000005960464477539e-01
cascade_activation_functions_count=10
cascade_activation_functions=3 5 7 8 10 11 14 15 16 17 
cascade_activation_steepnesses_count=4
cascade_activation_steepnesses=2.50000000000000000000e-01 5.00000000000000000000e-01 7.50000000000000000000e-01 1.00000000000000000000e+00 
layer_sizes=4 5 5 2 
scale_included=0
neurons (num_inputs, activation_function, activation_steepness)=(0, 0, 0.00000000000000000000e+00) (0, 0, 0.00000000000000000000e+00) (0, 0, 0.00000000000000000000e+00) (0, 0, 0.00000000000000000000e+00) (4, 3, 5.00000000000000000000e-01) (4, 3, 5.00000000000000000000e-01) (4, 3, 5.00000000000000000000e-01) (4, 3, 5.00000000000000000000e-01) (0, 3, 0.00000000000000000000e+00) (5, 3, 5.00000000000000000000e-01) (5, 3, 5.00000000000000000000e-01) (5, 3, 5.00000000000000000000e-01) (5, 3, 5.00000000000000000000e-01) (0, 3, 0.00000000000000000000e+00) (5, 3, 5.00000000000000000000e-01) (0, 3, 0.00000000000000000000e+00) 
connections (connected_to_neuron, weight)=(0, -4.06000852584838867188e+00) (1, -1.02339944839477539062e+01) (2, -2.34695136547088623047e-01) (3, 6.10188293457031250000e+00) (0, -4.43357515335083007812e+00) (1, -2.03940629959106445312e+00) (2, -3.00888633728027343750e+00) (3, 3.96111297607421875000e+00) (0, -5.06044673919677734375e+00) (1, -6.34560918807983398438e+00) (2, 6.57554817199707031250e+00) (3, 2.00516963005065917969e+00) (0, 3.01882982254028320312e+00) (1, 3.80979275703430175781e+00) (2, 6.43922090530395507812e-01) (3, -2.42172741889953613281e+00) (4, 6.74646663665771484375e+00) (5, 1.64187545776367187500e+01) (6, 7.98953294754028320312e+00) (7, -1.35648574829101562500e+01) (8, -4.59952384233474731445e-01) (4, 9.46100902557373046875e+00) (5, 1.11024112701416015625e+01) (6, 9.66312885284423828125e+00) (7, -1.37268619537353515625e+01) (8, -6.90408229827880859375e-01) (4, 6.63106012344360351562e+00) (5, 1.88703651428222656250e+01) (6, 9.61533260345458984375e+00) (7, -1.52451601028442382812e+01) (8, -4.51953917741775512695e-01) (4, 9.72096920013427734375e+00) (5, 1.38426237106323242188e+01) (6, 9.46293640136718750000e+00) (7, -1.33597946166992187500e+01) (8, -1.82537305355072021484e+00) (9, -8.03215861320495605469e-01) (10, -5.07270574569702148438e-01) (11, -8.13948690891265869141e-01) (12, -2.28665852546691894531e+00) (13, 2.17895364761352539062e+00) 
