FANN_FLO_2.1
num_layers=3
learning_rate=0.500000
connection_rate=1.000000
network_type=0
learning_momentum=0.000000
training_algorithm=2
train_error_function=1
train_stop_function=0
cascade_output_change_fraction=0.010000
quickprop_decay=-0.000100
quickprop_mu=1.750000
rprop_increase_factor=1.200000
rprop_decrease_factor=0.500000
rprop_delta_min=0.000000
rprop_delta_max=50.000000
rprop_delta_zero=0.100000
cascade_output_stagnation_epochs=12
cascade_candidate_change_fraction=0.010000
cascade_candidate_stagnation_epochs=12
cascade_max_out_epochs=150
cascade_min_out_epochs=50
cascade_max_cand_epochs=150
cascade_min_cand_epochs=50
cascade_num_candidate_groups=2
bit_fail_limit=3.49999994039535522461e-01
cascade_candidate_limit=1.00000000000000000000e+03
cascade_weight_multiplier=4.00000005960464477539e-01
cascade_activation_functions_count=10
cascade_activation_functions=3 5 7 8 10 11 14 15 16 17 
cascade_activation_steepnesses_count=4
cascade_activation_steepnesses=2.50000000000000000000e-01 5.00000000000000000000e-01 7.50000000000000000000e-01 1.00000000000000000000e+00 
layer_sizes=3 5 4 
scale_included=0
neurons (num_inputs, activation_function, activation_steepness)=(0, 0, 0.00000000000000000000e+00) (0, 0, 0.00000000000000000000e+00) (0, 0, 0.00000000000000000000e+00) (3, 3, 5.00000000000000000000e-01) (3, 3, 5.00000000000000000000e-01) (3, 3, 5.00000000000000000000e-01) (3, 3, 5.00000000000000000000e-01) (0, 3, 0.00000000000000000000e+00) (5, 0, 5.00000000000000000000e-01) (5, 0, 5.00000000000000000000e-01) (5, 0, 5.00000000000000000000e-01) (0, 0, 0.00000000000000000000e+00) 
connections (connected_to_neuron, weight)=(0, -1.48803224563598632812e+01) (1, 1.40391693115234375000e+01) (2, 1.64427051544189453125e+01) (0, -1.80490434169769287109e+00) (1, -2.16503763198852539062e+00) (2, 6.63202643394470214844e-01) (0, -2.66492033004760742188e+00) (1, 4.88153964281082153320e-01) (2, 9.90338250994682312012e-02) (0, -1.61112995147705078125e+01) (1, 9.59511852264404296875e+00) (2, 1.02754135131835937500e+01) (3, 8.94420444965362548828e-01) (4, 3.36745238304138183594e+00) (5, 4.39530038833618164062e+00) (6, 9.76388752460479736328e-01) (7, 1.00155031681060791016e+00) (3, 3.67438578605651855469e+00) (4, 9.99846839904785156250e+00) (5, 1.14199523925781250000e+01) (6, 4.13129281997680664062e+00) (7, 3.85782194137573242188e+00) (3, 1.29434099197387695312e+01) (4, 3.21944122314453125000e+01) (5, 3.53801460266113281250e+01) (6, 1.28755578994750976562e+01) (7, 1.72365188598632812500e+01) 
