FANN_FLO_2.1
num_layers=3
learning_rate=0.500000
connection_rate=1.000000
network_type=0
learning_momentum=0.000000
training_algorithm=2
train_error_function=1
train_stop_function=0
cascade_output_change_fraction=0.010000
quickprop_decay=-0.000100
quickprop_mu=1.750000
rprop_increase_factor=1.200000
rprop_decrease_factor=0.500000
rprop_delta_min=0.000000
rprop_delta_max=50.000000
rprop_delta_zero=0.100000
cascade_output_stagnation_epochs=12
cascade_candidate_change_fraction=0.010000
cascade_candidate_stagnation_epochs=12
cascade_max_out_epochs=150
cascade_min_out_epochs=50
cascade_max_cand_epochs=150
cascade_min_cand_epochs=50
cascade_num_candidate_groups=2
bit_fail_limit=3.49999994039535522461e-01
cascade_candidate_limit=1.00000000000000000000e+03
cascade_weight_multiplier=4.00000005960464477539e-01
cascade_activation_functions_count=10
cascade_activation_functions=3 5 7 8 10 11 14 15 16 17 
cascade_activation_steepnesses_count=4
cascade_activation_steepnesses=2.50000000000000000000e-01 5.00000000000000000000e-01 7.50000000000000000000e-01 1.00000000000000000000e+00 
layer_sizes=7 5 2 
scale_included=0
neurons (num_inputs, activation_function, activation_steepness)=(0, 0, 0.00000000000000000000e+00) (0, 0, 0.00000000000000000000e+00) (0, 0, 0.00000000000000000000e+00) (0, 0, 0.00000000000000000000e+00) (0, 0, 0.00000000000000000000e+00) (0, 0, 0.00000000000000000000e+00) (0, 0, 0.00000000000000000000e+00) (7, 3, 5.00000000000000000000e-01) (7, 3, 5.00000000000000000000e-01) (7, 3, 5.00000000000000000000e-01) (7, 3, 5.00000000000000000000e-01) (0, 3, 0.00000000000000000000e+00) (5, 0, 5.00000000000000000000e-01) (0, 0, 0.00000000000000000000e+00) 
connections (connected_to_neuron, weight)=(0, 2.91159698486328125000e+02) (1, -1.49992016601562500000e+03) (2, 1.49576232910156250000e+03) (3, -1.50000000000000000000e+03) (4, -1.50000000000000000000e+03) (5, -1.50000000000000000000e+03) (6, -3.98501127958297729492e-01) (0, 5.81613281250000000000e+02) (1, -1.49984289550781250000e+03) (2, 1.48097119140625000000e+03) (3, -1.49949096679687500000e+03) (4, -1.49715039062500000000e+03) (5, -1.49715039062500000000e+03) (6, -4.84686225652694702148e-01) (0, 2.90855712890625000000e+02) (1, -1.49992016601562500000e+03) (2, 1.49576232910156250000e+03) (3, -1.50000000000000000000e+03) (4, -1.50000000000000000000e+03) (5, -1.50000000000000000000e+03) (6, -5.82312047481536865234e-01) (0, -2.56985068321228027344e-01) (1, 1.16189599037170410156e-01) (2, 5.15512228012084960938e-01) (3, -7.61810839176177978516e-02) (4, 1.21806733310222625732e-01) (5, -4.55909729003906250000e-01) (6, -8.74020531773567199707e-02) (7, 1.50000000000000000000e+03) (8, 1.03694289922714233398e-01) (9, 1.50000000000000000000e+03) (10, -2.36091651022434234619e-02) (11, 2.20576282590627670288e-02) 
