FANN_FLO_2.1
num_layers=4
learning_rate=0.300000
connection_rate=1.000000
network_type=0
learning_momentum=0.000000
training_algorithm=2
train_error_function=1
train_stop_function=0
cascade_output_change_fraction=0.010000
quickprop_decay=-0.000100
quickprop_mu=1.750000
rprop_increase_factor=1.200000
rprop_decrease_factor=0.500000
rprop_delta_min=0.000000
rprop_delta_max=50.000000
rprop_delta_zero=0.100000
cascade_output_stagnation_epochs=12
cascade_candidate_change_fraction=0.010000
cascade_candidate_stagnation_epochs=12
cascade_max_out_epochs=150
cascade_min_out_epochs=50
cascade_max_cand_epochs=150
cascade_min_cand_epochs=50
cascade_num_candidate_groups=2
bit_fail_limit=3.49999994039535522461e-01
cascade_candidate_limit=1.00000000000000000000e+03
cascade_weight_multiplier=4.00000005960464477539e-01
cascade_activation_functions_count=10
cascade_activation_functions=3 5 7 8 10 11 14 15 16 17 
cascade_activation_steepnesses_count=4
cascade_activation_steepnesses=2.50000000000000000000e-01 5.00000000000000000000e-01 7.50000000000000000000e-01 1.00000000000000000000e+00 
layer_sizes=2 5 3 3 
scale_included=0
neurons (num_inputs, activation_function, activation_steepness)=(0, 0, 0.00000000000000000000e+00) (0, 0, 0.00000000000000000000e+00) (2, 3, 5.00000000000000000000e-01) (2, 3, 5.00000000000000000000e-01) (2, 3, 5.00000000000000000000e-01) (2, 3, 5.00000000000000000000e-01) (0, 3, 0.00000000000000000000e+00) (5, 3, 5.00000000000000000000e-01) (5, 3, 5.00000000000000000000e-01) (0, 3, 0.00000000000000000000e+00) (3, 0, 5.00000000000000000000e-01) (3, 0, 5.00000000000000000000e-01) (0, 0, 0.00000000000000000000e+00) 
connections (connected_to_neuron, weight)=(0, 9.17365169525146484375e+00) (1, 7.44901084899902343750e+00) (0, 6.76589393615722656250e+00) (1, 1.50295190811157226562e+01) (0, 2.48020529747009277344e+00) (1, 9.88672447204589843750e+00) (0, 2.35014700889587402344e+00) (1, 9.38287448883056640625e+00) (2, 7.47301816940307617188e-01) (3, -1.63705959916114807129e-01) (4, 2.18706130981445312500e-01) (5, 2.19469040632247924805e-01) (6, 1.28182649612426757812e-01) (2, 6.66534709930419921875e+00) (3, 1.97134816646575927734e+00) (4, 3.84433120489120483398e-01) (5, 4.26979780197143554688e-01) (6, -1.73256003856658935547e+00) (7, 8.31845179200172424316e-02) (8, -3.39227430522441864014e-02) (9, -3.14212255179882049561e-02) (7, -6.44923210144042968750e-01) (8, -6.19499206542968750000e-01) (9, -4.58272099494934082031e-01) 
