FANN_FLO_2.1
num_layers=4
learning_rate=0.500000
connection_rate=1.000000
network_type=0
learning_momentum=0.000000
training_algorithm=2
train_error_function=1
train_stop_function=0
cascade_output_change_fraction=0.010000
quickprop_decay=-0.000100
quickprop_mu=1.750000
rprop_increase_factor=1.200000
rprop_decrease_factor=0.500000
rprop_delta_min=0.000000
rprop_delta_max=50.000000
rprop_delta_zero=0.100000
cascade_output_stagnation_epochs=12
cascade_candidate_change_fraction=0.010000
cascade_candidate_stagnation_epochs=12
cascade_max_out_epochs=150
cascade_min_out_epochs=50
cascade_max_cand_epochs=150
cascade_min_cand_epochs=50
cascade_num_candidate_groups=2
bit_fail_limit=3.49999994039535522461e-01
cascade_candidate_limit=1.00000000000000000000e+03
cascade_weight_multiplier=4.00000005960464477539e-01
cascade_activation_functions_count=10
cascade_activation_functions=3 5 7 8 10 11 14 15 16 17 
cascade_activation_steepnesses_count=4
cascade_activation_steepnesses=2.50000000000000000000e-01 5.00000000000000000000e-01 7.50000000000000000000e-01 1.00000000000000000000e+00 
layer_sizes=4 5 5 2 
scale_included=0
neurons (num_inputs, activation_function, activation_steepness)=(0, 0, 0.00000000000000000000e+00) (0, 0, 0.00000000000000000000e+00) (0, 0, 0.00000000000000000000e+00) (0, 0, 0.00000000000000000000e+00) (4, 3, 5.00000000000000000000e-01) (4, 3, 5.00000000000000000000e-01) (4, 3, 5.00000000000000000000e-01) (4, 3, 5.00000000000000000000e-01) (0, 3, 0.00000000000000000000e+00) (5, 3, 5.00000000000000000000e-01) (5, 3, 5.00000000000000000000e-01) (5, 3, 5.00000000000000000000e-01) (5, 3, 5.00000000000000000000e-01) (0, 3, 0.00000000000000000000e+00) (5, 3, 5.00000000000000000000e-01) (0, 3, 0.00000000000000000000e+00) 
connections (connected_to_neuron, weight)=(0, -9.05484580993652343750e+00) (1, -2.91891789436340332031e+00) (2, -1.98328328132629394531e+00) (3, 6.65194416046142578125e+00) (0, 7.46252164244651794434e-02) (1, -1.86298618316650390625e+01) (2, 2.05456566810607910156e+00) (3, 2.31786847114562988281e+00) (0, -1.02488311767578125000e+02) (1, -2.75137634277343750000e+02) (2, 3.02887756347656250000e+02) (3, 2.37826848030090332031e+00) (0, -2.38763308525085449219e+00) (1, -2.23128643035888671875e+01) (2, 4.80280113220214843750e+00) (3, 5.94055795669555664062e+00) (4, 1.51669883728027343750e+01) (5, -1.60788116455078125000e+01) (6, 5.73958873748779296875e-01) (7, 2.04723224639892578125e+01) (8, -7.73662328720092773438e+00) (4, 1.89443016052246093750e+01) (5, -1.98090744018554687500e+01) (6, -5.79867959022521972656e-02) (7, 2.66823234558105468750e+01) (8, -9.81014823913574218750e+00) (4, -1.30779552459716796875e+01) (5, -1.41073999404907226562e+01) (6, 2.28142428398132324219e+00) (7, 6.95221662521362304688e+00) (8, 6.31886184215545654297e-01) (4, 1.43098840713500976562e+01) (5, -1.06988983154296875000e+01) (6, 3.59091460704803466797e-02) (7, 1.60902881622314453125e+01) (8, -6.68261528015136718750e+00) (9, -5.64788281917572021484e-01) (10, -1.09333157539367675781e+00) (11, 1.90568709373474121094e+00) (12, -1.55568790435791015625e+00) (13, 9.54300403594970703125e-01) 
