FANN_FLO_2.1
num_layers=4
learning_rate=0.300000
connection_rate=1.000000
network_type=0
learning_momentum=0.000000
training_algorithm=2
train_error_function=1
train_stop_function=0
cascade_output_change_fraction=0.010000
quickprop_decay=-0.000100
quickprop_mu=1.750000
rprop_increase_factor=1.200000
rprop_decrease_factor=0.500000
rprop_delta_min=0.000000
rprop_delta_max=50.000000
rprop_delta_zero=0.100000
cascade_output_stagnation_epochs=12
cascade_candidate_change_fraction=0.010000
cascade_candidate_stagnation_epochs=12
cascade_max_out_epochs=150
cascade_min_out_epochs=50
cascade_max_cand_epochs=150
cascade_min_cand_epochs=50
cascade_num_candidate_groups=2
bit_fail_limit=3.49999994039535522461e-01
cascade_candidate_limit=1.00000000000000000000e+03
cascade_weight_multiplier=4.00000005960464477539e-01
cascade_activation_functions_count=10
cascade_activation_functions=3 5 7 8 10 11 14 15 16 17 
cascade_activation_steepnesses_count=4
cascade_activation_steepnesses=2.50000000000000000000e-01 5.00000000000000000000e-01 7.50000000000000000000e-01 1.00000000000000000000e+00 
layer_sizes=2 5 3 3 
scale_included=0
neurons (num_inputs, activation_function, activation_steepness)=(0, 0, 0.00000000000000000000e+00) (0, 0, 0.00000000000000000000e+00) (2, 3, 5.00000000000000000000e-01) (2, 3, 5.00000000000000000000e-01) (2, 3, 5.00000000000000000000e-01) (2, 3, 5.00000000000000000000e-01) (0, 3, 0.00000000000000000000e+00) (5, 3, 5.00000000000000000000e-01) (5, 3, 5.00000000000000000000e-01) (0, 3, 0.00000000000000000000e+00) (3, 0, 5.00000000000000000000e-01) (3, 0, 5.00000000000000000000e-01) (0, 0, 0.00000000000000000000e+00) 
connections (connected_to_neuron, weight)=(0, 4.66353797912597656250e+01) (1, 1.24403047561645507812e+00) (0, 1.99940185546875000000e+01) (1, 2.83919572830200195312e+00) (0, 2.08825340270996093750e+01) (1, -5.67274034023284912109e-01) (0, 6.20260953903198242188e+00) (1, 6.76147317886352539062e+00) (2, -3.42945146560668945312e+00) (3, 2.62703394889831542969e+00) (4, 3.85902911424636840820e-01) (5, 2.32194352149963378906e+00) (6, -1.92824077606201171875e+00) (2, -3.78682994842529296875e+00) (3, 2.18274211883544921875e+00) (4, -3.64127039909362792969e+00) (5, 6.40633344650268554688e-01) (6, 7.65702966600656509399e-03) (7, -4.87190335988998413086e-02) (8, 2.65463113784790039062e-01) (9, -1.35264858603477478027e-01) (7, -7.88068413734436035156e-01) (8, -1.74515199661254882812e+00) (9, -5.31473040580749511719e-01) 
