FANN_FLO_2.1
num_layers=3
learning_rate=0.500000
connection_rate=1.000000
network_type=0
learning_momentum=0.000000
training_algorithm=2
train_error_function=1
train_stop_function=0
cascade_output_change_fraction=0.010000
quickprop_decay=-0.000100
quickprop_mu=1.750000
rprop_increase_factor=1.200000
rprop_decrease_factor=0.500000
rprop_delta_min=0.000000
rprop_delta_max=50.000000
rprop_delta_zero=0.100000
cascade_output_stagnation_epochs=12
cascade_candidate_change_fraction=0.010000
cascade_candidate_stagnation_epochs=12
cascade_max_out_epochs=150
cascade_min_out_epochs=50
cascade_max_cand_epochs=150
cascade_min_cand_epochs=50
cascade_num_candidate_groups=2
bit_fail_limit=3.49999994039535522461e-01
cascade_candidate_limit=1.00000000000000000000e+03
cascade_weight_multiplier=4.00000005960464477539e-01
cascade_activation_functions_count=10
cascade_activation_functions=3 5 7 8 10 11 14 15 16 17 
cascade_activation_steepnesses_count=4
cascade_activation_steepnesses=2.50000000000000000000e-01 5.00000000000000000000e-01 7.50000000000000000000e-01 1.00000000000000000000e+00 
layer_sizes=7 9 2 
scale_included=0
neurons (num_inputs, activation_function, activation_steepness)=(0, 0, 0.00000000000000000000e+00) (0, 0, 0.00000000000000000000e+00) (0, 0, 0.00000000000000000000e+00) (0, 0, 0.00000000000000000000e+00) (0, 0, 0.00000000000000000000e+00) (0, 0, 0.00000000000000000000e+00) (0, 0, 0.00000000000000000000e+00) (7, 3, 5.00000000000000000000e-01) (7, 3, 5.00000000000000000000e-01) (7, 3, 5.00000000000000000000e-01) (7, 3, 5.00000000000000000000e-01) (7, 3, 5.00000000000000000000e-01) (7, 3, 5.00000000000000000000e-01) (7, 3, 5.00000000000000000000e-01) (7, 3, 5.00000000000000000000e-01) (0, 3, 0.00000000000000000000e+00) (9, 0, 5.00000000000000000000e-01) (0, 0, 0.00000000000000000000e+00) 
connections (connected_to_neuron, weight)=(0, -2.46418118476867675781e+00) (1, 1.80607569217681884766e+00) (2, -3.80916380882263183594e+00) (3, -4.87896394729614257812e+00) (4, -8.42128932476043701172e-01) (5, -2.50202506780624389648e-01) (6, -4.16709375381469726562e+00) (0, -4.09675180912017822266e-01) (1, 5.37682175636291503906e-01) (2, -5.08605480194091796875e-01) (3, -3.30228537321090698242e-01) (4, -1.42120689153671264648e-01) (5, -2.16228663921356201172e-01) (6, -2.99353659152984619141e-01) (0, -8.70267227292060852051e-02) (1, -5.85083603858947753906e-01) (2, -2.54950702190399169922e-01) (3, -2.80760645866394042969e-01) (4, -3.93579155206680297852e-01) (5, -1.14822089672088623047e-01) (6, -3.50649863481521606445e-01) (0, -5.45439183712005615234e-01) (1, 6.23236596584320068359e-01) (2, -5.80503344535827636719e-01) (3, -6.87486410140991210938e-01) (4, -5.85050106048583984375e-01) (5, -4.10593003034591674805e-01) (6, -8.61366152763366699219e-01) (0, 8.30924361944198608398e-02) (1, -3.70783023536205291748e-02) (2, -4.44419234991073608398e-02) (3, -2.66509745270013809204e-02) (4, 2.26875897496938705444e-02) (5, 1.11318612471222877502e-02) (6, -3.30706462264060974121e-02) (0, -5.28324794769287109375e+00) (1, -6.61953806877136230469e-01) (2, -2.39036917686462402344e+00) (3, -6.97350740432739257812e+00) (4, -7.03696608543395996094e-01) (5, 8.89195442199707031250e+00) (6, -5.40746927261352539062e+00) (0, -1.27733969688415527344e+00) (1, 1.06633174419403076172e+00) (2, -6.26725077629089355469e-01) (3, -1.75156033039093017578e+00) (4, 1.60462055355310440063e-02) (5, 1.87872898578643798828e+00) (6, -1.28506743907928466797e+00) (0, -1.37497937679290771484e+00) (1, 2.90468525886535644531e+00) (2, -3.85438942909240722656e+00) (3, -5.89969825744628906250e+00) (4, -7.71065726876258850098e-02) (5, 6.21353530883789062500e+00) (6, -1.42884898185729980469e+00) (7, -1.50000000000000000000e+03) (8, 1.08336145058274269104e-02) (9, 6.42544984817504882812e-01) (10, -2.03241527080535888672e-01) (11, 3.58126945793628692627e-02) (12, 2.22745463252067565918e-02) (13, -4.57675792276859283447e-02) (14, -1.11602302640676498413e-02) (15, -1.22973760589957237244e-02) 
