FANN_FLO_2.1
num_layers=3
learning_rate=0.500000
connection_rate=1.000000
network_type=0
learning_momentum=0.000000
training_algorithm=2
train_error_function=1
train_stop_function=0
cascade_output_change_fraction=0.010000
quickprop_decay=-0.000100
quickprop_mu=1.750000
rprop_increase_factor=1.200000
rprop_decrease_factor=0.500000
rprop_delta_min=0.000000
rprop_delta_max=50.000000
rprop_delta_zero=0.100000
cascade_output_stagnation_epochs=12
cascade_candidate_change_fraction=0.010000
cascade_candidate_stagnation_epochs=12
cascade_max_out_epochs=150
cascade_min_out_epochs=50
cascade_max_cand_epochs=150
cascade_min_cand_epochs=50
cascade_num_candidate_groups=2
bit_fail_limit=3.49999994039535522461e-01
cascade_candidate_limit=1.00000000000000000000e+03
cascade_weight_multiplier=4.00000005960464477539e-01
cascade_activation_functions_count=10
cascade_activation_functions=3 5 7 8 10 11 14 15 16 17 
cascade_activation_steepnesses_count=4
cascade_activation_steepnesses=2.50000000000000000000e-01 5.00000000000000000000e-01 7.50000000000000000000e-01 1.00000000000000000000e+00 
layer_sizes=9 3 2 
scale_included=0
neurons (num_inputs, activation_function, activation_steepness)=(0, 0, 0.00000000000000000000e+00) (0, 0, 0.00000000000000000000e+00) (0, 0, 0.00000000000000000000e+00) (0, 0, 0.00000000000000000000e+00) (0, 0, 0.00000000000000000000e+00) (0, 0, 0.00000000000000000000e+00) (0, 0, 0.00000000000000000000e+00) (0, 0, 0.00000000000000000000e+00) (0, 0, 0.00000000000000000000e+00) (9, 3, 5.00000000000000000000e-01) (9, 3, 5.00000000000000000000e-01) (0, 3, 0.00000000000000000000e+00) (3, 0, 5.00000000000000000000e-01) (0, 0, 0.00000000000000000000e+00) 
connections (connected_to_neuron, weight)=(0, 2.10941135883331298828e-01) (1, -1.60756528377532958984e-01) (2, 1.17894358932971954346e-01) (3, 1.36585950851440429688e-01) (4, 3.61410826444625854492e-02) (5, 4.58260104060173034668e-02) (6, 1.59797519445419311523e-01) (7, -5.61984404921531677246e-02) (8, -1.97430700063705444336e-01) (0, 1.87914013862609863281e-01) (1, -7.37188979983329772949e-02) (2, 1.53634130954742431641e-01) (3, 4.40199747681617736816e-02) (4, 1.17955021560192108154e-01) (5, 5.87815046310424804688e-02) (6, 1.52734339237213134766e-01) (7, -2.99501940608024597168e-02) (8, -1.01431533694267272949e-01) (9, 4.00840938091278076172e-02) (10, 1.12135104835033416748e-01) (11, 8.47205892205238342285e-02) 
