FANN_FLO_2.1
num_layers=4
learning_rate=0.300000
connection_rate=1.000000
network_type=0
learning_momentum=0.000000
training_algorithm=2
train_error_function=1
train_stop_function=0
cascade_output_change_fraction=0.010000
quickprop_decay=-0.000100
quickprop_mu=1.750000
rprop_increase_factor=1.200000
rprop_decrease_factor=0.500000
rprop_delta_min=0.000000
rprop_delta_max=50.000000
rprop_delta_zero=0.100000
cascade_output_stagnation_epochs=12
cascade_candidate_change_fraction=0.010000
cascade_candidate_stagnation_epochs=12
cascade_max_out_epochs=150
cascade_min_out_epochs=50
cascade_max_cand_epochs=150
cascade_min_cand_epochs=50
cascade_num_candidate_groups=2
bit_fail_limit=3.49999994039535522461e-01
cascade_candidate_limit=1.00000000000000000000e+03
cascade_weight_multiplier=4.00000005960464477539e-01
cascade_activation_functions_count=10
cascade_activation_functions=3 5 7 8 10 11 14 15 16 17 
cascade_activation_steepnesses_count=4
cascade_activation_steepnesses=2.50000000000000000000e-01 5.00000000000000000000e-01 7.50000000000000000000e-01 1.00000000000000000000e+00 
layer_sizes=2 5 3 3 
scale_included=0
neurons (num_inputs, activation_function, activation_steepness)=(0, 0, 0.00000000000000000000e+00) (0, 0, 0.00000000000000000000e+00) (2, 3, 5.00000000000000000000e-01) (2, 3, 5.00000000000000000000e-01) (2, 3, 5.00000000000000000000e-01) (2, 3, 5.00000000000000000000e-01) (0, 3, 0.00000000000000000000e+00) (5, 3, 5.00000000000000000000e-01) (5, 3, 5.00000000000000000000e-01) (0, 3, 0.00000000000000000000e+00) (3, 0, 5.00000000000000000000e-01) (3, 0, 5.00000000000000000000e-01) (0, 0, 0.00000000000000000000e+00) 
connections (connected_to_neuron, weight)=(0, -3.55126786231994628906e+00) (1, -4.57763195037841796875e+00) (0, -2.92829632759094238281e+00) (1, -6.38244509696960449219e-01) (0, -1.53715133666992187500e+01) (1, -1.50729703903198242188e+00) (0, -1.08499155044555664062e+01) (1, -1.44500541687011718750e+00) (2, 1.00580346584320068359e+00) (3, 4.36057686805725097656e-01) (4, 8.84666085243225097656e-01) (5, 8.51936101913452148438e-01) (6, -4.17490750551223754883e-01) (2, 1.21129584312438964844e+00) (3, 5.23266077041625976562e-01) (4, 8.58084857463836669922e-01) (5, 8.51537585258483886719e-01) (6, -5.08547723293304443359e-01) (7, 1.74321725964546203613e-01) (8, 9.89155322313308715820e-02) (9, -2.59436696767807006836e-01) (7, -8.19775044918060302734e-01) (8, -7.07485139369964599609e-01) (9, -4.78860229253768920898e-01) 
