FANN_FLO_2.1
num_layers=4
learning_rate=0.300000
connection_rate=1.000000
network_type=0
learning_momentum=0.000000
training_algorithm=2
train_error_function=1
train_stop_function=0
cascade_output_change_fraction=0.010000
quickprop_decay=-0.000100
quickprop_mu=1.750000
rprop_increase_factor=1.200000
rprop_decrease_factor=0.500000
rprop_delta_min=0.000000
rprop_delta_max=50.000000
rprop_delta_zero=0.100000
cascade_output_stagnation_epochs=12
cascade_candidate_change_fraction=0.010000
cascade_candidate_stagnation_epochs=12
cascade_max_out_epochs=150
cascade_min_out_epochs=50
cascade_max_cand_epochs=150
cascade_min_cand_epochs=50
cascade_num_candidate_groups=2
bit_fail_limit=3.49999994039535522461e-01
cascade_candidate_limit=1.00000000000000000000e+03
cascade_weight_multiplier=4.00000005960464477539e-01
cascade_activation_functions_count=10
cascade_activation_functions=3 5 7 8 10 11 14 15 16 17 
cascade_activation_steepnesses_count=4
cascade_activation_steepnesses=2.50000000000000000000e-01 5.00000000000000000000e-01 7.50000000000000000000e-01 1.00000000000000000000e+00 
layer_sizes=2 5 3 3 
scale_included=0
neurons (num_inputs, activation_function, activation_steepness)=(0, 0, 0.00000000000000000000e+00) (0, 0, 0.00000000000000000000e+00) (2, 3, 5.00000000000000000000e-01) (2, 3, 5.00000000000000000000e-01) (2, 3, 5.00000000000000000000e-01) (2, 3, 5.00000000000000000000e-01) (0, 3, 0.00000000000000000000e+00) (5, 3, 5.00000000000000000000e-01) (5, 3, 5.00000000000000000000e-01) (0, 3, 0.00000000000000000000e+00) (3, 0, 5.00000000000000000000e-01) (3, 0, 5.00000000000000000000e-01) (0, 0, 0.00000000000000000000e+00) 
connections (connected_to_neuron, weight)=(0, 4.65092735290527343750e+01) (1, 2.23053703308105468750e+01) (0, 3.67352700233459472656e+00) (1, -2.60361850261688232422e-01) (0, 2.02258968353271484375e+01) (1, 1.00024185180664062500e+01) (0, 5.68947172164916992188e+00) (1, 5.17343568801879882812e+00) (2, 5.29485511779785156250e+00) (3, -2.27360496520996093750e+01) (4, 1.45431447029113769531e+00) (5, 3.77027511596679687500e-01) (6, -1.12917995452880859375e+00) (2, 5.00255355834960937500e+01) (3, 8.55121672153472900391e-01) (4, -2.42797780036926269531e+00) (5, 4.08252954483032226562e+00) (6, -2.10112261772155761719e+00) (7, 1.48698210716247558594e-01) (8, 3.22222486138343811035e-02) (9, -4.06816080212593078613e-02) (7, -2.72717452049255371094e+00) (8, -7.14570522308349609375e-01) (9, -5.08046627044677734375e-01) 
