FANN_FLO_2.1
num_layers=3
learning_rate=0.500000
connection_rate=1.000000
network_type=0
learning_momentum=0.000000
training_algorithm=2
train_error_function=1
train_stop_function=0
cascade_output_change_fraction=0.010000
quickprop_decay=-0.000100
quickprop_mu=1.750000
rprop_increase_factor=1.200000
rprop_decrease_factor=0.500000
rprop_delta_min=0.000000
rprop_delta_max=50.000000
rprop_delta_zero=0.100000
cascade_output_stagnation_epochs=12
cascade_candidate_change_fraction=0.010000
cascade_candidate_stagnation_epochs=12
cascade_max_out_epochs=150
cascade_min_out_epochs=50
cascade_max_cand_epochs=150
cascade_min_cand_epochs=50
cascade_num_candidate_groups=2
bit_fail_limit=3.49999994039535522461e-01
cascade_candidate_limit=1.00000000000000000000e+03
cascade_weight_multiplier=4.00000005960464477539e-01
cascade_activation_functions_count=10
cascade_activation_functions=3 5 7 8 10 11 14 15 16 17 
cascade_activation_steepnesses_count=4
cascade_activation_steepnesses=2.50000000000000000000e-01 5.00000000000000000000e-01 7.50000000000000000000e-01 1.00000000000000000000e+00 
layer_sizes=7 9 2 
scale_included=0
neurons (num_inputs, activation_function, activation_steepness)=(0, 0, 0.00000000000000000000e+00) (0, 0, 0.00000000000000000000e+00) (0, 0, 0.00000000000000000000e+00) (0, 0, 0.00000000000000000000e+00) (0, 0, 0.00000000000000000000e+00) (0, 0, 0.00000000000000000000e+00) (0, 0, 0.00000000000000000000e+00) (7, 3, 5.00000000000000000000e-01) (7, 3, 5.00000000000000000000e-01) (7, 3, 5.00000000000000000000e-01) (7, 3, 5.00000000000000000000e-01) (7, 3, 5.00000000000000000000e-01) (7, 3, 5.00000000000000000000e-01) (7, 3, 5.00000000000000000000e-01) (7, 3, 5.00000000000000000000e-01) (0, 3, 0.00000000000000000000e+00) (9, 0, 5.00000000000000000000e-01) (0, 0, 0.00000000000000000000e+00) 
connections (connected_to_neuron, weight)=(0, -3.19788753986358642578e-01) (1, -3.25174257159233093262e-02) (2, 5.87261840701103210449e-02) (3, -2.52311497926712036133e-01) (4, -6.60677477717399597168e-02) (5, 2.50050455331802368164e-01) (6, -3.85739684104919433594e-01) (0, -2.96779572963714599609e-01) (1, 5.78740239143371582031e-03) (2, -1.60723999142646789551e-01) (3, -4.16236400604248046875e-01) (4, -3.20309758186340332031e-01) (5, 9.67897891998291015625e-01) (6, -2.48120188713073730469e-01) (0, -1.70264914631843566895e-02) (1, 1.77000015974044799805e-01) (2, 9.71185490489006042480e-02) (3, -1.67963087558746337891e-01) (4, 1.90369356423616409302e-02) (5, -1.21580667793750762939e-01) (6, -5.98400950431823730469e-01) (0, -3.31506192684173583984e-01) (1, -3.39135825634002685547e-02) (2, 1.35481327772140502930e-01) (3, -3.29581707715988159180e-01) (4, -1.82578325271606445312e-01) (5, 4.86013233661651611328e-01) (6, -4.35610681772232055664e-01) (0, 7.74389803409576416016e-02) (1, 2.13533997535705566406e-01) (2, 3.83961588144302368164e-01) (3, -2.79603928327560424805e-01) (4, -1.28009304404258728027e-01) (5, -1.93863928318023681641e-01) (6, -7.43187665939331054688e-01) (0, -7.83754587173461914062e-01) (1, -1.64966024458408355713e-02) (2, 9.43896472454071044922e-01) (3, -8.96095037460327148438e-01) (4, 5.43237984180450439453e-01) (5, 5.72282791137695312500e-01) (6, -2.48756480216979980469e+00) (0, -5.06058633327484130859e-01) (1, -2.69261002540588378906e-01) (2, -9.56400096416473388672e-01) (3, -3.83706784248352050781e+00) (4, -1.76226735115051269531e-01) (5, 4.47449111938476562500e+00) (6, -6.60540819168090820312e-01) (0, -3.16042378544807434082e-02) (1, 2.42372050881385803223e-01) (2, 5.21553993225097656250e-01) (3, -1.24581061303615570068e-01) (4, -3.16833049058914184570e-01) (5, -1.52499765157699584961e-01) (6, -1.36936217546463012695e-01) (7, -3.66287678480148315430e-01) (8, 3.97403389215469360352e-02) (9, 1.51169776916503906250e-01) (10, 4.19937707483768463135e-02) (11, -6.66247427463531494141e-01) (12, -1.60931155085563659668e-01) (13, 6.90803974866867065430e-02) (14, 5.61559855937957763672e-01) (15, -4.25308709964156150818e-03) 
