FANN_FLO_2.1
num_layers=3
learning_rate=0.500000
connection_rate=1.000000
network_type=0
learning_momentum=0.000000
training_algorithm=2
train_error_function=1
train_stop_function=0
cascade_output_change_fraction=0.010000
quickprop_decay=-0.000100
quickprop_mu=1.750000
rprop_increase_factor=1.200000
rprop_decrease_factor=0.500000
rprop_delta_min=0.000000
rprop_delta_max=50.000000
rprop_delta_zero=0.100000
cascade_output_stagnation_epochs=12
cascade_candidate_change_fraction=0.010000
cascade_candidate_stagnation_epochs=12
cascade_max_out_epochs=150
cascade_min_out_epochs=50
cascade_max_cand_epochs=150
cascade_min_cand_epochs=50
cascade_num_candidate_groups=2
bit_fail_limit=3.49999994039535522461e-01
cascade_candidate_limit=1.00000000000000000000e+03
cascade_weight_multiplier=4.00000005960464477539e-01
cascade_activation_functions_count=10
cascade_activation_functions=3 5 7 8 10 11 14 15 16 17 
cascade_activation_steepnesses_count=4
cascade_activation_steepnesses=2.50000000000000000000e-01 5.00000000000000000000e-01 7.50000000000000000000e-01 1.00000000000000000000e+00 
layer_sizes=7 9 2 
scale_included=0
neurons (num_inputs, activation_function, activation_steepness)=(0, 0, 0.00000000000000000000e+00) (0, 0, 0.00000000000000000000e+00) (0, 0, 0.00000000000000000000e+00) (0, 0, 0.00000000000000000000e+00) (0, 0, 0.00000000000000000000e+00) (0, 0, 0.00000000000000000000e+00) (0, 0, 0.00000000000000000000e+00) (7, 3, 5.00000000000000000000e-01) (7, 3, 5.00000000000000000000e-01) (7, 3, 5.00000000000000000000e-01) (7, 3, 5.00000000000000000000e-01) (7, 3, 5.00000000000000000000e-01) (7, 3, 5.00000000000000000000e-01) (7, 3, 5.00000000000000000000e-01) (7, 3, 5.00000000000000000000e-01) (0, 3, 0.00000000000000000000e+00) (9, 0, 5.00000000000000000000e-01) (0, 0, 0.00000000000000000000e+00) 
connections (connected_to_neuron, weight)=(0, -3.20468485355377197266e-01) (1, -2.96777665615081787109e-01) (2, 1.03583931922912597656e+00) (3, 8.37316140532493591309e-02) (4, -3.30768257379531860352e-01) (5, -2.28736057877540588379e-01) (6, -1.19728147983551025391e+00) (0, 2.60271453857421875000e+01) (1, 1.50000000000000000000e+03) (2, 3.70194854736328125000e+01) (3, 1.11156535148620605469e+00) (4, 1.50000000000000000000e+03) (5, 1.45022907257080078125e+01) (6, 5.29363811016082763672e-01) (0, -2.59850997924804687500e+01) (1, -1.50000000000000000000e+03) (2, -9.73156738281250000000e+00) (3, -4.37219285964965820312e+00) (4, -1.50000000000000000000e+03) (5, -5.29137134552001953125e+00) (6, -6.46411180496215820312e-01) (0, -6.17918409407138824463e-02) (1, 1.87260821461677551270e-01) (2, -1.83649197220802307129e-01) (3, 1.10471792519092559814e-01) (4, -7.38282501697540283203e-02) (5, -2.49753683805465698242e-01) (6, 1.00236463546752929688e+01) (0, -7.44847282767295837402e-02) (1, 7.41002410650253295898e-02) (2, -1.67767077684402465820e-01) (3, -2.77582705020904541016e-01) (4, -2.80378222465515136719e-01) (5, 6.58728539943695068359e-01) (6, 5.14076054096221923828e-01) (0, -1.43158113956451416016e+00) (1, -9.79779113769531250000e+02) (2, -4.25183385610580444336e-01) (3, -3.14045250415802001953e-01) (4, -1.50000000000000000000e+03) (5, -6.83384776115417480469e-01) (6, 8.53088051080703735352e-02) (0, 2.60238742828369140625e+01) (1, 1.50000000000000000000e+03) (2, 3.70438079833984375000e+01) (3, 1.17987048625946044922e+00) (4, 1.50000000000000000000e+03) (5, 7.16455793380737304688e+00) (6, 4.37031567096710205078e-01) (0, 2.58716030120849609375e+01) (1, 1.50000000000000000000e+03) (2, 3.70658378601074218750e+01) (3, 1.26451730728149414062e+00) (4, 1.50000000000000000000e+03) (5, 7.11727333068847656250e+00) (6, 5.84905564785003662109e-01) (7, -1.81279219686985015869e-02) (8, -3.15494351089000701904e-02) (9, 1.50000000000000000000e+03) (10, 1.25898018479347229004e-01) (11, -2.20297332853078842163e-02) (12, 1.50000000000000000000e+03) (13, -3.29364724457263946533e-02) (14, -5.49097694456577301025e-02) (15, 1.07470070943236351013e-02) 
