FANN_FLO_2.1
num_layers=3
learning_rate=0.500000
connection_rate=1.000000
network_type=0
learning_momentum=0.000000
training_algorithm=2
train_error_function=1
train_stop_function=0
cascade_output_change_fraction=0.010000
quickprop_decay=-0.000100
quickprop_mu=1.750000
rprop_increase_factor=1.200000
rprop_decrease_factor=0.500000
rprop_delta_min=0.000000
rprop_delta_max=50.000000
rprop_delta_zero=0.100000
cascade_output_stagnation_epochs=12
cascade_candidate_change_fraction=0.010000
cascade_candidate_stagnation_epochs=12
cascade_max_out_epochs=150
cascade_min_out_epochs=50
cascade_max_cand_epochs=150
cascade_min_cand_epochs=50
cascade_num_candidate_groups=2
bit_fail_limit=3.49999994039535522461e-01
cascade_candidate_limit=1.00000000000000000000e+03
cascade_weight_multiplier=4.00000005960464477539e-01
cascade_activation_functions_count=10
cascade_activation_functions=3 5 7 8 10 11 14 15 16 17 
cascade_activation_steepnesses_count=4
cascade_activation_steepnesses=2.50000000000000000000e-01 5.00000000000000000000e-01 7.50000000000000000000e-01 1.00000000000000000000e+00 
layer_sizes=3 9 4 
scale_included=0
neurons (num_inputs, activation_function, activation_steepness)=(0, 0, 0.00000000000000000000e+00) (0, 0, 0.00000000000000000000e+00) (0, 0, 0.00000000000000000000e+00) (3, 3, 5.00000000000000000000e-01) (3, 3, 5.00000000000000000000e-01) (3, 3, 5.00000000000000000000e-01) (3, 3, 5.00000000000000000000e-01) (3, 3, 5.00000000000000000000e-01) (3, 3, 5.00000000000000000000e-01) (3, 3, 5.00000000000000000000e-01) (3, 3, 5.00000000000000000000e-01) (0, 3, 0.00000000000000000000e+00) (9, 0, 5.00000000000000000000e-01) (9, 0, 5.00000000000000000000e-01) (9, 0, 5.00000000000000000000e-01) (0, 0, 0.00000000000000000000e+00) 
connections (connected_to_neuron, weight)=(0, -8.32954692840576171875e+00) (1, -1.77006340026855468750e+00) (2, 2.25753860473632812500e+01) (0, -2.42122387886047363281e+00) (1, -4.85672044754028320312e+00) (2, 9.12441849708557128906e-01) (0, -3.50583553314208984375e+00) (1, -2.33238101005554199219e+00) (2, 8.67045760154724121094e-01) (0, -7.14141702651977539062e+00) (1, 5.48086643218994140625e+00) (2, 9.35894680023193359375e+00) (0, -3.82504343986511230469e+00) (1, 9.40077126026153564453e-01) (2, 1.90605211257934570312e+00) (0, -5.43318510055541992188e+00) (1, 4.08259057998657226562e+00) (2, 1.70343184471130371094e+00) (0, -4.59301471710205078125e+00) (1, -1.86973124742507934570e-01) (2, 6.12957835197448730469e-01) (0, -5.23783731460571289062e+00) (1, 6.69259977340698242188e+00) (2, 3.68088483810424804688e+00) (3, 3.24848264455795288086e-01) (4, 1.93593978881835937500e+00) (5, 2.06540656089782714844e+00) (6, 3.54855023324489593506e-02) (7, 2.98421919345855712891e-01) (8, 1.83388960361480712891e+00) (9, 2.73567700386047363281e+00) (10, 1.16087651252746582031e+00) (11, 4.88098263740539550781e-01) (3, 1.61279666423797607422e+00) (4, 5.54697847366333007812e+00) (5, 5.92462825775146484375e+00) (6, 1.37493062019348144531e+00) (7, 4.62673711776733398438e+00) (8, 3.56334066390991210938e+00) (9, 5.13584327697753906250e+00) (10, 4.05154705047607421875e+00) (11, 1.57861530780792236328e+00) (3, 7.86874723434448242188e+00) (4, 1.80934886932373046875e+01) (5, 1.88358802795410156250e+01) (6, 7.86362409591674804688e+00) (7, 1.56050043106079101562e+01) (8, 1.00145721435546875000e+01) (9, 1.57044858932495117188e+01) (10, 9.97009658813476562500e+00) (11, 8.04013252258300781250e+00) 
