FANN_FLO_2.1
num_layers=3
learning_rate=0.400000
connection_rate=1.000000
network_type=0
learning_momentum=0.000000
training_algorithm=2
train_error_function=1
train_stop_function=0
cascade_output_change_fraction=0.010000
quickprop_decay=-0.000100
quickprop_mu=1.750000
rprop_increase_factor=1.200000
rprop_decrease_factor=0.500000
rprop_delta_min=0.000000
rprop_delta_max=50.000000
rprop_delta_zero=0.100000
cascade_output_stagnation_epochs=12
cascade_candidate_change_fraction=0.010000
cascade_candidate_stagnation_epochs=12
cascade_max_out_epochs=150
cascade_min_out_epochs=50
cascade_max_cand_epochs=150
cascade_min_cand_epochs=50
cascade_num_candidate_groups=2
bit_fail_limit=3.49999994039535522461e-01
cascade_candidate_limit=1.00000000000000000000e+03
cascade_weight_multiplier=4.00000005960464477539e-01
cascade_activation_functions_count=10
cascade_activation_functions=3 5 7 8 10 11 14 15 16 17 
cascade_activation_steepnesses_count=4
cascade_activation_steepnesses=2.50000000000000000000e-01 5.00000000000000000000e-01 7.50000000000000000000e-01 1.00000000000000000000e+00 
layer_sizes=6 5 2 
scale_included=0
neurons (num_inputs, activation_function, activation_steepness)=(0, 0, 0.00000000000000000000e+00) (0, 0, 0.00000000000000000000e+00) (0, 0, 0.00000000000000000000e+00) (0, 0, 0.00000000000000000000e+00) (0, 0, 0.00000000000000000000e+00) (0, 0, 0.00000000000000000000e+00) (6, 3, 5.00000000000000000000e-01) (6, 3, 5.00000000000000000000e-01) (6, 3, 5.00000000000000000000e-01) (6, 3, 5.00000000000000000000e-01) (0, 3, 0.00000000000000000000e+00) (5, 0, 5.00000000000000000000e-01) (0, 0, 0.00000000000000000000e+00) 
connections (connected_to_neuron, weight)=(0, -1.50000000000000000000e+03) (1, -1.18285632324218750000e+03) (2, 3.20741844177246093750e+01) (3, -1.26414794921875000000e+02) (4, -3.12613081932067871094e+00) (5, -6.41409301757812500000e+01) (0, -1.50000000000000000000e+03) (1, -1.08218860626220703125e+01) (2, -3.88780403137207031250e+00) (3, -6.10832977294921875000e+00) (4, 3.20709061622619628906e+00) (5, -4.82126653194427490234e-01) (0, -1.50000000000000000000e+03) (1, -8.74819152832031250000e+02) (2, 5.07643520832061767578e-01) (3, -5.23663085937500000000e+02) (4, 1.06572732329368591309e-01) (5, -2.22124576568603515625e-01) (0, -1.50000000000000000000e+03) (1, 2.21688934326171875000e+02) (2, -9.33708572387695312500e+01) (3, 1.34458633422851562500e+02) (4, 3.25952110290527343750e+01) (5, -1.18872089385986328125e+01) (6, 7.22343111038208007812e+00) (7, 2.69406080245971679688e+00) (8, 3.93888235092163085938e-01) (9, 3.87976884841918945312e+00) (10, 7.08244562149047851562e-01) 
