FANN_FLO_2.1
num_layers=3
learning_rate=0.500000
connection_rate=1.000000
network_type=0
learning_momentum=0.000000
training_algorithm=2
train_error_function=1
train_stop_function=0
cascade_output_change_fraction=0.010000
quickprop_decay=-0.000100
quickprop_mu=1.750000
rprop_increase_factor=1.200000
rprop_decrease_factor=0.500000
rprop_delta_min=0.000000
rprop_delta_max=50.000000
rprop_delta_zero=0.100000
cascade_output_stagnation_epochs=12
cascade_candidate_change_fraction=0.010000
cascade_candidate_stagnation_epochs=12
cascade_max_out_epochs=150
cascade_min_out_epochs=50
cascade_max_cand_epochs=150
cascade_min_cand_epochs=50
cascade_num_candidate_groups=2
bit_fail_limit=3.49999994039535522461e-01
cascade_candidate_limit=1.00000000000000000000e+03
cascade_weight_multiplier=4.00000005960464477539e-01
cascade_activation_functions_count=10
cascade_activation_functions=3 5 7 8 10 11 14 15 16 17 
cascade_activation_steepnesses_count=4
cascade_activation_steepnesses=2.50000000000000000000e-01 5.00000000000000000000e-01 7.50000000000000000000e-01 1.00000000000000000000e+00 
layer_sizes=7 5 2 
scale_included=0
neurons (num_inputs, activation_function, activation_steepness)=(0, 0, 0.00000000000000000000e+00) (0, 0, 0.00000000000000000000e+00) (0, 0, 0.00000000000000000000e+00) (0, 0, 0.00000000000000000000e+00) (0, 0, 0.00000000000000000000e+00) (0, 0, 0.00000000000000000000e+00) (0, 0, 0.00000000000000000000e+00) (7, 3, 5.00000000000000000000e-01) (7, 3, 5.00000000000000000000e-01) (7, 3, 5.00000000000000000000e-01) (7, 3, 5.00000000000000000000e-01) (0, 3, 0.00000000000000000000e+00) (5, 0, 5.00000000000000000000e-01) (0, 0, 0.00000000000000000000e+00) 
connections (connected_to_neuron, weight)=(0, -2.35772535204887390137e-01) (1, -2.03222656250000000000e+00) (2, 1.91598820686340332031e+00) (3, -1.49467319250106811523e-01) (4, -6.32984220981597900391e-01) (5, 6.96740031242370605469e-01) (6, -2.39724382758140563965e-01) (0, 3.03351134061813354492e-01) (1, -4.79377573356032371521e-03) (2, 3.79884779453277587891e-01) (3, -2.39884346723556518555e-01) (4, -2.81440049409866333008e-01) (5, -1.17824256420135498047e-01) (6, -2.44578456878662109375e+00) (0, -1.55057623982429504395e-01) (1, -3.95921282470226287842e-02) (2, 3.39650928974151611328e-01) (3, 1.88902225345373153687e-02) (4, 3.79323810338973999023e-01) (5, -5.89726865291595458984e-01) (6, -7.24134683609008789062e-01) (0, -2.34417974948883056641e-01) (1, -3.14947575330734252930e-01) (2, -6.44970715045928955078e-01) (3, 4.94991578161716461182e-02) (4, 1.17074942588806152344e+00) (5, -7.58308991789817810059e-02) (6, 2.30732607841491699219e+00) (7, -1.47689104080200195312e-01) (8, -2.56734549999237060547e-01) (9, 1.74577627331018447876e-02) (10, -2.32075229287147521973e-01) (11, 2.37800329923629760742e-01) 
