FANN_FLO_2.1
num_layers=4
learning_rate=0.450000
connection_rate=1.000000
network_type=0
learning_momentum=0.000000
training_algorithm=2
train_error_function=1
train_stop_function=0
cascade_output_change_fraction=0.010000
quickprop_decay=-0.000100
quickprop_mu=1.750000
rprop_increase_factor=1.200000
rprop_decrease_factor=0.500000
rprop_delta_min=0.000000
rprop_delta_max=50.000000
rprop_delta_zero=0.100000
cascade_output_stagnation_epochs=12
cascade_candidate_change_fraction=0.010000
cascade_candidate_stagnation_epochs=12
cascade_max_out_epochs=150
cascade_min_out_epochs=50
cascade_max_cand_epochs=150
cascade_min_cand_epochs=50
cascade_num_candidate_groups=2
bit_fail_limit=3.49999994039535522461e-01
cascade_candidate_limit=1.00000000000000000000e+03
cascade_weight_multiplier=4.00000005960464477539e-01
cascade_activation_functions_count=10
cascade_activation_functions=3 5 7 8 10 11 14 15 16 17 
cascade_activation_steepnesses_count=4
cascade_activation_steepnesses=2.50000000000000000000e-01 5.00000000000000000000e-01 7.50000000000000000000e-01 1.00000000000000000000e+00 
layer_sizes=7 5 5 2 
scale_included=0
neurons (num_inputs, activation_function, activation_steepness)=(0, 0, 0.00000000000000000000e+00) (0, 0, 0.00000000000000000000e+00) (0, 0, 0.00000000000000000000e+00) (0, 0, 0.00000000000000000000e+00) (0, 0, 0.00000000000000000000e+00) (0, 0, 0.00000000000000000000e+00) (0, 0, 0.00000000000000000000e+00) (7, 3, 5.00000000000000000000e-01) (7, 3, 5.00000000000000000000e-01) (7, 3, 5.00000000000000000000e-01) (7, 3, 5.00000000000000000000e-01) (0, 3, 0.00000000000000000000e+00) (5, 3, 5.00000000000000000000e-01) (5, 3, 5.00000000000000000000e-01) (5, 3, 5.00000000000000000000e-01) (5, 3, 5.00000000000000000000e-01) (0, 3, 0.00000000000000000000e+00) (5, 0, 5.00000000000000000000e-01) (0, 0, 0.00000000000000000000e+00) 
connections (connected_to_neuron, weight)=(0, -6.27755641937255859375e+00) (1, -7.25367009639739990234e-01) (2, -6.89199066162109375000e+00) (3, 2.00453191995620727539e-01) (4, 4.04983162879943847656e-02) (5, -1.58970947265625000000e+02) (6, -3.21413087844848632812e+00) (0, 1.50000000000000000000e+03) (1, 5.90276193618774414062e+00) (2, 1.50000000000000000000e+03) (3, 1.50000000000000000000e+03) (4, 7.16036010742187500000e+02) (5, 1.50000000000000000000e+03) (6, 6.18232059478759765625e+00) (0, 8.63337951660156250000e+02) (1, 1.20989739894866943359e+00) (2, 1.50000000000000000000e+03) (3, 2.21068344116210937500e+01) (4, 1.57720899581909179688e+00) (5, 1.50000000000000000000e+03) (6, 8.52028906345367431641e-01) (0, -2.53992259502410888672e-01) (1, -6.79182410240173339844e-01) (2, -6.08348190784454345703e-01) (3, -3.64769212901592254639e-02) (4, 1.13291844725608825684e-01) (5, 1.49207901954650878906e+00) (6, -3.04823875427246093750e+00) (7, 1.94191379547119140625e+01) (8, 4.80046451091766357422e-01) (9, 1.93884596228599548340e-01) (10, 6.82292175292968750000e+00) (11, 7.82368838787078857422e-01) (7, 2.23548088073730468750e+01) (8, -6.40968024730682373047e-01) (9, -2.52729773521423339844e+00) (10, -3.65607547760009765625e+00) (11, -1.94412767887115478516e-01) (7, 3.46727386474609375000e+02) (8, -1.31926298141479492188e+00) (9, -6.12483263015747070312e+00) (10, -6.40604171752929687500e+01) (11, 8.25580775737762451172e-01) (7, 1.50000000000000000000e+03) (8, -9.90902781486511230469e-01) (9, 3.91422748565673828125e+00) (10, 2.94723105430603027344e+00) (11, 8.13343673944473266602e-02) (12, -2.67423652112483978271e-02) (13, -1.78179249167442321777e-01) (14, -7.03470754623413085938e+00) (15, -6.09781444072723388672e-02) (16, 1.03548847138881683350e-01) 
