FANN_FLO_2.1
num_layers=4
learning_rate=0.450000
connection_rate=1.000000
network_type=0
learning_momentum=0.000000
training_algorithm=2
train_error_function=1
train_stop_function=0
cascade_output_change_fraction=0.010000
quickprop_decay=-0.000100
quickprop_mu=1.750000
rprop_increase_factor=1.200000
rprop_decrease_factor=0.500000
rprop_delta_min=0.000000
rprop_delta_max=50.000000
rprop_delta_zero=0.100000
cascade_output_stagnation_epochs=12
cascade_candidate_change_fraction=0.010000
cascade_candidate_stagnation_epochs=12
cascade_max_out_epochs=150
cascade_min_out_epochs=50
cascade_max_cand_epochs=150
cascade_min_cand_epochs=50
cascade_num_candidate_groups=2
bit_fail_limit=3.49999994039535522461e-01
cascade_candidate_limit=1.00000000000000000000e+03
cascade_weight_multiplier=4.00000005960464477539e-01
cascade_activation_functions_count=10
cascade_activation_functions=3 5 7 8 10 11 14 15 16 17 
cascade_activation_steepnesses_count=4
cascade_activation_steepnesses=2.50000000000000000000e-01 5.00000000000000000000e-01 7.50000000000000000000e-01 1.00000000000000000000e+00 
layer_sizes=7 5 5 2 
scale_included=0
neurons (num_inputs, activation_function, activation_steepness)=(0, 0, 0.00000000000000000000e+00) (0, 0, 0.00000000000000000000e+00) (0, 0, 0.00000000000000000000e+00) (0, 0, 0.00000000000000000000e+00) (0, 0, 0.00000000000000000000e+00) (0, 0, 0.00000000000000000000e+00) (0, 0, 0.00000000000000000000e+00) (7, 3, 5.00000000000000000000e-01) (7, 3, 5.00000000000000000000e-01) (7, 3, 5.00000000000000000000e-01) (7, 3, 5.00000000000000000000e-01) (0, 3, 0.00000000000000000000e+00) (5, 3, 5.00000000000000000000e-01) (5, 3, 5.00000000000000000000e-01) (5, 3, 5.00000000000000000000e-01) (5, 3, 5.00000000000000000000e-01) (0, 3, 0.00000000000000000000e+00) (5, 0, 5.00000000000000000000e-01) (0, 0, 0.00000000000000000000e+00) 
connections (connected_to_neuron, weight)=(0, 4.98994946479797363281e-01) (1, 1.94098067283630371094e+00) (2, -8.70907306671142578125e-01) (3, 5.42943596839904785156e-01) (4, 9.14168715476989746094e-01) (5, -2.88572192192077636719e+00) (6, 4.86640155315399169922e-01) (0, 1.75357568264007568359e+00) (1, 2.69246625900268554688e+00) (2, -5.49312210083007812500e+00) (3, 1.96104454994201660156e+00) (4, 2.38407254219055175781e+00) (5, -4.26999425888061523438e+00) (6, 2.07748389244079589844e+00) (0, 1.90651059150695800781e+00) (1, 2.58601140975952148438e+00) (2, -4.60417747497558593750e+00) (3, 2.06392049789428710938e+00) (4, 2.04887747764587402344e+00) (5, -4.67860317230224609375e+00) (6, 2.02993488311767578125e+00) (0, 1.49516271972656250000e+03) (1, 1.46999548339843750000e+03) (2, 1.42104064941406250000e+03) (3, 1.50000000000000000000e+03) (4, 1.50000000000000000000e+03) (5, 1.50000000000000000000e+03) (6, 1.49100000000000000000e+03) (7, -6.76423883438110351562e+00) (8, -1.50000000000000000000e+03) (9, 5.76104521751403808594e-01) (10, -2.94331252574920654297e-01) (11, -3.03326874971389770508e-01) (7, -1.34508872032165527344e+00) (8, -9.21410143375396728516e-01) (9, -1.05635046958923339844e+00) (10, -1.42474889755249023438e+00) (11, -8.87644350528717041016e-01) (7, -1.29800498485565185547e-01) (8, 4.56354379653930664062e+00) (9, 6.58627271652221679688e+00) (10, -6.80254125595092773438e+00) (11, -5.30606126785278320312e+00) (7, -6.90832901000976562500e+01) (8, -1.30256213378906250000e+03) (9, 7.54040603637695312500e+01) (10, -4.05412340164184570312e+00) (11, -3.49395418167114257812e+00) (12, 1.21554267406463623047e+00) (13, -1.99054002761840820312e+00) (14, -2.08016723394393920898e-01) (15, 7.01920866966247558594e-01) (16, 7.14600384235382080078e-02) 
