FANN_FLO_2.1
num_layers=4
learning_rate=0.450000
connection_rate=1.000000
network_type=0
learning_momentum=0.000000
training_algorithm=2
train_error_function=1
train_stop_function=0
cascade_output_change_fraction=0.010000
quickprop_decay=-0.000100
quickprop_mu=1.750000
rprop_increase_factor=1.200000
rprop_decrease_factor=0.500000
rprop_delta_min=0.000000
rprop_delta_max=50.000000
rprop_delta_zero=0.100000
cascade_output_stagnation_epochs=12
cascade_candidate_change_fraction=0.010000
cascade_candidate_stagnation_epochs=12
cascade_max_out_epochs=150
cascade_min_out_epochs=50
cascade_max_cand_epochs=150
cascade_min_cand_epochs=50
cascade_num_candidate_groups=2
bit_fail_limit=3.49999994039535522461e-01
cascade_candidate_limit=1.00000000000000000000e+03
cascade_weight_multiplier=4.00000005960464477539e-01
cascade_activation_functions_count=10
cascade_activation_functions=3 5 7 8 10 11 14 15 16 17 
cascade_activation_steepnesses_count=4
cascade_activation_steepnesses=2.50000000000000000000e-01 5.00000000000000000000e-01 7.50000000000000000000e-01 1.00000000000000000000e+00 
layer_sizes=7 5 3 2 
scale_included=0
neurons (num_inputs, activation_function, activation_steepness)=(0, 0, 0.00000000000000000000e+00) (0, 0, 0.00000000000000000000e+00) (0, 0, 0.00000000000000000000e+00) (0, 0, 0.00000000000000000000e+00) (0, 0, 0.00000000000000000000e+00) (0, 0, 0.00000000000000000000e+00) (0, 0, 0.00000000000000000000e+00) (7, 3, 5.00000000000000000000e-01) (7, 3, 5.00000000000000000000e-01) (7, 3, 5.00000000000000000000e-01) (7, 3, 5.00000000000000000000e-01) (0, 3, 0.00000000000000000000e+00) (5, 3, 5.00000000000000000000e-01) (5, 3, 5.00000000000000000000e-01) (0, 3, 0.00000000000000000000e+00) (3, 0, 5.00000000000000000000e-01) (0, 0, 0.00000000000000000000e+00) 
connections (connected_to_neuron, weight)=(0, -5.03834068775177001953e-01) (1, 6.26922726631164550781e-01) (2, -1.89948689937591552734e+00) (3, 1.03335440158843994141e+00) (4, -4.43435955047607421875e+00) (5, 2.73241257667541503906e+00) (6, -5.09424257278442382812e+00) (0, 1.50000000000000000000e+03) (1, 9.08018432617187500000e+02) (2, 1.50000000000000000000e+03) (3, 1.46562329101562500000e+03) (4, 3.31278625488281250000e+02) (5, 1.40198706054687500000e+03) (6, 1.50000000000000000000e+03) (0, 1.47277772426605224609e+00) (1, -8.16906929016113281250e-01) (2, -6.91636145114898681641e-01) (3, 1.62851023674011230469e+00) (4, -7.95641183853149414062e-01) (5, -8.50381672382354736328e-01) (6, -1.47444953918457031250e+01) (0, 1.30417871475219726562e+00) (1, -1.61728978157043457031e+00) (2, -7.47909641265869140625e+00) (3, 2.53023934364318847656e+00) (4, -2.66187167167663574219e+00) (5, -3.55693250894546508789e-01) (6, -1.57232646942138671875e+01) (7, 1.50000000000000000000e+03) (8, 1.32505203247070312500e+02) (9, 1.50000000000000000000e+03) (10, 1.50000000000000000000e+03) (11, -2.38949194550514221191e-01) (7, -1.50000000000000000000e+03) (8, 4.67936767578125000000e+02) (9, -4.12380065917968750000e+02) (10, -3.42359695434570312500e+01) (11, 4.61541175842285156250e+00) (12, 6.14987723529338836670e-02) (13, -1.17130607366561889648e-01) (14, 6.83910995721817016602e-02) 
