FANN_FLO_2.1
num_layers=4
learning_rate=0.450000
connection_rate=1.000000
network_type=0
learning_momentum=0.000000
training_algorithm=2
train_error_function=1
train_stop_function=0
cascade_output_change_fraction=0.010000
quickprop_decay=-0.000100
quickprop_mu=1.750000
rprop_increase_factor=1.200000
rprop_decrease_factor=0.500000
rprop_delta_min=0.000000
rprop_delta_max=50.000000
rprop_delta_zero=0.100000
cascade_output_stagnation_epochs=12
cascade_candidate_change_fraction=0.010000
cascade_candidate_stagnation_epochs=12
cascade_max_out_epochs=150
cascade_min_out_epochs=50
cascade_max_cand_epochs=150
cascade_min_cand_epochs=50
cascade_num_candidate_groups=2
bit_fail_limit=3.49999994039535522461e-01
cascade_candidate_limit=1.00000000000000000000e+03
cascade_weight_multiplier=4.00000005960464477539e-01
cascade_activation_functions_count=10
cascade_activation_functions=3 5 7 8 10 11 14 15 16 17 
cascade_activation_steepnesses_count=4
cascade_activation_steepnesses=2.50000000000000000000e-01 5.00000000000000000000e-01 7.50000000000000000000e-01 1.00000000000000000000e+00 
layer_sizes=7 5 5 2 
scale_included=0
neurons (num_inputs, activation_function, activation_steepness)=(0, 0, 0.00000000000000000000e+00) (0, 0, 0.00000000000000000000e+00) (0, 0, 0.00000000000000000000e+00) (0, 0, 0.00000000000000000000e+00) (0, 0, 0.00000000000000000000e+00) (0, 0, 0.00000000000000000000e+00) (0, 0, 0.00000000000000000000e+00) (7, 3, 5.00000000000000000000e-01) (7, 3, 5.00000000000000000000e-01) (7, 3, 5.00000000000000000000e-01) (7, 3, 5.00000000000000000000e-01) (0, 3, 0.00000000000000000000e+00) (5, 3, 5.00000000000000000000e-01) (5, 3, 5.00000000000000000000e-01) (5, 3, 5.00000000000000000000e-01) (5, 3, 5.00000000000000000000e-01) (0, 3, 0.00000000000000000000e+00) (5, 0, 5.00000000000000000000e-01) (0, 0, 0.00000000000000000000e+00) 
connections (connected_to_neuron, weight)=(0, 1.48669075965881347656e+00) (1, -3.01349973678588867188e+00) (2, 1.30109167098999023438e+00) (3, 1.27918684482574462891e+00) (4, -4.03576231002807617188e+00) (5, 1.56942248344421386719e+00) (6, 2.44757819175720214844e+00) (0, 1.92833721637725830078e-01) (1, -2.60263383388519287109e-01) (2, -4.22970116138458251953e-01) (3, 3.17438781261444091797e-01) (4, -2.69552636146545410156e+00) (5, 1.86399483680725097656e+00) (6, -5.36054754257202148438e+00) (0, 2.56910651922225952148e-01) (1, -1.51084709167480468750e+00) (2, 9.87719237804412841797e-01) (3, 2.69328594207763671875e-01) (4, -6.26284003257751464844e-01) (5, 6.93407475948333740234e-01) (6, -1.88745355606079101562e+00) (0, 1.50000000000000000000e+03) (1, 1.50000000000000000000e+03) (2, 1.50000000000000000000e+03) (3, 1.50000000000000000000e+03) (4, 1.50000000000000000000e+03) (5, 1.50000000000000000000e+03) (6, 1.50000000000000000000e+03) (7, 1.31368649005889892578e+00) (8, -2.83423709869384765625e+01) (9, 1.19732084274291992188e+01) (10, 1.90998271107673645020e-01) (11, 9.63916659355163574219e-01) (7, -1.01417255401611328125e+00) (8, 6.23431873321533203125e+00) (9, 2.83523154258728027344e+00) (10, 6.10861778259277343750e-01) (11, 7.70476460456848144531e-01) (7, 2.14701223373413085938e+00) (8, 2.98203754425048828125e+00) (9, 5.82946300506591796875e+00) (10, -6.97934180498123168945e-02) (11, 1.03915631771087646484e-01) (7, -3.36304879188537597656e+00) (8, 5.80751466751098632812e+00) (9, 3.86948037147521972656e+00) (10, -1.27585053443908691406e+00) (11, -8.19724678993225097656e-01) (12, -8.18646788597106933594e-01) (13, 3.19549590349197387695e-01) (14, 4.72364187240600585938e-01) (15, -1.52772247791290283203e-01) (16, 1.55281916260719299316e-01) 
