FANN_FLO_2.1
num_layers=3
learning_rate=0.450000
connection_rate=1.000000
network_type=0
learning_momentum=0.000000
training_algorithm=2
train_error_function=1
train_stop_function=0
cascade_output_change_fraction=0.010000
quickprop_decay=-0.000100
quickprop_mu=1.750000
rprop_increase_factor=1.200000
rprop_decrease_factor=0.500000
rprop_delta_min=0.000000
rprop_delta_max=50.000000
rprop_delta_zero=0.100000
cascade_output_stagnation_epochs=12
cascade_candidate_change_fraction=0.010000
cascade_candidate_stagnation_epochs=12
cascade_max_out_epochs=150
cascade_min_out_epochs=50
cascade_max_cand_epochs=150
cascade_min_cand_epochs=50
cascade_num_candidate_groups=2
bit_fail_limit=3.49999994039535522461e-01
cascade_candidate_limit=1.00000000000000000000e+03
cascade_weight_multiplier=4.00000005960464477539e-01
cascade_activation_functions_count=10
cascade_activation_functions=3 5 7 8 10 11 14 15 16 17 
cascade_activation_steepnesses_count=4
cascade_activation_steepnesses=2.50000000000000000000e-01 5.00000000000000000000e-01 7.50000000000000000000e-01 1.00000000000000000000e+00 
layer_sizes=7 5 2 
scale_included=0
neurons (num_inputs, activation_function, activation_steepness)=(0, 0, 0.00000000000000000000e+00) (0, 0, 0.00000000000000000000e+00) (0, 0, 0.00000000000000000000e+00) (0, 0, 0.00000000000000000000e+00) (0, 0, 0.00000000000000000000e+00) (0, 0, 0.00000000000000000000e+00) (0, 0, 0.00000000000000000000e+00) (7, 3, 5.00000000000000000000e-01) (7, 3, 5.00000000000000000000e-01) (7, 3, 5.00000000000000000000e-01) (7, 3, 5.00000000000000000000e-01) (0, 3, 0.00000000000000000000e+00) (5, 0, 5.00000000000000000000e-01) (0, 0, 0.00000000000000000000e+00) 
connections (connected_to_neuron, weight)=(0, 1.39816430664062500000e+03) (1, 7.39450305700302124023e-02) (2, 1.50000000000000000000e+03) (3, 5.74233055114746093750e-01) (4, 2.06499719619750976562e+00) (5, 1.50000000000000000000e+03) (6, 5.86900663375854492188e+00) (0, -1.17030200195312500000e+03) (1, -3.27413767576217651367e-01) (2, -1.50000000000000000000e+03) (3, -4.49732542037963867188e-01) (4, -2.09246128797531127930e-01) (5, -1.50000000000000000000e+03) (6, -2.82651990652084350586e-01) (0, 2.45104148983955383301e-01) (1, 7.05548822879791259766e-01) (2, -8.35898876190185546875e-01) (3, -1.51397995650768280029e-02) (4, 2.03352063894271850586e-01) (5, -3.12822639942169189453e-01) (6, 1.71700704097747802734e+00) (0, 4.38649803400039672852e-01) (1, 5.55208683013916015625e-01) (2, -8.43126833438873291016e-01) (3, 5.23322641849517822266e-01) (4, 1.11097835004329681396e-01) (5, -8.15556824207305908203e-01) (6, -8.14744755625724792480e-02) (7, -2.07106575369834899902e-01) (8, 1.75785388946533203125e+01) (9, -4.49685752391815185547e-01) (10, 3.19533944129943847656e-01) (11, 3.42732965946197509766e-01) 
