FANN_FLO_2.1
num_layers=4
learning_rate=0.500000
connection_rate=1.000000
network_type=0
learning_momentum=0.000000
training_algorithm=2
train_error_function=1
train_stop_function=0
cascade_output_change_fraction=0.010000
quickprop_decay=-0.000100
quickprop_mu=1.750000
rprop_increase_factor=1.200000
rprop_decrease_factor=0.500000
rprop_delta_min=0.000000
rprop_delta_max=50.000000
rprop_delta_zero=0.100000
cascade_output_stagnation_epochs=12
cascade_candidate_change_fraction=0.010000
cascade_candidate_stagnation_epochs=12
cascade_max_out_epochs=150
cascade_min_out_epochs=50
cascade_max_cand_epochs=150
cascade_min_cand_epochs=50
cascade_num_candidate_groups=2
bit_fail_limit=3.49999994039535522461e-01
cascade_candidate_limit=1.00000000000000000000e+03
cascade_weight_multiplier=4.00000005960464477539e-01
cascade_activation_functions_count=10
cascade_activation_functions=3 5 7 8 10 11 14 15 16 17 
cascade_activation_steepnesses_count=4
cascade_activation_steepnesses=2.50000000000000000000e-01 5.00000000000000000000e-01 7.50000000000000000000e-01 1.00000000000000000000e+00 
layer_sizes=4 5 5 2 
scale_included=0
neurons (num_inputs, activation_function, activation_steepness)=(0, 0, 0.00000000000000000000e+00) (0, 0, 0.00000000000000000000e+00) (0, 0, 0.00000000000000000000e+00) (0, 0, 0.00000000000000000000e+00) (4, 3, 5.00000000000000000000e-01) (4, 3, 5.00000000000000000000e-01) (4, 3, 5.00000000000000000000e-01) (4, 3, 5.00000000000000000000e-01) (0, 3, 0.00000000000000000000e+00) (5, 3, 5.00000000000000000000e-01) (5, 3, 5.00000000000000000000e-01) (5, 3, 5.00000000000000000000e-01) (5, 3, 5.00000000000000000000e-01) (0, 3, 0.00000000000000000000e+00) (5, 3, 5.00000000000000000000e-01) (0, 3, 0.00000000000000000000e+00) 
connections (connected_to_neuron, weight)=(0, -1.49677429199218750000e+03) (1, -1.49677429199218750000e+03) (2, -1.49677429199218750000e+03) (3, -2.08349879831075668335e-02) (0, -1.49677429199218750000e+03) (1, -1.49677429199218750000e+03) (2, -1.49677429199218750000e+03) (3, 2.36955229192972183228e-02) (0, -1.49677429199218750000e+03) (1, -1.49677429199218750000e+03) (2, -1.49677429199218750000e+03) (3, 6.19334757328033447266e-01) (0, -4.44910764694213867188e+00) (1, -6.11534214019775390625e+00) (2, 5.14769792556762695312e-01) (3, 3.41804599761962890625e+00) (4, 6.30048217773437500000e+01) (5, 6.29991760253906250000e+01) (6, 6.31181259155273437500e+01) (7, 5.62183837890625000000e+01) (8, -1.13559713363647460938e+01) (4, 6.30823211669921875000e+01) (5, 6.30072784423828125000e+01) (6, 6.32332992553710937500e+01) (7, 4.79250106811523437500e+01) (8, -9.89106369018554687500e+00) (4, -3.16321939229965209961e-01) (5, -3.35284590721130371094e-01) (6, -4.88690996170043945312e+00) (7, 8.19687175750732421875e+00) (8, -7.54110455513000488281e-01) (4, 6.30235977172851562500e+01) (5, 6.30375442504882812500e+01) (6, 6.31753005981445312500e+01) (7, 4.73736915588378906250e+01) (8, -9.65223121643066406250e+00) (9, -1.90114164352416992188e+00) (10, -1.94773340225219726562e+00) (11, 2.84499120712280273438e+00) (12, -2.13869857788085937500e+00) (13, 1.00924754142761230469e+00) 
