FANN_FLO_2.1
num_layers=4
learning_rate=0.300000
connection_rate=1.000000
network_type=0
learning_momentum=0.000000
training_algorithm=2
train_error_function=1
train_stop_function=0
cascade_output_change_fraction=0.010000
quickprop_decay=-0.000100
quickprop_mu=1.750000
rprop_increase_factor=1.200000
rprop_decrease_factor=0.500000
rprop_delta_min=0.000000
rprop_delta_max=50.000000
rprop_delta_zero=0.100000
cascade_output_stagnation_epochs=12
cascade_candidate_change_fraction=0.010000
cascade_candidate_stagnation_epochs=12
cascade_max_out_epochs=150
cascade_min_out_epochs=50
cascade_max_cand_epochs=150
cascade_min_cand_epochs=50
cascade_num_candidate_groups=2
bit_fail_limit=3.49999994039535522461e-01
cascade_candidate_limit=1.00000000000000000000e+03
cascade_weight_multiplier=4.00000005960464477539e-01
cascade_activation_functions_count=10
cascade_activation_functions=3 5 7 8 10 11 14 15 16 17 
cascade_activation_steepnesses_count=4
cascade_activation_steepnesses=2.50000000000000000000e-01 5.00000000000000000000e-01 7.50000000000000000000e-01 1.00000000000000000000e+00 
layer_sizes=2 5 5 3 
scale_included=0
neurons (num_inputs, activation_function, activation_steepness)=(0, 0, 0.00000000000000000000e+00) (0, 0, 0.00000000000000000000e+00) (2, 3, 5.00000000000000000000e-01) (2, 3, 5.00000000000000000000e-01) (2, 3, 5.00000000000000000000e-01) (2, 3, 5.00000000000000000000e-01) (0, 3, 0.00000000000000000000e+00) (5, 3, 5.00000000000000000000e-01) (5, 3, 5.00000000000000000000e-01) (5, 3, 5.00000000000000000000e-01) (5, 3, 5.00000000000000000000e-01) (0, 3, 0.00000000000000000000e+00) (5, 0, 5.00000000000000000000e-01) (5, 0, 5.00000000000000000000e-01) (0, 0, 0.00000000000000000000e+00) 
connections (connected_to_neuron, weight)=(0, -9.77138423919677734375e+00) (1, -5.72634220123291015625e+00) (0, -1.54083900451660156250e+01) (1, -1.02143888473510742188e+01) (0, 7.21339750289916992188e+00) (1, 1.68577430304139852524e-03) (0, -1.05130529403686523438e+01) (1, -6.48473787307739257812e+00) (2, 6.58463060855865478516e-01) (3, 6.72527849674224853516e-01) (4, 8.89063477516174316406e-01) (5, 6.18530631065368652344e-01) (6, -2.28027217090129852295e-02) (2, -2.37396806478500366211e-01) (3, 4.36825656890869140625e+00) (4, 1.50429701805114746094e+00) (5, 7.19635128974914550781e-01) (6, -4.50786054134368896484e-01) (2, 7.76419520378112792969e-01) (3, 8.43345642089843750000e-01) (4, -5.85486412048339843750e-01) (5, 8.23368012905120849609e-01) (6, -4.99649941921234130859e-01) (2, 2.47434630990028381348e-01) (3, 2.49420762062072753906e+00) (4, -7.25840702652931213379e-02) (5, 1.99563592672348022461e-01) (6, -7.23417848348617553711e-02) (7, -1.02032713592052459717e-01) (8, -1.16329431533813476562e-01) (9, 4.96482908725738525391e-01) (10, -4.88141849637031555176e-02) (11, -2.34033241868019104004e-01) (7, -4.99550938606262207031e-01) (8, -5.90243220329284667969e-01) (9, -7.14313685894012451172e-01) (10, -1.20824143290519714355e-01) (11, -3.29848140478134155273e-01) 
