FANN_FLO_2.1
num_layers=4
learning_rate=0.450000
connection_rate=1.000000
network_type=0
learning_momentum=0.000000
training_algorithm=2
train_error_function=1
train_stop_function=0
cascade_output_change_fraction=0.010000
quickprop_decay=-0.000100
quickprop_mu=1.750000
rprop_increase_factor=1.200000
rprop_decrease_factor=0.500000
rprop_delta_min=0.000000
rprop_delta_max=50.000000
rprop_delta_zero=0.100000
cascade_output_stagnation_epochs=12
cascade_candidate_change_fraction=0.010000
cascade_candidate_stagnation_epochs=12
cascade_max_out_epochs=150
cascade_min_out_epochs=50
cascade_max_cand_epochs=150
cascade_min_cand_epochs=50
cascade_num_candidate_groups=2
bit_fail_limit=3.49999994039535522461e-01
cascade_candidate_limit=1.00000000000000000000e+03
cascade_weight_multiplier=4.00000005960464477539e-01
cascade_activation_functions_count=10
cascade_activation_functions=3 5 7 8 10 11 14 15 16 17 
cascade_activation_steepnesses_count=4
cascade_activation_steepnesses=2.50000000000000000000e-01 5.00000000000000000000e-01 7.50000000000000000000e-01 1.00000000000000000000e+00 
layer_sizes=7 5 3 2 
scale_included=0
neurons (num_inputs, activation_function, activation_steepness)=(0, 0, 0.00000000000000000000e+00) (0, 0, 0.00000000000000000000e+00) (0, 0, 0.00000000000000000000e+00) (0, 0, 0.00000000000000000000e+00) (0, 0, 0.00000000000000000000e+00) (0, 0, 0.00000000000000000000e+00) (0, 0, 0.00000000000000000000e+00) (7, 3, 5.00000000000000000000e-01) (7, 3, 5.00000000000000000000e-01) (7, 3, 5.00000000000000000000e-01) (7, 3, 5.00000000000000000000e-01) (0, 3, 0.00000000000000000000e+00) (5, 3, 5.00000000000000000000e-01) (5, 3, 5.00000000000000000000e-01) (0, 3, 0.00000000000000000000e+00) (3, 0, 5.00000000000000000000e-01) (0, 0, 0.00000000000000000000e+00) 
connections (connected_to_neuron, weight)=(0, 4.05255004882812500000e+02) (1, -4.85159969329833984375e+00) (2, -3.35268981933593750000e+02) (3, 2.11241165161132812500e+02) (4, 6.27837276458740234375e+00) (5, -5.01971618652343750000e+02) (6, 5.79409790039062500000e+00) (0, -8.56127197265625000000e+02) (1, -8.69050048828125000000e+02) (2, -1.50000000000000000000e+03) (3, -1.22096038818359375000e+02) (4, 3.12343931198120117188e+00) (5, -1.49654800415039062500e+02) (6, 4.07314252853393554688e+00) (0, 5.94129882812500000000e+02) (1, 1.07668823242187500000e+03) (2, -3.17497314453125000000e+02) (3, 1.48878051757812500000e+03) (4, 8.22584716796875000000e+02) (5, 1.24904492187500000000e+03) (6, 6.59845542907714843750e+00) (0, 5.25604553222656250000e+01) (1, -5.27267028808593750000e+02) (2, 2.82060546875000000000e+02) (3, -8.01801300048828125000e+01) (4, -1.68369995117187500000e+02) (5, 4.33400543212890625000e+02) (6, 6.76905727386474609375e+00) (7, -1.56133878231048583984e+00) (8, 9.46275615692138671875e+00) (9, 2.81631469726562500000e-01) (10, 6.97365379333496093750e+00) (11, -6.20630979537963867188e-01) (7, 1.40526135253906250000e+03) (8, 1.50000000000000000000e+03) (9, 2.47672012329101562500e+02) (10, 1.50000000000000000000e+03) (11, -1.21406497955322265625e+01) (12, 5.96620216965675354004e-02) (13, -2.18347951886244118214e-04) (14, 4.07035881653428077698e-03) 
