FANN_FLO_2.1
num_layers=3
learning_rate=0.500000
connection_rate=1.000000
network_type=0
learning_momentum=0.000000
training_algorithm=2
train_error_function=1
train_stop_function=0
cascade_output_change_fraction=0.010000
quickprop_decay=-0.000100
quickprop_mu=1.750000
rprop_increase_factor=1.200000
rprop_decrease_factor=0.500000
rprop_delta_min=0.000000
rprop_delta_max=50.000000
rprop_delta_zero=0.100000
cascade_output_stagnation_epochs=12
cascade_candidate_change_fraction=0.010000
cascade_candidate_stagnation_epochs=12
cascade_max_out_epochs=150
cascade_min_out_epochs=50
cascade_max_cand_epochs=150
cascade_min_cand_epochs=50
cascade_num_candidate_groups=2
bit_fail_limit=3.49999994039535522461e-01
cascade_candidate_limit=1.00000000000000000000e+03
cascade_weight_multiplier=4.00000005960464477539e-01
cascade_activation_functions_count=10
cascade_activation_functions=3 5 7 8 10 11 14 15 16 17 
cascade_activation_steepnesses_count=4
cascade_activation_steepnesses=2.50000000000000000000e-01 5.00000000000000000000e-01 7.50000000000000000000e-01 1.00000000000000000000e+00 
layer_sizes=7 9 2 
scale_included=0
neurons (num_inputs, activation_function, activation_steepness)=(0, 0, 0.00000000000000000000e+00) (0, 0, 0.00000000000000000000e+00) (0, 0, 0.00000000000000000000e+00) (0, 0, 0.00000000000000000000e+00) (0, 0, 0.00000000000000000000e+00) (0, 0, 0.00000000000000000000e+00) (0, 0, 0.00000000000000000000e+00) (7, 3, 5.00000000000000000000e-01) (7, 3, 5.00000000000000000000e-01) (7, 3, 5.00000000000000000000e-01) (7, 3, 5.00000000000000000000e-01) (7, 3, 5.00000000000000000000e-01) (7, 3, 5.00000000000000000000e-01) (7, 3, 5.00000000000000000000e-01) (7, 3, 5.00000000000000000000e-01) (0, 3, 0.00000000000000000000e+00) (9, 0, 5.00000000000000000000e-01) (0, 0, 0.00000000000000000000e+00) 
connections (connected_to_neuron, weight)=(0, -9.55702960491180419922e-02) (1, -8.15827548503875732422e-02) (2, 1.25486373901367187500e-01) (3, -5.27933146804571151733e-03) (4, -1.64048790931701660156e-01) (5, 1.79688066244125366211e-01) (6, -1.21253013610839843750e-01) (0, -3.02507579326629638672e-01) (1, -6.36151619255542755127e-03) (2, -1.56995022296905517578e+00) (3, -2.48539641499519348145e-01) (4, -1.99508145451545715332e-01) (5, 7.24371969699859619141e-01) (6, -2.19529724121093750000e+00) (0, -4.23863708972930908203e-01) (1, 1.36215984821319580078e+00) (2, 2.07919907569885253906e+00) (3, -1.50000000000000000000e+03) (4, -1.22353967285156250000e+03) (5, -1.50000000000000000000e+03) (6, 1.61771850585937500000e+01) (0, 8.15021246671676635742e-02) (1, 1.01291276514530181885e-01) (2, 8.10419797897338867188e-01) (3, -4.54801321029663085938e-01) (4, -1.32243260741233825684e-01) (5, -2.06387639045715332031e-01) (6, -3.04516625404357910156e+00) (0, -2.11882843017578125000e+02) (1, -1.49469982910156250000e+03) (2, -1.02696642279624938965e-01) (3, -1.50000000000000000000e+03) (4, -1.50000000000000000000e+03) (5, -1.50000000000000000000e+03) (6, -1.78203880786895751953e-01) (0, -2.56136626005172729492e-01) (1, 5.59420764446258544922e-01) (2, -6.80750846862792968750e-01) (3, 2.39536166191101074219e-01) (4, -2.54012435674667358398e-01) (5, 2.45195627212524414062e-01) (6, -2.42738559842109680176e-01) (0, -8.10538291931152343750e-01) (1, 4.01219749450683593750e+00) (2, 1.43471434712409973145e-01) (3, -1.63571387529373168945e-01) (4, -1.58366811275482177734e+00) (5, 2.28147315979003906250e+00) (6, -1.86396226286888122559e-01) (0, 2.42893677204847335815e-02) (1, -5.50486445426940917969e-01) (2, -2.65851140022277832031e-01) (3, 3.09137050062417984009e-02) (4, 2.07318551838397979736e-02) (5, 4.04594808816909790039e-01) (6, 2.81187462806701660156e+00) (7, 2.32817128300666809082e-01) (8, -2.25400347262620925903e-02) (9, 1.50000000000000000000e+03) (10, -1.16239473223686218262e-01) (11, 1.50000000000000000000e+03) (12, -5.76961189508438110352e-02) (13, -1.88522487878799438477e-02) (14, -1.04124635457992553711e-01) (15, 9.15057286620140075684e-02) 
