FANN_FLO_2.1
num_layers=3
learning_rate=0.500000
connection_rate=1.000000
network_type=0
learning_momentum=0.000000
training_algorithm=2
train_error_function=1
train_stop_function=0
cascade_output_change_fraction=0.010000
quickprop_decay=-0.000100
quickprop_mu=1.750000
rprop_increase_factor=1.200000
rprop_decrease_factor=0.500000
rprop_delta_min=0.000000
rprop_delta_max=50.000000
rprop_delta_zero=0.100000
cascade_output_stagnation_epochs=12
cascade_candidate_change_fraction=0.010000
cascade_candidate_stagnation_epochs=12
cascade_max_out_epochs=150
cascade_min_out_epochs=50
cascade_max_cand_epochs=150
cascade_min_cand_epochs=50
cascade_num_candidate_groups=2
bit_fail_limit=3.49999994039535522461e-01
cascade_candidate_limit=1.00000000000000000000e+03
cascade_weight_multiplier=4.00000005960464477539e-01
cascade_activation_functions_count=10
cascade_activation_functions=3 5 7 8 10 11 14 15 16 17 
cascade_activation_steepnesses_count=4
cascade_activation_steepnesses=2.50000000000000000000e-01 5.00000000000000000000e-01 7.50000000000000000000e-01 1.00000000000000000000e+00 
layer_sizes=7 9 2 
scale_included=0
neurons (num_inputs, activation_function, activation_steepness)=(0, 0, 0.00000000000000000000e+00) (0, 0, 0.00000000000000000000e+00) (0, 0, 0.00000000000000000000e+00) (0, 0, 0.00000000000000000000e+00) (0, 0, 0.00000000000000000000e+00) (0, 0, 0.00000000000000000000e+00) (0, 0, 0.00000000000000000000e+00) (7, 3, 5.00000000000000000000e-01) (7, 3, 5.00000000000000000000e-01) (7, 3, 5.00000000000000000000e-01) (7, 3, 5.00000000000000000000e-01) (7, 3, 5.00000000000000000000e-01) (7, 3, 5.00000000000000000000e-01) (7, 3, 5.00000000000000000000e-01) (7, 3, 5.00000000000000000000e-01) (0, 3, 0.00000000000000000000e+00) (9, 0, 5.00000000000000000000e-01) (0, 0, 0.00000000000000000000e+00) 
connections (connected_to_neuron, weight)=(0, -1.42640441894531250000e+03) (1, -1.48736962890625000000e+03) (2, 1.50000000000000000000e+03) (3, -1.34424011230468750000e+03) (4, -1.49011608886718750000e+03) (5, -2.48326965332031250000e+02) (6, 2.68983036279678344727e-01) (0, -1.42640441894531250000e+03) (1, -1.48736962890625000000e+03) (2, 1.50000000000000000000e+03) (3, -1.34424011230468750000e+03) (4, -1.49011608886718750000e+03) (5, -2.48901733398437500000e+02) (6, 1.31689810752868652344e+00) (0, -1.42640441894531250000e+03) (1, -1.48736962890625000000e+03) (2, 1.50000000000000000000e+03) (3, -1.34424011230468750000e+03) (4, -1.49011608886718750000e+03) (5, -2.49432556152343750000e+02) (6, 1.65359508991241455078e+00) (0, -1.42640441894531250000e+03) (1, -1.48736962890625000000e+03) (2, 1.50000000000000000000e+03) (3, -1.34424011230468750000e+03) (4, -1.49011608886718750000e+03) (5, -2.48409484863281250000e+02) (6, -1.11749060451984405518e-01) (0, -1.42640441894531250000e+03) (1, -1.48736962890625000000e+03) (2, 1.50000000000000000000e+03) (3, -1.34424011230468750000e+03) (4, -1.49011608886718750000e+03) (5, -2.48276000976562500000e+02) (6, 2.63630777597427368164e-01) (0, 1.48823254394531250000e+03) (1, 1.49960998535156250000e+03) (2, -1.08529797363281250000e+03) (3, 1.43254028320312500000e+03) (4, 1.49460876464843750000e+03) (5, 1.34687866210937500000e+03) (6, -3.56154327392578125000e+01) (0, -1.42640441894531250000e+03) (1, -1.48736962890625000000e+03) (2, 1.50000000000000000000e+03) (3, -1.34424011230468750000e+03) (4, -1.49011608886718750000e+03) (5, -2.48514648437500000000e+02) (6, 6.96132302284240722656e-01) (0, 6.22097924351692199707e-02) (1, -8.11707302927970886230e-02) (2, 4.45128884166479110718e-03) (3, 6.60720281302928924561e-03) (4, -2.43626739829778671265e-02) (5, 8.25723074376583099365e-03) (6, 3.21697413921356201172e-01) (7, 1.50000000000000000000e+03) (8, 1.50000000000000000000e+03) (9, 1.50000000000000000000e+03) (10, 1.50000000000000000000e+03) (11, 1.50000000000000000000e+03) (12, -3.71583074331283569336e-01) (13, 1.50000000000000000000e+03) (14, 3.53884965181350708008e-01) (15, 2.12331190705299377441e-01) 
