FANN_FLO_2.1
num_layers=3
learning_rate=0.400000
connection_rate=1.000000
network_type=0
learning_momentum=0.000000
training_algorithm=2
train_error_function=1
train_stop_function=0
cascade_output_change_fraction=0.010000
quickprop_decay=-0.000100
quickprop_mu=1.750000
rprop_increase_factor=1.200000
rprop_decrease_factor=0.500000
rprop_delta_min=0.000000
rprop_delta_max=50.000000
rprop_delta_zero=0.100000
cascade_output_stagnation_epochs=12
cascade_candidate_change_fraction=0.010000
cascade_candidate_stagnation_epochs=12
cascade_max_out_epochs=150
cascade_min_out_epochs=50
cascade_max_cand_epochs=150
cascade_min_cand_epochs=50
cascade_num_candidate_groups=2
bit_fail_limit=3.49999994039535522461e-01
cascade_candidate_limit=1.00000000000000000000e+03
cascade_weight_multiplier=4.00000005960464477539e-01
cascade_activation_functions_count=10
cascade_activation_functions=3 5 7 8 10 11 14 15 16 17 
cascade_activation_steepnesses_count=4
cascade_activation_steepnesses=2.50000000000000000000e-01 5.00000000000000000000e-01 7.50000000000000000000e-01 1.00000000000000000000e+00 
layer_sizes=6 5 2 
scale_included=0
neurons (num_inputs, activation_function, activation_steepness)=(0, 0, 0.00000000000000000000e+00) (0, 0, 0.00000000000000000000e+00) (0, 0, 0.00000000000000000000e+00) (0, 0, 0.00000000000000000000e+00) (0, 0, 0.00000000000000000000e+00) (0, 0, 0.00000000000000000000e+00) (6, 3, 5.00000000000000000000e-01) (6, 3, 5.00000000000000000000e-01) (6, 3, 5.00000000000000000000e-01) (6, 3, 5.00000000000000000000e-01) (0, 3, 0.00000000000000000000e+00) (5, 0, 5.00000000000000000000e-01) (0, 0, 0.00000000000000000000e+00) 
connections (connected_to_neuron, weight)=(0, -1.90628967285156250000e+01) (1, -8.94999206066131591797e-01) (2, 1.22290837764739990234e+00) (3, -2.44414043426513671875e+00) (4, 1.49362727999687194824e-01) (5, -2.82534456253051757812e+00) (0, -1.44590393066406250000e+03) (1, -3.83911514282226562500e+01) (2, 9.31729030609130859375e+00) (3, -5.97346842288970947266e-01) (4, 3.80608987808227539062e+00) (5, -3.03344893455505371094e+00) (0, -2.55579257011413574219e+00) (1, -5.04361033439636230469e-01) (2, 1.84932395815849304199e-01) (3, -1.29895794391632080078e+00) (4, 3.21591109037399291992e-01) (5, -5.26061594486236572266e-01) (0, -1.43917468261718750000e+03) (1, -7.76106309890747070312e+00) (2, 1.42142260074615478516e+00) (3, 1.73762679100036621094e-01) (4, 5.82751083374023437500e+00) (5, -2.61054325103759765625e+00) (6, 1.38286876678466796875e+00) (7, 4.24252557754516601562e+00) (8, 7.39820003509521484375e-01) (9, 1.68460094928741455078e+00) (10, 4.23562109470367431641e-01) 
