FANN_FLO_2.1
num_layers=4
learning_rate=0.500000
connection_rate=1.000000
network_type=0
learning_momentum=0.000000
training_algorithm=2
train_error_function=1
train_stop_function=0
cascade_output_change_fraction=0.010000
quickprop_decay=-0.000100
quickprop_mu=1.750000
rprop_increase_factor=1.200000
rprop_decrease_factor=0.500000
rprop_delta_min=0.000000
rprop_delta_max=50.000000
rprop_delta_zero=0.100000
cascade_output_stagnation_epochs=12
cascade_candidate_change_fraction=0.010000
cascade_candidate_stagnation_epochs=12
cascade_max_out_epochs=150
cascade_min_out_epochs=50
cascade_max_cand_epochs=150
cascade_min_cand_epochs=50
cascade_num_candidate_groups=2
bit_fail_limit=3.49999994039535522461e-01
cascade_candidate_limit=1.00000000000000000000e+03
cascade_weight_multiplier=4.00000005960464477539e-01
cascade_activation_functions_count=10
cascade_activation_functions=3 5 7 8 10 11 14 15 16 17 
cascade_activation_steepnesses_count=4
cascade_activation_steepnesses=2.50000000000000000000e-01 5.00000000000000000000e-01 7.50000000000000000000e-01 1.00000000000000000000e+00 
layer_sizes=4 5 3 2 
scale_included=0
neurons (num_inputs, activation_function, activation_steepness)=(0, 0, 0.00000000000000000000e+00) (0, 0, 0.00000000000000000000e+00) (0, 0, 0.00000000000000000000e+00) (0, 0, 0.00000000000000000000e+00) (4, 3, 5.00000000000000000000e-01) (4, 3, 5.00000000000000000000e-01) (4, 3, 5.00000000000000000000e-01) (4, 3, 5.00000000000000000000e-01) (0, 3, 0.00000000000000000000e+00) (5, 3, 5.00000000000000000000e-01) (5, 3, 5.00000000000000000000e-01) (0, 3, 0.00000000000000000000e+00) (3, 3, 5.00000000000000000000e-01) (0, 3, 0.00000000000000000000e+00) 
connections (connected_to_neuron, weight)=(0, -3.44318479299545288086e-01) (1, -4.71153717041015625000e+01) (2, 1.03196401596069335938e+01) (3, 3.45851540565490722656e+00) (0, -5.78246164321899414062e+00) (1, -6.18576097488403320312e+00) (2, 1.14882707595825195312e+00) (3, 4.61210107803344726562e+00) (0, -5.19512796401977539062e+00) (1, -5.96242761611938476562e+00) (2, -1.04029083251953125000e+00) (3, 4.73833274841308593750e+00) (0, -7.47008681297302246094e-01) (1, -4.63921661376953125000e+01) (2, 6.96934032440185546875e+00) (3, 3.80148768424987792969e+00) (4, -3.00102305412292480469e+00) (5, 1.20601205825805664062e+01) (6, 2.69068393707275390625e+01) (7, -1.44190692901611328125e+00) (8, -1.03743343353271484375e+01) (4, 1.50000000000000000000e+03) (5, 5.65526056289672851562e+00) (6, 7.85752439498901367188e+00) (7, 1.50000000000000000000e+03) (8, -2.98891115188598632812e+00) (9, -5.14571285247802734375e+00) (10, 8.38237345218658447266e-01) (11, 2.05276823043823242188e+00) 
