FANN_FLO_2.1
num_layers=4
learning_rate=0.450000
connection_rate=1.000000
network_type=0
learning_momentum=0.000000
training_algorithm=2
train_error_function=1
train_stop_function=0
cascade_output_change_fraction=0.010000
quickprop_decay=-0.000100
quickprop_mu=1.750000
rprop_increase_factor=1.200000
rprop_decrease_factor=0.500000
rprop_delta_min=0.000000
rprop_delta_max=50.000000
rprop_delta_zero=0.100000
cascade_output_stagnation_epochs=12
cascade_candidate_change_fraction=0.010000
cascade_candidate_stagnation_epochs=12
cascade_max_out_epochs=150
cascade_min_out_epochs=50
cascade_max_cand_epochs=150
cascade_min_cand_epochs=50
cascade_num_candidate_groups=2
bit_fail_limit=3.49999994039535522461e-01
cascade_candidate_limit=1.00000000000000000000e+03
cascade_weight_multiplier=4.00000005960464477539e-01
cascade_activation_functions_count=10
cascade_activation_functions=3 5 7 8 10 11 14 15 16 17 
cascade_activation_steepnesses_count=4
cascade_activation_steepnesses=2.50000000000000000000e-01 5.00000000000000000000e-01 7.50000000000000000000e-01 1.00000000000000000000e+00 
layer_sizes=7 5 5 2 
scale_included=0
neurons (num_inputs, activation_function, activation_steepness)=(0, 0, 0.00000000000000000000e+00) (0, 0, 0.00000000000000000000e+00) (0, 0, 0.00000000000000000000e+00) (0, 0, 0.00000000000000000000e+00) (0, 0, 0.00000000000000000000e+00) (0, 0, 0.00000000000000000000e+00) (0, 0, 0.00000000000000000000e+00) (7, 3, 5.00000000000000000000e-01) (7, 3, 5.00000000000000000000e-01) (7, 3, 5.00000000000000000000e-01) (7, 3, 5.00000000000000000000e-01) (0, 3, 0.00000000000000000000e+00) (5, 3, 5.00000000000000000000e-01) (5, 3, 5.00000000000000000000e-01) (5, 3, 5.00000000000000000000e-01) (5, 3, 5.00000000000000000000e-01) (0, 3, 0.00000000000000000000e+00) (5, 0, 5.00000000000000000000e-01) (0, 0, 0.00000000000000000000e+00) 
connections (connected_to_neuron, weight)=(0, 1.50000000000000000000e+03) (1, 1.50000000000000000000e+03) (2, -1.50000000000000000000e+03) (3, 1.50000000000000000000e+03) (4, 1.50000000000000000000e+03) (5, -1.50000000000000000000e+03) (6, 5.64885318279266357422e-01) (0, 1.50000000000000000000e+03) (1, 1.50000000000000000000e+03) (2, -1.50000000000000000000e+03) (3, 1.50000000000000000000e+03) (4, 2.36500663757324218750e+01) (5, -1.50000000000000000000e+03) (6, 1.89429454803466796875e+01) (0, 1.50000000000000000000e+03) (1, 1.50000000000000000000e+03) (2, -1.50000000000000000000e+03) (3, 1.50000000000000000000e+03) (4, 1.09927186965942382812e+01) (5, -1.50000000000000000000e+03) (6, 4.40081634521484375000e+01) (0, 1.50000000000000000000e+03) (1, 1.50000000000000000000e+03) (2, -1.50000000000000000000e+03) (3, 1.50000000000000000000e+03) (4, 1.01421155929565429688e+01) (5, -1.50000000000000000000e+03) (6, 4.05475234985351562500e+01) (7, -2.54841446876525878906e-01) (8, 1.22041009366512298584e-01) (9, 8.28522667288780212402e-02) (10, -1.30652964115142822266e-01) (11, -1.93345263600349426270e-01) (7, -7.46211230754852294922e-01) (8, -4.89657819271087646484e-01) (9, -2.23557233810424804688e-01) (10, -6.00834369659423828125e-01) (11, -7.24318087100982666016e-01) (7, -1.96866035461425781250e+00) (8, -1.97105562686920166016e+00) (9, -2.08341979980468750000e+00) (10, -2.06828236579895019531e+00) (11, -2.15946698188781738281e+00) (7, -2.73958593606948852539e-01) (8, 3.88680174946784973145e-02) (9, -3.58316041529178619385e-02) (10, -9.78028625249862670898e-02) (11, -3.32787126302719116211e-01) (12, 7.88382589817047119141e-02) (13, 2.56891567260026931763e-02) (14, -1.06696605682373046875e+00) (15, 8.30748230218887329102e-02) (16, -5.19428662955760955811e-02) 
