FANN_FLO_2.1
num_layers=3
learning_rate=0.500000
connection_rate=1.000000
network_type=0
learning_momentum=0.000000
training_algorithm=2
train_error_function=1
train_stop_function=0
cascade_output_change_fraction=0.010000
quickprop_decay=-0.000100
quickprop_mu=1.750000
rprop_increase_factor=1.200000
rprop_decrease_factor=0.500000
rprop_delta_min=0.000000
rprop_delta_max=50.000000
rprop_delta_zero=0.100000
cascade_output_stagnation_epochs=12
cascade_candidate_change_fraction=0.010000
cascade_candidate_stagnation_epochs=12
cascade_max_out_epochs=150
cascade_min_out_epochs=50
cascade_max_cand_epochs=150
cascade_min_cand_epochs=50
cascade_num_candidate_groups=2
bit_fail_limit=3.49999994039535522461e-01
cascade_candidate_limit=1.00000000000000000000e+03
cascade_weight_multiplier=4.00000005960464477539e-01
cascade_activation_functions_count=10
cascade_activation_functions=3 5 7 8 10 11 14 15 16 17 
cascade_activation_steepnesses_count=4
cascade_activation_steepnesses=2.50000000000000000000e-01 5.00000000000000000000e-01 7.50000000000000000000e-01 1.00000000000000000000e+00 
layer_sizes=7 9 2 
scale_included=0
neurons (num_inputs, activation_function, activation_steepness)=(0, 0, 0.00000000000000000000e+00) (0, 0, 0.00000000000000000000e+00) (0, 0, 0.00000000000000000000e+00) (0, 0, 0.00000000000000000000e+00) (0, 0, 0.00000000000000000000e+00) (0, 0, 0.00000000000000000000e+00) (0, 0, 0.00000000000000000000e+00) (7, 3, 5.00000000000000000000e-01) (7, 3, 5.00000000000000000000e-01) (7, 3, 5.00000000000000000000e-01) (7, 3, 5.00000000000000000000e-01) (7, 3, 5.00000000000000000000e-01) (7, 3, 5.00000000000000000000e-01) (7, 3, 5.00000000000000000000e-01) (7, 3, 5.00000000000000000000e-01) (0, 3, 0.00000000000000000000e+00) (9, 0, 5.00000000000000000000e-01) (0, 0, 0.00000000000000000000e+00) 
connections (connected_to_neuron, weight)=(0, -2.93265372514724731445e-01) (1, 4.53663989901542663574e-03) (2, -4.16056334972381591797e-01) (3, 1.18929021060466766357e-01) (4, 1.23644128441810607910e-01) (5, 3.97846490144729614258e-01) (6, -5.65548241138458251953e-01) (0, -9.24926921725273132324e-02) (1, -1.50929868221282958984e-01) (2, -3.08629244565963745117e-01) (3, -7.71841943264007568359e-01) (4, 4.34829205274581909180e-01) (5, -1.88618719577789306641e-01) (6, -7.22661137580871582031e-01) (0, -3.93934786319732666016e-01) (1, -3.23757737874984741211e-01) (2, -1.64219188690185546875e+00) (3, -6.29809379577636718750e+00) (4, 2.99247920513153076172e-01) (5, -6.88895034790039062500e+00) (6, -3.47417473793029785156e-01) (0, 6.16138316690921783447e-02) (1, 6.21395707130432128906e-02) (2, 2.25863456726074218750e-01) (3, -1.11281633377075195312e-01) (4, 5.06643801927566528320e-02) (5, -2.49026179313659667969e-01) (6, -1.06300473213195800781e+00) (0, -6.48335888981819152832e-02) (1, -4.22290898859500885010e-02) (2, 1.55387714505195617676e-01) (3, -1.98684021830558776855e-01) (4, 6.26141726970672607422e-02) (5, 2.75300085544586181641e-01) (6, -4.40209484100341796875e+00) (0, 2.32307136058807373047e-01) (1, -1.68944776058197021484e-01) (2, -2.19601884484291076660e-01) (3, 5.54390735924243927002e-02) (4, -2.04645872116088867188e-01) (5, -9.26491152495145797729e-03) (6, 4.06567841768264770508e-01) (0, -2.05193698406219482422e-01) (1, -1.76352769136428833008e-01) (2, 1.11242508888244628906e+00) (3, -2.03618278503417968750e+01) (4, -6.94697499275207519531e-01) (5, -1.53376359939575195312e+01) (6, -3.66257965564727783203e-01) (0, -4.06095743179321289062e-01) (1, -2.37043753266334533691e-01) (2, -1.65058684349060058594e+00) (3, -1.04887971878051757812e+01) (4, 2.68442571163177490234e-01) (5, -3.04822492599487304688e+00) (6, -3.67500752210617065430e-01) (7, -7.98869058489799499512e-02) (8, -2.97560114413499832153e-02) (9, -1.50000000000000000000e+03) (10, -9.38005596399307250977e-02) (11, -8.36918875575065612793e-02) (12, -4.83744665980339050293e-02) (13, 1.50000000000000000000e+03) (14, -1.50000000000000000000e+03) (15, 9.47356596589088439941e-02) 
