FANN_FLO_2.1
num_layers=4
learning_rate=0.500000
connection_rate=1.000000
network_type=0
learning_momentum=0.000000
training_algorithm=2
train_error_function=1
train_stop_function=0
cascade_output_change_fraction=0.010000
quickprop_decay=-0.000100
quickprop_mu=1.750000
rprop_increase_factor=1.200000
rprop_decrease_factor=0.500000
rprop_delta_min=0.000000
rprop_delta_max=50.000000
rprop_delta_zero=0.100000
cascade_output_stagnation_epochs=12
cascade_candidate_change_fraction=0.010000
cascade_candidate_stagnation_epochs=12
cascade_max_out_epochs=150
cascade_min_out_epochs=50
cascade_max_cand_epochs=150
cascade_min_cand_epochs=50
cascade_num_candidate_groups=2
bit_fail_limit=3.49999994039535522461e-01
cascade_candidate_limit=1.00000000000000000000e+03
cascade_weight_multiplier=4.00000005960464477539e-01
cascade_activation_functions_count=10
cascade_activation_functions=3 5 7 8 10 11 14 15 16 17 
cascade_activation_steepnesses_count=4
cascade_activation_steepnesses=2.50000000000000000000e-01 5.00000000000000000000e-01 7.50000000000000000000e-01 1.00000000000000000000e+00 
layer_sizes=4 5 3 2 
scale_included=0
neurons (num_inputs, activation_function, activation_steepness)=(0, 0, 0.00000000000000000000e+00) (0, 0, 0.00000000000000000000e+00) (0, 0, 0.00000000000000000000e+00) (0, 0, 0.00000000000000000000e+00) (4, 3, 5.00000000000000000000e-01) (4, 3, 5.00000000000000000000e-01) (4, 3, 5.00000000000000000000e-01) (4, 3, 5.00000000000000000000e-01) (0, 3, 0.00000000000000000000e+00) (5, 3, 5.00000000000000000000e-01) (5, 3, 5.00000000000000000000e-01) (0, 3, 0.00000000000000000000e+00) (3, 3, 5.00000000000000000000e-01) (0, 3, 0.00000000000000000000e+00) 
connections (connected_to_neuron, weight)=(0, 6.49272298812866210938e+00) (1, 5.42161989212036132812e+00) (2, -4.23535442352294921875e+00) (3, -4.53562545776367187500e+00) (0, 5.31370735168457031250e+00) (1, 2.75658869743347167969e+00) (2, 1.10411179065704345703e+00) (3, -4.91462850570678710938e+00) (0, -7.04329729080200195312e+00) (1, -1.24499483108520507812e+01) (2, -4.74494174122810363770e-02) (3, 9.10463905334472656250e+00) (0, -5.42188072204589843750e+00) (1, -1.15096454620361328125e+01) (2, -6.68823421001434326172e-01) (3, 9.18221378326416015625e+00) (4, -2.21964397430419921875e+01) (5, -1.09049243927001953125e+01) (6, 1.33126935958862304688e+01) (7, 9.99369907379150390625e+00) (8, 2.28375419974327087402e-01) (4, -1.72632484436035156250e+01) (5, -1.52972307205200195312e+01) (6, 1.71398334503173828125e+01) (7, 7.33094787597656250000e+00) (8, 5.74759058654308319092e-02) (9, -2.12110757827758789062e+00) (10, -1.94298827648162841797e+00) (11, 1.82420229911804199219e+00) 
