FANN_FLO_2.1
num_layers=4
learning_rate=0.300000
connection_rate=1.000000
network_type=0
learning_momentum=0.000000
training_algorithm=2
train_error_function=1
train_stop_function=0
cascade_output_change_fraction=0.010000
quickprop_decay=-0.000100
quickprop_mu=1.750000
rprop_increase_factor=1.200000
rprop_decrease_factor=0.500000
rprop_delta_min=0.000000
rprop_delta_max=50.000000
rprop_delta_zero=0.100000
cascade_output_stagnation_epochs=12
cascade_candidate_change_fraction=0.010000
cascade_candidate_stagnation_epochs=12
cascade_max_out_epochs=150
cascade_min_out_epochs=50
cascade_max_cand_epochs=150
cascade_min_cand_epochs=50
cascade_num_candidate_groups=2
bit_fail_limit=3.49999994039535522461e-01
cascade_candidate_limit=1.00000000000000000000e+03
cascade_weight_multiplier=4.00000005960464477539e-01
cascade_activation_functions_count=10
cascade_activation_functions=3 5 7 8 10 11 14 15 16 17 
cascade_activation_steepnesses_count=4
cascade_activation_steepnesses=2.50000000000000000000e-01 5.00000000000000000000e-01 7.50000000000000000000e-01 1.00000000000000000000e+00 
layer_sizes=2 5 5 3 
scale_included=0
neurons (num_inputs, activation_function, activation_steepness)=(0, 0, 0.00000000000000000000e+00) (0, 0, 0.00000000000000000000e+00) (2, 3, 5.00000000000000000000e-01) (2, 3, 5.00000000000000000000e-01) (2, 3, 5.00000000000000000000e-01) (2, 3, 5.00000000000000000000e-01) (0, 3, 0.00000000000000000000e+00) (5, 3, 5.00000000000000000000e-01) (5, 3, 5.00000000000000000000e-01) (5, 3, 5.00000000000000000000e-01) (5, 3, 5.00000000000000000000e-01) (0, 3, 0.00000000000000000000e+00) (5, 0, 5.00000000000000000000e-01) (5, 0, 5.00000000000000000000e-01) (0, 0, 0.00000000000000000000e+00) 
connections (connected_to_neuron, weight)=(0, -7.06154174804687500000e+02) (1, -1.22721552848815917969e+00) (0, -7.06312866210937500000e+02) (1, -1.22969114780426025391e+00) (0, -7.06262573242187500000e+02) (1, -1.23931694030761718750e+00) (0, 2.68864288330078125000e+01) (1, 5.85173463821411132812e+00) (2, 4.90272808074951171875e+00) (3, 4.99084138870239257812e+00) (4, 4.96051645278930664062e+00) (5, -2.30120635032653808594e+00) (6, -6.27388715744018554688e+00) (2, 8.43082904815673828125e-01) (3, 7.19598293304443359375e-01) (4, 8.03076267242431640625e-01) (5, 2.19198060035705566406e+00) (6, -3.66482567787170410156e+00) (2, 4.00638073682785034180e-01) (3, 3.72689664363861083984e-01) (4, 3.17878097295761108398e-01) (5, -3.78072202205657958984e-01) (6, -5.95489740371704101562e-02) (2, 6.54998958110809326172e-01) (3, 6.73380315303802490234e-01) (4, 6.56917631626129150391e-01) (5, 1.56099152565002441406e+00) (6, -2.96212577819824218750e+00) (7, 1.81491807103157043457e-01) (8, 2.73144721984863281250e-01) (9, -1.29431009292602539062e-01) (10, 2.71919183433055877686e-02) (11, -1.70663788914680480957e-01) (7, -7.05554485321044921875e-01) (8, -2.69818973541259765625e+00) (9, -4.37321960926055908203e-01) (10, -5.38146197795867919922e-01) (11, -2.70930320024490356445e-01) 
