FANN_FLO_2.1
num_layers=4
learning_rate=0.500000
connection_rate=1.000000
network_type=0
learning_momentum=0.000000
training_algorithm=2
train_error_function=1
train_stop_function=0
cascade_output_change_fraction=0.010000
quickprop_decay=-0.000100
quickprop_mu=1.750000
rprop_increase_factor=1.200000
rprop_decrease_factor=0.500000
rprop_delta_min=0.000000
rprop_delta_max=50.000000
rprop_delta_zero=0.100000
cascade_output_stagnation_epochs=12
cascade_candidate_change_fraction=0.010000
cascade_candidate_stagnation_epochs=12
cascade_max_out_epochs=150
cascade_min_out_epochs=50
cascade_max_cand_epochs=150
cascade_min_cand_epochs=50
cascade_num_candidate_groups=2
bit_fail_limit=3.49999994039535522461e-01
cascade_candidate_limit=1.00000000000000000000e+03
cascade_weight_multiplier=4.00000005960464477539e-01
cascade_activation_functions_count=10
cascade_activation_functions=3 5 7 8 10 11 14 15 16 17 
cascade_activation_steepnesses_count=4
cascade_activation_steepnesses=2.50000000000000000000e-01 5.00000000000000000000e-01 7.50000000000000000000e-01 1.00000000000000000000e+00 
layer_sizes=4 5 5 2 
scale_included=0
neurons (num_inputs, activation_function, activation_steepness)=(0, 0, 0.00000000000000000000e+00) (0, 0, 0.00000000000000000000e+00) (0, 0, 0.00000000000000000000e+00) (0, 0, 0.00000000000000000000e+00) (4, 3, 5.00000000000000000000e-01) (4, 3, 5.00000000000000000000e-01) (4, 3, 5.00000000000000000000e-01) (4, 3, 5.00000000000000000000e-01) (0, 3, 0.00000000000000000000e+00) (5, 3, 5.00000000000000000000e-01) (5, 3, 5.00000000000000000000e-01) (5, 3, 5.00000000000000000000e-01) (5, 3, 5.00000000000000000000e-01) (0, 3, 0.00000000000000000000e+00) (5, 3, 5.00000000000000000000e-01) (0, 3, 0.00000000000000000000e+00) 
connections (connected_to_neuron, weight)=(0, 7.08771514892578125000e+01) (1, 5.59520759582519531250e+01) (2, -5.28564208984375000000e+02) (3, 3.37652158737182617188e+00) (0, -2.29187316894531250000e+02) (1, -3.89100122451782226562e+00) (2, 3.17252075195312500000e+02) (3, 3.29837179183959960938e+00) (0, -4.25697326660156250000e+00) (1, -7.81523704528808593750e+00) (2, 8.08072507381439208984e-01) (3, 3.85418200492858886719e+00) (0, 1.59523487091064453125e+00) (1, -3.34108619689941406250e+01) (2, 9.87435913085937500000e+00) (3, 3.14238166809082031250e+00) (4, 1.94980168342590332031e+00) (5, 1.59753108024597167969e+00) (6, -7.94333410263061523438e+00) (7, -1.50000000000000000000e+03) (8, 8.43166708946228027344e-01) (4, 6.69062614440917968750e+00) (5, -9.97540891170501708984e-01) (6, 2.37597942352294921875e+01) (7, -3.90452408790588378906e+00) (8, -4.30163908004760742188e+00) (4, 1.00453157424926757812e+01) (5, -1.11520314216613769531e+00) (6, 3.78001976013183593750e+01) (7, -7.09892177581787109375e+00) (8, -7.66949653625488281250e+00) (4, -2.14172744750976562500e+00) (5, 1.43150341796875000000e+03) (6, 1.57259407043457031250e+01) (7, 1.50000000000000000000e+03) (8, 4.83792692422866821289e-01) (9, -8.86550009250640869141e-01) (10, -2.81035757064819335938e+00) (11, -2.46626377105712890625e+00) (12, 5.80609261989593505859e-01) (13, 2.41473078727722167969e+00) 
