FANN_FLO_2.1
num_layers=4
learning_rate=0.300000
connection_rate=1.000000
network_type=0
learning_momentum=0.000000
training_algorithm=2
train_error_function=1
train_stop_function=0
cascade_output_change_fraction=0.010000
quickprop_decay=-0.000100
quickprop_mu=1.750000
rprop_increase_factor=1.200000
rprop_decrease_factor=0.500000
rprop_delta_min=0.000000
rprop_delta_max=50.000000
rprop_delta_zero=0.100000
cascade_output_stagnation_epochs=12
cascade_candidate_change_fraction=0.010000
cascade_candidate_stagnation_epochs=12
cascade_max_out_epochs=150
cascade_min_out_epochs=50
cascade_max_cand_epochs=150
cascade_min_cand_epochs=50
cascade_num_candidate_groups=2
bit_fail_limit=3.49999994039535522461e-01
cascade_candidate_limit=1.00000000000000000000e+03
cascade_weight_multiplier=4.00000005960464477539e-01
cascade_activation_functions_count=10
cascade_activation_functions=3 5 7 8 10 11 14 15 16 17 
cascade_activation_steepnesses_count=4
cascade_activation_steepnesses=2.50000000000000000000e-01 5.00000000000000000000e-01 7.50000000000000000000e-01 1.00000000000000000000e+00 
layer_sizes=2 5 5 3 
scale_included=0
neurons (num_inputs, activation_function, activation_steepness)=(0, 0, 0.00000000000000000000e+00) (0, 0, 0.00000000000000000000e+00) (2, 3, 5.00000000000000000000e-01) (2, 3, 5.00000000000000000000e-01) (2, 3, 5.00000000000000000000e-01) (2, 3, 5.00000000000000000000e-01) (0, 3, 0.00000000000000000000e+00) (5, 3, 5.00000000000000000000e-01) (5, 3, 5.00000000000000000000e-01) (5, 3, 5.00000000000000000000e-01) (5, 3, 5.00000000000000000000e-01) (0, 3, 0.00000000000000000000e+00) (5, 0, 5.00000000000000000000e-01) (5, 0, 5.00000000000000000000e-01) (0, 0, 0.00000000000000000000e+00) 
connections (connected_to_neuron, weight)=(0, -1.15967011451721191406e+00) (1, 1.00456583499908447266e+00) (0, -3.38171997070312500000e+01) (1, -2.45649337768554687500e+01) (0, -8.41210961341857910156e-01) (1, 7.23917186260223388672e-01) (0, -1.06410491466522216797e+00) (1, 5.19456744194030761719e-01) (2, 4.09177839756011962891e-01) (3, 9.49807703495025634766e-01) (4, 6.21020734310150146484e-01) (5, 3.38626563549041748047e-01) (6, -4.91021662950515747070e-01) (2, 4.85731899738311767578e-01) (3, 8.33290755748748779297e-01) (4, 3.83643150329589843750e-01) (5, 4.23282980918884277344e-01) (6, -5.88243536185473203659e-04) (2, 4.50545072555541992188e-01) (3, 8.21224689483642578125e-01) (4, 4.81547117233276367188e-01) (5, 5.21095573902130126953e-01) (6, 2.52384781837463378906e-01) (2, -7.98926413059234619141e-01) (3, 1.84212856292724609375e+01) (4, -2.92708903551101684570e-01) (5, -4.27973091602325439453e-01) (6, -2.99904108047485351562e+00) (7, 1.15860454738140106201e-01) (8, 9.49874520301818847656e-03) (9, -6.31081312894821166992e-02) (10, 1.42792791128158569336e-01) (11, -2.42273822426795959473e-01) (7, -5.73783099651336669922e-01) (8, -3.00370335578918457031e-01) (9, -5.19979953765869140625e-01) (10, -5.52447915077209472656e-01) (11, -3.00282865762710571289e-01) 
