FANN_FLO_2.1
num_layers=4
learning_rate=0.450000
connection_rate=1.000000
network_type=0
learning_momentum=0.000000
training_algorithm=2
train_error_function=1
train_stop_function=0
cascade_output_change_fraction=0.010000
quickprop_decay=-0.000100
quickprop_mu=1.750000
rprop_increase_factor=1.200000
rprop_decrease_factor=0.500000
rprop_delta_min=0.000000
rprop_delta_max=50.000000
rprop_delta_zero=0.100000
cascade_output_stagnation_epochs=12
cascade_candidate_change_fraction=0.010000
cascade_candidate_stagnation_epochs=12
cascade_max_out_epochs=150
cascade_min_out_epochs=50
cascade_max_cand_epochs=150
cascade_min_cand_epochs=50
cascade_num_candidate_groups=2
bit_fail_limit=3.49999994039535522461e-01
cascade_candidate_limit=1.00000000000000000000e+03
cascade_weight_multiplier=4.00000005960464477539e-01
cascade_activation_functions_count=10
cascade_activation_functions=3 5 7 8 10 11 14 15 16 17 
cascade_activation_steepnesses_count=4
cascade_activation_steepnesses=2.50000000000000000000e-01 5.00000000000000000000e-01 7.50000000000000000000e-01 1.00000000000000000000e+00 
layer_sizes=7 5 3 2 
scale_included=0
neurons (num_inputs, activation_function, activation_steepness)=(0, 0, 0.00000000000000000000e+00) (0, 0, 0.00000000000000000000e+00) (0, 0, 0.00000000000000000000e+00) (0, 0, 0.00000000000000000000e+00) (0, 0, 0.00000000000000000000e+00) (0, 0, 0.00000000000000000000e+00) (0, 0, 0.00000000000000000000e+00) (7, 3, 5.00000000000000000000e-01) (7, 3, 5.00000000000000000000e-01) (7, 3, 5.00000000000000000000e-01) (7, 3, 5.00000000000000000000e-01) (0, 3, 0.00000000000000000000e+00) (5, 3, 5.00000000000000000000e-01) (5, 3, 5.00000000000000000000e-01) (0, 3, 0.00000000000000000000e+00) (3, 0, 5.00000000000000000000e-01) (0, 0, 0.00000000000000000000e+00) 
connections (connected_to_neuron, weight)=(0, -9.26605705171823501587e-03) (1, -3.74910086393356323242e-01) (2, 1.17659509181976318359e+00) (3, -7.86832571029663085938e-01) (4, 3.03901171684265136719e+00) (5, -6.56382083892822265625e-01) (6, 3.02671098709106445312e+00) (0, -1.93449340820312500000e+02) (1, -7.17471313476562500000e+02) (2, -1.41975878906250000000e+03) (3, -6.21836700439453125000e+01) (4, -1.46782177734375000000e+03) (5, -1.50000000000000000000e+03) (6, 1.51422810554504394531e+00) (0, 2.61961853027343750000e+02) (1, -7.01442749023437500000e+02) (2, -1.50000000000000000000e+03) (3, 4.42412658691406250000e+02) (4, -1.88404144287109375000e+02) (5, -9.35555358886718750000e+02) (6, 6.19829063415527343750e+01) (0, 1.27587867736816406250e+02) (1, -1.44349426269531250000e+02) (2, 2.85449951171875000000e+02) (3, 2.08528785705566406250e+01) (4, -1.32177703857421875000e+02) (5, 1.66132354736328125000e+02) (6, 1.49326766967773437500e+02) (7, -9.48534369468688964844e-01) (8, 1.50000000000000000000e+03) (9, 1.19367004394531250000e+03) (10, 1.49231518554687500000e+03) (11, -2.73237156867980957031e+00) (7, -3.52348113059997558594e+00) (8, 1.50000000000000000000e+03) (9, 1.50000000000000000000e+03) (10, 7.13112304687500000000e+02) (11, 4.64406579732894897461e-01) (12, -2.84051567316055297852e-01) (13, 3.12084257602691650391e-01) (14, -3.43734491616487503052e-03) 
