FANN_FLO_2.1
num_layers=4
learning_rate=0.450000
connection_rate=1.000000
network_type=0
learning_momentum=0.000000
training_algorithm=2
train_error_function=1
train_stop_function=0
cascade_output_change_fraction=0.010000
quickprop_decay=-0.000100
quickprop_mu=1.750000
rprop_increase_factor=1.200000
rprop_decrease_factor=0.500000
rprop_delta_min=0.000000
rprop_delta_max=50.000000
rprop_delta_zero=0.100000
cascade_output_stagnation_epochs=12
cascade_candidate_change_fraction=0.010000
cascade_candidate_stagnation_epochs=12
cascade_max_out_epochs=150
cascade_min_out_epochs=50
cascade_max_cand_epochs=150
cascade_min_cand_epochs=50
cascade_num_candidate_groups=2
bit_fail_limit=3.49999994039535522461e-01
cascade_candidate_limit=1.00000000000000000000e+03
cascade_weight_multiplier=4.00000005960464477539e-01
cascade_activation_functions_count=10
cascade_activation_functions=3 5 7 8 10 11 14 15 16 17 
cascade_activation_steepnesses_count=4
cascade_activation_steepnesses=2.50000000000000000000e-01 5.00000000000000000000e-01 7.50000000000000000000e-01 1.00000000000000000000e+00 
layer_sizes=7 3 3 2 
scale_included=0
neurons (num_inputs, activation_function, activation_steepness)=(0, 0, 0.00000000000000000000e+00) (0, 0, 0.00000000000000000000e+00) (0, 0, 0.00000000000000000000e+00) (0, 0, 0.00000000000000000000e+00) (0, 0, 0.00000000000000000000e+00) (0, 0, 0.00000000000000000000e+00) (0, 0, 0.00000000000000000000e+00) (7, 3, 5.00000000000000000000e-01) (7, 3, 5.00000000000000000000e-01) (0, 3, 0.00000000000000000000e+00) (3, 3, 5.00000000000000000000e-01) (3, 3, 5.00000000000000000000e-01) (0, 3, 0.00000000000000000000e+00) (3, 0, 5.00000000000000000000e-01) (0, 0, 0.00000000000000000000e+00) 
connections (connected_to_neuron, weight)=(0, 8.87143239378929138184e-02) (1, 3.40007960796356201172e-01) (2, -7.90930330753326416016e-01) (3, 1.95037648081779479980e-01) (4, -6.53990924358367919922e-01) (5, -2.55073571205139160156e+00) (6, -2.20721717923879623413e-02) (0, -3.67013454437255859375e-01) (1, 2.05576270818710327148e-01) (2, -3.43889415264129638672e-01) (3, 6.99984207749366760254e-02) (4, 5.67242920398712158203e-01) (5, -2.30052798986434936523e-01) (6, 3.17233014106750488281e+00) (7, 7.01507329940795898438e+00) (8, -2.20530338287353515625e+01) (9, 9.04921948909759521484e-01) (7, 1.53440523147583007812e+00) (8, -5.57883977890014648438e+00) (9, 1.12386608123779296875e+00) (10, -4.90347206592559814453e-01) (11, 4.37844246625900268555e-01) (12, -5.79521339386701583862e-03) 
