FANN_FLO_2.1
num_layers=3
learning_rate=0.500000
connection_rate=1.000000
network_type=0
learning_momentum=0.000000
training_algorithm=2
train_error_function=1
train_stop_function=0
cascade_output_change_fraction=0.010000
quickprop_decay=-0.000100
quickprop_mu=1.750000
rprop_increase_factor=1.200000
rprop_decrease_factor=0.500000
rprop_delta_min=0.000000
rprop_delta_max=50.000000
rprop_delta_zero=0.100000
cascade_output_stagnation_epochs=12
cascade_candidate_change_fraction=0.010000
cascade_candidate_stagnation_epochs=12
cascade_max_out_epochs=150
cascade_min_out_epochs=50
cascade_max_cand_epochs=150
cascade_min_cand_epochs=50
cascade_num_candidate_groups=2
bit_fail_limit=3.49999994039535522461e-01
cascade_candidate_limit=1.00000000000000000000e+03
cascade_weight_multiplier=4.00000005960464477539e-01
cascade_activation_functions_count=10
cascade_activation_functions=3 5 7 8 10 11 14 15 16 17 
cascade_activation_steepnesses_count=4
cascade_activation_steepnesses=2.50000000000000000000e-01 5.00000000000000000000e-01 7.50000000000000000000e-01 1.00000000000000000000e+00 
layer_sizes=18 3 2 
scale_included=0
neurons (num_inputs, activation_function, activation_steepness)=(0, 0, 0.00000000000000000000e+00) (0, 0, 0.00000000000000000000e+00) (0, 0, 0.00000000000000000000e+00) (0, 0, 0.00000000000000000000e+00) (0, 0, 0.00000000000000000000e+00) (0, 0, 0.00000000000000000000e+00) (0, 0, 0.00000000000000000000e+00) (0, 0, 0.00000000000000000000e+00) (0, 0, 0.00000000000000000000e+00) (0, 0, 0.00000000000000000000e+00) (0, 0, 0.00000000000000000000e+00) (0, 0, 0.00000000000000000000e+00) (0, 0, 0.00000000000000000000e+00) (0, 0, 0.00000000000000000000e+00) (0, 0, 0.00000000000000000000e+00) (0, 0, 0.00000000000000000000e+00) (0, 0, 0.00000000000000000000e+00) (0, 0, 0.00000000000000000000e+00) (18, 3, 5.00000000000000000000e-01) (18, 3, 5.00000000000000000000e-01) (0, 3, 0.00000000000000000000e+00) (3, 0, 5.00000000000000000000e-01) (0, 0, 0.00000000000000000000e+00) 
connections (connected_to_neuron, weight)=(0, 1.50000000000000000000e+03) (1, 1.50000000000000000000e+03) (2, 1.50000000000000000000e+03) (3, 1.50000000000000000000e+03) (4, 1.50000000000000000000e+03) (5, 6.23222684860229492188e+00) (6, 6.80761039257049560547e-01) (7, -2.10432605743408203125e+01) (8, -1.28997283935546875000e+02) (9, 2.63689250946044921875e+01) (10, 2.01532302856445312500e+02) (11, 4.99901046752929687500e+01) (12, 3.46628150939941406250e+01) (13, 2.56214389801025390625e+01) (14, 6.04392547607421875000e+01) (15, 2.50282974243164062500e+01) (16, 1.20430860519409179688e+01) (17, -3.11510581970214843750e+01) (0, 1.04224550724029541016e+00) (1, 9.20508205890655517578e-01) (2, 8.92735242843627929688e-01) (3, 1.04166376590728759766e+00) (4, 1.03749358654022216797e+00) (5, -8.87640178203582763672e-01) (6, -9.77702796459197998047e-01) (7, -1.07230162620544433594e+00) (8, -5.58821856975555419922e-02) (9, 8.87499809265136718750e-01) (10, 1.07201194763183593750e+00) (11, 9.05087590217590332031e-01) (12, 9.59867775440216064453e-01) (13, 1.00085949897766113281e+00) (14, 9.44461286067962646484e-01) (15, 9.67610418796539306641e-01) (16, 1.00986170768737792969e+00) (17, -4.05270290374755859375e+00) (18, 1.67551016807556152344e+00) (19, 9.85905265808105468750e+00) (20, 1.76181972026824951172e+00) 
