FANN_FLO_2.1
num_layers=3
learning_rate=0.450000
connection_rate=1.000000
network_type=0
learning_momentum=0.000000
training_algorithm=2
train_error_function=1
train_stop_function=0
cascade_output_change_fraction=0.010000
quickprop_decay=-0.000100
quickprop_mu=1.750000
rprop_increase_factor=1.200000
rprop_decrease_factor=0.500000
rprop_delta_min=0.000000
rprop_delta_max=50.000000
rprop_delta_zero=0.100000
cascade_output_stagnation_epochs=12
cascade_candidate_change_fraction=0.010000
cascade_candidate_stagnation_epochs=12
cascade_max_out_epochs=150
cascade_min_out_epochs=50
cascade_max_cand_epochs=150
cascade_min_cand_epochs=50
cascade_num_candidate_groups=2
bit_fail_limit=3.49999994039535522461e-01
cascade_candidate_limit=1.00000000000000000000e+03
cascade_weight_multiplier=4.00000005960464477539e-01
cascade_activation_functions_count=10
cascade_activation_functions=3 5 7 8 10 11 14 15 16 17 
cascade_activation_steepnesses_count=4
cascade_activation_steepnesses=2.50000000000000000000e-01 5.00000000000000000000e-01 7.50000000000000000000e-01 1.00000000000000000000e+00 
layer_sizes=7 5 2 
scale_included=0
neurons (num_inputs, activation_function, activation_steepness)=(0, 0, 0.00000000000000000000e+00) (0, 0, 0.00000000000000000000e+00) (0, 0, 0.00000000000000000000e+00) (0, 0, 0.00000000000000000000e+00) (0, 0, 0.00000000000000000000e+00) (0, 0, 0.00000000000000000000e+00) (0, 0, 0.00000000000000000000e+00) (7, 3, 5.00000000000000000000e-01) (7, 3, 5.00000000000000000000e-01) (7, 3, 5.00000000000000000000e-01) (7, 3, 5.00000000000000000000e-01) (0, 3, 0.00000000000000000000e+00) (5, 0, 5.00000000000000000000e-01) (0, 0, 0.00000000000000000000e+00) 
connections (connected_to_neuron, weight)=(0, -4.82473462820053100586e-01) (1, -1.80912554264068603516e+00) (2, -3.29824852943420410156e+00) (3, -5.68780326843261718750e+01) (4, 1.17308607101440429688e+01) (5, 3.89718093872070312500e+01) (6, -3.82193833589553833008e-01) (0, -2.26209564208984375000e+01) (1, -4.61090927124023437500e+01) (2, -4.48011474609375000000e+01) (3, -2.08945541381835937500e+01) (4, -6.71308135986328125000e+00) (5, 4.82058191299438476562e+00) (6, -4.66535955667495727539e-01) (0, -5.55808639526367187500e+00) (1, -1.79631866455078125000e+02) (2, -1.27456026077270507812e+01) (3, -4.28581268310546875000e+02) (4, -4.22708526611328125000e+02) (5, 8.66910644531250000000e+02) (6, -1.09685873985290527344e+00) (0, -2.68674850463867187500e-01) (1, 2.35640302300453186035e-01) (2, -1.69653639197349548340e-01) (3, 2.86099523305892944336e-01) (4, -8.98256301879882812500e-01) (5, 3.34751665592193603516e-01) (6, -1.75464260578155517578e+00) (7, -1.50000000000000000000e+03) (8, -2.68738586425781250000e+02) (9, 1.50000000000000000000e+03) (10, 1.80549907684326171875e+00) (11, -8.67040071170777082443e-04) 
