FANN_FLO_2.1
num_layers=3
learning_rate=0.300000
connection_rate=1.000000
network_type=0
learning_momentum=0.000000
training_algorithm=2
train_error_function=1
train_stop_function=0
cascade_output_change_fraction=0.010000
quickprop_decay=-0.000100
quickprop_mu=1.750000
rprop_increase_factor=1.200000
rprop_decrease_factor=0.500000
rprop_delta_min=0.000000
rprop_delta_max=50.000000
rprop_delta_zero=0.100000
cascade_output_stagnation_epochs=12
cascade_candidate_change_fraction=0.010000
cascade_candidate_stagnation_epochs=12
cascade_max_out_epochs=150
cascade_min_out_epochs=50
cascade_max_cand_epochs=150
cascade_min_cand_epochs=50
cascade_num_candidate_groups=2
bit_fail_limit=3.49999994039535522461e-01
cascade_candidate_limit=1.00000000000000000000e+03
cascade_weight_multiplier=4.00000005960464477539e-01
cascade_activation_functions_count=10
cascade_activation_functions=3 5 7 8 10 11 14 15 16 17 
cascade_activation_steepnesses_count=4
cascade_activation_steepnesses=2.50000000000000000000e-01 5.00000000000000000000e-01 7.50000000000000000000e-01 1.00000000000000000000e+00 
layer_sizes=4 9 2 
scale_included=0
neurons (num_inputs, activation_function, activation_steepness)=(0, 0, 0.00000000000000000000e+00) (0, 0, 0.00000000000000000000e+00) (0, 0, 0.00000000000000000000e+00) (0, 0, 0.00000000000000000000e+00) (4, 3, 5.00000000000000000000e-01) (4, 3, 5.00000000000000000000e-01) (4, 3, 5.00000000000000000000e-01) (4, 3, 5.00000000000000000000e-01) (4, 3, 5.00000000000000000000e-01) (4, 3, 5.00000000000000000000e-01) (4, 3, 5.00000000000000000000e-01) (4, 3, 5.00000000000000000000e-01) (0, 3, 0.00000000000000000000e+00) (9, 3, 5.00000000000000000000e-01) (0, 3, 0.00000000000000000000e+00) 
connections (connected_to_neuron, weight)=(0, 2.26432800292968750000e+01) (1, -7.77077972888946533203e-02) (2, -1.05292533874511718750e+02) (3, 4.17041397094726562500e+00) (0, -1.34449946880340576172e+00) (1, 5.88077008724212646484e-01) (2, -3.51853322982788085938e+00) (3, 3.84614181518554687500e+01) (0, -1.10807442665100097656e+00) (1, 1.98492825031280517578e-01) (2, -1.84474599361419677734e+00) (3, 2.40955638885498046875e+01) (0, -1.08310210704803466797e+00) (1, 2.71471828222274780273e-01) (2, -1.75835132598876953125e+00) (3, 2.91143283843994140625e+01) (0, -1.09770429134368896484e+00) (1, 2.57703453302383422852e-01) (2, -1.86006093025207519531e+00) (3, 2.58471889495849609375e+01) (0, -1.50273036956787109375e+00) (1, 5.54003715515136718750e-01) (2, -5.37908411026000976562e+00) (3, 3.33072242736816406250e+01) (0, -6.41035974025726318359e-01) (1, 9.14281755685806274414e-02) (2, -1.10824096202850341797e+00) (3, 1.06499814987182617188e+01) (0, 7.49573945999145507812e-01) (1, 2.58243203163146972656e-01) (2, -3.23542785644531250000e+01) (3, 7.06067144870758056641e-01) (4, -1.83028310537338256836e-01) (5, -2.93580293655395507812e-01) (6, -8.67038965225219726562e-01) (7, -8.17501783370971679688e-01) (8, -7.68761515617370605469e-01) (9, -1.94925904273986816406e-01) (10, -2.81349611282348632812e+00) (11, 4.74926269531250000000e+02) (12, 6.02490723133087158203e-01) 
