FANN_FLO_2.1
num_layers=3
learning_rate=0.500000
connection_rate=1.000000
network_type=0
learning_momentum=0.000000
training_algorithm=2
train_error_function=1
train_stop_function=0
cascade_output_change_fraction=0.010000
quickprop_decay=-0.000100
quickprop_mu=1.750000
rprop_increase_factor=1.200000
rprop_decrease_factor=0.500000
rprop_delta_min=0.000000
rprop_delta_max=50.000000
rprop_delta_zero=0.100000
cascade_output_stagnation_epochs=12
cascade_candidate_change_fraction=0.010000
cascade_candidate_stagnation_epochs=12
cascade_max_out_epochs=150
cascade_min_out_epochs=50
cascade_max_cand_epochs=150
cascade_min_cand_epochs=50
cascade_num_candidate_groups=2
bit_fail_limit=3.49999994039535522461e-01
cascade_candidate_limit=1.00000000000000000000e+03
cascade_weight_multiplier=4.00000005960464477539e-01
cascade_activation_functions_count=10
cascade_activation_functions=3 5 7 8 10 11 14 15 16 17 
cascade_activation_steepnesses_count=4
cascade_activation_steepnesses=2.50000000000000000000e-01 5.00000000000000000000e-01 7.50000000000000000000e-01 1.00000000000000000000e+00 
layer_sizes=3 9 4 
scale_included=0
neurons (num_inputs, activation_function, activation_steepness)=(0, 0, 0.00000000000000000000e+00) (0, 0, 0.00000000000000000000e+00) (0, 0, 0.00000000000000000000e+00) (3, 3, 5.00000000000000000000e-01) (3, 3, 5.00000000000000000000e-01) (3, 3, 5.00000000000000000000e-01) (3, 3, 5.00000000000000000000e-01) (3, 3, 5.00000000000000000000e-01) (3, 3, 5.00000000000000000000e-01) (3, 3, 5.00000000000000000000e-01) (3, 3, 5.00000000000000000000e-01) (0, 3, 0.00000000000000000000e+00) (9, 0, 5.00000000000000000000e-01) (9, 0, 5.00000000000000000000e-01) (9, 0, 5.00000000000000000000e-01) (0, 0, 0.00000000000000000000e+00) 
connections (connected_to_neuron, weight)=(0, -7.02438497543334960938e+00) (1, 5.26340866088867187500e+00) (2, 4.35831785202026367188e+00) (0, -8.01369571685791015625e+00) (1, 3.54639101028442382812e+00) (2, -1.07751584053039550781e+00) (0, -6.09765911102294921875e+00) (1, 4.62134265899658203125e+00) (2, 4.93935853242874145508e-01) (0, -7.02589225769042968750e+00) (1, 7.16791343688964843750e+00) (2, 9.90582656860351562500e+00) (0, -1.47747600078582763672e+00) (1, -2.57399368286132812500e+00) (2, 3.39016586542129516602e-01) (0, -6.15448856353759765625e+00) (1, 7.87474203109741210938e+00) (2, 3.13530874252319335938e+00) (0, -2.46738076210021972656e+00) (1, -7.19953060150146484375e-01) (2, 5.59584796428680419922e-01) (0, -7.11654663085937500000e+00) (1, 7.15306806564331054688e+00) (2, 1.00221099853515625000e+01) (3, 1.34978473186492919922e-01) (4, 2.04156923294067382812e+00) (5, 9.39958870410919189453e-01) (6, 3.60408872365951538086e-01) (7, 3.05314111709594726562e+00) (8, 9.13111209869384765625e-01) (9, 2.86637210845947265625e+00) (10, 4.31294381618499755859e-01) (11, 4.71823871135711669922e-01) (3, 2.42171597480773925781e+00) (4, 3.76503419876098632812e+00) (5, 2.31723046302795410156e+00) (6, 1.71753549575805664062e+00) (7, 8.70109367370605468750e+00) (8, 3.08237433433532714844e+00) (9, 9.31084346771240234375e+00) (10, 1.68006920814514160156e+00) (11, 1.83511197566986083984e+00) (3, 7.39046144485473632812e+00) (4, 1.02725591659545898438e+01) (5, 9.87780761718750000000e+00) (6, 7.14617300033569335938e+00) (7, 2.87265796661376953125e+01) (8, 7.18692255020141601562e+00) (9, 2.95445919036865234375e+01) (10, 7.02827930450439453125e+00) (11, 9.84350013732910156250e+00) 
