FANN_FLO_2.1
num_layers=3
learning_rate=0.450000
connection_rate=1.000000
network_type=0
learning_momentum=0.000000
training_algorithm=2
train_error_function=1
train_stop_function=0
cascade_output_change_fraction=0.010000
quickprop_decay=-0.000100
quickprop_mu=1.750000
rprop_increase_factor=1.200000
rprop_decrease_factor=0.500000
rprop_delta_min=0.000000
rprop_delta_max=50.000000
rprop_delta_zero=0.100000
cascade_output_stagnation_epochs=12
cascade_candidate_change_fraction=0.010000
cascade_candidate_stagnation_epochs=12
cascade_max_out_epochs=150
cascade_min_out_epochs=50
cascade_max_cand_epochs=150
cascade_min_cand_epochs=50
cascade_num_candidate_groups=2
bit_fail_limit=3.49999994039535522461e-01
cascade_candidate_limit=1.00000000000000000000e+03
cascade_weight_multiplier=4.00000005960464477539e-01
cascade_activation_functions_count=10
cascade_activation_functions=3 5 7 8 10 11 14 15 16 17 
cascade_activation_steepnesses_count=4
cascade_activation_steepnesses=2.50000000000000000000e-01 5.00000000000000000000e-01 7.50000000000000000000e-01 1.00000000000000000000e+00 
layer_sizes=7 5 2 
scale_included=0
neurons (num_inputs, activation_function, activation_steepness)=(0, 0, 0.00000000000000000000e+00) (0, 0, 0.00000000000000000000e+00) (0, 0, 0.00000000000000000000e+00) (0, 0, 0.00000000000000000000e+00) (0, 0, 0.00000000000000000000e+00) (0, 0, 0.00000000000000000000e+00) (0, 0, 0.00000000000000000000e+00) (7, 3, 5.00000000000000000000e-01) (7, 3, 5.00000000000000000000e-01) (7, 3, 5.00000000000000000000e-01) (7, 3, 5.00000000000000000000e-01) (0, 3, 0.00000000000000000000e+00) (5, 0, 5.00000000000000000000e-01) (0, 0, 0.00000000000000000000e+00) 
connections (connected_to_neuron, weight)=(0, 6.27049803733825683594e-02) (1, 5.30989468097686767578e-01) (2, -5.99513173103332519531e-01) (3, 1.73018142580986022949e-01) (4, 2.39952102303504943848e-01) (5, -4.96395707130432128906e-01) (6, 2.58743596076965332031e+00) (0, -1.71622797846794128418e-01) (1, 3.91253501176834106445e-01) (2, -1.68418452143669128418e-01) (3, -1.37999191880226135254e-01) (4, 4.57528084516525268555e-01) (5, -2.97127813100814819336e-01) (6, 1.96647393703460693359e+00) (0, 9.34906452894210815430e-02) (1, 8.18631649017333984375e-02) (2, -1.46753296256065368652e-01) (3, -8.87277051806449890137e-02) (4, 1.28986090421676635742e-01) (5, -1.41755923628807067871e-01) (6, 2.92952966690063476562e+00) (0, 3.04665451049804687500e+01) (1, 2.14496536254882812500e+02) (2, 6.94334411621093750000e+02) (3, 9.79587745666503906250e+00) (4, 4.03778791427612304688e-01) (5, 1.89930095672607421875e+01) (6, 4.59534764289855957031e-01) (7, -1.28215864300727844238e-01) (8, -1.40860915184020996094e-01) (9, 1.27246752381324768066e-01) (10, -5.38088567554950714111e-02) (11, 2.00023427605628967285e-01) 
