FANN_FLO_2.1
num_layers=4
learning_rate=0.500000
connection_rate=1.000000
network_type=0
learning_momentum=0.000000
training_algorithm=2
train_error_function=1
train_stop_function=0
cascade_output_change_fraction=0.010000
quickprop_decay=-0.000100
quickprop_mu=1.750000
rprop_increase_factor=1.200000
rprop_decrease_factor=0.500000
rprop_delta_min=0.000000
rprop_delta_max=50.000000
rprop_delta_zero=0.100000
cascade_output_stagnation_epochs=12
cascade_candidate_change_fraction=0.010000
cascade_candidate_stagnation_epochs=12
cascade_max_out_epochs=150
cascade_min_out_epochs=50
cascade_max_cand_epochs=150
cascade_min_cand_epochs=50
cascade_num_candidate_groups=2
bit_fail_limit=3.49999994039535522461e-01
cascade_candidate_limit=1.00000000000000000000e+03
cascade_weight_multiplier=4.00000005960464477539e-01
cascade_activation_functions_count=10
cascade_activation_functions=3 5 7 8 10 11 14 15 16 17 
cascade_activation_steepnesses_count=4
cascade_activation_steepnesses=2.50000000000000000000e-01 5.00000000000000000000e-01 7.50000000000000000000e-01 1.00000000000000000000e+00 
layer_sizes=18 3 3 2 
scale_included=0
neurons (num_inputs, activation_function, activation_steepness)=(0, 0, 0.00000000000000000000e+00) (0, 0, 0.00000000000000000000e+00) (0, 0, 0.00000000000000000000e+00) (0, 0, 0.00000000000000000000e+00) (0, 0, 0.00000000000000000000e+00) (0, 0, 0.00000000000000000000e+00) (0, 0, 0.00000000000000000000e+00) (0, 0, 0.00000000000000000000e+00) (0, 0, 0.00000000000000000000e+00) (0, 0, 0.00000000000000000000e+00) (0, 0, 0.00000000000000000000e+00) (0, 0, 0.00000000000000000000e+00) (0, 0, 0.00000000000000000000e+00) (0, 0, 0.00000000000000000000e+00) (0, 0, 0.00000000000000000000e+00) (0, 0, 0.00000000000000000000e+00) (0, 0, 0.00000000000000000000e+00) (0, 0, 0.00000000000000000000e+00) (18, 3, 5.00000000000000000000e-01) (18, 3, 5.00000000000000000000e-01) (0, 3, 0.00000000000000000000e+00) (3, 3, 5.00000000000000000000e-01) (3, 3, 5.00000000000000000000e-01) (0, 3, 0.00000000000000000000e+00) (3, 0, 5.00000000000000000000e-01) (0, 0, 0.00000000000000000000e+00) 
connections (connected_to_neuron, weight)=(0, 1.29006314277648925781e+00) (1, 1.05372917652130126953e+00) (2, 2.36524462699890136719e+00) (3, 1.76215291023254394531e+00) (4, 9.00173008441925048828e-01) (5, -1.42958199977874755859e+00) (6, -1.20413100719451904297e+00) (7, -1.33593416213989257812e+00) (8, 2.08660662174224853516e-01) (9, 1.02346193790435791016e+00) (10, 1.17835271358489990234e+00) (11, 1.69009292125701904297e+00) (12, 2.04348230361938476562e+00) (13, 1.27264010906219482422e+00) (14, 1.29009318351745605469e+00) (15, 1.32873678207397460938e+00) (16, 2.35466337203979492188e+00) (17, -3.83134531974792480469e+00) (0, 7.65755176544189453125e-01) (1, 8.31258773803710937500e-01) (2, 6.12690865993499755859e-01) (3, 7.31586813926696777344e-01) (4, 8.02030622959136962891e-01) (5, -7.97848463058471679688e-01) (6, -7.55070686340332031250e-01) (7, -9.47567462921142578125e-01) (8, 1.93823337554931640625e-01) (9, 6.95923268795013427734e-01) (10, 7.54481256008148193359e-01) (11, 6.99833691120147705078e-01) (12, 7.53713548183441162109e-01) (13, 7.45682954788208007812e-01) (14, 7.55024135112762451172e-01) (15, 7.69997060298919677734e-01) (16, 6.48407399654388427734e-01) (17, -4.59676408767700195312e+00) (18, 1.42869520187377929688e+00) (19, 4.25780344009399414062e+00) (20, -2.01063156127929687500e+00) (18, 1.32582712173461914062e+00) (19, 4.35119438171386718750e+00) (20, -2.00981092453002929688e+00) (21, 6.94837427139282226562e+00) (22, 6.94566488265991210938e+00) (23, 1.28022313117980957031e+00) 
