FANN_FLO_2.1
num_layers=3
learning_rate=0.300000
connection_rate=1.000000
network_type=0
learning_momentum=0.000000
training_algorithm=2
train_error_function=1
train_stop_function=0
cascade_output_change_fraction=0.010000
quickprop_decay=-0.000100
quickprop_mu=1.750000
rprop_increase_factor=1.200000
rprop_decrease_factor=0.500000
rprop_delta_min=0.000000
rprop_delta_max=50.000000
rprop_delta_zero=0.100000
cascade_output_stagnation_epochs=12
cascade_candidate_change_fraction=0.010000
cascade_candidate_stagnation_epochs=12
cascade_max_out_epochs=150
cascade_min_out_epochs=50
cascade_max_cand_epochs=150
cascade_min_cand_epochs=50
cascade_num_candidate_groups=2
bit_fail_limit=3.49999994039535522461e-01
cascade_candidate_limit=1.00000000000000000000e+03
cascade_weight_multiplier=4.00000005960464477539e-01
cascade_activation_functions_count=10
cascade_activation_functions=3 5 7 8 10 11 14 15 16 17 
cascade_activation_steepnesses_count=4
cascade_activation_steepnesses=2.50000000000000000000e-01 5.00000000000000000000e-01 7.50000000000000000000e-01 1.00000000000000000000e+00 
layer_sizes=4 9 2 
scale_included=0
neurons (num_inputs, activation_function, activation_steepness)=(0, 0, 0.00000000000000000000e+00) (0, 0, 0.00000000000000000000e+00) (0, 0, 0.00000000000000000000e+00) (0, 0, 0.00000000000000000000e+00) (4, 3, 5.00000000000000000000e-01) (4, 3, 5.00000000000000000000e-01) (4, 3, 5.00000000000000000000e-01) (4, 3, 5.00000000000000000000e-01) (4, 3, 5.00000000000000000000e-01) (4, 3, 5.00000000000000000000e-01) (4, 3, 5.00000000000000000000e-01) (4, 3, 5.00000000000000000000e-01) (0, 3, 0.00000000000000000000e+00) (9, 3, 5.00000000000000000000e-01) (0, 3, 0.00000000000000000000e+00) 
connections (connected_to_neuron, weight)=(0, -2.04545116424560546875e+00) (1, 7.57808148860931396484e-01) (2, -8.09574306011199951172e-01) (3, -4.68570327758789062500e+00) (0, -1.03538438677787780762e-01) (1, 2.02700048685073852539e-02) (2, -2.76360005140304565430e-01) (3, 2.23165440559387207031e+00) (0, -2.00544929504394531250e+00) (1, 7.67145156860351562500e-01) (2, -3.11749190092086791992e-01) (3, -2.22062885761260986328e-01) (0, -1.33729314804077148438e+00) (1, 7.84691631793975830078e-01) (2, -1.43486237525939941406e+00) (3, 6.42153358459472656250e+00) (0, -1.13558852672576904297e+00) (1, 7.40500450134277343750e-01) (2, -1.24940228462219238281e+00) (3, 1.67181384563446044922e+00) (0, 1.50000000000000000000e+03) (1, 1.50000000000000000000e+03) (2, 1.50000000000000000000e+03) (3, 1.16530323028564453125e+00) (0, -2.86642283201217651367e-01) (1, 9.15758162736892700195e-02) (2, -2.28533055633306503296e-02) (3, 3.93289774656295776367e-01) (0, -5.45005836486816406250e+01) (1, 4.54106903076171875000e+00) (2, -3.67829170227050781250e+01) (3, -1.12932637333869934082e-01) (4, 4.62681233882904052734e-01) (5, -6.19480609893798828125e+00) (6, 3.45672100782394409180e-01) (7, -1.53723284602165222168e-01) (8, -1.29751369357109069824e-01) (9, 6.23090088367462158203e-01) (10, -1.91713845729827880859e+00) (11, -1.50000000000000000000e+03) (12, 5.60099661350250244141e-01) 
