FANN_FLO_2.1
num_layers=3
learning_rate=0.450000
connection_rate=1.000000
network_type=0
learning_momentum=0.000000
training_algorithm=2
train_error_function=1
train_stop_function=0
cascade_output_change_fraction=0.010000
quickprop_decay=-0.000100
quickprop_mu=1.750000
rprop_increase_factor=1.200000
rprop_decrease_factor=0.500000
rprop_delta_min=0.000000
rprop_delta_max=50.000000
rprop_delta_zero=0.100000
cascade_output_stagnation_epochs=12
cascade_candidate_change_fraction=0.010000
cascade_candidate_stagnation_epochs=12
cascade_max_out_epochs=150
cascade_min_out_epochs=50
cascade_max_cand_epochs=150
cascade_min_cand_epochs=50
cascade_num_candidate_groups=2
bit_fail_limit=3.49999994039535522461e-01
cascade_candidate_limit=1.00000000000000000000e+03
cascade_weight_multiplier=4.00000005960464477539e-01
cascade_activation_functions_count=10
cascade_activation_functions=3 5 7 8 10 11 14 15 16 17 
cascade_activation_steepnesses_count=4
cascade_activation_steepnesses=2.50000000000000000000e-01 5.00000000000000000000e-01 7.50000000000000000000e-01 1.00000000000000000000e+00 
layer_sizes=7 5 2 
scale_included=0
neurons (num_inputs, activation_function, activation_steepness)=(0, 0, 0.00000000000000000000e+00) (0, 0, 0.00000000000000000000e+00) (0, 0, 0.00000000000000000000e+00) (0, 0, 0.00000000000000000000e+00) (0, 0, 0.00000000000000000000e+00) (0, 0, 0.00000000000000000000e+00) (0, 0, 0.00000000000000000000e+00) (7, 3, 5.00000000000000000000e-01) (7, 3, 5.00000000000000000000e-01) (7, 3, 5.00000000000000000000e-01) (7, 3, 5.00000000000000000000e-01) (0, 3, 0.00000000000000000000e+00) (5, 0, 5.00000000000000000000e-01) (0, 0, 0.00000000000000000000e+00) 
connections (connected_to_neuron, weight)=(0, -3.41564953327178955078e-01) (1, 3.13157021999359130859e-01) (2, 1.22644817829132080078e+00) (3, -5.07547855377197265625e-01) (4, -1.19163483381271362305e-01) (5, -5.06604433059692382812e-01) (6, -4.17039781808853149414e-01) (0, 1.50000000000000000000e+03) (1, 1.50000000000000000000e+03) (2, 1.45974475097656250000e+03) (3, 1.28597426414489746094e+00) (4, 1.50000000000000000000e+03) (5, 1.39288345336914062500e+02) (6, 2.13666841387748718262e-01) (0, -4.06047433614730834961e-01) (1, -2.56707042455673217773e-01) (2, -4.52799797058105468750e-01) (3, -1.76219642162322998047e-01) (4, 6.23330652713775634766e-01) (5, 6.16379559040069580078e-01) (6, -2.94732958078384399414e-01) (0, 1.50000000000000000000e+03) (1, 1.50000000000000000000e+03) (2, 1.45974475097656250000e+03) (3, 1.40070796012878417969e+00) (4, 1.50000000000000000000e+03) (5, 1.39288345336914062500e+02) (6, 1.42469033598899841309e-01) (7, -1.79319977760314941406e-02) (8, -2.08655241876840591431e-02) (9, -1.76547132432460784912e-02) (10, -3.26676331460475921631e-02) (11, 7.31041580438613891602e-02) 
