FANN_FLO_2.1
num_layers=3
learning_rate=0.500000
connection_rate=1.000000
network_type=0
learning_momentum=0.000000
training_algorithm=2
train_error_function=1
train_stop_function=0
cascade_output_change_fraction=0.010000
quickprop_decay=-0.000100
quickprop_mu=1.750000
rprop_increase_factor=1.200000
rprop_decrease_factor=0.500000
rprop_delta_min=0.000000
rprop_delta_max=50.000000
rprop_delta_zero=0.100000
cascade_output_stagnation_epochs=12
cascade_candidate_change_fraction=0.010000
cascade_candidate_stagnation_epochs=12
cascade_max_out_epochs=150
cascade_min_out_epochs=50
cascade_max_cand_epochs=150
cascade_min_cand_epochs=50
cascade_num_candidate_groups=2
bit_fail_limit=3.49999994039535522461e-01
cascade_candidate_limit=1.00000000000000000000e+03
cascade_weight_multiplier=4.00000005960464477539e-01
cascade_activation_functions_count=10
cascade_activation_functions=3 5 7 8 10 11 14 15 16 17 
cascade_activation_steepnesses_count=4
cascade_activation_steepnesses=2.50000000000000000000e-01 5.00000000000000000000e-01 7.50000000000000000000e-01 1.00000000000000000000e+00 
layer_sizes=10 3 2 
scale_included=0
neurons (num_inputs, activation_function, activation_steepness)=(0, 0, 0.00000000000000000000e+00) (0, 0, 0.00000000000000000000e+00) (0, 0, 0.00000000000000000000e+00) (0, 0, 0.00000000000000000000e+00) (0, 0, 0.00000000000000000000e+00) (0, 0, 0.00000000000000000000e+00) (0, 0, 0.00000000000000000000e+00) (0, 0, 0.00000000000000000000e+00) (0, 0, 0.00000000000000000000e+00) (0, 0, 0.00000000000000000000e+00) (10, 3, 5.00000000000000000000e-01) (10, 3, 5.00000000000000000000e-01) (0, 3, 0.00000000000000000000e+00) (3, 3, 5.00000000000000000000e-01) (0, 3, 0.00000000000000000000e+00) 
connections (connected_to_neuron, weight)=(0, -2.72807419300079345703e-01) (1, -9.20939862728118896484e-01) (2, -6.54365777969360351562e-01) (3, -4.41013008356094360352e-01) (4, 1.18192219734191894531e+00) (5, -2.09514355659484863281e+00) (6, -7.13672637939453125000e-01) (7, -2.66972362995147705078e-01) (8, -6.74366950988769531250e-01) (9, 1.20118391513824462891e+00) (0, -5.58579802513122558594e-01) (1, -5.04853248596191406250e-01) (2, -4.64043378829956054688e-01) (3, -5.07953345775604248047e-01) (4, -7.30551838874816894531e-01) (5, -3.19201260805130004883e-01) (6, -5.03982186317443847656e-01) (7, -5.64840555191040039062e-01) (8, -4.82462912797927856445e-01) (9, 1.83391559123992919922e+00) (10, -5.86228489875793457031e-01) (11, -3.35947203636169433594e+00) (12, 1.42837131023406982422e+00) 
