FANN_FLO_2.1
num_layers=4
learning_rate=0.500000
connection_rate=1.000000
network_type=0
learning_momentum=0.000000
training_algorithm=2
train_error_function=1
train_stop_function=0
cascade_output_change_fraction=0.010000
quickprop_decay=-0.000100
quickprop_mu=1.750000
rprop_increase_factor=1.200000
rprop_decrease_factor=0.500000
rprop_delta_min=0.000000
rprop_delta_max=50.000000
rprop_delta_zero=0.100000
cascade_output_stagnation_epochs=12
cascade_candidate_change_fraction=0.010000
cascade_candidate_stagnation_epochs=12
cascade_max_out_epochs=150
cascade_min_out_epochs=50
cascade_max_cand_epochs=150
cascade_min_cand_epochs=50
cascade_num_candidate_groups=2
bit_fail_limit=3.49999994039535522461e-01
cascade_candidate_limit=1.00000000000000000000e+03
cascade_weight_multiplier=4.00000005960464477539e-01
cascade_activation_functions_count=10
cascade_activation_functions=3 5 7 8 10 11 14 15 16 17 
cascade_activation_steepnesses_count=4
cascade_activation_steepnesses=2.50000000000000000000e-01 5.00000000000000000000e-01 7.50000000000000000000e-01 1.00000000000000000000e+00 
layer_sizes=4 5 5 2 
scale_included=0
neurons (num_inputs, activation_function, activation_steepness)=(0, 0, 0.00000000000000000000e+00) (0, 0, 0.00000000000000000000e+00) (0, 0, 0.00000000000000000000e+00) (0, 0, 0.00000000000000000000e+00) (4, 3, 5.00000000000000000000e-01) (4, 3, 5.00000000000000000000e-01) (4, 3, 5.00000000000000000000e-01) (4, 3, 5.00000000000000000000e-01) (0, 3, 0.00000000000000000000e+00) (5, 3, 5.00000000000000000000e-01) (5, 3, 5.00000000000000000000e-01) (5, 3, 5.00000000000000000000e-01) (5, 3, 5.00000000000000000000e-01) (0, 3, 0.00000000000000000000e+00) (5, 3, 5.00000000000000000000e-01) (0, 3, 0.00000000000000000000e+00) 
connections (connected_to_neuron, weight)=(0, 3.79733276367187500000e+00) (1, -2.79812641143798828125e+01) (2, 1.10916957855224609375e+01) (3, 8.74536857008934020996e-02) (0, -3.86736917495727539062e+00) (1, -1.12926282882690429688e+01) (2, 1.94746971130371093750e+00) (3, 4.80708789825439453125e+00) (0, -8.76123142242431640625e+00) (1, -3.84229540824890136719e+00) (2, 3.78964519500732421875e+00) (3, 4.07093191146850585938e+00) (0, -2.50034570693969726562e+00) (1, -1.81403961181640625000e+01) (2, 1.23173224925994873047e+00) (3, 5.79455518722534179688e+00) (4, -6.02468252182006835938e+00) (5, 7.36844301223754882812e+00) (6, 1.09141311645507812500e+01) (7, 1.08699207305908203125e+01) (8, -6.21348428726196289062e+00) (4, -6.73920154571533203125e+00) (5, 8.81876850128173828125e+00) (6, 1.27359571456909179688e+01) (7, 1.07553462982177734375e+01) (8, -6.98687028884887695312e+00) (4, -7.57460117340087890625e+00) (5, 9.30008602142333984375e+00) (6, 1.37277021408081054688e+01) (7, 1.23618621826171875000e+01) (8, -7.43518209457397460938e+00) (4, -9.68973922729492187500e+00) (5, 1.13975019454956054688e+01) (6, 1.40215415954589843750e+01) (7, 1.18307676315307617188e+01) (8, -7.84095382690429687500e+00) (9, -5.42108952999114990234e-01) (10, -7.72378861904144287109e-01) (11, -6.82003557682037353516e-01) (12, -2.29011082649230957031e+00) (13, 2.03277158737182617188e+00) 
