FANN_FLO_2.1
num_layers=3
learning_rate=0.400000
connection_rate=1.000000
network_type=0
learning_momentum=0.000000
training_algorithm=2
train_error_function=1
train_stop_function=0
cascade_output_change_fraction=0.010000
quickprop_decay=-0.000100
quickprop_mu=1.750000
rprop_increase_factor=1.200000
rprop_decrease_factor=0.500000
rprop_delta_min=0.000000
rprop_delta_max=50.000000
rprop_delta_zero=0.100000
cascade_output_stagnation_epochs=12
cascade_candidate_change_fraction=0.010000
cascade_candidate_stagnation_epochs=12
cascade_max_out_epochs=150
cascade_min_out_epochs=50
cascade_max_cand_epochs=150
cascade_min_cand_epochs=50
cascade_num_candidate_groups=2
bit_fail_limit=3.49999994039535522461e-01
cascade_candidate_limit=1.00000000000000000000e+03
cascade_weight_multiplier=4.00000005960464477539e-01
cascade_activation_functions_count=10
cascade_activation_functions=3 5 7 8 10 11 14 15 16 17 
cascade_activation_steepnesses_count=4
cascade_activation_steepnesses=2.50000000000000000000e-01 5.00000000000000000000e-01 7.50000000000000000000e-01 1.00000000000000000000e+00 
layer_sizes=10 3 2 
scale_included=0
neurons (num_inputs, activation_function, activation_steepness)=(0, 0, 0.00000000000000000000e+00) (0, 0, 0.00000000000000000000e+00) (0, 0, 0.00000000000000000000e+00) (0, 0, 0.00000000000000000000e+00) (0, 0, 0.00000000000000000000e+00) (0, 0, 0.00000000000000000000e+00) (0, 0, 0.00000000000000000000e+00) (0, 0, 0.00000000000000000000e+00) (0, 0, 0.00000000000000000000e+00) (0, 0, 0.00000000000000000000e+00) (10, 3, 5.00000000000000000000e-01) (10, 3, 5.00000000000000000000e-01) (0, 3, 0.00000000000000000000e+00) (3, 3, 5.00000000000000000000e-01) (0, 3, 0.00000000000000000000e+00) 
connections (connected_to_neuron, weight)=(0, -1.20570428669452667236e-01) (1, -6.97995796799659729004e-02) (2, -1.67880088090896606445e-01) (3, -8.19692537188529968262e-02) (4, -3.95042821764945983887e-02) (5, -1.48858398199081420898e-01) (6, 2.04902738332748413086e-01) (7, 9.39647033810615539551e-02) (8, 1.65071368217468261719e-01) (9, -2.07595080137252807617e-01) (0, -5.07029220461845397949e-02) (1, -8.76048579812049865723e-02) (2, -2.92482897639274597168e-02) (3, -1.67326837778091430664e-01) (4, -2.41178795695304870605e-02) (5, -1.31269738078117370605e-01) (6, 1.86156451702117919922e-01) (7, 2.44486629962921142578e-02) (8, 8.72290134429931640625e-02) (9, -5.66703900694847106934e-02) (10, 2.86739394068717956543e-02) (11, 7.57305473089218139648e-02) (12, 1.81742489337921142578e-01) 
