FANN_FLO_2.1
num_layers=4
learning_rate=0.300000
connection_rate=1.000000
network_type=0
learning_momentum=0.000000
training_algorithm=2
train_error_function=1
train_stop_function=0
cascade_output_change_fraction=0.010000
quickprop_decay=-0.000100
quickprop_mu=1.750000
rprop_increase_factor=1.200000
rprop_decrease_factor=0.500000
rprop_delta_min=0.000000
rprop_delta_max=50.000000
rprop_delta_zero=0.100000
cascade_output_stagnation_epochs=12
cascade_candidate_change_fraction=0.010000
cascade_candidate_stagnation_epochs=12
cascade_max_out_epochs=150
cascade_min_out_epochs=50
cascade_max_cand_epochs=150
cascade_min_cand_epochs=50
cascade_num_candidate_groups=2
bit_fail_limit=3.49999994039535522461e-01
cascade_candidate_limit=1.00000000000000000000e+03
cascade_weight_multiplier=4.00000005960464477539e-01
cascade_activation_functions_count=10
cascade_activation_functions=3 5 7 8 10 11 14 15 16 17 
cascade_activation_steepnesses_count=4
cascade_activation_steepnesses=2.50000000000000000000e-01 5.00000000000000000000e-01 7.50000000000000000000e-01 1.00000000000000000000e+00 
layer_sizes=2 5 5 3 
scale_included=0
neurons (num_inputs, activation_function, activation_steepness)=(0, 0, 0.00000000000000000000e+00) (0, 0, 0.00000000000000000000e+00) (2, 3, 5.00000000000000000000e-01) (2, 3, 5.00000000000000000000e-01) (2, 3, 5.00000000000000000000e-01) (2, 3, 5.00000000000000000000e-01) (0, 3, 0.00000000000000000000e+00) (5, 3, 5.00000000000000000000e-01) (5, 3, 5.00000000000000000000e-01) (5, 3, 5.00000000000000000000e-01) (5, 3, 5.00000000000000000000e-01) (0, 3, 0.00000000000000000000e+00) (5, 0, 5.00000000000000000000e-01) (5, 0, 5.00000000000000000000e-01) (0, 0, 0.00000000000000000000e+00) 
connections (connected_to_neuron, weight)=(0, -8.92249107360839843750e+00) (1, -1.78555846214294433594e+00) (0, -8.47431755065917968750e+00) (1, -1.51782667636871337891e+00) (0, -3.09451222419738769531e+00) (1, -4.30167293548583984375e+00) (0, -8.11234188079833984375e+00) (1, -1.32890319824218750000e+00) (2, 1.18466508388519287109e+00) (3, 8.62292230129241943359e-01) (4, -1.35312676429748535156e+00) (5, 8.49529922008514404297e-01) (6, -9.38502550125122070312e-01) (2, 1.39301562309265136719e+00) (3, 9.95277047157287597656e-01) (4, -1.12936890125274658203e+00) (5, 1.06385338306427001953e+00) (6, -8.86196792125701904297e-01) (2, 5.87654888629913330078e-01) (3, 1.41122043132781982422e+00) (4, -6.70840311050415039062e+00) (5, 1.47118103504180908203e+00) (6, 1.42820999026298522949e-01) (2, 9.58827972412109375000e-01) (3, 7.22154855728149414062e-01) (4, -1.85095643997192382812e+00) (5, 7.77303159236907958984e-01) (6, -7.96224534511566162109e-01) (7, 5.22612333297729492188e-02) (8, 7.86738917231559753418e-02) (9, -7.73997828364372253418e-02) (10, 3.51600758731365203857e-02) (11, -9.83780324459075927734e-02) (7, -6.21159136295318603516e-01) (8, -6.70238733291625976562e-01) (9, -4.11415964365005493164e-01) (10, -6.07841551303863525391e-01) (11, -2.05239608883857727051e-01) 
