FANN_FLO_2.1
num_layers=4
learning_rate=0.300000
connection_rate=1.000000
network_type=0
learning_momentum=0.000000
training_algorithm=2
train_error_function=1
train_stop_function=0
cascade_output_change_fraction=0.010000
quickprop_decay=-0.000100
quickprop_mu=1.750000
rprop_increase_factor=1.200000
rprop_decrease_factor=0.500000
rprop_delta_min=0.000000
rprop_delta_max=50.000000
rprop_delta_zero=0.100000
cascade_output_stagnation_epochs=12
cascade_candidate_change_fraction=0.010000
cascade_candidate_stagnation_epochs=12
cascade_max_out_epochs=150
cascade_min_out_epochs=50
cascade_max_cand_epochs=150
cascade_min_cand_epochs=50
cascade_num_candidate_groups=2
bit_fail_limit=3.49999994039535522461e-01
cascade_candidate_limit=1.00000000000000000000e+03
cascade_weight_multiplier=4.00000005960464477539e-01
cascade_activation_functions_count=10
cascade_activation_functions=3 5 7 8 10 11 14 15 16 17 
cascade_activation_steepnesses_count=4
cascade_activation_steepnesses=2.50000000000000000000e-01 5.00000000000000000000e-01 7.50000000000000000000e-01 1.00000000000000000000e+00 
layer_sizes=2 5 5 3 
scale_included=0
neurons (num_inputs, activation_function, activation_steepness)=(0, 0, 0.00000000000000000000e+00) (0, 0, 0.00000000000000000000e+00) (2, 3, 5.00000000000000000000e-01) (2, 3, 5.00000000000000000000e-01) (2, 3, 5.00000000000000000000e-01) (2, 3, 5.00000000000000000000e-01) (0, 3, 0.00000000000000000000e+00) (5, 3, 5.00000000000000000000e-01) (5, 3, 5.00000000000000000000e-01) (5, 3, 5.00000000000000000000e-01) (5, 3, 5.00000000000000000000e-01) (0, 3, 0.00000000000000000000e+00) (5, 0, 5.00000000000000000000e-01) (5, 0, 5.00000000000000000000e-01) (0, 0, 0.00000000000000000000e+00) 
connections (connected_to_neuron, weight)=(0, -1.50000000000000000000e+03) (1, -1.71277868747711181641e+00) (0, -1.50000000000000000000e+03) (1, -1.58737623691558837891e+00) (0, -1.50000000000000000000e+03) (1, -1.69413959980010986328e+00) (0, -1.50000000000000000000e+03) (1, -1.60057210922241210938e+00) (2, 3.89357417821884155273e-01) (3, 5.13593912124633789062e-01) (4, 4.02900665998458862305e-01) (5, 5.12011587619781494141e-01) (6, 3.18556763231754302979e-02) (2, 4.57860201597213745117e-01) (3, 4.96439605951309204102e-01) (4, 4.46952730417251586914e-01) (5, 4.71141517162322998047e-01) (6, -8.37751477956771850586e-02) (2, 1.00141155719757080078e+00) (3, 4.34305071830749511719e-01) (4, 8.97437155246734619141e-01) (5, 3.22027087211608886719e-01) (6, -3.44254761934280395508e-01) (2, 1.08340501785278320312e+00) (3, 1.10062980651855468750e+00) (4, 1.16876244544982910156e+00) (5, 1.20930194854736328125e+00) (6, -2.36113381385803222656e+00) (7, -9.38912332057952880859e-02) (8, -7.76142925024032592773e-02) (9, 1.16401471197605133057e-01) (10, 1.77858337759971618652e-01) (11, -1.19512863457202911377e-01) (7, -5.25191843509674072266e-01) (8, -5.45572102069854736328e-01) (9, -5.01305282115936279297e-01) (10, -6.18144035339355468750e-01) (11, -2.98402518033981323242e-01) 
