FANN_FLO_2.1
num_layers=3
learning_rate=0.400000
connection_rate=1.000000
network_type=0
learning_momentum=0.000000
training_algorithm=2
train_error_function=1
train_stop_function=0
cascade_output_change_fraction=0.010000
quickprop_decay=-0.000100
quickprop_mu=1.750000
rprop_increase_factor=1.200000
rprop_decrease_factor=0.500000
rprop_delta_min=0.000000
rprop_delta_max=50.000000
rprop_delta_zero=0.100000
cascade_output_stagnation_epochs=12
cascade_candidate_change_fraction=0.010000
cascade_candidate_stagnation_epochs=12
cascade_max_out_epochs=150
cascade_min_out_epochs=50
cascade_max_cand_epochs=150
cascade_min_cand_epochs=50
cascade_num_candidate_groups=2
bit_fail_limit=3.49999994039535522461e-01
cascade_candidate_limit=1.00000000000000000000e+03
cascade_weight_multiplier=4.00000005960464477539e-01
cascade_activation_functions_count=10
cascade_activation_functions=3 5 7 8 10 11 14 15 16 17 
cascade_activation_steepnesses_count=4
cascade_activation_steepnesses=2.50000000000000000000e-01 5.00000000000000000000e-01 7.50000000000000000000e-01 1.00000000000000000000e+00 
layer_sizes=10 3 2 
scale_included=0
neurons (num_inputs, activation_function, activation_steepness)=(0, 0, 0.00000000000000000000e+00) (0, 0, 0.00000000000000000000e+00) (0, 0, 0.00000000000000000000e+00) (0, 0, 0.00000000000000000000e+00) (0, 0, 0.00000000000000000000e+00) (0, 0, 0.00000000000000000000e+00) (0, 0, 0.00000000000000000000e+00) (0, 0, 0.00000000000000000000e+00) (0, 0, 0.00000000000000000000e+00) (0, 0, 0.00000000000000000000e+00) (10, 3, 5.00000000000000000000e-01) (10, 3, 5.00000000000000000000e-01) (0, 3, 0.00000000000000000000e+00) (3, 3, 5.00000000000000000000e-01) (0, 3, 0.00000000000000000000e+00) 
connections (connected_to_neuron, weight)=(0, 1.62891179323196411133e-01) (1, 2.45926901698112487793e-02) (2, 2.14310288429260253906e-01) (3, 1.00078232586383819580e-01) (4, 8.37180167436599731445e-02) (5, 1.20846077799797058105e-01) (6, 2.18706905841827392578e-01) (7, 9.04163643717765808105e-02) (8, 1.88555359840393066406e-01) (9, 5.74696063995361328125e-02) (0, -7.61368200182914733887e-02) (1, -6.29257187247276306152e-02) (2, -1.19845911860466003418e-01) (3, -7.54579231142997741699e-02) (4, -1.00420117378234863281e-01) (5, -1.20786741375923156738e-01) (6, -7.41388574242591857910e-02) (7, -1.84471949934959411621e-01) (8, -5.12970760464668273926e-02) (9, -1.26181468367576599121e-01) (10, -1.54699712991714477539e-01) (11, -4.17973622679710388184e-02) (12, -1.84443518519401550293e-01) 
