FANN_FLO_2.1
num_layers=4
learning_rate=0.450000
connection_rate=1.000000
network_type=0
learning_momentum=0.000000
training_algorithm=2
train_error_function=1
train_stop_function=0
cascade_output_change_fraction=0.010000
quickprop_decay=-0.000100
quickprop_mu=1.750000
rprop_increase_factor=1.200000
rprop_decrease_factor=0.500000
rprop_delta_min=0.000000
rprop_delta_max=50.000000
rprop_delta_zero=0.100000
cascade_output_stagnation_epochs=12
cascade_candidate_change_fraction=0.010000
cascade_candidate_stagnation_epochs=12
cascade_max_out_epochs=150
cascade_min_out_epochs=50
cascade_max_cand_epochs=150
cascade_min_cand_epochs=50
cascade_num_candidate_groups=2
bit_fail_limit=3.49999994039535522461e-01
cascade_candidate_limit=1.00000000000000000000e+03
cascade_weight_multiplier=4.00000005960464477539e-01
cascade_activation_functions_count=10
cascade_activation_functions=3 5 7 8 10 11 14 15 16 17 
cascade_activation_steepnesses_count=4
cascade_activation_steepnesses=2.50000000000000000000e-01 5.00000000000000000000e-01 7.50000000000000000000e-01 1.00000000000000000000e+00 
layer_sizes=7 5 5 2 
scale_included=0
neurons (num_inputs, activation_function, activation_steepness)=(0, 0, 0.00000000000000000000e+00) (0, 0, 0.00000000000000000000e+00) (0, 0, 0.00000000000000000000e+00) (0, 0, 0.00000000000000000000e+00) (0, 0, 0.00000000000000000000e+00) (0, 0, 0.00000000000000000000e+00) (0, 0, 0.00000000000000000000e+00) (7, 3, 5.00000000000000000000e-01) (7, 3, 5.00000000000000000000e-01) (7, 3, 5.00000000000000000000e-01) (7, 3, 5.00000000000000000000e-01) (0, 3, 0.00000000000000000000e+00) (5, 3, 5.00000000000000000000e-01) (5, 3, 5.00000000000000000000e-01) (5, 3, 5.00000000000000000000e-01) (5, 3, 5.00000000000000000000e-01) (0, 3, 0.00000000000000000000e+00) (5, 0, 5.00000000000000000000e-01) (0, 0, 0.00000000000000000000e+00) 
connections (connected_to_neuron, weight)=(0, -5.89864440917968750000e+02) (1, 6.55077453613281250000e+02) (2, -8.80082397460937500000e+01) (3, -1.29112500000000000000e+03) (4, -6.10477539062500000000e+02) (5, -1.50000000000000000000e+03) (6, 1.01750183105468750000e+00) (0, -3.36147705078125000000e+02) (1, -1.04914477539062500000e+03) (2, -1.25747283935546875000e+02) (3, -1.44947766113281250000e+03) (4, -6.10477539062500000000e+02) (5, -1.28342822265625000000e+03) (6, 1.28027749061584472656e+00) (0, -2.30738265991210937500e+02) (1, -1.33369583129882812500e+02) (2, -3.08209960937500000000e+02) (3, -1.11948767089843750000e+03) (4, -6.10477539062500000000e+02) (5, -6.87125976562500000000e+02) (6, 8.41157793998718261719e-01) (0, -1.16339758300781250000e+03) (1, -1.23868743896484375000e+02) (2, 1.35963272094726562500e+02) (3, -1.45343078613281250000e+03) (4, -6.10477539062500000000e+02) (5, -4.31899597167968750000e+02) (6, 4.81816339492797851562e+00) (7, -1.76898479461669921875e-01) (8, 1.02110183238983154297e+00) (9, 1.93026924133300781250e+00) (10, 8.32939267158508300781e-01) (11, -4.09121751785278320312e-01) (7, -5.86587965488433837891e-01) (8, 8.17228972911834716797e-01) (9, 4.84202480316162109375e+00) (10, 1.88306045532226562500e+00) (11, -3.18812936544418334961e-01) (7, -2.09961357116699218750e+01) (8, -1.41634006500244140625e+01) (9, -2.06574687957763671875e+01) (10, -1.43090066909790039062e+01) (11, -2.07716178894042968750e+01) (7, 2.16346867382526397705e-02) (8, 1.20953714847564697266e+00) (9, 1.32326066493988037109e-01) (10, 6.16597175598144531250e-01) (11, -2.48888298869132995605e-01) (12, 4.48273941874504089355e-02) (13, 6.18419758975505828857e-02) (14, -2.89715484619140625000e+02) (15, -4.71475310623645782471e-02) (16, -7.88402091711759567261e-03) 
