FANN_FLO_2.1
num_layers=3
learning_rate=0.400000
connection_rate=1.000000
network_type=0
learning_momentum=0.000000
training_algorithm=2
train_error_function=1
train_stop_function=0
cascade_output_change_fraction=0.010000
quickprop_decay=-0.000100
quickprop_mu=1.750000
rprop_increase_factor=1.200000
rprop_decrease_factor=0.500000
rprop_delta_min=0.000000
rprop_delta_max=50.000000
rprop_delta_zero=0.100000
cascade_output_stagnation_epochs=12
cascade_candidate_change_fraction=0.010000
cascade_candidate_stagnation_epochs=12
cascade_max_out_epochs=150
cascade_min_out_epochs=50
cascade_max_cand_epochs=150
cascade_min_cand_epochs=50
cascade_num_candidate_groups=2
bit_fail_limit=3.49999994039535522461e-01
cascade_candidate_limit=1.00000000000000000000e+03
cascade_weight_multiplier=4.00000005960464477539e-01
cascade_activation_functions_count=10
cascade_activation_functions=3 5 7 8 10 11 14 15 16 17 
cascade_activation_steepnesses_count=4
cascade_activation_steepnesses=2.50000000000000000000e-01 5.00000000000000000000e-01 7.50000000000000000000e-01 1.00000000000000000000e+00 
layer_sizes=6 5 2 
scale_included=0
neurons (num_inputs, activation_function, activation_steepness)=(0, 0, 0.00000000000000000000e+00) (0, 0, 0.00000000000000000000e+00) (0, 0, 0.00000000000000000000e+00) (0, 0, 0.00000000000000000000e+00) (0, 0, 0.00000000000000000000e+00) (0, 0, 0.00000000000000000000e+00) (6, 3, 5.00000000000000000000e-01) (6, 3, 5.00000000000000000000e-01) (6, 3, 5.00000000000000000000e-01) (6, 3, 5.00000000000000000000e-01) (0, 3, 0.00000000000000000000e+00) (5, 0, 5.00000000000000000000e-01) (0, 0, 0.00000000000000000000e+00) 
connections (connected_to_neuron, weight)=(0, -4.17171478271484375000e+01) (1, -9.38879776000976562500e+00) (2, -1.13523274660110473633e-01) (3, -3.62143731117248535156e+00) (4, 2.26066279411315917969e+00) (5, -2.47514948248863220215e-01) (0, -2.20361375808715820312e+00) (1, -1.88245248794555664062e+00) (2, -1.39393877983093261719e+00) (3, -2.97669672966003417969e+00) (4, 7.20096111297607421875e-01) (5, -2.41622552275657653809e-01) (0, -4.54794273376464843750e+01) (1, 1.55161123275756835938e+01) (2, 2.57234191894531250000e+01) (3, 2.37748408317565917969e+00) (4, 8.15700054168701171875e-01) (5, -3.41586589813232421875e-01) (0, -3.61667518615722656250e+01) (1, 4.77432399988174438477e-01) (2, 1.57783091068267822266e+00) (3, 5.91352224349975585938e-01) (4, -9.85540747642517089844e-01) (5, 2.99497812986373901367e-01) (6, 9.00074720382690429688e-01) (7, 3.86628389358520507812e-01) (8, 2.50553578138351440430e-01) (9, 1.08994162082672119141e+00) (10, 3.99087458848953247070e-01) 
