FANN_FLO_2.1
num_layers=4
learning_rate=0.450000
connection_rate=1.000000
network_type=0
learning_momentum=0.000000
training_algorithm=2
train_error_function=1
train_stop_function=0
cascade_output_change_fraction=0.010000
quickprop_decay=-0.000100
quickprop_mu=1.750000
rprop_increase_factor=1.200000
rprop_decrease_factor=0.500000
rprop_delta_min=0.000000
rprop_delta_max=50.000000
rprop_delta_zero=0.100000
cascade_output_stagnation_epochs=12
cascade_candidate_change_fraction=0.010000
cascade_candidate_stagnation_epochs=12
cascade_max_out_epochs=150
cascade_min_out_epochs=50
cascade_max_cand_epochs=150
cascade_min_cand_epochs=50
cascade_num_candidate_groups=2
bit_fail_limit=3.49999994039535522461e-01
cascade_candidate_limit=1.00000000000000000000e+03
cascade_weight_multiplier=4.00000005960464477539e-01
cascade_activation_functions_count=10
cascade_activation_functions=3 5 7 8 10 11 14 15 16 17 
cascade_activation_steepnesses_count=4
cascade_activation_steepnesses=2.50000000000000000000e-01 5.00000000000000000000e-01 7.50000000000000000000e-01 1.00000000000000000000e+00 
layer_sizes=7 5 5 2 
scale_included=0
neurons (num_inputs, activation_function, activation_steepness)=(0, 0, 0.00000000000000000000e+00) (0, 0, 0.00000000000000000000e+00) (0, 0, 0.00000000000000000000e+00) (0, 0, 0.00000000000000000000e+00) (0, 0, 0.00000000000000000000e+00) (0, 0, 0.00000000000000000000e+00) (0, 0, 0.00000000000000000000e+00) (7, 3, 5.00000000000000000000e-01) (7, 3, 5.00000000000000000000e-01) (7, 3, 5.00000000000000000000e-01) (7, 3, 5.00000000000000000000e-01) (0, 3, 0.00000000000000000000e+00) (5, 3, 5.00000000000000000000e-01) (5, 3, 5.00000000000000000000e-01) (5, 3, 5.00000000000000000000e-01) (5, 3, 5.00000000000000000000e-01) (0, 3, 0.00000000000000000000e+00) (5, 0, 5.00000000000000000000e-01) (0, 0, 0.00000000000000000000e+00) 
connections (connected_to_neuron, weight)=(0, 1.50000000000000000000e+03) (1, 1.50000000000000000000e+03) (2, 1.50000000000000000000e+03) (3, 1.45261303710937500000e+03) (4, 1.50000000000000000000e+03) (5, 1.50000000000000000000e+03) (6, 1.50000000000000000000e+03) (0, -5.09654060006141662598e-02) (1, 8.49523425102233886719e-01) (2, -7.42457449436187744141e-01) (3, 2.28279352188110351562e-01) (4, 7.00169324874877929688e-01) (5, -9.19002532958984375000e-01) (6, 7.79970288276672363281e-01) (0, 1.50000000000000000000e+03) (1, 1.50000000000000000000e+03) (2, 1.50000000000000000000e+03) (3, 4.80979309082031250000e+02) (4, 1.17836511230468750000e+03) (5, 2.96716369628906250000e+02) (6, 1.50000000000000000000e+03) (0, -2.48502212343737483025e-04) (1, 1.13795900344848632812e+00) (2, -1.38836455345153808594e+00) (3, 1.13236832618713378906e+00) (4, 1.92820000648498535156e+00) (5, -2.86822295188903808594e+00) (6, 2.05230045318603515625e+00) (7, -6.61522209644317626953e-01) (8, 1.47929060459136962891e+00) (9, -5.52904427051544189453e-01) (10, -6.81808590888977050781e-01) (11, -6.55581474304199218750e-01) (7, 2.51334047317504882812e+00) (8, -2.23199291229248046875e+01) (9, 2.75706219673156738281e+00) (10, -8.07017040252685546875e+00) (11, 2.77177500724792480469e+00) (7, -2.22077611833810806274e-02) (8, -5.54083671569824218750e+01) (9, -3.92638184130191802979e-02) (10, 2.03772902488708496094e+00) (11, -9.35441106557846069336e-02) (7, 1.65158951282501220703e+00) (8, -2.90818748474121093750e+01) (9, 1.63516843318939208984e+00) (10, -1.16649079322814941406e+00) (11, 1.54860675334930419922e+00) (12, 1.64294376969337463379e-01) (13, 2.30136752128601074219e+00) (14, 8.62581729888916015625e+00) (15, -2.73750734329223632812e+00) (16, -3.01811750978231430054e-02) 
