FANN_FLO_2.1
num_layers=4
learning_rate=0.450000
connection_rate=1.000000
network_type=0
learning_momentum=0.000000
training_algorithm=2
train_error_function=1
train_stop_function=0
cascade_output_change_fraction=0.010000
quickprop_decay=-0.000100
quickprop_mu=1.750000
rprop_increase_factor=1.200000
rprop_decrease_factor=0.500000
rprop_delta_min=0.000000
rprop_delta_max=50.000000
rprop_delta_zero=0.100000
cascade_output_stagnation_epochs=12
cascade_candidate_change_fraction=0.010000
cascade_candidate_stagnation_epochs=12
cascade_max_out_epochs=150
cascade_min_out_epochs=50
cascade_max_cand_epochs=150
cascade_min_cand_epochs=50
cascade_num_candidate_groups=2
bit_fail_limit=3.49999994039535522461e-01
cascade_candidate_limit=1.00000000000000000000e+03
cascade_weight_multiplier=4.00000005960464477539e-01
cascade_activation_functions_count=10
cascade_activation_functions=3 5 7 8 10 11 14 15 16 17 
cascade_activation_steepnesses_count=4
cascade_activation_steepnesses=2.50000000000000000000e-01 5.00000000000000000000e-01 7.50000000000000000000e-01 1.00000000000000000000e+00 
layer_sizes=7 5 5 2 
scale_included=0
neurons (num_inputs, activation_function, activation_steepness)=(0, 0, 0.00000000000000000000e+00) (0, 0, 0.00000000000000000000e+00) (0, 0, 0.00000000000000000000e+00) (0, 0, 0.00000000000000000000e+00) (0, 0, 0.00000000000000000000e+00) (0, 0, 0.00000000000000000000e+00) (0, 0, 0.00000000000000000000e+00) (7, 3, 5.00000000000000000000e-01) (7, 3, 5.00000000000000000000e-01) (7, 3, 5.00000000000000000000e-01) (7, 3, 5.00000000000000000000e-01) (0, 3, 0.00000000000000000000e+00) (5, 3, 5.00000000000000000000e-01) (5, 3, 5.00000000000000000000e-01) (5, 3, 5.00000000000000000000e-01) (5, 3, 5.00000000000000000000e-01) (0, 3, 0.00000000000000000000e+00) (5, 0, 5.00000000000000000000e-01) (0, 0, 0.00000000000000000000e+00) 
connections (connected_to_neuron, weight)=(0, -1.64793096482753753662e-02) (1, 6.91632926464080810547e-01) (2, -6.01948797702789306641e-01) (3, -1.33757799863815307617e-01) (4, 3.53665560483932495117e-01) (5, -4.51320290565490722656e-01) (6, 8.61793422698974609375e+00) (0, 1.50000000000000000000e+03) (1, -4.76124063134193420410e-02) (2, 1.50000000000000000000e+03) (3, 1.50000000000000000000e+03) (4, 1.50000000000000000000e+03) (5, 1.50000000000000000000e+03) (6, 9.31315064430236816406e-01) (0, 4.81167063117027282715e-02) (1, 6.47085845470428466797e-01) (2, -6.17250740528106689453e-01) (3, 9.35047119855880737305e-02) (4, 3.28563123941421508789e-01) (5, -4.98678952455520629883e-01) (6, 4.17650890350341796875e+00) (0, 1.26484887695312500000e+03) (1, 1.49958593750000000000e+03) (2, -1.50000000000000000000e+03) (3, 5.92225608825683593750e+01) (4, 2.54513488769531250000e+02) (5, -1.50000000000000000000e+03) (6, 4.78037643432617187500e+01) (7, -2.48167052865028381348e-01) (8, -1.54819142818450927734e+00) (9, -3.55491846799850463867e-01) (10, -2.60216295719146728516e-01) (11, -5.06669700145721435547e-01) (7, 4.14841681718826293945e-01) (8, 2.82144498825073242188e+00) (9, 5.64799606800079345703e-01) (10, 1.88886165618896484375e-01) (11, 5.36423742771148681641e-01) (7, 8.49012285470962524414e-02) (8, 3.21491742134094238281e+00) (9, 3.64215523004531860352e-01) (10, 1.44094556570053100586e-01) (11, 1.26925241947174072266e+00) (7, -7.74859237670898437500e+00) (8, 2.93999221175909042358e-02) (9, -8.18181931972503662109e-01) (10, 3.25849032402038574219e+00) (11, 1.47606343030929565430e-01) (12, 1.32914090156555175781e+00) (13, -1.00972801446914672852e-01) (14, -8.61913636326789855957e-02) (15, 4.93617057800292968750e+00) (16, 9.68613103032112121582e-02) 
