FANN_FLO_2.1
num_layers=4
learning_rate=0.500000
connection_rate=1.000000
network_type=0
learning_momentum=0.000000
training_algorithm=2
train_error_function=1
train_stop_function=0
cascade_output_change_fraction=0.010000
quickprop_decay=-0.000100
quickprop_mu=1.750000
rprop_increase_factor=1.200000
rprop_decrease_factor=0.500000
rprop_delta_min=0.000000
rprop_delta_max=50.000000
rprop_delta_zero=0.100000
cascade_output_stagnation_epochs=12
cascade_candidate_change_fraction=0.010000
cascade_candidate_stagnation_epochs=12
cascade_max_out_epochs=150
cascade_min_out_epochs=50
cascade_max_cand_epochs=150
cascade_min_cand_epochs=50
cascade_num_candidate_groups=2
bit_fail_limit=3.49999994039535522461e-01
cascade_candidate_limit=1.00000000000000000000e+03
cascade_weight_multiplier=4.00000005960464477539e-01
cascade_activation_functions_count=10
cascade_activation_functions=3 5 7 8 10 11 14 15 16 17 
cascade_activation_steepnesses_count=4
cascade_activation_steepnesses=2.50000000000000000000e-01 5.00000000000000000000e-01 7.50000000000000000000e-01 1.00000000000000000000e+00 
layer_sizes=4 5 3 2 
scale_included=0
neurons (num_inputs, activation_function, activation_steepness)=(0, 0, 0.00000000000000000000e+00) (0, 0, 0.00000000000000000000e+00) (0, 0, 0.00000000000000000000e+00) (0, 0, 0.00000000000000000000e+00) (4, 3, 5.00000000000000000000e-01) (4, 3, 5.00000000000000000000e-01) (4, 3, 5.00000000000000000000e-01) (4, 3, 5.00000000000000000000e-01) (0, 3, 0.00000000000000000000e+00) (5, 3, 5.00000000000000000000e-01) (5, 3, 5.00000000000000000000e-01) (0, 3, 0.00000000000000000000e+00) (3, 3, 5.00000000000000000000e-01) (0, 3, 0.00000000000000000000e+00) 
connections (connected_to_neuron, weight)=(0, 1.17440855503082275391e+00) (1, -2.35834369659423828125e+01) (2, 1.16537656784057617188e+01) (3, 1.73777604103088378906e+00) (0, -3.47205996513366699219e+00) (1, -6.69735002517700195312e+00) (2, 2.23627972602844238281e+00) (3, 2.28427243232727050781e+00) (0, -3.43032073974609375000e+00) (1, -2.49472522735595703125e+00) (2, -1.62539112567901611328e+00) (3, 2.35260939598083496094e+00) (0, -3.62130284309387207031e+00) (1, -1.48177995681762695312e+01) (2, 5.31362533569335937500e+01) (3, 2.88572239875793457031e+00) (4, -4.64711332321166992188e+00) (5, 2.58217773437500000000e+01) (6, 4.84682846069335937500e+01) (7, -7.45989704132080078125e+00) (8, -5.83704328536987304688e+00) (4, -3.70160007476806640625e+00) (5, 1.60339927673339843750e+01) (6, 3.92076530456542968750e+01) (7, -6.79950189590454101562e+00) (8, -2.89478993415832519531e+00) (9, -3.23234057426452636719e+00) (10, -1.47097694873809814453e+00) (11, 2.46308302879333496094e+00) 
