FANN_FLO_2.1
num_layers=3
learning_rate=0.450000
connection_rate=1.000000
network_type=0
learning_momentum=0.000000
training_algorithm=2
train_error_function=1
train_stop_function=0
cascade_output_change_fraction=0.010000
quickprop_decay=-0.000100
quickprop_mu=1.750000
rprop_increase_factor=1.200000
rprop_decrease_factor=0.500000
rprop_delta_min=0.000000
rprop_delta_max=50.000000
rprop_delta_zero=0.100000
cascade_output_stagnation_epochs=12
cascade_candidate_change_fraction=0.010000
cascade_candidate_stagnation_epochs=12
cascade_max_out_epochs=150
cascade_min_out_epochs=50
cascade_max_cand_epochs=150
cascade_min_cand_epochs=50
cascade_num_candidate_groups=2
bit_fail_limit=3.49999994039535522461e-01
cascade_candidate_limit=1.00000000000000000000e+03
cascade_weight_multiplier=4.00000005960464477539e-01
cascade_activation_functions_count=10
cascade_activation_functions=3 5 7 8 10 11 14 15 16 17 
cascade_activation_steepnesses_count=4
cascade_activation_steepnesses=2.50000000000000000000e-01 5.00000000000000000000e-01 7.50000000000000000000e-01 1.00000000000000000000e+00 
layer_sizes=7 5 2 
scale_included=0
neurons (num_inputs, activation_function, activation_steepness)=(0, 0, 0.00000000000000000000e+00) (0, 0, 0.00000000000000000000e+00) (0, 0, 0.00000000000000000000e+00) (0, 0, 0.00000000000000000000e+00) (0, 0, 0.00000000000000000000e+00) (0, 0, 0.00000000000000000000e+00) (0, 0, 0.00000000000000000000e+00) (7, 3, 5.00000000000000000000e-01) (7, 3, 5.00000000000000000000e-01) (7, 3, 5.00000000000000000000e-01) (7, 3, 5.00000000000000000000e-01) (0, 3, 0.00000000000000000000e+00) (5, 0, 5.00000000000000000000e-01) (0, 0, 0.00000000000000000000e+00) 
connections (connected_to_neuron, weight)=(0, 1.50000000000000000000e+03) (1, 1.50000000000000000000e+03) (2, 1.50000000000000000000e+03) (3, 1.50000000000000000000e+03) (4, 1.50000000000000000000e+03) (5, 1.50000000000000000000e+03) (6, 3.63202691078186035156e-01) (0, 8.81819054484367370605e-02) (1, 3.88243526220321655273e-01) (2, 1.94423377513885498047e+00) (3, -5.92903316020965576172e-01) (4, -5.63931763172149658203e-01) (5, -6.90598785877227783203e-01) (6, -6.24164581298828125000e+00) (0, -4.87738132476806640625e-01) (1, -2.10255801677703857422e-01) (2, -3.64286094903945922852e-01) (3, -1.59484222531318664551e-01) (4, 4.62653160095214843750e-01) (5, 7.31640934944152832031e-01) (6, -1.03430521488189697266e+00) (0, 7.72740185260772705078e-01) (1, -8.50646793842315673828e-01) (2, 9.97327044606208801270e-02) (3, -1.26307353377342224121e-01) (4, 2.63579440116882324219e+00) (5, -3.48246741294860839844e+00) (6, -6.83314502239227294922e-01) (7, -4.63358163833618164062e-02) (8, -3.58131118118762969971e-02) (9, -4.76917773485183715820e-02) (10, -2.93997991830110549927e-02) (11, 9.63314101099967956543e-02) 
