FANN_FLO_2.1
num_layers=3
learning_rate=0.400000
connection_rate=1.000000
network_type=0
learning_momentum=0.000000
training_algorithm=2
train_error_function=1
train_stop_function=0
cascade_output_change_fraction=0.010000
quickprop_decay=-0.000100
quickprop_mu=1.750000
rprop_increase_factor=1.200000
rprop_decrease_factor=0.500000
rprop_delta_min=0.000000
rprop_delta_max=50.000000
rprop_delta_zero=0.100000
cascade_output_stagnation_epochs=12
cascade_candidate_change_fraction=0.010000
cascade_candidate_stagnation_epochs=12
cascade_max_out_epochs=150
cascade_min_out_epochs=50
cascade_max_cand_epochs=150
cascade_min_cand_epochs=50
cascade_num_candidate_groups=2
bit_fail_limit=3.49999994039535522461e-01
cascade_candidate_limit=1.00000000000000000000e+03
cascade_weight_multiplier=4.00000005960464477539e-01
cascade_activation_functions_count=10
cascade_activation_functions=3 5 7 8 10 11 14 15 16 17 
cascade_activation_steepnesses_count=4
cascade_activation_steepnesses=2.50000000000000000000e-01 5.00000000000000000000e-01 7.50000000000000000000e-01 1.00000000000000000000e+00 
layer_sizes=10 3 2 
scale_included=0
neurons (num_inputs, activation_function, activation_steepness)=(0, 0, 0.00000000000000000000e+00) (0, 0, 0.00000000000000000000e+00) (0, 0, 0.00000000000000000000e+00) (0, 0, 0.00000000000000000000e+00) (0, 0, 0.00000000000000000000e+00) (0, 0, 0.00000000000000000000e+00) (0, 0, 0.00000000000000000000e+00) (0, 0, 0.00000000000000000000e+00) (0, 0, 0.00000000000000000000e+00) (0, 0, 0.00000000000000000000e+00) (10, 3, 5.00000000000000000000e-01) (10, 3, 5.00000000000000000000e-01) (0, 3, 0.00000000000000000000e+00) (3, 3, 5.00000000000000000000e-01) (0, 3, 0.00000000000000000000e+00) 
connections (connected_to_neuron, weight)=(0, 1.35609582066535949707e-01) (1, 3.49786505103111267090e-02) (2, 1.43467694520950317383e-01) (3, 2.01435029506683349609e-01) (4, 1.59283250570297241211e-01) (5, 1.75005584955215454102e-01) (6, 2.10405200719833374023e-01) (7, 1.18058927357196807861e-01) (8, 1.45629227161407470703e-01) (9, 2.10337787866592407227e-01) (0, 8.30266624689102172852e-02) (1, 2.02843546867370605469e-01) (2, 7.08100423216819763184e-02) (3, 1.22264161705970764160e-01) (4, 1.01038210093975067139e-01) (5, 3.75985726714134216309e-02) (6, 7.09489583969116210938e-02) (7, 1.35287627577781677246e-01) (8, 1.13877609372138977051e-01) (9, 1.78491115570068359375e-01) (10, -1.58562347292900085449e-01) (11, -2.07670450210571289062e-01) (12, -1.74981385469436645508e-01) 
