FANN_FLO_2.1
num_layers=3
learning_rate=0.500000
connection_rate=1.000000
network_type=0
learning_momentum=0.000000
training_algorithm=2
train_error_function=1
train_stop_function=0
cascade_output_change_fraction=0.010000
quickprop_decay=-0.000100
quickprop_mu=1.750000
rprop_increase_factor=1.200000
rprop_decrease_factor=0.500000
rprop_delta_min=0.000000
rprop_delta_max=50.000000
rprop_delta_zero=0.100000
cascade_output_stagnation_epochs=12
cascade_candidate_change_fraction=0.010000
cascade_candidate_stagnation_epochs=12
cascade_max_out_epochs=150
cascade_min_out_epochs=50
cascade_max_cand_epochs=150
cascade_min_cand_epochs=50
cascade_num_candidate_groups=2
bit_fail_limit=3.49999994039535522461e-01
cascade_candidate_limit=1.00000000000000000000e+03
cascade_weight_multiplier=4.00000005960464477539e-01
cascade_activation_functions_count=10
cascade_activation_functions=3 5 7 8 10 11 14 15 16 17 
cascade_activation_steepnesses_count=4
cascade_activation_steepnesses=2.50000000000000000000e-01 5.00000000000000000000e-01 7.50000000000000000000e-01 1.00000000000000000000e+00 
layer_sizes=10 3 2 
scale_included=0
neurons (num_inputs, activation_function, activation_steepness)=(0, 0, 0.00000000000000000000e+00) (0, 0, 0.00000000000000000000e+00) (0, 0, 0.00000000000000000000e+00) (0, 0, 0.00000000000000000000e+00) (0, 0, 0.00000000000000000000e+00) (0, 0, 0.00000000000000000000e+00) (0, 0, 0.00000000000000000000e+00) (0, 0, 0.00000000000000000000e+00) (0, 0, 0.00000000000000000000e+00) (0, 0, 0.00000000000000000000e+00) (10, 3, 5.00000000000000000000e-01) (10, 3, 5.00000000000000000000e-01) (0, 3, 0.00000000000000000000e+00) (3, 3, 5.00000000000000000000e-01) (0, 3, 0.00000000000000000000e+00) 
connections (connected_to_neuron, weight)=(0, 3.89080137014389038086e-01) (1, 3.72636377811431884766e-01) (2, -1.55025160312652587891e+00) (3, 4.18740808963775634766e-01) (4, -1.59769281744956970215e-02) (5, 3.11948638409376144409e-02) (6, -1.21242928504943847656e+00) (7, -1.29525244235992431641e+00) (8, -1.56579983234405517578e+00) (9, 1.59989762306213378906e+00) (0, -7.08475708961486816406e-01) (1, -7.63558506965637207031e-01) (2, -5.01186363399028778076e-02) (3, -7.86997318267822265625e-01) (4, -6.03163421154022216797e-01) (5, -6.30172669887542724609e-01) (6, -1.70302346348762512207e-01) (7, -1.34526088833808898926e-01) (8, -4.50609959661960601807e-02) (9, 1.25835835933685302734e+00) (10, -1.20000553131103515625e+00) (11, -3.35430407524108886719e+00) (12, 1.56191468238830566406e+00) 
