FANN_FLO_2.1
num_layers=4
learning_rate=0.450000
connection_rate=1.000000
network_type=0
learning_momentum=0.000000
training_algorithm=2
train_error_function=1
train_stop_function=0
cascade_output_change_fraction=0.010000
quickprop_decay=-0.000100
quickprop_mu=1.750000
rprop_increase_factor=1.200000
rprop_decrease_factor=0.500000
rprop_delta_min=0.000000
rprop_delta_max=50.000000
rprop_delta_zero=0.100000
cascade_output_stagnation_epochs=12
cascade_candidate_change_fraction=0.010000
cascade_candidate_stagnation_epochs=12
cascade_max_out_epochs=150
cascade_min_out_epochs=50
cascade_max_cand_epochs=150
cascade_min_cand_epochs=50
cascade_num_candidate_groups=2
bit_fail_limit=3.49999994039535522461e-01
cascade_candidate_limit=1.00000000000000000000e+03
cascade_weight_multiplier=4.00000005960464477539e-01
cascade_activation_functions_count=10
cascade_activation_functions=3 5 7 8 10 11 14 15 16 17 
cascade_activation_steepnesses_count=4
cascade_activation_steepnesses=2.50000000000000000000e-01 5.00000000000000000000e-01 7.50000000000000000000e-01 1.00000000000000000000e+00 
layer_sizes=7 5 5 2 
scale_included=0
neurons (num_inputs, activation_function, activation_steepness)=(0, 0, 0.00000000000000000000e+00) (0, 0, 0.00000000000000000000e+00) (0, 0, 0.00000000000000000000e+00) (0, 0, 0.00000000000000000000e+00) (0, 0, 0.00000000000000000000e+00) (0, 0, 0.00000000000000000000e+00) (0, 0, 0.00000000000000000000e+00) (7, 3, 5.00000000000000000000e-01) (7, 3, 5.00000000000000000000e-01) (7, 3, 5.00000000000000000000e-01) (7, 3, 5.00000000000000000000e-01) (0, 3, 0.00000000000000000000e+00) (5, 3, 5.00000000000000000000e-01) (5, 3, 5.00000000000000000000e-01) (5, 3, 5.00000000000000000000e-01) (5, 3, 5.00000000000000000000e-01) (0, 3, 0.00000000000000000000e+00) (5, 0, 5.00000000000000000000e-01) (0, 0, 0.00000000000000000000e+00) 
connections (connected_to_neuron, weight)=(0, 7.84336984157562255859e-01) (1, 2.98832964897155761719e+00) (2, -3.70098471641540527344e+00) (3, 1.69390523433685302734e+00) (4, 2.51175308227539062500e+00) (5, -4.49461555480957031250e+00) (6, 2.72549295425415039062e+00) (0, 2.25555002689361572266e-01) (1, 5.42314171791076660156e-01) (2, -9.31415438652038574219e-01) (3, 2.73648232221603393555e-01) (4, 3.90070289373397827148e-01) (5, -6.97420060634613037109e-01) (6, 1.20889353752136230469e+00) (0, -1.55361101031303405762e-01) (1, 9.90548133850097656250e-01) (2, -7.75317847728729248047e-01) (3, 1.88815072178840637207e-01) (4, 3.60248267650604248047e-01) (5, -5.17247438430786132812e-01) (6, 4.40666824579238891602e-01) (0, -4.22611389160156250000e+02) (1, 4.74433994293212890625e+00) (2, -6.14053039550781250000e+01) (3, 5.44841552734375000000e+02) (4, 3.76985478401184082031e+00) (5, 8.12451629638671875000e+01) (6, 1.71212327480316162109e+00) (7, -1.50000000000000000000e+03) (8, -1.50000000000000000000e+03) (9, -1.50000000000000000000e+03) (10, 1.38793869018554687500e+02) (11, -2.61903345584869384766e-01) (7, -1.03482713699340820312e+01) (8, -1.02988424301147460938e+01) (9, -4.91624402999877929688e+00) (10, 8.61160278320312500000e+02) (11, 2.78869838714599609375e+01) (7, 1.50000000000000000000e+03) (8, 1.50000000000000000000e+03) (9, 1.50000000000000000000e+03) (10, 1.42949450683593750000e+03) (11, -1.55848979949951171875e+01) (7, -1.50000000000000000000e+03) (8, -1.50000000000000000000e+03) (9, -1.50000000000000000000e+03) (10, 1.50042907714843750000e+02) (11, 3.14097380638122558594e+00) (12, 1.49366564941406250000e+03) (13, 1.76759809255599975586e-01) (14, -2.63627409934997558594e-01) (15, 1.49764343261718750000e+03) (16, 1.00679278373718261719e-01) 
