FANN_FLO_2.1
num_layers=3
learning_rate=0.450000
connection_rate=1.000000
network_type=0
learning_momentum=0.000000
training_algorithm=2
train_error_function=1
train_stop_function=0
cascade_output_change_fraction=0.010000
quickprop_decay=-0.000100
quickprop_mu=1.750000
rprop_increase_factor=1.200000
rprop_decrease_factor=0.500000
rprop_delta_min=0.000000
rprop_delta_max=50.000000
rprop_delta_zero=0.100000
cascade_output_stagnation_epochs=12
cascade_candidate_change_fraction=0.010000
cascade_candidate_stagnation_epochs=12
cascade_max_out_epochs=150
cascade_min_out_epochs=50
cascade_max_cand_epochs=150
cascade_min_cand_epochs=50
cascade_num_candidate_groups=2
bit_fail_limit=3.49999994039535522461e-01
cascade_candidate_limit=1.00000000000000000000e+03
cascade_weight_multiplier=4.00000005960464477539e-01
cascade_activation_functions_count=10
cascade_activation_functions=3 5 7 8 10 11 14 15 16 17 
cascade_activation_steepnesses_count=4
cascade_activation_steepnesses=2.50000000000000000000e-01 5.00000000000000000000e-01 7.50000000000000000000e-01 1.00000000000000000000e+00 
layer_sizes=7 5 2 
scale_included=0
neurons (num_inputs, activation_function, activation_steepness)=(0, 0, 0.00000000000000000000e+00) (0, 0, 0.00000000000000000000e+00) (0, 0, 0.00000000000000000000e+00) (0, 0, 0.00000000000000000000e+00) (0, 0, 0.00000000000000000000e+00) (0, 0, 0.00000000000000000000e+00) (0, 0, 0.00000000000000000000e+00) (7, 3, 5.00000000000000000000e-01) (7, 3, 5.00000000000000000000e-01) (7, 3, 5.00000000000000000000e-01) (7, 3, 5.00000000000000000000e-01) (0, 3, 0.00000000000000000000e+00) (5, 0, 5.00000000000000000000e-01) (0, 0, 0.00000000000000000000e+00) 
connections (connected_to_neuron, weight)=(0, 1.51887130737304687500e+01) (1, 7.51999557018280029297e-01) (2, -3.08249220252037048340e-02) (3, -4.21267263591289520264e-02) (4, 1.22661113739013671875e+00) (5, -1.26479873657226562500e+01) (6, 1.10578310489654541016e+00) (0, -4.01128798723220825195e-01) (1, -3.72026950120925903320e-01) (2, 1.21488392353057861328e+00) (3, -3.47331613302230834961e-01) (4, -3.70548665523529052734e-01) (5, 2.77536392211914062500e-01) (6, -4.40262436866760253906e-01) (0, -2.31953501701354980469e-01) (1, 5.24373352527618408203e-01) (2, 9.22773122787475585938e-01) (3, -9.02719497680664062500e-01) (4, 4.89035749435424804688e+00) (5, 2.64717984199523925781e+00) (6, 5.55468052625656127930e-02) (0, -5.09360351562500000000e+02) (1, -4.42636947631835937500e+01) (2, -1.04692134857177734375e+01) (3, -1.00283229351043701172e+00) (4, 5.61979055404663085938e-01) (5, 2.68188705444335937500e+01) (6, -8.62399220466613769531e-01) (7, 1.56426504254341125488e-02) (8, -1.32753206416964530945e-02) (9, -1.41690701246261596680e-01) (10, 5.35818338394165039062e-02) (11, 1.38664886355400085449e-01) 
