FANN_FLO_2.1
num_layers=3
learning_rate=0.500000
connection_rate=1.000000
network_type=0
learning_momentum=0.000000
training_algorithm=2
train_error_function=1
train_stop_function=0
cascade_output_change_fraction=0.010000
quickprop_decay=-0.000100
quickprop_mu=1.750000
rprop_increase_factor=1.200000
rprop_decrease_factor=0.500000
rprop_delta_min=0.000000
rprop_delta_max=50.000000
rprop_delta_zero=0.100000
cascade_output_stagnation_epochs=12
cascade_candidate_change_fraction=0.010000
cascade_candidate_stagnation_epochs=12
cascade_max_out_epochs=150
cascade_min_out_epochs=50
cascade_max_cand_epochs=150
cascade_min_cand_epochs=50
cascade_num_candidate_groups=2
bit_fail_limit=3.49999994039535522461e-01
cascade_candidate_limit=1.00000000000000000000e+03
cascade_weight_multiplier=4.00000005960464477539e-01
cascade_activation_functions_count=10
cascade_activation_functions=3 5 7 8 10 11 14 15 16 17 
cascade_activation_steepnesses_count=4
cascade_activation_steepnesses=2.50000000000000000000e-01 5.00000000000000000000e-01 7.50000000000000000000e-01 1.00000000000000000000e+00 
layer_sizes=10 3 2 
scale_included=0
neurons (num_inputs, activation_function, activation_steepness)=(0, 0, 0.00000000000000000000e+00) (0, 0, 0.00000000000000000000e+00) (0, 0, 0.00000000000000000000e+00) (0, 0, 0.00000000000000000000e+00) (0, 0, 0.00000000000000000000e+00) (0, 0, 0.00000000000000000000e+00) (0, 0, 0.00000000000000000000e+00) (0, 0, 0.00000000000000000000e+00) (0, 0, 0.00000000000000000000e+00) (0, 0, 0.00000000000000000000e+00) (10, 3, 5.00000000000000000000e-01) (10, 3, 5.00000000000000000000e-01) (0, 3, 0.00000000000000000000e+00) (3, 3, 5.00000000000000000000e-01) (0, 3, 0.00000000000000000000e+00) 
connections (connected_to_neuron, weight)=(0, -2.49660819768905639648e-01) (1, -3.62078011035919189453e-01) (2, -4.71226990222930908203e-01) (3, -4.15738254785537719727e-01) (4, -7.14361608028411865234e-01) (5, -2.88130939006805419922e-01) (6, -8.58034044504165649414e-02) (7, -3.47675561904907226562e-01) (8, -9.62660089135169982910e-02) (9, 7.11105883121490478516e-01) (0, -4.34861212968826293945e-01) (1, -3.23463082313537597656e-01) (2, -2.50259488821029663086e-01) (3, -2.76941210031509399414e-01) (4, -4.66547720134258270264e-02) (5, -3.97659659385681152344e-01) (6, -5.55780649185180664062e-01) (7, -3.65676671266555786133e-01) (8, -5.66305935382843017578e-01) (9, 6.76363527774810791016e-01) (10, -2.74656510353088378906e+00) (11, -3.45465517044067382812e+00) (12, 1.84114027023315429688e+00) 
