FANN_FLO_2.1
num_layers=3
learning_rate=0.450000
connection_rate=1.000000
network_type=0
learning_momentum=0.000000
training_algorithm=2
train_error_function=1
train_stop_function=0
cascade_output_change_fraction=0.010000
quickprop_decay=-0.000100
quickprop_mu=1.750000
rprop_increase_factor=1.200000
rprop_decrease_factor=0.500000
rprop_delta_min=0.000000
rprop_delta_max=50.000000
rprop_delta_zero=0.100000
cascade_output_stagnation_epochs=12
cascade_candidate_change_fraction=0.010000
cascade_candidate_stagnation_epochs=12
cascade_max_out_epochs=150
cascade_min_out_epochs=50
cascade_max_cand_epochs=150
cascade_min_cand_epochs=50
cascade_num_candidate_groups=2
bit_fail_limit=3.49999994039535522461e-01
cascade_candidate_limit=1.00000000000000000000e+03
cascade_weight_multiplier=4.00000005960464477539e-01
cascade_activation_functions_count=10
cascade_activation_functions=3 5 7 8 10 11 14 15 16 17 
cascade_activation_steepnesses_count=4
cascade_activation_steepnesses=2.50000000000000000000e-01 5.00000000000000000000e-01 7.50000000000000000000e-01 1.00000000000000000000e+00 
layer_sizes=7 5 2 
scale_included=0
neurons (num_inputs, activation_function, activation_steepness)=(0, 0, 0.00000000000000000000e+00) (0, 0, 0.00000000000000000000e+00) (0, 0, 0.00000000000000000000e+00) (0, 0, 0.00000000000000000000e+00) (0, 0, 0.00000000000000000000e+00) (0, 0, 0.00000000000000000000e+00) (0, 0, 0.00000000000000000000e+00) (7, 3, 5.00000000000000000000e-01) (7, 3, 5.00000000000000000000e-01) (7, 3, 5.00000000000000000000e-01) (7, 3, 5.00000000000000000000e-01) (0, 3, 0.00000000000000000000e+00) (5, 0, 5.00000000000000000000e-01) (0, 0, 0.00000000000000000000e+00) 
connections (connected_to_neuron, weight)=(0, 1.96053579449653625488e-01) (1, -1.81122317910194396973e-01) (2, 5.83528578281402587891e-01) (3, -9.41442549228668212891e-02) (4, -3.28153371810913085938e-01) (5, -2.63375848531723022461e-01) (6, -6.83969616889953613281e-01) (0, 1.50000000000000000000e+03) (1, 1.50000000000000000000e+03) (2, 1.50000000000000000000e+03) (3, 1.35441027832031250000e+03) (4, 1.94897262573242187500e+02) (5, -6.98629856109619140625e-01) (6, -7.71157145500183105469e-02) (0, -2.25771263241767883301e-01) (1, 3.22776883840560913086e-01) (2, -6.11053884029388427734e-01) (3, 5.28451614081859588623e-02) (4, 3.77022475004196166992e-01) (5, 1.36964738368988037109e-01) (6, -9.56944450736045837402e-02) (0, -1.04447036981582641602e-01) (1, -8.08402955532073974609e-01) (2, -7.93233275413513183594e-01) (3, -1.31220817565917968750e-01) (4, 2.41699039936065673828e-01) (5, 6.11593544483184814453e-01) (6, 1.07289571762084960938e+01) (7, -4.02232497930526733398e-01) (8, -6.41308873891830444336e-02) (9, -3.77774834632873535156e-01) (10, -4.05953377485275268555e-02) (11, 4.65202480554580688477e-01) 
