FANN_FLO_2.1
num_layers=3
learning_rate=0.500000
connection_rate=1.000000
network_type=0
learning_momentum=0.000000
training_algorithm=2
train_error_function=1
train_stop_function=0
cascade_output_change_fraction=0.010000
quickprop_decay=-0.000100
quickprop_mu=1.750000
rprop_increase_factor=1.200000
rprop_decrease_factor=0.500000
rprop_delta_min=0.000000
rprop_delta_max=50.000000
rprop_delta_zero=0.100000
cascade_output_stagnation_epochs=12
cascade_candidate_change_fraction=0.010000
cascade_candidate_stagnation_epochs=12
cascade_max_out_epochs=150
cascade_min_out_epochs=50
cascade_max_cand_epochs=150
cascade_min_cand_epochs=50
cascade_num_candidate_groups=2
bit_fail_limit=3.49999994039535522461e-01
cascade_candidate_limit=1.00000000000000000000e+03
cascade_weight_multiplier=4.00000005960464477539e-01
cascade_activation_functions_count=10
cascade_activation_functions=3 5 7 8 10 11 14 15 16 17 
cascade_activation_steepnesses_count=4
cascade_activation_steepnesses=2.50000000000000000000e-01 5.00000000000000000000e-01 7.50000000000000000000e-01 1.00000000000000000000e+00 
layer_sizes=7 5 2 
scale_included=0
neurons (num_inputs, activation_function, activation_steepness)=(0, 0, 0.00000000000000000000e+00) (0, 0, 0.00000000000000000000e+00) (0, 0, 0.00000000000000000000e+00) (0, 0, 0.00000000000000000000e+00) (0, 0, 0.00000000000000000000e+00) (0, 0, 0.00000000000000000000e+00) (0, 0, 0.00000000000000000000e+00) (7, 3, 5.00000000000000000000e-01) (7, 3, 5.00000000000000000000e-01) (7, 3, 5.00000000000000000000e-01) (7, 3, 5.00000000000000000000e-01) (0, 3, 0.00000000000000000000e+00) (5, 0, 5.00000000000000000000e-01) (0, 0, 0.00000000000000000000e+00) 
connections (connected_to_neuron, weight)=(0, -6.10801887512207031250e+00) (1, -4.90928649902343750000e+00) (2, 1.13876914978027343750e+01) (3, -7.38309919834136962891e-02) (4, 7.02609837055206298828e-01) (5, -1.39580953121185302734e+00) (6, -1.54013383388519287109e+00) (0, 6.53346851468086242676e-02) (1, -1.93903088569641113281e-01) (2, -8.97958338260650634766e-01) (3, 5.38142174482345581055e-02) (4, 8.87391507625579833984e-01) (5, -9.05004069209098815918e-02) (6, -2.92948424816131591797e-01) (0, -6.09282302856445312500e+00) (1, -2.25938415527343750000e+00) (2, 1.12864818572998046875e+01) (3, -3.36770445108413696289e-01) (4, 6.32655918598175048828e-01) (5, -9.68106689453125000000e+01) (6, -1.46564579010009765625e+00) (0, 1.00629694759845733643e-01) (1, 1.66464447975158691406e-01) (2, 6.13604366779327392578e-01) (3, -3.10690551996231079102e-01) (4, -4.86680358648300170898e-01) (5, -5.12715056538581848145e-03) (6, -7.69073247909545898438e-01) (7, -2.06358311697840690613e-03) (8, -1.23989507555961608887e-01) (9, 4.64792363345623016357e-03) (10, -1.31786867976188659668e-01) (11, 1.32786259055137634277e-01) 
