FANN_FLO_2.1
num_layers=3
learning_rate=0.300000
connection_rate=1.000000
network_type=0
learning_momentum=0.000000
training_algorithm=2
train_error_function=1
train_stop_function=0
cascade_output_change_fraction=0.010000
quickprop_decay=-0.000100
quickprop_mu=1.750000
rprop_increase_factor=1.200000
rprop_decrease_factor=0.500000
rprop_delta_min=0.000000
rprop_delta_max=50.000000
rprop_delta_zero=0.100000
cascade_output_stagnation_epochs=12
cascade_candidate_change_fraction=0.010000
cascade_candidate_stagnation_epochs=12
cascade_max_out_epochs=150
cascade_min_out_epochs=50
cascade_max_cand_epochs=150
cascade_min_cand_epochs=50
cascade_num_candidate_groups=2
bit_fail_limit=3.49999994039535522461e-01
cascade_candidate_limit=1.00000000000000000000e+03
cascade_weight_multiplier=4.00000005960464477539e-01
cascade_activation_functions_count=10
cascade_activation_functions=3 5 7 8 10 11 14 15 16 17 
cascade_activation_steepnesses_count=4
cascade_activation_steepnesses=2.50000000000000000000e-01 5.00000000000000000000e-01 7.50000000000000000000e-01 1.00000000000000000000e+00 
layer_sizes=4 9 2 
scale_included=0
neurons (num_inputs, activation_function, activation_steepness)=(0, 0, 0.00000000000000000000e+00) (0, 0, 0.00000000000000000000e+00) (0, 0, 0.00000000000000000000e+00) (0, 0, 0.00000000000000000000e+00) (4, 3, 5.00000000000000000000e-01) (4, 3, 5.00000000000000000000e-01) (4, 3, 5.00000000000000000000e-01) (4, 3, 5.00000000000000000000e-01) (4, 3, 5.00000000000000000000e-01) (4, 3, 5.00000000000000000000e-01) (4, 3, 5.00000000000000000000e-01) (4, 3, 5.00000000000000000000e-01) (0, 3, 0.00000000000000000000e+00) (9, 3, 5.00000000000000000000e-01) (0, 3, 0.00000000000000000000e+00) 
connections (connected_to_neuron, weight)=(0, -2.77349889278411865234e-01) (1, 1.61996617913246154785e-01) (2, -5.78152179718017578125e-01) (3, 1.53432607650756835938e+00) (0, -1.68694698810577392578e+00) (1, 8.78326594829559326172e-01) (2, -6.94769382476806640625e-01) (3, 1.85953319072723388672e+00) (0, -1.81411194801330566406e+00) (1, 7.13663160800933837891e-01) (2, -6.34350255131721496582e-02) (3, 2.41661620140075683594e+00) (0, -8.80777314305305480957e-02) (1, 1.25296665355563163757e-02) (2, -1.52927950024604797363e-01) (3, 6.95575058460235595703e-01) (0, 1.48335352540016174316e-01) (1, 1.13819070160388946533e-01) (2, -2.28663372993469238281e+00) (3, 1.92825090885162353516e+00) (0, -1.63679885864257812500e+00) (1, 7.38446831703186035156e-01) (2, -1.09966766834259033203e+00) (3, 1.08042068481445312500e+01) (0, 1.04392766952514648438e+00) (1, -1.30226004123687744141e+00) (2, 4.10709428787231445312e+00) (3, 2.60917901992797851562e-01) (0, 6.42855882644653320312e+00) (1, -5.17637586593627929688e+00) (2, 8.19775390625000000000e+00) (3, -7.34687671065330505371e-02) (4, -5.45194685459136962891e-01) (5, 1.30940601229667663574e-02) (6, -3.27677726745605468750e-02) (7, -1.28516654968261718750e+01) (8, -2.88932234048843383789e-01) (9, -1.47134184837341308594e-01) (10, 1.43324470520019531250e+00) (11, -1.91959500312805175781e+00) (12, 1.19431209564208984375e+00) 
