FANN_FLO_2.1
num_layers=4
learning_rate=0.500000
connection_rate=1.000000
network_type=0
learning_momentum=0.000000
training_algorithm=2
train_error_function=1
train_stop_function=0
cascade_output_change_fraction=0.010000
quickprop_decay=-0.000100
quickprop_mu=1.750000
rprop_increase_factor=1.200000
rprop_decrease_factor=0.500000
rprop_delta_min=0.000000
rprop_delta_max=50.000000
rprop_delta_zero=0.100000
cascade_output_stagnation_epochs=12
cascade_candidate_change_fraction=0.010000
cascade_candidate_stagnation_epochs=12
cascade_max_out_epochs=150
cascade_min_out_epochs=50
cascade_max_cand_epochs=150
cascade_min_cand_epochs=50
cascade_num_candidate_groups=2
bit_fail_limit=3.49999994039535522461e-01
cascade_candidate_limit=1.00000000000000000000e+03
cascade_weight_multiplier=4.00000005960464477539e-01
cascade_activation_functions_count=10
cascade_activation_functions=3 5 7 8 10 11 14 15 16 17 
cascade_activation_steepnesses_count=4
cascade_activation_steepnesses=2.50000000000000000000e-01 5.00000000000000000000e-01 7.50000000000000000000e-01 1.00000000000000000000e+00 
layer_sizes=4 5 3 2 
scale_included=0
neurons (num_inputs, activation_function, activation_steepness)=(0, 0, 0.00000000000000000000e+00) (0, 0, 0.00000000000000000000e+00) (0, 0, 0.00000000000000000000e+00) (0, 0, 0.00000000000000000000e+00) (4, 3, 5.00000000000000000000e-01) (4, 3, 5.00000000000000000000e-01) (4, 3, 5.00000000000000000000e-01) (4, 3, 5.00000000000000000000e-01) (0, 3, 0.00000000000000000000e+00) (5, 3, 5.00000000000000000000e-01) (5, 3, 5.00000000000000000000e-01) (0, 3, 0.00000000000000000000e+00) (3, 3, 5.00000000000000000000e-01) (0, 3, 0.00000000000000000000e+00) 
connections (connected_to_neuron, weight)=(0, -3.30824279785156250000e+00) (1, -1.58952398300170898438e+01) (2, 5.41961908340454101562e+00) (3, 4.17806911468505859375e+00) (0, -5.05026817321777343750e+00) (1, 2.81224727630615234375e+00) (2, -3.51790571212768554688e+00) (3, 1.73112845420837402344e+00) (0, -8.09515774250030517578e-01) (1, -1.57916021347045898438e+01) (2, 3.73608231544494628906e-01) (3, 4.12444353103637695312e+00) (0, 1.47000000000000000000e+03) (1, 1.47000000000000000000e+03) (2, 1.47000000000000000000e+03) (3, 8.57948059082031250000e+02) (4, 2.14703979492187500000e+01) (5, 6.22566642761230468750e+01) (6, 1.29367733001708984375e+01) (7, -7.44666433334350585938e+00) (8, -7.13300752639770507812e+00) (4, 2.96368904113769531250e+01) (5, 6.91324996948242187500e+01) (6, 9.61602973937988281250e+00) (7, -8.20062255859375000000e+00) (8, -7.82415628433227539062e+00) (9, -2.37590503692626953125e+00) (10, -2.08541440963745117188e+00) (11, 2.30524539947509765625e+00) 
