FANN_FLO_2.1
num_layers=3
learning_rate=0.300000
connection_rate=1.000000
network_type=0
learning_momentum=0.000000
training_algorithm=2
train_error_function=1
train_stop_function=0
cascade_output_change_fraction=0.010000
quickprop_decay=-0.000100
quickprop_mu=1.750000
rprop_increase_factor=1.200000
rprop_decrease_factor=0.500000
rprop_delta_min=0.000000
rprop_delta_max=50.000000
rprop_delta_zero=0.100000
cascade_output_stagnation_epochs=12
cascade_candidate_change_fraction=0.010000
cascade_candidate_stagnation_epochs=12
cascade_max_out_epochs=150
cascade_min_out_epochs=50
cascade_max_cand_epochs=150
cascade_min_cand_epochs=50
cascade_num_candidate_groups=2
bit_fail_limit=3.49999994039535522461e-01
cascade_candidate_limit=1.00000000000000000000e+03
cascade_weight_multiplier=4.00000005960464477539e-01
cascade_activation_functions_count=10
cascade_activation_functions=3 5 7 8 10 11 14 15 16 17 
cascade_activation_steepnesses_count=4
cascade_activation_steepnesses=2.50000000000000000000e-01 5.00000000000000000000e-01 7.50000000000000000000e-01 1.00000000000000000000e+00 
layer_sizes=4 9 2 
scale_included=0
neurons (num_inputs, activation_function, activation_steepness)=(0, 0, 0.00000000000000000000e+00) (0, 0, 0.00000000000000000000e+00) (0, 0, 0.00000000000000000000e+00) (0, 0, 0.00000000000000000000e+00) (4, 3, 5.00000000000000000000e-01) (4, 3, 5.00000000000000000000e-01) (4, 3, 5.00000000000000000000e-01) (4, 3, 5.00000000000000000000e-01) (4, 3, 5.00000000000000000000e-01) (4, 3, 5.00000000000000000000e-01) (4, 3, 5.00000000000000000000e-01) (4, 3, 5.00000000000000000000e-01) (0, 3, 0.00000000000000000000e+00) (9, 3, 5.00000000000000000000e-01) (0, 3, 0.00000000000000000000e+00) 
connections (connected_to_neuron, weight)=(0, -1.98655128479003906250e+01) (1, -1.63876926898956298828e+00) (2, 1.08457307815551757812e+01) (3, 1.04058149736374616623e-03) (0, -1.45730465650558471680e-01) (1, 5.96312060952186584473e-03) (2, -2.17239018529653549194e-02) (3, 7.29262113571166992188e-01) (0, -2.00338382273912429810e-02) (1, 2.98273451626300811768e-02) (2, -9.02243375778198242188e-01) (3, 4.51973676681518554688e+00) (0, 7.87925052642822265625e+00) (1, -5.20151710510253906250e+00) (2, 6.49923563003540039062e+00) (3, 6.10311627388000488281e-01) (0, 1.89468169212341308594e+00) (1, -2.89224594831466674805e-01) (2, -6.31736469268798828125e+00) (3, 6.27911329269409179688e-01) (0, -1.30414590239524841309e-01) (1, 2.87246294319629669189e-02) (2, -1.21327310800552368164e-01) (3, 1.14749419689178466797e+00) (0, 2.09338817596435546875e+01) (1, -9.53323781490325927734e-01) (2, -1.03728767395019531250e+02) (3, 8.75860080122947692871e-02) (0, -1.16729271411895751953e+00) (1, 6.18819713592529296875e-01) (2, -8.78589093685150146484e-01) (3, 1.20131301879882812500e+00) (4, -2.00000000000000000000e+02) (5, -3.67743420600891113281e+00) (6, -1.30891084671020507812e+00) (7, 4.08287286758422851562e-01) (8, 3.18775802850723266602e-01) (9, -4.03456020355224609375e+00) (10, -3.15589785575866699219e-01) (11, -3.21364641189575195312e-01) (12, 8.45436334609985351562e-01) 
