FANN_FLO_2.1
num_layers=3
learning_rate=0.500000
connection_rate=1.000000
network_type=0
learning_momentum=0.000000
training_algorithm=2
train_error_function=1
train_stop_function=0
cascade_output_change_fraction=0.010000
quickprop_decay=-0.000100
quickprop_mu=1.750000
rprop_increase_factor=1.200000
rprop_decrease_factor=0.500000
rprop_delta_min=0.000000
rprop_delta_max=50.000000
rprop_delta_zero=0.100000
cascade_output_stagnation_epochs=12
cascade_candidate_change_fraction=0.010000
cascade_candidate_stagnation_epochs=12
cascade_max_out_epochs=150
cascade_min_out_epochs=50
cascade_max_cand_epochs=150
cascade_min_cand_epochs=50
cascade_num_candidate_groups=2
bit_fail_limit=3.49999994039535522461e-01
cascade_candidate_limit=1.00000000000000000000e+03
cascade_weight_multiplier=4.00000005960464477539e-01
cascade_activation_functions_count=10
cascade_activation_functions=3 5 7 8 10 11 14 15 16 17 
cascade_activation_steepnesses_count=4
cascade_activation_steepnesses=2.50000000000000000000e-01 5.00000000000000000000e-01 7.50000000000000000000e-01 1.00000000000000000000e+00 
layer_sizes=10 3 2 
scale_included=0
neurons (num_inputs, activation_function, activation_steepness)=(0, 0, 0.00000000000000000000e+00) (0, 0, 0.00000000000000000000e+00) (0, 0, 0.00000000000000000000e+00) (0, 0, 0.00000000000000000000e+00) (0, 0, 0.00000000000000000000e+00) (0, 0, 0.00000000000000000000e+00) (0, 0, 0.00000000000000000000e+00) (0, 0, 0.00000000000000000000e+00) (0, 0, 0.00000000000000000000e+00) (0, 0, 0.00000000000000000000e+00) (10, 3, 5.00000000000000000000e-01) (10, 3, 5.00000000000000000000e-01) (0, 3, 0.00000000000000000000e+00) (3, 3, 5.00000000000000000000e-01) (0, 3, 0.00000000000000000000e+00) 
connections (connected_to_neuron, weight)=(0, -6.95736646652221679688e-01) (1, -6.42728269100189208984e-01) (2, -7.12997794151306152344e-01) (3, -6.80058419704437255859e-01) (4, -7.02151298522949218750e-01) (5, -6.45403027534484863281e-01) (6, -6.74210608005523681641e-01) (7, -6.57360434532165527344e-01) (8, -6.92956745624542236328e-01) (9, 2.92909121513366699219e+00) (0, 1.85252189636230468750e+00) (1, 5.15654993057250976562e+00) (2, 1.22856986522674560547e+00) (3, 1.89310598373413085938e+00) (4, 3.15436649322509765625e+00) (5, 3.66732048988342285156e+00) (6, 4.95312070846557617188e+00) (7, 1.61049568653106689453e+00) (8, 2.21963834762573242188e+00) (9, -4.79267930984497070312e+00) (10, -2.82158255577087402344e+00) (11, 9.59090232849121093750e-01) (12, 3.67087632417678833008e-01) 
