FANN_FLO_2.1
num_layers=3
learning_rate=0.400000
connection_rate=1.000000
network_type=0
learning_momentum=0.000000
training_algorithm=2
train_error_function=1
train_stop_function=0
cascade_output_change_fraction=0.010000
quickprop_decay=-0.000100
quickprop_mu=1.750000
rprop_increase_factor=1.200000
rprop_decrease_factor=0.500000
rprop_delta_min=0.000000
rprop_delta_max=50.000000
rprop_delta_zero=0.100000
cascade_output_stagnation_epochs=12
cascade_candidate_change_fraction=0.010000
cascade_candidate_stagnation_epochs=12
cascade_max_out_epochs=150
cascade_min_out_epochs=50
cascade_max_cand_epochs=150
cascade_min_cand_epochs=50
cascade_num_candidate_groups=2
bit_fail_limit=3.49999994039535522461e-01
cascade_candidate_limit=1.00000000000000000000e+03
cascade_weight_multiplier=4.00000005960464477539e-01
cascade_activation_functions_count=10
cascade_activation_functions=3 5 7 8 10 11 14 15 16 17 
cascade_activation_steepnesses_count=4
cascade_activation_steepnesses=2.50000000000000000000e-01 5.00000000000000000000e-01 7.50000000000000000000e-01 1.00000000000000000000e+00 
layer_sizes=6 5 2 
scale_included=0
neurons (num_inputs, activation_function, activation_steepness)=(0, 0, 0.00000000000000000000e+00) (0, 0, 0.00000000000000000000e+00) (0, 0, 0.00000000000000000000e+00) (0, 0, 0.00000000000000000000e+00) (0, 0, 0.00000000000000000000e+00) (0, 0, 0.00000000000000000000e+00) (6, 3, 5.00000000000000000000e-01) (6, 3, 5.00000000000000000000e-01) (6, 3, 5.00000000000000000000e-01) (6, 3, 5.00000000000000000000e-01) (0, 3, 0.00000000000000000000e+00) (5, 0, 5.00000000000000000000e-01) (0, 0, 0.00000000000000000000e+00) 
connections (connected_to_neuron, weight)=(0, -7.95424652099609375000e+00) (1, -1.11020364761352539062e+01) (2, -7.16864317655563354492e-02) (3, 6.42622280120849609375e+00) (4, 5.48641538619995117188e+00) (5, 5.18942832946777343750e-01) (0, -1.50000000000000000000e+03) (1, -1.50000000000000000000e+03) (2, -3.78984242677688598633e-01) (3, -6.72057688236236572266e-01) (4, -9.15089368820190429688e-01) (5, 3.57210129499435424805e-01) (0, -1.50000000000000000000e+03) (1, -1.50000000000000000000e+03) (2, 2.07080388069152832031e+00) (3, -7.32928037643432617188e-01) (4, -1.71917331218719482422e+00) (5, 6.10320389270782470703e-01) (0, -1.50000000000000000000e+03) (1, -1.50000000000000000000e+03) (2, 2.64736328125000000000e+02) (3, -4.56948757171630859375e+00) (4, -1.32021741867065429688e+01) (5, 3.61709856986999511719e+00) (6, -1.47306472778320312500e+02) (7, 1.13887741088867187500e+02) (8, 4.16214179992675781250e+00) (9, 5.53191184997558593750e+01) (10, 1.36614274978637695312e+00) 
