FANN_FLO_2.1
num_layers=3
learning_rate=0.500000
connection_rate=1.000000
network_type=0
learning_momentum=0.000000
training_algorithm=2
train_error_function=1
train_stop_function=0
cascade_output_change_fraction=0.010000
quickprop_decay=-0.000100
quickprop_mu=1.750000
rprop_increase_factor=1.200000
rprop_decrease_factor=0.500000
rprop_delta_min=0.000000
rprop_delta_max=50.000000
rprop_delta_zero=0.100000
cascade_output_stagnation_epochs=12
cascade_candidate_change_fraction=0.010000
cascade_candidate_stagnation_epochs=12
cascade_max_out_epochs=150
cascade_min_out_epochs=50
cascade_max_cand_epochs=150
cascade_min_cand_epochs=50
cascade_num_candidate_groups=2
bit_fail_limit=3.49999994039535522461e-01
cascade_candidate_limit=1.00000000000000000000e+03
cascade_weight_multiplier=4.00000005960464477539e-01
cascade_activation_functions_count=10
cascade_activation_functions=3 5 7 8 10 11 14 15 16 17 
cascade_activation_steepnesses_count=4
cascade_activation_steepnesses=2.50000000000000000000e-01 5.00000000000000000000e-01 7.50000000000000000000e-01 1.00000000000000000000e+00 
layer_sizes=10 5 2 
scale_included=0
neurons (num_inputs, activation_function, activation_steepness)=(0, 0, 0.00000000000000000000e+00) (0, 0, 0.00000000000000000000e+00) (0, 0, 0.00000000000000000000e+00) (0, 0, 0.00000000000000000000e+00) (0, 0, 0.00000000000000000000e+00) (0, 0, 0.00000000000000000000e+00) (0, 0, 0.00000000000000000000e+00) (0, 0, 0.00000000000000000000e+00) (0, 0, 0.00000000000000000000e+00) (0, 0, 0.00000000000000000000e+00) (10, 3, 5.00000000000000000000e-01) (10, 3, 5.00000000000000000000e-01) (10, 3, 5.00000000000000000000e-01) (10, 3, 5.00000000000000000000e-01) (0, 3, 0.00000000000000000000e+00) (5, 3, 5.00000000000000000000e-01) (0, 3, 0.00000000000000000000e+00) 
connections (connected_to_neuron, weight)=(0, -3.35625141859054565430e-01) (1, -5.05112707614898681641e-01) (2, -3.64991784095764160156e-01) (3, -3.67320209741592407227e-01) (4, -4.57583844661712646484e-01) (5, -4.50187444686889648438e-01) (6, -4.08656746149063110352e-01) (7, -4.04067665338516235352e-01) (8, -4.19992476701736450195e-01) (9, 1.27882194519042968750e+00) (0, -4.45970296859741210938e-01) (1, -4.34313088655471801758e-01) (2, -3.36038589477539062500e-01) (3, -3.71104657649993896484e-01) (4, -3.36379140615463256836e-01) (5, -3.54669153690338134766e-01) (6, -4.92224395275115966797e-01) (7, -4.24169421195983886719e-01) (8, -3.69428396224975585938e-01) (9, 1.04728591442108154297e+00) (0, -3.67008656263351440430e-01) (1, -2.92393058538436889648e-01) (2, -5.08878648281097412109e-01) (3, -4.28110480308532714844e-01) (4, -4.50456500053405761719e-01) (5, -4.61807847023010253906e-01) (6, -3.18244218826293945312e-01) (7, -2.80487716197967529297e-01) (8, -4.79094117879867553711e-01) (9, 1.04453325271606445312e+00) (0, -5.28733968734741210938e-01) (1, -3.24673146009445190430e-01) (2, -4.70847874879837036133e-01) (3, -3.23025524616241455078e-01) (4, -4.27321314811706542969e-01) (5, -2.84369170665740966797e-01) (6, -4.16447460651397705078e-01) (7, -4.85094338655471801758e-01) (8, -3.69007587432861328125e-01) (9, 1.08003640174865722656e+00) (10, -1.02976679801940917969e+00) (11, -1.59660720825195312500e+00) (12, -1.54773545265197753906e+00) (13, -1.00785803794860839844e+00) (14, 1.72935938835144042969e+00) 
