FANN_FLO_2.1
num_layers=4
learning_rate=0.450000
connection_rate=1.000000
network_type=0
learning_momentum=0.000000
training_algorithm=2
train_error_function=1
train_stop_function=0
cascade_output_change_fraction=0.010000
quickprop_decay=-0.000100
quickprop_mu=1.750000
rprop_increase_factor=1.200000
rprop_decrease_factor=0.500000
rprop_delta_min=0.000000
rprop_delta_max=50.000000
rprop_delta_zero=0.100000
cascade_output_stagnation_epochs=12
cascade_candidate_change_fraction=0.010000
cascade_candidate_stagnation_epochs=12
cascade_max_out_epochs=150
cascade_min_out_epochs=50
cascade_max_cand_epochs=150
cascade_min_cand_epochs=50
cascade_num_candidate_groups=2
bit_fail_limit=3.49999994039535522461e-01
cascade_candidate_limit=1.00000000000000000000e+03
cascade_weight_multiplier=4.00000005960464477539e-01
cascade_activation_functions_count=10
cascade_activation_functions=3 5 7 8 10 11 14 15 16 17 
cascade_activation_steepnesses_count=4
cascade_activation_steepnesses=2.50000000000000000000e-01 5.00000000000000000000e-01 7.50000000000000000000e-01 1.00000000000000000000e+00 
layer_sizes=7 5 5 2 
scale_included=0
neurons (num_inputs, activation_function, activation_steepness)=(0, 0, 0.00000000000000000000e+00) (0, 0, 0.00000000000000000000e+00) (0, 0, 0.00000000000000000000e+00) (0, 0, 0.00000000000000000000e+00) (0, 0, 0.00000000000000000000e+00) (0, 0, 0.00000000000000000000e+00) (0, 0, 0.00000000000000000000e+00) (7, 3, 5.00000000000000000000e-01) (7, 3, 5.00000000000000000000e-01) (7, 3, 5.00000000000000000000e-01) (7, 3, 5.00000000000000000000e-01) (0, 3, 0.00000000000000000000e+00) (5, 3, 5.00000000000000000000e-01) (5, 3, 5.00000000000000000000e-01) (5, 3, 5.00000000000000000000e-01) (5, 3, 5.00000000000000000000e-01) (0, 3, 0.00000000000000000000e+00) (5, 0, 5.00000000000000000000e-01) (0, 0, 0.00000000000000000000e+00) 
connections (connected_to_neuron, weight)=(0, 6.05615882873535156250e+01) (1, -1.50000000000000000000e+03) (2, 1.50000000000000000000e+03) (3, 1.50000000000000000000e+03) (4, -1.47011962890625000000e+03) (5, 1.50000000000000000000e+03) (6, 2.53894388675689697266e-01) (0, 1.47139480590820312500e+02) (1, -1.50000000000000000000e+03) (2, 1.50000000000000000000e+03) (3, 1.50000000000000000000e+03) (4, -4.76562774658203125000e+02) (5, 1.50000000000000000000e+03) (6, 9.41674634814262390137e-02) (0, -6.58617168664932250977e-02) (1, 4.12782222032546997070e-01) (2, 1.09523808956146240234e+00) (3, -5.21933794021606445312e-01) (4, 2.99994921684265136719e+00) (5, -1.99605077505111694336e-01) (6, 7.23251104354858398438e-01) (0, 1.81473803520202636719e+00) (1, -7.19022888183593750000e+02) (2, 1.50000000000000000000e+03) (3, 4.43433141708374023438e+00) (4, 1.77586612701416015625e+01) (5, 1.50000000000000000000e+03) (6, 2.45674088597297668457e-01) (7, 2.68205821514129638672e-01) (8, 9.87456500530242919922e-01) (9, -2.07246036529541015625e+01) (10, 5.63851952552795410156e-01) (11, 2.45978021621704101562e+00) (7, 1.07297666370868682861e-01) (8, 3.09237241744995117188e-01) (9, -6.55588388442993164062e+00) (10, -1.25393152236938476562e-01) (11, 1.31041371822357177734e+00) (7, 1.36871151626110076904e-02) (8, -5.61809428036212921143e-02) (9, -6.24807977676391601562e+00) (10, 8.70208069682121276855e-02) (11, 4.74534779787063598633e-02) (7, -2.74240523576736450195e-01) (8, -1.69640645384788513184e-01) (9, -2.97876882553100585938e+00) (10, -7.82466888427734375000e-01) (11, 1.35158315300941467285e-01) (12, 1.00008230209350585938e+01) (13, -1.48087036609649658203e+00) (14, -1.27154648303985595703e+00) (15, -6.05322539806365966797e-01) (16, 5.44853992760181427002e-02) 
