FANN_FLO_2.1
num_layers=3
learning_rate=0.500000
connection_rate=1.000000
network_type=0
learning_momentum=0.000000
training_algorithm=2
train_error_function=1
train_stop_function=0
cascade_output_change_fraction=0.010000
quickprop_decay=-0.000100
quickprop_mu=1.750000
rprop_increase_factor=1.200000
rprop_decrease_factor=0.500000
rprop_delta_min=0.000000
rprop_delta_max=50.000000
rprop_delta_zero=0.100000
cascade_output_stagnation_epochs=12
cascade_candidate_change_fraction=0.010000
cascade_candidate_stagnation_epochs=12
cascade_max_out_epochs=150
cascade_min_out_epochs=50
cascade_max_cand_epochs=150
cascade_min_cand_epochs=50
cascade_num_candidate_groups=2
bit_fail_limit=3.49999994039535522461e-01
cascade_candidate_limit=1.00000000000000000000e+03
cascade_weight_multiplier=4.00000005960464477539e-01
cascade_activation_functions_count=10
cascade_activation_functions=3 5 7 8 10 11 14 15 16 17 
cascade_activation_steepnesses_count=4
cascade_activation_steepnesses=2.50000000000000000000e-01 5.00000000000000000000e-01 7.50000000000000000000e-01 1.00000000000000000000e+00 
layer_sizes=7 5 2 
scale_included=0
neurons (num_inputs, activation_function, activation_steepness)=(0, 0, 0.00000000000000000000e+00) (0, 0, 0.00000000000000000000e+00) (0, 0, 0.00000000000000000000e+00) (0, 0, 0.00000000000000000000e+00) (0, 0, 0.00000000000000000000e+00) (0, 0, 0.00000000000000000000e+00) (0, 0, 0.00000000000000000000e+00) (7, 3, 5.00000000000000000000e-01) (7, 3, 5.00000000000000000000e-01) (7, 3, 5.00000000000000000000e-01) (7, 3, 5.00000000000000000000e-01) (0, 3, 0.00000000000000000000e+00) (5, 0, 5.00000000000000000000e-01) (0, 0, 0.00000000000000000000e+00) 
connections (connected_to_neuron, weight)=(0, 2.69466233253479003906e+00) (1, 2.45095826685428619385e-02) (2, -2.24236953735351562500e+02) (3, 1.82495918273925781250e+01) (4, 6.44300460815429687500e-01) (5, -1.82228240966796875000e+02) (6, 4.42640972137451171875e+00) (0, 9.22053873538970947266e-01) (1, -1.40301153063774108887e-01) (2, -1.63299926757812500000e+02) (3, 6.34628534317016601562e+00) (4, 3.82840847969055175781e+00) (5, -7.95637741088867187500e+01) (6, 6.82100415229797363281e-01) (0, 2.65426683425903320312e+00) (1, -2.12367326021194458008e-01) (2, -2.24411605834960937500e+02) (3, 1.73281669616699218750e+01) (4, 1.30752122402191162109e+00) (5, -1.85709838867187500000e+02) (6, 5.92154407501220703125e+00) (0, -2.52028882503509521484e-01) (1, 1.68669685721397399902e-01) (2, 6.69417858123779296875e-01) (3, -5.04301190376281738281e-02) (4, 2.99390312284231185913e-02) (5, 9.00259912014007568359e-02) (6, 4.58807182312011718750e+00) (7, -3.08252429962158203125e+01) (8, 6.10053100585937500000e+01) (9, -3.02576465606689453125e+01) (10, -9.54426750540733337402e-02) (11, 1.02979987859725952148e-01) 
