FANN_FLO_2.1
num_layers=3
learning_rate=0.400000
connection_rate=1.000000
network_type=0
learning_momentum=0.000000
training_algorithm=2
train_error_function=1
train_stop_function=0
cascade_output_change_fraction=0.010000
quickprop_decay=-0.000100
quickprop_mu=1.750000
rprop_increase_factor=1.200000
rprop_decrease_factor=0.500000
rprop_delta_min=0.000000
rprop_delta_max=50.000000
rprop_delta_zero=0.100000
cascade_output_stagnation_epochs=12
cascade_candidate_change_fraction=0.010000
cascade_candidate_stagnation_epochs=12
cascade_max_out_epochs=150
cascade_min_out_epochs=50
cascade_max_cand_epochs=150
cascade_min_cand_epochs=50
cascade_num_candidate_groups=2
bit_fail_limit=3.49999994039535522461e-01
cascade_candidate_limit=1.00000000000000000000e+03
cascade_weight_multiplier=4.00000005960464477539e-01
cascade_activation_functions_count=10
cascade_activation_functions=3 5 7 8 10 11 14 15 16 17 
cascade_activation_steepnesses_count=4
cascade_activation_steepnesses=2.50000000000000000000e-01 5.00000000000000000000e-01 7.50000000000000000000e-01 1.00000000000000000000e+00 
layer_sizes=10 3 2 
scale_included=0
neurons (num_inputs, activation_function, activation_steepness)=(0, 0, 0.00000000000000000000e+00) (0, 0, 0.00000000000000000000e+00) (0, 0, 0.00000000000000000000e+00) (0, 0, 0.00000000000000000000e+00) (0, 0, 0.00000000000000000000e+00) (0, 0, 0.00000000000000000000e+00) (0, 0, 0.00000000000000000000e+00) (0, 0, 0.00000000000000000000e+00) (0, 0, 0.00000000000000000000e+00) (0, 0, 0.00000000000000000000e+00) (10, 3, 5.00000000000000000000e-01) (10, 3, 5.00000000000000000000e-01) (0, 3, 0.00000000000000000000e+00) (3, 3, 5.00000000000000000000e-01) (0, 3, 0.00000000000000000000e+00) 
connections (connected_to_neuron, weight)=(0, 1.66933268308639526367e-01) (1, 6.40885084867477416992e-02) (2, 2.19821393489837646484e-01) (3, 1.23201176524162292480e-01) (4, 3.48915457725524902344e-02) (5, 1.47690504789352416992e-01) (6, 2.09095478057861328125e-02) (7, 1.02050513029098510742e-01) (8, 1.37402087450027465820e-01) (9, 1.93394482135772705078e-01) (0, -1.97791606187820434570e-01) (1, -2.00669258832931518555e-01) (2, -8.18501338362693786621e-02) (3, -1.83355867862701416016e-01) (4, -1.62404283881187438965e-01) (5, -1.93393021821975708008e-01) (6, -1.89018011093139648438e-01) (7, -4.21933606266975402832e-02) (8, -1.03814519941806793213e-01) (9, -3.00462916493415832520e-02) (10, -1.74654394388198852539e-01) (11, -6.07825443148612976074e-02) (12, -1.63835063576698303223e-01) 
