FANN_FLO_2.1
num_layers=4
learning_rate=0.500000
connection_rate=1.000000
network_type=0
learning_momentum=0.000000
training_algorithm=2
train_error_function=1
train_stop_function=0
cascade_output_change_fraction=0.010000
quickprop_decay=-0.000100
quickprop_mu=1.750000
rprop_increase_factor=1.200000
rprop_decrease_factor=0.500000
rprop_delta_min=0.000000
rprop_delta_max=50.000000
rprop_delta_zero=0.100000
cascade_output_stagnation_epochs=12
cascade_candidate_change_fraction=0.010000
cascade_candidate_stagnation_epochs=12
cascade_max_out_epochs=150
cascade_min_out_epochs=50
cascade_max_cand_epochs=150
cascade_min_cand_epochs=50
cascade_num_candidate_groups=2
bit_fail_limit=3.49999994039535522461e-01
cascade_candidate_limit=1.00000000000000000000e+03
cascade_weight_multiplier=4.00000005960464477539e-01
cascade_activation_functions_count=10
cascade_activation_functions=3 5 7 8 10 11 14 15 16 17 
cascade_activation_steepnesses_count=4
cascade_activation_steepnesses=2.50000000000000000000e-01 5.00000000000000000000e-01 7.50000000000000000000e-01 1.00000000000000000000e+00 
layer_sizes=4 5 3 2 
scale_included=0
neurons (num_inputs, activation_function, activation_steepness)=(0, 0, 0.00000000000000000000e+00) (0, 0, 0.00000000000000000000e+00) (0, 0, 0.00000000000000000000e+00) (0, 0, 0.00000000000000000000e+00) (4, 3, 5.00000000000000000000e-01) (4, 3, 5.00000000000000000000e-01) (4, 3, 5.00000000000000000000e-01) (4, 3, 5.00000000000000000000e-01) (0, 3, 0.00000000000000000000e+00) (5, 3, 5.00000000000000000000e-01) (5, 3, 5.00000000000000000000e-01) (0, 3, 0.00000000000000000000e+00) (3, 3, 5.00000000000000000000e-01) (0, 3, 0.00000000000000000000e+00) 
connections (connected_to_neuron, weight)=(0, 4.34909868240356445312e+00) (1, 5.46402740478515625000e+00) (2, 1.85529172420501708984e+00) (3, -5.26706552505493164062e+00) (0, 4.82989692687988281250e+00) (1, 6.77180862426757812500e+00) (2, -1.28252553939819335938e+00) (3, -5.19381237030029296875e+00) (0, 3.69503998756408691406e+00) (1, 6.43344497680664062500e+00) (2, 4.06824016571044921875e+00) (3, -7.00614690780639648438e+00) (0, 5.68065261840820312500e+00) (1, 3.02752780914306640625e+00) (2, 2.84582042694091796875e+00) (3, -6.08475828170776367188e+00) (4, -1.34376847743988037109e+00) (5, 2.09528899192810058594e+00) (6, -1.27746319770812988281e+00) (7, -1.93850743770599365234e+00) (8, 2.04070258140563964844e+00) (4, -7.46137380599975585938e-01) (5, -3.89988732337951660156e+00) (6, -8.43070983886718750000e+00) (7, -1.30958232879638671875e+01) (8, 1.15246219635009765625e+01) (9, -1.26065611839294433594e+00) (10, -3.99361848831176757812e+00) (11, 2.83061480522155761719e+00) 
