FANN_FLO_2.1
num_layers=3
learning_rate=0.500000
connection_rate=1.000000
network_type=0
learning_momentum=0.000000
training_algorithm=2
train_error_function=1
train_stop_function=0
cascade_output_change_fraction=0.010000
quickprop_decay=-0.000100
quickprop_mu=1.750000
rprop_increase_factor=1.200000
rprop_decrease_factor=0.500000
rprop_delta_min=0.000000
rprop_delta_max=50.000000
rprop_delta_zero=0.100000
cascade_output_stagnation_epochs=12
cascade_candidate_change_fraction=0.010000
cascade_candidate_stagnation_epochs=12
cascade_max_out_epochs=150
cascade_min_out_epochs=50
cascade_max_cand_epochs=150
cascade_min_cand_epochs=50
cascade_num_candidate_groups=2
bit_fail_limit=3.49999994039535522461e-01
cascade_candidate_limit=1.00000000000000000000e+03
cascade_weight_multiplier=4.00000005960464477539e-01
cascade_activation_functions_count=10
cascade_activation_functions=3 5 7 8 10 11 14 15 16 17 
cascade_activation_steepnesses_count=4
cascade_activation_steepnesses=2.50000000000000000000e-01 5.00000000000000000000e-01 7.50000000000000000000e-01 1.00000000000000000000e+00 
layer_sizes=3 9 4 
scale_included=0
neurons (num_inputs, activation_function, activation_steepness)=(0, 0, 0.00000000000000000000e+00) (0, 0, 0.00000000000000000000e+00) (0, 0, 0.00000000000000000000e+00) (3, 3, 5.00000000000000000000e-01) (3, 3, 5.00000000000000000000e-01) (3, 3, 5.00000000000000000000e-01) (3, 3, 5.00000000000000000000e-01) (3, 3, 5.00000000000000000000e-01) (3, 3, 5.00000000000000000000e-01) (3, 3, 5.00000000000000000000e-01) (3, 3, 5.00000000000000000000e-01) (0, 3, 0.00000000000000000000e+00) (9, 0, 5.00000000000000000000e-01) (9, 0, 5.00000000000000000000e-01) (9, 0, 5.00000000000000000000e-01) (0, 0, 0.00000000000000000000e+00) 
connections (connected_to_neuron, weight)=(0, -3.80541062355041503906e+00) (1, 1.60043489933013916016e+00) (2, 7.85752058029174804688e-01) (0, -6.50932025909423828125e+00) (1, 3.59885597229003906250e+00) (2, 4.95107507705688476562e+00) (0, -5.37180852890014648438e+00) (1, 5.67414855957031250000e+00) (2, 6.54436302185058593750e+00) (0, -5.00074434280395507812e+00) (1, 1.55642926692962646484e-01) (2, 5.89526712894439697266e-01) (0, -3.29662561416625976562e+00) (1, -1.95797371864318847656e+00) (2, 1.04319369792938232422e+00) (0, -1.70297026634216308594e+00) (1, 2.77361130714416503906e+00) (2, 5.80332100391387939453e-01) (0, -1.94201457500457763672e+00) (1, -3.66948366165161132812e+00) (2, 5.17573893070220947266e-01) (0, -2.99790024757385253906e+00) (1, 4.94018942117691040039e-01) (2, 9.71826493740081787109e-01) (3, 1.08448421955108642578e+00) (4, -4.76727962493896484375e-01) (5, -7.39449799060821533203e-01) (6, 1.13866388797760009766e+00) (7, 2.27347779273986816406e+00) (8, 4.43206214904785156250e+00) (9, 2.45939588546752929688e+00) (10, 8.89879286289215087891e-01) (11, 4.24107648432254791260e-02) (3, 2.94806528091430664062e+00) (4, 2.55936574935913085938e+00) (5, 2.48118472099304199219e+00) (6, 3.03936934471130371094e+00) (7, 6.28967523574829101562e+00) (8, 4.68676710128784179688e+00) (9, 6.70696544647216796875e+00) (10, 2.94013786315917968750e+00) (11, 2.18007707595825195312e+00) (3, 9.27902984619140625000e+00) (4, 1.12529668807983398438e+01) (5, 1.14657764434814453125e+01) (6, 9.28521633148193359375e+00) (7, 2.06718750000000000000e+01) (8, 9.16708946228027343750e+00) (9, 2.10568027496337890625e+01) (10, 9.18309879302978515625e+00) (11, 1.18250932693481445312e+01) 
