FANN_FLO_2.1
num_layers=4
learning_rate=0.500000
connection_rate=1.000000
network_type=0
learning_momentum=0.000000
training_algorithm=2
train_error_function=1
train_stop_function=0
cascade_output_change_fraction=0.010000
quickprop_decay=-0.000100
quickprop_mu=1.750000
rprop_increase_factor=1.200000
rprop_decrease_factor=0.500000
rprop_delta_min=0.000000
rprop_delta_max=50.000000
rprop_delta_zero=0.100000
cascade_output_stagnation_epochs=12
cascade_candidate_change_fraction=0.010000
cascade_candidate_stagnation_epochs=12
cascade_max_out_epochs=150
cascade_min_out_epochs=50
cascade_max_cand_epochs=150
cascade_min_cand_epochs=50
cascade_num_candidate_groups=2
bit_fail_limit=3.49999994039535522461e-01
cascade_candidate_limit=1.00000000000000000000e+03
cascade_weight_multiplier=4.00000005960464477539e-01
cascade_activation_functions_count=10
cascade_activation_functions=3 5 7 8 10 11 14 15 16 17 
cascade_activation_steepnesses_count=4
cascade_activation_steepnesses=2.50000000000000000000e-01 5.00000000000000000000e-01 7.50000000000000000000e-01 1.00000000000000000000e+00 
layer_sizes=4 5 5 2 
scale_included=0
neurons (num_inputs, activation_function, activation_steepness)=(0, 0, 0.00000000000000000000e+00) (0, 0, 0.00000000000000000000e+00) (0, 0, 0.00000000000000000000e+00) (0, 0, 0.00000000000000000000e+00) (4, 3, 5.00000000000000000000e-01) (4, 3, 5.00000000000000000000e-01) (4, 3, 5.00000000000000000000e-01) (4, 3, 5.00000000000000000000e-01) (0, 3, 0.00000000000000000000e+00) (5, 3, 5.00000000000000000000e-01) (5, 3, 5.00000000000000000000e-01) (5, 3, 5.00000000000000000000e-01) (5, 3, 5.00000000000000000000e-01) (0, 3, 0.00000000000000000000e+00) (5, 3, 5.00000000000000000000e-01) (0, 3, 0.00000000000000000000e+00) 
connections (connected_to_neuron, weight)=(0, -3.23230981826782226562e+00) (1, -7.05965614318847656250e+00) (2, 2.44221854209899902344e+00) (3, 2.55685305595397949219e+00) (0, -2.81794452667236328125e+00) (1, 8.31497073173522949219e-01) (2, -3.96872305870056152344e+00) (3, 2.15250205993652343750e+00) (0, -2.90812039375305175781e+00) (1, 1.05470091104507446289e-01) (2, -3.33566594123840332031e+00) (3, 2.07066249847412109375e+00) (0, -3.09010696411132812500e+00) (1, -6.91144800186157226562e+00) (2, 2.50333094596862792969e+00) (3, 1.30773246288299560547e+00) (4, -6.45537793636322021484e-01) (5, -4.68400335311889648438e+00) (6, -6.39885234832763671875e+00) (7, -6.12277984619140625000e-01) (8, 1.72265386581420898438e+00) (4, -7.09590315818786621094e-01) (5, -3.22711491584777832031e+00) (6, -8.69990825653076171875e+00) (7, 1.66405546665191650391e+00) (8, 1.14451575279235839844e+00) (4, 2.51152133941650390625e+00) (5, 8.00509262084960937500e+00) (6, 2.53611230850219726562e+00) (7, -4.63440036773681640625e+00) (8, -1.22095549106597900391e+00) (4, 2.58099136352539062500e+01) (5, 6.02148246765136718750e+00) (6, 9.94562625885009765625e+00) (7, 1.43205070495605468750e+01) (8, -1.24535856246948242188e+01) (9, 2.93634152412414550781e+00) (10, 3.80470490455627441406e+00) (11, 1.49631246924400329590e-01) (12, -2.65253114700317382812e+00) (13, -1.59168466925621032715e-02) 
