FANN_FLO_2.1
num_layers=4
learning_rate=0.300000
connection_rate=1.000000
network_type=0
learning_momentum=0.000000
training_algorithm=2
train_error_function=1
train_stop_function=0
cascade_output_change_fraction=0.010000
quickprop_decay=-0.000100
quickprop_mu=1.750000
rprop_increase_factor=1.200000
rprop_decrease_factor=0.500000
rprop_delta_min=0.000000
rprop_delta_max=50.000000
rprop_delta_zero=0.100000
cascade_output_stagnation_epochs=12
cascade_candidate_change_fraction=0.010000
cascade_candidate_stagnation_epochs=12
cascade_max_out_epochs=150
cascade_min_out_epochs=50
cascade_max_cand_epochs=150
cascade_min_cand_epochs=50
cascade_num_candidate_groups=2
bit_fail_limit=3.49999994039535522461e-01
cascade_candidate_limit=1.00000000000000000000e+03
cascade_weight_multiplier=4.00000005960464477539e-01
cascade_activation_functions_count=10
cascade_activation_functions=3 5 7 8 10 11 14 15 16 17 
cascade_activation_steepnesses_count=4
cascade_activation_steepnesses=2.50000000000000000000e-01 5.00000000000000000000e-01 7.50000000000000000000e-01 1.00000000000000000000e+00 
layer_sizes=2 5 5 3 
scale_included=0
neurons (num_inputs, activation_function, activation_steepness)=(0, 0, 0.00000000000000000000e+00) (0, 0, 0.00000000000000000000e+00) (2, 3, 5.00000000000000000000e-01) (2, 3, 5.00000000000000000000e-01) (2, 3, 5.00000000000000000000e-01) (2, 3, 5.00000000000000000000e-01) (0, 3, 0.00000000000000000000e+00) (5, 3, 5.00000000000000000000e-01) (5, 3, 5.00000000000000000000e-01) (5, 3, 5.00000000000000000000e-01) (5, 3, 5.00000000000000000000e-01) (0, 3, 0.00000000000000000000e+00) (5, 0, 5.00000000000000000000e-01) (5, 0, 5.00000000000000000000e-01) (0, 0, 0.00000000000000000000e+00) 
connections (connected_to_neuron, weight)=(0, -4.14834928512573242188e+00) (1, -1.52175545692443847656e+00) (0, 3.64670729637145996094e+00) (1, 5.76998329162597656250e+00) (0, -2.13400211334228515625e+01) (1, -7.75506019592285156250e+00) (0, -9.95102500915527343750e+00) (1, -6.27811288833618164062e+00) (2, -4.70293372869491577148e-01) (3, 3.83782386779785156250e-01) (4, 6.32398080825805664062e+00) (5, -8.60351622104644775391e-02) (6, -1.22665774822235107422e+00) (2, 1.21788077056407928467e-01) (3, -6.94579660892486572266e-01) (4, 5.41114425659179687500e+00) (5, 2.28042960166931152344e+00) (6, -2.98689037561416625977e-01) (2, 3.27238231897354125977e-01) (3, 4.66756373643875122070e-01) (4, 3.90557551383972167969e+00) (5, -3.99297904968261718750e+00) (6, -1.08180260658264160156e+00) (2, 6.18326604366302490234e-01) (3, 8.00074696540832519531e-01) (4, 1.74129056930541992188e+00) (5, -2.53948378562927246094e+00) (6, 3.94223600625991821289e-01) (7, 7.62505382299423217773e-02) (8, 3.95072475075721740723e-02) (9, 2.65045166015625000000e-02) (10, -4.07512485980987548828e-02) (11, -9.70562845468521118164e-02) (7, -6.75012290477752685547e-01) (8, -4.43832576274871826172e-01) (9, -8.04873883724212646484e-01) (10, -4.28774863481521606445e-01) (11, -3.20704847574234008789e-01) 
