FANN_FLO_2.1
num_layers=3
learning_rate=0.500000
connection_rate=1.000000
network_type=0
learning_momentum=0.000000
training_algorithm=2
train_error_function=1
train_stop_function=0
cascade_output_change_fraction=0.010000
quickprop_decay=-0.000100
quickprop_mu=1.750000
rprop_increase_factor=1.200000
rprop_decrease_factor=0.500000
rprop_delta_min=0.000000
rprop_delta_max=50.000000
rprop_delta_zero=0.100000
cascade_output_stagnation_epochs=12
cascade_candidate_change_fraction=0.010000
cascade_candidate_stagnation_epochs=12
cascade_max_out_epochs=150
cascade_min_out_epochs=50
cascade_max_cand_epochs=150
cascade_min_cand_epochs=50
cascade_num_candidate_groups=2
bit_fail_limit=3.49999994039535522461e-01
cascade_candidate_limit=1.00000000000000000000e+03
cascade_weight_multiplier=4.00000005960464477539e-01
cascade_activation_functions_count=10
cascade_activation_functions=3 5 7 8 10 11 14 15 16 17 
cascade_activation_steepnesses_count=4
cascade_activation_steepnesses=2.50000000000000000000e-01 5.00000000000000000000e-01 7.50000000000000000000e-01 1.00000000000000000000e+00 
layer_sizes=7 9 2 
scale_included=0
neurons (num_inputs, activation_function, activation_steepness)=(0, 0, 0.00000000000000000000e+00) (0, 0, 0.00000000000000000000e+00) (0, 0, 0.00000000000000000000e+00) (0, 0, 0.00000000000000000000e+00) (0, 0, 0.00000000000000000000e+00) (0, 0, 0.00000000000000000000e+00) (0, 0, 0.00000000000000000000e+00) (7, 3, 5.00000000000000000000e-01) (7, 3, 5.00000000000000000000e-01) (7, 3, 5.00000000000000000000e-01) (7, 3, 5.00000000000000000000e-01) (7, 3, 5.00000000000000000000e-01) (7, 3, 5.00000000000000000000e-01) (7, 3, 5.00000000000000000000e-01) (7, 3, 5.00000000000000000000e-01) (0, 3, 0.00000000000000000000e+00) (9, 0, 5.00000000000000000000e-01) (0, 0, 0.00000000000000000000e+00) 
connections (connected_to_neuron, weight)=(0, -1.15764217376708984375e+01) (1, -2.34859418869018554688e+00) (2, -8.76083068847656250000e+02) (3, -1.53840303421020507812e+01) (4, -2.57666759490966796875e+01) (5, -2.21728458404541015625e+01) (6, -1.27256178855895996094e+00) (0, -3.31235048361122608185e-03) (1, -9.59001407027244567871e-02) (2, 7.35347941517829895020e-02) (3, 1.30252614617347717285e-01) (4, -2.34572857618331909180e-01) (5, 1.66917577385902404785e-01) (6, -2.48247885704040527344e+00) (0, -2.34794092178344726562e+00) (1, -2.44196820259094238281e+00) (2, -3.26810760498046875000e+01) (3, 5.30903279781341552734e-01) (4, -2.32510967254638671875e+01) (5, 2.07583065032958984375e+01) (6, -2.32099294662475585938e+00) (0, -5.75755786895751953125e+00) (1, -3.12025189399719238281e+00) (2, -7.50984985351562500000e+02) (3, -3.75030403137207031250e+01) (4, -9.53394699096679687500e+01) (5, -5.28593078613281250000e+02) (6, -1.30184662342071533203e+00) (0, -7.95511770248413085938e+00) (1, -9.74270641803741455078e-01) (2, 1.19859743118286132812e+01) (3, -1.65619635581970214844e+00) (4, -1.44545669555664062500e+01) (5, 1.05340299606323242188e+01) (6, -1.19654178619384765625e+00) (0, 1.66071147918701171875e+01) (1, -8.44247512817382812500e+01) (2, -1.50000000000000000000e+03) (3, 1.01748542785644531250e+02) (4, -2.05423110961914062500e+02) (5, -1.24376000976562500000e+03) (6, -3.08104723691940307617e-01) (0, 1.65050487518310546875e+01) (1, -8.44092178344726562500e+01) (2, -1.50000000000000000000e+03) (3, 1.01590705871582031250e+02) (4, -2.05393478393554687500e+02) (5, -1.24369396972656250000e+03) (6, -3.75676244497299194336e-01) (0, -2.46304798126220703125e+00) (1, -2.51991128921508789062e+00) (2, -1.16146812438964843750e+01) (3, 5.74356496334075927734e-01) (4, -2.32988491058349609375e+01) (5, 2.06907711029052734375e+01) (6, -2.44159555435180664062e+00) (7, 1.50000000000000000000e+03) (8, 2.15630471706390380859e-01) (9, -4.08748901367187500000e+02) (10, 1.50000000000000000000e+03) (11, -7.71708413958549499512e-02) (12, 1.50000000000000000000e+03) (13, 1.50000000000000000000e+03) (14, -4.08748901367187500000e+02) (15, 1.07914712280035018921e-02) 
