FANN_FLO_2.1
num_layers=4
learning_rate=0.500000
connection_rate=1.000000
network_type=0
learning_momentum=0.000000
training_algorithm=2
train_error_function=1
train_stop_function=0
cascade_output_change_fraction=0.010000
quickprop_decay=-0.000100
quickprop_mu=1.750000
rprop_increase_factor=1.200000
rprop_decrease_factor=0.500000
rprop_delta_min=0.000000
rprop_delta_max=50.000000
rprop_delta_zero=0.100000
cascade_output_stagnation_epochs=12
cascade_candidate_change_fraction=0.010000
cascade_candidate_stagnation_epochs=12
cascade_max_out_epochs=150
cascade_min_out_epochs=50
cascade_max_cand_epochs=150
cascade_min_cand_epochs=50
cascade_num_candidate_groups=2
bit_fail_limit=3.49999994039535522461e-01
cascade_candidate_limit=1.00000000000000000000e+03
cascade_weight_multiplier=4.00000005960464477539e-01
cascade_activation_functions_count=10
cascade_activation_functions=3 5 7 8 10 11 14 15 16 17 
cascade_activation_steepnesses_count=4
cascade_activation_steepnesses=2.50000000000000000000e-01 5.00000000000000000000e-01 7.50000000000000000000e-01 1.00000000000000000000e+00 
layer_sizes=18 3 3 2 
scale_included=0
neurons (num_inputs, activation_function, activation_steepness)=(0, 0, 0.00000000000000000000e+00) (0, 0, 0.00000000000000000000e+00) (0, 0, 0.00000000000000000000e+00) (0, 0, 0.00000000000000000000e+00) (0, 0, 0.00000000000000000000e+00) (0, 0, 0.00000000000000000000e+00) (0, 0, 0.00000000000000000000e+00) (0, 0, 0.00000000000000000000e+00) (0, 0, 0.00000000000000000000e+00) (0, 0, 0.00000000000000000000e+00) (0, 0, 0.00000000000000000000e+00) (0, 0, 0.00000000000000000000e+00) (0, 0, 0.00000000000000000000e+00) (0, 0, 0.00000000000000000000e+00) (0, 0, 0.00000000000000000000e+00) (0, 0, 0.00000000000000000000e+00) (0, 0, 0.00000000000000000000e+00) (0, 0, 0.00000000000000000000e+00) (18, 3, 5.00000000000000000000e-01) (18, 3, 5.00000000000000000000e-01) (0, 3, 0.00000000000000000000e+00) (3, 3, 5.00000000000000000000e-01) (3, 3, 5.00000000000000000000e-01) (0, 3, 0.00000000000000000000e+00) (3, 0, 5.00000000000000000000e-01) (0, 0, 0.00000000000000000000e+00) 
connections (connected_to_neuron, weight)=(0, 6.52397394180297851562e-01) (1, 5.87389707565307617188e-01) (2, 7.71007299423217773438e-01) (3, 8.17456066608428955078e-01) (4, 6.80720746517181396484e-01) (5, -4.30574059486389160156e-01) (6, -8.14047873020172119141e-01) (7, -6.94662988185882568359e-01) (8, 3.18049132823944091797e-01) (9, 6.87031745910644531250e-01) (10, 5.78499257564544677734e-01) (11, 8.69121730327606201172e-01) (12, 7.50789821147918701172e-01) (13, 9.44712698459625244141e-01) (14, 6.33354008197784423828e-01) (15, 9.20099079608917236328e-01) (16, 8.89585793018341064453e-01) (17, -2.89355230331420898438e+00) (0, 7.81136333942413330078e-01) (1, 9.41844880580902099609e-01) (2, 6.42716050148010253906e-01) (3, 7.31978833675384521484e-01) (4, 7.14920401573181152344e-01) (5, -1.03471314907073974609e+00) (6, -6.54835522174835205078e-01) (7, -8.39964389801025390625e-01) (8, -4.13750022649765014648e-01) (9, 7.53176152706146240234e-01) (10, 8.81177663803100585938e-01) (11, 5.50418615341186523438e-01) (12, 6.21737480163574218750e-01) (13, 5.14587938785552978516e-01) (14, 6.12180292606353759766e-01) (15, 4.75736141204833984375e-01) (16, 5.34908950328826904297e-01) (17, -4.61963748931884765625e+00) (18, 2.62259984016418457031e+00) (19, 3.39967560768127441406e+00) (20, -2.05378842353820800781e+00) (18, 2.83381533622741699219e+00) (19, 3.23851585388183593750e+00) (20, -2.01198172569274902344e+00) (21, 6.90187788009643554688e+00) (22, 6.55212068557739257812e+00) (23, 1.57078266143798828125e+00) 
