FANN_FLO_2.1
num_layers=4
learning_rate=0.450000
connection_rate=1.000000
network_type=0
learning_momentum=0.000000
training_algorithm=2
train_error_function=1
train_stop_function=0
cascade_output_change_fraction=0.010000
quickprop_decay=-0.000100
quickprop_mu=1.750000
rprop_increase_factor=1.200000
rprop_decrease_factor=0.500000
rprop_delta_min=0.000000
rprop_delta_max=50.000000
rprop_delta_zero=0.100000
cascade_output_stagnation_epochs=12
cascade_candidate_change_fraction=0.010000
cascade_candidate_stagnation_epochs=12
cascade_max_out_epochs=150
cascade_min_out_epochs=50
cascade_max_cand_epochs=150
cascade_min_cand_epochs=50
cascade_num_candidate_groups=2
bit_fail_limit=3.49999994039535522461e-01
cascade_candidate_limit=1.00000000000000000000e+03
cascade_weight_multiplier=4.00000005960464477539e-01
cascade_activation_functions_count=10
cascade_activation_functions=3 5 7 8 10 11 14 15 16 17 
cascade_activation_steepnesses_count=4
cascade_activation_steepnesses=2.50000000000000000000e-01 5.00000000000000000000e-01 7.50000000000000000000e-01 1.00000000000000000000e+00 
layer_sizes=7 5 5 2 
scale_included=0
neurons (num_inputs, activation_function, activation_steepness)=(0, 0, 0.00000000000000000000e+00) (0, 0, 0.00000000000000000000e+00) (0, 0, 0.00000000000000000000e+00) (0, 0, 0.00000000000000000000e+00) (0, 0, 0.00000000000000000000e+00) (0, 0, 0.00000000000000000000e+00) (0, 0, 0.00000000000000000000e+00) (7, 3, 5.00000000000000000000e-01) (7, 3, 5.00000000000000000000e-01) (7, 3, 5.00000000000000000000e-01) (7, 3, 5.00000000000000000000e-01) (0, 3, 0.00000000000000000000e+00) (5, 3, 5.00000000000000000000e-01) (5, 3, 5.00000000000000000000e-01) (5, 3, 5.00000000000000000000e-01) (5, 3, 5.00000000000000000000e-01) (0, 3, 0.00000000000000000000e+00) (5, 0, 5.00000000000000000000e-01) (0, 0, 0.00000000000000000000e+00) 
connections (connected_to_neuron, weight)=(0, -5.66676391601562500000e+02) (1, -1.70876178741455078125e+01) (2, -9.59190368652343750000e+02) (3, -6.96913269042968750000e+02) (4, -8.84049255371093750000e+02) (5, -9.59190368652343750000e+02) (6, -1.19032311439514160156e+00) (0, 3.57971012592315673828e-01) (1, 5.83083927631378173828e-01) (2, -3.65042001008987426758e-01) (3, -3.95227372646331787109e-02) (4, 8.67370292544364929199e-02) (5, -4.81458663940429687500e-01) (6, -7.68672561645507812500e+00) (0, 3.74197885394096374512e-02) (1, 3.77575337886810302734e-01) (2, 6.99383795261383056641e-01) (3, -2.20245301723480224609e-01) (4, 2.99857735633850097656e-01) (5, 7.08541393280029296875e-01) (6, -4.05586290359497070312e+00) (0, -1.71993732452392578125e-01) (1, -2.19561383128166198730e-01) (2, -4.32593077421188354492e-01) (3, 1.82552710175514221191e-01) (4, 8.72317701578140258789e-04) (5, 4.26325082778930664062e-01) (6, -7.61214971542358398438e-01) (7, 1.50000000000000000000e+03) (8, 7.93192148208618164062e-01) (9, -2.05109834671020507812e+00) (10, -1.39633691406250000000e+03) (11, -9.18703913688659667969e-01) (7, 1.50000000000000000000e+03) (8, -1.40122412109375000000e+03) (9, -1.27150231933593750000e+03) (10, -2.75342498779296875000e+02) (11, -2.08864942193031311035e-01) (7, 1.50000000000000000000e+03) (8, -1.29060607910156250000e+03) (9, -2.35563781738281250000e+02) (10, 2.56295433044433593750e+01) (11, -5.31206578016281127930e-02) (7, 1.50000000000000000000e+03) (8, -2.16992683410644531250e+01) (9, 1.98402233123779296875e+01) (10, 7.01618194580078125000e-02) (11, 1.75424194335937500000e+00) (12, 3.57277542352676391602e-02) (13, 2.69440307617187500000e+02) (14, 2.81267272949218750000e+02) (15, -1.65525581687688827515e-02) (16, 2.68913209438323974609e-02) 
