FANN_FLO_2.1
num_layers=4
learning_rate=0.450000
connection_rate=1.000000
network_type=0
learning_momentum=0.000000
training_algorithm=2
train_error_function=1
train_stop_function=0
cascade_output_change_fraction=0.010000
quickprop_decay=-0.000100
quickprop_mu=1.750000
rprop_increase_factor=1.200000
rprop_decrease_factor=0.500000
rprop_delta_min=0.000000
rprop_delta_max=50.000000
rprop_delta_zero=0.100000
cascade_output_stagnation_epochs=12
cascade_candidate_change_fraction=0.010000
cascade_candidate_stagnation_epochs=12
cascade_max_out_epochs=150
cascade_min_out_epochs=50
cascade_max_cand_epochs=150
cascade_min_cand_epochs=50
cascade_num_candidate_groups=2
bit_fail_limit=3.49999994039535522461e-01
cascade_candidate_limit=1.00000000000000000000e+03
cascade_weight_multiplier=4.00000005960464477539e-01
cascade_activation_functions_count=10
cascade_activation_functions=3 5 7 8 10 11 14 15 16 17 
cascade_activation_steepnesses_count=4
cascade_activation_steepnesses=2.50000000000000000000e-01 5.00000000000000000000e-01 7.50000000000000000000e-01 1.00000000000000000000e+00 
layer_sizes=7 3 3 2 
scale_included=0
neurons (num_inputs, activation_function, activation_steepness)=(0, 0, 0.00000000000000000000e+00) (0, 0, 0.00000000000000000000e+00) (0, 0, 0.00000000000000000000e+00) (0, 0, 0.00000000000000000000e+00) (0, 0, 0.00000000000000000000e+00) (0, 0, 0.00000000000000000000e+00) (0, 0, 0.00000000000000000000e+00) (7, 3, 5.00000000000000000000e-01) (7, 3, 5.00000000000000000000e-01) (0, 3, 0.00000000000000000000e+00) (3, 3, 5.00000000000000000000e-01) (3, 3, 5.00000000000000000000e-01) (0, 3, 0.00000000000000000000e+00) (3, 0, 5.00000000000000000000e-01) (0, 0, 0.00000000000000000000e+00) 
connections (connected_to_neuron, weight)=(0, 2.49117031693458557129e-01) (1, 4.69743072986602783203e-01) (2, -9.70952451229095458984e-01) (3, 4.63950842618942260742e-01) (4, 2.89133518934249877930e-01) (5, -1.00195431709289550781e+00) (6, 4.32874250411987304688e+00) (0, -2.98458725214004516602e-01) (1, 6.31718575954437255859e-01) (2, -2.01384335756301879883e-01) (3, 2.42861941456794738770e-01) (4, 5.40475130081176757812e-01) (5, -7.25590825080871582031e-01) (6, 6.47023737430572509766e-01) (7, -4.80348634719848632812e+00) (8, -2.24371623992919921875e+00) (9, -3.66438329219818115234e-02) (7, -2.20851135253906250000e+00) (8, -2.10812538862228393555e-01) (9, 6.59867703914642333984e-01) (10, 9.12813603878021240234e-01) (11, -1.40997990965843200684e-01) (12, 3.43264862895011901855e-02) 
