FANN_FLO_2.1
num_layers=4
learning_rate=0.500000
connection_rate=1.000000
network_type=0
learning_momentum=0.000000
training_algorithm=2
train_error_function=1
train_stop_function=0
cascade_output_change_fraction=0.010000
quickprop_decay=-0.000100
quickprop_mu=1.750000
rprop_increase_factor=1.200000
rprop_decrease_factor=0.500000
rprop_delta_min=0.000000
rprop_delta_max=50.000000
rprop_delta_zero=0.100000
cascade_output_stagnation_epochs=12
cascade_candidate_change_fraction=0.010000
cascade_candidate_stagnation_epochs=12
cascade_max_out_epochs=150
cascade_min_out_epochs=50
cascade_max_cand_epochs=150
cascade_min_cand_epochs=50
cascade_num_candidate_groups=2
bit_fail_limit=3.49999994039535522461e-01
cascade_candidate_limit=1.00000000000000000000e+03
cascade_weight_multiplier=4.00000005960464477539e-01
cascade_activation_functions_count=10
cascade_activation_functions=3 5 7 8 10 11 14 15 16 17 
cascade_activation_steepnesses_count=4
cascade_activation_steepnesses=2.50000000000000000000e-01 5.00000000000000000000e-01 7.50000000000000000000e-01 1.00000000000000000000e+00 
layer_sizes=4 5 5 2 
scale_included=0
neurons (num_inputs, activation_function, activation_steepness)=(0, 0, 0.00000000000000000000e+00) (0, 0, 0.00000000000000000000e+00) (0, 0, 0.00000000000000000000e+00) (0, 0, 0.00000000000000000000e+00) (4, 3, 5.00000000000000000000e-01) (4, 3, 5.00000000000000000000e-01) (4, 3, 5.00000000000000000000e-01) (4, 3, 5.00000000000000000000e-01) (0, 3, 0.00000000000000000000e+00) (5, 3, 5.00000000000000000000e-01) (5, 3, 5.00000000000000000000e-01) (5, 3, 5.00000000000000000000e-01) (5, 3, 5.00000000000000000000e-01) (0, 3, 0.00000000000000000000e+00) (5, 3, 5.00000000000000000000e-01) (0, 3, 0.00000000000000000000e+00) 
connections (connected_to_neuron, weight)=(0, -3.68600296974182128906e+00) (1, -3.43207836151123046875e+00) (2, -1.20879030227661132812e+00) (3, 2.61334872245788574219e+00) (0, -1.40992331504821777344e+00) (1, -1.32129182815551757812e+01) (2, 1.94949734210968017578e+00) (3, 1.42501926422119140625e+00) (0, -4.23770761489868164062e+00) (1, -3.84797978401184082031e+00) (2, -1.54629373550415039062e+00) (3, 2.93096017837524414062e+00) (0, -1.19551634788513183594e+00) (1, -1.39526510238647460938e+01) (2, 2.26694989204406738281e+00) (3, 2.82157588005065917969e+00) (4, 3.03650684356689453125e+01) (5, -6.16873407363891601562e+00) (6, 1.40913324356079101562e+01) (7, 7.49804353713989257812e+00) (8, -8.99929428100585937500e+00) (4, 2.19915485382080078125e+01) (5, -3.49490332603454589844e+00) (6, 2.31559391021728515625e+01) (7, 8.14026546478271484375e+00) (8, -8.94851303100585937500e+00) (4, 3.23666381835937500000e+01) (5, -3.60744953155517578125e+00) (6, 1.77679214477539062500e+01) (7, 7.37368249893188476562e+00) (8, -1.00658912658691406250e+01) (4, -4.44488906860351562500e+01) (5, 1.73139755249023437500e+02) (6, -1.03192777633666992188e+01) (7, 2.28233089447021484375e+01) (8, -6.43022835254669189453e-01) (9, -1.52983677387237548828e+00) (10, -2.00463986396789550781e+00) (11, -2.92942595481872558594e+00) (12, 2.56463432312011718750e+00) (13, 1.68433201313018798828e+00) 
