FANN_FLO_2.1
num_layers=4
learning_rate=0.450000
connection_rate=1.000000
network_type=0
learning_momentum=0.000000
training_algorithm=2
train_error_function=1
train_stop_function=0
cascade_output_change_fraction=0.010000
quickprop_decay=-0.000100
quickprop_mu=1.750000
rprop_increase_factor=1.200000
rprop_decrease_factor=0.500000
rprop_delta_min=0.000000
rprop_delta_max=50.000000
rprop_delta_zero=0.100000
cascade_output_stagnation_epochs=12
cascade_candidate_change_fraction=0.010000
cascade_candidate_stagnation_epochs=12
cascade_max_out_epochs=150
cascade_min_out_epochs=50
cascade_max_cand_epochs=150
cascade_min_cand_epochs=50
cascade_num_candidate_groups=2
bit_fail_limit=3.49999994039535522461e-01
cascade_candidate_limit=1.00000000000000000000e+03
cascade_weight_multiplier=4.00000005960464477539e-01
cascade_activation_functions_count=10
cascade_activation_functions=3 5 7 8 10 11 14 15 16 17 
cascade_activation_steepnesses_count=4
cascade_activation_steepnesses=2.50000000000000000000e-01 5.00000000000000000000e-01 7.50000000000000000000e-01 1.00000000000000000000e+00 
layer_sizes=7 5 5 2 
scale_included=0
neurons (num_inputs, activation_function, activation_steepness)=(0, 0, 0.00000000000000000000e+00) (0, 0, 0.00000000000000000000e+00) (0, 0, 0.00000000000000000000e+00) (0, 0, 0.00000000000000000000e+00) (0, 0, 0.00000000000000000000e+00) (0, 0, 0.00000000000000000000e+00) (0, 0, 0.00000000000000000000e+00) (7, 3, 5.00000000000000000000e-01) (7, 3, 5.00000000000000000000e-01) (7, 3, 5.00000000000000000000e-01) (7, 3, 5.00000000000000000000e-01) (0, 3, 0.00000000000000000000e+00) (5, 3, 5.00000000000000000000e-01) (5, 3, 5.00000000000000000000e-01) (5, 3, 5.00000000000000000000e-01) (5, 3, 5.00000000000000000000e-01) (0, 3, 0.00000000000000000000e+00) (5, 0, 5.00000000000000000000e-01) (0, 0, 0.00000000000000000000e+00) 
connections (connected_to_neuron, weight)=(0, 5.64584553241729736328e-01) (1, -1.67300260066986083984e+00) (2, 3.83358925580978393555e-01) (3, 6.97435617446899414062e-01) (4, -1.46164095401763916016e+00) (5, 5.37656545639038085938e-01) (6, -2.83022952079772949219e+00) (0, -1.50000000000000000000e+03) (1, -1.50000000000000000000e+03) (2, -1.50000000000000000000e+03) (3, -1.50000000000000000000e+03) (4, -1.50000000000000000000e+03) (5, -1.50000000000000000000e+03) (6, -1.50000000000000000000e+03) (0, 1.93938508629798889160e-01) (1, -1.07248634099960327148e-01) (2, -4.95723277330398559570e-01) (3, 1.97600170969963073730e-01) (4, -4.15596038103103637695e-01) (5, -1.76212087273597717285e-01) (6, -4.51841875910758972168e-02) (0, 9.46871787309646606445e-02) (1, -4.89020407199859619141e-01) (2, 1.64407342672348022461e-01) (3, 2.25701078772544860840e-01) (4, -4.49205428361892700195e-01) (5, 7.61298611760139465332e-02) (6, -4.10644531250000000000e-01) (7, 1.61743640899658203125e+01) (8, 1.50000000000000000000e+03) (9, -1.99914474487304687500e+01) (10, 3.75937652587890625000e+01) (11, -1.00504426956176757812e+01) (7, 4.89709510803222656250e+01) (8, 1.50000000000000000000e+03) (9, 3.07904720306396484375e+00) (10, -6.61933183670043945312e-01) (11, -6.78051042556762695312e+00) (7, 1.23210554122924804688e+01) (8, 1.50000000000000000000e+03) (9, 9.65744554996490478516e-01) (10, -4.68010854721069335938e+00) (11, -3.20505172014236450195e-01) (7, -5.35421037673950195312e+00) (8, 1.50000000000000000000e+03) (9, 1.55569732189178466797e+00) (10, -3.04862642288208007812e+00) (11, -3.73951137065887451172e-01) (12, -1.15033221244812011719e+00) (13, 8.94867837429046630859e-01) (14, 3.15086245536804199219e-01) (15, -1.98062554001808166504e-01) (16, -4.44173887372016906738e-02) 
