FANN_FLO_2.1
num_layers=3
learning_rate=0.500000
connection_rate=1.000000
network_type=0
learning_momentum=0.000000
training_algorithm=2
train_error_function=1
train_stop_function=0
cascade_output_change_fraction=0.010000
quickprop_decay=-0.000100
quickprop_mu=1.750000
rprop_increase_factor=1.200000
rprop_decrease_factor=0.500000
rprop_delta_min=0.000000
rprop_delta_max=50.000000
rprop_delta_zero=0.100000
cascade_output_stagnation_epochs=12
cascade_candidate_change_fraction=0.010000
cascade_candidate_stagnation_epochs=12
cascade_max_out_epochs=150
cascade_min_out_epochs=50
cascade_max_cand_epochs=150
cascade_min_cand_epochs=50
cascade_num_candidate_groups=2
bit_fail_limit=3.49999994039535522461e-01
cascade_candidate_limit=1.00000000000000000000e+03
cascade_weight_multiplier=4.00000005960464477539e-01
cascade_activation_functions_count=10
cascade_activation_functions=3 5 7 8 10 11 14 15 16 17 
cascade_activation_steepnesses_count=4
cascade_activation_steepnesses=2.50000000000000000000e-01 5.00000000000000000000e-01 7.50000000000000000000e-01 1.00000000000000000000e+00 
layer_sizes=10 5 2 
scale_included=0
neurons (num_inputs, activation_function, activation_steepness)=(0, 0, 0.00000000000000000000e+00) (0, 0, 0.00000000000000000000e+00) (0, 0, 0.00000000000000000000e+00) (0, 0, 0.00000000000000000000e+00) (0, 0, 0.00000000000000000000e+00) (0, 0, 0.00000000000000000000e+00) (0, 0, 0.00000000000000000000e+00) (0, 0, 0.00000000000000000000e+00) (0, 0, 0.00000000000000000000e+00) (0, 0, 0.00000000000000000000e+00) (10, 3, 5.00000000000000000000e-01) (10, 3, 5.00000000000000000000e-01) (10, 3, 5.00000000000000000000e-01) (10, 3, 5.00000000000000000000e-01) (0, 3, 0.00000000000000000000e+00) (5, 3, 5.00000000000000000000e-01) (0, 3, 0.00000000000000000000e+00) 
connections (connected_to_neuron, weight)=(0, -6.10914170742034912109e-01) (1, -4.68233406543731689453e-01) (2, -5.01237690448760986328e-01) (3, -4.37433570623397827148e-01) (4, -1.92796587944030761719e-01) (5, -4.60801988840103149414e-01) (6, -5.51740884780883789062e-01) (7, -4.52009469270706176758e-01) (8, -4.31789457798004150391e-01) (9, 1.40102040767669677734e+00) (0, -3.86991292238235473633e-01) (1, -4.70901578664779663086e-01) (2, -4.83062148094177246094e-01) (3, -4.80584800243377685547e-01) (4, -4.67781573534011840820e-01) (5, -5.07779359817504882812e-01) (6, -1.98804140090942382812e-01) (7, -7.23601400852203369141e-01) (8, -6.77531957626342773438e-01) (9, 2.02195549011230468750e+00) (0, -4.89052534103393554688e-01) (1, -5.60171067714691162109e-01) (2, -4.56373661756515502930e-01) (3, -4.57937836647033691406e-01) (4, -2.41518884897232055664e-01) (5, -3.49010974168777465820e-01) (6, -6.79432749748229980469e-01) (7, -3.48657816648483276367e-01) (8, -2.75136440992355346680e-01) (9, 9.61376726627349853516e-01) (0, -3.32373440265655517578e-01) (1, -3.37085932493209838867e-01) (2, -3.92906218767166137695e-01) (3, -4.38338547945022583008e-01) (4, -9.27493512630462646484e-01) (5, -4.63023751974105834961e-01) (6, -3.92804145812988281250e-01) (7, -3.02490353584289550781e-01) (8, -4.26368683576583862305e-01) (9, 1.52455174922943115234e+00) (10, -1.25704467296600341797e+00) (11, -1.05433332920074462891e+00) (12, -1.14169609546661376953e+00) (13, -1.02333676815032958984e+00) (14, 1.62528634071350097656e+00) 
