FANN_FLO_2.1
num_layers=3
learning_rate=0.400000
connection_rate=1.000000
network_type=0
learning_momentum=0.000000
training_algorithm=2
train_error_function=1
train_stop_function=0
cascade_output_change_fraction=0.010000
quickprop_decay=-0.000100
quickprop_mu=1.750000
rprop_increase_factor=1.200000
rprop_decrease_factor=0.500000
rprop_delta_min=0.000000
rprop_delta_max=50.000000
rprop_delta_zero=0.100000
cascade_output_stagnation_epochs=12
cascade_candidate_change_fraction=0.010000
cascade_candidate_stagnation_epochs=12
cascade_max_out_epochs=150
cascade_min_out_epochs=50
cascade_max_cand_epochs=150
cascade_min_cand_epochs=50
cascade_num_candidate_groups=2
bit_fail_limit=3.49999994039535522461e-01
cascade_candidate_limit=1.00000000000000000000e+03
cascade_weight_multiplier=4.00000005960464477539e-01
cascade_activation_functions_count=10
cascade_activation_functions=3 5 7 8 10 11 14 15 16 17 
cascade_activation_steepnesses_count=4
cascade_activation_steepnesses=2.50000000000000000000e-01 5.00000000000000000000e-01 7.50000000000000000000e-01 1.00000000000000000000e+00 
layer_sizes=10 3 2 
scale_included=0
neurons (num_inputs, activation_function, activation_steepness)=(0, 0, 0.00000000000000000000e+00) (0, 0, 0.00000000000000000000e+00) (0, 0, 0.00000000000000000000e+00) (0, 0, 0.00000000000000000000e+00) (0, 0, 0.00000000000000000000e+00) (0, 0, 0.00000000000000000000e+00) (0, 0, 0.00000000000000000000e+00) (0, 0, 0.00000000000000000000e+00) (0, 0, 0.00000000000000000000e+00) (0, 0, 0.00000000000000000000e+00) (10, 3, 5.00000000000000000000e-01) (10, 3, 5.00000000000000000000e-01) (0, 3, 0.00000000000000000000e+00) (3, 3, 5.00000000000000000000e-01) (0, 3, 0.00000000000000000000e+00) 
connections (connected_to_neuron, weight)=(0, 4.56203371286392211914e-02) (1, 1.39241144061088562012e-01) (2, 1.89537554979324340820e-01) (3, 1.07347764074802398682e-01) (4, 1.39692127704620361328e-01) (5, 3.13588082790374755859e-02) (6, 1.01746320724487304688e-01) (7, 5.23863732814788818359e-02) (8, 8.41619744896888732910e-02) (9, 1.77563130855560302734e-01) (0, 1.98416680097579956055e-01) (1, 2.42073982954025268555e-02) (2, 1.33790105581283569336e-01) (3, 7.78587013483047485352e-02) (4, 2.13899135589599609375e-01) (5, 6.54306113719940185547e-02) (6, 7.38865137100219726562e-02) (7, 1.99688911437988281250e-01) (8, 3.71777340769767761230e-02) (9, 1.40689194202423095703e-01) (10, -1.31409436464309692383e-01) (11, -1.96250915527343750000e-01) (12, -1.04124426841735839844e-01) 
