FANN_FLO_2.1
num_layers=4
learning_rate=0.500000
connection_rate=1.000000
network_type=0
learning_momentum=0.000000
training_algorithm=2
train_error_function=1
train_stop_function=0
cascade_output_change_fraction=0.010000
quickprop_decay=-0.000100
quickprop_mu=1.750000
rprop_increase_factor=1.200000
rprop_decrease_factor=0.500000
rprop_delta_min=0.000000
rprop_delta_max=50.000000
rprop_delta_zero=0.100000
cascade_output_stagnation_epochs=12
cascade_candidate_change_fraction=0.010000
cascade_candidate_stagnation_epochs=12
cascade_max_out_epochs=150
cascade_min_out_epochs=50
cascade_max_cand_epochs=150
cascade_min_cand_epochs=50
cascade_num_candidate_groups=2
bit_fail_limit=3.49999994039535522461e-01
cascade_candidate_limit=1.00000000000000000000e+03
cascade_weight_multiplier=4.00000005960464477539e-01
cascade_activation_functions_count=10
cascade_activation_functions=3 5 7 8 10 11 14 15 16 17 
cascade_activation_steepnesses_count=4
cascade_activation_steepnesses=2.50000000000000000000e-01 5.00000000000000000000e-01 7.50000000000000000000e-01 1.00000000000000000000e+00 
layer_sizes=4 5 5 2 
scale_included=0
neurons (num_inputs, activation_function, activation_steepness)=(0, 0, 0.00000000000000000000e+00) (0, 0, 0.00000000000000000000e+00) (0, 0, 0.00000000000000000000e+00) (0, 0, 0.00000000000000000000e+00) (4, 3, 5.00000000000000000000e-01) (4, 3, 5.00000000000000000000e-01) (4, 3, 5.00000000000000000000e-01) (4, 3, 5.00000000000000000000e-01) (0, 3, 0.00000000000000000000e+00) (5, 3, 5.00000000000000000000e-01) (5, 3, 5.00000000000000000000e-01) (5, 3, 5.00000000000000000000e-01) (5, 3, 5.00000000000000000000e-01) (0, 3, 0.00000000000000000000e+00) (5, 3, 5.00000000000000000000e-01) (0, 3, 0.00000000000000000000e+00) 
connections (connected_to_neuron, weight)=(0, -3.54746627807617187500e+00) (1, -1.21191148757934570312e+01) (2, 2.34074068069458007812e+00) (3, 4.74762487411499023438e+00) (0, -2.76374721527099609375e+00) (1, -1.35283050537109375000e+01) (2, 3.30506944656372070312e+00) (3, 4.14544057846069335938e+00) (0, 8.35417079925537109375e+00) (1, -2.32209262847900390625e+01) (2, 1.06425943374633789062e+01) (3, 6.16847634315490722656e-01) (0, -1.20932698249816894531e+00) (1, -1.70815010070800781250e+01) (2, 2.49105501174926757812e+00) (3, 1.10165321826934814453e+00) (4, 1.30559616088867187500e+01) (5, 1.60485229492187500000e+01) (6, -6.07481527328491210938e+00) (7, -1.70737724304199218750e+01) (8, -3.22866058349609375000e+00) (4, 1.85902957916259765625e+01) (5, 1.31978120803833007812e+01) (6, -7.24788713455200195312e+00) (7, -2.26103572845458984375e+01) (8, -2.64295721054077148438e+00) (4, 1.70536441802978515625e+01) (5, 1.38518018722534179688e+01) (6, -6.83610057830810546875e+00) (7, -2.21966400146484375000e+01) (8, -2.79655265808105468750e+00) (4, -1.30499048233032226562e+01) (5, -1.12438936233520507812e+01) (6, 5.34064960479736328125e+00) (7, 1.72891197204589843750e+01) (8, 2.12442421913146972656e+00) (9, -3.76539856195449829102e-01) (10, -1.70253419876098632812e+00) (11, -1.53180980682373046875e+00) (12, 1.03889453411102294922e+00) (13, 1.35988986492156982422e+00) 
