FANN_FLO_2.1
num_layers=3
learning_rate=0.500000
connection_rate=1.000000
network_type=0
learning_momentum=0.000000
training_algorithm=2
train_error_function=1
train_stop_function=0
cascade_output_change_fraction=0.010000
quickprop_decay=-0.000100
quickprop_mu=1.750000
rprop_increase_factor=1.200000
rprop_decrease_factor=0.500000
rprop_delta_min=0.000000
rprop_delta_max=50.000000
rprop_delta_zero=0.100000
cascade_output_stagnation_epochs=12
cascade_candidate_change_fraction=0.010000
cascade_candidate_stagnation_epochs=12
cascade_max_out_epochs=150
cascade_min_out_epochs=50
cascade_max_cand_epochs=150
cascade_min_cand_epochs=50
cascade_num_candidate_groups=2
bit_fail_limit=3.49999994039535522461e-01
cascade_candidate_limit=1.00000000000000000000e+03
cascade_weight_multiplier=4.00000005960464477539e-01
cascade_activation_functions_count=10
cascade_activation_functions=3 5 7 8 10 11 14 15 16 17 
cascade_activation_steepnesses_count=4
cascade_activation_steepnesses=2.50000000000000000000e-01 5.00000000000000000000e-01 7.50000000000000000000e-01 1.00000000000000000000e+00 
layer_sizes=7 9 2 
scale_included=0
neurons (num_inputs, activation_function, activation_steepness)=(0, 0, 0.00000000000000000000e+00) (0, 0, 0.00000000000000000000e+00) (0, 0, 0.00000000000000000000e+00) (0, 0, 0.00000000000000000000e+00) (0, 0, 0.00000000000000000000e+00) (0, 0, 0.00000000000000000000e+00) (0, 0, 0.00000000000000000000e+00) (7, 3, 5.00000000000000000000e-01) (7, 3, 5.00000000000000000000e-01) (7, 3, 5.00000000000000000000e-01) (7, 3, 5.00000000000000000000e-01) (7, 3, 5.00000000000000000000e-01) (7, 3, 5.00000000000000000000e-01) (7, 3, 5.00000000000000000000e-01) (7, 3, 5.00000000000000000000e-01) (0, 3, 0.00000000000000000000e+00) (9, 0, 5.00000000000000000000e-01) (0, 0, 0.00000000000000000000e+00) 
connections (connected_to_neuron, weight)=(0, -2.61022090911865234375e-01) (1, -5.51971197128295898438e+00) (2, -2.09935588836669921875e+01) (3, -3.52620422840118408203e-01) (4, 3.47109909057617187500e+01) (5, -1.14099707031250000000e+03) (6, -6.03822410106658935547e-01) (0, -1.25393402576446533203e+00) (1, -3.18564146757125854492e-01) (2, -4.31551666259765625000e+01) (3, -3.77354234457015991211e-01) (4, -3.73729286193847656250e+01) (5, 6.52322053909301757812e-01) (6, 9.30980873107910156250e+00) (0, -2.39606931805610656738e-01) (1, -2.58682870864868164062e+00) (2, -3.67873840332031250000e+01) (3, 2.72735252380371093750e+01) (4, -1.87343383789062500000e+02) (5, -3.52186660766601562500e+01) (6, -3.41863483190536499023e-01) (0, 2.02764415740966796875e+00) (1, 1.19895582199096679688e+01) (2, 1.98570406436920166016e+00) (3, 2.82235595703125000000e+02) (4, 1.50000000000000000000e+03) (5, 1.50000000000000000000e+03) (6, -5.09167134761810302734e-01) (0, -8.57541337609291076660e-02) (1, 1.06274366378784179688e-01) (2, -1.78855848312377929688e+00) (3, 2.60170727968215942383e-01) (4, -1.18416678905487060547e+00) (5, 6.71060264110565185547e-01) (6, -7.64054536819458007812e-01) (0, 2.12584137916564941406e-01) (1, -7.31026470661163330078e-01) (2, 3.30119967460632324219e-01) (3, 1.90545972436666488647e-02) (4, -1.71704223632812500000e+02) (5, -6.06989324092864990234e-01) (6, 1.15363216400146484375e+00) (0, -9.49086174368858337402e-02) (1, 2.58154392242431640625e-01) (2, -8.26182425022125244141e-01) (3, -9.81203913688659667969e-02) (4, 3.32605481147766113281e-01) (5, -1.11785195767879486084e-01) (6, 8.91816425323486328125e+00) (0, 3.59717607498168945312e-01) (1, -1.84467239379882812500e+01) (2, -5.18138885498046875000e+01) (3, -4.82377484440803527832e-02) (4, -2.67653763294219970703e-01) (5, 1.65039384365081787109e+00) (6, -5.05318820476531982422e-01) (7, 1.25566925048828125000e+02) (8, -1.25000000000000000000e+03) (9, -7.91094359010457992554e-03) (10, 1.15195866674184799194e-02) (11, 1.48414957523345947266e+00) (12, -1.20000000000000000000e+03) (13, -6.61648064851760864258e-02) (14, -1.36619862169027328491e-02) (15, 5.43818958103656768799e-02) 
