FANN_FLO_2.1
num_layers=4
learning_rate=0.300000
connection_rate=1.000000
network_type=0
learning_momentum=0.000000
training_algorithm=2
train_error_function=1
train_stop_function=0
cascade_output_change_fraction=0.010000
quickprop_decay=-0.000100
quickprop_mu=1.750000
rprop_increase_factor=1.200000
rprop_decrease_factor=0.500000
rprop_delta_min=0.000000
rprop_delta_max=50.000000
rprop_delta_zero=0.100000
cascade_output_stagnation_epochs=12
cascade_candidate_change_fraction=0.010000
cascade_candidate_stagnation_epochs=12
cascade_max_out_epochs=150
cascade_min_out_epochs=50
cascade_max_cand_epochs=150
cascade_min_cand_epochs=50
cascade_num_candidate_groups=2
bit_fail_limit=3.49999994039535522461e-01
cascade_candidate_limit=1.00000000000000000000e+03
cascade_weight_multiplier=4.00000005960464477539e-01
cascade_activation_functions_count=10
cascade_activation_functions=3 5 7 8 10 11 14 15 16 17 
cascade_activation_steepnesses_count=4
cascade_activation_steepnesses=2.50000000000000000000e-01 5.00000000000000000000e-01 7.50000000000000000000e-01 1.00000000000000000000e+00 
layer_sizes=2 5 5 3 
scale_included=0
neurons (num_inputs, activation_function, activation_steepness)=(0, 0, 0.00000000000000000000e+00) (0, 0, 0.00000000000000000000e+00) (2, 3, 5.00000000000000000000e-01) (2, 3, 5.00000000000000000000e-01) (2, 3, 5.00000000000000000000e-01) (2, 3, 5.00000000000000000000e-01) (0, 3, 0.00000000000000000000e+00) (5, 3, 5.00000000000000000000e-01) (5, 3, 5.00000000000000000000e-01) (5, 3, 5.00000000000000000000e-01) (5, 3, 5.00000000000000000000e-01) (0, 3, 0.00000000000000000000e+00) (5, 0, 5.00000000000000000000e-01) (5, 0, 5.00000000000000000000e-01) (0, 0, 0.00000000000000000000e+00) 
connections (connected_to_neuron, weight)=(0, 1.50183641910552978516e+00) (1, 6.41202032566070556641e-02) (0, -1.87770061492919921875e+01) (1, -2.60517835617065429688e+00) (0, 1.31968748569488525391e+00) (1, -3.90541732311248779297e-01) (0, 1.31157541275024414062e+00) (1, 2.25680664181709289551e-01) (2, 1.31034199148416519165e-02) (3, 9.20987904071807861328e-01) (4, 1.08788512647151947021e-01) (5, -3.57554145157337188721e-02) (6, 9.74680259823799133301e-02) (2, -1.67962419986724853516e+00) (3, 7.91650731116533279419e-03) (4, -1.06426012516021728516e+00) (5, -1.76485073566436767578e+00) (6, -4.94786769151687622070e-01) (2, -1.32492506504058837891e+00) (3, -2.42419559508562088013e-02) (4, -1.34710884094238281250e+00) (5, -1.51030266284942626953e+00) (6, -5.79733431339263916016e-01) (2, -3.65713238716125488281e-01) (3, 1.90450775623321533203e+00) (4, -5.96333503723144531250e-01) (5, -9.11432445049285888672e-01) (6, -1.00011177361011505127e-01) (7, -1.13138586282730102539e-01) (8, -3.40274900197982788086e-01) (9, -1.85883536934852600098e-01) (10, 4.25037473440170288086e-01) (11, -1.55349925160408020020e-01) (7, -7.29607343673706054688e-01) (8, -5.89338660240173339844e-01) (9, -8.31175267696380615234e-01) (10, -9.93039608001708984375e-01) (11, -5.49708843231201171875e-01) 
