FANN_FLO_2.1
num_layers=3
learning_rate=0.500000
connection_rate=1.000000
network_type=0
learning_momentum=0.000000
training_algorithm=2
train_error_function=1
train_stop_function=0
cascade_output_change_fraction=0.010000
quickprop_decay=-0.000100
quickprop_mu=1.750000
rprop_increase_factor=1.200000
rprop_decrease_factor=0.500000
rprop_delta_min=0.000000
rprop_delta_max=50.000000
rprop_delta_zero=0.100000
cascade_output_stagnation_epochs=12
cascade_candidate_change_fraction=0.010000
cascade_candidate_stagnation_epochs=12
cascade_max_out_epochs=150
cascade_min_out_epochs=50
cascade_max_cand_epochs=150
cascade_min_cand_epochs=50
cascade_num_candidate_groups=2
bit_fail_limit=3.49999994039535522461e-01
cascade_candidate_limit=1.00000000000000000000e+03
cascade_weight_multiplier=4.00000005960464477539e-01
cascade_activation_functions_count=10
cascade_activation_functions=3 5 7 8 10 11 14 15 16 17 
cascade_activation_steepnesses_count=4
cascade_activation_steepnesses=2.50000000000000000000e-01 5.00000000000000000000e-01 7.50000000000000000000e-01 1.00000000000000000000e+00 
layer_sizes=3 5 4 
scale_included=0
neurons (num_inputs, activation_function, activation_steepness)=(0, 0, 0.00000000000000000000e+00) (0, 0, 0.00000000000000000000e+00) (0, 0, 0.00000000000000000000e+00) (3, 3, 5.00000000000000000000e-01) (3, 3, 5.00000000000000000000e-01) (3, 3, 5.00000000000000000000e-01) (3, 3, 5.00000000000000000000e-01) (0, 3, 0.00000000000000000000e+00) (5, 0, 5.00000000000000000000e-01) (5, 0, 5.00000000000000000000e-01) (5, 0, 5.00000000000000000000e-01) (0, 0, 0.00000000000000000000e+00) 
connections (connected_to_neuron, weight)=(0, -2.43380236625671386719e+00) (1, 5.04463970661163330078e-01) (2, 8.88114348053932189941e-02) (0, -1.58955144882202148438e+00) (1, -1.99668896198272705078e+00) (2, 9.10146534442901611328e-01) (0, -1.02107210159301757812e+01) (1, 1.15109205245971679688e+01) (2, 8.44778060913085937500e+00) (0, -9.69184875488281250000e+00) (1, 1.12285251617431640625e+01) (2, -8.56330752372741699219e-01) (3, 4.68925380706787109375e+00) (4, 3.32222795486450195312e+00) (5, 1.04251110553741455078e+00) (6, 7.81132280826568603516e-01) (7, 7.41687655448913574219e-01) (3, 1.15475873947143554688e+01) (4, 1.05899724960327148438e+01) (5, 3.93685984611511230469e+00) (6, 3.67669177055358886719e+00) (7, 3.57014369964599609375e+00) (3, 3.46841468811035156250e+01) (4, 3.53974037170410156250e+01) (5, 1.37579803466796875000e+01) (6, 1.13443384170532226562e+01) (7, 1.67252311706542968750e+01) 
