FANN_FLO_2.1
num_layers=4
learning_rate=0.500000
connection_rate=1.000000
network_type=0
learning_momentum=0.000000
training_algorithm=2
train_error_function=1
train_stop_function=0
cascade_output_change_fraction=0.010000
quickprop_decay=-0.000100
quickprop_mu=1.750000
rprop_increase_factor=1.200000
rprop_decrease_factor=0.500000
rprop_delta_min=0.000000
rprop_delta_max=50.000000
rprop_delta_zero=0.100000
cascade_output_stagnation_epochs=12
cascade_candidate_change_fraction=0.010000
cascade_candidate_stagnation_epochs=12
cascade_max_out_epochs=150
cascade_min_out_epochs=50
cascade_max_cand_epochs=150
cascade_min_cand_epochs=50
cascade_num_candidate_groups=2
bit_fail_limit=3.49999994039535522461e-01
cascade_candidate_limit=1.00000000000000000000e+03
cascade_weight_multiplier=4.00000005960464477539e-01
cascade_activation_functions_count=10
cascade_activation_functions=3 5 7 8 10 11 14 15 16 17 
cascade_activation_steepnesses_count=4
cascade_activation_steepnesses=2.50000000000000000000e-01 5.00000000000000000000e-01 7.50000000000000000000e-01 1.00000000000000000000e+00 
layer_sizes=18 3 3 2 
scale_included=0
neurons (num_inputs, activation_function, activation_steepness)=(0, 0, 0.00000000000000000000e+00) (0, 0, 0.00000000000000000000e+00) (0, 0, 0.00000000000000000000e+00) (0, 0, 0.00000000000000000000e+00) (0, 0, 0.00000000000000000000e+00) (0, 0, 0.00000000000000000000e+00) (0, 0, 0.00000000000000000000e+00) (0, 0, 0.00000000000000000000e+00) (0, 0, 0.00000000000000000000e+00) (0, 0, 0.00000000000000000000e+00) (0, 0, 0.00000000000000000000e+00) (0, 0, 0.00000000000000000000e+00) (0, 0, 0.00000000000000000000e+00) (0, 0, 0.00000000000000000000e+00) (0, 0, 0.00000000000000000000e+00) (0, 0, 0.00000000000000000000e+00) (0, 0, 0.00000000000000000000e+00) (0, 0, 0.00000000000000000000e+00) (18, 3, 5.00000000000000000000e-01) (18, 3, 5.00000000000000000000e-01) (0, 3, 0.00000000000000000000e+00) (3, 3, 5.00000000000000000000e-01) (3, 3, 5.00000000000000000000e-01) (0, 3, 0.00000000000000000000e+00) (3, 0, 5.00000000000000000000e-01) (0, 0, 0.00000000000000000000e+00) 
connections (connected_to_neuron, weight)=(0, 9.87886786460876464844e-01) (1, 1.01746523380279541016e+00) (2, 7.38816380500793457031e-01) (3, 9.52164292335510253906e-01) (4, 7.06722974777221679688e-01) (5, -8.27640831470489501953e-01) (6, -9.31641340255737304688e-01) (7, -9.61759507656097412109e-01) (8, 1.87768265604972839355e-01) (9, 8.54706466197967529297e-01) (10, 7.16154456138610839844e-01) (11, 9.05310928821563720703e-01) (12, 7.90043175220489501953e-01) (13, 1.04126441478729248047e+00) (14, 7.54251480102539062500e-01) (15, 8.86038541793823242188e-01) (16, 8.19449365139007568359e-01) (17, -5.07389259338378906250e+00) (0, 1.13324165344238281250e+00) (1, 1.14130580425262451172e+00) (2, 1.41917610168457031250e+00) (3, 1.60983145236968994141e+00) (4, 1.42440712451934814453e+00) (5, -1.46333074569702148438e+00) (6, -1.29721927642822265625e+00) (7, -1.52054548263549804688e+00) (8, 1.28352880477905273438e-01) (9, 1.06048846244812011719e+00) (10, 1.69802391529083251953e+00) (11, 1.30893504619598388672e+00) (12, 1.23267340660095214844e+00) (13, 1.22543656826019287109e+00) (14, 1.22598242759704589844e+00) (15, 1.24502515792846679688e+00) (16, 1.47980618476867675781e+00) (17, -2.90459418296813964844e+00) (18, 2.18286252021789550781e+00) (19, 2.34387469291687011719e+00) (20, -2.33172082901000976562e+00) (18, 3.44802951812744140625e+00) (19, 1.58105337619781494141e+00) (20, -2.39434814453125000000e+00) (21, 6.51537799835205078125e+00) (22, 7.90587711334228515625e+00) (23, 1.26294100284576416016e+00) 
