FANN_FLO_2.1
num_layers=3
learning_rate=0.500000
connection_rate=1.000000
network_type=0
learning_momentum=0.000000
training_algorithm=2
train_error_function=1
train_stop_function=0
cascade_output_change_fraction=0.010000
quickprop_decay=-0.000100
quickprop_mu=1.750000
rprop_increase_factor=1.200000
rprop_decrease_factor=0.500000
rprop_delta_min=0.000000
rprop_delta_max=50.000000
rprop_delta_zero=0.100000
cascade_output_stagnation_epochs=12
cascade_candidate_change_fraction=0.010000
cascade_candidate_stagnation_epochs=12
cascade_max_out_epochs=150
cascade_min_out_epochs=50
cascade_max_cand_epochs=150
cascade_min_cand_epochs=50
cascade_num_candidate_groups=2
bit_fail_limit=3.49999994039535522461e-01
cascade_candidate_limit=1.00000000000000000000e+03
cascade_weight_multiplier=4.00000005960464477539e-01
cascade_activation_functions_count=10
cascade_activation_functions=3 5 7 8 10 11 14 15 16 17 
cascade_activation_steepnesses_count=4
cascade_activation_steepnesses=2.50000000000000000000e-01 5.00000000000000000000e-01 7.50000000000000000000e-01 1.00000000000000000000e+00 
layer_sizes=7 9 2 
scale_included=0
neurons (num_inputs, activation_function, activation_steepness)=(0, 0, 0.00000000000000000000e+00) (0, 0, 0.00000000000000000000e+00) (0, 0, 0.00000000000000000000e+00) (0, 0, 0.00000000000000000000e+00) (0, 0, 0.00000000000000000000e+00) (0, 0, 0.00000000000000000000e+00) (0, 0, 0.00000000000000000000e+00) (7, 3, 5.00000000000000000000e-01) (7, 3, 5.00000000000000000000e-01) (7, 3, 5.00000000000000000000e-01) (7, 3, 5.00000000000000000000e-01) (7, 3, 5.00000000000000000000e-01) (7, 3, 5.00000000000000000000e-01) (7, 3, 5.00000000000000000000e-01) (7, 3, 5.00000000000000000000e-01) (0, 3, 0.00000000000000000000e+00) (9, 0, 5.00000000000000000000e-01) (0, 0, 0.00000000000000000000e+00) 
connections (connected_to_neuron, weight)=(0, -2.91009008884429931641e-01) (1, 1.42118304967880249023e-01) (2, 2.44229212403297424316e-01) (3, -3.27115237712860107422e-01) (4, 1.92708954215049743652e-01) (5, 2.84897804260253906250e-01) (6, 5.52857458591461181641e-01) (0, 1.94210961461067199707e-01) (1, -1.30271506309509277344e+00) (2, -2.16131240129470825195e-01) (3, 4.36197310686111450195e-01) (4, -1.29825038909912109375e+01) (5, 4.61216531693935394287e-02) (6, 4.26157012939453125000e+02) (0, 1.50000000000000000000e+03) (1, 1.50000000000000000000e+03) (2, 1.50000000000000000000e+03) (3, 1.50000000000000000000e+03) (4, 1.50000000000000000000e+03) (5, 1.50000000000000000000e+03) (6, -2.25339365005493164062e+00) (0, 2.70125746726989746094e-01) (1, 8.11308696866035461426e-02) (2, 7.13672265410423278809e-02) (3, 1.30984812974929809570e-01) (4, -2.42567345499992370605e-01) (5, -3.19948732852935791016e-01) (6, 5.59262931346893310547e-01) (0, 1.50000000000000000000e+03) (1, 1.50000000000000000000e+03) (2, 1.50000000000000000000e+03) (3, 1.50000000000000000000e+03) (4, 1.50000000000000000000e+03) (5, 1.50000000000000000000e+03) (6, -6.43627569079399108887e-02) (0, -1.50000000000000000000e+03) (1, -1.50000000000000000000e+03) (2, -1.50000000000000000000e+03) (3, -1.50000000000000000000e+03) (4, -1.50000000000000000000e+03) (5, -1.50000000000000000000e+03) (6, -3.80842298269271850586e-01) (0, 1.50000000000000000000e+03) (1, 1.50000000000000000000e+03) (2, 1.50000000000000000000e+03) (3, 1.50000000000000000000e+03) (4, 1.50000000000000000000e+03) (5, 1.50000000000000000000e+03) (6, 4.25388336181640625000e-01) (0, 3.03467452526092529297e-01) (1, -4.60519760847091674805e-01) (2, -2.44835212826728820801e-01) (3, 3.48077416419982910156e-01) (4, -3.70532497763633728027e-02) (5, -1.01615436375141143799e-01) (6, 4.12786066532135009766e-01) (7, 1.77371218800544738770e-01) (8, 2.41110786795616149902e-01) (9, -1.42713710665702819824e-01) (10, 1.94861546158790588379e-01) (11, -8.59136283397674560547e-02) (12, 1.50000000000000000000e+03) (13, -1.86978325247764587402e-01) (14, 1.85575380921363830566e-01) (15, -1.54478833079338073730e-01) 
