FANN_FLO_2.1
num_layers=3
learning_rate=0.500000
connection_rate=1.000000
network_type=0
learning_momentum=0.000000
training_algorithm=2
train_error_function=1
train_stop_function=0
cascade_output_change_fraction=0.010000
quickprop_decay=-0.000100
quickprop_mu=1.750000
rprop_increase_factor=1.200000
rprop_decrease_factor=0.500000
rprop_delta_min=0.000000
rprop_delta_max=50.000000
rprop_delta_zero=0.100000
cascade_output_stagnation_epochs=12
cascade_candidate_change_fraction=0.010000
cascade_candidate_stagnation_epochs=12
cascade_max_out_epochs=150
cascade_min_out_epochs=50
cascade_max_cand_epochs=150
cascade_min_cand_epochs=50
cascade_num_candidate_groups=2
bit_fail_limit=3.49999994039535522461e-01
cascade_candidate_limit=1.00000000000000000000e+03
cascade_weight_multiplier=4.00000005960464477539e-01
cascade_activation_functions_count=10
cascade_activation_functions=3 5 7 8 10 11 14 15 16 17 
cascade_activation_steepnesses_count=4
cascade_activation_steepnesses=2.50000000000000000000e-01 5.00000000000000000000e-01 7.50000000000000000000e-01 1.00000000000000000000e+00 
layer_sizes=3 5 4 
scale_included=0
neurons (num_inputs, activation_function, activation_steepness)=(0, 0, 0.00000000000000000000e+00) (0, 0, 0.00000000000000000000e+00) (0, 0, 0.00000000000000000000e+00) (3, 3, 5.00000000000000000000e-01) (3, 3, 5.00000000000000000000e-01) (3, 3, 5.00000000000000000000e-01) (3, 3, 5.00000000000000000000e-01) (0, 3, 0.00000000000000000000e+00) (5, 0, 5.00000000000000000000e-01) (5, 0, 5.00000000000000000000e-01) (5, 0, 5.00000000000000000000e-01) (0, 0, 0.00000000000000000000e+00) 
connections (connected_to_neuron, weight)=(0, -8.66166114807128906250e+00) (1, 1.06195240020751953125e+01) (2, 6.49045658111572265625e+00) (0, -1.79530048370361328125e+01) (1, 1.04433641433715820312e+01) (2, 1.28165683746337890625e+01) (0, -1.41252422332763671875e+00) (1, -1.56634926795959472656e+00) (2, 2.93992817401885986328e-01) (0, -2.91696548461914062500e+00) (1, 8.31491470336914062500e-01) (2, -1.16678476333618164062e-01) (3, 1.55556046962738037109e+00) (4, 3.29940319061279296875e-01) (5, 3.87432861328125000000e+00) (6, 4.43076562881469726562e+00) (7, 6.62626326084136962891e-01) (3, 4.72572708129882812500e+00) (4, 2.92947888374328613281e+00) (5, 1.28693504333496093750e+01) (6, 1.06799287796020507812e+01) (7, 3.42617797851562500000e+00) (3, 1.56196918487548828125e+01) (4, 1.01910037994384765625e+01) (5, 4.26293373107910156250e+01) (6, 3.19635276794433593750e+01) (7, 1.60635547637939453125e+01) 
