FANN_FLO_2.1
num_layers=4
learning_rate=0.500000
connection_rate=1.000000
network_type=0
learning_momentum=0.000000
training_algorithm=2
train_error_function=1
train_stop_function=0
cascade_output_change_fraction=0.010000
quickprop_decay=-0.000100
quickprop_mu=1.750000
rprop_increase_factor=1.200000
rprop_decrease_factor=0.500000
rprop_delta_min=0.000000
rprop_delta_max=50.000000
rprop_delta_zero=0.100000
cascade_output_stagnation_epochs=12
cascade_candidate_change_fraction=0.010000
cascade_candidate_stagnation_epochs=12
cascade_max_out_epochs=150
cascade_min_out_epochs=50
cascade_max_cand_epochs=150
cascade_min_cand_epochs=50
cascade_num_candidate_groups=2
bit_fail_limit=3.49999994039535522461e-01
cascade_candidate_limit=1.00000000000000000000e+03
cascade_weight_multiplier=4.00000005960464477539e-01
cascade_activation_functions_count=10
cascade_activation_functions=3 5 7 8 10 11 14 15 16 17 
cascade_activation_steepnesses_count=4
cascade_activation_steepnesses=2.50000000000000000000e-01 5.00000000000000000000e-01 7.50000000000000000000e-01 1.00000000000000000000e+00 
layer_sizes=18 3 3 2 
scale_included=0
neurons (num_inputs, activation_function, activation_steepness)=(0, 0, 0.00000000000000000000e+00) (0, 0, 0.00000000000000000000e+00) (0, 0, 0.00000000000000000000e+00) (0, 0, 0.00000000000000000000e+00) (0, 0, 0.00000000000000000000e+00) (0, 0, 0.00000000000000000000e+00) (0, 0, 0.00000000000000000000e+00) (0, 0, 0.00000000000000000000e+00) (0, 0, 0.00000000000000000000e+00) (0, 0, 0.00000000000000000000e+00) (0, 0, 0.00000000000000000000e+00) (0, 0, 0.00000000000000000000e+00) (0, 0, 0.00000000000000000000e+00) (0, 0, 0.00000000000000000000e+00) (0, 0, 0.00000000000000000000e+00) (0, 0, 0.00000000000000000000e+00) (0, 0, 0.00000000000000000000e+00) (0, 0, 0.00000000000000000000e+00) (18, 3, 5.00000000000000000000e-01) (18, 3, 5.00000000000000000000e-01) (0, 3, 0.00000000000000000000e+00) (3, 3, 5.00000000000000000000e-01) (3, 3, 5.00000000000000000000e-01) (0, 3, 0.00000000000000000000e+00) (3, 0, 5.00000000000000000000e-01) (0, 0, 0.00000000000000000000e+00) 
connections (connected_to_neuron, weight)=(0, 1.01648771762847900391e+00) (1, 1.02128684520721435547e+00) (2, 9.36488389968872070312e-01) (3, 1.07468056678771972656e+00) (4, 8.88288974761962890625e-01) (5, -7.89716303348541259766e-01) (6, -1.13063085079193115234e+00) (7, -9.59125518798828125000e-01) (8, 2.33350954949855804443e-02) (9, 1.01185202598571777344e+00) (10, 9.66736733913421630859e-01) (11, 1.03786885738372802734e+00) (12, 1.02204751968383789062e+00) (13, 1.04142701625823974609e+00) (14, 9.18773949146270751953e-01) (15, 1.07127201557159423828e+00) (16, 9.67192053794860839844e-01) (17, -4.60379600524902343750e+00) (0, 5.55827713012695312500e+00) (1, 2.09227395057678222656e+00) (2, 5.56446695327758789062e+00) (3, 2.82767009735107421875e+00) (4, -1.27737569808959960938e+01) (5, 7.00560760498046875000e+00) (6, -5.93502998352050781250e+00) (7, 1.02905340194702148438e+01) (8, 4.26896429061889648438e+00) (9, 1.04634499549865722656e+00) (10, 1.40351206064224243164e-01) (11, -8.32414686679840087891e-01) (12, -7.62776970863342285156e-01) (13, 1.91938889026641845703e+00) (14, 3.84413146972656250000e+00) (15, 9.70319509506225585938e-01) (16, -8.64831507205963134766e-01) (17, 7.40718096494674682617e-02) (18, 3.99261116981506347656e+00) (19, -1.39724361896514892578e+00) (20, -1.54464280605316162109e+00) (18, 2.05552272796630859375e+01) (19, -1.14695215225219726562e+00) (20, -1.15044605731964111328e+00) (21, 1.09834756851196289062e+01) (22, 3.76771545410156250000e+00) (23, 2.11684083938598632812e+00) 
