FANN_FLO_2.1
num_layers=4
learning_rate=0.300000
connection_rate=1.000000
network_type=0
learning_momentum=0.000000
training_algorithm=2
train_error_function=1
train_stop_function=0
cascade_output_change_fraction=0.010000
quickprop_decay=-0.000100
quickprop_mu=1.750000
rprop_increase_factor=1.200000
rprop_decrease_factor=0.500000
rprop_delta_min=0.000000
rprop_delta_max=50.000000
rprop_delta_zero=0.100000
cascade_output_stagnation_epochs=12
cascade_candidate_change_fraction=0.010000
cascade_candidate_stagnation_epochs=12
cascade_max_out_epochs=150
cascade_min_out_epochs=50
cascade_max_cand_epochs=150
cascade_min_cand_epochs=50
cascade_num_candidate_groups=2
bit_fail_limit=3.49999994039535522461e-01
cascade_candidate_limit=1.00000000000000000000e+03
cascade_weight_multiplier=4.00000005960464477539e-01
cascade_activation_functions_count=10
cascade_activation_functions=3 5 7 8 10 11 14 15 16 17 
cascade_activation_steepnesses_count=4
cascade_activation_steepnesses=2.50000000000000000000e-01 5.00000000000000000000e-01 7.50000000000000000000e-01 1.00000000000000000000e+00 
layer_sizes=2 5 3 3 
scale_included=0
neurons (num_inputs, activation_function, activation_steepness)=(0, 0, 0.00000000000000000000e+00) (0, 0, 0.00000000000000000000e+00) (2, 3, 5.00000000000000000000e-01) (2, 3, 5.00000000000000000000e-01) (2, 3, 5.00000000000000000000e-01) (2, 3, 5.00000000000000000000e-01) (0, 3, 0.00000000000000000000e+00) (5, 3, 5.00000000000000000000e-01) (5, 3, 5.00000000000000000000e-01) (0, 3, 0.00000000000000000000e+00) (3, 0, 5.00000000000000000000e-01) (3, 0, 5.00000000000000000000e-01) (0, 0, 0.00000000000000000000e+00) 
connections (connected_to_neuron, weight)=(0, 2.25958847999572753906e+00) (1, 4.04586553573608398438e+00) (0, 1.21553194522857666016e+00) (1, 7.20236837863922119141e-01) (0, 1.41799080371856689453e+00) (1, -2.58889019489288330078e-01) (0, 2.56186556816101074219e+00) (1, 5.02911472320556640625e+00) (2, -1.15929079055786132812e+00) (3, -7.99631536006927490234e-01) (4, 3.35476726293563842773e-01) (5, -1.15057969093322753906e+00) (6, 2.47234866023063659668e-01) (2, -1.10665607452392578125e+00) (3, -9.35834348201751708984e-01) (4, 1.64141595363616943359e-01) (5, -1.11291337013244628906e+00) (6, 1.42113894224166870117e-01) (7, 9.99178737401962280273e-02) (8, 1.08734145760536193848e-01) (9, -7.54992365837097167969e-02) (7, -1.61586725711822509766e+00) (8, -1.54052531719207763672e+00) (9, -9.52776908874511718750e-01) 
