FANN_FLO_2.1
num_layers=3
learning_rate=0.500000
connection_rate=1.000000
network_type=0
learning_momentum=0.000000
training_algorithm=2
train_error_function=1
train_stop_function=0
cascade_output_change_fraction=0.010000
quickprop_decay=-0.000100
quickprop_mu=1.750000
rprop_increase_factor=1.200000
rprop_decrease_factor=0.500000
rprop_delta_min=0.000000
rprop_delta_max=50.000000
rprop_delta_zero=0.100000
cascade_output_stagnation_epochs=12
cascade_candidate_change_fraction=0.010000
cascade_candidate_stagnation_epochs=12
cascade_max_out_epochs=150
cascade_min_out_epochs=50
cascade_max_cand_epochs=150
cascade_min_cand_epochs=50
cascade_num_candidate_groups=2
bit_fail_limit=3.49999994039535522461e-01
cascade_candidate_limit=1.00000000000000000000e+03
cascade_weight_multiplier=4.00000005960464477539e-01
cascade_activation_functions_count=10
cascade_activation_functions=3 5 7 8 10 11 14 15 16 17 
cascade_activation_steepnesses_count=4
cascade_activation_steepnesses=2.50000000000000000000e-01 5.00000000000000000000e-01 7.50000000000000000000e-01 1.00000000000000000000e+00 
layer_sizes=7 9 2 
scale_included=0
neurons (num_inputs, activation_function, activation_steepness)=(0, 0, 0.00000000000000000000e+00) (0, 0, 0.00000000000000000000e+00) (0, 0, 0.00000000000000000000e+00) (0, 0, 0.00000000000000000000e+00) (0, 0, 0.00000000000000000000e+00) (0, 0, 0.00000000000000000000e+00) (0, 0, 0.00000000000000000000e+00) (7, 3, 5.00000000000000000000e-01) (7, 3, 5.00000000000000000000e-01) (7, 3, 5.00000000000000000000e-01) (7, 3, 5.00000000000000000000e-01) (7, 3, 5.00000000000000000000e-01) (7, 3, 5.00000000000000000000e-01) (7, 3, 5.00000000000000000000e-01) (7, 3, 5.00000000000000000000e-01) (0, 3, 0.00000000000000000000e+00) (9, 0, 5.00000000000000000000e-01) (0, 0, 0.00000000000000000000e+00) 
connections (connected_to_neuron, weight)=(0, 2.25943756103515625000e+00) (1, 2.69067955017089843750e+00) (2, 5.24272399902343750000e+02) (3, 1.01997070312500000000e+03) (4, 3.01826143264770507812e+00) (5, 1.07460156250000000000e+03) (6, -3.01600635051727294922e-01) (0, -1.68669462203979492188e+00) (1, -3.82954441010951995850e-02) (2, -7.75056381225585937500e+01) (3, -2.99674224853515625000e+01) (4, -2.70449191331863403320e-01) (5, 3.28169708251953125000e+01) (6, -2.94950097799301147461e-01) (0, -2.93906126171350479126e-03) (1, -2.75639202445745468140e-02) (2, -7.61836469173431396484e-01) (3, 1.00514620542526245117e-01) (4, 6.26842558383941650391e-01) (5, -8.83886963129043579102e-03) (6, -2.70653128623962402344e-01) (0, -1.30995988845825195312e+00) (1, 1.33387649059295654297e+00) (2, 1.62874202728271484375e+01) (3, -2.57183194160461425781e+00) (4, -4.06297445297241210938e-01) (5, -1.24473123550415039062e+01) (6, -3.94085556268692016602e-01) (0, -2.04635882377624511719e+00) (1, 9.38544034957885742188e-01) (2, 2.81333327293395996094e-01) (3, 1.81385743618011474609e+00) (4, -2.70343136787414550781e+00) (5, 5.83979368209838867188e-01) (6, -7.58215856552124023438e+00) (0, -9.28904235363006591797e-01) (1, -1.30609810352325439453e+00) (2, -8.63224029541015625000e-01) (3, -4.15295867919921875000e+01) (4, 2.62367153167724609375e+00) (5, 4.52525215148925781250e+01) (6, -6.01151406764984130859e-01) (0, -5.50770092010498046875e+00) (1, -8.32163143157958984375e+00) (2, 1.59730587005615234375e+01) (3, -2.46604442596435546875e+01) (4, -3.53603124618530273438e+00) (5, -2.65200386047363281250e+01) (6, -2.79844713211059570312e+00) (0, -1.77058148384094238281e+00) (1, -1.70680856704711914062e+00) (2, -5.69675521850585937500e+01) (3, -6.05081863403320312500e+01) (4, -1.69451963901519775391e+00) (5, -4.88561782836914062500e+01) (6, -1.20566450059413909912e-01) (7, 2.84148156642913818359e-02) (8, -1.20976610183715820312e+01) (9, -1.36384844779968261719e-01) (10, -1.18096597492694854736e-01) (11, 4.56321358680725097656e-01) (12, -1.15137008666992187500e+02) (13, -1.02326042175292968750e+02) (14, -1.45000000000000000000e+03) (15, 1.36083662509918212891e-01) 
