FANN_FLO_2.1
num_layers=4
learning_rate=0.300000
connection_rate=1.000000
network_type=0
learning_momentum=0.000000
training_algorithm=2
train_error_function=1
train_stop_function=0
cascade_output_change_fraction=0.010000
quickprop_decay=-0.000100
quickprop_mu=1.750000
rprop_increase_factor=1.200000
rprop_decrease_factor=0.500000
rprop_delta_min=0.000000
rprop_delta_max=50.000000
rprop_delta_zero=0.100000
cascade_output_stagnation_epochs=12
cascade_candidate_change_fraction=0.010000
cascade_candidate_stagnation_epochs=12
cascade_max_out_epochs=150
cascade_min_out_epochs=50
cascade_max_cand_epochs=150
cascade_min_cand_epochs=50
cascade_num_candidate_groups=2
bit_fail_limit=3.49999994039535522461e-01
cascade_candidate_limit=1.00000000000000000000e+03
cascade_weight_multiplier=4.00000005960464477539e-01
cascade_activation_functions_count=10
cascade_activation_functions=3 5 7 8 10 11 14 15 16 17 
cascade_activation_steepnesses_count=4
cascade_activation_steepnesses=2.50000000000000000000e-01 5.00000000000000000000e-01 7.50000000000000000000e-01 1.00000000000000000000e+00 
layer_sizes=2 5 3 3 
scale_included=0
neurons (num_inputs, activation_function, activation_steepness)=(0, 0, 0.00000000000000000000e+00) (0, 0, 0.00000000000000000000e+00) (2, 3, 5.00000000000000000000e-01) (2, 3, 5.00000000000000000000e-01) (2, 3, 5.00000000000000000000e-01) (2, 3, 5.00000000000000000000e-01) (0, 3, 0.00000000000000000000e+00) (5, 3, 5.00000000000000000000e-01) (5, 3, 5.00000000000000000000e-01) (0, 3, 0.00000000000000000000e+00) (3, 0, 5.00000000000000000000e-01) (3, 0, 5.00000000000000000000e-01) (0, 0, 0.00000000000000000000e+00) 
connections (connected_to_neuron, weight)=(0, -1.14493727684020996094e+00) (1, -3.80816245079040527344e+00) (0, -1.85920345783233642578e+00) (1, -4.10396432876586914062e+00) (0, -4.31118488311767578125e+00) (1, -8.72473430633544921875e+00) (0, -1.23498702049255371094e+00) (1, -3.58939552307128906250e+00) (2, -1.68650829792022705078e+00) (3, 1.93449556827545166016e+00) (4, 1.96814250946044921875e+00) (5, 7.76772871613502502441e-02) (6, -1.52956098318099975586e-01) (2, 8.78420889377593994141e-01) (3, 1.31888163089752197266e+00) (4, 1.37278544902801513672e+00) (5, 7.64380037784576416016e-01) (6, -7.09819495677947998047e-01) (7, 2.18814201653003692627e-02) (8, -1.15493714809417724609e-01) (9, 6.97988271713256835938e-03) (7, -7.74013221263885498047e-01) (8, -1.10366427898406982422e+00) (9, -5.93061625957489013672e-01) 
