FANN_FLO_2.1
num_layers=3
learning_rate=0.500000
connection_rate=1.000000
network_type=0
learning_momentum=0.000000
training_algorithm=2
train_error_function=1
train_stop_function=0
cascade_output_change_fraction=0.010000
quickprop_decay=-0.000100
quickprop_mu=1.750000
rprop_increase_factor=1.200000
rprop_decrease_factor=0.500000
rprop_delta_min=0.000000
rprop_delta_max=50.000000
rprop_delta_zero=0.100000
cascade_output_stagnation_epochs=12
cascade_candidate_change_fraction=0.010000
cascade_candidate_stagnation_epochs=12
cascade_max_out_epochs=150
cascade_min_out_epochs=50
cascade_max_cand_epochs=150
cascade_min_cand_epochs=50
cascade_num_candidate_groups=2
bit_fail_limit=3.49999994039535522461e-01
cascade_candidate_limit=1.00000000000000000000e+03
cascade_weight_multiplier=4.00000005960464477539e-01
cascade_activation_functions_count=10
cascade_activation_functions=3 5 7 8 10 11 14 15 16 17 
cascade_activation_steepnesses_count=4
cascade_activation_steepnesses=2.50000000000000000000e-01 5.00000000000000000000e-01 7.50000000000000000000e-01 1.00000000000000000000e+00 
layer_sizes=7 9 2 
scale_included=0
neurons (num_inputs, activation_function, activation_steepness)=(0, 0, 0.00000000000000000000e+00) (0, 0, 0.00000000000000000000e+00) (0, 0, 0.00000000000000000000e+00) (0, 0, 0.00000000000000000000e+00) (0, 0, 0.00000000000000000000e+00) (0, 0, 0.00000000000000000000e+00) (0, 0, 0.00000000000000000000e+00) (7, 3, 5.00000000000000000000e-01) (7, 3, 5.00000000000000000000e-01) (7, 3, 5.00000000000000000000e-01) (7, 3, 5.00000000000000000000e-01) (7, 3, 5.00000000000000000000e-01) (7, 3, 5.00000000000000000000e-01) (7, 3, 5.00000000000000000000e-01) (7, 3, 5.00000000000000000000e-01) (0, 3, 0.00000000000000000000e+00) (9, 0, 5.00000000000000000000e-01) (0, 0, 0.00000000000000000000e+00) 
connections (connected_to_neuron, weight)=(0, -1.98871288299560546875e+01) (1, -7.55702555179595947266e-01) (2, -9.63339233398437500000e+00) (3, -5.53581905364990234375e+00) (4, 2.02633762359619140625e+01) (5, -1.24768692016601562500e+02) (6, -8.12067985534667968750e-01) (0, 1.77914336323738098145e-01) (1, 2.52735638618469238281e+00) (2, 1.50000000000000000000e+03) (3, -2.54575729370117187500e+00) (4, -4.50338244438171386719e-01) (5, 1.50000000000000000000e+03) (6, -1.82806861400604248047e+00) (0, 7.97333478927612304688e+00) (1, -3.64915313720703125000e+01) (2, -1.50000000000000000000e+03) (3, -1.36859312057495117188e+01) (4, -5.02966651916503906250e+01) (5, -1.50000000000000000000e+03) (6, -3.49097400903701782227e-01) (0, -4.86682495117187500000e+02) (1, -3.66532096862792968750e+01) (2, -1.50000000000000000000e+03) (3, -3.30119689941406250000e+02) (4, 4.68652984619140625000e+02) (5, -1.50000000000000000000e+03) (6, -2.76993930339813232422e-01) (0, -2.37733726501464843750e+01) (1, 4.19191503524780273438e+00) (2, 1.50000000000000000000e+03) (3, -2.61389827728271484375e+01) (4, 1.63343787193298339844e+00) (5, 1.50000000000000000000e+03) (6, -2.24974408745765686035e-01) (0, -1.22113272547721862793e-01) (1, -1.05622553825378417969e+00) (2, 1.36423611640930175781e+00) (3, 7.74371623992919921875e-02) (4, -3.92787218093872070312e+00) (5, 3.17173266410827636719e+00) (6, -5.21107092499732971191e-02) (0, 4.80227184295654296875e+00) (1, 2.51191437244415283203e-01) (2, -1.27260498046875000000e+03) (3, -2.37121334075927734375e+01) (4, 4.94209938049316406250e+01) (5, -1.12860729980468750000e+03) (6, -3.71853053569793701172e-01) (0, -1.07346048355102539062e+01) (1, -1.43671107292175292969e+00) (2, -1.50000000000000000000e+03) (3, -1.74603939056396484375e+01) (4, 3.66514320373535156250e+01) (5, -1.50000000000000000000e+03) (6, -5.16608834266662597656e-01) (7, 1.67217233683913946152e-03) (8, -1.24001258518546819687e-03) (9, 1.50000000000000000000e+03) (10, 1.50000000000000000000e+03) (11, -5.65415201708674430847e-03) (12, 3.36157903075218200684e-02) (13, 2.37622894928790628910e-04) (14, 6.89017178956419229507e-04) (15, 1.59645713865756988525e-02) 
