FANN_FLO_2.1
num_layers=3
learning_rate=0.400000
connection_rate=1.000000
network_type=0
learning_momentum=0.000000
training_algorithm=2
train_error_function=1
train_stop_function=0
cascade_output_change_fraction=0.010000
quickprop_decay=-0.000100
quickprop_mu=1.750000
rprop_increase_factor=1.200000
rprop_decrease_factor=0.500000
rprop_delta_min=0.000000
rprop_delta_max=50.000000
rprop_delta_zero=0.100000
cascade_output_stagnation_epochs=12
cascade_candidate_change_fraction=0.010000
cascade_candidate_stagnation_epochs=12
cascade_max_out_epochs=150
cascade_min_out_epochs=50
cascade_max_cand_epochs=150
cascade_min_cand_epochs=50
cascade_num_candidate_groups=2
bit_fail_limit=3.49999994039535522461e-01
cascade_candidate_limit=1.00000000000000000000e+03
cascade_weight_multiplier=4.00000005960464477539e-01
cascade_activation_functions_count=10
cascade_activation_functions=3 5 7 8 10 11 14 15 16 17 
cascade_activation_steepnesses_count=4
cascade_activation_steepnesses=2.50000000000000000000e-01 5.00000000000000000000e-01 7.50000000000000000000e-01 1.00000000000000000000e+00 
layer_sizes=10 3 2 
scale_included=0
neurons (num_inputs, activation_function, activation_steepness)=(0, 0, 0.00000000000000000000e+00) (0, 0, 0.00000000000000000000e+00) (0, 0, 0.00000000000000000000e+00) (0, 0, 0.00000000000000000000e+00) (0, 0, 0.00000000000000000000e+00) (0, 0, 0.00000000000000000000e+00) (0, 0, 0.00000000000000000000e+00) (0, 0, 0.00000000000000000000e+00) (0, 0, 0.00000000000000000000e+00) (0, 0, 0.00000000000000000000e+00) (10, 3, 5.00000000000000000000e-01) (10, 3, 5.00000000000000000000e-01) (0, 3, 0.00000000000000000000e+00) (3, 3, 5.00000000000000000000e-01) (0, 3, 0.00000000000000000000e+00) 
connections (connected_to_neuron, weight)=(0, -7.25993439555168151855e-02) (1, -2.17315226793289184570e-01) (2, -1.73582270741462707520e-01) (3, -5.83079084753990173340e-02) (4, -7.78475478291511535645e-02) (5, -2.46837362647056579590e-02) (6, -9.85196456313133239746e-02) (7, -3.07703986763954162598e-02) (8, -1.86440289020538330078e-01) (9, -1.21196404099464416504e-01) (0, 1.70351833105087280273e-01) (1, 1.89245343208312988281e-01) (2, 8.58289748430252075195e-02) (3, 6.84930086135864257812e-02) (4, 9.01631116867065429688e-02) (5, 1.13578662276268005371e-01) (6, 1.27537518739700317383e-01) (7, 2.86420732736587524414e-02) (8, 8.10013413429260253906e-02) (9, 8.38426798582077026367e-02) (10, -1.10832951962947845459e-01) (11, -1.92305788397789001465e-01) (12, -5.85476085543632507324e-02) 
