FANN_FLO_2.1
num_layers=3
learning_rate=0.500000
connection_rate=1.000000
network_type=0
learning_momentum=0.000000
training_algorithm=2
train_error_function=1
train_stop_function=0
cascade_output_change_fraction=0.010000
quickprop_decay=-0.000100
quickprop_mu=1.750000
rprop_increase_factor=1.200000
rprop_decrease_factor=0.500000
rprop_delta_min=0.000000
rprop_delta_max=50.000000
rprop_delta_zero=0.100000
cascade_output_stagnation_epochs=12
cascade_candidate_change_fraction=0.010000
cascade_candidate_stagnation_epochs=12
cascade_max_out_epochs=150
cascade_min_out_epochs=50
cascade_max_cand_epochs=150
cascade_min_cand_epochs=50
cascade_num_candidate_groups=2
bit_fail_limit=3.49999994039535522461e-01
cascade_candidate_limit=1.00000000000000000000e+03
cascade_weight_multiplier=4.00000005960464477539e-01
cascade_activation_functions_count=10
cascade_activation_functions=3 5 7 8 10 11 14 15 16 17 
cascade_activation_steepnesses_count=4
cascade_activation_steepnesses=2.50000000000000000000e-01 5.00000000000000000000e-01 7.50000000000000000000e-01 1.00000000000000000000e+00 
layer_sizes=7 9 2 
scale_included=0
neurons (num_inputs, activation_function, activation_steepness)=(0, 0, 0.00000000000000000000e+00) (0, 0, 0.00000000000000000000e+00) (0, 0, 0.00000000000000000000e+00) (0, 0, 0.00000000000000000000e+00) (0, 0, 0.00000000000000000000e+00) (0, 0, 0.00000000000000000000e+00) (0, 0, 0.00000000000000000000e+00) (7, 3, 5.00000000000000000000e-01) (7, 3, 5.00000000000000000000e-01) (7, 3, 5.00000000000000000000e-01) (7, 3, 5.00000000000000000000e-01) (7, 3, 5.00000000000000000000e-01) (7, 3, 5.00000000000000000000e-01) (7, 3, 5.00000000000000000000e-01) (7, 3, 5.00000000000000000000e-01) (0, 3, 0.00000000000000000000e+00) (9, 0, 5.00000000000000000000e-01) (0, 0, 0.00000000000000000000e+00) 
connections (connected_to_neuron, weight)=(0, 5.42146265506744384766e-01) (1, -8.44928741455078125000e+00) (2, 3.78754653930664062500e+01) (3, 5.30331563949584960938e+00) (4, -9.80435119628906250000e+02) (5, 5.18399230957031250000e+02) (6, -6.42533957958221435547e-01) (0, -1.32068708539009094238e-01) (1, 3.97237911820411682129e-02) (2, 7.39509403705596923828e-01) (3, -1.02324664592742919922e-01) (4, 4.79382574558258056641e-02) (5, -4.97679442167282104492e-01) (6, -2.80141711235046386719e-01) (0, -1.39030694961547851562e-01) (1, -1.62921726703643798828e+00) (2, -6.52103200554847717285e-02) (3, -6.06685280799865722656e-01) (4, 3.13285851478576660156e+00) (5, -2.52335715293884277344e+00) (6, 1.27183079719543457031e+00) (0, -1.69377759099006652832e-01) (1, -3.67773270606994628906e+00) (2, 1.14452648162841796875e+01) (3, -2.97214746475219726562e-01) (4, -1.02853019714355468750e+02) (5, 8.27744865417480468750e+00) (6, -6.41873955726623535156e-01) (0, -2.56017446517944335938e-01) (1, -5.66274940967559814453e-01) (2, 1.14819085597991943359e+00) (3, -7.91989624500274658203e-01) (4, -2.80510115623474121094e+00) (5, -1.79086774587631225586e-01) (6, -3.84075969457626342773e-01) (0, -3.12577128410339355469e-01) (1, 2.56506055593490600586e-01) (2, -2.61877846717834472656e+00) (3, 6.73650875687599182129e-02) (4, 7.87599325180053710938e-01) (5, 1.03311729431152343750e+00) (6, 1.02896106243133544922e+00) (0, -1.19175605475902557373e-01) (1, -1.41836270689964294434e-01) (2, 7.40522071719169616699e-02) (3, -2.21914783120155334473e-01) (4, -2.91141343116760253906e+00) (5, -6.69628500938415527344e-01) (6, -4.02476370334625244141e-01) (0, -1.56370759010314941406e-01) (1, -1.02234364021569490433e-03) (2, 1.58101662993431091309e-01) (3, -2.86149799823760986328e-01) (4, -2.34360122680664062500e+00) (5, 1.59875071048736572266e+00) (6, -4.48773741722106933594e-01) (7, -1.62440013885498046875e+00) (8, -5.49814924597740173340e-02) (9, 1.47841377183794975281e-02) (10, 3.81261352539062500000e+02) (11, 3.93716841936111450195e-02) (12, -4.75855022668838500977e-02) (13, -2.39142494201660156250e+01) (14, 5.89245975017547607422e-01) (15, 5.41032776236534118652e-02) 
