FANN_FLO_2.1
num_layers=3
learning_rate=0.500000
connection_rate=1.000000
network_type=0
learning_momentum=0.000000
training_algorithm=2
train_error_function=1
train_stop_function=0
cascade_output_change_fraction=0.010000
quickprop_decay=-0.000100
quickprop_mu=1.750000
rprop_increase_factor=1.200000
rprop_decrease_factor=0.500000
rprop_delta_min=0.000000
rprop_delta_max=50.000000
rprop_delta_zero=0.100000
cascade_output_stagnation_epochs=12
cascade_candidate_change_fraction=0.010000
cascade_candidate_stagnation_epochs=12
cascade_max_out_epochs=150
cascade_min_out_epochs=50
cascade_max_cand_epochs=150
cascade_min_cand_epochs=50
cascade_num_candidate_groups=2
bit_fail_limit=3.49999994039535522461e-01
cascade_candidate_limit=1.00000000000000000000e+03
cascade_weight_multiplier=4.00000005960464477539e-01
cascade_activation_functions_count=10
cascade_activation_functions=3 5 7 8 10 11 14 15 16 17 
cascade_activation_steepnesses_count=4
cascade_activation_steepnesses=2.50000000000000000000e-01 5.00000000000000000000e-01 7.50000000000000000000e-01 1.00000000000000000000e+00 
layer_sizes=10 3 2 
scale_included=0
neurons (num_inputs, activation_function, activation_steepness)=(0, 0, 0.00000000000000000000e+00) (0, 0, 0.00000000000000000000e+00) (0, 0, 0.00000000000000000000e+00) (0, 0, 0.00000000000000000000e+00) (0, 0, 0.00000000000000000000e+00) (0, 0, 0.00000000000000000000e+00) (0, 0, 0.00000000000000000000e+00) (0, 0, 0.00000000000000000000e+00) (0, 0, 0.00000000000000000000e+00) (0, 0, 0.00000000000000000000e+00) (10, 3, 5.00000000000000000000e-01) (10, 3, 5.00000000000000000000e-01) (0, 3, 0.00000000000000000000e+00) (3, 3, 5.00000000000000000000e-01) (0, 3, 0.00000000000000000000e+00) 
connections (connected_to_neuron, weight)=(0, -1.19423158466815948486e-01) (1, -1.41829878091812133789e-01) (2, -1.18300926685333251953e+00) (3, -5.61277866363525390625e-01) (4, 1.13329887390136718750e-01) (5, -1.03871122002601623535e-01) (6, -7.34760701656341552734e-01) (7, -3.65490972995758056641e-01) (8, -8.90254974365234375000e-01) (9, 1.12385249137878417969e+00) (0, -5.86925506591796875000e-01) (1, -6.05587124824523925781e-01) (2, -1.64724856615066528320e-01) (3, -4.08827900886535644531e-01) (4, -6.72727882862091064453e-01) (5, -6.10321879386901855469e-01) (6, -3.44990819692611694336e-01) (7, -5.04247426986694335938e-01) (8, -2.82784581184387207031e-01) (9, 1.57563626766204833984e+00) (10, -1.40476346015930175781e+00) (11, -3.04457306861877441406e+00) (12, 1.56532418727874755859e+00) 
