FANN_FLO_2.1
num_layers=3
learning_rate=0.400000
connection_rate=1.000000
network_type=0
learning_momentum=0.000000
training_algorithm=2
train_error_function=1
train_stop_function=0
cascade_output_change_fraction=0.010000
quickprop_decay=-0.000100
quickprop_mu=1.750000
rprop_increase_factor=1.200000
rprop_decrease_factor=0.500000
rprop_delta_min=0.000000
rprop_delta_max=50.000000
rprop_delta_zero=0.100000
cascade_output_stagnation_epochs=12
cascade_candidate_change_fraction=0.010000
cascade_candidate_stagnation_epochs=12
cascade_max_out_epochs=150
cascade_min_out_epochs=50
cascade_max_cand_epochs=150
cascade_min_cand_epochs=50
cascade_num_candidate_groups=2
bit_fail_limit=3.49999994039535522461e-01
cascade_candidate_limit=1.00000000000000000000e+03
cascade_weight_multiplier=4.00000005960464477539e-01
cascade_activation_functions_count=10
cascade_activation_functions=3 5 7 8 10 11 14 15 16 17 
cascade_activation_steepnesses_count=4
cascade_activation_steepnesses=2.50000000000000000000e-01 5.00000000000000000000e-01 7.50000000000000000000e-01 1.00000000000000000000e+00 
layer_sizes=6 5 2 
scale_included=0
neurons (num_inputs, activation_function, activation_steepness)=(0, 0, 0.00000000000000000000e+00) (0, 0, 0.00000000000000000000e+00) (0, 0, 0.00000000000000000000e+00) (0, 0, 0.00000000000000000000e+00) (0, 0, 0.00000000000000000000e+00) (0, 0, 0.00000000000000000000e+00) (6, 3, 5.00000000000000000000e-01) (6, 3, 5.00000000000000000000e-01) (6, 3, 5.00000000000000000000e-01) (6, 3, 5.00000000000000000000e-01) (0, 3, 0.00000000000000000000e+00) (5, 0, 5.00000000000000000000e-01) (0, 0, 0.00000000000000000000e+00) 
connections (connected_to_neuron, weight)=(0, -1.50000000000000000000e+03) (1, -3.39205383300781250000e+02) (2, 2.10853366851806640625e+01) (3, -7.89123962402343750000e+02) (4, 6.86282014846801757812e+00) (5, 7.50707089900970458984e-01) (0, -1.50000000000000000000e+03) (1, -2.12536525726318359375e+01) (2, 4.41267490386962890625e-01) (3, -4.36766719818115234375e+00) (4, -8.21067333221435546875e-01) (5, -2.23622620105743408203e-01) (0, -1.50000000000000000000e+03) (1, -1.09806053161621093750e+02) (2, 2.16355018615722656250e+01) (3, -1.66993652343750000000e+02) (4, 3.83780455589294433594e+00) (5, 5.18579185009002685547e-01) (0, 1.15060131835937500000e+03) (1, -1.12384277343750000000e+03) (2, -1.29142761230468750000e-01) (3, -4.07351036071777343750e+01) (4, -9.50717866420745849609e-01) (5, -5.38816042244434356689e-02) (6, 2.69350051879882812500e-01) (7, 3.92291545867919921875e+00) (8, 5.94857096672058105469e-01) (9, -5.67628219723701477051e-02) (10, 6.41272187232971191406e-01) 
