FANN_FLO_2.1
num_layers=4
learning_rate=0.450000
connection_rate=1.000000
network_type=0
learning_momentum=0.000000
training_algorithm=2
train_error_function=1
train_stop_function=0
cascade_output_change_fraction=0.010000
quickprop_decay=-0.000100
quickprop_mu=1.750000
rprop_increase_factor=1.200000
rprop_decrease_factor=0.500000
rprop_delta_min=0.000000
rprop_delta_max=50.000000
rprop_delta_zero=0.100000
cascade_output_stagnation_epochs=12
cascade_candidate_change_fraction=0.010000
cascade_candidate_stagnation_epochs=12
cascade_max_out_epochs=150
cascade_min_out_epochs=50
cascade_max_cand_epochs=150
cascade_min_cand_epochs=50
cascade_num_candidate_groups=2
bit_fail_limit=3.49999994039535522461e-01
cascade_candidate_limit=1.00000000000000000000e+03
cascade_weight_multiplier=4.00000005960464477539e-01
cascade_activation_functions_count=10
cascade_activation_functions=3 5 7 8 10 11 14 15 16 17 
cascade_activation_steepnesses_count=4
cascade_activation_steepnesses=2.50000000000000000000e-01 5.00000000000000000000e-01 7.50000000000000000000e-01 1.00000000000000000000e+00 
layer_sizes=7 5 5 2 
scale_included=0
neurons (num_inputs, activation_function, activation_steepness)=(0, 0, 0.00000000000000000000e+00) (0, 0, 0.00000000000000000000e+00) (0, 0, 0.00000000000000000000e+00) (0, 0, 0.00000000000000000000e+00) (0, 0, 0.00000000000000000000e+00) (0, 0, 0.00000000000000000000e+00) (0, 0, 0.00000000000000000000e+00) (7, 3, 5.00000000000000000000e-01) (7, 3, 5.00000000000000000000e-01) (7, 3, 5.00000000000000000000e-01) (7, 3, 5.00000000000000000000e-01) (0, 3, 0.00000000000000000000e+00) (5, 3, 5.00000000000000000000e-01) (5, 3, 5.00000000000000000000e-01) (5, 3, 5.00000000000000000000e-01) (5, 3, 5.00000000000000000000e-01) (0, 3, 0.00000000000000000000e+00) (5, 0, 5.00000000000000000000e-01) (0, 0, 0.00000000000000000000e+00) 
connections (connected_to_neuron, weight)=(0, 8.14953505992889404297e-01) (1, 1.77781875610351562500e+02) (2, 1.39956945800781250000e+03) (3, 7.73216605186462402344e-01) (4, 1.76516132354736328125e+01) (5, 1.50000000000000000000e+03) (6, 6.41826248168945312500e+00) (0, -3.58022153377532958984e-02) (1, 2.90376752614974975586e-01) (2, -3.55853855609893798828e-01) (3, 2.77149647474288940430e-01) (4, 5.89319884777069091797e-01) (5, -7.72132992744445800781e-01) (6, 2.12153267860412597656e+00) (0, 3.16314160823822021484e-01) (1, 4.75554199218750000000e+02) (2, 1.50000000000000000000e+03) (3, 8.24948549270629882812e-01) (4, 1.02079534530639648438e+01) (5, 1.50000000000000000000e+03) (6, 1.01607930660247802734e+00) (0, 3.03942024707794189453e-01) (1, 1.19512993842363357544e-02) (2, -8.50528955459594726562e-01) (3, 4.01246517896652221680e-01) (4, 4.15561407804489135742e-01) (5, -5.35184144973754882812e-01) (6, 5.36285686492919921875e+00) (7, 1.42050015926361083984e+00) (8, -3.17659139633178710938e+00) (9, 9.88064670562744140625e+00) (10, -4.53178405761718750000e+00) (11, 5.06217479705810546875e-01) (7, 2.82292771339416503906e+00) (8, 1.20933068847656250000e+03) (9, 5.97958147525787353516e-01) (10, -2.46729415893554687500e+02) (11, 2.93420523405075073242e-01) (7, 2.22453379631042480469e+00) (8, -4.64797925949096679688e+00) (9, -2.08102479577064514160e-01) (10, 1.26689410209655761719e+00) (11, -2.30994410812854766846e-02) (7, -1.00291174316406250000e+03) (8, -1.10817614746093750000e+03) (9, -1.26503076553344726562e+01) (10, 1.33948645019531250000e+03) (11, -3.81658363342285156250e+00) (12, -8.60912799835205078125e-02) (13, -4.67160232365131378174e-02) (14, 5.63661038875579833984e-01) (15, 1.50000000000000000000e+03) (16, 2.51187980175018310547e-02) 
