FANN_FLO_2.1
num_layers=4
learning_rate=0.500000
connection_rate=1.000000
network_type=0
learning_momentum=0.000000
training_algorithm=2
train_error_function=1
train_stop_function=0
cascade_output_change_fraction=0.010000
quickprop_decay=-0.000100
quickprop_mu=1.750000
rprop_increase_factor=1.200000
rprop_decrease_factor=0.500000
rprop_delta_min=0.000000
rprop_delta_max=50.000000
rprop_delta_zero=0.100000
cascade_output_stagnation_epochs=12
cascade_candidate_change_fraction=0.010000
cascade_candidate_stagnation_epochs=12
cascade_max_out_epochs=150
cascade_min_out_epochs=50
cascade_max_cand_epochs=150
cascade_min_cand_epochs=50
cascade_num_candidate_groups=2
bit_fail_limit=3.49999994039535522461e-01
cascade_candidate_limit=1.00000000000000000000e+03
cascade_weight_multiplier=4.00000005960464477539e-01
cascade_activation_functions_count=10
cascade_activation_functions=3 5 7 8 10 11 14 15 16 17 
cascade_activation_steepnesses_count=4
cascade_activation_steepnesses=2.50000000000000000000e-01 5.00000000000000000000e-01 7.50000000000000000000e-01 1.00000000000000000000e+00 
layer_sizes=4 5 5 2 
scale_included=0
neurons (num_inputs, activation_function, activation_steepness)=(0, 0, 0.00000000000000000000e+00) (0, 0, 0.00000000000000000000e+00) (0, 0, 0.00000000000000000000e+00) (0, 0, 0.00000000000000000000e+00) (4, 3, 5.00000000000000000000e-01) (4, 3, 5.00000000000000000000e-01) (4, 3, 5.00000000000000000000e-01) (4, 3, 5.00000000000000000000e-01) (0, 3, 0.00000000000000000000e+00) (5, 3, 5.00000000000000000000e-01) (5, 3, 5.00000000000000000000e-01) (5, 3, 5.00000000000000000000e-01) (5, 3, 5.00000000000000000000e-01) (0, 3, 0.00000000000000000000e+00) (5, 3, 5.00000000000000000000e-01) (0, 3, 0.00000000000000000000e+00) 
connections (connected_to_neuron, weight)=(0, -6.28932476043701171875e-01) (1, -1.23046516418457031250e+02) (2, 7.48622894287109375000e+01) (3, 1.69926929473876953125e+00) (0, -3.80094504356384277344e+00) (1, -5.67039251327514648438e+00) (2, -8.39271485805511474609e-01) (3, 3.60578227043151855469e+00) (0, -6.88339471817016601562e-01) (1, -1.20933799743652343750e+02) (2, 7.33842010498046875000e+01) (3, 1.74436879158020019531e+00) (0, -4.65016555786132812500e+00) (1, -5.07860088348388671875e+00) (2, -2.45553225278854370117e-01) (3, 3.61174988746643066406e+00) (4, -2.42728400230407714844e+00) (5, 1.78888168334960937500e+01) (6, -1.62047302722930908203e+00) (7, 2.27968215942382812500e+01) (8, -8.78723430633544921875e+00) (4, 9.21778259277343750000e+01) (5, 1.12028141021728515625e+01) (6, 3.79545135498046875000e+01) (7, 9.08230304718017578125e+00) (8, -4.17148303985595703125e+00) (4, -3.11741709709167480469e+00) (5, 2.24656085968017578125e+01) (6, -3.08456492424011230469e+00) (7, 3.55866889953613281250e+01) (8, -1.21617355346679687500e+01) (4, -3.28063297271728515625e+00) (5, 1.32840080261230468750e+01) (6, -1.90815007686614990234e+00) (7, 3.67245864868164062500e+01) (8, -1.04859294891357421875e+01) (9, -1.25827550888061523438e+00) (10, 3.78571748733520507812e-01) (11, -1.78197205066680908203e+00) (12, -1.46905577182769775391e+00) (13, 1.89421784877777099609e+00) 
