FANN_FLO_2.1
num_layers=3
learning_rate=0.500000
connection_rate=1.000000
network_type=0
learning_momentum=0.000000
training_algorithm=2
train_error_function=1
train_stop_function=0
cascade_output_change_fraction=0.010000
quickprop_decay=-0.000100
quickprop_mu=1.750000
rprop_increase_factor=1.200000
rprop_decrease_factor=0.500000
rprop_delta_min=0.000000
rprop_delta_max=50.000000
rprop_delta_zero=0.100000
cascade_output_stagnation_epochs=12
cascade_candidate_change_fraction=0.010000
cascade_candidate_stagnation_epochs=12
cascade_max_out_epochs=150
cascade_min_out_epochs=50
cascade_max_cand_epochs=150
cascade_min_cand_epochs=50
cascade_num_candidate_groups=2
bit_fail_limit=3.49999994039535522461e-01
cascade_candidate_limit=1.00000000000000000000e+03
cascade_weight_multiplier=4.00000005960464477539e-01
cascade_activation_functions_count=10
cascade_activation_functions=3 5 7 8 10 11 14 15 16 17 
cascade_activation_steepnesses_count=4
cascade_activation_steepnesses=2.50000000000000000000e-01 5.00000000000000000000e-01 7.50000000000000000000e-01 1.00000000000000000000e+00 
layer_sizes=10 3 2 
scale_included=0
neurons (num_inputs, activation_function, activation_steepness)=(0, 0, 0.00000000000000000000e+00) (0, 0, 0.00000000000000000000e+00) (0, 0, 0.00000000000000000000e+00) (0, 0, 0.00000000000000000000e+00) (0, 0, 0.00000000000000000000e+00) (0, 0, 0.00000000000000000000e+00) (0, 0, 0.00000000000000000000e+00) (0, 0, 0.00000000000000000000e+00) (0, 0, 0.00000000000000000000e+00) (0, 0, 0.00000000000000000000e+00) (10, 3, 5.00000000000000000000e-01) (10, 3, 5.00000000000000000000e-01) (0, 3, 0.00000000000000000000e+00) (3, 3, 5.00000000000000000000e-01) (0, 3, 0.00000000000000000000e+00) 
connections (connected_to_neuron, weight)=(0, -3.17264294624328613281e+00) (1, -1.26738464832305908203e+00) (2, -1.00245094299316406250e+00) (3, -9.96828079223632812500e-01) (4, -4.96213436126708984375e-01) (5, -1.08217322826385498047e+00) (6, -7.49148726463317871094e-01) (7, -7.58549690246582031250e-01) (8, -1.83545517921447753906e+00) (9, 7.98121929168701171875e-01) (0, -5.31585991382598876953e-01) (1, -6.09467029571533203125e-01) (2, -5.95497906208038330078e-01) (3, -5.87697446346282958984e-01) (4, -6.01168930530548095703e-01) (5, -6.17095410823822021484e-01) (6, -6.50834143161773681641e-01) (7, -5.92032968997955322266e-01) (8, -6.04775011539459228516e-01) (9, 2.25627303123474121094e+00) (10, -9.70709264278411865234e-01) (11, -3.11900758743286132812e+00) (12, 1.24252760410308837891e+00) 
