FANN_FLO_2.1
num_layers=3
learning_rate=0.500000
connection_rate=1.000000
network_type=0
learning_momentum=0.000000
training_algorithm=2
train_error_function=1
train_stop_function=0
cascade_output_change_fraction=0.010000
quickprop_decay=-0.000100
quickprop_mu=1.750000
rprop_increase_factor=1.200000
rprop_decrease_factor=0.500000
rprop_delta_min=0.000000
rprop_delta_max=50.000000
rprop_delta_zero=0.100000
cascade_output_stagnation_epochs=12
cascade_candidate_change_fraction=0.010000
cascade_candidate_stagnation_epochs=12
cascade_max_out_epochs=150
cascade_min_out_epochs=50
cascade_max_cand_epochs=150
cascade_min_cand_epochs=50
cascade_num_candidate_groups=2
bit_fail_limit=3.49999994039535522461e-01
cascade_candidate_limit=1.00000000000000000000e+03
cascade_weight_multiplier=4.00000005960464477539e-01
cascade_activation_functions_count=10
cascade_activation_functions=3 5 7 8 10 11 14 15 16 17 
cascade_activation_steepnesses_count=4
cascade_activation_steepnesses=2.50000000000000000000e-01 5.00000000000000000000e-01 7.50000000000000000000e-01 1.00000000000000000000e+00 
layer_sizes=7 9 2 
scale_included=0
neurons (num_inputs, activation_function, activation_steepness)=(0, 0, 0.00000000000000000000e+00) (0, 0, 0.00000000000000000000e+00) (0, 0, 0.00000000000000000000e+00) (0, 0, 0.00000000000000000000e+00) (0, 0, 0.00000000000000000000e+00) (0, 0, 0.00000000000000000000e+00) (0, 0, 0.00000000000000000000e+00) (7, 3, 5.00000000000000000000e-01) (7, 3, 5.00000000000000000000e-01) (7, 3, 5.00000000000000000000e-01) (7, 3, 5.00000000000000000000e-01) (7, 3, 5.00000000000000000000e-01) (7, 3, 5.00000000000000000000e-01) (7, 3, 5.00000000000000000000e-01) (7, 3, 5.00000000000000000000e-01) (0, 3, 0.00000000000000000000e+00) (9, 0, 5.00000000000000000000e-01) (0, 0, 0.00000000000000000000e+00) 
connections (connected_to_neuron, weight)=(0, -1.15805327892303466797e+00) (1, -1.43710107421875000000e+03) (2, -1.50000000000000000000e+03) (3, -7.56986923217773437500e+01) (4, -1.45013024902343750000e+03) (5, -1.50000000000000000000e+03) (6, -3.96829783916473388672e-01) (0, 1.00602805614471435547e-01) (1, -2.88793277740478515625e+00) (2, -3.65175902843475341797e-01) (3, 1.12217724323272705078e+00) (4, -2.55035839080810546875e+01) (5, 1.03766431808471679688e+01) (6, 1.74547597765922546387e-01) (0, -1.29934567958116531372e-02) (1, 7.70698785781860351562e-01) (2, -6.50455772876739501953e-01) (3, -1.05180673301219940186e-01) (4, 4.73563671112060546875e-01) (5, -3.59758317470550537109e-01) (6, 2.99765348434448242188e+00) (0, 2.11030051112174987793e-01) (1, -3.02509975433349609375e+00) (2, -5.24475514888763427734e-01) (3, 3.29439818859100341797e-01) (4, -3.74034047126770019531e+00) (5, -7.04109489917755126953e-01) (6, 8.35294604301452636719e-01) (0, -1.00368285179138183594e+00) (1, -1.74466371536254882812e+00) (2, 2.55130577087402343750e+00) (3, -1.03853833675384521484e+00) (4, -1.00541937351226806641e+00) (5, 2.19550156593322753906e+00) (6, -5.68493187427520751953e-01) (0, -1.67199432849884033203e+00) (1, -6.44158935546875000000e+02) (2, -9.09485229492187500000e+02) (3, -9.73515605926513671875e+00) (4, -1.74344421386718750000e+02) (5, -1.73453399658203125000e+02) (6, -4.28157240152359008789e-01) (0, -5.68442642688751220703e-01) (1, -1.50000000000000000000e+03) (2, -1.50000000000000000000e+03) (3, -8.40615081787109375000e+01) (4, -1.50000000000000000000e+03) (5, -1.50000000000000000000e+03) (6, 7.70025253295898437500e-01) (0, -7.25487619638442993164e-02) (1, -6.82735681533813476562e-01) (2, -5.80554366111755371094e-01) (3, 1.35722905397415161133e-01) (4, -4.18216228485107421875e-01) (5, -4.48736816644668579102e-01) (6, 6.46765351295471191406e-01) (7, 1.50000000000000000000e+03) (8, 5.33699560165405273438e+00) (9, -3.40296208858489990234e-01) (10, 9.30983829498291015625e+00) (11, -1.88741147518157958984e-01) (12, 1.50000000000000000000e+03) (13, 1.50000000000000000000e+03) (14, -1.98277544975280761719e+00) (15, 3.63871604204177856445e-01) 
