FANN_FLO_2.1
num_layers=4
learning_rate=0.300000
connection_rate=1.000000
network_type=0
learning_momentum=0.000000
training_algorithm=2
train_error_function=1
train_stop_function=0
cascade_output_change_fraction=0.010000
quickprop_decay=-0.000100
quickprop_mu=1.750000
rprop_increase_factor=1.200000
rprop_decrease_factor=0.500000
rprop_delta_min=0.000000
rprop_delta_max=50.000000
rprop_delta_zero=0.100000
cascade_output_stagnation_epochs=12
cascade_candidate_change_fraction=0.010000
cascade_candidate_stagnation_epochs=12
cascade_max_out_epochs=150
cascade_min_out_epochs=50
cascade_max_cand_epochs=150
cascade_min_cand_epochs=50
cascade_num_candidate_groups=2
bit_fail_limit=3.49999994039535522461e-01
cascade_candidate_limit=1.00000000000000000000e+03
cascade_weight_multiplier=4.00000005960464477539e-01
cascade_activation_functions_count=10
cascade_activation_functions=3 5 7 8 10 11 14 15 16 17 
cascade_activation_steepnesses_count=4
cascade_activation_steepnesses=2.50000000000000000000e-01 5.00000000000000000000e-01 7.50000000000000000000e-01 1.00000000000000000000e+00 
layer_sizes=2 5 5 3 
scale_included=0
neurons (num_inputs, activation_function, activation_steepness)=(0, 0, 0.00000000000000000000e+00) (0, 0, 0.00000000000000000000e+00) (2, 3, 5.00000000000000000000e-01) (2, 3, 5.00000000000000000000e-01) (2, 3, 5.00000000000000000000e-01) (2, 3, 5.00000000000000000000e-01) (0, 3, 0.00000000000000000000e+00) (5, 3, 5.00000000000000000000e-01) (5, 3, 5.00000000000000000000e-01) (5, 3, 5.00000000000000000000e-01) (5, 3, 5.00000000000000000000e-01) (0, 3, 0.00000000000000000000e+00) (5, 0, 5.00000000000000000000e-01) (5, 0, 5.00000000000000000000e-01) (0, 0, 0.00000000000000000000e+00) 
connections (connected_to_neuron, weight)=(0, -9.03705215454101562500e+00) (1, -1.67043685913085937500e+00) (0, -1.01804122924804687500e+01) (1, -2.54018187522888183594e+00) (0, -1.01513786315917968750e+01) (1, -2.52686905860900878906e+00) (0, -1.57389688491821289062e+00) (1, -1.00478267669677734375e+00) (2, 7.06373810768127441406e-01) (3, 6.15375101566314697266e-01) (4, 6.12778544425964355469e-01) (5, -1.68291687965393066406e+00) (6, 2.63332158327102661133e-01) (2, 1.34484037756919860840e-01) (3, 1.15998327732086181641e-01) (4, 1.28792539238929748535e-01) (5, -1.78958535194396972656e+00) (6, -1.90937429666519165039e-01) (2, 8.77531707286834716797e-01) (3, 1.07249057292938232422e+00) (4, 1.01222753524780273438e+00) (5, -2.90631961822509765625e+00) (6, -1.12920677661895751953e+00) (2, 9.03599917888641357422e-01) (3, 9.53709185123443603516e-01) (4, 9.21893537044525146484e-01) (5, -3.41762042045593261719e+00) (6, -6.21912837028503417969e-01) (7, -8.28007683157920837402e-02) (8, -1.25222712755203247070e-01) (9, 2.03007131814956665039e-01) (10, 6.32579401135444641113e-02) (11, -4.54052910208702087402e-02) (7, -6.02478444576263427734e-01) (8, -2.83910244703292846680e-01) (9, -2.09418892860412597656e+00) (10, -6.00747644901275634766e-01) (11, -3.32508683204650878906e-01) 
