FANN_FLO_2.1
num_layers=3
learning_rate=0.500000
connection_rate=1.000000
network_type=0
learning_momentum=0.000000
training_algorithm=2
train_error_function=1
train_stop_function=0
cascade_output_change_fraction=0.010000
quickprop_decay=-0.000100
quickprop_mu=1.750000
rprop_increase_factor=1.200000
rprop_decrease_factor=0.500000
rprop_delta_min=0.000000
rprop_delta_max=50.000000
rprop_delta_zero=0.100000
cascade_output_stagnation_epochs=12
cascade_candidate_change_fraction=0.010000
cascade_candidate_stagnation_epochs=12
cascade_max_out_epochs=150
cascade_min_out_epochs=50
cascade_max_cand_epochs=150
cascade_min_cand_epochs=50
cascade_num_candidate_groups=2
bit_fail_limit=3.49999994039535522461e-01
cascade_candidate_limit=1.00000000000000000000e+03
cascade_weight_multiplier=4.00000005960464477539e-01
cascade_activation_functions_count=10
cascade_activation_functions=3 5 7 8 10 11 14 15 16 17 
cascade_activation_steepnesses_count=4
cascade_activation_steepnesses=2.50000000000000000000e-01 5.00000000000000000000e-01 7.50000000000000000000e-01 1.00000000000000000000e+00 
layer_sizes=3 9 4 
scale_included=0
neurons (num_inputs, activation_function, activation_steepness)=(0, 0, 0.00000000000000000000e+00) (0, 0, 0.00000000000000000000e+00) (0, 0, 0.00000000000000000000e+00) (3, 3, 5.00000000000000000000e-01) (3, 3, 5.00000000000000000000e-01) (3, 3, 5.00000000000000000000e-01) (3, 3, 5.00000000000000000000e-01) (3, 3, 5.00000000000000000000e-01) (3, 3, 5.00000000000000000000e-01) (3, 3, 5.00000000000000000000e-01) (3, 3, 5.00000000000000000000e-01) (0, 3, 0.00000000000000000000e+00) (9, 0, 5.00000000000000000000e-01) (9, 0, 5.00000000000000000000e-01) (9, 0, 5.00000000000000000000e-01) (0, 0, 0.00000000000000000000e+00) 
connections (connected_to_neuron, weight)=(0, -4.25798702239990234375e+00) (1, -1.68338909745216369629e-01) (2, 4.68633413314819335938e-01) (0, -3.26180052757263183594e+00) (1, -2.19197010993957519531e+00) (2, 9.99601066112518310547e-01) (0, -3.04571986198425292969e+00) (1, -5.97136926651000976562e+00) (2, 9.54050660133361816406e-01) (0, -4.06114673614501953125e+00) (1, 1.16356348991394042969e+00) (2, 8.61848592758178710938e-01) (0, -7.35055828094482421875e+00) (1, 1.73465883731842041016e+00) (2, 7.27214860916137695312e+00) (0, -2.32992744445800781250e+00) (1, 2.83670425415039062500e+00) (2, 5.62283992767333984375e-01) (0, 1.04267835617065429688e+00) (1, -2.52763390541076660156e+00) (2, 8.95135688781738281250e+00) (0, -6.67352676391601562500e+00) (1, 4.60873174667358398438e+00) (2, 8.65507316589355468750e+00) (3, 1.57060587406158447266e+00) (4, 2.18853425979614257812e+00) (5, 1.91748511791229248047e+00) (6, 1.81587338447570800781e+00) (7, -8.93585324287414550781e-01) (8, 3.96377944946289062500e+00) (9, 7.84679204225540161133e-02) (10, 2.34952479600906372070e-01) (11, -1.30645427852869033813e-02) (3, 4.62487840652465820312e+00) (4, 6.19231653213500976562e+00) (5, 5.04424524307250976562e+00) (6, 3.95857334136962890625e+00) (7, 2.35542941093444824219e+00) (8, 4.74916124343872070312e+00) (9, 1.82873117923736572266e+00) (10, 2.56223034858703613281e+00) (11, 1.88148307800292968750e+00) (3, 1.34604682922363281250e+01) (4, 2.02673568725585937500e+01) (5, 1.53164005279541015625e+01) (6, 1.35045404434204101562e+01) (7, 8.70520019531250000000e+00) (8, 1.33964900970458984375e+01) (9, 8.69041442871093750000e+00) (10, 8.76441097259521484375e+00) (11, 8.65670013427734375000e+00) 
