FANN_FLO_2.1
num_layers=4
learning_rate=0.450000
connection_rate=1.000000
network_type=0
learning_momentum=0.000000
training_algorithm=2
train_error_function=1
train_stop_function=0
cascade_output_change_fraction=0.010000
quickprop_decay=-0.000100
quickprop_mu=1.750000
rprop_increase_factor=1.200000
rprop_decrease_factor=0.500000
rprop_delta_min=0.000000
rprop_delta_max=50.000000
rprop_delta_zero=0.100000
cascade_output_stagnation_epochs=12
cascade_candidate_change_fraction=0.010000
cascade_candidate_stagnation_epochs=12
cascade_max_out_epochs=150
cascade_min_out_epochs=50
cascade_max_cand_epochs=150
cascade_min_cand_epochs=50
cascade_num_candidate_groups=2
bit_fail_limit=3.49999994039535522461e-01
cascade_candidate_limit=1.00000000000000000000e+03
cascade_weight_multiplier=4.00000005960464477539e-01
cascade_activation_functions_count=10
cascade_activation_functions=3 5 7 8 10 11 14 15 16 17 
cascade_activation_steepnesses_count=4
cascade_activation_steepnesses=2.50000000000000000000e-01 5.00000000000000000000e-01 7.50000000000000000000e-01 1.00000000000000000000e+00 
layer_sizes=7 3 3 2 
scale_included=0
neurons (num_inputs, activation_function, activation_steepness)=(0, 0, 0.00000000000000000000e+00) (0, 0, 0.00000000000000000000e+00) (0, 0, 0.00000000000000000000e+00) (0, 0, 0.00000000000000000000e+00) (0, 0, 0.00000000000000000000e+00) (0, 0, 0.00000000000000000000e+00) (0, 0, 0.00000000000000000000e+00) (7, 3, 5.00000000000000000000e-01) (7, 3, 5.00000000000000000000e-01) (0, 3, 0.00000000000000000000e+00) (3, 3, 5.00000000000000000000e-01) (3, 3, 5.00000000000000000000e-01) (0, 3, 0.00000000000000000000e+00) (3, 0, 5.00000000000000000000e-01) (0, 0, 0.00000000000000000000e+00) 
connections (connected_to_neuron, weight)=(0, -4.39959876239299774170e-02) (1, 3.20166677236557006836e-01) (2, -3.29403072595596313477e-01) (3, -1.11154079437255859375e-01) (4, 4.57253664731979370117e-01) (5, -1.24802254140377044678e-01) (6, 7.09430947899818420410e-02) (0, 4.75718051195144653320e-01) (1, 2.72751301527023315430e-01) (2, -4.55744862556457519531e-01) (3, 9.56317260861396789551e-02) (4, 1.59472599625587463379e-01) (5, -7.73587167263031005859e-01) (6, 4.41889405250549316406e-01) (7, 1.59943461418151855469e+00) (8, -8.09705734252929687500e+00) (9, 6.02898597717285156250e-01) (7, -3.48050165176391601562e+00) (8, -4.87914943695068359375e+00) (9, 4.58415627479553222656e-01) (10, -5.78661501407623291016e-01) (11, 1.02448949813842773438e+01) (12, -2.05959449522197246552e-03) 
