FANN_FLO_2.1
num_layers=3
learning_rate=0.500000
connection_rate=1.000000
network_type=0
learning_momentum=0.000000
training_algorithm=2
train_error_function=1
train_stop_function=0
cascade_output_change_fraction=0.010000
quickprop_decay=-0.000100
quickprop_mu=1.750000
rprop_increase_factor=1.200000
rprop_decrease_factor=0.500000
rprop_delta_min=0.000000
rprop_delta_max=50.000000
rprop_delta_zero=0.100000
cascade_output_stagnation_epochs=12
cascade_candidate_change_fraction=0.010000
cascade_candidate_stagnation_epochs=12
cascade_max_out_epochs=150
cascade_min_out_epochs=50
cascade_max_cand_epochs=150
cascade_min_cand_epochs=50
cascade_num_candidate_groups=2
bit_fail_limit=3.49999994039535522461e-01
cascade_candidate_limit=1.00000000000000000000e+03
cascade_weight_multiplier=4.00000005960464477539e-01
cascade_activation_functions_count=10
cascade_activation_functions=3 5 7 8 10 11 14 15 16 17 
cascade_activation_steepnesses_count=4
cascade_activation_steepnesses=2.50000000000000000000e-01 5.00000000000000000000e-01 7.50000000000000000000e-01 1.00000000000000000000e+00 
layer_sizes=3 9 4 
scale_included=0
neurons (num_inputs, activation_function, activation_steepness)=(0, 0, 0.00000000000000000000e+00) (0, 0, 0.00000000000000000000e+00) (0, 0, 0.00000000000000000000e+00) (3, 3, 5.00000000000000000000e-01) (3, 3, 5.00000000000000000000e-01) (3, 3, 5.00000000000000000000e-01) (3, 3, 5.00000000000000000000e-01) (3, 3, 5.00000000000000000000e-01) (3, 3, 5.00000000000000000000e-01) (3, 3, 5.00000000000000000000e-01) (3, 3, 5.00000000000000000000e-01) (0, 3, 0.00000000000000000000e+00) (9, 0, 5.00000000000000000000e-01) (9, 0, 5.00000000000000000000e-01) (9, 0, 5.00000000000000000000e-01) (0, 0, 0.00000000000000000000e+00) 
connections (connected_to_neuron, weight)=(0, -3.98162460327148437500e+00) (1, 5.16620588302612304688e+00) (2, 5.11678218841552734375e+00) (0, -1.11301815509796142578e+00) (1, -2.65667581558227539062e+00) (2, 8.71032536029815673828e-01) (0, -2.48389530181884765625e+00) (1, 1.34507560729980468750e+00) (2, 8.37935864925384521484e-01) (0, -2.53380393981933593750e+00) (1, 3.04936432838439941406e+00) (2, 3.64502578973770141602e-01) (0, -2.36395812034606933594e+00) (1, -9.94249701499938964844e-01) (2, 6.07624351978302001953e-01) (0, -2.36907792091369628906e+00) (1, 1.26485455036163330078e+00) (2, 1.45358598232269287109e+00) (0, -4.50178384780883789062e+00) (1, 1.30446326732635498047e+00) (2, -1.14846900105476379395e-01) (0, -1.76935100555419921875e+00) (1, 5.16508436203002929688e+00) (2, -5.07038652896881103516e-01) (3, 2.68964841961860656738e-03) (4, 1.99069678783416748047e+00) (5, 6.47957861423492431641e-01) (6, 1.57787716388702392578e+00) (7, 3.46077370643615722656e+00) (8, 8.62139984965324401855e-02) (9, 1.38367688655853271484e+00) (10, 1.46398651599884033203e+00) (11, 1.28785729408264160156e-01) (3, 1.43134438991546630859e+00) (4, 7.84007692337036132812e+00) (5, 2.58976340293884277344e+00) (6, 2.47161960601806640625e+00) (7, 8.43318176269531250000e+00) (8, 3.73585605621337890625e+00) (9, 3.29334616661071777344e+00) (10, 3.54832053184509277344e+00) (11, 1.25907206535339355469e+00) (3, 8.23219108581542968750e+00) (4, 2.68511886596679687500e+01) (5, 1.01943778991699218750e+01) (6, 8.82576465606689453125e+00) (7, 2.69307575225830078125e+01) (8, 8.83237266540527343750e+00) (9, 1.02410354614257812500e+01) (10, 9.12752914428710937500e+00) (11, 7.97486591339111328125e+00) 
