FANN_FLO_2.1
num_layers=3
learning_rate=0.500000
connection_rate=1.000000
network_type=0
learning_momentum=0.000000
training_algorithm=2
train_error_function=1
train_stop_function=0
cascade_output_change_fraction=0.010000
quickprop_decay=-0.000100
quickprop_mu=1.750000
rprop_increase_factor=1.200000
rprop_decrease_factor=0.500000
rprop_delta_min=0.000000
rprop_delta_max=50.000000
rprop_delta_zero=0.100000
cascade_output_stagnation_epochs=12
cascade_candidate_change_fraction=0.010000
cascade_candidate_stagnation_epochs=12
cascade_max_out_epochs=150
cascade_min_out_epochs=50
cascade_max_cand_epochs=150
cascade_min_cand_epochs=50
cascade_num_candidate_groups=2
bit_fail_limit=3.49999994039535522461e-01
cascade_candidate_limit=1.00000000000000000000e+03
cascade_weight_multiplier=4.00000005960464477539e-01
cascade_activation_functions_count=10
cascade_activation_functions=3 5 7 8 10 11 14 15 16 17 
cascade_activation_steepnesses_count=4
cascade_activation_steepnesses=2.50000000000000000000e-01 5.00000000000000000000e-01 7.50000000000000000000e-01 1.00000000000000000000e+00 
layer_sizes=7 5 2 
scale_included=0
neurons (num_inputs, activation_function, activation_steepness)=(0, 0, 0.00000000000000000000e+00) (0, 0, 0.00000000000000000000e+00) (0, 0, 0.00000000000000000000e+00) (0, 0, 0.00000000000000000000e+00) (0, 0, 0.00000000000000000000e+00) (0, 0, 0.00000000000000000000e+00) (0, 0, 0.00000000000000000000e+00) (7, 3, 5.00000000000000000000e-01) (7, 3, 5.00000000000000000000e-01) (7, 3, 5.00000000000000000000e-01) (7, 3, 5.00000000000000000000e-01) (0, 3, 0.00000000000000000000e+00) (5, 0, 5.00000000000000000000e-01) (0, 0, 0.00000000000000000000e+00) 
connections (connected_to_neuron, weight)=(0, 6.17949254810810089111e-02) (1, -9.55667421221733093262e-02) (2, -3.14105041325092315674e-02) (3, -3.83916273713111877441e-02) (4, 5.90633563697338104248e-02) (5, 4.30537685751914978027e-02) (6, -1.03124134242534637451e-01) (0, -2.92764987945556640625e+01) (1, -2.27643322944641113281e+00) (2, -6.96145892143249511719e-01) (3, -8.60412597656250000000e-01) (4, -8.86287927627563476562e-01) (5, -1.47169702148437500000e+03) (6, -6.19653046131134033203e-01) (0, 8.33273530006408691406e-02) (1, -5.11070750653743743896e-02) (2, -1.20108473300933837891e+00) (3, -1.62407130002975463867e-01) (4, -7.35181942582130432129e-02) (5, 1.00837457180023193359e+00) (6, -2.47413769364356994629e-01) (0, -1.45083480834960937500e+02) (1, -3.70803785324096679688e+00) (2, -1.34138190746307373047e+00) (3, -2.18156743049621582031e+00) (4, -2.12876367568969726562e+00) (5, -1.47169702148437500000e+03) (6, -1.49282646179199218750e+00) (7, 1.31776496767997741699e-01) (8, -1.50000000000000000000e+03) (9, -4.94602546095848083496e-02) (10, -5.00000000000000000000e+02) (11, -3.85769680142402648926e-02) 
