FANN_FLO_2.1
num_layers=4
learning_rate=0.500000
connection_rate=1.000000
network_type=0
learning_momentum=0.000000
training_algorithm=2
train_error_function=1
train_stop_function=0
cascade_output_change_fraction=0.010000
quickprop_decay=-0.000100
quickprop_mu=1.750000
rprop_increase_factor=1.200000
rprop_decrease_factor=0.500000
rprop_delta_min=0.000000
rprop_delta_max=50.000000
rprop_delta_zero=0.100000
cascade_output_stagnation_epochs=12
cascade_candidate_change_fraction=0.010000
cascade_candidate_stagnation_epochs=12
cascade_max_out_epochs=150
cascade_min_out_epochs=50
cascade_max_cand_epochs=150
cascade_min_cand_epochs=50
cascade_num_candidate_groups=2
bit_fail_limit=3.49999994039535522461e-01
cascade_candidate_limit=1.00000000000000000000e+03
cascade_weight_multiplier=4.00000005960464477539e-01
cascade_activation_functions_count=10
cascade_activation_functions=3 5 7 8 10 11 14 15 16 17 
cascade_activation_steepnesses_count=4
cascade_activation_steepnesses=2.50000000000000000000e-01 5.00000000000000000000e-01 7.50000000000000000000e-01 1.00000000000000000000e+00 
layer_sizes=4 5 5 2 
scale_included=0
neurons (num_inputs, activation_function, activation_steepness)=(0, 0, 0.00000000000000000000e+00) (0, 0, 0.00000000000000000000e+00) (0, 0, 0.00000000000000000000e+00) (0, 0, 0.00000000000000000000e+00) (4, 3, 5.00000000000000000000e-01) (4, 3, 5.00000000000000000000e-01) (4, 3, 5.00000000000000000000e-01) (4, 3, 5.00000000000000000000e-01) (0, 3, 0.00000000000000000000e+00) (5, 3, 5.00000000000000000000e-01) (5, 3, 5.00000000000000000000e-01) (5, 3, 5.00000000000000000000e-01) (5, 3, 5.00000000000000000000e-01) (0, 3, 0.00000000000000000000e+00) (5, 3, 5.00000000000000000000e-01) (0, 3, 0.00000000000000000000e+00) 
connections (connected_to_neuron, weight)=(0, -2.98313121795654296875e+01) (1, -1.37546596527099609375e+01) (2, 2.03955307006835937500e+01) (3, 6.46074819564819335938e+00) (0, -6.45000854492187500000e+02) (1, -1.28715734863281250000e+03) (2, -4.25757522583007812500e+01) (3, 6.70883655548095703125e-01) (0, -5.48652029037475585938e+00) (1, -5.03963184356689453125e+00) (2, -1.95777904987335205078e+00) (3, 4.46555137634277343750e+00) (0, 5.65195465087890625000e+00) (1, -9.84820175170898437500e+00) (2, -5.86298406124114990234e-01) (3, 6.35288000106811523438e-01) (4, -3.32840180397033691406e+00) (5, -2.50996704101562500000e+01) (6, 3.57966117858886718750e+01) (7, -2.37829613685607910156e+00) (8, -3.72609496116638183594e+00) (4, -3.38002228736877441406e+00) (5, -3.51604003906250000000e+01) (6, 3.72600250244140625000e+01) (7, -2.90075683593750000000e+00) (8, -3.51763534545898437500e+00) (4, -1.50000000000000000000e+03) (5, -1.41118615722656250000e+03) (6, -1.24625903320312500000e+03) (7, 1.50575456619262695312e+01) (8, -2.00059413909912109375e+00) (4, -1.33106184005737304688e+00) (5, -2.34431982040405273438e+00) (6, 9.33491992950439453125e+00) (7, -1.39295625686645507812e+00) (8, -1.55734300613403320312e+00) (9, -1.71515858173370361328e+00) (10, -3.38338708877563476562e+00) (11, -2.23431396484375000000e+00) (12, 1.82247579097747802734e-01) (13, 2.70980334281921386719e+00) 
