FANN_FLO_2.1
num_layers=3
learning_rate=0.500000
connection_rate=1.000000
network_type=0
learning_momentum=0.000000
training_algorithm=2
train_error_function=1
train_stop_function=0
cascade_output_change_fraction=0.010000
quickprop_decay=-0.000100
quickprop_mu=1.750000
rprop_increase_factor=1.200000
rprop_decrease_factor=0.500000
rprop_delta_min=0.000000
rprop_delta_max=50.000000
rprop_delta_zero=0.100000
cascade_output_stagnation_epochs=12
cascade_candidate_change_fraction=0.010000
cascade_candidate_stagnation_epochs=12
cascade_max_out_epochs=150
cascade_min_out_epochs=50
cascade_max_cand_epochs=150
cascade_min_cand_epochs=50
cascade_num_candidate_groups=2
bit_fail_limit=3.49999994039535522461e-01
cascade_candidate_limit=1.00000000000000000000e+03
cascade_weight_multiplier=4.00000005960464477539e-01
cascade_activation_functions_count=10
cascade_activation_functions=3 5 7 8 10 11 14 15 16 17 
cascade_activation_steepnesses_count=4
cascade_activation_steepnesses=2.50000000000000000000e-01 5.00000000000000000000e-01 7.50000000000000000000e-01 1.00000000000000000000e+00 
layer_sizes=3 5 4 
scale_included=0
neurons (num_inputs, activation_function, activation_steepness)=(0, 0, 0.00000000000000000000e+00) (0, 0, 0.00000000000000000000e+00) (0, 0, 0.00000000000000000000e+00) (3, 3, 5.00000000000000000000e-01) (3, 3, 5.00000000000000000000e-01) (3, 3, 5.00000000000000000000e-01) (3, 3, 5.00000000000000000000e-01) (0, 3, 0.00000000000000000000e+00) (5, 0, 5.00000000000000000000e-01) (5, 0, 5.00000000000000000000e-01) (5, 0, 5.00000000000000000000e-01) (0, 0, 0.00000000000000000000e+00) 
connections (connected_to_neuron, weight)=(0, -3.12276315689086914062e+00) (1, 1.22654867172241210938e+00) (2, 1.02683591842651367188e+00) (0, -3.17890000343322753906e+00) (1, -1.14205813407897949219e+00) (2, 1.07537615299224853516e+00) (0, -1.67151200771331787109e+00) (1, -2.60623693466186523438e+00) (2, 3.23318779468536376953e-01) (0, -1.31484146118164062500e+01) (1, 1.16715393066406250000e+01) (2, 1.03708333969116210938e+01) (3, 3.01226091384887695312e+00) (4, 2.90243792533874511719e+00) (5, 3.07108283042907714844e+00) (6, 8.81222069263458251953e-01) (7, 1.25887322425842285156e+00) (3, 8.96838951110839843750e+00) (4, 7.64272975921630859375e+00) (5, 8.69640922546386718750e+00) (6, 4.16686439514160156250e+00) (7, 4.68698549270629882812e+00) (3, 2.67242946624755859375e+01) (4, 2.48911800384521484375e+01) (5, 2.80353279113769531250e+01) (6, 1.33396348953247070312e+01) (7, 2.16016178131103515625e+01) 
