FANN_FLO_2.1
num_layers=4
learning_rate=0.450000
connection_rate=1.000000
network_type=0
learning_momentum=0.000000
training_algorithm=2
train_error_function=1
train_stop_function=0
cascade_output_change_fraction=0.010000
quickprop_decay=-0.000100
quickprop_mu=1.750000
rprop_increase_factor=1.200000
rprop_decrease_factor=0.500000
rprop_delta_min=0.000000
rprop_delta_max=50.000000
rprop_delta_zero=0.100000
cascade_output_stagnation_epochs=12
cascade_candidate_change_fraction=0.010000
cascade_candidate_stagnation_epochs=12
cascade_max_out_epochs=150
cascade_min_out_epochs=50
cascade_max_cand_epochs=150
cascade_min_cand_epochs=50
cascade_num_candidate_groups=2
bit_fail_limit=3.49999994039535522461e-01
cascade_candidate_limit=1.00000000000000000000e+03
cascade_weight_multiplier=4.00000005960464477539e-01
cascade_activation_functions_count=10
cascade_activation_functions=3 5 7 8 10 11 14 15 16 17 
cascade_activation_steepnesses_count=4
cascade_activation_steepnesses=2.50000000000000000000e-01 5.00000000000000000000e-01 7.50000000000000000000e-01 1.00000000000000000000e+00 
layer_sizes=7 5 3 2 
scale_included=0
neurons (num_inputs, activation_function, activation_steepness)=(0, 0, 0.00000000000000000000e+00) (0, 0, 0.00000000000000000000e+00) (0, 0, 0.00000000000000000000e+00) (0, 0, 0.00000000000000000000e+00) (0, 0, 0.00000000000000000000e+00) (0, 0, 0.00000000000000000000e+00) (0, 0, 0.00000000000000000000e+00) (7, 3, 5.00000000000000000000e-01) (7, 3, 5.00000000000000000000e-01) (7, 3, 5.00000000000000000000e-01) (7, 3, 5.00000000000000000000e-01) (0, 3, 0.00000000000000000000e+00) (5, 3, 5.00000000000000000000e-01) (5, 3, 5.00000000000000000000e-01) (0, 3, 0.00000000000000000000e+00) (3, 0, 5.00000000000000000000e-01) (0, 0, 0.00000000000000000000e+00) 
connections (connected_to_neuron, weight)=(0, -1.33201330900192260742e-01) (1, -6.76877260208129882812e-01) (2, -3.84886443614959716797e-01) (3, 4.07665491104125976562e-01) (4, 3.73408704996109008789e-01) (5, 2.09612548351287841797e-01) (6, 2.72614979743957519531e+00) (0, 2.90754608154296875000e+02) (1, 9.44745731353759765625e+00) (2, 2.46544097900390625000e+02) (3, 5.97077941894531250000e+02) (4, 9.46956932544708251953e-01) (5, 2.50101409912109375000e+02) (6, 6.10092020034790039062e+00) (0, -2.05990844726562500000e+02) (1, 7.77284927368164062500e+01) (2, -8.73732910156250000000e+01) (3, 3.79618606567382812500e+01) (4, 2.56736358642578125000e+02) (5, 6.43214750289916992188e+00) (6, 1.32898845672607421875e+01) (0, 3.20542395114898681641e-01) (1, 6.23596489429473876953e-01) (2, -1.61002206802368164062e+00) (3, 2.75641590356826782227e-01) (4, -2.46554873883724212646e-02) (5, -6.54247701168060302734e-01) (6, 1.51554393768310546875e+01) (7, -3.96961441040039062500e+01) (8, 5.74712991714477539062e+00) (9, 1.28741735839843750000e+03) (10, 1.50000000000000000000e+03) (11, 2.12939187884330749512e-01) (7, -1.50000000000000000000e+03) (8, -1.03924856185913085938e+01) (9, 6.18903564453125000000e+02) (10, 1.50000000000000000000e+03) (11, 3.71790766716003417969e-01) (12, -1.53777468949556350708e-02) (13, -6.62976279854774475098e-02) (14, 9.06078144907951354980e-02) 
