FANN_FLO_2.1
num_layers=3
learning_rate=0.500000
connection_rate=1.000000
network_type=0
learning_momentum=0.000000
training_algorithm=2
train_error_function=1
train_stop_function=0
cascade_output_change_fraction=0.010000
quickprop_decay=-0.000100
quickprop_mu=1.750000
rprop_increase_factor=1.200000
rprop_decrease_factor=0.500000
rprop_delta_min=0.000000
rprop_delta_max=50.000000
rprop_delta_zero=0.100000
cascade_output_stagnation_epochs=12
cascade_candidate_change_fraction=0.010000
cascade_candidate_stagnation_epochs=12
cascade_max_out_epochs=150
cascade_min_out_epochs=50
cascade_max_cand_epochs=150
cascade_min_cand_epochs=50
cascade_num_candidate_groups=2
bit_fail_limit=3.49999994039535522461e-01
cascade_candidate_limit=1.00000000000000000000e+03
cascade_weight_multiplier=4.00000005960464477539e-01
cascade_activation_functions_count=10
cascade_activation_functions=3 5 7 8 10 11 14 15 16 17 
cascade_activation_steepnesses_count=4
cascade_activation_steepnesses=2.50000000000000000000e-01 5.00000000000000000000e-01 7.50000000000000000000e-01 1.00000000000000000000e+00 
layer_sizes=10 5 2 
scale_included=0
neurons (num_inputs, activation_function, activation_steepness)=(0, 0, 0.00000000000000000000e+00) (0, 0, 0.00000000000000000000e+00) (0, 0, 0.00000000000000000000e+00) (0, 0, 0.00000000000000000000e+00) (0, 0, 0.00000000000000000000e+00) (0, 0, 0.00000000000000000000e+00) (0, 0, 0.00000000000000000000e+00) (0, 0, 0.00000000000000000000e+00) (0, 0, 0.00000000000000000000e+00) (0, 0, 0.00000000000000000000e+00) (10, 3, 5.00000000000000000000e-01) (10, 3, 5.00000000000000000000e-01) (10, 3, 5.00000000000000000000e-01) (10, 3, 5.00000000000000000000e-01) (0, 3, 0.00000000000000000000e+00) (5, 3, 5.00000000000000000000e-01) (0, 3, 0.00000000000000000000e+00) 
connections (connected_to_neuron, weight)=(0, -4.74274486303329467773e-01) (1, -6.14627838134765625000e-01) (2, -5.54929912090301513672e-01) (3, -6.70570313930511474609e-01) (4, -4.94198352098464965820e-01) (5, -5.59282898902893066406e-01) (6, -3.81157338619232177734e-01) (7, -5.97110748291015625000e-01) (8, -4.72083628177642822266e-01) (9, 2.36702442169189453125e+00) (0, 6.48204982280731201172e-01) (1, 5.76493322849273681641e-01) (2, 4.21997576951980590820e-01) (3, 1.43436804413795471191e-01) (4, -7.68772661685943603516e-02) (5, 5.97498059272766113281e-01) (6, 7.67311453819274902344e-01) (7, 8.00764024257659912109e-01) (8, 4.61870700120925903320e-01) (9, -9.09108698368072509766e-01) (0, 5.64361631870269775391e-01) (1, 5.80916225910186767578e-01) (2, 4.63745385408401489258e-01) (3, 3.85733485221862792969e-01) (4, 6.31223618984222412109e-01) (5, 2.74935692548751831055e-01) (6, 7.15211629867553710938e-01) (7, 4.55254495143890380859e-01) (8, 4.04596984386444091797e-01) (9, -8.05799663066864013672e-01) (0, -4.12440538406372070312e-01) (1, -4.23693239688873291016e-01) (2, -4.84221041202545166016e-01) (3, -6.35497450828552246094e-01) (4, -6.73639476299285888672e-01) (5, -5.73717534542083740234e-01) (6, -4.41908836364746093750e-01) (7, -3.40795099735260009766e-01) (8, -5.55781781673431396484e-01) (9, 2.02404832839965820312e+00) (10, -1.33030462265014648438e+00) (11, 8.39921116828918457031e-01) (12, 6.88108921051025390625e-01) (13, -1.32293045520782470703e+00) (14, 2.83080991357564926147e-02) 
