FANN_FLO_2.1
num_layers=4
learning_rate=0.500000
connection_rate=1.000000
network_type=0
learning_momentum=0.000000
training_algorithm=2
train_error_function=1
train_stop_function=0
cascade_output_change_fraction=0.010000
quickprop_decay=-0.000100
quickprop_mu=1.750000
rprop_increase_factor=1.200000
rprop_decrease_factor=0.500000
rprop_delta_min=0.000000
rprop_delta_max=50.000000
rprop_delta_zero=0.100000
cascade_output_stagnation_epochs=12
cascade_candidate_change_fraction=0.010000
cascade_candidate_stagnation_epochs=12
cascade_max_out_epochs=150
cascade_min_out_epochs=50
cascade_max_cand_epochs=150
cascade_min_cand_epochs=50
cascade_num_candidate_groups=2
bit_fail_limit=3.49999994039535522461e-01
cascade_candidate_limit=1.00000000000000000000e+03
cascade_weight_multiplier=4.00000005960464477539e-01
cascade_activation_functions_count=10
cascade_activation_functions=3 5 7 8 10 11 14 15 16 17 
cascade_activation_steepnesses_count=4
cascade_activation_steepnesses=2.50000000000000000000e-01 5.00000000000000000000e-01 7.50000000000000000000e-01 1.00000000000000000000e+00 
layer_sizes=18 3 3 2 
scale_included=0
neurons (num_inputs, activation_function, activation_steepness)=(0, 0, 0.00000000000000000000e+00) (0, 0, 0.00000000000000000000e+00) (0, 0, 0.00000000000000000000e+00) (0, 0, 0.00000000000000000000e+00) (0, 0, 0.00000000000000000000e+00) (0, 0, 0.00000000000000000000e+00) (0, 0, 0.00000000000000000000e+00) (0, 0, 0.00000000000000000000e+00) (0, 0, 0.00000000000000000000e+00) (0, 0, 0.00000000000000000000e+00) (0, 0, 0.00000000000000000000e+00) (0, 0, 0.00000000000000000000e+00) (0, 0, 0.00000000000000000000e+00) (0, 0, 0.00000000000000000000e+00) (0, 0, 0.00000000000000000000e+00) (0, 0, 0.00000000000000000000e+00) (0, 0, 0.00000000000000000000e+00) (0, 0, 0.00000000000000000000e+00) (18, 3, 5.00000000000000000000e-01) (18, 3, 5.00000000000000000000e-01) (0, 3, 0.00000000000000000000e+00) (3, 3, 5.00000000000000000000e-01) (3, 3, 5.00000000000000000000e-01) (0, 3, 0.00000000000000000000e+00) (3, 0, 5.00000000000000000000e-01) (0, 0, 0.00000000000000000000e+00) 
connections (connected_to_neuron, weight)=(0, 5.12911260128021240234e-01) (1, 7.56379604339599609375e-01) (2, 5.21851539611816406250e-01) (3, 6.89996480941772460938e-01) (4, 1.41957700252532958984e-01) (5, -1.10721981525421142578e+00) (6, -9.23259258270263671875e-01) (7, -5.62936663627624511719e-01) (8, -2.24330380558967590332e-01) (9, 6.09941780567169189453e-01) (10, 5.67132711410522460938e-01) (11, 5.69238662719726562500e-01) (12, 5.13471484184265136719e-01) (13, 1.75432451069355010986e-02) (14, 4.89554822444915771484e-01) (15, 3.98020088672637939453e-01) (16, 4.20134723186492919922e-01) (17, -2.84546995162963867188e+00) (0, 6.29862666130065917969e-01) (1, 8.01930248737335205078e-01) (2, 6.28979444503784179688e-01) (3, 7.20459580421447753906e-01) (4, 8.23683023452758789062e-01) (5, -5.28817176818847656250e-01) (6, -5.60572206974029541016e-01) (7, -7.98836827278137207031e-01) (8, 4.69893254339694976807e-02) (9, 7.62157857418060302734e-01) (10, 6.14084839820861816406e-01) (11, 8.05956065654754638672e-01) (12, 6.76259577274322509766e-01) (13, 8.06994557380676269531e-01) (14, 7.06442952156066894531e-01) (15, 7.55321621894836425781e-01) (16, 8.39333057403564453125e-01) (17, -2.93371558189392089844e+00) (18, 1.96406269073486328125e+00) (19, 4.08666849136352539062e+00) (20, -2.23276853561401367188e+00) (18, 1.98466169834136962891e+00) (19, 2.89364123344421386719e+00) (20, -2.42567038536071777344e+00) (21, 5.77154684066772460938e+00) (22, 7.78141307830810546875e+00) (23, 1.70436453819274902344e+00) 
