FANN_FLO_2.1
num_layers=3
learning_rate=0.500000
connection_rate=1.000000
network_type=0
learning_momentum=0.000000
training_algorithm=2
train_error_function=1
train_stop_function=0
cascade_output_change_fraction=0.010000
quickprop_decay=-0.000100
quickprop_mu=1.750000
rprop_increase_factor=1.200000
rprop_decrease_factor=0.500000
rprop_delta_min=0.000000
rprop_delta_max=50.000000
rprop_delta_zero=0.100000
cascade_output_stagnation_epochs=12
cascade_candidate_change_fraction=0.010000
cascade_candidate_stagnation_epochs=12
cascade_max_out_epochs=150
cascade_min_out_epochs=50
cascade_max_cand_epochs=150
cascade_min_cand_epochs=50
cascade_num_candidate_groups=2
bit_fail_limit=3.49999994039535522461e-01
cascade_candidate_limit=1.00000000000000000000e+03
cascade_weight_multiplier=4.00000005960464477539e-01
cascade_activation_functions_count=10
cascade_activation_functions=3 5 7 8 10 11 14 15 16 17 
cascade_activation_steepnesses_count=4
cascade_activation_steepnesses=2.50000000000000000000e-01 5.00000000000000000000e-01 7.50000000000000000000e-01 1.00000000000000000000e+00 
layer_sizes=10 3 2 
scale_included=0
neurons (num_inputs, activation_function, activation_steepness)=(0, 0, 0.00000000000000000000e+00) (0, 0, 0.00000000000000000000e+00) (0, 0, 0.00000000000000000000e+00) (0, 0, 0.00000000000000000000e+00) (0, 0, 0.00000000000000000000e+00) (0, 0, 0.00000000000000000000e+00) (0, 0, 0.00000000000000000000e+00) (0, 0, 0.00000000000000000000e+00) (0, 0, 0.00000000000000000000e+00) (0, 0, 0.00000000000000000000e+00) (10, 3, 5.00000000000000000000e-01) (10, 3, 5.00000000000000000000e-01) (0, 3, 0.00000000000000000000e+00) (3, 3, 5.00000000000000000000e-01) (0, 3, 0.00000000000000000000e+00) 
connections (connected_to_neuron, weight)=(0, -7.79971361160278320312e-01) (1, -8.47343564033508300781e-01) (2, -4.07718688249588012695e-01) (3, -9.98789191246032714844e-01) (4, 8.14665481448173522949e-02) (5, -9.34291541576385498047e-01) (6, -7.46453762054443359375e-01) (7, -8.56431365013122558594e-01) (8, -5.35653531551361083984e-01) (9, 2.19842123985290527344e+00) (0, -4.14511620998382568359e-01) (1, -4.43207383155822753906e-01) (2, -9.96200621128082275391e-01) (3, -6.90829977393150329590e-02) (4, -1.71213841438293457031e+00) (5, -3.27835232019424438477e-01) (6, -5.64037561416625976562e-01) (7, -3.43251168727874755859e-01) (8, -8.89224350452423095703e-01) (9, 2.70529913902282714844e+00) (10, -1.98328328132629394531e+00) (11, -1.17556178569793701172e+00) (12, 1.16207373142242431641e+00) 
