FANN_FLO_2.1
num_layers=3
learning_rate=0.300000
connection_rate=1.000000
network_type=0
learning_momentum=0.000000
training_algorithm=2
train_error_function=1
train_stop_function=0
cascade_output_change_fraction=0.010000
quickprop_decay=-0.000100
quickprop_mu=1.750000
rprop_increase_factor=1.200000
rprop_decrease_factor=0.500000
rprop_delta_min=0.000000
rprop_delta_max=50.000000
rprop_delta_zero=0.100000
cascade_output_stagnation_epochs=12
cascade_candidate_change_fraction=0.010000
cascade_candidate_stagnation_epochs=12
cascade_max_out_epochs=150
cascade_min_out_epochs=50
cascade_max_cand_epochs=150
cascade_min_cand_epochs=50
cascade_num_candidate_groups=2
bit_fail_limit=3.49999994039535522461e-01
cascade_candidate_limit=1.00000000000000000000e+03
cascade_weight_multiplier=4.00000005960464477539e-01
cascade_activation_functions_count=10
cascade_activation_functions=3 5 7 8 10 11 14 15 16 17 
cascade_activation_steepnesses_count=4
cascade_activation_steepnesses=2.50000000000000000000e-01 5.00000000000000000000e-01 7.50000000000000000000e-01 1.00000000000000000000e+00 
layer_sizes=4 9 2 
scale_included=0
neurons (num_inputs, activation_function, activation_steepness)=(0, 0, 0.00000000000000000000e+00) (0, 0, 0.00000000000000000000e+00) (0, 0, 0.00000000000000000000e+00) (0, 0, 0.00000000000000000000e+00) (4, 3, 5.00000000000000000000e-01) (4, 3, 5.00000000000000000000e-01) (4, 3, 5.00000000000000000000e-01) (4, 3, 5.00000000000000000000e-01) (4, 3, 5.00000000000000000000e-01) (4, 3, 5.00000000000000000000e-01) (4, 3, 5.00000000000000000000e-01) (4, 3, 5.00000000000000000000e-01) (0, 3, 0.00000000000000000000e+00) (9, 3, 5.00000000000000000000e-01) (0, 3, 0.00000000000000000000e+00) 
connections (connected_to_neuron, weight)=(0, -1.68882596492767333984e+00) (1, 6.56382381916046142578e-01) (2, -2.00898218154907226562e+00) (3, 2.76973724365234375000e+01) (0, -1.47811040282249450684e-01) (1, 2.48045790940523147583e-02) (2, -3.12957972288131713867e-01) (3, 2.50146603584289550781e+00) (0, -5.69138526916503906250e-01) (1, 5.61671614646911621094e-01) (2, -2.19566287994384765625e+01) (3, 2.49068349599838256836e-01) (0, 4.24980908632278442383e-01) (1, -2.27475225925445556641e-01) (2, 4.45587635040283203125e-01) (3, 1.92717239260673522949e-01) (0, 1.50000000000000000000e+03) (1, 1.50000000000000000000e+03) (2, 1.50000000000000000000e+03) (3, 4.19606268405914306641e-01) (0, 1.33443868160247802734e+00) (1, -1.45586550235748291016e+00) (2, -4.56193618774414062500e+01) (3, 2.76989519596099853516e-01) (0, -4.00205880403518676758e-01) (1, 8.11035633087158203125e-02) (2, -7.71771550178527832031e-01) (3, 1.22600669860839843750e+01) (0, -6.95348262786865234375e+00) (1, -6.86331927776336669922e-01) (2, -3.08580589294433593750e+01) (3, 2.42905184626579284668e-01) (4, -2.03125521540641784668e-01) (5, -6.40854787826538085938e+00) (6, -1.50000000000000000000e+03) (7, 3.45962822437286376953e-01) (8, 5.11420726776123046875e-01) (9, 1.50000000000000000000e+03) (10, -7.11433529853820800781e-01) (11, 1.50000000000000000000e+03) (12, -1.54408097267150878906e-01) 
