FANN_FLO_2.1
num_layers=3
learning_rate=0.500000
connection_rate=1.000000
network_type=0
learning_momentum=0.000000
training_algorithm=2
train_error_function=1
train_stop_function=0
cascade_output_change_fraction=0.010000
quickprop_decay=-0.000100
quickprop_mu=1.750000
rprop_increase_factor=1.200000
rprop_decrease_factor=0.500000
rprop_delta_min=0.000000
rprop_delta_max=50.000000
rprop_delta_zero=0.100000
cascade_output_stagnation_epochs=12
cascade_candidate_change_fraction=0.010000
cascade_candidate_stagnation_epochs=12
cascade_max_out_epochs=150
cascade_min_out_epochs=50
cascade_max_cand_epochs=150
cascade_min_cand_epochs=50
cascade_num_candidate_groups=2
bit_fail_limit=3.49999994039535522461e-01
cascade_candidate_limit=1.00000000000000000000e+03
cascade_weight_multiplier=4.00000005960464477539e-01
cascade_activation_functions_count=10
cascade_activation_functions=3 5 7 8 10 11 14 15 16 17 
cascade_activation_steepnesses_count=4
cascade_activation_steepnesses=2.50000000000000000000e-01 5.00000000000000000000e-01 7.50000000000000000000e-01 1.00000000000000000000e+00 
layer_sizes=3 5 4 
scale_included=0
neurons (num_inputs, activation_function, activation_steepness)=(0, 0, 0.00000000000000000000e+00) (0, 0, 0.00000000000000000000e+00) (0, 0, 0.00000000000000000000e+00) (3, 3, 5.00000000000000000000e-01) (3, 3, 5.00000000000000000000e-01) (3, 3, 5.00000000000000000000e-01) (3, 3, 5.00000000000000000000e-01) (0, 3, 0.00000000000000000000e+00) (5, 0, 5.00000000000000000000e-01) (5, 0, 5.00000000000000000000e-01) (5, 0, 5.00000000000000000000e-01) (0, 0, 0.00000000000000000000e+00) 
connections (connected_to_neuron, weight)=(0, -1.48805637359619140625e+01) (1, 1.46901845932006835938e+01) (2, 6.07854843139648437500e+00) (0, -3.26432037353515625000e+00) (1, 1.68725228309631347656e+00) (2, -2.60518848896026611328e-01) (0, -1.47844018936157226562e+01) (1, 1.61073951721191406250e+01) (2, 1.57689085006713867188e+01) (0, -1.50558316707611083984e+00) (1, -1.08250248432159423828e+00) (2, 3.56015563011169433594e-01) (3, 6.83230340480804443359e-01) (4, 3.47892451286315917969e+00) (5, 8.14615309238433837891e-01) (6, 4.97493648529052734375e+00) (7, 5.97967922687530517578e-01) (3, 3.66006112098693847656e+00) (4, 8.12124443054199218750e+00) (5, 3.16188216209411621094e+00) (6, 1.54537401199340820312e+01) (7, 2.94623422622680664062e+00) (3, 9.79838085174560546875e+00) (4, 2.55114612579345703125e+01) (5, 1.25920972824096679688e+01) (6, 4.76539154052734375000e+01) (7, 1.46530895233154296875e+01) 
