FANN_FLO_2.1
num_layers=4
learning_rate=0.500000
connection_rate=1.000000
network_type=0
learning_momentum=0.000000
training_algorithm=2
train_error_function=1
train_stop_function=0
cascade_output_change_fraction=0.010000
quickprop_decay=-0.000100
quickprop_mu=1.750000
rprop_increase_factor=1.200000
rprop_decrease_factor=0.500000
rprop_delta_min=0.000000
rprop_delta_max=50.000000
rprop_delta_zero=0.100000
cascade_output_stagnation_epochs=12
cascade_candidate_change_fraction=0.010000
cascade_candidate_stagnation_epochs=12
cascade_max_out_epochs=150
cascade_min_out_epochs=50
cascade_max_cand_epochs=150
cascade_min_cand_epochs=50
cascade_num_candidate_groups=2
bit_fail_limit=3.49999994039535522461e-01
cascade_candidate_limit=1.00000000000000000000e+03
cascade_weight_multiplier=4.00000005960464477539e-01
cascade_activation_functions_count=10
cascade_activation_functions=3 5 7 8 10 11 14 15 16 17 
cascade_activation_steepnesses_count=4
cascade_activation_steepnesses=2.50000000000000000000e-01 5.00000000000000000000e-01 7.50000000000000000000e-01 1.00000000000000000000e+00 
layer_sizes=4 5 5 2 
scale_included=0
neurons (num_inputs, activation_function, activation_steepness)=(0, 0, 0.00000000000000000000e+00) (0, 0, 0.00000000000000000000e+00) (0, 0, 0.00000000000000000000e+00) (0, 0, 0.00000000000000000000e+00) (4, 3, 5.00000000000000000000e-01) (4, 3, 5.00000000000000000000e-01) (4, 3, 5.00000000000000000000e-01) (4, 3, 5.00000000000000000000e-01) (0, 3, 0.00000000000000000000e+00) (5, 3, 5.00000000000000000000e-01) (5, 3, 5.00000000000000000000e-01) (5, 3, 5.00000000000000000000e-01) (5, 3, 5.00000000000000000000e-01) (0, 3, 0.00000000000000000000e+00) (5, 3, 5.00000000000000000000e-01) (0, 3, 0.00000000000000000000e+00) 
connections (connected_to_neuron, weight)=(0, -5.71540403366088867188e+00) (1, -5.22870349884033203125e+00) (2, -1.30324745178222656250e+00) (3, 4.69444656372070312500e+00) (0, -7.38902747631072998047e-01) (1, -1.99382553100585937500e+01) (2, 2.31333065032958984375e+01) (3, 4.24888753890991210938e+00) (0, -1.32340240478515625000e+00) (1, -3.05863304138183593750e+01) (2, 1.84022960662841796875e+01) (3, 2.97035193443298339844e+00) (0, -6.40076303482055664062e+00) (1, 4.91777271032333374023e-01) (2, -6.08312892913818359375e+00) (3, 6.06290912628173828125e+00) (4, 1.03018312454223632812e+01) (5, -2.93925976753234863281e+00) (6, 9.14499855041503906250e+00) (7, 1.90099697113037109375e+01) (8, -9.98431301116943359375e+00) (4, 5.99276018142700195312e+00) (5, -3.30616044998168945312e+00) (6, 5.61331892013549804688e+00) (7, 1.12969350814819335938e+01) (8, -4.39847278594970703125e+00) (4, -1.95117127895355224609e+00) (5, 5.03012835979461669922e-01) (6, -7.36340379714965820312e+00) (7, -3.46955871582031250000e+00) (8, 9.44686233997344970703e-01) (4, 6.60039091110229492188e+00) (5, -3.95818543434143066406e+00) (6, 6.26207828521728515625e+00) (7, 1.22475271224975585938e+01) (8, -4.51147270202636718750e+00) (9, -3.08759713172912597656e+00) (10, -1.03789234161376953125e+00) (11, -4.44862484931945800781e-01) (12, -6.82048797607421875000e-01) (13, 2.57625484466552734375e+00) 
