FANN_FLO_2.1
num_layers=3
learning_rate=0.500000
connection_rate=1.000000
network_type=0
learning_momentum=0.000000
training_algorithm=2
train_error_function=1
train_stop_function=0
cascade_output_change_fraction=0.010000
quickprop_decay=-0.000100
quickprop_mu=1.750000
rprop_increase_factor=1.200000
rprop_decrease_factor=0.500000
rprop_delta_min=0.000000
rprop_delta_max=50.000000
rprop_delta_zero=0.100000
cascade_output_stagnation_epochs=12
cascade_candidate_change_fraction=0.010000
cascade_candidate_stagnation_epochs=12
cascade_max_out_epochs=150
cascade_min_out_epochs=50
cascade_max_cand_epochs=150
cascade_min_cand_epochs=50
cascade_num_candidate_groups=2
bit_fail_limit=3.49999994039535522461e-01
cascade_candidate_limit=1.00000000000000000000e+03
cascade_weight_multiplier=4.00000005960464477539e-01
cascade_activation_functions_count=10
cascade_activation_functions=3 5 7 8 10 11 14 15 16 17 
cascade_activation_steepnesses_count=4
cascade_activation_steepnesses=2.50000000000000000000e-01 5.00000000000000000000e-01 7.50000000000000000000e-01 1.00000000000000000000e+00 
layer_sizes=7 9 2 
scale_included=0
neurons (num_inputs, activation_function, activation_steepness)=(0, 0, 0.00000000000000000000e+00) (0, 0, 0.00000000000000000000e+00) (0, 0, 0.00000000000000000000e+00) (0, 0, 0.00000000000000000000e+00) (0, 0, 0.00000000000000000000e+00) (0, 0, 0.00000000000000000000e+00) (0, 0, 0.00000000000000000000e+00) (7, 3, 5.00000000000000000000e-01) (7, 3, 5.00000000000000000000e-01) (7, 3, 5.00000000000000000000e-01) (7, 3, 5.00000000000000000000e-01) (7, 3, 5.00000000000000000000e-01) (7, 3, 5.00000000000000000000e-01) (7, 3, 5.00000000000000000000e-01) (7, 3, 5.00000000000000000000e-01) (0, 3, 0.00000000000000000000e+00) (9, 0, 5.00000000000000000000e-01) (0, 0, 0.00000000000000000000e+00) 
connections (connected_to_neuron, weight)=(0, -2.89031416177749633789e-01) (1, -2.81391441822052001953e-01) (2, -1.24611489474773406982e-01) (3, -1.31193742156028747559e-01) (4, 2.39689052104949951172e-01) (5, 5.14623522758483886719e-01) (6, -1.63021102547645568848e-01) (0, -1.07072591781616210938e+00) (1, -7.34687209129333496094e-01) (2, 1.39234519004821777344e+00) (3, -1.16943633556365966797e+00) (4, -2.51721787452697753906e+00) (5, 4.18577384948730468750e+00) (6, -1.20632243156433105469e+00) (0, 5.59322908520698547363e-02) (1, -5.92972874641418457031e-01) (2, 1.18589609861373901367e-01) (3, -5.94716608524322509766e-01) (4, 6.90694749355316162109e-01) (5, 5.36397218704223632812e-01) (6, -6.13425672054290771484e-01) (0, 1.23016744852066040039e-01) (1, -8.57568435668945312500e+01) (2, 5.57726593017578125000e+01) (3, -8.04434394836425781250e+00) (4, -4.22520828247070312500e+00) (5, 1.77029609680175781250e+01) (6, -4.44873511791229248047e-01) (0, -3.00650787353515625000e+01) (1, 1.12928800582885742188e+01) (2, -9.13622360229492187500e+01) (3, 1.47375702857971191406e-01) (4, -3.68499374389648437500e+01) (5, 2.50531558990478515625e+01) (6, -3.96766513586044311523e-01) (0, 1.74309685826301574707e-01) (1, 1.31207004189491271973e-01) (2, 1.64255604147911071777e-01) (3, -3.00592631101608276367e-01) (4, 3.46099436283111572266e-01) (5, -3.95127117633819580078e-01) (6, -2.52980232238769531250e-01) (0, -4.75464791059494018555e-01) (1, -1.27162247896194458008e-01) (2, -3.08424383401870727539e-02) (3, -6.15851171314716339111e-02) (4, 1.63462117314338684082e-01) (5, 5.60445845127105712891e-01) (6, -3.44511926174163818359e-01) (0, 2.24631592631340026855e-01) (1, 1.06157054901123046875e+01) (2, -6.01602172851562500000e+01) (3, -2.00303401947021484375e+01) (4, -5.43465518951416015625e+00) (5, 1.56330871582031250000e+00) (6, -3.92736792564392089844e-01) (7, -1.00271023809909820557e-01) (8, -1.97685267776250839233e-02) (9, 1.30935192108154296875e-01) (10, -7.61566340923309326172e-01) (11, 1.50000000000000000000e+03) (12, -1.40821576118469238281e-01) (13, -1.55792832374572753906e-01) (14, 1.67266654968261718750e+01) (15, 1.38263121247291564941e-01) 
