FANN_FLO_2.1
num_layers=4
learning_rate=0.500000
connection_rate=1.000000
network_type=0
learning_momentum=0.000000
training_algorithm=2
train_error_function=1
train_stop_function=0
cascade_output_change_fraction=0.010000
quickprop_decay=-0.000100
quickprop_mu=1.750000
rprop_increase_factor=1.200000
rprop_decrease_factor=0.500000
rprop_delta_min=0.000000
rprop_delta_max=50.000000
rprop_delta_zero=0.100000
cascade_output_stagnation_epochs=12
cascade_candidate_change_fraction=0.010000
cascade_candidate_stagnation_epochs=12
cascade_max_out_epochs=150
cascade_min_out_epochs=50
cascade_max_cand_epochs=150
cascade_min_cand_epochs=50
cascade_num_candidate_groups=2
bit_fail_limit=3.49999994039535522461e-01
cascade_candidate_limit=1.00000000000000000000e+03
cascade_weight_multiplier=4.00000005960464477539e-01
cascade_activation_functions_count=10
cascade_activation_functions=3 5 7 8 10 11 14 15 16 17 
cascade_activation_steepnesses_count=4
cascade_activation_steepnesses=2.50000000000000000000e-01 5.00000000000000000000e-01 7.50000000000000000000e-01 1.00000000000000000000e+00 
layer_sizes=4 5 3 2 
scale_included=0
neurons (num_inputs, activation_function, activation_steepness)=(0, 0, 0.00000000000000000000e+00) (0, 0, 0.00000000000000000000e+00) (0, 0, 0.00000000000000000000e+00) (0, 0, 0.00000000000000000000e+00) (4, 3, 5.00000000000000000000e-01) (4, 3, 5.00000000000000000000e-01) (4, 3, 5.00000000000000000000e-01) (4, 3, 5.00000000000000000000e-01) (0, 3, 0.00000000000000000000e+00) (5, 3, 5.00000000000000000000e-01) (5, 3, 5.00000000000000000000e-01) (0, 3, 0.00000000000000000000e+00) (3, 3, 5.00000000000000000000e-01) (0, 3, 0.00000000000000000000e+00) 
connections (connected_to_neuron, weight)=(0, 3.10315585136413574219e+00) (1, 1.03061666488647460938e+01) (2, -4.96573257446289062500e+00) (3, -2.45355820655822753906e+00) (0, 4.39565372467041015625e+00) (1, 9.10784530639648437500e+00) (2, -2.73794007301330566406e+00) (3, -3.46282291412353515625e+00) (0, 4.47275066375732421875e+00) (1, 1.10640602111816406250e+01) (2, -5.56369543075561523438e+00) (3, -3.26230049133300781250e+00) (0, -3.28597307205200195312e+00) (1, 3.54466348886489868164e-01) (2, -3.62522125244140625000e+00) (3, 2.33585572242736816406e+00) (4, -3.20308828353881835938e+00) (5, -1.78375017642974853516e+00) (6, -1.38514566421508789062e+00) (7, 1.86556510925292968750e+01) (8, 6.01985394954681396484e-01) (4, -3.11594867706298828125e+00) (5, -1.22672128677368164062e+00) (6, -2.13037419319152832031e+00) (7, 1.86906185150146484375e+01) (8, 5.44742763042449951172e-01) (9, -2.67553782463073730469e+00) (10, -2.68025851249694824219e+00) (11, 2.96096158027648925781e+00) 
