FANN_FLO_2.1
num_layers=3
learning_rate=0.500000
connection_rate=1.000000
network_type=0
learning_momentum=0.000000
training_algorithm=2
train_error_function=1
train_stop_function=0
cascade_output_change_fraction=0.010000
quickprop_decay=-0.000100
quickprop_mu=1.750000
rprop_increase_factor=1.200000
rprop_decrease_factor=0.500000
rprop_delta_min=0.000000
rprop_delta_max=50.000000
rprop_delta_zero=0.100000
cascade_output_stagnation_epochs=12
cascade_candidate_change_fraction=0.010000
cascade_candidate_stagnation_epochs=12
cascade_max_out_epochs=150
cascade_min_out_epochs=50
cascade_max_cand_epochs=150
cascade_min_cand_epochs=50
cascade_num_candidate_groups=2
bit_fail_limit=3.49999994039535522461e-01
cascade_candidate_limit=1.00000000000000000000e+03
cascade_weight_multiplier=4.00000005960464477539e-01
cascade_activation_functions_count=10
cascade_activation_functions=3 5 7 8 10 11 14 15 16 17 
cascade_activation_steepnesses_count=4
cascade_activation_steepnesses=2.50000000000000000000e-01 5.00000000000000000000e-01 7.50000000000000000000e-01 1.00000000000000000000e+00 
layer_sizes=7 9 2 
scale_included=0
neurons (num_inputs, activation_function, activation_steepness)=(0, 0, 0.00000000000000000000e+00) (0, 0, 0.00000000000000000000e+00) (0, 0, 0.00000000000000000000e+00) (0, 0, 0.00000000000000000000e+00) (0, 0, 0.00000000000000000000e+00) (0, 0, 0.00000000000000000000e+00) (0, 0, 0.00000000000000000000e+00) (7, 3, 5.00000000000000000000e-01) (7, 3, 5.00000000000000000000e-01) (7, 3, 5.00000000000000000000e-01) (7, 3, 5.00000000000000000000e-01) (7, 3, 5.00000000000000000000e-01) (7, 3, 5.00000000000000000000e-01) (7, 3, 5.00000000000000000000e-01) (7, 3, 5.00000000000000000000e-01) (0, 3, 0.00000000000000000000e+00) (9, 0, 5.00000000000000000000e-01) (0, 0, 0.00000000000000000000e+00) 
connections (connected_to_neuron, weight)=(0, 1.70889079570770263672e-01) (1, -1.29000708460807800293e-01) (2, -1.10717321777343750000e+03) (3, 9.14816409349441528320e-02) (4, 1.44393395996093750000e+03) (5, -1.12867783755064010620e-02) (6, 6.14017903804779052734e-01) (0, 2.51591563224792480469e-01) (1, 4.76782977581024169922e-01) (2, 1.50000000000000000000e+03) (3, 4.21148896217346191406e-01) (4, -5.97086787223815917969e-01) (5, 7.28140532970428466797e-01) (6, 2.50315356254577636719e+00) (0, 5.99282562732696533203e-01) (1, 5.50232708454132080078e-01) (2, -3.24224426269531250000e+02) (3, 5.93858718872070312500e-01) (4, 1.50000000000000000000e+03) (5, 2.51945495605468750000e-01) (6, 5.56480050086975097656e-01) (0, 3.15669775009155273438e-01) (1, 3.50853025913238525391e-01) (2, 1.50000000000000000000e+03) (3, 3.35439532995223999023e-01) (4, -3.01922857761383056641e-01) (5, 6.03867530822753906250e-01) (6, 1.75246953964233398438e+00) (0, 6.02136135101318359375e-01) (1, 5.17390191555023193359e-01) (2, -3.75705230712890625000e+02) (3, 5.93214809894561767578e-01) (4, 1.50000000000000000000e+03) (5, 3.23657989501953125000e-01) (6, 5.57959616184234619141e-01) (0, 5.64826369285583496094e-01) (1, 4.14000034332275390625e-01) (2, -1.84964477539062500000e+02) (3, 4.75784152746200561523e-01) (4, 1.50000000000000000000e+03) (5, 3.83841305971145629883e-01) (6, 4.63120609521865844727e-01) (0, 2.74050831794738769531e-01) (1, 3.99092882871627807617e-01) (2, 1.50000000000000000000e+03) (3, 4.01979953050613403320e-01) (4, -3.41282844543457031250e-01) (5, 6.70744895935058593750e-01) (6, 1.70991015434265136719e+00) (0, 3.08474421501159667969e-01) (1, 2.47632652521133422852e-01) (2, -1.95155868530273437500e+02) (3, 1.00568585097789764404e-01) (4, 1.50000000000000000000e+03) (5, -4.51849512755870819092e-02) (6, 1.72871732711791992188e+00) (7, 4.65224171057343482971e-03) (8, 2.11410522460937500000e-01) (9, -1.22413881123065948486e-01) (10, 2.26339504122734069824e-01) (11, -1.07422202825546264648e-01) (12, -1.87551438808441162109e-01) (13, 2.16636031866073608398e-01) (14, -1.30756646394729614258e-01) (15, -9.58646163344383239746e-02) 
