FANN_FLO_2.1
num_layers=4
learning_rate=0.500000
connection_rate=1.000000
network_type=0
learning_momentum=0.000000
training_algorithm=2
train_error_function=1
train_stop_function=0
cascade_output_change_fraction=0.010000
quickprop_decay=-0.000100
quickprop_mu=1.750000
rprop_increase_factor=1.200000
rprop_decrease_factor=0.500000
rprop_delta_min=0.000000
rprop_delta_max=50.000000
rprop_delta_zero=0.100000
cascade_output_stagnation_epochs=12
cascade_candidate_change_fraction=0.010000
cascade_candidate_stagnation_epochs=12
cascade_max_out_epochs=150
cascade_min_out_epochs=50
cascade_max_cand_epochs=150
cascade_min_cand_epochs=50
cascade_num_candidate_groups=2
bit_fail_limit=3.49999994039535522461e-01
cascade_candidate_limit=1.00000000000000000000e+03
cascade_weight_multiplier=4.00000005960464477539e-01
cascade_activation_functions_count=10
cascade_activation_functions=3 5 7 8 10 11 14 15 16 17 
cascade_activation_steepnesses_count=4
cascade_activation_steepnesses=2.50000000000000000000e-01 5.00000000000000000000e-01 7.50000000000000000000e-01 1.00000000000000000000e+00 
layer_sizes=4 5 3 2 
scale_included=0
neurons (num_inputs, activation_function, activation_steepness)=(0, 0, 0.00000000000000000000e+00) (0, 0, 0.00000000000000000000e+00) (0, 0, 0.00000000000000000000e+00) (0, 0, 0.00000000000000000000e+00) (4, 3, 5.00000000000000000000e-01) (4, 3, 5.00000000000000000000e-01) (4, 3, 5.00000000000000000000e-01) (4, 3, 5.00000000000000000000e-01) (0, 3, 0.00000000000000000000e+00) (5, 3, 5.00000000000000000000e-01) (5, 3, 5.00000000000000000000e-01) (0, 3, 0.00000000000000000000e+00) (3, 3, 5.00000000000000000000e-01) (0, 3, 0.00000000000000000000e+00) 
connections (connected_to_neuron, weight)=(0, -1.49604642391204833984e+00) (1, -1.60208644866943359375e+01) (2, 1.51304364204406738281e+00) (3, 3.87670564651489257812e+00) (0, -3.95570325851440429688e+00) (1, -8.74815940856933593750e+00) (2, -4.82870101928710937500e-01) (3, 3.68977308273315429688e+00) (0, -6.33406877517700195312e+00) (1, 2.85894131660461425781e+00) (2, -4.91885375976562500000e+00) (3, 3.27770328521728515625e+00) (0, -3.90994739532470703125e+00) (1, -8.59277725219726562500e+00) (2, -1.94073569774627685547e+00) (3, 3.94389963150024414062e+00) (4, 1.29364061355590820312e+01) (5, 5.44297218322753906250e+00) (6, 3.16388835906982421875e+01) (7, 1.12820692062377929688e+01) (8, -8.01323509216308593750e+00) (4, 1.22982654571533203125e+01) (5, 5.81195449829101562500e+00) (6, 3.30924835205078125000e+01) (7, 1.48026313781738281250e+01) (8, -8.45297050476074218750e+00) (9, -2.50058412551879882812e+00) (10, -2.10929417610168457031e+00) (11, 2.36776733398437500000e+00) 
