FANN_FLO_2.1
num_layers=3
learning_rate=0.400000
connection_rate=1.000000
network_type=0
learning_momentum=0.000000
training_algorithm=2
train_error_function=1
train_stop_function=0
cascade_output_change_fraction=0.010000
quickprop_decay=-0.000100
quickprop_mu=1.750000
rprop_increase_factor=1.200000
rprop_decrease_factor=0.500000
rprop_delta_min=0.000000
rprop_delta_max=50.000000
rprop_delta_zero=0.100000
cascade_output_stagnation_epochs=12
cascade_candidate_change_fraction=0.010000
cascade_candidate_stagnation_epochs=12
cascade_max_out_epochs=150
cascade_min_out_epochs=50
cascade_max_cand_epochs=150
cascade_min_cand_epochs=50
cascade_num_candidate_groups=2
bit_fail_limit=3.49999994039535522461e-01
cascade_candidate_limit=1.00000000000000000000e+03
cascade_weight_multiplier=4.00000005960464477539e-01
cascade_activation_functions_count=10
cascade_activation_functions=3 5 7 8 10 11 14 15 16 17 
cascade_activation_steepnesses_count=4
cascade_activation_steepnesses=2.50000000000000000000e-01 5.00000000000000000000e-01 7.50000000000000000000e-01 1.00000000000000000000e+00 
layer_sizes=6 5 2 
scale_included=0
neurons (num_inputs, activation_function, activation_steepness)=(0, 0, 0.00000000000000000000e+00) (0, 0, 0.00000000000000000000e+00) (0, 0, 0.00000000000000000000e+00) (0, 0, 0.00000000000000000000e+00) (0, 0, 0.00000000000000000000e+00) (0, 0, 0.00000000000000000000e+00) (6, 3, 5.00000000000000000000e-01) (6, 3, 5.00000000000000000000e-01) (6, 3, 5.00000000000000000000e-01) (6, 3, 5.00000000000000000000e-01) (0, 3, 0.00000000000000000000e+00) (5, 0, 5.00000000000000000000e-01) (0, 0, 0.00000000000000000000e+00) 
connections (connected_to_neuron, weight)=(0, -1.50000000000000000000e+03) (1, -1.88200012207031250000e+02) (2, -7.08000488281250000000e+01) (3, -3.92878293991088867188e+00) (4, 9.35706024169921875000e+01) (5, -3.33155617117881774902e-02) (0, -1.50000000000000000000e+03) (1, -6.19405364990234375000e+00) (2, 1.85905039310455322266e-01) (3, -3.19046902656555175781e+00) (4, -1.09794348478317260742e-01) (5, -1.10941112041473388672e-01) (0, -1.50000000000000000000e+03) (1, -1.08233190917968750000e+03) (2, -1.12644799804687500000e+03) (3, -3.53498474121093750000e+02) (4, -1.41544213867187500000e+03) (5, -6.70342803001403808594e-01) (0, -1.50000000000000000000e+03) (1, 9.19995117187500000000e+00) (2, -7.08000488281250000000e+01) (3, -9.11746292114257812500e+01) (4, -1.06434753417968750000e+03) (5, -3.50644737482070922852e-02) (6, 1.31436132812500000000e+03) (7, 2.60029888153076171875e+00) (8, 4.86148387193679809570e-01) (9, 1.50000000000000000000e+03) (10, 7.30423271656036376953e-01) 
