FANN_FLO_2.1
num_layers=4
learning_rate=0.500000
connection_rate=1.000000
network_type=0
learning_momentum=0.000000
training_algorithm=2
train_error_function=1
train_stop_function=0
cascade_output_change_fraction=0.010000
quickprop_decay=-0.000100
quickprop_mu=1.750000
rprop_increase_factor=1.200000
rprop_decrease_factor=0.500000
rprop_delta_min=0.000000
rprop_delta_max=50.000000
rprop_delta_zero=0.100000
cascade_output_stagnation_epochs=12
cascade_candidate_change_fraction=0.010000
cascade_candidate_stagnation_epochs=12
cascade_max_out_epochs=150
cascade_min_out_epochs=50
cascade_max_cand_epochs=150
cascade_min_cand_epochs=50
cascade_num_candidate_groups=2
bit_fail_limit=3.49999994039535522461e-01
cascade_candidate_limit=1.00000000000000000000e+03
cascade_weight_multiplier=4.00000005960464477539e-01
cascade_activation_functions_count=10
cascade_activation_functions=3 5 7 8 10 11 14 15 16 17 
cascade_activation_steepnesses_count=4
cascade_activation_steepnesses=2.50000000000000000000e-01 5.00000000000000000000e-01 7.50000000000000000000e-01 1.00000000000000000000e+00 
layer_sizes=4 5 5 2 
scale_included=0
neurons (num_inputs, activation_function, activation_steepness)=(0, 0, 0.00000000000000000000e+00) (0, 0, 0.00000000000000000000e+00) (0, 0, 0.00000000000000000000e+00) (0, 0, 0.00000000000000000000e+00) (4, 3, 5.00000000000000000000e-01) (4, 3, 5.00000000000000000000e-01) (4, 3, 5.00000000000000000000e-01) (4, 3, 5.00000000000000000000e-01) (0, 3, 0.00000000000000000000e+00) (5, 3, 5.00000000000000000000e-01) (5, 3, 5.00000000000000000000e-01) (5, 3, 5.00000000000000000000e-01) (5, 3, 5.00000000000000000000e-01) (0, 3, 0.00000000000000000000e+00) (5, 3, 5.00000000000000000000e-01) (0, 3, 0.00000000000000000000e+00) 
connections (connected_to_neuron, weight)=(0, 8.24279248714447021484e-01) (1, -1.71426067352294921875e+01) (2, -1.97925531864166259766e+00) (3, 4.82169330120086669922e-01) (0, -5.00990724563598632812e+00) (1, -8.44708633422851562500e+00) (2, -4.62090700864791870117e-01) (3, 5.30862951278686523438e+00) (0, 5.72878003120422363281e-01) (1, 5.51533460617065429688e+00) (2, 1.96577206254005432129e-01) (3, 9.76866066455841064453e-01) (0, 1.20185623168945312500e+01) (1, -1.83326053619384765625e+01) (2, -1.93667435646057128906e+00) (3, -3.83297890424728393555e-01) (4, 1.18243038654327392578e+00) (5, 1.27086973190307617188e+01) (6, 5.95907926559448242188e+00) (7, -8.79236698150634765625e+00) (8, -2.15361022949218750000e+00) (4, -6.96617984771728515625e+00) (5, 3.06203136444091796875e+01) (6, 5.73634815216064453125e+00) (7, -1.53383007049560546875e+01) (8, -2.03157615661621093750e+00) (4, -2.37603969573974609375e+01) (5, 4.22748641967773437500e+01) (6, -6.08796358108520507812e+00) (7, -3.20948553085327148438e+00) (8, -3.75897574424743652344e+00) (4, -2.18052082061767578125e+01) (5, 3.96739883422851562500e+01) (6, -4.40008878707885742188e+00) (7, -2.56123614311218261719e+00) (8, -5.13275003433227539062e+00) (9, -1.50513499975204467773e-01) (10, -3.84377658367156982422e-01) (11, -1.42080438137054443359e+00) (12, -2.59367871284484863281e+00) (13, 2.31474852561950683594e+00) 
