FANN_FLO_2.1
num_layers=4
learning_rate=0.450000
connection_rate=1.000000
network_type=0
learning_momentum=0.000000
training_algorithm=2
train_error_function=1
train_stop_function=0
cascade_output_change_fraction=0.010000
quickprop_decay=-0.000100
quickprop_mu=1.750000
rprop_increase_factor=1.200000
rprop_decrease_factor=0.500000
rprop_delta_min=0.000000
rprop_delta_max=50.000000
rprop_delta_zero=0.100000
cascade_output_stagnation_epochs=12
cascade_candidate_change_fraction=0.010000
cascade_candidate_stagnation_epochs=12
cascade_max_out_epochs=150
cascade_min_out_epochs=50
cascade_max_cand_epochs=150
cascade_min_cand_epochs=50
cascade_num_candidate_groups=2
bit_fail_limit=3.49999994039535522461e-01
cascade_candidate_limit=1.00000000000000000000e+03
cascade_weight_multiplier=4.00000005960464477539e-01
cascade_activation_functions_count=10
cascade_activation_functions=3 5 7 8 10 11 14 15 16 17 
cascade_activation_steepnesses_count=4
cascade_activation_steepnesses=2.50000000000000000000e-01 5.00000000000000000000e-01 7.50000000000000000000e-01 1.00000000000000000000e+00 
layer_sizes=7 5 3 2 
scale_included=0
neurons (num_inputs, activation_function, activation_steepness)=(0, 0, 0.00000000000000000000e+00) (0, 0, 0.00000000000000000000e+00) (0, 0, 0.00000000000000000000e+00) (0, 0, 0.00000000000000000000e+00) (0, 0, 0.00000000000000000000e+00) (0, 0, 0.00000000000000000000e+00) (0, 0, 0.00000000000000000000e+00) (7, 3, 5.00000000000000000000e-01) (7, 3, 5.00000000000000000000e-01) (7, 3, 5.00000000000000000000e-01) (7, 3, 5.00000000000000000000e-01) (0, 3, 0.00000000000000000000e+00) (5, 3, 5.00000000000000000000e-01) (5, 3, 5.00000000000000000000e-01) (0, 3, 0.00000000000000000000e+00) (3, 0, 5.00000000000000000000e-01) (0, 0, 0.00000000000000000000e+00) 
connections (connected_to_neuron, weight)=(0, 2.53718070983886718750e+01) (1, -5.64141273498535156250e+01) (2, 3.61656341552734375000e+02) (3, 1.45247089862823486328e+00) (4, 6.58647842407226562500e+01) (5, -4.53823883056640625000e+02) (6, 1.33952629566192626953e+00) (0, 1.18061580657958984375e+01) (1, 1.36480264663696289062e+01) (2, -5.78551330566406250000e+02) (3, -1.48747241497039794922e+00) (4, 2.28762073516845703125e+01) (5, -1.87450057983398437500e+02) (6, 9.76322352886199951172e-01) (0, -1.25497758388519287109e-01) (1, 1.40493977069854736328e+00) (2, -1.44245898723602294922e+00) (3, -5.29898926615715026855e-02) (4, 2.06093692779541015625e+00) (5, -1.70313501358032226562e+00) (6, 5.95715665817260742188e+00) (0, 6.11035299301147460938e+00) (1, 3.70141448974609375000e+01) (2, 1.50000000000000000000e+03) (3, -5.60394823551177978516e-01) (4, 3.77638153076171875000e+02) (5, 5.64262695312500000000e+02) (6, 1.84485876560211181641e+00) (7, -2.71467804908752441406e+00) (8, 1.64516973495483398438e+00) (9, 1.94033145904541015625e+00) (10, 2.69657278060913085938e+00) (11, -3.15927863121032714844e-01) (7, -1.38519519042968750000e+03) (8, -5.36055564880371093750e+01) (9, -3.58761215209960937500e+01) (10, 6.10061454772949218750e+00) (11, -7.59374976158142089844e-01) (12, 2.26306840777397155762e-02) (13, 4.24033582210540771484e-01) (14, -6.94734789431095123291e-03) 
