FANN_FLO_2.1
num_layers=4
learning_rate=0.300000
connection_rate=1.000000
network_type=0
learning_momentum=0.000000
training_algorithm=2
train_error_function=1
train_stop_function=0
cascade_output_change_fraction=0.010000
quickprop_decay=-0.000100
quickprop_mu=1.750000
rprop_increase_factor=1.200000
rprop_decrease_factor=0.500000
rprop_delta_min=0.000000
rprop_delta_max=50.000000
rprop_delta_zero=0.100000
cascade_output_stagnation_epochs=12
cascade_candidate_change_fraction=0.010000
cascade_candidate_stagnation_epochs=12
cascade_max_out_epochs=150
cascade_min_out_epochs=50
cascade_max_cand_epochs=150
cascade_min_cand_epochs=50
cascade_num_candidate_groups=2
bit_fail_limit=3.49999994039535522461e-01
cascade_candidate_limit=1.00000000000000000000e+03
cascade_weight_multiplier=4.00000005960464477539e-01
cascade_activation_functions_count=10
cascade_activation_functions=3 5 7 8 10 11 14 15 16 17 
cascade_activation_steepnesses_count=4
cascade_activation_steepnesses=2.50000000000000000000e-01 5.00000000000000000000e-01 7.50000000000000000000e-01 1.00000000000000000000e+00 
layer_sizes=2 5 3 3 
scale_included=0
neurons (num_inputs, activation_function, activation_steepness)=(0, 0, 0.00000000000000000000e+00) (0, 0, 0.00000000000000000000e+00) (2, 3, 5.00000000000000000000e-01) (2, 3, 5.00000000000000000000e-01) (2, 3, 5.00000000000000000000e-01) (2, 3, 5.00000000000000000000e-01) (0, 3, 0.00000000000000000000e+00) (5, 3, 5.00000000000000000000e-01) (5, 3, 5.00000000000000000000e-01) (0, 3, 0.00000000000000000000e+00) (3, 0, 5.00000000000000000000e-01) (3, 0, 5.00000000000000000000e-01) (0, 0, 0.00000000000000000000e+00) 
connections (connected_to_neuron, weight)=(0, -3.74730712890625000000e+02) (1, -1.08988620340824127197e-01) (0, 1.66501080989837646484e+00) (1, 2.86652892827987670898e-01) (0, -4.00677185058593750000e+02) (1, -9.73772525787353515625e-01) (0, -7.48032989501953125000e+01) (1, -2.39182043075561523438e+00) (2, 1.09716594219207763672e+00) (3, -4.10139083862304687500e+00) (4, 1.23363399505615234375e+00) (5, 2.84988808631896972656e+00) (6, -2.12103947997093200684e-01) (2, 1.04713237285614013672e+00) (3, -9.37153339385986328125e-01) (4, 7.73452043533325195312e-01) (5, -1.10599780082702636719e+00) (6, 7.07011640071868896484e-01) (7, 2.03561067581176757812e-01) (8, 3.27425971627235412598e-02) (9, -2.31215387582778930664e-01) (7, -5.79970300197601318359e-01) (8, -7.32743918895721435547e-01) (9, -6.61569654941558837891e-01) 
