FANN_FLO_2.1
num_layers=3
learning_rate=0.500000
connection_rate=1.000000
network_type=0
learning_momentum=0.000000
training_algorithm=2
train_error_function=1
train_stop_function=0
cascade_output_change_fraction=0.010000
quickprop_decay=-0.000100
quickprop_mu=1.750000
rprop_increase_factor=1.200000
rprop_decrease_factor=0.500000
rprop_delta_min=0.000000
rprop_delta_max=50.000000
rprop_delta_zero=0.100000
cascade_output_stagnation_epochs=12
cascade_candidate_change_fraction=0.010000
cascade_candidate_stagnation_epochs=12
cascade_max_out_epochs=150
cascade_min_out_epochs=50
cascade_max_cand_epochs=150
cascade_min_cand_epochs=50
cascade_num_candidate_groups=2
bit_fail_limit=3.49999994039535522461e-01
cascade_candidate_limit=1.00000000000000000000e+03
cascade_weight_multiplier=4.00000005960464477539e-01
cascade_activation_functions_count=10
cascade_activation_functions=3 5 7 8 10 11 14 15 16 17 
cascade_activation_steepnesses_count=4
cascade_activation_steepnesses=2.50000000000000000000e-01 5.00000000000000000000e-01 7.50000000000000000000e-01 1.00000000000000000000e+00 
layer_sizes=3 5 4 
scale_included=0
neurons (num_inputs, activation_function, activation_steepness)=(0, 0, 0.00000000000000000000e+00) (0, 0, 0.00000000000000000000e+00) (0, 0, 0.00000000000000000000e+00) (3, 3, 5.00000000000000000000e-01) (3, 3, 5.00000000000000000000e-01) (3, 3, 5.00000000000000000000e-01) (3, 3, 5.00000000000000000000e-01) (0, 3, 0.00000000000000000000e+00) (5, 0, 5.00000000000000000000e-01) (5, 0, 5.00000000000000000000e-01) (5, 0, 5.00000000000000000000e-01) (0, 0, 0.00000000000000000000e+00) 
connections (connected_to_neuron, weight)=(0, -1.50000000000000000000e+03) (1, -1.24178881835937500000e+03) (2, 1.33409547805786132812e+01) (0, -1.50000000000000000000e+03) (1, 2.23448257446289062500e+01) (2, 2.96508056640625000000e+02) (0, -1.50000000000000000000e+03) (1, -6.54313842773437500000e+02) (2, 1.60460872650146484375e+01) (0, -1.50000000000000000000e+03) (1, -9.98046386718750000000e+02) (2, 1.60674266815185546875e+01) (3, 1.21759200096130371094e+00) (4, 3.12992906570434570312e+00) (5, 1.45499241352081298828e+00) (6, 5.44722616672515869141e-01) (7, 3.28813982009887695312e+00) (3, 3.40640711784362792969e+00) (4, 8.46844005584716796875e+00) (5, 3.06250810623168945312e+00) (6, 1.94041085243225097656e+00) (7, 1.27528266906738281250e+01) (3, 9.05890464782714843750e+00) (4, 2.73563728332519531250e+01) (5, 1.07169828414916992188e+01) (6, 4.97143173217773437500e+00) (7, 4.66673355102539062500e+01) 
