FANN_FLO_2.1
num_layers=3
learning_rate=0.500000
connection_rate=1.000000
network_type=0
learning_momentum=0.000000
training_algorithm=2
train_error_function=1
train_stop_function=0
cascade_output_change_fraction=0.010000
quickprop_decay=-0.000100
quickprop_mu=1.750000
rprop_increase_factor=1.200000
rprop_decrease_factor=0.500000
rprop_delta_min=0.000000
rprop_delta_max=50.000000
rprop_delta_zero=0.100000
cascade_output_stagnation_epochs=12
cascade_candidate_change_fraction=0.010000
cascade_candidate_stagnation_epochs=12
cascade_max_out_epochs=150
cascade_min_out_epochs=50
cascade_max_cand_epochs=150
cascade_min_cand_epochs=50
cascade_num_candidate_groups=2
bit_fail_limit=3.49999994039535522461e-01
cascade_candidate_limit=1.00000000000000000000e+03
cascade_weight_multiplier=4.00000005960464477539e-01
cascade_activation_functions_count=10
cascade_activation_functions=3 5 7 8 10 11 14 15 16 17 
cascade_activation_steepnesses_count=4
cascade_activation_steepnesses=2.50000000000000000000e-01 5.00000000000000000000e-01 7.50000000000000000000e-01 1.00000000000000000000e+00 
layer_sizes=3 9 4 
scale_included=0
neurons (num_inputs, activation_function, activation_steepness)=(0, 0, 0.00000000000000000000e+00) (0, 0, 0.00000000000000000000e+00) (0, 0, 0.00000000000000000000e+00) (3, 3, 5.00000000000000000000e-01) (3, 3, 5.00000000000000000000e-01) (3, 3, 5.00000000000000000000e-01) (3, 3, 5.00000000000000000000e-01) (3, 3, 5.00000000000000000000e-01) (3, 3, 5.00000000000000000000e-01) (3, 3, 5.00000000000000000000e-01) (3, 3, 5.00000000000000000000e-01) (0, 3, 0.00000000000000000000e+00) (9, 0, 5.00000000000000000000e-01) (9, 0, 5.00000000000000000000e-01) (9, 0, 5.00000000000000000000e-01) (0, 0, 0.00000000000000000000e+00) 
connections (connected_to_neuron, weight)=(0, -7.87403297424316406250e+00) (1, 5.90782213211059570312e+00) (2, 4.94340801239013671875e+00) (0, -4.56898832321166992188e+00) (1, 4.07376909255981445312e+00) (2, 8.33990669250488281250e+00) (0, -3.53444314002990722656e+00) (1, 2.60912895202636718750e+00) (2, 1.75859984010457992554e-02) (0, -3.45032095909118652344e+00) (1, 7.41929829120635986328e-01) (2, 5.23799955844879150391e-01) (0, -2.68118023872375488281e+00) (1, -1.37380957603454589844e+00) (2, 6.64807319641113281250e-01) (0, -6.44938087463378906250e+00) (1, 6.69725942611694335938e+00) (2, 6.18190956115722656250e+00) (0, -6.61347436904907226562e+00) (1, 8.18459796905517578125e+00) (2, 8.85255718231201171875e+00) (0, -1.60030055046081542969e+00) (1, -3.44197225570678710938e+00) (2, 8.86771976947784423828e-01) (3, -1.60781323909759521484e-01) (4, 5.22656261920928955078e-01) (5, 2.37151408195495605469e+00) (6, 1.48824131488800048828e+00) (7, 3.09040236473083496094e+00) (8, 6.93134367465972900391e-01) (9, 5.21662354469299316406e-01) (10, 1.82965147495269775391e+00) (11, 3.28952491283416748047e-01) (3, 2.16498374938964843750e+00) (4, 1.72572731971740722656e+00) (5, 3.85886192321777343750e+00) (6, 5.91813945770263671875e+00) (7, 7.68958473205566406250e+00) (8, 2.89937233924865722656e+00) (9, 1.82510495185852050781e+00) (10, 6.48598861694335937500e+00) (11, 1.29299497604370117188e+00) (3, 8.43746185302734375000e+00) (4, 7.17857933044433593750e+00) (5, 1.07424955368041992188e+01) (6, 1.89185428619384765625e+01) (7, 2.44163036346435546875e+01) (8, 8.47960662841796875000e+00) (9, 6.96485090255737304688e+00) (10, 2.16365032196044921875e+01) (11, 7.19106006622314453125e+00) 
