FANN_FLO_2.1
num_layers=4
learning_rate=0.300000
connection_rate=1.000000
network_type=0
learning_momentum=0.000000
training_algorithm=2
train_error_function=1
train_stop_function=0
cascade_output_change_fraction=0.010000
quickprop_decay=-0.000100
quickprop_mu=1.750000
rprop_increase_factor=1.200000
rprop_decrease_factor=0.500000
rprop_delta_min=0.000000
rprop_delta_max=50.000000
rprop_delta_zero=0.100000
cascade_output_stagnation_epochs=12
cascade_candidate_change_fraction=0.010000
cascade_candidate_stagnation_epochs=12
cascade_max_out_epochs=150
cascade_min_out_epochs=50
cascade_max_cand_epochs=150
cascade_min_cand_epochs=50
cascade_num_candidate_groups=2
bit_fail_limit=3.49999994039535522461e-01
cascade_candidate_limit=1.00000000000000000000e+03
cascade_weight_multiplier=4.00000005960464477539e-01
cascade_activation_functions_count=10
cascade_activation_functions=3 5 7 8 10 11 14 15 16 17 
cascade_activation_steepnesses_count=4
cascade_activation_steepnesses=2.50000000000000000000e-01 5.00000000000000000000e-01 7.50000000000000000000e-01 1.00000000000000000000e+00 
layer_sizes=2 5 5 3 
scale_included=0
neurons (num_inputs, activation_function, activation_steepness)=(0, 0, 0.00000000000000000000e+00) (0, 0, 0.00000000000000000000e+00) (2, 3, 5.00000000000000000000e-01) (2, 3, 5.00000000000000000000e-01) (2, 3, 5.00000000000000000000e-01) (2, 3, 5.00000000000000000000e-01) (0, 3, 0.00000000000000000000e+00) (5, 3, 5.00000000000000000000e-01) (5, 3, 5.00000000000000000000e-01) (5, 3, 5.00000000000000000000e-01) (5, 3, 5.00000000000000000000e-01) (0, 3, 0.00000000000000000000e+00) (5, 0, 5.00000000000000000000e-01) (5, 0, 5.00000000000000000000e-01) (0, 0, 0.00000000000000000000e+00) 
connections (connected_to_neuron, weight)=(0, -3.17231693267822265625e+01) (1, -1.32949423789978027344e+00) (0, 3.01976943016052246094e+00) (1, 1.45891439914703369141e+00) (0, 1.38123376464843750000e+03) (1, 1.28881103515625000000e+02) (0, -3.03773040771484375000e+01) (1, -1.05460941791534423828e+00) (2, 3.11345338821411132812e+00) (3, 3.33153873682022094727e-01) (4, -2.06817969679832458496e-01) (5, 4.29892110824584960938e+00) (6, -2.56203484535217285156e+00) (2, 3.41273617744445800781e+00) (3, 6.42800867557525634766e-01) (4, -1.72843158245086669922e+00) (5, 1.43345987796783447266e+00) (6, -3.77848148345947265625e-01) (2, 6.59142613410949707031e-01) (3, 5.78885078430175781250e-01) (4, 1.03166699409484863281e-01) (5, 1.09712123870849609375e+00) (6, 4.15489785373210906982e-02) (2, 5.53085029125213623047e-01) (3, 8.04147303104400634766e-01) (4, -2.69773691892623901367e-01) (5, 1.68473231792449951172e+00) (6, -6.09127521514892578125e-01) (7, 2.21223682165145874023e-01) (8, 2.21421848982572555542e-02) (9, -2.43341363966464996338e-02) (10, 8.65526571869850158691e-02) (11, -2.54049777984619140625e-01) (7, -6.50902628898620605469e-01) (8, -1.66971370577812194824e-01) (9, -6.93550467491149902344e-01) (10, -7.06290543079376220703e-01) (11, -4.49166856706142425537e-02) 
