FANN_FLO_2.1
num_layers=3
learning_rate=0.500000
connection_rate=1.000000
network_type=0
learning_momentum=0.000000
training_algorithm=2
train_error_function=1
train_stop_function=0
cascade_output_change_fraction=0.010000
quickprop_decay=-0.000100
quickprop_mu=1.750000
rprop_increase_factor=1.200000
rprop_decrease_factor=0.500000
rprop_delta_min=0.000000
rprop_delta_max=50.000000
rprop_delta_zero=0.100000
cascade_output_stagnation_epochs=12
cascade_candidate_change_fraction=0.010000
cascade_candidate_stagnation_epochs=12
cascade_max_out_epochs=150
cascade_min_out_epochs=50
cascade_max_cand_epochs=150
cascade_min_cand_epochs=50
cascade_num_candidate_groups=2
bit_fail_limit=3.49999994039535522461e-01
cascade_candidate_limit=1.00000000000000000000e+03
cascade_weight_multiplier=4.00000005960464477539e-01
cascade_activation_functions_count=10
cascade_activation_functions=3 5 7 8 10 11 14 15 16 17 
cascade_activation_steepnesses_count=4
cascade_activation_steepnesses=2.50000000000000000000e-01 5.00000000000000000000e-01 7.50000000000000000000e-01 1.00000000000000000000e+00 
layer_sizes=3 9 4 
scale_included=0
neurons (num_inputs, activation_function, activation_steepness)=(0, 0, 0.00000000000000000000e+00) (0, 0, 0.00000000000000000000e+00) (0, 0, 0.00000000000000000000e+00) (3, 3, 5.00000000000000000000e-01) (3, 3, 5.00000000000000000000e-01) (3, 3, 5.00000000000000000000e-01) (3, 3, 5.00000000000000000000e-01) (3, 3, 5.00000000000000000000e-01) (3, 3, 5.00000000000000000000e-01) (3, 3, 5.00000000000000000000e-01) (3, 3, 5.00000000000000000000e-01) (0, 3, 0.00000000000000000000e+00) (9, 0, 5.00000000000000000000e-01) (9, 0, 5.00000000000000000000e-01) (9, 0, 5.00000000000000000000e-01) (0, 0, 0.00000000000000000000e+00) 
connections (connected_to_neuron, weight)=(0, -1.50000000000000000000e+03) (1, -4.49505996704101562500e+01) (2, 2.38292751312255859375e+01) (0, -8.68152523040771484375e+00) (1, 4.43883848190307617188e+00) (2, 1.62285938262939453125e+01) (0, -7.32206821441650390625e+00) (1, 7.33015871047973632812e+00) (2, 6.96458005905151367188e+00) (0, -8.30605983734130859375e+00) (1, 8.81498694419860839844e-01) (2, 1.58422315120697021484e+00) (0, -6.25050020217895507812e+00) (1, 2.21502232551574707031e+00) (2, 2.50535249710083007812e+00) (0, -1.34593383789062500000e+03) (1, -3.23252166748046875000e+02) (2, 6.07891416549682617188e+00) (0, -8.16206359863281250000e+00) (1, 5.10716772079467773438e+00) (2, 5.69186496734619140625e+00) (0, -2.06163954734802246094e+00) (1, -2.18867611885070800781e+00) (2, 1.08892470598220825195e-01) (3, 7.75193035602569580078e-01) (4, 5.78453481197357177734e-01) (5, 8.93121838569641113281e-01) (6, 1.18104660511016845703e+00) (7, 1.08862841129302978516e+00) (8, 9.25116837024688720703e-01) (9, 1.20959985256195068359e+00) (10, 3.54315853118896484375e+00) (11, 5.62281847000122070312e-01) (3, 1.71410477161407470703e+00) (4, 2.58609676361083984375e+00) (5, 3.43861818313598632812e+00) (6, 3.09590387344360351562e+00) (7, 4.44863843917846679688e+00) (8, 2.06284999847412109375e+00) (9, 3.58047270774841308594e+00) (10, 1.02860326766967773438e+01) (11, 2.00700283050537109375e+00) (3, 4.74348020553588867188e+00) (4, 1.05758094787597656250e+01) (5, 1.05508623123168945312e+01) (6, 1.19201164245605468750e+01) (7, 1.18781042098999023438e+01) (8, 6.53442192077636718750e+00) (9, 1.24779310226440429688e+01) (10, 3.24619941711425781250e+01) (11, 9.82075595855712890625e+00) 
