FANN_FLO_2.1
num_layers=4
learning_rate=0.300000
connection_rate=1.000000
network_type=0
learning_momentum=0.000000
training_algorithm=2
train_error_function=1
train_stop_function=0
cascade_output_change_fraction=0.010000
quickprop_decay=-0.000100
quickprop_mu=1.750000
rprop_increase_factor=1.200000
rprop_decrease_factor=0.500000
rprop_delta_min=0.000000
rprop_delta_max=50.000000
rprop_delta_zero=0.100000
cascade_output_stagnation_epochs=12
cascade_candidate_change_fraction=0.010000
cascade_candidate_stagnation_epochs=12
cascade_max_out_epochs=150
cascade_min_out_epochs=50
cascade_max_cand_epochs=150
cascade_min_cand_epochs=50
cascade_num_candidate_groups=2
bit_fail_limit=3.49999994039535522461e-01
cascade_candidate_limit=1.00000000000000000000e+03
cascade_weight_multiplier=4.00000005960464477539e-01
cascade_activation_functions_count=10
cascade_activation_functions=3 5 7 8 10 11 14 15 16 17 
cascade_activation_steepnesses_count=4
cascade_activation_steepnesses=2.50000000000000000000e-01 5.00000000000000000000e-01 7.50000000000000000000e-01 1.00000000000000000000e+00 
layer_sizes=2 5 3 3 
scale_included=0
neurons (num_inputs, activation_function, activation_steepness)=(0, 0, 0.00000000000000000000e+00) (0, 0, 0.00000000000000000000e+00) (2, 3, 5.00000000000000000000e-01) (2, 3, 5.00000000000000000000e-01) (2, 3, 5.00000000000000000000e-01) (2, 3, 5.00000000000000000000e-01) (0, 3, 0.00000000000000000000e+00) (5, 3, 5.00000000000000000000e-01) (5, 3, 5.00000000000000000000e-01) (0, 3, 0.00000000000000000000e+00) (3, 0, 5.00000000000000000000e-01) (3, 0, 5.00000000000000000000e-01) (0, 0, 0.00000000000000000000e+00) 
connections (connected_to_neuron, weight)=(0, -1.66621341705322265625e+01) (1, -9.19323921203613281250e+00) (0, -3.53106079101562500000e+01) (1, -5.77984511852264404297e-01) (0, -3.59789199829101562500e+01) (1, -6.45394921302795410156e-01) (0, -3.72693328857421875000e+01) (1, -7.60973274707794189453e-01) (2, 1.50000000000000000000e+03) (3, 6.28693056106567382812e+00) (4, 2.59358119964599609375e+00) (5, 1.81409156322479248047e+00) (6, -5.50990343093872070312e+00) (2, 1.50000000000000000000e+03) (3, 1.89163577556610107422e+00) (4, 1.85610783100128173828e+00) (5, 1.75723469257354736328e+00) (6, -1.03419530391693115234e+00) (7, 1.46993830800056457520e-01) (8, -8.90479087829589843750e-02) (9, -7.90033191442489624023e-02) (7, -9.71985816955566406250e-01) (8, -6.39216005802154541016e-01) (9, -5.54016113281250000000e-01) 
