FANN_FLO_2.1
num_layers=4
learning_rate=0.500000
connection_rate=1.000000
network_type=0
learning_momentum=0.000000
training_algorithm=2
train_error_function=1
train_stop_function=0
cascade_output_change_fraction=0.010000
quickprop_decay=-0.000100
quickprop_mu=1.750000
rprop_increase_factor=1.200000
rprop_decrease_factor=0.500000
rprop_delta_min=0.000000
rprop_delta_max=50.000000
rprop_delta_zero=0.100000
cascade_output_stagnation_epochs=12
cascade_candidate_change_fraction=0.010000
cascade_candidate_stagnation_epochs=12
cascade_max_out_epochs=150
cascade_min_out_epochs=50
cascade_max_cand_epochs=150
cascade_min_cand_epochs=50
cascade_num_candidate_groups=2
bit_fail_limit=3.49999994039535522461e-01
cascade_candidate_limit=1.00000000000000000000e+03
cascade_weight_multiplier=4.00000005960464477539e-01
cascade_activation_functions_count=10
cascade_activation_functions=3 5 7 8 10 11 14 15 16 17 
cascade_activation_steepnesses_count=4
cascade_activation_steepnesses=2.50000000000000000000e-01 5.00000000000000000000e-01 7.50000000000000000000e-01 1.00000000000000000000e+00 
layer_sizes=4 5 3 2 
scale_included=0
neurons (num_inputs, activation_function, activation_steepness)=(0, 0, 0.00000000000000000000e+00) (0, 0, 0.00000000000000000000e+00) (0, 0, 0.00000000000000000000e+00) (0, 0, 0.00000000000000000000e+00) (4, 3, 5.00000000000000000000e-01) (4, 3, 5.00000000000000000000e-01) (4, 3, 5.00000000000000000000e-01) (4, 3, 5.00000000000000000000e-01) (0, 3, 0.00000000000000000000e+00) (5, 3, 5.00000000000000000000e-01) (5, 3, 5.00000000000000000000e-01) (0, 3, 0.00000000000000000000e+00) (3, 3, 5.00000000000000000000e-01) (0, 3, 0.00000000000000000000e+00) 
connections (connected_to_neuron, weight)=(0, -1.46609365940093994141e+00) (1, -1.41986789703369140625e+01) (2, 1.69017767906188964844e+00) (3, 3.00173926353454589844e+00) (0, -1.49149465560913085938e+00) (1, -1.32668046951293945312e+01) (2, 5.72003364562988281250e-01) (3, 3.27567148208618164062e+00) (0, -1.78858900070190429688e+00) (1, -1.44599370956420898438e+01) (2, 8.05488944053649902344e-01) (3, 3.26556134223937988281e+00) (0, -4.75643110275268554688e+00) (1, -3.57531881332397460938e+00) (2, 3.94834250211715698242e-01) (3, 3.26722621917724609375e+00) (4, 8.63174974918365478516e-01) (5, 4.08524894714355468750e+00) (6, 8.08799624443054199219e-01) (7, -1.75581912994384765625e+01) (8, 1.77432626485824584961e-01) (4, 1.00198972225189208984e+00) (5, 6.79654741287231445312e+00) (6, 6.62185001373291015625e+00) (7, 4.34894790649414062500e+01) (8, -1.42340211868286132812e+01) (9, 2.93702411651611328125e+00) (10, -3.58561778068542480469e+00) (11, 1.31196546554565429688e+00) 
