FANN_FLO_2.1
num_layers=3
learning_rate=0.400000
connection_rate=1.000000
network_type=0
learning_momentum=0.000000
training_algorithm=2
train_error_function=1
train_stop_function=0
cascade_output_change_fraction=0.010000
quickprop_decay=-0.000100
quickprop_mu=1.750000
rprop_increase_factor=1.200000
rprop_decrease_factor=0.500000
rprop_delta_min=0.000000
rprop_delta_max=50.000000
rprop_delta_zero=0.100000
cascade_output_stagnation_epochs=12
cascade_candidate_change_fraction=0.010000
cascade_candidate_stagnation_epochs=12
cascade_max_out_epochs=150
cascade_min_out_epochs=50
cascade_max_cand_epochs=150
cascade_min_cand_epochs=50
cascade_num_candidate_groups=2
bit_fail_limit=3.49999994039535522461e-01
cascade_candidate_limit=1.00000000000000000000e+03
cascade_weight_multiplier=4.00000005960464477539e-01
cascade_activation_functions_count=10
cascade_activation_functions=3 5 7 8 10 11 14 15 16 17 
cascade_activation_steepnesses_count=4
cascade_activation_steepnesses=2.50000000000000000000e-01 5.00000000000000000000e-01 7.50000000000000000000e-01 1.00000000000000000000e+00 
layer_sizes=6 5 2 
scale_included=0
neurons (num_inputs, activation_function, activation_steepness)=(0, 0, 0.00000000000000000000e+00) (0, 0, 0.00000000000000000000e+00) (0, 0, 0.00000000000000000000e+00) (0, 0, 0.00000000000000000000e+00) (0, 0, 0.00000000000000000000e+00) (0, 0, 0.00000000000000000000e+00) (6, 3, 5.00000000000000000000e-01) (6, 3, 5.00000000000000000000e-01) (6, 3, 5.00000000000000000000e-01) (6, 3, 5.00000000000000000000e-01) (0, 3, 0.00000000000000000000e+00) (5, 0, 5.00000000000000000000e-01) (0, 0, 0.00000000000000000000e+00) 
connections (connected_to_neuron, weight)=(0, -2.33836054801940917969e+00) (1, -2.42803633213043212891e-01) (2, 4.46115970611572265625e-01) (3, -2.78121876716613769531e+00) (4, 6.61893784999847412109e-01) (5, -9.46910083293914794922e-01) (0, -3.76374435424804687500e+01) (1, -2.50238966941833496094e+00) (2, -6.60109594464302062988e-02) (3, -1.44075882434844970703e+00) (4, -1.52448818087577819824e-01) (5, -6.77294015884399414062e-01) (0, -1.50000000000000000000e+03) (1, -6.67901611328125000000e+00) (2, -1.72833278775215148926e-01) (3, -1.94872915744781494141e+00) (4, 6.64035856723785400391e-01) (5, -1.68804156780242919922e+00) (0, -9.27388000488281250000e+00) (1, -8.04360866546630859375e-01) (2, -1.09232924878597259521e-02) (3, -1.67066180706024169922e+00) (4, 4.91291359066963195801e-02) (5, -2.19714611768722534180e-01) (6, 3.88287186622619628906e-01) (7, 1.48702466487884521484e+00) (8, 3.22893524169921875000e+00) (9, 6.66823267936706542969e-01) (10, 3.69812995195388793945e-01) 
