FANN_FLO_2.1
num_layers=3
learning_rate=0.400000
connection_rate=1.000000
network_type=0
learning_momentum=0.000000
training_algorithm=2
train_error_function=1
train_stop_function=0
cascade_output_change_fraction=0.010000
quickprop_decay=-0.000100
quickprop_mu=1.750000
rprop_increase_factor=1.200000
rprop_decrease_factor=0.500000
rprop_delta_min=0.000000
rprop_delta_max=50.000000
rprop_delta_zero=0.100000
cascade_output_stagnation_epochs=12
cascade_candidate_change_fraction=0.010000
cascade_candidate_stagnation_epochs=12
cascade_max_out_epochs=150
cascade_min_out_epochs=50
cascade_max_cand_epochs=150
cascade_min_cand_epochs=50
cascade_num_candidate_groups=2
bit_fail_limit=3.49999994039535522461e-01
cascade_candidate_limit=1.00000000000000000000e+03
cascade_weight_multiplier=4.00000005960464477539e-01
cascade_activation_functions_count=10
cascade_activation_functions=3 5 7 8 10 11 14 15 16 17 
cascade_activation_steepnesses_count=4
cascade_activation_steepnesses=2.50000000000000000000e-01 5.00000000000000000000e-01 7.50000000000000000000e-01 1.00000000000000000000e+00 
layer_sizes=6 5 2 
scale_included=0
neurons (num_inputs, activation_function, activation_steepness)=(0, 0, 0.00000000000000000000e+00) (0, 0, 0.00000000000000000000e+00) (0, 0, 0.00000000000000000000e+00) (0, 0, 0.00000000000000000000e+00) (0, 0, 0.00000000000000000000e+00) (0, 0, 0.00000000000000000000e+00) (6, 3, 5.00000000000000000000e-01) (6, 3, 5.00000000000000000000e-01) (6, 3, 5.00000000000000000000e-01) (6, 3, 5.00000000000000000000e-01) (0, 3, 0.00000000000000000000e+00) (5, 0, 5.00000000000000000000e-01) (0, 0, 0.00000000000000000000e+00) 
connections (connected_to_neuron, weight)=(0, -1.50000000000000000000e+03) (1, -7.69168472290039062500e+00) (2, -1.75968170166015625000e+00) (3, -4.93795543909072875977e-01) (4, 1.14433407783508300781e+00) (5, 3.90820384025573730469e-01) (0, -1.50000000000000000000e+03) (1, -1.50000000000000000000e+03) (2, -4.38614273071289062500e+01) (3, -4.83829460144042968750e+01) (4, 2.96356391906738281250e+00) (5, 5.60778677463531494141e-01) (0, -1.50000000000000000000e+03) (1, -1.50000000000000000000e+03) (2, -5.53735589981079101562e+00) (3, -3.66851300001144409180e-01) (4, 1.47853040695190429688e+00) (5, 4.48588252067565917969e-01) (0, -1.50000000000000000000e+03) (1, -1.50000000000000000000e+03) (2, -5.84164306640625000000e+02) (3, -1.21387145996093750000e+02) (4, -1.63205909729003906250e+01) (5, -6.31129264831542968750e-01) (6, 1.24160642623901367188e+01) (7, 3.35534324645996093750e+01) (8, 6.94468841552734375000e+01) (9, 3.33612594604492187500e+01) (10, 7.70549237728118896484e-01) 
