FANN_FLO_2.1
num_layers=3
learning_rate=0.500000
connection_rate=1.000000
network_type=0
learning_momentum=0.000000
training_algorithm=2
train_error_function=1
train_stop_function=0
cascade_output_change_fraction=0.010000
quickprop_decay=-0.000100
quickprop_mu=1.750000
rprop_increase_factor=1.200000
rprop_decrease_factor=0.500000
rprop_delta_min=0.000000
rprop_delta_max=50.000000
rprop_delta_zero=0.100000
cascade_output_stagnation_epochs=12
cascade_candidate_change_fraction=0.010000
cascade_candidate_stagnation_epochs=12
cascade_max_out_epochs=150
cascade_min_out_epochs=50
cascade_max_cand_epochs=150
cascade_min_cand_epochs=50
cascade_num_candidate_groups=2
bit_fail_limit=3.49999994039535522461e-01
cascade_candidate_limit=1.00000000000000000000e+03
cascade_weight_multiplier=4.00000005960464477539e-01
cascade_activation_functions_count=10
cascade_activation_functions=3 5 7 8 10 11 14 15 16 17 
cascade_activation_steepnesses_count=4
cascade_activation_steepnesses=2.50000000000000000000e-01 5.00000000000000000000e-01 7.50000000000000000000e-01 1.00000000000000000000e+00 
layer_sizes=10 3 2 
scale_included=0
neurons (num_inputs, activation_function, activation_steepness)=(0, 0, 0.00000000000000000000e+00) (0, 0, 0.00000000000000000000e+00) (0, 0, 0.00000000000000000000e+00) (0, 0, 0.00000000000000000000e+00) (0, 0, 0.00000000000000000000e+00) (0, 0, 0.00000000000000000000e+00) (0, 0, 0.00000000000000000000e+00) (0, 0, 0.00000000000000000000e+00) (0, 0, 0.00000000000000000000e+00) (0, 0, 0.00000000000000000000e+00) (10, 3, 5.00000000000000000000e-01) (10, 3, 5.00000000000000000000e-01) (0, 3, 0.00000000000000000000e+00) (3, 3, 5.00000000000000000000e-01) (0, 3, 0.00000000000000000000e+00) 
connections (connected_to_neuron, weight)=(0, -3.86128842830657958984e-01) (1, -2.24253922700881958008e-01) (2, -4.00476753711700439453e-01) (3, 9.22695398330688476562e-02) (4, -2.60104566812515258789e-01) (5, -6.15004122257232666016e-01) (6, -5.66715419292449951172e-01) (7, -3.08743089437484741211e-01) (8, -5.18728196620941162109e-01) (9, 4.33110535144805908203e-01) (0, -2.38020718097686767578e-01) (1, -4.78534787893295288086e-01) (2, -2.57393091917037963867e-01) (3, -8.34126055240631103516e-01) (4, -4.22960191965103149414e-01) (5, -5.36179989576339721680e-02) (6, -9.71795544028282165527e-02) (7, -3.35836499929428100586e-01) (8, -1.48429244756698608398e-01) (9, 1.98509275913238525391e-01) (10, -3.72512722015380859375e+00) (11, -3.51802873611450195312e+00) (12, 1.70007932186126708984e+00) 
