FANN_FLO_2.1
num_layers=3
learning_rate=0.500000
connection_rate=1.000000
network_type=0
learning_momentum=0.000000
training_algorithm=2
train_error_function=1
train_stop_function=0
cascade_output_change_fraction=0.010000
quickprop_decay=-0.000100
quickprop_mu=1.750000
rprop_increase_factor=1.200000
rprop_decrease_factor=0.500000
rprop_delta_min=0.000000
rprop_delta_max=50.000000
rprop_delta_zero=0.100000
cascade_output_stagnation_epochs=12
cascade_candidate_change_fraction=0.010000
cascade_candidate_stagnation_epochs=12
cascade_max_out_epochs=150
cascade_min_out_epochs=50
cascade_max_cand_epochs=150
cascade_min_cand_epochs=50
cascade_num_candidate_groups=2
bit_fail_limit=3.49999994039535522461e-01
cascade_candidate_limit=1.00000000000000000000e+03
cascade_weight_multiplier=4.00000005960464477539e-01
cascade_activation_functions_count=10
cascade_activation_functions=3 5 7 8 10 11 14 15 16 17 
cascade_activation_steepnesses_count=4
cascade_activation_steepnesses=2.50000000000000000000e-01 5.00000000000000000000e-01 7.50000000000000000000e-01 1.00000000000000000000e+00 
layer_sizes=3 9 4 
scale_included=0
neurons (num_inputs, activation_function, activation_steepness)=(0, 0, 0.00000000000000000000e+00) (0, 0, 0.00000000000000000000e+00) (0, 0, 0.00000000000000000000e+00) (3, 3, 5.00000000000000000000e-01) (3, 3, 5.00000000000000000000e-01) (3, 3, 5.00000000000000000000e-01) (3, 3, 5.00000000000000000000e-01) (3, 3, 5.00000000000000000000e-01) (3, 3, 5.00000000000000000000e-01) (3, 3, 5.00000000000000000000e-01) (3, 3, 5.00000000000000000000e-01) (0, 3, 0.00000000000000000000e+00) (9, 0, 5.00000000000000000000e-01) (9, 0, 5.00000000000000000000e-01) (9, 0, 5.00000000000000000000e-01) (0, 0, 0.00000000000000000000e+00) 
connections (connected_to_neuron, weight)=(0, -5.93921566009521484375e+00) (1, 3.34508061408996582031e+00) (2, 3.66995143890380859375e+00) (0, -1.99002039432525634766e+00) (1, -3.78369545936584472656e+00) (2, 7.26719260215759277344e-01) (0, -6.40298604965209960938e+00) (1, 2.30128598213195800781e+00) (2, 2.08979916572570800781e+00) (0, -7.22907018661499023438e+00) (1, 6.35449552536010742188e+00) (2, 5.68243074417114257812e+00) (0, -4.43000459671020507812e+00) (1, 5.35460186004638671875e+00) (2, 6.00054693222045898438e+00) (0, -5.47519922256469726562e+00) (1, 3.96334022283554077148e-01) (2, 5.03235042095184326172e-01) (0, -3.72360920906066894531e+00) (1, -2.01586961746215820312e+00) (2, 6.26586914062500000000e-01) (0, -4.32590293884277343750e+00) (1, 5.57898759841918945312e+00) (2, 6.14377117156982421875e+00) (3, 8.98591279983520507812e-01) (4, 2.06542491912841796875e+00) (5, 7.29196786880493164062e-01) (6, 1.06386029720306396484e+00) (7, 5.67896902561187744141e-01) (8, 2.41043877601623535156e+00) (9, 2.32172799110412597656e+00) (10, 5.98095178604125976562e-01) (11, 1.75579532980918884277e-01) (3, 3.37796473503112792969e+00) (4, 6.41761541366577148438e+00) (5, 3.15071010589599609375e+00) (6, 3.61530303955078125000e+00) (7, 2.05950665473937988281e+00) (8, 5.28773260116577148438e+00) (9, 6.15781784057617187500e+00) (10, 1.99846124649047851562e+00) (11, 1.52597880363464355469e+00) (3, 1.01686925888061523438e+01) (4, 2.13018169403076171875e+01) (5, 1.12568435668945312500e+01) (6, 9.62705612182617187500e+00) (7, 9.15321350097656250000e+00) (8, 1.56281242370605468750e+01) (9, 1.94853267669677734375e+01) (10, 9.23295974731445312500e+00) (11, 7.00343894958496093750e+00) 
