FANN_FLO_2.1
num_layers=3
learning_rate=0.500000
connection_rate=1.000000
network_type=0
learning_momentum=0.000000
training_algorithm=2
train_error_function=1
train_stop_function=0
cascade_output_change_fraction=0.010000
quickprop_decay=-0.000100
quickprop_mu=1.750000
rprop_increase_factor=1.200000
rprop_decrease_factor=0.500000
rprop_delta_min=0.000000
rprop_delta_max=50.000000
rprop_delta_zero=0.100000
cascade_output_stagnation_epochs=12
cascade_candidate_change_fraction=0.010000
cascade_candidate_stagnation_epochs=12
cascade_max_out_epochs=150
cascade_min_out_epochs=50
cascade_max_cand_epochs=150
cascade_min_cand_epochs=50
cascade_num_candidate_groups=2
bit_fail_limit=3.49999994039535522461e-01
cascade_candidate_limit=1.00000000000000000000e+03
cascade_weight_multiplier=4.00000005960464477539e-01
cascade_activation_functions_count=10
cascade_activation_functions=3 5 7 8 10 11 14 15 16 17 
cascade_activation_steepnesses_count=4
cascade_activation_steepnesses=2.50000000000000000000e-01 5.00000000000000000000e-01 7.50000000000000000000e-01 1.00000000000000000000e+00 
layer_sizes=3 5 4 
scale_included=0
neurons (num_inputs, activation_function, activation_steepness)=(0, 0, 0.00000000000000000000e+00) (0, 0, 0.00000000000000000000e+00) (0, 0, 0.00000000000000000000e+00) (3, 3, 5.00000000000000000000e-01) (3, 3, 5.00000000000000000000e-01) (3, 3, 5.00000000000000000000e-01) (3, 3, 5.00000000000000000000e-01) (0, 3, 0.00000000000000000000e+00) (5, 0, 5.00000000000000000000e-01) (5, 0, 5.00000000000000000000e-01) (5, 0, 5.00000000000000000000e-01) (0, 0, 0.00000000000000000000e+00) 
connections (connected_to_neuron, weight)=(0, -1.58936405181884765625e+01) (1, 1.54711980819702148438e+01) (2, 1.54841995239257812500e+01) (0, -2.04562587738037109375e+01) (1, 1.35444784164428710938e+01) (2, 8.83882904052734375000e+00) (0, -2.49279212951660156250e+00) (1, -2.92431235313415527344e+00) (2, 7.92478501796722412109e-01) (0, -2.66421437263488769531e+00) (1, 2.22813144326210021973e-01) (2, 3.71016919612884521484e-01) (3, 9.69066917896270751953e-01) (4, 6.57578468322753906250e-01) (5, 2.76407909393310546875e+00) (6, 4.81009149551391601562e+00) (7, 1.06713807582855224609e+00) (3, 3.99096083641052246094e+00) (4, 3.32900261878967285156e+00) (5, 8.69707584381103515625e+00) (6, 1.20381937026977539062e+01) (7, 4.46304893493652343750e+00) (3, 1.45040130615234375000e+01) (4, 1.11199750900268554688e+01) (5, 2.83099937438964843750e+01) (6, 3.66434059143066406250e+01) (7, 1.87722110748291015625e+01) 
