FANN_FLO_2.1
num_layers=4
learning_rate=0.500000
connection_rate=1.000000
network_type=0
learning_momentum=0.000000
training_algorithm=2
train_error_function=1
train_stop_function=0
cascade_output_change_fraction=0.010000
quickprop_decay=-0.000100
quickprop_mu=1.750000
rprop_increase_factor=1.200000
rprop_decrease_factor=0.500000
rprop_delta_min=0.000000
rprop_delta_max=50.000000
rprop_delta_zero=0.100000
cascade_output_stagnation_epochs=12
cascade_candidate_change_fraction=0.010000
cascade_candidate_stagnation_epochs=12
cascade_max_out_epochs=150
cascade_min_out_epochs=50
cascade_max_cand_epochs=150
cascade_min_cand_epochs=50
cascade_num_candidate_groups=2
bit_fail_limit=3.49999994039535522461e-01
cascade_candidate_limit=1.00000000000000000000e+03
cascade_weight_multiplier=4.00000005960464477539e-01
cascade_activation_functions_count=10
cascade_activation_functions=3 5 7 8 10 11 14 15 16 17 
cascade_activation_steepnesses_count=4
cascade_activation_steepnesses=2.50000000000000000000e-01 5.00000000000000000000e-01 7.50000000000000000000e-01 1.00000000000000000000e+00 
layer_sizes=18 3 3 2 
scale_included=0
neurons (num_inputs, activation_function, activation_steepness)=(0, 0, 0.00000000000000000000e+00) (0, 0, 0.00000000000000000000e+00) (0, 0, 0.00000000000000000000e+00) (0, 0, 0.00000000000000000000e+00) (0, 0, 0.00000000000000000000e+00) (0, 0, 0.00000000000000000000e+00) (0, 0, 0.00000000000000000000e+00) (0, 0, 0.00000000000000000000e+00) (0, 0, 0.00000000000000000000e+00) (0, 0, 0.00000000000000000000e+00) (0, 0, 0.00000000000000000000e+00) (0, 0, 0.00000000000000000000e+00) (0, 0, 0.00000000000000000000e+00) (0, 0, 0.00000000000000000000e+00) (0, 0, 0.00000000000000000000e+00) (0, 0, 0.00000000000000000000e+00) (0, 0, 0.00000000000000000000e+00) (0, 0, 0.00000000000000000000e+00) (18, 3, 5.00000000000000000000e-01) (18, 3, 5.00000000000000000000e-01) (0, 3, 0.00000000000000000000e+00) (3, 3, 5.00000000000000000000e-01) (3, 3, 5.00000000000000000000e-01) (0, 3, 0.00000000000000000000e+00) (3, 0, 5.00000000000000000000e-01) (0, 0, 0.00000000000000000000e+00) 
connections (connected_to_neuron, weight)=(0, 9.60641086101531982422e-01) (1, 1.01052844524383544922e+00) (2, 9.67991650104522705078e-01) (3, 9.49124336242675781250e-01) (4, 7.51472651958465576172e-01) (5, -5.99967360496520996094e-01) (6, -1.71574687957763671875e+00) (7, -5.53574144840240478516e-01) (8, -2.81572282314300537109e-01) (9, 9.91921067237854003906e-01) (10, 6.96051597595214843750e-01) (11, 1.14162933826446533203e+00) (12, 1.02974772453308105469e+00) (13, 1.07889783382415771484e+00) (14, 1.14326632022857666016e+00) (15, 7.86572158336639404297e-01) (16, 5.76534926891326904297e-01) (17, -5.72051715850830078125e+00) (0, 1.07024466991424560547e+00) (1, 1.07746636867523193359e+00) (2, 1.03946650028228759766e+00) (3, 1.18719494342803955078e+00) (4, 1.38241183757781982422e+00) (5, -1.28419423103332519531e+00) (6, -6.52454853057861328125e-01) (7, -1.35286319255828857422e+00) (8, 2.46169328689575195312e-01) (9, 1.08796894550323486328e+00) (10, 1.49202442169189453125e+00) (11, 9.36008989810943603516e-01) (12, 1.09316778182983398438e+00) (13, 7.96206653118133544922e-01) (14, 1.04078888893127441406e+00) (15, 1.15240502357482910156e+00) (16, 1.66157066822052001953e+00) (17, -3.39709019660949707031e+00) (18, 3.68321633338928222656e+00) (19, 1.57021248340606689453e+00) (20, -2.24739289283752441406e+00) (18, 2.54221844673156738281e+00) (19, 2.60858249664306640625e+00) (20, -1.64108216762542724609e+00) (21, 7.59025001525878906250e+00) (22, 6.16911458969116210938e+00) (23, 1.23911631107330322266e+00) 
