FANN_FLO_2.1
num_layers=4
learning_rate=0.500000
connection_rate=1.000000
network_type=0
learning_momentum=0.000000
training_algorithm=2
train_error_function=1
train_stop_function=0
cascade_output_change_fraction=0.010000
quickprop_decay=-0.000100
quickprop_mu=1.750000
rprop_increase_factor=1.200000
rprop_decrease_factor=0.500000
rprop_delta_min=0.000000
rprop_delta_max=50.000000
rprop_delta_zero=0.100000
cascade_output_stagnation_epochs=12
cascade_candidate_change_fraction=0.010000
cascade_candidate_stagnation_epochs=12
cascade_max_out_epochs=150
cascade_min_out_epochs=50
cascade_max_cand_epochs=150
cascade_min_cand_epochs=50
cascade_num_candidate_groups=2
bit_fail_limit=3.49999994039535522461e-01
cascade_candidate_limit=1.00000000000000000000e+03
cascade_weight_multiplier=4.00000005960464477539e-01
cascade_activation_functions_count=10
cascade_activation_functions=3 5 7 8 10 11 14 15 16 17 
cascade_activation_steepnesses_count=4
cascade_activation_steepnesses=2.50000000000000000000e-01 5.00000000000000000000e-01 7.50000000000000000000e-01 1.00000000000000000000e+00 
layer_sizes=4 5 3 2 
scale_included=0
neurons (num_inputs, activation_function, activation_steepness)=(0, 0, 0.00000000000000000000e+00) (0, 0, 0.00000000000000000000e+00) (0, 0, 0.00000000000000000000e+00) (0, 0, 0.00000000000000000000e+00) (4, 3, 5.00000000000000000000e-01) (4, 3, 5.00000000000000000000e-01) (4, 3, 5.00000000000000000000e-01) (4, 3, 5.00000000000000000000e-01) (0, 3, 0.00000000000000000000e+00) (5, 3, 5.00000000000000000000e-01) (5, 3, 5.00000000000000000000e-01) (0, 3, 0.00000000000000000000e+00) (3, 3, 5.00000000000000000000e-01) (0, 3, 0.00000000000000000000e+00) 
connections (connected_to_neuron, weight)=(0, 7.62845001220703125000e+01) (1, -3.84801666259765625000e+02) (2, 2.96885395050048828125e+01) (3, 9.54104781150817871094e-01) (0, 4.71243591308593750000e+01) (1, -2.22147323608398437500e+02) (2, 7.40397186279296875000e+01) (3, 9.41958010196685791016e-01) (0, -4.53870868682861328125e+00) (1, -4.61374616622924804688e+00) (2, -1.46367323398590087891e+00) (3, 3.87077617645263671875e+00) (0, -7.22224914550781250000e+02) (1, 1.19583752441406250000e+03) (2, -1.81647827148437500000e+02) (3, 8.68255853652954101562e-01) (4, -1.70084762573242187500e+00) (5, 6.80098009109497070312e+00) (6, 2.58157825469970703125e+01) (7, 9.58991408348083496094e-01) (8, -6.61295366287231445312e+00) (4, 8.39223861694335937500e-01) (5, 1.63192081451416015625e+00) (6, 2.07126216888427734375e+01) (7, 3.07167148590087890625e+00) (8, -4.09298372268676757812e+00) (9, -2.98855042457580566406e+00) (10, -1.21327495574951171875e+00) (11, 2.05123662948608398438e+00) 
