FANN_FLO_2.1
num_layers=3
learning_rate=0.500000
connection_rate=1.000000
network_type=0
learning_momentum=0.000000
training_algorithm=2
train_error_function=1
train_stop_function=0
cascade_output_change_fraction=0.010000
quickprop_decay=-0.000100
quickprop_mu=1.750000
rprop_increase_factor=1.200000
rprop_decrease_factor=0.500000
rprop_delta_min=0.000000
rprop_delta_max=50.000000
rprop_delta_zero=0.100000
cascade_output_stagnation_epochs=12
cascade_candidate_change_fraction=0.010000
cascade_candidate_stagnation_epochs=12
cascade_max_out_epochs=150
cascade_min_out_epochs=50
cascade_max_cand_epochs=150
cascade_min_cand_epochs=50
cascade_num_candidate_groups=2
bit_fail_limit=3.49999994039535522461e-01
cascade_candidate_limit=1.00000000000000000000e+03
cascade_weight_multiplier=4.00000005960464477539e-01
cascade_activation_functions_count=10
cascade_activation_functions=3 5 7 8 10 11 14 15 16 17 
cascade_activation_steepnesses_count=4
cascade_activation_steepnesses=2.50000000000000000000e-01 5.00000000000000000000e-01 7.50000000000000000000e-01 1.00000000000000000000e+00 
layer_sizes=7 5 2 
scale_included=0
neurons (num_inputs, activation_function, activation_steepness)=(0, 0, 0.00000000000000000000e+00) (0, 0, 0.00000000000000000000e+00) (0, 0, 0.00000000000000000000e+00) (0, 0, 0.00000000000000000000e+00) (0, 0, 0.00000000000000000000e+00) (0, 0, 0.00000000000000000000e+00) (0, 0, 0.00000000000000000000e+00) (7, 3, 5.00000000000000000000e-01) (7, 3, 5.00000000000000000000e-01) (7, 3, 5.00000000000000000000e-01) (7, 3, 5.00000000000000000000e-01) (0, 3, 0.00000000000000000000e+00) (5, 0, 5.00000000000000000000e-01) (0, 0, 0.00000000000000000000e+00) 
connections (connected_to_neuron, weight)=(0, 1.45047760009765625000e+00) (1, -1.59546875953674316406e+00) (2, -7.54766967773437500000e+02) (3, -8.64888012409210205078e-01) (4, 7.14529693126678466797e-01) (5, -1.39259099960327148438e+00) (6, -1.62824332714080810547e+00) (0, 1.94435015320777893066e-01) (1, 5.30076742172241210938e-01) (2, 2.52767652273178100586e-01) (3, -5.73308110237121582031e-01) (4, 5.00983119010925292969e-01) (5, -7.79272794723510742188e-01) (6, -1.18374121189117431641e+00) (0, 7.01980292797088623047e-01) (1, -2.54975527524948120117e-01) (2, 9.25221800804138183594e-01) (3, -5.87862908840179443359e-01) (4, -3.13162446022033691406e-01) (5, -5.72079241275787353516e-01) (6, -2.93598103523254394531e+00) (0, 1.91578567028045654297e-02) (1, 5.93673646450042724609e-01) (2, 2.25493311882019042969e-02) (3, -1.13228820264339447021e-01) (4, -1.08772471547126770020e-01) (5, -3.68615806102752685547e-01) (6, -2.17520177364349365234e-01) (7, -1.33498515933752059937e-02) (8, -2.06075072288513183594e-01) (9, -3.66154164075851440430e-02) (10, 2.29051887989044189453e-01) (11, -4.64528857264667749405e-04) 
