FANN_FLO_2.1
num_layers=3
learning_rate=0.450000
connection_rate=1.000000
network_type=0
learning_momentum=0.000000
training_algorithm=2
train_error_function=1
train_stop_function=0
cascade_output_change_fraction=0.010000
quickprop_decay=-0.000100
quickprop_mu=1.750000
rprop_increase_factor=1.200000
rprop_decrease_factor=0.500000
rprop_delta_min=0.000000
rprop_delta_max=50.000000
rprop_delta_zero=0.100000
cascade_output_stagnation_epochs=12
cascade_candidate_change_fraction=0.010000
cascade_candidate_stagnation_epochs=12
cascade_max_out_epochs=150
cascade_min_out_epochs=50
cascade_max_cand_epochs=150
cascade_min_cand_epochs=50
cascade_num_candidate_groups=2
bit_fail_limit=3.49999994039535522461e-01
cascade_candidate_limit=1.00000000000000000000e+03
cascade_weight_multiplier=4.00000005960464477539e-01
cascade_activation_functions_count=10
cascade_activation_functions=3 5 7 8 10 11 14 15 16 17 
cascade_activation_steepnesses_count=4
cascade_activation_steepnesses=2.50000000000000000000e-01 5.00000000000000000000e-01 7.50000000000000000000e-01 1.00000000000000000000e+00 
layer_sizes=7 5 2 
scale_included=0
neurons (num_inputs, activation_function, activation_steepness)=(0, 0, 0.00000000000000000000e+00) (0, 0, 0.00000000000000000000e+00) (0, 0, 0.00000000000000000000e+00) (0, 0, 0.00000000000000000000e+00) (0, 0, 0.00000000000000000000e+00) (0, 0, 0.00000000000000000000e+00) (0, 0, 0.00000000000000000000e+00) (7, 3, 5.00000000000000000000e-01) (7, 3, 5.00000000000000000000e-01) (7, 3, 5.00000000000000000000e-01) (7, 3, 5.00000000000000000000e-01) (0, 3, 0.00000000000000000000e+00) (5, 0, 5.00000000000000000000e-01) (0, 0, 0.00000000000000000000e+00) 
connections (connected_to_neuron, weight)=(0, 9.88264232873916625977e-02) (1, -1.79432600736618041992e-01) (2, 8.63654792308807373047e-01) (3, -7.80210420489311218262e-02) (4, -3.80910813808441162109e-01) (5, -3.93438488245010375977e-01) (6, -1.06608068943023681641e+00) (0, 7.58041292428970336914e-02) (1, -2.24100276827812194824e-01) (2, 7.59445011615753173828e-01) (3, 5.50133287906646728516e-02) (4, -5.72936117649078369141e-01) (5, -1.14041589200496673584e-01) (6, -6.93887233734130859375e-01) (0, -8.23362886905670166016e-01) (1, -4.13362026214599609375e-01) (2, -9.73657146096229553223e-02) (3, -7.64093175530433654785e-02) (4, 1.51126831769943237305e-01) (5, 1.28907191753387451172e+00) (6, -1.51342833042144775391e+00) (0, 2.14753404259681701660e-01) (1, -3.05628228187561035156e+00) (2, 5.41225075721740722656e-02) (3, 8.20204336196184158325e-03) (4, 7.72439002990722656250e-01) (5, 2.36723756790161132812e+00) (6, -2.48120680451393127441e-01) (7, -9.31030154228210449219e-01) (8, 9.15712058544158935547e-01) (9, 2.35950008034706115723e-01) (10, -2.60241597890853881836e-01) (11, 2.22071688622236251831e-02) 
