FANN_FLO_2.1
num_layers=4
learning_rate=0.500000
connection_rate=1.000000
network_type=0
learning_momentum=0.000000
training_algorithm=2
train_error_function=1
train_stop_function=0
cascade_output_change_fraction=0.010000
quickprop_decay=-0.000100
quickprop_mu=1.750000
rprop_increase_factor=1.200000
rprop_decrease_factor=0.500000
rprop_delta_min=0.000000
rprop_delta_max=50.000000
rprop_delta_zero=0.100000
cascade_output_stagnation_epochs=12
cascade_candidate_change_fraction=0.010000
cascade_candidate_stagnation_epochs=12
cascade_max_out_epochs=150
cascade_min_out_epochs=50
cascade_max_cand_epochs=150
cascade_min_cand_epochs=50
cascade_num_candidate_groups=2
bit_fail_limit=3.49999994039535522461e-01
cascade_candidate_limit=1.00000000000000000000e+03
cascade_weight_multiplier=4.00000005960464477539e-01
cascade_activation_functions_count=10
cascade_activation_functions=3 5 7 8 10 11 14 15 16 17 
cascade_activation_steepnesses_count=4
cascade_activation_steepnesses=2.50000000000000000000e-01 5.00000000000000000000e-01 7.50000000000000000000e-01 1.00000000000000000000e+00 
layer_sizes=4 5 3 2 
scale_included=0
neurons (num_inputs, activation_function, activation_steepness)=(0, 0, 0.00000000000000000000e+00) (0, 0, 0.00000000000000000000e+00) (0, 0, 0.00000000000000000000e+00) (0, 0, 0.00000000000000000000e+00) (4, 3, 5.00000000000000000000e-01) (4, 3, 5.00000000000000000000e-01) (4, 3, 5.00000000000000000000e-01) (4, 3, 5.00000000000000000000e-01) (0, 3, 0.00000000000000000000e+00) (5, 3, 5.00000000000000000000e-01) (5, 3, 5.00000000000000000000e-01) (0, 3, 0.00000000000000000000e+00) (3, 3, 5.00000000000000000000e-01) (0, 3, 0.00000000000000000000e+00) 
connections (connected_to_neuron, weight)=(0, -1.07792081832885742188e+01) (1, -9.90030956268310546875e+00) (2, -3.01419997215270996094e+00) (3, 6.53564167022705078125e+00) (0, -1.44081835937500000000e+03) (1, -5.99693717956542968750e+01) (2, -1.29261340332031250000e+03) (3, -1.39254455566406250000e+01) (0, -1.44081835937500000000e+03) (1, -6.00946464538574218750e+01) (2, -1.29261340332031250000e+03) (3, -5.65724325180053710938e+00) (0, -9.96797847747802734375e+00) (1, -1.16831378936767578125e+01) (2, 2.01204323768615722656e+00) (3, 6.57502508163452148438e+00) (4, 3.60074768066406250000e+02) (5, 1.09210571289062500000e+03) (6, 1.09210571289062500000e+03) (7, 2.58109283447265625000e+02) (8, -1.24270648956298828125e+01) (4, 6.41401672363281250000e+02) (5, 1.09210571289062500000e+03) (6, 1.09210571289062500000e+03) (7, -4.48885078430175781250e+01) (8, -2.50793862342834472656e+00) (9, -2.10885453224182128906e+00) (10, -2.11272430419921875000e+00) (11, 2.02436447143554687500e+00) 
