FANN_FLO_2.1
num_layers=4
learning_rate=0.450000
connection_rate=1.000000
network_type=0
learning_momentum=0.000000
training_algorithm=2
train_error_function=1
train_stop_function=0
cascade_output_change_fraction=0.010000
quickprop_decay=-0.000100
quickprop_mu=1.750000
rprop_increase_factor=1.200000
rprop_decrease_factor=0.500000
rprop_delta_min=0.000000
rprop_delta_max=50.000000
rprop_delta_zero=0.100000
cascade_output_stagnation_epochs=12
cascade_candidate_change_fraction=0.010000
cascade_candidate_stagnation_epochs=12
cascade_max_out_epochs=150
cascade_min_out_epochs=50
cascade_max_cand_epochs=150
cascade_min_cand_epochs=50
cascade_num_candidate_groups=2
bit_fail_limit=3.49999994039535522461e-01
cascade_candidate_limit=1.00000000000000000000e+03
cascade_weight_multiplier=4.00000005960464477539e-01
cascade_activation_functions_count=10
cascade_activation_functions=3 5 7 8 10 11 14 15 16 17 
cascade_activation_steepnesses_count=4
cascade_activation_steepnesses=2.50000000000000000000e-01 5.00000000000000000000e-01 7.50000000000000000000e-01 1.00000000000000000000e+00 
layer_sizes=7 5 5 2 
scale_included=0
neurons (num_inputs, activation_function, activation_steepness)=(0, 0, 0.00000000000000000000e+00) (0, 0, 0.00000000000000000000e+00) (0, 0, 0.00000000000000000000e+00) (0, 0, 0.00000000000000000000e+00) (0, 0, 0.00000000000000000000e+00) (0, 0, 0.00000000000000000000e+00) (0, 0, 0.00000000000000000000e+00) (7, 3, 5.00000000000000000000e-01) (7, 3, 5.00000000000000000000e-01) (7, 3, 5.00000000000000000000e-01) (7, 3, 5.00000000000000000000e-01) (0, 3, 0.00000000000000000000e+00) (5, 3, 5.00000000000000000000e-01) (5, 3, 5.00000000000000000000e-01) (5, 3, 5.00000000000000000000e-01) (5, 3, 5.00000000000000000000e-01) (0, 3, 0.00000000000000000000e+00) (5, 0, 5.00000000000000000000e-01) (0, 0, 0.00000000000000000000e+00) 
connections (connected_to_neuron, weight)=(0, -2.62134796142578125000e+02) (1, -4.46859788894653320312e+00) (2, 1.34770275878906250000e+03) (3, -1.18911406025290489197e-03) (4, 5.85821771621704101562e+00) (5, 1.49986169433593750000e+03) (6, 9.81956362724304199219e-01) (0, 2.34662216186523437500e+02) (1, 2.13946441650390625000e+02) (2, -1.53942550659179687500e+02) (3, -2.73474082946777343750e+01) (4, 6.98174316406250000000e+02) (5, 5.01944183349609375000e+02) (6, 2.94860303401947021484e-01) (0, 6.69552922248840332031e-01) (1, -5.65280318260192871094e-01) (2, 1.13161361217498779297e+00) (3, -1.11202442646026611328e+00) (4, 4.10950660705566406250e+00) (5, 3.10256272554397583008e-01) (6, -1.03150621056556701660e-01) (0, -1.16198645019531250000e+03) (1, -1.16217956542968750000e+03) (2, 1.49689025878906250000e+03) (3, -1.90527175903320312500e+02) (4, 3.82059326171875000000e+02) (5, 1.24947668457031250000e+03) (6, 7.63223171234130859375e-01) (7, -3.86256128549575805664e-02) (8, 1.99197757244110107422e+00) (9, -2.91149425506591796875e+00) (10, 1.07469052076339721680e-01) (11, -1.12041734158992767334e-01) (7, 1.22292168438434600830e-01) (8, 1.49953930664062500000e+03) (9, 2.19387269020080566406e+00) (10, 1.80417597293853759766e-02) (11, 9.90954488515853881836e-02) (7, 1.24672806262969970703e+00) (8, 1.49953930664062500000e+03) (9, 3.99122095108032226562e+00) (10, 1.27534997463226318359e+00) (11, 1.39767909049987792969e+00) (7, -4.19819444417953491211e-01) (8, -2.46772018432617187500e+02) (9, -1.67738425731658935547e+00) (10, 1.61039137840270996094e+00) (11, -2.36356793902814388275e-03) (12, 2.37736925482749938965e-01) (13, -4.36864830553531646729e-02) (14, -7.67845809459686279297e-02) (15, 2.25290802001953125000e+02) (16, 6.66605383157730102539e-02) 
