FANN_FLO_2.1
num_layers=4
learning_rate=0.450000
connection_rate=1.000000
network_type=0
learning_momentum=0.000000
training_algorithm=2
train_error_function=1
train_stop_function=0
cascade_output_change_fraction=0.010000
quickprop_decay=-0.000100
quickprop_mu=1.750000
rprop_increase_factor=1.200000
rprop_decrease_factor=0.500000
rprop_delta_min=0.000000
rprop_delta_max=50.000000
rprop_delta_zero=0.100000
cascade_output_stagnation_epochs=12
cascade_candidate_change_fraction=0.010000
cascade_candidate_stagnation_epochs=12
cascade_max_out_epochs=150
cascade_min_out_epochs=50
cascade_max_cand_epochs=150
cascade_min_cand_epochs=50
cascade_num_candidate_groups=2
bit_fail_limit=3.49999994039535522461e-01
cascade_candidate_limit=1.00000000000000000000e+03
cascade_weight_multiplier=4.00000005960464477539e-01
cascade_activation_functions_count=10
cascade_activation_functions=3 5 7 8 10 11 14 15 16 17 
cascade_activation_steepnesses_count=4
cascade_activation_steepnesses=2.50000000000000000000e-01 5.00000000000000000000e-01 7.50000000000000000000e-01 1.00000000000000000000e+00 
layer_sizes=7 5 5 2 
scale_included=0
neurons (num_inputs, activation_function, activation_steepness)=(0, 0, 0.00000000000000000000e+00) (0, 0, 0.00000000000000000000e+00) (0, 0, 0.00000000000000000000e+00) (0, 0, 0.00000000000000000000e+00) (0, 0, 0.00000000000000000000e+00) (0, 0, 0.00000000000000000000e+00) (0, 0, 0.00000000000000000000e+00) (7, 3, 5.00000000000000000000e-01) (7, 3, 5.00000000000000000000e-01) (7, 3, 5.00000000000000000000e-01) (7, 3, 5.00000000000000000000e-01) (0, 3, 0.00000000000000000000e+00) (5, 3, 5.00000000000000000000e-01) (5, 3, 5.00000000000000000000e-01) (5, 3, 5.00000000000000000000e-01) (5, 3, 5.00000000000000000000e-01) (0, 3, 0.00000000000000000000e+00) (5, 0, 5.00000000000000000000e-01) (0, 0, 0.00000000000000000000e+00) 
connections (connected_to_neuron, weight)=(0, 1.41040563583374023438e-01) (1, -5.29035508632659912109e-01) (2, 3.67129415273666381836e-01) (3, 3.48173499107360839844e-01) (4, -5.56532382965087890625e-01) (5, 3.89346837997436523438e-01) (6, -3.93435001373291015625e+00) (0, -3.16744260489940643311e-02) (1, -1.72202631831169128418e-01) (2, -5.49097597599029541016e-01) (3, 5.83497107028961181641e-01) (4, -2.69055962562561035156e+00) (5, 1.32572031021118164062e+00) (6, -4.99020147323608398438e+00) (0, -1.93787811279296875000e+02) (1, -1.40353746414184570312e+01) (2, -1.03325500488281250000e+03) (3, 3.24667938232421875000e+02) (4, 1.26861706542968750000e+03) (5, -1.49157608032226562500e+02) (6, -8.36994457244873046875e+00) (0, 7.02994704246520996094e-01) (1, 9.74256229400634765625e+00) (2, -9.88355255126953125000e+00) (3, 5.97949326038360595703e-01) (4, 5.82259774208068847656e-01) (5, -6.17315292358398437500e+01) (6, 1.37870520019531250000e+03) (7, 5.50860404968261718750e-01) (8, 1.50000000000000000000e+03) (9, 1.49258569335937500000e+03) (10, 2.80889004468917846680e-01) (11, -6.06826901435852050781e-01) (7, -1.48898498535156250000e+02) (8, -1.37993969726562500000e+03) (9, 1.00979260253906250000e+03) (10, -2.17256450653076171875e+00) (11, -1.40306413173675537109e+00) (7, -1.15669488906860351562e+00) (8, 1.50000000000000000000e+03) (9, 9.09292358398437500000e+02) (10, -5.65704040527343750000e+01) (11, -1.96142637729644775391e+00) (7, -1.46856323242187500000e+03) (8, -1.50000000000000000000e+03) (9, 1.47288098144531250000e+03) (10, -6.75779294967651367188e+00) (11, 2.77318787574768066406e+00) (12, 2.11302846670150756836e-01) (13, -1.24610555171966552734e+00) (14, 1.31175422668457031250e+00) (15, -1.55006036162376403809e-01) (16, -1.01468682289123535156e-01) 
