FANN_FLO_2.1
num_layers=3
learning_rate=0.400000
connection_rate=1.000000
network_type=0
learning_momentum=0.000000
training_algorithm=2
train_error_function=1
train_stop_function=0
cascade_output_change_fraction=0.010000
quickprop_decay=-0.000100
quickprop_mu=1.750000
rprop_increase_factor=1.200000
rprop_decrease_factor=0.500000
rprop_delta_min=0.000000
rprop_delta_max=50.000000
rprop_delta_zero=0.100000
cascade_output_stagnation_epochs=12
cascade_candidate_change_fraction=0.010000
cascade_candidate_stagnation_epochs=12
cascade_max_out_epochs=150
cascade_min_out_epochs=50
cascade_max_cand_epochs=150
cascade_min_cand_epochs=50
cascade_num_candidate_groups=2
bit_fail_limit=3.49999994039535522461e-01
cascade_candidate_limit=1.00000000000000000000e+03
cascade_weight_multiplier=4.00000005960464477539e-01
cascade_activation_functions_count=10
cascade_activation_functions=3 5 7 8 10 11 14 15 16 17 
cascade_activation_steepnesses_count=4
cascade_activation_steepnesses=2.50000000000000000000e-01 5.00000000000000000000e-01 7.50000000000000000000e-01 1.00000000000000000000e+00 
layer_sizes=6 5 2 
scale_included=0
neurons (num_inputs, activation_function, activation_steepness)=(0, 0, 0.00000000000000000000e+00) (0, 0, 0.00000000000000000000e+00) (0, 0, 0.00000000000000000000e+00) (0, 0, 0.00000000000000000000e+00) (0, 0, 0.00000000000000000000e+00) (0, 0, 0.00000000000000000000e+00) (6, 3, 5.00000000000000000000e-01) (6, 3, 5.00000000000000000000e-01) (6, 3, 5.00000000000000000000e-01) (6, 3, 5.00000000000000000000e-01) (0, 3, 0.00000000000000000000e+00) (5, 0, 5.00000000000000000000e-01) (0, 0, 0.00000000000000000000e+00) 
connections (connected_to_neuron, weight)=(0, -1.50000000000000000000e+03) (1, -1.07472591400146484375e+01) (2, 1.22610360383987426758e-01) (3, -1.27037107944488525391e+00) (4, -1.22934806346893310547e+00) (5, 4.33377832174301147461e-01) (0, -1.50000000000000000000e+03) (1, -5.47530883789062500000e+02) (2, -1.17165334522724151611e-01) (3, -7.34438018798828125000e+01) (4, -1.83427333831787109375e-01) (5, -2.42455983161926269531e+00) (0, -1.50000000000000000000e+03) (1, -2.11887374877929687500e+02) (2, 1.16314086914062500000e+02) (3, -6.16380981445312500000e+02) (4, 3.07650178670883178711e-01) (5, 6.08053147792816162109e-01) (0, -1.42810949707031250000e+03) (1, -1.34252758789062500000e+03) (2, -1.12131357192993164062e+00) (3, -6.08689346313476562500e+01) (4, -2.62876927852630615234e-01) (5, 2.11366310715675354004e-01) (6, 7.44808530807495117188e+00) (7, 5.06133794784545898438e-01) (8, 3.96628051996231079102e-01) (9, 9.42756748199462890625e+00) (10, 6.18762552738189697266e-01) 
