FANN_FLO_2.1
num_layers=3
learning_rate=0.500000
connection_rate=1.000000
network_type=0
learning_momentum=0.000000
training_algorithm=2
train_error_function=1
train_stop_function=0
cascade_output_change_fraction=0.010000
quickprop_decay=-0.000100
quickprop_mu=1.750000
rprop_increase_factor=1.200000
rprop_decrease_factor=0.500000
rprop_delta_min=0.000000
rprop_delta_max=50.000000
rprop_delta_zero=0.100000
cascade_output_stagnation_epochs=12
cascade_candidate_change_fraction=0.010000
cascade_candidate_stagnation_epochs=12
cascade_max_out_epochs=150
cascade_min_out_epochs=50
cascade_max_cand_epochs=150
cascade_min_cand_epochs=50
cascade_num_candidate_groups=2
bit_fail_limit=3.49999994039535522461e-01
cascade_candidate_limit=1.00000000000000000000e+03
cascade_weight_multiplier=4.00000005960464477539e-01
cascade_activation_functions_count=10
cascade_activation_functions=3 5 7 8 10 11 14 15 16 17 
cascade_activation_steepnesses_count=4
cascade_activation_steepnesses=2.50000000000000000000e-01 5.00000000000000000000e-01 7.50000000000000000000e-01 1.00000000000000000000e+00 
layer_sizes=3 5 4 
scale_included=0
neurons (num_inputs, activation_function, activation_steepness)=(0, 0, 0.00000000000000000000e+00) (0, 0, 0.00000000000000000000e+00) (0, 0, 0.00000000000000000000e+00) (3, 3, 5.00000000000000000000e-01) (3, 3, 5.00000000000000000000e-01) (3, 3, 5.00000000000000000000e-01) (3, 3, 5.00000000000000000000e-01) (0, 3, 0.00000000000000000000e+00) (5, 0, 5.00000000000000000000e-01) (5, 0, 5.00000000000000000000e-01) (5, 0, 5.00000000000000000000e-01) (0, 0, 0.00000000000000000000e+00) 
connections (connected_to_neuron, weight)=(0, -1.50000000000000000000e+03) (1, -8.39245758056640625000e+01) (2, 1.70445976257324218750e+01) (0, -9.94551239013671875000e+01) (1, 1.39765281677246093750e+01) (2, 4.39701156616210937500e+01) (0, -1.47612705230712890625e+01) (1, 6.74830245971679687500e+00) (2, 1.46097106933593750000e+01) (0, -1.50000000000000000000e+03) (1, -1.50000000000000000000e+03) (2, 1.89390048980712890625e+01) (3, 2.73577237129211425781e+00) (4, 1.36277627944946289062e+00) (5, 1.73081493377685546875e+00) (6, 2.48936128616333007812e+00) (7, 1.69105684757232666016e+00) (3, 6.31354331970214843750e+00) (4, 4.98153781890869140625e+00) (5, 6.63661432266235351562e+00) (6, 6.56647205352783203125e+00) (7, 6.17774057388305664062e+00) (3, 2.03714923858642578125e+01) (4, 1.44426574707031250000e+01) (5, 2.09827899932861328125e+01) (6, 2.19430637359619140625e+01) (7, 2.55803871154785156250e+01) 
