FANN_FLO_2.1
num_layers=4
learning_rate=0.300000
connection_rate=1.000000
network_type=0
learning_momentum=0.000000
training_algorithm=2
train_error_function=1
train_stop_function=0
cascade_output_change_fraction=0.010000
quickprop_decay=-0.000100
quickprop_mu=1.750000
rprop_increase_factor=1.200000
rprop_decrease_factor=0.500000
rprop_delta_min=0.000000
rprop_delta_max=50.000000
rprop_delta_zero=0.100000
cascade_output_stagnation_epochs=12
cascade_candidate_change_fraction=0.010000
cascade_candidate_stagnation_epochs=12
cascade_max_out_epochs=150
cascade_min_out_epochs=50
cascade_max_cand_epochs=150
cascade_min_cand_epochs=50
cascade_num_candidate_groups=2
bit_fail_limit=3.49999994039535522461e-01
cascade_candidate_limit=1.00000000000000000000e+03
cascade_weight_multiplier=4.00000005960464477539e-01
cascade_activation_functions_count=10
cascade_activation_functions=3 5 7 8 10 11 14 15 16 17 
cascade_activation_steepnesses_count=4
cascade_activation_steepnesses=2.50000000000000000000e-01 5.00000000000000000000e-01 7.50000000000000000000e-01 1.00000000000000000000e+00 
layer_sizes=2 5 5 3 
scale_included=0
neurons (num_inputs, activation_function, activation_steepness)=(0, 0, 0.00000000000000000000e+00) (0, 0, 0.00000000000000000000e+00) (2, 3, 5.00000000000000000000e-01) (2, 3, 5.00000000000000000000e-01) (2, 3, 5.00000000000000000000e-01) (2, 3, 5.00000000000000000000e-01) (0, 3, 0.00000000000000000000e+00) (5, 3, 5.00000000000000000000e-01) (5, 3, 5.00000000000000000000e-01) (5, 3, 5.00000000000000000000e-01) (5, 3, 5.00000000000000000000e-01) (0, 3, 0.00000000000000000000e+00) (5, 0, 5.00000000000000000000e-01) (5, 0, 5.00000000000000000000e-01) (0, 0, 0.00000000000000000000e+00) 
connections (connected_to_neuron, weight)=(0, -1.28747594356536865234e+00) (1, -4.52282190322875976562e+00) (0, -2.29304170608520507812e+00) (1, -6.35864257812500000000e+00) (0, -2.10550785064697265625e+00) (1, -5.73913908004760742188e+00) (0, -1.67338240146636962891e+00) (1, -5.14289760589599609375e+00) (2, 2.15750306844711303711e-01) (3, 8.48988056182861328125e-01) (4, 7.10808217525482177734e-01) (5, 6.00691437721252441406e-01) (6, 4.06952500343322753906e-01) (2, 6.25376284122467041016e-01) (3, 8.85061144828796386719e-01) (4, 7.13551044464111328125e-01) (5, 8.60754907131195068359e-01) (6, 2.75844454765319824219e-01) (2, 1.93276381492614746094e+00) (3, 2.80508875846862792969e+00) (4, 2.26497983932495117188e+00) (5, 2.60034179687500000000e+00) (6, -1.85430216789245605469e+00) (2, -2.29021549224853515625e-01) (3, 2.67669796943664550781e+00) (4, 1.67258846759796142578e+00) (5, 3.04328829050064086914e-01) (6, -3.38477849960327148438e-01) (7, -9.03763920068740844727e-02) (8, -8.62430408596992492676e-02) (9, 4.52690482139587402344e-01) (10, -2.01054643839597702026e-02) (11, -6.05967268347740173340e-02) (7, -6.51592373847961425781e-01) (8, -6.93917512893676757812e-01) (9, -5.93731224536895751953e-01) (10, -5.98832011222839355469e-01) (11, -2.70562618970870971680e-01) 
