FANN_FLO_2.1
num_layers=3
learning_rate=0.400000
connection_rate=1.000000
network_type=0
learning_momentum=0.000000
training_algorithm=2
train_error_function=1
train_stop_function=0
cascade_output_change_fraction=0.010000
quickprop_decay=-0.000100
quickprop_mu=1.750000
rprop_increase_factor=1.200000
rprop_decrease_factor=0.500000
rprop_delta_min=0.000000
rprop_delta_max=50.000000
rprop_delta_zero=0.100000
cascade_output_stagnation_epochs=12
cascade_candidate_change_fraction=0.010000
cascade_candidate_stagnation_epochs=12
cascade_max_out_epochs=150
cascade_min_out_epochs=50
cascade_max_cand_epochs=150
cascade_min_cand_epochs=50
cascade_num_candidate_groups=2
bit_fail_limit=3.49999994039535522461e-01
cascade_candidate_limit=1.00000000000000000000e+03
cascade_weight_multiplier=4.00000005960464477539e-01
cascade_activation_functions_count=10
cascade_activation_functions=3 5 7 8 10 11 14 15 16 17 
cascade_activation_steepnesses_count=4
cascade_activation_steepnesses=2.50000000000000000000e-01 5.00000000000000000000e-01 7.50000000000000000000e-01 1.00000000000000000000e+00 
layer_sizes=10 3 2 
scale_included=0
neurons (num_inputs, activation_function, activation_steepness)=(0, 0, 0.00000000000000000000e+00) (0, 0, 0.00000000000000000000e+00) (0, 0, 0.00000000000000000000e+00) (0, 0, 0.00000000000000000000e+00) (0, 0, 0.00000000000000000000e+00) (0, 0, 0.00000000000000000000e+00) (0, 0, 0.00000000000000000000e+00) (0, 0, 0.00000000000000000000e+00) (0, 0, 0.00000000000000000000e+00) (0, 0, 0.00000000000000000000e+00) (10, 3, 5.00000000000000000000e-01) (10, 3, 5.00000000000000000000e-01) (0, 3, 0.00000000000000000000e+00) (3, 3, 5.00000000000000000000e-01) (0, 3, 0.00000000000000000000e+00) 
connections (connected_to_neuron, weight)=(0, -8.46515968441963195801e-02) (1, -1.21743641793727874756e-01) (2, -1.95446789264678955078e-01) (3, -5.37820979952812194824e-02) (4, -9.73595380783081054688e-02) (5, -1.12815640866756439209e-01) (6, -1.79559946060180664062e-01) (7, -5.66326901316642761230e-02) (8, -7.95565620064735412598e-02) (9, -1.15875437855720520020e-01) (0, -2.11013764142990112305e-01) (1, -1.12958177924156188965e-01) (2, -1.15684449672698974609e-01) (3, -6.83571621775627136230e-02) (4, -1.69147759675979614258e-01) (5, -9.30484756827354431152e-02) (6, -2.05958724021911621094e-01) (7, -1.65391266345977783203e-01) (8, -6.75489082932472229004e-02) (9, -1.54562354087829589844e-01) (10, -4.69476357102394104004e-02) (11, -1.10396325588226318359e-01) (12, -2.15167090296745300293e-01) 
