FANN_FLO_2.1
num_layers=4
learning_rate=0.500000
connection_rate=1.000000
network_type=0
learning_momentum=0.000000
training_algorithm=2
train_error_function=1
train_stop_function=0
cascade_output_change_fraction=0.010000
quickprop_decay=-0.000100
quickprop_mu=1.750000
rprop_increase_factor=1.200000
rprop_decrease_factor=0.500000
rprop_delta_min=0.000000
rprop_delta_max=50.000000
rprop_delta_zero=0.100000
cascade_output_stagnation_epochs=12
cascade_candidate_change_fraction=0.010000
cascade_candidate_stagnation_epochs=12
cascade_max_out_epochs=150
cascade_min_out_epochs=50
cascade_max_cand_epochs=150
cascade_min_cand_epochs=50
cascade_num_candidate_groups=2
bit_fail_limit=3.49999994039535522461e-01
cascade_candidate_limit=1.00000000000000000000e+03
cascade_weight_multiplier=4.00000005960464477539e-01
cascade_activation_functions_count=10
cascade_activation_functions=3 5 7 8 10 11 14 15 16 17 
cascade_activation_steepnesses_count=4
cascade_activation_steepnesses=2.50000000000000000000e-01 5.00000000000000000000e-01 7.50000000000000000000e-01 1.00000000000000000000e+00 
layer_sizes=18 3 3 2 
scale_included=0
neurons (num_inputs, activation_function, activation_steepness)=(0, 0, 0.00000000000000000000e+00) (0, 0, 0.00000000000000000000e+00) (0, 0, 0.00000000000000000000e+00) (0, 0, 0.00000000000000000000e+00) (0, 0, 0.00000000000000000000e+00) (0, 0, 0.00000000000000000000e+00) (0, 0, 0.00000000000000000000e+00) (0, 0, 0.00000000000000000000e+00) (0, 0, 0.00000000000000000000e+00) (0, 0, 0.00000000000000000000e+00) (0, 0, 0.00000000000000000000e+00) (0, 0, 0.00000000000000000000e+00) (0, 0, 0.00000000000000000000e+00) (0, 0, 0.00000000000000000000e+00) (0, 0, 0.00000000000000000000e+00) (0, 0, 0.00000000000000000000e+00) (0, 0, 0.00000000000000000000e+00) (0, 0, 0.00000000000000000000e+00) (18, 3, 5.00000000000000000000e-01) (18, 3, 5.00000000000000000000e-01) (0, 3, 0.00000000000000000000e+00) (3, 3, 5.00000000000000000000e-01) (3, 3, 5.00000000000000000000e-01) (0, 3, 0.00000000000000000000e+00) (3, 0, 5.00000000000000000000e-01) (0, 0, 0.00000000000000000000e+00) 
connections (connected_to_neuron, weight)=(0, 2.05496883392333984375e+00) (1, 1.39936959743499755859e+00) (2, 1.47406077384948730469e+00) (3, 2.46894669532775878906e+00) (4, 1.19481325149536132812e+00) (5, -1.87503778934478759766e+00) (6, -1.21127724647521972656e+00) (7, -2.04522871971130371094e+00) (8, 1.41130223870277404785e-01) (9, 1.75585865974426269531e+00) (10, 1.66549503803253173828e+00) (11, 1.68678748607635498047e+00) (12, 1.66902685165405273438e+00) (13, 1.68839657306671142578e+00) (14, 1.68063652515411376953e+00) (15, 1.99470829963684082031e+00) (16, 1.74018979072570800781e+00) (17, -4.34395265579223632812e+00) (0, 8.75096738338470458984e-01) (1, 9.90288078784942626953e-01) (2, 9.05867218971252441406e-01) (3, 9.24873948097229003906e-01) (4, 6.81112051010131835938e-01) (5, -5.51733076572418212891e-01) (6, -1.21442019939422607422e+00) (7, -7.15608239173889160156e-01) (8, -6.54774382710456848145e-02) (9, 8.19235324859619140625e-01) (10, 9.49490547180175781250e-01) (11, 9.19510185718536376953e-01) (12, 8.72224569320678710938e-01) (13, 8.66948544979095458984e-01) (14, 1.01753747463226318359e+00) (15, 7.63269245624542236328e-01) (16, 9.75791275501251220703e-01) (17, -5.24846792221069335938e+00) (18, 1.97874569892883300781e+00) (19, 2.88225793838500976562e+00) (20, -2.38281393051147460938e+00) (18, 1.97438979148864746094e+00) (19, 3.16259098052978515625e+00) (20, -2.87873268127441406250e+00) (21, 5.45680761337280273438e+00) (22, 7.79075050354003906250e+00) (23, 2.49821305274963378906e+00) 
