FANN_FLO_2.1
num_layers=3
learning_rate=0.500000
connection_rate=1.000000
network_type=0
learning_momentum=0.000000
training_algorithm=2
train_error_function=1
train_stop_function=0
cascade_output_change_fraction=0.010000
quickprop_decay=-0.000100
quickprop_mu=1.750000
rprop_increase_factor=1.200000
rprop_decrease_factor=0.500000
rprop_delta_min=0.000000
rprop_delta_max=50.000000
rprop_delta_zero=0.100000
cascade_output_stagnation_epochs=12
cascade_candidate_change_fraction=0.010000
cascade_candidate_stagnation_epochs=12
cascade_max_out_epochs=150
cascade_min_out_epochs=50
cascade_max_cand_epochs=150
cascade_min_cand_epochs=50
cascade_num_candidate_groups=2
bit_fail_limit=3.49999994039535522461e-01
cascade_candidate_limit=1.00000000000000000000e+03
cascade_weight_multiplier=4.00000005960464477539e-01
cascade_activation_functions_count=10
cascade_activation_functions=3 5 7 8 10 11 14 15 16 17 
cascade_activation_steepnesses_count=4
cascade_activation_steepnesses=2.50000000000000000000e-01 5.00000000000000000000e-01 7.50000000000000000000e-01 1.00000000000000000000e+00 
layer_sizes=3 5 4 
scale_included=0
neurons (num_inputs, activation_function, activation_steepness)=(0, 0, 0.00000000000000000000e+00) (0, 0, 0.00000000000000000000e+00) (0, 0, 0.00000000000000000000e+00) (3, 3, 5.00000000000000000000e-01) (3, 3, 5.00000000000000000000e-01) (3, 3, 5.00000000000000000000e-01) (3, 3, 5.00000000000000000000e-01) (0, 3, 0.00000000000000000000e+00) (5, 0, 5.00000000000000000000e-01) (5, 0, 5.00000000000000000000e-01) (5, 0, 5.00000000000000000000e-01) (0, 0, 0.00000000000000000000e+00) 
connections (connected_to_neuron, weight)=(0, -1.51090943813323974609e+00) (1, -1.00593292713165283203e+00) (2, -4.28383648395538330078e-02) (0, -2.02704944610595703125e+01) (1, 1.08963556289672851562e+01) (2, 9.58177852630615234375e+00) (0, -1.38712291717529296875e+01) (1, 1.26046667098999023438e+01) (2, 1.42676525115966796875e+01) (0, -2.78086776733398437500e+01) (1, 7.51373100280761718750e+00) (2, -1.40227168798446655273e-01) (3, 5.13968181610107421875e+00) (4, 1.17536735534667968750e+00) (5, 1.11802589893341064453e+00) (6, 2.34858036041259765625e+00) (7, 1.10266137123107910156e+00) (3, 1.51778383255004882812e+01) (4, 4.83518075942993164062e+00) (5, 4.53043174743652343750e+00) (6, 5.24479961395263671875e+00) (7, 4.09414291381835937500e+00) (3, 4.93302230834960937500e+01) (4, 1.49891014099121093750e+01) (5, 1.62679405212402343750e+01) (6, 1.59239120483398437500e+01) (7, 1.77211132049560546875e+01) 
