FANN_FLO_2.1
num_layers=3
learning_rate=0.500000
connection_rate=1.000000
network_type=0
learning_momentum=0.000000
training_algorithm=2
train_error_function=1
train_stop_function=0
cascade_output_change_fraction=0.010000
quickprop_decay=-0.000100
quickprop_mu=1.750000
rprop_increase_factor=1.200000
rprop_decrease_factor=0.500000
rprop_delta_min=0.000000
rprop_delta_max=50.000000
rprop_delta_zero=0.100000
cascade_output_stagnation_epochs=12
cascade_candidate_change_fraction=0.010000
cascade_candidate_stagnation_epochs=12
cascade_max_out_epochs=150
cascade_min_out_epochs=50
cascade_max_cand_epochs=150
cascade_min_cand_epochs=50
cascade_num_candidate_groups=2
bit_fail_limit=3.49999994039535522461e-01
cascade_candidate_limit=1.00000000000000000000e+03
cascade_weight_multiplier=4.00000005960464477539e-01
cascade_activation_functions_count=10
cascade_activation_functions=3 5 7 8 10 11 14 15 16 17 
cascade_activation_steepnesses_count=4
cascade_activation_steepnesses=2.50000000000000000000e-01 5.00000000000000000000e-01 7.50000000000000000000e-01 1.00000000000000000000e+00 
layer_sizes=18 3 2 
scale_included=0
neurons (num_inputs, activation_function, activation_steepness)=(0, 0, 0.00000000000000000000e+00) (0, 0, 0.00000000000000000000e+00) (0, 0, 0.00000000000000000000e+00) (0, 0, 0.00000000000000000000e+00) (0, 0, 0.00000000000000000000e+00) (0, 0, 0.00000000000000000000e+00) (0, 0, 0.00000000000000000000e+00) (0, 0, 0.00000000000000000000e+00) (0, 0, 0.00000000000000000000e+00) (0, 0, 0.00000000000000000000e+00) (0, 0, 0.00000000000000000000e+00) (0, 0, 0.00000000000000000000e+00) (0, 0, 0.00000000000000000000e+00) (0, 0, 0.00000000000000000000e+00) (0, 0, 0.00000000000000000000e+00) (0, 0, 0.00000000000000000000e+00) (0, 0, 0.00000000000000000000e+00) (0, 0, 0.00000000000000000000e+00) (18, 3, 5.00000000000000000000e-01) (18, 3, 5.00000000000000000000e-01) (0, 3, 0.00000000000000000000e+00) (3, 0, 5.00000000000000000000e-01) (0, 0, 0.00000000000000000000e+00) 
connections (connected_to_neuron, weight)=(0, 4.15618667602539062500e+01) (1, 7.08812103271484375000e+01) (2, 1.50000000000000000000e+03) (3, 3.26444396972656250000e+01) (4, 4.01457023620605468750e+00) (5, -2.86444427490234375000e+02) (6, -2.46695083618164062500e+02) (7, -4.35855895996093750000e+02) (8, 7.70855784416198730469e-01) (9, 1.39687232971191406250e+01) (10, 2.93523845672607421875e+01) (11, 1.17677936553955078125e+01) (12, 2.71127376556396484375e+01) (13, 1.20667259216308593750e+02) (14, 4.14235351562500000000e+02) (15, 2.22516647338867187500e+02) (16, 1.06441040039062500000e+02) (17, -3.11278247833251953125e+01) (0, 1.10521936416625976562e+00) (1, 1.34473359584808349609e+00) (2, 8.09298694133758544922e-01) (3, 1.38234388828277587891e+00) (4, 9.44800436496734619141e-01) (5, -9.59768116474151611328e-01) (6, -1.27417421340942382812e+00) (7, -1.13537955284118652344e+00) (8, 7.40771889686584472656e-02) (9, 1.01050388813018798828e+00) (10, 1.25702202320098876953e+00) (11, 1.12665522098541259766e+00) (12, 1.09458386898040771484e+00) (13, 1.09266138076782226562e+00) (14, 1.31057119369506835938e+00) (15, 8.51612865924835205078e-01) (16, 1.28062438964843750000e+00) (17, -4.89008045196533203125e+00) (18, 1.68180143833160400391e+00) (19, 8.86435604095458984375e+00) (20, 2.52124190330505371094e+00) 
