FANN_FLO_2.1
num_layers=3
learning_rate=0.500000
connection_rate=1.000000
network_type=0
learning_momentum=0.000000
training_algorithm=2
train_error_function=1
train_stop_function=0
cascade_output_change_fraction=0.010000
quickprop_decay=-0.000100
quickprop_mu=1.750000
rprop_increase_factor=1.200000
rprop_decrease_factor=0.500000
rprop_delta_min=0.000000
rprop_delta_max=50.000000
rprop_delta_zero=0.100000
cascade_output_stagnation_epochs=12
cascade_candidate_change_fraction=0.010000
cascade_candidate_stagnation_epochs=12
cascade_max_out_epochs=150
cascade_min_out_epochs=50
cascade_max_cand_epochs=150
cascade_min_cand_epochs=50
cascade_num_candidate_groups=2
bit_fail_limit=3.49999994039535522461e-01
cascade_candidate_limit=1.00000000000000000000e+03
cascade_weight_multiplier=4.00000005960464477539e-01
cascade_activation_functions_count=10
cascade_activation_functions=3 5 7 8 10 11 14 15 16 17 
cascade_activation_steepnesses_count=4
cascade_activation_steepnesses=2.50000000000000000000e-01 5.00000000000000000000e-01 7.50000000000000000000e-01 1.00000000000000000000e+00 
layer_sizes=3 9 4 
scale_included=0
neurons (num_inputs, activation_function, activation_steepness)=(0, 0, 0.00000000000000000000e+00) (0, 0, 0.00000000000000000000e+00) (0, 0, 0.00000000000000000000e+00) (3, 3, 5.00000000000000000000e-01) (3, 3, 5.00000000000000000000e-01) (3, 3, 5.00000000000000000000e-01) (3, 3, 5.00000000000000000000e-01) (3, 3, 5.00000000000000000000e-01) (3, 3, 5.00000000000000000000e-01) (3, 3, 5.00000000000000000000e-01) (3, 3, 5.00000000000000000000e-01) (0, 3, 0.00000000000000000000e+00) (9, 0, 5.00000000000000000000e-01) (9, 0, 5.00000000000000000000e-01) (9, 0, 5.00000000000000000000e-01) (0, 0, 0.00000000000000000000e+00) 
connections (connected_to_neuron, weight)=(0, -2.12213826179504394531e+00) (1, 1.65505361557006835938e+00) (2, 1.22287976741790771484e+00) (0, -1.65813088417053222656e+00) (1, -2.80888915061950683594e+00) (2, 5.80770075321197509766e-01) (0, -7.66771364212036132812e+00) (1, 7.89107608795166015625e+00) (2, 1.08947992324829101562e+01) (0, -6.70895671844482421875e+00) (1, 8.53946590423583984375e+00) (2, 4.46780490875244140625e+00) (0, -3.26174783706665039062e+00) (1, 2.59699583053588867188e+00) (2, 3.49507927894592285156e-01) (0, -2.87068152427673339844e+00) (1, 2.20074519515037536621e-01) (2, 1.27410674095153808594e+00) (0, -3.25435304641723632812e+00) (1, 1.46876081824302673340e-01) (2, 9.52801883220672607422e-01) (0, -4.42250156402587890625e+00) (1, -1.89665055274963378906e+00) (2, 5.34165143966674804688e-01) (3, 1.20789206027984619141e+00) (4, 1.97707927227020263672e+00) (5, 4.88533437252044677734e-01) (6, 4.25082653760910034180e-01) (7, 1.77830100059509277344e+00) (8, 5.63093721866607666016e-01) (9, 9.65755283832550048828e-01) (10, 2.76446366310119628906e+00) (11, 3.92309337854385375977e-01) (3, 3.32763433456420898438e+00) (4, 7.79408740997314453125e+00) (5, 2.19311976432800292969e+00) (6, 2.41504478454589843750e+00) (7, 3.79217553138732910156e+00) (8, 3.45064020156860351562e+00) (9, 3.53293156623840332031e+00) (10, 5.16474151611328125000e+00) (11, 2.10620617866516113281e+00) (3, 1.04153242111206054688e+01) (4, 2.64433689117431640625e+01) (5, 9.48322105407714843750e+00) (6, 8.72902679443359375000e+00) (7, 1.05358180999755859375e+01) (8, 1.18822841644287109375e+01) (9, 1.18466262817382812500e+01) (10, 1.51245946884155273438e+01) (11, 9.58287525177001953125e+00) 
