FANN_FLO_2.1
num_layers=4
learning_rate=0.450000
connection_rate=1.000000
network_type=0
learning_momentum=0.000000
training_algorithm=2
train_error_function=1
train_stop_function=0
cascade_output_change_fraction=0.010000
quickprop_decay=-0.000100
quickprop_mu=1.750000
rprop_increase_factor=1.200000
rprop_decrease_factor=0.500000
rprop_delta_min=0.000000
rprop_delta_max=50.000000
rprop_delta_zero=0.100000
cascade_output_stagnation_epochs=12
cascade_candidate_change_fraction=0.010000
cascade_candidate_stagnation_epochs=12
cascade_max_out_epochs=150
cascade_min_out_epochs=50
cascade_max_cand_epochs=150
cascade_min_cand_epochs=50
cascade_num_candidate_groups=2
bit_fail_limit=3.49999994039535522461e-01
cascade_candidate_limit=1.00000000000000000000e+03
cascade_weight_multiplier=4.00000005960464477539e-01
cascade_activation_functions_count=10
cascade_activation_functions=3 5 7 8 10 11 14 15 16 17 
cascade_activation_steepnesses_count=4
cascade_activation_steepnesses=2.50000000000000000000e-01 5.00000000000000000000e-01 7.50000000000000000000e-01 1.00000000000000000000e+00 
layer_sizes=7 5 3 2 
scale_included=0
neurons (num_inputs, activation_function, activation_steepness)=(0, 0, 0.00000000000000000000e+00) (0, 0, 0.00000000000000000000e+00) (0, 0, 0.00000000000000000000e+00) (0, 0, 0.00000000000000000000e+00) (0, 0, 0.00000000000000000000e+00) (0, 0, 0.00000000000000000000e+00) (0, 0, 0.00000000000000000000e+00) (7, 3, 5.00000000000000000000e-01) (7, 3, 5.00000000000000000000e-01) (7, 3, 5.00000000000000000000e-01) (7, 3, 5.00000000000000000000e-01) (0, 3, 0.00000000000000000000e+00) (5, 3, 5.00000000000000000000e-01) (5, 3, 5.00000000000000000000e-01) (0, 3, 0.00000000000000000000e+00) (3, 0, 5.00000000000000000000e-01) (0, 0, 0.00000000000000000000e+00) 
connections (connected_to_neuron, weight)=(0, 2.70176720619201660156e+00) (1, -2.04293289184570312500e+01) (2, -1.44999560546875000000e+03) (3, 1.50000000000000000000e+03) (4, 5.11771380901336669922e-01) (5, -1.44885053634643554688e+01) (6, 5.92754006385803222656e-01) (0, 7.97900695800781250000e+01) (1, -7.85864624023437500000e+02) (2, -1.09910351562500000000e+03) (3, 1.71852970123291015625e+01) (4, -7.92985229492187500000e+02) (5, -8.89145141601562500000e+02) (6, -5.39230251312255859375e+00) (0, 3.06211256980895996094e+00) (1, -5.28198394775390625000e+01) (2, -3.46082824707031250000e+02) (3, 1.50000000000000000000e+03) (4, 6.34349644184112548828e-01) (5, -2.74057245254516601562e+00) (6, 5.88458836078643798828e-01) (0, 3.54052722454071044922e-01) (1, -2.03793096542358398438e+00) (2, 3.24336695671081542969e+00) (3, -1.17219841480255126953e+00) (4, 3.30408811569213867188e-02) (5, 2.82041221857070922852e-01) (6, -1.61889389157295227051e-01) (7, -1.75869870185852050781e+00) (8, 1.50000000000000000000e+03) (9, -1.61272263526916503906e+00) (10, -3.79612827301025390625e+00) (11, -1.67915081977844238281e+00) (7, -3.84483993053436279297e-01) (8, 1.50000000000000000000e+03) (9, -4.02303993701934814453e-01) (10, -2.97244369983673095703e-01) (11, -3.83203119039535522461e-01) (12, -5.32964050769805908203e-01) (13, 9.85945463180541992188e-02) (14, -8.62388499081134796143e-03) 
