FANN_FLO_2.1
num_layers=3
learning_rate=0.500000
connection_rate=1.000000
network_type=0
learning_momentum=0.000000
training_algorithm=2
train_error_function=1
train_stop_function=0
cascade_output_change_fraction=0.010000
quickprop_decay=-0.000100
quickprop_mu=1.750000
rprop_increase_factor=1.200000
rprop_decrease_factor=0.500000
rprop_delta_min=0.000000
rprop_delta_max=50.000000
rprop_delta_zero=0.100000
cascade_output_stagnation_epochs=12
cascade_candidate_change_fraction=0.010000
cascade_candidate_stagnation_epochs=12
cascade_max_out_epochs=150
cascade_min_out_epochs=50
cascade_max_cand_epochs=150
cascade_min_cand_epochs=50
cascade_num_candidate_groups=2
bit_fail_limit=3.49999994039535522461e-01
cascade_candidate_limit=1.00000000000000000000e+03
cascade_weight_multiplier=4.00000005960464477539e-01
cascade_activation_functions_count=10
cascade_activation_functions=3 5 7 8 10 11 14 15 16 17 
cascade_activation_steepnesses_count=4
cascade_activation_steepnesses=2.50000000000000000000e-01 5.00000000000000000000e-01 7.50000000000000000000e-01 1.00000000000000000000e+00 
layer_sizes=7 9 2 
scale_included=0
neurons (num_inputs, activation_function, activation_steepness)=(0, 0, 0.00000000000000000000e+00) (0, 0, 0.00000000000000000000e+00) (0, 0, 0.00000000000000000000e+00) (0, 0, 0.00000000000000000000e+00) (0, 0, 0.00000000000000000000e+00) (0, 0, 0.00000000000000000000e+00) (0, 0, 0.00000000000000000000e+00) (7, 3, 5.00000000000000000000e-01) (7, 3, 5.00000000000000000000e-01) (7, 3, 5.00000000000000000000e-01) (7, 3, 5.00000000000000000000e-01) (7, 3, 5.00000000000000000000e-01) (7, 3, 5.00000000000000000000e-01) (7, 3, 5.00000000000000000000e-01) (7, 3, 5.00000000000000000000e-01) (0, 3, 0.00000000000000000000e+00) (9, 0, 5.00000000000000000000e-01) (0, 0, 0.00000000000000000000e+00) 
connections (connected_to_neuron, weight)=(0, 3.18526402115821838379e-02) (1, 6.28362819552421569824e-02) (2, 4.47575688362121582031e-01) (3, 9.55267846584320068359e-02) (4, -7.12963879108428955078e-01) (5, -4.12148445844650268555e-01) (6, 1.52788984775543212891e+00) (0, 7.01853713989257812500e+01) (1, 5.04000246524810791016e-01) (2, -1.34161486816406250000e+03) (3, -6.81454002857208251953e-01) (4, 3.76839561462402343750e+01) (5, -2.05086059570312500000e+02) (6, -4.67079013586044311523e-01) (0, -4.46157407760620117188e+00) (1, -9.59534835815429687500e+00) (2, 1.96852951049804687500e+01) (3, -7.56474852561950683594e-01) (4, -1.27046689987182617188e+01) (5, -2.41358367919921875000e+02) (6, -5.79337894916534423828e-01) (0, 7.34964370727539062500e+01) (1, 2.31422781944274902344e+00) (2, 1.46440197753906250000e+03) (3, -5.59821724891662597656e-01) (4, 1.05627679824829101562e+01) (5, 1.43400000000000000000e+03) (6, -4.92777734994888305664e-01) (0, -1.74605541229248046875e+01) (1, -1.39523911476135253906e+00) (2, -4.00144195556640625000e+02) (3, -6.53412222862243652344e-01) (4, -1.14819927215576171875e+01) (5, -2.40393733978271484375e+01) (6, -4.12508040666580200195e-01) (0, -9.09906625747680664062e-01) (1, 2.18225084245204925537e-02) (2, -1.29252471923828125000e+02) (3, -6.67514741420745849609e-01) (4, 7.51562118530273437500e-01) (5, -1.17372543334960937500e+02) (6, -6.09365820884704589844e-01) (0, -1.23038254678249359131e-02) (1, 1.84402838349342346191e-01) (2, -2.32227057218551635742e-01) (3, 9.61988940834999084473e-02) (4, -2.27506184577941894531e+00) (5, 1.54337668418884277344e+00) (6, -3.29249238967895507812e+00) (0, 5.77350425720214843750e+00) (1, -2.11194491386413574219e+00) (2, -9.81112213134765625000e+01) (3, -2.14891284704208374023e-01) (4, -6.80497360229492187500e+00) (5, -6.58077926635742187500e+01) (6, -1.00613929331302642822e-01) (7, -3.81516404449939727783e-02) (8, -2.93374061584472656250e-03) (9, 8.02033901214599609375e+00) (10, 7.19842826947569847107e-03) (11, 6.49720336914062500000e+02) (12, 4.38532559201121330261e-03) (13, 2.16486597061157226562e+00) (14, 1.08231287449598312378e-02) (15, 1.04883378371596336365e-02) 
