FANN_FLO_2.1
num_layers=4
learning_rate=0.300000
connection_rate=1.000000
network_type=0
learning_momentum=0.000000
training_algorithm=2
train_error_function=1
train_stop_function=0
cascade_output_change_fraction=0.010000
quickprop_decay=-0.000100
quickprop_mu=1.750000
rprop_increase_factor=1.200000
rprop_decrease_factor=0.500000
rprop_delta_min=0.000000
rprop_delta_max=50.000000
rprop_delta_zero=0.100000
cascade_output_stagnation_epochs=12
cascade_candidate_change_fraction=0.010000
cascade_candidate_stagnation_epochs=12
cascade_max_out_epochs=150
cascade_min_out_epochs=50
cascade_max_cand_epochs=150
cascade_min_cand_epochs=50
cascade_num_candidate_groups=2
bit_fail_limit=3.49999994039535522461e-01
cascade_candidate_limit=1.00000000000000000000e+03
cascade_weight_multiplier=4.00000005960464477539e-01
cascade_activation_functions_count=10
cascade_activation_functions=3 5 7 8 10 11 14 15 16 17 
cascade_activation_steepnesses_count=4
cascade_activation_steepnesses=2.50000000000000000000e-01 5.00000000000000000000e-01 7.50000000000000000000e-01 1.00000000000000000000e+00 
layer_sizes=2 5 5 3 
scale_included=0
neurons (num_inputs, activation_function, activation_steepness)=(0, 0, 0.00000000000000000000e+00) (0, 0, 0.00000000000000000000e+00) (2, 3, 5.00000000000000000000e-01) (2, 3, 5.00000000000000000000e-01) (2, 3, 5.00000000000000000000e-01) (2, 3, 5.00000000000000000000e-01) (0, 3, 0.00000000000000000000e+00) (5, 3, 5.00000000000000000000e-01) (5, 3, 5.00000000000000000000e-01) (5, 3, 5.00000000000000000000e-01) (5, 3, 5.00000000000000000000e-01) (0, 3, 0.00000000000000000000e+00) (5, 0, 5.00000000000000000000e-01) (5, 0, 5.00000000000000000000e-01) (0, 0, 0.00000000000000000000e+00) 
connections (connected_to_neuron, weight)=(0, 2.35887794494628906250e+01) (1, 4.63196563720703125000e+00) (0, -3.54594206809997558594e+00) (1, -1.37449413537979125977e-01) (0, -3.53491592407226562500e+00) (1, -4.96562011539936065674e-02) (0, 3.67064404487609863281e+00) (1, 2.18654155731201171875e-01) (2, -2.38708853721618652344e+00) (3, -1.43078899383544921875e+00) (4, -5.25224328041076660156e-01) (5, 1.48182475566864013672e+00) (6, -9.20033454895019531250e-02) (2, -2.18345165252685546875e+00) (3, -4.83283102512359619141e-01) (4, -4.44306075572967529297e-01) (5, 1.02393269538879394531e+00) (6, -7.56252706050872802734e-02) (2, -4.26390457153320312500e+00) (3, -1.80154168605804443359e+00) (4, -7.21974194049835205078e-01) (5, 5.26509332656860351562e+00) (6, 3.21442186832427978516e-02) (2, -1.32258951663970947266e+00) (3, -4.46855217218399047852e-01) (4, -7.84615755081176757812e-01) (5, 2.12949529290199279785e-01) (6, 8.62407684326171875000e-02) (7, -1.01862348616123199463e-01) (8, 3.92170026898384094238e-02) (9, -1.65835052728652954102e-01) (10, 9.31035503745079040527e-02) (11, -1.04567650705575942993e-02) (7, -5.32231211662292480469e-01) (8, -6.62509739398956298828e-01) (9, -6.64467382431030273438e+00) (10, -6.39804124832153320312e-01) (11, -3.83749663829803466797e-01) 
