FANN_FLO_2.1
num_layers=4
learning_rate=0.500000
connection_rate=1.000000
network_type=0
learning_momentum=0.000000
training_algorithm=2
train_error_function=1
train_stop_function=0
cascade_output_change_fraction=0.010000
quickprop_decay=-0.000100
quickprop_mu=1.750000
rprop_increase_factor=1.200000
rprop_decrease_factor=0.500000
rprop_delta_min=0.000000
rprop_delta_max=50.000000
rprop_delta_zero=0.100000
cascade_output_stagnation_epochs=12
cascade_candidate_change_fraction=0.010000
cascade_candidate_stagnation_epochs=12
cascade_max_out_epochs=150
cascade_min_out_epochs=50
cascade_max_cand_epochs=150
cascade_min_cand_epochs=50
cascade_num_candidate_groups=2
bit_fail_limit=3.49999994039535522461e-01
cascade_candidate_limit=1.00000000000000000000e+03
cascade_weight_multiplier=4.00000005960464477539e-01
cascade_activation_functions_count=10
cascade_activation_functions=3 5 7 8 10 11 14 15 16 17 
cascade_activation_steepnesses_count=4
cascade_activation_steepnesses=2.50000000000000000000e-01 5.00000000000000000000e-01 7.50000000000000000000e-01 1.00000000000000000000e+00 
layer_sizes=18 3 3 2 
scale_included=0
neurons (num_inputs, activation_function, activation_steepness)=(0, 0, 0.00000000000000000000e+00) (0, 0, 0.00000000000000000000e+00) (0, 0, 0.00000000000000000000e+00) (0, 0, 0.00000000000000000000e+00) (0, 0, 0.00000000000000000000e+00) (0, 0, 0.00000000000000000000e+00) (0, 0, 0.00000000000000000000e+00) (0, 0, 0.00000000000000000000e+00) (0, 0, 0.00000000000000000000e+00) (0, 0, 0.00000000000000000000e+00) (0, 0, 0.00000000000000000000e+00) (0, 0, 0.00000000000000000000e+00) (0, 0, 0.00000000000000000000e+00) (0, 0, 0.00000000000000000000e+00) (0, 0, 0.00000000000000000000e+00) (0, 0, 0.00000000000000000000e+00) (0, 0, 0.00000000000000000000e+00) (0, 0, 0.00000000000000000000e+00) (18, 3, 5.00000000000000000000e-01) (18, 3, 5.00000000000000000000e-01) (0, 3, 0.00000000000000000000e+00) (3, 3, 5.00000000000000000000e-01) (3, 3, 5.00000000000000000000e-01) (0, 3, 0.00000000000000000000e+00) (3, 0, 5.00000000000000000000e-01) (0, 0, 0.00000000000000000000e+00) 
connections (connected_to_neuron, weight)=(0, 1.31384801864624023438e+00) (1, 1.24849128723144531250e+00) (2, 1.14074277877807617188e+00) (3, 1.38177990913391113281e+00) (4, 1.27706813812255859375e+00) (5, -1.40067613124847412109e+00) (6, -1.29105401039123535156e+00) (7, -1.27973854541778564453e+00) (8, 1.39695350080728530884e-02) (9, 1.31206750869750976562e+00) (10, 1.16821753978729248047e+00) (11, 1.36098837852478027344e+00) (12, 1.25709199905395507812e+00) (13, 1.24116265773773193359e+00) (14, 1.19970560073852539062e+00) (15, 1.33043992519378662109e+00) (16, 1.22737288475036621094e+00) (17, -7.19564342498779296875e+00) (0, 1.48085474967956542969e+00) (1, 1.47979569435119628906e+00) (2, 1.59369099140167236328e+00) (3, 1.58989894390106201172e+00) (4, 1.60195302963256835938e+00) (5, -1.52262318134307861328e+00) (6, -1.40207612514495849609e+00) (7, -1.66121745109558105469e+00) (8, 4.46880348026752471924e-02) (9, 1.53750813007354736328e+00) (10, 1.56340944766998291016e+00) (11, 1.51632416248321533203e+00) (12, 1.42867958545684814453e+00) (13, 1.67870318889617919922e+00) (14, 1.48272275924682617188e+00) (15, 1.52844905853271484375e+00) (16, 1.54401481151580810547e+00) (17, -3.65932917594909667969e+00) (18, 2.57968831062316894531e+00) (19, 2.18429446220397949219e+00) (20, -2.38024926185607910156e+00) (18, 2.57721662521362304688e+00) (19, 2.14245176315307617188e+00) (20, -2.30855131149291992188e+00) (21, 7.52506256103515625000e+00) (22, 5.89299106597900390625e+00) (23, 1.57461273670196533203e+00) 
