FANN_FLO_2.1
num_layers=3
learning_rate=0.500000
connection_rate=1.000000
network_type=0
learning_momentum=0.000000
training_algorithm=2
train_error_function=1
train_stop_function=0
cascade_output_change_fraction=0.010000
quickprop_decay=-0.000100
quickprop_mu=1.750000
rprop_increase_factor=1.200000
rprop_decrease_factor=0.500000
rprop_delta_min=0.000000
rprop_delta_max=50.000000
rprop_delta_zero=0.100000
cascade_output_stagnation_epochs=12
cascade_candidate_change_fraction=0.010000
cascade_candidate_stagnation_epochs=12
cascade_max_out_epochs=150
cascade_min_out_epochs=50
cascade_max_cand_epochs=150
cascade_min_cand_epochs=50
cascade_num_candidate_groups=2
bit_fail_limit=3.49999994039535522461e-01
cascade_candidate_limit=1.00000000000000000000e+03
cascade_weight_multiplier=4.00000005960464477539e-01
cascade_activation_functions_count=10
cascade_activation_functions=3 5 7 8 10 11 14 15 16 17 
cascade_activation_steepnesses_count=4
cascade_activation_steepnesses=2.50000000000000000000e-01 5.00000000000000000000e-01 7.50000000000000000000e-01 1.00000000000000000000e+00 
layer_sizes=10 3 2 
scale_included=0
neurons (num_inputs, activation_function, activation_steepness)=(0, 0, 0.00000000000000000000e+00) (0, 0, 0.00000000000000000000e+00) (0, 0, 0.00000000000000000000e+00) (0, 0, 0.00000000000000000000e+00) (0, 0, 0.00000000000000000000e+00) (0, 0, 0.00000000000000000000e+00) (0, 0, 0.00000000000000000000e+00) (0, 0, 0.00000000000000000000e+00) (0, 0, 0.00000000000000000000e+00) (0, 0, 0.00000000000000000000e+00) (10, 3, 5.00000000000000000000e-01) (10, 3, 5.00000000000000000000e-01) (0, 3, 0.00000000000000000000e+00) (3, 3, 5.00000000000000000000e-01) (0, 3, 0.00000000000000000000e+00) 
connections (connected_to_neuron, weight)=(0, -6.40246212482452392578e-01) (1, -6.75086736679077148438e-01) (2, -6.31652474403381347656e-01) (3, -6.72871887683868408203e-01) (4, -6.25036895275115966797e-01) (5, -6.78035438060760498047e-01) (6, -6.42322480678558349609e-01) (7, -6.61045730113983154297e-01) (8, -6.53748154640197753906e-01) (9, 2.58576345443725585938e+00) (0, -5.52761125564575195312e+00) (1, -1.39778912067413330078e+00) (2, -1.18230705261230468750e+01) (3, -7.75679397583007812500e+00) (4, -1.17432731628417968750e+02) (5, -2.42957949638366699219e+00) (6, -1.26558332443237304688e+01) (7, -3.79898033142089843750e+01) (8, -9.88745307922363281250e+00) (9, 9.68915343284606933594e-01) (10, -3.08999729156494140625e+00) (11, -1.50000000000000000000e+03) (12, 1.28409862518310546875e+00) 
