FANN_FLO_2.1
num_layers=3
learning_rate=0.500000
connection_rate=1.000000
network_type=0
learning_momentum=0.000000
training_algorithm=2
train_error_function=1
train_stop_function=0
cascade_output_change_fraction=0.010000
quickprop_decay=-0.000100
quickprop_mu=1.750000
rprop_increase_factor=1.200000
rprop_decrease_factor=0.500000
rprop_delta_min=0.000000
rprop_delta_max=50.000000
rprop_delta_zero=0.100000
cascade_output_stagnation_epochs=12
cascade_candidate_change_fraction=0.010000
cascade_candidate_stagnation_epochs=12
cascade_max_out_epochs=150
cascade_min_out_epochs=50
cascade_max_cand_epochs=150
cascade_min_cand_epochs=50
cascade_num_candidate_groups=2
bit_fail_limit=3.49999994039535522461e-01
cascade_candidate_limit=1.00000000000000000000e+03
cascade_weight_multiplier=4.00000005960464477539e-01
cascade_activation_functions_count=10
cascade_activation_functions=3 5 7 8 10 11 14 15 16 17 
cascade_activation_steepnesses_count=4
cascade_activation_steepnesses=2.50000000000000000000e-01 5.00000000000000000000e-01 7.50000000000000000000e-01 1.00000000000000000000e+00 
layer_sizes=18 3 2 
scale_included=0
neurons (num_inputs, activation_function, activation_steepness)=(0, 0, 0.00000000000000000000e+00) (0, 0, 0.00000000000000000000e+00) (0, 0, 0.00000000000000000000e+00) (0, 0, 0.00000000000000000000e+00) (0, 0, 0.00000000000000000000e+00) (0, 0, 0.00000000000000000000e+00) (0, 0, 0.00000000000000000000e+00) (0, 0, 0.00000000000000000000e+00) (0, 0, 0.00000000000000000000e+00) (0, 0, 0.00000000000000000000e+00) (0, 0, 0.00000000000000000000e+00) (0, 0, 0.00000000000000000000e+00) (0, 0, 0.00000000000000000000e+00) (0, 0, 0.00000000000000000000e+00) (0, 0, 0.00000000000000000000e+00) (0, 0, 0.00000000000000000000e+00) (0, 0, 0.00000000000000000000e+00) (0, 0, 0.00000000000000000000e+00) (18, 3, 5.00000000000000000000e-01) (18, 3, 5.00000000000000000000e-01) (0, 3, 0.00000000000000000000e+00) (3, 0, 5.00000000000000000000e-01) (0, 0, 0.00000000000000000000e+00) 
connections (connected_to_neuron, weight)=(0, 1.04572272300720214844e+00) (1, 1.06882238388061523438e+00) (2, 9.98354017734527587891e-01) (3, 1.17777490615844726562e+00) (4, 8.71286988258361816406e-01) (5, -8.87051403522491455078e-01) (6, -1.04509890079498291016e+00) (7, -1.17192232608795166016e+00) (8, 2.96690259128808975220e-02) (9, 1.06261885166168212891e+00) (10, 1.07694685459136962891e+00) (11, 1.11119127273559570312e+00) (12, 9.21861588954925537109e-01) (13, 1.16555547714233398438e+00) (14, 1.06673526763916015625e+00) (15, 1.03956127166748046875e+00) (16, 1.15191006660461425781e+00) (17, -5.32577085494995117188e+00) (0, 4.71350240707397460938e+00) (1, 3.53434371948242187500e+00) (2, 5.27203559875488281250e+00) (3, 3.27803373336791992188e+00) (4, 4.85681867599487304688e+00) (5, -5.10254907608032226562e+00) (6, -4.08746147155761718750e+00) (7, -2.76528859138488769531e+00) (8, -1.33553481101989746094e+00) (9, 5.10618305206298828125e+00) (10, 4.10691165924072265625e+00) (11, 3.01491832733154296875e+00) (12, 5.15485906600952148438e+00) (13, 3.23783636093139648438e+00) (14, 2.82972455024719238281e+00) (15, 6.31715345382690429688e+00) (16, 3.04838681221008300781e+00) (17, -1.06377201080322265625e+01) (18, 8.85362911224365234375e+00) (19, 2.15319705009460449219e+00) (20, 3.41475939750671386719e+00) 
