FANN_FLO_2.1
num_layers=3
learning_rate=0.450000
connection_rate=1.000000
network_type=0
learning_momentum=0.000000
training_algorithm=2
train_error_function=1
train_stop_function=0
cascade_output_change_fraction=0.010000
quickprop_decay=-0.000100
quickprop_mu=1.750000
rprop_increase_factor=1.200000
rprop_decrease_factor=0.500000
rprop_delta_min=0.000000
rprop_delta_max=50.000000
rprop_delta_zero=0.100000
cascade_output_stagnation_epochs=12
cascade_candidate_change_fraction=0.010000
cascade_candidate_stagnation_epochs=12
cascade_max_out_epochs=150
cascade_min_out_epochs=50
cascade_max_cand_epochs=150
cascade_min_cand_epochs=50
cascade_num_candidate_groups=2
bit_fail_limit=3.49999994039535522461e-01
cascade_candidate_limit=1.00000000000000000000e+03
cascade_weight_multiplier=4.00000005960464477539e-01
cascade_activation_functions_count=10
cascade_activation_functions=3 5 7 8 10 11 14 15 16 17 
cascade_activation_steepnesses_count=4
cascade_activation_steepnesses=2.50000000000000000000e-01 5.00000000000000000000e-01 7.50000000000000000000e-01 1.00000000000000000000e+00 
layer_sizes=7 5 2 
scale_included=0
neurons (num_inputs, activation_function, activation_steepness)=(0, 0, 0.00000000000000000000e+00) (0, 0, 0.00000000000000000000e+00) (0, 0, 0.00000000000000000000e+00) (0, 0, 0.00000000000000000000e+00) (0, 0, 0.00000000000000000000e+00) (0, 0, 0.00000000000000000000e+00) (0, 0, 0.00000000000000000000e+00) (7, 3, 5.00000000000000000000e-01) (7, 3, 5.00000000000000000000e-01) (7, 3, 5.00000000000000000000e-01) (7, 3, 5.00000000000000000000e-01) (0, 3, 0.00000000000000000000e+00) (5, 0, 5.00000000000000000000e-01) (0, 0, 0.00000000000000000000e+00) 
connections (connected_to_neuron, weight)=(0, -1.24528801441192626953e+00) (1, -1.33607316017150878906e+00) (2, 2.20829129219055175781e+00) (3, -1.25025200843811035156e+00) (4, 5.38020193576812744141e-01) (5, 1.55684351921081542969e+00) (6, -1.14563691616058349609e+00) (0, -1.50000000000000000000e+03) (1, -1.50000000000000000000e+03) (2, 1.50000000000000000000e+03) (3, -1.50000000000000000000e+03) (4, -1.50000000000000000000e+03) (5, -1.25773840332031250000e+03) (6, -7.55911970138549804688e+00) (0, -1.30074572563171386719e+00) (1, -1.06750142574310302734e+00) (2, -2.30313301086425781250e+00) (3, -9.43591654300689697266e-01) (4, 3.00127720832824707031e+00) (5, 2.42577409744262695312e+00) (6, -1.13091838359832763672e+00) (0, 4.04476299881935119629e-02) (1, 3.51118057966232299805e-01) (2, 6.90524816513061523438e-01) (3, -1.84679046273231506348e-01) (4, -3.10010999441146850586e-01) (5, -6.14981055259704589844e-01) (6, -1.12692189216613769531e+00) (7, -8.28094035387039184570e-03) (8, 1.50000000000000000000e+03) (9, -1.66040956974029541016e-02) (10, -2.20957491546869277954e-02) (11, 2.42897346615791320801e-02) 
