FANN_FLO_2.1
num_layers=3
learning_rate=0.300000
connection_rate=1.000000
network_type=0
learning_momentum=0.000000
training_algorithm=2
train_error_function=1
train_stop_function=0
cascade_output_change_fraction=0.010000
quickprop_decay=-0.000100
quickprop_mu=1.750000
rprop_increase_factor=1.200000
rprop_decrease_factor=0.500000
rprop_delta_min=0.000000
rprop_delta_max=50.000000
rprop_delta_zero=0.100000
cascade_output_stagnation_epochs=12
cascade_candidate_change_fraction=0.010000
cascade_candidate_stagnation_epochs=12
cascade_max_out_epochs=150
cascade_min_out_epochs=50
cascade_max_cand_epochs=150
cascade_min_cand_epochs=50
cascade_num_candidate_groups=2
bit_fail_limit=3.49999994039535522461e-01
cascade_candidate_limit=1.00000000000000000000e+03
cascade_weight_multiplier=4.00000005960464477539e-01
cascade_activation_functions_count=10
cascade_activation_functions=3 5 7 8 10 11 14 15 16 17 
cascade_activation_steepnesses_count=4
cascade_activation_steepnesses=2.50000000000000000000e-01 5.00000000000000000000e-01 7.50000000000000000000e-01 1.00000000000000000000e+00 
layer_sizes=4 9 2 
scale_included=0
neurons (num_inputs, activation_function, activation_steepness)=(0, 0, 0.00000000000000000000e+00) (0, 0, 0.00000000000000000000e+00) (0, 0, 0.00000000000000000000e+00) (0, 0, 0.00000000000000000000e+00) (4, 3, 5.00000000000000000000e-01) (4, 3, 5.00000000000000000000e-01) (4, 3, 5.00000000000000000000e-01) (4, 3, 5.00000000000000000000e-01) (4, 3, 5.00000000000000000000e-01) (4, 3, 5.00000000000000000000e-01) (4, 3, 5.00000000000000000000e-01) (4, 3, 5.00000000000000000000e-01) (0, 3, 0.00000000000000000000e+00) (9, 3, 5.00000000000000000000e-01) (0, 3, 0.00000000000000000000e+00) 
connections (connected_to_neuron, weight)=(0, -7.00766921043395996094e-01) (1, 7.47847914695739746094e-01) (2, -2.67548918724060058594e+00) (3, 7.62100219726562500000e-01) (0, -8.60157728195190429688e-01) (1, 5.92801213264465332031e-01) (2, -2.86463141441345214844e+00) (3, 9.18736934661865234375e+00) (0, -8.70949566364288330078e-01) (1, 6.63940131664276123047e-01) (2, -3.87639403343200683594e+00) (3, 1.12800674438476562500e+01) (0, -1.33741229772567749023e-01) (1, 1.78513340651988983154e-02) (2, -5.87537959218025207520e-02) (3, 7.17511832714080810547e-01) (0, -3.91797959804534912109e-01) (1, 1.80217206478118896484e-01) (2, -6.13413333892822265625e-01) (3, -1.75347208976745605469e+00) (0, -7.81493425369262695312e-01) (1, 7.78204679489135742188e-01) (2, -2.65657234191894531250e+00) (3, 9.48823332786560058594e-01) (0, 7.04301643371582031250e+00) (1, 2.72398090362548828125e+00) (2, -8.92148895263671875000e+01) (3, -4.64594922959804534912e-02) (0, -7.56221711635589599609e-02) (1, 6.84659332036972045898e-02) (2, -7.39402532577514648438e-01) (3, 1.00030755996704101562e+00) (4, -8.68954062461853027344e-02) (5, -4.50925976037979125977e-02) (6, -1.46588578820228576660e-01) (7, -8.01946735382080078125e+00) (8, 7.93074846267700195312e-01) (9, -7.28215053677558898926e-02) (10, -2.77597885578870773315e-02) (11, -2.54862833023071289062e+00) (12, 6.67021512985229492188e-01) 
