FANN_FLO_2.1
num_layers=3
learning_rate=0.500000
connection_rate=1.000000
network_type=0
learning_momentum=0.000000
training_algorithm=2
train_error_function=1
train_stop_function=0
cascade_output_change_fraction=0.010000
quickprop_decay=-0.000100
quickprop_mu=1.750000
rprop_increase_factor=1.200000
rprop_decrease_factor=0.500000
rprop_delta_min=0.000000
rprop_delta_max=50.000000
rprop_delta_zero=0.100000
cascade_output_stagnation_epochs=12
cascade_candidate_change_fraction=0.010000
cascade_candidate_stagnation_epochs=12
cascade_max_out_epochs=150
cascade_min_out_epochs=50
cascade_max_cand_epochs=150
cascade_min_cand_epochs=50
cascade_num_candidate_groups=2
bit_fail_limit=3.49999994039535522461e-01
cascade_candidate_limit=1.00000000000000000000e+03
cascade_weight_multiplier=4.00000005960464477539e-01
cascade_activation_functions_count=10
cascade_activation_functions=3 5 7 8 10 11 14 15 16 17 
cascade_activation_steepnesses_count=4
cascade_activation_steepnesses=2.50000000000000000000e-01 5.00000000000000000000e-01 7.50000000000000000000e-01 1.00000000000000000000e+00 
layer_sizes=10 5 2 
scale_included=0
neurons (num_inputs, activation_function, activation_steepness)=(0, 0, 0.00000000000000000000e+00) (0, 0, 0.00000000000000000000e+00) (0, 0, 0.00000000000000000000e+00) (0, 0, 0.00000000000000000000e+00) (0, 0, 0.00000000000000000000e+00) (0, 0, 0.00000000000000000000e+00) (0, 0, 0.00000000000000000000e+00) (0, 0, 0.00000000000000000000e+00) (0, 0, 0.00000000000000000000e+00) (0, 0, 0.00000000000000000000e+00) (10, 3, 5.00000000000000000000e-01) (10, 3, 5.00000000000000000000e-01) (10, 3, 5.00000000000000000000e-01) (10, 3, 5.00000000000000000000e-01) (0, 3, 0.00000000000000000000e+00) (5, 3, 5.00000000000000000000e-01) (0, 3, 0.00000000000000000000e+00) 
connections (connected_to_neuron, weight)=(0, -5.34843325614929199219e-01) (1, -8.13574671745300292969e-01) (2, -6.17678344249725341797e-01) (3, -1.87796831130981445312e-01) (4, -2.24078729748725891113e-01) (5, -8.10869693756103515625e-01) (6, -1.92346096038818359375e-01) (7, -6.63611531257629394531e-01) (8, -3.61594051122665405273e-01) (9, 8.21256756782531738281e-01) (0, -5.56319773197174072266e-01) (1, -4.95389193296432495117e-01) (2, -4.72466886043548583984e-01) (3, -4.55484271049499511719e-01) (4, -6.86965703964233398438e-01) (5, -5.72687029838562011719e-01) (6, -5.17094075679779052734e-01) (7, -5.07738053798675537109e-01) (8, -6.00165307521820068359e-01) (9, 1.89794373512268066406e+00) (0, -1.99471026659011840820e-01) (1, -9.54693198204040527344e-01) (2, -5.17528593540191650391e-01) (3, -5.97075521945953369141e-01) (4, -4.61082696914672851562e-01) (5, -3.72099161148071289062e-01) (6, -4.34371381998062133789e-01) (7, -4.45101141929626464844e-01) (8, -3.33095192909240722656e-01) (9, 1.86459213495254516602e-01) (0, -5.29587388038635253906e-01) (1, -5.23068487644195556641e-01) (2, -6.93705081939697265625e-01) (3, -8.70190083980560302734e-01) (4, -3.09431523084640502930e-01) (5, -4.41463887691497802734e-01) (6, -6.10297977924346923828e-01) (7, -6.20586872100830078125e-01) (8, -3.84840488433837890625e-01) (9, 2.06469893455505371094e+00) (10, -3.32941770553588867188e-01) (11, -2.44274210929870605469e+00) (12, -4.55038063228130340576e-02) (13, -9.86992418766021728516e-01) (14, 1.38110554218292236328e+00) 
