FANN_FLO_2.1
num_layers=4
learning_rate=0.300000
connection_rate=1.000000
network_type=0
learning_momentum=0.000000
training_algorithm=2
train_error_function=1
train_stop_function=0
cascade_output_change_fraction=0.010000
quickprop_decay=-0.000100
quickprop_mu=1.750000
rprop_increase_factor=1.200000
rprop_decrease_factor=0.500000
rprop_delta_min=0.000000
rprop_delta_max=50.000000
rprop_delta_zero=0.100000
cascade_output_stagnation_epochs=12
cascade_candidate_change_fraction=0.010000
cascade_candidate_stagnation_epochs=12
cascade_max_out_epochs=150
cascade_min_out_epochs=50
cascade_max_cand_epochs=150
cascade_min_cand_epochs=50
cascade_num_candidate_groups=2
bit_fail_limit=3.49999994039535522461e-01
cascade_candidate_limit=1.00000000000000000000e+03
cascade_weight_multiplier=4.00000005960464477539e-01
cascade_activation_functions_count=10
cascade_activation_functions=3 5 7 8 10 11 14 15 16 17 
cascade_activation_steepnesses_count=4
cascade_activation_steepnesses=2.50000000000000000000e-01 5.00000000000000000000e-01 7.50000000000000000000e-01 1.00000000000000000000e+00 
layer_sizes=2 5 3 3 
scale_included=0
neurons (num_inputs, activation_function, activation_steepness)=(0, 0, 0.00000000000000000000e+00) (0, 0, 0.00000000000000000000e+00) (2, 3, 5.00000000000000000000e-01) (2, 3, 5.00000000000000000000e-01) (2, 3, 5.00000000000000000000e-01) (2, 3, 5.00000000000000000000e-01) (0, 3, 0.00000000000000000000e+00) (5, 3, 5.00000000000000000000e-01) (5, 3, 5.00000000000000000000e-01) (0, 3, 0.00000000000000000000e+00) (3, 0, 5.00000000000000000000e-01) (3, 0, 5.00000000000000000000e-01) (0, 0, 0.00000000000000000000e+00) 
connections (connected_to_neuron, weight)=(0, 4.13164091110229492188e+00) (1, 4.90506982803344726562e+00) (0, 4.86265611648559570312e+00) (1, 6.17389965057373046875e+00) (0, 5.18835210800170898438e+00) (1, 6.63551473617553710938e+00) (0, -7.32332885265350341797e-01) (1, -3.79080623388290405273e-01) (2, 2.43634745478630065918e-01) (3, -9.52366441488265991211e-02) (4, -4.15560275316238403320e-01) (5, 4.09032672643661499023e-01) (6, 6.05060517787933349609e-01) (2, -6.46263659000396728516e-01) (3, -1.34136927127838134766e+00) (4, -2.80237174034118652344e+00) (5, 4.37754184007644653320e-01) (6, 5.03433465957641601562e-01) (7, 7.25089758634567260742e-02) (8, 2.85875141620635986328e-01) (9, -1.58026412129402160645e-01) (7, -8.16516220569610595703e-01) (8, -8.39291393756866455078e-01) (9, -8.70130360126495361328e-01) 
