FANN_FLO_2.1
num_layers=4
learning_rate=0.500000
connection_rate=1.000000
network_type=0
learning_momentum=0.000000
training_algorithm=2
train_error_function=1
train_stop_function=0
cascade_output_change_fraction=0.010000
quickprop_decay=-0.000100
quickprop_mu=1.750000
rprop_increase_factor=1.200000
rprop_decrease_factor=0.500000
rprop_delta_min=0.000000
rprop_delta_max=50.000000
rprop_delta_zero=0.100000
cascade_output_stagnation_epochs=12
cascade_candidate_change_fraction=0.010000
cascade_candidate_stagnation_epochs=12
cascade_max_out_epochs=150
cascade_min_out_epochs=50
cascade_max_cand_epochs=150
cascade_min_cand_epochs=50
cascade_num_candidate_groups=2
bit_fail_limit=3.49999994039535522461e-01
cascade_candidate_limit=1.00000000000000000000e+03
cascade_weight_multiplier=4.00000005960464477539e-01
cascade_activation_functions_count=10
cascade_activation_functions=3 5 7 8 10 11 14 15 16 17 
cascade_activation_steepnesses_count=4
cascade_activation_steepnesses=2.50000000000000000000e-01 5.00000000000000000000e-01 7.50000000000000000000e-01 1.00000000000000000000e+00 
layer_sizes=4 5 3 2 
scale_included=0
neurons (num_inputs, activation_function, activation_steepness)=(0, 0, 0.00000000000000000000e+00) (0, 0, 0.00000000000000000000e+00) (0, 0, 0.00000000000000000000e+00) (0, 0, 0.00000000000000000000e+00) (4, 3, 5.00000000000000000000e-01) (4, 3, 5.00000000000000000000e-01) (4, 3, 5.00000000000000000000e-01) (4, 3, 5.00000000000000000000e-01) (0, 3, 0.00000000000000000000e+00) (5, 3, 5.00000000000000000000e-01) (5, 3, 5.00000000000000000000e-01) (0, 3, 0.00000000000000000000e+00) (3, 3, 5.00000000000000000000e-01) (0, 3, 0.00000000000000000000e+00) 
connections (connected_to_neuron, weight)=(0, 4.94429731369018554688e+00) (1, -1.60076503753662109375e+01) (2, -3.98390984535217285156e+00) (3, -3.40067803859710693359e-01) (0, 5.93613743782043457031e-01) (1, -5.56208610534667968750e+00) (2, 7.20026016235351562500e+00) (3, -3.70934486389160156250e-01) (0, -6.62145471572875976562e+00) (1, -7.48808383941650390625e+00) (2, -6.72629237174987792969e-01) (3, 6.12253713607788085938e+00) (0, -2.07565093040466308594e+00) (1, -1.29479007720947265625e+01) (2, -1.50594413280487060547e+00) (3, 1.98153102397918701172e+00) (4, -4.01155328750610351562e+00) (5, -6.98680925369262695312e+00) (6, 3.09035129547119140625e+01) (7, -7.67933702468872070312e+00) (8, -2.60068631172180175781e+00) (4, -4.00470638275146484375e+00) (5, -7.95762395858764648438e+00) (6, 3.37790260314941406250e+01) (7, -1.09748611450195312500e+01) (8, -2.55429172515869140625e+00) (9, -1.24142444133758544922e+00) (10, -3.24147891998291015625e+00) (11, 2.24902510643005371094e+00) 
