FANN_FLO_2.1
num_layers=3
learning_rate=0.300000
connection_rate=1.000000
network_type=0
learning_momentum=0.000000
training_algorithm=2
train_error_function=1
train_stop_function=0
cascade_output_change_fraction=0.010000
quickprop_decay=-0.000100
quickprop_mu=1.750000
rprop_increase_factor=1.200000
rprop_decrease_factor=0.500000
rprop_delta_min=0.000000
rprop_delta_max=50.000000
rprop_delta_zero=0.100000
cascade_output_stagnation_epochs=12
cascade_candidate_change_fraction=0.010000
cascade_candidate_stagnation_epochs=12
cascade_max_out_epochs=150
cascade_min_out_epochs=50
cascade_max_cand_epochs=150
cascade_min_cand_epochs=50
cascade_num_candidate_groups=2
bit_fail_limit=3.49999994039535522461e-01
cascade_candidate_limit=1.00000000000000000000e+03
cascade_weight_multiplier=4.00000005960464477539e-01
cascade_activation_functions_count=10
cascade_activation_functions=3 5 7 8 10 11 14 15 16 17 
cascade_activation_steepnesses_count=4
cascade_activation_steepnesses=2.50000000000000000000e-01 5.00000000000000000000e-01 7.50000000000000000000e-01 1.00000000000000000000e+00 
layer_sizes=4 9 2 
scale_included=0
neurons (num_inputs, activation_function, activation_steepness)=(0, 0, 0.00000000000000000000e+00) (0, 0, 0.00000000000000000000e+00) (0, 0, 0.00000000000000000000e+00) (0, 0, 0.00000000000000000000e+00) (4, 3, 5.00000000000000000000e-01) (4, 3, 5.00000000000000000000e-01) (4, 3, 5.00000000000000000000e-01) (4, 3, 5.00000000000000000000e-01) (4, 3, 5.00000000000000000000e-01) (4, 3, 5.00000000000000000000e-01) (4, 3, 5.00000000000000000000e-01) (4, 3, 5.00000000000000000000e-01) (0, 3, 0.00000000000000000000e+00) (9, 3, 5.00000000000000000000e-01) (0, 3, 0.00000000000000000000e+00) 
connections (connected_to_neuron, weight)=(0, -3.31478714942932128906e+00) (1, 1.52363789081573486328e+00) (2, -2.23131346702575683594e+00) (3, -1.18382816314697265625e+01) (0, -3.68627405166625976562e+00) (1, 1.72605800628662109375e+00) (2, -4.19677686691284179688e+00) (3, 8.11828136444091796875e+00) (0, -1.45604979991912841797e+00) (1, 2.86896049976348876953e-01) (2, -2.48988795280456542969e+00) (3, 4.06174240112304687500e+01) (0, -3.38384819030761718750e+00) (1, 1.47390818595886230469e+00) (2, -1.41339731216430664062e+00) (3, 9.82298564910888671875e+00) (0, -1.58140420913696289062e+00) (1, 4.86618489027023315430e-01) (2, -1.84373092651367187500e+00) (3, 1.38782844543457031250e+01) (0, -8.80592823028564453125e+00) (1, 1.31001949310302734375e+00) (2, 2.39094591140747070312e+00) (3, 9.01455998420715332031e-01) (0, -1.15212380886077880859e+00) (1, 6.58603549003601074219e-01) (2, -1.63072597980499267578e+00) (3, 1.10407114028930664062e+01) (0, -1.25698760151863098145e-01) (1, 1.94448549300432205200e-02) (2, -2.79585957527160644531e-01) (3, 1.37752962112426757812e+00) (4, 3.99116910994052886963e-02) (5, -1.51091322302818298340e-01) (6, -3.73423993587493896484e-01) (7, -2.11062833666801452637e-01) (8, -2.46725127100944519043e-01) (9, -3.37630122900009155273e-01) (10, -4.13270682096481323242e-01) (11, -1.13646821975708007812e+01) (12, 6.64598643779754638672e-01) 
