FANN_FLO_2.1
num_layers=4
learning_rate=0.500000
connection_rate=1.000000
network_type=0
learning_momentum=0.000000
training_algorithm=2
train_error_function=1
train_stop_function=0
cascade_output_change_fraction=0.010000
quickprop_decay=-0.000100
quickprop_mu=1.750000
rprop_increase_factor=1.200000
rprop_decrease_factor=0.500000
rprop_delta_min=0.000000
rprop_delta_max=50.000000
rprop_delta_zero=0.100000
cascade_output_stagnation_epochs=12
cascade_candidate_change_fraction=0.010000
cascade_candidate_stagnation_epochs=12
cascade_max_out_epochs=150
cascade_min_out_epochs=50
cascade_max_cand_epochs=150
cascade_min_cand_epochs=50
cascade_num_candidate_groups=2
bit_fail_limit=3.49999994039535522461e-01
cascade_candidate_limit=1.00000000000000000000e+03
cascade_weight_multiplier=4.00000005960464477539e-01
cascade_activation_functions_count=10
cascade_activation_functions=3 5 7 8 10 11 14 15 16 17 
cascade_activation_steepnesses_count=4
cascade_activation_steepnesses=2.50000000000000000000e-01 5.00000000000000000000e-01 7.50000000000000000000e-01 1.00000000000000000000e+00 
layer_sizes=4 5 5 2 
scale_included=0
neurons (num_inputs, activation_function, activation_steepness)=(0, 0, 0.00000000000000000000e+00) (0, 0, 0.00000000000000000000e+00) (0, 0, 0.00000000000000000000e+00) (0, 0, 0.00000000000000000000e+00) (4, 3, 5.00000000000000000000e-01) (4, 3, 5.00000000000000000000e-01) (4, 3, 5.00000000000000000000e-01) (4, 3, 5.00000000000000000000e-01) (0, 3, 0.00000000000000000000e+00) (5, 3, 5.00000000000000000000e-01) (5, 3, 5.00000000000000000000e-01) (5, 3, 5.00000000000000000000e-01) (5, 3, 5.00000000000000000000e-01) (0, 3, 0.00000000000000000000e+00) (5, 3, 5.00000000000000000000e-01) (0, 3, 0.00000000000000000000e+00) 
connections (connected_to_neuron, weight)=(0, -2.71549177169799804688e+00) (1, -5.17627620697021484375e+00) (2, -1.31042346358299255371e-01) (3, 1.94104814529418945312e+00) (0, -2.11765980720520019531e+00) (1, -1.09027500152587890625e+01) (2, 2.16102075576782226562e+00) (3, 3.36986064910888671875e+00) (0, -2.85884094238281250000e+00) (1, -6.49988698959350585938e+00) (2, 1.94627094268798828125e+00) (3, 1.75048577785491943359e+00) (0, -3.66212391853332519531e+00) (1, -2.41836428642272949219e+00) (2, -4.72340017557144165039e-01) (3, 1.98738515377044677734e+00) (4, -1.21459043025970458984e+00) (5, -1.30529332160949707031e+00) (6, -4.36602401733398437500e+00) (7, -3.25976252555847167969e+00) (8, 6.74850583076477050781e-01) (4, 4.86292600631713867188e+00) (5, 1.87190780639648437500e+01) (6, 5.12095355987548828125e+00) (7, 2.52618293762207031250e+01) (8, -1.20434150695800781250e+01) (4, 4.07072401046752929688e+00) (5, 1.18721685409545898438e+01) (6, 5.40505266189575195312e+00) (7, 1.14072647094726562500e+01) (8, -7.45974111557006835938e+00) (4, 5.05381155014038085938e+00) (5, 1.28928861618041992188e+01) (6, 4.66498279571533203125e+00) (7, 1.84313125610351562500e+01) (8, -8.99832820892333984375e+00) (9, -1.61245751380920410156e+00) (10, -3.85744023323059082031e+00) (11, -9.44530367851257324219e-02) (12, -1.37240386009216308594e+00) (13, 3.11391544342041015625e+00) 
