FANN_FLO_2.1
num_layers=4
learning_rate=0.300000
connection_rate=1.000000
network_type=0
learning_momentum=0.000000
training_algorithm=2
train_error_function=1
train_stop_function=0
cascade_output_change_fraction=0.010000
quickprop_decay=-0.000100
quickprop_mu=1.750000
rprop_increase_factor=1.200000
rprop_decrease_factor=0.500000
rprop_delta_min=0.000000
rprop_delta_max=50.000000
rprop_delta_zero=0.100000
cascade_output_stagnation_epochs=12
cascade_candidate_change_fraction=0.010000
cascade_candidate_stagnation_epochs=12
cascade_max_out_epochs=150
cascade_min_out_epochs=50
cascade_max_cand_epochs=150
cascade_min_cand_epochs=50
cascade_num_candidate_groups=2
bit_fail_limit=3.49999994039535522461e-01
cascade_candidate_limit=1.00000000000000000000e+03
cascade_weight_multiplier=4.00000005960464477539e-01
cascade_activation_functions_count=10
cascade_activation_functions=3 5 7 8 10 11 14 15 16 17 
cascade_activation_steepnesses_count=4
cascade_activation_steepnesses=2.50000000000000000000e-01 5.00000000000000000000e-01 7.50000000000000000000e-01 1.00000000000000000000e+00 
layer_sizes=2 5 5 3 
scale_included=0
neurons (num_inputs, activation_function, activation_steepness)=(0, 0, 0.00000000000000000000e+00) (0, 0, 0.00000000000000000000e+00) (2, 3, 5.00000000000000000000e-01) (2, 3, 5.00000000000000000000e-01) (2, 3, 5.00000000000000000000e-01) (2, 3, 5.00000000000000000000e-01) (0, 3, 0.00000000000000000000e+00) (5, 3, 5.00000000000000000000e-01) (5, 3, 5.00000000000000000000e-01) (5, 3, 5.00000000000000000000e-01) (5, 3, 5.00000000000000000000e-01) (0, 3, 0.00000000000000000000e+00) (5, 0, 5.00000000000000000000e-01) (5, 0, 5.00000000000000000000e-01) (0, 0, 0.00000000000000000000e+00) 
connections (connected_to_neuron, weight)=(0, -1.50000000000000000000e+03) (1, -4.76459413766860961914e-01) (0, -1.50000000000000000000e+03) (1, -2.07245326042175292969e+00) (0, -1.50000000000000000000e+03) (1, -4.64360266923904418945e-01) (0, -1.50000000000000000000e+03) (1, -2.27641201019287109375e+00) (2, 6.15397095680236816406e-01) (3, -3.59543681144714355469e-01) (4, 5.97965896129608154297e-01) (5, -2.27488026022911071777e-01) (6, 9.82029587030410766602e-02) (2, 5.00060617923736572266e-01) (3, 1.41921567916870117188e+00) (4, 5.89320540428161621094e-01) (5, 1.05427396297454833984e+00) (6, -1.57650458812713623047e+00) (2, 6.18665397167205810547e-01) (3, 1.36288118362426757812e+00) (4, 5.99169373512268066406e-01) (5, 1.31095159053802490234e+00) (6, -1.13075208663940429688e+00) (2, 5.07084190845489501953e-01) (3, 8.29717755317687988281e-01) (4, 8.03732216358184814453e-01) (5, 8.87230277061462402344e-01) (6, 9.86307784914970397949e-02) (7, -2.36805267632007598877e-02) (8, 2.34929278492927551270e-01) (9, 4.06102873384952545166e-02) (10, -1.05495126917958259583e-02) (11, -2.25986048579216003418e-01) (7, -3.41799616813659667969e-01) (8, -5.42959332466125488281e-01) (9, -5.09061992168426513672e-01) (10, -6.24808073043823242188e-01) (11, -2.82122641801834106445e-01) 
