FANN_FLO_2.1
num_layers=4
learning_rate=0.500000
connection_rate=1.000000
network_type=0
learning_momentum=0.000000
training_algorithm=2
train_error_function=1
train_stop_function=0
cascade_output_change_fraction=0.010000
quickprop_decay=-0.000100
quickprop_mu=1.750000
rprop_increase_factor=1.200000
rprop_decrease_factor=0.500000
rprop_delta_min=0.000000
rprop_delta_max=50.000000
rprop_delta_zero=0.100000
cascade_output_stagnation_epochs=12
cascade_candidate_change_fraction=0.010000
cascade_candidate_stagnation_epochs=12
cascade_max_out_epochs=150
cascade_min_out_epochs=50
cascade_max_cand_epochs=150
cascade_min_cand_epochs=50
cascade_num_candidate_groups=2
bit_fail_limit=3.49999994039535522461e-01
cascade_candidate_limit=1.00000000000000000000e+03
cascade_weight_multiplier=4.00000005960464477539e-01
cascade_activation_functions_count=10
cascade_activation_functions=3 5 7 8 10 11 14 15 16 17 
cascade_activation_steepnesses_count=4
cascade_activation_steepnesses=2.50000000000000000000e-01 5.00000000000000000000e-01 7.50000000000000000000e-01 1.00000000000000000000e+00 
layer_sizes=4 5 5 2 
scale_included=0
neurons (num_inputs, activation_function, activation_steepness)=(0, 0, 0.00000000000000000000e+00) (0, 0, 0.00000000000000000000e+00) (0, 0, 0.00000000000000000000e+00) (0, 0, 0.00000000000000000000e+00) (4, 3, 5.00000000000000000000e-01) (4, 3, 5.00000000000000000000e-01) (4, 3, 5.00000000000000000000e-01) (4, 3, 5.00000000000000000000e-01) (0, 3, 0.00000000000000000000e+00) (5, 3, 5.00000000000000000000e-01) (5, 3, 5.00000000000000000000e-01) (5, 3, 5.00000000000000000000e-01) (5, 3, 5.00000000000000000000e-01) (0, 3, 0.00000000000000000000e+00) (5, 3, 5.00000000000000000000e-01) (0, 3, 0.00000000000000000000e+00) 
connections (connected_to_neuron, weight)=(0, 6.64696578979492187500e+01) (1, -7.89910745620727539062e+00) (2, -4.07006263732910156250e+00) (3, -4.39791831970214843750e+01) (0, 1.50000000000000000000e+03) (1, 1.48451030254364013672e+00) (2, 1.50000000000000000000e+03) (3, 1.72988006591796875000e+02) (0, -5.65936756134033203125e+00) (1, -1.53637256622314453125e+01) (2, 2.00048065185546875000e+00) (3, 7.61723661422729492188e+00) (0, -1.50000000000000000000e+03) (1, -4.63552612304687500000e+02) (2, -1.50000000000000000000e+03) (3, -1.58998308181762695312e+01) (4, -1.01142019033432006836e-01) (5, 2.30229541659355163574e-01) (6, 8.78342390060424804688e-01) (7, -6.48714233398437500000e+02) (8, 2.04431354999542236328e-01) (4, -4.48837089538574218750e+00) (5, -4.29055738449096679688e+00) (6, 2.59779224395751953125e+01) (7, 1.50000000000000000000e+03) (8, -4.35421848297119140625e+00) (4, 1.24175453186035156250e+02) (5, -5.59612178802490234375e+00) (6, 2.43849582672119140625e+01) (7, 1.50000000000000000000e+03) (8, -2.73859906196594238281e+00) (4, -4.79321527481079101562e+00) (5, -4.70007181167602539062e+00) (6, 2.79131469726562500000e+01) (7, 1.50000000000000000000e+03) (8, -4.52506780624389648438e+00) (9, 3.25627851486206054688e+00) (10, -4.31926631927490234375e+00) (11, -4.14234489202499389648e-01) (12, -6.96072220802307128906e-01) (13, 6.93512320518493652344e-01) 
