FANN_FLO_2.1
num_layers=3
learning_rate=0.300000
connection_rate=1.000000
network_type=0
learning_momentum=0.000000
training_algorithm=2
train_error_function=1
train_stop_function=0
cascade_output_change_fraction=0.010000
quickprop_decay=-0.000100
quickprop_mu=1.750000
rprop_increase_factor=1.200000
rprop_decrease_factor=0.500000
rprop_delta_min=0.000000
rprop_delta_max=50.000000
rprop_delta_zero=0.100000
cascade_output_stagnation_epochs=12
cascade_candidate_change_fraction=0.010000
cascade_candidate_stagnation_epochs=12
cascade_max_out_epochs=150
cascade_min_out_epochs=50
cascade_max_cand_epochs=150
cascade_min_cand_epochs=50
cascade_num_candidate_groups=2
bit_fail_limit=3.49999994039535522461e-01
cascade_candidate_limit=1.00000000000000000000e+03
cascade_weight_multiplier=4.00000005960464477539e-01
cascade_activation_functions_count=10
cascade_activation_functions=3 5 7 8 10 11 14 15 16 17 
cascade_activation_steepnesses_count=4
cascade_activation_steepnesses=2.50000000000000000000e-01 5.00000000000000000000e-01 7.50000000000000000000e-01 1.00000000000000000000e+00 
layer_sizes=4 9 2 
scale_included=0
neurons (num_inputs, activation_function, activation_steepness)=(0, 0, 0.00000000000000000000e+00) (0, 0, 0.00000000000000000000e+00) (0, 0, 0.00000000000000000000e+00) (0, 0, 0.00000000000000000000e+00) (4, 3, 5.00000000000000000000e-01) (4, 3, 5.00000000000000000000e-01) (4, 3, 5.00000000000000000000e-01) (4, 3, 5.00000000000000000000e-01) (4, 3, 5.00000000000000000000e-01) (4, 3, 5.00000000000000000000e-01) (4, 3, 5.00000000000000000000e-01) (4, 3, 5.00000000000000000000e-01) (0, 3, 0.00000000000000000000e+00) (9, 3, 5.00000000000000000000e-01) (0, 3, 0.00000000000000000000e+00) 
connections (connected_to_neuron, weight)=(0, -2.57493376731872558594e+00) (1, 7.08061218261718750000e-01) (2, 4.60093468427658081055e-01) (3, 5.06580114364624023438e+00) (0, -4.48752820491790771484e-01) (1, 1.78903982043266296387e-01) (2, -3.94978016614913940430e-01) (3, 4.29563093185424804688e+00) (0, -3.72277468442916870117e-01) (1, 1.53878182172775268555e-01) (2, -9.86437499523162841797e-01) (3, 1.55067384243011474609e-01) (0, -9.85778793692588806152e-02) (1, 1.78506728261709213257e-02) (2, -2.20313593745231628418e-01) (3, 1.93136632442474365234e-01) (0, -3.08000030517578125000e+01) (1, -6.01599812507629394531e-01) (2, -9.02589321136474609375e-01) (3, -2.73144650459289550781e+00) (0, -1.24099063873291015625e+00) (1, 7.60315537452697753906e-01) (2, -1.85673654079437255859e+00) (3, 8.87428855895996093750e+00) (0, 1.49999987792968750000e+03) (1, 1.49999951171875000000e+03) (2, 1.49999987792968750000e+03) (3, 4.19939517974853515625e-01) (0, 1.49999987792968750000e+03) (1, 8.58025894165039062500e+01) (2, 1.06562793254852294922e+00) (3, 1.01883697509765625000e+00) (4, -1.24904848635196685791e-01) (5, -5.18981993198394775391e-01) (6, 1.03070914745330810547e+00) (7, -2.33670959472656250000e+01) (8, 1.50000000000000000000e+03) (9, -2.36492738127708435059e-01) (10, 6.49868547916412353516e-01) (11, 2.90319263935089111328e-01) (12, 3.21350768208503723145e-02) 
