FANN_FLO_2.1
num_layers=4
learning_rate=0.300000
connection_rate=1.000000
network_type=0
learning_momentum=0.000000
training_algorithm=2
train_error_function=1
train_stop_function=0
cascade_output_change_fraction=0.010000
quickprop_decay=-0.000100
quickprop_mu=1.750000
rprop_increase_factor=1.200000
rprop_decrease_factor=0.500000
rprop_delta_min=0.000000
rprop_delta_max=50.000000
rprop_delta_zero=0.100000
cascade_output_stagnation_epochs=12
cascade_candidate_change_fraction=0.010000
cascade_candidate_stagnation_epochs=12
cascade_max_out_epochs=150
cascade_min_out_epochs=50
cascade_max_cand_epochs=150
cascade_min_cand_epochs=50
cascade_num_candidate_groups=2
bit_fail_limit=3.49999994039535522461e-01
cascade_candidate_limit=1.00000000000000000000e+03
cascade_weight_multiplier=4.00000005960464477539e-01
cascade_activation_functions_count=10
cascade_activation_functions=3 5 7 8 10 11 14 15 16 17 
cascade_activation_steepnesses_count=4
cascade_activation_steepnesses=2.50000000000000000000e-01 5.00000000000000000000e-01 7.50000000000000000000e-01 1.00000000000000000000e+00 
layer_sizes=2 5 3 3 
scale_included=0
neurons (num_inputs, activation_function, activation_steepness)=(0, 0, 0.00000000000000000000e+00) (0, 0, 0.00000000000000000000e+00) (2, 3, 5.00000000000000000000e-01) (2, 3, 5.00000000000000000000e-01) (2, 3, 5.00000000000000000000e-01) (2, 3, 5.00000000000000000000e-01) (0, 3, 0.00000000000000000000e+00) (5, 3, 5.00000000000000000000e-01) (5, 3, 5.00000000000000000000e-01) (0, 3, 0.00000000000000000000e+00) (3, 0, 5.00000000000000000000e-01) (3, 0, 5.00000000000000000000e-01) (0, 0, 0.00000000000000000000e+00) 
connections (connected_to_neuron, weight)=(0, 1.96869266033172607422e+00) (1, 1.83128225803375244141e+00) (0, 4.62760925292968750000e+00) (1, 3.95213931798934936523e-01) (0, 5.67105627059936523438e+00) (1, 6.90799379348754882812e+00) (0, 5.88665771484375000000e+00) (1, 1.89183783531188964844e+00) (2, 1.04440915584564208984e+00) (3, -1.29245209693908691406e+00) (4, 5.15979909896850585938e+00) (5, -3.66040182113647460938e+00) (6, -2.28932094573974609375e+00) (2, 8.82450401782989501953e-01) (3, -1.73697054386138916016e+00) (4, 1.29259693622589111328e+00) (5, -1.68884277343750000000e+00) (6, -2.70643830299377441406e-01) (7, -9.16880220174789428711e-02) (8, 1.31195068359375000000e-01) (9, -3.60289849340915679932e-02) (7, -7.51570045948028564453e-01) (8, -1.10632920265197753906e+00) (9, -7.14861035346984863281e-01) 
