FANN_FLO_2.1
num_layers=4
learning_rate=0.450000
connection_rate=1.000000
network_type=0
learning_momentum=0.000000
training_algorithm=2
train_error_function=1
train_stop_function=0
cascade_output_change_fraction=0.010000
quickprop_decay=-0.000100
quickprop_mu=1.750000
rprop_increase_factor=1.200000
rprop_decrease_factor=0.500000
rprop_delta_min=0.000000
rprop_delta_max=50.000000
rprop_delta_zero=0.100000
cascade_output_stagnation_epochs=12
cascade_candidate_change_fraction=0.010000
cascade_candidate_stagnation_epochs=12
cascade_max_out_epochs=150
cascade_min_out_epochs=50
cascade_max_cand_epochs=150
cascade_min_cand_epochs=50
cascade_num_candidate_groups=2
bit_fail_limit=3.49999994039535522461e-01
cascade_candidate_limit=1.00000000000000000000e+03
cascade_weight_multiplier=4.00000005960464477539e-01
cascade_activation_functions_count=10
cascade_activation_functions=3 5 7 8 10 11 14 15 16 17 
cascade_activation_steepnesses_count=4
cascade_activation_steepnesses=2.50000000000000000000e-01 5.00000000000000000000e-01 7.50000000000000000000e-01 1.00000000000000000000e+00 
layer_sizes=7 5 5 2 
scale_included=0
neurons (num_inputs, activation_function, activation_steepness)=(0, 0, 0.00000000000000000000e+00) (0, 0, 0.00000000000000000000e+00) (0, 0, 0.00000000000000000000e+00) (0, 0, 0.00000000000000000000e+00) (0, 0, 0.00000000000000000000e+00) (0, 0, 0.00000000000000000000e+00) (0, 0, 0.00000000000000000000e+00) (7, 3, 5.00000000000000000000e-01) (7, 3, 5.00000000000000000000e-01) (7, 3, 5.00000000000000000000e-01) (7, 3, 5.00000000000000000000e-01) (0, 3, 0.00000000000000000000e+00) (5, 3, 5.00000000000000000000e-01) (5, 3, 5.00000000000000000000e-01) (5, 3, 5.00000000000000000000e-01) (5, 3, 5.00000000000000000000e-01) (0, 3, 0.00000000000000000000e+00) (5, 0, 5.00000000000000000000e-01) (0, 0, 0.00000000000000000000e+00) 
connections (connected_to_neuron, weight)=(0, -4.49230480194091796875e+00) (1, -5.79039275646209716797e-01) (2, -1.50000000000000000000e+03) (3, -2.22170209884643554688e+00) (4, 5.04927635192871093750e-01) (5, -1.50000000000000000000e+03) (6, 1.10096251964569091797e+00) (0, -2.33138381958007812500e+02) (1, 4.15887922048568725586e-01) (2, 2.79919647216796875000e+02) (3, 2.38493013381958007812e+00) (4, -9.00166511535644531250e+00) (5, -5.33851013183593750000e+01) (6, -2.56717824935913085938e+00) (0, -8.87014465332031250000e+01) (1, 1.44795641303062438965e-01) (2, 1.11923080444335937500e+02) (3, -2.05403900146484375000e+01) (4, 5.97432315349578857422e-01) (5, -3.96296310424804687500e+01) (6, 8.96447181701660156250e-01) (0, -1.08158905029296875000e+02) (1, -4.21928882598876953125e+00) (2, -6.61197387695312500000e+02) (3, 3.14230561256408691406e+00) (4, -1.45333232879638671875e+01) (5, -1.50000000000000000000e+03) (6, -2.83213090896606445312e+00) (7, -7.49662246704101562500e+01) (8, -7.49715745449066162109e-01) (9, 6.80308789014816284180e-03) (10, -1.28419995117187500000e+03) (11, 6.77432306110858917236e-03) (7, -7.44116592407226562500e+01) (8, 9.92502670288085937500e+01) (9, -1.89897334575653076172e+00) (10, -1.18419995117187500000e+03) (11, -1.14824771881103515625e+00) (7, -1.06351782226562500000e+03) (8, -7.49715745449066162109e-01) (9, -4.88938778638839721680e-01) (10, -1.18419995117187500000e+03) (11, -1.91545748710632324219e+00) (7, -1.14430883789062500000e+03) (8, -7.49715745449066162109e-01) (9, 5.88267624378204345703e-01) (10, -1.28419995117187500000e+03) (11, -7.92825460433959960938e+00) (12, 8.06662738323211669922e-02) (13, 3.31548624671995639801e-03) (14, 1.08432888984680175781e-01) (15, 5.61593055725097656250e+00) (16, -3.61336022615432739258e-02) 
