FANN_FLO_2.1
num_layers=4
learning_rate=0.500000
connection_rate=1.000000
network_type=0
learning_momentum=0.000000
training_algorithm=2
train_error_function=1
train_stop_function=0
cascade_output_change_fraction=0.010000
quickprop_decay=-0.000100
quickprop_mu=1.750000
rprop_increase_factor=1.200000
rprop_decrease_factor=0.500000
rprop_delta_min=0.000000
rprop_delta_max=50.000000
rprop_delta_zero=0.100000
cascade_output_stagnation_epochs=12
cascade_candidate_change_fraction=0.010000
cascade_candidate_stagnation_epochs=12
cascade_max_out_epochs=150
cascade_min_out_epochs=50
cascade_max_cand_epochs=150
cascade_min_cand_epochs=50
cascade_num_candidate_groups=2
bit_fail_limit=3.49999994039535522461e-01
cascade_candidate_limit=1.00000000000000000000e+03
cascade_weight_multiplier=4.00000005960464477539e-01
cascade_activation_functions_count=10
cascade_activation_functions=3 5 7 8 10 11 14 15 16 17 
cascade_activation_steepnesses_count=4
cascade_activation_steepnesses=2.50000000000000000000e-01 5.00000000000000000000e-01 7.50000000000000000000e-01 1.00000000000000000000e+00 
layer_sizes=4 5 5 2 
scale_included=0
neurons (num_inputs, activation_function, activation_steepness)=(0, 0, 0.00000000000000000000e+00) (0, 0, 0.00000000000000000000e+00) (0, 0, 0.00000000000000000000e+00) (0, 0, 0.00000000000000000000e+00) (4, 3, 5.00000000000000000000e-01) (4, 3, 5.00000000000000000000e-01) (4, 3, 5.00000000000000000000e-01) (4, 3, 5.00000000000000000000e-01) (0, 3, 0.00000000000000000000e+00) (5, 3, 5.00000000000000000000e-01) (5, 3, 5.00000000000000000000e-01) (5, 3, 5.00000000000000000000e-01) (5, 3, 5.00000000000000000000e-01) (0, 3, 0.00000000000000000000e+00) (5, 3, 5.00000000000000000000e-01) (0, 3, 0.00000000000000000000e+00) 
connections (connected_to_neuron, weight)=(0, -6.99325323104858398438e-01) (1, -1.27593002319335937500e+01) (2, 7.65949773788452148438e+00) (3, 1.75558710098266601562e+00) (0, 1.57203167676925659180e-01) (1, 2.04202938079833984375e+01) (2, -6.56939773559570312500e+01) (3, 2.46026287078857421875e+01) (0, -2.98096179962158203125e+00) (1, -6.76405525207519531250e+00) (2, 1.82701575756072998047e+00) (3, 3.19071173667907714844e+00) (0, -4.04954147338867187500e+00) (1, 3.21340298652648925781e+00) (2, 1.19616961479187011719e+00) (3, 3.26295685768127441406e+00) (4, 2.18789627075195312500e+02) (5, -7.96937805175781250000e+02) (6, 5.46779663085937500000e+02) (7, 1.91657524108886718750e+01) (8, -3.20535326004028320312e+00) (4, 1.34679077148437500000e+03) (5, -7.59125061035156250000e+02) (6, 7.95739440917968750000e+01) (7, 5.54976730346679687500e+01) (8, -3.24152493476867675781e+00) (4, -6.75105094909667968750e-01) (5, 5.38115084171295166016e-01) (6, -1.24461102485656738281e+00) (7, -2.69563055038452148438e+00) (8, -1.06048122048377990723e-01) (4, -3.12173962593078613281e+00) (5, -3.21063184738159179688e+00) (6, 1.88469905853271484375e+01) (7, 2.91591548919677734375e+01) (8, -5.25906610488891601562e+00) (9, 1.20000000000000000000e+03) (10, 2.54552066326141357422e-01) (11, 2.30265951156616210938e+00) (12, -4.14014816284179687500e+00) (13, 1.46351170539855957031e+00) 
