FANN_FLO_2.1
num_layers=3
learning_rate=0.300000
connection_rate=1.000000
network_type=0
learning_momentum=0.000000
training_algorithm=2
train_error_function=1
train_stop_function=0
cascade_output_change_fraction=0.010000
quickprop_decay=-0.000100
quickprop_mu=1.750000
rprop_increase_factor=1.200000
rprop_decrease_factor=0.500000
rprop_delta_min=0.000000
rprop_delta_max=50.000000
rprop_delta_zero=0.100000
cascade_output_stagnation_epochs=12
cascade_candidate_change_fraction=0.010000
cascade_candidate_stagnation_epochs=12
cascade_max_out_epochs=150
cascade_min_out_epochs=50
cascade_max_cand_epochs=150
cascade_min_cand_epochs=50
cascade_num_candidate_groups=2
bit_fail_limit=3.49999994039535522461e-01
cascade_candidate_limit=1.00000000000000000000e+03
cascade_weight_multiplier=4.00000005960464477539e-01
cascade_activation_functions_count=10
cascade_activation_functions=3 5 7 8 10 11 14 15 16 17 
cascade_activation_steepnesses_count=4
cascade_activation_steepnesses=2.50000000000000000000e-01 5.00000000000000000000e-01 7.50000000000000000000e-01 1.00000000000000000000e+00 
layer_sizes=4 9 2 
scale_included=0
neurons (num_inputs, activation_function, activation_steepness)=(0, 0, 0.00000000000000000000e+00) (0, 0, 0.00000000000000000000e+00) (0, 0, 0.00000000000000000000e+00) (0, 0, 0.00000000000000000000e+00) (4, 3, 5.00000000000000000000e-01) (4, 3, 5.00000000000000000000e-01) (4, 3, 5.00000000000000000000e-01) (4, 3, 5.00000000000000000000e-01) (4, 3, 5.00000000000000000000e-01) (4, 3, 5.00000000000000000000e-01) (4, 3, 5.00000000000000000000e-01) (4, 3, 5.00000000000000000000e-01) (0, 3, 0.00000000000000000000e+00) (9, 3, 5.00000000000000000000e-01) (0, 3, 0.00000000000000000000e+00) 
connections (connected_to_neuron, weight)=(0, -7.63453304767608642578e-01) (1, 3.64431709051132202148e-01) (2, -1.50751388072967529297e+00) (3, 2.18453121185302734375e+00) (0, -9.65484857559204101562e-01) (1, 4.92829084396362304688e-01) (2, -9.97518360614776611328e-01) (3, 9.25447940826416015625e+00) (0, -8.15842151641845703125e-01) (1, 4.18481916189193725586e-01) (2, -1.55709242820739746094e+00) (3, 7.66900539398193359375e+00) (0, -1.88975632190704345703e-01) (1, 2.51252502202987670898e-02) (2, -3.82952034473419189453e-01) (3, 4.61832523345947265625e+00) (0, 1.77661645412445068359e+00) (1, -1.48338758945465087891e+00) (2, 3.60043096542358398438e+00) (3, -1.61539703607559204102e-01) (0, -9.64221835136413574219e-01) (1, 5.42884528636932373047e-01) (2, -1.05444705486297607422e+00) (3, 7.37467098236083984375e+00) (0, -9.39259648323059082031e-01) (1, 4.23503249883651733398e-01) (2, -1.51052594184875488281e+00) (3, 8.76689147949218750000e+00) (0, -8.95628452301025390625e-01) (1, 4.86145526170730590820e-01) (2, -1.38232696056365966797e+00) (3, 5.92892837524414062500e+00) (4, -2.95415461063385009766e-01) (5, -1.36746481060981750488e-01) (6, -1.59009769558906555176e-01) (7, -4.07206106185913085938e+00) (8, 2.49169752001762390137e-01) (9, -1.87218293547630310059e-01) (10, -1.65781885385513305664e-01) (11, -1.74148917198181152344e-01) (12, 5.07401704788208007812e-01) 
