FANN_FLO_2.1
num_layers=3
learning_rate=0.300000
connection_rate=1.000000
network_type=0
learning_momentum=0.000000
training_algorithm=2
train_error_function=1
train_stop_function=0
cascade_output_change_fraction=0.010000
quickprop_decay=-0.000100
quickprop_mu=1.750000
rprop_increase_factor=1.200000
rprop_decrease_factor=0.500000
rprop_delta_min=0.000000
rprop_delta_max=50.000000
rprop_delta_zero=0.100000
cascade_output_stagnation_epochs=12
cascade_candidate_change_fraction=0.010000
cascade_candidate_stagnation_epochs=12
cascade_max_out_epochs=150
cascade_min_out_epochs=50
cascade_max_cand_epochs=150
cascade_min_cand_epochs=50
cascade_num_candidate_groups=2
bit_fail_limit=3.49999994039535522461e-01
cascade_candidate_limit=1.00000000000000000000e+03
cascade_weight_multiplier=4.00000005960464477539e-01
cascade_activation_functions_count=10
cascade_activation_functions=3 5 7 8 10 11 14 15 16 17 
cascade_activation_steepnesses_count=4
cascade_activation_steepnesses=2.50000000000000000000e-01 5.00000000000000000000e-01 7.50000000000000000000e-01 1.00000000000000000000e+00 
layer_sizes=4 9 2 
scale_included=0
neurons (num_inputs, activation_function, activation_steepness)=(0, 0, 0.00000000000000000000e+00) (0, 0, 0.00000000000000000000e+00) (0, 0, 0.00000000000000000000e+00) (0, 0, 0.00000000000000000000e+00) (4, 3, 5.00000000000000000000e-01) (4, 3, 5.00000000000000000000e-01) (4, 3, 5.00000000000000000000e-01) (4, 3, 5.00000000000000000000e-01) (4, 3, 5.00000000000000000000e-01) (4, 3, 5.00000000000000000000e-01) (4, 3, 5.00000000000000000000e-01) (4, 3, 5.00000000000000000000e-01) (0, 3, 0.00000000000000000000e+00) (9, 3, 5.00000000000000000000e-01) (0, 3, 0.00000000000000000000e+00) 
connections (connected_to_neuron, weight)=(0, -9.56412479281425476074e-02) (1, 5.32201752066612243652e-02) (2, -4.05147552490234375000e-01) (3, 5.43055057525634765625e-01) (0, -7.85124301910400390625e-02) (1, 2.24470868706703186035e-02) (2, -3.45017075538635253906e-01) (3, 5.38181483745574951172e-01) (0, -7.99190878868103027344e-01) (1, 4.35448497533798217773e-01) (2, -2.00216722488403320312e+00) (3, 1.59986267089843750000e+01) (0, -3.84423941373825073242e-01) (1, 1.55942723155021667480e-01) (2, -8.05359959602355957031e-01) (3, 6.83419847488403320312e+00) (0, -3.54899615049362182617e-01) (1, 1.13402090966701507568e-01) (2, -4.76062484085559844971e-03) (3, -6.85820221900939941406e-01) (0, -1.65422201156616210938e+00) (1, 3.95323723554611206055e-01) (2, -2.02718243002891540527e-01) (3, -4.04898822307586669922e-01) (0, 3.02332782745361328125e+00) (1, -3.94483715295791625977e-01) (2, -2.08802204132080078125e+01) (3, -1.04998014867305755615e-01) (0, -1.68710336089134216309e-01) (1, 1.32475709542632102966e-02) (2, 6.92153945565223693848e-02) (3, 5.22263944149017333984e-01) (4, -2.06909489631652832031e+00) (5, -5.28523445129394531250e+00) (6, -4.48685884475708007812e-01) (7, -6.02812647819519042969e-01) (8, 6.70261859893798828125e-01) (9, 2.10722148418426513672e-01) (10, -8.48270690917968750000e+02) (11, -5.39826631546020507812e+00) (12, 1.06396210193634033203e+00) 
