FANN_FLO_2.1
num_layers=4
learning_rate=0.450000
connection_rate=1.000000
network_type=0
learning_momentum=0.000000
training_algorithm=2
train_error_function=1
train_stop_function=0
cascade_output_change_fraction=0.010000
quickprop_decay=-0.000100
quickprop_mu=1.750000
rprop_increase_factor=1.200000
rprop_decrease_factor=0.500000
rprop_delta_min=0.000000
rprop_delta_max=50.000000
rprop_delta_zero=0.100000
cascade_output_stagnation_epochs=12
cascade_candidate_change_fraction=0.010000
cascade_candidate_stagnation_epochs=12
cascade_max_out_epochs=150
cascade_min_out_epochs=50
cascade_max_cand_epochs=150
cascade_min_cand_epochs=50
cascade_num_candidate_groups=2
bit_fail_limit=3.49999994039535522461e-01
cascade_candidate_limit=1.00000000000000000000e+03
cascade_weight_multiplier=4.00000005960464477539e-01
cascade_activation_functions_count=10
cascade_activation_functions=3 5 7 8 10 11 14 15 16 17 
cascade_activation_steepnesses_count=4
cascade_activation_steepnesses=2.50000000000000000000e-01 5.00000000000000000000e-01 7.50000000000000000000e-01 1.00000000000000000000e+00 
layer_sizes=7 5 5 2 
scale_included=0
neurons (num_inputs, activation_function, activation_steepness)=(0, 0, 0.00000000000000000000e+00) (0, 0, 0.00000000000000000000e+00) (0, 0, 0.00000000000000000000e+00) (0, 0, 0.00000000000000000000e+00) (0, 0, 0.00000000000000000000e+00) (0, 0, 0.00000000000000000000e+00) (0, 0, 0.00000000000000000000e+00) (7, 3, 5.00000000000000000000e-01) (7, 3, 5.00000000000000000000e-01) (7, 3, 5.00000000000000000000e-01) (7, 3, 5.00000000000000000000e-01) (0, 3, 0.00000000000000000000e+00) (5, 3, 5.00000000000000000000e-01) (5, 3, 5.00000000000000000000e-01) (5, 3, 5.00000000000000000000e-01) (5, 3, 5.00000000000000000000e-01) (0, 3, 0.00000000000000000000e+00) (5, 0, 5.00000000000000000000e-01) (0, 0, 0.00000000000000000000e+00) 
connections (connected_to_neuron, weight)=(0, 1.33178784179687500000e+03) (1, -1.50000000000000000000e+03) (2, 9.21261352539062500000e+02) (3, 9.21261352539062500000e+02) (4, -1.50000000000000000000e+03) (5, 8.40800048828125000000e+02) (6, 1.38271228027343750000e+03) (0, -1.50000000000000000000e+03) (1, 1.47000000000000000000e+03) (2, 7.51010437011718750000e+01) (3, 5.00160278320312500000e+02) (4, 5.61712829589843750000e+02) (5, -3.86565917968750000000e+02) (6, 1.13413661718368530273e-01) (0, 1.50000000000000000000e+03) (1, -1.45247998046875000000e+03) (2, 1.50000000000000000000e+03) (3, 3.64032409667968750000e+02) (4, -1.27085852050781250000e+03) (5, 1.50000000000000000000e+03) (6, 8.85322093963623046875e+00) (0, 1.35584106445312500000e+03) (1, -1.50000000000000000000e+03) (2, 9.21261352539062500000e+02) (3, 9.50757690429687500000e+02) (4, -1.50000000000000000000e+03) (5, 1.00140478515625000000e+03) (6, -3.02839899063110351562e+00) (7, 7.89314925670623779297e-01) (8, -9.59285926818847656250e+00) (9, 5.21559476852416992188e+00) (10, 5.39475679397583007812e+00) (11, -3.07332110404968261719e+00) (7, 2.49032750725746154785e-01) (8, 3.25946450233459472656e+00) (9, -1.33703017234802246094e+00) (10, -7.11904168128967285156e-02) (11, 1.42939388751983642578e-05) (7, 1.89426155090332031250e+01) (8, 4.18439369201660156250e+01) (9, -5.51353378295898437500e+01) (10, 3.90461120605468750000e+01) (11, -2.54380655288696289062e+00) (7, -3.28605985641479492188e+00) (8, -2.28743839263916015625e+01) (9, 1.83107733726501464844e+00) (10, -5.11100351810455322266e-01) (11, -2.15053439140319824219e+00) (12, 8.15753042697906494141e-02) (13, 7.47581422328948974609e-02) (14, -2.67689749598503112793e-02) (15, -3.23597937822341918945e-02) (16, -3.95200140774250030518e-02) 
