FANN_FLO_2.1
num_layers=3
learning_rate=0.500000
connection_rate=1.000000
network_type=0
learning_momentum=0.000000
training_algorithm=2
train_error_function=1
train_stop_function=0
cascade_output_change_fraction=0.010000
quickprop_decay=-0.000100
quickprop_mu=1.750000
rprop_increase_factor=1.200000
rprop_decrease_factor=0.500000
rprop_delta_min=0.000000
rprop_delta_max=50.000000
rprop_delta_zero=0.100000
cascade_output_stagnation_epochs=12
cascade_candidate_change_fraction=0.010000
cascade_candidate_stagnation_epochs=12
cascade_max_out_epochs=150
cascade_min_out_epochs=50
cascade_max_cand_epochs=150
cascade_min_cand_epochs=50
cascade_num_candidate_groups=2
bit_fail_limit=3.49999994039535522461e-01
cascade_candidate_limit=1.00000000000000000000e+03
cascade_weight_multiplier=4.00000005960464477539e-01
cascade_activation_functions_count=10
cascade_activation_functions=3 5 7 8 10 11 14 15 16 17 
cascade_activation_steepnesses_count=4
cascade_activation_steepnesses=2.50000000000000000000e-01 5.00000000000000000000e-01 7.50000000000000000000e-01 1.00000000000000000000e+00 
layer_sizes=3 5 4 
scale_included=0
neurons (num_inputs, activation_function, activation_steepness)=(0, 0, 0.00000000000000000000e+00) (0, 0, 0.00000000000000000000e+00) (0, 0, 0.00000000000000000000e+00) (3, 3, 5.00000000000000000000e-01) (3, 3, 5.00000000000000000000e-01) (3, 3, 5.00000000000000000000e-01) (3, 3, 5.00000000000000000000e-01) (0, 3, 0.00000000000000000000e+00) (5, 0, 5.00000000000000000000e-01) (5, 0, 5.00000000000000000000e-01) (5, 0, 5.00000000000000000000e-01) (0, 0, 0.00000000000000000000e+00) 
connections (connected_to_neuron, weight)=(0, -1.37391936779022216797e+00) (1, -1.11619579792022705078e+00) (2, 2.82295197248458862305e-01) (0, -1.15031909942626953125e+01) (1, 1.33040695190429687500e+01) (2, 7.99370241165161132812e+00) (0, -1.33671197891235351562e+01) (1, 8.97585201263427734375e+00) (2, 3.28331780433654785156e+00) (0, -1.65884246826171875000e+01) (1, 6.64421844482421875000e+00) (2, -4.48255300521850585938e+00) (3, 5.30103397369384765625e+00) (4, 1.47809338569641113281e+00) (5, 1.26927793025970458984e+00) (6, 2.22210717201232910156e+00) (7, 6.45212054252624511719e-01) (3, 1.57783784866333007812e+01) (4, 5.20922517776489257812e+00) (5, 4.65703678131103515625e+00) (6, 4.85159111022949218750e+00) (7, 3.49188971519470214844e+00) (3, 5.13344459533691406250e+01) (4, 1.66858291625976562500e+01) (5, 1.40388936996459960938e+01) (6, 1.49633893966674804688e+01) (7, 1.72100067138671875000e+01) 
