FANN_FLO_2.1
num_layers=3
learning_rate=0.500000
connection_rate=1.000000
network_type=0
learning_momentum=0.000000
training_algorithm=2
train_error_function=1
train_stop_function=0
cascade_output_change_fraction=0.010000
quickprop_decay=-0.000100
quickprop_mu=1.750000
rprop_increase_factor=1.200000
rprop_decrease_factor=0.500000
rprop_delta_min=0.000000
rprop_delta_max=50.000000
rprop_delta_zero=0.100000
cascade_output_stagnation_epochs=12
cascade_candidate_change_fraction=0.010000
cascade_candidate_stagnation_epochs=12
cascade_max_out_epochs=150
cascade_min_out_epochs=50
cascade_max_cand_epochs=150
cascade_min_cand_epochs=50
cascade_num_candidate_groups=2
bit_fail_limit=3.49999994039535522461e-01
cascade_candidate_limit=1.00000000000000000000e+03
cascade_weight_multiplier=4.00000005960464477539e-01
cascade_activation_functions_count=10
cascade_activation_functions=3 5 7 8 10 11 14 15 16 17 
cascade_activation_steepnesses_count=4
cascade_activation_steepnesses=2.50000000000000000000e-01 5.00000000000000000000e-01 7.50000000000000000000e-01 1.00000000000000000000e+00 
layer_sizes=3 5 4 
scale_included=0
neurons (num_inputs, activation_function, activation_steepness)=(0, 0, 0.00000000000000000000e+00) (0, 0, 0.00000000000000000000e+00) (0, 0, 0.00000000000000000000e+00) (3, 3, 5.00000000000000000000e-01) (3, 3, 5.00000000000000000000e-01) (3, 3, 5.00000000000000000000e-01) (3, 3, 5.00000000000000000000e-01) (0, 3, 0.00000000000000000000e+00) (5, 0, 5.00000000000000000000e-01) (5, 0, 5.00000000000000000000e-01) (5, 0, 5.00000000000000000000e-01) (0, 0, 0.00000000000000000000e+00) 
connections (connected_to_neuron, weight)=(0, -1.50000000000000000000e+03) (1, -2.78695800781250000000e+02) (2, 3.07198143005371093750e+01) (0, -2.47441425323486328125e+01) (1, 4.13948631286621093750e+00) (2, 8.58731079101562500000e+00) (0, -1.60546283721923828125e+01) (1, 9.83562564849853515625e+00) (2, 1.36423702239990234375e+01) (0, -1.50000000000000000000e+03) (1, -1.50000000000000000000e+03) (2, 9.94278144836425781250e+00) (3, 2.55325055122375488281e+00) (4, 2.08064556121826171875e+00) (5, 1.61367666721343994141e+00) (6, 2.26608848571777343750e+00) (7, 1.70536041259765625000e+00) (3, 5.97778892517089843750e+00) (4, 6.63083314895629882812e+00) (5, 6.45579147338867187500e+00) (6, 5.92134141921997070312e+00) (7, 6.20667886734008789062e+00) (3, 1.98546466827392578125e+01) (4, 2.03547954559326171875e+01) (5, 2.10507755279541015625e+01) (6, 1.77989330291748046875e+01) (7, 2.61127376556396484375e+01) 
