FANN_FLO_2.1
num_layers=3
learning_rate=0.500000
connection_rate=1.000000
network_type=0
learning_momentum=0.000000
training_algorithm=2
train_error_function=1
train_stop_function=0
cascade_output_change_fraction=0.010000
quickprop_decay=-0.000100
quickprop_mu=1.750000
rprop_increase_factor=1.200000
rprop_decrease_factor=0.500000
rprop_delta_min=0.000000
rprop_delta_max=50.000000
rprop_delta_zero=0.100000
cascade_output_stagnation_epochs=12
cascade_candidate_change_fraction=0.010000
cascade_candidate_stagnation_epochs=12
cascade_max_out_epochs=150
cascade_min_out_epochs=50
cascade_max_cand_epochs=150
cascade_min_cand_epochs=50
cascade_num_candidate_groups=2
bit_fail_limit=3.49999994039535522461e-01
cascade_candidate_limit=1.00000000000000000000e+03
cascade_weight_multiplier=4.00000005960464477539e-01
cascade_activation_functions_count=10
cascade_activation_functions=3 5 7 8 10 11 14 15 16 17 
cascade_activation_steepnesses_count=4
cascade_activation_steepnesses=2.50000000000000000000e-01 5.00000000000000000000e-01 7.50000000000000000000e-01 1.00000000000000000000e+00 
layer_sizes=3 5 4 
scale_included=0
neurons (num_inputs, activation_function, activation_steepness)=(0, 0, 0.00000000000000000000e+00) (0, 0, 0.00000000000000000000e+00) (0, 0, 0.00000000000000000000e+00) (3, 3, 5.00000000000000000000e-01) (3, 3, 5.00000000000000000000e-01) (3, 3, 5.00000000000000000000e-01) (3, 3, 5.00000000000000000000e-01) (0, 3, 0.00000000000000000000e+00) (5, 0, 5.00000000000000000000e-01) (5, 0, 5.00000000000000000000e-01) (5, 0, 5.00000000000000000000e-01) (0, 0, 0.00000000000000000000e+00) 
connections (connected_to_neuron, weight)=(0, -2.68562221527099609375e+00) (1, -4.39252436161041259766e-01) (2, 6.38576745986938476562e-01) (0, -1.44372482299804687500e+01) (1, 1.05037355422973632812e+01) (2, 1.83727207183837890625e+01) (0, -1.80968952178955078125e+01) (1, 8.83576011657714843750e+00) (2, 8.71395397186279296875e+00) (0, -1.50000000000000000000e+03) (1, -1.50000000000000000000e+03) (2, 1.46906304359436035156e+00) (3, 5.02121067047119140625e+00) (4, 1.26659607887268066406e+00) (5, 1.05982971191406250000e+00) (6, 1.99510526657104492188e+00) (7, 9.33058142662048339844e-01) (3, 1.30430622100830078125e+01) (4, 5.35278701782226562500e+00) (5, 4.63413715362548828125e+00) (6, 4.60478258132934570312e+00) (7, 3.64632964134216308594e+00) (3, 4.09286689758300781250e+01) (4, 1.73570060729980468750e+01) (5, 1.50963764190673828125e+01) (6, 1.53746261596679687500e+01) (7, 1.67691345214843750000e+01) 
