FANN_FLO_2.1
num_layers=3
learning_rate=0.500000
connection_rate=1.000000
network_type=0
learning_momentum=0.000000
training_algorithm=2
train_error_function=1
train_stop_function=0
cascade_output_change_fraction=0.010000
quickprop_decay=-0.000100
quickprop_mu=1.750000
rprop_increase_factor=1.200000
rprop_decrease_factor=0.500000
rprop_delta_min=0.000000
rprop_delta_max=50.000000
rprop_delta_zero=0.100000
cascade_output_stagnation_epochs=12
cascade_candidate_change_fraction=0.010000
cascade_candidate_stagnation_epochs=12
cascade_max_out_epochs=150
cascade_min_out_epochs=50
cascade_max_cand_epochs=150
cascade_min_cand_epochs=50
cascade_num_candidate_groups=2
bit_fail_limit=3.49999994039535522461e-01
cascade_candidate_limit=1.00000000000000000000e+03
cascade_weight_multiplier=4.00000005960464477539e-01
cascade_activation_functions_count=10
cascade_activation_functions=3 5 7 8 10 11 14 15 16 17 
cascade_activation_steepnesses_count=4
cascade_activation_steepnesses=2.50000000000000000000e-01 5.00000000000000000000e-01 7.50000000000000000000e-01 1.00000000000000000000e+00 
layer_sizes=10 5 2 
scale_included=0
neurons (num_inputs, activation_function, activation_steepness)=(0, 0, 0.00000000000000000000e+00) (0, 0, 0.00000000000000000000e+00) (0, 0, 0.00000000000000000000e+00) (0, 0, 0.00000000000000000000e+00) (0, 0, 0.00000000000000000000e+00) (0, 0, 0.00000000000000000000e+00) (0, 0, 0.00000000000000000000e+00) (0, 0, 0.00000000000000000000e+00) (0, 0, 0.00000000000000000000e+00) (0, 0, 0.00000000000000000000e+00) (10, 3, 5.00000000000000000000e-01) (10, 3, 5.00000000000000000000e-01) (10, 3, 5.00000000000000000000e-01) (10, 3, 5.00000000000000000000e-01) (0, 3, 0.00000000000000000000e+00) (5, 3, 5.00000000000000000000e-01) (0, 3, 0.00000000000000000000e+00) 
connections (connected_to_neuron, weight)=(0, -2.55981802940368652344e-01) (1, -1.20155386626720428467e-01) (2, -4.68165248632431030273e-01) (3, -1.48815333843231201172e+00) (4, -1.52663564682006835938e+00) (5, 6.79764389991760253906e-01) (6, 2.78420001268386840820e-01) (7, -2.69455164670944213867e-01) (8, -7.17074036598205566406e-01) (9, 7.79302418231964111328e-01) (0, -3.17134916782379150391e-01) (1, -3.26775163412094116211e-01) (2, -2.14352712035179138184e-01) (3, -5.34982144832611083984e-01) (4, -1.69023323059082031250e+00) (5, -4.02048110961914062500e-01) (6, -6.48038908839225769043e-02) (7, -4.93694335222244262695e-01) (8, -5.97766876220703125000e-01) (9, 1.10102796554565429688e+00) (0, -5.68506062030792236328e-01) (1, -6.04329049587249755859e-01) (2, -4.57733362913131713867e-01) (3, -4.98487293720245361328e-01) (4, -5.70310473442077636719e-01) (5, -6.13562524318695068359e-01) (6, -6.07653796672821044922e-01) (7, -5.91672599315643310547e-01) (8, -4.79576379060745239258e-01) (9, 2.17665934562683105469e+00) (0, -5.80951273441314697266e-01) (1, -5.35263776779174804688e-01) (2, -8.56980741024017333984e-01) (3, -3.99773359298706054688e-01) (4, -2.38485541194677352905e-02) (5, -6.90778851509094238281e-01) (6, -6.31959974765777587891e-01) (7, -5.46801209449768066406e-01) (8, -6.37425482273101806641e-01) (9, 1.55474662780761718750e+00) (10, -2.72257953882217407227e-01) (11, -1.16822332143783569336e-01) (12, -2.46766328811645507812e+00) (13, -9.19233322143554687500e-01) (14, 1.40797078609466552734e+00) 
