FANN_FLO_2.1
num_layers=3
learning_rate=0.500000
connection_rate=1.000000
network_type=0
learning_momentum=0.000000
training_algorithm=2
train_error_function=1
train_stop_function=0
cascade_output_change_fraction=0.010000
quickprop_decay=-0.000100
quickprop_mu=1.750000
rprop_increase_factor=1.200000
rprop_decrease_factor=0.500000
rprop_delta_min=0.000000
rprop_delta_max=50.000000
rprop_delta_zero=0.100000
cascade_output_stagnation_epochs=12
cascade_candidate_change_fraction=0.010000
cascade_candidate_stagnation_epochs=12
cascade_max_out_epochs=150
cascade_min_out_epochs=50
cascade_max_cand_epochs=150
cascade_min_cand_epochs=50
cascade_num_candidate_groups=2
bit_fail_limit=3.49999994039535522461e-01
cascade_candidate_limit=1.00000000000000000000e+03
cascade_weight_multiplier=4.00000005960464477539e-01
cascade_activation_functions_count=10
cascade_activation_functions=3 5 7 8 10 11 14 15 16 17 
cascade_activation_steepnesses_count=4
cascade_activation_steepnesses=2.50000000000000000000e-01 5.00000000000000000000e-01 7.50000000000000000000e-01 1.00000000000000000000e+00 
layer_sizes=10 5 2 
scale_included=0
neurons (num_inputs, activation_function, activation_steepness)=(0, 0, 0.00000000000000000000e+00) (0, 0, 0.00000000000000000000e+00) (0, 0, 0.00000000000000000000e+00) (0, 0, 0.00000000000000000000e+00) (0, 0, 0.00000000000000000000e+00) (0, 0, 0.00000000000000000000e+00) (0, 0, 0.00000000000000000000e+00) (0, 0, 0.00000000000000000000e+00) (0, 0, 0.00000000000000000000e+00) (0, 0, 0.00000000000000000000e+00) (10, 3, 5.00000000000000000000e-01) (10, 3, 5.00000000000000000000e-01) (10, 3, 5.00000000000000000000e-01) (10, 3, 5.00000000000000000000e-01) (0, 3, 0.00000000000000000000e+00) (5, 3, 5.00000000000000000000e-01) (0, 3, 0.00000000000000000000e+00) 
connections (connected_to_neuron, weight)=(0, -6.26363277435302734375e-01) (1, -4.49734508991241455078e-01) (2, -1.41121789813041687012e-01) (3, -5.68149209022521972656e-01) (4, -3.96277934312820434570e-01) (5, -6.57399833202362060547e-01) (6, -2.67461478710174560547e-01) (7, -4.98864412307739257812e-01) (8, -5.40030539035797119141e-01) (9, 1.91904449462890625000e+00) (0, -2.34390318393707275391e-01) (1, -2.53713428974151611328e-01) (2, -4.47292566299438476562e-01) (3, -5.68142235279083251953e-01) (4, -6.12162411212921142578e-01) (5, -1.37600421905517578125e-01) (6, -5.57270646095275878906e-01) (7, -2.20635205507278442383e-01) (8, -2.04032152891159057617e-01) (9, 7.16069698333740234375e-01) (0, -2.71027833223342895508e-01) (1, -1.12002149224281311035e-01) (2, -4.77649003267288208008e-01) (3, -2.69574403762817382812e-01) (4, -8.07687997817993164062e-01) (5, -1.44672930240631103516e-01) (6, -3.50899904966354370117e-01) (7, -2.32233047485351562500e-01) (8, -2.62112140655517578125e-01) (9, 9.87730100750923156738e-02) (0, 3.18277209997177124023e-01) (1, 7.23220944404602050781e-01) (2, 9.04957771301269531250e-01) (3, -1.37760370969772338867e-01) (4, -3.30381929874420166016e-01) (5, 4.77104336023330688477e-01) (6, 5.50195753574371337891e-01) (7, 6.84497296810150146484e-01) (8, 4.11697238683700561523e-01) (9, -2.07998782396316528320e-01) (10, -1.93799412250518798828e+00) (11, -1.32153785228729248047e+00) (12, -1.13852858543395996094e+00) (13, 1.40155935287475585938e+00) (14, 3.55267018079757690430e-01) 
