FANN_FLO_2.1
num_layers=3
learning_rate=0.450000
connection_rate=1.000000
network_type=0
learning_momentum=0.000000
training_algorithm=2
train_error_function=1
train_stop_function=0
cascade_output_change_fraction=0.010000
quickprop_decay=-0.000100
quickprop_mu=1.750000
rprop_increase_factor=1.200000
rprop_decrease_factor=0.500000
rprop_delta_min=0.000000
rprop_delta_max=50.000000
rprop_delta_zero=0.100000
cascade_output_stagnation_epochs=12
cascade_candidate_change_fraction=0.010000
cascade_candidate_stagnation_epochs=12
cascade_max_out_epochs=150
cascade_min_out_epochs=50
cascade_max_cand_epochs=150
cascade_min_cand_epochs=50
cascade_num_candidate_groups=2
bit_fail_limit=3.49999994039535522461e-01
cascade_candidate_limit=1.00000000000000000000e+03
cascade_weight_multiplier=4.00000005960464477539e-01
cascade_activation_functions_count=10
cascade_activation_functions=3 5 7 8 10 11 14 15 16 17 
cascade_activation_steepnesses_count=4
cascade_activation_steepnesses=2.50000000000000000000e-01 5.00000000000000000000e-01 7.50000000000000000000e-01 1.00000000000000000000e+00 
layer_sizes=7 5 2 
scale_included=0
neurons (num_inputs, activation_function, activation_steepness)=(0, 0, 0.00000000000000000000e+00) (0, 0, 0.00000000000000000000e+00) (0, 0, 0.00000000000000000000e+00) (0, 0, 0.00000000000000000000e+00) (0, 0, 0.00000000000000000000e+00) (0, 0, 0.00000000000000000000e+00) (0, 0, 0.00000000000000000000e+00) (7, 3, 5.00000000000000000000e-01) (7, 3, 5.00000000000000000000e-01) (7, 3, 5.00000000000000000000e-01) (7, 3, 5.00000000000000000000e-01) (0, 3, 0.00000000000000000000e+00) (5, 0, 5.00000000000000000000e-01) (0, 0, 0.00000000000000000000e+00) 
connections (connected_to_neuron, weight)=(0, 3.87597531080245971680e-01) (1, 7.28073060512542724609e-01) (2, 3.68888109922409057617e-01) (3, -1.02847933769226074219e+00) (4, 1.08858728408813476562e+00) (5, -8.72867643833160400391e-01) (6, -1.89292454719543457031e+00) (0, -3.53325754404067993164e-01) (1, 2.66244679689407348633e-01) (2, -7.14476630091667175293e-02) (3, -6.70110404491424560547e-01) (4, 6.38560712337493896484e-01) (5, 1.26460850238800048828e-01) (6, -2.65529727935791015625e+00) (0, 1.33778750896453857422e+00) (1, -5.42217254638671875000e-01) (2, 9.06386494636535644531e-01) (3, -1.11192059516906738281e+00) (4, 9.77028682827949523926e-02) (5, -7.62508392333984375000e-01) (6, -1.14333450794219970703e+00) (0, -4.16316509246826171875e-01) (1, -2.46290445327758789062e-01) (2, -3.17853391170501708984e-01) (3, -1.06499202549457550049e-01) (4, 4.81051951646804809570e-01) (5, 4.73489224910736083984e-01) (6, -2.32230752706527709961e-01) (7, -4.52556684613227844238e-02) (8, 9.74645093083381652832e-02) (9, -2.44215093553066253662e-02) (10, -6.75816312432289123535e-02) (11, 6.71150162816047668457e-02) 
