FANN_FLO_2.1
num_layers=4
learning_rate=0.500000
connection_rate=1.000000
network_type=0
learning_momentum=0.000000
training_algorithm=2
train_error_function=1
train_stop_function=0
cascade_output_change_fraction=0.010000
quickprop_decay=-0.000100
quickprop_mu=1.750000
rprop_increase_factor=1.200000
rprop_decrease_factor=0.500000
rprop_delta_min=0.000000
rprop_delta_max=50.000000
rprop_delta_zero=0.100000
cascade_output_stagnation_epochs=12
cascade_candidate_change_fraction=0.010000
cascade_candidate_stagnation_epochs=12
cascade_max_out_epochs=150
cascade_min_out_epochs=50
cascade_max_cand_epochs=150
cascade_min_cand_epochs=50
cascade_num_candidate_groups=2
bit_fail_limit=3.49999994039535522461e-01
cascade_candidate_limit=1.00000000000000000000e+03
cascade_weight_multiplier=4.00000005960464477539e-01
cascade_activation_functions_count=10
cascade_activation_functions=3 5 7 8 10 11 14 15 16 17 
cascade_activation_steepnesses_count=4
cascade_activation_steepnesses=2.50000000000000000000e-01 5.00000000000000000000e-01 7.50000000000000000000e-01 1.00000000000000000000e+00 
layer_sizes=4 5 5 2 
scale_included=0
neurons (num_inputs, activation_function, activation_steepness)=(0, 0, 0.00000000000000000000e+00) (0, 0, 0.00000000000000000000e+00) (0, 0, 0.00000000000000000000e+00) (0, 0, 0.00000000000000000000e+00) (4, 3, 5.00000000000000000000e-01) (4, 3, 5.00000000000000000000e-01) (4, 3, 5.00000000000000000000e-01) (4, 3, 5.00000000000000000000e-01) (0, 3, 0.00000000000000000000e+00) (5, 3, 5.00000000000000000000e-01) (5, 3, 5.00000000000000000000e-01) (5, 3, 5.00000000000000000000e-01) (5, 3, 5.00000000000000000000e-01) (0, 3, 0.00000000000000000000e+00) (5, 3, 5.00000000000000000000e-01) (0, 3, 0.00000000000000000000e+00) 
connections (connected_to_neuron, weight)=(0, -7.39237213134765625000e+00) (1, -2.47425498962402343750e+01) (2, 6.49322938919067382812e+00) (3, 1.26977281570434570312e+01) (0, -1.18255901336669921875e+01) (1, -3.81913528442382812500e+01) (2, 2.42935824394226074219e+00) (3, 2.22717781066894531250e+01) (0, 1.38370263671875000000e+03) (1, 1.06372546386718750000e+03) (2, 1.50000000000000000000e+03) (3, 8.20154666900634765625e-01) (0, 1.38370263671875000000e+03) (1, 7.74425231933593750000e+02) (2, 3.85441192626953125000e+02) (3, 3.43560485839843750000e+01) (4, -1.50000000000000000000e+03) (5, -1.50000000000000000000e+03) (6, 1.35103503417968750000e+03) (7, 1.36490454101562500000e+03) (8, 3.03347563743591308594e+00) (4, -1.50000000000000000000e+03) (5, -1.50000000000000000000e+03) (6, 1.42261730957031250000e+03) (7, 1.36104406738281250000e+03) (8, 6.00077486038208007812e+00) (4, -1.49844604492187500000e+03) (5, -1.49844604492187500000e+03) (6, 1.45202160644531250000e+03) (7, 1.46962023925781250000e+03) (8, 7.78189697265625000000e+01) (4, 1.50000000000000000000e+03) (5, 1.50000000000000000000e+03) (6, 1.28616828918457031250e+01) (7, 1.15920963287353515625e+01) (8, -8.92436313629150390625e+00) (9, 2.52936196327209472656e+00) (10, 1.44870245456695556641e+00) (11, 6.57450437545776367188e-01) (12, -3.98961663246154785156e+00) (13, 1.17002272605895996094e+00) 
