FANN_FLO_2.1
num_layers=3
learning_rate=0.450000
connection_rate=1.000000
network_type=0
learning_momentum=0.000000
training_algorithm=2
train_error_function=1
train_stop_function=0
cascade_output_change_fraction=0.010000
quickprop_decay=-0.000100
quickprop_mu=1.750000
rprop_increase_factor=1.200000
rprop_decrease_factor=0.500000
rprop_delta_min=0.000000
rprop_delta_max=50.000000
rprop_delta_zero=0.100000
cascade_output_stagnation_epochs=12
cascade_candidate_change_fraction=0.010000
cascade_candidate_stagnation_epochs=12
cascade_max_out_epochs=150
cascade_min_out_epochs=50
cascade_max_cand_epochs=150
cascade_min_cand_epochs=50
cascade_num_candidate_groups=2
bit_fail_limit=3.49999994039535522461e-01
cascade_candidate_limit=1.00000000000000000000e+03
cascade_weight_multiplier=4.00000005960464477539e-01
cascade_activation_functions_count=10
cascade_activation_functions=3 5 7 8 10 11 14 15 16 17 
cascade_activation_steepnesses_count=4
cascade_activation_steepnesses=2.50000000000000000000e-01 5.00000000000000000000e-01 7.50000000000000000000e-01 1.00000000000000000000e+00 
layer_sizes=7 5 2 
scale_included=0
neurons (num_inputs, activation_function, activation_steepness)=(0, 0, 0.00000000000000000000e+00) (0, 0, 0.00000000000000000000e+00) (0, 0, 0.00000000000000000000e+00) (0, 0, 0.00000000000000000000e+00) (0, 0, 0.00000000000000000000e+00) (0, 0, 0.00000000000000000000e+00) (0, 0, 0.00000000000000000000e+00) (7, 3, 5.00000000000000000000e-01) (7, 3, 5.00000000000000000000e-01) (7, 3, 5.00000000000000000000e-01) (7, 3, 5.00000000000000000000e-01) (0, 3, 0.00000000000000000000e+00) (5, 0, 5.00000000000000000000e-01) (0, 0, 0.00000000000000000000e+00) 
connections (connected_to_neuron, weight)=(0, -1.43178534507751464844e+00) (1, -2.69795155525207519531e+00) (2, 5.69103622436523437500e+00) (3, -2.24882459640502929688e+00) (4, -1.99887418746948242188e+00) (5, 3.25535058975219726562e+00) (6, -1.98517525196075439453e+00) (0, 5.37181377410888671875e+00) (1, -2.04240360260009765625e+01) (2, 1.14733016967773437500e+02) (3, -4.70523452758789062500e+00) (4, -1.03231469726562500000e+03) (5, 2.02140674591064453125e+01) (6, -6.66979932785034179688e+00) (0, 8.60356369018554687500e+01) (1, 7.36753034591674804688e+00) (2, 1.38057355880737304688e+01) (3, -6.36838054656982421875e+00) (4, -1.47415905761718750000e+03) (5, 6.07546691894531250000e+01) (6, -4.26259660720825195312e+00) (0, 4.43949811160564422607e-02) (1, -5.83581626415252685547e-02) (2, -5.20735345780849456787e-02) (3, 3.51489633321762084961e-02) (4, -1.52668673545122146606e-02) (5, 7.81923234462738037109e-01) (6, 1.30480945110321044922e+00) (7, -9.38896462321281433105e-03) (8, -5.78620529174804687500e+01) (9, 1.30144274902343750000e+03) (10, 4.83025386929512023926e-02) (11, -3.16269323229789733887e-02) 
