FANN_FLO_2.1
num_layers=4
learning_rate=0.500000
connection_rate=1.000000
network_type=0
learning_momentum=0.000000
training_algorithm=2
train_error_function=1
train_stop_function=0
cascade_output_change_fraction=0.010000
quickprop_decay=-0.000100
quickprop_mu=1.750000
rprop_increase_factor=1.200000
rprop_decrease_factor=0.500000
rprop_delta_min=0.000000
rprop_delta_max=50.000000
rprop_delta_zero=0.100000
cascade_output_stagnation_epochs=12
cascade_candidate_change_fraction=0.010000
cascade_candidate_stagnation_epochs=12
cascade_max_out_epochs=150
cascade_min_out_epochs=50
cascade_max_cand_epochs=150
cascade_min_cand_epochs=50
cascade_num_candidate_groups=2
bit_fail_limit=3.49999994039535522461e-01
cascade_candidate_limit=1.00000000000000000000e+03
cascade_weight_multiplier=4.00000005960464477539e-01
cascade_activation_functions_count=10
cascade_activation_functions=3 5 7 8 10 11 14 15 16 17 
cascade_activation_steepnesses_count=4
cascade_activation_steepnesses=2.50000000000000000000e-01 5.00000000000000000000e-01 7.50000000000000000000e-01 1.00000000000000000000e+00 
layer_sizes=4 5 5 2 
scale_included=0
neurons (num_inputs, activation_function, activation_steepness)=(0, 0, 0.00000000000000000000e+00) (0, 0, 0.00000000000000000000e+00) (0, 0, 0.00000000000000000000e+00) (0, 0, 0.00000000000000000000e+00) (4, 3, 5.00000000000000000000e-01) (4, 3, 5.00000000000000000000e-01) (4, 3, 5.00000000000000000000e-01) (4, 3, 5.00000000000000000000e-01) (0, 3, 0.00000000000000000000e+00) (5, 3, 5.00000000000000000000e-01) (5, 3, 5.00000000000000000000e-01) (5, 3, 5.00000000000000000000e-01) (5, 3, 5.00000000000000000000e-01) (0, 3, 0.00000000000000000000e+00) (5, 3, 5.00000000000000000000e-01) (0, 3, 0.00000000000000000000e+00) 
connections (connected_to_neuron, weight)=(0, -6.10133790969848632812e+00) (1, -2.80492377281188964844e+00) (2, 1.54753673076629638672e+00) (3, 2.00164031982421875000e+00) (0, -2.53385853767395019531e+00) (1, -1.07281351089477539062e+01) (2, 1.97276556491851806641e+00) (3, 3.58708572387695312500e+00) (0, -2.64638495445251464844e+00) (1, -9.59865379333496093750e+00) (2, 1.88092589378356933594e+00) (3, 3.08400154113769531250e+00) (0, -4.40776777267456054688e+00) (1, -2.25634121894836425781e+00) (2, -8.22019934654235839844e-01) (3, 2.45272040367126464844e+00) (4, 3.71941238641738891602e-01) (5, 1.59867763519287109375e+01) (6, 5.71559143066406250000e+00) (7, 2.32282371520996093750e+01) (8, -9.82281494140625000000e+00) (4, 6.78012192249298095703e-01) (5, 2.02853431701660156250e+01) (6, 6.02662372589111328125e+00) (7, 2.26076850891113281250e+01) (8, -1.10553350448608398438e+01) (4, -3.68836092948913574219e+00) (5, -3.55731344223022460938e+00) (6, -2.36734366416931152344e+00) (7, -5.11951065063476562500e+00) (8, 1.80711722373962402344e+00) (4, 1.03553092479705810547e+00) (5, 1.79012813568115234375e+01) (6, 7.19935750961303710938e+00) (7, 1.36904716491699218750e+01) (8, -9.13020515441894531250e+00) (9, -1.80019056797027587891e+00) (10, -3.85859537124633789062e+00) (11, -1.65300333499908447266e+00) (12, -1.38593893498182296753e-02) (13, 3.46723437309265136719e+00) 
