FANN_FLO_2.1
num_layers=3
learning_rate=0.500000
connection_rate=1.000000
network_type=0
learning_momentum=0.000000
training_algorithm=2
train_error_function=1
train_stop_function=0
cascade_output_change_fraction=0.010000
quickprop_decay=-0.000100
quickprop_mu=1.750000
rprop_increase_factor=1.200000
rprop_decrease_factor=0.500000
rprop_delta_min=0.000000
rprop_delta_max=50.000000
rprop_delta_zero=0.100000
cascade_output_stagnation_epochs=12
cascade_candidate_change_fraction=0.010000
cascade_candidate_stagnation_epochs=12
cascade_max_out_epochs=150
cascade_min_out_epochs=50
cascade_max_cand_epochs=150
cascade_min_cand_epochs=50
cascade_num_candidate_groups=2
bit_fail_limit=3.49999994039535522461e-01
cascade_candidate_limit=1.00000000000000000000e+03
cascade_weight_multiplier=4.00000005960464477539e-01
cascade_activation_functions_count=10
cascade_activation_functions=3 5 7 8 10 11 14 15 16 17 
cascade_activation_steepnesses_count=4
cascade_activation_steepnesses=2.50000000000000000000e-01 5.00000000000000000000e-01 7.50000000000000000000e-01 1.00000000000000000000e+00 
layer_sizes=7 9 2 
scale_included=0
neurons (num_inputs, activation_function, activation_steepness)=(0, 0, 0.00000000000000000000e+00) (0, 0, 0.00000000000000000000e+00) (0, 0, 0.00000000000000000000e+00) (0, 0, 0.00000000000000000000e+00) (0, 0, 0.00000000000000000000e+00) (0, 0, 0.00000000000000000000e+00) (0, 0, 0.00000000000000000000e+00) (7, 3, 5.00000000000000000000e-01) (7, 3, 5.00000000000000000000e-01) (7, 3, 5.00000000000000000000e-01) (7, 3, 5.00000000000000000000e-01) (7, 3, 5.00000000000000000000e-01) (7, 3, 5.00000000000000000000e-01) (7, 3, 5.00000000000000000000e-01) (7, 3, 5.00000000000000000000e-01) (0, 3, 0.00000000000000000000e+00) (9, 0, 5.00000000000000000000e-01) (0, 0, 0.00000000000000000000e+00) 
connections (connected_to_neuron, weight)=(0, -3.91252555847167968750e+01) (1, -8.14152717590332031250e+00) (2, -1.50000000000000000000e+03) (3, 4.69993501901626586914e-02) (4, 1.50000000000000000000e+03) (5, 1.33800196647644042969e+00) (6, -1.95690616965293884277e-02) (0, -1.86713973999023437500e+02) (1, -5.39744033813476562500e+01) (2, -1.50000000000000000000e+03) (3, -3.82772296667098999023e-01) (4, 1.85382080078125000000e+01) (5, 1.08989782714843750000e+03) (6, -5.41060209274291992188e-01) (0, -3.40980023145675659180e-01) (1, -3.53344917297363281250e-01) (2, 1.50000000000000000000e+03) (3, -7.62999176979064941406e-01) (4, -1.50000000000000000000e+03) (5, -9.69432830810546875000e-01) (6, -7.09434509277343750000e-01) (0, -3.45181167125701904297e-01) (1, -5.19037425518035888672e-01) (2, 2.04865765571594238281e+00) (3, -6.49493038654327392578e-01) (4, 3.48813474178314208984e-01) (5, -1.00065314769744873047e+00) (6, -7.04204201698303222656e-01) (0, 4.39370441436767578125e+00) (1, 1.00484550476074218750e+02) (2, 1.50000000000000000000e+03) (3, -6.99430584907531738281e-01) (4, -1.49955078125000000000e+02) (5, -2.82058811187744140625e+01) (6, -6.71148657798767089844e-01) (0, -3.04819554090499877930e-01) (1, -4.79890108108520507812e-01) (2, 1.88796758651733398438e+00) (3, -6.34013772010803222656e-01) (4, 1.10601931810379028320e-01) (5, -4.53043878078460693359e-01) (6, -1.26469004154205322266e+00) (0, 1.15047521889209747314e-01) (1, -7.53828883171081542969e-02) (2, 4.58786398172378540039e-01) (3, -7.22241848707199096680e-02) (4, -2.42739036679267883301e-01) (5, -3.57815355062484741211e-01) (6, -5.70080995559692382812e-01) (0, 1.13189071416854858398e-01) (1, -1.08186520636081695557e-01) (2, -1.13206245005130767822e-01) (3, -1.65920089930295944214e-02) (4, -1.40903517603874206543e-01) (5, -8.63977968692779541016e-01) (6, -3.41039896011352539062e-01) (7, -4.52426597476005554199e-02) (8, -1.48537931963801383972e-02) (9, 2.68088304437696933746e-03) (10, 5.33053018152713775635e-02) (11, 4.03909338638186454773e-03) (12, -6.40829280018806457520e-02) (13, -5.79617805778980255127e-02) (14, 3.03524583578109741211e-02) (15, 6.01982325315475463867e-02) 
