FANN_FLO_2.1
num_layers=4
learning_rate=0.500000
connection_rate=1.000000
network_type=0
learning_momentum=0.000000
training_algorithm=2
train_error_function=1
train_stop_function=0
cascade_output_change_fraction=0.010000
quickprop_decay=-0.000100
quickprop_mu=1.750000
rprop_increase_factor=1.200000
rprop_decrease_factor=0.500000
rprop_delta_min=0.000000
rprop_delta_max=50.000000
rprop_delta_zero=0.100000
cascade_output_stagnation_epochs=12
cascade_candidate_change_fraction=0.010000
cascade_candidate_stagnation_epochs=12
cascade_max_out_epochs=150
cascade_min_out_epochs=50
cascade_max_cand_epochs=150
cascade_min_cand_epochs=50
cascade_num_candidate_groups=2
bit_fail_limit=3.49999994039535522461e-01
cascade_candidate_limit=1.00000000000000000000e+03
cascade_weight_multiplier=4.00000005960464477539e-01
cascade_activation_functions_count=10
cascade_activation_functions=3 5 7 8 10 11 14 15 16 17 
cascade_activation_steepnesses_count=4
cascade_activation_steepnesses=2.50000000000000000000e-01 5.00000000000000000000e-01 7.50000000000000000000e-01 1.00000000000000000000e+00 
layer_sizes=4 5 5 2 
scale_included=0
neurons (num_inputs, activation_function, activation_steepness)=(0, 0, 0.00000000000000000000e+00) (0, 0, 0.00000000000000000000e+00) (0, 0, 0.00000000000000000000e+00) (0, 0, 0.00000000000000000000e+00) (4, 3, 5.00000000000000000000e-01) (4, 3, 5.00000000000000000000e-01) (4, 3, 5.00000000000000000000e-01) (4, 3, 5.00000000000000000000e-01) (0, 3, 0.00000000000000000000e+00) (5, 3, 5.00000000000000000000e-01) (5, 3, 5.00000000000000000000e-01) (5, 3, 5.00000000000000000000e-01) (5, 3, 5.00000000000000000000e-01) (0, 3, 0.00000000000000000000e+00) (5, 3, 5.00000000000000000000e-01) (0, 3, 0.00000000000000000000e+00) 
connections (connected_to_neuron, weight)=(0, -4.71708345413208007812e+00) (1, -8.29780101776123046875e+00) (2, 6.43684267997741699219e-01) (3, 4.40411949157714843750e+00) (0, -8.59733676910400390625e+00) (1, -3.25830340385437011719e+00) (2, 2.15712332725524902344e+00) (3, 5.42667579650878906250e+00) (0, -5.02627086639404296875e+00) (1, -1.07958612442016601562e+01) (2, 3.34060144424438476562e+00) (3, 4.45703697204589843750e+00) (0, -4.59803123474121093750e+01) (1, -2.58577442169189453125e+01) (2, 8.10819702148437500000e+01) (3, 4.84992116689682006836e-01) (4, 1.37867851257324218750e+01) (5, 1.12376279830932617188e+01) (6, 1.29684591293334960938e+01) (7, -3.29135823249816894531e+00) (8, -9.27339363098144531250e+00) (4, 1.38210649490356445312e+01) (5, 1.09522190093994140625e+01) (6, 1.01892719268798828125e+01) (7, -3.74363923072814941406e+00) (8, -8.50734615325927734375e+00) (4, 1.38602666854858398438e+01) (5, 1.12412929534912109375e+01) (6, 8.35072135925292968750e+00) (7, -4.17758321762084960938e+00) (8, -8.14454650878906250000e+00) (4, 1.39783143997192382812e+01) (5, 9.97190570831298828125e+00) (6, 1.09569301605224609375e+01) (7, -3.02125763893127441406e+00) (8, -8.49015712738037109375e+00) (9, -1.80201554298400878906e+00) (10, -8.95344793796539306641e-01) (11, -8.78265917301177978516e-01) (12, -9.34768497943878173828e-01) (13, 2.29126930236816406250e+00) 
