FANN_FLO_2.1
num_layers=4
learning_rate=0.500000
connection_rate=1.000000
network_type=0
learning_momentum=0.000000
training_algorithm=2
train_error_function=1
train_stop_function=0
cascade_output_change_fraction=0.010000
quickprop_decay=-0.000100
quickprop_mu=1.750000
rprop_increase_factor=1.200000
rprop_decrease_factor=0.500000
rprop_delta_min=0.000000
rprop_delta_max=50.000000
rprop_delta_zero=0.100000
cascade_output_stagnation_epochs=12
cascade_candidate_change_fraction=0.010000
cascade_candidate_stagnation_epochs=12
cascade_max_out_epochs=150
cascade_min_out_epochs=50
cascade_max_cand_epochs=150
cascade_min_cand_epochs=50
cascade_num_candidate_groups=2
bit_fail_limit=3.49999994039535522461e-01
cascade_candidate_limit=1.00000000000000000000e+03
cascade_weight_multiplier=4.00000005960464477539e-01
cascade_activation_functions_count=10
cascade_activation_functions=3 5 7 8 10 11 14 15 16 17 
cascade_activation_steepnesses_count=4
cascade_activation_steepnesses=2.50000000000000000000e-01 5.00000000000000000000e-01 7.50000000000000000000e-01 1.00000000000000000000e+00 
layer_sizes=4 5 3 2 
scale_included=0
neurons (num_inputs, activation_function, activation_steepness)=(0, 0, 0.00000000000000000000e+00) (0, 0, 0.00000000000000000000e+00) (0, 0, 0.00000000000000000000e+00) (0, 0, 0.00000000000000000000e+00) (4, 3, 5.00000000000000000000e-01) (4, 3, 5.00000000000000000000e-01) (4, 3, 5.00000000000000000000e-01) (4, 3, 5.00000000000000000000e-01) (0, 3, 0.00000000000000000000e+00) (5, 3, 5.00000000000000000000e-01) (5, 3, 5.00000000000000000000e-01) (0, 3, 0.00000000000000000000e+00) (3, 3, 5.00000000000000000000e-01) (0, 3, 0.00000000000000000000e+00) 
connections (connected_to_neuron, weight)=(0, 5.02262306213378906250e+00) (1, 4.81822109222412109375e+00) (2, 2.04909610748291015625e+00) (3, -5.77943801879882812500e+00) (0, 4.59638214111328125000e+00) (1, 1.34666271209716796875e+01) (2, -5.93213367462158203125e+00) (3, -5.86046981811523437500e+00) (0, -2.69828248023986816406e+00) (1, 3.05126214027404785156e+00) (2, -2.94953846931457519531e+00) (3, 5.55348932743072509766e-01) (0, 4.16009664535522460938e+00) (1, 3.92773199081420898438e+00) (2, 4.17830371856689453125e+00) (3, -5.95955610275268554688e+00) (4, -1.36977510452270507812e+01) (5, -2.47158932685852050781e+00) (6, 2.81638355255126953125e+01) (7, -3.10519838333129882812e+00) (8, 3.66971254348754882812e+00) (4, -4.50125551223754882812e+00) (5, -8.48466968536376953125e+00) (6, 3.71209669113159179688e+00) (7, -3.63954335451126098633e-01) (8, 4.71269512176513671875e+00) (9, -3.05731511116027832031e+00) (10, -1.60442161560058593750e+00) (11, 2.35853719711303710938e+00) 
