FANN_FLO_2.1
num_layers=4
learning_rate=0.300000
connection_rate=1.000000
network_type=0
learning_momentum=0.000000
training_algorithm=2
train_error_function=1
train_stop_function=0
cascade_output_change_fraction=0.010000
quickprop_decay=-0.000100
quickprop_mu=1.750000
rprop_increase_factor=1.200000
rprop_decrease_factor=0.500000
rprop_delta_min=0.000000
rprop_delta_max=50.000000
rprop_delta_zero=0.100000
cascade_output_stagnation_epochs=12
cascade_candidate_change_fraction=0.010000
cascade_candidate_stagnation_epochs=12
cascade_max_out_epochs=150
cascade_min_out_epochs=50
cascade_max_cand_epochs=150
cascade_min_cand_epochs=50
cascade_num_candidate_groups=2
bit_fail_limit=3.49999994039535522461e-01
cascade_candidate_limit=1.00000000000000000000e+03
cascade_weight_multiplier=4.00000005960464477539e-01
cascade_activation_functions_count=10
cascade_activation_functions=3 5 7 8 10 11 14 15 16 17 
cascade_activation_steepnesses_count=4
cascade_activation_steepnesses=2.50000000000000000000e-01 5.00000000000000000000e-01 7.50000000000000000000e-01 1.00000000000000000000e+00 
layer_sizes=2 5 5 3 
scale_included=0
neurons (num_inputs, activation_function, activation_steepness)=(0, 0, 0.00000000000000000000e+00) (0, 0, 0.00000000000000000000e+00) (2, 3, 5.00000000000000000000e-01) (2, 3, 5.00000000000000000000e-01) (2, 3, 5.00000000000000000000e-01) (2, 3, 5.00000000000000000000e-01) (0, 3, 0.00000000000000000000e+00) (5, 3, 5.00000000000000000000e-01) (5, 3, 5.00000000000000000000e-01) (5, 3, 5.00000000000000000000e-01) (5, 3, 5.00000000000000000000e-01) (0, 3, 0.00000000000000000000e+00) (5, 0, 5.00000000000000000000e-01) (5, 0, 5.00000000000000000000e-01) (0, 0, 0.00000000000000000000e+00) 
connections (connected_to_neuron, weight)=(0, 1.79884076118469238281e+00) (1, -1.16981542110443115234e+00) (0, 1.78513860702514648438e+00) (1, -1.19665849208831787109e+00) (0, 1.39998161792755126953e+00) (1, -3.94332967698574066162e-02) (0, 2.16272449493408203125e+00) (1, -4.11408901214599609375e-01) (2, 5.68715870380401611328e-01) (3, 5.94072580337524414062e-01) (4, 5.37887096405029296875e-01) (5, 1.98934391140937805176e-01) (6, 9.47460681200027465820e-02) (2, 9.50646877288818359375e-01) (3, 9.01836514472961425781e-01) (4, 1.14717686176300048828e+00) (5, -3.99631118774414062500e+00) (6, -1.55599522590637207031e+00) (2, -2.01998162269592285156e+00) (3, -2.00610947608947753906e+00) (4, 5.95447206497192382812e+00) (5, -9.02134609222412109375e+00) (6, -1.97478282451629638672e+00) (2, 5.95329761505126953125e-01) (3, 5.70597112178802490234e-01) (4, 6.20308220386505126953e-01) (5, 5.37115156650543212891e-01) (6, 4.39763456583023071289e-01) (7, -1.53948767110705375671e-02) (8, 7.61296302080154418945e-02) (9, -1.14116013050079345703e-01) (10, -6.25535249710083007812e-02) (11, 3.82945053279399871826e-02) (7, -6.63596332073211669922e-01) (8, -1.21987342834472656250e+00) (9, -1.08041658401489257812e+01) (10, -6.94951474666595458984e-01) (11, 7.75551572442054748535e-02) 
