FANN_FLO_2.1
num_layers=4
learning_rate=0.300000
connection_rate=1.000000
network_type=0
learning_momentum=0.000000
training_algorithm=2
train_error_function=1
train_stop_function=0
cascade_output_change_fraction=0.010000
quickprop_decay=-0.000100
quickprop_mu=1.750000
rprop_increase_factor=1.200000
rprop_decrease_factor=0.500000
rprop_delta_min=0.000000
rprop_delta_max=50.000000
rprop_delta_zero=0.100000
cascade_output_stagnation_epochs=12
cascade_candidate_change_fraction=0.010000
cascade_candidate_stagnation_epochs=12
cascade_max_out_epochs=150
cascade_min_out_epochs=50
cascade_max_cand_epochs=150
cascade_min_cand_epochs=50
cascade_num_candidate_groups=2
bit_fail_limit=3.49999994039535522461e-01
cascade_candidate_limit=1.00000000000000000000e+03
cascade_weight_multiplier=4.00000005960464477539e-01
cascade_activation_functions_count=10
cascade_activation_functions=3 5 7 8 10 11 14 15 16 17 
cascade_activation_steepnesses_count=4
cascade_activation_steepnesses=2.50000000000000000000e-01 5.00000000000000000000e-01 7.50000000000000000000e-01 1.00000000000000000000e+00 
layer_sizes=2 5 3 3 
scale_included=0
neurons (num_inputs, activation_function, activation_steepness)=(0, 0, 0.00000000000000000000e+00) (0, 0, 0.00000000000000000000e+00) (2, 3, 5.00000000000000000000e-01) (2, 3, 5.00000000000000000000e-01) (2, 3, 5.00000000000000000000e-01) (2, 3, 5.00000000000000000000e-01) (0, 3, 0.00000000000000000000e+00) (5, 3, 5.00000000000000000000e-01) (5, 3, 5.00000000000000000000e-01) (0, 3, 0.00000000000000000000e+00) (3, 0, 5.00000000000000000000e-01) (3, 0, 5.00000000000000000000e-01) (0, 0, 0.00000000000000000000e+00) 
connections (connected_to_neuron, weight)=(0, -2.95181131362915039062e+00) (1, -6.98896360397338867188e+00) (0, -7.98798441886901855469e-01) (1, -2.32434964179992675781e+00) (0, 6.36827528476715087891e-01) (1, 1.76810300350189208984e+00) (0, -1.20924925804138183594e+00) (1, -2.54711961746215820312e+00) (2, 2.76952314376831054688e+00) (3, 3.11359226703643798828e-01) (4, -7.95048534870147705078e-01) (5, 8.86626243591308593750e-01) (6, -5.19757926464080810547e-01) (2, 2.60634803771972656250e+00) (3, 2.67823815345764160156e-01) (4, -2.34691128134727478027e-01) (5, 9.79733109474182128906e-01) (6, -5.76217830181121826172e-01) (7, 7.98818394541740417480e-02) (8, 6.33717775344848632812e-02) (9, -1.01047761738300323486e-01) (7, -1.21791493892669677734e+00) (8, -9.35645937919616699219e-01) (9, -5.70975720882415771484e-01) 
