FANN_FLO_2.1
num_layers=4
learning_rate=0.450000
connection_rate=1.000000
network_type=0
learning_momentum=0.000000
training_algorithm=2
train_error_function=1
train_stop_function=0
cascade_output_change_fraction=0.010000
quickprop_decay=-0.000100
quickprop_mu=1.750000
rprop_increase_factor=1.200000
rprop_decrease_factor=0.500000
rprop_delta_min=0.000000
rprop_delta_max=50.000000
rprop_delta_zero=0.100000
cascade_output_stagnation_epochs=12
cascade_candidate_change_fraction=0.010000
cascade_candidate_stagnation_epochs=12
cascade_max_out_epochs=150
cascade_min_out_epochs=50
cascade_max_cand_epochs=150
cascade_min_cand_epochs=50
cascade_num_candidate_groups=2
bit_fail_limit=3.49999994039535522461e-01
cascade_candidate_limit=1.00000000000000000000e+03
cascade_weight_multiplier=4.00000005960464477539e-01
cascade_activation_functions_count=10
cascade_activation_functions=3 5 7 8 10 11 14 15 16 17 
cascade_activation_steepnesses_count=4
cascade_activation_steepnesses=2.50000000000000000000e-01 5.00000000000000000000e-01 7.50000000000000000000e-01 1.00000000000000000000e+00 
layer_sizes=7 3 3 2 
scale_included=0
neurons (num_inputs, activation_function, activation_steepness)=(0, 0, 0.00000000000000000000e+00) (0, 0, 0.00000000000000000000e+00) (0, 0, 0.00000000000000000000e+00) (0, 0, 0.00000000000000000000e+00) (0, 0, 0.00000000000000000000e+00) (0, 0, 0.00000000000000000000e+00) (0, 0, 0.00000000000000000000e+00) (7, 3, 5.00000000000000000000e-01) (7, 3, 5.00000000000000000000e-01) (0, 3, 0.00000000000000000000e+00) (3, 3, 5.00000000000000000000e-01) (3, 3, 5.00000000000000000000e-01) (0, 3, 0.00000000000000000000e+00) (3, 0, 5.00000000000000000000e-01) (0, 0, 0.00000000000000000000e+00) 
connections (connected_to_neuron, weight)=(0, 7.30874612927436828613e-02) (1, 8.57967197895050048828e-01) (2, -9.74283814430236816406e-01) (3, -2.55625963211059570312e-01) (4, 1.57454979419708251953e+00) (5, -8.16361844539642333984e-01) (6, -8.24731731414794921875e+00) (0, 6.94684743881225585938e-01) (1, 8.21247458457946777344e-01) (2, -1.30619847774505615234e+00) (3, 4.95024695992469787598e-02) (4, 3.17998141050338745117e-01) (5, -1.46046316623687744141e+00) (6, 1.41357364654541015625e+01) (7, -1.03520004272460937500e+02) (8, -3.48914146423339843750e+01) (9, 1.41069803237915039062e+01) (7, 3.48449200391769409180e-01) (8, -6.45030379295349121094e-01) (9, 4.54287767410278320312e-01) (10, 1.24717250466346740723e-01) (11, -6.99631646275520324707e-02) (12, 4.96804006397724151611e-02) 
