FANN_FLO_2.1
num_layers=4
learning_rate=0.450000
connection_rate=1.000000
network_type=0
learning_momentum=0.000000
training_algorithm=2
train_error_function=1
train_stop_function=0
cascade_output_change_fraction=0.010000
quickprop_decay=-0.000100
quickprop_mu=1.750000
rprop_increase_factor=1.200000
rprop_decrease_factor=0.500000
rprop_delta_min=0.000000
rprop_delta_max=50.000000
rprop_delta_zero=0.100000
cascade_output_stagnation_epochs=12
cascade_candidate_change_fraction=0.010000
cascade_candidate_stagnation_epochs=12
cascade_max_out_epochs=150
cascade_min_out_epochs=50
cascade_max_cand_epochs=150
cascade_min_cand_epochs=50
cascade_num_candidate_groups=2
bit_fail_limit=3.49999994039535522461e-01
cascade_candidate_limit=1.00000000000000000000e+03
cascade_weight_multiplier=4.00000005960464477539e-01
cascade_activation_functions_count=10
cascade_activation_functions=3 5 7 8 10 11 14 15 16 17 
cascade_activation_steepnesses_count=4
cascade_activation_steepnesses=2.50000000000000000000e-01 5.00000000000000000000e-01 7.50000000000000000000e-01 1.00000000000000000000e+00 
layer_sizes=7 3 3 2 
scale_included=0
neurons (num_inputs, activation_function, activation_steepness)=(0, 0, 0.00000000000000000000e+00) (0, 0, 0.00000000000000000000e+00) (0, 0, 0.00000000000000000000e+00) (0, 0, 0.00000000000000000000e+00) (0, 0, 0.00000000000000000000e+00) (0, 0, 0.00000000000000000000e+00) (0, 0, 0.00000000000000000000e+00) (7, 3, 5.00000000000000000000e-01) (7, 3, 5.00000000000000000000e-01) (0, 3, 0.00000000000000000000e+00) (3, 3, 5.00000000000000000000e-01) (3, 3, 5.00000000000000000000e-01) (0, 3, 0.00000000000000000000e+00) (3, 0, 5.00000000000000000000e-01) (0, 0, 0.00000000000000000000e+00) 
connections (connected_to_neuron, weight)=(0, -7.30798318982124328613e-02) (1, 1.23530173301696777344e+00) (2, -9.16184008121490478516e-01) (3, 2.22147628664970397949e-01) (4, 6.00121676921844482422e-01) (5, -8.96568834781646728516e-01) (6, 7.63663649559020996094e-01) (0, 8.97661626338958740234e-01) (1, 1.60506236553192138672e+00) (2, -2.32884931564331054688e+00) (3, 4.43042993545532226562e-01) (4, 2.21847033500671386719e+00) (5, -2.76266694068908691406e+00) (6, 2.33376502990722656250e+00) (7, 3.27378892898559570312e+00) (8, -4.28640985488891601562e+00) (9, -4.95945215225219726562e-01) (7, 4.67654132843017578125e+00) (8, -1.24004192352294921875e+01) (9, 6.37070369720458984375e+00) (10, -3.05738449096679687500e+00) (11, 2.38540005683898925781e+00) (12, 6.68053999543190002441e-02) 
