FANN_FLO_2.1
num_layers=3
learning_rate=0.500000
connection_rate=1.000000
network_type=0
learning_momentum=0.000000
training_algorithm=2
train_error_function=1
train_stop_function=0
cascade_output_change_fraction=0.010000
quickprop_decay=-0.000100
quickprop_mu=1.750000
rprop_increase_factor=1.200000
rprop_decrease_factor=0.500000
rprop_delta_min=0.000000
rprop_delta_max=50.000000
rprop_delta_zero=0.100000
cascade_output_stagnation_epochs=12
cascade_candidate_change_fraction=0.010000
cascade_candidate_stagnation_epochs=12
cascade_max_out_epochs=150
cascade_min_out_epochs=50
cascade_max_cand_epochs=150
cascade_min_cand_epochs=50
cascade_num_candidate_groups=2
bit_fail_limit=3.49999994039535522461e-01
cascade_candidate_limit=1.00000000000000000000e+03
cascade_weight_multiplier=4.00000005960464477539e-01
cascade_activation_functions_count=10
cascade_activation_functions=3 5 7 8 10 11 14 15 16 17 
cascade_activation_steepnesses_count=4
cascade_activation_steepnesses=2.50000000000000000000e-01 5.00000000000000000000e-01 7.50000000000000000000e-01 1.00000000000000000000e+00 
layer_sizes=10 5 2 
scale_included=0
neurons (num_inputs, activation_function, activation_steepness)=(0, 0, 0.00000000000000000000e+00) (0, 0, 0.00000000000000000000e+00) (0, 0, 0.00000000000000000000e+00) (0, 0, 0.00000000000000000000e+00) (0, 0, 0.00000000000000000000e+00) (0, 0, 0.00000000000000000000e+00) (0, 0, 0.00000000000000000000e+00) (0, 0, 0.00000000000000000000e+00) (0, 0, 0.00000000000000000000e+00) (0, 0, 0.00000000000000000000e+00) (10, 3, 5.00000000000000000000e-01) (10, 3, 5.00000000000000000000e-01) (10, 3, 5.00000000000000000000e-01) (10, 3, 5.00000000000000000000e-01) (0, 3, 0.00000000000000000000e+00) (5, 3, 5.00000000000000000000e-01) (0, 3, 0.00000000000000000000e+00) 
connections (connected_to_neuron, weight)=(0, 1.50000000000000000000e+03) (1, 1.50000000000000000000e+03) (2, 1.50000000000000000000e+03) (3, 1.50000000000000000000e+03) (4, 1.50000000000000000000e+03) (5, 1.50000000000000000000e+03) (6, 1.50000000000000000000e+03) (7, 1.50000000000000000000e+03) (8, 1.50000000000000000000e+03) (9, 2.66379089355468750000e+01) (0, -5.10485529899597167969e-01) (1, -4.89420622587203979492e-01) (2, -4.70878660678863525391e-01) (3, -5.34760117530822753906e-01) (4, -2.56710089743137359619e-02) (5, -5.55515170097351074219e-01) (6, -4.89846140146255493164e-01) (7, -6.12972021102905273438e-01) (8, -5.07227599620819091797e-01) (9, 1.50239944458007812500e+00) (0, -6.35084450244903564453e-01) (1, -9.40253257751464843750e-01) (2, -5.42868375778198242188e-01) (3, -3.51469814777374267578e-02) (4, -4.89979654550552368164e-01) (5, -3.60046356916427612305e-01) (6, -2.76232272386550903320e-01) (7, -7.48204290866851806641e-02) (8, -3.40329885482788085938e-01) (9, 9.09350752830505371094e-01) (0, -3.56603339314460754395e-02) (1, -1.72070145606994628906e-01) (2, -1.96028396487236022949e-01) (3, -4.82755541801452636719e-01) (4, -1.76765584945678710938e+00) (5, -1.72669366002082824707e-01) (6, -2.17879235744476318359e-01) (7, -2.43303880095481872559e-01) (8, -1.82742729783058166504e-01) (9, 6.82878434658050537109e-01) (10, 6.97886943817138671875e-01) (11, -3.15810251235961914062e+00) (12, -5.42167603969573974609e-01) (13, -9.83280837535858154297e-01) (14, 8.46436619758605957031e-01) 
