FANN_FLO_2.1
num_layers=3
learning_rate=0.500000
connection_rate=1.000000
network_type=0
learning_momentum=0.000000
training_algorithm=2
train_error_function=1
train_stop_function=0
cascade_output_change_fraction=0.010000
quickprop_decay=-0.000100
quickprop_mu=1.750000
rprop_increase_factor=1.200000
rprop_decrease_factor=0.500000
rprop_delta_min=0.000000
rprop_delta_max=50.000000
rprop_delta_zero=0.100000
cascade_output_stagnation_epochs=12
cascade_candidate_change_fraction=0.010000
cascade_candidate_stagnation_epochs=12
cascade_max_out_epochs=150
cascade_min_out_epochs=50
cascade_max_cand_epochs=150
cascade_min_cand_epochs=50
cascade_num_candidate_groups=2
bit_fail_limit=3.49999994039535522461e-01
cascade_candidate_limit=1.00000000000000000000e+03
cascade_weight_multiplier=4.00000005960464477539e-01
cascade_activation_functions_count=10
cascade_activation_functions=3 5 7 8 10 11 14 15 16 17 
cascade_activation_steepnesses_count=4
cascade_activation_steepnesses=2.50000000000000000000e-01 5.00000000000000000000e-01 7.50000000000000000000e-01 1.00000000000000000000e+00 
layer_sizes=7 5 2 
scale_included=0
neurons (num_inputs, activation_function, activation_steepness)=(0, 0, 0.00000000000000000000e+00) (0, 0, 0.00000000000000000000e+00) (0, 0, 0.00000000000000000000e+00) (0, 0, 0.00000000000000000000e+00) (0, 0, 0.00000000000000000000e+00) (0, 0, 0.00000000000000000000e+00) (0, 0, 0.00000000000000000000e+00) (7, 3, 5.00000000000000000000e-01) (7, 3, 5.00000000000000000000e-01) (7, 3, 5.00000000000000000000e-01) (7, 3, 5.00000000000000000000e-01) (0, 3, 0.00000000000000000000e+00) (5, 0, 5.00000000000000000000e-01) (0, 0, 0.00000000000000000000e+00) 
connections (connected_to_neuron, weight)=(0, -1.97000190615653991699e-01) (1, -6.01525232195854187012e-02) (2, -2.42265835404396057129e-01) (3, 7.28637129068374633789e-02) (4, 2.18919113278388977051e-01) (5, 1.69345349073410034180e-01) (6, -6.53936564922332763672e-01) (0, -1.54917550086975097656e+00) (1, 5.72924390435218811035e-02) (2, -9.09123122692108154297e-01) (3, -1.58986783027648925781e+00) (4, 3.74253416061401367188e+00) (5, -6.05790279805660247803e-02) (6, 1.68107128143310546875e+00) (0, 2.75030255317687988281e-01) (1, 1.24260978773236274719e-02) (2, 8.41402411460876464844e-01) (3, -3.14280420541763305664e-01) (4, -7.63750299811363220215e-02) (5, -7.16601014137268066406e-01) (6, -1.23899376392364501953e+00) (0, -2.52337694168090820312e-01) (1, -4.30820077657699584961e-01) (2, -9.15916919708251953125e-01) (3, 2.09668818861246109009e-02) (4, 8.77775013446807861328e-01) (5, 5.49065709114074707031e-01) (6, 2.80018448829650878906e+00) (7, -5.81434592604637145996e-02) (8, 1.75840388983488082886e-02) (9, -1.33680552244186401367e-01) (10, -9.32796970009803771973e-02) (11, 1.33091717958450317383e-01) 
