FANN_FLO_2.1
num_layers=3
learning_rate=0.500000
connection_rate=1.000000
network_type=0
learning_momentum=0.000000
training_algorithm=2
train_error_function=1
train_stop_function=0
cascade_output_change_fraction=0.010000
quickprop_decay=-0.000100
quickprop_mu=1.750000
rprop_increase_factor=1.200000
rprop_decrease_factor=0.500000
rprop_delta_min=0.000000
rprop_delta_max=50.000000
rprop_delta_zero=0.100000
cascade_output_stagnation_epochs=12
cascade_candidate_change_fraction=0.010000
cascade_candidate_stagnation_epochs=12
cascade_max_out_epochs=150
cascade_min_out_epochs=50
cascade_max_cand_epochs=150
cascade_min_cand_epochs=50
cascade_num_candidate_groups=2
bit_fail_limit=3.49999994039535522461e-01
cascade_candidate_limit=1.00000000000000000000e+03
cascade_weight_multiplier=4.00000005960464477539e-01
cascade_activation_functions_count=10
cascade_activation_functions=3 5 7 8 10 11 14 15 16 17 
cascade_activation_steepnesses_count=4
cascade_activation_steepnesses=2.50000000000000000000e-01 5.00000000000000000000e-01 7.50000000000000000000e-01 1.00000000000000000000e+00 
layer_sizes=10 3 2 
scale_included=0
neurons (num_inputs, activation_function, activation_steepness)=(0, 0, 0.00000000000000000000e+00) (0, 0, 0.00000000000000000000e+00) (0, 0, 0.00000000000000000000e+00) (0, 0, 0.00000000000000000000e+00) (0, 0, 0.00000000000000000000e+00) (0, 0, 0.00000000000000000000e+00) (0, 0, 0.00000000000000000000e+00) (0, 0, 0.00000000000000000000e+00) (0, 0, 0.00000000000000000000e+00) (0, 0, 0.00000000000000000000e+00) (10, 3, 5.00000000000000000000e-01) (10, 3, 5.00000000000000000000e-01) (0, 3, 0.00000000000000000000e+00) (3, 3, 5.00000000000000000000e-01) (0, 3, 0.00000000000000000000e+00) 
connections (connected_to_neuron, weight)=(0, -4.71213102340698242188e-01) (1, -6.53597950935363769531e-01) (2, -4.03853029012680053711e-01) (3, -6.26164615154266357422e-01) (4, -3.92536729574203491211e-01) (5, -3.98480862379074096680e-01) (6, -3.25549781322479248047e-01) (7, -4.57314044237136840820e-01) (8, -4.83114302158355712891e-01) (9, 1.04533493518829345703e+00) (0, 4.84014183282852172852e-01) (1, 2.39957645535469055176e-01) (2, 6.31646871566772460938e-01) (3, 2.82445788383483886719e-01) (4, 5.74859678745269775391e-01) (5, 6.86422944068908691406e-01) (6, 7.24974811077117919922e-01) (7, 6.00306391716003417969e-01) (8, 4.96919989585876464844e-01) (9, -2.80478000640869140625e+00) (10, -3.10692644119262695312e+00) (11, 1.52606141567230224609e+00) (12, 2.09611296653747558594e-01) 
