FANN_FLO_2.1
num_layers=3
learning_rate=0.400000
connection_rate=1.000000
network_type=0
learning_momentum=0.000000
training_algorithm=2
train_error_function=1
train_stop_function=0
cascade_output_change_fraction=0.010000
quickprop_decay=-0.000100
quickprop_mu=1.750000
rprop_increase_factor=1.200000
rprop_decrease_factor=0.500000
rprop_delta_min=0.000000
rprop_delta_max=50.000000
rprop_delta_zero=0.100000
cascade_output_stagnation_epochs=12
cascade_candidate_change_fraction=0.010000
cascade_candidate_stagnation_epochs=12
cascade_max_out_epochs=150
cascade_min_out_epochs=50
cascade_max_cand_epochs=150
cascade_min_cand_epochs=50
cascade_num_candidate_groups=2
bit_fail_limit=3.49999994039535522461e-01
cascade_candidate_limit=1.00000000000000000000e+03
cascade_weight_multiplier=4.00000005960464477539e-01
cascade_activation_functions_count=10
cascade_activation_functions=3 5 7 8 10 11 14 15 16 17 
cascade_activation_steepnesses_count=4
cascade_activation_steepnesses=2.50000000000000000000e-01 5.00000000000000000000e-01 7.50000000000000000000e-01 1.00000000000000000000e+00 
layer_sizes=10 3 2 
scale_included=0
neurons (num_inputs, activation_function, activation_steepness)=(0, 0, 0.00000000000000000000e+00) (0, 0, 0.00000000000000000000e+00) (0, 0, 0.00000000000000000000e+00) (0, 0, 0.00000000000000000000e+00) (0, 0, 0.00000000000000000000e+00) (0, 0, 0.00000000000000000000e+00) (0, 0, 0.00000000000000000000e+00) (0, 0, 0.00000000000000000000e+00) (0, 0, 0.00000000000000000000e+00) (0, 0, 0.00000000000000000000e+00) (10, 3, 5.00000000000000000000e-01) (10, 3, 5.00000000000000000000e-01) (0, 3, 0.00000000000000000000e+00) (3, 3, 5.00000000000000000000e-01) (0, 3, 0.00000000000000000000e+00) 
connections (connected_to_neuron, weight)=(0, -1.54045015573501586914e-01) (1, -9.13427397608757019043e-02) (2, -1.72182589769363403320e-01) (3, -7.74888768792152404785e-02) (4, -3.17459926009178161621e-02) (5, -1.96961373090744018555e-01) (6, -2.01832979917526245117e-01) (7, -1.01981677114963531494e-01) (8, -2.13340312242507934570e-01) (9, -8.82026627659797668457e-02) (0, -1.46013915538787841797e-01) (1, -1.70700103044509887695e-01) (2, -8.39093104004859924316e-02) (3, -1.00104376673698425293e-01) (4, -1.97027534246444702148e-01) (5, -1.47217586636543273926e-01) (6, -1.19896210730075836182e-01) (7, -7.92940780520439147949e-02) (8, -7.28828832507133483887e-02) (9, -1.95613086223602294922e-01) (10, -4.53123673796653747559e-02) (11, -8.72216448187828063965e-02) (12, -1.93760514259338378906e-01) 
