FANN_FLO_2.1
num_layers=4
learning_rate=0.450000
connection_rate=1.000000
network_type=0
learning_momentum=0.000000
training_algorithm=2
train_error_function=1
train_stop_function=0
cascade_output_change_fraction=0.010000
quickprop_decay=-0.000100
quickprop_mu=1.750000
rprop_increase_factor=1.200000
rprop_decrease_factor=0.500000
rprop_delta_min=0.000000
rprop_delta_max=50.000000
rprop_delta_zero=0.100000
cascade_output_stagnation_epochs=12
cascade_candidate_change_fraction=0.010000
cascade_candidate_stagnation_epochs=12
cascade_max_out_epochs=150
cascade_min_out_epochs=50
cascade_max_cand_epochs=150
cascade_min_cand_epochs=50
cascade_num_candidate_groups=2
bit_fail_limit=3.49999994039535522461e-01
cascade_candidate_limit=1.00000000000000000000e+03
cascade_weight_multiplier=4.00000005960464477539e-01
cascade_activation_functions_count=10
cascade_activation_functions=3 5 7 8 10 11 14 15 16 17 
cascade_activation_steepnesses_count=4
cascade_activation_steepnesses=2.50000000000000000000e-01 5.00000000000000000000e-01 7.50000000000000000000e-01 1.00000000000000000000e+00 
layer_sizes=7 5 3 2 
scale_included=0
neurons (num_inputs, activation_function, activation_steepness)=(0, 0, 0.00000000000000000000e+00) (0, 0, 0.00000000000000000000e+00) (0, 0, 0.00000000000000000000e+00) (0, 0, 0.00000000000000000000e+00) (0, 0, 0.00000000000000000000e+00) (0, 0, 0.00000000000000000000e+00) (0, 0, 0.00000000000000000000e+00) (7, 3, 5.00000000000000000000e-01) (7, 3, 5.00000000000000000000e-01) (7, 3, 5.00000000000000000000e-01) (7, 3, 5.00000000000000000000e-01) (0, 3, 0.00000000000000000000e+00) (5, 3, 5.00000000000000000000e-01) (5, 3, 5.00000000000000000000e-01) (0, 3, 0.00000000000000000000e+00) (3, 0, 5.00000000000000000000e-01) (0, 0, 0.00000000000000000000e+00) 
connections (connected_to_neuron, weight)=(0, -2.84629594534635543823e-02) (1, 7.47792482376098632812e-01) (2, -5.21150171756744384766e-01) (3, 2.85057038068771362305e-01) (4, 7.79831945896148681641e-01) (5, -1.09013271331787109375e+00) (6, 4.55352872610092163086e-01) (0, -1.17705740034580230713e-01) (1, 1.60225570201873779297e-01) (2, -2.37418368458747863770e-01) (3, -2.16853007674217224121e-01) (4, 1.98305976390838623047e+00) (5, -1.44064176082611083984e+00) (6, 9.70455288887023925781e-01) (0, -2.22336244583129882812e+00) (1, 5.94983434677124023438e+00) (2, 6.69046735763549804688e+00) (3, -9.78621006011962890625e+00) (4, 4.82091979980468750000e+01) (5, -3.43933753967285156250e+01) (6, 1.12782144546508789062e+00) (0, -2.92493969202041625977e-01) (1, 5.03567934036254882812e-01) (2, -5.75186848640441894531e-01) (3, 6.02822080254554748535e-02) (4, 1.10159087181091308594e+00) (5, -7.22317934036254882812e-01) (6, 1.91946768760681152344e+00) (7, 2.51980042457580566406e+00) (8, 1.57715072631835937500e+01) (9, -5.15484380722045898438e+00) (10, -1.36710233688354492188e+01) (11, 6.81585502624511718750e+00) (7, -9.15257644653320312500e+00) (8, -1.36331510543823242188e+01) (9, 4.53778743743896484375e+00) (10, 4.94717407226562500000e+00) (11, -3.01442652940750122070e-01) (12, -3.33403319120407104492e-01) (13, 1.09745180606842041016e+00) (14, 3.39309841394424438477e-01) 
