FANN_FLO_2.1
num_layers=3
learning_rate=0.400000
connection_rate=1.000000
network_type=0
learning_momentum=0.000000
training_algorithm=2
train_error_function=1
train_stop_function=0
cascade_output_change_fraction=0.010000
quickprop_decay=-0.000100
quickprop_mu=1.750000
rprop_increase_factor=1.200000
rprop_decrease_factor=0.500000
rprop_delta_min=0.000000
rprop_delta_max=50.000000
rprop_delta_zero=0.100000
cascade_output_stagnation_epochs=12
cascade_candidate_change_fraction=0.010000
cascade_candidate_stagnation_epochs=12
cascade_max_out_epochs=150
cascade_min_out_epochs=50
cascade_max_cand_epochs=150
cascade_min_cand_epochs=50
cascade_num_candidate_groups=2
bit_fail_limit=3.49999994039535522461e-01
cascade_candidate_limit=1.00000000000000000000e+03
cascade_weight_multiplier=4.00000005960464477539e-01
cascade_activation_functions_count=10
cascade_activation_functions=3 5 7 8 10 11 14 15 16 17 
cascade_activation_steepnesses_count=4
cascade_activation_steepnesses=2.50000000000000000000e-01 5.00000000000000000000e-01 7.50000000000000000000e-01 1.00000000000000000000e+00 
layer_sizes=6 5 2 
scale_included=0
neurons (num_inputs, activation_function, activation_steepness)=(0, 0, 0.00000000000000000000e+00) (0, 0, 0.00000000000000000000e+00) (0, 0, 0.00000000000000000000e+00) (0, 0, 0.00000000000000000000e+00) (0, 0, 0.00000000000000000000e+00) (0, 0, 0.00000000000000000000e+00) (6, 3, 5.00000000000000000000e-01) (6, 3, 5.00000000000000000000e-01) (6, 3, 5.00000000000000000000e-01) (6, 3, 5.00000000000000000000e-01) (0, 3, 0.00000000000000000000e+00) (5, 0, 5.00000000000000000000e-01) (0, 0, 0.00000000000000000000e+00) 
connections (connected_to_neuron, weight)=(0, -1.50000000000000000000e+03) (1, 2.93926582336425781250e+01) (2, 6.55813674926757812500e+01) (3, -2.94217562675476074219e+00) (4, -2.29987931251525878906e+00) (5, -5.88599395751953125000e+00) (0, -1.50000000000000000000e+03) (1, 2.85694103240966796875e+01) (2, 6.55719680786132812500e+01) (3, -2.19008827209472656250e+00) (4, -1.78621757030487060547e+00) (5, -5.36052799224853515625e+00) (0, -1.50000000000000000000e+03) (1, -6.97619140625000000000e+02) (2, 9.28356647491455078125e+00) (3, -1.00778912353515625000e+03) (4, -8.23427081108093261719e-01) (5, -2.03202629089355468750e+01) (0, -1.50000000000000000000e+03) (1, -1.54971189498901367188e+01) (2, -1.00624716281890869141e+00) (3, -7.57181072235107421875e+00) (4, 1.80451357364654541016e+00) (5, -1.32299423217773437500e+00) (6, 5.23003041744232177734e-01) (7, 4.30730164051055908203e-01) (8, 2.74901270866394042969e-01) (9, 7.60787427425384521484e-01) (10, 6.06804549694061279297e-01) 
