FANN_FLO_2.1
num_layers=4
learning_rate=0.300000
connection_rate=1.000000
network_type=0
learning_momentum=0.000000
training_algorithm=2
train_error_function=1
train_stop_function=0
cascade_output_change_fraction=0.010000
quickprop_decay=-0.000100
quickprop_mu=1.750000
rprop_increase_factor=1.200000
rprop_decrease_factor=0.500000
rprop_delta_min=0.000000
rprop_delta_max=50.000000
rprop_delta_zero=0.100000
cascade_output_stagnation_epochs=12
cascade_candidate_change_fraction=0.010000
cascade_candidate_stagnation_epochs=12
cascade_max_out_epochs=150
cascade_min_out_epochs=50
cascade_max_cand_epochs=150
cascade_min_cand_epochs=50
cascade_num_candidate_groups=2
bit_fail_limit=3.49999994039535522461e-01
cascade_candidate_limit=1.00000000000000000000e+03
cascade_weight_multiplier=4.00000005960464477539e-01
cascade_activation_functions_count=10
cascade_activation_functions=3 5 7 8 10 11 14 15 16 17 
cascade_activation_steepnesses_count=4
cascade_activation_steepnesses=2.50000000000000000000e-01 5.00000000000000000000e-01 7.50000000000000000000e-01 1.00000000000000000000e+00 
layer_sizes=2 5 3 3 
scale_included=0
neurons (num_inputs, activation_function, activation_steepness)=(0, 0, 0.00000000000000000000e+00) (0, 0, 0.00000000000000000000e+00) (2, 3, 5.00000000000000000000e-01) (2, 3, 5.00000000000000000000e-01) (2, 3, 5.00000000000000000000e-01) (2, 3, 5.00000000000000000000e-01) (0, 3, 0.00000000000000000000e+00) (5, 3, 5.00000000000000000000e-01) (5, 3, 5.00000000000000000000e-01) (0, 3, 0.00000000000000000000e+00) (3, 0, 5.00000000000000000000e-01) (3, 0, 5.00000000000000000000e-01) (0, 0, 0.00000000000000000000e+00) 
connections (connected_to_neuron, weight)=(0, -2.27060184478759765625e+01) (1, -3.64568948745727539062e-01) (0, -2.67770137786865234375e+01) (1, -7.96304821968078613281e-01) (0, -1.91640052795410156250e+01) (1, 4.62426431477069854736e-03) (0, -2.16183319091796875000e+01) (1, -2.71894156932830810547e-01) (2, 6.45927965641021728516e-01) (3, 4.58284711837768554688e+00) (4, 3.50692778825759887695e-01) (5, 8.29380273818969726562e-01) (6, -1.24824500083923339844e+00) (2, 1.00003898143768310547e+00) (3, 7.98890352249145507812e+00) (4, 3.71684372425079345703e-01) (5, 6.56685411930084228516e-01) (6, -4.25213670730590820312e+00) (7, 3.64932343363761901855e-02) (8, 1.56008124351501464844e-01) (9, -1.90912827849388122559e-01) (7, -6.74838125705718994141e-01) (8, -8.42771232128143310547e-01) (9, -5.66201150417327880859e-01) 
