FANN_FLO_2.1
num_layers=4
learning_rate=0.450000
connection_rate=1.000000
network_type=0
learning_momentum=0.000000
training_algorithm=2
train_error_function=1
train_stop_function=0
cascade_output_change_fraction=0.010000
quickprop_decay=-0.000100
quickprop_mu=1.750000
rprop_increase_factor=1.200000
rprop_decrease_factor=0.500000
rprop_delta_min=0.000000
rprop_delta_max=50.000000
rprop_delta_zero=0.100000
cascade_output_stagnation_epochs=12
cascade_candidate_change_fraction=0.010000
cascade_candidate_stagnation_epochs=12
cascade_max_out_epochs=150
cascade_min_out_epochs=50
cascade_max_cand_epochs=150
cascade_min_cand_epochs=50
cascade_num_candidate_groups=2
bit_fail_limit=3.49999994039535522461e-01
cascade_candidate_limit=1.00000000000000000000e+03
cascade_weight_multiplier=4.00000005960464477539e-01
cascade_activation_functions_count=10
cascade_activation_functions=3 5 7 8 10 11 14 15 16 17 
cascade_activation_steepnesses_count=4
cascade_activation_steepnesses=2.50000000000000000000e-01 5.00000000000000000000e-01 7.50000000000000000000e-01 1.00000000000000000000e+00 
layer_sizes=7 3 3 2 
scale_included=0
neurons (num_inputs, activation_function, activation_steepness)=(0, 0, 0.00000000000000000000e+00) (0, 0, 0.00000000000000000000e+00) (0, 0, 0.00000000000000000000e+00) (0, 0, 0.00000000000000000000e+00) (0, 0, 0.00000000000000000000e+00) (0, 0, 0.00000000000000000000e+00) (0, 0, 0.00000000000000000000e+00) (7, 3, 5.00000000000000000000e-01) (7, 3, 5.00000000000000000000e-01) (0, 3, 0.00000000000000000000e+00) (3, 3, 5.00000000000000000000e-01) (3, 3, 5.00000000000000000000e-01) (0, 3, 0.00000000000000000000e+00) (3, 0, 5.00000000000000000000e-01) (0, 0, 0.00000000000000000000e+00) 
connections (connected_to_neuron, weight)=(0, 5.99232244491577148438e+00) (1, 1.17273218929767608643e-01) (2, 2.76436500549316406250e+01) (3, 4.85680541992187500000e+01) (4, -8.15310546875000000000e+02) (5, 3.63280558586120605469e+00) (6, 4.41600894927978515625e+00) (0, 1.44095825195312500000e+03) (1, 1.44095825195312500000e+03) (2, 1.44095825195312500000e+03) (3, 1.78647781372070312500e+02) (4, 1.50000000000000000000e+03) (5, 1.44095825195312500000e+03) (6, 1.44229328632354736328e+00) (7, 1.50000000000000000000e+03) (8, 9.42483901977539062500e+00) (9, -2.48391079902648925781e+00) (7, 4.24999938964843750000e+02) (8, 1.41400289535522460938e+01) (9, -2.33979663848876953125e+01) (10, 1.73814907670021057129e-01) (11, -1.44987475585937500000e+03) (12, -1.47481868043541908264e-03) 
