FANN_FLO_2.1
num_layers=3
learning_rate=0.400000
connection_rate=1.000000
network_type=0
learning_momentum=0.000000
training_algorithm=2
train_error_function=1
train_stop_function=0
cascade_output_change_fraction=0.010000
quickprop_decay=-0.000100
quickprop_mu=1.750000
rprop_increase_factor=1.200000
rprop_decrease_factor=0.500000
rprop_delta_min=0.000000
rprop_delta_max=50.000000
rprop_delta_zero=0.100000
cascade_output_stagnation_epochs=12
cascade_candidate_change_fraction=0.010000
cascade_candidate_stagnation_epochs=12
cascade_max_out_epochs=150
cascade_min_out_epochs=50
cascade_max_cand_epochs=150
cascade_min_cand_epochs=50
cascade_num_candidate_groups=2
bit_fail_limit=3.49999994039535522461e-01
cascade_candidate_limit=1.00000000000000000000e+03
cascade_weight_multiplier=4.00000005960464477539e-01
cascade_activation_functions_count=10
cascade_activation_functions=3 5 7 8 10 11 14 15 16 17 
cascade_activation_steepnesses_count=4
cascade_activation_steepnesses=2.50000000000000000000e-01 5.00000000000000000000e-01 7.50000000000000000000e-01 1.00000000000000000000e+00 
layer_sizes=10 3 2 
scale_included=0
neurons (num_inputs, activation_function, activation_steepness)=(0, 0, 0.00000000000000000000e+00) (0, 0, 0.00000000000000000000e+00) (0, 0, 0.00000000000000000000e+00) (0, 0, 0.00000000000000000000e+00) (0, 0, 0.00000000000000000000e+00) (0, 0, 0.00000000000000000000e+00) (0, 0, 0.00000000000000000000e+00) (0, 0, 0.00000000000000000000e+00) (0, 0, 0.00000000000000000000e+00) (0, 0, 0.00000000000000000000e+00) (10, 3, 5.00000000000000000000e-01) (10, 3, 5.00000000000000000000e-01) (0, 3, 0.00000000000000000000e+00) (3, 3, 5.00000000000000000000e-01) (0, 3, 0.00000000000000000000e+00) 
connections (connected_to_neuron, weight)=(0, 1.12544886767864227295e-01) (1, 1.00046277046203613281e-01) (2, 1.89575970172882080078e-01) (3, 1.04459837079048156738e-01) (4, 7.24087283015251159668e-02) (5, 1.65345489978790283203e-01) (6, 1.10946744680404663086e-01) (7, 1.96953505277633666992e-01) (8, 1.03199616074562072754e-01) (9, 3.51248681545257568359e-02) (0, 5.77594377100467681885e-02) (1, 3.88253778219223022461e-02) (2, 2.94816121459007263184e-02) (3, 5.59134781360626220703e-02) (4, 9.18238535523414611816e-02) (5, 1.65515899658203125000e-01) (6, 2.65460461378097534180e-02) (7, 1.92154169082641601562e-01) (8, 1.29312783479690551758e-01) (9, 2.12420731782913208008e-01) (10, -1.60771548748016357422e-01) (11, -2.15959131717681884766e-01) (12, -1.09570607542991638184e-01) 
