FANN_FLO_2.1
num_layers=3
learning_rate=0.400000
connection_rate=1.000000
network_type=0
learning_momentum=0.000000
training_algorithm=2
train_error_function=1
train_stop_function=0
cascade_output_change_fraction=0.010000
quickprop_decay=-0.000100
quickprop_mu=1.750000
rprop_increase_factor=1.200000
rprop_decrease_factor=0.500000
rprop_delta_min=0.000000
rprop_delta_max=50.000000
rprop_delta_zero=0.100000
cascade_output_stagnation_epochs=12
cascade_candidate_change_fraction=0.010000
cascade_candidate_stagnation_epochs=12
cascade_max_out_epochs=150
cascade_min_out_epochs=50
cascade_max_cand_epochs=150
cascade_min_cand_epochs=50
cascade_num_candidate_groups=2
bit_fail_limit=3.49999994039535522461e-01
cascade_candidate_limit=1.00000000000000000000e+03
cascade_weight_multiplier=4.00000005960464477539e-01
cascade_activation_functions_count=10
cascade_activation_functions=3 5 7 8 10 11 14 15 16 17 
cascade_activation_steepnesses_count=4
cascade_activation_steepnesses=2.50000000000000000000e-01 5.00000000000000000000e-01 7.50000000000000000000e-01 1.00000000000000000000e+00 
layer_sizes=6 5 2 
scale_included=0
neurons (num_inputs, activation_function, activation_steepness)=(0, 0, 0.00000000000000000000e+00) (0, 0, 0.00000000000000000000e+00) (0, 0, 0.00000000000000000000e+00) (0, 0, 0.00000000000000000000e+00) (0, 0, 0.00000000000000000000e+00) (0, 0, 0.00000000000000000000e+00) (6, 3, 5.00000000000000000000e-01) (6, 3, 5.00000000000000000000e-01) (6, 3, 5.00000000000000000000e-01) (6, 3, 5.00000000000000000000e-01) (0, 3, 0.00000000000000000000e+00) (5, 0, 5.00000000000000000000e-01) (0, 0, 0.00000000000000000000e+00) 
connections (connected_to_neuron, weight)=(0, -1.50000000000000000000e+03) (1, -1.20680004882812500000e+03) (2, 3.26643714904785156250e+01) (3, -5.97254676818847656250e+01) (4, 2.35201187133789062500e+01) (5, -6.94314241409301757812e-01) (0, -5.06261352539062500000e+02) (1, -1.41293554687500000000e+03) (2, 2.72255462646484375000e+02) (3, 8.36786079406738281250e+00) (4, 7.55380868911743164062e-01) (5, 3.06594580411911010742e-01) (0, 1.50000000000000000000e+03) (1, -3.64736145019531250000e+02) (2, -2.19412780761718750000e+02) (3, 9.92984802246093750000e+02) (4, 1.12647495269775390625e+01) (5, 9.70254391431808471680e-02) (0, -1.50000000000000000000e+03) (1, -1.32665759277343750000e+03) (2, 4.78825622558593750000e+02) (3, -5.92138748168945312500e+01) (4, 1.13499808311462402344e+00) (5, 4.72206622362136840820e-01) (6, 2.60145187377929687500e+01) (7, -1.43961417675018310547e+00) (8, -3.33166390657424926758e-01) (9, 1.24035584926605224609e+00) (10, 8.68443369865417480469e-01) 
