FANN_FLO_2.1
num_layers=3
learning_rate=0.450000
connection_rate=1.000000
network_type=0
learning_momentum=0.000000
training_algorithm=2
train_error_function=1
train_stop_function=0
cascade_output_change_fraction=0.010000
quickprop_decay=-0.000100
quickprop_mu=1.750000
rprop_increase_factor=1.200000
rprop_decrease_factor=0.500000
rprop_delta_min=0.000000
rprop_delta_max=50.000000
rprop_delta_zero=0.100000
cascade_output_stagnation_epochs=12
cascade_candidate_change_fraction=0.010000
cascade_candidate_stagnation_epochs=12
cascade_max_out_epochs=150
cascade_min_out_epochs=50
cascade_max_cand_epochs=150
cascade_min_cand_epochs=50
cascade_num_candidate_groups=2
bit_fail_limit=3.49999994039535522461e-01
cascade_candidate_limit=1.00000000000000000000e+03
cascade_weight_multiplier=4.00000005960464477539e-01
cascade_activation_functions_count=10
cascade_activation_functions=3 5 7 8 10 11 14 15 16 17 
cascade_activation_steepnesses_count=4
cascade_activation_steepnesses=2.50000000000000000000e-01 5.00000000000000000000e-01 7.50000000000000000000e-01 1.00000000000000000000e+00 
layer_sizes=7 5 2 
scale_included=0
neurons (num_inputs, activation_function, activation_steepness)=(0, 0, 0.00000000000000000000e+00) (0, 0, 0.00000000000000000000e+00) (0, 0, 0.00000000000000000000e+00) (0, 0, 0.00000000000000000000e+00) (0, 0, 0.00000000000000000000e+00) (0, 0, 0.00000000000000000000e+00) (0, 0, 0.00000000000000000000e+00) (7, 3, 5.00000000000000000000e-01) (7, 3, 5.00000000000000000000e-01) (7, 3, 5.00000000000000000000e-01) (7, 3, 5.00000000000000000000e-01) (0, 3, 0.00000000000000000000e+00) (5, 0, 5.00000000000000000000e-01) (0, 0, 0.00000000000000000000e+00) 
connections (connected_to_neuron, weight)=(0, -5.70104122161865234375e-01) (1, 1.69998037815093994141e+00) (2, 1.20785369873046875000e+02) (3, -4.46121358871459960938e+00) (4, 9.88204574584960937500e+00) (5, 4.10338401794433593750e+00) (6, -3.53978347778320312500e+01) (0, -2.91197705268859863281e+00) (1, -1.09672558307647705078e+00) (2, 5.12177181243896484375e+00) (3, -3.81689739227294921875e+00) (4, 4.12804603576660156250e-01) (5, -5.42305231094360351562e-01) (6, -1.07310466766357421875e+01) (0, -2.85721957683563232422e-01) (1, 2.17205023765563964844e+00) (2, 3.80718536376953125000e+01) (3, -2.30343461036682128906e+00) (4, 3.54241371154785156250e+00) (5, 2.15690517425537109375e+00) (6, -9.65832996368408203125e+00) (0, -7.32795298099517822266e-01) (1, -5.53707957267761230469e-01) (2, 1.33635544776916503906e+00) (3, -1.48223937988281250000e+02) (4, -5.43518662452697753906e-01) (5, 1.73421835899353027344e+00) (6, -1.41773760318756103516e+00) (7, -1.21795877814292907715e-01) (8, -2.23311129957437515259e-02) (9, -4.52829331159591674805e-01) (10, 1.47019594907760620117e-01) (11, 5.81657588481903076172e-01) 
