FANN_FLO_2.1
num_layers=3
learning_rate=0.400000
connection_rate=1.000000
network_type=0
learning_momentum=0.000000
training_algorithm=2
train_error_function=1
train_stop_function=0
cascade_output_change_fraction=0.010000
quickprop_decay=-0.000100
quickprop_mu=1.750000
rprop_increase_factor=1.200000
rprop_decrease_factor=0.500000
rprop_delta_min=0.000000
rprop_delta_max=50.000000
rprop_delta_zero=0.100000
cascade_output_stagnation_epochs=12
cascade_candidate_change_fraction=0.010000
cascade_candidate_stagnation_epochs=12
cascade_max_out_epochs=150
cascade_min_out_epochs=50
cascade_max_cand_epochs=150
cascade_min_cand_epochs=50
cascade_num_candidate_groups=2
bit_fail_limit=3.49999994039535522461e-01
cascade_candidate_limit=1.00000000000000000000e+03
cascade_weight_multiplier=4.00000005960464477539e-01
cascade_activation_functions_count=10
cascade_activation_functions=3 5 7 8 10 11 14 15 16 17 
cascade_activation_steepnesses_count=4
cascade_activation_steepnesses=2.50000000000000000000e-01 5.00000000000000000000e-01 7.50000000000000000000e-01 1.00000000000000000000e+00 
layer_sizes=6 5 2 
scale_included=0
neurons (num_inputs, activation_function, activation_steepness)=(0, 0, 0.00000000000000000000e+00) (0, 0, 0.00000000000000000000e+00) (0, 0, 0.00000000000000000000e+00) (0, 0, 0.00000000000000000000e+00) (0, 0, 0.00000000000000000000e+00) (0, 0, 0.00000000000000000000e+00) (6, 3, 5.00000000000000000000e-01) (6, 3, 5.00000000000000000000e-01) (6, 3, 5.00000000000000000000e-01) (6, 3, 5.00000000000000000000e-01) (0, 3, 0.00000000000000000000e+00) (5, 0, 5.00000000000000000000e-01) (0, 0, 0.00000000000000000000e+00) 
connections (connected_to_neuron, weight)=(0, -1.50000000000000000000e+03) (1, -2.34729751586914062500e+02) (2, 1.15608520507812500000e+01) (3, -5.51702079772949218750e+01) (4, -5.76157718896865844727e-02) (5, -2.56761112213134765625e+01) (0, -1.50000000000000000000e+03) (1, -2.85159027099609375000e+02) (2, 4.63200092315673828125e+00) (3, -7.79077224731445312500e+01) (4, -2.74196457862854003906e+00) (5, -2.65910282135009765625e+01) (0, -1.50000000000000000000e+03) (1, -1.13487958908081054688e+01) (2, 2.77082967758178710938e+00) (3, -1.73396694660186767578e+00) (4, -5.65279436111450195312e+00) (5, -3.65480154752731323242e-01) (0, -1.50000000000000000000e+03) (1, -2.35006958007812500000e+02) (2, 1.15576324462890625000e+01) (3, -5.51121864318847656250e+01) (4, -1.46614173427224159241e-02) (5, -2.42754306793212890625e+01) (6, 3.92506332397460937500e+01) (7, 4.17243461608886718750e+01) (8, 7.30398082733154296875e+00) (9, 3.93292617797851562500e+01) (10, 7.86588132381439208984e-01) 
