FANN_FLO_2.1
num_layers=3
learning_rate=0.400000
connection_rate=1.000000
network_type=0
learning_momentum=0.000000
training_algorithm=2
train_error_function=1
train_stop_function=0
cascade_output_change_fraction=0.010000
quickprop_decay=-0.000100
quickprop_mu=1.750000
rprop_increase_factor=1.200000
rprop_decrease_factor=0.500000
rprop_delta_min=0.000000
rprop_delta_max=50.000000
rprop_delta_zero=0.100000
cascade_output_stagnation_epochs=12
cascade_candidate_change_fraction=0.010000
cascade_candidate_stagnation_epochs=12
cascade_max_out_epochs=150
cascade_min_out_epochs=50
cascade_max_cand_epochs=150
cascade_min_cand_epochs=50
cascade_num_candidate_groups=2
bit_fail_limit=3.49999994039535522461e-01
cascade_candidate_limit=1.00000000000000000000e+03
cascade_weight_multiplier=4.00000005960464477539e-01
cascade_activation_functions_count=10
cascade_activation_functions=3 5 7 8 10 11 14 15 16 17 
cascade_activation_steepnesses_count=4
cascade_activation_steepnesses=2.50000000000000000000e-01 5.00000000000000000000e-01 7.50000000000000000000e-01 1.00000000000000000000e+00 
layer_sizes=10 3 2 
scale_included=0
neurons (num_inputs, activation_function, activation_steepness)=(0, 0, 0.00000000000000000000e+00) (0, 0, 0.00000000000000000000e+00) (0, 0, 0.00000000000000000000e+00) (0, 0, 0.00000000000000000000e+00) (0, 0, 0.00000000000000000000e+00) (0, 0, 0.00000000000000000000e+00) (0, 0, 0.00000000000000000000e+00) (0, 0, 0.00000000000000000000e+00) (0, 0, 0.00000000000000000000e+00) (0, 0, 0.00000000000000000000e+00) (10, 3, 5.00000000000000000000e-01) (10, 3, 5.00000000000000000000e-01) (0, 3, 0.00000000000000000000e+00) (3, 3, 5.00000000000000000000e-01) (0, 3, 0.00000000000000000000e+00) 
connections (connected_to_neuron, weight)=(0, -1.50186419486999511719e-01) (1, -8.95101651549339294434e-02) (2, -1.39544159173965454102e-01) (3, -9.86324176192283630371e-02) (4, -1.82972952723503112793e-01) (5, -3.94722446799278259277e-02) (6, -7.79334530234336853027e-02) (7, -2.52664908766746520996e-02) (8, -1.93758562207221984863e-01) (9, -9.44895222783088684082e-02) (0, 1.00782722234725952148e-01) (1, 4.41680923104286193848e-02) (2, 1.50926172733306884766e-01) (3, 1.73956573009490966797e-01) (4, 8.21343809366226196289e-02) (5, 1.75110310316085815430e-01) (6, 6.84709250926971435547e-02) (7, 5.35941421985626220703e-02) (8, 1.06749214231967926025e-01) (9, 1.89169257879257202148e-01) (10, -7.51051083207130432129e-02) (11, -1.73157989978790283203e-01) (12, -1.30788341164588928223e-01) 
