FANN_FLO_2.1
num_layers=3
learning_rate=0.500000
connection_rate=1.000000
network_type=0
learning_momentum=0.000000
training_algorithm=2
train_error_function=1
train_stop_function=0
cascade_output_change_fraction=0.010000
quickprop_decay=-0.000100
quickprop_mu=1.750000
rprop_increase_factor=1.200000
rprop_decrease_factor=0.500000
rprop_delta_min=0.000000
rprop_delta_max=50.000000
rprop_delta_zero=0.100000
cascade_output_stagnation_epochs=12
cascade_candidate_change_fraction=0.010000
cascade_candidate_stagnation_epochs=12
cascade_max_out_epochs=150
cascade_min_out_epochs=50
cascade_max_cand_epochs=150
cascade_min_cand_epochs=50
cascade_num_candidate_groups=2
bit_fail_limit=3.49999994039535522461e-01
cascade_candidate_limit=1.00000000000000000000e+03
cascade_weight_multiplier=4.00000005960464477539e-01
cascade_activation_functions_count=10
cascade_activation_functions=3 5 7 8 10 11 14 15 16 17 
cascade_activation_steepnesses_count=4
cascade_activation_steepnesses=2.50000000000000000000e-01 5.00000000000000000000e-01 7.50000000000000000000e-01 1.00000000000000000000e+00 
layer_sizes=3 9 4 
scale_included=0
neurons (num_inputs, activation_function, activation_steepness)=(0, 0, 0.00000000000000000000e+00) (0, 0, 0.00000000000000000000e+00) (0, 0, 0.00000000000000000000e+00) (3, 3, 5.00000000000000000000e-01) (3, 3, 5.00000000000000000000e-01) (3, 3, 5.00000000000000000000e-01) (3, 3, 5.00000000000000000000e-01) (3, 3, 5.00000000000000000000e-01) (3, 3, 5.00000000000000000000e-01) (3, 3, 5.00000000000000000000e-01) (3, 3, 5.00000000000000000000e-01) (0, 3, 0.00000000000000000000e+00) (9, 0, 5.00000000000000000000e-01) (9, 0, 5.00000000000000000000e-01) (9, 0, 5.00000000000000000000e-01) (0, 0, 0.00000000000000000000e+00) 
connections (connected_to_neuron, weight)=(0, -5.37253761291503906250e+00) (1, 9.05085754394531250000e+00) (2, -7.16066479682922363281e-01) (0, -2.35881662368774414062e+00) (1, 5.42422056198120117188e-01) (2, 1.37049973011016845703e+00) (0, -4.35489845275878906250e+00) (1, -1.37565374374389648438e+00) (2, 2.83387571573257446289e-01) (0, -6.07862854003906250000e+00) (1, 1.13947277069091796875e+01) (2, 3.01980304718017578125e+00) (0, -2.88506507873535156250e+00) (1, 4.95779097080230712891e-01) (2, 5.50255954265594482422e-01) (0, -8.41505527496337890625e+00) (1, 1.66475086212158203125e+01) (2, 9.08873176574707031250e+00) (0, -7.25499153137207031250e+00) (1, 8.24228096008300781250e+00) (2, -2.44024801254272460938e+00) (0, -1.20998132228851318359e+00) (1, -2.06083130836486816406e+00) (2, 7.41395950317382812500e-01) (3, 1.21380531787872314453e+00) (4, 2.06977561116218566895e-01) (5, 2.46927833557128906250e+00) (6, 3.30488711595535278320e-01) (7, 1.83349776268005371094e+00) (8, 4.27031129598617553711e-01) (9, 1.17522287368774414062e+00) (10, 2.52932548522949218750e+00) (11, 4.19824212789535522461e-01) (3, 2.94017934799194335938e+00) (4, 3.61138629913330078125e+00) (5, 4.59702634811401367188e+00) (6, 3.01393151283264160156e+00) (7, 4.97727584838867187500e+00) (8, 1.37720406055450439453e+00) (9, 2.54925155639648437500e+00) (10, 9.45814990997314453125e+00) (11, 1.42720997333526611328e+00) (3, 7.28232049942016601562e+00) (4, 1.41880111694335937500e+01) (5, 1.41678686141967773438e+01) (6, 9.46197700500488281250e+00) (7, 1.41739349365234375000e+01) (8, 7.83060455322265625000e+00) (9, 7.81961536407470703125e+00) (10, 3.19247131347656250000e+01) (11, 7.86236953735351562500e+00) 
