FANN_FLO_2.1
num_layers=3
learning_rate=0.500000
connection_rate=1.000000
network_type=0
learning_momentum=0.000000
training_algorithm=2
train_error_function=1
train_stop_function=0
cascade_output_change_fraction=0.010000
quickprop_decay=-0.000100
quickprop_mu=1.750000
rprop_increase_factor=1.200000
rprop_decrease_factor=0.500000
rprop_delta_min=0.000000
rprop_delta_max=50.000000
rprop_delta_zero=0.100000
cascade_output_stagnation_epochs=12
cascade_candidate_change_fraction=0.010000
cascade_candidate_stagnation_epochs=12
cascade_max_out_epochs=150
cascade_min_out_epochs=50
cascade_max_cand_epochs=150
cascade_min_cand_epochs=50
cascade_num_candidate_groups=2
bit_fail_limit=3.49999994039535522461e-01
cascade_candidate_limit=1.00000000000000000000e+03
cascade_weight_multiplier=4.00000005960464477539e-01
cascade_activation_functions_count=10
cascade_activation_functions=3 5 7 8 10 11 14 15 16 17 
cascade_activation_steepnesses_count=4
cascade_activation_steepnesses=2.50000000000000000000e-01 5.00000000000000000000e-01 7.50000000000000000000e-01 1.00000000000000000000e+00 
layer_sizes=7 9 2 
scale_included=0
neurons (num_inputs, activation_function, activation_steepness)=(0, 0, 0.00000000000000000000e+00) (0, 0, 0.00000000000000000000e+00) (0, 0, 0.00000000000000000000e+00) (0, 0, 0.00000000000000000000e+00) (0, 0, 0.00000000000000000000e+00) (0, 0, 0.00000000000000000000e+00) (0, 0, 0.00000000000000000000e+00) (7, 3, 5.00000000000000000000e-01) (7, 3, 5.00000000000000000000e-01) (7, 3, 5.00000000000000000000e-01) (7, 3, 5.00000000000000000000e-01) (7, 3, 5.00000000000000000000e-01) (7, 3, 5.00000000000000000000e-01) (7, 3, 5.00000000000000000000e-01) (7, 3, 5.00000000000000000000e-01) (0, 3, 0.00000000000000000000e+00) (9, 0, 5.00000000000000000000e-01) (0, 0, 0.00000000000000000000e+00) 
connections (connected_to_neuron, weight)=(0, -6.83047056198120117188e-01) (1, 7.08635449409484863281e-01) (2, 1.46532887592911720276e-02) (3, -6.27769291400909423828e-01) (4, 3.00271451473236083984e-01) (5, 2.64614820480346679688e-01) (6, -1.30291414260864257812e+00) (0, -6.33495211601257324219e-01) (1, 2.91846060752868652344e+00) (2, 1.33533239364624023438e+00) (3, -9.45360898971557617188e-01) (4, -1.57473576068878173828e+00) (5, -1.36606132984161376953e+00) (6, -1.57431209087371826172e+00) (0, -1.12053143978118896484e+00) (1, -5.57573699951171875000e+01) (2, 2.21197013854980468750e+01) (3, -1.74607110023498535156e+00) (4, -4.78690414428710937500e+01) (5, -7.26796293258666992188e+00) (6, -1.38748931884765625000e+00) (0, -8.46012413501739501953e-01) (1, 2.46489095687866210938e+00) (2, -9.21478807926177978516e-01) (3, -8.33471834659576416016e-01) (4, 6.04634475708007812500e+00) (5, -2.44663286209106445312e+00) (6, -2.41884976625442504883e-01) (0, -3.43387866020202636719e+00) (1, -8.88647735118865966797e-01) (2, 3.73745107650756835938e+00) (3, -4.52872848510742187500e+00) (4, -3.73104286193847656250e+00) (5, -1.47579956054687500000e+01) (6, -3.66632199287414550781e+00) (0, 3.75198507308959960938e+00) (1, 1.43552413940429687500e+02) (2, 1.43040002441406250000e+03) (3, 9.84759426116943359375e+00) (4, 2.60525115966796875000e+02) (5, 1.50000000000000000000e+03) (6, -2.27186131477355957031e+00) (0, -3.76055657863616943359e-01) (1, 4.56138610839843750000e-01) (2, -6.14948809146881103516e-01) (3, -9.35990810394287109375e-02) (4, -4.96617443859577178955e-02) (5, 6.74327552318572998047e-01) (6, -3.90795975923538208008e-01) (0, -6.27591907978057861328e-01) (1, -8.15255820751190185547e-01) (2, 2.13533677160739898682e-02) (3, -7.42529213428497314453e-01) (4, -3.11966687440872192383e-01) (5, 1.25455653667449951172e+00) (6, -6.29907429218292236328e-01) (7, 1.67705174535512924194e-02) (8, -2.05426253378391265869e-02) (9, -1.29276323318481445312e+00) (10, -3.90275046229362487793e-02) (11, 2.26437187194824218750e+00) (12, 1.14708840847015380859e-02) (13, -2.57855486124753952026e-02) (14, -1.38281565159559249878e-03) (15, 5.33289611339569091797e-02) 
