FANN_FLO_2.1
num_layers=4
learning_rate=0.300000
connection_rate=1.000000
network_type=0
learning_momentum=0.000000
training_algorithm=2
train_error_function=1
train_stop_function=0
cascade_output_change_fraction=0.010000
quickprop_decay=-0.000100
quickprop_mu=1.750000
rprop_increase_factor=1.200000
rprop_decrease_factor=0.500000
rprop_delta_min=0.000000
rprop_delta_max=50.000000
rprop_delta_zero=0.100000
cascade_output_stagnation_epochs=12
cascade_candidate_change_fraction=0.010000
cascade_candidate_stagnation_epochs=12
cascade_max_out_epochs=150
cascade_min_out_epochs=50
cascade_max_cand_epochs=150
cascade_min_cand_epochs=50
cascade_num_candidate_groups=2
bit_fail_limit=3.49999994039535522461e-01
cascade_candidate_limit=1.00000000000000000000e+03
cascade_weight_multiplier=4.00000005960464477539e-01
cascade_activation_functions_count=10
cascade_activation_functions=3 5 7 8 10 11 14 15 16 17 
cascade_activation_steepnesses_count=4
cascade_activation_steepnesses=2.50000000000000000000e-01 5.00000000000000000000e-01 7.50000000000000000000e-01 1.00000000000000000000e+00 
layer_sizes=2 5 5 3 
scale_included=0
neurons (num_inputs, activation_function, activation_steepness)=(0, 0, 0.00000000000000000000e+00) (0, 0, 0.00000000000000000000e+00) (2, 3, 5.00000000000000000000e-01) (2, 3, 5.00000000000000000000e-01) (2, 3, 5.00000000000000000000e-01) (2, 3, 5.00000000000000000000e-01) (0, 3, 0.00000000000000000000e+00) (5, 3, 5.00000000000000000000e-01) (5, 3, 5.00000000000000000000e-01) (5, 3, 5.00000000000000000000e-01) (5, 3, 5.00000000000000000000e-01) (0, 3, 0.00000000000000000000e+00) (5, 0, 5.00000000000000000000e-01) (5, 0, 5.00000000000000000000e-01) (0, 0, 0.00000000000000000000e+00) 
connections (connected_to_neuron, weight)=(0, -8.09364318847656250000e+00) (1, -1.02210330963134765625e+01) (0, -2.05127792358398437500e+01) (1, -3.53277087211608886719e+00) (0, -5.03998908996582031250e+01) (1, -3.24761986732482910156e+00) (0, -8.90422439575195312500e+00) (1, -9.98546600341796875000e+00) (2, 1.08700075149536132812e+01) (3, -2.96714448928833007812e+00) (4, -2.51031851768493652344e+00) (5, 1.49673643112182617188e+01) (6, -3.20824408531188964844e+00) (2, -2.06277828216552734375e+01) (3, 7.13348102569580078125e+00) (4, 3.20068812370300292969e+00) (5, 3.82008123397827148438e+00) (6, -7.08713978528976440430e-02) (2, -7.02287244796752929688e+00) (3, 5.45024871826171875000e+00) (4, 3.99090027809143066406e+00) (5, -4.30910158157348632812e+00) (6, -9.54380631446838378906e-01) (2, 8.22067677974700927734e-01) (3, -1.51976060867309570312e+00) (4, 1.05240941047668457031e+00) (5, 6.19193744659423828125e+00) (6, -1.43612730503082275391e+00) (7, 4.11308277398347854614e-03) (8, -5.22115342319011688232e-02) (9, 7.93706476688385009766e-02) (10, -2.54739774391055107117e-03) (11, -1.47364968433976173401e-02) (7, -1.00924682617187500000e+00) (8, -5.30120372772216796875e-01) (9, -9.25892293453216552734e-01) (10, -6.50875926017761230469e-01) (11, -3.75685900449752807617e-01) 
