FANN_FLO_2.1
num_layers=3
learning_rate=0.500000
connection_rate=1.000000
network_type=0
learning_momentum=0.000000
training_algorithm=2
train_error_function=1
train_stop_function=0
cascade_output_change_fraction=0.010000
quickprop_decay=-0.000100
quickprop_mu=1.750000
rprop_increase_factor=1.200000
rprop_decrease_factor=0.500000
rprop_delta_min=0.000000
rprop_delta_max=50.000000
rprop_delta_zero=0.100000
cascade_output_stagnation_epochs=12
cascade_candidate_change_fraction=0.010000
cascade_candidate_stagnation_epochs=12
cascade_max_out_epochs=150
cascade_min_out_epochs=50
cascade_max_cand_epochs=150
cascade_min_cand_epochs=50
cascade_num_candidate_groups=2
bit_fail_limit=3.49999994039535522461e-01
cascade_candidate_limit=1.00000000000000000000e+03
cascade_weight_multiplier=4.00000005960464477539e-01
cascade_activation_functions_count=10
cascade_activation_functions=3 5 7 8 10 11 14 15 16 17 
cascade_activation_steepnesses_count=4
cascade_activation_steepnesses=2.50000000000000000000e-01 5.00000000000000000000e-01 7.50000000000000000000e-01 1.00000000000000000000e+00 
layer_sizes=3 5 4 
scale_included=0
neurons (num_inputs, activation_function, activation_steepness)=(0, 0, 0.00000000000000000000e+00) (0, 0, 0.00000000000000000000e+00) (0, 0, 0.00000000000000000000e+00) (3, 3, 5.00000000000000000000e-01) (3, 3, 5.00000000000000000000e-01) (3, 3, 5.00000000000000000000e-01) (3, 3, 5.00000000000000000000e-01) (0, 3, 0.00000000000000000000e+00) (5, 0, 5.00000000000000000000e-01) (5, 0, 5.00000000000000000000e-01) (5, 0, 5.00000000000000000000e-01) (0, 0, 0.00000000000000000000e+00) 
connections (connected_to_neuron, weight)=(0, -2.78150367736816406250e+01) (1, 1.01542263031005859375e+01) (2, 1.87332248687744140625e+01) (0, -1.36775894165039062500e+01) (1, 1.09322023391723632812e+01) (2, 1.49116058349609375000e+01) (0, -2.80015540122985839844e+00) (1, 1.06438800692558288574e-01) (2, 2.34715059399604797363e-01) (0, -2.27978420257568359375e+00) (1, -3.11939144134521484375e+00) (2, 1.03223133087158203125e+00) (3, 6.79978609085083007812e-01) (4, 1.33419227600097656250e+00) (5, 4.59458208084106445312e+00) (6, 2.80053901672363281250e+00) (7, 1.13541948795318603516e+00) (3, 3.38260674476623535156e+00) (4, 5.13391304016113281250e+00) (5, 1.16766262054443359375e+01) (6, 8.38242721557617187500e+00) (7, 4.16379451751708984375e+00) (3, 1.23645009994506835938e+01) (4, 1.75782489776611328125e+01) (5, 3.32001152038574218750e+01) (6, 2.88207168579101562500e+01) (7, 1.84672031402587890625e+01) 
