FANN_FLO_2.1
num_layers=3
learning_rate=0.450000
connection_rate=1.000000
network_type=0
learning_momentum=0.000000
training_algorithm=2
train_error_function=1
train_stop_function=0
cascade_output_change_fraction=0.010000
quickprop_decay=-0.000100
quickprop_mu=1.750000
rprop_increase_factor=1.200000
rprop_decrease_factor=0.500000
rprop_delta_min=0.000000
rprop_delta_max=50.000000
rprop_delta_zero=0.100000
cascade_output_stagnation_epochs=12
cascade_candidate_change_fraction=0.010000
cascade_candidate_stagnation_epochs=12
cascade_max_out_epochs=150
cascade_min_out_epochs=50
cascade_max_cand_epochs=150
cascade_min_cand_epochs=50
cascade_num_candidate_groups=2
bit_fail_limit=3.49999994039535522461e-01
cascade_candidate_limit=1.00000000000000000000e+03
cascade_weight_multiplier=4.00000005960464477539e-01
cascade_activation_functions_count=10
cascade_activation_functions=3 5 7 8 10 11 14 15 16 17 
cascade_activation_steepnesses_count=4
cascade_activation_steepnesses=2.50000000000000000000e-01 5.00000000000000000000e-01 7.50000000000000000000e-01 1.00000000000000000000e+00 
layer_sizes=7 5 2 
scale_included=0
neurons (num_inputs, activation_function, activation_steepness)=(0, 0, 0.00000000000000000000e+00) (0, 0, 0.00000000000000000000e+00) (0, 0, 0.00000000000000000000e+00) (0, 0, 0.00000000000000000000e+00) (0, 0, 0.00000000000000000000e+00) (0, 0, 0.00000000000000000000e+00) (0, 0, 0.00000000000000000000e+00) (7, 3, 5.00000000000000000000e-01) (7, 3, 5.00000000000000000000e-01) (7, 3, 5.00000000000000000000e-01) (7, 3, 5.00000000000000000000e-01) (0, 3, 0.00000000000000000000e+00) (5, 0, 5.00000000000000000000e-01) (0, 0, 0.00000000000000000000e+00) 
connections (connected_to_neuron, weight)=(0, -8.72974991798400878906e-01) (1, -6.74975931644439697266e-01) (2, -2.00288981199264526367e-01) (3, -2.94897127151489257812e+00) (4, 5.43770074844360351562e-01) (5, 1.72773078083992004395e-01) (6, -4.88379859924316406250e+00) (0, -7.16129183769226074219e-01) (1, -6.29104316234588623047e-01) (2, 4.68520671129226684570e-02) (3, -1.68323993682861328125e+00) (4, -7.71494984626770019531e-01) (5, -1.34118998050689697266e+00) (6, 7.83531522750854492188e+00) (0, 5.39152085781097412109e-01) (1, -3.09294968843460083008e-01) (2, 3.83851170539855957031e+00) (3, -1.13685142993927001953e+00) (4, 5.60262918472290039062e+00) (5, 1.93527825176715850830e-02) (6, -4.75414896011352539062e+00) (0, 3.39607428759336471558e-03) (1, 8.60122814774513244629e-02) (2, 5.33122010529041290283e-03) (3, 4.20358061790466308594e-01) (4, -1.96801777929067611694e-02) (5, -4.07450556755065917969e-01) (6, 2.05493211746215820312e+00) (7, -4.19384735107421875000e+02) (8, 5.33436089754104614258e-02) (9, -5.94032347202301025391e-01) (10, 3.10288041830062866211e-01) (11, 2.97054797410964965820e-01) 
