FANN_FLO_2.1
num_layers=3
learning_rate=0.500000
connection_rate=1.000000
network_type=0
learning_momentum=0.000000
training_algorithm=2
train_error_function=1
train_stop_function=0
cascade_output_change_fraction=0.010000
quickprop_decay=-0.000100
quickprop_mu=1.750000
rprop_increase_factor=1.200000
rprop_decrease_factor=0.500000
rprop_delta_min=0.000000
rprop_delta_max=50.000000
rprop_delta_zero=0.100000
cascade_output_stagnation_epochs=12
cascade_candidate_change_fraction=0.010000
cascade_candidate_stagnation_epochs=12
cascade_max_out_epochs=150
cascade_min_out_epochs=50
cascade_max_cand_epochs=150
cascade_min_cand_epochs=50
cascade_num_candidate_groups=2
bit_fail_limit=3.49999994039535522461e-01
cascade_candidate_limit=1.00000000000000000000e+03
cascade_weight_multiplier=4.00000005960464477539e-01
cascade_activation_functions_count=10
cascade_activation_functions=3 5 7 8 10 11 14 15 16 17 
cascade_activation_steepnesses_count=4
cascade_activation_steepnesses=2.50000000000000000000e-01 5.00000000000000000000e-01 7.50000000000000000000e-01 1.00000000000000000000e+00 
layer_sizes=10 3 2 
scale_included=0
neurons (num_inputs, activation_function, activation_steepness)=(0, 0, 0.00000000000000000000e+00) (0, 0, 0.00000000000000000000e+00) (0, 0, 0.00000000000000000000e+00) (0, 0, 0.00000000000000000000e+00) (0, 0, 0.00000000000000000000e+00) (0, 0, 0.00000000000000000000e+00) (0, 0, 0.00000000000000000000e+00) (0, 0, 0.00000000000000000000e+00) (0, 0, 0.00000000000000000000e+00) (0, 0, 0.00000000000000000000e+00) (10, 3, 5.00000000000000000000e-01) (10, 3, 5.00000000000000000000e-01) (0, 3, 0.00000000000000000000e+00) (3, 3, 5.00000000000000000000e-01) (0, 3, 0.00000000000000000000e+00) 
connections (connected_to_neuron, weight)=(0, -2.41838321089744567871e-01) (1, -7.36001670360565185547e-01) (2, -1.02394610643386840820e-01) (3, -5.27907192707061767578e-01) (4, -4.87332344055175781250e-01) (5, -9.10209953784942626953e-01) (6, -7.88097262382507324219e-01) (7, -6.34542524814605712891e-01) (8, -4.42073404788970947266e-01) (9, 1.83546817302703857422e+00) (0, -6.51589274406433105469e-01) (1, -5.28957247734069824219e-01) (2, -6.89548254013061523438e-01) (3, -5.69059014320373535156e-01) (4, -5.19332289695739746094e-01) (5, -4.90329355001449584961e-01) (6, -4.57480370998382568359e-01) (7, -5.41192948818206787109e-01) (8, -5.69681942462921142578e-01) (9, 1.91011798381805419922e+00) (10, -1.05946254730224609375e+00) (11, -2.58350419998168945312e+00) (12, 1.30428361892700195312e+00) 
