FANN_FLO_2.1
num_layers=3
learning_rate=0.500000
connection_rate=1.000000
network_type=0
learning_momentum=0.000000
training_algorithm=2
train_error_function=1
train_stop_function=0
cascade_output_change_fraction=0.010000
quickprop_decay=-0.000100
quickprop_mu=1.750000
rprop_increase_factor=1.200000
rprop_decrease_factor=0.500000
rprop_delta_min=0.000000
rprop_delta_max=50.000000
rprop_delta_zero=0.100000
cascade_output_stagnation_epochs=12
cascade_candidate_change_fraction=0.010000
cascade_candidate_stagnation_epochs=12
cascade_max_out_epochs=150
cascade_min_out_epochs=50
cascade_max_cand_epochs=150
cascade_min_cand_epochs=50
cascade_num_candidate_groups=2
bit_fail_limit=3.49999994039535522461e-01
cascade_candidate_limit=1.00000000000000000000e+03
cascade_weight_multiplier=4.00000005960464477539e-01
cascade_activation_functions_count=10
cascade_activation_functions=3 5 7 8 10 11 14 15 16 17 
cascade_activation_steepnesses_count=4
cascade_activation_steepnesses=2.50000000000000000000e-01 5.00000000000000000000e-01 7.50000000000000000000e-01 1.00000000000000000000e+00 
layer_sizes=10 3 2 
scale_included=0
neurons (num_inputs, activation_function, activation_steepness)=(0, 0, 0.00000000000000000000e+00) (0, 0, 0.00000000000000000000e+00) (0, 0, 0.00000000000000000000e+00) (0, 0, 0.00000000000000000000e+00) (0, 0, 0.00000000000000000000e+00) (0, 0, 0.00000000000000000000e+00) (0, 0, 0.00000000000000000000e+00) (0, 0, 0.00000000000000000000e+00) (0, 0, 0.00000000000000000000e+00) (0, 0, 0.00000000000000000000e+00) (10, 3, 5.00000000000000000000e-01) (10, 3, 5.00000000000000000000e-01) (0, 3, 0.00000000000000000000e+00) (3, 3, 5.00000000000000000000e-01) (0, 3, 0.00000000000000000000e+00) 
connections (connected_to_neuron, weight)=(0, -3.02992463111877441406e-01) (1, -7.20308423042297363281e-01) (2, -4.00086194276809692383e-01) (3, -1.01234793663024902344e+00) (4, -3.47388774156570434570e-01) (5, -7.30483353137969970703e-01) (6, -1.46151825785636901855e-01) (7, -2.09787711501121520996e-01) (8, -1.92744165658950805664e-01) (9, 1.38286888599395751953e+00) (0, -4.75836813449859619141e-01) (1, -2.05112934112548828125e-01) (2, -4.50981706380844116211e-01) (3, 1.14871095865964889526e-02) (4, -4.60234880447387695312e-01) (5, -1.34912624955177307129e-01) (6, -6.13594174385070800781e-01) (7, -6.11629903316497802734e-01) (8, -6.38512611389160156250e-01) (9, 9.00442659854888916016e-01) (10, -2.13716840744018554688e+00) (11, -2.82472944259643554688e+00) (12, 1.57175374031066894531e+00) 
