FANN_FLO_2.1
num_layers=3
learning_rate=0.500000
connection_rate=1.000000
network_type=0
learning_momentum=0.000000
training_algorithm=2
train_error_function=1
train_stop_function=0
cascade_output_change_fraction=0.010000
quickprop_decay=-0.000100
quickprop_mu=1.750000
rprop_increase_factor=1.200000
rprop_decrease_factor=0.500000
rprop_delta_min=0.000000
rprop_delta_max=50.000000
rprop_delta_zero=0.100000
cascade_output_stagnation_epochs=12
cascade_candidate_change_fraction=0.010000
cascade_candidate_stagnation_epochs=12
cascade_max_out_epochs=150
cascade_min_out_epochs=50
cascade_max_cand_epochs=150
cascade_min_cand_epochs=50
cascade_num_candidate_groups=2
bit_fail_limit=3.49999994039535522461e-01
cascade_candidate_limit=1.00000000000000000000e+03
cascade_weight_multiplier=4.00000005960464477539e-01
cascade_activation_functions_count=10
cascade_activation_functions=3 5 7 8 10 11 14 15 16 17 
cascade_activation_steepnesses_count=4
cascade_activation_steepnesses=2.50000000000000000000e-01 5.00000000000000000000e-01 7.50000000000000000000e-01 1.00000000000000000000e+00 
layer_sizes=7 9 2 
scale_included=0
neurons (num_inputs, activation_function, activation_steepness)=(0, 0, 0.00000000000000000000e+00) (0, 0, 0.00000000000000000000e+00) (0, 0, 0.00000000000000000000e+00) (0, 0, 0.00000000000000000000e+00) (0, 0, 0.00000000000000000000e+00) (0, 0, 0.00000000000000000000e+00) (0, 0, 0.00000000000000000000e+00) (7, 3, 5.00000000000000000000e-01) (7, 3, 5.00000000000000000000e-01) (7, 3, 5.00000000000000000000e-01) (7, 3, 5.00000000000000000000e-01) (7, 3, 5.00000000000000000000e-01) (7, 3, 5.00000000000000000000e-01) (7, 3, 5.00000000000000000000e-01) (7, 3, 5.00000000000000000000e-01) (0, 3, 0.00000000000000000000e+00) (9, 0, 5.00000000000000000000e-01) (0, 0, 0.00000000000000000000e+00) 
connections (connected_to_neuron, weight)=(0, -1.76015129089355468750e+01) (1, -4.34828224182128906250e+01) (2, 8.35364990234375000000e+01) (3, -1.76646137237548828125e+01) (4, -3.57331299781799316406e+00) (5, -6.16025451660156250000e+02) (6, -4.80155199766159057617e-01) (0, -4.23319435119628906250e+00) (1, -8.31184921264648437500e+01) (2, -4.75615722656250000000e+02) (3, -3.55769109725952148438e+00) (4, -1.73598327636718750000e+01) (5, -4.29122772216796875000e+02) (6, -6.24684281647205352783e-02) (0, 3.70624375343322753906e+00) (1, 3.62192201614379882812e+00) (2, -1.28695583343505859375e+01) (3, 7.32709467411041259766e-01) (4, 9.78156030178070068359e-01) (5, 1.07218040466308593750e+02) (6, -1.43335371017456054688e+01) (0, -2.49611407518386840820e-01) (1, 8.27139392495155334473e-02) (2, 1.22488941997289657593e-02) (3, 2.90857374668121337891e-01) (4, -1.05177044868469238281e+00) (5, 4.51952934265136718750e-01) (6, -1.75615859031677246094e+00) (0, -3.44396054744720458984e-01) (1, 2.12723374366760253906e-01) (2, 8.95311683416366577148e-02) (3, 3.13462942838668823242e-01) (4, -9.40756380558013916016e-01) (5, 3.89669656753540039062e-01) (6, -3.06748223304748535156e+00) (0, -1.66094074249267578125e+01) (1, -2.31567916870117187500e+02) (2, -7.62524047851562500000e+02) (3, -1.19850368499755859375e+01) (4, -6.63205795288085937500e+01) (5, -8.79122741699218750000e+02) (6, -7.90817141532897949219e-02) (0, 3.89205617830157279968e-03) (1, 1.51242643594741821289e-01) (2, -1.40934350585937500000e+03) (3, -6.98212683200836181641e-02) (4, 5.20637929439544677734e-01) (5, -1.98518562316894531250e+01) (6, 5.15267791748046875000e+01) (0, -8.60405349731445312500e+00) (1, 4.20637750625610351562e+00) (2, -3.70638923645019531250e+01) (3, -8.03604984283447265625e+00) (4, 9.43524360656738281250e+00) (5, -5.34285644531250000000e+02) (6, -1.23356056213378906250e+00) (7, 2.00000000000000000000e+02) (8, 1.30000000000000000000e+03) (9, 1.35830221697688102722e-02) (10, 1.74994826316833496094e-01) (11, 7.08140194416046142578e-01) (12, 1.15000000000000000000e+03) (13, -1.39412516728043556213e-03) (14, -3.36248993873596191406e-01) (15, -4.89302631467580795288e-03) 
