FANN_FLO_2.1
num_layers=3
learning_rate=0.500000
connection_rate=1.000000
network_type=0
learning_momentum=0.000000
training_algorithm=2
train_error_function=1
train_stop_function=0
cascade_output_change_fraction=0.010000
quickprop_decay=-0.000100
quickprop_mu=1.750000
rprop_increase_factor=1.200000
rprop_decrease_factor=0.500000
rprop_delta_min=0.000000
rprop_delta_max=50.000000
rprop_delta_zero=0.100000
cascade_output_stagnation_epochs=12
cascade_candidate_change_fraction=0.010000
cascade_candidate_stagnation_epochs=12
cascade_max_out_epochs=150
cascade_min_out_epochs=50
cascade_max_cand_epochs=150
cascade_min_cand_epochs=50
cascade_num_candidate_groups=2
bit_fail_limit=3.49999994039535522461e-01
cascade_candidate_limit=1.00000000000000000000e+03
cascade_weight_multiplier=4.00000005960464477539e-01
cascade_activation_functions_count=10
cascade_activation_functions=3 5 7 8 10 11 14 15 16 17 
cascade_activation_steepnesses_count=4
cascade_activation_steepnesses=2.50000000000000000000e-01 5.00000000000000000000e-01 7.50000000000000000000e-01 1.00000000000000000000e+00 
layer_sizes=3 5 4 
scale_included=0
neurons (num_inputs, activation_function, activation_steepness)=(0, 0, 0.00000000000000000000e+00) (0, 0, 0.00000000000000000000e+00) (0, 0, 0.00000000000000000000e+00) (3, 3, 5.00000000000000000000e-01) (3, 3, 5.00000000000000000000e-01) (3, 3, 5.00000000000000000000e-01) (3, 3, 5.00000000000000000000e-01) (0, 3, 0.00000000000000000000e+00) (5, 0, 5.00000000000000000000e-01) (5, 0, 5.00000000000000000000e-01) (5, 0, 5.00000000000000000000e-01) (0, 0, 0.00000000000000000000e+00) 
connections (connected_to_neuron, weight)=(0, -1.50000000000000000000e+03) (1, -3.34655578613281250000e+02) (2, 2.72424602508544921875e+00) (0, -2.57976055145263671875e+00) (1, 4.51176285743713378906e-01) (2, 7.10757553577423095703e-01) (0, -1.46825098991394042969e+00) (1, -1.89464092254638671875e+00) (2, 5.25300383567810058594e-01) (0, -3.15829181671142578125e+00) (1, 3.33672857284545898438e+00) (2, 1.55095279216766357422e+00) (3, 9.81729686260223388672e-01) (4, 3.29021072387695312500e+00) (5, 3.67854213714599609375e+00) (6, 2.23123621940612792969e+00) (7, 7.38418877124786376953e-01) (3, 1.90402650833129882812e+00) (4, 9.65588665008544921875e+00) (5, 1.10720920562744140625e+01) (6, 7.78020286560058593750e+00) (7, 3.51239418983459472656e+00) (3, 5.65265703201293945312e+00) (4, 3.13882961273193359375e+01) (5, 3.60444641113281250000e+01) (6, 2.24179687500000000000e+01) (7, 1.84985008239746093750e+01) 
