FANN_FLO_2.1
num_layers=3
learning_rate=0.500000
connection_rate=1.000000
network_type=0
learning_momentum=0.000000
training_algorithm=2
train_error_function=1
train_stop_function=0
cascade_output_change_fraction=0.010000
quickprop_decay=-0.000100
quickprop_mu=1.750000
rprop_increase_factor=1.200000
rprop_decrease_factor=0.500000
rprop_delta_min=0.000000
rprop_delta_max=50.000000
rprop_delta_zero=0.100000
cascade_output_stagnation_epochs=12
cascade_candidate_change_fraction=0.010000
cascade_candidate_stagnation_epochs=12
cascade_max_out_epochs=150
cascade_min_out_epochs=50
cascade_max_cand_epochs=150
cascade_min_cand_epochs=50
cascade_num_candidate_groups=2
bit_fail_limit=3.49999994039535522461e-01
cascade_candidate_limit=1.00000000000000000000e+03
cascade_weight_multiplier=4.00000005960464477539e-01
cascade_activation_functions_count=10
cascade_activation_functions=3 5 7 8 10 11 14 15 16 17 
cascade_activation_steepnesses_count=4
cascade_activation_steepnesses=2.50000000000000000000e-01 5.00000000000000000000e-01 7.50000000000000000000e-01 1.00000000000000000000e+00 
layer_sizes=10 3 2 
scale_included=0
neurons (num_inputs, activation_function, activation_steepness)=(0, 0, 0.00000000000000000000e+00) (0, 0, 0.00000000000000000000e+00) (0, 0, 0.00000000000000000000e+00) (0, 0, 0.00000000000000000000e+00) (0, 0, 0.00000000000000000000e+00) (0, 0, 0.00000000000000000000e+00) (0, 0, 0.00000000000000000000e+00) (0, 0, 0.00000000000000000000e+00) (0, 0, 0.00000000000000000000e+00) (0, 0, 0.00000000000000000000e+00) (10, 3, 5.00000000000000000000e-01) (10, 3, 5.00000000000000000000e-01) (0, 3, 0.00000000000000000000e+00) (3, 3, 5.00000000000000000000e-01) (0, 3, 0.00000000000000000000e+00) 
connections (connected_to_neuron, weight)=(0, -5.49974560737609863281e-01) (1, -6.03490531444549560547e-01) (2, -6.39181196689605712891e-01) (3, -6.16499900817871093750e-01) (4, -7.97160625457763671875e-01) (5, -5.64904212951660156250e-01) (6, -6.72570288181304931641e-01) (7, -5.89142262935638427734e-01) (8, -5.34524619579315185547e-01) (9, 3.00533032417297363281e+00) (0, -6.65974974632263183594e-01) (1, -6.06404662132263183594e-01) (2, -5.39138495922088623047e-01) (3, -5.34965336322784423828e-01) (4, -3.70764523744583129883e-01) (5, -6.37243211269378662109e-01) (6, -5.26168286800384521484e-01) (7, -6.16694450378417968750e-01) (8, -7.01529562473297119141e-01) (9, 1.22237241268157958984e+00) (10, -1.83155894279479980469e+00) (11, -2.02976346015930175781e+00) (12, 1.43345105648040771484e+00) 
