FANN_FLO_2.1
num_layers=3
learning_rate=0.500000
connection_rate=1.000000
network_type=0
learning_momentum=0.000000
training_algorithm=2
train_error_function=1
train_stop_function=0
cascade_output_change_fraction=0.010000
quickprop_decay=-0.000100
quickprop_mu=1.750000
rprop_increase_factor=1.200000
rprop_decrease_factor=0.500000
rprop_delta_min=0.000000
rprop_delta_max=50.000000
rprop_delta_zero=0.100000
cascade_output_stagnation_epochs=12
cascade_candidate_change_fraction=0.010000
cascade_candidate_stagnation_epochs=12
cascade_max_out_epochs=150
cascade_min_out_epochs=50
cascade_max_cand_epochs=150
cascade_min_cand_epochs=50
cascade_num_candidate_groups=2
bit_fail_limit=3.49999994039535522461e-01
cascade_candidate_limit=1.00000000000000000000e+03
cascade_weight_multiplier=4.00000005960464477539e-01
cascade_activation_functions_count=10
cascade_activation_functions=3 5 7 8 10 11 14 15 16 17 
cascade_activation_steepnesses_count=4
cascade_activation_steepnesses=2.50000000000000000000e-01 5.00000000000000000000e-01 7.50000000000000000000e-01 1.00000000000000000000e+00 
layer_sizes=3 5 4 
scale_included=0
neurons (num_inputs, activation_function, activation_steepness)=(0, 0, 0.00000000000000000000e+00) (0, 0, 0.00000000000000000000e+00) (0, 0, 0.00000000000000000000e+00) (3, 3, 5.00000000000000000000e-01) (3, 3, 5.00000000000000000000e-01) (3, 3, 5.00000000000000000000e-01) (3, 3, 5.00000000000000000000e-01) (0, 3, 0.00000000000000000000e+00) (5, 0, 5.00000000000000000000e-01) (5, 0, 5.00000000000000000000e-01) (5, 0, 5.00000000000000000000e-01) (0, 0, 0.00000000000000000000e+00) 
connections (connected_to_neuron, weight)=(0, -1.34181308746337890625e+01) (1, 1.35774698257446289062e+01) (2, 1.54347562789916992188e+01) (0, -3.29161810874938964844e+00) (1, 6.85784220695495605469e-01) (2, -2.76641100645065307617e-01) (0, -1.11171829700469970703e+00) (1, -1.23410499095916748047e+00) (2, 2.57083624601364135742e-01) (0, -3.60521245002746582031e+00) (1, 3.25127959251403808594e+00) (2, 4.69574004411697387695e-01) (3, 6.45672619342803955078e-01) (4, 3.29791307449340820312e+00) (5, 4.46329736709594726562e+00) (6, 2.12628746032714843750e+00) (7, 5.95127224922180175781e-01) (3, 3.65044879913330078125e+00) (4, 7.44566726684570312500e+00) (5, 1.43947372436523437500e+01) (6, 7.08569622039794921875e+00) (7, 2.46477794647216796875e+00) (3, 1.45937414169311523438e+01) (4, 2.40852527618408203125e+01) (5, 4.65293006896972656250e+01) (6, 1.99486389160156250000e+01) (7, 1.23066949844360351562e+01) 
