FANN_FLO_2.1
num_layers=4
learning_rate=0.500000
connection_rate=1.000000
network_type=0
learning_momentum=0.000000
training_algorithm=2
train_error_function=1
train_stop_function=0
cascade_output_change_fraction=0.010000
quickprop_decay=-0.000100
quickprop_mu=1.750000
rprop_increase_factor=1.200000
rprop_decrease_factor=0.500000
rprop_delta_min=0.000000
rprop_delta_max=50.000000
rprop_delta_zero=0.100000
cascade_output_stagnation_epochs=12
cascade_candidate_change_fraction=0.010000
cascade_candidate_stagnation_epochs=12
cascade_max_out_epochs=150
cascade_min_out_epochs=50
cascade_max_cand_epochs=150
cascade_min_cand_epochs=50
cascade_num_candidate_groups=2
bit_fail_limit=3.49999994039535522461e-01
cascade_candidate_limit=1.00000000000000000000e+03
cascade_weight_multiplier=4.00000005960464477539e-01
cascade_activation_functions_count=10
cascade_activation_functions=3 5 7 8 10 11 14 15 16 17 
cascade_activation_steepnesses_count=4
cascade_activation_steepnesses=2.50000000000000000000e-01 5.00000000000000000000e-01 7.50000000000000000000e-01 1.00000000000000000000e+00 
layer_sizes=4 5 3 2 
scale_included=0
neurons (num_inputs, activation_function, activation_steepness)=(0, 0, 0.00000000000000000000e+00) (0, 0, 0.00000000000000000000e+00) (0, 0, 0.00000000000000000000e+00) (0, 0, 0.00000000000000000000e+00) (4, 3, 5.00000000000000000000e-01) (4, 3, 5.00000000000000000000e-01) (4, 3, 5.00000000000000000000e-01) (4, 3, 5.00000000000000000000e-01) (0, 3, 0.00000000000000000000e+00) (5, 3, 5.00000000000000000000e-01) (5, 3, 5.00000000000000000000e-01) (0, 3, 0.00000000000000000000e+00) (3, 3, 5.00000000000000000000e-01) (0, 3, 0.00000000000000000000e+00) 
connections (connected_to_neuron, weight)=(0, 2.54417562484741210938e+00) (1, -1.92348885536193847656e+00) (2, 7.54614877700805664062e+00) (3, -2.43146824836730957031e+00) (0, -5.39358615875244140625e+00) (1, 1.00929555892944335938e+01) (2, -4.26078349351882934570e-01) (3, 7.28522717952728271484e-01) (0, -1.92016017436981201172e+00) (1, -4.85780572891235351562e+00) (2, 1.16766214370727539062e+00) (3, 1.40166282653808593750e+00) (0, -1.86499691009521484375e+00) (1, -4.99600505828857421875e+00) (2, 1.19907128810882568359e+00) (3, 1.41231596469879150391e+00) (4, -1.25593261718750000000e+01) (5, 4.77085399627685546875e+00) (6, 1.53496189117431640625e+01) (7, 1.53234806060791015625e+01) (8, -2.76540666818618774414e-01) (4, 8.67503906250000000000e+02) (5, 4.21768093109130859375e+00) (6, -1.92958717346191406250e+01) (7, -5.19252014160156250000e+01) (8, 4.11355197429656982422e-01) (9, -4.85148954391479492188e+00) (10, -2.43043303489685058594e-01) (11, 2.80258584022521972656e+00) 
