FANN_FLO_2.1
num_layers=4
learning_rate=0.500000
connection_rate=1.000000
network_type=0
learning_momentum=0.000000
training_algorithm=2
train_error_function=1
train_stop_function=0
cascade_output_change_fraction=0.010000
quickprop_decay=-0.000100
quickprop_mu=1.750000
rprop_increase_factor=1.200000
rprop_decrease_factor=0.500000
rprop_delta_min=0.000000
rprop_delta_max=50.000000
rprop_delta_zero=0.100000
cascade_output_stagnation_epochs=12
cascade_candidate_change_fraction=0.010000
cascade_candidate_stagnation_epochs=12
cascade_max_out_epochs=150
cascade_min_out_epochs=50
cascade_max_cand_epochs=150
cascade_min_cand_epochs=50
cascade_num_candidate_groups=2
bit_fail_limit=3.49999994039535522461e-01
cascade_candidate_limit=1.00000000000000000000e+03
cascade_weight_multiplier=4.00000005960464477539e-01
cascade_activation_functions_count=10
cascade_activation_functions=3 5 7 8 10 11 14 15 16 17 
cascade_activation_steepnesses_count=4
cascade_activation_steepnesses=2.50000000000000000000e-01 5.00000000000000000000e-01 7.50000000000000000000e-01 1.00000000000000000000e+00 
layer_sizes=4 5 5 2 
scale_included=0
neurons (num_inputs, activation_function, activation_steepness)=(0, 0, 0.00000000000000000000e+00) (0, 0, 0.00000000000000000000e+00) (0, 0, 0.00000000000000000000e+00) (0, 0, 0.00000000000000000000e+00) (4, 3, 5.00000000000000000000e-01) (4, 3, 5.00000000000000000000e-01) (4, 3, 5.00000000000000000000e-01) (4, 3, 5.00000000000000000000e-01) (0, 3, 0.00000000000000000000e+00) (5, 3, 5.00000000000000000000e-01) (5, 3, 5.00000000000000000000e-01) (5, 3, 5.00000000000000000000e-01) (5, 3, 5.00000000000000000000e-01) (0, 3, 0.00000000000000000000e+00) (5, 3, 5.00000000000000000000e-01) (0, 3, 0.00000000000000000000e+00) 
connections (connected_to_neuron, weight)=(0, 3.21730160713195800781e+00) (1, -1.40991888046264648438e+01) (2, -1.63082748651504516602e-01) (3, 2.40770745277404785156e+00) (0, -4.08814001083374023438e+00) (1, -1.17520704269409179688e+01) (2, 3.41375899314880371094e+00) (3, 4.38684320449829101562e+00) (0, -3.54312014579772949219e+00) (1, -6.02353906631469726562e+00) (2, -1.02019906044006347656e+00) (3, 4.82000541687011718750e+00) (0, 9.50394093990325927734e-01) (1, -2.50533447265625000000e+01) (2, 3.33328132629394531250e+01) (3, 4.41289663314819335938e-01) (4, 4.06231689453125000000e+00) (5, -9.39060592651367187500e+00) (6, -1.53557291030883789062e+01) (7, 6.58347082138061523438e+00) (8, 1.89281630516052246094e+00) (4, -3.76211261749267578125e+00) (5, 1.40749711990356445312e+01) (6, 9.82527351379394531250e+00) (7, -3.95908546447753906250e+00) (8, -3.07184219360351562500e+00) (4, -7.09603595733642578125e+00) (5, 1.10775947570800781250e+01) (6, 9.51185989379882812500e+00) (7, -5.64682912826538085938e+00) (8, 8.62554013729095458984e-01) (4, -3.59247493743896484375e+00) (5, 1.41685800552368164062e+01) (6, 1.10250291824340820312e+01) (7, -4.61002922058105468750e+00) (8, -3.08799839019775390625e+00) (9, 1.77845001220703125000e+00) (10, -1.15339779853820800781e+00) (11, -6.32753968238830566406e-01) (12, -1.33310604095458984375e+00) (13, 8.18804740905761718750e-01) 
