FANN_FLO_2.1
num_layers=4
learning_rate=0.450000
connection_rate=1.000000
network_type=0
learning_momentum=0.000000
training_algorithm=2
train_error_function=1
train_stop_function=0
cascade_output_change_fraction=0.010000
quickprop_decay=-0.000100
quickprop_mu=1.750000
rprop_increase_factor=1.200000
rprop_decrease_factor=0.500000
rprop_delta_min=0.000000
rprop_delta_max=50.000000
rprop_delta_zero=0.100000
cascade_output_stagnation_epochs=12
cascade_candidate_change_fraction=0.010000
cascade_candidate_stagnation_epochs=12
cascade_max_out_epochs=150
cascade_min_out_epochs=50
cascade_max_cand_epochs=150
cascade_min_cand_epochs=50
cascade_num_candidate_groups=2
bit_fail_limit=3.49999994039535522461e-01
cascade_candidate_limit=1.00000000000000000000e+03
cascade_weight_multiplier=4.00000005960464477539e-01
cascade_activation_functions_count=10
cascade_activation_functions=3 5 7 8 10 11 14 15 16 17 
cascade_activation_steepnesses_count=4
cascade_activation_steepnesses=2.50000000000000000000e-01 5.00000000000000000000e-01 7.50000000000000000000e-01 1.00000000000000000000e+00 
layer_sizes=7 3 3 2 
scale_included=0
neurons (num_inputs, activation_function, activation_steepness)=(0, 0, 0.00000000000000000000e+00) (0, 0, 0.00000000000000000000e+00) (0, 0, 0.00000000000000000000e+00) (0, 0, 0.00000000000000000000e+00) (0, 0, 0.00000000000000000000e+00) (0, 0, 0.00000000000000000000e+00) (0, 0, 0.00000000000000000000e+00) (7, 3, 5.00000000000000000000e-01) (7, 3, 5.00000000000000000000e-01) (0, 3, 0.00000000000000000000e+00) (3, 3, 5.00000000000000000000e-01) (3, 3, 5.00000000000000000000e-01) (0, 3, 0.00000000000000000000e+00) (3, 0, 5.00000000000000000000e-01) (0, 0, 0.00000000000000000000e+00) 
connections (connected_to_neuron, weight)=(0, 3.56560468673706054688e-01) (1, 1.73555839061737060547e+00) (2, -4.03903198242187500000e+00) (3, 6.72186613082885742188e-01) (4, 1.96337974071502685547e+00) (5, -6.85062408447265625000e-01) (6, -3.47196534276008605957e-02) (0, 5.05475580692291259766e-01) (1, 1.27989387512207031250e+00) (2, -7.92546749114990234375e-01) (3, -3.56204770505428314209e-02) (4, 1.14475023746490478516e+00) (5, -1.97826111316680908203e+00) (6, 9.82465505599975585938e-01) (7, -5.03418874740600585938e+00) (8, -5.75441360473632812500e+00) (9, 1.23195374011993408203e+00) (7, -4.85367441177368164062e+00) (8, -5.48874855041503906250e+00) (9, 1.04896247386932373047e+00) (10, 1.73552465438842773438e+00) (11, 1.18104970455169677734e+00) (12, -6.94795604795217514038e-03) 
