FANN_FLO_2.1
num_layers=4
learning_rate=0.500000
connection_rate=1.000000
network_type=0
learning_momentum=0.000000
training_algorithm=2
train_error_function=1
train_stop_function=0
cascade_output_change_fraction=0.010000
quickprop_decay=-0.000100
quickprop_mu=1.750000
rprop_increase_factor=1.200000
rprop_decrease_factor=0.500000
rprop_delta_min=0.000000
rprop_delta_max=50.000000
rprop_delta_zero=0.100000
cascade_output_stagnation_epochs=12
cascade_candidate_change_fraction=0.010000
cascade_candidate_stagnation_epochs=12
cascade_max_out_epochs=150
cascade_min_out_epochs=50
cascade_max_cand_epochs=150
cascade_min_cand_epochs=50
cascade_num_candidate_groups=2
bit_fail_limit=3.49999994039535522461e-01
cascade_candidate_limit=1.00000000000000000000e+03
cascade_weight_multiplier=4.00000005960464477539e-01
cascade_activation_functions_count=10
cascade_activation_functions=3 5 7 8 10 11 14 15 16 17 
cascade_activation_steepnesses_count=4
cascade_activation_steepnesses=2.50000000000000000000e-01 5.00000000000000000000e-01 7.50000000000000000000e-01 1.00000000000000000000e+00 
layer_sizes=4 5 3 2 
scale_included=0
neurons (num_inputs, activation_function, activation_steepness)=(0, 0, 0.00000000000000000000e+00) (0, 0, 0.00000000000000000000e+00) (0, 0, 0.00000000000000000000e+00) (0, 0, 0.00000000000000000000e+00) (4, 3, 5.00000000000000000000e-01) (4, 3, 5.00000000000000000000e-01) (4, 3, 5.00000000000000000000e-01) (4, 3, 5.00000000000000000000e-01) (0, 3, 0.00000000000000000000e+00) (5, 3, 5.00000000000000000000e-01) (5, 3, 5.00000000000000000000e-01) (0, 3, 0.00000000000000000000e+00) (3, 3, 5.00000000000000000000e-01) (0, 3, 0.00000000000000000000e+00) 
connections (connected_to_neuron, weight)=(0, 1.50000000000000000000e+03) (1, -1.26781298828125000000e+03) (2, 1.50000000000000000000e+03) (3, 7.30251846313476562500e+01) (0, -1.18215065002441406250e+01) (1, -1.45878849029541015625e+01) (2, -2.83041095733642578125e+00) (3, 1.22921724319458007812e+01) (0, -1.33818597793579101562e+01) (1, -8.60496711730957031250e+00) (2, -2.95177650451660156250e+00) (3, 1.21923627853393554688e+01) (0, 2.02725791931152343750e+01) (1, -1.07471084594726562500e+02) (2, 2.20255489349365234375e+01) (3, 6.32914876937866210938e+00) (4, -3.28709650039672851562e+00) (5, 9.59546279907226562500e+00) (6, 9.73572063446044921875e+00) (7, -4.09101337194442749023e-01) (8, -1.61798238754272460938e+00) (4, -5.30777788162231445312e+00) (5, 3.06510925292968750000e+01) (6, 1.06788368225097656250e+01) (7, -2.86071848869323730469e+00) (8, -3.67757844924926757812e+00) (9, -2.37563729286193847656e+00) (10, -1.80164182186126708984e+00) (11, 1.92896580696105957031e+00) 
