FANN_FLO_2.1
num_layers=3
learning_rate=0.500000
connection_rate=1.000000
network_type=0
learning_momentum=0.000000
training_algorithm=2
train_error_function=1
train_stop_function=0
cascade_output_change_fraction=0.010000
quickprop_decay=-0.000100
quickprop_mu=1.750000
rprop_increase_factor=1.200000
rprop_decrease_factor=0.500000
rprop_delta_min=0.000000
rprop_delta_max=50.000000
rprop_delta_zero=0.100000
cascade_output_stagnation_epochs=12
cascade_candidate_change_fraction=0.010000
cascade_candidate_stagnation_epochs=12
cascade_max_out_epochs=150
cascade_min_out_epochs=50
cascade_max_cand_epochs=150
cascade_min_cand_epochs=50
cascade_num_candidate_groups=2
bit_fail_limit=3.49999994039535522461e-01
cascade_candidate_limit=1.00000000000000000000e+03
cascade_weight_multiplier=4.00000005960464477539e-01
cascade_activation_functions_count=10
cascade_activation_functions=3 5 7 8 10 11 14 15 16 17 
cascade_activation_steepnesses_count=4
cascade_activation_steepnesses=2.50000000000000000000e-01 5.00000000000000000000e-01 7.50000000000000000000e-01 1.00000000000000000000e+00 
layer_sizes=7 9 2 
scale_included=0
neurons (num_inputs, activation_function, activation_steepness)=(0, 0, 0.00000000000000000000e+00) (0, 0, 0.00000000000000000000e+00) (0, 0, 0.00000000000000000000e+00) (0, 0, 0.00000000000000000000e+00) (0, 0, 0.00000000000000000000e+00) (0, 0, 0.00000000000000000000e+00) (0, 0, 0.00000000000000000000e+00) (7, 3, 5.00000000000000000000e-01) (7, 3, 5.00000000000000000000e-01) (7, 3, 5.00000000000000000000e-01) (7, 3, 5.00000000000000000000e-01) (7, 3, 5.00000000000000000000e-01) (7, 3, 5.00000000000000000000e-01) (7, 3, 5.00000000000000000000e-01) (7, 3, 5.00000000000000000000e-01) (0, 3, 0.00000000000000000000e+00) (9, 0, 5.00000000000000000000e-01) (0, 0, 0.00000000000000000000e+00) 
connections (connected_to_neuron, weight)=(0, -1.57941170036792755127e-02) (1, -4.36534881591796875000e-01) (2, 6.57158419489860534668e-02) (3, -1.12040624022483825684e-01) (4, -5.85459411144256591797e-01) (5, 5.91944098472595214844e-01) (6, 8.91589879989624023438e-01) (0, -1.10412871837615966797e+00) (1, 4.01756674051284790039e-01) (2, -9.16506588459014892578e-01) (3, -1.08567106723785400391e+00) (4, -7.90666103363037109375e-01) (5, -1.74710392951965332031e+00) (6, -1.08344495296478271484e+00) (0, -4.26109254360198974609e-01) (1, -2.20449352264404296875e+00) (2, 1.38380192220211029053e-03) (3, -3.96937161684036254883e-01) (4, -2.83045434951782226562e+00) (5, -3.09376708984375000000e+02) (6, -3.11739027500152587891e-01) (0, -5.26927895843982696533e-02) (1, -2.31612861156463623047e-01) (2, -8.73066112399101257324e-02) (3, 9.68472212553024291992e-02) (4, 7.94239714741706848145e-03) (5, 1.95445120334625244141e-01) (6, 1.52149617671966552734e+00) (0, 4.93058301508426666260e-02) (1, 1.84849873185157775879e-01) (2, 4.61339759826660156250e+00) (3, 3.20298612117767333984e-01) (4, -2.58627052307128906250e+01) (5, -1.12719223022460937500e+02) (6, 2.04275175929069519043e-01) (0, -3.26370537281036376953e-01) (1, -6.50417566299438476562e+00) (2, 5.57095944881439208984e-01) (3, -4.25991445779800415039e-01) (4, -1.34927225112915039062e+01) (5, -8.48009414672851562500e+01) (6, -3.58343094587326049805e-01) (0, -8.58910828828811645508e-02) (1, 1.80338919162750244141e-01) (2, -2.08553746342658996582e-01) (3, 8.89541655778884887695e-02) (4, -1.58408045768737792969e+00) (5, 4.37485784292221069336e-01) (6, -5.69858193397521972656e-01) (0, -2.92863750457763671875e+00) (1, 3.31822061538696289062e+00) (2, -2.29995584487915039062e+00) (3, -3.01645350456237792969e+00) (4, -2.94796973466873168945e-01) (5, -2.06022596359252929688e+00) (6, -2.78885817527770996094e+00) (7, -6.11891984939575195312e-01) (8, 9.62742233276367187500e+00) (9, 9.59778625488281250000e+02) (10, 5.40061742067337036133e-02) (11, 6.45571716308593750000e+02) (12, 8.00000000000000000000e+02) (13, 1.69041752815246582031e+00) (14, -9.63628590106964111328e-02) (15, -3.68174421600997447968e-03) 
