FANN_FLO_2.1
num_layers=3
learning_rate=0.500000
connection_rate=1.000000
network_type=0
learning_momentum=0.000000
training_algorithm=2
train_error_function=1
train_stop_function=0
cascade_output_change_fraction=0.010000
quickprop_decay=-0.000100
quickprop_mu=1.750000
rprop_increase_factor=1.200000
rprop_decrease_factor=0.500000
rprop_delta_min=0.000000
rprop_delta_max=50.000000
rprop_delta_zero=0.100000
cascade_output_stagnation_epochs=12
cascade_candidate_change_fraction=0.010000
cascade_candidate_stagnation_epochs=12
cascade_max_out_epochs=150
cascade_min_out_epochs=50
cascade_max_cand_epochs=150
cascade_min_cand_epochs=50
cascade_num_candidate_groups=2
bit_fail_limit=3.49999994039535522461e-01
cascade_candidate_limit=1.00000000000000000000e+03
cascade_weight_multiplier=4.00000005960464477539e-01
cascade_activation_functions_count=10
cascade_activation_functions=3 5 7 8 10 11 14 15 16 17 
cascade_activation_steepnesses_count=4
cascade_activation_steepnesses=2.50000000000000000000e-01 5.00000000000000000000e-01 7.50000000000000000000e-01 1.00000000000000000000e+00 
layer_sizes=3 9 4 
scale_included=0
neurons (num_inputs, activation_function, activation_steepness)=(0, 0, 0.00000000000000000000e+00) (0, 0, 0.00000000000000000000e+00) (0, 0, 0.00000000000000000000e+00) (3, 3, 5.00000000000000000000e-01) (3, 3, 5.00000000000000000000e-01) (3, 3, 5.00000000000000000000e-01) (3, 3, 5.00000000000000000000e-01) (3, 3, 5.00000000000000000000e-01) (3, 3, 5.00000000000000000000e-01) (3, 3, 5.00000000000000000000e-01) (3, 3, 5.00000000000000000000e-01) (0, 3, 0.00000000000000000000e+00) (9, 0, 5.00000000000000000000e-01) (9, 0, 5.00000000000000000000e-01) (9, 0, 5.00000000000000000000e-01) (0, 0, 0.00000000000000000000e+00) 
connections (connected_to_neuron, weight)=(0, -2.91183781623840332031e+00) (1, -1.99750661849975585938e+00) (2, 7.39208102226257324219e-01) (0, -7.03848648071289062500e+00) (1, 3.64271426200866699219e+00) (2, 4.43617868423461914062e+00) (0, -6.29483032226562500000e+00) (1, 4.92607736587524414062e+00) (2, 1.14603757858276367188e+01) (0, -5.56401634216308593750e+00) (1, -1.26896321773529052734e-01) (2, 4.27901893854141235352e-01) (0, -2.61711049079895019531e+00) (1, -5.54279136657714843750e+00) (2, 9.56725299358367919922e-01) (0, -6.76712560653686523438e+00) (1, 7.73061132431030273438e+00) (2, 7.05516719818115234375e+00) (0, -5.33663797378540039062e+00) (1, 1.68505644798278808594e+00) (2, 1.40958964824676513672e+00) (0, -6.98381376266479492188e+00) (1, 5.93405532836914062500e+00) (2, 5.16174173355102539062e+00) (3, 2.22712802886962890625e+00) (4, 5.08308887481689453125e-01) (5, 4.54942822456359863281e-01) (6, 2.05831813812255859375e+00) (7, 1.95138430595397949219e+00) (8, 6.45478606224060058594e-01) (9, 1.72130000591278076172e+00) (10, 9.68557298183441162109e-01) (11, 4.47311192750930786133e-01) (3, 6.78083086013793945312e+00) (4, 2.53011703491210937500e+00) (5, 2.24853444099426269531e+00) (6, 4.46839809417724609375e+00) (7, 5.41241073608398437500e+00) (8, 2.54070854187011718750e+00) (9, 4.78995370864868164062e+00) (10, 3.50925350189208984375e+00) (11, 1.52949655055999755859e+00) (3, 2.15900459289550781250e+01) (4, 9.34069728851318359375e+00) (5, 9.21576786041259765625e+00) (6, 1.40248479843139648438e+01) (7, 1.73963069915771484375e+01) (8, 8.87612819671630859375e+00) (9, 1.44680833816528320312e+01) (10, 8.98870754241943359375e+00) (11, 9.15103435516357421875e+00) 
