FANN_FLO_2.1
num_layers=4
learning_rate=0.450000
connection_rate=1.000000
network_type=0
learning_momentum=0.000000
training_algorithm=2
train_error_function=1
train_stop_function=0
cascade_output_change_fraction=0.010000
quickprop_decay=-0.000100
quickprop_mu=1.750000
rprop_increase_factor=1.200000
rprop_decrease_factor=0.500000
rprop_delta_min=0.000000
rprop_delta_max=50.000000
rprop_delta_zero=0.100000
cascade_output_stagnation_epochs=12
cascade_candidate_change_fraction=0.010000
cascade_candidate_stagnation_epochs=12
cascade_max_out_epochs=150
cascade_min_out_epochs=50
cascade_max_cand_epochs=150
cascade_min_cand_epochs=50
cascade_num_candidate_groups=2
bit_fail_limit=3.49999994039535522461e-01
cascade_candidate_limit=1.00000000000000000000e+03
cascade_weight_multiplier=4.00000005960464477539e-01
cascade_activation_functions_count=10
cascade_activation_functions=3 5 7 8 10 11 14 15 16 17 
cascade_activation_steepnesses_count=4
cascade_activation_steepnesses=2.50000000000000000000e-01 5.00000000000000000000e-01 7.50000000000000000000e-01 1.00000000000000000000e+00 
layer_sizes=7 5 5 2 
scale_included=0
neurons (num_inputs, activation_function, activation_steepness)=(0, 0, 0.00000000000000000000e+00) (0, 0, 0.00000000000000000000e+00) (0, 0, 0.00000000000000000000e+00) (0, 0, 0.00000000000000000000e+00) (0, 0, 0.00000000000000000000e+00) (0, 0, 0.00000000000000000000e+00) (0, 0, 0.00000000000000000000e+00) (7, 3, 5.00000000000000000000e-01) (7, 3, 5.00000000000000000000e-01) (7, 3, 5.00000000000000000000e-01) (7, 3, 5.00000000000000000000e-01) (0, 3, 0.00000000000000000000e+00) (5, 3, 5.00000000000000000000e-01) (5, 3, 5.00000000000000000000e-01) (5, 3, 5.00000000000000000000e-01) (5, 3, 5.00000000000000000000e-01) (0, 3, 0.00000000000000000000e+00) (5, 0, 5.00000000000000000000e-01) (0, 0, 0.00000000000000000000e+00) 
connections (connected_to_neuron, weight)=(0, 4.79438230395317077637e-02) (1, 5.56446909904479980469e-01) (2, -5.73504745960235595703e-01) (3, 2.41992682218551635742e-01) (4, 2.23533332347869873047e-01) (5, -4.41297709941864013672e-01) (6, 3.73732030391693115234e-01) (0, 1.00063145160675048828e+00) (1, 5.28264884948730468750e+01) (2, -1.81967592239379882812e+00) (3, 2.08883595466613769531e+00) (4, 2.06564831733703613281e+00) (5, -3.37579298019409179688e+00) (6, 1.70835990905761718750e+01) (0, 5.50553984940052032471e-02) (1, 4.28289949893951416016e-01) (2, -4.70138579607009887695e-01) (3, 1.24790661036968231201e-01) (4, -7.16349342837929725647e-04) (5, -1.23603083193302154541e-01) (6, 7.76697337627410888672e-01) (0, -3.73226463794708251953e-01) (1, -3.59813308715820312500e+00) (2, 1.49989746093750000000e+03) (3, 8.11625599861145019531e-01) (4, 1.56938087940216064453e+00) (5, 1.49058227539062500000e+03) (6, 3.04493446350097656250e+01) (7, -7.39962291717529296875e+00) (8, 3.95944982767105102539e-01) (9, -1.88893628120422363281e+00) (10, -1.48021125793457031250e+00) (11, 4.01495504379272460938e+00) (7, 4.37980079650878906250e+00) (8, -5.23580491542816162109e-01) (9, 3.87977838516235351562e+00) (10, -8.15169394016265869141e-01) (11, -6.70068621635437011719e-01) (7, -1.11412506103515625000e+01) (8, 8.35428588867187500000e+02) (9, -1.82715094089508056641e+00) (10, -8.27921630859375000000e+02) (11, -1.77762520313262939453e+00) (7, 8.64543724060058593750e+00) (8, 5.00556886196136474609e-01) (9, 4.45362710952758789062e+00) (10, -5.80542516708374023438e+00) (11, -3.93780887126922607422e-01) (12, 1.54100313782691955566e-01) (13, -8.05284362286329269409e-03) (14, 1.95345389842987060547e+00) (15, -1.42502253875136375427e-02) (16, 2.49235853552818298340e-02) 
