FANN_FLO_2.1
num_layers=4
learning_rate=0.500000
connection_rate=1.000000
network_type=0
learning_momentum=0.000000
training_algorithm=2
train_error_function=1
train_stop_function=0
cascade_output_change_fraction=0.010000
quickprop_decay=-0.000100
quickprop_mu=1.750000
rprop_increase_factor=1.200000
rprop_decrease_factor=0.500000
rprop_delta_min=0.000000
rprop_delta_max=50.000000
rprop_delta_zero=0.100000
cascade_output_stagnation_epochs=12
cascade_candidate_change_fraction=0.010000
cascade_candidate_stagnation_epochs=12
cascade_max_out_epochs=150
cascade_min_out_epochs=50
cascade_max_cand_epochs=150
cascade_min_cand_epochs=50
cascade_num_candidate_groups=2
bit_fail_limit=3.49999994039535522461e-01
cascade_candidate_limit=1.00000000000000000000e+03
cascade_weight_multiplier=4.00000005960464477539e-01
cascade_activation_functions_count=10
cascade_activation_functions=3 5 7 8 10 11 14 15 16 17 
cascade_activation_steepnesses_count=4
cascade_activation_steepnesses=2.50000000000000000000e-01 5.00000000000000000000e-01 7.50000000000000000000e-01 1.00000000000000000000e+00 
layer_sizes=4 5 5 2 
scale_included=0
neurons (num_inputs, activation_function, activation_steepness)=(0, 0, 0.00000000000000000000e+00) (0, 0, 0.00000000000000000000e+00) (0, 0, 0.00000000000000000000e+00) (0, 0, 0.00000000000000000000e+00) (4, 3, 5.00000000000000000000e-01) (4, 3, 5.00000000000000000000e-01) (4, 3, 5.00000000000000000000e-01) (4, 3, 5.00000000000000000000e-01) (0, 3, 0.00000000000000000000e+00) (5, 3, 5.00000000000000000000e-01) (5, 3, 5.00000000000000000000e-01) (5, 3, 5.00000000000000000000e-01) (5, 3, 5.00000000000000000000e-01) (0, 3, 0.00000000000000000000e+00) (5, 3, 5.00000000000000000000e-01) (0, 3, 0.00000000000000000000e+00) 
connections (connected_to_neuron, weight)=(0, 7.47501325607299804688e+00) (1, -7.51934432983398437500e+01) (2, 1.98509180545806884766e+00) (3, 4.64253330230712890625e+00) (0, -4.26946783065795898438e+00) (1, -3.09336185455322265625e+00) (2, -1.81560766696929931641e+00) (3, 3.57013511657714843750e+00) (0, -1.75898337364196777344e+00) (1, -7.57048492431640625000e+01) (2, 1.44490222930908203125e+01) (3, 3.81656599044799804688e+00) (0, 7.50106811523437500000e+00) (1, -7.50865554809570312500e+01) (2, 1.70843183994293212891e+00) (3, 4.70085239410400390625e+00) (4, 2.07053184509277343750e+00) (5, 1.80947895050048828125e+01) (6, 2.71187114715576171875e+00) (7, 1.14377486705780029297e+00) (8, -4.66708469390869140625e+00) (4, 2.16375112533569335938e+00) (5, 3.93325233459472656250e+01) (6, -4.97556066513061523438e+00) (7, 1.70497310161590576172e+00) (8, -1.08907165527343750000e+01) (4, 1.64740145206451416016e+00) (5, 2.00690956115722656250e+01) (6, -2.69013619422912597656e+00) (7, 1.45568740367889404297e+00) (8, -5.21950483322143554688e+00) (4, 1.81516969203948974609e+00) (5, 2.45972404479980468750e+01) (6, -2.84100079536437988281e+00) (7, 1.26781630516052246094e+00) (8, -6.67972660064697265625e+00) (9, 3.58334332704544067383e-01) (10, -2.65568041801452636719e+00) (11, -1.91809284687042236328e+00) (12, -4.02741611003875732422e-01) (13, 2.34500360488891601562e+00) 
