FANN_FLO_2.1
num_layers=3
learning_rate=0.500000
connection_rate=1.000000
network_type=0
learning_momentum=0.000000
training_algorithm=2
train_error_function=1
train_stop_function=0
cascade_output_change_fraction=0.010000
quickprop_decay=-0.000100
quickprop_mu=1.750000
rprop_increase_factor=1.200000
rprop_decrease_factor=0.500000
rprop_delta_min=0.000000
rprop_delta_max=50.000000
rprop_delta_zero=0.100000
cascade_output_stagnation_epochs=12
cascade_candidate_change_fraction=0.010000
cascade_candidate_stagnation_epochs=12
cascade_max_out_epochs=150
cascade_min_out_epochs=50
cascade_max_cand_epochs=150
cascade_min_cand_epochs=50
cascade_num_candidate_groups=2
bit_fail_limit=3.49999994039535522461e-01
cascade_candidate_limit=1.00000000000000000000e+03
cascade_weight_multiplier=4.00000005960464477539e-01
cascade_activation_functions_count=10
cascade_activation_functions=3 5 7 8 10 11 14 15 16 17 
cascade_activation_steepnesses_count=4
cascade_activation_steepnesses=2.50000000000000000000e-01 5.00000000000000000000e-01 7.50000000000000000000e-01 1.00000000000000000000e+00 
layer_sizes=10 5 2 
scale_included=0
neurons (num_inputs, activation_function, activation_steepness)=(0, 0, 0.00000000000000000000e+00) (0, 0, 0.00000000000000000000e+00) (0, 0, 0.00000000000000000000e+00) (0, 0, 0.00000000000000000000e+00) (0, 0, 0.00000000000000000000e+00) (0, 0, 0.00000000000000000000e+00) (0, 0, 0.00000000000000000000e+00) (0, 0, 0.00000000000000000000e+00) (0, 0, 0.00000000000000000000e+00) (0, 0, 0.00000000000000000000e+00) (10, 3, 5.00000000000000000000e-01) (10, 3, 5.00000000000000000000e-01) (10, 3, 5.00000000000000000000e-01) (10, 3, 5.00000000000000000000e-01) (0, 3, 0.00000000000000000000e+00) (5, 3, 5.00000000000000000000e-01) (0, 3, 0.00000000000000000000e+00) 
connections (connected_to_neuron, weight)=(0, -3.51102620363235473633e-01) (1, -7.87524461746215820312e-01) (2, -8.71978819370269775391e-01) (3, -5.22727668285369873047e-01) (4, 7.93371260166168212891e-01) (5, -9.41470265388488769531e-01) (6, -3.80767077207565307617e-01) (7, -5.99452495574951171875e-01) (8, -6.67417705059051513672e-01) (9, 9.29774641990661621094e-01) (0, 4.58561740815639495850e-02) (1, -8.40494856238365173340e-02) (2, -4.50573742389678955078e-01) (3, 7.24570930004119873047e-01) (4, -1.18159186840057373047e+00) (5, -8.84075939655303955078e-01) (6, -3.66731464862823486328e-01) (7, -9.68859016895294189453e-01) (8, -6.72875106334686279297e-01) (9, 8.53779494762420654297e-01) (0, -5.35945355892181396484e-01) (1, -5.66349506378173828125e-01) (2, -3.99342775344848632812e-01) (3, -7.24086165428161621094e-01) (4, -1.65217489004135131836e-01) (5, -3.15385580062866210938e-01) (6, -5.47701299190521240234e-01) (7, -5.47600090503692626953e-01) (8, -5.02664089202880859375e-01) (9, 1.55109274387359619141e+00) (0, -4.97322171926498413086e-01) (1, -4.54322040081024169922e-01) (2, -4.00900751352310180664e-01) (3, -5.68226695060729980469e-01) (4, -6.45433783531188964844e-01) (5, -4.18292433023452758789e-01) (6, -4.17958557605743408203e-01) (7, -3.63794535398483276367e-01) (8, -3.70737940073013305664e-01) (9, 1.48561382293701171875e+00) (10, -5.53405404090881347656e-01) (11, -3.85259628295898437500e-01) (12, -1.01685488224029541016e+00) (13, -2.53520536422729492188e+00) (14, 1.50854885578155517578e+00) 
