FANN_FLO_2.1
num_layers=3
learning_rate=0.500000
connection_rate=1.000000
network_type=0
learning_momentum=0.000000
training_algorithm=2
train_error_function=1
train_stop_function=0
cascade_output_change_fraction=0.010000
quickprop_decay=-0.000100
quickprop_mu=1.750000
rprop_increase_factor=1.200000
rprop_decrease_factor=0.500000
rprop_delta_min=0.000000
rprop_delta_max=50.000000
rprop_delta_zero=0.100000
cascade_output_stagnation_epochs=12
cascade_candidate_change_fraction=0.010000
cascade_candidate_stagnation_epochs=12
cascade_max_out_epochs=150
cascade_min_out_epochs=50
cascade_max_cand_epochs=150
cascade_min_cand_epochs=50
cascade_num_candidate_groups=2
bit_fail_limit=3.49999994039535522461e-01
cascade_candidate_limit=1.00000000000000000000e+03
cascade_weight_multiplier=4.00000005960464477539e-01
cascade_activation_functions_count=10
cascade_activation_functions=3 5 7 8 10 11 14 15 16 17 
cascade_activation_steepnesses_count=4
cascade_activation_steepnesses=2.50000000000000000000e-01 5.00000000000000000000e-01 7.50000000000000000000e-01 1.00000000000000000000e+00 
layer_sizes=10 3 2 
scale_included=0
neurons (num_inputs, activation_function, activation_steepness)=(0, 0, 0.00000000000000000000e+00) (0, 0, 0.00000000000000000000e+00) (0, 0, 0.00000000000000000000e+00) (0, 0, 0.00000000000000000000e+00) (0, 0, 0.00000000000000000000e+00) (0, 0, 0.00000000000000000000e+00) (0, 0, 0.00000000000000000000e+00) (0, 0, 0.00000000000000000000e+00) (0, 0, 0.00000000000000000000e+00) (0, 0, 0.00000000000000000000e+00) (10, 3, 5.00000000000000000000e-01) (10, 3, 5.00000000000000000000e-01) (0, 3, 0.00000000000000000000e+00) (3, 3, 5.00000000000000000000e-01) (0, 3, 0.00000000000000000000e+00) 
connections (connected_to_neuron, weight)=(0, -1.44998401403427124023e-01) (1, -1.49089366197586059570e-01) (2, -5.75614631175994873047e-01) (3, 1.20798379182815551758e-01) (4, -1.12959301471710205078e+00) (5, -6.23549103736877441406e-01) (6, -1.69960841536521911621e-01) (7, -5.94249308109283447266e-01) (8, -6.53778791427612304688e-01) (9, 1.44445216655731201172e+00) (0, -4.71393167972564697266e-01) (1, -5.07682561874389648438e-01) (2, -4.12330687046051025391e-01) (3, -5.29197812080383300781e-01) (4, -3.00249457359313964844e-01) (5, -4.25697326660156250000e-01) (6, -4.76579457521438598633e-01) (7, -4.48580563068389892578e-01) (8, -4.08901393413543701172e-01) (9, 1.38236176967620849609e+00) (10, -5.42978823184967041016e-01) (11, -4.03700494766235351562e+00) (12, 1.64036715030670166016e+00) 
