FANN_FLO_2.1
num_layers=4
learning_rate=0.450000
connection_rate=1.000000
network_type=0
learning_momentum=0.000000
training_algorithm=2
train_error_function=1
train_stop_function=0
cascade_output_change_fraction=0.010000
quickprop_decay=-0.000100
quickprop_mu=1.750000
rprop_increase_factor=1.200000
rprop_decrease_factor=0.500000
rprop_delta_min=0.000000
rprop_delta_max=50.000000
rprop_delta_zero=0.100000
cascade_output_stagnation_epochs=12
cascade_candidate_change_fraction=0.010000
cascade_candidate_stagnation_epochs=12
cascade_max_out_epochs=150
cascade_min_out_epochs=50
cascade_max_cand_epochs=150
cascade_min_cand_epochs=50
cascade_num_candidate_groups=2
bit_fail_limit=3.49999994039535522461e-01
cascade_candidate_limit=1.00000000000000000000e+03
cascade_weight_multiplier=4.00000005960464477539e-01
cascade_activation_functions_count=10
cascade_activation_functions=3 5 7 8 10 11 14 15 16 17 
cascade_activation_steepnesses_count=4
cascade_activation_steepnesses=2.50000000000000000000e-01 5.00000000000000000000e-01 7.50000000000000000000e-01 1.00000000000000000000e+00 
layer_sizes=7 5 3 2 
scale_included=0
neurons (num_inputs, activation_function, activation_steepness)=(0, 0, 0.00000000000000000000e+00) (0, 0, 0.00000000000000000000e+00) (0, 0, 0.00000000000000000000e+00) (0, 0, 0.00000000000000000000e+00) (0, 0, 0.00000000000000000000e+00) (0, 0, 0.00000000000000000000e+00) (0, 0, 0.00000000000000000000e+00) (7, 3, 5.00000000000000000000e-01) (7, 3, 5.00000000000000000000e-01) (7, 3, 5.00000000000000000000e-01) (7, 3, 5.00000000000000000000e-01) (0, 3, 0.00000000000000000000e+00) (5, 3, 5.00000000000000000000e-01) (5, 3, 5.00000000000000000000e-01) (0, 3, 0.00000000000000000000e+00) (3, 0, 5.00000000000000000000e-01) (0, 0, 0.00000000000000000000e+00) 
connections (connected_to_neuron, weight)=(0, 1.39770701527595520020e-01) (1, 7.19880938529968261719e-01) (2, -8.24131786823272705078e-01) (3, 7.59524106979370117188e-02) (4, 9.08682227134704589844e-01) (5, -1.01703917980194091797e+00) (6, 1.59620034694671630859e+00) (0, 2.30986639857292175293e-01) (1, 4.97346788644790649414e-01) (2, -8.07715475559234619141e-01) (3, 2.01741769909858703613e-01) (4, 2.33086287975311279297e-01) (5, -6.52797818183898925781e-01) (6, 3.79724359512329101562e+00) (0, -3.22594947814941406250e+01) (1, 3.35820709228515625000e+02) (2, 6.88216857910156250000e+02) (3, -1.65836048126220703125e+01) (4, 1.09674430847167968750e+02) (5, 1.50000000000000000000e+03) (6, -2.00458478927612304688e+00) (0, -9.00312500000000000000e+01) (1, -8.95467590332031250000e+02) (2, 1.14339672851562500000e+03) (3, 1.35306655883789062500e+02) (4, 3.77176727294921875000e+02) (5, 1.50000000000000000000e+03) (6, 1.15371414184570312500e+02) (7, -6.62265443801879882812e+00) (8, -1.68783855438232421875e+00) (9, -3.30357122421264648438e+00) (10, 7.22456604003906250000e+02) (11, -2.51446992158889770508e-01) (7, -1.65229434967041015625e+01) (8, -2.47802853584289550781e+00) (9, 2.97525167465209960938e+00) (10, 2.91723704338073730469e+00) (11, 1.34981900453567504883e-01) (12, -6.04937458410859107971e-03) (13, 3.45977783203125000000e-01) (14, 1.73488594591617584229e-02) 
