FANN_FLO_2.1
num_layers=3
learning_rate=0.500000
connection_rate=1.000000
network_type=0
learning_momentum=0.000000
training_algorithm=2
train_error_function=1
train_stop_function=0
cascade_output_change_fraction=0.010000
quickprop_decay=-0.000100
quickprop_mu=1.750000
rprop_increase_factor=1.200000
rprop_decrease_factor=0.500000
rprop_delta_min=0.000000
rprop_delta_max=50.000000
rprop_delta_zero=0.100000
cascade_output_stagnation_epochs=12
cascade_candidate_change_fraction=0.010000
cascade_candidate_stagnation_epochs=12
cascade_max_out_epochs=150
cascade_min_out_epochs=50
cascade_max_cand_epochs=150
cascade_min_cand_epochs=50
cascade_num_candidate_groups=2
bit_fail_limit=3.49999994039535522461e-01
cascade_candidate_limit=1.00000000000000000000e+03
cascade_weight_multiplier=4.00000005960464477539e-01
cascade_activation_functions_count=10
cascade_activation_functions=3 5 7 8 10 11 14 15 16 17 
cascade_activation_steepnesses_count=4
cascade_activation_steepnesses=2.50000000000000000000e-01 5.00000000000000000000e-01 7.50000000000000000000e-01 1.00000000000000000000e+00 
layer_sizes=7 5 2 
scale_included=0
neurons (num_inputs, activation_function, activation_steepness)=(0, 0, 0.00000000000000000000e+00) (0, 0, 0.00000000000000000000e+00) (0, 0, 0.00000000000000000000e+00) (0, 0, 0.00000000000000000000e+00) (0, 0, 0.00000000000000000000e+00) (0, 0, 0.00000000000000000000e+00) (0, 0, 0.00000000000000000000e+00) (7, 3, 5.00000000000000000000e-01) (7, 3, 5.00000000000000000000e-01) (7, 3, 5.00000000000000000000e-01) (7, 3, 5.00000000000000000000e-01) (0, 3, 0.00000000000000000000e+00) (5, 0, 5.00000000000000000000e-01) (0, 0, 0.00000000000000000000e+00) 
connections (connected_to_neuron, weight)=(0, 6.83886468410491943359e-01) (1, 2.88827514648437500000e+00) (2, -3.96297950744628906250e+01) (3, 7.62923431396484375000e+00) (4, -8.20857849121093750000e+01) (5, -9.23164665699005126953e-01) (6, -7.21850812435150146484e-01) (0, -5.25806963443756103516e-01) (1, -2.23416500091552734375e+01) (2, -3.85335795581340789795e-02) (3, -4.93188400268554687500e+01) (4, 3.71190757751464843750e+01) (5, -5.20988047122955322266e-01) (6, -4.11850512027740478516e-01) (0, 5.92103004455566406250e-02) (1, -1.40461713075637817383e-01) (2, 1.51325747370719909668e-01) (3, 4.16991487145423889160e-02) (4, -1.14990189671516418457e-01) (5, 1.37986019253730773926e-01) (6, -3.54473614692687988281e+00) (0, -1.54023838043212890625e+01) (1, -8.24440047144889831543e-02) (2, -1.95602250099182128906e+00) (3, 2.38136882781982421875e+01) (4, -2.25020427703857421875e+01) (5, -1.62207162380218505859e+00) (6, -1.94369482994079589844e+00) (7, 3.68635215759277343750e+01) (8, 1.95494728088378906250e+01) (9, 8.54090973734855651855e-02) (10, 4.59699854254722595215e-02) (11, 6.97791692800819873810e-04) 
