FANN_FLO_2.1
num_layers=4
learning_rate=0.450000
connection_rate=1.000000
network_type=0
learning_momentum=0.000000
training_algorithm=2
train_error_function=1
train_stop_function=0
cascade_output_change_fraction=0.010000
quickprop_decay=-0.000100
quickprop_mu=1.750000
rprop_increase_factor=1.200000
rprop_decrease_factor=0.500000
rprop_delta_min=0.000000
rprop_delta_max=50.000000
rprop_delta_zero=0.100000
cascade_output_stagnation_epochs=12
cascade_candidate_change_fraction=0.010000
cascade_candidate_stagnation_epochs=12
cascade_max_out_epochs=150
cascade_min_out_epochs=50
cascade_max_cand_epochs=150
cascade_min_cand_epochs=50
cascade_num_candidate_groups=2
bit_fail_limit=3.49999994039535522461e-01
cascade_candidate_limit=1.00000000000000000000e+03
cascade_weight_multiplier=4.00000005960464477539e-01
cascade_activation_functions_count=10
cascade_activation_functions=3 5 7 8 10 11 14 15 16 17 
cascade_activation_steepnesses_count=4
cascade_activation_steepnesses=2.50000000000000000000e-01 5.00000000000000000000e-01 7.50000000000000000000e-01 1.00000000000000000000e+00 
layer_sizes=7 5 5 2 
scale_included=0
neurons (num_inputs, activation_function, activation_steepness)=(0, 0, 0.00000000000000000000e+00) (0, 0, 0.00000000000000000000e+00) (0, 0, 0.00000000000000000000e+00) (0, 0, 0.00000000000000000000e+00) (0, 0, 0.00000000000000000000e+00) (0, 0, 0.00000000000000000000e+00) (0, 0, 0.00000000000000000000e+00) (7, 3, 5.00000000000000000000e-01) (7, 3, 5.00000000000000000000e-01) (7, 3, 5.00000000000000000000e-01) (7, 3, 5.00000000000000000000e-01) (0, 3, 0.00000000000000000000e+00) (5, 3, 5.00000000000000000000e-01) (5, 3, 5.00000000000000000000e-01) (5, 3, 5.00000000000000000000e-01) (5, 3, 5.00000000000000000000e-01) (0, 3, 0.00000000000000000000e+00) (5, 0, 5.00000000000000000000e-01) (0, 0, 0.00000000000000000000e+00) 
connections (connected_to_neuron, weight)=(0, -1.97163611650466918945e-01) (1, -5.53313493728637695312e-01) (2, 1.69070586562156677246e-01) (3, -4.31124940514564514160e-02) (4, 1.52751281857490539551e-01) (5, 4.87335294485092163086e-01) (6, -3.55037629604339599609e-01) (0, 1.73318922519683837891e-01) (1, -3.55336397886276245117e-01) (2, -5.94611108303070068359e-01) (3, 2.89165109395980834961e-01) (4, 2.05600872635841369629e-01) (5, 4.43094372749328613281e-02) (6, 1.41496539115905761719e-01) (0, 7.03591257333755493164e-02) (1, 3.91911454498767852783e-02) (2, -5.14194905757904052734e-01) (3, 1.34525904431939125061e-02) (4, 2.63824045658111572266e-01) (5, 5.23949526250362396240e-02) (6, 1.91382512450218200684e-01) (0, -1.50000000000000000000e+03) (1, -1.50000000000000000000e+03) (2, -1.50000000000000000000e+03) (3, -1.50000000000000000000e+03) (4, -1.50000000000000000000e+03) (5, -1.43000000000000000000e+03) (6, -1.50000000000000000000e+03) (7, -6.07779920101165771484e-01) (8, 4.75443631410598754883e-01) (9, 1.92717403173446655273e-01) (10, 1.50000000000000000000e+03) (11, 1.48977100849151611328e-01) (7, 3.76816242933273315430e-02) (8, -1.60578012466430664062e+00) (9, 2.44866013526916503906e+00) (10, 1.50000000000000000000e+03) (11, -4.15900766849517822266e-01) (7, 1.57635612487792968750e+01) (8, -1.24587841033935546875e+01) (9, -1.51638431549072265625e+01) (10, 1.50000000000000000000e+03) (11, -8.84899795055389404297e-01) (7, 1.42666969299316406250e+01) (8, -2.78162670135498046875e+01) (9, -7.76606273651123046875e+00) (10, 1.50000000000000000000e+03) (11, -9.13642644882202148438e-01) (12, 8.22020769119262695312e-02) (13, -5.13055771589279174805e-02) (14, 1.91254842281341552734e+00) (15, -1.89377772808074951172e+00) (16, -1.04175349697470664978e-02) 
