FANN_FLO_2.1
num_layers=3
learning_rate=0.300000
connection_rate=1.000000
network_type=0
learning_momentum=0.000000
training_algorithm=2
train_error_function=1
train_stop_function=0
cascade_output_change_fraction=0.010000
quickprop_decay=-0.000100
quickprop_mu=1.750000
rprop_increase_factor=1.200000
rprop_decrease_factor=0.500000
rprop_delta_min=0.000000
rprop_delta_max=50.000000
rprop_delta_zero=0.100000
cascade_output_stagnation_epochs=12
cascade_candidate_change_fraction=0.010000
cascade_candidate_stagnation_epochs=12
cascade_max_out_epochs=150
cascade_min_out_epochs=50
cascade_max_cand_epochs=150
cascade_min_cand_epochs=50
cascade_num_candidate_groups=2
bit_fail_limit=3.49999994039535522461e-01
cascade_candidate_limit=1.00000000000000000000e+03
cascade_weight_multiplier=4.00000005960464477539e-01
cascade_activation_functions_count=10
cascade_activation_functions=3 5 7 8 10 11 14 15 16 17 
cascade_activation_steepnesses_count=4
cascade_activation_steepnesses=2.50000000000000000000e-01 5.00000000000000000000e-01 7.50000000000000000000e-01 1.00000000000000000000e+00 
layer_sizes=4 9 2 
scale_included=0
neurons (num_inputs, activation_function, activation_steepness)=(0, 0, 0.00000000000000000000e+00) (0, 0, 0.00000000000000000000e+00) (0, 0, 0.00000000000000000000e+00) (0, 0, 0.00000000000000000000e+00) (4, 3, 5.00000000000000000000e-01) (4, 3, 5.00000000000000000000e-01) (4, 3, 5.00000000000000000000e-01) (4, 3, 5.00000000000000000000e-01) (4, 3, 5.00000000000000000000e-01) (4, 3, 5.00000000000000000000e-01) (4, 3, 5.00000000000000000000e-01) (4, 3, 5.00000000000000000000e-01) (0, 3, 0.00000000000000000000e+00) (9, 3, 5.00000000000000000000e-01) (0, 3, 0.00000000000000000000e+00) 
connections (connected_to_neuron, weight)=(0, -1.32499933242797851562e+00) (1, 7.33720004558563232422e-01) (2, -2.41322112083435058594e+00) (3, 1.15548448562622070312e+01) (0, -1.02989695966243743896e-01) (1, 1.53338918462395668030e-02) (2, -1.83127760887145996094e-01) (3, 1.01354563236236572266e+00) (0, -1.07136046886444091797e+00) (1, 6.20945990085601806641e-01) (2, -1.89980804920196533203e+00) (3, 4.64855718612670898438e+00) (0, -1.36822414398193359375e+00) (1, 6.95119738578796386719e-01) (2, -1.44451391696929931641e+00) (3, 5.11192798614501953125e+00) (0, -1.50549554824829101562e+00) (1, 6.58833503723144531250e-01) (2, -1.12679779529571533203e+00) (3, 1.00774025917053222656e+00) (0, 2.03211493790149688721e-02) (1, 7.55580961704254150391e-02) (2, -1.12036633491516113281e+00) (3, 8.78666281700134277344e-01) (0, 1.94616293907165527344e+00) (1, -1.41067874431610107422e+00) (2, 2.78876590728759765625e+00) (3, 1.31367519497871398926e-02) (0, -9.59510803222656250000e-01) (1, 5.80742359161376953125e-01) (2, -1.81534004211425781250e+00) (3, 2.04829835891723632812e+00) (4, -9.79626700282096862793e-02) (5, -1.18936300277709960938e+01) (6, -3.37721966207027435303e-02) (7, -8.46079215407371520996e-02) (8, -1.52325451374053955078e-01) (9, -4.14726704359054565430e-01) (10, 2.16489285230636596680e-01) (11, -5.39167523384094238281e-02) (12, 7.58240640163421630859e-01) 
