FANN_FLO_2.1
num_layers=3
learning_rate=0.500000
connection_rate=1.000000
network_type=0
learning_momentum=0.000000
training_algorithm=2
train_error_function=1
train_stop_function=0
cascade_output_change_fraction=0.010000
quickprop_decay=-0.000100
quickprop_mu=1.750000
rprop_increase_factor=1.200000
rprop_decrease_factor=0.500000
rprop_delta_min=0.000000
rprop_delta_max=50.000000
rprop_delta_zero=0.100000
cascade_output_stagnation_epochs=12
cascade_candidate_change_fraction=0.010000
cascade_candidate_stagnation_epochs=12
cascade_max_out_epochs=150
cascade_min_out_epochs=50
cascade_max_cand_epochs=150
cascade_min_cand_epochs=50
cascade_num_candidate_groups=2
bit_fail_limit=3.49999994039535522461e-01
cascade_candidate_limit=1.00000000000000000000e+03
cascade_weight_multiplier=4.00000005960464477539e-01
cascade_activation_functions_count=10
cascade_activation_functions=3 5 7 8 10 11 14 15 16 17 
cascade_activation_steepnesses_count=4
cascade_activation_steepnesses=2.50000000000000000000e-01 5.00000000000000000000e-01 7.50000000000000000000e-01 1.00000000000000000000e+00 
layer_sizes=10 3 2 
scale_included=0
neurons (num_inputs, activation_function, activation_steepness)=(0, 0, 0.00000000000000000000e+00) (0, 0, 0.00000000000000000000e+00) (0, 0, 0.00000000000000000000e+00) (0, 0, 0.00000000000000000000e+00) (0, 0, 0.00000000000000000000e+00) (0, 0, 0.00000000000000000000e+00) (0, 0, 0.00000000000000000000e+00) (0, 0, 0.00000000000000000000e+00) (0, 0, 0.00000000000000000000e+00) (0, 0, 0.00000000000000000000e+00) (10, 3, 5.00000000000000000000e-01) (10, 3, 5.00000000000000000000e-01) (0, 3, 0.00000000000000000000e+00) (3, 3, 5.00000000000000000000e-01) (0, 3, 0.00000000000000000000e+00) 
connections (connected_to_neuron, weight)=(0, 1.23121537268161773682e-01) (1, 1.93692833185195922852e-01) (2, 3.89616638422012329102e-01) (3, -1.85691666603088378906e+00) (4, -1.60483634471893310547e+00) (5, 1.57039374113082885742e-01) (6, -3.01725357770919799805e-01) (7, 1.43510088324546813965e-01) (8, -7.10657909512519836426e-02) (9, 6.60513579845428466797e-01) (0, -4.56959158182144165039e-01) (1, -4.92916405200958251953e-01) (2, -4.75189387798309326172e-01) (3, -2.30444714426994323730e-01) (4, -2.41344138979911804199e-01) (5, -5.04809319972991943359e-01) (6, -4.20807480812072753906e-01) (7, -4.76260781288146972656e-01) (8, -4.28123652935028076172e-01) (9, 1.16568183898925781250e+00) (10, -5.95657229423522949219e-01) (11, -4.50652885437011718750e+00) (12, 1.70397043228149414062e+00) 
