FANN_FLO_2.1
num_layers=3
learning_rate=0.500000
connection_rate=1.000000
network_type=0
learning_momentum=0.000000
training_algorithm=2
train_error_function=1
train_stop_function=0
cascade_output_change_fraction=0.010000
quickprop_decay=-0.000100
quickprop_mu=1.750000
rprop_increase_factor=1.200000
rprop_decrease_factor=0.500000
rprop_delta_min=0.000000
rprop_delta_max=50.000000
rprop_delta_zero=0.100000
cascade_output_stagnation_epochs=12
cascade_candidate_change_fraction=0.010000
cascade_candidate_stagnation_epochs=12
cascade_max_out_epochs=150
cascade_min_out_epochs=50
cascade_max_cand_epochs=150
cascade_min_cand_epochs=50
cascade_num_candidate_groups=2
bit_fail_limit=3.49999994039535522461e-01
cascade_candidate_limit=1.00000000000000000000e+03
cascade_weight_multiplier=4.00000005960464477539e-01
cascade_activation_functions_count=10
cascade_activation_functions=3 5 7 8 10 11 14 15 16 17 
cascade_activation_steepnesses_count=4
cascade_activation_steepnesses=2.50000000000000000000e-01 5.00000000000000000000e-01 7.50000000000000000000e-01 1.00000000000000000000e+00 
layer_sizes=3 5 4 
scale_included=0
neurons (num_inputs, activation_function, activation_steepness)=(0, 0, 0.00000000000000000000e+00) (0, 0, 0.00000000000000000000e+00) (0, 0, 0.00000000000000000000e+00) (3, 3, 5.00000000000000000000e-01) (3, 3, 5.00000000000000000000e-01) (3, 3, 5.00000000000000000000e-01) (3, 3, 5.00000000000000000000e-01) (0, 3, 0.00000000000000000000e+00) (5, 0, 5.00000000000000000000e-01) (5, 0, 5.00000000000000000000e-01) (5, 0, 5.00000000000000000000e-01) (0, 0, 0.00000000000000000000e+00) 
connections (connected_to_neuron, weight)=(0, -2.58587398529052734375e+01) (1, 1.17845897674560546875e+01) (2, 1.21608381271362304688e+01) (0, -1.50000000000000000000e+03) (1, -1.08812780761718750000e+03) (2, 4.19319992065429687500e+01) (0, -2.81752038002014160156e+00) (1, -2.96586811542510986328e-01) (2, 7.20851123332977294922e-01) (0, -1.50943813323974609375e+01) (1, 9.58250427246093750000e+00) (2, 1.70054244995117187500e+01) (3, 1.00206470489501953125e+00) (4, 1.71151900291442871094e+00) (5, 4.26089286804199218750e+00) (6, 1.29239702224731445312e+00) (7, 1.17486071586608886719e+00) (3, 3.71562957763671875000e+00) (4, 4.12309408187866210938e+00) (5, 1.14696550369262695312e+01) (6, 5.20554971694946289062e+00) (7, 4.60191249847412109375e+00) (3, 1.13333702087402343750e+01) (4, 1.16411247253417968750e+01) (5, 3.58417472839355468750e+01) (6, 1.92656097412109375000e+01) (7, 1.85469627380371093750e+01) 
