FANN_FLO_2.1
num_layers=3
learning_rate=0.500000
connection_rate=1.000000
network_type=0
learning_momentum=0.000000
training_algorithm=2
train_error_function=1
train_stop_function=0
cascade_output_change_fraction=0.010000
quickprop_decay=-0.000100
quickprop_mu=1.750000
rprop_increase_factor=1.200000
rprop_decrease_factor=0.500000
rprop_delta_min=0.000000
rprop_delta_max=50.000000
rprop_delta_zero=0.100000
cascade_output_stagnation_epochs=12
cascade_candidate_change_fraction=0.010000
cascade_candidate_stagnation_epochs=12
cascade_max_out_epochs=150
cascade_min_out_epochs=50
cascade_max_cand_epochs=150
cascade_min_cand_epochs=50
cascade_num_candidate_groups=2
bit_fail_limit=3.49999994039535522461e-01
cascade_candidate_limit=1.00000000000000000000e+03
cascade_weight_multiplier=4.00000005960464477539e-01
cascade_activation_functions_count=10
cascade_activation_functions=3 5 7 8 10 11 14 15 16 17 
cascade_activation_steepnesses_count=4
cascade_activation_steepnesses=2.50000000000000000000e-01 5.00000000000000000000e-01 7.50000000000000000000e-01 1.00000000000000000000e+00 
layer_sizes=7 5 2 
scale_included=0
neurons (num_inputs, activation_function, activation_steepness)=(0, 0, 0.00000000000000000000e+00) (0, 0, 0.00000000000000000000e+00) (0, 0, 0.00000000000000000000e+00) (0, 0, 0.00000000000000000000e+00) (0, 0, 0.00000000000000000000e+00) (0, 0, 0.00000000000000000000e+00) (0, 0, 0.00000000000000000000e+00) (7, 3, 5.00000000000000000000e-01) (7, 3, 5.00000000000000000000e-01) (7, 3, 5.00000000000000000000e-01) (7, 3, 5.00000000000000000000e-01) (0, 3, 0.00000000000000000000e+00) (5, 0, 5.00000000000000000000e-01) (0, 0, 0.00000000000000000000e+00) 
connections (connected_to_neuron, weight)=(0, 2.86548268049955368042e-02) (1, -1.59347876906394958496e-01) (2, 1.76655387878417968750e+00) (3, -2.68433511257171630859e-01) (4, -2.29912710189819335938e+00) (5, 4.76990550756454467773e-01) (6, 9.84222665429115295410e-02) (0, 2.03781574964523315430e-02) (1, 1.69267803430557250977e-01) (2, 7.12505429983139038086e-02) (3, 2.53692343831062316895e-02) (4, -4.07591581344604492188e-01) (5, 1.19977772235870361328e-01) (6, -5.83140969276428222656e-01) (0, -6.80580615997314453125e-01) (1, -2.61779880523681640625e+00) (2, -3.80115165710449218750e+01) (3, -1.07247626781463623047e+00) (4, -2.01281829833984375000e+02) (5, 1.66232788085937500000e+02) (6, -5.50723969936370849609e-01) (0, -1.08793921768665313721e-01) (1, -7.40250706672668457031e-01) (2, 1.41140637207031250000e+03) (3, 3.00353118896484375000e+02) (4, 1.50000000000000000000e+03) (5, 1.07862365722656250000e+03) (6, -2.10506319999694824219e-01) (7, -9.73153039813041687012e-02) (8, 1.11910521984100341797e-01) (9, 2.92312641143798828125e+01) (10, 3.23191322386264801025e-02) (11, -2.98183541744947433472e-02) 
