FANN_FLO_2.1
num_layers=3
learning_rate=0.500000
connection_rate=1.000000
network_type=0
learning_momentum=0.000000
training_algorithm=2
train_error_function=1
train_stop_function=0
cascade_output_change_fraction=0.010000
quickprop_decay=-0.000100
quickprop_mu=1.750000
rprop_increase_factor=1.200000
rprop_decrease_factor=0.500000
rprop_delta_min=0.000000
rprop_delta_max=50.000000
rprop_delta_zero=0.100000
cascade_output_stagnation_epochs=12
cascade_candidate_change_fraction=0.010000
cascade_candidate_stagnation_epochs=12
cascade_max_out_epochs=150
cascade_min_out_epochs=50
cascade_max_cand_epochs=150
cascade_min_cand_epochs=50
cascade_num_candidate_groups=2
bit_fail_limit=3.49999994039535522461e-01
cascade_candidate_limit=1.00000000000000000000e+03
cascade_weight_multiplier=4.00000005960464477539e-01
cascade_activation_functions_count=10
cascade_activation_functions=3 5 7 8 10 11 14 15 16 17 
cascade_activation_steepnesses_count=4
cascade_activation_steepnesses=2.50000000000000000000e-01 5.00000000000000000000e-01 7.50000000000000000000e-01 1.00000000000000000000e+00 
layer_sizes=3 9 4 
scale_included=0
neurons (num_inputs, activation_function, activation_steepness)=(0, 0, 0.00000000000000000000e+00) (0, 0, 0.00000000000000000000e+00) (0, 0, 0.00000000000000000000e+00) (3, 3, 5.00000000000000000000e-01) (3, 3, 5.00000000000000000000e-01) (3, 3, 5.00000000000000000000e-01) (3, 3, 5.00000000000000000000e-01) (3, 3, 5.00000000000000000000e-01) (3, 3, 5.00000000000000000000e-01) (3, 3, 5.00000000000000000000e-01) (3, 3, 5.00000000000000000000e-01) (0, 3, 0.00000000000000000000e+00) (9, 0, 5.00000000000000000000e-01) (9, 0, 5.00000000000000000000e-01) (9, 0, 5.00000000000000000000e-01) (0, 0, 0.00000000000000000000e+00) 
connections (connected_to_neuron, weight)=(0, -3.14969730377197265625e+00) (1, -5.02243936061859130859e-01) (2, 2.10918754339218139648e-01) (0, -1.51165533065795898438e+00) (1, -1.92129790782928466797e+00) (2, 6.31414413452148437500e-01) (0, -5.69331359863281250000e+00) (1, 5.33436489105224609375e+00) (2, 4.23070728778839111328e-01) (0, -6.31400632858276367188e+00) (1, 6.35200643539428710938e+00) (2, 3.94602370262145996094e+00) (0, -8.82982015609741210938e-01) (1, -2.73908305168151855469e+00) (2, -5.62510788440704345703e-02) (0, -3.64196729660034179688e+00) (1, 1.73039674758911132812e+00) (2, 3.44888716936111450195e-02) (0, -6.52774238586425781250e+00) (1, 7.20750856399536132812e+00) (2, 6.18945598602294921875e+00) (0, -5.68753433227539062500e+00) (1, 6.62953948974609375000e+00) (2, 7.60874366760253906250e+00) (3, 2.95577359199523925781e+00) (4, 2.14649128913879394531e+00) (5, 9.05517518520355224609e-01) (6, 3.10365259647369384766e-01) (7, 6.14050686359405517578e-01) (8, 2.18878149986267089844e+00) (9, 5.92648684978485107422e-01) (10, 6.87274038791656494141e-01) (11, 2.93816477060317993164e-01) (3, 7.25944614410400390625e+00) (4, 6.83204412460327148438e+00) (5, 2.68192124366760253906e+00) (6, 2.40216946601867675781e+00) (7, 4.87821149826049804688e+00) (8, 5.55280637741088867188e+00) (9, 2.33493685722351074219e+00) (10, 2.24966025352478027344e+00) (11, 1.84988498687744140625e+00) (3, 2.22534084320068359375e+01) (4, 2.35069446563720703125e+01) (5, 7.54178333282470703125e+00) (6, 7.46394634246826171875e+00) (7, 1.59062852859497070312e+01) (8, 1.79945678710937500000e+01) (9, 7.90984296798706054688e+00) (10, 7.88257026672363281250e+00) (11, 1.11610774993896484375e+01) 
