FANN_FLO_2.1
num_layers=3
learning_rate=0.500000
connection_rate=1.000000
network_type=0
learning_momentum=0.000000
training_algorithm=2
train_error_function=1
train_stop_function=0
cascade_output_change_fraction=0.010000
quickprop_decay=-0.000100
quickprop_mu=1.750000
rprop_increase_factor=1.200000
rprop_decrease_factor=0.500000
rprop_delta_min=0.000000
rprop_delta_max=50.000000
rprop_delta_zero=0.100000
cascade_output_stagnation_epochs=12
cascade_candidate_change_fraction=0.010000
cascade_candidate_stagnation_epochs=12
cascade_max_out_epochs=150
cascade_min_out_epochs=50
cascade_max_cand_epochs=150
cascade_min_cand_epochs=50
cascade_num_candidate_groups=2
bit_fail_limit=3.49999994039535522461e-01
cascade_candidate_limit=1.00000000000000000000e+03
cascade_weight_multiplier=4.00000005960464477539e-01
cascade_activation_functions_count=10
cascade_activation_functions=3 5 7 8 10 11 14 15 16 17 
cascade_activation_steepnesses_count=4
cascade_activation_steepnesses=2.50000000000000000000e-01 5.00000000000000000000e-01 7.50000000000000000000e-01 1.00000000000000000000e+00 
layer_sizes=9 3 2 
scale_included=0
neurons (num_inputs, activation_function, activation_steepness)=(0, 0, 0.00000000000000000000e+00) (0, 0, 0.00000000000000000000e+00) (0, 0, 0.00000000000000000000e+00) (0, 0, 0.00000000000000000000e+00) (0, 0, 0.00000000000000000000e+00) (0, 0, 0.00000000000000000000e+00) (0, 0, 0.00000000000000000000e+00) (0, 0, 0.00000000000000000000e+00) (0, 0, 0.00000000000000000000e+00) (9, 3, 5.00000000000000000000e-01) (9, 3, 5.00000000000000000000e-01) (0, 3, 0.00000000000000000000e+00) (3, 0, 5.00000000000000000000e-01) (0, 0, 0.00000000000000000000e+00) 
connections (connected_to_neuron, weight)=(0, 1.81914687156677246094e-01) (1, 1.24364338815212249756e-01) (2, 1.56214118003845214844e-01) (3, 1.48410886526107788086e-01) (4, 2.58867442607879638672e-02) (5, 1.85935497283935546875e-01) (6, 5.27139008045196533203e-02) (7, 5.51452636718750000000e-02) (8, -1.73726558685302734375e-01) (0, 1.81128799915313720703e-01) (1, 1.06800861656665802002e-01) (2, 2.03956440091133117676e-02) (3, 1.35396510362625122070e-01) (4, 8.99388343095779418945e-02) (5, 3.54306846857070922852e-02) (6, 1.54616445302963256836e-01) (7, 2.57989838719367980957e-02) (8, -1.69430896639823913574e-01) (9, -2.37427279353141784668e-02) (10, -6.12631067633628845215e-02) (11, -1.60981565713882446289e-01) 
