FANN_FLO_2.1
num_layers=4
learning_rate=0.300000
connection_rate=1.000000
network_type=0
learning_momentum=0.000000
training_algorithm=2
train_error_function=1
train_stop_function=0
cascade_output_change_fraction=0.010000
quickprop_decay=-0.000100
quickprop_mu=1.750000
rprop_increase_factor=1.200000
rprop_decrease_factor=0.500000
rprop_delta_min=0.000000
rprop_delta_max=50.000000
rprop_delta_zero=0.100000
cascade_output_stagnation_epochs=12
cascade_candidate_change_fraction=0.010000
cascade_candidate_stagnation_epochs=12
cascade_max_out_epochs=150
cascade_min_out_epochs=50
cascade_max_cand_epochs=150
cascade_min_cand_epochs=50
cascade_num_candidate_groups=2
bit_fail_limit=3.49999994039535522461e-01
cascade_candidate_limit=1.00000000000000000000e+03
cascade_weight_multiplier=4.00000005960464477539e-01
cascade_activation_functions_count=10
cascade_activation_functions=3 5 7 8 10 11 14 15 16 17 
cascade_activation_steepnesses_count=4
cascade_activation_steepnesses=2.50000000000000000000e-01 5.00000000000000000000e-01 7.50000000000000000000e-01 1.00000000000000000000e+00 
layer_sizes=2 5 5 3 
scale_included=0
neurons (num_inputs, activation_function, activation_steepness)=(0, 0, 0.00000000000000000000e+00) (0, 0, 0.00000000000000000000e+00) (2, 3, 5.00000000000000000000e-01) (2, 3, 5.00000000000000000000e-01) (2, 3, 5.00000000000000000000e-01) (2, 3, 5.00000000000000000000e-01) (0, 3, 0.00000000000000000000e+00) (5, 3, 5.00000000000000000000e-01) (5, 3, 5.00000000000000000000e-01) (5, 3, 5.00000000000000000000e-01) (5, 3, 5.00000000000000000000e-01) (0, 3, 0.00000000000000000000e+00) (5, 0, 5.00000000000000000000e-01) (5, 0, 5.00000000000000000000e-01) (0, 0, 0.00000000000000000000e+00) 
connections (connected_to_neuron, weight)=(0, -1.50000000000000000000e+03) (1, -9.39810276031494140625e+00) (0, -1.50000000000000000000e+03) (1, -5.77665865421295166016e-01) (0, -1.50000000000000000000e+03) (1, -6.61584734916687011719e-01) (0, -1.50000000000000000000e+03) (1, -9.46217238903045654297e-01) (2, 1.31570672988891601562e+00) (3, 3.26996713876724243164e-01) (4, 3.05128782987594604492e-01) (5, 3.50268721580505371094e-01) (6, -1.26036465167999267578e+00) (2, 8.18935632705688476562e-01) (3, 4.01189684867858886719e-01) (4, 4.45365935564041137695e-01) (5, 4.70670104026794433594e-01) (6, 1.49490550160408020020e-01) (2, 1.25979208946228027344e+00) (3, 9.31811749935150146484e-01) (4, 1.11159253120422363281e+00) (5, 1.02932655811309814453e+00) (6, -2.71355295181274414062e+00) (2, 8.53599667549133300781e-01) (3, 3.09262514114379882812e-01) (4, 1.67871654033660888672e-01) (5, 6.35172486305236816406e-01) (6, -8.33761645480990409851e-04) (7, 3.97327449172735214233e-03) (8, -5.57984188199043273926e-02) (9, 2.15923935174942016602e-01) (10, -2.65024174004793167114e-02) (11, -1.10255166888236999512e-01) (7, -6.05134606361389160156e-01) (8, -6.64393782615661621094e-01) (9, -5.76695263385772705078e-01) (10, -3.96750181913375854492e-01) (11, -3.53768318891525268555e-01) 
