FANN_FLO_2.1
num_layers=3
learning_rate=0.400000
connection_rate=1.000000
network_type=0
learning_momentum=0.000000
training_algorithm=2
train_error_function=1
train_stop_function=0
cascade_output_change_fraction=0.010000
quickprop_decay=-0.000100
quickprop_mu=1.750000
rprop_increase_factor=1.200000
rprop_decrease_factor=0.500000
rprop_delta_min=0.000000
rprop_delta_max=50.000000
rprop_delta_zero=0.100000
cascade_output_stagnation_epochs=12
cascade_candidate_change_fraction=0.010000
cascade_candidate_stagnation_epochs=12
cascade_max_out_epochs=150
cascade_min_out_epochs=50
cascade_max_cand_epochs=150
cascade_min_cand_epochs=50
cascade_num_candidate_groups=2
bit_fail_limit=3.49999994039535522461e-01
cascade_candidate_limit=1.00000000000000000000e+03
cascade_weight_multiplier=4.00000005960464477539e-01
cascade_activation_functions_count=10
cascade_activation_functions=3 5 7 8 10 11 14 15 16 17 
cascade_activation_steepnesses_count=4
cascade_activation_steepnesses=2.50000000000000000000e-01 5.00000000000000000000e-01 7.50000000000000000000e-01 1.00000000000000000000e+00 
layer_sizes=10 3 2 
scale_included=0
neurons (num_inputs, activation_function, activation_steepness)=(0, 0, 0.00000000000000000000e+00) (0, 0, 0.00000000000000000000e+00) (0, 0, 0.00000000000000000000e+00) (0, 0, 0.00000000000000000000e+00) (0, 0, 0.00000000000000000000e+00) (0, 0, 0.00000000000000000000e+00) (0, 0, 0.00000000000000000000e+00) (0, 0, 0.00000000000000000000e+00) (0, 0, 0.00000000000000000000e+00) (0, 0, 0.00000000000000000000e+00) (10, 3, 5.00000000000000000000e-01) (10, 3, 5.00000000000000000000e-01) (0, 3, 0.00000000000000000000e+00) (3, 3, 5.00000000000000000000e-01) (0, 3, 0.00000000000000000000e+00) 
connections (connected_to_neuron, weight)=(0, 8.84429141879081726074e-02) (1, 1.15984179079532623291e-01) (2, 1.68461173772811889648e-01) (3, 1.27954334020614624023e-01) (4, 1.17152422666549682617e-01) (5, 1.72089844942092895508e-01) (6, 1.33062392473220825195e-01) (7, 1.10167779028415679932e-01) (8, 1.45497709512710571289e-01) (9, 5.27415797114372253418e-02) (0, 4.51768636703491210938e-02) (1, 3.83505299687385559082e-02) (2, 4.32733222842216491699e-02) (3, 7.67769962549209594727e-02) (4, 8.74929651618003845215e-02) (5, 2.77993753552436828613e-02) (6, 1.37550130486488342285e-01) (7, 1.01045340299606323242e-01) (8, 1.32447943091392517090e-01) (9, 1.26976996660232543945e-01) (10, -1.49207770824432373047e-01) (11, -1.32528901100158691406e-01) (12, -1.13465964794158935547e-01) 
