FANN_FLO_2.1
num_layers=4
learning_rate=0.300000
connection_rate=1.000000
network_type=0
learning_momentum=0.000000
training_algorithm=2
train_error_function=1
train_stop_function=0
cascade_output_change_fraction=0.010000
quickprop_decay=-0.000100
quickprop_mu=1.750000
rprop_increase_factor=1.200000
rprop_decrease_factor=0.500000
rprop_delta_min=0.000000
rprop_delta_max=50.000000
rprop_delta_zero=0.100000
cascade_output_stagnation_epochs=12
cascade_candidate_change_fraction=0.010000
cascade_candidate_stagnation_epochs=12
cascade_max_out_epochs=150
cascade_min_out_epochs=50
cascade_max_cand_epochs=150
cascade_min_cand_epochs=50
cascade_num_candidate_groups=2
bit_fail_limit=3.49999994039535522461e-01
cascade_candidate_limit=1.00000000000000000000e+03
cascade_weight_multiplier=4.00000005960464477539e-01
cascade_activation_functions_count=10
cascade_activation_functions=3 5 7 8 10 11 14 15 16 17 
cascade_activation_steepnesses_count=4
cascade_activation_steepnesses=2.50000000000000000000e-01 5.00000000000000000000e-01 7.50000000000000000000e-01 1.00000000000000000000e+00 
layer_sizes=2 5 3 3 
scale_included=0
neurons (num_inputs, activation_function, activation_steepness)=(0, 0, 0.00000000000000000000e+00) (0, 0, 0.00000000000000000000e+00) (2, 3, 5.00000000000000000000e-01) (2, 3, 5.00000000000000000000e-01) (2, 3, 5.00000000000000000000e-01) (2, 3, 5.00000000000000000000e-01) (0, 3, 0.00000000000000000000e+00) (5, 3, 5.00000000000000000000e-01) (5, 3, 5.00000000000000000000e-01) (0, 3, 0.00000000000000000000e+00) (3, 0, 5.00000000000000000000e-01) (3, 0, 5.00000000000000000000e-01) (0, 0, 0.00000000000000000000e+00) 
connections (connected_to_neuron, weight)=(0, 1.45360479354858398438e+01) (1, 4.87088823318481445312e+00) (0, 1.01710948944091796875e+01) (1, 2.00209450721740722656e+00) (0, 1.26970100402832031250e+01) (1, 3.56824159622192382812e+00) (0, 1.30726062011718750000e+03) (1, 8.90941321849822998047e-01) (2, 3.16686415672302246094e+00) (3, 1.53436946868896484375e+00) (4, 1.85602617263793945312e+00) (5, -5.87790222167968750000e+02) (6, -1.56717494130134582520e-01) (2, 1.11105251312255859375e+00) (3, -1.42993899062275886536e-02) (4, 9.81753990054130554199e-02) (5, -2.15612506866455078125e+00) (6, 6.94642513990402221680e-02) (7, 2.75001853704452514648e-01) (8, -2.95389425009489059448e-02) (9, -1.12255506217479705811e-01) (7, -1.51353085041046142578e+00) (8, -9.33041810989379882812e-01) (9, -8.50317537784576416016e-01) 
