FANN_FLO_2.1
num_layers=3
learning_rate=0.300000
connection_rate=1.000000
network_type=0
learning_momentum=0.000000
training_algorithm=2
train_error_function=1
train_stop_function=0
cascade_output_change_fraction=0.010000
quickprop_decay=-0.000100
quickprop_mu=1.750000
rprop_increase_factor=1.200000
rprop_decrease_factor=0.500000
rprop_delta_min=0.000000
rprop_delta_max=50.000000
rprop_delta_zero=0.100000
cascade_output_stagnation_epochs=12
cascade_candidate_change_fraction=0.010000
cascade_candidate_stagnation_epochs=12
cascade_max_out_epochs=150
cascade_min_out_epochs=50
cascade_max_cand_epochs=150
cascade_min_cand_epochs=50
cascade_num_candidate_groups=2
bit_fail_limit=3.49999994039535522461e-01
cascade_candidate_limit=1.00000000000000000000e+03
cascade_weight_multiplier=4.00000005960464477539e-01
cascade_activation_functions_count=10
cascade_activation_functions=3 5 7 8 10 11 14 15 16 17 
cascade_activation_steepnesses_count=4
cascade_activation_steepnesses=2.50000000000000000000e-01 5.00000000000000000000e-01 7.50000000000000000000e-01 1.00000000000000000000e+00 
layer_sizes=4 9 2 
scale_included=0
neurons (num_inputs, activation_function, activation_steepness)=(0, 0, 0.00000000000000000000e+00) (0, 0, 0.00000000000000000000e+00) (0, 0, 0.00000000000000000000e+00) (0, 0, 0.00000000000000000000e+00) (4, 3, 5.00000000000000000000e-01) (4, 3, 5.00000000000000000000e-01) (4, 3, 5.00000000000000000000e-01) (4, 3, 5.00000000000000000000e-01) (4, 3, 5.00000000000000000000e-01) (4, 3, 5.00000000000000000000e-01) (4, 3, 5.00000000000000000000e-01) (4, 3, 5.00000000000000000000e-01) (0, 3, 0.00000000000000000000e+00) (9, 3, 5.00000000000000000000e-01) (0, 3, 0.00000000000000000000e+00) 
connections (connected_to_neuron, weight)=(0, 5.26388846337795257568e-02) (1, 3.48781086504459381104e-02) (2, -8.62203121185302734375e-01) (3, 1.24249362945556640625e+00) (0, -1.11030375957489013672e+00) (1, 7.01388835906982421875e-01) (2, -1.45603060722351074219e+00) (3, 5.78746604919433593750e+00) (0, -1.56215429306030273438e-01) (1, 3.77559401094913482666e-02) (2, -2.08690360188484191895e-01) (3, 3.23417711257934570312e+00) (0, -1.06430828571319580078e+00) (1, 5.77651083469390869141e-01) (2, -1.15885806083679199219e+00) (3, 2.92775011062622070312e+00) (0, -1.35064828395843505859e+00) (1, 5.48909366130828857422e-01) (2, -2.89349593222141265869e-02) (3, 1.55480968952178955078e+00) (0, -1.39195129275321960449e-01) (1, -2.66699671745300292969e+00) (2, -6.49120882153511047363e-02) (3, 1.37986704707145690918e-01) (0, -1.36915564537048339844e-01) (1, 1.59951597452163696289e-02) (2, -1.54873147606849670410e-01) (3, 5.19655406475067138672e-01) (0, -9.46897923946380615234e-01) (1, 6.49245142936706542969e-01) (2, -1.62929153442382812500e+00) (3, 5.65751791000366210938e+00) (4, -1.01873326301574707031e+00) (5, -8.65480899810791015625e-02) (6, -2.22454905509948730469e+00) (7, -8.91730487346649169922e-02) (8, -6.17825314402580261230e-02) (9, 1.50000000000000000000e+03) (10, -1.06445569992065429688e+01) (11, -2.29185432195663452148e-01) (12, 1.30760407447814941406e+00) 
