FANN_FLO_2.1
num_layers=3
learning_rate=0.500000
connection_rate=1.000000
network_type=0
learning_momentum=0.000000
training_algorithm=2
train_error_function=1
train_stop_function=0
cascade_output_change_fraction=0.010000
quickprop_decay=-0.000100
quickprop_mu=1.750000
rprop_increase_factor=1.200000
rprop_decrease_factor=0.500000
rprop_delta_min=0.000000
rprop_delta_max=50.000000
rprop_delta_zero=0.100000
cascade_output_stagnation_epochs=12
cascade_candidate_change_fraction=0.010000
cascade_candidate_stagnation_epochs=12
cascade_max_out_epochs=150
cascade_min_out_epochs=50
cascade_max_cand_epochs=150
cascade_min_cand_epochs=50
cascade_num_candidate_groups=2
bit_fail_limit=3.49999994039535522461e-01
cascade_candidate_limit=1.00000000000000000000e+03
cascade_weight_multiplier=4.00000005960464477539e-01
cascade_activation_functions_count=10
cascade_activation_functions=3 5 7 8 10 11 14 15 16 17 
cascade_activation_steepnesses_count=4
cascade_activation_steepnesses=2.50000000000000000000e-01 5.00000000000000000000e-01 7.50000000000000000000e-01 1.00000000000000000000e+00 
layer_sizes=18 3 2 
scale_included=0
neurons (num_inputs, activation_function, activation_steepness)=(0, 0, 0.00000000000000000000e+00) (0, 0, 0.00000000000000000000e+00) (0, 0, 0.00000000000000000000e+00) (0, 0, 0.00000000000000000000e+00) (0, 0, 0.00000000000000000000e+00) (0, 0, 0.00000000000000000000e+00) (0, 0, 0.00000000000000000000e+00) (0, 0, 0.00000000000000000000e+00) (0, 0, 0.00000000000000000000e+00) (0, 0, 0.00000000000000000000e+00) (0, 0, 0.00000000000000000000e+00) (0, 0, 0.00000000000000000000e+00) (0, 0, 0.00000000000000000000e+00) (0, 0, 0.00000000000000000000e+00) (0, 0, 0.00000000000000000000e+00) (0, 0, 0.00000000000000000000e+00) (0, 0, 0.00000000000000000000e+00) (0, 0, 0.00000000000000000000e+00) (18, 3, 5.00000000000000000000e-01) (18, 3, 5.00000000000000000000e-01) (0, 3, 0.00000000000000000000e+00) (3, 0, 5.00000000000000000000e-01) (0, 0, 0.00000000000000000000e+00) 
connections (connected_to_neuron, weight)=(0, 1.48500000000000000000e+03) (1, 1.48500000000000000000e+03) (2, 1.48500000000000000000e+03) (3, 1.48500000000000000000e+03) (4, 1.50000000000000000000e+03) (5, 1.50000000000000000000e+03) (6, 6.99579315185546875000e+01) (7, 2.54397544860839843750e+01) (8, 1.50000000000000000000e+03) (9, 1.48500000000000000000e+03) (10, 1.48500000000000000000e+03) (11, 1.48500000000000000000e+03) (12, 1.48500000000000000000e+03) (13, 1.48500000000000000000e+03) (14, 1.48500000000000000000e+03) (15, 1.48500000000000000000e+03) (16, 1.48500000000000000000e+03) (17, 1.84275126457214355469e+00) (0, 1.14186882972717285156e+00) (1, 8.52579891681671142578e-01) (2, 1.20619964599609375000e+00) (3, 8.52775037288665771484e-01) (4, 1.17043840885162353516e+00) (5, -1.26123845577239990234e+00) (6, -1.20259261131286621094e+00) (7, -1.28809547424316406250e+00) (8, 3.16192030906677246094e-01) (9, 9.19982552528381347656e-01) (10, 1.07322692871093750000e+00) (11, 9.39207494258880615234e-01) (12, 1.31944537162780761719e+00) (13, 8.78217995166778564453e-01) (14, 1.17137241363525390625e+00) (15, 1.02534794807434082031e+00) (16, 1.13561737537384033203e+00) (17, -4.73247957229614257812e+00) (18, 1.92904448509216308594e+00) (19, 1.08898868560791015625e+01) (20, 1.90947651863098144531e+00) 
