FANN_FLO_2.1
num_layers=4
learning_rate=0.300000
connection_rate=1.000000
network_type=0
learning_momentum=0.000000
training_algorithm=2
train_error_function=1
train_stop_function=0
cascade_output_change_fraction=0.010000
quickprop_decay=-0.000100
quickprop_mu=1.750000
rprop_increase_factor=1.200000
rprop_decrease_factor=0.500000
rprop_delta_min=0.000000
rprop_delta_max=50.000000
rprop_delta_zero=0.100000
cascade_output_stagnation_epochs=12
cascade_candidate_change_fraction=0.010000
cascade_candidate_stagnation_epochs=12
cascade_max_out_epochs=150
cascade_min_out_epochs=50
cascade_max_cand_epochs=150
cascade_min_cand_epochs=50
cascade_num_candidate_groups=2
bit_fail_limit=3.49999994039535522461e-01
cascade_candidate_limit=1.00000000000000000000e+03
cascade_weight_multiplier=4.00000005960464477539e-01
cascade_activation_functions_count=10
cascade_activation_functions=3 5 7 8 10 11 14 15 16 17 
cascade_activation_steepnesses_count=4
cascade_activation_steepnesses=2.50000000000000000000e-01 5.00000000000000000000e-01 7.50000000000000000000e-01 1.00000000000000000000e+00 
layer_sizes=2 5 5 3 
scale_included=0
neurons (num_inputs, activation_function, activation_steepness)=(0, 0, 0.00000000000000000000e+00) (0, 0, 0.00000000000000000000e+00) (2, 3, 5.00000000000000000000e-01) (2, 3, 5.00000000000000000000e-01) (2, 3, 5.00000000000000000000e-01) (2, 3, 5.00000000000000000000e-01) (0, 3, 0.00000000000000000000e+00) (5, 3, 5.00000000000000000000e-01) (5, 3, 5.00000000000000000000e-01) (5, 3, 5.00000000000000000000e-01) (5, 3, 5.00000000000000000000e-01) (0, 3, 0.00000000000000000000e+00) (5, 0, 5.00000000000000000000e-01) (5, 0, 5.00000000000000000000e-01) (0, 0, 0.00000000000000000000e+00) 
connections (connected_to_neuron, weight)=(0, -1.50000000000000000000e+03) (1, -1.17419314384460449219e+00) (0, -1.50000000000000000000e+03) (1, -7.44837000966072082520e-02) (0, 1.50000000000000000000e+03) (1, 8.18439483642578125000e+00) (0, -1.50000000000000000000e+03) (1, -1.30898699164390563965e-01) (2, 1.06624996662139892578e+00) (3, 6.10439836978912353516e-01) (4, 1.32949674129486083984e+00) (5, 5.29265344142913818359e-01) (6, -2.91134566068649291992e-02) (2, 2.63994956016540527344e+00) (3, 2.75906056165695190430e-01) (4, -3.69117259979248046875e-01) (5, 3.45281034708023071289e-01) (6, -2.63442029245197772980e-03) (2, 2.56606245040893554688e+00) (3, 2.05856293439865112305e-01) (4, -5.53799152374267578125e-01) (5, 2.38805979490280151367e-01) (6, 1.10076166689395904541e-01) (2, 2.43077445030212402344e+00) (3, 2.05449074506759643555e-01) (4, -4.04015350341796875000e+00) (5, 1.27891957759857177734e-01) (6, -3.80153069272637367249e-04) (7, -3.16416993737220764160e-02) (8, 5.53806424140930175781e-02) (9, 6.45208656787872314453e-02) (10, 1.26674458384513854980e-01) (11, -2.13531181216239929199e-01) (7, -4.53785449266433715820e-01) (8, -4.62865382432937622070e-01) (9, -3.90877962112426757812e-01) (10, -5.32341599464416503906e-01) (11, -3.38870406150817871094e-01) 
