FANN_FLO_2.1
num_layers=3
learning_rate=0.500000
connection_rate=1.000000
network_type=0
learning_momentum=0.000000
training_algorithm=2
train_error_function=1
train_stop_function=0
cascade_output_change_fraction=0.010000
quickprop_decay=-0.000100
quickprop_mu=1.750000
rprop_increase_factor=1.200000
rprop_decrease_factor=0.500000
rprop_delta_min=0.000000
rprop_delta_max=50.000000
rprop_delta_zero=0.100000
cascade_output_stagnation_epochs=12
cascade_candidate_change_fraction=0.010000
cascade_candidate_stagnation_epochs=12
cascade_max_out_epochs=150
cascade_min_out_epochs=50
cascade_max_cand_epochs=150
cascade_min_cand_epochs=50
cascade_num_candidate_groups=2
bit_fail_limit=3.49999994039535522461e-01
cascade_candidate_limit=1.00000000000000000000e+03
cascade_weight_multiplier=4.00000005960464477539e-01
cascade_activation_functions_count=10
cascade_activation_functions=3 5 7 8 10 11 14 15 16 17 
cascade_activation_steepnesses_count=4
cascade_activation_steepnesses=2.50000000000000000000e-01 5.00000000000000000000e-01 7.50000000000000000000e-01 1.00000000000000000000e+00 
layer_sizes=10 3 2 
scale_included=0
neurons (num_inputs, activation_function, activation_steepness)=(0, 0, 0.00000000000000000000e+00) (0, 0, 0.00000000000000000000e+00) (0, 0, 0.00000000000000000000e+00) (0, 0, 0.00000000000000000000e+00) (0, 0, 0.00000000000000000000e+00) (0, 0, 0.00000000000000000000e+00) (0, 0, 0.00000000000000000000e+00) (0, 0, 0.00000000000000000000e+00) (0, 0, 0.00000000000000000000e+00) (0, 0, 0.00000000000000000000e+00) (10, 3, 5.00000000000000000000e-01) (10, 3, 5.00000000000000000000e-01) (0, 3, 0.00000000000000000000e+00) (3, 3, 5.00000000000000000000e-01) (0, 3, 0.00000000000000000000e+00) 
connections (connected_to_neuron, weight)=(0, 3.27911525964736938477e-01) (1, 3.55213046073913574219e-01) (2, 3.43018442392349243164e-01) (3, 4.53693628311157226562e-01) (4, 4.31011021137237548828e-01) (5, 9.83580231666564941406e-01) (6, 2.27760657668113708496e-01) (7, 3.30774068832397460938e-01) (8, 5.60630381107330322266e-01) (9, -1.11907601356506347656e+00) (0, -5.42438805103302001953e-01) (1, -5.42371094226837158203e-01) (2, -5.25835514068603515625e-01) (3, -4.88487452268600463867e-01) (4, -4.54169452190399169922e-01) (5, -2.13981419801712036133e-01) (6, -5.81605374813079833984e-01) (7, -5.71746289730072021484e-01) (8, -4.27710056304931640625e-01) (9, 1.87837934494018554688e+00) (10, 1.56135976314544677734e+00) (11, -2.75199675559997558594e+00) (12, 7.86935016512870788574e-02) 
