FANN_FLO_2.1
num_layers=4
learning_rate=0.500000
connection_rate=1.000000
network_type=0
learning_momentum=0.000000
training_algorithm=2
train_error_function=1
train_stop_function=0
cascade_output_change_fraction=0.010000
quickprop_decay=-0.000100
quickprop_mu=1.750000
rprop_increase_factor=1.200000
rprop_decrease_factor=0.500000
rprop_delta_min=0.000000
rprop_delta_max=50.000000
rprop_delta_zero=0.100000
cascade_output_stagnation_epochs=12
cascade_candidate_change_fraction=0.010000
cascade_candidate_stagnation_epochs=12
cascade_max_out_epochs=150
cascade_min_out_epochs=50
cascade_max_cand_epochs=150
cascade_min_cand_epochs=50
cascade_num_candidate_groups=2
bit_fail_limit=3.49999994039535522461e-01
cascade_candidate_limit=1.00000000000000000000e+03
cascade_weight_multiplier=4.00000005960464477539e-01
cascade_activation_functions_count=10
cascade_activation_functions=3 5 7 8 10 11 14 15 16 17 
cascade_activation_steepnesses_count=4
cascade_activation_steepnesses=2.50000000000000000000e-01 5.00000000000000000000e-01 7.50000000000000000000e-01 1.00000000000000000000e+00 
layer_sizes=18 3 3 2 
scale_included=0
neurons (num_inputs, activation_function, activation_steepness)=(0, 0, 0.00000000000000000000e+00) (0, 0, 0.00000000000000000000e+00) (0, 0, 0.00000000000000000000e+00) (0, 0, 0.00000000000000000000e+00) (0, 0, 0.00000000000000000000e+00) (0, 0, 0.00000000000000000000e+00) (0, 0, 0.00000000000000000000e+00) (0, 0, 0.00000000000000000000e+00) (0, 0, 0.00000000000000000000e+00) (0, 0, 0.00000000000000000000e+00) (0, 0, 0.00000000000000000000e+00) (0, 0, 0.00000000000000000000e+00) (0, 0, 0.00000000000000000000e+00) (0, 0, 0.00000000000000000000e+00) (0, 0, 0.00000000000000000000e+00) (0, 0, 0.00000000000000000000e+00) (0, 0, 0.00000000000000000000e+00) (0, 0, 0.00000000000000000000e+00) (18, 3, 5.00000000000000000000e-01) (18, 3, 5.00000000000000000000e-01) (0, 3, 0.00000000000000000000e+00) (3, 3, 5.00000000000000000000e-01) (3, 3, 5.00000000000000000000e-01) (0, 3, 0.00000000000000000000e+00) (3, 0, 5.00000000000000000000e-01) (0, 0, 0.00000000000000000000e+00) 
connections (connected_to_neuron, weight)=(0, 6.99717462062835693359e-01) (1, 8.45006287097930908203e-01) (2, 7.06756412982940673828e-01) (3, 5.85875928401947021484e-01) (4, 9.07013356685638427734e-01) (5, -1.14547348022460937500e+00) (6, -1.61263123154640197754e-01) (7, -8.44057679176330566406e-01) (8, -2.69356071949005126953e-01) (9, 7.10306584835052490234e-01) (10, 9.59620058536529541016e-01) (11, 8.13918530941009521484e-01) (12, 6.98635756969451904297e-01) (13, 6.39685869216918945312e-01) (14, 6.66272282600402832031e-01) (15, 4.58010733127593994141e-01) (16, 6.22179567813873291016e-01) (17, -4.42890548706054687500e+00) (0, 1.15310215950012207031e+00) (1, 7.37553596496582031250e-01) (2, 1.07182073593139648438e+00) (3, 1.53616130352020263672e+00) (4, 5.88342964649200439453e-01) (5, -4.84717994928359985352e-01) (6, -1.79584836959838867188e+00) (7, -8.14106583595275878906e-01) (8, 4.43538844585418701172e-01) (9, 9.84768748283386230469e-01) (10, 6.80174350738525390625e-01) (11, 1.27114903926849365234e+00) (12, 7.37248003482818603516e-01) (13, 1.25539147853851318359e+00) (14, 1.24345743656158447266e+00) (15, 1.18664813041687011719e+00) (16, 1.20051133632659912109e+00) (17, -3.22693562507629394531e+00) (18, 3.06056737899780273438e+00) (19, 1.91174507141113281250e+00) (20, -2.18394851684570312500e+00) (18, 2.85029792785644531250e+00) (19, 2.04948401451110839844e+00) (20, -2.10396289825439453125e+00) (21, 6.91374254226684570312e+00) (22, 6.82820320129394531250e+00) (23, 1.73338329792022705078e+00) 
