FANN_FLO_2.1
num_layers=3
learning_rate=0.500000
connection_rate=1.000000
network_type=0
learning_momentum=0.000000
training_algorithm=2
train_error_function=1
train_stop_function=0
cascade_output_change_fraction=0.010000
quickprop_decay=-0.000100
quickprop_mu=1.750000
rprop_increase_factor=1.200000
rprop_decrease_factor=0.500000
rprop_delta_min=0.000000
rprop_delta_max=50.000000
rprop_delta_zero=0.100000
cascade_output_stagnation_epochs=12
cascade_candidate_change_fraction=0.010000
cascade_candidate_stagnation_epochs=12
cascade_max_out_epochs=150
cascade_min_out_epochs=50
cascade_max_cand_epochs=150
cascade_min_cand_epochs=50
cascade_num_candidate_groups=2
bit_fail_limit=3.49999994039535522461e-01
cascade_candidate_limit=1.00000000000000000000e+03
cascade_weight_multiplier=4.00000005960464477539e-01
cascade_activation_functions_count=10
cascade_activation_functions=3 5 7 8 10 11 14 15 16 17 
cascade_activation_steepnesses_count=4
cascade_activation_steepnesses=2.50000000000000000000e-01 5.00000000000000000000e-01 7.50000000000000000000e-01 1.00000000000000000000e+00 
layer_sizes=3 5 4 
scale_included=0
neurons (num_inputs, activation_function, activation_steepness)=(0, 0, 0.00000000000000000000e+00) (0, 0, 0.00000000000000000000e+00) (0, 0, 0.00000000000000000000e+00) (3, 3, 5.00000000000000000000e-01) (3, 3, 5.00000000000000000000e-01) (3, 3, 5.00000000000000000000e-01) (3, 3, 5.00000000000000000000e-01) (0, 3, 0.00000000000000000000e+00) (5, 0, 5.00000000000000000000e-01) (5, 0, 5.00000000000000000000e-01) (5, 0, 5.00000000000000000000e-01) (0, 0, 0.00000000000000000000e+00) 
connections (connected_to_neuron, weight)=(0, -2.23629879951477050781e+00) (1, 1.09800091013312339783e-02) (2, 3.10841798782348632812e-01) (0, -2.71661400794982910156e+00) (1, -4.36586618423461914062e+00) (2, 1.81072318553924560547e+00) (0, -8.43431282043457031250e+00) (1, 9.52432441711425781250e+00) (2, 7.39731407165527343750e+00) (0, -1.70426616668701171875e+01) (1, 1.22224063873291015625e+01) (2, 7.50611305236816406250e+00) (3, 5.25258684158325195312e+00) (4, 2.28467917442321777344e+00) (5, 1.02953994274139404297e+00) (6, 1.11990201473236083984e+00) (7, 7.04982519149780273438e-01) (3, 1.36794462203979492188e+01) (4, 7.12910795211791992188e+00) (5, 4.36528110504150390625e+00) (6, 3.85352945327758789062e+00) (7, 3.60362434387207031250e+00) (3, 4.27253303527832031250e+01) (4, 2.28185863494873046875e+01) (5, 1.55632047653198242188e+01) (6, 1.27452964782714843750e+01) (7, 1.56427993774414062500e+01) 
