FANN_FLO_2.1
num_layers=3
learning_rate=0.500000
connection_rate=1.000000
network_type=0
learning_momentum=0.000000
training_algorithm=2
train_error_function=1
train_stop_function=0
cascade_output_change_fraction=0.010000
quickprop_decay=-0.000100
quickprop_mu=1.750000
rprop_increase_factor=1.200000
rprop_decrease_factor=0.500000
rprop_delta_min=0.000000
rprop_delta_max=50.000000
rprop_delta_zero=0.100000
cascade_output_stagnation_epochs=12
cascade_candidate_change_fraction=0.010000
cascade_candidate_stagnation_epochs=12
cascade_max_out_epochs=150
cascade_min_out_epochs=50
cascade_max_cand_epochs=150
cascade_min_cand_epochs=50
cascade_num_candidate_groups=2
bit_fail_limit=3.49999994039535522461e-01
cascade_candidate_limit=1.00000000000000000000e+03
cascade_weight_multiplier=4.00000005960464477539e-01
cascade_activation_functions_count=10
cascade_activation_functions=3 5 7 8 10 11 14 15 16 17 
cascade_activation_steepnesses_count=4
cascade_activation_steepnesses=2.50000000000000000000e-01 5.00000000000000000000e-01 7.50000000000000000000e-01 1.00000000000000000000e+00 
layer_sizes=3 9 4 
scale_included=0
neurons (num_inputs, activation_function, activation_steepness)=(0, 0, 0.00000000000000000000e+00) (0, 0, 0.00000000000000000000e+00) (0, 0, 0.00000000000000000000e+00) (3, 3, 5.00000000000000000000e-01) (3, 3, 5.00000000000000000000e-01) (3, 3, 5.00000000000000000000e-01) (3, 3, 5.00000000000000000000e-01) (3, 3, 5.00000000000000000000e-01) (3, 3, 5.00000000000000000000e-01) (3, 3, 5.00000000000000000000e-01) (3, 3, 5.00000000000000000000e-01) (0, 3, 0.00000000000000000000e+00) (9, 0, 5.00000000000000000000e-01) (9, 0, 5.00000000000000000000e-01) (9, 0, 5.00000000000000000000e-01) (0, 0, 0.00000000000000000000e+00) 
connections (connected_to_neuron, weight)=(0, -1.14652013778686523438e+01) (1, -5.52453184127807617188e+00) (2, 1.98905766010284423828e-01) (0, -7.54519462585449218750e+00) (1, 9.49349212646484375000e+00) (2, 6.43664836883544921875e+00) (0, -6.14062356948852539062e+00) (1, -7.07940340042114257812e-01) (2, 1.01712501049041748047e+00) (0, -1.18551635742187500000e+01) (1, 5.44713258743286132812e+00) (2, 6.18250465393066406250e+00) (0, -1.86935687065124511719e+00) (1, -2.81527543067932128906e+00) (2, 1.88674286007881164551e-01) (0, -6.68996143341064453125e+00) (1, 1.62859594821929931641e+00) (2, 1.45227849483489990234e+00) (0, -6.24901247024536132812e+00) (1, 8.57079792022705078125e+00) (2, 9.05692005157470703125e+00) (0, -9.40446090698242187500e+00) (1, 6.47735929489135742188e+00) (2, 7.33053922653198242188e+00) (3, 1.60883212089538574219e+00) (4, 9.65600728988647460938e-01) (5, 1.62687218189239501953e+00) (6, 9.73076283931732177734e-01) (7, 2.48182559013366699219e+00) (8, 1.57930648326873779297e+00) (9, 6.82162404060363769531e-01) (10, 6.32689595222473144531e-01) (11, 3.29594880342483520508e-01) (3, 3.40387105941772460938e+00) (4, 3.43443107604980468750e+00) (5, 4.43691396713256835938e+00) (6, 2.78469872474670410156e+00) (7, 8.29597568511962890625e+00) (8, 4.41495418548583984375e+00) (9, 2.45321059226989746094e+00) (10, 3.28520870208740234375e+00) (11, 1.58363878726959228516e+00) (3, 1.08068351745605468750e+01) (4, 1.01687650680541992188e+01) (5, 1.41694669723510742188e+01) (6, 9.76667690277099609375e+00) (7, 2.74132995605468750000e+01) (8, 1.28286218643188476562e+01) (9, 9.87697887420654296875e+00) (10, 9.81723976135253906250e+00) (11, 9.82042980194091796875e+00) 
