FANN_FLO_2.1
num_layers=3
learning_rate=0.500000
connection_rate=1.000000
network_type=0
learning_momentum=0.000000
training_algorithm=2
train_error_function=1
train_stop_function=0
cascade_output_change_fraction=0.010000
quickprop_decay=-0.000100
quickprop_mu=1.750000
rprop_increase_factor=1.200000
rprop_decrease_factor=0.500000
rprop_delta_min=0.000000
rprop_delta_max=50.000000
rprop_delta_zero=0.100000
cascade_output_stagnation_epochs=12
cascade_candidate_change_fraction=0.010000
cascade_candidate_stagnation_epochs=12
cascade_max_out_epochs=150
cascade_min_out_epochs=50
cascade_max_cand_epochs=150
cascade_min_cand_epochs=50
cascade_num_candidate_groups=2
bit_fail_limit=3.49999994039535522461e-01
cascade_candidate_limit=1.00000000000000000000e+03
cascade_weight_multiplier=4.00000005960464477539e-01
cascade_activation_functions_count=10
cascade_activation_functions=3 5 7 8 10 11 14 15 16 17 
cascade_activation_steepnesses_count=4
cascade_activation_steepnesses=2.50000000000000000000e-01 5.00000000000000000000e-01 7.50000000000000000000e-01 1.00000000000000000000e+00 
layer_sizes=3 5 4 
scale_included=0
neurons (num_inputs, activation_function, activation_steepness)=(0, 0, 0.00000000000000000000e+00) (0, 0, 0.00000000000000000000e+00) (0, 0, 0.00000000000000000000e+00) (3, 3, 5.00000000000000000000e-01) (3, 3, 5.00000000000000000000e-01) (3, 3, 5.00000000000000000000e-01) (3, 3, 5.00000000000000000000e-01) (0, 3, 0.00000000000000000000e+00) (5, 0, 5.00000000000000000000e-01) (5, 0, 5.00000000000000000000e-01) (5, 0, 5.00000000000000000000e-01) (0, 0, 0.00000000000000000000e+00) 
connections (connected_to_neuron, weight)=(0, -1.50000000000000000000e+03) (1, -6.82347290039062500000e+02) (2, 1.53822898864746093750e+01) (0, -1.50000000000000000000e+03) (1, -6.59624023437500000000e+01) (2, 5.76245422363281250000e+02) (0, -1.50000000000000000000e+03) (1, -1.10408398437500000000e+03) (2, 4.81306743621826171875e+00) (0, -7.81270568847656250000e+02) (1, 8.09252471923828125000e+01) (2, 3.29212951660156250000e+02) (3, 2.20135951042175292969e+00) (4, 1.55867218971252441406e+00) (5, 1.67835950851440429688e+00) (6, 1.43824338912963867188e+00) (7, 2.89114904403686523438e+00) (3, 4.35543346405029296875e+00) (4, 4.95278835296630859375e+00) (5, 4.37508392333984375000e+00) (6, 5.02130222320556640625e+00) (7, 1.14817276000976562500e+01) (3, 1.40172004699707031250e+01) (4, 1.51371173858642578125e+01) (5, 1.31988887786865234375e+01) (6, 1.82642402648925781250e+01) (7, 3.89810676574707031250e+01) 
