FANN_FLO_2.1
num_layers=3
learning_rate=0.500000
connection_rate=1.000000
network_type=0
learning_momentum=0.000000
training_algorithm=2
train_error_function=1
train_stop_function=0
cascade_output_change_fraction=0.010000
quickprop_decay=-0.000100
quickprop_mu=1.750000
rprop_increase_factor=1.200000
rprop_decrease_factor=0.500000
rprop_delta_min=0.000000
rprop_delta_max=50.000000
rprop_delta_zero=0.100000
cascade_output_stagnation_epochs=12
cascade_candidate_change_fraction=0.010000
cascade_candidate_stagnation_epochs=12
cascade_max_out_epochs=150
cascade_min_out_epochs=50
cascade_max_cand_epochs=150
cascade_min_cand_epochs=50
cascade_num_candidate_groups=2
bit_fail_limit=3.49999994039535522461e-01
cascade_candidate_limit=1.00000000000000000000e+03
cascade_weight_multiplier=4.00000005960464477539e-01
cascade_activation_functions_count=10
cascade_activation_functions=3 5 7 8 10 11 14 15 16 17 
cascade_activation_steepnesses_count=4
cascade_activation_steepnesses=2.50000000000000000000e-01 5.00000000000000000000e-01 7.50000000000000000000e-01 1.00000000000000000000e+00 
layer_sizes=3 5 4 
scale_included=0
neurons (num_inputs, activation_function, activation_steepness)=(0, 0, 0.00000000000000000000e+00) (0, 0, 0.00000000000000000000e+00) (0, 0, 0.00000000000000000000e+00) (3, 3, 5.00000000000000000000e-01) (3, 3, 5.00000000000000000000e-01) (3, 3, 5.00000000000000000000e-01) (3, 3, 5.00000000000000000000e-01) (0, 3, 0.00000000000000000000e+00) (5, 0, 5.00000000000000000000e-01) (5, 0, 5.00000000000000000000e-01) (5, 0, 5.00000000000000000000e-01) (0, 0, 0.00000000000000000000e+00) 
connections (connected_to_neuron, weight)=(0, -3.17022442817687988281e+00) (1, -3.95948982238769531250e+00) (2, 1.22194564342498779297e+00) (0, -2.80390434265136718750e+01) (1, 1.33928327560424804688e+01) (2, 1.18763017654418945312e+01) (0, -1.88001785278320312500e+01) (1, 1.52764730453491210938e+01) (2, 1.88826026916503906250e+01) (0, -2.73260831832885742188e+00) (1, -2.03549936413764953613e-01) (2, 4.95053827762603759766e-01) (3, 2.26899242401123046875e+00) (4, 1.01713514328002929688e+00) (5, 1.27967870235443115234e+00) (6, 4.49337673187255859375e+00) (7, 1.13417482376098632812e+00) (3, 7.03267908096313476562e+00) (4, 3.88356208801269531250e+00) (5, 5.24215841293334960938e+00) (6, 1.12369155883789062500e+01) (7, 4.57399272918701171875e+00) (3, 2.13834609985351562500e+01) (4, 1.25808801651000976562e+01) (5, 1.84055347442626953125e+01) (6, 3.54795188903808593750e+01) (7, 1.83893108367919921875e+01) 
