FANN_FLO_2.1
num_layers=3
learning_rate=0.400000
connection_rate=1.000000
network_type=0
learning_momentum=0.000000
training_algorithm=2
train_error_function=1
train_stop_function=0
cascade_output_change_fraction=0.010000
quickprop_decay=-0.000100
quickprop_mu=1.750000
rprop_increase_factor=1.200000
rprop_decrease_factor=0.500000
rprop_delta_min=0.000000
rprop_delta_max=50.000000
rprop_delta_zero=0.100000
cascade_output_stagnation_epochs=12
cascade_candidate_change_fraction=0.010000
cascade_candidate_stagnation_epochs=12
cascade_max_out_epochs=150
cascade_min_out_epochs=50
cascade_max_cand_epochs=150
cascade_min_cand_epochs=50
cascade_num_candidate_groups=2
bit_fail_limit=3.49999994039535522461e-01
cascade_candidate_limit=1.00000000000000000000e+03
cascade_weight_multiplier=4.00000005960464477539e-01
cascade_activation_functions_count=10
cascade_activation_functions=3 5 7 8 10 11 14 15 16 17 
cascade_activation_steepnesses_count=4
cascade_activation_steepnesses=2.50000000000000000000e-01 5.00000000000000000000e-01 7.50000000000000000000e-01 1.00000000000000000000e+00 
layer_sizes=10 3 2 
scale_included=0
neurons (num_inputs, activation_function, activation_steepness)=(0, 0, 0.00000000000000000000e+00) (0, 0, 0.00000000000000000000e+00) (0, 0, 0.00000000000000000000e+00) (0, 0, 0.00000000000000000000e+00) (0, 0, 0.00000000000000000000e+00) (0, 0, 0.00000000000000000000e+00) (0, 0, 0.00000000000000000000e+00) (0, 0, 0.00000000000000000000e+00) (0, 0, 0.00000000000000000000e+00) (0, 0, 0.00000000000000000000e+00) (10, 3, 5.00000000000000000000e-01) (10, 3, 5.00000000000000000000e-01) (0, 3, 0.00000000000000000000e+00) (3, 3, 5.00000000000000000000e-01) (0, 3, 0.00000000000000000000e+00) 
connections (connected_to_neuron, weight)=(0, -9.35791060328483581543e-02) (1, -2.63369157910346984863e-02) (2, -4.35539260506629943848e-02) (3, -1.56352594494819641113e-01) (4, -1.20589323341846466064e-01) (5, -4.60914000868797302246e-02) (6, -3.86508479714393615723e-02) (7, -1.49055659770965576172e-01) (8, -7.04211816191673278809e-02) (9, -1.74739196896553039551e-01) (0, 1.12874053418636322021e-01) (1, 2.63720750808715820312e-02) (2, 6.11133314669132232666e-02) (3, 1.14768289029598236084e-01) (4, 1.64025783538818359375e-01) (5, 1.80014193058013916016e-01) (6, 6.09531216323375701904e-02) (7, 3.34528237581253051758e-02) (8, 6.58972561359405517578e-02) (9, 1.53879076242446899414e-01) (10, -7.93799683451652526855e-02) (11, -1.34957402944564819336e-01) (12, -6.84159472584724426270e-02) 
