FANN_FLO_2.1
num_layers=3
learning_rate=0.300000
connection_rate=1.000000
network_type=0
learning_momentum=0.000000
training_algorithm=2
train_error_function=1
train_stop_function=0
cascade_output_change_fraction=0.010000
quickprop_decay=-0.000100
quickprop_mu=1.750000
rprop_increase_factor=1.200000
rprop_decrease_factor=0.500000
rprop_delta_min=0.000000
rprop_delta_max=50.000000
rprop_delta_zero=0.100000
cascade_output_stagnation_epochs=12
cascade_candidate_change_fraction=0.010000
cascade_candidate_stagnation_epochs=12
cascade_max_out_epochs=150
cascade_min_out_epochs=50
cascade_max_cand_epochs=150
cascade_min_cand_epochs=50
cascade_num_candidate_groups=2
bit_fail_limit=3.49999994039535522461e-01
cascade_candidate_limit=1.00000000000000000000e+03
cascade_weight_multiplier=4.00000005960464477539e-01
cascade_activation_functions_count=10
cascade_activation_functions=3 5 7 8 10 11 14 15 16 17 
cascade_activation_steepnesses_count=4
cascade_activation_steepnesses=2.50000000000000000000e-01 5.00000000000000000000e-01 7.50000000000000000000e-01 1.00000000000000000000e+00 
layer_sizes=4 9 2 
scale_included=0
neurons (num_inputs, activation_function, activation_steepness)=(0, 0, 0.00000000000000000000e+00) (0, 0, 0.00000000000000000000e+00) (0, 0, 0.00000000000000000000e+00) (0, 0, 0.00000000000000000000e+00) (4, 3, 5.00000000000000000000e-01) (4, 3, 5.00000000000000000000e-01) (4, 3, 5.00000000000000000000e-01) (4, 3, 5.00000000000000000000e-01) (4, 3, 5.00000000000000000000e-01) (4, 3, 5.00000000000000000000e-01) (4, 3, 5.00000000000000000000e-01) (4, 3, 5.00000000000000000000e-01) (0, 3, 0.00000000000000000000e+00) (9, 3, 5.00000000000000000000e-01) (0, 3, 0.00000000000000000000e+00) 
connections (connected_to_neuron, weight)=(0, -1.59455835819244384766e-01) (1, 3.55763323605060577393e-02) (2, -2.38380506634712219238e-01) (3, 3.93061590194702148438e+00) (0, -6.58449679613113403320e-02) (1, 1.24816584587097167969e+00) (2, -1.07563295364379882812e+01) (3, 4.95791740417480468750e+01) (0, -2.70145833492279052734e-01) (1, 5.37402272224426269531e-01) (2, -2.79371356964111328125e+00) (3, 6.45001769065856933594e-01) (0, 9.97151434421539306641e-02) (1, 3.83032739162445068359e-01) (2, -6.03582763671875000000e+00) (3, 6.33107948303222656250e+00) (0, 9.07087698578834533691e-02) (1, 1.37283289432525634766e+00) (2, -7.65493583679199218750e+00) (3, 9.30722999572753906250e+00) (0, -3.30712394714355468750e+01) (1, 2.10232362151145935059e-01) (2, 4.30232620239257812500e+00) (3, 6.17472290992736816406e-01) (0, 7.20771253108978271484e-02) (1, 1.40081250667572021484e+00) (2, -7.32054710388183593750e+00) (3, 4.87763595581054687500e+00) (0, 4.46974098682403564453e-01) (1, -3.70162464678287506104e-02) (2, 6.88915491104125976562e-01) (3, -9.12842464447021484375e+00) (4, -3.86433291435241699219e+00) (5, -3.06191593408584594727e-01) (6, -1.25850170850753784180e-01) (7, -4.60573136806488037109e-01) (8, -2.88652092218399047852e-01) (9, 1.50000000000000000000e+03) (10, -3.15560489892959594727e-01) (11, 2.56883335113525390625e+00) (12, -1.67140364646911621094e-01) 
