FANN_FLO_2.1
num_layers=4
learning_rate=0.300000
connection_rate=1.000000
network_type=0
learning_momentum=0.000000
training_algorithm=2
train_error_function=1
train_stop_function=0
cascade_output_change_fraction=0.010000
quickprop_decay=-0.000100
quickprop_mu=1.750000
rprop_increase_factor=1.200000
rprop_decrease_factor=0.500000
rprop_delta_min=0.000000
rprop_delta_max=50.000000
rprop_delta_zero=0.100000
cascade_output_stagnation_epochs=12
cascade_candidate_change_fraction=0.010000
cascade_candidate_stagnation_epochs=12
cascade_max_out_epochs=150
cascade_min_out_epochs=50
cascade_max_cand_epochs=150
cascade_min_cand_epochs=50
cascade_num_candidate_groups=2
bit_fail_limit=3.49999994039535522461e-01
cascade_candidate_limit=1.00000000000000000000e+03
cascade_weight_multiplier=4.00000005960464477539e-01
cascade_activation_functions_count=10
cascade_activation_functions=3 5 7 8 10 11 14 15 16 17 
cascade_activation_steepnesses_count=4
cascade_activation_steepnesses=2.50000000000000000000e-01 5.00000000000000000000e-01 7.50000000000000000000e-01 1.00000000000000000000e+00 
layer_sizes=2 5 5 3 
scale_included=0
neurons (num_inputs, activation_function, activation_steepness)=(0, 0, 0.00000000000000000000e+00) (0, 0, 0.00000000000000000000e+00) (2, 3, 5.00000000000000000000e-01) (2, 3, 5.00000000000000000000e-01) (2, 3, 5.00000000000000000000e-01) (2, 3, 5.00000000000000000000e-01) (0, 3, 0.00000000000000000000e+00) (5, 3, 5.00000000000000000000e-01) (5, 3, 5.00000000000000000000e-01) (5, 3, 5.00000000000000000000e-01) (5, 3, 5.00000000000000000000e-01) (0, 3, 0.00000000000000000000e+00) (5, 0, 5.00000000000000000000e-01) (5, 0, 5.00000000000000000000e-01) (0, 0, 0.00000000000000000000e+00) 
connections (connected_to_neuron, weight)=(0, -6.14164009094238281250e+01) (1, -9.46344470977783203125e+00) (0, 8.42624759674072265625e+00) (1, 1.10113077163696289062e+01) (0, -3.07586765289306640625e+00) (1, -7.38580608367919921875e+00) (0, -9.11049556732177734375e+00) (1, -4.44244909286499023438e+00) (2, 7.50940501689910888672e-01) (3, 1.26436662673950195312e+00) (4, 3.59038376808166503906e+00) (5, 1.26397943496704101562e+00) (6, -2.51274704933166503906e+00) (2, 1.01151502132415771484e+00) (3, 1.40246272087097167969e+00) (4, 5.40822458267211914062e+00) (5, 6.24461770057678222656e-01) (6, -2.81655478477478027344e+00) (2, -2.29525351524353027344e+00) (3, 1.54605603218078613281e+00) (4, 2.95017409324645996094e+00) (5, 1.97000598907470703125e+00) (6, 1.47104486823081970215e-01) (2, -8.55771362781524658203e-01) (3, 5.23366987705230712891e-01) (4, 3.10423040390014648438e+00) (5, 1.38869249820709228516e+00) (6, -9.91913259029388427734e-01) (7, 8.67854580283164978027e-02) (8, 2.62962281703948974609e-01) (9, -1.69024035334587097168e-01) (10, -5.37095293402671813965e-02) (11, -6.05976097285747528076e-02) (7, -5.14979064464569091797e-01) (8, -5.11960506439208984375e-01) (9, -6.29850208759307861328e-01) (10, -7.46972680091857910156e-01) (11, -3.16486418247222900391e-01) 
