FANN_FLO_2.1
num_layers=3
learning_rate=0.500000
connection_rate=1.000000
network_type=0
learning_momentum=0.000000
training_algorithm=2
train_error_function=1
train_stop_function=0
cascade_output_change_fraction=0.010000
quickprop_decay=-0.000100
quickprop_mu=1.750000
rprop_increase_factor=1.200000
rprop_decrease_factor=0.500000
rprop_delta_min=0.000000
rprop_delta_max=50.000000
rprop_delta_zero=0.100000
cascade_output_stagnation_epochs=12
cascade_candidate_change_fraction=0.010000
cascade_candidate_stagnation_epochs=12
cascade_max_out_epochs=150
cascade_min_out_epochs=50
cascade_max_cand_epochs=150
cascade_min_cand_epochs=50
cascade_num_candidate_groups=2
bit_fail_limit=3.49999994039535522461e-01
cascade_candidate_limit=1.00000000000000000000e+03
cascade_weight_multiplier=4.00000005960464477539e-01
cascade_activation_functions_count=10
cascade_activation_functions=3 5 7 8 10 11 14 15 16 17 
cascade_activation_steepnesses_count=4
cascade_activation_steepnesses=2.50000000000000000000e-01 5.00000000000000000000e-01 7.50000000000000000000e-01 1.00000000000000000000e+00 
layer_sizes=3 9 4 
scale_included=0
neurons (num_inputs, activation_function, activation_steepness)=(0, 0, 0.00000000000000000000e+00) (0, 0, 0.00000000000000000000e+00) (0, 0, 0.00000000000000000000e+00) (3, 3, 5.00000000000000000000e-01) (3, 3, 5.00000000000000000000e-01) (3, 3, 5.00000000000000000000e-01) (3, 3, 5.00000000000000000000e-01) (3, 3, 5.00000000000000000000e-01) (3, 3, 5.00000000000000000000e-01) (3, 3, 5.00000000000000000000e-01) (3, 3, 5.00000000000000000000e-01) (0, 3, 0.00000000000000000000e+00) (9, 0, 5.00000000000000000000e-01) (9, 0, 5.00000000000000000000e-01) (9, 0, 5.00000000000000000000e-01) (0, 0, 0.00000000000000000000e+00) 
connections (connected_to_neuron, weight)=(0, -2.02930450439453125000e+00) (1, 4.45527458190917968750e+00) (2, -6.96122348308563232422e-01) (0, -2.74374294281005859375e+00) (1, -4.85936021804809570312e+00) (2, 9.44664329290390014648e-02) (0, -4.17552137374877929688e+00) (1, -6.16633892059326171875e-01) (2, 5.37382483482360839844e-01) (0, -4.67841529846191406250e+00) (1, -3.86701083183288574219e+00) (2, 1.64084744453430175781e+00) (0, -5.22125387191772460938e+00) (1, 5.83019542694091796875e+00) (2, 6.98555946350097656250e+00) (0, -4.25135612487792968750e+00) (1, 2.51205778121948242188e+00) (2, 8.15682262182235717773e-02) (0, -6.79373359680175781250e+00) (1, 3.67599177360534667969e+00) (2, 6.40516901016235351562e+00) (0, -5.98333168029785156250e+00) (1, -5.18498599529266357422e-01) (2, 5.52188634872436523438e+00) (3, 1.79306173324584960938e+00) (4, 2.19197463989257812500e+00) (5, 2.59096908569335937500e+00) (6, 1.46930491924285888672e+00) (7, 4.76048350334167480469e-01) (8, 1.83397614955902099609e+00) (9, 2.84796029329299926758e-01) (10, 8.18901881575584411621e-02) (11, 4.61703807115554809570e-01) (3, 4.06881093978881835938e+00) (4, 5.56667089462280273438e+00) (5, 5.73715305328369140625e+00) (6, 4.70789480209350585938e+00) (7, 2.47423744201660156250e+00) (8, 3.90261268615722656250e+00) (9, 2.29532837867736816406e+00) (10, 2.69064116477966308594e+00) (11, 2.33498287200927734375e+00) (3, 7.06931352615356445312e+00) (4, 1.85942211151123046875e+01) (5, 1.80729427337646484375e+01) (6, 1.46276216506958007812e+01) (7, 1.18273248672485351562e+01) (8, 9.79710483551025390625e+00) (9, 1.07685499191284179688e+01) (10, 1.06149625778198242188e+01) (11, 1.17651071548461914062e+01) 
