FANN_FLO_2.1
num_layers=3
learning_rate=0.500000
connection_rate=1.000000
network_type=0
learning_momentum=0.000000
training_algorithm=2
train_error_function=1
train_stop_function=0
cascade_output_change_fraction=0.010000
quickprop_decay=-0.000100
quickprop_mu=1.750000
rprop_increase_factor=1.200000
rprop_decrease_factor=0.500000
rprop_delta_min=0.000000
rprop_delta_max=50.000000
rprop_delta_zero=0.100000
cascade_output_stagnation_epochs=12
cascade_candidate_change_fraction=0.010000
cascade_candidate_stagnation_epochs=12
cascade_max_out_epochs=150
cascade_min_out_epochs=50
cascade_max_cand_epochs=150
cascade_min_cand_epochs=50
cascade_num_candidate_groups=2
bit_fail_limit=3.49999994039535522461e-01
cascade_candidate_limit=1.00000000000000000000e+03
cascade_weight_multiplier=4.00000005960464477539e-01
cascade_activation_functions_count=10
cascade_activation_functions=3 5 7 8 10 11 14 15 16 17 
cascade_activation_steepnesses_count=4
cascade_activation_steepnesses=2.50000000000000000000e-01 5.00000000000000000000e-01 7.50000000000000000000e-01 1.00000000000000000000e+00 
layer_sizes=7 5 2 
scale_included=0
neurons (num_inputs, activation_function, activation_steepness)=(0, 0, 0.00000000000000000000e+00) (0, 0, 0.00000000000000000000e+00) (0, 0, 0.00000000000000000000e+00) (0, 0, 0.00000000000000000000e+00) (0, 0, 0.00000000000000000000e+00) (0, 0, 0.00000000000000000000e+00) (0, 0, 0.00000000000000000000e+00) (7, 3, 5.00000000000000000000e-01) (7, 3, 5.00000000000000000000e-01) (7, 3, 5.00000000000000000000e-01) (7, 3, 5.00000000000000000000e-01) (0, 3, 0.00000000000000000000e+00) (5, 0, 5.00000000000000000000e-01) (0, 0, 0.00000000000000000000e+00) 
connections (connected_to_neuron, weight)=(0, 3.72360849380493164062e+00) (1, 2.29699707031250000000e+00) (2, -7.44406223297119140625e-01) (3, 1.36531949043273925781e-01) (4, -3.55129837989807128906e+00) (5, -1.06200000000000000000e+03) (6, -1.06299221515655517578e+00) (0, -3.27581329345703125000e+01) (1, -4.52301168441772460938e+00) (2, -5.84679077148437500000e+02) (3, -1.46077375411987304688e+01) (4, -1.86492748260498046875e+01) (5, -1.50000000000000000000e+03) (6, -1.13203547894954681396e-01) (0, -3.24594688415527343750e+01) (1, -6.33120012283325195312e+00) (2, 2.46348209381103515625e+01) (3, -3.45219497680664062500e+01) (4, 3.66237908601760864258e-02) (5, -1.54915267944335937500e+02) (6, -7.61068880558013916016e-01) (0, -4.22824974060058593750e+01) (1, -1.17690572738647460938e+01) (2, -1.43059997558593750000e+03) (3, -3.31206436157226562500e+01) (4, 8.56626605987548828125e+00) (5, -1.46300000000000000000e+03) (6, -4.59960311651229858398e-01) (7, 5.00000000000000000000e+01) (8, -4.50000000000000000000e+02) (9, 2.91016265869140625000e+02) (10, 1.50000000000000000000e+02) (11, 2.06771548837423324585e-02) 
