FANN_FLO_2.1
num_layers=4
learning_rate=0.450000
connection_rate=1.000000
network_type=0
learning_momentum=0.000000
training_algorithm=2
train_error_function=1
train_stop_function=0
cascade_output_change_fraction=0.010000
quickprop_decay=-0.000100
quickprop_mu=1.750000
rprop_increase_factor=1.200000
rprop_decrease_factor=0.500000
rprop_delta_min=0.000000
rprop_delta_max=50.000000
rprop_delta_zero=0.100000
cascade_output_stagnation_epochs=12
cascade_candidate_change_fraction=0.010000
cascade_candidate_stagnation_epochs=12
cascade_max_out_epochs=150
cascade_min_out_epochs=50
cascade_max_cand_epochs=150
cascade_min_cand_epochs=50
cascade_num_candidate_groups=2
bit_fail_limit=3.49999994039535522461e-01
cascade_candidate_limit=1.00000000000000000000e+03
cascade_weight_multiplier=4.00000005960464477539e-01
cascade_activation_functions_count=10
cascade_activation_functions=3 5 7 8 10 11 14 15 16 17 
cascade_activation_steepnesses_count=4
cascade_activation_steepnesses=2.50000000000000000000e-01 5.00000000000000000000e-01 7.50000000000000000000e-01 1.00000000000000000000e+00 
layer_sizes=7 3 3 2 
scale_included=0
neurons (num_inputs, activation_function, activation_steepness)=(0, 0, 0.00000000000000000000e+00) (0, 0, 0.00000000000000000000e+00) (0, 0, 0.00000000000000000000e+00) (0, 0, 0.00000000000000000000e+00) (0, 0, 0.00000000000000000000e+00) (0, 0, 0.00000000000000000000e+00) (0, 0, 0.00000000000000000000e+00) (7, 3, 5.00000000000000000000e-01) (7, 3, 5.00000000000000000000e-01) (0, 3, 0.00000000000000000000e+00) (3, 3, 5.00000000000000000000e-01) (3, 3, 5.00000000000000000000e-01) (0, 3, 0.00000000000000000000e+00) (3, 0, 5.00000000000000000000e-01) (0, 0, 0.00000000000000000000e+00) 
connections (connected_to_neuron, weight)=(0, 7.10765552520751953125e+00) (1, 7.29697998046875000000e+02) (2, 1.06286096191406250000e+03) (3, -1.49971215820312500000e+03) (4, 6.65520263671875000000e+02) (5, -7.51326599121093750000e+02) (6, 3.48333775997161865234e-01) (0, 1.63419544696807861328e-01) (1, 2.81207114458084106445e-01) (2, -4.62077468633651733398e-01) (3, -4.06908690929412841797e-02) (4, 2.32706964015960693359e-01) (5, -2.52643644809722900391e-01) (6, 9.08582448959350585938e-01) (7, -1.41108215332031250000e+03) (8, -1.55809793472290039062e+01) (9, 3.73188805580139160156e+00) (7, -1.30271613597869873047e+00) (8, -2.67446637153625488281e+00) (9, 2.22707375884056091309e-01) (10, 5.24984776973724365234e-01) (11, -1.61531940102577209473e-01) (12, 2.21562571823596954346e-02) 
