FANN_FLO_2.1
num_layers=3
learning_rate=0.400000
connection_rate=1.000000
network_type=0
learning_momentum=0.000000
training_algorithm=2
train_error_function=1
train_stop_function=0
cascade_output_change_fraction=0.010000
quickprop_decay=-0.000100
quickprop_mu=1.750000
rprop_increase_factor=1.200000
rprop_decrease_factor=0.500000
rprop_delta_min=0.000000
rprop_delta_max=50.000000
rprop_delta_zero=0.100000
cascade_output_stagnation_epochs=12
cascade_candidate_change_fraction=0.010000
cascade_candidate_stagnation_epochs=12
cascade_max_out_epochs=150
cascade_min_out_epochs=50
cascade_max_cand_epochs=150
cascade_min_cand_epochs=50
cascade_num_candidate_groups=2
bit_fail_limit=3.49999994039535522461e-01
cascade_candidate_limit=1.00000000000000000000e+03
cascade_weight_multiplier=4.00000005960464477539e-01
cascade_activation_functions_count=10
cascade_activation_functions=3 5 7 8 10 11 14 15 16 17 
cascade_activation_steepnesses_count=4
cascade_activation_steepnesses=2.50000000000000000000e-01 5.00000000000000000000e-01 7.50000000000000000000e-01 1.00000000000000000000e+00 
layer_sizes=10 3 2 
scale_included=0
neurons (num_inputs, activation_function, activation_steepness)=(0, 0, 0.00000000000000000000e+00) (0, 0, 0.00000000000000000000e+00) (0, 0, 0.00000000000000000000e+00) (0, 0, 0.00000000000000000000e+00) (0, 0, 0.00000000000000000000e+00) (0, 0, 0.00000000000000000000e+00) (0, 0, 0.00000000000000000000e+00) (0, 0, 0.00000000000000000000e+00) (0, 0, 0.00000000000000000000e+00) (0, 0, 0.00000000000000000000e+00) (10, 3, 5.00000000000000000000e-01) (10, 3, 5.00000000000000000000e-01) (0, 3, 0.00000000000000000000e+00) (3, 3, 5.00000000000000000000e-01) (0, 3, 0.00000000000000000000e+00) 
connections (connected_to_neuron, weight)=(0, -1.49495095014572143555e-01) (1, -8.25460329651832580566e-02) (2, -9.43726673722267150879e-02) (3, -1.08861826360225677490e-01) (4, -2.08485037088394165039e-01) (5, -1.34383678436279296875e-01) (6, -1.21209904551506042480e-01) (7, -1.52335628867149353027e-01) (8, -1.65282785892486572266e-01) (9, -5.92500492930412292480e-02) (0, -7.58455917239189147949e-02) (1, -2.10164606571197509766e-01) (2, -8.08097943663597106934e-02) (3, -3.91918942332267761230e-02) (4, -4.20584008097648620605e-02) (5, -5.15098497271537780762e-02) (6, -1.52305006980895996094e-01) (7, -6.89595118165016174316e-02) (8, -1.60456866025924682617e-01) (9, -1.22063890099525451660e-01) (10, -1.17459796369075775146e-01) (11, -7.34264776110649108887e-02) (12, -1.87665641307830810547e-01) 
