FANN_FLO_2.1
num_layers=4
learning_rate=0.300000
connection_rate=1.000000
network_type=0
learning_momentum=0.000000
training_algorithm=2
train_error_function=1
train_stop_function=0
cascade_output_change_fraction=0.010000
quickprop_decay=-0.000100
quickprop_mu=1.750000
rprop_increase_factor=1.200000
rprop_decrease_factor=0.500000
rprop_delta_min=0.000000
rprop_delta_max=50.000000
rprop_delta_zero=0.100000
cascade_output_stagnation_epochs=12
cascade_candidate_change_fraction=0.010000
cascade_candidate_stagnation_epochs=12
cascade_max_out_epochs=150
cascade_min_out_epochs=50
cascade_max_cand_epochs=150
cascade_min_cand_epochs=50
cascade_num_candidate_groups=2
bit_fail_limit=3.49999994039535522461e-01
cascade_candidate_limit=1.00000000000000000000e+03
cascade_weight_multiplier=4.00000005960464477539e-01
cascade_activation_functions_count=10
cascade_activation_functions=3 5 7 8 10 11 14 15 16 17 
cascade_activation_steepnesses_count=4
cascade_activation_steepnesses=2.50000000000000000000e-01 5.00000000000000000000e-01 7.50000000000000000000e-01 1.00000000000000000000e+00 
layer_sizes=2 5 3 3 
scale_included=0
neurons (num_inputs, activation_function, activation_steepness)=(0, 0, 0.00000000000000000000e+00) (0, 0, 0.00000000000000000000e+00) (2, 3, 5.00000000000000000000e-01) (2, 3, 5.00000000000000000000e-01) (2, 3, 5.00000000000000000000e-01) (2, 3, 5.00000000000000000000e-01) (0, 3, 0.00000000000000000000e+00) (5, 3, 5.00000000000000000000e-01) (5, 3, 5.00000000000000000000e-01) (0, 3, 0.00000000000000000000e+00) (3, 0, 5.00000000000000000000e-01) (3, 0, 5.00000000000000000000e-01) (0, 0, 0.00000000000000000000e+00) 
connections (connected_to_neuron, weight)=(0, -2.21544551849365234375e+01) (1, -2.74340915679931640625e+00) (0, 7.91905450820922851562e+00) (1, 1.61179332733154296875e+01) (0, 1.65654449462890625000e+01) (1, 3.11508884429931640625e+01) (0, -5.81566810607910156250e+00) (1, 1.39016497135162353516e+00) (2, 6.89755153656005859375e+00) (3, -1.25377088785171508789e-01) (4, -3.48454028367996215820e-01) (5, 2.58490145206451416016e-01) (6, -1.48514974117279052734e+00) (2, 1.53190028667449951172e+00) (3, 4.25307571887969970703e-01) (4, 3.05770349502563476562e+00) (5, 5.08900642395019531250e-01) (6, -3.50614190101623535156e+00) (7, 1.80382758378982543945e-01) (8, -4.72855158150196075439e-02) (9, -1.39593601226806640625e-01) (7, -8.26685488224029541016e-01) (8, -8.42984139919281005859e-01) (9, -5.88802158832550048828e-01) 
