FANN_FLO_2.1
num_layers=3
learning_rate=0.300000
connection_rate=1.000000
network_type=0
learning_momentum=0.000000
training_algorithm=2
train_error_function=1
train_stop_function=0
cascade_output_change_fraction=0.010000
quickprop_decay=-0.000100
quickprop_mu=1.750000
rprop_increase_factor=1.200000
rprop_decrease_factor=0.500000
rprop_delta_min=0.000000
rprop_delta_max=50.000000
rprop_delta_zero=0.100000
cascade_output_stagnation_epochs=12
cascade_candidate_change_fraction=0.010000
cascade_candidate_stagnation_epochs=12
cascade_max_out_epochs=150
cascade_min_out_epochs=50
cascade_max_cand_epochs=150
cascade_min_cand_epochs=50
cascade_num_candidate_groups=2
bit_fail_limit=3.49999994039535522461e-01
cascade_candidate_limit=1.00000000000000000000e+03
cascade_weight_multiplier=4.00000005960464477539e-01
cascade_activation_functions_count=10
cascade_activation_functions=3 5 7 8 10 11 14 15 16 17 
cascade_activation_steepnesses_count=4
cascade_activation_steepnesses=2.50000000000000000000e-01 5.00000000000000000000e-01 7.50000000000000000000e-01 1.00000000000000000000e+00 
layer_sizes=4 9 2 
scale_included=0
neurons (num_inputs, activation_function, activation_steepness)=(0, 0, 0.00000000000000000000e+00) (0, 0, 0.00000000000000000000e+00) (0, 0, 0.00000000000000000000e+00) (0, 0, 0.00000000000000000000e+00) (4, 3, 5.00000000000000000000e-01) (4, 3, 5.00000000000000000000e-01) (4, 3, 5.00000000000000000000e-01) (4, 3, 5.00000000000000000000e-01) (4, 3, 5.00000000000000000000e-01) (4, 3, 5.00000000000000000000e-01) (4, 3, 5.00000000000000000000e-01) (4, 3, 5.00000000000000000000e-01) (0, 3, 0.00000000000000000000e+00) (9, 3, 5.00000000000000000000e-01) (0, 3, 0.00000000000000000000e+00) 
connections (connected_to_neuron, weight)=(0, -6.40177369117736816406e-01) (1, -8.62440109252929687500e-01) (2, 8.08705806732177734375e+00) (3, 2.02681803703308105469e+00) (0, 4.92090463638305664062e+00) (1, -2.41136670112609863281e-01) (2, -2.51769237518310546875e+01) (3, 1.72985047101974487305e-01) (0, -7.33682811260223388672e-01) (1, 5.56974709033966064453e-01) (2, -3.32668375968933105469e+00) (3, 2.07120552062988281250e+01) (0, -2.91654968261718750000e+00) (1, -5.17445802688598632812e+00) (2, 4.74815635681152343750e+01) (3, -1.29059597849845886230e-01) (0, 2.78923106193542480469e+00) (1, -5.57665348052978515625e+00) (2, 2.17584400177001953125e+01) (3, 8.62187445163726806641e-02) (0, 2.43824625015258789062e+00) (1, -6.11552298069000244141e-01) (2, -8.30925559997558593750e+00) (3, 6.80480241775512695312e-01) (0, 3.16062748432159423828e-01) (1, -4.60088066756725311279e-02) (2, 5.36423981189727783203e-01) (3, -6.88706016540527343750e+00) (0, -3.69228944182395935059e-02) (1, 2.71189302206039428711e-01) (2, -2.04551315307617187500e+00) (3, 1.20517611503601074219e+00) (4, -1.09265167236328125000e+02) (5, -2.68409900665283203125e+01) (6, -8.68658840656280517578e-01) (7, 1.04774589538574218750e+02) (8, -3.15588974952697753906e+00) (9, 3.83343658447265625000e+02) (10, 4.11898756027221679688e+00) (11, -5.15185260772705078125e+00) (12, 1.15933012962341308594e+00) 
