FANN_FLO_2.1
num_layers=4
learning_rate=0.500000
connection_rate=1.000000
network_type=0
learning_momentum=0.000000
training_algorithm=2
train_error_function=1
train_stop_function=0
cascade_output_change_fraction=0.010000
quickprop_decay=-0.000100
quickprop_mu=1.750000
rprop_increase_factor=1.200000
rprop_decrease_factor=0.500000
rprop_delta_min=0.000000
rprop_delta_max=50.000000
rprop_delta_zero=0.100000
cascade_output_stagnation_epochs=12
cascade_candidate_change_fraction=0.010000
cascade_candidate_stagnation_epochs=12
cascade_max_out_epochs=150
cascade_min_out_epochs=50
cascade_max_cand_epochs=150
cascade_min_cand_epochs=50
cascade_num_candidate_groups=2
bit_fail_limit=3.49999994039535522461e-01
cascade_candidate_limit=1.00000000000000000000e+03
cascade_weight_multiplier=4.00000005960464477539e-01
cascade_activation_functions_count=10
cascade_activation_functions=3 5 7 8 10 11 14 15 16 17 
cascade_activation_steepnesses_count=4
cascade_activation_steepnesses=2.50000000000000000000e-01 5.00000000000000000000e-01 7.50000000000000000000e-01 1.00000000000000000000e+00 
layer_sizes=4 5 5 2 
scale_included=0
neurons (num_inputs, activation_function, activation_steepness)=(0, 0, 0.00000000000000000000e+00) (0, 0, 0.00000000000000000000e+00) (0, 0, 0.00000000000000000000e+00) (0, 0, 0.00000000000000000000e+00) (4, 3, 5.00000000000000000000e-01) (4, 3, 5.00000000000000000000e-01) (4, 3, 5.00000000000000000000e-01) (4, 3, 5.00000000000000000000e-01) (0, 3, 0.00000000000000000000e+00) (5, 3, 5.00000000000000000000e-01) (5, 3, 5.00000000000000000000e-01) (5, 3, 5.00000000000000000000e-01) (5, 3, 5.00000000000000000000e-01) (0, 3, 0.00000000000000000000e+00) (5, 3, 5.00000000000000000000e-01) (0, 3, 0.00000000000000000000e+00) 
connections (connected_to_neuron, weight)=(0, -3.11791729927062988281e+00) (1, -1.44595317840576171875e+01) (2, 7.75453424453735351562e+00) (3, 2.58892464637756347656e+00) (0, -3.09223222732543945312e+00) (1, 4.26384496688842773438e+00) (2, -6.27791547775268554688e+00) (3, 8.80768001079559326172e-01) (0, -4.30078411102294921875e+00) (1, -4.45505470037460327148e-01) (2, -4.65732192993164062500e+00) (3, 3.25128865242004394531e+00) (0, -4.40524721145629882812e+00) (1, -1.72504830360412597656e+00) (2, -4.08987045288085937500e+00) (3, 3.42628717422485351562e+00) (4, -2.58825659751892089844e+00) (5, -1.75206165313720703125e+01) (6, -1.26136388778686523438e+01) (7, -1.62304763793945312500e+01) (8, 7.12761640548706054688e-01) (4, 1.51712636947631835938e+01) (5, 7.03689956665039062500e+00) (6, 1.21825513839721679688e+01) (7, 1.20546293258666992188e+01) (8, -7.58115243911743164062e+00) (4, 1.47769575119018554688e+01) (5, 6.25413227081298828125e+00) (6, 1.26891546249389648438e+01) (7, 1.26323375701904296875e+01) (8, -7.57487154006958007812e+00) (4, -1.31556951999664306641e+00) (5, -1.54782133102416992188e+01) (6, 9.43265724182128906250e+00) (7, 1.45142912864685058594e+00) (8, 7.43819475173950195312e-02) (9, -1.87191867828369140625e+00) (10, -2.68548774719238281250e+00) (11, -2.41877198219299316406e+00) (12, 3.34074914455413818359e-01) (13, 2.63317131996154785156e+00) 
