FANN_FLO_2.1
num_layers=4
learning_rate=0.300000
connection_rate=1.000000
network_type=0
learning_momentum=0.000000
training_algorithm=2
train_error_function=1
train_stop_function=0
cascade_output_change_fraction=0.010000
quickprop_decay=-0.000100
quickprop_mu=1.750000
rprop_increase_factor=1.200000
rprop_decrease_factor=0.500000
rprop_delta_min=0.000000
rprop_delta_max=50.000000
rprop_delta_zero=0.100000
cascade_output_stagnation_epochs=12
cascade_candidate_change_fraction=0.010000
cascade_candidate_stagnation_epochs=12
cascade_max_out_epochs=150
cascade_min_out_epochs=50
cascade_max_cand_epochs=150
cascade_min_cand_epochs=50
cascade_num_candidate_groups=2
bit_fail_limit=3.49999994039535522461e-01
cascade_candidate_limit=1.00000000000000000000e+03
cascade_weight_multiplier=4.00000005960464477539e-01
cascade_activation_functions_count=10
cascade_activation_functions=3 5 7 8 10 11 14 15 16 17 
cascade_activation_steepnesses_count=4
cascade_activation_steepnesses=2.50000000000000000000e-01 5.00000000000000000000e-01 7.50000000000000000000e-01 1.00000000000000000000e+00 
layer_sizes=2 5 3 3 
scale_included=0
neurons (num_inputs, activation_function, activation_steepness)=(0, 0, 0.00000000000000000000e+00) (0, 0, 0.00000000000000000000e+00) (2, 3, 5.00000000000000000000e-01) (2, 3, 5.00000000000000000000e-01) (2, 3, 5.00000000000000000000e-01) (2, 3, 5.00000000000000000000e-01) (0, 3, 0.00000000000000000000e+00) (5, 3, 5.00000000000000000000e-01) (5, 3, 5.00000000000000000000e-01) (0, 3, 0.00000000000000000000e+00) (3, 0, 5.00000000000000000000e-01) (3, 0, 5.00000000000000000000e-01) (0, 0, 0.00000000000000000000e+00) 
connections (connected_to_neuron, weight)=(0, -1.50000000000000000000e+03) (1, -1.75271153450012207031e+00) (0, 1.17592906951904296875e+01) (1, 2.31388521194458007812e+00) (0, -1.50000000000000000000e+03) (1, -1.93895733356475830078e+00) (0, -1.50000000000000000000e+03) (1, -1.43443250656127929688e+00) (2, 1.21962332725524902344e+00) (3, 3.12561511993408203125e-01) (4, 1.32219183444976806641e+00) (5, 1.32448446750640869141e+00) (6, -1.51078236103057861328e+00) (2, 8.22835981845855712891e-01) (3, 1.27738499641418457031e+00) (4, 5.20962774753570556641e-01) (5, 5.44153273105621337891e-01) (6, -2.14954400062561035156e+00) (7, 1.59964919090270996094e-01) (8, -1.35313197970390319824e-01) (9, -1.09447024762630462646e-01) (7, -8.39055716991424560547e-01) (8, -1.42945134639739990234e+00) (9, -4.84302133321762084961e-01) 
