FANN_FLO_2.1
num_layers=3
learning_rate=0.500000
connection_rate=1.000000
network_type=0
learning_momentum=0.000000
training_algorithm=2
train_error_function=1
train_stop_function=0
cascade_output_change_fraction=0.010000
quickprop_decay=-0.000100
quickprop_mu=1.750000
rprop_increase_factor=1.200000
rprop_decrease_factor=0.500000
rprop_delta_min=0.000000
rprop_delta_max=50.000000
rprop_delta_zero=0.100000
cascade_output_stagnation_epochs=12
cascade_candidate_change_fraction=0.010000
cascade_candidate_stagnation_epochs=12
cascade_max_out_epochs=150
cascade_min_out_epochs=50
cascade_max_cand_epochs=150
cascade_min_cand_epochs=50
cascade_num_candidate_groups=2
bit_fail_limit=3.49999994039535522461e-01
cascade_candidate_limit=1.00000000000000000000e+03
cascade_weight_multiplier=4.00000005960464477539e-01
cascade_activation_functions_count=10
cascade_activation_functions=3 5 7 8 10 11 14 15 16 17 
cascade_activation_steepnesses_count=4
cascade_activation_steepnesses=2.50000000000000000000e-01 5.00000000000000000000e-01 7.50000000000000000000e-01 1.00000000000000000000e+00 
layer_sizes=3 5 4 
scale_included=0
neurons (num_inputs, activation_function, activation_steepness)=(0, 0, 0.00000000000000000000e+00) (0, 0, 0.00000000000000000000e+00) (0, 0, 0.00000000000000000000e+00) (3, 3, 5.00000000000000000000e-01) (3, 3, 5.00000000000000000000e-01) (3, 3, 5.00000000000000000000e-01) (3, 3, 5.00000000000000000000e-01) (0, 3, 0.00000000000000000000e+00) (5, 0, 5.00000000000000000000e-01) (5, 0, 5.00000000000000000000e-01) (5, 0, 5.00000000000000000000e-01) (0, 0, 0.00000000000000000000e+00) 
connections (connected_to_neuron, weight)=(0, -1.71533632278442382812e+00) (1, -2.23328399658203125000e+00) (2, 5.36642782390117645264e-02) (0, -2.79069972038269042969e+00) (1, 1.82102584838867187500e+00) (2, 1.74475002288818359375e+00) (0, -4.50725603103637695312e+00) (1, -1.01123809814453125000e+00) (2, 4.30301427841186523438e-01) (0, -4.18544044494628906250e+01) (1, 3.86512517929077148438e+00) (2, 2.01284027099609375000e+01) (3, 3.11436438560485839844e+00) (4, 3.42554473876953125000e+00) (5, 3.09179782867431640625e+00) (6, 5.16465127468109130859e-01) (7, 8.75410437583923339844e-01) (3, 9.49755859375000000000e+00) (4, 1.08114986419677734375e+01) (5, 7.17407512664794921875e+00) (6, 2.37212300300598144531e+00) (7, 4.36119699478149414062e+00) (3, 3.17495250701904296875e+01) (4, 3.12896690368652343750e+01) (5, 2.09580688476562500000e+01) (6, 9.57968235015869140625e+00) (7, 2.15679759979248046875e+01) 
