FANN_FLO_2.1
num_layers=4
learning_rate=0.450000
connection_rate=1.000000
network_type=0
learning_momentum=0.000000
training_algorithm=2
train_error_function=1
train_stop_function=0
cascade_output_change_fraction=0.010000
quickprop_decay=-0.000100
quickprop_mu=1.750000
rprop_increase_factor=1.200000
rprop_decrease_factor=0.500000
rprop_delta_min=0.000000
rprop_delta_max=50.000000
rprop_delta_zero=0.100000
cascade_output_stagnation_epochs=12
cascade_candidate_change_fraction=0.010000
cascade_candidate_stagnation_epochs=12
cascade_max_out_epochs=150
cascade_min_out_epochs=50
cascade_max_cand_epochs=150
cascade_min_cand_epochs=50
cascade_num_candidate_groups=2
bit_fail_limit=3.49999994039535522461e-01
cascade_candidate_limit=1.00000000000000000000e+03
cascade_weight_multiplier=4.00000005960464477539e-01
cascade_activation_functions_count=10
cascade_activation_functions=3 5 7 8 10 11 14 15 16 17 
cascade_activation_steepnesses_count=4
cascade_activation_steepnesses=2.50000000000000000000e-01 5.00000000000000000000e-01 7.50000000000000000000e-01 1.00000000000000000000e+00 
layer_sizes=7 5 3 2 
scale_included=0
neurons (num_inputs, activation_function, activation_steepness)=(0, 0, 0.00000000000000000000e+00) (0, 0, 0.00000000000000000000e+00) (0, 0, 0.00000000000000000000e+00) (0, 0, 0.00000000000000000000e+00) (0, 0, 0.00000000000000000000e+00) (0, 0, 0.00000000000000000000e+00) (0, 0, 0.00000000000000000000e+00) (7, 3, 5.00000000000000000000e-01) (7, 3, 5.00000000000000000000e-01) (7, 3, 5.00000000000000000000e-01) (7, 3, 5.00000000000000000000e-01) (0, 3, 0.00000000000000000000e+00) (5, 3, 5.00000000000000000000e-01) (5, 3, 5.00000000000000000000e-01) (0, 3, 0.00000000000000000000e+00) (3, 0, 5.00000000000000000000e-01) (0, 0, 0.00000000000000000000e+00) 
connections (connected_to_neuron, weight)=(0, -1.77991390228271484375e-01) (1, 9.58827435970306396484e-01) (2, -6.81333661079406738281e-01) (3, 7.71424323320388793945e-02) (4, -8.95116105675697326660e-02) (5, 5.40685467422008514404e-03) (6, 3.02441239356994628906e+00) (0, 7.31435852050781250000e+02) (1, 1.50000000000000000000e+03) (2, 2.08500579833984375000e+02) (3, 7.29481140136718750000e+02) (4, 1.49999780273437500000e+03) (5, 1.29327905273437500000e+03) (6, 1.72374706268310546875e+01) (0, 8.85770201683044433594e-01) (1, -1.51072860717773437500e+02) (2, 1.00035804748535156250e+02) (3, 2.00730466842651367188e+00) (4, -5.76053527832031250000e+02) (5, 8.99287986755371093750e+00) (6, 8.20047569274902343750e+00) (0, 1.49410068988800048828e-01) (1, -8.93794670701026916504e-02) (2, -3.27774882316589355469e-01) (3, 7.77716577053070068359e-01) (4, -6.02525854110717773438e+00) (5, -2.08370521664619445801e-01) (6, -2.67033278942108154297e-01) (7, -8.39549255371093750000e+00) (8, -9.64037775993347167969e-01) (9, 1.50000000000000000000e+03) (10, 5.94439840316772460938e+00) (11, -2.12474370002746582031e+00) (7, -8.85131164550781250000e+02) (8, 3.34604239463806152344e+00) (9, 1.50000000000000000000e+03) (10, 7.67445617675781250000e+02) (11, -4.55210000276565551758e-01) (12, 3.11021351814270019531e+00) (13, 5.73859786987304687500e+00) (14, 1.55440932139754295349e-02) 
