FANN_FLO_2.1
num_layers=3
learning_rate=0.500000
connection_rate=1.000000
network_type=0
learning_momentum=0.000000
training_algorithm=2
train_error_function=1
train_stop_function=0
cascade_output_change_fraction=0.010000
quickprop_decay=-0.000100
quickprop_mu=1.750000
rprop_increase_factor=1.200000
rprop_decrease_factor=0.500000
rprop_delta_min=0.000000
rprop_delta_max=50.000000
rprop_delta_zero=0.100000
cascade_output_stagnation_epochs=12
cascade_candidate_change_fraction=0.010000
cascade_candidate_stagnation_epochs=12
cascade_max_out_epochs=150
cascade_min_out_epochs=50
cascade_max_cand_epochs=150
cascade_min_cand_epochs=50
cascade_num_candidate_groups=2
bit_fail_limit=3.49999994039535522461e-01
cascade_candidate_limit=1.00000000000000000000e+03
cascade_weight_multiplier=4.00000005960464477539e-01
cascade_activation_functions_count=10
cascade_activation_functions=3 5 7 8 10 11 14 15 16 17 
cascade_activation_steepnesses_count=4
cascade_activation_steepnesses=2.50000000000000000000e-01 5.00000000000000000000e-01 7.50000000000000000000e-01 1.00000000000000000000e+00 
layer_sizes=7 5 2 
scale_included=0
neurons (num_inputs, activation_function, activation_steepness)=(0, 0, 0.00000000000000000000e+00) (0, 0, 0.00000000000000000000e+00) (0, 0, 0.00000000000000000000e+00) (0, 0, 0.00000000000000000000e+00) (0, 0, 0.00000000000000000000e+00) (0, 0, 0.00000000000000000000e+00) (0, 0, 0.00000000000000000000e+00) (7, 3, 5.00000000000000000000e-01) (7, 3, 5.00000000000000000000e-01) (7, 3, 5.00000000000000000000e-01) (7, 3, 5.00000000000000000000e-01) (0, 3, 0.00000000000000000000e+00) (5, 0, 5.00000000000000000000e-01) (0, 0, 0.00000000000000000000e+00) 
connections (connected_to_neuron, weight)=(0, -7.78348693847656250000e+01) (1, 1.10646789550781250000e+02) (2, -1.09968957901000976562e+01) (3, -4.12828475236892700195e-01) (4, -2.42387437820434570312e+00) (5, 3.00138000488281250000e+02) (6, -5.06499111652374267578e-01) (0, -5.48811256885528564453e-01) (1, -3.17345559597015380859e-01) (2, -1.25435173511505126953e-01) (3, -4.78030085563659667969e-01) (4, 1.03989052772521972656e+00) (5, 6.89474046230316162109e-01) (6, -3.60052609443664550781e+00) (0, -2.96612487792968750000e+02) (1, -1.45843652343750000000e+03) (2, 5.85639221191406250000e+02) (3, 1.32953063964843750000e+03) (4, -1.00283489990234375000e+03) (5, 1.49602795410156250000e+03) (6, -4.30005818605422973633e-01) (0, -7.03893303871154785156e-01) (1, 4.83880424499511718750e+00) (2, 9.71851539611816406250e+00) (3, -1.75636804103851318359e+00) (4, 2.95766258239746093750e+01) (5, -2.20025348663330078125e+01) (6, -4.51254785060882568359e-01) (7, 6.13875174894928932190e-03) (8, -3.55636402964591979980e-02) (9, 2.46443450450897216797e-02) (10, -5.12412823736667633057e-02) (11, 5.76625205576419830322e-02) 
