FANN_FLO_2.1
num_layers=3
learning_rate=0.450000
connection_rate=1.000000
network_type=0
learning_momentum=0.000000
training_algorithm=2
train_error_function=1
train_stop_function=0
cascade_output_change_fraction=0.010000
quickprop_decay=-0.000100
quickprop_mu=1.750000
rprop_increase_factor=1.200000
rprop_decrease_factor=0.500000
rprop_delta_min=0.000000
rprop_delta_max=50.000000
rprop_delta_zero=0.100000
cascade_output_stagnation_epochs=12
cascade_candidate_change_fraction=0.010000
cascade_candidate_stagnation_epochs=12
cascade_max_out_epochs=150
cascade_min_out_epochs=50
cascade_max_cand_epochs=150
cascade_min_cand_epochs=50
cascade_num_candidate_groups=2
bit_fail_limit=3.49999994039535522461e-01
cascade_candidate_limit=1.00000000000000000000e+03
cascade_weight_multiplier=4.00000005960464477539e-01
cascade_activation_functions_count=10
cascade_activation_functions=3 5 7 8 10 11 14 15 16 17 
cascade_activation_steepnesses_count=4
cascade_activation_steepnesses=2.50000000000000000000e-01 5.00000000000000000000e-01 7.50000000000000000000e-01 1.00000000000000000000e+00 
layer_sizes=7 5 2 
scale_included=0
neurons (num_inputs, activation_function, activation_steepness)=(0, 0, 0.00000000000000000000e+00) (0, 0, 0.00000000000000000000e+00) (0, 0, 0.00000000000000000000e+00) (0, 0, 0.00000000000000000000e+00) (0, 0, 0.00000000000000000000e+00) (0, 0, 0.00000000000000000000e+00) (0, 0, 0.00000000000000000000e+00) (7, 3, 5.00000000000000000000e-01) (7, 3, 5.00000000000000000000e-01) (7, 3, 5.00000000000000000000e-01) (7, 3, 5.00000000000000000000e-01) (0, 3, 0.00000000000000000000e+00) (5, 0, 5.00000000000000000000e-01) (0, 0, 0.00000000000000000000e+00) 
connections (connected_to_neuron, weight)=(0, 1.09470836818218231201e-01) (1, 4.28323477506637573242e-01) (2, 4.91176456212997436523e-01) (3, -3.49700570106506347656e-01) (4, -6.45054042339324951172e-01) (5, 1.19522791355848312378e-02) (6, -1.07234299182891845703e+00) (0, -2.23948165774345397949e-01) (1, 8.77599060535430908203e-01) (2, -5.55640935897827148438e-01) (3, -7.46463477611541748047e-01) (4, -1.39986965805292129517e-02) (5, 2.15356096625328063965e-01) (6, -2.32927727699279785156e+00) (0, -3.81168699264526367188e+00) (1, -2.82287883758544921875e+01) (2, -1.28754913330078125000e+02) (3, -6.05383586883544921875e+00) (4, 4.29255604743957519531e-01) (5, -8.26575393676757812500e+01) (6, -6.97591352462768554688e+00) (0, -2.15064421296119689941e-01) (1, -1.22959069907665252686e-01) (2, -3.95595043897628784180e-01) (3, 2.24181283265352249146e-02) (4, 6.56215727329254150391e-01) (5, -3.29049304127693176270e-02) (6, 2.24904036521911621094e+00) (7, -3.02166283130645751953e-01) (8, 1.79724842309951782227e-01) (9, -1.12341082096099853516e+00) (10, -2.87466108798980712891e-01) (11, 2.94272959232330322266e-01) 
