FANN_FLO_2.1
num_layers=3
learning_rate=0.500000
connection_rate=1.000000
network_type=0
learning_momentum=0.000000
training_algorithm=2
train_error_function=1
train_stop_function=0
cascade_output_change_fraction=0.010000
quickprop_decay=-0.000100
quickprop_mu=1.750000
rprop_increase_factor=1.200000
rprop_decrease_factor=0.500000
rprop_delta_min=0.000000
rprop_delta_max=50.000000
rprop_delta_zero=0.100000
cascade_output_stagnation_epochs=12
cascade_candidate_change_fraction=0.010000
cascade_candidate_stagnation_epochs=12
cascade_max_out_epochs=150
cascade_min_out_epochs=50
cascade_max_cand_epochs=150
cascade_min_cand_epochs=50
cascade_num_candidate_groups=2
bit_fail_limit=3.49999994039535522461e-01
cascade_candidate_limit=1.00000000000000000000e+03
cascade_weight_multiplier=4.00000005960464477539e-01
cascade_activation_functions_count=10
cascade_activation_functions=3 5 7 8 10 11 14 15 16 17 
cascade_activation_steepnesses_count=4
cascade_activation_steepnesses=2.50000000000000000000e-01 5.00000000000000000000e-01 7.50000000000000000000e-01 1.00000000000000000000e+00 
layer_sizes=7 5 2 
scale_included=0
neurons (num_inputs, activation_function, activation_steepness)=(0, 0, 0.00000000000000000000e+00) (0, 0, 0.00000000000000000000e+00) (0, 0, 0.00000000000000000000e+00) (0, 0, 0.00000000000000000000e+00) (0, 0, 0.00000000000000000000e+00) (0, 0, 0.00000000000000000000e+00) (0, 0, 0.00000000000000000000e+00) (7, 3, 5.00000000000000000000e-01) (7, 3, 5.00000000000000000000e-01) (7, 3, 5.00000000000000000000e-01) (7, 3, 5.00000000000000000000e-01) (0, 3, 0.00000000000000000000e+00) (5, 0, 5.00000000000000000000e-01) (0, 0, 0.00000000000000000000e+00) 
connections (connected_to_neuron, weight)=(0, -1.73932921886444091797e+00) (1, -9.24311459064483642578e-01) (2, 9.62645336985588073730e-02) (3, 2.32778143882751464844e+00) (4, 3.44870612025260925293e-02) (5, 2.02249228954315185547e-01) (6, -5.81493675708770751953e-01) (0, -1.57234698534011840820e-01) (1, -1.04797506332397460938e+00) (2, 1.74968891143798828125e+01) (3, -9.16787033081054687500e+01) (4, -6.26944017410278320312e+00) (5, -1.22019672393798828125e+01) (6, -2.11391106247901916504e-01) (0, -1.45986676216125488281e-01) (1, -1.73863306641578674316e-01) (2, -1.81933537125587463379e-01) (3, -2.73596346378326416016e-01) (4, 1.07033360004425048828e+00) (5, -4.41635012626647949219e-01) (6, 4.39082336425781250000e+00) (0, -5.23442625999450683594e-01) (1, -2.96528172492980957031e+00) (2, 4.99420928955078125000e+00) (3, 1.26752078533172607422e-01) (4, -3.40054363012313842773e-01) (5, 5.56986904144287109375e+00) (6, 2.47746706008911132812e-02) (7, 4.47015464305877685547e-02) (8, -4.48354743421077728271e-02) (9, -6.29502981901168823242e-02) (10, -4.30836491286754608154e-02) (11, 6.81168809533119201660e-02) 
