FANN_FLO_2.1
num_layers=3
learning_rate=0.450000
connection_rate=1.000000
network_type=0
learning_momentum=0.000000
training_algorithm=2
train_error_function=1
train_stop_function=0
cascade_output_change_fraction=0.010000
quickprop_decay=-0.000100
quickprop_mu=1.750000
rprop_increase_factor=1.200000
rprop_decrease_factor=0.500000
rprop_delta_min=0.000000
rprop_delta_max=50.000000
rprop_delta_zero=0.100000
cascade_output_stagnation_epochs=12
cascade_candidate_change_fraction=0.010000
cascade_candidate_stagnation_epochs=12
cascade_max_out_epochs=150
cascade_min_out_epochs=50
cascade_max_cand_epochs=150
cascade_min_cand_epochs=50
cascade_num_candidate_groups=2
bit_fail_limit=3.49999994039535522461e-01
cascade_candidate_limit=1.00000000000000000000e+03
cascade_weight_multiplier=4.00000005960464477539e-01
cascade_activation_functions_count=10
cascade_activation_functions=3 5 7 8 10 11 14 15 16 17 
cascade_activation_steepnesses_count=4
cascade_activation_steepnesses=2.50000000000000000000e-01 5.00000000000000000000e-01 7.50000000000000000000e-01 1.00000000000000000000e+00 
layer_sizes=7 5 2 
scale_included=0
neurons (num_inputs, activation_function, activation_steepness)=(0, 0, 0.00000000000000000000e+00) (0, 0, 0.00000000000000000000e+00) (0, 0, 0.00000000000000000000e+00) (0, 0, 0.00000000000000000000e+00) (0, 0, 0.00000000000000000000e+00) (0, 0, 0.00000000000000000000e+00) (0, 0, 0.00000000000000000000e+00) (7, 3, 5.00000000000000000000e-01) (7, 3, 5.00000000000000000000e-01) (7, 3, 5.00000000000000000000e-01) (7, 3, 5.00000000000000000000e-01) (0, 3, 0.00000000000000000000e+00) (5, 0, 5.00000000000000000000e-01) (0, 0, 0.00000000000000000000e+00) 
connections (connected_to_neuron, weight)=(0, 4.34115737676620483398e-01) (1, 1.40721426010131835938e+01) (2, 1.90361518859863281250e+01) (3, 1.34718618392944335938e+01) (4, -1.67667785644531250000e+02) (5, -1.85862625122070312500e+02) (6, 4.06801366806030273438e+00) (0, -1.63914756774902343750e+01) (1, -1.79136581420898437500e+01) (2, -9.62267028808593750000e+02) (3, -1.10460319519042968750e+01) (4, 3.17993469238281250000e+01) (5, -2.28056221008300781250e+01) (6, 5.11021912097930908203e-01) (0, 2.50223964452743530273e-01) (1, -1.57913833856582641602e-01) (2, 1.42336785793304443359e-01) (3, -3.52090060710906982422e-01) (4, 7.38282442092895507812e-01) (5, -2.45013371109962463379e-01) (6, 2.70559883117675781250e+00) (0, -2.48031601309776306152e-01) (1, 1.61333397030830383301e-01) (2, -1.08007878065109252930e-01) (3, 3.72477501630783081055e-01) (4, -5.41583240032196044922e-01) (5, 6.41825869679450988770e-02) (6, -3.48907971382141113281e+00) (7, -1.33858718872070312500e+02) (8, -5.11551952362060546875e+00) (9, -8.91912430524826049805e-02) (10, 2.17063379287719726562e+00) (11, 8.32724794745445251465e-02) 
