FANN_FLO_2.1
num_layers=3
learning_rate=0.500000
connection_rate=1.000000
network_type=0
learning_momentum=0.000000
training_algorithm=2
train_error_function=1
train_stop_function=0
cascade_output_change_fraction=0.010000
quickprop_decay=-0.000100
quickprop_mu=1.750000
rprop_increase_factor=1.200000
rprop_decrease_factor=0.500000
rprop_delta_min=0.000000
rprop_delta_max=50.000000
rprop_delta_zero=0.100000
cascade_output_stagnation_epochs=12
cascade_candidate_change_fraction=0.010000
cascade_candidate_stagnation_epochs=12
cascade_max_out_epochs=150
cascade_min_out_epochs=50
cascade_max_cand_epochs=150
cascade_min_cand_epochs=50
cascade_num_candidate_groups=2
bit_fail_limit=3.49999994039535522461e-01
cascade_candidate_limit=1.00000000000000000000e+03
cascade_weight_multiplier=4.00000005960464477539e-01
cascade_activation_functions_count=10
cascade_activation_functions=3 5 7 8 10 11 14 15 16 17 
cascade_activation_steepnesses_count=4
cascade_activation_steepnesses=2.50000000000000000000e-01 5.00000000000000000000e-01 7.50000000000000000000e-01 1.00000000000000000000e+00 
layer_sizes=10 3 2 
scale_included=0
neurons (num_inputs, activation_function, activation_steepness)=(0, 0, 0.00000000000000000000e+00) (0, 0, 0.00000000000000000000e+00) (0, 0, 0.00000000000000000000e+00) (0, 0, 0.00000000000000000000e+00) (0, 0, 0.00000000000000000000e+00) (0, 0, 0.00000000000000000000e+00) (0, 0, 0.00000000000000000000e+00) (0, 0, 0.00000000000000000000e+00) (0, 0, 0.00000000000000000000e+00) (0, 0, 0.00000000000000000000e+00) (10, 3, 5.00000000000000000000e-01) (10, 3, 5.00000000000000000000e-01) (0, 3, 0.00000000000000000000e+00) (3, 3, 5.00000000000000000000e-01) (0, 3, 0.00000000000000000000e+00) 
connections (connected_to_neuron, weight)=(0, -6.45515322685241699219e-01) (1, -6.28365576267242431641e-01) (2, -7.70387887954711914062e-01) (3, -6.55250728130340576172e-01) (4, -4.79133188724517822266e-01) (5, -8.67338418960571289062e-01) (6, -8.24182033538818359375e-01) (7, -7.23260998725891113281e-01) (8, -6.22197091579437255859e-01) (9, 2.48323249816894531250e+00) (0, -6.29585504531860351562e-01) (1, -7.56833493709564208984e-01) (2, -5.64622044563293457031e-01) (3, -7.38571643829345703125e-01) (4, -7.96024799346923828125e-01) (5, -5.19033014774322509766e-01) (6, -4.86822217702865600586e-01) (7, -6.70644342899322509766e-01) (8, -7.12744116783142089844e-01) (9, 2.66269516944885253906e+00) (10, -1.48812913894653320312e+00) (11, -1.52707338333129882812e+00) (12, 1.18906188011169433594e+00) 
