FANN_FLO_2.1
num_layers=4
learning_rate=0.500000
connection_rate=1.000000
network_type=0
learning_momentum=0.000000
training_algorithm=2
train_error_function=1
train_stop_function=0
cascade_output_change_fraction=0.010000
quickprop_decay=-0.000100
quickprop_mu=1.750000
rprop_increase_factor=1.200000
rprop_decrease_factor=0.500000
rprop_delta_min=0.000000
rprop_delta_max=50.000000
rprop_delta_zero=0.100000
cascade_output_stagnation_epochs=12
cascade_candidate_change_fraction=0.010000
cascade_candidate_stagnation_epochs=12
cascade_max_out_epochs=150
cascade_min_out_epochs=50
cascade_max_cand_epochs=150
cascade_min_cand_epochs=50
cascade_num_candidate_groups=2
bit_fail_limit=3.49999994039535522461e-01
cascade_candidate_limit=1.00000000000000000000e+03
cascade_weight_multiplier=4.00000005960464477539e-01
cascade_activation_functions_count=10
cascade_activation_functions=3 5 7 8 10 11 14 15 16 17 
cascade_activation_steepnesses_count=4
cascade_activation_steepnesses=2.50000000000000000000e-01 5.00000000000000000000e-01 7.50000000000000000000e-01 1.00000000000000000000e+00 
layer_sizes=4 5 3 2 
scale_included=0
neurons (num_inputs, activation_function, activation_steepness)=(0, 0, 0.00000000000000000000e+00) (0, 0, 0.00000000000000000000e+00) (0, 0, 0.00000000000000000000e+00) (0, 0, 0.00000000000000000000e+00) (4, 3, 5.00000000000000000000e-01) (4, 3, 5.00000000000000000000e-01) (4, 3, 5.00000000000000000000e-01) (4, 3, 5.00000000000000000000e-01) (0, 3, 0.00000000000000000000e+00) (5, 3, 5.00000000000000000000e-01) (5, 3, 5.00000000000000000000e-01) (0, 3, 0.00000000000000000000e+00) (3, 3, 5.00000000000000000000e-01) (0, 3, 0.00000000000000000000e+00) 
connections (connected_to_neuron, weight)=(0, -2.81129527091979980469e+00) (1, -8.83763599395751953125e+00) (2, 2.68034529685974121094e+00) (3, 1.64759206771850585938e+00) (0, -1.93646490573883056641e+00) (1, -9.62646198272705078125e+00) (2, 4.01491403579711914062e+00) (3, 1.35294520854949951172e+00) (0, -2.29144501686096191406e+00) (1, -8.59479999542236328125e+00) (2, 2.72722673416137695312e+00) (3, 1.27293348312377929688e+00) (0, -3.66569805145263671875e+00) (1, 1.17902064323425292969e+00) (2, -4.16945981979370117188e+00) (3, 2.11568689346313476562e+00) (4, 4.85803604125976562500e+00) (5, 7.71443080902099609375e+00) (6, 4.91105127334594726562e+00) (7, 2.26735897064208984375e+01) (8, -6.33456707000732421875e+00) (4, 5.19011545181274414062e+00) (5, 6.40753555297851562500e+00) (6, 5.16291570663452148438e+00) (7, 1.43526782989501953125e+01) (8, -4.03506708145141601562e+00) (9, -4.66957330703735351562e+00) (10, -8.31193029880523681641e-01) (11, 3.12659263610839843750e+00) 
