FANN_FLO_2.1
num_layers=4
learning_rate=0.300000
connection_rate=1.000000
network_type=0
learning_momentum=0.000000
training_algorithm=2
train_error_function=1
train_stop_function=0
cascade_output_change_fraction=0.010000
quickprop_decay=-0.000100
quickprop_mu=1.750000
rprop_increase_factor=1.200000
rprop_decrease_factor=0.500000
rprop_delta_min=0.000000
rprop_delta_max=50.000000
rprop_delta_zero=0.100000
cascade_output_stagnation_epochs=12
cascade_candidate_change_fraction=0.010000
cascade_candidate_stagnation_epochs=12
cascade_max_out_epochs=150
cascade_min_out_epochs=50
cascade_max_cand_epochs=150
cascade_min_cand_epochs=50
cascade_num_candidate_groups=2
bit_fail_limit=3.49999994039535522461e-01
cascade_candidate_limit=1.00000000000000000000e+03
cascade_weight_multiplier=4.00000005960464477539e-01
cascade_activation_functions_count=10
cascade_activation_functions=3 5 7 8 10 11 14 15 16 17 
cascade_activation_steepnesses_count=4
cascade_activation_steepnesses=2.50000000000000000000e-01 5.00000000000000000000e-01 7.50000000000000000000e-01 1.00000000000000000000e+00 
layer_sizes=2 5 3 3 
scale_included=0
neurons (num_inputs, activation_function, activation_steepness)=(0, 0, 0.00000000000000000000e+00) (0, 0, 0.00000000000000000000e+00) (2, 3, 5.00000000000000000000e-01) (2, 3, 5.00000000000000000000e-01) (2, 3, 5.00000000000000000000e-01) (2, 3, 5.00000000000000000000e-01) (0, 3, 0.00000000000000000000e+00) (5, 3, 5.00000000000000000000e-01) (5, 3, 5.00000000000000000000e-01) (0, 3, 0.00000000000000000000e+00) (3, 0, 5.00000000000000000000e-01) (3, 0, 5.00000000000000000000e-01) (0, 0, 0.00000000000000000000e+00) 
connections (connected_to_neuron, weight)=(0, -3.27668151855468750000e+02) (1, -3.18630084991455078125e+01) (0, 1.38717470169067382812e+01) (1, 7.30220985412597656250e+00) (0, 5.10290384292602539062e+00) (1, 3.44196844100952148438e+00) (0, 6.99493885040283203125e+00) (1, 3.71731853485107421875e+00) (2, 1.87132759094238281250e+01) (3, -5.11757659912109375000e+00) (4, 3.21608543395996093750e-01) (5, 3.06755661964416503906e-01) (6, 2.75319963693618774414e-01) (2, 2.95316314697265625000e+00) (3, 3.63058090209960937500e+00) (4, 5.07952988147735595703e-01) (5, 8.47235500812530517578e-01) (6, -5.36618375778198242188e+00) (7, -1.26151870936155319214e-02) (8, -2.59042289108037948608e-02) (9, 1.12700313329696655273e-02) (7, -6.14931166172027587891e-01) (8, -1.89838731288909912109e+00) (9, -6.09053313732147216797e-01) 
