FANN_FLO_2.1
num_layers=4
learning_rate=0.500000
connection_rate=1.000000
network_type=0
learning_momentum=0.000000
training_algorithm=2
train_error_function=1
train_stop_function=0
cascade_output_change_fraction=0.010000
quickprop_decay=-0.000100
quickprop_mu=1.750000
rprop_increase_factor=1.200000
rprop_decrease_factor=0.500000
rprop_delta_min=0.000000
rprop_delta_max=50.000000
rprop_delta_zero=0.100000
cascade_output_stagnation_epochs=12
cascade_candidate_change_fraction=0.010000
cascade_candidate_stagnation_epochs=12
cascade_max_out_epochs=150
cascade_min_out_epochs=50
cascade_max_cand_epochs=150
cascade_min_cand_epochs=50
cascade_num_candidate_groups=2
bit_fail_limit=3.49999994039535522461e-01
cascade_candidate_limit=1.00000000000000000000e+03
cascade_weight_multiplier=4.00000005960464477539e-01
cascade_activation_functions_count=10
cascade_activation_functions=3 5 7 8 10 11 14 15 16 17 
cascade_activation_steepnesses_count=4
cascade_activation_steepnesses=2.50000000000000000000e-01 5.00000000000000000000e-01 7.50000000000000000000e-01 1.00000000000000000000e+00 
layer_sizes=4 5 5 2 
scale_included=0
neurons (num_inputs, activation_function, activation_steepness)=(0, 0, 0.00000000000000000000e+00) (0, 0, 0.00000000000000000000e+00) (0, 0, 0.00000000000000000000e+00) (0, 0, 0.00000000000000000000e+00) (4, 3, 5.00000000000000000000e-01) (4, 3, 5.00000000000000000000e-01) (4, 3, 5.00000000000000000000e-01) (4, 3, 5.00000000000000000000e-01) (0, 3, 0.00000000000000000000e+00) (5, 3, 5.00000000000000000000e-01) (5, 3, 5.00000000000000000000e-01) (5, 3, 5.00000000000000000000e-01) (5, 3, 5.00000000000000000000e-01) (0, 3, 0.00000000000000000000e+00) (5, 3, 5.00000000000000000000e-01) (0, 3, 0.00000000000000000000e+00) 
connections (connected_to_neuron, weight)=(0, -4.22130870819091796875e+00) (1, -6.45032548904418945312e+00) (2, 1.27338361740112304688e+00) (3, 3.10518527030944824219e+00) (0, -1.17574131488800048828e+00) (1, -1.06792974472045898438e+01) (2, 1.17307686805725097656e+00) (3, -2.57840365171432495117e-01) (0, -3.61166310310363769531e+00) (1, -6.55181503295898437500e+00) (2, 6.38437211513519287109e-01) (3, 3.40690326690673828125e+00) (0, -3.44834780693054199219e+00) (1, -6.64601516723632812500e+00) (2, 2.50098168849945068359e-01) (3, 3.26400852203369140625e+00) (4, 1.42699489593505859375e+01) (5, -4.38327064514160156250e+01) (6, 1.78336639404296875000e+01) (7, 9.33395671844482421875e+00) (8, -9.71122550964355468750e+00) (4, 2.47080574035644531250e+01) (5, -5.99713706970214843750e+01) (6, 1.40949783325195312500e+01) (7, 1.32170066833496093750e+01) (8, -1.14844083786010742188e+01) (4, 1.81638393402099609375e+01) (5, -5.14327812194824218750e+01) (6, 1.31324234008789062500e+01) (7, 1.36359233856201171875e+01) (8, -1.00851974487304687500e+01) (4, 1.73981285095214843750e+01) (5, -4.67560768127441406250e+01) (6, 1.35815649032592773438e+01) (7, 1.16715555191040039062e+01) (8, -9.66618347167968750000e+00) (9, -1.30617725849151611328e+00) (10, -2.15608525276184082031e+00) (11, -2.56956756114959716797e-01) (12, -7.42739558219909667969e-01) (13, 2.20956206321716308594e+00) 
