FANN_FLO_2.1
num_layers=3
learning_rate=0.500000
connection_rate=1.000000
network_type=0
learning_momentum=0.000000
training_algorithm=2
train_error_function=1
train_stop_function=0
cascade_output_change_fraction=0.010000
quickprop_decay=-0.000100
quickprop_mu=1.750000
rprop_increase_factor=1.200000
rprop_decrease_factor=0.500000
rprop_delta_min=0.000000
rprop_delta_max=50.000000
rprop_delta_zero=0.100000
cascade_output_stagnation_epochs=12
cascade_candidate_change_fraction=0.010000
cascade_candidate_stagnation_epochs=12
cascade_max_out_epochs=150
cascade_min_out_epochs=50
cascade_max_cand_epochs=150
cascade_min_cand_epochs=50
cascade_num_candidate_groups=2
bit_fail_limit=3.49999994039535522461e-01
cascade_candidate_limit=1.00000000000000000000e+03
cascade_weight_multiplier=4.00000005960464477539e-01
cascade_activation_functions_count=10
cascade_activation_functions=3 5 7 8 10 11 14 15 16 17 
cascade_activation_steepnesses_count=4
cascade_activation_steepnesses=2.50000000000000000000e-01 5.00000000000000000000e-01 7.50000000000000000000e-01 1.00000000000000000000e+00 
layer_sizes=7 5 2 
scale_included=0
neurons (num_inputs, activation_function, activation_steepness)=(0, 0, 0.00000000000000000000e+00) (0, 0, 0.00000000000000000000e+00) (0, 0, 0.00000000000000000000e+00) (0, 0, 0.00000000000000000000e+00) (0, 0, 0.00000000000000000000e+00) (0, 0, 0.00000000000000000000e+00) (0, 0, 0.00000000000000000000e+00) (7, 3, 5.00000000000000000000e-01) (7, 3, 5.00000000000000000000e-01) (7, 3, 5.00000000000000000000e-01) (7, 3, 5.00000000000000000000e-01) (0, 3, 0.00000000000000000000e+00) (5, 0, 5.00000000000000000000e-01) (0, 0, 0.00000000000000000000e+00) 
connections (connected_to_neuron, weight)=(0, 1.52050390243530273438e+01) (1, -2.11919218301773071289e-01) (2, -2.98963141441345214844e+00) (3, 1.86559352874755859375e+01) (4, 6.53597736358642578125e+00) (5, -2.77884674072265625000e+01) (6, -3.20210486650466918945e-01) (0, 3.85607269287109375000e+02) (1, -4.49603796005249023438e-01) (2, 1.49991577148437500000e+03) (3, 1.80134830474853515625e+01) (4, 8.52880764007568359375e+00) (5, 1.54088226318359375000e+02) (6, -6.22780263423919677734e-01) (0, 1.32353105545043945312e+01) (1, -1.42737776041030883789e-01) (2, -6.67620897293090820312e+00) (3, 1.86564102172851562500e+01) (4, 6.52980232238769531250e+00) (5, -2.70303936004638671875e+01) (6, -2.38658502697944641113e-01) (0, 5.25368165969848632812e+00) (1, -2.20806524157524108887e-01) (2, -5.47851085662841796875e+00) (3, 1.86479187011718750000e+01) (4, 6.56954574584960937500e+00) (5, -2.60909233093261718750e+01) (6, -3.83279263973236083984e-01) (7, -2.52408409118652343750e+01) (8, 7.55678558349609375000e+01) (9, -2.50979347229003906250e+01) (10, -2.52279548645019531250e+01) (11, 1.01743964478373527527e-02) 
