FANN_FLO_2.1
num_layers=3
learning_rate=0.500000
connection_rate=1.000000
network_type=0
learning_momentum=0.000000
training_algorithm=2
train_error_function=1
train_stop_function=0
cascade_output_change_fraction=0.010000
quickprop_decay=-0.000100
quickprop_mu=1.750000
rprop_increase_factor=1.200000
rprop_decrease_factor=0.500000
rprop_delta_min=0.000000
rprop_delta_max=50.000000
rprop_delta_zero=0.100000
cascade_output_stagnation_epochs=12
cascade_candidate_change_fraction=0.010000
cascade_candidate_stagnation_epochs=12
cascade_max_out_epochs=150
cascade_min_out_epochs=50
cascade_max_cand_epochs=150
cascade_min_cand_epochs=50
cascade_num_candidate_groups=2
bit_fail_limit=3.49999994039535522461e-01
cascade_candidate_limit=1.00000000000000000000e+03
cascade_weight_multiplier=4.00000005960464477539e-01
cascade_activation_functions_count=10
cascade_activation_functions=3 5 7 8 10 11 14 15 16 17 
cascade_activation_steepnesses_count=4
cascade_activation_steepnesses=2.50000000000000000000e-01 5.00000000000000000000e-01 7.50000000000000000000e-01 1.00000000000000000000e+00 
layer_sizes=10 3 2 
scale_included=0
neurons (num_inputs, activation_function, activation_steepness)=(0, 0, 0.00000000000000000000e+00) (0, 0, 0.00000000000000000000e+00) (0, 0, 0.00000000000000000000e+00) (0, 0, 0.00000000000000000000e+00) (0, 0, 0.00000000000000000000e+00) (0, 0, 0.00000000000000000000e+00) (0, 0, 0.00000000000000000000e+00) (0, 0, 0.00000000000000000000e+00) (0, 0, 0.00000000000000000000e+00) (0, 0, 0.00000000000000000000e+00) (10, 3, 5.00000000000000000000e-01) (10, 3, 5.00000000000000000000e-01) (0, 3, 0.00000000000000000000e+00) (3, 3, 5.00000000000000000000e-01) (0, 3, 0.00000000000000000000e+00) 
connections (connected_to_neuron, weight)=(0, 2.80955672264099121094e-01) (1, 6.14023327827453613281e-01) (2, 7.70100414752960205078e-01) (3, 4.98573064804077148438e-01) (4, -3.63525211811065673828e-01) (5, 6.15851998329162597656e-01) (6, 4.51889097690582275391e-01) (7, 3.51646363735198974609e-01) (8, 4.26197648048400878906e-01) (9, 3.62784191966056823730e-02) (0, -4.46357339620590209961e-01) (1, -3.95214110612869262695e-01) (2, -3.78015309572219848633e-01) (3, -4.07556176185607910156e-01) (4, -5.41036486625671386719e-01) (5, -3.97388249635696411133e-01) (6, -4.32679891586303710938e-01) (7, -4.31865155696868896484e-01) (8, -4.18984144926071166992e-01) (9, 1.50746941566467285156e+00) (10, 1.17667198181152343750e+00) (11, -3.93787717819213867188e+00) (12, 5.55158376693725585938e-01) 
