FANN_FLO_2.1
num_layers=3
learning_rate=0.300000
connection_rate=1.000000
network_type=0
learning_momentum=0.000000
training_algorithm=2
train_error_function=1
train_stop_function=0
cascade_output_change_fraction=0.010000
quickprop_decay=-0.000100
quickprop_mu=1.750000
rprop_increase_factor=1.200000
rprop_decrease_factor=0.500000
rprop_delta_min=0.000000
rprop_delta_max=50.000000
rprop_delta_zero=0.100000
cascade_output_stagnation_epochs=12
cascade_candidate_change_fraction=0.010000
cascade_candidate_stagnation_epochs=12
cascade_max_out_epochs=150
cascade_min_out_epochs=50
cascade_max_cand_epochs=150
cascade_min_cand_epochs=50
cascade_num_candidate_groups=2
bit_fail_limit=3.49999994039535522461e-01
cascade_candidate_limit=1.00000000000000000000e+03
cascade_weight_multiplier=4.00000005960464477539e-01
cascade_activation_functions_count=10
cascade_activation_functions=3 5 7 8 10 11 14 15 16 17 
cascade_activation_steepnesses_count=4
cascade_activation_steepnesses=2.50000000000000000000e-01 5.00000000000000000000e-01 7.50000000000000000000e-01 1.00000000000000000000e+00 
layer_sizes=4 9 2 
scale_included=0
neurons (num_inputs, activation_function, activation_steepness)=(0, 0, 0.00000000000000000000e+00) (0, 0, 0.00000000000000000000e+00) (0, 0, 0.00000000000000000000e+00) (0, 0, 0.00000000000000000000e+00) (4, 3, 5.00000000000000000000e-01) (4, 3, 5.00000000000000000000e-01) (4, 3, 5.00000000000000000000e-01) (4, 3, 5.00000000000000000000e-01) (4, 3, 5.00000000000000000000e-01) (4, 3, 5.00000000000000000000e-01) (4, 3, 5.00000000000000000000e-01) (4, 3, 5.00000000000000000000e-01) (0, 3, 0.00000000000000000000e+00) (9, 3, 5.00000000000000000000e-01) (0, 3, 0.00000000000000000000e+00) 
connections (connected_to_neuron, weight)=(0, -2.25802555084228515625e+01) (1, 4.07249221801757812500e+01) (2, -2.11353317260742187500e+02) (3, 3.16370544433593750000e+01) (0, -1.55373506546020507812e+01) (1, 6.79841156005859375000e+01) (2, -3.33940490722656250000e+02) (3, -4.24822540283203125000e+01) (0, -4.19671875000000000000e+02) (1, 3.43179359436035156250e+01) (2, 6.31806993484497070312e+00) (3, 3.52686218261718750000e+02) (0, -9.33012161254882812500e+01) (1, 4.29999809265136718750e+01) (2, -9.80176467895507812500e+01) (3, 2.42470397949218750000e+02) (0, -1.55540374755859375000e+02) (1, 1.56447973251342773438e+01) (2, -9.94141387939453125000e+01) (3, 2.39222793579101562500e+01) (0, -1.48788055419921875000e+02) (1, 1.20896081924438476562e+01) (2, -5.37385463714599609375e+00) (3, 1.10897703170776367188e+01) (0, -4.56702758789062500000e+02) (1, 1.05401496887207031250e+01) (2, -8.94586029052734375000e+01) (3, 6.93845581054687500000e+02) (0, 1.50000000000000000000e+03) (1, 1.20000190734863281250e+01) (2, -5.91019668579101562500e+01) (3, -2.64777445793151855469e+00) (4, -1.48468933105468750000e+02) (5, 1.54188339233398437500e+02) (6, -3.25532889366149902344e+00) (7, -3.72881652832031250000e+02) (8, -4.30685567855834960938e+00) (9, -6.42519354820251464844e-01) (10, -4.54251956939697265625e+00) (11, 3.68564453125000000000e+02) (12, -4.20482969284057617188e+00) 
