FANN_FLO_2.1
num_layers=4
learning_rate=0.300000
connection_rate=1.000000
network_type=0
learning_momentum=0.000000
training_algorithm=2
train_error_function=1
train_stop_function=0
cascade_output_change_fraction=0.010000
quickprop_decay=-0.000100
quickprop_mu=1.750000
rprop_increase_factor=1.200000
rprop_decrease_factor=0.500000
rprop_delta_min=0.000000
rprop_delta_max=50.000000
rprop_delta_zero=0.100000
cascade_output_stagnation_epochs=12
cascade_candidate_change_fraction=0.010000
cascade_candidate_stagnation_epochs=12
cascade_max_out_epochs=150
cascade_min_out_epochs=50
cascade_max_cand_epochs=150
cascade_min_cand_epochs=50
cascade_num_candidate_groups=2
bit_fail_limit=3.49999994039535522461e-01
cascade_candidate_limit=1.00000000000000000000e+03
cascade_weight_multiplier=4.00000005960464477539e-01
cascade_activation_functions_count=10
cascade_activation_functions=3 5 7 8 10 11 14 15 16 17 
cascade_activation_steepnesses_count=4
cascade_activation_steepnesses=2.50000000000000000000e-01 5.00000000000000000000e-01 7.50000000000000000000e-01 1.00000000000000000000e+00 
layer_sizes=2 5 5 3 
scale_included=0
neurons (num_inputs, activation_function, activation_steepness)=(0, 0, 0.00000000000000000000e+00) (0, 0, 0.00000000000000000000e+00) (2, 3, 5.00000000000000000000e-01) (2, 3, 5.00000000000000000000e-01) (2, 3, 5.00000000000000000000e-01) (2, 3, 5.00000000000000000000e-01) (0, 3, 0.00000000000000000000e+00) (5, 3, 5.00000000000000000000e-01) (5, 3, 5.00000000000000000000e-01) (5, 3, 5.00000000000000000000e-01) (5, 3, 5.00000000000000000000e-01) (0, 3, 0.00000000000000000000e+00) (5, 0, 5.00000000000000000000e-01) (5, 0, 5.00000000000000000000e-01) (0, 0, 0.00000000000000000000e+00) 
connections (connected_to_neuron, weight)=(0, -1.91158714294433593750e+01) (1, -3.07718008756637573242e-01) (0, -2.15920295715332031250e+01) (1, -5.28442300856113433838e-02) (0, -1.22032690048217773438e+01) (1, 5.58564364910125732422e-01) (0, -2.26309852600097656250e+01) (1, -7.80605554580688476562e-01) (2, 9.10205841064453125000e-02) (3, 4.89650845527648925781e-01) (4, 8.51373076438903808594e-01) (5, 1.76415729522705078125e+00) (6, -1.55139780044555664062e+00) (2, 1.20120726525783538818e-01) (3, 4.45136547088623046875e-01) (4, 5.15467464923858642578e-01) (5, 8.59572029113769531250e+00) (6, -4.31673574447631835938e+00) (2, 1.73649415373802185059e-01) (3, 3.79107832908630371094e-01) (4, 4.96026426553726196289e-01) (5, 5.08172559738159179688e+00) (6, -1.46800386905670166016e+00) (2, 3.98255744948983192444e-03) (3, 7.30473399162292480469e-01) (4, 7.85582005977630615234e-01) (5, 1.49777197837829589844e+00) (6, -4.99453485012054443359e-01) (7, 1.87610492110252380371e-01) (8, 1.36975437402725219727e-01) (9, -1.21921440586447715759e-02) (10, 1.83086525648832321167e-02) (11, -2.66462445259094238281e-01) (7, -5.34012377262115478516e-01) (8, -5.24660050868988037109e-01) (9, -5.52212893962860107422e-01) (10, -5.28871953487396240234e-01) (11, -1.33919507265090942383e-01) 
