FANN_FLO_2.1
num_layers=3
learning_rate=0.500000
connection_rate=1.000000
network_type=0
learning_momentum=0.000000
training_algorithm=2
train_error_function=1
train_stop_function=0
cascade_output_change_fraction=0.010000
quickprop_decay=-0.000100
quickprop_mu=1.750000
rprop_increase_factor=1.200000
rprop_decrease_factor=0.500000
rprop_delta_min=0.000000
rprop_delta_max=50.000000
rprop_delta_zero=0.100000
cascade_output_stagnation_epochs=12
cascade_candidate_change_fraction=0.010000
cascade_candidate_stagnation_epochs=12
cascade_max_out_epochs=150
cascade_min_out_epochs=50
cascade_max_cand_epochs=150
cascade_min_cand_epochs=50
cascade_num_candidate_groups=2
bit_fail_limit=3.49999994039535522461e-01
cascade_candidate_limit=1.00000000000000000000e+03
cascade_weight_multiplier=4.00000005960464477539e-01
cascade_activation_functions_count=10
cascade_activation_functions=3 5 7 8 10 11 14 15 16 17 
cascade_activation_steepnesses_count=4
cascade_activation_steepnesses=2.50000000000000000000e-01 5.00000000000000000000e-01 7.50000000000000000000e-01 1.00000000000000000000e+00 
layer_sizes=3 9 4 
scale_included=0
neurons (num_inputs, activation_function, activation_steepness)=(0, 0, 0.00000000000000000000e+00) (0, 0, 0.00000000000000000000e+00) (0, 0, 0.00000000000000000000e+00) (3, 3, 5.00000000000000000000e-01) (3, 3, 5.00000000000000000000e-01) (3, 3, 5.00000000000000000000e-01) (3, 3, 5.00000000000000000000e-01) (3, 3, 5.00000000000000000000e-01) (3, 3, 5.00000000000000000000e-01) (3, 3, 5.00000000000000000000e-01) (3, 3, 5.00000000000000000000e-01) (0, 3, 0.00000000000000000000e+00) (9, 0, 5.00000000000000000000e-01) (9, 0, 5.00000000000000000000e-01) (9, 0, 5.00000000000000000000e-01) (0, 0, 0.00000000000000000000e+00) 
connections (connected_to_neuron, weight)=(0, -1.66617429256439208984e+00) (1, -5.02204799652099609375e+00) (2, 3.72854501008987426758e-01) (0, -4.90452766418457031250e+00) (1, 3.00623416900634765625e+00) (2, 2.93861126899719238281e+00) (0, -6.34746408462524414062e+00) (1, 4.22179651260375976562e+00) (2, 1.06118516921997070312e+01) (0, -4.16383361816406250000e+00) (1, 1.53581333160400390625e+00) (2, 1.07099556922912597656e+00) (0, -4.40933609008789062500e+00) (1, -2.21915650367736816406e+00) (2, 7.70864665508270263672e-01) (0, -5.77144861221313476562e+00) (1, 5.89319038391113281250e+00) (2, 4.69503736495971679688e+00) (0, -4.46476125717163085938e+00) (1, -3.64837497472763061523e-02) (2, 9.84140515327453613281e-01) (0, -3.13625288009643554688e+00) (1, -3.86022543907165527344e+00) (2, 4.71455961465835571289e-01) (3, 8.51591765880584716797e-01) (4, 1.52940168976783752441e-01) (5, 8.89572739601135253906e-01) (6, 2.52157330513000488281e+00) (7, 2.04070758819580078125e+00) (8, 9.63117718696594238281e-01) (9, 1.46332573890686035156e+00) (10, 1.73123872280120849609e+00) (11, 3.60933154821395874023e-01) (3, 3.94233250617980957031e+00) (4, 2.96713089942932128906e+00) (5, 2.52429199218750000000e+00) (6, 4.92236042022705078125e+00) (7, 5.14746618270874023438e+00) (8, 4.02172708511352539062e+00) (9, 4.54328441619873046875e+00) (10, 4.26311349868774414062e+00) (11, 2.27119898796081542969e+00) (3, 1.31001281738281250000e+01) (4, 1.10866184234619140625e+01) (5, 1.10897779464721679688e+01) (6, 1.41494674682617187500e+01) (7, 1.65121345520019531250e+01) (8, 1.09896659851074218750e+01) (9, 1.46331672668457031250e+01) (10, 1.34430761337280273438e+01) (11, 1.10745191574096679688e+01) 
