FANN_FLO_2.1
num_layers=4
learning_rate=0.500000
connection_rate=1.000000
network_type=0
learning_momentum=0.000000
training_algorithm=2
train_error_function=1
train_stop_function=0
cascade_output_change_fraction=0.010000
quickprop_decay=-0.000100
quickprop_mu=1.750000
rprop_increase_factor=1.200000
rprop_decrease_factor=0.500000
rprop_delta_min=0.000000
rprop_delta_max=50.000000
rprop_delta_zero=0.100000
cascade_output_stagnation_epochs=12
cascade_candidate_change_fraction=0.010000
cascade_candidate_stagnation_epochs=12
cascade_max_out_epochs=150
cascade_min_out_epochs=50
cascade_max_cand_epochs=150
cascade_min_cand_epochs=50
cascade_num_candidate_groups=2
bit_fail_limit=3.49999994039535522461e-01
cascade_candidate_limit=1.00000000000000000000e+03
cascade_weight_multiplier=4.00000005960464477539e-01
cascade_activation_functions_count=10
cascade_activation_functions=3 5 7 8 10 11 14 15 16 17 
cascade_activation_steepnesses_count=4
cascade_activation_steepnesses=2.50000000000000000000e-01 5.00000000000000000000e-01 7.50000000000000000000e-01 1.00000000000000000000e+00 
layer_sizes=4 5 5 2 
scale_included=0
neurons (num_inputs, activation_function, activation_steepness)=(0, 0, 0.00000000000000000000e+00) (0, 0, 0.00000000000000000000e+00) (0, 0, 0.00000000000000000000e+00) (0, 0, 0.00000000000000000000e+00) (4, 3, 5.00000000000000000000e-01) (4, 3, 5.00000000000000000000e-01) (4, 3, 5.00000000000000000000e-01) (4, 3, 5.00000000000000000000e-01) (0, 3, 0.00000000000000000000e+00) (5, 3, 5.00000000000000000000e-01) (5, 3, 5.00000000000000000000e-01) (5, 3, 5.00000000000000000000e-01) (5, 3, 5.00000000000000000000e-01) (0, 3, 0.00000000000000000000e+00) (5, 3, 5.00000000000000000000e-01) (0, 3, 0.00000000000000000000e+00) 
connections (connected_to_neuron, weight)=(0, -9.75644874572753906250e+00) (1, -1.61352386474609375000e+01) (2, 1.49188060760498046875e+01) (3, 6.05946779251098632812e-01) (0, -3.55930662155151367188e+00) (1, -9.22372817993164062500e+00) (2, 2.82317757606506347656e+00) (3, 4.98634767532348632812e+00) (0, 4.77927923202514648438e+00) (1, 1.97905540466308593750e+00) (2, 1.95374870300292968750e+00) (3, -4.97714233398437500000e+00) (0, 3.31313419342041015625e+00) (1, 1.94349002838134765625e+00) (2, 1.42412102222442626953e+00) (3, -4.09257602691650390625e+00) (4, -7.49987316131591796875e+00) (5, 1.18757896423339843750e+01) (6, -1.70667915344238281250e+01) (7, -2.05009031295776367188e+00) (8, 3.51193517446517944336e-01) (4, -6.24006557464599609375e+00) (5, 9.81225299835205078125e+00) (6, -1.40252904891967773438e+01) (7, -1.75043189525604248047e+00) (8, 4.95321035385131835938e-01) (4, -1.47500000000000000000e+03) (5, -2.31720399856567382812e+00) (6, -2.38408112525939941406e+00) (7, -1.83165013790130615234e+00) (8, 2.35908880829811096191e-01) (4, -3.19685745239257812500e+00) (5, 5.08417177200317382812e+00) (6, -8.69876003265380859375e+00) (7, -1.44966900348663330078e+00) (8, 1.14129114151000976562e+00) (9, -3.54223799705505371094e+00) (10, -5.01386106014251708984e-01) (11, -3.22377967834472656250e+01) (12, -1.82386827468872070312e+00) (13, 3.54224157333374023438e+00) 
