FANN_FLO_2.1
num_layers=4
learning_rate=0.300000
connection_rate=1.000000
network_type=0
learning_momentum=0.000000
training_algorithm=2
train_error_function=1
train_stop_function=0
cascade_output_change_fraction=0.010000
quickprop_decay=-0.000100
quickprop_mu=1.750000
rprop_increase_factor=1.200000
rprop_decrease_factor=0.500000
rprop_delta_min=0.000000
rprop_delta_max=50.000000
rprop_delta_zero=0.100000
cascade_output_stagnation_epochs=12
cascade_candidate_change_fraction=0.010000
cascade_candidate_stagnation_epochs=12
cascade_max_out_epochs=150
cascade_min_out_epochs=50
cascade_max_cand_epochs=150
cascade_min_cand_epochs=50
cascade_num_candidate_groups=2
bit_fail_limit=3.49999994039535522461e-01
cascade_candidate_limit=1.00000000000000000000e+03
cascade_weight_multiplier=4.00000005960464477539e-01
cascade_activation_functions_count=10
cascade_activation_functions=3 5 7 8 10 11 14 15 16 17 
cascade_activation_steepnesses_count=4
cascade_activation_steepnesses=2.50000000000000000000e-01 5.00000000000000000000e-01 7.50000000000000000000e-01 1.00000000000000000000e+00 
layer_sizes=2 5 3 3 
scale_included=0
neurons (num_inputs, activation_function, activation_steepness)=(0, 0, 0.00000000000000000000e+00) (0, 0, 0.00000000000000000000e+00) (2, 3, 5.00000000000000000000e-01) (2, 3, 5.00000000000000000000e-01) (2, 3, 5.00000000000000000000e-01) (2, 3, 5.00000000000000000000e-01) (0, 3, 0.00000000000000000000e+00) (5, 3, 5.00000000000000000000e-01) (5, 3, 5.00000000000000000000e-01) (0, 3, 0.00000000000000000000e+00) (3, 0, 5.00000000000000000000e-01) (3, 0, 5.00000000000000000000e-01) (0, 0, 0.00000000000000000000e+00) 
connections (connected_to_neuron, weight)=(0, -6.33012533187866210938e+00) (1, -9.81900691986083984375e+00) (0, -4.02021789550781250000e+01) (1, -3.04944366216659545898e-01) (0, -4.04115943908691406250e+01) (1, -4.73358392715454101562e-01) (0, -4.03383522033691406250e+01) (1, -3.89317214488983154297e-01) (2, 2.58394193649291992188e+00) (3, 6.13203883171081542969e-01) (4, 4.31837618350982666016e-01) (5, 4.15014445781707763672e-01) (6, -1.72086966037750244141e+00) (2, 7.13516235351562500000e-01) (3, 1.44804406166076660156e+00) (4, 1.95190143585205078125e+00) (5, 1.38841927051544189453e+00) (6, -1.20743834972381591797e+00) (7, 3.06329995393753051758e-01) (8, -8.32121819257736206055e-02) (9, -1.27816930413246154785e-01) (7, -7.60017335414886474609e-01) (8, -8.85683834552764892578e-01) (9, -4.82739478349685668945e-01) 
