FANN_FLO_2.1
num_layers=4
learning_rate=0.500000
connection_rate=1.000000
network_type=0
learning_momentum=0.000000
training_algorithm=2
train_error_function=1
train_stop_function=0
cascade_output_change_fraction=0.010000
quickprop_decay=-0.000100
quickprop_mu=1.750000
rprop_increase_factor=1.200000
rprop_decrease_factor=0.500000
rprop_delta_min=0.000000
rprop_delta_max=50.000000
rprop_delta_zero=0.100000
cascade_output_stagnation_epochs=12
cascade_candidate_change_fraction=0.010000
cascade_candidate_stagnation_epochs=12
cascade_max_out_epochs=150
cascade_min_out_epochs=50
cascade_max_cand_epochs=150
cascade_min_cand_epochs=50
cascade_num_candidate_groups=2
bit_fail_limit=3.49999994039535522461e-01
cascade_candidate_limit=1.00000000000000000000e+03
cascade_weight_multiplier=4.00000005960464477539e-01
cascade_activation_functions_count=10
cascade_activation_functions=3 5 7 8 10 11 14 15 16 17 
cascade_activation_steepnesses_count=4
cascade_activation_steepnesses=2.50000000000000000000e-01 5.00000000000000000000e-01 7.50000000000000000000e-01 1.00000000000000000000e+00 
layer_sizes=4 5 5 2 
scale_included=0
neurons (num_inputs, activation_function, activation_steepness)=(0, 0, 0.00000000000000000000e+00) (0, 0, 0.00000000000000000000e+00) (0, 0, 0.00000000000000000000e+00) (0, 0, 0.00000000000000000000e+00) (4, 3, 5.00000000000000000000e-01) (4, 3, 5.00000000000000000000e-01) (4, 3, 5.00000000000000000000e-01) (4, 3, 5.00000000000000000000e-01) (0, 3, 0.00000000000000000000e+00) (5, 3, 5.00000000000000000000e-01) (5, 3, 5.00000000000000000000e-01) (5, 3, 5.00000000000000000000e-01) (5, 3, 5.00000000000000000000e-01) (0, 3, 0.00000000000000000000e+00) (5, 3, 5.00000000000000000000e-01) (0, 3, 0.00000000000000000000e+00) 
connections (connected_to_neuron, weight)=(0, -8.71434450149536132812e-01) (1, -1.61986885070800781250e+01) (2, 1.01788187026977539062e+01) (3, 3.78265833854675292969e+00) (0, -4.68749284744262695312e+00) (1, -5.81613016128540039062e+00) (2, -1.07525539398193359375e+00) (3, 4.32304954528808593750e+00) (0, -7.28718566894531250000e+00) (1, -5.88117027282714843750e+00) (2, 3.07810807228088378906e+00) (3, 4.19301271438598632812e+00) (0, -5.03591299057006835938e+00) (1, -1.12132549285888671875e+01) (2, 4.34089803695678710938e+00) (3, 4.00990009307861328125e+00) (4, -5.46195888519287109375e+00) (5, 1.97509288787841796875e+01) (6, 9.43340969085693359375e+00) (7, 2.23323178291320800781e+00) (8, -2.45359063148498535156e+00) (4, -6.48700284957885742188e+00) (5, 2.22786521911621093750e+01) (6, 8.76747512817382812500e+00) (7, 1.55519127845764160156e+00) (8, -2.10430860519409179688e+00) (4, 3.13391208648681640625e+00) (5, -1.20809068679809570312e+01) (6, -2.12569427490234375000e+00) (7, -3.68647933006286621094e+00) (8, 1.27509236335754394531e+00) (4, -5.07510900497436523438e+00) (5, 1.66156272888183593750e+01) (6, 8.61904811859130859375e+00) (7, 4.33340406417846679688e+00) (8, -2.23088359832763671875e+00) (9, -1.17405247688293457031e+00) (10, -1.25630044937133789062e+00) (11, 1.73513662815093994141e+00) (12, -1.17506206035614013672e+00) (13, 1.30638265609741210938e+00) 
