FANN_FLO_2.1
num_layers=3
learning_rate=0.500000
connection_rate=1.000000
network_type=0
learning_momentum=0.000000
training_algorithm=2
train_error_function=1
train_stop_function=0
cascade_output_change_fraction=0.010000
quickprop_decay=-0.000100
quickprop_mu=1.750000
rprop_increase_factor=1.200000
rprop_decrease_factor=0.500000
rprop_delta_min=0.000000
rprop_delta_max=50.000000
rprop_delta_zero=0.100000
cascade_output_stagnation_epochs=12
cascade_candidate_change_fraction=0.010000
cascade_candidate_stagnation_epochs=12
cascade_max_out_epochs=150
cascade_min_out_epochs=50
cascade_max_cand_epochs=150
cascade_min_cand_epochs=50
cascade_num_candidate_groups=2
bit_fail_limit=3.49999994039535522461e-01
cascade_candidate_limit=1.00000000000000000000e+03
cascade_weight_multiplier=4.00000005960464477539e-01
cascade_activation_functions_count=10
cascade_activation_functions=3 5 7 8 10 11 14 15 16 17 
cascade_activation_steepnesses_count=4
cascade_activation_steepnesses=2.50000000000000000000e-01 5.00000000000000000000e-01 7.50000000000000000000e-01 1.00000000000000000000e+00 
layer_sizes=7 9 2 
scale_included=0
neurons (num_inputs, activation_function, activation_steepness)=(0, 0, 0.00000000000000000000e+00) (0, 0, 0.00000000000000000000e+00) (0, 0, 0.00000000000000000000e+00) (0, 0, 0.00000000000000000000e+00) (0, 0, 0.00000000000000000000e+00) (0, 0, 0.00000000000000000000e+00) (0, 0, 0.00000000000000000000e+00) (7, 3, 5.00000000000000000000e-01) (7, 3, 5.00000000000000000000e-01) (7, 3, 5.00000000000000000000e-01) (7, 3, 5.00000000000000000000e-01) (7, 3, 5.00000000000000000000e-01) (7, 3, 5.00000000000000000000e-01) (7, 3, 5.00000000000000000000e-01) (7, 3, 5.00000000000000000000e-01) (0, 3, 0.00000000000000000000e+00) (9, 0, 5.00000000000000000000e-01) (0, 0, 0.00000000000000000000e+00) 
connections (connected_to_neuron, weight)=(0, -3.59666328430175781250e+01) (1, -4.33436241149902343750e+01) (2, -1.45076440429687500000e+03) (3, -5.76202452182769775391e-01) (4, 3.61721992492675781250e+00) (5, -3.08552026748657226562e-01) (6, 1.38826752081513404846e-02) (0, -1.26185691356658935547e+00) (1, -9.27306890487670898438e-01) (2, -3.81008758544921875000e+01) (3, -3.63965064287185668945e-01) (4, 2.71589732170104980469e+00) (5, 3.67121839523315429688e+00) (6, 1.05144453048706054688e+00) (0, -1.54066019058227539062e+01) (1, -1.86729869842529296875e+01) (2, -2.70153289794921875000e+02) (3, -6.22496962547302246094e-01) (4, 9.78968203067779541016e-01) (5, -5.19977450370788574219e-01) (6, -5.35845637321472167969e-01) (0, 1.17184489965438842773e-01) (1, -6.80483937263488769531e-01) (2, 1.00638449192047119141e+00) (3, -8.69565248489379882812e-01) (4, -1.17878949642181396484e+00) (5, -7.64559984207153320312e-01) (6, -1.08042931556701660156e+00) (0, 9.86118149012327194214e-03) (1, -7.72136926651000976562e-01) (2, 1.14120328426361083984e+00) (3, -6.55698478221893310547e-01) (4, -1.09014081954956054688e+00) (5, -8.55088233947753906250e-01) (6, -6.42210721969604492188e-01) (0, -1.02085005491971969604e-02) (1, 2.39820241928100585938e-01) (2, 6.39299273490905761719e-01) (3, -2.16680943965911865234e-01) (4, -4.23709690570831298828e-01) (5, 4.25091572105884552002e-02) (6, -3.26945710182189941406e+00) (0, -1.71169910430908203125e+01) (1, 2.99929022789001464844e+00) (2, 1.73741645812988281250e+01) (3, -3.15173268318176269531e-01) (4, -1.23404610157012939453e+00) (5, -2.52484297752380371094e+00) (6, -5.26895093917846679688e+00) (0, -1.42049157619476318359e+00) (1, -5.69239318370819091797e-01) (2, -4.66422653198242187500e+00) (3, -1.18919737637042999268e-01) (4, 5.34462881088256835938e+00) (5, -9.47201907634735107422e-01) (6, 2.92428169250488281250e+01) (7, -1.09853250905871391296e-02) (8, -7.66814639791846275330e-03) (9, -1.16549749374389648438e+01) (10, -1.07868421077728271484e+00) (11, 1.06755125522613525391e+00) (12, -9.00918617844581604004e-02) (13, 2.09166277199983596802e-02) (14, -7.87312388420104980469e-02) (15, 9.15057957172393798828e-02) 
