# config: 6->8->1
# epochs: 350
# run:    15
# Training: 2
Max epochs      350. Desired error: 0.0000010000.
Epochs            1. Current error: 0.0009941700. Bit fail 0.
Epochs          200. Current error: 0.0005207451. Bit fail 0.
Epochs          350. Current error: 0.0004771691. Bit fail 0.
# Train MSE: 0.000477169
# Test MSE: 0.0018109
# Training: 2
Max epochs      350. Desired error: 0.0000010000.
Epochs            1. Current error: 0.0024800298. Bit fail 0.
Epochs          200. Current error: 0.0003986222. Bit fail 0.
Epochs          350. Current error: 0.0003955431. Bit fail 0.
# Train MSE: 0.000395543
# Test MSE: 0.00221927
# Training: 2
Max epochs      350. Desired error: 0.0000010000.
Epochs            1. Current error: 0.0076692305. Bit fail 0.
Epochs          200. Current error: 935.5241699219. Bit fail 136.
Epochs          350. Current error: 0.0005580317. Bit fail 0.
# Train MSE: 0.000558032
# Test MSE: 0.00183171
# Training: 2
Max epochs      350. Desired error: 0.0000010000.
Epochs            1. Current error: 0.0063231867. Bit fail 0.
Epochs          200. Current error: 0.0004563622. Bit fail 0.
Epochs          350. Current error: 0.1786229014. Bit fail 1.
# Train MSE: 0.178623
# Test MSE: 174.18
# Training: 2
Max epochs      350. Desired error: 0.0000010000.
Epochs            1. Current error: 0.0013212789. Bit fail 0.
Epochs          200. Current error: 0.0005586116. Bit fail 0.
Epochs          350. Current error: 0.0005585060. Bit fail 0.
# Train MSE: 0.000558506
# Test MSE: 0.00183222
# Training: 2
Max epochs      350. Desired error: 0.0000010000.
Epochs            1. Current error: 0.0052892664. Bit fail 1.
Epochs          200. Current error: 0.0005394479. Bit fail 0.
Epochs          350. Current error: 0.0008597824. Bit fail 0.
# Train MSE: 0.000859782
# Test MSE: 0.00200011
# Training: 2
Max epochs      350. Desired error: 0.0000010000.
Epochs            1. Current error: 0.0023734667. Bit fail 0.
Epochs          200. Current error: 0.0031037028. Bit fail 1.
Epochs          350. Current error: 0.0004988156. Bit fail 0.
# Train MSE: 0.000498816
# Test MSE: 46.6284
# Training: 2
Max epochs      350. Desired error: 0.0000010000.
Epochs            1. Current error: 0.0069798660. Bit fail 0.
Epochs          200. Current error: 0.0004960147. Bit fail 0.
Epochs          350. Current error: 0.0004620112. Bit fail 0.
# Train MSE: 0.000462011
# Test MSE: 3.45686
# Training: 2
Max epochs      350. Desired error: 0.0000010000.
Epochs            1. Current error: 0.0032927219. Bit fail 0.
Epochs          200. Current error: 0.0004976214. Bit fail 0.
Epochs          350. Current error: 0.0004922150. Bit fail 0.
# Train MSE: 0.000492215
# Test MSE: 0.0018087
# Training: 2
Max epochs      350. Desired error: 0.0000010000.
Epochs            1. Current error: 0.0241985023. Bit fail 0.
Epochs          200. Current error: 0.0005001205. Bit fail 0.
Epochs          350. Current error: 0.0004843570. Bit fail 0.
# Train MSE: 0.000484357
# Test MSE: 0.00177844
# Training: 2
Max epochs      350. Desired error: 0.0000010000.
Epochs            1. Current error: 0.0042200605. Bit fail 0.
Epochs          200. Current error: 300.0005187988. Bit fail 1.
Epochs          350. Current error: 0.0005248587. Bit fail 0.
# Train MSE: 0.000524859
# Test MSE: 0.00437077
