FANN_FLO_2.1
num_layers=3
learning_rate=0.500000
connection_rate=1.000000
network_type=0
learning_momentum=0.000000
training_algorithm=2
train_error_function=1
train_stop_function=0
cascade_output_change_fraction=0.010000
quickprop_decay=-0.000100
quickprop_mu=1.750000
rprop_increase_factor=1.200000
rprop_decrease_factor=0.500000
rprop_delta_min=0.000000
rprop_delta_max=50.000000
rprop_delta_zero=0.100000
cascade_output_stagnation_epochs=12
cascade_candidate_change_fraction=0.010000
cascade_candidate_stagnation_epochs=12
cascade_max_out_epochs=150
cascade_min_out_epochs=50
cascade_max_cand_epochs=150
cascade_min_cand_epochs=50
cascade_num_candidate_groups=2
bit_fail_limit=3.49999994039535522461e-01
cascade_candidate_limit=1.00000000000000000000e+03
cascade_weight_multiplier=4.00000005960464477539e-01
cascade_activation_functions_count=10
cascade_activation_functions=3 5 7 8 10 11 14 15 16 17 
cascade_activation_steepnesses_count=4
cascade_activation_steepnesses=2.50000000000000000000e-01 5.00000000000000000000e-01 7.50000000000000000000e-01 1.00000000000000000000e+00 
layer_sizes=7 9 2 
scale_included=0
neurons (num_inputs, activation_function, activation_steepness)=(0, 0, 0.00000000000000000000e+00) (0, 0, 0.00000000000000000000e+00) (0, 0, 0.00000000000000000000e+00) (0, 0, 0.00000000000000000000e+00) (0, 0, 0.00000000000000000000e+00) (0, 0, 0.00000000000000000000e+00) (0, 0, 0.00000000000000000000e+00) (7, 3, 5.00000000000000000000e-01) (7, 3, 5.00000000000000000000e-01) (7, 3, 5.00000000000000000000e-01) (7, 3, 5.00000000000000000000e-01) (7, 3, 5.00000000000000000000e-01) (7, 3, 5.00000000000000000000e-01) (7, 3, 5.00000000000000000000e-01) (7, 3, 5.00000000000000000000e-01) (0, 3, 0.00000000000000000000e+00) (9, 0, 5.00000000000000000000e-01) (0, 0, 0.00000000000000000000e+00) 
connections (connected_to_neuron, weight)=(0, -3.98627586364746093750e+01) (1, -1.66353237628936767578e+00) (2, -7.75827178955078125000e+01) (3, -4.72261476516723632812e+00) (4, -1.17250814437866210938e+01) (5, -2.11927471160888671875e+01) (6, -9.20972406864166259766e-01) (0, -3.78280677795410156250e+01) (1, -1.71293783187866210938e+00) (2, -7.62486572265625000000e+01) (3, -4.82699251174926757812e+00) (4, -1.16579771041870117188e+01) (5, -2.12841606140136718750e+01) (6, -8.26908290386199951172e-01) (0, -3.71256370544433593750e+01) (1, -1.31231760978698730469e+00) (2, -2.69755935668945312500e+01) (3, -2.08124904632568359375e+01) (4, -6.63963890075683593750e+00) (5, -1.53523445129394531250e+01) (6, -7.95106291770935058594e-01) (0, -1.37264385819435119629e-01) (1, 3.85976850986480712891e-01) (2, -2.61743754148483276367e-01) (3, -1.03292353451251983643e-01) (4, 3.27779322862625122070e-01) (5, -3.13725262880325317383e-01) (6, 4.27991724014282226562e+00) (0, 6.61591053009033203125e-01) (1, -6.19275510311126708984e-01) (2, -2.55979347229003906250e+00) (3, -3.53349894285202026367e-01) (4, 6.18592309951782226562e+00) (5, -5.26847887039184570312e+00) (6, -1.41593303680419921875e+01) (0, 2.15896296501159667969e+00) (1, -9.48335886001586914062e-01) (2, -5.60803794860839843750e+00) (3, -2.12013931274414062500e+01) (4, 1.04500923156738281250e+01) (5, -1.02365074157714843750e+01) (6, -3.71079742908477783203e-01) (0, -3.99426460266113281250e+01) (1, -1.65509045124053955078e+00) (2, -7.77062377929687500000e+01) (3, -4.75487184524536132812e+00) (4, -1.16639413833618164062e+01) (5, -2.13270168304443359375e+01) (6, -9.23221528530120849609e-01) (0, 2.41741940379142761230e-01) (1, -1.80826764553785324097e-02) (2, 4.00405377149581909180e-01) (3, -5.86985230445861816406e-01) (4, 2.05112624168395996094e+00) (5, -1.02326953411102294922e+00) (6, 2.65674042701721191406e+00) (7, -1.50000000000000000000e+03) (8, -1.50000000000000000000e+03) (9, -1.13754541015625000000e+03) (10, -1.03134118020534515381e-01) (11, 1.85854267328977584839e-02) (12, 2.27977943420410156250e+00) (13, -1.50000000000000000000e+03) (14, -4.44716900587081909180e-01) (15, 5.40711283683776855469e-01) 
