FANN_FLO_2.1
num_layers=3
learning_rate=0.500000
connection_rate=1.000000
network_type=0
learning_momentum=0.000000
training_algorithm=2
train_error_function=1
train_stop_function=0
cascade_output_change_fraction=0.010000
quickprop_decay=-0.000100
quickprop_mu=1.750000
rprop_increase_factor=1.200000
rprop_decrease_factor=0.500000
rprop_delta_min=0.000000
rprop_delta_max=50.000000
rprop_delta_zero=0.100000
cascade_output_stagnation_epochs=12
cascade_candidate_change_fraction=0.010000
cascade_candidate_stagnation_epochs=12
cascade_max_out_epochs=150
cascade_min_out_epochs=50
cascade_max_cand_epochs=150
cascade_min_cand_epochs=50
cascade_num_candidate_groups=2
bit_fail_limit=3.49999994039535522461e-01
cascade_candidate_limit=1.00000000000000000000e+03
cascade_weight_multiplier=4.00000005960464477539e-01
cascade_activation_functions_count=10
cascade_activation_functions=3 5 7 8 10 11 14 15 16 17 
cascade_activation_steepnesses_count=4
cascade_activation_steepnesses=2.50000000000000000000e-01 5.00000000000000000000e-01 7.50000000000000000000e-01 1.00000000000000000000e+00 
layer_sizes=3 9 4 
scale_included=0
neurons (num_inputs, activation_function, activation_steepness)=(0, 0, 0.00000000000000000000e+00) (0, 0, 0.00000000000000000000e+00) (0, 0, 0.00000000000000000000e+00) (3, 3, 5.00000000000000000000e-01) (3, 3, 5.00000000000000000000e-01) (3, 3, 5.00000000000000000000e-01) (3, 3, 5.00000000000000000000e-01) (3, 3, 5.00000000000000000000e-01) (3, 3, 5.00000000000000000000e-01) (3, 3, 5.00000000000000000000e-01) (3, 3, 5.00000000000000000000e-01) (0, 3, 0.00000000000000000000e+00) (9, 0, 5.00000000000000000000e-01) (9, 0, 5.00000000000000000000e-01) (9, 0, 5.00000000000000000000e-01) (0, 0, 0.00000000000000000000e+00) 
connections (connected_to_neuron, weight)=(0, -2.56967997550964355469e+00) (1, -6.92126393318176269531e-01) (2, 5.37317097187042236328e-01) (0, -8.50180530548095703125e+00) (1, 3.54644513130187988281e+00) (2, -1.73575890064239501953e+00) (0, -8.48154354095458984375e+00) (1, 5.37459182739257812500e+00) (2, 4.56242179870605468750e+00) (0, -6.99157333374023437500e+00) (1, 5.20544719696044921875e+00) (2, 9.57522296905517578125e+00) (0, -8.60043239593505859375e+00) (1, 5.17695093154907226562e+00) (2, 9.62361991405487060547e-01) (0, -1.47300922870635986328e+00) (1, -2.45998024940490722656e+00) (2, 4.20882731676101684570e-01) (0, -7.49946689605712890625e+00) (1, 7.98544883728027343750e+00) (2, 3.52076148986816406250e+00) (0, -6.08329153060913085938e+00) (1, 3.85763573646545410156e+00) (2, 1.02158927917480468750e+01) (3, 2.89152932167053222656e+00) (4, 1.72198593616485595703e+00) (5, 5.88093817234039306641e-01) (6, 3.42032164335250854492e-01) (7, 4.43130522966384887695e-01) (8, 3.07548975944519042969e+00) (9, 1.04722404479980468750e+00) (10, 4.99700486660003662109e-01) (11, 5.71184098720550537109e-01) (3, 8.39125633239746093750e+00) (4, 3.16727256774902343750e+00) (5, 2.28617382049560546875e+00) (6, 2.22418737411499023438e+00) (7, 2.24368739128112792969e+00) (8, 9.08483409881591796875e+00) (9, 2.62622117996215820312e+00) (10, 2.21667861938476562500e+00) (11, 2.33855199813842773438e+00) (3, 2.70492496490478515625e+01) (4, 9.25072860717773437500e+00) (5, 7.42039489746093750000e+00) (6, 7.20335769653320312500e+00) (7, 7.32699918746948242188e+00) (8, 2.91151313781738281250e+01) (9, 7.80828094482421875000e+00) (10, 8.72423553466796875000e+00) (11, 1.17512712478637695312e+01) 
