FANN_FLO_2.1
num_layers=4
learning_rate=0.450000
connection_rate=1.000000
network_type=0
learning_momentum=0.000000
training_algorithm=2
train_error_function=1
train_stop_function=0
cascade_output_change_fraction=0.010000
quickprop_decay=-0.000100
quickprop_mu=1.750000
rprop_increase_factor=1.200000
rprop_decrease_factor=0.500000
rprop_delta_min=0.000000
rprop_delta_max=50.000000
rprop_delta_zero=0.100000
cascade_output_stagnation_epochs=12
cascade_candidate_change_fraction=0.010000
cascade_candidate_stagnation_epochs=12
cascade_max_out_epochs=150
cascade_min_out_epochs=50
cascade_max_cand_epochs=150
cascade_min_cand_epochs=50
cascade_num_candidate_groups=2
bit_fail_limit=3.49999994039535522461e-01
cascade_candidate_limit=1.00000000000000000000e+03
cascade_weight_multiplier=4.00000005960464477539e-01
cascade_activation_functions_count=10
cascade_activation_functions=3 5 7 8 10 11 14 15 16 17 
cascade_activation_steepnesses_count=4
cascade_activation_steepnesses=2.50000000000000000000e-01 5.00000000000000000000e-01 7.50000000000000000000e-01 1.00000000000000000000e+00 
layer_sizes=7 5 5 2 
scale_included=0
neurons (num_inputs, activation_function, activation_steepness)=(0, 0, 0.00000000000000000000e+00) (0, 0, 0.00000000000000000000e+00) (0, 0, 0.00000000000000000000e+00) (0, 0, 0.00000000000000000000e+00) (0, 0, 0.00000000000000000000e+00) (0, 0, 0.00000000000000000000e+00) (0, 0, 0.00000000000000000000e+00) (7, 3, 5.00000000000000000000e-01) (7, 3, 5.00000000000000000000e-01) (7, 3, 5.00000000000000000000e-01) (7, 3, 5.00000000000000000000e-01) (0, 3, 0.00000000000000000000e+00) (5, 3, 5.00000000000000000000e-01) (5, 3, 5.00000000000000000000e-01) (5, 3, 5.00000000000000000000e-01) (5, 3, 5.00000000000000000000e-01) (0, 3, 0.00000000000000000000e+00) (5, 0, 5.00000000000000000000e-01) (0, 0, 0.00000000000000000000e+00) 
connections (connected_to_neuron, weight)=(0, -7.00697481632232666016e-01) (1, 5.69942741394042968750e+01) (2, -4.95250930786132812500e+01) (3, 1.31961441040039062500e+00) (4, 3.98316478729248046875e+00) (5, 8.75166130065917968750e+00) (6, 1.91080796718597412109e+00) (0, 3.23199555277824401855e-02) (1, 2.35959672927856445312e+00) (2, -2.07020640373229980469e+00) (3, 3.64152103662490844727e-01) (4, 6.44150614738464355469e-01) (5, -1.23953640460968017578e+00) (6, 1.07387220859527587891e+00) (0, -3.41795806884765625000e+01) (1, 1.18718315124511718750e+02) (2, -7.09664001464843750000e+01) (3, -1.06600618362426757812e+00) (4, 3.24906229972839355469e+00) (5, -6.63201093673706054688e+00) (6, 3.61719608306884765625e+00) (0, -5.95351743698120117188e+00) (1, 2.79710693359375000000e+02) (2, -2.13002227783203125000e+02) (3, 8.75102877616882324219e-01) (4, 3.01655912399291992188e+00) (5, -1.18454121053218841553e-01) (6, 1.95567047595977783203e+00) (7, -2.97974014282226562500e+00) (8, -2.05411815643310546875e+01) (9, 2.63056421279907226562e+00) (10, 2.12608933448791503906e+00) (11, -3.61536532640457153320e-01) (7, -1.66111552715301513672e+00) (8, -2.37211475372314453125e+01) (9, 1.20808526873588562012e-01) (10, 1.11330664157867431641e+00) (11, -3.65261137485504150391e-01) (7, -1.67571010589599609375e+01) (8, -1.11389646530151367188e+01) (9, 1.25114612579345703125e+01) (10, 9.55538272857666015625e+00) (11, -2.12273502349853515625e+00) (7, -3.01588916778564453125e+00) (8, -1.39510955810546875000e+02) (9, -1.77268040180206298828e+00) (10, -4.77295935153961181641e-01) (11, -1.84758913516998291016e+00) (12, 4.13861572742462158203e-01) (13, 1.15378603339195251465e-01) (14, 3.26274335384368896484e-03) (15, -2.66664266586303710938e-01) (16, 7.12999328970909118652e-03) 
