FANN_FLO_2.1
num_layers=3
learning_rate=0.400000
connection_rate=1.000000
network_type=0
learning_momentum=0.000000
training_algorithm=2
train_error_function=1
train_stop_function=0
cascade_output_change_fraction=0.010000
quickprop_decay=-0.000100
quickprop_mu=1.750000
rprop_increase_factor=1.200000
rprop_decrease_factor=0.500000
rprop_delta_min=0.000000
rprop_delta_max=50.000000
rprop_delta_zero=0.100000
cascade_output_stagnation_epochs=12
cascade_candidate_change_fraction=0.010000
cascade_candidate_stagnation_epochs=12
cascade_max_out_epochs=150
cascade_min_out_epochs=50
cascade_max_cand_epochs=150
cascade_min_cand_epochs=50
cascade_num_candidate_groups=2
bit_fail_limit=3.49999994039535522461e-01
cascade_candidate_limit=1.00000000000000000000e+03
cascade_weight_multiplier=4.00000005960464477539e-01
cascade_activation_functions_count=10
cascade_activation_functions=3 5 7 8 10 11 14 15 16 17 
cascade_activation_steepnesses_count=4
cascade_activation_steepnesses=2.50000000000000000000e-01 5.00000000000000000000e-01 7.50000000000000000000e-01 1.00000000000000000000e+00 
layer_sizes=6 5 2 
scale_included=0
neurons (num_inputs, activation_function, activation_steepness)=(0, 0, 0.00000000000000000000e+00) (0, 0, 0.00000000000000000000e+00) (0, 0, 0.00000000000000000000e+00) (0, 0, 0.00000000000000000000e+00) (0, 0, 0.00000000000000000000e+00) (0, 0, 0.00000000000000000000e+00) (6, 3, 5.00000000000000000000e-01) (6, 3, 5.00000000000000000000e-01) (6, 3, 5.00000000000000000000e-01) (6, 3, 5.00000000000000000000e-01) (0, 3, 0.00000000000000000000e+00) (5, 0, 5.00000000000000000000e-01) (0, 0, 0.00000000000000000000e+00) 
connections (connected_to_neuron, weight)=(0, -3.69433784484863281250e+00) (1, -3.85505050420761108398e-01) (2, 2.26700514554977416992e-01) (3, -1.82578945159912109375e+00) (4, 3.39830160140991210938e-01) (5, -9.29116666316986083984e-01) (0, -2.32505874633789062500e+01) (1, -4.72037839889526367188e+00) (2, -1.42040586471557617188e+00) (3, -1.01352977752685546875e+00) (4, 2.33020734786987304688e+00) (5, -2.03674697875976562500e+00) (0, -3.26475524902343750000e+01) (1, -1.77108860015869140625e+00) (2, -5.32908380031585693359e-01) (3, -9.51797723770141601562e-01) (4, 4.90636855363845825195e-01) (5, -8.99592041969299316406e-01) (0, -2.92679977416992187500e+01) (1, -6.68563842773437500000e-01) (2, 3.81590068340301513672e-01) (3, -1.82789325714111328125e+00) (4, -8.83164525032043457031e-01) (5, -1.60685026645660400391e+00) (6, 7.13221192359924316406e-01) (7, 3.61523222923278808594e+00) (8, 7.22768545150756835938e-01) (9, 1.11556017398834228516e+00) (10, 4.81489956378936767578e-01) 
