FANN_FLO_2.1
num_layers=4
learning_rate=0.450000
connection_rate=1.000000
network_type=0
learning_momentum=0.000000
training_algorithm=2
train_error_function=1
train_stop_function=0
cascade_output_change_fraction=0.010000
quickprop_decay=-0.000100
quickprop_mu=1.750000
rprop_increase_factor=1.200000
rprop_decrease_factor=0.500000
rprop_delta_min=0.000000
rprop_delta_max=50.000000
rprop_delta_zero=0.100000
cascade_output_stagnation_epochs=12
cascade_candidate_change_fraction=0.010000
cascade_candidate_stagnation_epochs=12
cascade_max_out_epochs=150
cascade_min_out_epochs=50
cascade_max_cand_epochs=150
cascade_min_cand_epochs=50
cascade_num_candidate_groups=2
bit_fail_limit=3.49999994039535522461e-01
cascade_candidate_limit=1.00000000000000000000e+03
cascade_weight_multiplier=4.00000005960464477539e-01
cascade_activation_functions_count=10
cascade_activation_functions=3 5 7 8 10 11 14 15 16 17 
cascade_activation_steepnesses_count=4
cascade_activation_steepnesses=2.50000000000000000000e-01 5.00000000000000000000e-01 7.50000000000000000000e-01 1.00000000000000000000e+00 
layer_sizes=7 3 3 2 
scale_included=0
neurons (num_inputs, activation_function, activation_steepness)=(0, 0, 0.00000000000000000000e+00) (0, 0, 0.00000000000000000000e+00) (0, 0, 0.00000000000000000000e+00) (0, 0, 0.00000000000000000000e+00) (0, 0, 0.00000000000000000000e+00) (0, 0, 0.00000000000000000000e+00) (0, 0, 0.00000000000000000000e+00) (7, 3, 5.00000000000000000000e-01) (7, 3, 5.00000000000000000000e-01) (0, 3, 0.00000000000000000000e+00) (3, 3, 5.00000000000000000000e-01) (3, 3, 5.00000000000000000000e-01) (0, 3, 0.00000000000000000000e+00) (3, 0, 5.00000000000000000000e-01) (0, 0, 0.00000000000000000000e+00) 
connections (connected_to_neuron, weight)=(0, 4.37905013561248779297e-01) (1, 5.26511907577514648438e-01) (2, -1.31371712684631347656e+00) (3, 4.56190496683120727539e-01) (4, 5.45123100280761718750e-01) (5, -9.19748783111572265625e-01) (6, 7.36509144306182861328e-01) (0, 3.96041154861450195312e-01) (1, 1.34012115001678466797e+00) (2, -1.12600934505462646484e+00) (3, 2.93285906314849853516e-01) (4, 7.76231586933135986328e-01) (5, -1.23632872104644775391e+00) (6, -8.65879440307617187500e+00) (7, -4.33645009994506835938e+00) (8, -3.56468367576599121094e+00) (9, 1.73523664474487304688e+00) (7, -3.02601108551025390625e+01) (8, -5.13698577880859375000e+01) (9, 1.37885694503784179688e+01) (10, 6.97686970233917236328e-02) (11, 1.05383002758026123047e+00) (12, 7.08432076498866081238e-03) 
