FANN_FLO_2.1
num_layers=3
learning_rate=0.500000
connection_rate=1.000000
network_type=0
learning_momentum=0.000000
training_algorithm=2
train_error_function=1
train_stop_function=0
cascade_output_change_fraction=0.010000
quickprop_decay=-0.000100
quickprop_mu=1.750000
rprop_increase_factor=1.200000
rprop_decrease_factor=0.500000
rprop_delta_min=0.000000
rprop_delta_max=50.000000
rprop_delta_zero=0.100000
cascade_output_stagnation_epochs=12
cascade_candidate_change_fraction=0.010000
cascade_candidate_stagnation_epochs=12
cascade_max_out_epochs=150
cascade_min_out_epochs=50
cascade_max_cand_epochs=150
cascade_min_cand_epochs=50
cascade_num_candidate_groups=2
bit_fail_limit=3.49999994039535522461e-01
cascade_candidate_limit=1.00000000000000000000e+03
cascade_weight_multiplier=4.00000005960464477539e-01
cascade_activation_functions_count=10
cascade_activation_functions=3 5 7 8 10 11 14 15 16 17 
cascade_activation_steepnesses_count=4
cascade_activation_steepnesses=2.50000000000000000000e-01 5.00000000000000000000e-01 7.50000000000000000000e-01 1.00000000000000000000e+00 
layer_sizes=10 5 2 
scale_included=0
neurons (num_inputs, activation_function, activation_steepness)=(0, 0, 0.00000000000000000000e+00) (0, 0, 0.00000000000000000000e+00) (0, 0, 0.00000000000000000000e+00) (0, 0, 0.00000000000000000000e+00) (0, 0, 0.00000000000000000000e+00) (0, 0, 0.00000000000000000000e+00) (0, 0, 0.00000000000000000000e+00) (0, 0, 0.00000000000000000000e+00) (0, 0, 0.00000000000000000000e+00) (0, 0, 0.00000000000000000000e+00) (10, 3, 5.00000000000000000000e-01) (10, 3, 5.00000000000000000000e-01) (10, 3, 5.00000000000000000000e-01) (10, 3, 5.00000000000000000000e-01) (0, 3, 0.00000000000000000000e+00) (5, 3, 5.00000000000000000000e-01) (0, 3, 0.00000000000000000000e+00) 
connections (connected_to_neuron, weight)=(0, -4.34932947158813476562e-01) (1, -4.44276273250579833984e-01) (2, -4.56968486309051513672e-01) (3, -3.58985453844070434570e-01) (4, -4.04683530330657958984e-01) (5, -3.54558825492858886719e-01) (6, -4.63151305913925170898e-01) (7, -3.99170458316802978516e-01) (8, -3.82440924644470214844e-01) (9, 1.25652062892913818359e+00) (0, -4.15698796510696411133e-01) (1, -3.89456897974014282227e-01) (2, 1.47194534540176391602e-01) (3, -4.88252013921737670898e-01) (4, -4.91412252187728881836e-01) (5, -5.59662938117980957031e-01) (6, 4.90637868642807006836e-02) (7, -4.36869561672210693359e-01) (8, -4.90722477436065673828e-01) (9, 2.20745220780372619629e-01) (0, 1.50000000000000000000e+03) (1, 1.50000000000000000000e+03) (2, 1.50000000000000000000e+03) (3, 1.50000000000000000000e+03) (4, 1.50000000000000000000e+03) (5, 1.50000000000000000000e+03) (6, 1.50000000000000000000e+03) (7, 1.50000000000000000000e+03) (8, 1.50000000000000000000e+03) (9, 3.97886123657226562500e+01) (0, 1.44990548491477966309e-01) (1, -4.39607538282871246338e-02) (2, 5.80728650093078613281e-01) (3, 3.93802762031555175781e-01) (4, 8.52029770612716674805e-02) (5, 5.77988147735595703125e-01) (6, 5.21155536174774169922e-01) (7, 4.82622653245925903320e-01) (8, 4.56876784563064575195e-01) (9, 3.29346448183059692383e-01) (10, -4.15849399566650390625e+00) (11, -6.77100241184234619141e-01) (12, 6.03840172290802001953e-01) (13, 6.15543067455291748047e-01) (14, 4.94892388582229614258e-01) 
