FANN_FLO_2.1
num_layers=4
learning_rate=0.300000
connection_rate=1.000000
network_type=0
learning_momentum=0.000000
training_algorithm=2
train_error_function=1
train_stop_function=0
cascade_output_change_fraction=0.010000
quickprop_decay=-0.000100
quickprop_mu=1.750000
rprop_increase_factor=1.200000
rprop_decrease_factor=0.500000
rprop_delta_min=0.000000
rprop_delta_max=50.000000
rprop_delta_zero=0.100000
cascade_output_stagnation_epochs=12
cascade_candidate_change_fraction=0.010000
cascade_candidate_stagnation_epochs=12
cascade_max_out_epochs=150
cascade_min_out_epochs=50
cascade_max_cand_epochs=150
cascade_min_cand_epochs=50
cascade_num_candidate_groups=2
bit_fail_limit=3.49999994039535522461e-01
cascade_candidate_limit=1.00000000000000000000e+03
cascade_weight_multiplier=4.00000005960464477539e-01
cascade_activation_functions_count=10
cascade_activation_functions=3 5 7 8 10 11 14 15 16 17 
cascade_activation_steepnesses_count=4
cascade_activation_steepnesses=2.50000000000000000000e-01 5.00000000000000000000e-01 7.50000000000000000000e-01 1.00000000000000000000e+00 
layer_sizes=2 5 5 3 
scale_included=0
neurons (num_inputs, activation_function, activation_steepness)=(0, 0, 0.00000000000000000000e+00) (0, 0, 0.00000000000000000000e+00) (2, 3, 5.00000000000000000000e-01) (2, 3, 5.00000000000000000000e-01) (2, 3, 5.00000000000000000000e-01) (2, 3, 5.00000000000000000000e-01) (0, 3, 0.00000000000000000000e+00) (5, 3, 5.00000000000000000000e-01) (5, 3, 5.00000000000000000000e-01) (5, 3, 5.00000000000000000000e-01) (5, 3, 5.00000000000000000000e-01) (0, 3, 0.00000000000000000000e+00) (5, 0, 5.00000000000000000000e-01) (5, 0, 5.00000000000000000000e-01) (0, 0, 0.00000000000000000000e+00) 
connections (connected_to_neuron, weight)=(0, -1.56943273544311523438e+00) (1, -4.20308303833007812500e+00) (0, -4.60991134643554687500e+01) (1, 9.06745016574859619141e-01) (0, -4.33438968658447265625e+00) (1, -2.23159623146057128906e+00) (0, 7.77992858886718750000e+01) (1, -2.76037715375423431396e-02) (2, -2.24039182066917419434e-01) (3, -5.07777154445648193359e-01) (4, 3.68867181241512298584e-02) (5, 1.12024843692779541016e+00) (6, -4.55746293067932128906e-01) (2, 3.76013803482055664062e+00) (3, 6.61952435970306396484e-01) (4, -2.27344083786010742188e+00) (5, -4.01419353485107421875e+00) (6, -1.30660995841026306152e-01) (2, 1.87056887149810791016e+00) (3, 5.79885482788085937500e-01) (4, -2.01388621330261230469e+00) (5, -3.54898762702941894531e+00) (6, -1.10581784974783658981e-03) (2, 2.88988018035888671875e+00) (3, 2.11811542510986328125e-01) (4, -5.82203567028045654297e-01) (5, -2.15533447265625000000e+00) (6, 1.18864051997661590576e-01) (7, -4.62700456380844116211e-01) (8, 5.63238501548767089844e-01) (9, 2.51497983932495117188e-01) (10, -2.45270747691392898560e-02) (11, -1.22037664055824279785e-01) (7, -5.44982910156250000000e-01) (8, -1.06557857990264892578e+00) (9, -8.95328700542449951172e-01) (10, -6.43313109874725341797e-01) (11, -5.66739797592163085938e-01) 
