FANN_FLO_2.1
num_layers=4
learning_rate=0.500000
connection_rate=1.000000
network_type=0
learning_momentum=0.000000
training_algorithm=2
train_error_function=1
train_stop_function=0
cascade_output_change_fraction=0.010000
quickprop_decay=-0.000100
quickprop_mu=1.750000
rprop_increase_factor=1.200000
rprop_decrease_factor=0.500000
rprop_delta_min=0.000000
rprop_delta_max=50.000000
rprop_delta_zero=0.100000
cascade_output_stagnation_epochs=12
cascade_candidate_change_fraction=0.010000
cascade_candidate_stagnation_epochs=12
cascade_max_out_epochs=150
cascade_min_out_epochs=50
cascade_max_cand_epochs=150
cascade_min_cand_epochs=50
cascade_num_candidate_groups=2
bit_fail_limit=3.49999994039535522461e-01
cascade_candidate_limit=1.00000000000000000000e+03
cascade_weight_multiplier=4.00000005960464477539e-01
cascade_activation_functions_count=10
cascade_activation_functions=3 5 7 8 10 11 14 15 16 17 
cascade_activation_steepnesses_count=4
cascade_activation_steepnesses=2.50000000000000000000e-01 5.00000000000000000000e-01 7.50000000000000000000e-01 1.00000000000000000000e+00 
layer_sizes=18 3 3 2 
scale_included=0
neurons (num_inputs, activation_function, activation_steepness)=(0, 0, 0.00000000000000000000e+00) (0, 0, 0.00000000000000000000e+00) (0, 0, 0.00000000000000000000e+00) (0, 0, 0.00000000000000000000e+00) (0, 0, 0.00000000000000000000e+00) (0, 0, 0.00000000000000000000e+00) (0, 0, 0.00000000000000000000e+00) (0, 0, 0.00000000000000000000e+00) (0, 0, 0.00000000000000000000e+00) (0, 0, 0.00000000000000000000e+00) (0, 0, 0.00000000000000000000e+00) (0, 0, 0.00000000000000000000e+00) (0, 0, 0.00000000000000000000e+00) (0, 0, 0.00000000000000000000e+00) (0, 0, 0.00000000000000000000e+00) (0, 0, 0.00000000000000000000e+00) (0, 0, 0.00000000000000000000e+00) (0, 0, 0.00000000000000000000e+00) (18, 3, 5.00000000000000000000e-01) (18, 3, 5.00000000000000000000e-01) (0, 3, 0.00000000000000000000e+00) (3, 3, 5.00000000000000000000e-01) (3, 3, 5.00000000000000000000e-01) (0, 3, 0.00000000000000000000e+00) (3, 0, 5.00000000000000000000e-01) (0, 0, 0.00000000000000000000e+00) 
connections (connected_to_neuron, weight)=(0, 8.29233467578887939453e-01) (1, 1.39046120643615722656e+00) (2, 5.53109228610992431641e-01) (3, 1.27686095237731933594e+00) (4, 4.97267782688140869141e-01) (5, -6.49836599826812744141e-01) (6, -1.32792484760284423828e+00) (7, -9.67415869235992431641e-01) (8, 2.74182587862014770508e-01) (9, 8.46178591251373291016e-01) (10, 9.06673133373260498047e-01) (11, 1.35434496402740478516e+00) (12, 9.04530882835388183594e-01) (13, 1.19746232032775878906e+00) (14, 1.02098441123962402344e+00) (15, 1.20504939556121826172e+00) (16, 1.08733689785003662109e+00) (17, -4.95805168151855468750e+00) (0, 4.46877908706665039062e+00) (1, -2.62892951965332031250e+01) (2, -4.09297607421875000000e+02) (3, 6.15877246856689453125e+00) (4, -8.23907699584960937500e+01) (5, -4.17546577453613281250e+01) (6, 3.65180130004882812500e+01) (7, 1.14192466735839843750e+02) (8, 1.50000000000000000000e+03) (9, 1.11068296432495117188e+00) (10, 7.54649887084960937500e+01) (11, -4.34377136230468750000e+01) (12, -3.14376068115234375000e+01) (13, 1.14770421981811523438e+01) (14, 1.52073688507080078125e+01) (15, 1.37747135162353515625e+01) (16, -3.39601588249206542969e+00) (17, 5.68656158447265625000e+00) (18, 1.50000000000000000000e+03) (19, 2.60158419609069824219e+00) (20, 1.26975548267364501953e+00) (18, 5.10680484771728515625e+00) (19, -4.09081816673278808594e-01) (20, -1.23987543582916259766e+00) (21, 1.30268549919128417969e+00) (22, 1.02511777877807617188e+01) (23, 1.30017924308776855469e+00) 
