FANN_FLO_2.1
num_layers=4
learning_rate=0.450000
connection_rate=1.000000
network_type=0
learning_momentum=0.000000
training_algorithm=2
train_error_function=1
train_stop_function=0
cascade_output_change_fraction=0.010000
quickprop_decay=-0.000100
quickprop_mu=1.750000
rprop_increase_factor=1.200000
rprop_decrease_factor=0.500000
rprop_delta_min=0.000000
rprop_delta_max=50.000000
rprop_delta_zero=0.100000
cascade_output_stagnation_epochs=12
cascade_candidate_change_fraction=0.010000
cascade_candidate_stagnation_epochs=12
cascade_max_out_epochs=150
cascade_min_out_epochs=50
cascade_max_cand_epochs=150
cascade_min_cand_epochs=50
cascade_num_candidate_groups=2
bit_fail_limit=3.49999994039535522461e-01
cascade_candidate_limit=1.00000000000000000000e+03
cascade_weight_multiplier=4.00000005960464477539e-01
cascade_activation_functions_count=10
cascade_activation_functions=3 5 7 8 10 11 14 15 16 17 
cascade_activation_steepnesses_count=4
cascade_activation_steepnesses=2.50000000000000000000e-01 5.00000000000000000000e-01 7.50000000000000000000e-01 1.00000000000000000000e+00 
layer_sizes=7 3 3 2 
scale_included=0
neurons (num_inputs, activation_function, activation_steepness)=(0, 0, 0.00000000000000000000e+00) (0, 0, 0.00000000000000000000e+00) (0, 0, 0.00000000000000000000e+00) (0, 0, 0.00000000000000000000e+00) (0, 0, 0.00000000000000000000e+00) (0, 0, 0.00000000000000000000e+00) (0, 0, 0.00000000000000000000e+00) (7, 3, 5.00000000000000000000e-01) (7, 3, 5.00000000000000000000e-01) (0, 3, 0.00000000000000000000e+00) (3, 3, 5.00000000000000000000e-01) (3, 3, 5.00000000000000000000e-01) (0, 3, 0.00000000000000000000e+00) (3, 0, 5.00000000000000000000e-01) (0, 0, 0.00000000000000000000e+00) 
connections (connected_to_neuron, weight)=(0, -3.26002311706542968750e+01) (1, -1.49976367187500000000e+03) (2, 1.02772900390625000000e+03) (3, 7.44044446945190429688e+00) (4, -1.49988403320312500000e+03) (5, 1.48903198242187500000e+03) (6, 1.80961751937866210938e+00) (0, 1.19067443847656250000e+02) (1, -1.50000000000000000000e+03) (2, 8.18058593750000000000e+02) (3, 2.12267456054687500000e+02) (4, -1.50000000000000000000e+03) (5, 1.31731396484375000000e+03) (6, -7.80407524108886718750e+00) (7, -5.67193090915679931641e-01) (8, 7.50657701492309570312e+00) (9, -3.35301232337951660156e+00) (7, 4.15846435546875000000e+02) (8, 1.97779691219329833984e+00) (9, -8.85696887969970703125e-01) (10, -7.99003243446350097656e-02) (11, 1.89920008182525634766e-01) (12, -3.61316055059432983398e-02) 
