FANN_FLO_2.1
num_layers=4
learning_rate=0.500000
connection_rate=1.000000
network_type=0
learning_momentum=0.000000
training_algorithm=2
train_error_function=1
train_stop_function=0
cascade_output_change_fraction=0.010000
quickprop_decay=-0.000100
quickprop_mu=1.750000
rprop_increase_factor=1.200000
rprop_decrease_factor=0.500000
rprop_delta_min=0.000000
rprop_delta_max=50.000000
rprop_delta_zero=0.100000
cascade_output_stagnation_epochs=12
cascade_candidate_change_fraction=0.010000
cascade_candidate_stagnation_epochs=12
cascade_max_out_epochs=150
cascade_min_out_epochs=50
cascade_max_cand_epochs=150
cascade_min_cand_epochs=50
cascade_num_candidate_groups=2
bit_fail_limit=3.49999994039535522461e-01
cascade_candidate_limit=1.00000000000000000000e+03
cascade_weight_multiplier=4.00000005960464477539e-01
cascade_activation_functions_count=10
cascade_activation_functions=3 5 7 8 10 11 14 15 16 17 
cascade_activation_steepnesses_count=4
cascade_activation_steepnesses=2.50000000000000000000e-01 5.00000000000000000000e-01 7.50000000000000000000e-01 1.00000000000000000000e+00 
layer_sizes=4 5 3 2 
scale_included=0
neurons (num_inputs, activation_function, activation_steepness)=(0, 0, 0.00000000000000000000e+00) (0, 0, 0.00000000000000000000e+00) (0, 0, 0.00000000000000000000e+00) (0, 0, 0.00000000000000000000e+00) (4, 3, 5.00000000000000000000e-01) (4, 3, 5.00000000000000000000e-01) (4, 3, 5.00000000000000000000e-01) (4, 3, 5.00000000000000000000e-01) (0, 3, 0.00000000000000000000e+00) (5, 3, 5.00000000000000000000e-01) (5, 3, 5.00000000000000000000e-01) (0, 3, 0.00000000000000000000e+00) (3, 3, 5.00000000000000000000e-01) (0, 3, 0.00000000000000000000e+00) 
connections (connected_to_neuron, weight)=(0, -5.08382511138916015625e+00) (1, -1.04610383510589599609e+00) (2, -2.38740801811218261719e+00) (3, 3.94717621803283691406e+00) (0, -6.50696814060211181641e-01) (1, -2.21970043182373046875e+01) (2, 6.31394481658935546875e+00) (3, 2.93168997764587402344e+00) (0, -4.38664579391479492188e+00) (1, -9.51993274688720703125e+00) (2, 9.58041250705718994141e-01) (3, 4.36268758773803710938e+00) (0, -5.18308162689208984375e-01) (1, -1.03024841308593750000e+02) (2, 1.23677825927734375000e+01) (3, 2.94393014907836914062e+00) (4, 1.80977764129638671875e+01) (5, 3.44674420356750488281e+00) (6, 7.63800716400146484375e+00) (7, 5.29241847991943359375e+00) (8, -7.57104873657226562500e+00) (4, 1.07111349105834960938e+01) (5, 1.97919404506683349609e+00) (6, -2.85648803710937500000e+01) (7, 1.36649262905120849609e+00) (8, -2.47802305221557617188e+00) (9, -4.89554643630981445312e+00) (10, -4.31945753097534179688e+00) (11, 2.69400930404663085938e+00) 
