FANN_FLO_2.1
num_layers=3
learning_rate=0.500000
connection_rate=1.000000
network_type=0
learning_momentum=0.000000
training_algorithm=2
train_error_function=1
train_stop_function=0
cascade_output_change_fraction=0.010000
quickprop_decay=-0.000100
quickprop_mu=1.750000
rprop_increase_factor=1.200000
rprop_decrease_factor=0.500000
rprop_delta_min=0.000000
rprop_delta_max=50.000000
rprop_delta_zero=0.100000
cascade_output_stagnation_epochs=12
cascade_candidate_change_fraction=0.010000
cascade_candidate_stagnation_epochs=12
cascade_max_out_epochs=150
cascade_min_out_epochs=50
cascade_max_cand_epochs=150
cascade_min_cand_epochs=50
cascade_num_candidate_groups=2
bit_fail_limit=3.49999994039535522461e-01
cascade_candidate_limit=1.00000000000000000000e+03
cascade_weight_multiplier=4.00000005960464477539e-01
cascade_activation_functions_count=10
cascade_activation_functions=3 5 7 8 10 11 14 15 16 17 
cascade_activation_steepnesses_count=4
cascade_activation_steepnesses=2.50000000000000000000e-01 5.00000000000000000000e-01 7.50000000000000000000e-01 1.00000000000000000000e+00 
layer_sizes=10 5 2 
scale_included=0
neurons (num_inputs, activation_function, activation_steepness)=(0, 0, 0.00000000000000000000e+00) (0, 0, 0.00000000000000000000e+00) (0, 0, 0.00000000000000000000e+00) (0, 0, 0.00000000000000000000e+00) (0, 0, 0.00000000000000000000e+00) (0, 0, 0.00000000000000000000e+00) (0, 0, 0.00000000000000000000e+00) (0, 0, 0.00000000000000000000e+00) (0, 0, 0.00000000000000000000e+00) (0, 0, 0.00000000000000000000e+00) (10, 3, 5.00000000000000000000e-01) (10, 3, 5.00000000000000000000e-01) (10, 3, 5.00000000000000000000e-01) (10, 3, 5.00000000000000000000e-01) (0, 3, 0.00000000000000000000e+00) (5, 3, 5.00000000000000000000e-01) (0, 3, 0.00000000000000000000e+00) 
connections (connected_to_neuron, weight)=(0, 8.71277809143066406250e-01) (1, 4.15331035852432250977e-01) (2, 5.98854005336761474609e-01) (3, 4.02579754590988159180e-01) (4, -2.45544171333312988281e+00) (5, 5.13133823871612548828e-01) (6, 6.78097546100616455078e-01) (7, 4.48698908090591430664e-01) (8, 4.86472785472869873047e-01) (9, -5.47475516796112060547e-01) (0, 5.87919116020202636719e-01) (1, 9.20903563499450683594e-01) (2, 6.12139284610748291016e-01) (3, 5.58586418628692626953e-01) (4, 4.15240377187728881836e-01) (5, 5.25099754333496093750e-01) (6, 4.60253864526748657227e-01) (7, 6.39641284942626953125e-01) (8, 5.63599884510040283203e-01) (9, -3.17047667503356933594e+00) (0, 9.24039125442504882812e-01) (1, 6.50274932384490966797e-01) (2, 1.22806382179260253906e+00) (3, 6.18430674076080322266e-01) (4, 3.53708207607269287109e-01) (5, 9.31411683559417724609e-01) (6, 9.09486830234527587891e-01) (7, 8.50074946880340576172e-01) (8, 4.98831480741500854492e-01) (9, -2.61861038208007812500e+00) (0, -3.51291328668594360352e-01) (1, -3.49450618028640747070e-01) (2, -3.02858978509902954102e-01) (3, -4.79951173067092895508e-01) (4, -8.35642874240875244141e-01) (5, -3.82024586200714111328e-01) (6, -3.93873810768127441406e-01) (7, -3.92751365900039672852e-01) (8, -5.22397458553314208984e-01) (9, 1.27657556533813476562e+00) (10, 1.96180418133735656738e-01) (11, 7.59945154190063476562e-01) (12, 7.47757017612457275391e-01) (13, -2.35723972320556640625e+00) (14, -1.47281512618064880371e-01) 
