FANN_FLO_2.1
num_layers=3
learning_rate=0.500000
connection_rate=1.000000
network_type=0
learning_momentum=0.000000
training_algorithm=2
train_error_function=1
train_stop_function=0
cascade_output_change_fraction=0.010000
quickprop_decay=-0.000100
quickprop_mu=1.750000
rprop_increase_factor=1.200000
rprop_decrease_factor=0.500000
rprop_delta_min=0.000000
rprop_delta_max=50.000000
rprop_delta_zero=0.100000
cascade_output_stagnation_epochs=12
cascade_candidate_change_fraction=0.010000
cascade_candidate_stagnation_epochs=12
cascade_max_out_epochs=150
cascade_min_out_epochs=50
cascade_max_cand_epochs=150
cascade_min_cand_epochs=50
cascade_num_candidate_groups=2
bit_fail_limit=3.49999994039535522461e-01
cascade_candidate_limit=1.00000000000000000000e+03
cascade_weight_multiplier=4.00000005960464477539e-01
cascade_activation_functions_count=10
cascade_activation_functions=3 5 7 8 10 11 14 15 16 17 
cascade_activation_steepnesses_count=4
cascade_activation_steepnesses=2.50000000000000000000e-01 5.00000000000000000000e-01 7.50000000000000000000e-01 1.00000000000000000000e+00 
layer_sizes=3 5 4 
scale_included=0
neurons (num_inputs, activation_function, activation_steepness)=(0, 0, 0.00000000000000000000e+00) (0, 0, 0.00000000000000000000e+00) (0, 0, 0.00000000000000000000e+00) (3, 3, 5.00000000000000000000e-01) (3, 3, 5.00000000000000000000e-01) (3, 3, 5.00000000000000000000e-01) (3, 3, 5.00000000000000000000e-01) (0, 3, 0.00000000000000000000e+00) (5, 0, 5.00000000000000000000e-01) (5, 0, 5.00000000000000000000e-01) (5, 0, 5.00000000000000000000e-01) (0, 0, 0.00000000000000000000e+00) 
connections (connected_to_neuron, weight)=(0, -3.25745439529418945312e+00) (1, 3.15234112739562988281e+00) (2, 2.01449370384216308594e+00) (0, -1.82417786121368408203e+00) (1, -2.06193161010742187500e+00) (2, 5.67667841911315917969e-01) (0, -3.85011482238769531250e+00) (1, 4.31478232145309448242e-01) (2, -1.23808667063713073730e-01) (0, -1.66366977691650390625e+01) (1, 5.37269210815429687500e+00) (2, 1.09022960662841796875e+01) (3, 2.86407423019409179688e+00) (4, 3.50818276405334472656e+00) (5, 3.61099243164062500000e+00) (6, 9.93409305810928344727e-02) (7, 5.79217255115509033203e-01) (3, 7.29533386230468750000e+00) (4, 1.06596088409423828125e+01) (5, 8.33117961883544921875e+00) (6, 2.91156744956970214844e+00) (7, 3.95747327804565429688e+00) (3, 2.23100833892822265625e+01) (4, 3.41130218505859375000e+01) (5, 2.55382652282714843750e+01) (6, 9.45332145690917968750e+00) (7, 1.93284873962402343750e+01) 
