FANN_FLO_2.1
num_layers=4
learning_rate=0.450000
connection_rate=1.000000
network_type=0
learning_momentum=0.000000
training_algorithm=2
train_error_function=1
train_stop_function=0
cascade_output_change_fraction=0.010000
quickprop_decay=-0.000100
quickprop_mu=1.750000
rprop_increase_factor=1.200000
rprop_decrease_factor=0.500000
rprop_delta_min=0.000000
rprop_delta_max=50.000000
rprop_delta_zero=0.100000
cascade_output_stagnation_epochs=12
cascade_candidate_change_fraction=0.010000
cascade_candidate_stagnation_epochs=12
cascade_max_out_epochs=150
cascade_min_out_epochs=50
cascade_max_cand_epochs=150
cascade_min_cand_epochs=50
cascade_num_candidate_groups=2
bit_fail_limit=3.49999994039535522461e-01
cascade_candidate_limit=1.00000000000000000000e+03
cascade_weight_multiplier=4.00000005960464477539e-01
cascade_activation_functions_count=10
cascade_activation_functions=3 5 7 8 10 11 14 15 16 17 
cascade_activation_steepnesses_count=4
cascade_activation_steepnesses=2.50000000000000000000e-01 5.00000000000000000000e-01 7.50000000000000000000e-01 1.00000000000000000000e+00 
layer_sizes=7 5 3 2 
scale_included=0
neurons (num_inputs, activation_function, activation_steepness)=(0, 0, 0.00000000000000000000e+00) (0, 0, 0.00000000000000000000e+00) (0, 0, 0.00000000000000000000e+00) (0, 0, 0.00000000000000000000e+00) (0, 0, 0.00000000000000000000e+00) (0, 0, 0.00000000000000000000e+00) (0, 0, 0.00000000000000000000e+00) (7, 3, 5.00000000000000000000e-01) (7, 3, 5.00000000000000000000e-01) (7, 3, 5.00000000000000000000e-01) (7, 3, 5.00000000000000000000e-01) (0, 3, 0.00000000000000000000e+00) (5, 3, 5.00000000000000000000e-01) (5, 3, 5.00000000000000000000e-01) (0, 3, 0.00000000000000000000e+00) (3, 0, 5.00000000000000000000e-01) (0, 0, 0.00000000000000000000e+00) 
connections (connected_to_neuron, weight)=(0, -2.96643286943435668945e-01) (1, 1.22329421341419219971e-01) (2, -2.22537517547607421875e+01) (3, -1.91538333892822265625e+00) (4, -2.85995788574218750000e+01) (5, 5.54385757446289062500e+01) (6, 1.55389428138732910156e+00) (0, 3.28948885202407836914e-01) (1, 2.71654546260833740234e-01) (2, -1.06720757484436035156e+00) (3, 3.83062779903411865234e-01) (4, 2.76926904916763305664e-01) (5, -5.41090428829193115234e-01) (6, 1.07096564769744873047e+00) (0, 1.58304393291473388672e-01) (1, 6.28099560737609863281e-01) (2, -7.06399500370025634766e-01) (3, 2.22138687968254089355e-01) (4, 8.90441596508026123047e-01) (5, -1.03574943542480468750e+00) (6, 2.50282943248748779297e-01) (0, 3.26224833726882934570e-01) (1, 5.08848905563354492188e-01) (2, -9.32713687419891357422e-01) (3, 4.05804216861724853516e-01) (4, -3.88417810201644897461e-01) (5, -3.75325739383697509766e-01) (6, 2.59901714324951171875e+00) (7, -2.75710821151733398438e-01) (8, -5.53960204124450683594e-01) (9, 7.58478403091430664062e-01) (10, -1.44896352291107177734e+00) (11, 4.48844224214553833008e-01) (7, 5.32926321029663085938e+00) (8, -3.34128141403198242188e+00) (9, -1.07786779403686523438e+01) (10, -4.84487199783325195312e+00) (11, 2.30264022946357727051e-01) (12, -7.35262930393218994141e-02) (13, 7.93638181686401367188e+00) (14, 3.64266112446784973145e-02) 
