FANN_FLO_2.1
num_layers=3
learning_rate=0.300000
connection_rate=1.000000
network_type=0
learning_momentum=0.000000
training_algorithm=2
train_error_function=1
train_stop_function=0
cascade_output_change_fraction=0.010000
quickprop_decay=-0.000100
quickprop_mu=1.750000
rprop_increase_factor=1.200000
rprop_decrease_factor=0.500000
rprop_delta_min=0.000000
rprop_delta_max=50.000000
rprop_delta_zero=0.100000
cascade_output_stagnation_epochs=12
cascade_candidate_change_fraction=0.010000
cascade_candidate_stagnation_epochs=12
cascade_max_out_epochs=150
cascade_min_out_epochs=50
cascade_max_cand_epochs=150
cascade_min_cand_epochs=50
cascade_num_candidate_groups=2
bit_fail_limit=3.49999994039535522461e-01
cascade_candidate_limit=1.00000000000000000000e+03
cascade_weight_multiplier=4.00000005960464477539e-01
cascade_activation_functions_count=10
cascade_activation_functions=3 5 7 8 10 11 14 15 16 17 
cascade_activation_steepnesses_count=4
cascade_activation_steepnesses=2.50000000000000000000e-01 5.00000000000000000000e-01 7.50000000000000000000e-01 1.00000000000000000000e+00 
layer_sizes=4 9 2 
scale_included=0
neurons (num_inputs, activation_function, activation_steepness)=(0, 0, 0.00000000000000000000e+00) (0, 0, 0.00000000000000000000e+00) (0, 0, 0.00000000000000000000e+00) (0, 0, 0.00000000000000000000e+00) (4, 3, 5.00000000000000000000e-01) (4, 3, 5.00000000000000000000e-01) (4, 3, 5.00000000000000000000e-01) (4, 3, 5.00000000000000000000e-01) (4, 3, 5.00000000000000000000e-01) (4, 3, 5.00000000000000000000e-01) (4, 3, 5.00000000000000000000e-01) (4, 3, 5.00000000000000000000e-01) (0, 3, 0.00000000000000000000e+00) (9, 3, 5.00000000000000000000e-01) (0, 3, 0.00000000000000000000e+00) 
connections (connected_to_neuron, weight)=(0, -8.62691192626953125000e+01) (1, 5.32766914367675781250e+00) (2, -2.06061577796936035156e+00) (3, 7.94336462020874023438e+00) (0, -1.50000000000000000000e+03) (1, 1.07768542480468750000e+03) (2, -2.99527557373046875000e+02) (3, 3.12123084068298339844e+00) (0, -4.82249498367309570312e+00) (1, 1.22812891006469726562e+00) (2, -7.67471218109130859375e+00) (3, 2.61228275299072265625e+01) (0, -1.59571659564971923828e+00) (1, 1.15650808811187744141e+00) (2, -2.75593948364257812500e+00) (3, 3.67027282714843750000e+00) (0, 1.50000000000000000000e+03) (1, -4.38600494384765625000e+02) (2, 1.49972326660156250000e+03) (3, 1.54871821403503417969e-01) (0, 1.50000000000000000000e+03) (1, -1.06913366699218750000e+03) (2, 1.59327192306518554688e+01) (3, 6.93239748477935791016e-01) (0, -1.50000000000000000000e+03) (1, 1.38920666503906250000e+03) (2, -7.56450378417968750000e+02) (3, 1.09962737560272216797e+00) (0, -2.99994021654129028320e-01) (1, 5.85451722145080566406e-02) (2, -5.97899198532104492188e-01) (3, 6.92556142807006835938e+00) (4, -6.01431417465209960938e+00) (5, -7.72905502319335937500e+01) (6, 1.53750289916992187500e+02) (7, -7.76949226856231689453e-01) (8, 1.55134216308593750000e+02) (9, 1.50000000000000000000e+03) (10, -7.71874008178710937500e+01) (11, -3.20005774497985839844e+00) (12, -1.87312394380569458008e-01) 
