FANN_FLO_2.1
num_layers=3
learning_rate=0.500000
connection_rate=1.000000
network_type=0
learning_momentum=0.000000
training_algorithm=2
train_error_function=1
train_stop_function=0
cascade_output_change_fraction=0.010000
quickprop_decay=-0.000100
quickprop_mu=1.750000
rprop_increase_factor=1.200000
rprop_decrease_factor=0.500000
rprop_delta_min=0.000000
rprop_delta_max=50.000000
rprop_delta_zero=0.100000
cascade_output_stagnation_epochs=12
cascade_candidate_change_fraction=0.010000
cascade_candidate_stagnation_epochs=12
cascade_max_out_epochs=150
cascade_min_out_epochs=50
cascade_max_cand_epochs=150
cascade_min_cand_epochs=50
cascade_num_candidate_groups=2
bit_fail_limit=3.49999994039535522461e-01
cascade_candidate_limit=1.00000000000000000000e+03
cascade_weight_multiplier=4.00000005960464477539e-01
cascade_activation_functions_count=10
cascade_activation_functions=3 5 7 8 10 11 14 15 16 17 
cascade_activation_steepnesses_count=4
cascade_activation_steepnesses=2.50000000000000000000e-01 5.00000000000000000000e-01 7.50000000000000000000e-01 1.00000000000000000000e+00 
layer_sizes=3 9 4 
scale_included=0
neurons (num_inputs, activation_function, activation_steepness)=(0, 0, 0.00000000000000000000e+00) (0, 0, 0.00000000000000000000e+00) (0, 0, 0.00000000000000000000e+00) (3, 3, 5.00000000000000000000e-01) (3, 3, 5.00000000000000000000e-01) (3, 3, 5.00000000000000000000e-01) (3, 3, 5.00000000000000000000e-01) (3, 3, 5.00000000000000000000e-01) (3, 3, 5.00000000000000000000e-01) (3, 3, 5.00000000000000000000e-01) (3, 3, 5.00000000000000000000e-01) (0, 3, 0.00000000000000000000e+00) (9, 0, 5.00000000000000000000e-01) (9, 0, 5.00000000000000000000e-01) (9, 0, 5.00000000000000000000e-01) (0, 0, 0.00000000000000000000e+00) 
connections (connected_to_neuron, weight)=(0, -6.84056282043457031250e+00) (1, -1.84392833709716796875e+00) (2, 1.46440529823303222656e+00) (0, -5.69248437881469726562e+00) (1, 3.68437194824218750000e+00) (2, 1.03749618530273437500e+01) (0, -7.16352176666259765625e+00) (1, 3.27674031257629394531e-01) (2, 3.01558876037597656250e+00) (0, -5.73793888092041015625e+00) (1, -8.51667213439941406250e+00) (2, 1.14117883145809173584e-01) (0, -6.79592895507812500000e+00) (1, 4.41796302795410156250e+00) (2, 9.74814414978027343750e+00) (0, -7.82056331634521484375e+00) (1, -5.78774309158325195312e+00) (2, 1.70549404621124267578e+00) (0, -7.36377763748168945312e+00) (1, 5.59609413146972656250e+00) (2, 5.33044242858886718750e+00) (0, -5.84252548217773437500e+00) (1, 2.30387783050537109375e+00) (2, 3.25882959365844726562e+00) (3, 1.94851899147033691406e+00) (4, 6.49755299091339111328e-01) (5, 1.30360007286071777344e+00) (6, 2.11908793449401855469e+00) (7, 6.76951885223388671875e-01) (8, 1.31891477108001708984e+00) (9, 8.23809266090393066406e-01) (10, 1.43642497062683105469e+00) (11, 5.37116289138793945312e-01) (3, 4.57481384277343750000e+00) (4, 2.45172858238220214844e+00) (5, 4.33217763900756835938e+00) (6, 5.31186103820800781250e+00) (7, 2.45609688758850097656e+00) (8, 3.94122624397277832031e+00) (9, 3.37252759933471679688e+00) (10, 4.06124258041381835938e+00) (11, 2.33650207519531250000e+00) (3, 1.41214447021484375000e+01) (4, 9.52775764465332031250e+00) (5, 1.30123748779296875000e+01) (6, 1.70635051727294921875e+01) (7, 9.56740951538085937500e+00) (8, 1.26534442901611328125e+01) (9, 1.00231027603149414062e+01) (10, 1.43561487197875976562e+01) (11, 9.69085311889648437500e+00) 
