FANN_FLO_2.1
num_layers=4
learning_rate=0.500000
connection_rate=1.000000
network_type=0
learning_momentum=0.000000
training_algorithm=2
train_error_function=1
train_stop_function=0
cascade_output_change_fraction=0.010000
quickprop_decay=-0.000100
quickprop_mu=1.750000
rprop_increase_factor=1.200000
rprop_decrease_factor=0.500000
rprop_delta_min=0.000000
rprop_delta_max=50.000000
rprop_delta_zero=0.100000
cascade_output_stagnation_epochs=12
cascade_candidate_change_fraction=0.010000
cascade_candidate_stagnation_epochs=12
cascade_max_out_epochs=150
cascade_min_out_epochs=50
cascade_max_cand_epochs=150
cascade_min_cand_epochs=50
cascade_num_candidate_groups=2
bit_fail_limit=3.49999994039535522461e-01
cascade_candidate_limit=1.00000000000000000000e+03
cascade_weight_multiplier=4.00000005960464477539e-01
cascade_activation_functions_count=10
cascade_activation_functions=3 5 7 8 10 11 14 15 16 17 
cascade_activation_steepnesses_count=4
cascade_activation_steepnesses=2.50000000000000000000e-01 5.00000000000000000000e-01 7.50000000000000000000e-01 1.00000000000000000000e+00 
layer_sizes=4 5 3 2 
scale_included=0
neurons (num_inputs, activation_function, activation_steepness)=(0, 0, 0.00000000000000000000e+00) (0, 0, 0.00000000000000000000e+00) (0, 0, 0.00000000000000000000e+00) (0, 0, 0.00000000000000000000e+00) (4, 3, 5.00000000000000000000e-01) (4, 3, 5.00000000000000000000e-01) (4, 3, 5.00000000000000000000e-01) (4, 3, 5.00000000000000000000e-01) (0, 3, 0.00000000000000000000e+00) (5, 3, 5.00000000000000000000e-01) (5, 3, 5.00000000000000000000e-01) (0, 3, 0.00000000000000000000e+00) (3, 3, 5.00000000000000000000e-01) (0, 3, 0.00000000000000000000e+00) 
connections (connected_to_neuron, weight)=(0, -1.44113409519195556641e+00) (1, -1.40423984527587890625e+01) (2, 2.99183607101440429688e+00) (3, 2.69562983512878417969e+00) (0, -3.80023419857025146484e-01) (1, -4.48197174072265625000e+00) (2, 4.81321811676025390625e-01) (3, 3.16256016492843627930e-01) (0, 5.34282588958740234375e+00) (1, -1.35659396648406982422e+00) (2, 3.35726594924926757812e+00) (3, -4.66250467300415039062e+00) (0, -6.43141794204711914062e+00) (1, -1.25445470809936523438e+01) (2, 9.09740543365478515625e+00) (3, 2.61085081100463867188e+00) (4, 8.74831962585449218750e+00) (5, 2.49880256652832031250e+01) (6, -2.99623394012451171875e+01) (7, 7.67622184753417968750e+00) (8, 5.04352998733520507812e+00) (4, 9.36802768707275390625e+00) (5, 3.65152597427368164062e+00) (6, -1.83185529708862304688e+00) (7, -8.40872859954833984375e+00) (8, 1.72496402263641357422e+00) (9, -4.17096996307373046875e+00) (10, -1.11054265499114990234e+00) (11, 3.06749081611633300781e+00) 
