FANN_FLO_2.1
num_layers=3
learning_rate=0.500000
connection_rate=1.000000
network_type=0
learning_momentum=0.000000
training_algorithm=2
train_error_function=1
train_stop_function=0
cascade_output_change_fraction=0.010000
quickprop_decay=-0.000100
quickprop_mu=1.750000
rprop_increase_factor=1.200000
rprop_decrease_factor=0.500000
rprop_delta_min=0.000000
rprop_delta_max=50.000000
rprop_delta_zero=0.100000
cascade_output_stagnation_epochs=12
cascade_candidate_change_fraction=0.010000
cascade_candidate_stagnation_epochs=12
cascade_max_out_epochs=150
cascade_min_out_epochs=50
cascade_max_cand_epochs=150
cascade_min_cand_epochs=50
cascade_num_candidate_groups=2
bit_fail_limit=3.49999994039535522461e-01
cascade_candidate_limit=1.00000000000000000000e+03
cascade_weight_multiplier=4.00000005960464477539e-01
cascade_activation_functions_count=10
cascade_activation_functions=3 5 7 8 10 11 14 15 16 17 
cascade_activation_steepnesses_count=4
cascade_activation_steepnesses=2.50000000000000000000e-01 5.00000000000000000000e-01 7.50000000000000000000e-01 1.00000000000000000000e+00 
layer_sizes=3 9 4 
scale_included=0
neurons (num_inputs, activation_function, activation_steepness)=(0, 0, 0.00000000000000000000e+00) (0, 0, 0.00000000000000000000e+00) (0, 0, 0.00000000000000000000e+00) (3, 3, 5.00000000000000000000e-01) (3, 3, 5.00000000000000000000e-01) (3, 3, 5.00000000000000000000e-01) (3, 3, 5.00000000000000000000e-01) (3, 3, 5.00000000000000000000e-01) (3, 3, 5.00000000000000000000e-01) (3, 3, 5.00000000000000000000e-01) (3, 3, 5.00000000000000000000e-01) (0, 3, 0.00000000000000000000e+00) (9, 0, 5.00000000000000000000e-01) (9, 0, 5.00000000000000000000e-01) (9, 0, 5.00000000000000000000e-01) (0, 0, 0.00000000000000000000e+00) 
connections (connected_to_neuron, weight)=(0, -3.99471068382263183594e+00) (1, 2.03657522797584533691e-01) (2, 3.36199611425399780273e-01) (0, -3.78273105621337890625e+00) (1, 4.85726833343505859375e+00) (2, 3.83846306800842285156e+00) (0, -2.10051488876342773438e+00) (1, -4.27738857269287109375e+00) (2, 6.03028535842895507812e-01) (0, -4.40602922439575195312e+00) (1, 4.28354310989379882812e+00) (2, 4.80227184295654296875e+00) (0, -4.10127687454223632812e+00) (1, 1.28272879123687744141e+00) (2, 2.56685614585876464844e+00) (0, 3.02892416715621948242e-01) (1, -1.98110389709472656250e+00) (2, 5.46433591842651367188e+00) (0, -3.44650650024414062500e+00) (1, -2.16262745857238769531e+00) (2, 6.49810492992401123047e-01) (0, -2.43021774291992187500e+00) (1, 1.91541349887847900391e+00) (2, 1.10472810268402099609e+00) (3, 3.64769625663757324219e+00) (4, 5.58838009834289550781e-01) (5, 2.07824897766113281250e+00) (6, 6.09179973602294921875e-01) (7, -5.00810027122497558594e-01) (8, 4.26453769207000732422e-01) (9, 1.62869310379028320312e+00) (10, 2.65331077575683593750e+00) (11, -1.01954378187656402588e-01) (3, 6.95628786087036132812e+00) (4, 2.06598520278930664062e+00) (5, 5.89547348022460937500e+00) (6, 2.01596212387084960938e+00) (7, 2.71908330917358398438e+00) (8, 1.69835805892944335938e+00) (9, 5.53998851776123046875e+00) (10, 6.15798377990722656250e+00) (11, 9.54059243202209472656e-01) (3, 2.07490024566650390625e+01) (4, 6.80754566192626953125e+00) (5, 1.82855892181396484375e+01) (6, 6.81681919097900390625e+00) (7, 1.03162679672241210938e+01) (8, 6.94583415985107421875e+00) (9, 1.85738182067871093750e+01) (10, 1.85114345550537109375e+01) (11, 6.86431837081909179688e+00) 
