FANN_FLO_2.1
num_layers=4
learning_rate=0.300000
connection_rate=1.000000
network_type=0
learning_momentum=0.000000
training_algorithm=2
train_error_function=1
train_stop_function=0
cascade_output_change_fraction=0.010000
quickprop_decay=-0.000100
quickprop_mu=1.750000
rprop_increase_factor=1.200000
rprop_decrease_factor=0.500000
rprop_delta_min=0.000000
rprop_delta_max=50.000000
rprop_delta_zero=0.100000
cascade_output_stagnation_epochs=12
cascade_candidate_change_fraction=0.010000
cascade_candidate_stagnation_epochs=12
cascade_max_out_epochs=150
cascade_min_out_epochs=50
cascade_max_cand_epochs=150
cascade_min_cand_epochs=50
cascade_num_candidate_groups=2
bit_fail_limit=3.49999994039535522461e-01
cascade_candidate_limit=1.00000000000000000000e+03
cascade_weight_multiplier=4.00000005960464477539e-01
cascade_activation_functions_count=10
cascade_activation_functions=3 5 7 8 10 11 14 15 16 17 
cascade_activation_steepnesses_count=4
cascade_activation_steepnesses=2.50000000000000000000e-01 5.00000000000000000000e-01 7.50000000000000000000e-01 1.00000000000000000000e+00 
layer_sizes=2 5 5 3 
scale_included=0
neurons (num_inputs, activation_function, activation_steepness)=(0, 0, 0.00000000000000000000e+00) (0, 0, 0.00000000000000000000e+00) (2, 3, 5.00000000000000000000e-01) (2, 3, 5.00000000000000000000e-01) (2, 3, 5.00000000000000000000e-01) (2, 3, 5.00000000000000000000e-01) (0, 3, 0.00000000000000000000e+00) (5, 3, 5.00000000000000000000e-01) (5, 3, 5.00000000000000000000e-01) (5, 3, 5.00000000000000000000e-01) (5, 3, 5.00000000000000000000e-01) (0, 3, 0.00000000000000000000e+00) (5, 0, 5.00000000000000000000e-01) (5, 0, 5.00000000000000000000e-01) (0, 0, 0.00000000000000000000e+00) 
connections (connected_to_neuron, weight)=(0, -2.07172632217407226562e+00) (1, 6.52633160352706909180e-02) (0, -2.08527231216430664062e+00) (1, 1.74870520830154418945e-01) (0, 4.18706226348876953125e+00) (1, 7.13298082351684570312e-01) (0, -1.45935001373291015625e+01) (1, -9.04285621643066406250e+00) (2, -5.22277712821960449219e-01) (3, -4.90680903196334838867e-01) (4, 1.24804925918579101562e+00) (5, 2.53843665122985839844e+00) (6, 2.21713840961456298828e-01) (2, 2.15747803449630737305e-01) (3, 2.71305888891220092773e-01) (4, -2.36548304557800292969e+00) (5, 1.17283284664154052734e+00) (6, -7.34203457832336425781e-02) (2, 8.41578021645545959473e-02) (3, -3.40281009674072265625e-01) (4, 1.83364820480346679688e+00) (5, 3.48312234878540039062e+00) (6, 2.34505623579025268555e-01) (2, -1.83769810199737548828e+00) (3, -7.62199163436889648438e-01) (4, 8.75265300273895263672e-01) (5, 4.62561559677124023438e+00) (6, -9.45039838552474975586e-02) (7, -4.65921796858310699463e-02) (8, 2.89047628641128540039e-01) (9, -7.91964959353208541870e-03) (10, 2.18964330852031707764e-02) (11, -2.58476614952087402344e-01) (7, -5.69380640983581542969e-01) (8, -4.57861304283142089844e-01) (9, -4.93441373109817504883e-01) (10, -5.36548554897308349609e-01) (11, -2.62094348669052124023e-01) 
