FANN_FLO_2.1
num_layers=3
learning_rate=0.500000
connection_rate=1.000000
network_type=0
learning_momentum=0.000000
training_algorithm=2
train_error_function=1
train_stop_function=0
cascade_output_change_fraction=0.010000
quickprop_decay=-0.000100
quickprop_mu=1.750000
rprop_increase_factor=1.200000
rprop_decrease_factor=0.500000
rprop_delta_min=0.000000
rprop_delta_max=50.000000
rprop_delta_zero=0.100000
cascade_output_stagnation_epochs=12
cascade_candidate_change_fraction=0.010000
cascade_candidate_stagnation_epochs=12
cascade_max_out_epochs=150
cascade_min_out_epochs=50
cascade_max_cand_epochs=150
cascade_min_cand_epochs=50
cascade_num_candidate_groups=2
bit_fail_limit=3.49999994039535522461e-01
cascade_candidate_limit=1.00000000000000000000e+03
cascade_weight_multiplier=4.00000005960464477539e-01
cascade_activation_functions_count=10
cascade_activation_functions=3 5 7 8 10 11 14 15 16 17 
cascade_activation_steepnesses_count=4
cascade_activation_steepnesses=2.50000000000000000000e-01 5.00000000000000000000e-01 7.50000000000000000000e-01 1.00000000000000000000e+00 
layer_sizes=7 5 2 
scale_included=0
neurons (num_inputs, activation_function, activation_steepness)=(0, 0, 0.00000000000000000000e+00) (0, 0, 0.00000000000000000000e+00) (0, 0, 0.00000000000000000000e+00) (0, 0, 0.00000000000000000000e+00) (0, 0, 0.00000000000000000000e+00) (0, 0, 0.00000000000000000000e+00) (0, 0, 0.00000000000000000000e+00) (7, 3, 5.00000000000000000000e-01) (7, 3, 5.00000000000000000000e-01) (7, 3, 5.00000000000000000000e-01) (7, 3, 5.00000000000000000000e-01) (0, 3, 0.00000000000000000000e+00) (5, 0, 5.00000000000000000000e-01) (0, 0, 0.00000000000000000000e+00) 
connections (connected_to_neuron, weight)=(0, 1.72504913061857223511e-02) (1, 4.98166590929031372070e-01) (2, 2.84694224596023559570e-01) (3, -3.31610031425952911377e-02) (4, -6.77355304360389709473e-02) (5, -4.31826651096343994141e-01) (6, -7.62199282646179199219e-01) (0, -8.13187777996063232422e-01) (1, -4.93400907516479492188e+00) (2, 5.21081771850585937500e+01) (3, -2.11445355415344238281e+00) (4, -1.74962723255157470703e+00) (5, 3.94064396619796752930e-01) (6, -1.84695076942443847656e+00) (0, -4.35472875833511352539e-02) (1, -3.39922368526458740234e-01) (2, 1.86456665396690368652e-02) (3, 8.14619511365890502930e-02) (4, -5.00929690897464752197e-02) (5, 2.50611543655395507812e-01) (6, 5.16258358955383300781e-01) (0, -1.50000000000000000000e+03) (1, -4.65753723144531250000e+02) (2, -1.50000000000000000000e+03) (3, -1.11434483528137207031e+00) (4, -1.39375746250152587891e+00) (5, -5.32706481933593750000e+02) (6, -7.22877264022827148438e-01) (7, 1.70323014259338378906e-01) (8, -1.37490052729845046997e-02) (9, 1.69372990727424621582e-01) (10, 1.50000000000000000000e+03) (11, -1.50990679860115051270e-01) 
