FANN_FLO_2.1
num_layers=3
learning_rate=0.400000
connection_rate=1.000000
network_type=0
learning_momentum=0.000000
training_algorithm=2
train_error_function=1
train_stop_function=0
cascade_output_change_fraction=0.010000
quickprop_decay=-0.000100
quickprop_mu=1.750000
rprop_increase_factor=1.200000
rprop_decrease_factor=0.500000
rprop_delta_min=0.000000
rprop_delta_max=50.000000
rprop_delta_zero=0.100000
cascade_output_stagnation_epochs=12
cascade_candidate_change_fraction=0.010000
cascade_candidate_stagnation_epochs=12
cascade_max_out_epochs=150
cascade_min_out_epochs=50
cascade_max_cand_epochs=150
cascade_min_cand_epochs=50
cascade_num_candidate_groups=2
bit_fail_limit=3.49999994039535522461e-01
cascade_candidate_limit=1.00000000000000000000e+03
cascade_weight_multiplier=4.00000005960464477539e-01
cascade_activation_functions_count=10
cascade_activation_functions=3 5 7 8 10 11 14 15 16 17 
cascade_activation_steepnesses_count=4
cascade_activation_steepnesses=2.50000000000000000000e-01 5.00000000000000000000e-01 7.50000000000000000000e-01 1.00000000000000000000e+00 
layer_sizes=6 5 2 
scale_included=0
neurons (num_inputs, activation_function, activation_steepness)=(0, 0, 0.00000000000000000000e+00) (0, 0, 0.00000000000000000000e+00) (0, 0, 0.00000000000000000000e+00) (0, 0, 0.00000000000000000000e+00) (0, 0, 0.00000000000000000000e+00) (0, 0, 0.00000000000000000000e+00) (6, 3, 5.00000000000000000000e-01) (6, 3, 5.00000000000000000000e-01) (6, 3, 5.00000000000000000000e-01) (6, 3, 5.00000000000000000000e-01) (0, 3, 0.00000000000000000000e+00) (5, 0, 5.00000000000000000000e-01) (0, 0, 0.00000000000000000000e+00) 
connections (connected_to_neuron, weight)=(0, 1.04628649902343750000e+03) (1, -1.89120697021484375000e+02) (2, -7.15147113800048828125e+00) (3, 5.15002727508544921875e+00) (4, -1.24327816069126129150e-01) (5, 4.40444588661193847656e-01) (0, -1.42819165039062500000e+03) (1, -1.16852136230468750000e+03) (2, -4.37079608440399169922e-01) (3, -3.03654083251953125000e+02) (4, 4.79833618164062500000e+02) (5, 2.12944205850362777710e-02) (0, -1.02081886291503906250e+02) (1, 4.89243621826171875000e+01) (2, 7.85213947296142578125e+00) (3, -6.44215621948242187500e+01) (4, 4.10807647705078125000e+01) (5, 3.80558401346206665039e-01) (0, -1.50000000000000000000e+03) (1, -2.15098556518554687500e+02) (2, 5.94213962554931640625e+00) (3, -9.83034667968750000000e+02) (4, 8.90819644927978515625e+00) (5, 9.93156015872955322266e-01) (6, -4.66576606035232543945e-01) (7, 5.41976869106292724609e-01) (8, 1.35701805353164672852e-01) (9, 1.87050566077232360840e-01) (10, 9.15068924427032470703e-01) 
