FANN_FLO_2.1
num_layers=3
learning_rate=0.400000
connection_rate=1.000000
network_type=0
learning_momentum=0.000000
training_algorithm=2
train_error_function=1
train_stop_function=0
cascade_output_change_fraction=0.010000
quickprop_decay=-0.000100
quickprop_mu=1.750000
rprop_increase_factor=1.200000
rprop_decrease_factor=0.500000
rprop_delta_min=0.000000
rprop_delta_max=50.000000
rprop_delta_zero=0.100000
cascade_output_stagnation_epochs=12
cascade_candidate_change_fraction=0.010000
cascade_candidate_stagnation_epochs=12
cascade_max_out_epochs=150
cascade_min_out_epochs=50
cascade_max_cand_epochs=150
cascade_min_cand_epochs=50
cascade_num_candidate_groups=2
bit_fail_limit=3.49999994039535522461e-01
cascade_candidate_limit=1.00000000000000000000e+03
cascade_weight_multiplier=4.00000005960464477539e-01
cascade_activation_functions_count=10
cascade_activation_functions=3 5 7 8 10 11 14 15 16 17 
cascade_activation_steepnesses_count=4
cascade_activation_steepnesses=2.50000000000000000000e-01 5.00000000000000000000e-01 7.50000000000000000000e-01 1.00000000000000000000e+00 
layer_sizes=10 3 2 
scale_included=0
neurons (num_inputs, activation_function, activation_steepness)=(0, 0, 0.00000000000000000000e+00) (0, 0, 0.00000000000000000000e+00) (0, 0, 0.00000000000000000000e+00) (0, 0, 0.00000000000000000000e+00) (0, 0, 0.00000000000000000000e+00) (0, 0, 0.00000000000000000000e+00) (0, 0, 0.00000000000000000000e+00) (0, 0, 0.00000000000000000000e+00) (0, 0, 0.00000000000000000000e+00) (0, 0, 0.00000000000000000000e+00) (10, 3, 5.00000000000000000000e-01) (10, 3, 5.00000000000000000000e-01) (0, 3, 0.00000000000000000000e+00) (3, 3, 5.00000000000000000000e-01) (0, 3, 0.00000000000000000000e+00) 
connections (connected_to_neuron, weight)=(0, -1.30565941333770751953e-01) (1, -1.85797184705734252930e-01) (2, -1.83880090713500976562e-01) (3, -6.97307661175727844238e-02) (4, -1.86405301094055175781e-01) (5, -1.79209038615226745605e-01) (6, -1.15379907190799713135e-01) (7, -1.82965636253356933594e-01) (8, -1.53663158416748046875e-01) (9, -2.69431695342063903809e-02) (0, -2.04617172479629516602e-01) (1, -4.61807176470756530762e-02) (2, -2.05884218215942382812e-01) (3, -3.20617482066154479980e-02) (4, -1.11464582383632659912e-01) (5, -1.60645380616188049316e-01) (6, -1.03756666183471679688e-01) (7, -1.27821251749992370605e-01) (8, -1.06965944170951843262e-01) (9, -1.12716577947139739990e-01) (10, -8.15048739314079284668e-02) (11, -2.90319398045539855957e-02) (12, -1.58216923475265502930e-01) 
