FANN_FLO_2.1
num_layers=3
learning_rate=0.500000
connection_rate=1.000000
network_type=0
learning_momentum=0.000000
training_algorithm=2
train_error_function=1
train_stop_function=0
cascade_output_change_fraction=0.010000
quickprop_decay=-0.000100
quickprop_mu=1.750000
rprop_increase_factor=1.200000
rprop_decrease_factor=0.500000
rprop_delta_min=0.000000
rprop_delta_max=50.000000
rprop_delta_zero=0.100000
cascade_output_stagnation_epochs=12
cascade_candidate_change_fraction=0.010000
cascade_candidate_stagnation_epochs=12
cascade_max_out_epochs=150
cascade_min_out_epochs=50
cascade_max_cand_epochs=150
cascade_min_cand_epochs=50
cascade_num_candidate_groups=2
bit_fail_limit=3.49999994039535522461e-01
cascade_candidate_limit=1.00000000000000000000e+03
cascade_weight_multiplier=4.00000005960464477539e-01
cascade_activation_functions_count=10
cascade_activation_functions=3 5 7 8 10 11 14 15 16 17 
cascade_activation_steepnesses_count=4
cascade_activation_steepnesses=2.50000000000000000000e-01 5.00000000000000000000e-01 7.50000000000000000000e-01 1.00000000000000000000e+00 
layer_sizes=7 9 2 
scale_included=0
neurons (num_inputs, activation_function, activation_steepness)=(0, 0, 0.00000000000000000000e+00) (0, 0, 0.00000000000000000000e+00) (0, 0, 0.00000000000000000000e+00) (0, 0, 0.00000000000000000000e+00) (0, 0, 0.00000000000000000000e+00) (0, 0, 0.00000000000000000000e+00) (0, 0, 0.00000000000000000000e+00) (7, 3, 5.00000000000000000000e-01) (7, 3, 5.00000000000000000000e-01) (7, 3, 5.00000000000000000000e-01) (7, 3, 5.00000000000000000000e-01) (7, 3, 5.00000000000000000000e-01) (7, 3, 5.00000000000000000000e-01) (7, 3, 5.00000000000000000000e-01) (7, 3, 5.00000000000000000000e-01) (0, 3, 0.00000000000000000000e+00) (9, 0, 5.00000000000000000000e-01) (0, 0, 0.00000000000000000000e+00) 
connections (connected_to_neuron, weight)=(0, 9.70708072185516357422e-01) (1, 1.38589340209960937500e+02) (2, -1.02542213439941406250e+02) (3, 8.83275508880615234375e-01) (4, 1.50000000000000000000e+03) (5, -1.30543029785156250000e+03) (6, 9.41639900207519531250e-01) (0, 1.40012276172637939453e+00) (1, 1.49152487516403198242e-01) (2, 1.37635925292968750000e+03) (3, 1.99288344383239746094e+00) (4, -1.95761823654174804688e+00) (5, 1.50000000000000000000e+03) (6, 5.78474187850952148438e+00) (0, -5.11373758316040039062e-01) (1, -8.82234287261962890625e+00) (2, 1.07387840270996093750e+02) (3, -5.90688228607177734375e-01) (4, -1.41617968750000000000e+03) (5, 2.00903778076171875000e+02) (6, -2.69558936357498168945e-01) (0, 2.06910657882690429688e+00) (1, -2.38902151584625244141e-01) (2, 1.37638879394531250000e+03) (3, 2.08869934082031250000e+00) (4, -3.32435846328735351562e+00) (5, 1.50000000000000000000e+03) (6, 1.14416303634643554688e+01) (0, 9.27665054798126220703e-01) (1, 2.08920104980468750000e+02) (2, -9.02050704956054687500e+01) (3, 4.80532050132751464844e-01) (4, 1.50000000000000000000e+03) (5, -9.81448913574218750000e+02) (6, 2.17682197690010070801e-01) (0, -8.93741488456726074219e-01) (1, -4.56026506423950195312e+00) (2, -3.54511337280273437500e+01) (3, -4.22274976968765258789e-01) (4, 5.19691133499145507812e+00) (5, -3.18625831604003906250e+00) (6, -3.83480995893478393555e-01) (0, 2.27161598205566406250e+00) (1, 2.33108103275299072266e-01) (2, 1.37646472167968750000e+03) (3, 1.67293834686279296875e+00) (4, -2.17466402053833007812e+00) (5, 1.50000000000000000000e+03) (6, 5.01781606674194335938e+00) (0, -5.31996667385101318359e-01) (1, 9.58757324218750000000e+02) (2, -9.86137962341308593750e+00) (3, -9.67026352882385253906e-01) (4, 9.49442687988281250000e+02) (5, -4.31521392822265625000e+02) (6, -1.49143699673004448414e-04) (7, -1.36701792478561401367e-01) (8, 8.54089483618736267090e-02) (9, -1.43656188964843750000e+02) (10, 1.82618632912635803223e-01) (11, -2.89332985877990722656e-01) (12, -1.13870399072766304016e-02) (13, 9.31552350521087646484e-02) (14, -3.29278744757175445557e-02) (15, 1.14437498152256011963e-01) 
