FANN_FLO_2.1
num_layers=3
learning_rate=0.500000
connection_rate=1.000000
network_type=0
learning_momentum=0.000000
training_algorithm=2
train_error_function=1
train_stop_function=0
cascade_output_change_fraction=0.010000
quickprop_decay=-0.000100
quickprop_mu=1.750000
rprop_increase_factor=1.200000
rprop_decrease_factor=0.500000
rprop_delta_min=0.000000
rprop_delta_max=50.000000
rprop_delta_zero=0.100000
cascade_output_stagnation_epochs=12
cascade_candidate_change_fraction=0.010000
cascade_candidate_stagnation_epochs=12
cascade_max_out_epochs=150
cascade_min_out_epochs=50
cascade_max_cand_epochs=150
cascade_min_cand_epochs=50
cascade_num_candidate_groups=2
bit_fail_limit=3.49999994039535522461e-01
cascade_candidate_limit=1.00000000000000000000e+03
cascade_weight_multiplier=4.00000005960464477539e-01
cascade_activation_functions_count=10
cascade_activation_functions=3 5 7 8 10 11 14 15 16 17 
cascade_activation_steepnesses_count=4
cascade_activation_steepnesses=2.50000000000000000000e-01 5.00000000000000000000e-01 7.50000000000000000000e-01 1.00000000000000000000e+00 
layer_sizes=7 5 2 
scale_included=0
neurons (num_inputs, activation_function, activation_steepness)=(0, 0, 0.00000000000000000000e+00) (0, 0, 0.00000000000000000000e+00) (0, 0, 0.00000000000000000000e+00) (0, 0, 0.00000000000000000000e+00) (0, 0, 0.00000000000000000000e+00) (0, 0, 0.00000000000000000000e+00) (0, 0, 0.00000000000000000000e+00) (7, 3, 5.00000000000000000000e-01) (7, 3, 5.00000000000000000000e-01) (7, 3, 5.00000000000000000000e-01) (7, 3, 5.00000000000000000000e-01) (0, 3, 0.00000000000000000000e+00) (5, 0, 5.00000000000000000000e-01) (0, 0, 0.00000000000000000000e+00) 
connections (connected_to_neuron, weight)=(0, 5.33419494628906250000e+01) (1, -7.00828704833984375000e+01) (2, -9.80089416503906250000e+02) (3, -1.42613458633422851562e+01) (4, -1.03117811679840087891e+00) (5, 2.40302160382270812988e-01) (6, -2.35547408461570739746e-01) (0, -5.45057430863380432129e-02) (1, -8.44010487198829650879e-02) (2, 1.50000000000000000000e+03) (3, -2.69536328315734863281e+00) (4, 5.14269351959228515625e-01) (5, 3.71048784255981445312e+00) (6, 1.32346296310424804688e+00) (0, 1.84553172439336776733e-02) (1, 1.63183882832527160645e-01) (2, -2.60287374258041381836e-01) (3, -2.26218104362487792969e-01) (4, 3.10923576354980468750e-01) (5, -1.72894954681396484375e-01) (6, 5.06445693969726562500e+00) (0, -2.71234222412109375000e+02) (1, -4.76777008056640625000e+02) (2, 3.60468811035156250000e+02) (3, 3.18419761657714843750e+01) (4, -1.58597874641418457031e+00) (5, 2.05578403472900390625e+01) (6, -6.54793083667755126953e-01) (7, 4.72573459148406982422e-01) (8, -4.15217736735939979553e-03) (9, -7.52129033207893371582e-02) (10, -1.65898178100585937500e+02) (11, 8.76470133662223815918e-02) 
