FANN_FLO_2.1
num_layers=4
learning_rate=0.450000
connection_rate=1.000000
network_type=0
learning_momentum=0.000000
training_algorithm=2
train_error_function=1
train_stop_function=0
cascade_output_change_fraction=0.010000
quickprop_decay=-0.000100
quickprop_mu=1.750000
rprop_increase_factor=1.200000
rprop_decrease_factor=0.500000
rprop_delta_min=0.000000
rprop_delta_max=50.000000
rprop_delta_zero=0.100000
cascade_output_stagnation_epochs=12
cascade_candidate_change_fraction=0.010000
cascade_candidate_stagnation_epochs=12
cascade_max_out_epochs=150
cascade_min_out_epochs=50
cascade_max_cand_epochs=150
cascade_min_cand_epochs=50
cascade_num_candidate_groups=2
bit_fail_limit=3.49999994039535522461e-01
cascade_candidate_limit=1.00000000000000000000e+03
cascade_weight_multiplier=4.00000005960464477539e-01
cascade_activation_functions_count=10
cascade_activation_functions=3 5 7 8 10 11 14 15 16 17 
cascade_activation_steepnesses_count=4
cascade_activation_steepnesses=2.50000000000000000000e-01 5.00000000000000000000e-01 7.50000000000000000000e-01 1.00000000000000000000e+00 
layer_sizes=7 5 3 2 
scale_included=0
neurons (num_inputs, activation_function, activation_steepness)=(0, 0, 0.00000000000000000000e+00) (0, 0, 0.00000000000000000000e+00) (0, 0, 0.00000000000000000000e+00) (0, 0, 0.00000000000000000000e+00) (0, 0, 0.00000000000000000000e+00) (0, 0, 0.00000000000000000000e+00) (0, 0, 0.00000000000000000000e+00) (7, 3, 5.00000000000000000000e-01) (7, 3, 5.00000000000000000000e-01) (7, 3, 5.00000000000000000000e-01) (7, 3, 5.00000000000000000000e-01) (0, 3, 0.00000000000000000000e+00) (5, 3, 5.00000000000000000000e-01) (5, 3, 5.00000000000000000000e-01) (0, 3, 0.00000000000000000000e+00) (3, 0, 5.00000000000000000000e-01) (0, 0, 0.00000000000000000000e+00) 
connections (connected_to_neuron, weight)=(0, 8.99119794368743896484e-01) (1, 1.06378865242004394531e+00) (2, -3.30537930130958557129e-02) (3, -2.06940340995788574219e+00) (4, 1.09272155761718750000e+01) (5, -7.52648496627807617188e+00) (6, 5.35962104797363281250e+00) (0, 2.37960672378540039062e+00) (1, 5.34629464149475097656e-01) (2, -1.97674855589866638184e-01) (3, -1.74059975147247314453e+00) (4, 2.00388698577880859375e+01) (5, -1.77876758575439453125e+01) (6, -9.39106178283691406250e+00) (0, 6.55438959598541259766e-01) (1, -1.11074364185333251953e+00) (2, 5.18303215503692626953e-01) (3, -7.76431262493133544922e-02) (4, 1.15823612213134765625e+01) (5, -8.59435462951660156250e+00) (6, -4.48714286088943481445e-01) (0, -4.01673465967178344727e-01) (1, 1.62172400951385498047e+00) (2, -2.33152240514755249023e-01) (3, -8.89436006546020507812e-01) (4, 1.57930636405944824219e+00) (5, -8.50599765777587890625e-01) (6, -8.22452127933502197266e-01) (7, 1.50000000000000000000e+03) (8, 1.50000000000000000000e+03) (9, 3.12920501708984375000e+02) (10, 1.50000000000000000000e+03) (11, -1.73266799926757812500e+02) (7, 1.50000000000000000000e+03) (8, 1.50000000000000000000e+03) (9, 1.37430603027343750000e+03) (10, 1.50000000000000000000e+03) (11, -4.30546051025390625000e+02) (12, -1.98199614882469177246e-01) (13, -1.13110125064849853516e-01) (14, 3.25572192668914794922e-01) 
