FANN_FLO_2.1
num_layers=3
learning_rate=0.400000
connection_rate=1.000000
network_type=0
learning_momentum=0.000000
training_algorithm=2
train_error_function=1
train_stop_function=0
cascade_output_change_fraction=0.010000
quickprop_decay=-0.000100
quickprop_mu=1.750000
rprop_increase_factor=1.200000
rprop_decrease_factor=0.500000
rprop_delta_min=0.000000
rprop_delta_max=50.000000
rprop_delta_zero=0.100000
cascade_output_stagnation_epochs=12
cascade_candidate_change_fraction=0.010000
cascade_candidate_stagnation_epochs=12
cascade_max_out_epochs=150
cascade_min_out_epochs=50
cascade_max_cand_epochs=150
cascade_min_cand_epochs=50
cascade_num_candidate_groups=2
bit_fail_limit=3.49999994039535522461e-01
cascade_candidate_limit=1.00000000000000000000e+03
cascade_weight_multiplier=4.00000005960464477539e-01
cascade_activation_functions_count=10
cascade_activation_functions=3 5 7 8 10 11 14 15 16 17 
cascade_activation_steepnesses_count=4
cascade_activation_steepnesses=2.50000000000000000000e-01 5.00000000000000000000e-01 7.50000000000000000000e-01 1.00000000000000000000e+00 
layer_sizes=6 5 2 
scale_included=0
neurons (num_inputs, activation_function, activation_steepness)=(0, 0, 0.00000000000000000000e+00) (0, 0, 0.00000000000000000000e+00) (0, 0, 0.00000000000000000000e+00) (0, 0, 0.00000000000000000000e+00) (0, 0, 0.00000000000000000000e+00) (0, 0, 0.00000000000000000000e+00) (6, 3, 5.00000000000000000000e-01) (6, 3, 5.00000000000000000000e-01) (6, 3, 5.00000000000000000000e-01) (6, 3, 5.00000000000000000000e-01) (0, 3, 0.00000000000000000000e+00) (5, 0, 5.00000000000000000000e-01) (0, 0, 0.00000000000000000000e+00) 
connections (connected_to_neuron, weight)=(0, -1.00523907470703125000e+03) (1, -4.04660940170288085938e+00) (2, -4.83312606811523437500e-01) (3, -1.37217974662780761719e+00) (4, 1.19328066706657409668e-01) (5, -4.50706452131271362305e-01) (0, -1.35462561035156250000e+03) (1, -1.33434562683105468750e+01) (2, 3.39906886219978332520e-02) (3, -8.55269968509674072266e-01) (4, 3.63571196794509887695e-01) (5, -2.28637859225273132324e-01) (0, -3.85329627990722656250e+00) (1, -5.58269202709197998047e-01) (2, 1.95114225149154663086e-01) (3, -2.27541899681091308594e+00) (4, 1.69829145073890686035e-01) (5, -7.20345258712768554688e-01) (0, -2.01771583557128906250e+01) (1, -1.74418795108795166016e+00) (2, -2.79637783765792846680e-01) (3, -1.70942509174346923828e+00) (4, -8.11543241143226623535e-02) (5, 3.89588624238967895508e-02) (6, 1.91250979900360107422e+00) (7, 3.26289272308349609375e+00) (8, 5.45988082885742187500e-01) (9, 9.06512379646301269531e-01) (10, 4.88668620586395263672e-01) 
