FANN_FLO_2.1
num_layers=3
learning_rate=0.500000
connection_rate=1.000000
network_type=0
learning_momentum=0.000000
training_algorithm=2
train_error_function=1
train_stop_function=0
cascade_output_change_fraction=0.010000
quickprop_decay=-0.000100
quickprop_mu=1.750000
rprop_increase_factor=1.200000
rprop_decrease_factor=0.500000
rprop_delta_min=0.000000
rprop_delta_max=50.000000
rprop_delta_zero=0.100000
cascade_output_stagnation_epochs=12
cascade_candidate_change_fraction=0.010000
cascade_candidate_stagnation_epochs=12
cascade_max_out_epochs=150
cascade_min_out_epochs=50
cascade_max_cand_epochs=150
cascade_min_cand_epochs=50
cascade_num_candidate_groups=2
bit_fail_limit=3.49999994039535522461e-01
cascade_candidate_limit=1.00000000000000000000e+03
cascade_weight_multiplier=4.00000005960464477539e-01
cascade_activation_functions_count=10
cascade_activation_functions=3 5 7 8 10 11 14 15 16 17 
cascade_activation_steepnesses_count=4
cascade_activation_steepnesses=2.50000000000000000000e-01 5.00000000000000000000e-01 7.50000000000000000000e-01 1.00000000000000000000e+00 
layer_sizes=3 9 4 
scale_included=0
neurons (num_inputs, activation_function, activation_steepness)=(0, 0, 0.00000000000000000000e+00) (0, 0, 0.00000000000000000000e+00) (0, 0, 0.00000000000000000000e+00) (3, 3, 5.00000000000000000000e-01) (3, 3, 5.00000000000000000000e-01) (3, 3, 5.00000000000000000000e-01) (3, 3, 5.00000000000000000000e-01) (3, 3, 5.00000000000000000000e-01) (3, 3, 5.00000000000000000000e-01) (3, 3, 5.00000000000000000000e-01) (3, 3, 5.00000000000000000000e-01) (0, 3, 0.00000000000000000000e+00) (9, 0, 5.00000000000000000000e-01) (9, 0, 5.00000000000000000000e-01) (9, 0, 5.00000000000000000000e-01) (0, 0, 0.00000000000000000000e+00) 
connections (connected_to_neuron, weight)=(0, -3.94803047180175781250e+00) (1, 1.19245493412017822266e+00) (2, 6.25606358051300048828e-01) (0, -3.66035199165344238281e+00) (1, -1.77090451121330261230e-01) (2, 7.05531299114227294922e-01) (0, -5.04240179061889648438e+00) (1, -2.25239896774291992188e+00) (2, 2.53140807151794433594e-01) (0, -6.31307077407836914062e+00) (1, 5.26092481613159179688e+00) (2, 8.16703796386718750000e+00) (0, -9.14806461334228515625e+00) (1, 6.61728763580322265625e+00) (2, 7.76825284957885742188e+00) (0, -3.52771282196044921875e+00) (1, 2.19841527938842773438e+00) (2, 1.21881699562072753906e+00) (0, -1.80455017089843750000e+00) (1, -2.77556586265563964844e+00) (2, 4.20053601264953613281e-01) (0, 2.37754559516906738281e+00) (1, -7.04319834709167480469e-01) (2, 8.81275272369384765625e+00) (3, 1.75768315792083740234e+00) (4, 1.02552425861358642578e+00) (5, 2.39258170127868652344e+00) (6, 6.06861770153045654297e-01) (7, 3.52300465106964111328e-01) (8, 1.51823031902313232422e+00) (9, 1.71216726303100585938e+00) (10, 5.42828261852264404297e-01) (11, 5.00110566616058349609e-01) (3, 3.95312929153442382812e+00) (4, 4.06129217147827148438e+00) (5, 4.50482273101806640625e+00) (6, 2.47198414802551269531e+00) (7, 2.33227181434631347656e+00) (8, 4.64052486419677734375e+00) (9, 7.30703592300415039062e+00) (10, 2.17910456657409667969e+00) (11, 2.04289031028747558594e+00) (3, 1.22509422302246093750e+01) (4, 1.33401927947998046875e+01) (5, 1.35458841323852539062e+01) (6, 8.91548156738281250000e+00) (7, 8.83259391784667968750e+00) (8, 1.35158615112304687500e+01) (9, 2.46557579040527343750e+01) (10, 8.93411827087402343750e+00) (11, 8.85169029235839843750e+00) 
