FANN_FLO_2.1
num_layers=4
learning_rate=0.450000
connection_rate=1.000000
network_type=0
learning_momentum=0.000000
training_algorithm=2
train_error_function=1
train_stop_function=0
cascade_output_change_fraction=0.010000
quickprop_decay=-0.000100
quickprop_mu=1.750000
rprop_increase_factor=1.200000
rprop_decrease_factor=0.500000
rprop_delta_min=0.000000
rprop_delta_max=50.000000
rprop_delta_zero=0.100000
cascade_output_stagnation_epochs=12
cascade_candidate_change_fraction=0.010000
cascade_candidate_stagnation_epochs=12
cascade_max_out_epochs=150
cascade_min_out_epochs=50
cascade_max_cand_epochs=150
cascade_min_cand_epochs=50
cascade_num_candidate_groups=2
bit_fail_limit=3.49999994039535522461e-01
cascade_candidate_limit=1.00000000000000000000e+03
cascade_weight_multiplier=4.00000005960464477539e-01
cascade_activation_functions_count=10
cascade_activation_functions=3 5 7 8 10 11 14 15 16 17 
cascade_activation_steepnesses_count=4
cascade_activation_steepnesses=2.50000000000000000000e-01 5.00000000000000000000e-01 7.50000000000000000000e-01 1.00000000000000000000e+00 
layer_sizes=7 5 3 2 
scale_included=0
neurons (num_inputs, activation_function, activation_steepness)=(0, 0, 0.00000000000000000000e+00) (0, 0, 0.00000000000000000000e+00) (0, 0, 0.00000000000000000000e+00) (0, 0, 0.00000000000000000000e+00) (0, 0, 0.00000000000000000000e+00) (0, 0, 0.00000000000000000000e+00) (0, 0, 0.00000000000000000000e+00) (7, 3, 5.00000000000000000000e-01) (7, 3, 5.00000000000000000000e-01) (7, 3, 5.00000000000000000000e-01) (7, 3, 5.00000000000000000000e-01) (0, 3, 0.00000000000000000000e+00) (5, 3, 5.00000000000000000000e-01) (5, 3, 5.00000000000000000000e-01) (0, 3, 0.00000000000000000000e+00) (3, 0, 5.00000000000000000000e-01) (0, 0, 0.00000000000000000000e+00) 
connections (connected_to_neuron, weight)=(0, -1.31755182519555091858e-02) (1, -1.76135927438735961914e-01) (2, -5.86271703243255615234e-01) (3, -8.76807421445846557617e-02) (4, 9.27203953266143798828e-01) (5, -2.61258959770202636719e-01) (6, 1.39212906360626220703e+00) (0, -6.81318521499633789062e-01) (1, 3.81725425720214843750e+01) (2, 4.84120483398437500000e+02) (3, -9.08207893371582031250e+00) (4, -3.19320969283580780029e-02) (5, -5.42336914062500000000e+02) (6, -1.17982041835784912109e+00) (0, 1.42843294143676757812e+01) (1, 5.28553962707519531250e+00) (2, 1.49546923828125000000e+03) (3, -1.04058886718750000000e+03) (4, 4.26380825042724609375e+00) (5, 7.48933532714843750000e+02) (6, -1.51788270473480224609e+00) (0, -7.35344648361206054688e-01) (1, -1.64368402957916259766e+00) (2, 7.29020019531250000000e+02) (3, -6.97840976715087890625e+00) (4, 6.38322114944458007812e-01) (5, -6.30232666015625000000e+02) (6, -8.48945021629333496094e-01) (7, -1.25327122211456298828e+00) (8, -1.01020205020904541016e+00) (9, 2.18687295913696289062e-01) (10, 5.36516845226287841797e-01) (11, 1.89422234892845153809e-01) (7, -3.10583782196044921875e+01) (8, -4.38773254394531250000e+02) (9, -1.38031520843505859375e+01) (10, -2.20882534980773925781e+00) (11, 8.66701793670654296875e+00) (12, 7.41567537188529968262e-02) (13, 3.21716457605361938477e-01) (14, -4.76916832849383354187e-03) 
