FANN_FLO_2.1
num_layers=3
learning_rate=0.500000
connection_rate=1.000000
network_type=0
learning_momentum=0.000000
training_algorithm=2
train_error_function=1
train_stop_function=0
cascade_output_change_fraction=0.010000
quickprop_decay=-0.000100
quickprop_mu=1.750000
rprop_increase_factor=1.200000
rprop_decrease_factor=0.500000
rprop_delta_min=0.000000
rprop_delta_max=50.000000
rprop_delta_zero=0.100000
cascade_output_stagnation_epochs=12
cascade_candidate_change_fraction=0.010000
cascade_candidate_stagnation_epochs=12
cascade_max_out_epochs=150
cascade_min_out_epochs=50
cascade_max_cand_epochs=150
cascade_min_cand_epochs=50
cascade_num_candidate_groups=2
bit_fail_limit=3.49999994039535522461e-01
cascade_candidate_limit=1.00000000000000000000e+03
cascade_weight_multiplier=4.00000005960464477539e-01
cascade_activation_functions_count=10
cascade_activation_functions=3 5 7 8 10 11 14 15 16 17 
cascade_activation_steepnesses_count=4
cascade_activation_steepnesses=2.50000000000000000000e-01 5.00000000000000000000e-01 7.50000000000000000000e-01 1.00000000000000000000e+00 
layer_sizes=7 5 2 
scale_included=0
neurons (num_inputs, activation_function, activation_steepness)=(0, 0, 0.00000000000000000000e+00) (0, 0, 0.00000000000000000000e+00) (0, 0, 0.00000000000000000000e+00) (0, 0, 0.00000000000000000000e+00) (0, 0, 0.00000000000000000000e+00) (0, 0, 0.00000000000000000000e+00) (0, 0, 0.00000000000000000000e+00) (7, 3, 5.00000000000000000000e-01) (7, 3, 5.00000000000000000000e-01) (7, 3, 5.00000000000000000000e-01) (7, 3, 5.00000000000000000000e-01) (0, 3, 0.00000000000000000000e+00) (5, 0, 5.00000000000000000000e-01) (0, 0, 0.00000000000000000000e+00) 
connections (connected_to_neuron, weight)=(0, -8.16843223571777343750e+00) (1, -7.56669092178344726562e+00) (2, -8.27636947631835937500e+01) (3, -1.06072199344635009766e+00) (4, 2.39613037109375000000e+02) (5, 4.52631187438964843750e+00) (6, -3.45042496919631958008e-01) (0, 2.05925572663545608521e-03) (1, -1.53496980667114257812e-01) (2, 4.56814020872116088867e-01) (3, 4.68569770455360412598e-02) (4, -5.64941525459289550781e-01) (5, 1.21397525072097778320e-01) (6, 5.33399820327758789062e-01) (0, 1.41483679413795471191e-01) (1, -3.04590165615081787109e-01) (2, 7.84215390682220458984e-01) (3, -7.32970982789993286133e-02) (4, -4.12328779697418212891e-01) (5, -2.97260880470275878906e-01) (6, -2.89539933204650878906e-01) (0, -4.93543297052383422852e-01) (1, -4.60594081878662109375e+00) (2, -3.35260796546936035156e+00) (3, -1.03408575057983398438e+00) (4, -4.69477462768554687500e+00) (5, 1.62265625000000000000e+01) (6, 4.02694664001464843750e+01) (7, 3.36261279881000518799e-03) (8, 2.69710779190063476562e-01) (9, -2.64898329973220825195e-01) (10, -1.99397765100002288818e-02) (11, 8.42614937573671340942e-03) 
