FANN_FLO_2.1
num_layers=4
learning_rate=0.500000
connection_rate=1.000000
network_type=0
learning_momentum=0.000000
training_algorithm=2
train_error_function=1
train_stop_function=0
cascade_output_change_fraction=0.010000
quickprop_decay=-0.000100
quickprop_mu=1.750000
rprop_increase_factor=1.200000
rprop_decrease_factor=0.500000
rprop_delta_min=0.000000
rprop_delta_max=50.000000
rprop_delta_zero=0.100000
cascade_output_stagnation_epochs=12
cascade_candidate_change_fraction=0.010000
cascade_candidate_stagnation_epochs=12
cascade_max_out_epochs=150
cascade_min_out_epochs=50
cascade_max_cand_epochs=150
cascade_min_cand_epochs=50
cascade_num_candidate_groups=2
bit_fail_limit=3.49999994039535522461e-01
cascade_candidate_limit=1.00000000000000000000e+03
cascade_weight_multiplier=4.00000005960464477539e-01
cascade_activation_functions_count=10
cascade_activation_functions=3 5 7 8 10 11 14 15 16 17 
cascade_activation_steepnesses_count=4
cascade_activation_steepnesses=2.50000000000000000000e-01 5.00000000000000000000e-01 7.50000000000000000000e-01 1.00000000000000000000e+00 
layer_sizes=4 5 5 2 
scale_included=0
neurons (num_inputs, activation_function, activation_steepness)=(0, 0, 0.00000000000000000000e+00) (0, 0, 0.00000000000000000000e+00) (0, 0, 0.00000000000000000000e+00) (0, 0, 0.00000000000000000000e+00) (4, 3, 5.00000000000000000000e-01) (4, 3, 5.00000000000000000000e-01) (4, 3, 5.00000000000000000000e-01) (4, 3, 5.00000000000000000000e-01) (0, 3, 0.00000000000000000000e+00) (5, 3, 5.00000000000000000000e-01) (5, 3, 5.00000000000000000000e-01) (5, 3, 5.00000000000000000000e-01) (5, 3, 5.00000000000000000000e-01) (0, 3, 0.00000000000000000000e+00) (5, 3, 5.00000000000000000000e-01) (0, 3, 0.00000000000000000000e+00) 
connections (connected_to_neuron, weight)=(0, 5.06702995300292968750e+00) (1, -1.54341182708740234375e+01) (2, -1.99677860736846923828e+00) (3, 1.90906620025634765625e+00) (0, -3.90458965301513671875e+00) (1, 6.61226570606231689453e-01) (2, -4.95904922485351562500e+00) (3, 2.66012406349182128906e+00) (0, -3.32490634918212890625e+00) (1, -1.03112087249755859375e+01) (2, 2.73447364568710327148e-01) (3, 4.71171426773071289062e+00) (0, -3.16248703002929687500e+00) (1, -6.68129253387451171875e+00) (2, 4.95466083288192749023e-01) (3, 2.31804633140563964844e+00) (4, -5.48003768920898437500e+00) (5, 2.82786636352539062500e+01) (6, 1.45641031265258789062e+01) (7, 6.49792385101318359375e+00) (8, -7.34317731857299804688e+00) (4, -5.58791637420654296875e+00) (5, 2.82605323791503906250e+01) (6, 1.26516466140747070312e+01) (7, 1.22760744094848632812e+01) (8, -7.49724483489990234375e+00) (4, -5.10770082473754882812e+00) (5, 2.57372245788574218750e+01) (6, 1.28771553039550781250e+01) (7, 6.64055919647216796875e+00) (8, -6.49164152145385742188e+00) (4, -5.39658594131469726562e+00) (5, 2.73551635742187500000e+01) (6, 1.37982139587402343750e+01) (7, 6.54859304428100585938e+00) (8, -6.94468545913696289062e+00) (9, -1.47521650791168212891e+00) (10, -1.23064935207366943359e+00) (11, -1.18621993064880371094e+00) (12, -8.89079749584197998047e-01) (13, 2.50425148010253906250e+00) 
