FANN_FLO_2.1
num_layers=3
learning_rate=0.500000
connection_rate=1.000000
network_type=0
learning_momentum=0.000000
training_algorithm=2
train_error_function=1
train_stop_function=0
cascade_output_change_fraction=0.010000
quickprop_decay=-0.000100
quickprop_mu=1.750000
rprop_increase_factor=1.200000
rprop_decrease_factor=0.500000
rprop_delta_min=0.000000
rprop_delta_max=50.000000
rprop_delta_zero=0.100000
cascade_output_stagnation_epochs=12
cascade_candidate_change_fraction=0.010000
cascade_candidate_stagnation_epochs=12
cascade_max_out_epochs=150
cascade_min_out_epochs=50
cascade_max_cand_epochs=150
cascade_min_cand_epochs=50
cascade_num_candidate_groups=2
bit_fail_limit=3.49999994039535522461e-01
cascade_candidate_limit=1.00000000000000000000e+03
cascade_weight_multiplier=4.00000005960464477539e-01
cascade_activation_functions_count=10
cascade_activation_functions=3 5 7 8 10 11 14 15 16 17 
cascade_activation_steepnesses_count=4
cascade_activation_steepnesses=2.50000000000000000000e-01 5.00000000000000000000e-01 7.50000000000000000000e-01 1.00000000000000000000e+00 
layer_sizes=3 5 4 
scale_included=0
neurons (num_inputs, activation_function, activation_steepness)=(0, 0, 0.00000000000000000000e+00) (0, 0, 0.00000000000000000000e+00) (0, 0, 0.00000000000000000000e+00) (3, 3, 5.00000000000000000000e-01) (3, 3, 5.00000000000000000000e-01) (3, 3, 5.00000000000000000000e-01) (3, 3, 5.00000000000000000000e-01) (0, 3, 0.00000000000000000000e+00) (5, 0, 5.00000000000000000000e-01) (5, 0, 5.00000000000000000000e-01) (5, 0, 5.00000000000000000000e-01) (0, 0, 0.00000000000000000000e+00) 
connections (connected_to_neuron, weight)=(0, -1.09033765792846679688e+01) (1, 9.41751480102539062500e+00) (2, 1.13446321487426757812e+01) (0, -1.86345493793487548828e+00) (1, -2.66806626319885253906e+00) (2, 5.95146059989929199219e-01) (0, -3.61774897575378417969e+00) (1, 2.25509643554687500000e+00) (2, 6.92054748535156250000e-01) (0, -2.47954344749450683594e+00) (1, -4.33182656764984130859e-01) (2, 5.11145293712615966797e-01) (3, 9.15407478809356689453e-01) (4, 2.63073968887329101562e+00) (5, 2.82436609268188476562e+00) (6, 3.50598597526550292969e+00) (7, 7.44986176490783691406e-01) (3, 4.60588598251342773438e+00) (4, 8.45194625854492187500e+00) (5, 7.46610784530639648438e+00) (6, 9.38530826568603515625e+00) (7, 3.61232519149780273438e+00) (3, 1.58195066452026367188e+01) (4, 2.78245124816894531250e+01) (5, 2.20275573730468750000e+01) (6, 3.05109691619873046875e+01) (7, 1.66514377593994140625e+01) 
