FANN_FLO_2.1
num_layers=4
learning_rate=0.450000
connection_rate=1.000000
network_type=0
learning_momentum=0.000000
training_algorithm=2
train_error_function=1
train_stop_function=0
cascade_output_change_fraction=0.010000
quickprop_decay=-0.000100
quickprop_mu=1.750000
rprop_increase_factor=1.200000
rprop_decrease_factor=0.500000
rprop_delta_min=0.000000
rprop_delta_max=50.000000
rprop_delta_zero=0.100000
cascade_output_stagnation_epochs=12
cascade_candidate_change_fraction=0.010000
cascade_candidate_stagnation_epochs=12
cascade_max_out_epochs=150
cascade_min_out_epochs=50
cascade_max_cand_epochs=150
cascade_min_cand_epochs=50
cascade_num_candidate_groups=2
bit_fail_limit=3.49999994039535522461e-01
cascade_candidate_limit=1.00000000000000000000e+03
cascade_weight_multiplier=4.00000005960464477539e-01
cascade_activation_functions_count=10
cascade_activation_functions=3 5 7 8 10 11 14 15 16 17 
cascade_activation_steepnesses_count=4
cascade_activation_steepnesses=2.50000000000000000000e-01 5.00000000000000000000e-01 7.50000000000000000000e-01 1.00000000000000000000e+00 
layer_sizes=7 5 3 2 
scale_included=0
neurons (num_inputs, activation_function, activation_steepness)=(0, 0, 0.00000000000000000000e+00) (0, 0, 0.00000000000000000000e+00) (0, 0, 0.00000000000000000000e+00) (0, 0, 0.00000000000000000000e+00) (0, 0, 0.00000000000000000000e+00) (0, 0, 0.00000000000000000000e+00) (0, 0, 0.00000000000000000000e+00) (7, 3, 5.00000000000000000000e-01) (7, 3, 5.00000000000000000000e-01) (7, 3, 5.00000000000000000000e-01) (7, 3, 5.00000000000000000000e-01) (0, 3, 0.00000000000000000000e+00) (5, 3, 5.00000000000000000000e-01) (5, 3, 5.00000000000000000000e-01) (0, 3, 0.00000000000000000000e+00) (3, 0, 5.00000000000000000000e-01) (0, 0, 0.00000000000000000000e+00) 
connections (connected_to_neuron, weight)=(0, -8.93039703369140625000e-01) (1, -1.39100000000000000000e+03) (2, -1.50000000000000000000e+03) (3, 7.69602870941162109375e+00) (4, 4.25478649139404296875e+00) (5, 1.50000000000000000000e+03) (6, 7.91005182266235351562e+00) (0, 1.49666357421875000000e+03) (1, 1.50000000000000000000e+03) (2, 1.48099597167968750000e+03) (3, -1.46959997558593750000e+03) (4, -1.48249304199218750000e+03) (5, -1.50000000000000000000e+03) (6, -2.19763278961181640625e+00) (0, 5.51098227500915527344e-01) (1, -1.18283510208129882812e+00) (2, -1.87487706542015075684e-01) (3, 5.80902695655822753906e-01) (4, 9.31221783161163330078e-01) (5, -1.98134219646453857422e+00) (6, -6.35657882690429687500e+00) (0, 2.26365908980369567871e-01) (1, -7.95528709888458251953e-01) (2, 4.58132922649383544922e-01) (3, 2.51285403966903686523e-01) (4, -2.36194103956222534180e-01) (5, 1.98451261967420578003e-02) (6, -3.19985198974609375000e+00) (7, -7.45471191406250000000e+02) (8, 3.05477813720703125000e+02) (9, -3.01300109863281250000e+02) (10, -2.97072811126708984375e+01) (11, -3.48170566558837890625e+00) (7, -1.33124184608459472656e+00) (8, 1.48766210937500000000e+03) (9, 5.27567982673645019531e-01) (10, 2.63479542732238769531e+00) (11, -4.20479685068130493164e-01) (12, -3.15468236804008483887e-02) (13, 5.13923019170761108398e-02) (14, -1.25091131776571273804e-02) 
