FANN_FLO_2.1
num_layers=3
learning_rate=0.500000
connection_rate=1.000000
network_type=0
learning_momentum=0.000000
training_algorithm=2
train_error_function=1
train_stop_function=0
cascade_output_change_fraction=0.010000
quickprop_decay=-0.000100
quickprop_mu=1.750000
rprop_increase_factor=1.200000
rprop_decrease_factor=0.500000
rprop_delta_min=0.000000
rprop_delta_max=50.000000
rprop_delta_zero=0.100000
cascade_output_stagnation_epochs=12
cascade_candidate_change_fraction=0.010000
cascade_candidate_stagnation_epochs=12
cascade_max_out_epochs=150
cascade_min_out_epochs=50
cascade_max_cand_epochs=150
cascade_min_cand_epochs=50
cascade_num_candidate_groups=2
bit_fail_limit=3.49999994039535522461e-01
cascade_candidate_limit=1.00000000000000000000e+03
cascade_weight_multiplier=4.00000005960464477539e-01
cascade_activation_functions_count=10
cascade_activation_functions=3 5 7 8 10 11 14 15 16 17 
cascade_activation_steepnesses_count=4
cascade_activation_steepnesses=2.50000000000000000000e-01 5.00000000000000000000e-01 7.50000000000000000000e-01 1.00000000000000000000e+00 
layer_sizes=3 9 4 
scale_included=0
neurons (num_inputs, activation_function, activation_steepness)=(0, 0, 0.00000000000000000000e+00) (0, 0, 0.00000000000000000000e+00) (0, 0, 0.00000000000000000000e+00) (3, 3, 5.00000000000000000000e-01) (3, 3, 5.00000000000000000000e-01) (3, 3, 5.00000000000000000000e-01) (3, 3, 5.00000000000000000000e-01) (3, 3, 5.00000000000000000000e-01) (3, 3, 5.00000000000000000000e-01) (3, 3, 5.00000000000000000000e-01) (3, 3, 5.00000000000000000000e-01) (0, 3, 0.00000000000000000000e+00) (9, 0, 5.00000000000000000000e-01) (9, 0, 5.00000000000000000000e-01) (9, 0, 5.00000000000000000000e-01) (0, 0, 0.00000000000000000000e+00) 
connections (connected_to_neuron, weight)=(0, -7.42662668228149414062e+00) (1, 5.41285133361816406250e+00) (2, 3.69790530204772949219e+00) (0, -6.51255226135253906250e+00) (1, 7.33744335174560546875e+00) (2, 4.60767555236816406250e+00) (0, -1.82912945747375488281e+00) (1, -2.26760387420654296875e+00) (2, 1.19939994812011718750e+00) (0, -9.52254414558410644531e-01) (1, -8.16817378997802734375e+00) (2, 2.23213996887207031250e+01) (0, -4.02670717239379882812e+00) (1, -7.58108913898468017578e-01) (2, 3.94097894430160522461e-01) (0, -3.16440272331237792969e+00) (1, 1.52692353725433349609e+00) (2, 8.30002278089523315430e-02) (0, -6.50176620483398437500e+00) (1, 5.27257490158081054688e+00) (2, 7.66424226760864257812e+00) (0, -4.60030937194824218750e+00) (1, -1.40750989913940429688e+01) (2, 3.32193708419799804688e+00) (3, 3.22927325963973999023e-01) (4, 6.86520338058471679688e-01) (5, 1.53792870044708251953e+00) (6, 5.87310791015625000000e-01) (7, 2.39201521873474121094e+00) (8, 3.16793036460876464844e+00) (9, 5.72629570960998535156e-01) (10, 1.76596868038177490234e+00) (11, 1.22464932501316070557e-01) (3, 2.35498547554016113281e+00) (4, 2.16982388496398925781e+00) (5, 6.63713932037353515625e+00) (6, 1.89215898513793945312e+00) (7, 5.54856920242309570312e+00) (8, 7.80786943435668945312e+00) (9, 2.24697995185852050781e+00) (10, 3.36614370346069335938e+00) (11, 1.84602880477905273438e+00) (3, 7.62646913528442382812e+00) (4, 7.83201074600219726562e+00) (5, 2.31248970031738281250e+01) (6, 8.29445457458496093750e+00) (7, 1.64908504486083984375e+01) (8, 2.41178264617919921875e+01) (9, 7.94472789764404296875e+00) (10, 9.54957962036132812500e+00) (11, 8.28713417053222656250e+00) 
