FANN_FLO_2.1
num_layers=3
learning_rate=0.500000
connection_rate=1.000000
network_type=0
learning_momentum=0.000000
training_algorithm=2
train_error_function=1
train_stop_function=0
cascade_output_change_fraction=0.010000
quickprop_decay=-0.000100
quickprop_mu=1.750000
rprop_increase_factor=1.200000
rprop_decrease_factor=0.500000
rprop_delta_min=0.000000
rprop_delta_max=50.000000
rprop_delta_zero=0.100000
cascade_output_stagnation_epochs=12
cascade_candidate_change_fraction=0.010000
cascade_candidate_stagnation_epochs=12
cascade_max_out_epochs=150
cascade_min_out_epochs=50
cascade_max_cand_epochs=150
cascade_min_cand_epochs=50
cascade_num_candidate_groups=2
bit_fail_limit=3.49999994039535522461e-01
cascade_candidate_limit=1.00000000000000000000e+03
cascade_weight_multiplier=4.00000005960464477539e-01
cascade_activation_functions_count=10
cascade_activation_functions=3 5 7 8 10 11 14 15 16 17 
cascade_activation_steepnesses_count=4
cascade_activation_steepnesses=2.50000000000000000000e-01 5.00000000000000000000e-01 7.50000000000000000000e-01 1.00000000000000000000e+00 
layer_sizes=10 5 2 
scale_included=0
neurons (num_inputs, activation_function, activation_steepness)=(0, 0, 0.00000000000000000000e+00) (0, 0, 0.00000000000000000000e+00) (0, 0, 0.00000000000000000000e+00) (0, 0, 0.00000000000000000000e+00) (0, 0, 0.00000000000000000000e+00) (0, 0, 0.00000000000000000000e+00) (0, 0, 0.00000000000000000000e+00) (0, 0, 0.00000000000000000000e+00) (0, 0, 0.00000000000000000000e+00) (0, 0, 0.00000000000000000000e+00) (10, 3, 5.00000000000000000000e-01) (10, 3, 5.00000000000000000000e-01) (10, 3, 5.00000000000000000000e-01) (10, 3, 5.00000000000000000000e-01) (0, 3, 0.00000000000000000000e+00) (5, 3, 5.00000000000000000000e-01) (0, 3, 0.00000000000000000000e+00) 
connections (connected_to_neuron, weight)=(0, -4.24934327602386474609e-02) (1, -1.05195963382720947266e+00) (2, 1.15325950086116790771e-01) (3, 5.67591451108455657959e-02) (4, -1.25400471687316894531e+00) (5, 2.02069163322448730469e-01) (6, -3.09212889987975358963e-04) (7, -8.23344588279724121094e-01) (8, -6.67750686407089233398e-02) (9, 3.56754481792449951172e-01) (0, -6.17909371852874755859e-01) (1, -4.64963763952255249023e-01) (2, -3.20199549198150634766e-01) (3, -5.53455770015716552734e-01) (4, -5.22961258888244628906e-01) (5, -5.67035973072052001953e-01) (6, -2.76200503110885620117e-01) (7, -4.98053073883056640625e-01) (8, -2.67441332340240478516e-01) (9, 1.56714272499084472656e+00) (0, 4.01136457920074462891e-01) (1, -2.80909419059753417969e-01) (2, -6.34920537471771240234e-01) (3, -3.68289768695831298828e-01) (4, 1.65374770760536193848e-01) (5, -4.21163856983184814453e-01) (6, -7.61372983455657958984e-01) (7, -4.97307449579238891602e-01) (8, -7.49372720718383789062e-01) (9, 1.18101954460144042969e-01) (0, 6.01099848747253417969e-01) (1, 4.00359451770782470703e-01) (2, 5.97782433032989501953e-01) (3, -1.95058822631835937500e-01) (4, 3.22602689266204833984e-01) (5, -4.23905044794082641602e-01) (6, 7.09078371524810791016e-01) (7, -2.91368037462234497070e-01) (8, 8.74942600727081298828e-01) (9, 8.62567961215972900391e-01) (10, -1.08793765306472778320e-01) (11, -3.24281668663024902344e+00) (12, -1.33709120750427246094e+00) (13, 1.09781825542449951172e+00) (14, 5.51265776157379150391e-01) 
