FANN_FLO_2.1
num_layers=4
learning_rate=0.300000
connection_rate=1.000000
network_type=0
learning_momentum=0.000000
training_algorithm=2
train_error_function=1
train_stop_function=0
cascade_output_change_fraction=0.010000
quickprop_decay=-0.000100
quickprop_mu=1.750000
rprop_increase_factor=1.200000
rprop_decrease_factor=0.500000
rprop_delta_min=0.000000
rprop_delta_max=50.000000
rprop_delta_zero=0.100000
cascade_output_stagnation_epochs=12
cascade_candidate_change_fraction=0.010000
cascade_candidate_stagnation_epochs=12
cascade_max_out_epochs=150
cascade_min_out_epochs=50
cascade_max_cand_epochs=150
cascade_min_cand_epochs=50
cascade_num_candidate_groups=2
bit_fail_limit=3.49999994039535522461e-01
cascade_candidate_limit=1.00000000000000000000e+03
cascade_weight_multiplier=4.00000005960464477539e-01
cascade_activation_functions_count=10
cascade_activation_functions=3 5 7 8 10 11 14 15 16 17 
cascade_activation_steepnesses_count=4
cascade_activation_steepnesses=2.50000000000000000000e-01 5.00000000000000000000e-01 7.50000000000000000000e-01 1.00000000000000000000e+00 
layer_sizes=2 5 5 3 
scale_included=0
neurons (num_inputs, activation_function, activation_steepness)=(0, 0, 0.00000000000000000000e+00) (0, 0, 0.00000000000000000000e+00) (2, 3, 5.00000000000000000000e-01) (2, 3, 5.00000000000000000000e-01) (2, 3, 5.00000000000000000000e-01) (2, 3, 5.00000000000000000000e-01) (0, 3, 0.00000000000000000000e+00) (5, 3, 5.00000000000000000000e-01) (5, 3, 5.00000000000000000000e-01) (5, 3, 5.00000000000000000000e-01) (5, 3, 5.00000000000000000000e-01) (0, 3, 0.00000000000000000000e+00) (5, 0, 5.00000000000000000000e-01) (5, 0, 5.00000000000000000000e-01) (0, 0, 0.00000000000000000000e+00) 
connections (connected_to_neuron, weight)=(0, 2.74366068840026855469e+00) (1, -2.68203586339950561523e-01) (0, -3.99772415161132812500e+01) (1, -1.79397201538085937500e+00) (0, 3.16451740264892578125e+00) (1, 9.32029664516448974609e-01) (0, -8.29596424102783203125e+00) (1, -7.13476276397705078125e+00) (2, 8.07946681976318359375e-01) (3, -8.53478759527206420898e-02) (4, -7.97752439975738525391e-02) (5, 1.91289603710174560547e+00) (6, -2.90711253881454467773e-01) (2, 3.86016607284545898438e-01) (3, 1.25462269783020019531e+00) (4, -4.54300731420516967773e-01) (5, 1.69538557529449462891e+00) (6, -8.46126139163970947266e-01) (2, -5.84172725677490234375e-01) (3, 1.27217411994934082031e+00) (4, -2.41255715489387512207e-01) (5, 9.53358888626098632812e-01) (6, -4.54624772071838378906e-01) (2, -1.30328834056854248047e-01) (3, 9.83264207839965820312e-01) (4, -4.92132782936096191406e-01) (5, 1.44875669479370117188e+00) (6, -2.93624103069305419922e-01) (7, -9.80065613985061645508e-02) (8, 2.29163132607936859131e-02) (9, 2.81468275934457778931e-02) (10, 3.46119562163949012756e-03) (11, 1.52294151484966278076e-02) (7, -2.58886039257049560547e-01) (8, -7.54164993762969970703e-01) (9, -8.98855507373809814453e-01) (10, -7.11865723133087158203e-01) (11, -2.79095470905303955078e-01) 
