FANN_FLO_2.1
num_layers=3
learning_rate=0.500000
connection_rate=1.000000
network_type=0
learning_momentum=0.000000
training_algorithm=2
train_error_function=1
train_stop_function=0
cascade_output_change_fraction=0.010000
quickprop_decay=-0.000100
quickprop_mu=1.750000
rprop_increase_factor=1.200000
rprop_decrease_factor=0.500000
rprop_delta_min=0.000000
rprop_delta_max=50.000000
rprop_delta_zero=0.100000
cascade_output_stagnation_epochs=12
cascade_candidate_change_fraction=0.010000
cascade_candidate_stagnation_epochs=12
cascade_max_out_epochs=150
cascade_min_out_epochs=50
cascade_max_cand_epochs=150
cascade_min_cand_epochs=50
cascade_num_candidate_groups=2
bit_fail_limit=3.49999994039535522461e-01
cascade_candidate_limit=1.00000000000000000000e+03
cascade_weight_multiplier=4.00000005960464477539e-01
cascade_activation_functions_count=10
cascade_activation_functions=3 5 7 8 10 11 14 15 16 17 
cascade_activation_steepnesses_count=4
cascade_activation_steepnesses=2.50000000000000000000e-01 5.00000000000000000000e-01 7.50000000000000000000e-01 1.00000000000000000000e+00 
layer_sizes=7 9 2 
scale_included=0
neurons (num_inputs, activation_function, activation_steepness)=(0, 0, 0.00000000000000000000e+00) (0, 0, 0.00000000000000000000e+00) (0, 0, 0.00000000000000000000e+00) (0, 0, 0.00000000000000000000e+00) (0, 0, 0.00000000000000000000e+00) (0, 0, 0.00000000000000000000e+00) (0, 0, 0.00000000000000000000e+00) (7, 3, 5.00000000000000000000e-01) (7, 3, 5.00000000000000000000e-01) (7, 3, 5.00000000000000000000e-01) (7, 3, 5.00000000000000000000e-01) (7, 3, 5.00000000000000000000e-01) (7, 3, 5.00000000000000000000e-01) (7, 3, 5.00000000000000000000e-01) (7, 3, 5.00000000000000000000e-01) (0, 3, 0.00000000000000000000e+00) (9, 0, 5.00000000000000000000e-01) (0, 0, 0.00000000000000000000e+00) 
connections (connected_to_neuron, weight)=(0, -2.75507888793945312500e+01) (1, 7.62230911254882812500e+01) (2, -2.26027526855468750000e+01) (3, -2.92379283905029296875e+01) (4, 5.50543327331542968750e+01) (5, -3.10364196777343750000e+02) (6, -6.73735797405242919922e-01) (0, 2.13418731689453125000e+01) (1, -8.81491760253906250000e+02) (2, 7.19458190917968750000e+02) (3, 2.22053928375244140625e+01) (4, -9.57607971191406250000e+02) (5, 5.26725402832031250000e+02) (6, -1.70482611656188964844e+00) (0, -2.79859485626220703125e+01) (1, 5.27878303527832031250e+01) (2, -1.34032324218750000000e+03) (3, -2.96065902709960937500e+01) (4, 1.20523353576660156250e+02) (5, -6.81075195312500000000e+02) (6, -7.75223553180694580078e-01) (0, -2.78857746124267578125e+01) (1, 3.06720867156982421875e+01) (2, -4.30162811279296875000e+02) (3, -2.96459407806396484375e+01) (4, 4.11543121337890625000e+01) (5, -2.24573455810546875000e+02) (6, -6.50291800498962402344e-01) (0, 5.59637985229492187500e+01) (1, -4.72600646972656250000e+02) (2, 1.59390167236328125000e+02) (3, 1.15775733947753906250e+02) (4, -7.77860168457031250000e+02) (5, -3.25802429199218750000e+02) (6, 1.91507473587989807129e-01) (0, -9.04828338623046875000e+01) (1, -3.03626632690429687500e+00) (2, 8.28482742309570312500e+01) (3, -1.77784194946289062500e+02) (4, 1.46579952239990234375e+01) (5, 1.66748565673828125000e+02) (6, 8.04966613650321960449e-02) (0, -2.78889064788818359375e+01) (1, 2.61513404846191406250e+01) (2, -4.49368713378906250000e+02) (3, -2.96861019134521484375e+01) (4, 2.74561443328857421875e+01) (5, -1.99304794311523437500e+02) (6, -7.90760219097137451172e-01) (0, 2.13126029968261718750e+01) (1, -8.81733703613281250000e+02) (2, 7.22593750000000000000e+02) (3, 2.20997409820556640625e+01) (4, -9.57902038574218750000e+02) (5, 5.26879028320312500000e+02) (6, -1.70136189460754394531e+00) (7, -2.54412330687046051025e-02) (8, -1.39988334849476814270e-02) (9, 7.49771250411868095398e-03) (10, -6.11498137004673480988e-04) (11, -1.80159950256347656250e+00) (12, 9.68700805664062500000e+02) (13, -1.33499866351485252380e-02) (14, -3.74492630362510681152e-03) (15, 3.43974493443965911865e-02) 
