FANN_FLO_2.1
num_layers=4
learning_rate=0.500000
connection_rate=1.000000
network_type=0
learning_momentum=0.000000
training_algorithm=2
train_error_function=1
train_stop_function=0
cascade_output_change_fraction=0.010000
quickprop_decay=-0.000100
quickprop_mu=1.750000
rprop_increase_factor=1.200000
rprop_decrease_factor=0.500000
rprop_delta_min=0.000000
rprop_delta_max=50.000000
rprop_delta_zero=0.100000
cascade_output_stagnation_epochs=12
cascade_candidate_change_fraction=0.010000
cascade_candidate_stagnation_epochs=12
cascade_max_out_epochs=150
cascade_min_out_epochs=50
cascade_max_cand_epochs=150
cascade_min_cand_epochs=50
cascade_num_candidate_groups=2
bit_fail_limit=3.49999994039535522461e-01
cascade_candidate_limit=1.00000000000000000000e+03
cascade_weight_multiplier=4.00000005960464477539e-01
cascade_activation_functions_count=10
cascade_activation_functions=3 5 7 8 10 11 14 15 16 17 
cascade_activation_steepnesses_count=4
cascade_activation_steepnesses=2.50000000000000000000e-01 5.00000000000000000000e-01 7.50000000000000000000e-01 1.00000000000000000000e+00 
layer_sizes=4 5 5 2 
scale_included=0
neurons (num_inputs, activation_function, activation_steepness)=(0, 0, 0.00000000000000000000e+00) (0, 0, 0.00000000000000000000e+00) (0, 0, 0.00000000000000000000e+00) (0, 0, 0.00000000000000000000e+00) (4, 3, 5.00000000000000000000e-01) (4, 3, 5.00000000000000000000e-01) (4, 3, 5.00000000000000000000e-01) (4, 3, 5.00000000000000000000e-01) (0, 3, 0.00000000000000000000e+00) (5, 3, 5.00000000000000000000e-01) (5, 3, 5.00000000000000000000e-01) (5, 3, 5.00000000000000000000e-01) (5, 3, 5.00000000000000000000e-01) (0, 3, 0.00000000000000000000e+00) (5, 3, 5.00000000000000000000e-01) (0, 3, 0.00000000000000000000e+00) 
connections (connected_to_neuron, weight)=(0, 1.18431866168975830078e+00) (1, -1.89518604278564453125e+01) (2, 1.37720739841461181641e+00) (3, 3.19831013679504394531e+00) (0, -2.97466969490051269531e+00) (1, -1.14067554473876953125e+01) (2, 2.79466509819030761719e-01) (3, 4.75289297103881835938e+00) (0, -5.48046302795410156250e+00) (1, -5.30501604080200195312e+00) (2, 4.34729909896850585938e+00) (3, 2.05983853340148925781e+00) (0, -2.90681767463684082031e+00) (1, -1.29549255371093750000e+01) (2, 1.16699266433715820312e+00) (3, 4.98504877090454101562e+00) (4, -1.71327133178710937500e+01) (5, 1.91331672668457031250e+01) (6, 8.62346935272216796875e+00) (7, 1.55817108154296875000e+01) (8, -9.13510036468505859375e+00) (4, -1.82605838775634765625e+01) (5, 1.10048961639404296875e+01) (6, 9.21536540985107421875e+00) (7, 2.57425765991210937500e+01) (8, -9.81045913696289062500e+00) (4, -1.68009781837463378906e+00) (5, -2.19359874725341796875e+01) (6, -1.64619274139404296875e+01) (7, -4.51399421691894531250e+00) (8, 1.05096387863159179688e+01) (4, -1.28345117568969726562e+01) (5, 1.09315490722656250000e+01) (6, 9.67114448547363281250e+00) (7, 1.68353881835937500000e+01) (8, -8.13396453857421875000e+00) (9, -2.25669312477111816406e+00) (10, -1.92139279842376708984e+00) (11, 1.52790471911430358887e-01) (12, -1.08206830918788909912e-01) (13, 2.04035377502441406250e+00) 
