FANN_FLO_2.1
num_layers=4
learning_rate=0.450000
connection_rate=1.000000
network_type=0
learning_momentum=0.000000
training_algorithm=2
train_error_function=1
train_stop_function=0
cascade_output_change_fraction=0.010000
quickprop_decay=-0.000100
quickprop_mu=1.750000
rprop_increase_factor=1.200000
rprop_decrease_factor=0.500000
rprop_delta_min=0.000000
rprop_delta_max=50.000000
rprop_delta_zero=0.100000
cascade_output_stagnation_epochs=12
cascade_candidate_change_fraction=0.010000
cascade_candidate_stagnation_epochs=12
cascade_max_out_epochs=150
cascade_min_out_epochs=50
cascade_max_cand_epochs=150
cascade_min_cand_epochs=50
cascade_num_candidate_groups=2
bit_fail_limit=3.49999994039535522461e-01
cascade_candidate_limit=1.00000000000000000000e+03
cascade_weight_multiplier=4.00000005960464477539e-01
cascade_activation_functions_count=10
cascade_activation_functions=3 5 7 8 10 11 14 15 16 17 
cascade_activation_steepnesses_count=4
cascade_activation_steepnesses=2.50000000000000000000e-01 5.00000000000000000000e-01 7.50000000000000000000e-01 1.00000000000000000000e+00 
layer_sizes=7 5 3 2 
scale_included=0
neurons (num_inputs, activation_function, activation_steepness)=(0, 0, 0.00000000000000000000e+00) (0, 0, 0.00000000000000000000e+00) (0, 0, 0.00000000000000000000e+00) (0, 0, 0.00000000000000000000e+00) (0, 0, 0.00000000000000000000e+00) (0, 0, 0.00000000000000000000e+00) (0, 0, 0.00000000000000000000e+00) (7, 3, 5.00000000000000000000e-01) (7, 3, 5.00000000000000000000e-01) (7, 3, 5.00000000000000000000e-01) (7, 3, 5.00000000000000000000e-01) (0, 3, 0.00000000000000000000e+00) (5, 3, 5.00000000000000000000e-01) (5, 3, 5.00000000000000000000e-01) (0, 3, 0.00000000000000000000e+00) (3, 0, 5.00000000000000000000e-01) (0, 0, 0.00000000000000000000e+00) 
connections (connected_to_neuron, weight)=(0, 3.03752720355987548828e-02) (1, -6.62749186158180236816e-02) (2, 6.10103368759155273438e-01) (3, 4.87197786569595336914e-02) (4, -7.43677020072937011719e-01) (5, 1.42725855112075805664e-01) (6, -3.57849907875061035156e+00) (0, 1.70929985046386718750e+01) (1, 1.50000000000000000000e+03) (2, 1.50000000000000000000e+03) (3, 1.49225756525993347168e-01) (4, 1.50000000000000000000e+03) (5, 3.41044982910156250000e+02) (6, -1.33841009140014648438e+01) (0, -1.35335817933082580566e-01) (1, 1.15472950041294097900e-01) (2, 1.36180543899536132812e+00) (3, 1.69323414564132690430e-01) (4, -1.32502794265747070312e+00) (5, -6.65257871150970458984e-02) (6, -4.68147945404052734375e+00) (0, 3.11697989702224731445e-01) (1, -3.12358140945434570312e-01) (2, 6.34343147277832031250e-01) (3, 1.00861854851245880127e-01) (4, -8.35063636302947998047e-01) (5, 9.33246910572052001953e-02) (6, -1.27635729312896728516e+00) (7, 9.36032104492187500000e+01) (8, -4.57714891433715820312e+00) (9, -1.87783737182617187500e+01) (10, 2.53095698356628417969e+00) (11, -8.55726659297943115234e-01) (7, -4.01738739013671875000e+01) (8, 9.16009783744812011719e-01) (9, 1.83535060882568359375e+01) (10, 2.29960232973098754883e-01) (11, -4.28725361824035644531e-01) (12, 2.66032308340072631836e-01) (13, 4.24302637577056884766e-01) (14, -2.55712747573852539062e-01) 
