FANN_FLO_2.1
num_layers=3
learning_rate=0.300000
connection_rate=1.000000
network_type=0
learning_momentum=0.000000
training_algorithm=2
train_error_function=1
train_stop_function=0
cascade_output_change_fraction=0.010000
quickprop_decay=-0.000100
quickprop_mu=1.750000
rprop_increase_factor=1.200000
rprop_decrease_factor=0.500000
rprop_delta_min=0.000000
rprop_delta_max=50.000000
rprop_delta_zero=0.100000
cascade_output_stagnation_epochs=12
cascade_candidate_change_fraction=0.010000
cascade_candidate_stagnation_epochs=12
cascade_max_out_epochs=150
cascade_min_out_epochs=50
cascade_max_cand_epochs=150
cascade_min_cand_epochs=50
cascade_num_candidate_groups=2
bit_fail_limit=3.49999994039535522461e-01
cascade_candidate_limit=1.00000000000000000000e+03
cascade_weight_multiplier=4.00000005960464477539e-01
cascade_activation_functions_count=10
cascade_activation_functions=3 5 7 8 10 11 14 15 16 17 
cascade_activation_steepnesses_count=4
cascade_activation_steepnesses=2.50000000000000000000e-01 5.00000000000000000000e-01 7.50000000000000000000e-01 1.00000000000000000000e+00 
layer_sizes=4 9 2 
scale_included=0
neurons (num_inputs, activation_function, activation_steepness)=(0, 0, 0.00000000000000000000e+00) (0, 0, 0.00000000000000000000e+00) (0, 0, 0.00000000000000000000e+00) (0, 0, 0.00000000000000000000e+00) (4, 3, 5.00000000000000000000e-01) (4, 3, 5.00000000000000000000e-01) (4, 3, 5.00000000000000000000e-01) (4, 3, 5.00000000000000000000e-01) (4, 3, 5.00000000000000000000e-01) (4, 3, 5.00000000000000000000e-01) (4, 3, 5.00000000000000000000e-01) (4, 3, 5.00000000000000000000e-01) (0, 3, 0.00000000000000000000e+00) (9, 3, 5.00000000000000000000e-01) (0, 3, 0.00000000000000000000e+00) 
connections (connected_to_neuron, weight)=(0, -9.56898108124732971191e-02) (1, 3.26239094138145446777e-02) (2, -9.84876394271850585938e-01) (3, 6.73576593399047851562e+00) (0, -1.83652842044830322266e+00) (1, 7.37942397594451904297e-01) (2, -1.33665239810943603516e+00) (3, 9.24850082397460937500e+00) (0, -1.45707145333290100098e-01) (1, 2.37225946038961410522e-02) (2, -1.40484392642974853516e-01) (3, 1.87933933734893798828e+00) (0, -1.07317495346069335938e+00) (1, 6.88523948192596435547e-01) (2, -1.53542304039001464844e+00) (3, 4.18019056320190429688e+00) (0, 6.00154342651367187500e+01) (1, -3.36193370819091796875e+00) (2, -2.93667633056640625000e+02) (3, -5.13859093189239501953e-02) (0, -1.26735277175903320312e+01) (1, 1.41625761985778808594e+00) (2, -1.05039968490600585938e+01) (3, 5.19780457019805908203e-01) (0, 1.30314998626708984375e+01) (1, -4.50994396209716796875e+00) (2, -2.09773120880126953125e+01) (3, -1.15402579307556152344e+00) (0, -1.29285669326782226562e+00) (1, 6.67924761772155761719e-01) (2, -1.44353675842285156250e+00) (3, 1.20150489807128906250e+01) (4, -1.07408356666564941406e+00) (5, -2.48272523283958435059e-01) (6, -4.97470903396606445312e+00) (7, -3.08946400880813598633e-01) (8, -1.17455080151557922363e-01) (9, -3.13218841552734375000e+01) (10, 1.61231905221939086914e-01) (11, -1.73572927713394165039e-01) (12, 9.91463661193847656250e-01) 
