FANN_FLO_2.1
num_layers=3
learning_rate=0.500000
connection_rate=1.000000
network_type=0
learning_momentum=0.000000
training_algorithm=2
train_error_function=1
train_stop_function=0
cascade_output_change_fraction=0.010000
quickprop_decay=-0.000100
quickprop_mu=1.750000
rprop_increase_factor=1.200000
rprop_decrease_factor=0.500000
rprop_delta_min=0.000000
rprop_delta_max=50.000000
rprop_delta_zero=0.100000
cascade_output_stagnation_epochs=12
cascade_candidate_change_fraction=0.010000
cascade_candidate_stagnation_epochs=12
cascade_max_out_epochs=150
cascade_min_out_epochs=50
cascade_max_cand_epochs=150
cascade_min_cand_epochs=50
cascade_num_candidate_groups=2
bit_fail_limit=3.49999994039535522461e-01
cascade_candidate_limit=1.00000000000000000000e+03
cascade_weight_multiplier=4.00000005960464477539e-01
cascade_activation_functions_count=10
cascade_activation_functions=3 5 7 8 10 11 14 15 16 17 
cascade_activation_steepnesses_count=4
cascade_activation_steepnesses=2.50000000000000000000e-01 5.00000000000000000000e-01 7.50000000000000000000e-01 1.00000000000000000000e+00 
layer_sizes=10 3 2 
scale_included=0
neurons (num_inputs, activation_function, activation_steepness)=(0, 0, 0.00000000000000000000e+00) (0, 0, 0.00000000000000000000e+00) (0, 0, 0.00000000000000000000e+00) (0, 0, 0.00000000000000000000e+00) (0, 0, 0.00000000000000000000e+00) (0, 0, 0.00000000000000000000e+00) (0, 0, 0.00000000000000000000e+00) (0, 0, 0.00000000000000000000e+00) (0, 0, 0.00000000000000000000e+00) (0, 0, 0.00000000000000000000e+00) (10, 3, 5.00000000000000000000e-01) (10, 3, 5.00000000000000000000e-01) (0, 3, 0.00000000000000000000e+00) (3, 3, 5.00000000000000000000e-01) (0, 3, 0.00000000000000000000e+00) 
connections (connected_to_neuron, weight)=(0, -3.86102288961410522461e-01) (1, -3.99043887853622436523e-01) (2, -4.16964173316955566406e-01) (3, -3.45371574163436889648e-01) (4, -3.61201316118240356445e-01) (5, -4.41695988178253173828e-01) (6, -4.26926314830780029297e-01) (7, -3.58006298542022705078e-01) (8, -4.18622016906738281250e-01) (9, 1.00842726230621337891e+00) (0, -4.01296705007553100586e-01) (1, -3.88138800859451293945e-01) (2, -3.72749179601669311523e-01) (3, -4.65998828411102294922e-01) (4, -4.45637464523315429688e-01) (5, -3.13151538372039794922e-01) (6, -3.76273065805435180664e-01) (7, -4.32610213756561279297e-01) (8, -3.48283052444458007812e-01) (9, 1.02606368064880371094e+00) (10, -3.26008629798889160156e+00) (11, -2.01516914367675781250e+00) (12, 1.69495618343353271484e+00) 
