FANN_FLO_2.1
num_layers=3
learning_rate=0.500000
connection_rate=1.000000
network_type=0
learning_momentum=0.000000
training_algorithm=2
train_error_function=1
train_stop_function=0
cascade_output_change_fraction=0.010000
quickprop_decay=-0.000100
quickprop_mu=1.750000
rprop_increase_factor=1.200000
rprop_decrease_factor=0.500000
rprop_delta_min=0.000000
rprop_delta_max=50.000000
rprop_delta_zero=0.100000
cascade_output_stagnation_epochs=12
cascade_candidate_change_fraction=0.010000
cascade_candidate_stagnation_epochs=12
cascade_max_out_epochs=150
cascade_min_out_epochs=50
cascade_max_cand_epochs=150
cascade_min_cand_epochs=50
cascade_num_candidate_groups=2
bit_fail_limit=3.49999994039535522461e-01
cascade_candidate_limit=1.00000000000000000000e+03
cascade_weight_multiplier=4.00000005960464477539e-01
cascade_activation_functions_count=10
cascade_activation_functions=3 5 7 8 10 11 14 15 16 17 
cascade_activation_steepnesses_count=4
cascade_activation_steepnesses=2.50000000000000000000e-01 5.00000000000000000000e-01 7.50000000000000000000e-01 1.00000000000000000000e+00 
layer_sizes=7 5 2 
scale_included=0
neurons (num_inputs, activation_function, activation_steepness)=(0, 0, 0.00000000000000000000e+00) (0, 0, 0.00000000000000000000e+00) (0, 0, 0.00000000000000000000e+00) (0, 0, 0.00000000000000000000e+00) (0, 0, 0.00000000000000000000e+00) (0, 0, 0.00000000000000000000e+00) (0, 0, 0.00000000000000000000e+00) (7, 3, 5.00000000000000000000e-01) (7, 3, 5.00000000000000000000e-01) (7, 3, 5.00000000000000000000e-01) (7, 3, 5.00000000000000000000e-01) (0, 3, 0.00000000000000000000e+00) (5, 0, 5.00000000000000000000e-01) (0, 0, 0.00000000000000000000e+00) 
connections (connected_to_neuron, weight)=(0, -4.22002166509628295898e-01) (1, -3.91167104244232177734e-01) (2, -2.24001312255859375000e+00) (3, 1.27095401287078857422e-01) (4, -1.86098143458366394043e-01) (5, 2.96509218215942382812e+00) (6, 2.72707128524780273438e+00) (0, 1.21945496648550033569e-02) (1, 7.27104954421520233154e-03) (2, -1.48181879520416259766e+00) (3, 1.17003269493579864502e-01) (4, 4.38885033130645751953e-01) (5, 9.08194899559020996094e-01) (6, 4.30265754461288452148e-01) (0, -1.25907015800476074219e+00) (1, -1.03537845611572265625e+00) (2, -3.84963464736938476562e+00) (3, -8.15257728099822998047e-01) (4, -9.14117276668548583984e-01) (5, 1.26085786819458007812e+01) (6, 1.01665802001953125000e+01) (0, 2.27243024855852127075e-02) (1, -5.95457851886749267578e-03) (2, 9.90674793720245361328e-01) (3, -1.27922579646110534668e-01) (4, -3.17625045776367187500e-01) (5, -4.13952767848968505859e-01) (6, -7.37371444702148437500e-01) (7, 7.93176516890525817871e-02) (8, 3.37217807769775390625e-01) (9, -7.29307979345321655273e-02) (10, 3.87014418840408325195e-01) (11, -3.30694317817687988281e-01) 
