FANN_FLO_2.1
num_layers=4
learning_rate=0.500000
connection_rate=1.000000
network_type=0
learning_momentum=0.000000
training_algorithm=2
train_error_function=1
train_stop_function=0
cascade_output_change_fraction=0.010000
quickprop_decay=-0.000100
quickprop_mu=1.750000
rprop_increase_factor=1.200000
rprop_decrease_factor=0.500000
rprop_delta_min=0.000000
rprop_delta_max=50.000000
rprop_delta_zero=0.100000
cascade_output_stagnation_epochs=12
cascade_candidate_change_fraction=0.010000
cascade_candidate_stagnation_epochs=12
cascade_max_out_epochs=150
cascade_min_out_epochs=50
cascade_max_cand_epochs=150
cascade_min_cand_epochs=50
cascade_num_candidate_groups=2
bit_fail_limit=3.49999994039535522461e-01
cascade_candidate_limit=1.00000000000000000000e+03
cascade_weight_multiplier=4.00000005960464477539e-01
cascade_activation_functions_count=10
cascade_activation_functions=3 5 7 8 10 11 14 15 16 17 
cascade_activation_steepnesses_count=4
cascade_activation_steepnesses=2.50000000000000000000e-01 5.00000000000000000000e-01 7.50000000000000000000e-01 1.00000000000000000000e+00 
layer_sizes=4 5 3 2 
scale_included=0
neurons (num_inputs, activation_function, activation_steepness)=(0, 0, 0.00000000000000000000e+00) (0, 0, 0.00000000000000000000e+00) (0, 0, 0.00000000000000000000e+00) (0, 0, 0.00000000000000000000e+00) (4, 3, 5.00000000000000000000e-01) (4, 3, 5.00000000000000000000e-01) (4, 3, 5.00000000000000000000e-01) (4, 3, 5.00000000000000000000e-01) (0, 3, 0.00000000000000000000e+00) (5, 3, 5.00000000000000000000e-01) (5, 3, 5.00000000000000000000e-01) (0, 3, 0.00000000000000000000e+00) (3, 3, 5.00000000000000000000e-01) (0, 3, 0.00000000000000000000e+00) 
connections (connected_to_neuron, weight)=(0, -1.37420177459716796875e+01) (1, -3.69449287652969360352e-01) (2, -7.62050199508666992188e+00) (3, 1.15868768692016601562e+01) (0, -3.22179317474365234375e+00) (1, -1.49477502441406250000e+03) (2, -7.65843505859375000000e+02) (3, -3.60207527875900268555e-01) (0, -4.98206853866577148438e+00) (1, -2.90682182312011718750e+01) (2, 1.45553216934204101562e+01) (3, 5.69907951354980468750e+00) (0, 1.42492771148681640625e+01) (1, -1.49979272460937500000e+03) (2, 2.18814666748046875000e+02) (3, 3.69531178474426269531e+00) (4, 1.35996103286743164062e+01) (5, -1.98028488159179687500e+01) (6, 8.50983142852783203125e+00) (7, -3.87564063072204589844e+00) (8, -5.85533761978149414062e+00) (4, 1.98215599060058593750e+01) (5, -2.91444435119628906250e+01) (6, 1.15040311813354492188e+01) (7, -6.44961071014404296875e+00) (8, -8.59059906005859375000e+00) (9, -2.64925122261047363281e+00) (10, -1.99656879901885986328e+00) (11, 2.39113140106201171875e+00) 
