FANN_FLO_2.1
num_layers=3
learning_rate=0.500000
connection_rate=1.000000
network_type=0
learning_momentum=0.000000
training_algorithm=2
train_error_function=1
train_stop_function=0
cascade_output_change_fraction=0.010000
quickprop_decay=-0.000100
quickprop_mu=1.750000
rprop_increase_factor=1.200000
rprop_decrease_factor=0.500000
rprop_delta_min=0.000000
rprop_delta_max=50.000000
rprop_delta_zero=0.100000
cascade_output_stagnation_epochs=12
cascade_candidate_change_fraction=0.010000
cascade_candidate_stagnation_epochs=12
cascade_max_out_epochs=150
cascade_min_out_epochs=50
cascade_max_cand_epochs=150
cascade_min_cand_epochs=50
cascade_num_candidate_groups=2
bit_fail_limit=3.49999994039535522461e-01
cascade_candidate_limit=1.00000000000000000000e+03
cascade_weight_multiplier=4.00000005960464477539e-01
cascade_activation_functions_count=10
cascade_activation_functions=3 5 7 8 10 11 14 15 16 17 
cascade_activation_steepnesses_count=4
cascade_activation_steepnesses=2.50000000000000000000e-01 5.00000000000000000000e-01 7.50000000000000000000e-01 1.00000000000000000000e+00 
layer_sizes=10 3 2 
scale_included=0
neurons (num_inputs, activation_function, activation_steepness)=(0, 0, 0.00000000000000000000e+00) (0, 0, 0.00000000000000000000e+00) (0, 0, 0.00000000000000000000e+00) (0, 0, 0.00000000000000000000e+00) (0, 0, 0.00000000000000000000e+00) (0, 0, 0.00000000000000000000e+00) (0, 0, 0.00000000000000000000e+00) (0, 0, 0.00000000000000000000e+00) (0, 0, 0.00000000000000000000e+00) (0, 0, 0.00000000000000000000e+00) (10, 3, 5.00000000000000000000e-01) (10, 3, 5.00000000000000000000e-01) (0, 3, 0.00000000000000000000e+00) (3, 3, 5.00000000000000000000e-01) (0, 3, 0.00000000000000000000e+00) 
connections (connected_to_neuron, weight)=(0, -3.39220255613327026367e-01) (1, -3.75655502080917358398e-01) (2, -4.94445234537124633789e-01) (3, -3.63532453775405883789e-01) (4, -2.97981407493352890015e-02) (5, -3.97518694400787353516e-01) (6, -4.39004391431808471680e-01) (7, -3.88787865638732910156e-01) (8, -3.48438978195190429688e-01) (9, 4.87039119005203247070e-01) (0, -2.94139742851257324219e-01) (1, -2.94901847839355468750e-01) (2, 2.83035337924957275391e-01) (3, -3.79515349864959716797e-01) (4, -1.83280754089355468750e+00) (5, -1.35191828012466430664e-02) (6, 1.45910665392875671387e-01) (7, -1.98894247412681579590e-01) (8, -4.50778543949127197266e-01) (9, 7.54651606082916259766e-01) (10, -5.51880645751953125000e+00) (11, -1.03640675544738769531e+00) (12, 1.72373533248901367188e+00) 
