FANN_FLO_2.1
num_layers=4
learning_rate=0.300000
connection_rate=1.000000
network_type=0
learning_momentum=0.000000
training_algorithm=2
train_error_function=1
train_stop_function=0
cascade_output_change_fraction=0.010000
quickprop_decay=-0.000100
quickprop_mu=1.750000
rprop_increase_factor=1.200000
rprop_decrease_factor=0.500000
rprop_delta_min=0.000000
rprop_delta_max=50.000000
rprop_delta_zero=0.100000
cascade_output_stagnation_epochs=12
cascade_candidate_change_fraction=0.010000
cascade_candidate_stagnation_epochs=12
cascade_max_out_epochs=150
cascade_min_out_epochs=50
cascade_max_cand_epochs=150
cascade_min_cand_epochs=50
cascade_num_candidate_groups=2
bit_fail_limit=3.49999994039535522461e-01
cascade_candidate_limit=1.00000000000000000000e+03
cascade_weight_multiplier=4.00000005960464477539e-01
cascade_activation_functions_count=10
cascade_activation_functions=3 5 7 8 10 11 14 15 16 17 
cascade_activation_steepnesses_count=4
cascade_activation_steepnesses=2.50000000000000000000e-01 5.00000000000000000000e-01 7.50000000000000000000e-01 1.00000000000000000000e+00 
layer_sizes=2 5 5 3 
scale_included=0
neurons (num_inputs, activation_function, activation_steepness)=(0, 0, 0.00000000000000000000e+00) (0, 0, 0.00000000000000000000e+00) (2, 3, 5.00000000000000000000e-01) (2, 3, 5.00000000000000000000e-01) (2, 3, 5.00000000000000000000e-01) (2, 3, 5.00000000000000000000e-01) (0, 3, 0.00000000000000000000e+00) (5, 3, 5.00000000000000000000e-01) (5, 3, 5.00000000000000000000e-01) (5, 3, 5.00000000000000000000e-01) (5, 3, 5.00000000000000000000e-01) (0, 3, 0.00000000000000000000e+00) (5, 0, 5.00000000000000000000e-01) (5, 0, 5.00000000000000000000e-01) (0, 0, 0.00000000000000000000e+00) 
connections (connected_to_neuron, weight)=(0, 1.81390869140625000000e+02) (1, 4.43328082561492919922e-01) (0, -2.12698059082031250000e+01) (1, -7.45632076263427734375e+00) (0, 2.17705707550048828125e+01) (1, 1.61047191619873046875e+01) (0, -1.68508319854736328125e+01) (1, -5.23431205749511718750e+00) (2, 1.20978839695453643799e-01) (3, 3.31139302253723144531e+00) (4, 2.32077524065971374512e-01) (5, 1.85211434960365295410e-01) (6, -1.08378040790557861328e+00) (2, -2.02155041694641113281e+00) (3, 1.95279225707054138184e-01) (4, 2.41598773002624511719e+00) (5, 3.72591048479080200195e-01) (6, -1.51232451200485229492e-01) (2, 9.08527970314025878906e-01) (3, 3.46467590332031250000e+00) (4, -2.22304277122020721436e-02) (5, 3.58496046066284179688e+00) (6, -1.19544839859008789062e+00) (2, -7.91692852973937988281e-01) (3, 3.27680897712707519531e+00) (4, 6.73394083976745605469e-01) (5, -1.09434747695922851562e+00) (6, -1.49311339855194091797e+00) (7, 5.06662465631961822510e-02) (8, -8.89913290739059448242e-02) (9, 1.37150347232818603516e-01) (10, -1.12699240446090698242e-01) (11, -5.77892065048217773438e-02) (7, -5.09760677814483642578e-01) (8, -5.73664069175720214844e-01) (9, -5.78625977039337158203e-01) (10, -4.49564874172210693359e-01) (11, -4.03659731149673461914e-01) 
