FANN_FLO_2.1
num_layers=3
learning_rate=0.500000
connection_rate=1.000000
network_type=0
learning_momentum=0.000000
training_algorithm=2
train_error_function=1
train_stop_function=0
cascade_output_change_fraction=0.010000
quickprop_decay=-0.000100
quickprop_mu=1.750000
rprop_increase_factor=1.200000
rprop_decrease_factor=0.500000
rprop_delta_min=0.000000
rprop_delta_max=50.000000
rprop_delta_zero=0.100000
cascade_output_stagnation_epochs=12
cascade_candidate_change_fraction=0.010000
cascade_candidate_stagnation_epochs=12
cascade_max_out_epochs=150
cascade_min_out_epochs=50
cascade_max_cand_epochs=150
cascade_min_cand_epochs=50
cascade_num_candidate_groups=2
bit_fail_limit=3.49999994039535522461e-01
cascade_candidate_limit=1.00000000000000000000e+03
cascade_weight_multiplier=4.00000005960464477539e-01
cascade_activation_functions_count=10
cascade_activation_functions=3 5 7 8 10 11 14 15 16 17 
cascade_activation_steepnesses_count=4
cascade_activation_steepnesses=2.50000000000000000000e-01 5.00000000000000000000e-01 7.50000000000000000000e-01 1.00000000000000000000e+00 
layer_sizes=3 9 4 
scale_included=0
neurons (num_inputs, activation_function, activation_steepness)=(0, 0, 0.00000000000000000000e+00) (0, 0, 0.00000000000000000000e+00) (0, 0, 0.00000000000000000000e+00) (3, 3, 5.00000000000000000000e-01) (3, 3, 5.00000000000000000000e-01) (3, 3, 5.00000000000000000000e-01) (3, 3, 5.00000000000000000000e-01) (3, 3, 5.00000000000000000000e-01) (3, 3, 5.00000000000000000000e-01) (3, 3, 5.00000000000000000000e-01) (3, 3, 5.00000000000000000000e-01) (0, 3, 0.00000000000000000000e+00) (9, 0, 5.00000000000000000000e-01) (9, 0, 5.00000000000000000000e-01) (9, 0, 5.00000000000000000000e-01) (0, 0, 0.00000000000000000000e+00) 
connections (connected_to_neuron, weight)=(0, -7.55306291580200195312e+00) (1, 4.26574558019638061523e-01) (2, -2.76430249214172363281e-01) (0, -9.27366065979003906250e+00) (1, 4.18430089950561523438e+00) (2, 5.16995382308959960938e+00) (0, -7.81295299530029296875e+00) (1, 5.65759086608886718750e+00) (2, 5.98433732986450195312e+00) (0, -3.70316457748413085938e+00) (1, -1.73823666572570800781e+00) (2, 1.66405379772186279297e-01) (0, -9.37710762023925781250e+00) (1, 2.22368144989013671875e+00) (2, 2.38986802101135253906e+00) (0, -1.57438075542449951172e+00) (1, -2.97965955734252929688e+00) (2, 4.01107311248779296875e-01) (0, -4.91298961639404296875e+00) (1, 4.20379543304443359375e+00) (2, 8.04180431365966796875e+00) (0, -7.03712797164916992188e+00) (1, 7.50687742233276367188e+00) (2, 7.78784894943237304688e+00) (3, 1.77605724334716796875e+00) (4, 9.83035922050476074219e-01) (5, 8.72388899326324462891e-01) (6, 2.42119503021240234375e+00) (7, 8.30084502696990966797e-01) (8, 1.96769690513610839844e+00) (9, 6.62279605865478515625e-01) (10, 7.09360182285308837891e-01) (11, 5.34247815608978271484e-01) (3, 3.65608048439025878906e+00) (4, 3.44920611381530761719e+00) (5, 3.07252812385559082031e+00) (6, 6.15249967575073242188e+00) (7, 3.32285857200622558594e+00) (8, 7.19839286804199218750e+00) (9, 2.52612543106079101562e+00) (10, 2.81829881668090820312e+00) (11, 1.99181807041168212891e+00) (3, 1.03433551788330078125e+01) (4, 1.08136653900146484375e+01) (5, 9.80327129364013671875e+00) (6, 1.97669486999511718750e+01) (7, 1.13987588882446289062e+01) (8, 2.38002281188964843750e+01) (9, 1.00076217651367187500e+01) (10, 9.06321620941162109375e+00) (11, 9.87705135345458984375e+00) 
