FANN_FLO_2.1
num_layers=3
learning_rate=0.500000
connection_rate=1.000000
network_type=0
learning_momentum=0.000000
training_algorithm=2
train_error_function=1
train_stop_function=0
cascade_output_change_fraction=0.010000
quickprop_decay=-0.000100
quickprop_mu=1.750000
rprop_increase_factor=1.200000
rprop_decrease_factor=0.500000
rprop_delta_min=0.000000
rprop_delta_max=50.000000
rprop_delta_zero=0.100000
cascade_output_stagnation_epochs=12
cascade_candidate_change_fraction=0.010000
cascade_candidate_stagnation_epochs=12
cascade_max_out_epochs=150
cascade_min_out_epochs=50
cascade_max_cand_epochs=150
cascade_min_cand_epochs=50
cascade_num_candidate_groups=2
bit_fail_limit=3.49999994039535522461e-01
cascade_candidate_limit=1.00000000000000000000e+03
cascade_weight_multiplier=4.00000005960464477539e-01
cascade_activation_functions_count=10
cascade_activation_functions=3 5 7 8 10 11 14 15 16 17 
cascade_activation_steepnesses_count=4
cascade_activation_steepnesses=2.50000000000000000000e-01 5.00000000000000000000e-01 7.50000000000000000000e-01 1.00000000000000000000e+00 
layer_sizes=3 5 4 
scale_included=0
neurons (num_inputs, activation_function, activation_steepness)=(0, 0, 0.00000000000000000000e+00) (0, 0, 0.00000000000000000000e+00) (0, 0, 0.00000000000000000000e+00) (3, 3, 5.00000000000000000000e-01) (3, 3, 5.00000000000000000000e-01) (3, 3, 5.00000000000000000000e-01) (3, 3, 5.00000000000000000000e-01) (0, 3, 0.00000000000000000000e+00) (5, 0, 5.00000000000000000000e-01) (5, 0, 5.00000000000000000000e-01) (5, 0, 5.00000000000000000000e-01) (0, 0, 0.00000000000000000000e+00) 
connections (connected_to_neuron, weight)=(0, -1.66169414520263671875e+01) (1, 1.03167505264282226562e+01) (2, 1.09068565368652343750e+01) (0, -1.45013465881347656250e+01) (1, 1.73556804656982421875e+01) (2, 1.02545175552368164062e+01) (0, -3.10158228874206542969e+00) (1, 1.00362145900726318359e+00) (2, -2.98809647560119628906e-01) (0, -1.27763509750366210938e+00) (1, -1.37318170070648193359e+00) (2, 2.12911874055862426758e-01) (3, 3.30274492502212524414e-01) (4, 1.42613792419433593750e+00) (5, 4.29262781143188476562e+00) (6, 4.12394285202026367188e+00) (7, 7.73111164569854736328e-01) (3, 3.38236188888549804688e+00) (4, 4.01297473907470703125e+00) (5, 9.92405986785888671875e+00) (6, 1.40811357498168945312e+01) (7, 3.77304315567016601562e+00) (3, 1.09878559112548828125e+01) (4, 1.30258636474609375000e+01) (5, 2.98484992980957031250e+01) (6, 4.66422843933105468750e+01) (7, 1.79260368347167968750e+01) 
