FANN_FLO_2.1
num_layers=3
learning_rate=0.500000
connection_rate=1.000000
network_type=0
learning_momentum=0.000000
training_algorithm=2
train_error_function=1
train_stop_function=0
cascade_output_change_fraction=0.010000
quickprop_decay=-0.000100
quickprop_mu=1.750000
rprop_increase_factor=1.200000
rprop_decrease_factor=0.500000
rprop_delta_min=0.000000
rprop_delta_max=50.000000
rprop_delta_zero=0.100000
cascade_output_stagnation_epochs=12
cascade_candidate_change_fraction=0.010000
cascade_candidate_stagnation_epochs=12
cascade_max_out_epochs=150
cascade_min_out_epochs=50
cascade_max_cand_epochs=150
cascade_min_cand_epochs=50
cascade_num_candidate_groups=2
bit_fail_limit=3.49999994039535522461e-01
cascade_candidate_limit=1.00000000000000000000e+03
cascade_weight_multiplier=4.00000005960464477539e-01
cascade_activation_functions_count=10
cascade_activation_functions=3 5 7 8 10 11 14 15 16 17 
cascade_activation_steepnesses_count=4
cascade_activation_steepnesses=2.50000000000000000000e-01 5.00000000000000000000e-01 7.50000000000000000000e-01 1.00000000000000000000e+00 
layer_sizes=10 5 2 
scale_included=0
neurons (num_inputs, activation_function, activation_steepness)=(0, 0, 0.00000000000000000000e+00) (0, 0, 0.00000000000000000000e+00) (0, 0, 0.00000000000000000000e+00) (0, 0, 0.00000000000000000000e+00) (0, 0, 0.00000000000000000000e+00) (0, 0, 0.00000000000000000000e+00) (0, 0, 0.00000000000000000000e+00) (0, 0, 0.00000000000000000000e+00) (0, 0, 0.00000000000000000000e+00) (0, 0, 0.00000000000000000000e+00) (10, 3, 5.00000000000000000000e-01) (10, 3, 5.00000000000000000000e-01) (10, 3, 5.00000000000000000000e-01) (10, 3, 5.00000000000000000000e-01) (0, 3, 0.00000000000000000000e+00) (5, 3, 5.00000000000000000000e-01) (0, 3, 0.00000000000000000000e+00) 
connections (connected_to_neuron, weight)=(0, 1.50000000000000000000e+03) (1, 1.50000000000000000000e+03) (2, 1.50000000000000000000e+03) (3, 1.50000000000000000000e+03) (4, 1.50000000000000000000e+03) (5, 1.50000000000000000000e+03) (6, 1.50000000000000000000e+03) (7, 1.50000000000000000000e+03) (8, 1.50000000000000000000e+03) (9, 3.14541339874267578125e+00) (0, -5.33164143562316894531e-01) (1, -5.48680424690246582031e-01) (2, -4.46203798055648803711e-01) (3, -4.02901023626327514648e-01) (4, -4.70037966966629028320e-01) (5, -4.85448360443115234375e-01) (6, -5.10238766670227050781e-01) (7, -4.67651575803756713867e-01) (8, -4.63469177484512329102e-01) (9, 1.64579451084136962891e+00) (0, -4.75297719240188598633e-01) (1, -4.50221180915832519531e-01) (2, -4.83842700719833374023e-01) (3, -5.22261559963226318359e-01) (4, -4.73787367343902587891e-01) (5, -5.14737069606781005859e-01) (6, -4.39836502075195312500e-01) (7, -5.25386929512023925781e-01) (8, -4.49673086404800415039e-01) (9, 1.63185632228851318359e+00) (0, -5.45859575271606445312e-01) (1, 3.83153319358825683594e-01) (2, 6.27256989479064941406e-01) (3, 6.60801947116851806641e-01) (4, 1.65570765733718872070e-01) (5, 4.82130408287048339844e-01) (6, 6.32409095764160156250e-01) (7, 5.23172974586486816406e-01) (8, 5.16496002674102783203e-01) (9, 1.27066278457641601562e+00) (10, 4.48772311210632324219e-01) (11, -2.01162886619567871094e+00) (12, -2.01792359352111816406e+00) (13, 5.06907641887664794922e-01) (14, 5.75734734535217285156e-01) 
