FANN_FLO_2.1
num_layers=4
learning_rate=0.450000
connection_rate=1.000000
network_type=0
learning_momentum=0.000000
training_algorithm=2
train_error_function=1
train_stop_function=0
cascade_output_change_fraction=0.010000
quickprop_decay=-0.000100
quickprop_mu=1.750000
rprop_increase_factor=1.200000
rprop_decrease_factor=0.500000
rprop_delta_min=0.000000
rprop_delta_max=50.000000
rprop_delta_zero=0.100000
cascade_output_stagnation_epochs=12
cascade_candidate_change_fraction=0.010000
cascade_candidate_stagnation_epochs=12
cascade_max_out_epochs=150
cascade_min_out_epochs=50
cascade_max_cand_epochs=150
cascade_min_cand_epochs=50
cascade_num_candidate_groups=2
bit_fail_limit=3.49999994039535522461e-01
cascade_candidate_limit=1.00000000000000000000e+03
cascade_weight_multiplier=4.00000005960464477539e-01
cascade_activation_functions_count=10
cascade_activation_functions=3 5 7 8 10 11 14 15 16 17 
cascade_activation_steepnesses_count=4
cascade_activation_steepnesses=2.50000000000000000000e-01 5.00000000000000000000e-01 7.50000000000000000000e-01 1.00000000000000000000e+00 
layer_sizes=7 5 5 2 
scale_included=0
neurons (num_inputs, activation_function, activation_steepness)=(0, 0, 0.00000000000000000000e+00) (0, 0, 0.00000000000000000000e+00) (0, 0, 0.00000000000000000000e+00) (0, 0, 0.00000000000000000000e+00) (0, 0, 0.00000000000000000000e+00) (0, 0, 0.00000000000000000000e+00) (0, 0, 0.00000000000000000000e+00) (7, 3, 5.00000000000000000000e-01) (7, 3, 5.00000000000000000000e-01) (7, 3, 5.00000000000000000000e-01) (7, 3, 5.00000000000000000000e-01) (0, 3, 0.00000000000000000000e+00) (5, 3, 5.00000000000000000000e-01) (5, 3, 5.00000000000000000000e-01) (5, 3, 5.00000000000000000000e-01) (5, 3, 5.00000000000000000000e-01) (0, 3, 0.00000000000000000000e+00) (5, 0, 5.00000000000000000000e-01) (0, 0, 0.00000000000000000000e+00) 
connections (connected_to_neuron, weight)=(0, 4.50950950384140014648e-01) (1, 6.81642889976501464844e-02) (2, -1.00888705253601074219e+00) (3, 1.59743502736091613770e-01) (4, 7.81890273094177246094e-01) (5, -1.60172545909881591797e+00) (6, 1.76513023376464843750e+01) (0, 2.26147890090942382812e-01) (1, -9.38421308994293212891e-01) (2, 2.82238684594631195068e-02) (3, -5.08744157850742340088e-02) (4, 1.11187326908111572266e+00) (5, 3.53100746870040893555e-02) (6, -9.86398458480834960938e-02) (0, -5.84705024957656860352e-02) (1, 5.48019528388977050781e-01) (2, 5.15729561448097229004e-02) (3, -2.97364532947540283203e-01) (4, 3.03174883127212524414e-01) (5, -3.30290406942367553711e-01) (6, -1.01164054870605468750e+00) (0, -2.27049827575683593750e-01) (1, -9.80574861168861389160e-02) (2, -8.55746626853942871094e-01) (3, 7.24365055561065673828e-01) (4, -5.62111958861351013184e-02) (5, 5.70064723491668701172e-01) (6, 2.19914495944976806641e-01) (7, 8.23146057128906250000e+00) (8, -1.51936137676239013672e+00) (9, 1.57741856575012207031e+00) (10, 3.31862974166870117188e+00) (11, 2.04859280586242675781e+00) (7, -1.83122682571411132812e+00) (8, -5.09431648254394531250e+00) (9, -4.38662862777709960938e+00) (10, 5.37553250789642333984e-01) (11, 1.92189800739288330078e+00) (7, 7.78136968612670898438e+00) (8, -7.56442487239837646484e-01) (9, 8.44987678527832031250e+00) (10, 5.53884410858154296875e+00) (11, -1.04133808612823486328e+00) (7, -3.73243361711502075195e-01) (8, -1.50000000000000000000e+03) (9, 7.02865421772003173828e-01) (10, -1.50000000000000000000e+03) (11, -2.95343041419982910156e-01) (12, -3.39978523552417755127e-02) (13, 1.58825349807739257812e+00) (14, -6.88041150569915771484e-02) (15, -8.85979533195495605469e-02) (16, 1.04185156524181365967e-01) 
