FANN_FLO_2.1
num_layers=3
learning_rate=0.500000
connection_rate=1.000000
network_type=0
learning_momentum=0.000000
training_algorithm=2
train_error_function=1
train_stop_function=0
cascade_output_change_fraction=0.010000
quickprop_decay=-0.000100
quickprop_mu=1.750000
rprop_increase_factor=1.200000
rprop_decrease_factor=0.500000
rprop_delta_min=0.000000
rprop_delta_max=50.000000
rprop_delta_zero=0.100000
cascade_output_stagnation_epochs=12
cascade_candidate_change_fraction=0.010000
cascade_candidate_stagnation_epochs=12
cascade_max_out_epochs=150
cascade_min_out_epochs=50
cascade_max_cand_epochs=150
cascade_min_cand_epochs=50
cascade_num_candidate_groups=2
bit_fail_limit=3.49999994039535522461e-01
cascade_candidate_limit=1.00000000000000000000e+03
cascade_weight_multiplier=4.00000005960464477539e-01
cascade_activation_functions_count=10
cascade_activation_functions=3 5 7 8 10 11 14 15 16 17 
cascade_activation_steepnesses_count=4
cascade_activation_steepnesses=2.50000000000000000000e-01 5.00000000000000000000e-01 7.50000000000000000000e-01 1.00000000000000000000e+00 
layer_sizes=7 5 2 
scale_included=0
neurons (num_inputs, activation_function, activation_steepness)=(0, 0, 0.00000000000000000000e+00) (0, 0, 0.00000000000000000000e+00) (0, 0, 0.00000000000000000000e+00) (0, 0, 0.00000000000000000000e+00) (0, 0, 0.00000000000000000000e+00) (0, 0, 0.00000000000000000000e+00) (0, 0, 0.00000000000000000000e+00) (7, 3, 5.00000000000000000000e-01) (7, 3, 5.00000000000000000000e-01) (7, 3, 5.00000000000000000000e-01) (7, 3, 5.00000000000000000000e-01) (0, 3, 0.00000000000000000000e+00) (5, 0, 5.00000000000000000000e-01) (0, 0, 0.00000000000000000000e+00) 
connections (connected_to_neuron, weight)=(0, -7.40896301269531250000e+01) (1, 4.70441675186157226562e+00) (2, 7.37474746704101562500e+01) (3, 1.19395816326141357422e+00) (4, -2.98337388038635253906e+00) (5, 1.47429656982421875000e+01) (6, -1.78001368045806884766e+00) (0, 1.01323507726192474365e-01) (1, -1.51959925889968872070e-01) (2, 1.04515291750431060791e-01) (3, -1.65898635983467102051e-01) (4, 2.88805533200502395630e-02) (5, 2.04793766140937805176e-01) (6, -3.39662885665893554688e+00) (0, -3.36723556518554687500e+01) (1, 6.32952356338500976562e+00) (2, 1.91551238298416137695e-01) (3, -3.14537787437438964844e+00) (4, -1.05650615692138671875e+00) (5, 4.85943651199340820312e+00) (6, -5.00220656394958496094e-01) (0, -3.34986991882324218750e+01) (1, 1.51927413940429687500e+01) (2, 3.40957527160644531250e+01) (3, -6.87231349945068359375e+00) (4, -2.28662848472595214844e+00) (5, -1.25176977539062500000e+03) (6, -1.42352032661437988281e+00) (7, -1.06616362929344177246e-01) (8, 4.73926812410354614258e-01) (9, 8.13168212890625000000e+02) (10, -8.37856445312500000000e+01) (11, 9.43219475448131561279e-03) 
