FANN_FLO_2.1
num_layers=4
learning_rate=0.500000
connection_rate=1.000000
network_type=0
learning_momentum=0.000000
training_algorithm=2
train_error_function=1
train_stop_function=0
cascade_output_change_fraction=0.010000
quickprop_decay=-0.000100
quickprop_mu=1.750000
rprop_increase_factor=1.200000
rprop_decrease_factor=0.500000
rprop_delta_min=0.000000
rprop_delta_max=50.000000
rprop_delta_zero=0.100000
cascade_output_stagnation_epochs=12
cascade_candidate_change_fraction=0.010000
cascade_candidate_stagnation_epochs=12
cascade_max_out_epochs=150
cascade_min_out_epochs=50
cascade_max_cand_epochs=150
cascade_min_cand_epochs=50
cascade_num_candidate_groups=2
bit_fail_limit=3.49999994039535522461e-01
cascade_candidate_limit=1.00000000000000000000e+03
cascade_weight_multiplier=4.00000005960464477539e-01
cascade_activation_functions_count=10
cascade_activation_functions=3 5 7 8 10 11 14 15 16 17 
cascade_activation_steepnesses_count=4
cascade_activation_steepnesses=2.50000000000000000000e-01 5.00000000000000000000e-01 7.50000000000000000000e-01 1.00000000000000000000e+00 
layer_sizes=4 5 5 2 
scale_included=0
neurons (num_inputs, activation_function, activation_steepness)=(0, 0, 0.00000000000000000000e+00) (0, 0, 0.00000000000000000000e+00) (0, 0, 0.00000000000000000000e+00) (0, 0, 0.00000000000000000000e+00) (4, 3, 5.00000000000000000000e-01) (4, 3, 5.00000000000000000000e-01) (4, 3, 5.00000000000000000000e-01) (4, 3, 5.00000000000000000000e-01) (0, 3, 0.00000000000000000000e+00) (5, 3, 5.00000000000000000000e-01) (5, 3, 5.00000000000000000000e-01) (5, 3, 5.00000000000000000000e-01) (5, 3, 5.00000000000000000000e-01) (0, 3, 0.00000000000000000000e+00) (5, 3, 5.00000000000000000000e-01) (0, 3, 0.00000000000000000000e+00) 
connections (connected_to_neuron, weight)=(0, 5.70985698699951171875e+00) (1, -1.11773991584777832031e+00) (2, 1.65082573890686035156e+00) (3, -3.82060050964355468750e+00) (0, -7.69472360610961914062e-01) (1, -9.03184700012207031250e+00) (2, 1.11033272743225097656e+00) (3, 3.17802023887634277344e+00) (0, -1.37725198268890380859e+00) (1, -1.29065608978271484375e+01) (2, 3.57441353797912597656e+00) (3, 2.95282006263732910156e+00) (0, -4.73443746566772460938e+00) (1, -7.93643045425415039062e+00) (2, 9.90624785423278808594e-01) (3, 5.07598066329956054688e+00) (4, -2.45067787170410156250e+00) (5, 2.26790547370910644531e+00) (6, 2.59805154800415039062e+00) (7, 1.87045264244079589844e+00) (8, -1.48536491394042968750e+00) (4, -1.98538513183593750000e+01) (5, 7.48730945587158203125e+00) (6, 6.14940690994262695312e+00) (7, 1.27241239547729492188e+01) (8, 8.85542035102844238281e-01) (4, -2.01405239105224609375e+01) (5, 5.23219871520996093750e+00) (6, 2.64920735359191894531e+00) (7, 3.36878929138183593750e+01) (8, -1.01895880699157714844e+00) (4, -6.87370157241821289062e+00) (5, 2.94552040100097656250e+00) (6, 2.24797391891479492188e+00) (7, 8.25269126892089843750e+00) (8, -9.79001998901367187500e-01) (9, 6.91782712936401367188e-01) (10, -5.75368690490722656250e+00) (11, 7.25455045700073242188e-01) (12, -5.89672429487109184265e-03) (13, 2.16493558883666992188e+00) 
