FANN_FLO_2.1
num_layers=3
learning_rate=0.500000
connection_rate=1.000000
network_type=0
learning_momentum=0.000000
training_algorithm=2
train_error_function=1
train_stop_function=0
cascade_output_change_fraction=0.010000
quickprop_decay=-0.000100
quickprop_mu=1.750000
rprop_increase_factor=1.200000
rprop_decrease_factor=0.500000
rprop_delta_min=0.000000
rprop_delta_max=50.000000
rprop_delta_zero=0.100000
cascade_output_stagnation_epochs=12
cascade_candidate_change_fraction=0.010000
cascade_candidate_stagnation_epochs=12
cascade_max_out_epochs=150
cascade_min_out_epochs=50
cascade_max_cand_epochs=150
cascade_min_cand_epochs=50
cascade_num_candidate_groups=2
bit_fail_limit=3.49999994039535522461e-01
cascade_candidate_limit=1.00000000000000000000e+03
cascade_weight_multiplier=4.00000005960464477539e-01
cascade_activation_functions_count=10
cascade_activation_functions=3 5 7 8 10 11 14 15 16 17 
cascade_activation_steepnesses_count=4
cascade_activation_steepnesses=2.50000000000000000000e-01 5.00000000000000000000e-01 7.50000000000000000000e-01 1.00000000000000000000e+00 
layer_sizes=7 9 2 
scale_included=0
neurons (num_inputs, activation_function, activation_steepness)=(0, 0, 0.00000000000000000000e+00) (0, 0, 0.00000000000000000000e+00) (0, 0, 0.00000000000000000000e+00) (0, 0, 0.00000000000000000000e+00) (0, 0, 0.00000000000000000000e+00) (0, 0, 0.00000000000000000000e+00) (0, 0, 0.00000000000000000000e+00) (7, 3, 5.00000000000000000000e-01) (7, 3, 5.00000000000000000000e-01) (7, 3, 5.00000000000000000000e-01) (7, 3, 5.00000000000000000000e-01) (7, 3, 5.00000000000000000000e-01) (7, 3, 5.00000000000000000000e-01) (7, 3, 5.00000000000000000000e-01) (7, 3, 5.00000000000000000000e-01) (0, 3, 0.00000000000000000000e+00) (9, 0, 5.00000000000000000000e-01) (0, 0, 0.00000000000000000000e+00) 
connections (connected_to_neuron, weight)=(0, 5.60182966291904449463e-02) (1, -1.83639144897460937500e+00) (2, 2.53460121154785156250e+00) (3, -6.55709564685821533203e-01) (4, 5.87788629531860351562e+00) (5, -2.46867313981056213379e-01) (6, -3.00112366676330566406e-01) (0, 1.71702891588211059570e-01) (1, 3.56842100620269775391e-01) (2, 4.65764760971069335938e-01) (3, -3.81804913282394409180e-01) (4, -3.04208725690841674805e-01) (5, -2.47744813561439514160e-01) (6, -5.05109131336212158203e-01) (0, -1.41057847067713737488e-02) (1, 3.49916517734527587891e-01) (2, 5.98344743251800537109e-01) (3, -4.09548103809356689453e-01) (4, -1.10354244709014892578e-01) (5, -1.50051519274711608887e-01) (6, -5.57023547589778900146e-02) (0, 3.68319749832153320312e-01) (1, -1.10937166213989257812e+01) (2, 2.60033941268920898438e+00) (3, 7.45941758155822753906e-01) (4, 2.72876167297363281250e+01) (5, 3.53604316711425781250e+00) (6, 2.39373996853828430176e-01) (0, -6.97779655456542968750e-01) (1, 8.99138987064361572266e-01) (2, -4.76650416851043701172e-01) (3, -8.01767349243164062500e-01) (4, -1.12842106819152832031e+00) (5, -6.83609247207641601562e-01) (6, -7.20627903938293457031e-01) (0, -4.10706132650375366211e-01) (1, -1.21876582503318786621e-01) (2, -7.48863160610198974609e-01) (3, -4.41669970750808715820e-02) (4, 8.96688580513000488281e-01) (5, 1.10455438494682312012e-01) (6, -3.75976753234863281250e+00) (0, 1.30115896463394165039e-01) (1, 5.54456040263175964355e-02) (2, 1.41587913036346435547e-01) (3, -1.96346770972013473511e-02) (4, -2.49969273805618286133e-01) (5, -4.47409227490425109863e-02) (6, 3.75344067811965942383e-01) (0, -9.94670748710632324219e-01) (1, 8.82512509822845458984e-01) (2, -5.17574489116668701172e-01) (3, -8.60500633716583251953e-01) (4, -3.42757761478424072266e-01) (5, -9.50749158859252929688e-01) (6, -7.75699973106384277344e-01) (7, -3.46670538187026977539e-01) (8, -3.31682533025741577148e-01) (9, 2.18063056468963623047e-01) (10, 7.41723850369453430176e-02) (11, -4.20877516269683837891e-01) (12, 9.72492918372154235840e-02) (13, 2.48704746365547180176e-01) (14, -4.07778173685073852539e-02) (15, 1.61041676998138427734e-01) 
