FANN_FLO_2.1
num_layers=3
learning_rate=0.500000
connection_rate=1.000000
network_type=0
learning_momentum=0.000000
training_algorithm=2
train_error_function=1
train_stop_function=0
cascade_output_change_fraction=0.010000
quickprop_decay=-0.000100
quickprop_mu=1.750000
rprop_increase_factor=1.200000
rprop_decrease_factor=0.500000
rprop_delta_min=0.000000
rprop_delta_max=50.000000
rprop_delta_zero=0.100000
cascade_output_stagnation_epochs=12
cascade_candidate_change_fraction=0.010000
cascade_candidate_stagnation_epochs=12
cascade_max_out_epochs=150
cascade_min_out_epochs=50
cascade_max_cand_epochs=150
cascade_min_cand_epochs=50
cascade_num_candidate_groups=2
bit_fail_limit=3.49999994039535522461e-01
cascade_candidate_limit=1.00000000000000000000e+03
cascade_weight_multiplier=4.00000005960464477539e-01
cascade_activation_functions_count=10
cascade_activation_functions=3 5 7 8 10 11 14 15 16 17 
cascade_activation_steepnesses_count=4
cascade_activation_steepnesses=2.50000000000000000000e-01 5.00000000000000000000e-01 7.50000000000000000000e-01 1.00000000000000000000e+00 
layer_sizes=3 5 4 
scale_included=0
neurons (num_inputs, activation_function, activation_steepness)=(0, 0, 0.00000000000000000000e+00) (0, 0, 0.00000000000000000000e+00) (0, 0, 0.00000000000000000000e+00) (3, 3, 5.00000000000000000000e-01) (3, 3, 5.00000000000000000000e-01) (3, 3, 5.00000000000000000000e-01) (3, 3, 5.00000000000000000000e-01) (0, 3, 0.00000000000000000000e+00) (5, 0, 5.00000000000000000000e-01) (5, 0, 5.00000000000000000000e-01) (5, 0, 5.00000000000000000000e-01) (0, 0, 0.00000000000000000000e+00) 
connections (connected_to_neuron, weight)=(0, -1.52157342433929443359e+00) (1, -1.58309042453765869141e+00) (2, 2.96415299177169799805e-01) (0, -1.22873773574829101562e+01) (1, 1.41805124282836914062e+01) (2, 1.33542613983154296875e+01) (0, -2.99172282218933105469e+00) (1, 1.00392150878906250000e+00) (2, -6.88629001379013061523e-02) (0, -1.52088565826416015625e+01) (1, 1.20508356094360351562e+01) (2, 9.10176753997802734375e+00) (3, 4.27276849746704101562e+00) (4, 9.04428958892822265625e-01) (5, 4.11458778381347656250e+00) (6, 9.96962189674377441406e-01) (7, 6.69945716857910156250e-01) (3, 1.26245813369750976562e+01) (4, 3.49181175231933593750e+00) (5, 1.07462911605834960938e+01) (6, 4.12302684783935546875e+00) (7, 3.06807470321655273438e+00) (3, 4.18238220214843750000e+01) (4, 1.33241167068481445312e+01) (5, 3.28946037292480468750e+01) (6, 1.28219423294067382812e+01) (7, 1.40024948120117187500e+01) 
