FANN_FLO_2.1
num_layers=3
learning_rate=0.500000
connection_rate=1.000000
network_type=0
learning_momentum=0.000000
training_algorithm=2
train_error_function=1
train_stop_function=0
cascade_output_change_fraction=0.010000
quickprop_decay=-0.000100
quickprop_mu=1.750000
rprop_increase_factor=1.200000
rprop_decrease_factor=0.500000
rprop_delta_min=0.000000
rprop_delta_max=50.000000
rprop_delta_zero=0.100000
cascade_output_stagnation_epochs=12
cascade_candidate_change_fraction=0.010000
cascade_candidate_stagnation_epochs=12
cascade_max_out_epochs=150
cascade_min_out_epochs=50
cascade_max_cand_epochs=150
cascade_min_cand_epochs=50
cascade_num_candidate_groups=2
bit_fail_limit=3.49999994039535522461e-01
cascade_candidate_limit=1.00000000000000000000e+03
cascade_weight_multiplier=4.00000005960464477539e-01
cascade_activation_functions_count=10
cascade_activation_functions=3 5 7 8 10 11 14 15 16 17 
cascade_activation_steepnesses_count=4
cascade_activation_steepnesses=2.50000000000000000000e-01 5.00000000000000000000e-01 7.50000000000000000000e-01 1.00000000000000000000e+00 
layer_sizes=3 5 4 
scale_included=0
neurons (num_inputs, activation_function, activation_steepness)=(0, 0, 0.00000000000000000000e+00) (0, 0, 0.00000000000000000000e+00) (0, 0, 0.00000000000000000000e+00) (3, 3, 5.00000000000000000000e-01) (3, 3, 5.00000000000000000000e-01) (3, 3, 5.00000000000000000000e-01) (3, 3, 5.00000000000000000000e-01) (0, 3, 0.00000000000000000000e+00) (5, 0, 5.00000000000000000000e-01) (5, 0, 5.00000000000000000000e-01) (5, 0, 5.00000000000000000000e-01) (0, 0, 0.00000000000000000000e+00) 
connections (connected_to_neuron, weight)=(0, -1.50000000000000000000e+03) (1, -1.26090246582031250000e+03) (2, 5.10177154541015625000e+02) (0, -6.83569641113281250000e+01) (1, 8.14762592315673828125e+00) (2, 1.83900127410888671875e+01) (0, -1.51277751922607421875e+01) (1, 7.58838033676147460938e+00) (2, 1.35003681182861328125e+01) (0, -1.50000000000000000000e+03) (1, -4.07164672851562500000e+02) (2, 9.77710628509521484375e+00) (3, 1.63521826267242431641e+00) (4, 2.03871822357177734375e+00) (5, 1.92570126056671142578e+00) (6, 2.04201889038085937500e+00) (7, 1.72512435913085937500e+00) (3, 4.88373374938964843750e+00) (4, 6.11430120468139648438e+00) (5, 6.74910831451416015625e+00) (6, 4.93187618255615234375e+00) (7, 6.80192899703979492188e+00) (3, 1.63801593780517578125e+01) (4, 1.88344841003417968750e+01) (5, 1.98613319396972656250e+01) (6, 1.57763109207153320312e+01) (7, 2.85407276153564453125e+01) 
