FANN_FLO_2.1
num_layers=4
learning_rate=0.450000
connection_rate=1.000000
network_type=0
learning_momentum=0.000000
training_algorithm=2
train_error_function=1
train_stop_function=0
cascade_output_change_fraction=0.010000
quickprop_decay=-0.000100
quickprop_mu=1.750000
rprop_increase_factor=1.200000
rprop_decrease_factor=0.500000
rprop_delta_min=0.000000
rprop_delta_max=50.000000
rprop_delta_zero=0.100000
cascade_output_stagnation_epochs=12
cascade_candidate_change_fraction=0.010000
cascade_candidate_stagnation_epochs=12
cascade_max_out_epochs=150
cascade_min_out_epochs=50
cascade_max_cand_epochs=150
cascade_min_cand_epochs=50
cascade_num_candidate_groups=2
bit_fail_limit=3.49999994039535522461e-01
cascade_candidate_limit=1.00000000000000000000e+03
cascade_weight_multiplier=4.00000005960464477539e-01
cascade_activation_functions_count=10
cascade_activation_functions=3 5 7 8 10 11 14 15 16 17 
cascade_activation_steepnesses_count=4
cascade_activation_steepnesses=2.50000000000000000000e-01 5.00000000000000000000e-01 7.50000000000000000000e-01 1.00000000000000000000e+00 
layer_sizes=7 3 3 2 
scale_included=0
neurons (num_inputs, activation_function, activation_steepness)=(0, 0, 0.00000000000000000000e+00) (0, 0, 0.00000000000000000000e+00) (0, 0, 0.00000000000000000000e+00) (0, 0, 0.00000000000000000000e+00) (0, 0, 0.00000000000000000000e+00) (0, 0, 0.00000000000000000000e+00) (0, 0, 0.00000000000000000000e+00) (7, 3, 5.00000000000000000000e-01) (7, 3, 5.00000000000000000000e-01) (0, 3, 0.00000000000000000000e+00) (3, 3, 5.00000000000000000000e-01) (3, 3, 5.00000000000000000000e-01) (0, 3, 0.00000000000000000000e+00) (3, 0, 5.00000000000000000000e-01) (0, 0, 0.00000000000000000000e+00) 
connections (connected_to_neuron, weight)=(0, -4.37876582145690917969e-01) (1, 6.94352090358734130859e-01) (2, -3.16723972558975219727e-01) (3, 3.89641106128692626953e-01) (4, 4.37960207462310791016e-01) (5, -8.75539064407348632812e-01) (6, 4.41018390655517578125e+00) (0, -2.36317753791809082031e-01) (1, 2.03626118600368499756e-02) (2, -1.60277068614959716797e-01) (3, 4.83333289623260498047e-01) (4, 4.07966405153274536133e-01) (5, -1.07040059566497802734e+00) (6, 1.17751836776733398438e+00) (7, -6.60868549346923828125e+00) (8, 4.91720247268676757812e+00) (9, -3.63194376230239868164e-01) (7, -7.31331300735473632812e+00) (8, -9.26150989532470703125e+00) (9, 4.26905959844589233398e-01) (10, 1.25472098588943481445e-01) (11, 1.10858805477619171143e-01) (12, 1.81510462425649166107e-04) 
