FANN_FLO_2.1
num_layers=3
learning_rate=0.300000
connection_rate=1.000000
network_type=0
learning_momentum=0.000000
training_algorithm=2
train_error_function=1
train_stop_function=0
cascade_output_change_fraction=0.010000
quickprop_decay=-0.000100
quickprop_mu=1.750000
rprop_increase_factor=1.200000
rprop_decrease_factor=0.500000
rprop_delta_min=0.000000
rprop_delta_max=50.000000
rprop_delta_zero=0.100000
cascade_output_stagnation_epochs=12
cascade_candidate_change_fraction=0.010000
cascade_candidate_stagnation_epochs=12
cascade_max_out_epochs=150
cascade_min_out_epochs=50
cascade_max_cand_epochs=150
cascade_min_cand_epochs=50
cascade_num_candidate_groups=2
bit_fail_limit=3.49999994039535522461e-01
cascade_candidate_limit=1.00000000000000000000e+03
cascade_weight_multiplier=4.00000005960464477539e-01
cascade_activation_functions_count=10
cascade_activation_functions=3 5 7 8 10 11 14 15 16 17 
cascade_activation_steepnesses_count=4
cascade_activation_steepnesses=2.50000000000000000000e-01 5.00000000000000000000e-01 7.50000000000000000000e-01 1.00000000000000000000e+00 
layer_sizes=4 9 2 
scale_included=0
neurons (num_inputs, activation_function, activation_steepness)=(0, 0, 0.00000000000000000000e+00) (0, 0, 0.00000000000000000000e+00) (0, 0, 0.00000000000000000000e+00) (0, 0, 0.00000000000000000000e+00) (4, 3, 5.00000000000000000000e-01) (4, 3, 5.00000000000000000000e-01) (4, 3, 5.00000000000000000000e-01) (4, 3, 5.00000000000000000000e-01) (4, 3, 5.00000000000000000000e-01) (4, 3, 5.00000000000000000000e-01) (4, 3, 5.00000000000000000000e-01) (4, 3, 5.00000000000000000000e-01) (0, 3, 0.00000000000000000000e+00) (9, 3, 5.00000000000000000000e-01) (0, 3, 0.00000000000000000000e+00) 
connections (connected_to_neuron, weight)=(0, 1.41927808523178100586e-01) (1, 3.07407435029745101929e-02) (2, 3.23302686214447021484e-01) (3, -7.50420904159545898438e+00) (0, -4.05935108661651611328e-01) (1, -2.07296893000602722168e-01) (2, 1.55622756481170654297e+00) (3, 3.27282667160034179688e-01) (0, -1.19193345308303833008e-01) (1, 3.47514376044273376465e-02) (2, -2.30406671762466430664e-01) (3, 8.80373477935791015625e-01) (0, 1.71123779296875000000e+02) (1, 2.60890625000000000000e+02) (2, 1.12406860351562500000e+03) (3, 8.99707257747650146484e-01) (0, 1.00169904530048370361e-01) (1, -2.45717838406562805176e-02) (2, 2.32062935829162597656e-01) (3, -5.12217426300048828125e+00) (0, -1.71555256843566894531e+00) (1, 9.17677938938140869141e-01) (2, -1.27556157112121582031e+00) (3, 1.63399267196655273438e+00) (0, -1.60111677646636962891e+00) (1, 9.24109756946563720703e-01) (2, -1.44085669517517089844e+00) (3, 7.07041597366333007812e+00) (0, -1.52459061145782470703e+00) (1, 8.65080595016479492188e-01) (2, -2.16474509239196777344e+00) (3, -2.30215477943420410156e+00) (4, 1.27996313571929931641e+00) (5, -1.07841897010803222656e+00) (6, -5.30610322952270507812e+00) (7, -7.05601796507835388184e-02) (8, 9.23614680767059326172e-01) (9, -2.49919965863227844238e-01) (10, -3.93077999353408813477e-01) (11, -2.44434863328933715820e-01) (12, -2.27667883038520812988e-01) 
