FANN_FLO_2.1
num_layers=3
learning_rate=0.300000
connection_rate=1.000000
network_type=0
learning_momentum=0.000000
training_algorithm=2
train_error_function=1
train_stop_function=0
cascade_output_change_fraction=0.010000
quickprop_decay=-0.000100
quickprop_mu=1.750000
rprop_increase_factor=1.200000
rprop_decrease_factor=0.500000
rprop_delta_min=0.000000
rprop_delta_max=50.000000
rprop_delta_zero=0.100000
cascade_output_stagnation_epochs=12
cascade_candidate_change_fraction=0.010000
cascade_candidate_stagnation_epochs=12
cascade_max_out_epochs=150
cascade_min_out_epochs=50
cascade_max_cand_epochs=150
cascade_min_cand_epochs=50
cascade_num_candidate_groups=2
bit_fail_limit=3.49999994039535522461e-01
cascade_candidate_limit=1.00000000000000000000e+03
cascade_weight_multiplier=4.00000005960464477539e-01
cascade_activation_functions_count=10
cascade_activation_functions=3 5 7 8 10 11 14 15 16 17 
cascade_activation_steepnesses_count=4
cascade_activation_steepnesses=2.50000000000000000000e-01 5.00000000000000000000e-01 7.50000000000000000000e-01 1.00000000000000000000e+00 
layer_sizes=4 9 2 
scale_included=0
neurons (num_inputs, activation_function, activation_steepness)=(0, 0, 0.00000000000000000000e+00) (0, 0, 0.00000000000000000000e+00) (0, 0, 0.00000000000000000000e+00) (0, 0, 0.00000000000000000000e+00) (4, 3, 5.00000000000000000000e-01) (4, 3, 5.00000000000000000000e-01) (4, 3, 5.00000000000000000000e-01) (4, 3, 5.00000000000000000000e-01) (4, 3, 5.00000000000000000000e-01) (4, 3, 5.00000000000000000000e-01) (4, 3, 5.00000000000000000000e-01) (4, 3, 5.00000000000000000000e-01) (0, 3, 0.00000000000000000000e+00) (9, 3, 5.00000000000000000000e-01) (0, 3, 0.00000000000000000000e+00) 
connections (connected_to_neuron, weight)=(0, -2.04270303249359130859e-01) (1, 4.62365597486495971680e-02) (2, -3.86745750904083251953e-01) (3, 2.83130097389221191406e+00) (0, -1.11187148094177246094e+00) (1, 6.85274839401245117188e-01) (2, -1.64974439144134521484e+00) (3, 1.08407077789306640625e+01) (0, -3.27974408864974975586e-01) (1, 1.14533506333827972412e-01) (2, -4.78986322879791259766e-01) (3, 2.78583079576492309570e-01) (0, -1.03731977939605712891e+00) (1, 5.24209916591644287109e-01) (2, -1.62538754940032958984e+00) (3, 1.67270298004150390625e+01) (0, -9.85935449600219726562e-01) (1, 5.01050770282745361328e-01) (2, -1.54021692276000976562e+00) (3, 1.56664571762084960938e+01) (0, -3.84131878614425659180e-01) (1, 8.14496576786041259766e-02) (2, -6.25846683979034423828e-01) (3, 1.14861125946044921875e+01) (0, -1.08108913898468017578e+00) (1, 7.49180734157562255859e-01) (2, -1.57117140293121337891e+00) (3, 5.91143894195556640625e+00) (0, -9.31153893470764160156e-01) (1, 5.27637004852294921875e-01) (2, -1.18911576271057128906e+00) (3, 3.88648056983947753906e+00) (4, -6.78863525390625000000e+00) (5, -7.58214965462684631348e-02) (6, 1.74756324291229248047e+00) (7, -7.98630118370056152344e-02) (8, -6.43043667078018188477e-02) (9, -1.26355457305908203125e+00) (10, -6.25781342387199401855e-02) (11, -1.54736667871475219727e-01) (12, 1.14959788322448730469e+00) 
