FANN_FLO_2.1
num_layers=3
learning_rate=0.400000
connection_rate=1.000000
network_type=0
learning_momentum=0.000000
training_algorithm=2
train_error_function=1
train_stop_function=0
cascade_output_change_fraction=0.010000
quickprop_decay=-0.000100
quickprop_mu=1.750000
rprop_increase_factor=1.200000
rprop_decrease_factor=0.500000
rprop_delta_min=0.000000
rprop_delta_max=50.000000
rprop_delta_zero=0.100000
cascade_output_stagnation_epochs=12
cascade_candidate_change_fraction=0.010000
cascade_candidate_stagnation_epochs=12
cascade_max_out_epochs=150
cascade_min_out_epochs=50
cascade_max_cand_epochs=150
cascade_min_cand_epochs=50
cascade_num_candidate_groups=2
bit_fail_limit=3.49999994039535522461e-01
cascade_candidate_limit=1.00000000000000000000e+03
cascade_weight_multiplier=4.00000005960464477539e-01
cascade_activation_functions_count=10
cascade_activation_functions=3 5 7 8 10 11 14 15 16 17 
cascade_activation_steepnesses_count=4
cascade_activation_steepnesses=2.50000000000000000000e-01 5.00000000000000000000e-01 7.50000000000000000000e-01 1.00000000000000000000e+00 
layer_sizes=6 5 2 
scale_included=0
neurons (num_inputs, activation_function, activation_steepness)=(0, 0, 0.00000000000000000000e+00) (0, 0, 0.00000000000000000000e+00) (0, 0, 0.00000000000000000000e+00) (0, 0, 0.00000000000000000000e+00) (0, 0, 0.00000000000000000000e+00) (0, 0, 0.00000000000000000000e+00) (6, 3, 5.00000000000000000000e-01) (6, 3, 5.00000000000000000000e-01) (6, 3, 5.00000000000000000000e-01) (6, 3, 5.00000000000000000000e-01) (0, 3, 0.00000000000000000000e+00) (5, 0, 5.00000000000000000000e-01) (0, 0, 0.00000000000000000000e+00) 
connections (connected_to_neuron, weight)=(0, -5.96326208114624023438e+00) (1, -4.91601169109344482422e-01) (2, 2.59299908066168427467e-04) (3, -1.67579853534698486328e+00) (4, 2.97711312770843505859e-01) (5, -1.17361295223236083984e+00) (0, -1.50000000000000000000e+03) (1, -7.81742095947265625000e+01) (2, 1.00046510696411132812e+01) (3, -6.77164535522460937500e+01) (4, 3.10443186759948730469e+00) (5, -2.51544737815856933594e+00) (0, -1.50000000000000000000e+03) (1, -1.50000000000000000000e+03) (2, 1.11681079864501953125e+01) (3, -6.51143249511718750000e+02) (4, 3.55818599462509155273e-01) (5, 2.56242845207452774048e-02) (0, -1.50000000000000000000e+03) (1, -1.13106758117675781250e+02) (2, 2.39761352539062500000e+01) (3, -2.01458034515380859375e+01) (4, 4.01848584413528442383e-01) (5, 3.54937557131052017212e-03) (6, 1.18316531181335449219e+00) (7, 5.70214152336120605469e-01) (8, -3.12217045575380325317e-04) (9, 1.77633118629455566406e+00) (10, 5.65538287162780761719e-01) 
