FANN_FLO_2.1
num_layers=3
learning_rate=0.500000
connection_rate=1.000000
network_type=0
learning_momentum=0.000000
training_algorithm=2
train_error_function=1
train_stop_function=0
cascade_output_change_fraction=0.010000
quickprop_decay=-0.000100
quickprop_mu=1.750000
rprop_increase_factor=1.200000
rprop_decrease_factor=0.500000
rprop_delta_min=0.000000
rprop_delta_max=50.000000
rprop_delta_zero=0.100000
cascade_output_stagnation_epochs=12
cascade_candidate_change_fraction=0.010000
cascade_candidate_stagnation_epochs=12
cascade_max_out_epochs=150
cascade_min_out_epochs=50
cascade_max_cand_epochs=150
cascade_min_cand_epochs=50
cascade_num_candidate_groups=2
bit_fail_limit=3.49999994039535522461e-01
cascade_candidate_limit=1.00000000000000000000e+03
cascade_weight_multiplier=4.00000005960464477539e-01
cascade_activation_functions_count=10
cascade_activation_functions=3 5 7 8 10 11 14 15 16 17 
cascade_activation_steepnesses_count=4
cascade_activation_steepnesses=2.50000000000000000000e-01 5.00000000000000000000e-01 7.50000000000000000000e-01 1.00000000000000000000e+00 
layer_sizes=7 9 2 
scale_included=0
neurons (num_inputs, activation_function, activation_steepness)=(0, 0, 0.00000000000000000000e+00) (0, 0, 0.00000000000000000000e+00) (0, 0, 0.00000000000000000000e+00) (0, 0, 0.00000000000000000000e+00) (0, 0, 0.00000000000000000000e+00) (0, 0, 0.00000000000000000000e+00) (0, 0, 0.00000000000000000000e+00) (7, 3, 5.00000000000000000000e-01) (7, 3, 5.00000000000000000000e-01) (7, 3, 5.00000000000000000000e-01) (7, 3, 5.00000000000000000000e-01) (7, 3, 5.00000000000000000000e-01) (7, 3, 5.00000000000000000000e-01) (7, 3, 5.00000000000000000000e-01) (7, 3, 5.00000000000000000000e-01) (0, 3, 0.00000000000000000000e+00) (9, 0, 5.00000000000000000000e-01) (0, 0, 0.00000000000000000000e+00) 
connections (connected_to_neuron, weight)=(0, -6.73752427101135253906e-02) (1, 2.11741216480731964111e-02) (2, 2.82729506492614746094e-01) (3, -2.24382594227790832520e-01) (4, -5.26363700628280639648e-02) (5, 1.76153257489204406738e-01) (6, -1.85549700260162353516e+00) (0, -2.77564930915832519531e+00) (1, -1.73284244537353515625e+00) (2, 7.08653974533081054688e+00) (3, -2.19611883163452148438e+00) (4, -1.86987900733947753906e+00) (5, -1.25531339645385742188e+01) (6, -3.55046129226684570312e+00) (0, -1.83015644550323486328e-01) (1, -4.08090829849243164062e-01) (2, 9.70548987388610839844e-01) (3, -3.92915934324264526367e-01) (4, -4.83486682176589965820e-01) (5, 6.80293738842010498047e-01) (6, -3.91942620277404785156e-01) (0, -3.50965499877929687500e-01) (1, -3.64651620388031005859e-01) (2, 9.30366218090057373047e-01) (3, -2.47908502817153930664e-01) (4, -3.34014713764190673828e-01) (5, 1.19295823574066162109e+00) (6, -3.34404200315475463867e-01) (0, 1.37423535156250000000e+03) (1, 1.50000000000000000000e+03) (2, 1.50000000000000000000e+03) (3, 2.01999389648437500000e+02) (4, 1.50000000000000000000e+03) (5, 8.01074862480163574219e-01) (6, 2.52654016017913818359e-01) (0, -1.49743164062500000000e+03) (1, -1.50000000000000000000e+03) (2, -1.50000000000000000000e+03) (3, -1.98311584472656250000e+02) (4, -1.50000000000000000000e+03) (5, 7.62865006923675537109e-01) (6, -8.20529818534851074219e-01) (0, -6.84737792968750000000e+02) (1, -1.50000000000000000000e+03) (2, -1.28030981445312500000e+03) (3, -1.98280838012695312500e+02) (4, -1.50000000000000000000e+03) (5, -1.29934453964233398438e+01) (6, -6.70970559120178222656e-01) (0, -3.25296133756637573242e-01) (1, -2.59617298841476440430e-01) (2, 8.25261831283569335938e-01) (3, -3.40852648019790649414e-01) (4, -3.48844707012176513672e-01) (5, 1.27124249935150146484e+00) (6, 4.14553284645080566406e-02) (7, -1.09315529465675354004e-01) (8, -3.95161062479019165039e-02) (9, 9.21203643083572387695e-02) (10, -1.44789457321166992188e-01) (11, -5.19962906837463378906e-02) (12, 1.50000000000000000000e+03) (13, 1.50000000000000000000e+03) (14, 1.30452215671539306641e-01) (15, 6.65475055575370788574e-02) 
