FANN_FLO_2.1
num_layers=3
learning_rate=0.400000
connection_rate=1.000000
network_type=0
learning_momentum=0.000000
training_algorithm=2
train_error_function=1
train_stop_function=0
cascade_output_change_fraction=0.010000
quickprop_decay=-0.000100
quickprop_mu=1.750000
rprop_increase_factor=1.200000
rprop_decrease_factor=0.500000
rprop_delta_min=0.000000
rprop_delta_max=50.000000
rprop_delta_zero=0.100000
cascade_output_stagnation_epochs=12
cascade_candidate_change_fraction=0.010000
cascade_candidate_stagnation_epochs=12
cascade_max_out_epochs=150
cascade_min_out_epochs=50
cascade_max_cand_epochs=150
cascade_min_cand_epochs=50
cascade_num_candidate_groups=2
bit_fail_limit=3.49999994039535522461e-01
cascade_candidate_limit=1.00000000000000000000e+03
cascade_weight_multiplier=4.00000005960464477539e-01
cascade_activation_functions_count=10
cascade_activation_functions=3 5 7 8 10 11 14 15 16 17 
cascade_activation_steepnesses_count=4
cascade_activation_steepnesses=2.50000000000000000000e-01 5.00000000000000000000e-01 7.50000000000000000000e-01 1.00000000000000000000e+00 
layer_sizes=6 5 2 
scale_included=0
neurons (num_inputs, activation_function, activation_steepness)=(0, 0, 0.00000000000000000000e+00) (0, 0, 0.00000000000000000000e+00) (0, 0, 0.00000000000000000000e+00) (0, 0, 0.00000000000000000000e+00) (0, 0, 0.00000000000000000000e+00) (0, 0, 0.00000000000000000000e+00) (6, 3, 5.00000000000000000000e-01) (6, 3, 5.00000000000000000000e-01) (6, 3, 5.00000000000000000000e-01) (6, 3, 5.00000000000000000000e-01) (0, 3, 0.00000000000000000000e+00) (5, 0, 5.00000000000000000000e-01) (0, 0, 0.00000000000000000000e+00) 
connections (connected_to_neuron, weight)=(0, -1.36177291870117187500e+02) (1, -5.07207536697387695312e+00) (2, -4.65709865093231201172e-01) (3, -1.54154658317565917969e+00) (4, -7.83971011638641357422e-01) (5, -3.43883305788040161133e-01) (0, -2.12412095069885253906e+00) (1, -3.45268517732620239258e-01) (2, 8.61190930008888244629e-02) (3, -2.03960418701171875000e+00) (4, 1.93000704050064086914e-01) (5, -1.15135975182056427002e-01) (0, -7.77155399322509765625e+00) (1, -9.78292524814605712891e-01) (2, -1.69643357396125793457e-01) (3, -1.89304983615875244141e+00) (4, -2.09506213665008544922e-01) (5, 1.39961659908294677734e-01) (0, -2.99838085174560546875e+01) (1, -2.11023473739624023438e+00) (2, -5.42207174003124237061e-02) (3, -2.04842495918273925781e+00) (4, 3.94292235374450683594e-01) (5, 1.43524110317230224609e-01) (6, 3.54321146011352539062e+00) (7, 3.95834207534790039062e-01) (8, 4.61010426282882690430e-01) (9, 5.51792621612548828125e-01) (10, 3.77193331718444824219e-01) 
