FANN_FLO_2.1
num_layers=3
learning_rate=0.400000
connection_rate=1.000000
network_type=0
learning_momentum=0.000000
training_algorithm=2
train_error_function=1
train_stop_function=0
cascade_output_change_fraction=0.010000
quickprop_decay=-0.000100
quickprop_mu=1.750000
rprop_increase_factor=1.200000
rprop_decrease_factor=0.500000
rprop_delta_min=0.000000
rprop_delta_max=50.000000
rprop_delta_zero=0.100000
cascade_output_stagnation_epochs=12
cascade_candidate_change_fraction=0.010000
cascade_candidate_stagnation_epochs=12
cascade_max_out_epochs=150
cascade_min_out_epochs=50
cascade_max_cand_epochs=150
cascade_min_cand_epochs=50
cascade_num_candidate_groups=2
bit_fail_limit=3.49999994039535522461e-01
cascade_candidate_limit=1.00000000000000000000e+03
cascade_weight_multiplier=4.00000005960464477539e-01
cascade_activation_functions_count=10
cascade_activation_functions=3 5 7 8 10 11 14 15 16 17 
cascade_activation_steepnesses_count=4
cascade_activation_steepnesses=2.50000000000000000000e-01 5.00000000000000000000e-01 7.50000000000000000000e-01 1.00000000000000000000e+00 
layer_sizes=10 3 2 
scale_included=0
neurons (num_inputs, activation_function, activation_steepness)=(0, 0, 0.00000000000000000000e+00) (0, 0, 0.00000000000000000000e+00) (0, 0, 0.00000000000000000000e+00) (0, 0, 0.00000000000000000000e+00) (0, 0, 0.00000000000000000000e+00) (0, 0, 0.00000000000000000000e+00) (0, 0, 0.00000000000000000000e+00) (0, 0, 0.00000000000000000000e+00) (0, 0, 0.00000000000000000000e+00) (0, 0, 0.00000000000000000000e+00) (10, 3, 5.00000000000000000000e-01) (10, 3, 5.00000000000000000000e-01) (0, 3, 0.00000000000000000000e+00) (3, 3, 5.00000000000000000000e-01) (0, 3, 0.00000000000000000000e+00) 
connections (connected_to_neuron, weight)=(0, -5.20533546805381774902e-02) (1, -1.46441847085952758789e-01) (2, -6.70125260949134826660e-02) (3, -7.06948563456535339355e-02) (4, -7.48123452067375183105e-02) (5, -4.59793135523796081543e-02) (6, 9.28131788969039916992e-02) (7, 1.25970706343650817871e-01) (8, 1.37143418192863464355e-01) (9, -2.01100736856460571289e-01) (0, 1.39828860759735107422e-01) (1, 9.11986976861953735352e-02) (2, 2.57614925503730773926e-02) (3, 3.15639451146125793457e-02) (4, 1.32201358675956726074e-01) (5, 9.59277302026748657227e-02) (6, -3.38204428553581237793e-02) (7, -4.27635833621025085449e-02) (8, -2.59879007935523986816e-02) (9, 1.69522464275360107422e-01) (10, 3.58139872550964355469e-02) (11, 1.25624731183052062988e-01) (12, 2.02818691730499267578e-01) 
