FANN_FLO_2.1
num_layers=3
learning_rate=0.300000
connection_rate=1.000000
network_type=0
learning_momentum=0.000000
training_algorithm=2
train_error_function=1
train_stop_function=0
cascade_output_change_fraction=0.010000
quickprop_decay=-0.000100
quickprop_mu=1.750000
rprop_increase_factor=1.200000
rprop_decrease_factor=0.500000
rprop_delta_min=0.000000
rprop_delta_max=50.000000
rprop_delta_zero=0.100000
cascade_output_stagnation_epochs=12
cascade_candidate_change_fraction=0.010000
cascade_candidate_stagnation_epochs=12
cascade_max_out_epochs=150
cascade_min_out_epochs=50
cascade_max_cand_epochs=150
cascade_min_cand_epochs=50
cascade_num_candidate_groups=2
bit_fail_limit=3.49999994039535522461e-01
cascade_candidate_limit=1.00000000000000000000e+03
cascade_weight_multiplier=4.00000005960464477539e-01
cascade_activation_functions_count=10
cascade_activation_functions=3 5 7 8 10 11 14 15 16 17 
cascade_activation_steepnesses_count=4
cascade_activation_steepnesses=2.50000000000000000000e-01 5.00000000000000000000e-01 7.50000000000000000000e-01 1.00000000000000000000e+00 
layer_sizes=4 9 2 
scale_included=0
neurons (num_inputs, activation_function, activation_steepness)=(0, 0, 0.00000000000000000000e+00) (0, 0, 0.00000000000000000000e+00) (0, 0, 0.00000000000000000000e+00) (0, 0, 0.00000000000000000000e+00) (4, 3, 5.00000000000000000000e-01) (4, 3, 5.00000000000000000000e-01) (4, 3, 5.00000000000000000000e-01) (4, 3, 5.00000000000000000000e-01) (4, 3, 5.00000000000000000000e-01) (4, 3, 5.00000000000000000000e-01) (4, 3, 5.00000000000000000000e-01) (4, 3, 5.00000000000000000000e-01) (0, 3, 0.00000000000000000000e+00) (9, 3, 5.00000000000000000000e-01) (0, 3, 0.00000000000000000000e+00) 
connections (connected_to_neuron, weight)=(0, -1.34041398763656616211e-01) (1, 1.89432457089424133301e-01) (2, -3.21892678737640380859e-01) (3, 8.51741373538970947266e-01) (0, 8.57006072998046875000e-01) (1, 2.40123462677001953125e+01) (2, 2.04523429870605468750e+01) (3, 2.44001274108886718750e+01) (0, -9.52776253223419189453e-01) (1, 1.29475980997085571289e-01) (2, -8.18042278289794921875e-01) (3, 1.61540546417236328125e+01) (0, -2.06809353828430175781e+00) (1, 6.82825744152069091797e-01) (2, -5.83346420899033546448e-03) (3, 4.77791249752044677734e-01) (0, 4.21250872313976287842e-02) (1, 1.53733998537063598633e-01) (2, -1.97201621532440185547e+00) (3, -4.06767904758453369141e-01) (0, 1.16307287216186523438e+01) (1, 7.50044012069702148438e+00) (2, -1.41688064575195312500e+02) (3, 1.75843656063079833984e-01) (0, -2.63734966516494750977e-01) (1, 1.50653228163719177246e-01) (2, 2.71765232086181640625e-01) (3, 1.08232736587524414062e+00) (0, -9.89047825336456298828e-01) (1, 6.45348191261291503906e-01) (2, -3.19754695892333984375e+00) (3, 9.72352600097656250000e+00) (4, -5.70757389068603515625e+00) (5, 5.00000000000000000000e+01) (6, -7.56982922554016113281e-01) (7, 1.70203447341918945312e-01) (8, 4.09055083990097045898e-01) (9, 2.20062911510467529297e-01) (10, -3.99997138977050781250e+00) (11, -2.53828048706054687500e-01) (12, 2.83553570508956909180e-01) 
