FANN_FLO_2.1
num_layers=4
learning_rate=0.500000
connection_rate=1.000000
network_type=0
learning_momentum=0.000000
training_algorithm=2
train_error_function=1
train_stop_function=0
cascade_output_change_fraction=0.010000
quickprop_decay=-0.000100
quickprop_mu=1.750000
rprop_increase_factor=1.200000
rprop_decrease_factor=0.500000
rprop_delta_min=0.000000
rprop_delta_max=50.000000
rprop_delta_zero=0.100000
cascade_output_stagnation_epochs=12
cascade_candidate_change_fraction=0.010000
cascade_candidate_stagnation_epochs=12
cascade_max_out_epochs=150
cascade_min_out_epochs=50
cascade_max_cand_epochs=150
cascade_min_cand_epochs=50
cascade_num_candidate_groups=2
bit_fail_limit=3.49999994039535522461e-01
cascade_candidate_limit=1.00000000000000000000e+03
cascade_weight_multiplier=4.00000005960464477539e-01
cascade_activation_functions_count=10
cascade_activation_functions=3 5 7 8 10 11 14 15 16 17 
cascade_activation_steepnesses_count=4
cascade_activation_steepnesses=2.50000000000000000000e-01 5.00000000000000000000e-01 7.50000000000000000000e-01 1.00000000000000000000e+00 
layer_sizes=4 5 5 2 
scale_included=0
neurons (num_inputs, activation_function, activation_steepness)=(0, 0, 0.00000000000000000000e+00) (0, 0, 0.00000000000000000000e+00) (0, 0, 0.00000000000000000000e+00) (0, 0, 0.00000000000000000000e+00) (4, 3, 5.00000000000000000000e-01) (4, 3, 5.00000000000000000000e-01) (4, 3, 5.00000000000000000000e-01) (4, 3, 5.00000000000000000000e-01) (0, 3, 0.00000000000000000000e+00) (5, 3, 5.00000000000000000000e-01) (5, 3, 5.00000000000000000000e-01) (5, 3, 5.00000000000000000000e-01) (5, 3, 5.00000000000000000000e-01) (0, 3, 0.00000000000000000000e+00) (5, 3, 5.00000000000000000000e-01) (0, 3, 0.00000000000000000000e+00) 
connections (connected_to_neuron, weight)=(0, -2.88892674446105957031e+00) (1, -1.20068435668945312500e+01) (2, 5.16324472427368164062e+00) (3, 2.54678130149841308594e+00) (0, -1.07252082824707031250e+02) (1, -1.87495864868164062500e+02) (2, -5.53597412109375000000e+01) (3, 4.47293138504028320312e+00) (0, 3.46702527999877929688e+00) (1, -1.99946002960205078125e+01) (2, 1.78144145011901855469e+00) (3, 2.14428997039794921875e+00) (0, -3.67885851860046386719e+00) (1, -5.03101501464843750000e+02) (2, -3.60851867675781250000e+02) (3, 1.52274580001831054688e+01) (4, 2.61090698242187500000e+01) (5, 1.50954551696777343750e+01) (6, -2.17137479782104492188e+00) (7, -3.87979745864868164062e+00) (8, 2.20830127596855163574e-01) (4, -8.63161071777343750000e+02) (5, -1.07110267639160156250e+02) (6, -4.44715499877929687500e+01) (7, -7.92882385253906250000e+02) (8, -3.29041182994842529297e-01) (4, 6.53080654144287109375e+00) (5, -3.80235671997070312500e+00) (6, -1.43705129623413085938e+01) (7, 1.03183114528656005859e+00) (8, -2.42793396115303039551e-01) (4, 1.08913116455078125000e+01) (5, 4.21278667449951171875e+00) (6, -2.03252525329589843750e+01) (7, 6.28844308853149414062e+00) (8, -1.32392168045043945312e+00) (9, -3.18325400352478027344e+00) (10, 7.90800048828125000000e+02) (11, 2.94263458251953125000e+00) (12, -2.41009974479675292969e+00) (13, 1.94676756858825683594e+00) 
