FANN_FLO_2.1
num_layers=3
learning_rate=0.300000
connection_rate=1.000000
network_type=0
learning_momentum=0.000000
training_algorithm=2
train_error_function=1
train_stop_function=0
cascade_output_change_fraction=0.010000
quickprop_decay=-0.000100
quickprop_mu=1.750000
rprop_increase_factor=1.200000
rprop_decrease_factor=0.500000
rprop_delta_min=0.000000
rprop_delta_max=50.000000
rprop_delta_zero=0.100000
cascade_output_stagnation_epochs=12
cascade_candidate_change_fraction=0.010000
cascade_candidate_stagnation_epochs=12
cascade_max_out_epochs=150
cascade_min_out_epochs=50
cascade_max_cand_epochs=150
cascade_min_cand_epochs=50
cascade_num_candidate_groups=2
bit_fail_limit=3.49999994039535522461e-01
cascade_candidate_limit=1.00000000000000000000e+03
cascade_weight_multiplier=4.00000005960464477539e-01
cascade_activation_functions_count=10
cascade_activation_functions=3 5 7 8 10 11 14 15 16 17 
cascade_activation_steepnesses_count=4
cascade_activation_steepnesses=2.50000000000000000000e-01 5.00000000000000000000e-01 7.50000000000000000000e-01 1.00000000000000000000e+00 
layer_sizes=4 9 2 
scale_included=0
neurons (num_inputs, activation_function, activation_steepness)=(0, 0, 0.00000000000000000000e+00) (0, 0, 0.00000000000000000000e+00) (0, 0, 0.00000000000000000000e+00) (0, 0, 0.00000000000000000000e+00) (4, 3, 5.00000000000000000000e-01) (4, 3, 5.00000000000000000000e-01) (4, 3, 5.00000000000000000000e-01) (4, 3, 5.00000000000000000000e-01) (4, 3, 5.00000000000000000000e-01) (4, 3, 5.00000000000000000000e-01) (4, 3, 5.00000000000000000000e-01) (4, 3, 5.00000000000000000000e-01) (0, 3, 0.00000000000000000000e+00) (9, 3, 5.00000000000000000000e-01) (0, 3, 0.00000000000000000000e+00) 
connections (connected_to_neuron, weight)=(0, -9.60206210613250732422e-01) (1, 6.22766613960266113281e-01) (2, -1.61949133872985839844e+00) (3, 7.74694824218750000000e+00) (0, -2.80444711446762084961e-01) (1, 9.07977856695652008057e-03) (2, 2.11623460054397583008e-01) (3, 1.31086039543151855469e+00) (0, -1.20087230205535888672e+00) (1, 5.93682229518890380859e-01) (2, -1.35071098804473876953e+00) (3, 8.70436859130859375000e+00) (0, -1.44985449314117431641e+00) (1, 6.17112338542938232422e-01) (2, -1.06587302684783935547e+00) (3, 9.48265266418457031250e+00) (0, -8.82324576377868652344e-01) (1, 3.12363117933273315430e-01) (2, -1.34767901897430419922e+00) (3, 1.84361476898193359375e+01) (0, 3.93838906288146972656e+00) (1, -1.93995907902717590332e-01) (2, -1.15956878662109375000e+01) (3, -2.94465217739343643188e-02) (0, -1.35281920433044433594e+00) (1, 5.43222308158874511719e-01) (2, -1.03620290756225585938e+00) (3, 4.19493484497070312500e+00) (0, -8.27680528163909912109e-02) (1, 1.98209844529628753662e-02) (2, -2.81624585390090942383e-01) (3, 1.00090646743774414062e+00) (4, -2.84106135368347167969e-01) (5, -1.81006133556365966797e+00) (6, -1.02359734475612640381e-01) (7, -2.02615916728973388672e-01) (8, -2.04489722847938537598e-01) (9, 1.10889516770839691162e-01) (10, -1.62069275975227355957e-01) (11, -9.71551704406738281250e+00) (12, 1.04557764530181884766e+00) 
