FANN_FLO_2.1
num_layers=3
learning_rate=0.400000
connection_rate=1.000000
network_type=0
learning_momentum=0.000000
training_algorithm=2
train_error_function=1
train_stop_function=0
cascade_output_change_fraction=0.010000
quickprop_decay=-0.000100
quickprop_mu=1.750000
rprop_increase_factor=1.200000
rprop_decrease_factor=0.500000
rprop_delta_min=0.000000
rprop_delta_max=50.000000
rprop_delta_zero=0.100000
cascade_output_stagnation_epochs=12
cascade_candidate_change_fraction=0.010000
cascade_candidate_stagnation_epochs=12
cascade_max_out_epochs=150
cascade_min_out_epochs=50
cascade_max_cand_epochs=150
cascade_min_cand_epochs=50
cascade_num_candidate_groups=2
bit_fail_limit=3.49999994039535522461e-01
cascade_candidate_limit=1.00000000000000000000e+03
cascade_weight_multiplier=4.00000005960464477539e-01
cascade_activation_functions_count=10
cascade_activation_functions=3 5 7 8 10 11 14 15 16 17 
cascade_activation_steepnesses_count=4
cascade_activation_steepnesses=2.50000000000000000000e-01 5.00000000000000000000e-01 7.50000000000000000000e-01 1.00000000000000000000e+00 
layer_sizes=6 5 2 
scale_included=0
neurons (num_inputs, activation_function, activation_steepness)=(0, 0, 0.00000000000000000000e+00) (0, 0, 0.00000000000000000000e+00) (0, 0, 0.00000000000000000000e+00) (0, 0, 0.00000000000000000000e+00) (0, 0, 0.00000000000000000000e+00) (0, 0, 0.00000000000000000000e+00) (6, 3, 5.00000000000000000000e-01) (6, 3, 5.00000000000000000000e-01) (6, 3, 5.00000000000000000000e-01) (6, 3, 5.00000000000000000000e-01) (0, 3, 0.00000000000000000000e+00) (5, 0, 5.00000000000000000000e-01) (0, 0, 0.00000000000000000000e+00) 
connections (connected_to_neuron, weight)=(0, -3.19708180427551269531e+00) (1, -3.43744069337844848633e-01) (2, 4.94227111339569091797e-02) (3, -1.55578839778900146484e+00) (4, -8.90564173460006713867e-02) (5, -8.17472696304321289062e-01) (0, -5.71592483520507812500e+01) (1, -8.17606067657470703125e+00) (2, -2.50118374824523925781e+00) (3, -3.10529023408889770508e-01) (4, 2.70141184329986572266e-01) (5, 1.15229859948158264160e-01) (0, -9.00374908447265625000e+01) (1, -2.01758933067321777344e+00) (2, 7.42235422134399414062e-01) (3, -6.32162451744079589844e-01) (4, -2.23169550299644470215e-01) (5, -1.09334135055541992188e+00) (0, -6.45525512695312500000e+01) (1, -3.38777017593383789062e+00) (2, -6.96720719337463378906e-01) (3, 1.07540652155876159668e-01) (4, -4.34401154518127441406e-01) (5, -1.97598600387573242188e+00) (6, 9.44940865039825439453e-01) (7, 1.06585836410522460938e+01) (8, 2.80728316307067871094e+00) (9, -6.78022801876068115234e-01) (10, 4.69175666570663452148e-01) 
