FANN_FLO_2.1
num_layers=3
learning_rate=0.450000
connection_rate=1.000000
network_type=0
learning_momentum=0.000000
training_algorithm=2
train_error_function=1
train_stop_function=0
cascade_output_change_fraction=0.010000
quickprop_decay=-0.000100
quickprop_mu=1.750000
rprop_increase_factor=1.200000
rprop_decrease_factor=0.500000
rprop_delta_min=0.000000
rprop_delta_max=50.000000
rprop_delta_zero=0.100000
cascade_output_stagnation_epochs=12
cascade_candidate_change_fraction=0.010000
cascade_candidate_stagnation_epochs=12
cascade_max_out_epochs=150
cascade_min_out_epochs=50
cascade_max_cand_epochs=150
cascade_min_cand_epochs=50
cascade_num_candidate_groups=2
bit_fail_limit=3.49999994039535522461e-01
cascade_candidate_limit=1.00000000000000000000e+03
cascade_weight_multiplier=4.00000005960464477539e-01
cascade_activation_functions_count=10
cascade_activation_functions=3 5 7 8 10 11 14 15 16 17 
cascade_activation_steepnesses_count=4
cascade_activation_steepnesses=2.50000000000000000000e-01 5.00000000000000000000e-01 7.50000000000000000000e-01 1.00000000000000000000e+00 
layer_sizes=7 5 2 
scale_included=0
neurons (num_inputs, activation_function, activation_steepness)=(0, 0, 0.00000000000000000000e+00) (0, 0, 0.00000000000000000000e+00) (0, 0, 0.00000000000000000000e+00) (0, 0, 0.00000000000000000000e+00) (0, 0, 0.00000000000000000000e+00) (0, 0, 0.00000000000000000000e+00) (0, 0, 0.00000000000000000000e+00) (7, 3, 5.00000000000000000000e-01) (7, 3, 5.00000000000000000000e-01) (7, 3, 5.00000000000000000000e-01) (7, 3, 5.00000000000000000000e-01) (0, 3, 0.00000000000000000000e+00) (5, 0, 5.00000000000000000000e-01) (0, 0, 0.00000000000000000000e+00) 
connections (connected_to_neuron, weight)=(0, -1.20776224136352539062e+00) (1, -1.00437927246093750000e+00) (2, 5.52559852600097656250e-01) (3, -4.62473720312118530273e-01) (4, 9.25283059477806091309e-02) (5, -3.20338797569274902344e+00) (6, -3.09516668319702148438e-01) (0, -4.75768756866455078125e+00) (1, -9.82687664031982421875e+00) (2, 1.82616100311279296875e+01) (3, -8.49327027797698974609e-01) (4, -2.42233848571777343750e+01) (5, 1.07217204570770263672e+00) (6, -2.83239811658859252930e-01) (0, -5.69570735096931457520e-02) (1, -3.29977899789810180664e-01) (2, -6.30533397197723388672e-02) (3, 5.60208708047866821289e-02) (4, -5.45207709074020385742e-02) (5, 4.29652065038681030273e-01) (6, -1.40901970863342285156e+00) (0, -4.20331180095672607422e-01) (1, -6.69753074645996093750e-01) (2, -7.10565090179443359375e-01) (3, -3.20539116859436035156e-01) (4, -2.37895280122756958008e-01) (5, 1.95666372776031494141e+00) (6, 6.46035015583038330078e-01) (7, 7.75697231292724609375e-02) (8, -5.13427853584289550781e-01) (9, 1.90016373991966247559e-01) (10, -1.86795577406883239746e-01) (11, 6.81981164962053298950e-03) 
