FANN_FLO_2.1
num_layers=3
learning_rate=0.500000
connection_rate=1.000000
network_type=0
learning_momentum=0.000000
training_algorithm=2
train_error_function=1
train_stop_function=0
cascade_output_change_fraction=0.010000
quickprop_decay=-0.000100
quickprop_mu=1.750000
rprop_increase_factor=1.200000
rprop_decrease_factor=0.500000
rprop_delta_min=0.000000
rprop_delta_max=50.000000
rprop_delta_zero=0.100000
cascade_output_stagnation_epochs=12
cascade_candidate_change_fraction=0.010000
cascade_candidate_stagnation_epochs=12
cascade_max_out_epochs=150
cascade_min_out_epochs=50
cascade_max_cand_epochs=150
cascade_min_cand_epochs=50
cascade_num_candidate_groups=2
bit_fail_limit=3.49999994039535522461e-01
cascade_candidate_limit=1.00000000000000000000e+03
cascade_weight_multiplier=4.00000005960464477539e-01
cascade_activation_functions_count=10
cascade_activation_functions=3 5 7 8 10 11 14 15 16 17 
cascade_activation_steepnesses_count=4
cascade_activation_steepnesses=2.50000000000000000000e-01 5.00000000000000000000e-01 7.50000000000000000000e-01 1.00000000000000000000e+00 
layer_sizes=10 3 2 
scale_included=0
neurons (num_inputs, activation_function, activation_steepness)=(0, 0, 0.00000000000000000000e+00) (0, 0, 0.00000000000000000000e+00) (0, 0, 0.00000000000000000000e+00) (0, 0, 0.00000000000000000000e+00) (0, 0, 0.00000000000000000000e+00) (0, 0, 0.00000000000000000000e+00) (0, 0, 0.00000000000000000000e+00) (0, 0, 0.00000000000000000000e+00) (0, 0, 0.00000000000000000000e+00) (0, 0, 0.00000000000000000000e+00) (10, 3, 5.00000000000000000000e-01) (10, 3, 5.00000000000000000000e-01) (0, 3, 0.00000000000000000000e+00) (3, 3, 5.00000000000000000000e-01) (0, 3, 0.00000000000000000000e+00) 
connections (connected_to_neuron, weight)=(0, -2.20757871866226196289e-02) (1, -2.29247555136680603027e-01) (2, -2.04836633056402206421e-02) (3, -6.55712544918060302734e-01) (4, -7.15707123279571533203e-01) (5, -7.46020793914794921875e-01) (6, -6.75938606262207031250e-01) (7, -7.26297914981842041016e-01) (8, -6.15799725055694580078e-01) (9, 1.94640076160430908203e+00) (0, -6.38533413410186767578e-01) (1, -5.67308843135833740234e-01) (2, -6.48889005184173583984e-01) (3, -3.33338618278503417969e-01) (4, -2.89171129465103149414e-01) (5, -3.10998857021331787109e-01) (6, -3.25142323970794677734e-01) (7, -3.65928560495376586914e-01) (8, -3.47671926021575927734e-01) (9, 1.11462748050689697266e+00) (10, -1.39941334724426269531e+00) (11, -3.22685575485229492188e+00) (12, 1.62429118156433105469e+00) 
