FANN_FLO_2.1
num_layers=3
learning_rate=0.450000
connection_rate=1.000000
network_type=0
learning_momentum=0.000000
training_algorithm=2
train_error_function=1
train_stop_function=0
cascade_output_change_fraction=0.010000
quickprop_decay=-0.000100
quickprop_mu=1.750000
rprop_increase_factor=1.200000
rprop_decrease_factor=0.500000
rprop_delta_min=0.000000
rprop_delta_max=50.000000
rprop_delta_zero=0.100000
cascade_output_stagnation_epochs=12
cascade_candidate_change_fraction=0.010000
cascade_candidate_stagnation_epochs=12
cascade_max_out_epochs=150
cascade_min_out_epochs=50
cascade_max_cand_epochs=150
cascade_min_cand_epochs=50
cascade_num_candidate_groups=2
bit_fail_limit=3.49999994039535522461e-01
cascade_candidate_limit=1.00000000000000000000e+03
cascade_weight_multiplier=4.00000005960464477539e-01
cascade_activation_functions_count=10
cascade_activation_functions=3 5 7 8 10 11 14 15 16 17 
cascade_activation_steepnesses_count=4
cascade_activation_steepnesses=2.50000000000000000000e-01 5.00000000000000000000e-01 7.50000000000000000000e-01 1.00000000000000000000e+00 
layer_sizes=7 5 2 
scale_included=0
neurons (num_inputs, activation_function, activation_steepness)=(0, 0, 0.00000000000000000000e+00) (0, 0, 0.00000000000000000000e+00) (0, 0, 0.00000000000000000000e+00) (0, 0, 0.00000000000000000000e+00) (0, 0, 0.00000000000000000000e+00) (0, 0, 0.00000000000000000000e+00) (0, 0, 0.00000000000000000000e+00) (7, 3, 5.00000000000000000000e-01) (7, 3, 5.00000000000000000000e-01) (7, 3, 5.00000000000000000000e-01) (7, 3, 5.00000000000000000000e-01) (0, 3, 0.00000000000000000000e+00) (5, 0, 5.00000000000000000000e-01) (0, 0, 0.00000000000000000000e+00) 
connections (connected_to_neuron, weight)=(0, 4.12460861206054687500e+01) (1, -1.47231152343750000000e+03) (2, 1.22535949707031250000e+02) (3, 5.54135608673095703125e+00) (4, -9.06347229003906250000e+02) (5, 1.00035522460937500000e+03) (6, -3.96074742078781127930e-01) (0, 1.30353500366210937500e+02) (1, -1.49497180175781250000e+03) (2, 2.95066162109375000000e+02) (3, 1.30347625732421875000e+02) (4, -1.49854943847656250000e+03) (5, 2.88381774902343750000e+02) (6, -7.14604794979095458984e-01) (0, 5.14043426513671875000e+01) (1, -1.34520654296875000000e+03) (2, 8.58836120605468750000e+02) (3, 5.14479484558105468750e+01) (4, -1.27900036621093750000e+03) (5, 6.22143798828125000000e+02) (6, -3.72434765100479125977e-01) (0, -3.54630050659179687500e+01) (1, 4.31673316955566406250e+01) (2, -2.45594730377197265625e+01) (3, -3.72428970336914062500e+01) (4, 1.44428634643554687500e+02) (5, -8.42148056030273437500e+01) (6, -5.53921222686767578125e-01) (7, -1.34993052482604980469e+00) (8, -6.65126442909240722656e-02) (9, -7.92240715026855468750e+00) (10, -2.06436868757009506226e-02) (11, 3.11792977154254913330e-02) 
