FANN_FLO_2.1
num_layers=4
learning_rate=0.300000
connection_rate=1.000000
network_type=0
learning_momentum=0.000000
training_algorithm=2
train_error_function=1
train_stop_function=0
cascade_output_change_fraction=0.010000
quickprop_decay=-0.000100
quickprop_mu=1.750000
rprop_increase_factor=1.200000
rprop_decrease_factor=0.500000
rprop_delta_min=0.000000
rprop_delta_max=50.000000
rprop_delta_zero=0.100000
cascade_output_stagnation_epochs=12
cascade_candidate_change_fraction=0.010000
cascade_candidate_stagnation_epochs=12
cascade_max_out_epochs=150
cascade_min_out_epochs=50
cascade_max_cand_epochs=150
cascade_min_cand_epochs=50
cascade_num_candidate_groups=2
bit_fail_limit=3.49999994039535522461e-01
cascade_candidate_limit=1.00000000000000000000e+03
cascade_weight_multiplier=4.00000005960464477539e-01
cascade_activation_functions_count=10
cascade_activation_functions=3 5 7 8 10 11 14 15 16 17 
cascade_activation_steepnesses_count=4
cascade_activation_steepnesses=2.50000000000000000000e-01 5.00000000000000000000e-01 7.50000000000000000000e-01 1.00000000000000000000e+00 
layer_sizes=2 5 5 3 
scale_included=0
neurons (num_inputs, activation_function, activation_steepness)=(0, 0, 0.00000000000000000000e+00) (0, 0, 0.00000000000000000000e+00) (2, 3, 5.00000000000000000000e-01) (2, 3, 5.00000000000000000000e-01) (2, 3, 5.00000000000000000000e-01) (2, 3, 5.00000000000000000000e-01) (0, 3, 0.00000000000000000000e+00) (5, 3, 5.00000000000000000000e-01) (5, 3, 5.00000000000000000000e-01) (5, 3, 5.00000000000000000000e-01) (5, 3, 5.00000000000000000000e-01) (0, 3, 0.00000000000000000000e+00) (5, 0, 5.00000000000000000000e-01) (5, 0, 5.00000000000000000000e-01) (0, 0, 0.00000000000000000000e+00) 
connections (connected_to_neuron, weight)=(0, 9.77899730205535888672e-01) (1, 6.67352259159088134766e-01) (0, 1.09180855751037597656e+00) (1, 3.55729460716247558594e-01) (0, -1.46152982711791992188e+01) (1, -1.25582876205444335938e+01) (0, -9.88926410675048828125e+00) (1, -8.15403079986572265625e+00) (2, 7.51625657081604003906e-01) (3, -1.86560213565826416016e-01) (4, 2.87015885114669799805e-01) (5, 2.35125169157981872559e-01) (6, -1.67963877320289611816e-01) (2, 6.79263174533843994141e-01) (3, 4.18641686439514160156e-01) (4, 4.22881245613098144531e-01) (5, 4.46119695901870727539e-01) (6, -5.71511864662170410156e-01) (2, -3.14155630767345428467e-02) (3, -2.27859001606702804565e-02) (4, 6.24600887298583984375e-01) (5, 6.00470423698425292969e-01) (6, 2.18546390533447265625e-02) (2, -1.62815368175506591797e+00) (3, -1.16523051261901855469e+00) (4, 1.34107220172882080078e+00) (5, 1.29710912704467773438e+00) (6, -7.12206065654754638672e-01) (7, -7.37571343779563903809e-02) (8, -2.06222012639045715332e-01) (9, -4.16252203285694122314e-02) (10, 2.53000646829605102539e-01) (11, -8.77004489302635192871e-03) (7, -4.87594157457351684570e-01) (8, -4.28210347890853881836e-01) (9, -4.74850624799728393555e-01) (10, -8.85692119598388671875e-01) (11, -5.13820111751556396484e-01) 
