FANN_FLO_2.1
num_layers=3
learning_rate=0.300000
connection_rate=1.000000
network_type=0
learning_momentum=0.000000
training_algorithm=2
train_error_function=1
train_stop_function=0
cascade_output_change_fraction=0.010000
quickprop_decay=-0.000100
quickprop_mu=1.750000
rprop_increase_factor=1.200000
rprop_decrease_factor=0.500000
rprop_delta_min=0.000000
rprop_delta_max=50.000000
rprop_delta_zero=0.100000
cascade_output_stagnation_epochs=12
cascade_candidate_change_fraction=0.010000
cascade_candidate_stagnation_epochs=12
cascade_max_out_epochs=150
cascade_min_out_epochs=50
cascade_max_cand_epochs=150
cascade_min_cand_epochs=50
cascade_num_candidate_groups=2
bit_fail_limit=3.49999994039535522461e-01
cascade_candidate_limit=1.00000000000000000000e+03
cascade_weight_multiplier=4.00000005960464477539e-01
cascade_activation_functions_count=10
cascade_activation_functions=3 5 7 8 10 11 14 15 16 17 
cascade_activation_steepnesses_count=4
cascade_activation_steepnesses=2.50000000000000000000e-01 5.00000000000000000000e-01 7.50000000000000000000e-01 1.00000000000000000000e+00 
layer_sizes=4 9 2 
scale_included=0
neurons (num_inputs, activation_function, activation_steepness)=(0, 0, 0.00000000000000000000e+00) (0, 0, 0.00000000000000000000e+00) (0, 0, 0.00000000000000000000e+00) (0, 0, 0.00000000000000000000e+00) (4, 3, 5.00000000000000000000e-01) (4, 3, 5.00000000000000000000e-01) (4, 3, 5.00000000000000000000e-01) (4, 3, 5.00000000000000000000e-01) (4, 3, 5.00000000000000000000e-01) (4, 3, 5.00000000000000000000e-01) (4, 3, 5.00000000000000000000e-01) (4, 3, 5.00000000000000000000e-01) (0, 3, 0.00000000000000000000e+00) (9, 3, 5.00000000000000000000e-01) (0, 3, 0.00000000000000000000e+00) 
connections (connected_to_neuron, weight)=(0, -5.09643912315368652344e-01) (1, 4.84590649604797363281e-01) (2, -2.43586635589599609375e+00) (3, 3.04473590850830078125e+00) (0, -1.06159821152687072754e-02) (1, 4.68631237745285034180e-02) (2, -5.18386662006378173828e-01) (3, 1.27452328801155090332e-01) (0, -7.50342547893524169922e-01) (1, 5.76754570007324218750e-01) (2, -2.03003144264221191406e+00) (3, 4.07555866241455078125e+00) (0, -5.90667352080345153809e-02) (1, 3.66906858980655670166e-02) (2, -3.67043852806091308594e-01) (3, 3.32114994525909423828e-01) (0, -2.21203207969665527344e-01) (1, 6.43656104803085327148e-02) (2, -1.74234598875045776367e-01) (3, 5.35305477678775787354e-02) (0, -1.78872287273406982422e-01) (1, 2.22332533448934555054e-02) (2, 1.84200201183557510376e-02) (3, 3.40964645147323608398e-01) (0, -3.73438268899917602539e-01) (1, 1.48569032549858093262e-01) (2, -2.67097175121307373047e-01) (3, 6.03558838367462158203e-01) (0, -2.56148487329483032227e-01) (1, 7.04075872898101806641e-01) (2, -5.44924545288085937500e+00) (3, 1.67939269542694091797e+00) (4, -1.69555604457855224609e-01) (5, 5.02885150909423828125e+00) (6, -1.60230726003646850586e-01) (7, -1.43748445510864257812e+01) (8, 4.35726785659790039062e+00) (9, -7.83976936340332031250e+00) (10, -1.79077871143817901611e-02) (11, -1.31428420543670654297e-01) (12, 8.20534288883209228516e-01) 
