FANN_FLO_2.1
num_layers=3
learning_rate=0.400000
connection_rate=1.000000
network_type=0
learning_momentum=0.000000
training_algorithm=2
train_error_function=1
train_stop_function=0
cascade_output_change_fraction=0.010000
quickprop_decay=-0.000100
quickprop_mu=1.750000
rprop_increase_factor=1.200000
rprop_decrease_factor=0.500000
rprop_delta_min=0.000000
rprop_delta_max=50.000000
rprop_delta_zero=0.100000
cascade_output_stagnation_epochs=12
cascade_candidate_change_fraction=0.010000
cascade_candidate_stagnation_epochs=12
cascade_max_out_epochs=150
cascade_min_out_epochs=50
cascade_max_cand_epochs=150
cascade_min_cand_epochs=50
cascade_num_candidate_groups=2
bit_fail_limit=3.49999994039535522461e-01
cascade_candidate_limit=1.00000000000000000000e+03
cascade_weight_multiplier=4.00000005960464477539e-01
cascade_activation_functions_count=10
cascade_activation_functions=3 5 7 8 10 11 14 15 16 17 
cascade_activation_steepnesses_count=4
cascade_activation_steepnesses=2.50000000000000000000e-01 5.00000000000000000000e-01 7.50000000000000000000e-01 1.00000000000000000000e+00 
layer_sizes=6 5 2 
scale_included=0
neurons (num_inputs, activation_function, activation_steepness)=(0, 0, 0.00000000000000000000e+00) (0, 0, 0.00000000000000000000e+00) (0, 0, 0.00000000000000000000e+00) (0, 0, 0.00000000000000000000e+00) (0, 0, 0.00000000000000000000e+00) (0, 0, 0.00000000000000000000e+00) (6, 3, 5.00000000000000000000e-01) (6, 3, 5.00000000000000000000e-01) (6, 3, 5.00000000000000000000e-01) (6, 3, 5.00000000000000000000e-01) (0, 3, 0.00000000000000000000e+00) (5, 0, 5.00000000000000000000e-01) (0, 0, 0.00000000000000000000e+00) 
connections (connected_to_neuron, weight)=(0, -1.50000000000000000000e+03) (1, -7.46435485839843750000e+02) (2, 7.93855285644531250000e+01) (3, -6.05556793212890625000e+01) (4, 3.83101630210876464844e+00) (5, -3.00172290802001953125e+01) (0, -1.50000000000000000000e+03) (1, -1.75057430267333984375e+01) (2, -7.50953197479248046875e-01) (3, -3.17585420608520507812e+00) (4, 2.58962772786617279053e-02) (5, -7.27374196052551269531e-01) (0, -1.50000000000000000000e+03) (1, -5.38718891143798828125e+00) (2, 5.73894977569580078125e-01) (3, -3.46822500228881835938e+00) (4, 6.44605904817581176758e-02) (5, -3.31710427999496459961e-01) (0, -1.50000000000000000000e+03) (1, -5.79609985351562500000e+02) (2, 2.18003524780273437500e+02) (3, -7.86841430664062500000e+02) (4, 1.58501684665679931641e-01) (5, -3.83450567722320556641e-01) (6, 2.06573963165283203125e+01) (7, 2.88953447341918945312e+00) (8, 1.59114110469818115234e+00) (9, 3.50614488124847412109e-01) (10, 6.15376710891723632812e-01) 
