FANN_FLO_2.1
num_layers=3
learning_rate=0.400000
connection_rate=1.000000
network_type=0
learning_momentum=0.000000
training_algorithm=2
train_error_function=1
train_stop_function=0
cascade_output_change_fraction=0.010000
quickprop_decay=-0.000100
quickprop_mu=1.750000
rprop_increase_factor=1.200000
rprop_decrease_factor=0.500000
rprop_delta_min=0.000000
rprop_delta_max=50.000000
rprop_delta_zero=0.100000
cascade_output_stagnation_epochs=12
cascade_candidate_change_fraction=0.010000
cascade_candidate_stagnation_epochs=12
cascade_max_out_epochs=150
cascade_min_out_epochs=50
cascade_max_cand_epochs=150
cascade_min_cand_epochs=50
cascade_num_candidate_groups=2
bit_fail_limit=3.49999994039535522461e-01
cascade_candidate_limit=1.00000000000000000000e+03
cascade_weight_multiplier=4.00000005960464477539e-01
cascade_activation_functions_count=10
cascade_activation_functions=3 5 7 8 10 11 14 15 16 17 
cascade_activation_steepnesses_count=4
cascade_activation_steepnesses=2.50000000000000000000e-01 5.00000000000000000000e-01 7.50000000000000000000e-01 1.00000000000000000000e+00 
layer_sizes=6 5 2 
scale_included=0
neurons (num_inputs, activation_function, activation_steepness)=(0, 0, 0.00000000000000000000e+00) (0, 0, 0.00000000000000000000e+00) (0, 0, 0.00000000000000000000e+00) (0, 0, 0.00000000000000000000e+00) (0, 0, 0.00000000000000000000e+00) (0, 0, 0.00000000000000000000e+00) (6, 3, 5.00000000000000000000e-01) (6, 3, 5.00000000000000000000e-01) (6, 3, 5.00000000000000000000e-01) (6, 3, 5.00000000000000000000e-01) (0, 3, 0.00000000000000000000e+00) (5, 0, 5.00000000000000000000e-01) (0, 0, 0.00000000000000000000e+00) 
connections (connected_to_neuron, weight)=(0, -1.29794140625000000000e+03) (1, -7.05591506958007812500e+01) (2, 6.86958694458007812500e+01) (3, -1.24143779277801513672e+00) (4, 1.69588680267333984375e+01) (5, 5.54590642452239990234e-01) (0, 4.92509002685546875000e+01) (1, 3.79140901565551757812e+00) (2, 1.66623630523681640625e+01) (3, 4.53534126281738281250e+01) (4, 1.77224028110504150391e+00) (5, 1.38675136566162109375e+01) (0, -1.50000000000000000000e+03) (1, -2.35761108398437500000e+02) (2, 3.37207519531250000000e+02) (3, -1.97565994262695312500e+02) (4, 4.60763397216796875000e+01) (5, 4.62503929138183593750e+01) (0, -1.50000000000000000000e+03) (1, -2.91452083587646484375e+01) (2, 6.19599199295043945312e+00) (3, -2.44063019752502441406e+00) (4, 4.15662288665771484375e+00) (5, -3.11241745948791503906e+00) (6, 8.46898138523101806641e-01) (7, -1.90385714173316955566e-01) (8, 3.32537949085235595703e-01) (9, 3.31787824630737304688e+00) (10, 7.97668814659118652344e-01) 
