FANN_FLO_2.1
num_layers=4
learning_rate=0.500000
connection_rate=1.000000
network_type=0
learning_momentum=0.000000
training_algorithm=2
train_error_function=1
train_stop_function=0
cascade_output_change_fraction=0.010000
quickprop_decay=-0.000100
quickprop_mu=1.750000
rprop_increase_factor=1.200000
rprop_decrease_factor=0.500000
rprop_delta_min=0.000000
rprop_delta_max=50.000000
rprop_delta_zero=0.100000
cascade_output_stagnation_epochs=12
cascade_candidate_change_fraction=0.010000
cascade_candidate_stagnation_epochs=12
cascade_max_out_epochs=150
cascade_min_out_epochs=50
cascade_max_cand_epochs=150
cascade_min_cand_epochs=50
cascade_num_candidate_groups=2
bit_fail_limit=3.49999994039535522461e-01
cascade_candidate_limit=1.00000000000000000000e+03
cascade_weight_multiplier=4.00000005960464477539e-01
cascade_activation_functions_count=10
cascade_activation_functions=3 5 7 8 10 11 14 15 16 17 
cascade_activation_steepnesses_count=4
cascade_activation_steepnesses=2.50000000000000000000e-01 5.00000000000000000000e-01 7.50000000000000000000e-01 1.00000000000000000000e+00 
layer_sizes=4 5 5 2 
scale_included=0
neurons (num_inputs, activation_function, activation_steepness)=(0, 0, 0.00000000000000000000e+00) (0, 0, 0.00000000000000000000e+00) (0, 0, 0.00000000000000000000e+00) (0, 0, 0.00000000000000000000e+00) (4, 3, 5.00000000000000000000e-01) (4, 3, 5.00000000000000000000e-01) (4, 3, 5.00000000000000000000e-01) (4, 3, 5.00000000000000000000e-01) (0, 3, 0.00000000000000000000e+00) (5, 3, 5.00000000000000000000e-01) (5, 3, 5.00000000000000000000e-01) (5, 3, 5.00000000000000000000e-01) (5, 3, 5.00000000000000000000e-01) (0, 3, 0.00000000000000000000e+00) (5, 3, 5.00000000000000000000e-01) (0, 3, 0.00000000000000000000e+00) 
connections (connected_to_neuron, weight)=(0, -9.88933372497558593750e+00) (1, -1.50113220214843750000e+01) (2, 4.53346538543701171875e+00) (3, 8.45508384704589843750e+00) (0, -5.83023405075073242188e+00) (1, -5.10372400283813476562e+00) (2, -9.06062960624694824219e-01) (3, 4.87820768356323242188e+00) (0, -5.89501905441284179688e+00) (1, -4.56777095794677734375e+00) (2, -1.65665459632873535156e+00) (3, 5.17054700851440429688e+00) (0, -1.32744140625000000000e+03) (1, -1.50000000000000000000e+03) (2, 7.51233459472656250000e+02) (3, -4.59699344635009765625e+00) (4, 7.03587493896484375000e+01) (5, -4.78475046157836914062e+00) (6, -1.93004837036132812500e+01) (7, 3.98400192260742187500e+01) (8, 1.50809451937675476074e-01) (4, 5.20304250717163085938e+00) (5, 6.00031137466430664062e+00) (6, 6.42035579681396484375e+00) (7, 3.39456701278686523438e+00) (8, -4.13416671752929687500e+00) (4, 3.82998619079589843750e+01) (5, -1.56879246234893798828e+00) (6, -1.01518764495849609375e+01) (7, 3.97539978027343750000e+01) (8, 2.71157264709472656250e-01) (4, 4.32753658294677734375e+00) (5, 4.54204750061035156250e+00) (6, 1.89034366607666015625e+01) (7, -1.52739191055297851562e+01) (8, -6.88086891174316406250e+00) (9, 1.52249288558959960938e+00) (10, -1.12592506408691406250e+00) (11, 1.79412662982940673828e+00) (12, -5.47088956832885742188e+00) (13, 1.04695916175842285156e+00) 
