FANN_FLO_2.1
num_layers=3
learning_rate=0.400000
connection_rate=1.000000
network_type=0
learning_momentum=0.000000
training_algorithm=2
train_error_function=1
train_stop_function=0
cascade_output_change_fraction=0.010000
quickprop_decay=-0.000100
quickprop_mu=1.750000
rprop_increase_factor=1.200000
rprop_decrease_factor=0.500000
rprop_delta_min=0.000000
rprop_delta_max=50.000000
rprop_delta_zero=0.100000
cascade_output_stagnation_epochs=12
cascade_candidate_change_fraction=0.010000
cascade_candidate_stagnation_epochs=12
cascade_max_out_epochs=150
cascade_min_out_epochs=50
cascade_max_cand_epochs=150
cascade_min_cand_epochs=50
cascade_num_candidate_groups=2
bit_fail_limit=3.49999994039535522461e-01
cascade_candidate_limit=1.00000000000000000000e+03
cascade_weight_multiplier=4.00000005960464477539e-01
cascade_activation_functions_count=10
cascade_activation_functions=3 5 7 8 10 11 14 15 16 17 
cascade_activation_steepnesses_count=4
cascade_activation_steepnesses=2.50000000000000000000e-01 5.00000000000000000000e-01 7.50000000000000000000e-01 1.00000000000000000000e+00 
layer_sizes=6 5 2 
scale_included=0
neurons (num_inputs, activation_function, activation_steepness)=(0, 0, 0.00000000000000000000e+00) (0, 0, 0.00000000000000000000e+00) (0, 0, 0.00000000000000000000e+00) (0, 0, 0.00000000000000000000e+00) (0, 0, 0.00000000000000000000e+00) (0, 0, 0.00000000000000000000e+00) (6, 3, 5.00000000000000000000e-01) (6, 3, 5.00000000000000000000e-01) (6, 3, 5.00000000000000000000e-01) (6, 3, 5.00000000000000000000e-01) (0, 3, 0.00000000000000000000e+00) (5, 0, 5.00000000000000000000e-01) (0, 0, 0.00000000000000000000e+00) 
connections (connected_to_neuron, weight)=(0, -2.30711536407470703125e+01) (1, -9.69403266906738281250e-01) (2, 3.11717540025711059570e-01) (3, -1.41710758209228515625e+00) (4, -7.59764194488525390625e-01) (5, -1.64173233509063720703e+00) (0, -3.88486123085021972656e+00) (1, -4.41992312669754028320e-01) (2, 2.31927409768104553223e-01) (3, -1.97855806350708007812e+00) (4, 4.13647919893264770508e-01) (5, -9.09878969192504882812e-01) (0, -3.40357093811035156250e+01) (1, -2.84316539764404296875e+00) (2, -9.04657483100891113281e-01) (3, -8.63712668418884277344e-01) (4, 1.53452694416046142578e+00) (5, -1.21677541732788085938e+00) (0, -2.56216773986816406250e+01) (1, -6.54324913024902343750e+00) (2, -1.75579464435577392578e+00) (3, -1.17270040512084960938e+00) (4, 3.37760686874389648438e+00) (5, -2.17989015579223632812e+00) (6, 2.03262925148010253906e+00) (7, 6.62016749382019042969e-01) (8, 1.17230129241943359375e+00) (9, 2.01217484474182128906e+00) (10, 4.83374357223510742188e-01) 
