FANN_FLO_2.1
num_layers=3
learning_rate=0.500000
connection_rate=1.000000
network_type=0
learning_momentum=0.000000
training_algorithm=2
train_error_function=1
train_stop_function=0
cascade_output_change_fraction=0.010000
quickprop_decay=-0.000100
quickprop_mu=1.750000
rprop_increase_factor=1.200000
rprop_decrease_factor=0.500000
rprop_delta_min=0.000000
rprop_delta_max=50.000000
rprop_delta_zero=0.100000
cascade_output_stagnation_epochs=12
cascade_candidate_change_fraction=0.010000
cascade_candidate_stagnation_epochs=12
cascade_max_out_epochs=150
cascade_min_out_epochs=50
cascade_max_cand_epochs=150
cascade_min_cand_epochs=50
cascade_num_candidate_groups=2
bit_fail_limit=3.49999994039535522461e-01
cascade_candidate_limit=1.00000000000000000000e+03
cascade_weight_multiplier=4.00000005960464477539e-01
cascade_activation_functions_count=10
cascade_activation_functions=3 5 7 8 10 11 14 15 16 17 
cascade_activation_steepnesses_count=4
cascade_activation_steepnesses=2.50000000000000000000e-01 5.00000000000000000000e-01 7.50000000000000000000e-01 1.00000000000000000000e+00 
layer_sizes=7 9 2 
scale_included=0
neurons (num_inputs, activation_function, activation_steepness)=(0, 0, 0.00000000000000000000e+00) (0, 0, 0.00000000000000000000e+00) (0, 0, 0.00000000000000000000e+00) (0, 0, 0.00000000000000000000e+00) (0, 0, 0.00000000000000000000e+00) (0, 0, 0.00000000000000000000e+00) (0, 0, 0.00000000000000000000e+00) (7, 3, 5.00000000000000000000e-01) (7, 3, 5.00000000000000000000e-01) (7, 3, 5.00000000000000000000e-01) (7, 3, 5.00000000000000000000e-01) (7, 3, 5.00000000000000000000e-01) (7, 3, 5.00000000000000000000e-01) (7, 3, 5.00000000000000000000e-01) (7, 3, 5.00000000000000000000e-01) (0, 3, 0.00000000000000000000e+00) (9, 0, 5.00000000000000000000e-01) (0, 0, 0.00000000000000000000e+00) 
connections (connected_to_neuron, weight)=(0, -3.01118820905685424805e-01) (1, -1.50000000000000000000e+03) (2, -1.50000000000000000000e+03) (3, -3.26968550682067871094e-01) (4, -1.50000000000000000000e+03) (5, -1.41197786331176757812e+01) (6, 4.91006404161453247070e-01) (0, -1.24153816699981689453e+00) (1, -1.50000000000000000000e+03) (2, -1.50000000000000000000e+03) (3, -1.45075511932373046875e+00) (4, -1.50000000000000000000e+03) (5, -3.35232124328613281250e+01) (6, 6.75787404179573059082e-02) (0, 6.49081707000732421875e-01) (1, 1.50000000000000000000e+03) (2, 1.50000000000000000000e+03) (3, 1.14071583747863769531e+00) (4, 1.50000000000000000000e+03) (5, 2.07155895233154296875e+01) (6, 4.46060806512832641602e-01) (0, 6.36502802371978759766e-01) (1, 1.50000000000000000000e+03) (2, 1.50000000000000000000e+03) (3, 1.17319130897521972656e+00) (4, 1.50000000000000000000e+03) (5, 4.85546379089355468750e+01) (6, 5.70089519023895263672e-01) (0, 4.48131352663040161133e-01) (1, 1.50000000000000000000e+03) (2, 1.50000000000000000000e+03) (3, 1.97423088550567626953e+00) (4, 1.50000000000000000000e+03) (5, 1.15277412414550781250e+02) (6, 2.20229342579841613770e-01) (0, 4.53582334518432617188e+00) (1, -4.00529479980468750000e+00) (2, -4.37022864818572998047e-01) (3, 5.17741322517395019531e-01) (4, -1.37837454676628112793e-01) (5, -3.36434066295623779297e-01) (6, 8.63804721832275390625e+00) (0, 5.49185335636138916016e-01) (1, 1.50000000000000000000e+03) (2, 1.50000000000000000000e+03) (3, 1.21466112136840820312e+00) (4, 1.50000000000000000000e+03) (5, 4.81062965393066406250e+01) (6, 4.25330609083175659180e-01) (0, 1.62352478504180908203e+00) (1, -1.28350973129272460938e+00) (2, -2.03419968485832214355e-01) (3, 5.25735437870025634766e-01) (4, -1.15051472187042236328e+00) (5, 2.97850072383880615234e-01) (6, 1.64532623291015625000e+01) (7, 1.50000000000000000000e+03) (8, 1.50000000000000000000e+03) (9, -2.45043352246284484863e-01) (10, -1.25647976994514465332e-01) (11, -7.91807770729064941406e-02) (12, 4.12501066923141479492e-01) (13, -1.38751283288002014160e-01) (14, 4.26441282033920288086e-01) (15, -2.31176570057868957520e-01) 
