FANN_FLO_2.1
num_layers=4
learning_rate=0.500000
connection_rate=1.000000
network_type=0
learning_momentum=0.000000
training_algorithm=2
train_error_function=1
train_stop_function=0
cascade_output_change_fraction=0.010000
quickprop_decay=-0.000100
quickprop_mu=1.750000
rprop_increase_factor=1.200000
rprop_decrease_factor=0.500000
rprop_delta_min=0.000000
rprop_delta_max=50.000000
rprop_delta_zero=0.100000
cascade_output_stagnation_epochs=12
cascade_candidate_change_fraction=0.010000
cascade_candidate_stagnation_epochs=12
cascade_max_out_epochs=150
cascade_min_out_epochs=50
cascade_max_cand_epochs=150
cascade_min_cand_epochs=50
cascade_num_candidate_groups=2
bit_fail_limit=3.49999994039535522461e-01
cascade_candidate_limit=1.00000000000000000000e+03
cascade_weight_multiplier=4.00000005960464477539e-01
cascade_activation_functions_count=10
cascade_activation_functions=3 5 7 8 10 11 14 15 16 17 
cascade_activation_steepnesses_count=4
cascade_activation_steepnesses=2.50000000000000000000e-01 5.00000000000000000000e-01 7.50000000000000000000e-01 1.00000000000000000000e+00 
layer_sizes=4 5 3 2 
scale_included=0
neurons (num_inputs, activation_function, activation_steepness)=(0, 0, 0.00000000000000000000e+00) (0, 0, 0.00000000000000000000e+00) (0, 0, 0.00000000000000000000e+00) (0, 0, 0.00000000000000000000e+00) (4, 3, 5.00000000000000000000e-01) (4, 3, 5.00000000000000000000e-01) (4, 3, 5.00000000000000000000e-01) (4, 3, 5.00000000000000000000e-01) (0, 3, 0.00000000000000000000e+00) (5, 3, 5.00000000000000000000e-01) (5, 3, 5.00000000000000000000e-01) (0, 3, 0.00000000000000000000e+00) (3, 3, 5.00000000000000000000e-01) (0, 3, 0.00000000000000000000e+00) 
connections (connected_to_neuron, weight)=(0, -1.60768210887908935547e+00) (1, -2.71398305892944335938e+00) (2, 3.65328550338745117188e-01) (3, 8.76344859600067138672e-01) (0, 2.56445384025573730469e+00) (1, 2.15345001220703125000e+00) (2, 1.39502561092376708984e+00) (3, -2.53310513496398925781e+00) (0, -1.63130307197570800781e+00) (1, 6.54054164886474609375e+00) (2, -1.16572866439819335938e+01) (3, 1.87200501561164855957e-01) (0, -2.29462504386901855469e+00) (1, -4.25061178207397460938e+00) (2, 1.47990918159484863281e+00) (3, 1.40931987762451171875e+00) (4, 5.94835329055786132812e+00) (5, -7.69257307052612304688e+00) (6, 7.02021026611328125000e+00) (7, 9.84909152984619140625e+00) (8, 5.09414494037628173828e-01) (4, 1.93413944244384765625e+01) (5, -1.62284679412841796875e+01) (6, 1.33563795089721679688e+01) (7, 1.72463626861572265625e+01) (8, -6.47584870457649230957e-02) (9, -8.66571366786956787109e-01) (10, -3.88280105590820312500e+00) (11, 2.49341535568237304688e+00) 
