FANN_FLO_2.1
num_layers=3
learning_rate=0.300000
connection_rate=1.000000
network_type=0
learning_momentum=0.000000
training_algorithm=2
train_error_function=1
train_stop_function=0
cascade_output_change_fraction=0.010000
quickprop_decay=-0.000100
quickprop_mu=1.750000
rprop_increase_factor=1.200000
rprop_decrease_factor=0.500000
rprop_delta_min=0.000000
rprop_delta_max=50.000000
rprop_delta_zero=0.100000
cascade_output_stagnation_epochs=12
cascade_candidate_change_fraction=0.010000
cascade_candidate_stagnation_epochs=12
cascade_max_out_epochs=150
cascade_min_out_epochs=50
cascade_max_cand_epochs=150
cascade_min_cand_epochs=50
cascade_num_candidate_groups=2
bit_fail_limit=3.49999994039535522461e-01
cascade_candidate_limit=1.00000000000000000000e+03
cascade_weight_multiplier=4.00000005960464477539e-01
cascade_activation_functions_count=10
cascade_activation_functions=3 5 7 8 10 11 14 15 16 17 
cascade_activation_steepnesses_count=4
cascade_activation_steepnesses=2.50000000000000000000e-01 5.00000000000000000000e-01 7.50000000000000000000e-01 1.00000000000000000000e+00 
layer_sizes=4 9 2 
scale_included=0
neurons (num_inputs, activation_function, activation_steepness)=(0, 0, 0.00000000000000000000e+00) (0, 0, 0.00000000000000000000e+00) (0, 0, 0.00000000000000000000e+00) (0, 0, 0.00000000000000000000e+00) (4, 3, 5.00000000000000000000e-01) (4, 3, 5.00000000000000000000e-01) (4, 3, 5.00000000000000000000e-01) (4, 3, 5.00000000000000000000e-01) (4, 3, 5.00000000000000000000e-01) (4, 3, 5.00000000000000000000e-01) (4, 3, 5.00000000000000000000e-01) (4, 3, 5.00000000000000000000e-01) (0, 3, 0.00000000000000000000e+00) (9, 3, 5.00000000000000000000e-01) (0, 3, 0.00000000000000000000e+00) 
connections (connected_to_neuron, weight)=(0, -7.03148031234741210938e+00) (1, -3.23507487773895263672e-01) (2, -4.17554187774658203125e+00) (3, 1.21440000832080841064e-01) (0, -2.73210965096950531006e-02) (1, -8.67621507495641708374e-03) (2, -1.16588425636291503906e+00) (3, 9.41321945190429687500e+00) (0, -1.93848967552185058594e-01) (1, 1.79208628833293914795e-02) (2, -4.27105389535427093506e-02) (3, 2.36258244514465332031e+00) (0, -1.95989665985107421875e+01) (1, 1.94982141256332397461e-01) (2, -7.35287666320800781250e-01) (3, -3.53634580969810485840e-02) (0, -8.67117404937744140625e-01) (1, 4.27287727594375610352e-01) (2, -6.24332666397094726562e-01) (3, 5.17160844802856445312e+00) (0, 1.50000000000000000000e+03) (1, 1.50000000000000000000e+03) (2, 1.50000000000000000000e+03) (3, 1.12651383876800537109e+00) (0, -6.75604790449142456055e-02) (1, 5.06588816642761230469e-02) (2, -4.48610365390777587891e-01) (3, 8.04906427860260009766e-01) (0, 5.75316309928894042969e-01) (1, -3.87211561203002929688e-01) (2, -1.73137817382812500000e+01) (3, 1.02282702922821044922e-01) (4, -1.50000000000000000000e+03) (5, -5.46914756298065185547e-01) (6, -3.82489275932312011719e+00) (7, -1.50000000000000000000e+03) (8, -6.45147979259490966797e-01) (9, 5.14329731464385986328e-01) (10, -2.07190728187561035156e+00) (11, -1.50000000000000000000e+03) (12, 4.72469627857208251953e-01) 
