FANN_FLO_2.1
num_layers=3
learning_rate=0.500000
connection_rate=1.000000
network_type=0
learning_momentum=0.000000
training_algorithm=2
train_error_function=1
train_stop_function=0
cascade_output_change_fraction=0.010000
quickprop_decay=-0.000100
quickprop_mu=1.750000
rprop_increase_factor=1.200000
rprop_decrease_factor=0.500000
rprop_delta_min=0.000000
rprop_delta_max=50.000000
rprop_delta_zero=0.100000
cascade_output_stagnation_epochs=12
cascade_candidate_change_fraction=0.010000
cascade_candidate_stagnation_epochs=12
cascade_max_out_epochs=150
cascade_min_out_epochs=50
cascade_max_cand_epochs=150
cascade_min_cand_epochs=50
cascade_num_candidate_groups=2
bit_fail_limit=3.49999994039535522461e-01
cascade_candidate_limit=1.00000000000000000000e+03
cascade_weight_multiplier=4.00000005960464477539e-01
cascade_activation_functions_count=10
cascade_activation_functions=3 5 7 8 10 11 14 15 16 17 
cascade_activation_steepnesses_count=4
cascade_activation_steepnesses=2.50000000000000000000e-01 5.00000000000000000000e-01 7.50000000000000000000e-01 1.00000000000000000000e+00 
layer_sizes=7 9 2 
scale_included=0
neurons (num_inputs, activation_function, activation_steepness)=(0, 0, 0.00000000000000000000e+00) (0, 0, 0.00000000000000000000e+00) (0, 0, 0.00000000000000000000e+00) (0, 0, 0.00000000000000000000e+00) (0, 0, 0.00000000000000000000e+00) (0, 0, 0.00000000000000000000e+00) (0, 0, 0.00000000000000000000e+00) (7, 3, 5.00000000000000000000e-01) (7, 3, 5.00000000000000000000e-01) (7, 3, 5.00000000000000000000e-01) (7, 3, 5.00000000000000000000e-01) (7, 3, 5.00000000000000000000e-01) (7, 3, 5.00000000000000000000e-01) (7, 3, 5.00000000000000000000e-01) (7, 3, 5.00000000000000000000e-01) (0, 3, 0.00000000000000000000e+00) (9, 0, 5.00000000000000000000e-01) (0, 0, 0.00000000000000000000e+00) 
connections (connected_to_neuron, weight)=(0, -2.61336555480957031250e+01) (1, -9.29089725017547607422e-01) (2, 3.60859909057617187500e+01) (3, -2.35481376647949218750e+01) (4, -4.94117736816406250000e+00) (5, -1.88910980224609375000e+02) (6, -2.69791007041931152344e-01) (0, -2.11659393310546875000e+01) (1, -6.27693533897399902344e-01) (2, -1.06461204528808593750e+02) (3, -2.28457679748535156250e+01) (4, -1.79362618923187255859e+00) (5, 2.88665447235107421875e+01) (6, -4.48769778013229370117e-01) (0, -2.15439987182617187500e+01) (1, -9.06333565711975097656e-01) (2, -3.22635559082031250000e+02) (3, -2.30358963012695312500e+01) (4, -2.10362720489501953125e+00) (5, -3.14039123535156250000e+02) (6, -8.18916380405426025391e-01) (0, -2.15466690063476562500e+01) (1, -9.31199908256530761719e-01) (2, -3.22495178222656250000e+02) (3, -2.29920654296875000000e+01) (4, -2.16727066040039062500e+00) (5, -3.13935546875000000000e+02) (6, -8.14949333667755126953e-01) (0, 2.35478710383176803589e-02) (1, 4.65185374021530151367e-01) (2, -4.63255316019058227539e-01) (3, 3.55595499277114868164e-02) (4, 2.57830739021301269531e-01) (5, -2.95236498117446899414e-01) (6, 7.73117661476135253906e-01) (0, -2.12583808898925781250e+01) (1, -7.58716344833374023438e-01) (2, -4.53416023254394531250e+01) (3, -2.32014980316162109375e+01) (4, -1.73459255695343017578e+00) (5, -5.22143898010253906250e+01) (6, -4.19208794832229614258e-01) (0, 1.22737903594970703125e+01) (1, -1.41157793998718261719e+00) (2, -7.40315628051757812500e+01) (3, 1.34933757781982421875e+01) (4, -5.71047902107238769531e-01) (5, -9.95691070556640625000e+01) (6, -1.78180301189422607422e+00) (0, 1.77912063598632812500e+01) (1, -1.14124035835266113281e+00) (2, -1.55289733886718750000e+02) (3, 2.03047618865966796875e+01) (4, -1.47893980145454406738e-01) (5, -1.60305801391601562500e+02) (6, -1.66746687889099121094e+00) (7, 2.97711086273193359375e+00) (8, -2.89763897657394409180e-01) (9, 1.50000000000000000000e+03) (10, 1.50000000000000000000e+03) (11, -1.48193478584289550781e-01) (12, -1.50000000000000000000e+03) (13, 1.44229847937822341919e-02) (14, 8.77360755112022161484e-04) (15, 1.49582743644714355469e-01) 
