FANN_FLO_2.1
num_layers=4
learning_rate=0.300000
connection_rate=1.000000
network_type=0
learning_momentum=0.000000
training_algorithm=2
train_error_function=1
train_stop_function=0
cascade_output_change_fraction=0.010000
quickprop_decay=-0.000100
quickprop_mu=1.750000
rprop_increase_factor=1.200000
rprop_decrease_factor=0.500000
rprop_delta_min=0.000000
rprop_delta_max=50.000000
rprop_delta_zero=0.100000
cascade_output_stagnation_epochs=12
cascade_candidate_change_fraction=0.010000
cascade_candidate_stagnation_epochs=12
cascade_max_out_epochs=150
cascade_min_out_epochs=50
cascade_max_cand_epochs=150
cascade_min_cand_epochs=50
cascade_num_candidate_groups=2
bit_fail_limit=3.49999994039535522461e-01
cascade_candidate_limit=1.00000000000000000000e+03
cascade_weight_multiplier=4.00000005960464477539e-01
cascade_activation_functions_count=10
cascade_activation_functions=3 5 7 8 10 11 14 15 16 17 
cascade_activation_steepnesses_count=4
cascade_activation_steepnesses=2.50000000000000000000e-01 5.00000000000000000000e-01 7.50000000000000000000e-01 1.00000000000000000000e+00 
layer_sizes=2 5 3 3 
scale_included=0
neurons (num_inputs, activation_function, activation_steepness)=(0, 0, 0.00000000000000000000e+00) (0, 0, 0.00000000000000000000e+00) (2, 3, 5.00000000000000000000e-01) (2, 3, 5.00000000000000000000e-01) (2, 3, 5.00000000000000000000e-01) (2, 3, 5.00000000000000000000e-01) (0, 3, 0.00000000000000000000e+00) (5, 3, 5.00000000000000000000e-01) (5, 3, 5.00000000000000000000e-01) (0, 3, 0.00000000000000000000e+00) (3, 0, 5.00000000000000000000e-01) (3, 0, 5.00000000000000000000e-01) (0, 0, 0.00000000000000000000e+00) 
connections (connected_to_neuron, weight)=(0, 1.95607876777648925781e+00) (1, 8.88820946216583251953e-01) (0, 1.62363159656524658203e+00) (1, 8.68041276931762695312e-01) (0, 1.91807174682617187500e+00) (1, 1.61231970787048339844e+00) (0, 1.60810053348541259766e+00) (1, 6.75312578678131103516e-01) (2, -8.31983661651611328125e+00) (3, -2.86449956893920898438e+00) (4, -2.07207798957824707031e+00) (5, -2.83072590827941894531e+00) (6, 3.50633591413497924805e-01) (2, 4.16442304849624633789e-01) (3, -4.43532675504684448242e-01) (4, -5.92742741107940673828e-01) (5, -1.65077567100524902344e-01) (6, -5.49857988953590393066e-02) (7, -1.34383365511894226074e-01) (8, 1.07362093403935432434e-02) (9, -2.60533280670642852783e-02) (7, -1.53555345535278320312e+00) (8, -1.05839610099792480469e+00) (9, -9.93544161319732666016e-01) 
