FANN_FLO_2.1
num_layers=3
learning_rate=0.500000
connection_rate=1.000000
network_type=0
learning_momentum=0.000000
training_algorithm=2
train_error_function=1
train_stop_function=0
cascade_output_change_fraction=0.010000
quickprop_decay=-0.000100
quickprop_mu=1.750000
rprop_increase_factor=1.200000
rprop_decrease_factor=0.500000
rprop_delta_min=0.000000
rprop_delta_max=50.000000
rprop_delta_zero=0.100000
cascade_output_stagnation_epochs=12
cascade_candidate_change_fraction=0.010000
cascade_candidate_stagnation_epochs=12
cascade_max_out_epochs=150
cascade_min_out_epochs=50
cascade_max_cand_epochs=150
cascade_min_cand_epochs=50
cascade_num_candidate_groups=2
bit_fail_limit=3.49999994039535522461e-01
cascade_candidate_limit=1.00000000000000000000e+03
cascade_weight_multiplier=4.00000005960464477539e-01
cascade_activation_functions_count=10
cascade_activation_functions=3 5 7 8 10 11 14 15 16 17 
cascade_activation_steepnesses_count=4
cascade_activation_steepnesses=2.50000000000000000000e-01 5.00000000000000000000e-01 7.50000000000000000000e-01 1.00000000000000000000e+00 
layer_sizes=10 5 2 
scale_included=0
neurons (num_inputs, activation_function, activation_steepness)=(0, 0, 0.00000000000000000000e+00) (0, 0, 0.00000000000000000000e+00) (0, 0, 0.00000000000000000000e+00) (0, 0, 0.00000000000000000000e+00) (0, 0, 0.00000000000000000000e+00) (0, 0, 0.00000000000000000000e+00) (0, 0, 0.00000000000000000000e+00) (0, 0, 0.00000000000000000000e+00) (0, 0, 0.00000000000000000000e+00) (0, 0, 0.00000000000000000000e+00) (10, 3, 5.00000000000000000000e-01) (10, 3, 5.00000000000000000000e-01) (10, 3, 5.00000000000000000000e-01) (10, 3, 5.00000000000000000000e-01) (0, 3, 0.00000000000000000000e+00) (5, 3, 5.00000000000000000000e-01) (0, 3, 0.00000000000000000000e+00) 
connections (connected_to_neuron, weight)=(0, -5.92487417161464691162e-02) (1, -9.35646712779998779297e-01) (2, -1.87200292944908142090e-01) (3, -1.34520113468170166016e-01) (4, -1.10641503334045410156e+00) (5, -7.57195472717285156250e-01) (6, -2.42773666977882385254e-01) (7, -5.95110766589641571045e-02) (8, -3.99164885282516479492e-01) (9, 1.30940139293670654297e+00) (0, 1.50000000000000000000e+03) (1, 1.50000000000000000000e+03) (2, 1.50000000000000000000e+03) (3, 1.50000000000000000000e+03) (4, 1.50000000000000000000e+03) (5, 1.50000000000000000000e+03) (6, 1.50000000000000000000e+03) (7, 1.50000000000000000000e+03) (8, 1.50000000000000000000e+03) (9, 1.96107637882232666016e+00) (0, -5.88616907596588134766e-01) (1, -3.42421293258666992188e-01) (2, -4.22589421272277832031e-01) (3, -4.26143974065780639648e-01) (4, -2.76293665170669555664e-01) (5, -3.11764925718307495117e-01) (6, -6.64532899856567382812e-01) (7, -3.43332439661026000977e-01) (8, -6.31404936313629150391e-01) (9, 1.34567582607269287109e+00) (0, -6.56100571155548095703e-01) (1, -9.26670283079147338867e-02) (2, -6.19593322277069091797e-01) (3, -6.85102522373199462891e-01) (4, -3.44684794545173645020e-02) (5, -2.82112210988998413086e-01) (6, -4.53274130821228027344e-01) (7, -7.42703080177307128906e-01) (8, -3.66480082273483276367e-01) (9, 1.31687355041503906250e+00) (10, -1.58051872253417968750e+00) (11, 8.28763008117675781250e-01) (12, -8.96065175533294677734e-01) (13, -2.18023777008056640625e+00) (14, 7.90945887565612792969e-01) 
