FANN_FLO_2.1
num_layers=3
learning_rate=0.500000
connection_rate=1.000000
network_type=0
learning_momentum=0.000000
training_algorithm=2
train_error_function=1
train_stop_function=0
cascade_output_change_fraction=0.010000
quickprop_decay=-0.000100
quickprop_mu=1.750000
rprop_increase_factor=1.200000
rprop_decrease_factor=0.500000
rprop_delta_min=0.000000
rprop_delta_max=50.000000
rprop_delta_zero=0.100000
cascade_output_stagnation_epochs=12
cascade_candidate_change_fraction=0.010000
cascade_candidate_stagnation_epochs=12
cascade_max_out_epochs=150
cascade_min_out_epochs=50
cascade_max_cand_epochs=150
cascade_min_cand_epochs=50
cascade_num_candidate_groups=2
bit_fail_limit=3.49999994039535522461e-01
cascade_candidate_limit=1.00000000000000000000e+03
cascade_weight_multiplier=4.00000005960464477539e-01
cascade_activation_functions_count=10
cascade_activation_functions=3 5 7 8 10 11 14 15 16 17 
cascade_activation_steepnesses_count=4
cascade_activation_steepnesses=2.50000000000000000000e-01 5.00000000000000000000e-01 7.50000000000000000000e-01 1.00000000000000000000e+00 
layer_sizes=7 5 2 
scale_included=0
neurons (num_inputs, activation_function, activation_steepness)=(0, 0, 0.00000000000000000000e+00) (0, 0, 0.00000000000000000000e+00) (0, 0, 0.00000000000000000000e+00) (0, 0, 0.00000000000000000000e+00) (0, 0, 0.00000000000000000000e+00) (0, 0, 0.00000000000000000000e+00) (0, 0, 0.00000000000000000000e+00) (7, 3, 5.00000000000000000000e-01) (7, 3, 5.00000000000000000000e-01) (7, 3, 5.00000000000000000000e-01) (7, 3, 5.00000000000000000000e-01) (0, 3, 0.00000000000000000000e+00) (5, 0, 5.00000000000000000000e-01) (0, 0, 0.00000000000000000000e+00) 
connections (connected_to_neuron, weight)=(0, -3.67754745483398437500e+00) (1, -5.48354804515838623047e-01) (2, 8.76080608367919921875e+00) (3, -5.66438794136047363281e-01) (4, -6.55432283878326416016e-01) (5, 2.19114279747009277344e+00) (6, -2.23226726055145263672e-01) (0, -3.40499997138977050781e+00) (1, -7.29512100219726562500e+01) (2, 3.51282806396484375000e+02) (3, -6.04693710803985595703e-01) (4, -3.25474590063095092773e-01) (5, 9.27740192413330078125e+00) (6, -5.12098729610443115234e-01) (0, -2.73274451494216918945e-01) (1, 2.45767503976821899414e-01) (2, -1.57358925789594650269e-02) (3, -2.87473231554031372070e-01) (4, 9.49733793735504150391e-01) (5, -6.49049103260040283203e-01) (6, 3.81609606742858886719e+00) (0, -2.48659896850585937500e+01) (1, -2.55824565887451171875e+01) (2, 5.27202835083007812500e+01) (3, -1.19321384429931640625e+01) (4, -1.37592628598213195801e-01) (5, 1.08184738159179687500e+01) (6, -5.98358154296875000000e-01) (7, 7.03705428168177604675e-03) (8, -4.86623160541057586670e-02) (9, -9.21863168478012084961e-02) (10, 7.53511628136038780212e-03) (11, 1.22304424643516540527e-01) 
