FANN_FLO_2.1
num_layers=4
learning_rate=0.300000
connection_rate=1.000000
network_type=0
learning_momentum=0.000000
training_algorithm=2
train_error_function=1
train_stop_function=0
cascade_output_change_fraction=0.010000
quickprop_decay=-0.000100
quickprop_mu=1.750000
rprop_increase_factor=1.200000
rprop_decrease_factor=0.500000
rprop_delta_min=0.000000
rprop_delta_max=50.000000
rprop_delta_zero=0.100000
cascade_output_stagnation_epochs=12
cascade_candidate_change_fraction=0.010000
cascade_candidate_stagnation_epochs=12
cascade_max_out_epochs=150
cascade_min_out_epochs=50
cascade_max_cand_epochs=150
cascade_min_cand_epochs=50
cascade_num_candidate_groups=2
bit_fail_limit=3.49999994039535522461e-01
cascade_candidate_limit=1.00000000000000000000e+03
cascade_weight_multiplier=4.00000005960464477539e-01
cascade_activation_functions_count=10
cascade_activation_functions=3 5 7 8 10 11 14 15 16 17 
cascade_activation_steepnesses_count=4
cascade_activation_steepnesses=2.50000000000000000000e-01 5.00000000000000000000e-01 7.50000000000000000000e-01 1.00000000000000000000e+00 
layer_sizes=2 5 5 3 
scale_included=0
neurons (num_inputs, activation_function, activation_steepness)=(0, 0, 0.00000000000000000000e+00) (0, 0, 0.00000000000000000000e+00) (2, 3, 5.00000000000000000000e-01) (2, 3, 5.00000000000000000000e-01) (2, 3, 5.00000000000000000000e-01) (2, 3, 5.00000000000000000000e-01) (0, 3, 0.00000000000000000000e+00) (5, 3, 5.00000000000000000000e-01) (5, 3, 5.00000000000000000000e-01) (5, 3, 5.00000000000000000000e-01) (5, 3, 5.00000000000000000000e-01) (0, 3, 0.00000000000000000000e+00) (5, 0, 5.00000000000000000000e-01) (5, 0, 5.00000000000000000000e-01) (0, 0, 0.00000000000000000000e+00) 
connections (connected_to_neuron, weight)=(0, -1.67563591003417968750e+01) (1, -4.78918075561523437500e+00) (0, -9.24739074707031250000e+00) (1, -3.95385694503784179688e+00) (0, 1.11935365200042724609e+00) (1, 3.63069915771484375000e+00) (0, -2.03871650695800781250e+01) (1, -1.36089115142822265625e+01) (2, -5.29109239578247070312e+00) (3, 5.90446174144744873047e-01) (4, 2.17876300215721130371e-01) (5, 2.61011581420898437500e+01) (6, -6.38558492064476013184e-02) (2, 2.20608040690422058105e-01) (3, 4.12064403295516967773e-01) (4, 4.58147734403610229492e-01) (5, 1.58774220943450927734e+00) (6, -4.29344505071640014648e-01) (2, -1.31440126895904541016e+00) (3, 4.78507041931152343750e-01) (4, 3.53470206260681152344e-01) (5, 1.69119679927825927734e+00) (6, 1.32313799858093261719e+00) (2, 1.52098941802978515625e+00) (3, 8.02926540374755859375e-01) (4, -6.40950500965118408203e-01) (5, 3.72869253158569335938e+00) (6, -1.51024866104125976562e+00) (7, 1.07919266447424888611e-02) (8, 9.22333002090454101562e-02) (9, -1.15823388099670410156e-01) (10, 1.68675437569618225098e-01) (11, -2.03995794057846069336e-01) (7, -5.05019783973693847656e-01) (8, -5.26382565498352050781e-01) (9, -4.75161373615264892578e-01) (10, -3.95993590354919433594e-01) (11, -2.83373862504959106445e-01) 
