FANN_FLO_2.1
num_layers=3
learning_rate=0.500000
connection_rate=1.000000
network_type=0
learning_momentum=0.000000
training_algorithm=2
train_error_function=1
train_stop_function=0
cascade_output_change_fraction=0.010000
quickprop_decay=-0.000100
quickprop_mu=1.750000
rprop_increase_factor=1.200000
rprop_decrease_factor=0.500000
rprop_delta_min=0.000000
rprop_delta_max=50.000000
rprop_delta_zero=0.100000
cascade_output_stagnation_epochs=12
cascade_candidate_change_fraction=0.010000
cascade_candidate_stagnation_epochs=12
cascade_max_out_epochs=150
cascade_min_out_epochs=50
cascade_max_cand_epochs=150
cascade_min_cand_epochs=50
cascade_num_candidate_groups=2
bit_fail_limit=3.49999994039535522461e-01
cascade_candidate_limit=1.00000000000000000000e+03
cascade_weight_multiplier=4.00000005960464477539e-01
cascade_activation_functions_count=10
cascade_activation_functions=3 5 7 8 10 11 14 15 16 17 
cascade_activation_steepnesses_count=4
cascade_activation_steepnesses=2.50000000000000000000e-01 5.00000000000000000000e-01 7.50000000000000000000e-01 1.00000000000000000000e+00 
layer_sizes=3 9 4 
scale_included=0
neurons (num_inputs, activation_function, activation_steepness)=(0, 0, 0.00000000000000000000e+00) (0, 0, 0.00000000000000000000e+00) (0, 0, 0.00000000000000000000e+00) (3, 3, 5.00000000000000000000e-01) (3, 3, 5.00000000000000000000e-01) (3, 3, 5.00000000000000000000e-01) (3, 3, 5.00000000000000000000e-01) (3, 3, 5.00000000000000000000e-01) (3, 3, 5.00000000000000000000e-01) (3, 3, 5.00000000000000000000e-01) (3, 3, 5.00000000000000000000e-01) (0, 3, 0.00000000000000000000e+00) (9, 0, 5.00000000000000000000e-01) (9, 0, 5.00000000000000000000e-01) (9, 0, 5.00000000000000000000e-01) (0, 0, 0.00000000000000000000e+00) 
connections (connected_to_neuron, weight)=(0, -2.25419926643371582031e+00) (1, -4.20908927917480468750e+00) (2, 5.59737384319305419922e-01) (0, -6.27488756179809570312e+00) (1, 7.26371574401855468750e+00) (2, 1.00330247879028320312e+01) (0, -4.65330266952514648438e+00) (1, 2.22996935248374938965e-01) (2, 7.35422074794769287109e-01) (0, -6.59169626235961914062e+00) (1, 8.41850090026855468750e+00) (2, 6.11190938949584960938e+00) (0, -3.72845053672790527344e+00) (1, -2.20987010002136230469e+00) (2, 9.72184896469116210938e-01) (0, -7.03281354904174804688e+00) (1, 5.69609689712524414062e+00) (2, 5.34847640991210937500e+00) (0, -9.36812305450439453125e+00) (1, 4.36826133728027343750e+00) (2, 6.32847118377685546875e+00) (0, -5.62547349929809570312e+00) (1, 2.38065433502197265625e+00) (2, 9.52347517013549804688e-01) (3, 2.24471426010131835938e+00) (4, 4.99529093503952026367e-01) (5, 1.87168633937835693359e+00) (6, 7.52606034278869628906e-01) (7, 2.35631871223449707031e+00) (8, 8.27687859535217285156e-01) (9, 2.12881401181221008301e-01) (10, 1.70869946479797363281e+00) (11, 5.24157404899597167969e-01) (3, 6.46238040924072265625e+00) (4, 2.18874502182006835938e+00) (5, 4.79755496978759765625e+00) (6, 2.47167730331420898438e+00) (7, 6.48748397827148437500e+00) (8, 3.77114558219909667969e+00) (9, 1.82725203037261962891e+00) (10, 4.08548974990844726562e+00) (11, 1.77558088302612304688e+00) (3, 2.08828601837158203125e+01) (4, 9.45508480072021484375e+00) (5, 1.62055797576904296875e+01) (6, 8.95186233520507812500e+00) (7, 2.03837051391601562500e+01) (8, 9.04262924194335937500e+00) (9, 8.99615669250488281250e+00) (10, 1.01007575988769531250e+01) (11, 9.36834716796875000000e+00) 
