FANN_FLO_2.1
num_layers=4
learning_rate=0.450000
connection_rate=1.000000
network_type=0
learning_momentum=0.000000
training_algorithm=2
train_error_function=1
train_stop_function=0
cascade_output_change_fraction=0.010000
quickprop_decay=-0.000100
quickprop_mu=1.750000
rprop_increase_factor=1.200000
rprop_decrease_factor=0.500000
rprop_delta_min=0.000000
rprop_delta_max=50.000000
rprop_delta_zero=0.100000
cascade_output_stagnation_epochs=12
cascade_candidate_change_fraction=0.010000
cascade_candidate_stagnation_epochs=12
cascade_max_out_epochs=150
cascade_min_out_epochs=50
cascade_max_cand_epochs=150
cascade_min_cand_epochs=50
cascade_num_candidate_groups=2
bit_fail_limit=3.49999994039535522461e-01
cascade_candidate_limit=1.00000000000000000000e+03
cascade_weight_multiplier=4.00000005960464477539e-01
cascade_activation_functions_count=10
cascade_activation_functions=3 5 7 8 10 11 14 15 16 17 
cascade_activation_steepnesses_count=4
cascade_activation_steepnesses=2.50000000000000000000e-01 5.00000000000000000000e-01 7.50000000000000000000e-01 1.00000000000000000000e+00 
layer_sizes=7 3 3 2 
scale_included=0
neurons (num_inputs, activation_function, activation_steepness)=(0, 0, 0.00000000000000000000e+00) (0, 0, 0.00000000000000000000e+00) (0, 0, 0.00000000000000000000e+00) (0, 0, 0.00000000000000000000e+00) (0, 0, 0.00000000000000000000e+00) (0, 0, 0.00000000000000000000e+00) (0, 0, 0.00000000000000000000e+00) (7, 3, 5.00000000000000000000e-01) (7, 3, 5.00000000000000000000e-01) (0, 3, 0.00000000000000000000e+00) (3, 3, 5.00000000000000000000e-01) (3, 3, 5.00000000000000000000e-01) (0, 3, 0.00000000000000000000e+00) (3, 0, 5.00000000000000000000e-01) (0, 0, 0.00000000000000000000e+00) 
connections (connected_to_neuron, weight)=(0, 5.91758117675781250000e+02) (1, 5.12171936035156250000e+02) (2, 1.39264392089843750000e+03) (3, 1.10172879695892333984e+00) (4, -8.22327331542968750000e+02) (5, -1.50000000000000000000e+03) (6, -1.90740432739257812500e+01) (0, -3.92463177442550659180e-01) (1, -7.17528343200683593750e-01) (2, 2.22881678491830825806e-02) (3, 1.09717331826686859131e-01) (4, -1.29540309309959411621e-01) (5, 1.22140908241271972656e+00) (6, 2.46371567249298095703e-01) (7, 7.52402782440185546875e-01) (8, 1.05989909172058105469e+00) (9, -1.56040036678314208984e+00) (7, 1.73930478096008300781e+00) (8, 2.30868482589721679688e+00) (9, -3.88834714889526367188e+00) (10, 8.58178511261940002441e-02) (11, 1.00868977606296539307e-01) (12, -2.32717227190732955933e-02) 
