FANN_FLO_2.1
num_layers=3
learning_rate=0.500000
connection_rate=1.000000
network_type=0
learning_momentum=0.000000
training_algorithm=2
train_error_function=1
train_stop_function=0
cascade_output_change_fraction=0.010000
quickprop_decay=-0.000100
quickprop_mu=1.750000
rprop_increase_factor=1.200000
rprop_decrease_factor=0.500000
rprop_delta_min=0.000000
rprop_delta_max=50.000000
rprop_delta_zero=0.100000
cascade_output_stagnation_epochs=12
cascade_candidate_change_fraction=0.010000
cascade_candidate_stagnation_epochs=12
cascade_max_out_epochs=150
cascade_min_out_epochs=50
cascade_max_cand_epochs=150
cascade_min_cand_epochs=50
cascade_num_candidate_groups=2
bit_fail_limit=3.49999994039535522461e-01
cascade_candidate_limit=1.00000000000000000000e+03
cascade_weight_multiplier=4.00000005960464477539e-01
cascade_activation_functions_count=10
cascade_activation_functions=3 5 7 8 10 11 14 15 16 17 
cascade_activation_steepnesses_count=4
cascade_activation_steepnesses=2.50000000000000000000e-01 5.00000000000000000000e-01 7.50000000000000000000e-01 1.00000000000000000000e+00 
layer_sizes=7 9 2 
scale_included=0
neurons (num_inputs, activation_function, activation_steepness)=(0, 0, 0.00000000000000000000e+00) (0, 0, 0.00000000000000000000e+00) (0, 0, 0.00000000000000000000e+00) (0, 0, 0.00000000000000000000e+00) (0, 0, 0.00000000000000000000e+00) (0, 0, 0.00000000000000000000e+00) (0, 0, 0.00000000000000000000e+00) (7, 3, 5.00000000000000000000e-01) (7, 3, 5.00000000000000000000e-01) (7, 3, 5.00000000000000000000e-01) (7, 3, 5.00000000000000000000e-01) (7, 3, 5.00000000000000000000e-01) (7, 3, 5.00000000000000000000e-01) (7, 3, 5.00000000000000000000e-01) (7, 3, 5.00000000000000000000e-01) (0, 3, 0.00000000000000000000e+00) (9, 0, 5.00000000000000000000e-01) (0, 0, 0.00000000000000000000e+00) 
connections (connected_to_neuron, weight)=(0, -1.95076966285705566406e+00) (1, -1.50000000000000000000e+03) (2, -3.85523071289062500000e+02) (3, -5.00947713851928710938e-01) (4, -3.70371437072753906250e+01) (5, -1.39001131057739257812e+00) (6, -5.47622561454772949219e-01) (0, 2.85084056854248046875e+00) (1, 1.02985791015625000000e+03) (2, 2.29432113647460937500e+02) (3, 2.29636892676353454590e-01) (4, 1.77584320068359375000e+02) (5, 6.62524253129959106445e-02) (6, -1.78297221660614013672e-01) (0, 2.03575325012207031250e+00) (1, 2.20741701126098632812e+00) (2, -9.89631843566894531250e+00) (3, -8.03900212049484252930e-02) (4, 1.55102798461914062500e+02) (5, 2.53059595823287963867e-01) (6, -1.77159535884857177734e+00) (0, -4.12227809429168701172e-01) (1, -6.54846334457397460938e+00) (2, -1.00646197795867919922e+00) (3, -5.44147431850433349609e-01) (4, 8.67860853672027587891e-01) (5, -2.95546710491180419922e-01) (6, -5.07531523704528808594e-01) (0, -3.89037251472473144531e-01) (1, -2.15728569030761718750e+00) (2, -1.27611923217773437500e+00) (3, -4.04776424169540405273e-01) (4, -1.05000085830688476562e+01) (5, 1.05420760810375213623e-01) (6, -5.12149333953857421875e-01) (0, 5.12273162603378295898e-02) (1, 6.02509856224060058594e-01) (2, -4.80012536048889160156e-01) (3, 9.68049466609954833984e-02) (4, 2.62882143259048461914e-01) (5, -4.62342470884323120117e-01) (6, 1.00978545844554901123e-01) (0, 2.01742365956306457520e-01) (1, 2.17028960585594177246e-01) (2, -7.55303278565406799316e-02) (3, 2.67722178250551223755e-02) (4, -1.74042265862226486206e-02) (5, -2.62978017330169677734e-01) (6, 8.48137974739074707031e-01) (0, -2.07891798019409179688e+00) (1, -1.50000000000000000000e+03) (2, -3.84699493408203125000e+02) (3, -3.87721866369247436523e-01) (4, -2.29860748291015625000e+02) (5, -3.75926047563552856445e-01) (6, -5.21610498428344726562e-01) (7, 1.50000000000000000000e+03) (8, -4.50888350605964660645e-02) (9, 2.59982678107917308807e-03) (10, -5.07439613342285156250e+01) (11, 3.51866111755371093750e+01) (12, -2.30365931987762451172e-01) (13, 1.81196078658103942871e-01) (14, 1.50000000000000000000e+03) (15, 1.03374831378459930420e-01) 
