FANN_FLO_2.1
num_layers=4
learning_rate=0.500000
connection_rate=1.000000
network_type=0
learning_momentum=0.000000
training_algorithm=2
train_error_function=1
train_stop_function=0
cascade_output_change_fraction=0.010000
quickprop_decay=-0.000100
quickprop_mu=1.750000
rprop_increase_factor=1.200000
rprop_decrease_factor=0.500000
rprop_delta_min=0.000000
rprop_delta_max=50.000000
rprop_delta_zero=0.100000
cascade_output_stagnation_epochs=12
cascade_candidate_change_fraction=0.010000
cascade_candidate_stagnation_epochs=12
cascade_max_out_epochs=150
cascade_min_out_epochs=50
cascade_max_cand_epochs=150
cascade_min_cand_epochs=50
cascade_num_candidate_groups=2
bit_fail_limit=3.49999994039535522461e-01
cascade_candidate_limit=1.00000000000000000000e+03
cascade_weight_multiplier=4.00000005960464477539e-01
cascade_activation_functions_count=10
cascade_activation_functions=3 5 7 8 10 11 14 15 16 17 
cascade_activation_steepnesses_count=4
cascade_activation_steepnesses=2.50000000000000000000e-01 5.00000000000000000000e-01 7.50000000000000000000e-01 1.00000000000000000000e+00 
layer_sizes=4 5 5 2 
scale_included=0
neurons (num_inputs, activation_function, activation_steepness)=(0, 0, 0.00000000000000000000e+00) (0, 0, 0.00000000000000000000e+00) (0, 0, 0.00000000000000000000e+00) (0, 0, 0.00000000000000000000e+00) (4, 3, 5.00000000000000000000e-01) (4, 3, 5.00000000000000000000e-01) (4, 3, 5.00000000000000000000e-01) (4, 3, 5.00000000000000000000e-01) (0, 3, 0.00000000000000000000e+00) (5, 3, 5.00000000000000000000e-01) (5, 3, 5.00000000000000000000e-01) (5, 3, 5.00000000000000000000e-01) (5, 3, 5.00000000000000000000e-01) (0, 3, 0.00000000000000000000e+00) (5, 3, 5.00000000000000000000e-01) (0, 3, 0.00000000000000000000e+00) 
connections (connected_to_neuron, weight)=(0, -3.87569451332092285156e+00) (1, -1.61709117889404296875e+01) (2, 6.34154462814331054688e+00) (3, 2.98355865478515625000e+00) (0, -5.17290067672729492188e+00) (1, -3.44504863023757934570e-01) (2, -3.76880335807800292969e+00) (3, 3.77178287506103515625e+00) (0, -3.80763554573059082031e+00) (1, -1.66314868927001953125e+01) (2, 1.23160219192504882812e+00) (3, 1.33022534847259521484e+00) (0, 2.19295573234558105469e+00) (1, -2.06666164398193359375e+01) (2, 2.43387436866760253906e+00) (3, 1.37835454940795898438e+00) (4, -1.03248615264892578125e+01) (5, -1.06630182266235351562e+01) (6, 1.48609008789062500000e+01) (7, 2.90941929817199707031e+00) (8, 2.51472091674804687500e+00) (4, 2.16645584106445312500e+01) (5, 3.35573120117187500000e+01) (6, -4.18180198669433593750e+01) (7, -3.36774897575378417969e+00) (8, -8.95511341094970703125e+00) (4, 3.62552881240844726562e+00) (5, 1.26744794845581054688e+01) (6, -1.58528909683227539062e+01) (7, 2.94182014465332031250e+00) (8, -3.03347110748291015625e+00) (4, 1.63926429748535156250e+01) (5, 1.98889465332031250000e+01) (6, -2.63776531219482421875e+01) (7, -3.93026638031005859375e+00) (8, -5.36156034469604492188e+00) (9, 5.17437636852264404297e-01) (10, -2.73351192474365234375e+00) (11, -1.46357119083404541016e-01) (12, -1.48321568965911865234e+00) (13, 2.03500318527221679688e+00) 
