FANN_FLO_2.1
num_layers=4
learning_rate=0.500000
connection_rate=1.000000
network_type=0
learning_momentum=0.000000
training_algorithm=2
train_error_function=1
train_stop_function=0
cascade_output_change_fraction=0.010000
quickprop_decay=-0.000100
quickprop_mu=1.750000
rprop_increase_factor=1.200000
rprop_decrease_factor=0.500000
rprop_delta_min=0.000000
rprop_delta_max=50.000000
rprop_delta_zero=0.100000
cascade_output_stagnation_epochs=12
cascade_candidate_change_fraction=0.010000
cascade_candidate_stagnation_epochs=12
cascade_max_out_epochs=150
cascade_min_out_epochs=50
cascade_max_cand_epochs=150
cascade_min_cand_epochs=50
cascade_num_candidate_groups=2
bit_fail_limit=3.49999994039535522461e-01
cascade_candidate_limit=1.00000000000000000000e+03
cascade_weight_multiplier=4.00000005960464477539e-01
cascade_activation_functions_count=10
cascade_activation_functions=3 5 7 8 10 11 14 15 16 17 
cascade_activation_steepnesses_count=4
cascade_activation_steepnesses=2.50000000000000000000e-01 5.00000000000000000000e-01 7.50000000000000000000e-01 1.00000000000000000000e+00 
layer_sizes=4 5 3 2 
scale_included=0
neurons (num_inputs, activation_function, activation_steepness)=(0, 0, 0.00000000000000000000e+00) (0, 0, 0.00000000000000000000e+00) (0, 0, 0.00000000000000000000e+00) (0, 0, 0.00000000000000000000e+00) (4, 3, 5.00000000000000000000e-01) (4, 3, 5.00000000000000000000e-01) (4, 3, 5.00000000000000000000e-01) (4, 3, 5.00000000000000000000e-01) (0, 3, 0.00000000000000000000e+00) (5, 3, 5.00000000000000000000e-01) (5, 3, 5.00000000000000000000e-01) (0, 3, 0.00000000000000000000e+00) (3, 3, 5.00000000000000000000e-01) (0, 3, 0.00000000000000000000e+00) 
connections (connected_to_neuron, weight)=(0, 7.47739458084106445312e+00) (1, 9.20876216888427734375e+00) (2, -1.30509614944458007812e+00) (3, -7.94312191009521484375e+00) (0, 4.66628026962280273438e+00) (1, 1.58266382217407226562e+01) (2, -5.53983306884765625000e+00) (3, -7.94878530502319335938e+00) (0, 2.73567700386047363281e+00) (1, 1.78885281085968017578e+00) (2, 4.71125364303588867188e+00) (3, -5.18463325500488281250e+00) (0, 3.82266116142272949219e+00) (1, -8.86478500366210937500e+01) (2, -5.79946804046630859375e+00) (3, -7.98134183883666992188e+00) (4, -1.75551414489746093750e+01) (5, 1.23470277786254882812e+01) (6, -7.16819667816162109375e+00) (7, -1.54181852340698242188e+01) (8, 7.21102285385131835938e+00) (4, -1.53277139663696289062e+01) (5, -7.52196216583251953125e+00) (6, -2.72458672523498535156e+00) (7, -6.58019042968750000000e+02) (8, 8.05935573577880859375e+00) (9, -2.57842063903808593750e+00) (10, -2.31339478492736816406e+00) (11, 2.55748081207275390625e+00) 
