FANN_FLO_2.1
num_layers=3
learning_rate=0.500000
connection_rate=1.000000
network_type=0
learning_momentum=0.000000
training_algorithm=2
train_error_function=1
train_stop_function=0
cascade_output_change_fraction=0.010000
quickprop_decay=-0.000100
quickprop_mu=1.750000
rprop_increase_factor=1.200000
rprop_decrease_factor=0.500000
rprop_delta_min=0.000000
rprop_delta_max=50.000000
rprop_delta_zero=0.100000
cascade_output_stagnation_epochs=12
cascade_candidate_change_fraction=0.010000
cascade_candidate_stagnation_epochs=12
cascade_max_out_epochs=150
cascade_min_out_epochs=50
cascade_max_cand_epochs=150
cascade_min_cand_epochs=50
cascade_num_candidate_groups=2
bit_fail_limit=3.49999994039535522461e-01
cascade_candidate_limit=1.00000000000000000000e+03
cascade_weight_multiplier=4.00000005960464477539e-01
cascade_activation_functions_count=10
cascade_activation_functions=3 5 7 8 10 11 14 15 16 17 
cascade_activation_steepnesses_count=4
cascade_activation_steepnesses=2.50000000000000000000e-01 5.00000000000000000000e-01 7.50000000000000000000e-01 1.00000000000000000000e+00 
layer_sizes=3 9 4 
scale_included=0
neurons (num_inputs, activation_function, activation_steepness)=(0, 0, 0.00000000000000000000e+00) (0, 0, 0.00000000000000000000e+00) (0, 0, 0.00000000000000000000e+00) (3, 3, 5.00000000000000000000e-01) (3, 3, 5.00000000000000000000e-01) (3, 3, 5.00000000000000000000e-01) (3, 3, 5.00000000000000000000e-01) (3, 3, 5.00000000000000000000e-01) (3, 3, 5.00000000000000000000e-01) (3, 3, 5.00000000000000000000e-01) (3, 3, 5.00000000000000000000e-01) (0, 3, 0.00000000000000000000e+00) (9, 0, 5.00000000000000000000e-01) (9, 0, 5.00000000000000000000e-01) (9, 0, 5.00000000000000000000e-01) (0, 0, 0.00000000000000000000e+00) 
connections (connected_to_neuron, weight)=(0, -7.46132898330688476562e+00) (1, 3.45400404930114746094e+00) (2, 5.77647876739501953125e+00) (0, -6.02811861038208007812e+00) (1, 2.36645126342773437500e+00) (2, 1.14844405651092529297e+00) (0, -3.92664575576782226562e+00) (1, 7.92672038078308105469e-02) (2, 1.12393391132354736328e+00) (0, -5.25608158111572265625e+00) (1, -1.34342277050018310547e+00) (2, 1.44321277737617492676e-01) (0, -1.82266652584075927734e+00) (1, 2.84462237358093261719e+00) (2, 6.03423118591308593750e-01) (0, -4.86682987213134765625e+00) (1, 4.70887422561645507812e+00) (2, 5.61952352523803710938e+00) (0, -2.36414265632629394531e+00) (1, -2.36987853050231933594e+00) (2, 7.92138218879699707031e-01) (0, -1.57824051380157470703e+00) (1, -5.04077720642089843750e+00) (2, 8.55841338634490966797e-01) (3, 5.27804009616374969482e-02) (4, 1.51280927658081054688e+00) (5, 9.48244690895080566406e-01) (6, 1.96668529510498046875e+00) (7, 2.83543133735656738281e+00) (8, 2.75651574134826660156e-01) (9, 1.92701101303100585938e+00) (10, 1.80975949764251708984e+00) (11, 8.31276550889015197754e-02) (3, 2.72520661354064941406e+00) (4, 3.07337784767150878906e+00) (5, 4.10359477996826171875e+00) (6, 3.82363533973693847656e+00) (7, 5.37134695053100585938e+00) (8, 2.90003991127014160156e+00) (9, 6.14145421981811523438e+00) (10, 5.11277866363525390625e+00) (11, 1.80943679809570312500e+00) (3, 9.98378372192382812500e+00) (4, 1.00593070983886718750e+01) (5, 1.39762535095214843750e+01) (6, 1.07530164718627929688e+01) (7, 1.06553764343261718750e+01) (8, 1.26052064895629882812e+01) (9, 2.02762794494628906250e+01) (10, 1.60216999053955078125e+01) (11, 1.26243572235107421875e+01) 
