FANN_FLO_2.1
num_layers=4
learning_rate=0.500000
connection_rate=1.000000
network_type=0
learning_momentum=0.000000
training_algorithm=2
train_error_function=1
train_stop_function=0
cascade_output_change_fraction=0.010000
quickprop_decay=-0.000100
quickprop_mu=1.750000
rprop_increase_factor=1.200000
rprop_decrease_factor=0.500000
rprop_delta_min=0.000000
rprop_delta_max=50.000000
rprop_delta_zero=0.100000
cascade_output_stagnation_epochs=12
cascade_candidate_change_fraction=0.010000
cascade_candidate_stagnation_epochs=12
cascade_max_out_epochs=150
cascade_min_out_epochs=50
cascade_max_cand_epochs=150
cascade_min_cand_epochs=50
cascade_num_candidate_groups=2
bit_fail_limit=3.49999994039535522461e-01
cascade_candidate_limit=1.00000000000000000000e+03
cascade_weight_multiplier=4.00000005960464477539e-01
cascade_activation_functions_count=10
cascade_activation_functions=3 5 7 8 10 11 14 15 16 17 
cascade_activation_steepnesses_count=4
cascade_activation_steepnesses=2.50000000000000000000e-01 5.00000000000000000000e-01 7.50000000000000000000e-01 1.00000000000000000000e+00 
layer_sizes=4 5 3 2 
scale_included=0
neurons (num_inputs, activation_function, activation_steepness)=(0, 0, 0.00000000000000000000e+00) (0, 0, 0.00000000000000000000e+00) (0, 0, 0.00000000000000000000e+00) (0, 0, 0.00000000000000000000e+00) (4, 3, 5.00000000000000000000e-01) (4, 3, 5.00000000000000000000e-01) (4, 3, 5.00000000000000000000e-01) (4, 3, 5.00000000000000000000e-01) (0, 3, 0.00000000000000000000e+00) (5, 3, 5.00000000000000000000e-01) (5, 3, 5.00000000000000000000e-01) (0, 3, 0.00000000000000000000e+00) (3, 3, 5.00000000000000000000e-01) (0, 3, 0.00000000000000000000e+00) 
connections (connected_to_neuron, weight)=(0, -2.39824645996093750000e+02) (1, -1.18868789672851562500e+01) (2, 1.68831848144531250000e+02) (3, -5.43548703193664550781e-01) (0, -1.10065860748291015625e+01) (1, -1.54568538665771484375e+01) (2, 1.51689338684082031250e+01) (3, 2.67534732818603515625e+00) (0, -9.60071029663085937500e+01) (1, -1.17985076904296875000e+01) (2, 1.05467941284179687500e+02) (3, -3.42739403247833251953e-01) (0, -6.28507184982299804688e+00) (1, -1.07550249099731445312e+01) (2, 4.34823179244995117188e+00) (3, 3.64285492897033691406e+00) (4, -1.82661323547363281250e+01) (5, -2.26356720924377441406e+00) (6, -6.14453887939453125000e+00) (7, 3.59437789916992187500e+01) (8, -2.42641854286193847656e+00) (4, -1.82564888000488281250e+01) (5, -2.10364747047424316406e+00) (6, -6.11646270751953125000e+00) (7, 3.58162422180175781250e+01) (8, -2.42774128913879394531e+00) (9, -2.48287940025329589844e+00) (10, -2.55210947990417480469e+00) (11, 2.74549245834350585938e+00) 
