FANN_FLO_2.1
num_layers=3
learning_rate=0.500000
connection_rate=1.000000
network_type=0
learning_momentum=0.000000
training_algorithm=2
train_error_function=1
train_stop_function=0
cascade_output_change_fraction=0.010000
quickprop_decay=-0.000100
quickprop_mu=1.750000
rprop_increase_factor=1.200000
rprop_decrease_factor=0.500000
rprop_delta_min=0.000000
rprop_delta_max=50.000000
rprop_delta_zero=0.100000
cascade_output_stagnation_epochs=12
cascade_candidate_change_fraction=0.010000
cascade_candidate_stagnation_epochs=12
cascade_max_out_epochs=150
cascade_min_out_epochs=50
cascade_max_cand_epochs=150
cascade_min_cand_epochs=50
cascade_num_candidate_groups=2
bit_fail_limit=3.49999994039535522461e-01
cascade_candidate_limit=1.00000000000000000000e+03
cascade_weight_multiplier=4.00000005960464477539e-01
cascade_activation_functions_count=10
cascade_activation_functions=3 5 7 8 10 11 14 15 16 17 
cascade_activation_steepnesses_count=4
cascade_activation_steepnesses=2.50000000000000000000e-01 5.00000000000000000000e-01 7.50000000000000000000e-01 1.00000000000000000000e+00 
layer_sizes=3 9 4 
scale_included=0
neurons (num_inputs, activation_function, activation_steepness)=(0, 0, 0.00000000000000000000e+00) (0, 0, 0.00000000000000000000e+00) (0, 0, 0.00000000000000000000e+00) (3, 3, 5.00000000000000000000e-01) (3, 3, 5.00000000000000000000e-01) (3, 3, 5.00000000000000000000e-01) (3, 3, 5.00000000000000000000e-01) (3, 3, 5.00000000000000000000e-01) (3, 3, 5.00000000000000000000e-01) (3, 3, 5.00000000000000000000e-01) (3, 3, 5.00000000000000000000e-01) (0, 3, 0.00000000000000000000e+00) (9, 0, 5.00000000000000000000e-01) (9, 0, 5.00000000000000000000e-01) (9, 0, 5.00000000000000000000e-01) (0, 0, 0.00000000000000000000e+00) 
connections (connected_to_neuron, weight)=(0, 1.86843322753906250000e+02) (1, -1.48189123535156250000e+03) (2, 5.34372508525848388672e-01) (0, -1.02743272781372070312e+01) (1, 6.04174804687500000000e+00) (2, 3.61880207061767578125e+00) (0, -8.27479362487792968750e+00) (1, 9.96494674682617187500e+00) (2, 7.07510995864868164062e+00) (0, -9.20397705078125000000e+02) (1, -1.29981494140625000000e+03) (2, 6.50925779342651367188e+00) (0, 8.12200546264648437500e+01) (1, -6.97431755065917968750e+00) (2, 1.87298950195312500000e+02) (0, -1.69578242301940917969e+00) (1, -1.60863053798675537109e+00) (2, 9.41580057144165039062e-01) (0, -4.15553855895996093750e+00) (1, 1.10003602504730224609e+00) (2, -6.01493239402770996094e-01) (0, -8.89084720611572265625e+00) (1, 8.49139499664306640625e+00) (2, 4.84073686599731445312e+00) (3, -1.43669036865234375000e+02) (4, 9.26394820213317871094e-01) (5, 5.61964631080627441406e-01) (6, 1.03492367267608642578e+00) (7, 4.44622039794921875000e-01) (8, 3.04716873168945312500e+00) (9, 3.17021656036376953125e+00) (10, 1.08329284191131591797e+00) (11, 4.39468085765838623047e-01) (3, 5.74687538146972656250e+01) (4, 3.49775338172912597656e+00) (5, 2.21777439117431640625e+00) (6, 2.10809683799743652344e+00) (7, 2.04157161712646484375e+00) (8, 9.90765571594238281250e+00) (9, 7.50862741470336914062e+00) (10, 3.30078673362731933594e+00) (11, 2.24993371963500976562e+00) (3, -1.35298950195312500000e+02) (4, 1.16801643371582031250e+01) (5, 9.18732547760009765625e+00) (6, 6.41802358627319335938e+00) (7, 8.35546398162841796875e+00) (8, 3.34813499450683593750e+01) (9, 2.24962234497070312500e+01) (10, 8.69981384277343750000e+00) (11, 1.03278055191040039062e+01) 
