FANN_FLO_2.1
num_layers=3
learning_rate=0.500000
connection_rate=1.000000
network_type=0
learning_momentum=0.000000
training_algorithm=2
train_error_function=1
train_stop_function=0
cascade_output_change_fraction=0.010000
quickprop_decay=-0.000100
quickprop_mu=1.750000
rprop_increase_factor=1.200000
rprop_decrease_factor=0.500000
rprop_delta_min=0.000000
rprop_delta_max=50.000000
rprop_delta_zero=0.100000
cascade_output_stagnation_epochs=12
cascade_candidate_change_fraction=0.010000
cascade_candidate_stagnation_epochs=12
cascade_max_out_epochs=150
cascade_min_out_epochs=50
cascade_max_cand_epochs=150
cascade_min_cand_epochs=50
cascade_num_candidate_groups=2
bit_fail_limit=3.49999994039535522461e-01
cascade_candidate_limit=1.00000000000000000000e+03
cascade_weight_multiplier=4.00000005960464477539e-01
cascade_activation_functions_count=10
cascade_activation_functions=3 5 7 8 10 11 14 15 16 17 
cascade_activation_steepnesses_count=4
cascade_activation_steepnesses=2.50000000000000000000e-01 5.00000000000000000000e-01 7.50000000000000000000e-01 1.00000000000000000000e+00 
layer_sizes=7 5 2 
scale_included=0
neurons (num_inputs, activation_function, activation_steepness)=(0, 0, 0.00000000000000000000e+00) (0, 0, 0.00000000000000000000e+00) (0, 0, 0.00000000000000000000e+00) (0, 0, 0.00000000000000000000e+00) (0, 0, 0.00000000000000000000e+00) (0, 0, 0.00000000000000000000e+00) (0, 0, 0.00000000000000000000e+00) (7, 3, 5.00000000000000000000e-01) (7, 3, 5.00000000000000000000e-01) (7, 3, 5.00000000000000000000e-01) (7, 3, 5.00000000000000000000e-01) (0, 3, 0.00000000000000000000e+00) (5, 0, 5.00000000000000000000e-01) (0, 0, 0.00000000000000000000e+00) 
connections (connected_to_neuron, weight)=(0, 9.92001146078109741211e-02) (1, -1.91418439149856567383e-01) (2, 1.24690942466259002686e-01) (3, -5.31868077814579010010e-02) (4, 3.65450941026210784912e-02) (5, 5.93051575124263763428e-02) (6, -3.44355773925781250000e+00) (0, 1.50000000000000000000e+03) (1, 1.26294624328613281250e+02) (2, -1.50000000000000000000e+03) (3, 1.04861450195312500000e+03) (4, 1.04931838989257812500e+02) (5, -1.42499853515625000000e+03) (6, 1.32459208369255065918e-01) (0, -1.10734212398529052734e+00) (1, -1.95379599928855895996e-01) (2, 1.50000000000000000000e+03) (3, 5.10741889476776123047e-01) (4, 1.16675448417663574219e+00) (5, 8.68216613769531250000e+02) (6, 1.07587587833404541016e+00) (0, -3.96878767013549804688e+00) (1, -3.26236605644226074219e+00) (2, 1.49153915405273437500e+02) (3, -7.42328977584838867188e+00) (4, -1.52164106369018554688e+01) (5, 3.49241371154785156250e+01) (6, -1.65574729442596435547e+00) (7, 3.99509340524673461914e-01) (8, 1.31281495094299316406e-01) (9, -7.28124082088470458984e-02) (10, -1.97467431426048278809e-02) (11, -4.60010617971420288086e-02) 
