FANN_FLO_2.1
num_layers=3
learning_rate=0.500000
connection_rate=1.000000
network_type=0
learning_momentum=0.000000
training_algorithm=2
train_error_function=1
train_stop_function=0
cascade_output_change_fraction=0.010000
quickprop_decay=-0.000100
quickprop_mu=1.750000
rprop_increase_factor=1.200000
rprop_decrease_factor=0.500000
rprop_delta_min=0.000000
rprop_delta_max=50.000000
rprop_delta_zero=0.100000
cascade_output_stagnation_epochs=12
cascade_candidate_change_fraction=0.010000
cascade_candidate_stagnation_epochs=12
cascade_max_out_epochs=150
cascade_min_out_epochs=50
cascade_max_cand_epochs=150
cascade_min_cand_epochs=50
cascade_num_candidate_groups=2
bit_fail_limit=3.49999994039535522461e-01
cascade_candidate_limit=1.00000000000000000000e+03
cascade_weight_multiplier=4.00000005960464477539e-01
cascade_activation_functions_count=10
cascade_activation_functions=3 5 7 8 10 11 14 15 16 17 
cascade_activation_steepnesses_count=4
cascade_activation_steepnesses=2.50000000000000000000e-01 5.00000000000000000000e-01 7.50000000000000000000e-01 1.00000000000000000000e+00 
layer_sizes=10 3 2 
scale_included=0
neurons (num_inputs, activation_function, activation_steepness)=(0, 0, 0.00000000000000000000e+00) (0, 0, 0.00000000000000000000e+00) (0, 0, 0.00000000000000000000e+00) (0, 0, 0.00000000000000000000e+00) (0, 0, 0.00000000000000000000e+00) (0, 0, 0.00000000000000000000e+00) (0, 0, 0.00000000000000000000e+00) (0, 0, 0.00000000000000000000e+00) (0, 0, 0.00000000000000000000e+00) (0, 0, 0.00000000000000000000e+00) (10, 3, 5.00000000000000000000e-01) (10, 3, 5.00000000000000000000e-01) (0, 3, 0.00000000000000000000e+00) (3, 3, 5.00000000000000000000e-01) (0, 3, 0.00000000000000000000e+00) 
connections (connected_to_neuron, weight)=(0, -6.62472009658813476562e-01) (1, -6.56394362449645996094e-01) (2, -4.67548459768295288086e-01) (3, -9.17628407478332519531e-01) (4, -2.51004981994628906250e+00) (5, -1.27783441543579101562e+00) (6, -2.02590465545654296875e-01) (7, -1.08542609214782714844e+00) (8, -3.43444436788558959961e-01) (9, 4.74136638641357421875e+00) (0, -4.98108863830566406250e-01) (1, -5.25608420372009277344e-01) (2, -5.65231978893280029297e-01) (3, -4.92579698562622070312e-01) (4, -2.34894216060638427734e-01) (5, -3.97318154573440551758e-01) (6, -5.86890459060668945312e-01) (7, -4.43884193897247314453e-01) (8, -5.99252343177795410156e-01) (9, 9.75561618804931640625e-01) (10, -6.20761752128601074219e-01) (11, -3.88787198066711425781e+00) (12, 1.31975376605987548828e+00) 
