FANN_FLO_2.1
num_layers=3
learning_rate=0.500000
connection_rate=1.000000
network_type=0
learning_momentum=0.000000
training_algorithm=2
train_error_function=1
train_stop_function=0
cascade_output_change_fraction=0.010000
quickprop_decay=-0.000100
quickprop_mu=1.750000
rprop_increase_factor=1.200000
rprop_decrease_factor=0.500000
rprop_delta_min=0.000000
rprop_delta_max=50.000000
rprop_delta_zero=0.100000
cascade_output_stagnation_epochs=12
cascade_candidate_change_fraction=0.010000
cascade_candidate_stagnation_epochs=12
cascade_max_out_epochs=150
cascade_min_out_epochs=50
cascade_max_cand_epochs=150
cascade_min_cand_epochs=50
cascade_num_candidate_groups=2
bit_fail_limit=3.49999994039535522461e-01
cascade_candidate_limit=1.00000000000000000000e+03
cascade_weight_multiplier=4.00000005960464477539e-01
cascade_activation_functions_count=10
cascade_activation_functions=3 5 7 8 10 11 14 15 16 17 
cascade_activation_steepnesses_count=4
cascade_activation_steepnesses=2.50000000000000000000e-01 5.00000000000000000000e-01 7.50000000000000000000e-01 1.00000000000000000000e+00 
layer_sizes=10 5 2 
scale_included=0
neurons (num_inputs, activation_function, activation_steepness)=(0, 0, 0.00000000000000000000e+00) (0, 0, 0.00000000000000000000e+00) (0, 0, 0.00000000000000000000e+00) (0, 0, 0.00000000000000000000e+00) (0, 0, 0.00000000000000000000e+00) (0, 0, 0.00000000000000000000e+00) (0, 0, 0.00000000000000000000e+00) (0, 0, 0.00000000000000000000e+00) (0, 0, 0.00000000000000000000e+00) (0, 0, 0.00000000000000000000e+00) (10, 3, 5.00000000000000000000e-01) (10, 3, 5.00000000000000000000e-01) (10, 3, 5.00000000000000000000e-01) (10, 3, 5.00000000000000000000e-01) (0, 3, 0.00000000000000000000e+00) (5, 3, 5.00000000000000000000e-01) (0, 3, 0.00000000000000000000e+00) 
connections (connected_to_neuron, weight)=(0, -1.52167522907257080078e+00) (1, -5.05870103836059570312e-01) (2, -2.23353481292724609375e+00) (3, -1.53690075874328613281e+00) (4, -3.33290028572082519531e+00) (5, -1.41388964653015136719e+00) (6, -2.66244220733642578125e+00) (7, -8.17398190498352050781e-01) (8, -1.80183565616607666016e+00) (9, 1.13932120800018310547e+00) (0, -1.12188465893268585205e-01) (1, -1.09130501747131347656e+00) (2, -7.13986456394195556641e-02) (3, -1.26810181140899658203e+00) (4, -8.24064075946807861328e-01) (5, -1.22998583316802978516e+00) (6, -2.37380489706993103027e-01) (7, -8.15148770809173583984e-01) (8, -1.16590976715087890625e+00) (9, 1.06370222568511962891e+00) (0, -5.53604006767272949219e-01) (1, -7.14448392391204833984e-01) (2, -5.58418512344360351562e-01) (3, -7.88178503513336181641e-01) (4, -6.86803221702575683594e-01) (5, -7.77168154716491699219e-01) (6, -2.60446339845657348633e-01) (7, -5.64637720584869384766e-01) (8, -5.76160371303558349609e-01) (9, 1.05505311489105224609e+00) (0, -8.36795032024383544922e-01) (1, -7.62901544570922851562e-01) (2, -8.18982958793640136719e-01) (3, -6.96188867092132568359e-01) (4, -6.67105317115783691406e-01) (5, -6.91869497299194335938e-01) (6, -8.45485270023345947266e-01) (7, -8.16132724285125732422e-01) (8, -7.18858718872070312500e-01) (9, 3.68841123580932617188e+00) (10, -2.73218560218811035156e+00) (11, -3.35923910140991210938e-01) (12, -7.61205673217773437500e-01) (13, -2.05844998359680175781e+00) (14, 1.31578588485717773438e+00) 
