FANN_FLO_2.1
num_layers=3
learning_rate=0.400000
connection_rate=1.000000
network_type=0
learning_momentum=0.000000
training_algorithm=2
train_error_function=1
train_stop_function=0
cascade_output_change_fraction=0.010000
quickprop_decay=-0.000100
quickprop_mu=1.750000
rprop_increase_factor=1.200000
rprop_decrease_factor=0.500000
rprop_delta_min=0.000000
rprop_delta_max=50.000000
rprop_delta_zero=0.100000
cascade_output_stagnation_epochs=12
cascade_candidate_change_fraction=0.010000
cascade_candidate_stagnation_epochs=12
cascade_max_out_epochs=150
cascade_min_out_epochs=50
cascade_max_cand_epochs=150
cascade_min_cand_epochs=50
cascade_num_candidate_groups=2
bit_fail_limit=3.49999994039535522461e-01
cascade_candidate_limit=1.00000000000000000000e+03
cascade_weight_multiplier=4.00000005960464477539e-01
cascade_activation_functions_count=10
cascade_activation_functions=3 5 7 8 10 11 14 15 16 17 
cascade_activation_steepnesses_count=4
cascade_activation_steepnesses=2.50000000000000000000e-01 5.00000000000000000000e-01 7.50000000000000000000e-01 1.00000000000000000000e+00 
layer_sizes=10 3 2 
scale_included=0
neurons (num_inputs, activation_function, activation_steepness)=(0, 0, 0.00000000000000000000e+00) (0, 0, 0.00000000000000000000e+00) (0, 0, 0.00000000000000000000e+00) (0, 0, 0.00000000000000000000e+00) (0, 0, 0.00000000000000000000e+00) (0, 0, 0.00000000000000000000e+00) (0, 0, 0.00000000000000000000e+00) (0, 0, 0.00000000000000000000e+00) (0, 0, 0.00000000000000000000e+00) (0, 0, 0.00000000000000000000e+00) (10, 3, 5.00000000000000000000e-01) (10, 3, 5.00000000000000000000e-01) (0, 3, 0.00000000000000000000e+00) (3, 3, 5.00000000000000000000e-01) (0, 3, 0.00000000000000000000e+00) 
connections (connected_to_neuron, weight)=(0, -1.07689537107944488525e-01) (1, -2.06406250596046447754e-01) (2, -9.73782390356063842773e-02) (3, -6.91399946808815002441e-02) (4, -7.83672258257865905762e-02) (5, -1.90950989723205566406e-01) (6, -7.20702931284904479980e-02) (7, -1.17103122174739837646e-01) (8, -1.48574143648147583008e-01) (9, -1.08215712010860443115e-01) (0, -2.13124930858612060547e-01) (1, -1.99128746986389160156e-01) (2, -1.08940884470939636230e-01) (3, -7.88689181208610534668e-02) (4, -9.80279818177223205566e-02) (5, -1.49577990174293518066e-01) (6, -1.67379379272460937500e-01) (7, -1.96687325835227966309e-01) (8, -1.14989563822746276855e-01) (9, -1.86558887362480163574e-01) (10, -9.86044779419898986816e-02) (11, -7.32439383864402770996e-02) (12, -3.34592685103416442871e-02) 
