FANN_FLO_2.1
num_layers=3
learning_rate=0.400000
connection_rate=1.000000
network_type=0
learning_momentum=0.000000
training_algorithm=2
train_error_function=1
train_stop_function=0
cascade_output_change_fraction=0.010000
quickprop_decay=-0.000100
quickprop_mu=1.750000
rprop_increase_factor=1.200000
rprop_decrease_factor=0.500000
rprop_delta_min=0.000000
rprop_delta_max=50.000000
rprop_delta_zero=0.100000
cascade_output_stagnation_epochs=12
cascade_candidate_change_fraction=0.010000
cascade_candidate_stagnation_epochs=12
cascade_max_out_epochs=150
cascade_min_out_epochs=50
cascade_max_cand_epochs=150
cascade_min_cand_epochs=50
cascade_num_candidate_groups=2
bit_fail_limit=3.49999994039535522461e-01
cascade_candidate_limit=1.00000000000000000000e+03
cascade_weight_multiplier=4.00000005960464477539e-01
cascade_activation_functions_count=10
cascade_activation_functions=3 5 7 8 10 11 14 15 16 17 
cascade_activation_steepnesses_count=4
cascade_activation_steepnesses=2.50000000000000000000e-01 5.00000000000000000000e-01 7.50000000000000000000e-01 1.00000000000000000000e+00 
layer_sizes=6 5 2 
scale_included=0
neurons (num_inputs, activation_function, activation_steepness)=(0, 0, 0.00000000000000000000e+00) (0, 0, 0.00000000000000000000e+00) (0, 0, 0.00000000000000000000e+00) (0, 0, 0.00000000000000000000e+00) (0, 0, 0.00000000000000000000e+00) (0, 0, 0.00000000000000000000e+00) (6, 3, 5.00000000000000000000e-01) (6, 3, 5.00000000000000000000e-01) (6, 3, 5.00000000000000000000e-01) (6, 3, 5.00000000000000000000e-01) (0, 3, 0.00000000000000000000e+00) (5, 0, 5.00000000000000000000e-01) (0, 0, 0.00000000000000000000e+00) 
connections (connected_to_neuron, weight)=(0, -1.50000000000000000000e+03) (1, -3.94268226623535156250e+00) (2, -4.61372643709182739258e-01) (3, -1.57761335372924804688e+00) (4, 2.08779379725456237793e-01) (5, -2.10824489593505859375e-01) (0, -1.50000000000000000000e+03) (1, -1.26513891601562500000e+03) (2, 7.48335123062133789062e-01) (3, -6.51607666015625000000e+01) (4, 1.35547161102294921875e+00) (5, 8.05747434496879577637e-02) (0, -1.50000000000000000000e+03) (1, -9.99470092773437500000e+02) (2, 1.34508850097656250000e+02) (3, -1.47799328613281250000e+03) (4, 7.31155490875244140625e+00) (5, 1.25444734096527099609e+00) (0, 1.44582812500000000000e+03) (1, -3.20672271728515625000e+02) (2, 5.26655578613281250000e+01) (3, 3.59988891601562500000e+02) (4, 9.17706298828125000000e+00) (5, 8.53043377399444580078e-01) (6, 3.39640951156616210938e+00) (7, 2.57951807975769042969e+00) (8, 2.14339315891265869141e-01) (9, -2.03481346368789672852e-01) (10, 7.40225851535797119141e-01) 
