FANN_FLO_2.1
num_layers=3
learning_rate=0.300000
connection_rate=1.000000
network_type=0
learning_momentum=0.000000
training_algorithm=2
train_error_function=1
train_stop_function=0
cascade_output_change_fraction=0.010000
quickprop_decay=-0.000100
quickprop_mu=1.750000
rprop_increase_factor=1.200000
rprop_decrease_factor=0.500000
rprop_delta_min=0.000000
rprop_delta_max=50.000000
rprop_delta_zero=0.100000
cascade_output_stagnation_epochs=12
cascade_candidate_change_fraction=0.010000
cascade_candidate_stagnation_epochs=12
cascade_max_out_epochs=150
cascade_min_out_epochs=50
cascade_max_cand_epochs=150
cascade_min_cand_epochs=50
cascade_num_candidate_groups=2
bit_fail_limit=3.49999994039535522461e-01
cascade_candidate_limit=1.00000000000000000000e+03
cascade_weight_multiplier=4.00000005960464477539e-01
cascade_activation_functions_count=10
cascade_activation_functions=3 5 7 8 10 11 14 15 16 17 
cascade_activation_steepnesses_count=4
cascade_activation_steepnesses=2.50000000000000000000e-01 5.00000000000000000000e-01 7.50000000000000000000e-01 1.00000000000000000000e+00 
layer_sizes=4 9 2 
scale_included=0
neurons (num_inputs, activation_function, activation_steepness)=(0, 0, 0.00000000000000000000e+00) (0, 0, 0.00000000000000000000e+00) (0, 0, 0.00000000000000000000e+00) (0, 0, 0.00000000000000000000e+00) (4, 3, 5.00000000000000000000e-01) (4, 3, 5.00000000000000000000e-01) (4, 3, 5.00000000000000000000e-01) (4, 3, 5.00000000000000000000e-01) (4, 3, 5.00000000000000000000e-01) (4, 3, 5.00000000000000000000e-01) (4, 3, 5.00000000000000000000e-01) (4, 3, 5.00000000000000000000e-01) (0, 3, 0.00000000000000000000e+00) (9, 3, 5.00000000000000000000e-01) (0, 3, 0.00000000000000000000e+00) 
connections (connected_to_neuron, weight)=(0, -5.26134192943572998047e-01) (1, 9.57799196243286132812e-01) (2, -5.75730621814727783203e-01) (3, 9.45202529430389404297e-01) (0, 8.65052044391632080078e-02) (1, -3.28875705599784851074e-02) (2, 6.86243176460266113281e-01) (3, -4.05660676956176757812e+00) (0, -1.89250752329826354980e-01) (1, 2.25506387650966644287e-02) (2, -1.51197299361228942871e-01) (3, 2.13244152069091796875e+00) (0, 9.54791903495788574219e-03) (1, 3.74221473932266235352e-01) (2, 1.61247283220291137695e-01) (3, 4.65960168838500976562e+00) (0, -1.50720751285552978516e+00) (1, -2.22004055976867675781e-01) (2, -2.63252353668212890625e+00) (3, 3.07320922613143920898e-01) (0, -1.12596094608306884766e+00) (1, 8.95471692085266113281e-01) (2, -1.73712766170501708984e+00) (3, 1.12660324573516845703e+00) (0, -1.04043626785278320312e+00) (1, 6.94645583629608154297e-01) (2, -1.22090649604797363281e+00) (3, 1.08288669586181640625e+00) (0, -3.67741644382476806641e-01) (1, 1.06264919042587280273e-01) (2, -3.48218470811843872070e-01) (3, 5.62316417694091796875e+00) (4, -2.42146134376525878906e-01) (5, 1.66435086727142333984e+00) (6, -4.41044902801513671875e+00) (7, -1.26750886440277099609e-01) (8, -1.50000000000000000000e+03) (9, -4.04348433017730712891e-01) (10, -2.36852511763572692871e-01) (11, -9.12856757640838623047e-01) (12, -2.62317150831222534180e-01) 
