FANN_FLO_2.1
num_layers=4
learning_rate=0.450000
connection_rate=1.000000
network_type=0
learning_momentum=0.000000
training_algorithm=2
train_error_function=1
train_stop_function=0
cascade_output_change_fraction=0.010000
quickprop_decay=-0.000100
quickprop_mu=1.750000
rprop_increase_factor=1.200000
rprop_decrease_factor=0.500000
rprop_delta_min=0.000000
rprop_delta_max=50.000000
rprop_delta_zero=0.100000
cascade_output_stagnation_epochs=12
cascade_candidate_change_fraction=0.010000
cascade_candidate_stagnation_epochs=12
cascade_max_out_epochs=150
cascade_min_out_epochs=50
cascade_max_cand_epochs=150
cascade_min_cand_epochs=50
cascade_num_candidate_groups=2
bit_fail_limit=3.49999994039535522461e-01
cascade_candidate_limit=1.00000000000000000000e+03
cascade_weight_multiplier=4.00000005960464477539e-01
cascade_activation_functions_count=10
cascade_activation_functions=3 5 7 8 10 11 14 15 16 17 
cascade_activation_steepnesses_count=4
cascade_activation_steepnesses=2.50000000000000000000e-01 5.00000000000000000000e-01 7.50000000000000000000e-01 1.00000000000000000000e+00 
layer_sizes=7 3 3 2 
scale_included=0
neurons (num_inputs, activation_function, activation_steepness)=(0, 0, 0.00000000000000000000e+00) (0, 0, 0.00000000000000000000e+00) (0, 0, 0.00000000000000000000e+00) (0, 0, 0.00000000000000000000e+00) (0, 0, 0.00000000000000000000e+00) (0, 0, 0.00000000000000000000e+00) (0, 0, 0.00000000000000000000e+00) (7, 3, 5.00000000000000000000e-01) (7, 3, 5.00000000000000000000e-01) (0, 3, 0.00000000000000000000e+00) (3, 3, 5.00000000000000000000e-01) (3, 3, 5.00000000000000000000e-01) (0, 3, 0.00000000000000000000e+00) (3, 0, 5.00000000000000000000e-01) (0, 0, 0.00000000000000000000e+00) 
connections (connected_to_neuron, weight)=(0, 8.37068328857421875000e+01) (1, 2.33714604377746582031e+00) (2, 1.50000000000000000000e+03) (3, 9.07287139892578125000e+01) (4, 1.57658824920654296875e+01) (5, 1.50000000000000000000e+03) (6, -6.35927658081054687500e+01) (0, -6.36097602844238281250e+01) (1, 1.50000000000000000000e+03) (2, 6.66895385742187500000e+02) (3, -6.63915405273437500000e+02) (4, -3.18574600219726562500e+01) (5, -7.36329895019531250000e+02) (6, 5.74186706542968750000e+00) (7, -7.38004394531250000000e+02) (8, 1.47196362304687500000e+03) (9, -1.21286547183990478516e+00) (7, 8.31035315990447998047e-01) (8, 2.14520797729492187500e+02) (9, -8.89052987098693847656e-01) (10, -3.83164957165718078613e-02) (11, 7.38527849316596984863e-02) (12, -7.38327484577894210815e-03) 
