FANN_FLO_2.1
num_layers=4
learning_rate=0.450000
connection_rate=1.000000
network_type=0
learning_momentum=0.000000
training_algorithm=2
train_error_function=1
train_stop_function=0
cascade_output_change_fraction=0.010000
quickprop_decay=-0.000100
quickprop_mu=1.750000
rprop_increase_factor=1.200000
rprop_decrease_factor=0.500000
rprop_delta_min=0.000000
rprop_delta_max=50.000000
rprop_delta_zero=0.100000
cascade_output_stagnation_epochs=12
cascade_candidate_change_fraction=0.010000
cascade_candidate_stagnation_epochs=12
cascade_max_out_epochs=150
cascade_min_out_epochs=50
cascade_max_cand_epochs=150
cascade_min_cand_epochs=50
cascade_num_candidate_groups=2
bit_fail_limit=3.49999994039535522461e-01
cascade_candidate_limit=1.00000000000000000000e+03
cascade_weight_multiplier=4.00000005960464477539e-01
cascade_activation_functions_count=10
cascade_activation_functions=3 5 7 8 10 11 14 15 16 17 
cascade_activation_steepnesses_count=4
cascade_activation_steepnesses=2.50000000000000000000e-01 5.00000000000000000000e-01 7.50000000000000000000e-01 1.00000000000000000000e+00 
layer_sizes=7 3 3 2 
scale_included=0
neurons (num_inputs, activation_function, activation_steepness)=(0, 0, 0.00000000000000000000e+00) (0, 0, 0.00000000000000000000e+00) (0, 0, 0.00000000000000000000e+00) (0, 0, 0.00000000000000000000e+00) (0, 0, 0.00000000000000000000e+00) (0, 0, 0.00000000000000000000e+00) (0, 0, 0.00000000000000000000e+00) (7, 3, 5.00000000000000000000e-01) (7, 3, 5.00000000000000000000e-01) (0, 3, 0.00000000000000000000e+00) (3, 3, 5.00000000000000000000e-01) (3, 3, 5.00000000000000000000e-01) (0, 3, 0.00000000000000000000e+00) (3, 0, 5.00000000000000000000e-01) (0, 0, 0.00000000000000000000e+00) 
connections (connected_to_neuron, weight)=(0, -4.86946284770965576172e-01) (1, 9.98246550559997558594e-01) (2, -4.50873792171478271484e-01) (3, 1.19958676397800445557e-01) (4, -1.52439787983894348145e-01) (5, -6.28101825714111328125e-02) (6, 3.00669550895690917969e+00) (0, -3.32287902832031250000e+02) (1, -4.64809020996093750000e+02) (2, 9.34199951171875000000e+02) (3, -1.48376818847656250000e+03) (4, -1.32544909667968750000e+03) (5, 5.84199951171875000000e+02) (6, 6.90253973007202148438e-01) (7, -8.01136112213134765625e+00) (8, 1.50000000000000000000e+03) (9, -3.55506271123886108398e-01) (7, -5.50630927085876464844e-01) (8, 1.43586523437500000000e+03) (9, 3.93338769674301147461e-01) (10, 1.25463351607322692871e-01) (11, -9.19908061623573303223e-02) (12, 5.18519245088100433350e-02) 
