FANN_FLO_2.1
num_layers=4
learning_rate=0.300000
connection_rate=1.000000
network_type=0
learning_momentum=0.000000
training_algorithm=2
train_error_function=1
train_stop_function=0
cascade_output_change_fraction=0.010000
quickprop_decay=-0.000100
quickprop_mu=1.750000
rprop_increase_factor=1.200000
rprop_decrease_factor=0.500000
rprop_delta_min=0.000000
rprop_delta_max=50.000000
rprop_delta_zero=0.100000
cascade_output_stagnation_epochs=12
cascade_candidate_change_fraction=0.010000
cascade_candidate_stagnation_epochs=12
cascade_max_out_epochs=150
cascade_min_out_epochs=50
cascade_max_cand_epochs=150
cascade_min_cand_epochs=50
cascade_num_candidate_groups=2
bit_fail_limit=3.49999994039535522461e-01
cascade_candidate_limit=1.00000000000000000000e+03
cascade_weight_multiplier=4.00000005960464477539e-01
cascade_activation_functions_count=10
cascade_activation_functions=3 5 7 8 10 11 14 15 16 17 
cascade_activation_steepnesses_count=4
cascade_activation_steepnesses=2.50000000000000000000e-01 5.00000000000000000000e-01 7.50000000000000000000e-01 1.00000000000000000000e+00 
layer_sizes=2 5 5 3 
scale_included=0
neurons (num_inputs, activation_function, activation_steepness)=(0, 0, 0.00000000000000000000e+00) (0, 0, 0.00000000000000000000e+00) (2, 3, 5.00000000000000000000e-01) (2, 3, 5.00000000000000000000e-01) (2, 3, 5.00000000000000000000e-01) (2, 3, 5.00000000000000000000e-01) (0, 3, 0.00000000000000000000e+00) (5, 3, 5.00000000000000000000e-01) (5, 3, 5.00000000000000000000e-01) (5, 3, 5.00000000000000000000e-01) (5, 3, 5.00000000000000000000e-01) (0, 3, 0.00000000000000000000e+00) (5, 0, 5.00000000000000000000e-01) (5, 0, 5.00000000000000000000e-01) (0, 0, 0.00000000000000000000e+00) 
connections (connected_to_neuron, weight)=(0, -2.23447442054748535156e+00) (1, -5.91457080841064453125e+00) (0, -1.81625878810882568359e+00) (1, -5.07502412796020507812e+00) (0, -1.93522417545318603516e+00) (1, -5.32626199722290039062e+00) (0, -1.71951019763946533203e+00) (1, -4.65529298782348632812e+00) (2, 1.01702153682708740234e+00) (3, 1.60924172401428222656e+00) (4, 9.78431999683380126953e-01) (5, 1.57207477092742919922e+00) (6, -8.79562139511108398438e-01) (2, 1.47215270996093750000e+00) (3, 6.16246461868286132812e-01) (4, 5.83658397197723388672e-01) (5, 7.18670308589935302734e-01) (6, -7.08050932735204696655e-03) (2, -5.93873798847198486328e-01) (3, -4.28528964519500732422e-01) (4, -4.44989502429962158203e-01) (5, -9.54271852970123291016e-01) (6, -2.85945266485214233398e-01) (2, 7.09804356098175048828e-01) (3, 6.85961663722991943359e-01) (4, 7.07140207290649414062e-01) (5, 5.20281195640563964844e-01) (6, 2.61420249938964843750e-01) (7, 2.45340362191200256348e-01) (8, 4.40903827548027038574e-02) (9, -5.52167713642120361328e-01) (10, 2.05343160778284072876e-02) (11, 1.89153254032135009766e-02) (7, -7.90745377540588378906e-01) (8, -7.49798953533172607422e-01) (9, 4.79466825723648071289e-01) (10, -7.96624958515167236328e-01) (11, -5.28415977954864501953e-01) 
