FANN_FLO_2.1
num_layers=3
learning_rate=0.450000
connection_rate=1.000000
network_type=0
learning_momentum=0.000000
training_algorithm=2
train_error_function=1
train_stop_function=0
cascade_output_change_fraction=0.010000
quickprop_decay=-0.000100
quickprop_mu=1.750000
rprop_increase_factor=1.200000
rprop_decrease_factor=0.500000
rprop_delta_min=0.000000
rprop_delta_max=50.000000
rprop_delta_zero=0.100000
cascade_output_stagnation_epochs=12
cascade_candidate_change_fraction=0.010000
cascade_candidate_stagnation_epochs=12
cascade_max_out_epochs=150
cascade_min_out_epochs=50
cascade_max_cand_epochs=150
cascade_min_cand_epochs=50
cascade_num_candidate_groups=2
bit_fail_limit=3.49999994039535522461e-01
cascade_candidate_limit=1.00000000000000000000e+03
cascade_weight_multiplier=4.00000005960464477539e-01
cascade_activation_functions_count=10
cascade_activation_functions=3 5 7 8 10 11 14 15 16 17 
cascade_activation_steepnesses_count=4
cascade_activation_steepnesses=2.50000000000000000000e-01 5.00000000000000000000e-01 7.50000000000000000000e-01 1.00000000000000000000e+00 
layer_sizes=7 5 2 
scale_included=0
neurons (num_inputs, activation_function, activation_steepness)=(0, 0, 0.00000000000000000000e+00) (0, 0, 0.00000000000000000000e+00) (0, 0, 0.00000000000000000000e+00) (0, 0, 0.00000000000000000000e+00) (0, 0, 0.00000000000000000000e+00) (0, 0, 0.00000000000000000000e+00) (0, 0, 0.00000000000000000000e+00) (7, 3, 5.00000000000000000000e-01) (7, 3, 5.00000000000000000000e-01) (7, 3, 5.00000000000000000000e-01) (7, 3, 5.00000000000000000000e-01) (0, 3, 0.00000000000000000000e+00) (5, 0, 5.00000000000000000000e-01) (0, 0, 0.00000000000000000000e+00) 
connections (connected_to_neuron, weight)=(0, -7.05176532268524169922e-01) (1, -5.00827252864837646484e-01) (2, -1.84343028068542480469e+00) (3, -2.68787652254104614258e-01) (4, 6.19679331779479980469e-01) (5, 2.34001970291137695312e+00) (6, -4.70911562442779541016e-01) (0, 3.40318726375699043274e-03) (1, -7.00132846832275390625e-01) (2, 6.53480052947998046875e-01) (3, -3.26975524425506591797e-01) (4, -4.71601903438568115234e-01) (5, 7.68171787261962890625e-01) (6, -1.89180243015289306641e+00) (0, -3.82801443338394165039e-02) (1, 1.61387175321578979492e-01) (2, 1.17311942577362060547e+00) (3, -2.86156654357910156250e-01) (4, -1.52614846825599670410e-01) (5, -7.11229860782623291016e-01) (6, -3.30609738826751708984e-01) (0, -1.50000000000000000000e+03) (1, -1.50000000000000000000e+03) (2, 1.50000000000000000000e+03) (3, -1.50000000000000000000e+03) (4, -1.50000000000000000000e+03) (5, 1.50000000000000000000e+03) (6, -2.38813295960426330566e-01) (7, -8.26933532953262329102e-02) (8, 1.24016356468200683594e+00) (9, -7.88473859429359436035e-02) (10, 1.50000000000000000000e+03) (11, 4.62830215692520141602e-02) 
