FANN_FLO_2.1
num_layers=3
learning_rate=0.400000
connection_rate=1.000000
network_type=0
learning_momentum=0.000000
training_algorithm=2
train_error_function=1
train_stop_function=0
cascade_output_change_fraction=0.010000
quickprop_decay=-0.000100
quickprop_mu=1.750000
rprop_increase_factor=1.200000
rprop_decrease_factor=0.500000
rprop_delta_min=0.000000
rprop_delta_max=50.000000
rprop_delta_zero=0.100000
cascade_output_stagnation_epochs=12
cascade_candidate_change_fraction=0.010000
cascade_candidate_stagnation_epochs=12
cascade_max_out_epochs=150
cascade_min_out_epochs=50
cascade_max_cand_epochs=150
cascade_min_cand_epochs=50
cascade_num_candidate_groups=2
bit_fail_limit=3.49999994039535522461e-01
cascade_candidate_limit=1.00000000000000000000e+03
cascade_weight_multiplier=4.00000005960464477539e-01
cascade_activation_functions_count=10
cascade_activation_functions=3 5 7 8 10 11 14 15 16 17 
cascade_activation_steepnesses_count=4
cascade_activation_steepnesses=2.50000000000000000000e-01 5.00000000000000000000e-01 7.50000000000000000000e-01 1.00000000000000000000e+00 
layer_sizes=6 5 2 
scale_included=0
neurons (num_inputs, activation_function, activation_steepness)=(0, 0, 0.00000000000000000000e+00) (0, 0, 0.00000000000000000000e+00) (0, 0, 0.00000000000000000000e+00) (0, 0, 0.00000000000000000000e+00) (0, 0, 0.00000000000000000000e+00) (0, 0, 0.00000000000000000000e+00) (6, 3, 5.00000000000000000000e-01) (6, 3, 5.00000000000000000000e-01) (6, 3, 5.00000000000000000000e-01) (6, 3, 5.00000000000000000000e-01) (0, 3, 0.00000000000000000000e+00) (5, 0, 5.00000000000000000000e-01) (0, 0, 0.00000000000000000000e+00) 
connections (connected_to_neuron, weight)=(0, -1.50000000000000000000e+03) (1, -1.50000000000000000000e+03) (2, 2.97456407546997070312e+00) (3, -1.63556671142578125000e+02) (4, 4.92998237609863281250e+01) (5, -1.26478824615478515625e+01) (0, -1.50000000000000000000e+03) (1, -1.50000000000000000000e+03) (2, 2.65979995727539062500e+01) (3, -1.11283922195434570312e+01) (4, -3.25001411437988281250e+01) (5, -2.14646291732788085938e+00) (0, -1.50000000000000000000e+03) (1, -1.50000000000000000000e+03) (2, 2.66221580505371093750e+01) (3, -1.66195510864257812500e+02) (4, -3.06032886505126953125e+01) (5, -5.27265548706054687500e+00) (0, -1.50000000000000000000e+03) (1, -7.83255691528320312500e+01) (2, 1.69993915557861328125e+01) (3, -2.49777770042419433594e+00) (4, 3.52677345275878906250e+01) (5, 1.05294227600097656250e-01) (6, 1.24953675270080566406e+00) (7, 1.52888612747192382812e+01) (8, 8.78571987152099609375e+00) (9, 9.76393508911132812500e+00) (10, 7.39749908447265625000e-01) 
