FANN_FLO_2.1
num_layers=4
learning_rate=0.500000
connection_rate=1.000000
network_type=0
learning_momentum=0.000000
training_algorithm=2
train_error_function=1
train_stop_function=0
cascade_output_change_fraction=0.010000
quickprop_decay=-0.000100
quickprop_mu=1.750000
rprop_increase_factor=1.200000
rprop_decrease_factor=0.500000
rprop_delta_min=0.000000
rprop_delta_max=50.000000
rprop_delta_zero=0.100000
cascade_output_stagnation_epochs=12
cascade_candidate_change_fraction=0.010000
cascade_candidate_stagnation_epochs=12
cascade_max_out_epochs=150
cascade_min_out_epochs=50
cascade_max_cand_epochs=150
cascade_min_cand_epochs=50
cascade_num_candidate_groups=2
bit_fail_limit=3.49999994039535522461e-01
cascade_candidate_limit=1.00000000000000000000e+03
cascade_weight_multiplier=4.00000005960464477539e-01
cascade_activation_functions_count=10
cascade_activation_functions=3 5 7 8 10 11 14 15 16 17 
cascade_activation_steepnesses_count=4
cascade_activation_steepnesses=2.50000000000000000000e-01 5.00000000000000000000e-01 7.50000000000000000000e-01 1.00000000000000000000e+00 
layer_sizes=4 5 5 2 
scale_included=0
neurons (num_inputs, activation_function, activation_steepness)=(0, 0, 0.00000000000000000000e+00) (0, 0, 0.00000000000000000000e+00) (0, 0, 0.00000000000000000000e+00) (0, 0, 0.00000000000000000000e+00) (4, 3, 5.00000000000000000000e-01) (4, 3, 5.00000000000000000000e-01) (4, 3, 5.00000000000000000000e-01) (4, 3, 5.00000000000000000000e-01) (0, 3, 0.00000000000000000000e+00) (5, 3, 5.00000000000000000000e-01) (5, 3, 5.00000000000000000000e-01) (5, 3, 5.00000000000000000000e-01) (5, 3, 5.00000000000000000000e-01) (0, 3, 0.00000000000000000000e+00) (5, 3, 5.00000000000000000000e-01) (0, 3, 0.00000000000000000000e+00) 
connections (connected_to_neuron, weight)=(0, -4.90268325805664062500e+00) (1, 4.51224535703659057617e-01) (2, -4.05176210403442382812e+00) (3, 3.00171017646789550781e+00) (0, -2.58155131340026855469e+00) (1, 2.39906835556030273438e+00) (2, -1.31051874160766601562e+00) (3, 8.12419772148132324219e-01) (0, -1.89765727519989013672e+00) (1, -9.11016654968261718750e+00) (2, 2.21222138404846191406e+00) (3, 1.43075203895568847656e+00) (0, -3.25564289093017578125e+00) (1, -6.62852811813354492188e+00) (2, -6.32278263568878173828e-01) (3, 8.18722188472747802734e-01) (4, -3.84507217407226562500e+01) (5, -4.15169410407543182373e-02) (6, -7.26959180831909179688e+00) (7, -1.44815683364868164062e+00) (8, 4.80975770950317382812e+00) (4, -3.49556121826171875000e+02) (5, 4.96625423431396484375e+00) (6, -2.54266601562500000000e+02) (7, -8.58307250976562500000e+02) (8, 9.14285123348236083984e-01) (4, 2.12902641296386718750e+00) (5, 6.67348766326904296875e+00) (6, 4.80253744125366210938e+00) (7, -2.80387592315673828125e+00) (8, -2.10332131385803222656e+00) (4, 3.25709581375122070312e+00) (5, 6.36363840103149414062e+00) (6, 5.24329662322998046875e+00) (7, -3.28258061408996582031e+00) (8, -2.42686343193054199219e+00) (9, 4.08964490890502929688e+00) (10, 2.43184318542480468750e+01) (11, -1.26883482933044433594e+00) (12, -1.23906636238098144531e+00) (13, 1.17764495313167572021e-01) 
