FANN_FLO_2.1
num_layers=3
learning_rate=0.450000
connection_rate=1.000000
network_type=0
learning_momentum=0.000000
training_algorithm=2
train_error_function=1
train_stop_function=0
cascade_output_change_fraction=0.010000
quickprop_decay=-0.000100
quickprop_mu=1.750000
rprop_increase_factor=1.200000
rprop_decrease_factor=0.500000
rprop_delta_min=0.000000
rprop_delta_max=50.000000
rprop_delta_zero=0.100000
cascade_output_stagnation_epochs=12
cascade_candidate_change_fraction=0.010000
cascade_candidate_stagnation_epochs=12
cascade_max_out_epochs=150
cascade_min_out_epochs=50
cascade_max_cand_epochs=150
cascade_min_cand_epochs=50
cascade_num_candidate_groups=2
bit_fail_limit=3.49999994039535522461e-01
cascade_candidate_limit=1.00000000000000000000e+03
cascade_weight_multiplier=4.00000005960464477539e-01
cascade_activation_functions_count=10
cascade_activation_functions=3 5 7 8 10 11 14 15 16 17 
cascade_activation_steepnesses_count=4
cascade_activation_steepnesses=2.50000000000000000000e-01 5.00000000000000000000e-01 7.50000000000000000000e-01 1.00000000000000000000e+00 
layer_sizes=7 5 2 
scale_included=0
neurons (num_inputs, activation_function, activation_steepness)=(0, 0, 0.00000000000000000000e+00) (0, 0, 0.00000000000000000000e+00) (0, 0, 0.00000000000000000000e+00) (0, 0, 0.00000000000000000000e+00) (0, 0, 0.00000000000000000000e+00) (0, 0, 0.00000000000000000000e+00) (0, 0, 0.00000000000000000000e+00) (7, 3, 5.00000000000000000000e-01) (7, 3, 5.00000000000000000000e-01) (7, 3, 5.00000000000000000000e-01) (7, 3, 5.00000000000000000000e-01) (0, 3, 0.00000000000000000000e+00) (5, 0, 5.00000000000000000000e-01) (0, 0, 0.00000000000000000000e+00) 
connections (connected_to_neuron, weight)=(0, -4.56795463562011718750e+01) (1, -5.11116206645965576172e-01) (2, -1.12848594665527343750e+02) (3, 2.32729167938232421875e+01) (4, 3.82228016853332519531e-01) (5, -1.30328628540039062500e+02) (6, -8.19077849388122558594e-01) (0, -4.05348281860351562500e+01) (1, -4.73675489425659179688e-01) (2, 3.97575950622558593750e+01) (3, -3.92356414794921875000e+01) (4, -1.59709167480468750000e+00) (5, 1.80223731994628906250e+01) (6, -8.70042741298675537109e-01) (0, -4.56724967956542968750e+01) (1, -4.37600284814834594727e-01) (2, -1.13021202087402343750e+02) (3, 2.32757244110107421875e+01) (4, 4.20403540134429931641e-01) (5, -2.98085418701171875000e+02) (6, -9.78048205375671386719e-01) (0, -3.96109313964843750000e+01) (1, -6.55275583267211914062e-01) (2, 1.43101501464843750000e+01) (3, -1.80465660095214843750e+01) (4, -2.08065676689147949219e+00) (5, 7.12285566329956054688e+00) (6, -7.12609112262725830078e-01) (7, 3.00000000000000000000e+02) (8, 1.00000000000000000000e+02) (9, 7.50000000000000000000e+02) (10, -1.50000000000000000000e+03) (11, 1.21091268956661224365e-02) 
