FANN_FLO_2.1
num_layers=4
learning_rate=0.450000
connection_rate=1.000000
network_type=0
learning_momentum=0.000000
training_algorithm=2
train_error_function=1
train_stop_function=0
cascade_output_change_fraction=0.010000
quickprop_decay=-0.000100
quickprop_mu=1.750000
rprop_increase_factor=1.200000
rprop_decrease_factor=0.500000
rprop_delta_min=0.000000
rprop_delta_max=50.000000
rprop_delta_zero=0.100000
cascade_output_stagnation_epochs=12
cascade_candidate_change_fraction=0.010000
cascade_candidate_stagnation_epochs=12
cascade_max_out_epochs=150
cascade_min_out_epochs=50
cascade_max_cand_epochs=150
cascade_min_cand_epochs=50
cascade_num_candidate_groups=2
bit_fail_limit=3.49999994039535522461e-01
cascade_candidate_limit=1.00000000000000000000e+03
cascade_weight_multiplier=4.00000005960464477539e-01
cascade_activation_functions_count=10
cascade_activation_functions=3 5 7 8 10 11 14 15 16 17 
cascade_activation_steepnesses_count=4
cascade_activation_steepnesses=2.50000000000000000000e-01 5.00000000000000000000e-01 7.50000000000000000000e-01 1.00000000000000000000e+00 
layer_sizes=7 5 5 2 
scale_included=0
neurons (num_inputs, activation_function, activation_steepness)=(0, 0, 0.00000000000000000000e+00) (0, 0, 0.00000000000000000000e+00) (0, 0, 0.00000000000000000000e+00) (0, 0, 0.00000000000000000000e+00) (0, 0, 0.00000000000000000000e+00) (0, 0, 0.00000000000000000000e+00) (0, 0, 0.00000000000000000000e+00) (7, 3, 5.00000000000000000000e-01) (7, 3, 5.00000000000000000000e-01) (7, 3, 5.00000000000000000000e-01) (7, 3, 5.00000000000000000000e-01) (0, 3, 0.00000000000000000000e+00) (5, 3, 5.00000000000000000000e-01) (5, 3, 5.00000000000000000000e-01) (5, 3, 5.00000000000000000000e-01) (5, 3, 5.00000000000000000000e-01) (0, 3, 0.00000000000000000000e+00) (5, 0, 5.00000000000000000000e-01) (0, 0, 0.00000000000000000000e+00) 
connections (connected_to_neuron, weight)=(0, 1.50000000000000000000e+03) (1, 2.48657264709472656250e+01) (2, 1.50000000000000000000e+03) (3, 1.50000000000000000000e+03) (4, 9.18665542602539062500e+01) (5, 1.50000000000000000000e+03) (6, 1.50000000000000000000e+03) (0, 2.78016328811645507812e-02) (1, 7.04077959060668945312e-01) (2, -7.26720154285430908203e-01) (3, -3.22365202009677886963e-02) (4, 1.14996083080768585205e-01) (5, -1.26253843307495117188e-01) (6, 1.30728197097778320312e+00) (0, 1.44491359591484069824e-01) (1, -1.18476867675781250000e+00) (2, 5.34480571746826171875e-01) (3, 2.87638038396835327148e-01) (4, -1.03602604940533638000e-02) (5, 5.00790514051914215088e-02) (6, -2.52294093370437622070e-01) (0, 3.78068834543228149414e-01) (1, -4.67550642788410186768e-02) (2, 2.21636891365051269531e-01) (3, 1.62097424268722534180e-01) (4, -4.08819049596786499023e-01) (5, -2.54160255193710327148e-01) (6, 3.65493863821029663086e-01) (7, 2.08209061622619628906e+00) (8, 6.43418359756469726562e+00) (9, -2.97112512588500976562e+00) (10, -5.09390449523925781250e+00) (11, 2.17552423477172851562e+00) (7, -8.12094449996948242188e-01) (8, -5.69826650619506835938e+00) (9, -1.43223828125000000000e+03) (10, -8.33121871948242187500e+01) (11, 1.59698081016540527344e+00) (7, 2.41821479797363281250e+00) (8, 1.42731787109375000000e+03) (9, 1.10281359863281250000e+03) (10, 7.56620407104492187500e-01) (11, 4.46280866861343383789e-01) (7, -2.40740966796875000000e+00) (8, -1.80296802520751953125e+00) (9, -1.50302743911743164062e+00) (10, -7.80500316619873046875e+00) (11, -1.62143456935882568359e+00) (12, -9.33936685323715209961e-02) (13, -1.92601132392883300781e+00) (14, -4.73839193582534790039e-02) (15, -1.60273686051368713379e-01) (16, 1.50194332003593444824e-01) 
