FANN_FLO_2.1
num_layers=4
learning_rate=0.300000
connection_rate=1.000000
network_type=0
learning_momentum=0.000000
training_algorithm=2
train_error_function=1
train_stop_function=0
cascade_output_change_fraction=0.010000
quickprop_decay=-0.000100
quickprop_mu=1.750000
rprop_increase_factor=1.200000
rprop_decrease_factor=0.500000
rprop_delta_min=0.000000
rprop_delta_max=50.000000
rprop_delta_zero=0.100000
cascade_output_stagnation_epochs=12
cascade_candidate_change_fraction=0.010000
cascade_candidate_stagnation_epochs=12
cascade_max_out_epochs=150
cascade_min_out_epochs=50
cascade_max_cand_epochs=150
cascade_min_cand_epochs=50
cascade_num_candidate_groups=2
bit_fail_limit=3.49999994039535522461e-01
cascade_candidate_limit=1.00000000000000000000e+03
cascade_weight_multiplier=4.00000005960464477539e-01
cascade_activation_functions_count=10
cascade_activation_functions=3 5 7 8 10 11 14 15 16 17 
cascade_activation_steepnesses_count=4
cascade_activation_steepnesses=2.50000000000000000000e-01 5.00000000000000000000e-01 7.50000000000000000000e-01 1.00000000000000000000e+00 
layer_sizes=2 5 3 3 
scale_included=0
neurons (num_inputs, activation_function, activation_steepness)=(0, 0, 0.00000000000000000000e+00) (0, 0, 0.00000000000000000000e+00) (2, 3, 5.00000000000000000000e-01) (2, 3, 5.00000000000000000000e-01) (2, 3, 5.00000000000000000000e-01) (2, 3, 5.00000000000000000000e-01) (0, 3, 0.00000000000000000000e+00) (5, 3, 5.00000000000000000000e-01) (5, 3, 5.00000000000000000000e-01) (0, 3, 0.00000000000000000000e+00) (3, 0, 5.00000000000000000000e-01) (3, 0, 5.00000000000000000000e-01) (0, 0, 0.00000000000000000000e+00) 
connections (connected_to_neuron, weight)=(0, -8.19012573242187500000e+02) (1, -1.13871562480926513672e+00) (0, -1.03799426269531250000e+03) (1, -1.60825634002685546875e+00) (0, -1.83918142318725585938e+00) (1, -1.13676977157592773438e+00) (0, 8.70038986206054687500e+00) (1, -6.10530376434326171875e+00) (2, 3.43992292881011962891e-01) (3, 4.57583570480346679688e+00) (4, -1.57522702217102050781e+00) (5, -1.47266900539398193359e+00) (6, -1.68195456266403198242e-01) (2, 7.42555141448974609375e-01) (3, 4.79934406280517578125e+00) (4, -7.74373817443847656250e+00) (5, 6.32795810699462890625e-01) (6, -9.67989981174468994141e-01) (7, 5.26915527880191802979e-02) (8, 2.19571366906166076660e-01) (9, -1.54166340827941894531e-01) (7, -8.31226885318756103516e-01) (8, -1.32334017753601074219e+00) (9, -6.15787625312805175781e-01) 
