FANN_FLO_2.1
num_layers=4
learning_rate=0.300000
connection_rate=1.000000
network_type=0
learning_momentum=0.000000
training_algorithm=2
train_error_function=1
train_stop_function=0
cascade_output_change_fraction=0.010000
quickprop_decay=-0.000100
quickprop_mu=1.750000
rprop_increase_factor=1.200000
rprop_decrease_factor=0.500000
rprop_delta_min=0.000000
rprop_delta_max=50.000000
rprop_delta_zero=0.100000
cascade_output_stagnation_epochs=12
cascade_candidate_change_fraction=0.010000
cascade_candidate_stagnation_epochs=12
cascade_max_out_epochs=150
cascade_min_out_epochs=50
cascade_max_cand_epochs=150
cascade_min_cand_epochs=50
cascade_num_candidate_groups=2
bit_fail_limit=3.49999994039535522461e-01
cascade_candidate_limit=1.00000000000000000000e+03
cascade_weight_multiplier=4.00000005960464477539e-01
cascade_activation_functions_count=10
cascade_activation_functions=3 5 7 8 10 11 14 15 16 17 
cascade_activation_steepnesses_count=4
cascade_activation_steepnesses=2.50000000000000000000e-01 5.00000000000000000000e-01 7.50000000000000000000e-01 1.00000000000000000000e+00 
layer_sizes=2 5 3 3 
scale_included=0
neurons (num_inputs, activation_function, activation_steepness)=(0, 0, 0.00000000000000000000e+00) (0, 0, 0.00000000000000000000e+00) (2, 3, 5.00000000000000000000e-01) (2, 3, 5.00000000000000000000e-01) (2, 3, 5.00000000000000000000e-01) (2, 3, 5.00000000000000000000e-01) (0, 3, 0.00000000000000000000e+00) (5, 3, 5.00000000000000000000e-01) (5, 3, 5.00000000000000000000e-01) (0, 3, 0.00000000000000000000e+00) (3, 0, 5.00000000000000000000e-01) (3, 0, 5.00000000000000000000e-01) (0, 0, 0.00000000000000000000e+00) 
connections (connected_to_neuron, weight)=(0, 7.93566179275512695312e+00) (1, 1.10532581806182861328e+00) (0, 2.09557762145996093750e+01) (1, 9.84099102020263671875e+00) (0, 7.49066400527954101562e+00) (1, 1.08738636970520019531e+00) (0, 8.44642925262451171875e+00) (1, 1.08932864665985107422e+00) (2, -1.16994867324829101562e+01) (3, 1.17595405578613281250e+01) (4, -6.53655338287353515625e+00) (5, -1.41219120025634765625e+01) (6, -2.13660693168640136719e+00) (2, -3.25491756200790405273e-01) (3, 1.80796885490417480469e+00) (4, -4.17649626731872558594e-01) (5, -4.01452362537384033203e-01) (6, -1.99803575873374938965e-01) (7, 9.70758348703384399414e-02) (8, 5.72941601276397705078e-02) (9, -4.28504459559917449951e-02) (7, -2.29364228248596191406e+00) (8, -1.05413603782653808594e+00) (9, -5.59399247169494628906e-01) 
