FANN_FLO_2.1
num_layers=4
learning_rate=0.500000
connection_rate=1.000000
network_type=0
learning_momentum=0.000000
training_algorithm=2
train_error_function=1
train_stop_function=0
cascade_output_change_fraction=0.010000
quickprop_decay=-0.000100
quickprop_mu=1.750000
rprop_increase_factor=1.200000
rprop_decrease_factor=0.500000
rprop_delta_min=0.000000
rprop_delta_max=50.000000
rprop_delta_zero=0.100000
cascade_output_stagnation_epochs=12
cascade_candidate_change_fraction=0.010000
cascade_candidate_stagnation_epochs=12
cascade_max_out_epochs=150
cascade_min_out_epochs=50
cascade_max_cand_epochs=150
cascade_min_cand_epochs=50
cascade_num_candidate_groups=2
bit_fail_limit=3.49999994039535522461e-01
cascade_candidate_limit=1.00000000000000000000e+03
cascade_weight_multiplier=4.00000005960464477539e-01
cascade_activation_functions_count=10
cascade_activation_functions=3 5 7 8 10 11 14 15 16 17 
cascade_activation_steepnesses_count=4
cascade_activation_steepnesses=2.50000000000000000000e-01 5.00000000000000000000e-01 7.50000000000000000000e-01 1.00000000000000000000e+00 
layer_sizes=4 5 5 2 
scale_included=0
neurons (num_inputs, activation_function, activation_steepness)=(0, 0, 0.00000000000000000000e+00) (0, 0, 0.00000000000000000000e+00) (0, 0, 0.00000000000000000000e+00) (0, 0, 0.00000000000000000000e+00) (4, 3, 5.00000000000000000000e-01) (4, 3, 5.00000000000000000000e-01) (4, 3, 5.00000000000000000000e-01) (4, 3, 5.00000000000000000000e-01) (0, 3, 0.00000000000000000000e+00) (5, 3, 5.00000000000000000000e-01) (5, 3, 5.00000000000000000000e-01) (5, 3, 5.00000000000000000000e-01) (5, 3, 5.00000000000000000000e-01) (0, 3, 0.00000000000000000000e+00) (5, 3, 5.00000000000000000000e-01) (0, 3, 0.00000000000000000000e+00) 
connections (connected_to_neuron, weight)=(0, -4.01202726364135742188e+00) (1, -2.11316852569580078125e+01) (2, -2.06746215820312500000e+02) (3, 1.70916342735290527344e+00) (0, -3.50363373756408691406e+00) (1, 6.39376735687255859375e+00) (2, -1.49673080444335937500e+01) (3, 1.91153669357299804688e+00) (0, -7.24676322937011718750e+00) (1, -4.79701995849609375000e+00) (2, 1.99294996261596679688e+00) (3, 3.97043776512145996094e+00) (0, -2.88238048553466796875e+00) (1, -1.34985733032226562500e+01) (2, 1.08087778091430664062e+00) (3, 4.39668655395507812500e+00) (4, 2.07803511619567871094e+00) (5, 2.91607398986816406250e+01) (6, 2.79294815063476562500e+01) (7, 1.62843685150146484375e+01) (8, -8.20125198364257812500e+00) (4, 2.26556229591369628906e+00) (5, 2.40247116088867187500e+01) (6, 2.41469078063964843750e+01) (7, 1.38875856399536132812e+01) (8, -6.93752145767211914062e+00) (4, 1.21144714355468750000e+01) (5, -4.77746820449829101562e+00) (6, -6.52962541580200195312e+00) (7, -2.34953141212463378906e+00) (8, 6.66988492012023925781e-01) (4, 1.27633914947509765625e+01) (5, -4.84128713607788085938e+00) (6, -5.22402429580688476562e+00) (7, -2.36223030090332031250e+00) (8, 5.94315469264984130859e-01) (9, -1.41132390499114990234e+00) (10, -2.42177343368530273438e+00) (11, 7.49538421630859375000e-01) (12, 7.97741889953613281250e-01) (13, 1.52785062789916992188e+00) 
