FANN_FLO_2.1
num_layers=4
learning_rate=0.450000
connection_rate=1.000000
network_type=0
learning_momentum=0.000000
training_algorithm=2
train_error_function=1
train_stop_function=0
cascade_output_change_fraction=0.010000
quickprop_decay=-0.000100
quickprop_mu=1.750000
rprop_increase_factor=1.200000
rprop_decrease_factor=0.500000
rprop_delta_min=0.000000
rprop_delta_max=50.000000
rprop_delta_zero=0.100000
cascade_output_stagnation_epochs=12
cascade_candidate_change_fraction=0.010000
cascade_candidate_stagnation_epochs=12
cascade_max_out_epochs=150
cascade_min_out_epochs=50
cascade_max_cand_epochs=150
cascade_min_cand_epochs=50
cascade_num_candidate_groups=2
bit_fail_limit=3.49999994039535522461e-01
cascade_candidate_limit=1.00000000000000000000e+03
cascade_weight_multiplier=4.00000005960464477539e-01
cascade_activation_functions_count=10
cascade_activation_functions=3 5 7 8 10 11 14 15 16 17 
cascade_activation_steepnesses_count=4
cascade_activation_steepnesses=2.50000000000000000000e-01 5.00000000000000000000e-01 7.50000000000000000000e-01 1.00000000000000000000e+00 
layer_sizes=7 5 3 2 
scale_included=0
neurons (num_inputs, activation_function, activation_steepness)=(0, 0, 0.00000000000000000000e+00) (0, 0, 0.00000000000000000000e+00) (0, 0, 0.00000000000000000000e+00) (0, 0, 0.00000000000000000000e+00) (0, 0, 0.00000000000000000000e+00) (0, 0, 0.00000000000000000000e+00) (0, 0, 0.00000000000000000000e+00) (7, 3, 5.00000000000000000000e-01) (7, 3, 5.00000000000000000000e-01) (7, 3, 5.00000000000000000000e-01) (7, 3, 5.00000000000000000000e-01) (0, 3, 0.00000000000000000000e+00) (5, 3, 5.00000000000000000000e-01) (5, 3, 5.00000000000000000000e-01) (0, 3, 0.00000000000000000000e+00) (3, 0, 5.00000000000000000000e-01) (0, 0, 0.00000000000000000000e+00) 
connections (connected_to_neuron, weight)=(0, -2.53315138816833496094e+00) (1, 1.50000000000000000000e+03) (2, 1.50000000000000000000e+03) (3, 2.62027907371520996094e+00) (4, 1.50000000000000000000e+03) (5, 1.50000000000000000000e+03) (6, -1.90575742721557617188e+00) (0, -2.67630815505981445312e-01) (1, -1.25096276402473449707e-01) (2, -2.75220841169357299805e-01) (3, 2.17498585581779479980e-01) (4, -8.22997763752937316895e-02) (5, 3.78468930721282958984e-01) (6, 8.53077948093414306641e-01) (0, -1.69745385646820068359e-01) (1, -4.01969790458679199219e-01) (2, -5.76355814933776855469e-01) (3, 1.34085137397050857544e-02) (4, 4.94020283222198486328e-01) (5, -1.16068042814731597900e-01) (6, 7.92395877838134765625e+00) (0, -8.69781225919723510742e-02) (1, 1.61772340536117553711e-01) (2, -4.08524781465530395508e-01) (3, 2.75277107954025268555e-01) (4, -1.21607148647308349609e+00) (5, 4.77074414491653442383e-01) (6, -2.41245532035827636719e+00) (7, -2.34766632318496704102e-01) (8, -5.81927967071533203125e+00) (9, -5.39767122268676757812e+00) (10, 9.80851936340332031250e+00) (11, 1.37878492474555969238e-01) (7, -1.54229048639535903931e-02) (8, -4.34805679321289062500e+00) (9, -5.40273237228393554688e+00) (10, 1.61829471588134765625e+01) (11, 1.32407434284687042236e-02) (12, -1.06709921360015869141e+00) (13, 9.92257535457611083984e-01) (14, 9.18210763484239578247e-03) 
