FANN_FLO_2.1
num_layers=4
learning_rate=0.500000
connection_rate=1.000000
network_type=0
learning_momentum=0.000000
training_algorithm=2
train_error_function=1
train_stop_function=0
cascade_output_change_fraction=0.010000
quickprop_decay=-0.000100
quickprop_mu=1.750000
rprop_increase_factor=1.200000
rprop_decrease_factor=0.500000
rprop_delta_min=0.000000
rprop_delta_max=50.000000
rprop_delta_zero=0.100000
cascade_output_stagnation_epochs=12
cascade_candidate_change_fraction=0.010000
cascade_candidate_stagnation_epochs=12
cascade_max_out_epochs=150
cascade_min_out_epochs=50
cascade_max_cand_epochs=150
cascade_min_cand_epochs=50
cascade_num_candidate_groups=2
bit_fail_limit=3.49999994039535522461e-01
cascade_candidate_limit=1.00000000000000000000e+03
cascade_weight_multiplier=4.00000005960464477539e-01
cascade_activation_functions_count=10
cascade_activation_functions=3 5 7 8 10 11 14 15 16 17 
cascade_activation_steepnesses_count=4
cascade_activation_steepnesses=2.50000000000000000000e-01 5.00000000000000000000e-01 7.50000000000000000000e-01 1.00000000000000000000e+00 
layer_sizes=18 3 3 2 
scale_included=0
neurons (num_inputs, activation_function, activation_steepness)=(0, 0, 0.00000000000000000000e+00) (0, 0, 0.00000000000000000000e+00) (0, 0, 0.00000000000000000000e+00) (0, 0, 0.00000000000000000000e+00) (0, 0, 0.00000000000000000000e+00) (0, 0, 0.00000000000000000000e+00) (0, 0, 0.00000000000000000000e+00) (0, 0, 0.00000000000000000000e+00) (0, 0, 0.00000000000000000000e+00) (0, 0, 0.00000000000000000000e+00) (0, 0, 0.00000000000000000000e+00) (0, 0, 0.00000000000000000000e+00) (0, 0, 0.00000000000000000000e+00) (0, 0, 0.00000000000000000000e+00) (0, 0, 0.00000000000000000000e+00) (0, 0, 0.00000000000000000000e+00) (0, 0, 0.00000000000000000000e+00) (0, 0, 0.00000000000000000000e+00) (18, 3, 5.00000000000000000000e-01) (18, 3, 5.00000000000000000000e-01) (0, 3, 0.00000000000000000000e+00) (3, 3, 5.00000000000000000000e-01) (3, 3, 5.00000000000000000000e-01) (0, 3, 0.00000000000000000000e+00) (3, 0, 5.00000000000000000000e-01) (0, 0, 0.00000000000000000000e+00) 
connections (connected_to_neuron, weight)=(0, 8.52451264858245849609e-01) (1, 4.60760653018951416016e-01) (2, 1.17243921756744384766e+00) (3, 7.02807784080505371094e-01) (4, 8.08572351932525634766e-01) (5, -7.41241216659545898438e-01) (6, -1.02727913856506347656e+00) (7, -8.52016329765319824219e-01) (8, 9.44767445325851440430e-02) (9, 5.56893646717071533203e-01) (10, 1.12237596511840820312e+00) (11, 7.97135055065155029297e-01) (12, 7.40298092365264892578e-01) (13, 7.42154896259307861328e-01) (14, 1.20991587638854980469e+00) (15, 7.26099848747253417969e-01) (16, 7.74052321910858154297e-01) (17, -5.25089359283447265625e+00) (0, 1.21047019958496093750e+00) (1, 1.33435213565826416016e+00) (2, 1.07245850563049316406e+00) (3, 1.15619826316833496094e+00) (4, 1.10015678405761718750e+00) (5, -9.60915029048919677734e-01) (6, -1.25394403934478759766e+00) (7, -1.20354163646697998047e+00) (8, 1.15362845361232757568e-01) (9, 1.34201812744140625000e+00) (10, 1.08281612396240234375e+00) (11, 1.03839695453643798828e+00) (12, 1.21500384807586669922e+00) (13, 1.17705059051513671875e+00) (14, 1.00199055671691894531e+00) (15, 1.18979430198669433594e+00) (16, 1.34114217758178710938e+00) (17, -3.08857846260070800781e+00) (18, 3.27147054672241210938e+00) (19, 2.17654395103454589844e+00) (20, -2.56766867637634277344e+00) (18, 2.96865272521972656250e+00) (19, 2.21483469009399414062e+00) (20, -2.20279836654663085938e+00) (21, 6.64194917678833007812e+00) (22, 7.02755165100097656250e+00) (23, 1.75943601131439208984e+00) 
