FANN_FLO_2.1
num_layers=4
learning_rate=0.500000
connection_rate=1.000000
network_type=0
learning_momentum=0.000000
training_algorithm=2
train_error_function=1
train_stop_function=0
cascade_output_change_fraction=0.010000
quickprop_decay=-0.000100
quickprop_mu=1.750000
rprop_increase_factor=1.200000
rprop_decrease_factor=0.500000
rprop_delta_min=0.000000
rprop_delta_max=50.000000
rprop_delta_zero=0.100000
cascade_output_stagnation_epochs=12
cascade_candidate_change_fraction=0.010000
cascade_candidate_stagnation_epochs=12
cascade_max_out_epochs=150
cascade_min_out_epochs=50
cascade_max_cand_epochs=150
cascade_min_cand_epochs=50
cascade_num_candidate_groups=2
bit_fail_limit=3.49999994039535522461e-01
cascade_candidate_limit=1.00000000000000000000e+03
cascade_weight_multiplier=4.00000005960464477539e-01
cascade_activation_functions_count=10
cascade_activation_functions=3 5 7 8 10 11 14 15 16 17 
cascade_activation_steepnesses_count=4
cascade_activation_steepnesses=2.50000000000000000000e-01 5.00000000000000000000e-01 7.50000000000000000000e-01 1.00000000000000000000e+00 
layer_sizes=18 3 3 2 
scale_included=0
neurons (num_inputs, activation_function, activation_steepness)=(0, 0, 0.00000000000000000000e+00) (0, 0, 0.00000000000000000000e+00) (0, 0, 0.00000000000000000000e+00) (0, 0, 0.00000000000000000000e+00) (0, 0, 0.00000000000000000000e+00) (0, 0, 0.00000000000000000000e+00) (0, 0, 0.00000000000000000000e+00) (0, 0, 0.00000000000000000000e+00) (0, 0, 0.00000000000000000000e+00) (0, 0, 0.00000000000000000000e+00) (0, 0, 0.00000000000000000000e+00) (0, 0, 0.00000000000000000000e+00) (0, 0, 0.00000000000000000000e+00) (0, 0, 0.00000000000000000000e+00) (0, 0, 0.00000000000000000000e+00) (0, 0, 0.00000000000000000000e+00) (0, 0, 0.00000000000000000000e+00) (0, 0, 0.00000000000000000000e+00) (18, 3, 5.00000000000000000000e-01) (18, 3, 5.00000000000000000000e-01) (0, 3, 0.00000000000000000000e+00) (3, 3, 5.00000000000000000000e-01) (3, 3, 5.00000000000000000000e-01) (0, 3, 0.00000000000000000000e+00) (3, 0, 5.00000000000000000000e-01) (0, 0, 0.00000000000000000000e+00) 
connections (connected_to_neuron, weight)=(0, 1.14875781536102294922e+00) (1, 6.09970510005950927734e-01) (2, 1.16084003448486328125e+00) (3, 1.06691169738769531250e+00) (4, 8.98538231849670410156e-01) (5, -8.33663403987884521484e-01) (6, -1.35454833507537841797e+00) (7, -1.14952790737152099609e+00) (8, 2.05840263515710830688e-02) (9, 9.86622095108032226562e-01) (10, 1.13086330890655517578e+00) (11, 8.69225919246673583984e-01) (12, 1.07703721523284912109e+00) (13, 1.11165010929107666016e+00) (14, 1.18064832687377929688e+00) (15, 1.09267520904541015625e+00) (16, 1.17726469039916992188e+00) (17, -4.19147682189941406250e+00) (0, -8.63071823120117187500e+01) (1, 1.73412322998046875000e+01) (2, -3.12596862792968750000e+02) (3, 3.28144721984863281250e+01) (4, 3.40047798156738281250e+01) (5, 4.75851249694824218750e+01) (6, 3.14646972656250000000e+02) (7, 3.28192176818847656250e+01) (8, 2.02197208404541015625e+01) (9, 3.40549659729003906250e+01) (10, 3.42032508850097656250e+01) (11, 3.45696449279785156250e+01) (12, 2.34642219543457031250e+01) (13, 1.48223762512207031250e+01) (14, 1.45379743576049804688e+01) (15, 2.05256233215332031250e+01) (16, 3.20263938903808593750e+01) (17, 6.66416215896606445312e+00) (18, 1.48574401855468750000e+03) (19, 2.22220778465270996094e+00) (20, 1.69881951808929443359e+00) (18, 4.54027128219604492188e+00) (19, -1.02888226509094238281e+00) (20, -1.52295124530792236328e+00) (21, 1.82624197006225585938e+00) (22, 1.03037395477294921875e+01) (23, 1.73847591876983642578e+00) 
