FANN_FLO_2.1
num_layers=4
learning_rate=0.300000
connection_rate=1.000000
network_type=0
learning_momentum=0.000000
training_algorithm=2
train_error_function=1
train_stop_function=0
cascade_output_change_fraction=0.010000
quickprop_decay=-0.000100
quickprop_mu=1.750000
rprop_increase_factor=1.200000
rprop_decrease_factor=0.500000
rprop_delta_min=0.000000
rprop_delta_max=50.000000
rprop_delta_zero=0.100000
cascade_output_stagnation_epochs=12
cascade_candidate_change_fraction=0.010000
cascade_candidate_stagnation_epochs=12
cascade_max_out_epochs=150
cascade_min_out_epochs=50
cascade_max_cand_epochs=150
cascade_min_cand_epochs=50
cascade_num_candidate_groups=2
bit_fail_limit=3.49999994039535522461e-01
cascade_candidate_limit=1.00000000000000000000e+03
cascade_weight_multiplier=4.00000005960464477539e-01
cascade_activation_functions_count=10
cascade_activation_functions=3 5 7 8 10 11 14 15 16 17 
cascade_activation_steepnesses_count=4
cascade_activation_steepnesses=2.50000000000000000000e-01 5.00000000000000000000e-01 7.50000000000000000000e-01 1.00000000000000000000e+00 
layer_sizes=2 5 3 3 
scale_included=0
neurons (num_inputs, activation_function, activation_steepness)=(0, 0, 0.00000000000000000000e+00) (0, 0, 0.00000000000000000000e+00) (2, 3, 5.00000000000000000000e-01) (2, 3, 5.00000000000000000000e-01) (2, 3, 5.00000000000000000000e-01) (2, 3, 5.00000000000000000000e-01) (0, 3, 0.00000000000000000000e+00) (5, 3, 5.00000000000000000000e-01) (5, 3, 5.00000000000000000000e-01) (0, 3, 0.00000000000000000000e+00) (3, 0, 5.00000000000000000000e-01) (3, 0, 5.00000000000000000000e-01) (0, 0, 0.00000000000000000000e+00) 
connections (connected_to_neuron, weight)=(0, -1.29021320343017578125e+01) (1, -8.08672142028808593750e+00) (0, -1.36930751800537109375e+01) (1, -8.71258831024169921875e+00) (0, -4.76734924316406250000e+01) (1, -2.73172521591186523438e+00) (0, -1.01266040802001953125e+01) (1, -5.85626745223999023438e+00) (2, 5.84955036640167236328e-01) (3, 1.32971131801605224609e+00) (4, -2.28185251355171203613e-01) (5, 6.09013557434082031250e-01) (6, -4.22023981809616088867e-01) (2, 4.15172964334487915039e-01) (3, 6.40233159065246582031e-01) (4, 7.31721067428588867188e+00) (5, 4.39552754163742065430e-01) (6, -1.40753889083862304688e+00) (7, -1.87462002038955688477e-01) (8, 2.69895642995834350586e-01) (9, -7.06778988242149353027e-02) (7, -6.80765628814697265625e-01) (8, -9.60274755954742431641e-01) (9, -7.04929471015930175781e-01) 
