FANN_FLO_2.1
num_layers=4
learning_rate=0.500000
connection_rate=1.000000
network_type=0
learning_momentum=0.000000
training_algorithm=2
train_error_function=1
train_stop_function=0
cascade_output_change_fraction=0.010000
quickprop_decay=-0.000100
quickprop_mu=1.750000
rprop_increase_factor=1.200000
rprop_decrease_factor=0.500000
rprop_delta_min=0.000000
rprop_delta_max=50.000000
rprop_delta_zero=0.100000
cascade_output_stagnation_epochs=12
cascade_candidate_change_fraction=0.010000
cascade_candidate_stagnation_epochs=12
cascade_max_out_epochs=150
cascade_min_out_epochs=50
cascade_max_cand_epochs=150
cascade_min_cand_epochs=50
cascade_num_candidate_groups=2
bit_fail_limit=3.49999994039535522461e-01
cascade_candidate_limit=1.00000000000000000000e+03
cascade_weight_multiplier=4.00000005960464477539e-01
cascade_activation_functions_count=10
cascade_activation_functions=3 5 7 8 10 11 14 15 16 17 
cascade_activation_steepnesses_count=4
cascade_activation_steepnesses=2.50000000000000000000e-01 5.00000000000000000000e-01 7.50000000000000000000e-01 1.00000000000000000000e+00 
layer_sizes=4 5 5 2 
scale_included=0
neurons (num_inputs, activation_function, activation_steepness)=(0, 0, 0.00000000000000000000e+00) (0, 0, 0.00000000000000000000e+00) (0, 0, 0.00000000000000000000e+00) (0, 0, 0.00000000000000000000e+00) (4, 3, 5.00000000000000000000e-01) (4, 3, 5.00000000000000000000e-01) (4, 3, 5.00000000000000000000e-01) (4, 3, 5.00000000000000000000e-01) (0, 3, 0.00000000000000000000e+00) (5, 3, 5.00000000000000000000e-01) (5, 3, 5.00000000000000000000e-01) (5, 3, 5.00000000000000000000e-01) (5, 3, 5.00000000000000000000e-01) (0, 3, 0.00000000000000000000e+00) (5, 3, 5.00000000000000000000e-01) (0, 3, 0.00000000000000000000e+00) 
connections (connected_to_neuron, weight)=(0, 4.03760099411010742188e+00) (1, 3.00765953063964843750e+01) (2, -1.53391952514648437500e+01) (3, -4.91059637069702148438e+00) (0, 5.45563936233520507812e+00) (1, -1.88991892337799072266e+00) (2, 2.55900025367736816406e+00) (3, -4.60695314407348632812e+00) (0, 2.94498777389526367188e+00) (1, -9.32337939739227294922e-01) (2, 2.10872077941894531250e+00) (3, -3.01820397377014160156e+00) (0, -2.26649403572082519531e+00) (1, -1.13670110702514648438e+00) (2, -3.81449627876281738281e+00) (3, 4.05761957168579101562e+00) (4, -3.14103055000305175781e+00) (5, -9.69233131408691406250e+00) (6, -2.66728305816650390625e+00) (7, 1.04211654663085937500e+01) (8, 4.30019825696945190430e-01) (4, -5.44193601608276367188e+00) (5, -1.50596427917480468750e+01) (6, -2.74160957336425781250e+00) (7, 1.62712421417236328125e+01) (8, 8.84107723832130432129e-02) (4, -3.25708842277526855469e+00) (5, -1.07842674255371093750e+01) (6, -2.60176038742065429688e+00) (7, 1.11282243728637695312e+01) (8, 4.29988682270050048828e-01) (4, -3.56623387336730957031e+00) (5, -9.24566459655761718750e+00) (6, -2.61222791671752929688e+00) (7, 9.37093639373779296875e+00) (8, 1.12073528766632080078e+00) (9, -1.37285971641540527344e+00) (10, -8.24289023876190185547e-01) (11, -1.35092175006866455078e+00) (12, -1.31503522396087646484e+00) (13, 2.56588602066040039062e+00) 
