FANN_FLO_2.1
num_layers=3
learning_rate=0.450000
connection_rate=1.000000
network_type=0
learning_momentum=0.000000
training_algorithm=2
train_error_function=1
train_stop_function=0
cascade_output_change_fraction=0.010000
quickprop_decay=-0.000100
quickprop_mu=1.750000
rprop_increase_factor=1.200000
rprop_decrease_factor=0.500000
rprop_delta_min=0.000000
rprop_delta_max=50.000000
rprop_delta_zero=0.100000
cascade_output_stagnation_epochs=12
cascade_candidate_change_fraction=0.010000
cascade_candidate_stagnation_epochs=12
cascade_max_out_epochs=150
cascade_min_out_epochs=50
cascade_max_cand_epochs=150
cascade_min_cand_epochs=50
cascade_num_candidate_groups=2
bit_fail_limit=3.49999994039535522461e-01
cascade_candidate_limit=1.00000000000000000000e+03
cascade_weight_multiplier=4.00000005960464477539e-01
cascade_activation_functions_count=10
cascade_activation_functions=3 5 7 8 10 11 14 15 16 17 
cascade_activation_steepnesses_count=4
cascade_activation_steepnesses=2.50000000000000000000e-01 5.00000000000000000000e-01 7.50000000000000000000e-01 1.00000000000000000000e+00 
layer_sizes=7 5 2 
scale_included=0
neurons (num_inputs, activation_function, activation_steepness)=(0, 0, 0.00000000000000000000e+00) (0, 0, 0.00000000000000000000e+00) (0, 0, 0.00000000000000000000e+00) (0, 0, 0.00000000000000000000e+00) (0, 0, 0.00000000000000000000e+00) (0, 0, 0.00000000000000000000e+00) (0, 0, 0.00000000000000000000e+00) (7, 3, 5.00000000000000000000e-01) (7, 3, 5.00000000000000000000e-01) (7, 3, 5.00000000000000000000e-01) (7, 3, 5.00000000000000000000e-01) (0, 3, 0.00000000000000000000e+00) (5, 0, 5.00000000000000000000e-01) (0, 0, 0.00000000000000000000e+00) 
connections (connected_to_neuron, weight)=(0, 3.22729319334030151367e-01) (1, -1.84884452819824218750e+00) (2, 1.50000000000000000000e+03) (3, 1.77438104152679443359e+00) (4, -6.67836129665374755859e-01) (5, 1.50000000000000000000e+03) (6, 1.06659145355224609375e+01) (0, -8.11088323593139648438e-01) (1, -4.84443235397338867188e+00) (2, 1.50000000000000000000e+03) (3, 1.22285747528076171875e+00) (4, -3.42335671186447143555e-01) (5, 1.50000000000000000000e+03) (6, 7.88384323120117187500e+01) (0, 4.95309740304946899414e-01) (1, 6.62672281265258789062e-01) (2, -1.26432096958160400391e+00) (3, 3.69404017925262451172e-01) (4, 1.49366664886474609375e+00) (5, -1.51600420475006103516e+00) (6, 2.97488391399383544922e-01) (0, 1.76578685641288757324e-01) (1, 9.27530169486999511719e-01) (2, -1.01413762569427490234e+00) (3, -6.36619478464126586914e-02) (4, 1.86903014779090881348e-01) (5, -1.28595024347305297852e-01) (6, 1.59778141975402832031e+00) (7, -1.48570924997329711914e-01) (8, -2.16998085379600524902e-01) (9, 3.65995198488235473633e-01) (10, -2.39969268441200256348e-01) (11, 2.46592119336128234863e-01) 
