FANN_FLO_2.1
num_layers=3
learning_rate=0.500000
connection_rate=1.000000
network_type=0
learning_momentum=0.000000
training_algorithm=2
train_error_function=1
train_stop_function=0
cascade_output_change_fraction=0.010000
quickprop_decay=-0.000100
quickprop_mu=1.750000
rprop_increase_factor=1.200000
rprop_decrease_factor=0.500000
rprop_delta_min=0.000000
rprop_delta_max=50.000000
rprop_delta_zero=0.100000
cascade_output_stagnation_epochs=12
cascade_candidate_change_fraction=0.010000
cascade_candidate_stagnation_epochs=12
cascade_max_out_epochs=150
cascade_min_out_epochs=50
cascade_max_cand_epochs=150
cascade_min_cand_epochs=50
cascade_num_candidate_groups=2
bit_fail_limit=3.49999994039535522461e-01
cascade_candidate_limit=1.00000000000000000000e+03
cascade_weight_multiplier=4.00000005960464477539e-01
cascade_activation_functions_count=10
cascade_activation_functions=3 5 7 8 10 11 14 15 16 17 
cascade_activation_steepnesses_count=4
cascade_activation_steepnesses=2.50000000000000000000e-01 5.00000000000000000000e-01 7.50000000000000000000e-01 1.00000000000000000000e+00 
layer_sizes=7 5 2 
scale_included=0
neurons (num_inputs, activation_function, activation_steepness)=(0, 0, 0.00000000000000000000e+00) (0, 0, 0.00000000000000000000e+00) (0, 0, 0.00000000000000000000e+00) (0, 0, 0.00000000000000000000e+00) (0, 0, 0.00000000000000000000e+00) (0, 0, 0.00000000000000000000e+00) (0, 0, 0.00000000000000000000e+00) (7, 3, 5.00000000000000000000e-01) (7, 3, 5.00000000000000000000e-01) (7, 3, 5.00000000000000000000e-01) (7, 3, 5.00000000000000000000e-01) (0, 3, 0.00000000000000000000e+00) (5, 0, 5.00000000000000000000e-01) (0, 0, 0.00000000000000000000e+00) 
connections (connected_to_neuron, weight)=(0, 1.50000000000000000000e+03) (1, 1.49805297851562500000e+03) (2, 1.50000000000000000000e+03) (3, -1.50000000000000000000e+03) (4, -1.50000000000000000000e+03) (5, 1.32826477050781250000e+03) (6, -6.12999379634857177734e-01) (0, -8.23039829730987548828e-01) (1, 1.68199107050895690918e-01) (2, -4.04650330543518066406e-01) (3, 8.82935747504234313965e-02) (4, -2.32662796974182128906e-01) (5, 1.29394865036010742188e+00) (6, -7.89083182811737060547e-01) (0, -1.05995726585388183594e+00) (1, -9.41724479198455810547e-02) (2, 8.95436480641365051270e-03) (3, -1.26625284552574157715e-01) (4, -8.95804986357688903809e-02) (5, 1.77604436874389648438e+00) (6, -7.95525014400482177734e-01) (0, -3.12860608100891113281e-01) (1, 4.55621391534805297852e-01) (2, -9.34277713298797607422e-01) (3, -1.02859079837799072266e+00) (4, -4.79931160807609558105e-02) (5, 3.08185076713562011719e+00) (6, -1.72606773376464843750e+01) (7, -1.85774615965783596039e-03) (8, -1.48721113801002502441e-01) (9, 3.46686124801635742188e-01) (10, -2.21314102411270141602e-01) (11, 1.19934184476733207703e-02) 
