FANN_FLO_2.1
num_layers=3
learning_rate=0.300000
connection_rate=1.000000
network_type=0
learning_momentum=0.000000
training_algorithm=2
train_error_function=1
train_stop_function=0
cascade_output_change_fraction=0.010000
quickprop_decay=-0.000100
quickprop_mu=1.750000
rprop_increase_factor=1.200000
rprop_decrease_factor=0.500000
rprop_delta_min=0.000000
rprop_delta_max=50.000000
rprop_delta_zero=0.100000
cascade_output_stagnation_epochs=12
cascade_candidate_change_fraction=0.010000
cascade_candidate_stagnation_epochs=12
cascade_max_out_epochs=150
cascade_min_out_epochs=50
cascade_max_cand_epochs=150
cascade_min_cand_epochs=50
cascade_num_candidate_groups=2
bit_fail_limit=3.49999994039535522461e-01
cascade_candidate_limit=1.00000000000000000000e+03
cascade_weight_multiplier=4.00000005960464477539e-01
cascade_activation_functions_count=10
cascade_activation_functions=3 5 7 8 10 11 14 15 16 17 
cascade_activation_steepnesses_count=4
cascade_activation_steepnesses=2.50000000000000000000e-01 5.00000000000000000000e-01 7.50000000000000000000e-01 1.00000000000000000000e+00 
layer_sizes=4 9 2 
scale_included=0
neurons (num_inputs, activation_function, activation_steepness)=(0, 0, 0.00000000000000000000e+00) (0, 0, 0.00000000000000000000e+00) (0, 0, 0.00000000000000000000e+00) (0, 0, 0.00000000000000000000e+00) (4, 3, 5.00000000000000000000e-01) (4, 3, 5.00000000000000000000e-01) (4, 3, 5.00000000000000000000e-01) (4, 3, 5.00000000000000000000e-01) (4, 3, 5.00000000000000000000e-01) (4, 3, 5.00000000000000000000e-01) (4, 3, 5.00000000000000000000e-01) (4, 3, 5.00000000000000000000e-01) (0, 3, 0.00000000000000000000e+00) (9, 3, 5.00000000000000000000e-01) (0, 3, 0.00000000000000000000e+00) 
connections (connected_to_neuron, weight)=(0, -1.41779508590698242188e+01) (1, 1.36082768440246582031e+00) (2, -1.89832439422607421875e+01) (3, 2.16619700193405151367e-01) (0, -7.09582924842834472656e-01) (1, 2.16727554798126220703e-01) (2, 1.18448108434677124023e-01) (3, -1.18485426902770996094e+00) (0, -1.73252448439598083496e-01) (1, 3.99244390428066253662e-02) (2, -2.24614262580871582031e-01) (3, 2.87958836555480957031e+00) (0, 1.71524727344512939453e+00) (1, -1.16379666328430175781e+00) (2, 2.47027945518493652344e+00) (3, -6.15743160247802734375e+00) (0, -6.83416724205017089844e-01) (1, 2.49698489904403686523e-01) (2, -3.32709938287734985352e-01) (3, 3.02901595830917358398e-01) (0, -4.99333173036575317383e-01) (1, 3.70037853717803955078e-01) (2, -1.66741585731506347656e+00) (3, 4.38436508178710937500e+00) (0, -1.01712241768836975098e-01) (1, 2.07401737570762634277e-02) (2, -1.96433484554290771484e-01) (3, 6.37966990470886230469e-01) (0, 1.49999987792968750000e+03) (1, 1.49999987792968750000e+03) (2, 1.49999987792968750000e+03) (3, 8.93317580223083496094e-01) (4, -1.50000000000000000000e+03) (5, 5.19422709941864013672e-01) (6, -3.41190958023071289062e+00) (7, 4.14184123277664184570e-01) (8, -1.10925054177641868591e-02) (9, -1.15702673792839050293e-01) (10, -5.65029144287109375000e+00) (11, 4.27773147821426391602e-01) (12, 4.41801130771636962891e-01) 
