FANN_FLO_2.1
num_layers=4
learning_rate=0.450000
connection_rate=1.000000
network_type=0
learning_momentum=0.000000
training_algorithm=2
train_error_function=1
train_stop_function=0
cascade_output_change_fraction=0.010000
quickprop_decay=-0.000100
quickprop_mu=1.750000
rprop_increase_factor=1.200000
rprop_decrease_factor=0.500000
rprop_delta_min=0.000000
rprop_delta_max=50.000000
rprop_delta_zero=0.100000
cascade_output_stagnation_epochs=12
cascade_candidate_change_fraction=0.010000
cascade_candidate_stagnation_epochs=12
cascade_max_out_epochs=150
cascade_min_out_epochs=50
cascade_max_cand_epochs=150
cascade_min_cand_epochs=50
cascade_num_candidate_groups=2
bit_fail_limit=3.49999994039535522461e-01
cascade_candidate_limit=1.00000000000000000000e+03
cascade_weight_multiplier=4.00000005960464477539e-01
cascade_activation_functions_count=10
cascade_activation_functions=3 5 7 8 10 11 14 15 16 17 
cascade_activation_steepnesses_count=4
cascade_activation_steepnesses=2.50000000000000000000e-01 5.00000000000000000000e-01 7.50000000000000000000e-01 1.00000000000000000000e+00 
layer_sizes=7 3 3 2 
scale_included=0
neurons (num_inputs, activation_function, activation_steepness)=(0, 0, 0.00000000000000000000e+00) (0, 0, 0.00000000000000000000e+00) (0, 0, 0.00000000000000000000e+00) (0, 0, 0.00000000000000000000e+00) (0, 0, 0.00000000000000000000e+00) (0, 0, 0.00000000000000000000e+00) (0, 0, 0.00000000000000000000e+00) (7, 3, 5.00000000000000000000e-01) (7, 3, 5.00000000000000000000e-01) (0, 3, 0.00000000000000000000e+00) (3, 3, 5.00000000000000000000e-01) (3, 3, 5.00000000000000000000e-01) (0, 3, 0.00000000000000000000e+00) (3, 0, 5.00000000000000000000e-01) (0, 0, 0.00000000000000000000e+00) 
connections (connected_to_neuron, weight)=(0, -5.57611694335937500000e+02) (1, 1.16607128906250000000e+03) (2, -3.65637329101562500000e+02) (3, -8.04359069824218750000e+02) (4, 1.29416516113281250000e+03) (5, -6.82014892578125000000e+02) (6, 3.48082780838012695312e+00) (0, 9.22523193359375000000e+02) (1, -1.19080676269531250000e+03) (2, -7.71687438964843750000e+02) (3, 5.46661926269531250000e+02) (4, -1.49786834716796875000e+02) (5, -3.04001251220703125000e+02) (6, 1.77339141845703125000e+02) (7, 7.32729673385620117188e+00) (8, -1.22571525573730468750e+01) (9, -7.60364413261413574219e-01) (7, 3.30239892005920410156e+00) (8, -1.26458530426025390625e+01) (9, -8.77188682556152343750e-01) (10, 5.88245153427124023438e-01) (11, -6.93759679794311523438e-01) (12, 2.22467314451932907104e-02) 
