FANN_FLO_2.1
num_layers=3
learning_rate=0.500000
connection_rate=1.000000
network_type=0
learning_momentum=0.000000
training_algorithm=2
train_error_function=1
train_stop_function=0
cascade_output_change_fraction=0.010000
quickprop_decay=-0.000100
quickprop_mu=1.750000
rprop_increase_factor=1.200000
rprop_decrease_factor=0.500000
rprop_delta_min=0.000000
rprop_delta_max=50.000000
rprop_delta_zero=0.100000
cascade_output_stagnation_epochs=12
cascade_candidate_change_fraction=0.010000
cascade_candidate_stagnation_epochs=12
cascade_max_out_epochs=150
cascade_min_out_epochs=50
cascade_max_cand_epochs=150
cascade_min_cand_epochs=50
cascade_num_candidate_groups=2
bit_fail_limit=3.49999994039535522461e-01
cascade_candidate_limit=1.00000000000000000000e+03
cascade_weight_multiplier=4.00000005960464477539e-01
cascade_activation_functions_count=10
cascade_activation_functions=3 5 7 8 10 11 14 15 16 17 
cascade_activation_steepnesses_count=4
cascade_activation_steepnesses=2.50000000000000000000e-01 5.00000000000000000000e-01 7.50000000000000000000e-01 1.00000000000000000000e+00 
layer_sizes=3 5 4 
scale_included=0
neurons (num_inputs, activation_function, activation_steepness)=(0, 0, 0.00000000000000000000e+00) (0, 0, 0.00000000000000000000e+00) (0, 0, 0.00000000000000000000e+00) (3, 3, 5.00000000000000000000e-01) (3, 3, 5.00000000000000000000e-01) (3, 3, 5.00000000000000000000e-01) (3, 3, 5.00000000000000000000e-01) (0, 3, 0.00000000000000000000e+00) (5, 0, 5.00000000000000000000e-01) (5, 0, 5.00000000000000000000e-01) (5, 0, 5.00000000000000000000e-01) (0, 0, 0.00000000000000000000e+00) 
connections (connected_to_neuron, weight)=(0, -1.36574101448059082031e+00) (1, -1.16355693340301513672e+00) (2, 1.69829025864601135254e-01) (0, -1.08026275634765625000e+01) (1, 1.14866857528686523438e+01) (2, 8.18397331237792968750e+00) (0, -1.32809247970581054688e+01) (1, 9.31910324096679687500e+00) (2, 4.31373500823974609375e+00) (0, -4.55533361434936523438e+00) (1, 1.66704368591308593750e+00) (2, -8.47838222980499267578e-01) (3, 4.75219249725341796875e+00) (4, 9.43970322608947753906e-01) (5, 9.63879346847534179688e-01) (6, 3.23542404174804687500e+00) (7, 1.00859963893890380859e+00) (3, 1.47459554672241210938e+01) (4, 4.53401565551757812500e+00) (5, 3.96837520599365234375e+00) (6, 6.90502643585205078125e+00) (7, 3.94187855720520019531e+00) (3, 4.75974884033203125000e+01) (4, 1.32852077484130859375e+01) (5, 1.27663154602050781250e+01) (6, 2.08573131561279296875e+01) (7, 1.95958976745605468750e+01) 
