FANN_FLO_2.1
num_layers=4
learning_rate=0.500000
connection_rate=1.000000
network_type=0
learning_momentum=0.000000
training_algorithm=2
train_error_function=1
train_stop_function=0
cascade_output_change_fraction=0.010000
quickprop_decay=-0.000100
quickprop_mu=1.750000
rprop_increase_factor=1.200000
rprop_decrease_factor=0.500000
rprop_delta_min=0.000000
rprop_delta_max=50.000000
rprop_delta_zero=0.100000
cascade_output_stagnation_epochs=12
cascade_candidate_change_fraction=0.010000
cascade_candidate_stagnation_epochs=12
cascade_max_out_epochs=150
cascade_min_out_epochs=50
cascade_max_cand_epochs=150
cascade_min_cand_epochs=50
cascade_num_candidate_groups=2
bit_fail_limit=3.49999994039535522461e-01
cascade_candidate_limit=1.00000000000000000000e+03
cascade_weight_multiplier=4.00000005960464477539e-01
cascade_activation_functions_count=10
cascade_activation_functions=3 5 7 8 10 11 14 15 16 17 
cascade_activation_steepnesses_count=4
cascade_activation_steepnesses=2.50000000000000000000e-01 5.00000000000000000000e-01 7.50000000000000000000e-01 1.00000000000000000000e+00 
layer_sizes=18 3 3 2 
scale_included=0
neurons (num_inputs, activation_function, activation_steepness)=(0, 0, 0.00000000000000000000e+00) (0, 0, 0.00000000000000000000e+00) (0, 0, 0.00000000000000000000e+00) (0, 0, 0.00000000000000000000e+00) (0, 0, 0.00000000000000000000e+00) (0, 0, 0.00000000000000000000e+00) (0, 0, 0.00000000000000000000e+00) (0, 0, 0.00000000000000000000e+00) (0, 0, 0.00000000000000000000e+00) (0, 0, 0.00000000000000000000e+00) (0, 0, 0.00000000000000000000e+00) (0, 0, 0.00000000000000000000e+00) (0, 0, 0.00000000000000000000e+00) (0, 0, 0.00000000000000000000e+00) (0, 0, 0.00000000000000000000e+00) (0, 0, 0.00000000000000000000e+00) (0, 0, 0.00000000000000000000e+00) (0, 0, 0.00000000000000000000e+00) (18, 3, 5.00000000000000000000e-01) (18, 3, 5.00000000000000000000e-01) (0, 3, 0.00000000000000000000e+00) (3, 3, 5.00000000000000000000e-01) (3, 3, 5.00000000000000000000e-01) (0, 3, 0.00000000000000000000e+00) (3, 0, 5.00000000000000000000e-01) (0, 0, 0.00000000000000000000e+00) 
connections (connected_to_neuron, weight)=(0, 8.49812150001525878906e-01) (1, 8.50003540515899658203e-01) (2, 9.38888669013977050781e-01) (3, 9.14430201053619384766e-01) (4, 9.16131079196929931641e-01) (5, -1.19070005416870117188e+00) (6, -8.80561590194702148438e-01) (7, -1.02346134185791015625e+00) (8, -6.78713247179985046387e-02) (9, 8.29101324081420898438e-01) (10, 7.73633122444152832031e-01) (11, 8.18199038505554199219e-01) (12, 8.16229939460754394531e-01) (13, 8.77384245395660400391e-01) (14, 8.20818245410919189453e-01) (15, 6.32439136505126953125e-01) (16, 7.47646689414978027344e-01) (17, -5.05062723159790039062e+00) (0, 9.90011930465698242188e-01) (1, 1.09075498580932617188e+00) (2, 9.02289152145385742188e-01) (3, 8.32080721855163574219e-01) (4, 7.62991011142730712891e-01) (5, -5.42968451976776123047e-01) (6, -8.10302257537841796875e-01) (7, -9.45041179656982421875e-01) (8, 1.57562136650085449219e-01) (9, 8.86988103389739990234e-01) (10, 9.84109640121459960938e-01) (11, 1.19168305397033691406e+00) (12, 7.56533443927764892578e-01) (13, 1.13617396354675292969e+00) (14, 9.00567591190338134766e-01) (15, 1.04979300498962402344e+00) (16, 1.04555332660675048828e+00) (17, -2.79152178764343261719e+00) (18, 3.20028972625732421875e+00) (19, 2.37704586982727050781e+00) (20, -2.31226062774658203125e+00) (18, 3.14680337905883789062e+00) (19, 2.32161307334899902344e+00) (20, -2.30074858665466308594e+00) (21, 6.16155338287353515625e+00) (22, 7.01363897323608398438e+00) (23, 1.66146802902221679688e+00) 
