FANN_FLO_2.1
num_layers=3
learning_rate=0.500000
connection_rate=1.000000
network_type=0
learning_momentum=0.000000
training_algorithm=2
train_error_function=1
train_stop_function=0
cascade_output_change_fraction=0.010000
quickprop_decay=-0.000100
quickprop_mu=1.750000
rprop_increase_factor=1.200000
rprop_decrease_factor=0.500000
rprop_delta_min=0.000000
rprop_delta_max=50.000000
rprop_delta_zero=0.100000
cascade_output_stagnation_epochs=12
cascade_candidate_change_fraction=0.010000
cascade_candidate_stagnation_epochs=12
cascade_max_out_epochs=150
cascade_min_out_epochs=50
cascade_max_cand_epochs=150
cascade_min_cand_epochs=50
cascade_num_candidate_groups=2
bit_fail_limit=3.49999994039535522461e-01
cascade_candidate_limit=1.00000000000000000000e+03
cascade_weight_multiplier=4.00000005960464477539e-01
cascade_activation_functions_count=10
cascade_activation_functions=3 5 7 8 10 11 14 15 16 17 
cascade_activation_steepnesses_count=4
cascade_activation_steepnesses=2.50000000000000000000e-01 5.00000000000000000000e-01 7.50000000000000000000e-01 1.00000000000000000000e+00 
layer_sizes=18 3 2 
scale_included=0
neurons (num_inputs, activation_function, activation_steepness)=(0, 0, 0.00000000000000000000e+00) (0, 0, 0.00000000000000000000e+00) (0, 0, 0.00000000000000000000e+00) (0, 0, 0.00000000000000000000e+00) (0, 0, 0.00000000000000000000e+00) (0, 0, 0.00000000000000000000e+00) (0, 0, 0.00000000000000000000e+00) (0, 0, 0.00000000000000000000e+00) (0, 0, 0.00000000000000000000e+00) (0, 0, 0.00000000000000000000e+00) (0, 0, 0.00000000000000000000e+00) (0, 0, 0.00000000000000000000e+00) (0, 0, 0.00000000000000000000e+00) (0, 0, 0.00000000000000000000e+00) (0, 0, 0.00000000000000000000e+00) (0, 0, 0.00000000000000000000e+00) (0, 0, 0.00000000000000000000e+00) (0, 0, 0.00000000000000000000e+00) (18, 3, 5.00000000000000000000e-01) (18, 3, 5.00000000000000000000e-01) (0, 3, 0.00000000000000000000e+00) (3, 0, 5.00000000000000000000e-01) (0, 0, 0.00000000000000000000e+00) 
connections (connected_to_neuron, weight)=(0, 9.64477241039276123047e-01) (1, 9.60147917270660400391e-01) (2, 1.04162299633026123047e+00) (3, 8.87512803077697753906e-01) (4, 9.74356591701507568359e-01) (5, -1.02739298343658447266e+00) (6, -9.47641134262084960938e-01) (7, -9.77717876434326171875e-01) (8, -1.38244600966572761536e-02) (9, 1.05402362346649169922e+00) (10, 9.56172943115234375000e-01) (11, 9.61745381355285644531e-01) (12, 9.90561008453369140625e-01) (13, 7.94436037540435791016e-01) (14, 1.12849795818328857422e+00) (15, 8.60973715782165527344e-01) (16, 9.93568301200866699219e-01) (17, -4.16002702713012695312e+00) (0, 2.58312873840332031250e+01) (1, 1.73938102722167968750e+01) (2, 6.40269699096679687500e+01) (3, 1.07070251464843750000e+02) (4, 4.74166259765625000000e+01) (5, -1.06537452697753906250e+02) (6, -4.14823493957519531250e+01) (7, -1.16573173522949218750e+02) (8, -3.42206726074218750000e+01) (9, 7.70494308471679687500e+01) (10, 5.13248786926269531250e+01) (11, 8.16116485595703125000e+01) (12, 1.64701156616210937500e+01) (13, 1.65917701721191406250e+01) (14, 4.97609519958496093750e+01) (15, 5.85072669982910156250e+01) (16, 1.86406936645507812500e+01) (17, -1.73552913665771484375e+01) (18, 1.00744886398315429688e+01) (19, 1.43128049373626708984e+00) (20, 2.19731712341308593750e+00) 
