FANN_FLO_2.1
num_layers=4
learning_rate=0.500000
connection_rate=1.000000
network_type=0
learning_momentum=0.000000
training_algorithm=2
train_error_function=1
train_stop_function=0
cascade_output_change_fraction=0.010000
quickprop_decay=-0.000100
quickprop_mu=1.750000
rprop_increase_factor=1.200000
rprop_decrease_factor=0.500000
rprop_delta_min=0.000000
rprop_delta_max=50.000000
rprop_delta_zero=0.100000
cascade_output_stagnation_epochs=12
cascade_candidate_change_fraction=0.010000
cascade_candidate_stagnation_epochs=12
cascade_max_out_epochs=150
cascade_min_out_epochs=50
cascade_max_cand_epochs=150
cascade_min_cand_epochs=50
cascade_num_candidate_groups=2
bit_fail_limit=3.49999994039535522461e-01
cascade_candidate_limit=1.00000000000000000000e+03
cascade_weight_multiplier=4.00000005960464477539e-01
cascade_activation_functions_count=10
cascade_activation_functions=3 5 7 8 10 11 14 15 16 17 
cascade_activation_steepnesses_count=4
cascade_activation_steepnesses=2.50000000000000000000e-01 5.00000000000000000000e-01 7.50000000000000000000e-01 1.00000000000000000000e+00 
layer_sizes=4 5 3 2 
scale_included=0
neurons (num_inputs, activation_function, activation_steepness)=(0, 0, 0.00000000000000000000e+00) (0, 0, 0.00000000000000000000e+00) (0, 0, 0.00000000000000000000e+00) (0, 0, 0.00000000000000000000e+00) (4, 3, 5.00000000000000000000e-01) (4, 3, 5.00000000000000000000e-01) (4, 3, 5.00000000000000000000e-01) (4, 3, 5.00000000000000000000e-01) (0, 3, 0.00000000000000000000e+00) (5, 3, 5.00000000000000000000e-01) (5, 3, 5.00000000000000000000e-01) (0, 3, 0.00000000000000000000e+00) (3, 3, 5.00000000000000000000e-01) (0, 3, 0.00000000000000000000e+00) 
connections (connected_to_neuron, weight)=(0, -1.01172697544097900391e+00) (1, -1.59925565719604492188e+01) (2, 2.04033231735229492188e+00) (3, 3.94995474815368652344e+00) (0, 5.09651994705200195312e+00) (1, -1.36130228042602539062e+01) (2, 8.82856369018554687500e-01) (3, 2.39997461438179016113e-01) (0, -1.30346024036407470703e+00) (1, -1.55449008941650390625e+01) (2, 1.95877206325531005859e+00) (3, 3.88049793243408203125e+00) (0, -3.98815608024597167969e+00) (1, 9.92767810821533203125e-01) (2, -5.34694099426269531250e+00) (3, 2.03332519531250000000e+00) (4, 2.63497180938720703125e+01) (5, -2.22964973449707031250e+01) (6, 2.32940597534179687500e+01) (7, 3.36326370239257812500e+01) (8, -5.24813032150268554688e+00) (4, 5.46370840072631835938e+00) (5, -4.30157613754272460938e+00) (6, 5.44259405136108398438e+00) (7, 1.65859413146972656250e+01) (8, -2.10117840766906738281e+00) (9, -2.32328772544860839844e+00) (10, -2.68138027191162109375e+00) (11, 2.76339459419250488281e+00) 
