FANN_FLO_2.1
num_layers=3
learning_rate=0.500000
connection_rate=1.000000
network_type=0
learning_momentum=0.000000
training_algorithm=2
train_error_function=1
train_stop_function=0
cascade_output_change_fraction=0.010000
quickprop_decay=-0.000100
quickprop_mu=1.750000
rprop_increase_factor=1.200000
rprop_decrease_factor=0.500000
rprop_delta_min=0.000000
rprop_delta_max=50.000000
rprop_delta_zero=0.100000
cascade_output_stagnation_epochs=12
cascade_candidate_change_fraction=0.010000
cascade_candidate_stagnation_epochs=12
cascade_max_out_epochs=150
cascade_min_out_epochs=50
cascade_max_cand_epochs=150
cascade_min_cand_epochs=50
cascade_num_candidate_groups=2
bit_fail_limit=3.49999994039535522461e-01
cascade_candidate_limit=1.00000000000000000000e+03
cascade_weight_multiplier=4.00000005960464477539e-01
cascade_activation_functions_count=10
cascade_activation_functions=3 5 7 8 10 11 14 15 16 17 
cascade_activation_steepnesses_count=4
cascade_activation_steepnesses=2.50000000000000000000e-01 5.00000000000000000000e-01 7.50000000000000000000e-01 1.00000000000000000000e+00 
layer_sizes=7 5 2 
scale_included=0
neurons (num_inputs, activation_function, activation_steepness)=(0, 0, 0.00000000000000000000e+00) (0, 0, 0.00000000000000000000e+00) (0, 0, 0.00000000000000000000e+00) (0, 0, 0.00000000000000000000e+00) (0, 0, 0.00000000000000000000e+00) (0, 0, 0.00000000000000000000e+00) (0, 0, 0.00000000000000000000e+00) (7, 3, 5.00000000000000000000e-01) (7, 3, 5.00000000000000000000e-01) (7, 3, 5.00000000000000000000e-01) (7, 3, 5.00000000000000000000e-01) (0, 3, 0.00000000000000000000e+00) (5, 0, 5.00000000000000000000e-01) (0, 0, 0.00000000000000000000e+00) 
connections (connected_to_neuron, weight)=(0, -5.00703632831573486328e-01) (1, -5.37140965461730957031e-01) (2, 1.22775053977966308594e+00) (3, -3.80746513605117797852e-01) (4, -3.02444994449615478516e-01) (5, 2.94962018728256225586e-01) (6, -6.37495577335357666016e-01) (0, 3.25090587139129638672e-02) (1, 6.06143921613693237305e-02) (2, 9.77177694439888000488e-02) (3, -1.92526187747716903687e-02) (4, -1.45670585334300994873e-02) (5, -8.85584801435470581055e-02) (6, 7.93950259685516357422e-02) (0, 5.63758052885532379150e-02) (1, 1.26298546791076660156e-01) (2, 4.73745286464691162109e-01) (3, -1.30760878324508666992e-01) (4, -1.72402501106262207031e-01) (5, -3.70325803756713867188e-01) (6, -4.00485277175903320312e-01) (0, -3.61274778842926025391e-02) (1, -1.05329751968383789062e-01) (2, 6.88438788056373596191e-02) (3, -1.72864012420177459717e-02) (4, -1.02087214589118957520e-01) (5, 1.36175200343132019043e-01) (6, -6.67408630251884460449e-02) (7, -3.66172008216381072998e-02) (8, 1.03680081665515899658e-01) (9, -4.99741286039352416992e-02) (10, 9.82431173324584960938e-02) (11, -5.96532821655273437500e-02) 
