FANN_FLO_2.1
num_layers=3
learning_rate=0.500000
connection_rate=1.000000
network_type=0
learning_momentum=0.000000
training_algorithm=2
train_error_function=1
train_stop_function=0
cascade_output_change_fraction=0.010000
quickprop_decay=-0.000100
quickprop_mu=1.750000
rprop_increase_factor=1.200000
rprop_decrease_factor=0.500000
rprop_delta_min=0.000000
rprop_delta_max=50.000000
rprop_delta_zero=0.100000
cascade_output_stagnation_epochs=12
cascade_candidate_change_fraction=0.010000
cascade_candidate_stagnation_epochs=12
cascade_max_out_epochs=150
cascade_min_out_epochs=50
cascade_max_cand_epochs=150
cascade_min_cand_epochs=50
cascade_num_candidate_groups=2
bit_fail_limit=3.49999994039535522461e-01
cascade_candidate_limit=1.00000000000000000000e+03
cascade_weight_multiplier=4.00000005960464477539e-01
cascade_activation_functions_count=10
cascade_activation_functions=3 5 7 8 10 11 14 15 16 17 
cascade_activation_steepnesses_count=4
cascade_activation_steepnesses=2.50000000000000000000e-01 5.00000000000000000000e-01 7.50000000000000000000e-01 1.00000000000000000000e+00 
layer_sizes=3 9 4 
scale_included=0
neurons (num_inputs, activation_function, activation_steepness)=(0, 0, 0.00000000000000000000e+00) (0, 0, 0.00000000000000000000e+00) (0, 0, 0.00000000000000000000e+00) (3, 3, 5.00000000000000000000e-01) (3, 3, 5.00000000000000000000e-01) (3, 3, 5.00000000000000000000e-01) (3, 3, 5.00000000000000000000e-01) (3, 3, 5.00000000000000000000e-01) (3, 3, 5.00000000000000000000e-01) (3, 3, 5.00000000000000000000e-01) (3, 3, 5.00000000000000000000e-01) (0, 3, 0.00000000000000000000e+00) (9, 0, 5.00000000000000000000e-01) (9, 0, 5.00000000000000000000e-01) (9, 0, 5.00000000000000000000e-01) (0, 0, 0.00000000000000000000e+00) 
connections (connected_to_neuron, weight)=(0, -4.20745992660522460938e+00) (1, 6.85109043121337890625e+00) (2, 3.95137190818786621094e+00) (0, -5.39434862136840820312e+00) (1, 3.23902559280395507812e+00) (2, 3.21057534217834472656e+00) (0, -3.39557909965515136719e+00) (1, 1.74502372741699218750e+00) (2, 6.73859024047851562500e+00) (0, -3.61877322196960449219e+00) (1, -5.98564207553863525391e-01) (2, 7.47343957424163818359e-01) (0, -3.29711031913757324219e+00) (1, -2.54107570648193359375e+00) (2, 5.87052941322326660156e-01) (0, -5.33415842056274414062e+00) (1, 6.46655178070068359375e+00) (2, 3.18610787391662597656e+00) (0, -4.39991950988769531250e+00) (1, 1.50405943393707275391e+00) (2, 4.22419011592864990234e-01) (0, -1.21380841732025146484e+00) (1, -3.28691768646240234375e+00) (2, 2.10031554102897644043e-01) (3, 7.26987242698669433594e-01) (4, 9.23527777194976806641e-01) (5, 4.86527711153030395508e-01) (6, 1.47070169448852539062e+00) (7, 2.59822297096252441406e+00) (8, 9.24899816513061523438e-01) (9, 2.26726675033569335938e+00) (10, 1.57392477989196777344e+00) (11, 1.20567552745342254639e-01) (3, 2.26546311378479003906e+00) (4, 4.12572288513183593750e+00) (5, 1.80571794509887695312e+00) (6, 5.29805946350097656250e+00) (7, 5.67567920684814453125e+00) (8, 3.03270673751831054688e+00) (9, 5.12342023849487304688e+00) (10, 6.87738800048828125000e+00) (11, 1.43353569507598876953e+00) (3, 8.28227901458740234375e+00) (4, 1.26660699844360351562e+01) (5, 8.32902812957763671875e+00) (6, 1.75439147949218750000e+01) (7, 1.65702209472656250000e+01) (8, 8.23604774475097656250e+00) (9, 1.60851974487304687500e+01) (10, 2.57005043029785156250e+01) (11, 8.27101707458496093750e+00) 
