FANN_FLO_2.1
num_layers=3
learning_rate=0.300000
connection_rate=1.000000
network_type=0
learning_momentum=0.000000
training_algorithm=2
train_error_function=1
train_stop_function=0
cascade_output_change_fraction=0.010000
quickprop_decay=-0.000100
quickprop_mu=1.750000
rprop_increase_factor=1.200000
rprop_decrease_factor=0.500000
rprop_delta_min=0.000000
rprop_delta_max=50.000000
rprop_delta_zero=0.100000
cascade_output_stagnation_epochs=12
cascade_candidate_change_fraction=0.010000
cascade_candidate_stagnation_epochs=12
cascade_max_out_epochs=150
cascade_min_out_epochs=50
cascade_max_cand_epochs=150
cascade_min_cand_epochs=50
cascade_num_candidate_groups=2
bit_fail_limit=3.49999994039535522461e-01
cascade_candidate_limit=1.00000000000000000000e+03
cascade_weight_multiplier=4.00000005960464477539e-01
cascade_activation_functions_count=10
cascade_activation_functions=3 5 7 8 10 11 14 15 16 17 
cascade_activation_steepnesses_count=4
cascade_activation_steepnesses=2.50000000000000000000e-01 5.00000000000000000000e-01 7.50000000000000000000e-01 1.00000000000000000000e+00 
layer_sizes=4 9 2 
scale_included=0
neurons (num_inputs, activation_function, activation_steepness)=(0, 0, 0.00000000000000000000e+00) (0, 0, 0.00000000000000000000e+00) (0, 0, 0.00000000000000000000e+00) (0, 0, 0.00000000000000000000e+00) (4, 3, 5.00000000000000000000e-01) (4, 3, 5.00000000000000000000e-01) (4, 3, 5.00000000000000000000e-01) (4, 3, 5.00000000000000000000e-01) (4, 3, 5.00000000000000000000e-01) (4, 3, 5.00000000000000000000e-01) (4, 3, 5.00000000000000000000e-01) (4, 3, 5.00000000000000000000e-01) (0, 3, 0.00000000000000000000e+00) (9, 3, 5.00000000000000000000e-01) (0, 3, 0.00000000000000000000e+00) 
connections (connected_to_neuron, weight)=(0, 3.79981279373168945312e+00) (1, 1.16760209202766418457e-01) (2, -2.51346054077148437500e+01) (3, 1.19292914867401123047e+00) (0, -2.89061814546585083008e-01) (1, 1.02294705808162689209e-01) (2, -2.78070829808712005615e-02) (3, 1.84278953075408935547e+00) (0, -2.70987689495086669922e-01) (1, 8.89730453491210937500e-01) (2, -1.95330047607421875000e+00) (3, 1.16713392734527587891e+00) (0, 1.10634975135326385498e-01) (1, -3.67582999169826507568e-02) (2, 6.80223524570465087891e-01) (3, -4.54833030700683593750e+00) (0, -4.41809415817260742188e-01) (1, 9.50387895107269287109e-01) (2, -1.88368880748748779297e+00) (3, 1.12182426452636718750e+00) (0, -7.86889731884002685547e-01) (1, 7.37839460372924804688e-01) (2, -2.42811965942382812500e+00) (3, 1.55431878566741943359e+00) (0, -1.90140962600708007812e-01) (1, 1.19550516828894615173e-02) (2, 4.76961620151996612549e-02) (3, 1.56154084205627441406e+00) (0, -3.65922212600708007812e-01) (1, 8.52787494659423828125e-01) (2, -1.56690013408660888672e+00) (3, 1.16940009593963623047e+00) (4, -2.40456178784370422363e-01) (5, -8.73793542385101318359e-01) (6, -4.24168467521667480469e-01) (7, 2.60801672935485839844e+00) (8, -3.89870822429656982422e-01) (9, -3.08312475681304931641e-01) (10, -3.32419228553771972656e+00) (11, -4.14409726858139038086e-01) (12, -3.42573732137680053711e-01) 
