FANN_FLO_2.1
num_layers=3
learning_rate=0.400000
connection_rate=1.000000
network_type=0
learning_momentum=0.000000
training_algorithm=2
train_error_function=1
train_stop_function=0
cascade_output_change_fraction=0.010000
quickprop_decay=-0.000100
quickprop_mu=1.750000
rprop_increase_factor=1.200000
rprop_decrease_factor=0.500000
rprop_delta_min=0.000000
rprop_delta_max=50.000000
rprop_delta_zero=0.100000
cascade_output_stagnation_epochs=12
cascade_candidate_change_fraction=0.010000
cascade_candidate_stagnation_epochs=12
cascade_max_out_epochs=150
cascade_min_out_epochs=50
cascade_max_cand_epochs=150
cascade_min_cand_epochs=50
cascade_num_candidate_groups=2
bit_fail_limit=3.49999994039535522461e-01
cascade_candidate_limit=1.00000000000000000000e+03
cascade_weight_multiplier=4.00000005960464477539e-01
cascade_activation_functions_count=10
cascade_activation_functions=3 5 7 8 10 11 14 15 16 17 
cascade_activation_steepnesses_count=4
cascade_activation_steepnesses=2.50000000000000000000e-01 5.00000000000000000000e-01 7.50000000000000000000e-01 1.00000000000000000000e+00 
layer_sizes=6 5 2 
scale_included=0
neurons (num_inputs, activation_function, activation_steepness)=(0, 0, 0.00000000000000000000e+00) (0, 0, 0.00000000000000000000e+00) (0, 0, 0.00000000000000000000e+00) (0, 0, 0.00000000000000000000e+00) (0, 0, 0.00000000000000000000e+00) (0, 0, 0.00000000000000000000e+00) (6, 3, 5.00000000000000000000e-01) (6, 3, 5.00000000000000000000e-01) (6, 3, 5.00000000000000000000e-01) (6, 3, 5.00000000000000000000e-01) (0, 3, 0.00000000000000000000e+00) (5, 0, 5.00000000000000000000e-01) (0, 0, 0.00000000000000000000e+00) 
connections (connected_to_neuron, weight)=(0, -3.74001359939575195312e+00) (1, -5.88935315608978271484e-01) (2, 2.64631360769271850586e-01) (3, -1.51622343063354492188e+00) (4, 4.65545773506164550781e-01) (5, -1.81549489498138427734e+00) (0, -2.90605297088623046875e+01) (1, -2.87646217346191406250e+01) (2, -6.28384017944335937500e+00) (3, -5.17926979064941406250e+00) (4, 3.14856934547424316406e+00) (5, -2.91924095153808593750e+00) (0, -3.42016143798828125000e+01) (1, -1.28830699920654296875e+01) (2, -4.92707347869873046875e+00) (3, -3.08835148811340332031e+00) (4, -4.92586463689804077148e-01) (5, -8.65256369113922119141e-01) (0, -7.50094833374023437500e+01) (1, -3.55572628974914550781e+00) (2, 3.48896145820617675781e-01) (3, -1.30805611610412597656e+00) (4, -3.84581178426742553711e-01) (5, 3.43041181564331054688e-01) (6, 1.40321326255798339844e+00) (7, 1.28142273426055908203e+00) (8, 1.45740807056427001953e+00) (9, 1.98344826698303222656e+00) (10, 5.26995837688446044922e-01) 
