FANN_FLO_2.1
num_layers=3
learning_rate=0.400000
connection_rate=1.000000
network_type=0
learning_momentum=0.000000
training_algorithm=2
train_error_function=1
train_stop_function=0
cascade_output_change_fraction=0.010000
quickprop_decay=-0.000100
quickprop_mu=1.750000
rprop_increase_factor=1.200000
rprop_decrease_factor=0.500000
rprop_delta_min=0.000000
rprop_delta_max=50.000000
rprop_delta_zero=0.100000
cascade_output_stagnation_epochs=12
cascade_candidate_change_fraction=0.010000
cascade_candidate_stagnation_epochs=12
cascade_max_out_epochs=150
cascade_min_out_epochs=50
cascade_max_cand_epochs=150
cascade_min_cand_epochs=50
cascade_num_candidate_groups=2
bit_fail_limit=3.49999994039535522461e-01
cascade_candidate_limit=1.00000000000000000000e+03
cascade_weight_multiplier=4.00000005960464477539e-01
cascade_activation_functions_count=10
cascade_activation_functions=3 5 7 8 10 11 14 15 16 17 
cascade_activation_steepnesses_count=4
cascade_activation_steepnesses=2.50000000000000000000e-01 5.00000000000000000000e-01 7.50000000000000000000e-01 1.00000000000000000000e+00 
layer_sizes=10 3 2 
scale_included=0
neurons (num_inputs, activation_function, activation_steepness)=(0, 0, 0.00000000000000000000e+00) (0, 0, 0.00000000000000000000e+00) (0, 0, 0.00000000000000000000e+00) (0, 0, 0.00000000000000000000e+00) (0, 0, 0.00000000000000000000e+00) (0, 0, 0.00000000000000000000e+00) (0, 0, 0.00000000000000000000e+00) (0, 0, 0.00000000000000000000e+00) (0, 0, 0.00000000000000000000e+00) (0, 0, 0.00000000000000000000e+00) (10, 3, 5.00000000000000000000e-01) (10, 3, 5.00000000000000000000e-01) (0, 3, 0.00000000000000000000e+00) (3, 3, 5.00000000000000000000e-01) (0, 3, 0.00000000000000000000e+00) 
connections (connected_to_neuron, weight)=(0, 7.69445449113845825195e-02) (1, 1.32673650979995727539e-01) (2, 7.42739439010620117188e-02) (3, 4.34673950076103210449e-02) (4, 1.40337288379669189453e-01) (5, 4.91410940885543823242e-02) (6, 2.19150304794311523438e-01) (7, 2.10798561573028564453e-01) (8, 1.12168319523334503174e-01) (9, -5.69356307387351989746e-02) (0, 9.87478345632553100586e-02) (1, 1.50774896144866943359e-01) (2, 1.29272773861885070801e-01) (3, 1.53997898101806640625e-01) (4, 4.28160205483436584473e-02) (5, 9.48658138513565063477e-02) (6, 7.26179033517837524414e-02) (7, 2.16233044862747192383e-01) (8, 1.91731750965118408203e-01) (9, -1.79076656699180603027e-01) (10, 7.83629417419433593750e-02) (11, 1.08838438987731933594e-01) (12, 2.13102936744689941406e-01) 
