FANN_FLO_2.1
num_layers=3
learning_rate=0.300000
connection_rate=1.000000
network_type=0
learning_momentum=0.000000
training_algorithm=2
train_error_function=1
train_stop_function=0
cascade_output_change_fraction=0.010000
quickprop_decay=-0.000100
quickprop_mu=1.750000
rprop_increase_factor=1.200000
rprop_decrease_factor=0.500000
rprop_delta_min=0.000000
rprop_delta_max=50.000000
rprop_delta_zero=0.100000
cascade_output_stagnation_epochs=12
cascade_candidate_change_fraction=0.010000
cascade_candidate_stagnation_epochs=12
cascade_max_out_epochs=150
cascade_min_out_epochs=50
cascade_max_cand_epochs=150
cascade_min_cand_epochs=50
cascade_num_candidate_groups=2
bit_fail_limit=3.49999994039535522461e-01
cascade_candidate_limit=1.00000000000000000000e+03
cascade_weight_multiplier=4.00000005960464477539e-01
cascade_activation_functions_count=10
cascade_activation_functions=3 5 7 8 10 11 14 15 16 17 
cascade_activation_steepnesses_count=4
cascade_activation_steepnesses=2.50000000000000000000e-01 5.00000000000000000000e-01 7.50000000000000000000e-01 1.00000000000000000000e+00 
layer_sizes=4 9 2 
scale_included=0
neurons (num_inputs, activation_function, activation_steepness)=(0, 0, 0.00000000000000000000e+00) (0, 0, 0.00000000000000000000e+00) (0, 0, 0.00000000000000000000e+00) (0, 0, 0.00000000000000000000e+00) (4, 3, 5.00000000000000000000e-01) (4, 3, 5.00000000000000000000e-01) (4, 3, 5.00000000000000000000e-01) (4, 3, 5.00000000000000000000e-01) (4, 3, 5.00000000000000000000e-01) (4, 3, 5.00000000000000000000e-01) (4, 3, 5.00000000000000000000e-01) (4, 3, 5.00000000000000000000e-01) (0, 3, 0.00000000000000000000e+00) (9, 3, 5.00000000000000000000e-01) (0, 3, 0.00000000000000000000e+00) 
connections (connected_to_neuron, weight)=(0, -5.31683027744293212891e-01) (1, 5.50469219684600830078e-01) (2, -2.98357057571411132812e+00) (3, 4.25097036361694335938e+00) (0, -7.04798281192779541016e-01) (1, 5.12687385082244873047e-01) (2, -3.00614643096923828125e+00) (3, 4.03275632858276367188e+00) (0, -1.38847362995147705078e+00) (1, 4.99716192483901977539e-01) (2, -1.77599370479583740234e+00) (3, 1.93318462371826171875e+01) (0, 5.81930041313171386719e-01) (1, 6.56151950359344482422e-01) (2, -9.15441131591796875000e+00) (3, 2.76069188117980957031e+00) (0, -1.03543484210968017578e+00) (1, 7.08490073680877685547e-01) (2, -2.01192402839660644531e+00) (3, 7.02139282226562500000e+00) (0, -2.09381639957427978516e-01) (1, 8.96836444735527038574e-03) (2, -2.10055604577064514160e-01) (3, 4.74941015243530273438e+00) (0, -1.55348266601562500000e+02) (1, 3.50384879112243652344e+00) (2, -6.74271011352539062500e+01) (3, 6.27002775669097900391e-01) (0, -1.53605386614799499512e-01) (1, 1.17736577987670898438e-01) (2, -1.20612847805023193359e+00) (3, 1.64118397235870361328e+00) (4, -2.18693435192108154297e-01) (5, -3.41346293687820434570e-01) (6, -2.10728764533996582031e-01) (7, 1.88745539635419845581e-02) (8, -4.81372803449630737305e-01) (9, -3.43749117851257324219e+00) (10, 3.00000000000000000000e+02) (11, -1.24889993667602539062e+00) (12, 5.84956705570220947266e-01) 
