FANN_FLO_2.1
num_layers=3
learning_rate=0.300000
connection_rate=1.000000
network_type=0
learning_momentum=0.000000
training_algorithm=2
train_error_function=1
train_stop_function=0
cascade_output_change_fraction=0.010000
quickprop_decay=-0.000100
quickprop_mu=1.750000
rprop_increase_factor=1.200000
rprop_decrease_factor=0.500000
rprop_delta_min=0.000000
rprop_delta_max=50.000000
rprop_delta_zero=0.100000
cascade_output_stagnation_epochs=12
cascade_candidate_change_fraction=0.010000
cascade_candidate_stagnation_epochs=12
cascade_max_out_epochs=150
cascade_min_out_epochs=50
cascade_max_cand_epochs=150
cascade_min_cand_epochs=50
cascade_num_candidate_groups=2
bit_fail_limit=3.49999994039535522461e-01
cascade_candidate_limit=1.00000000000000000000e+03
cascade_weight_multiplier=4.00000005960464477539e-01
cascade_activation_functions_count=10
cascade_activation_functions=3 5 7 8 10 11 14 15 16 17 
cascade_activation_steepnesses_count=4
cascade_activation_steepnesses=2.50000000000000000000e-01 5.00000000000000000000e-01 7.50000000000000000000e-01 1.00000000000000000000e+00 
layer_sizes=4 9 2 
scale_included=0
neurons (num_inputs, activation_function, activation_steepness)=(0, 0, 0.00000000000000000000e+00) (0, 0, 0.00000000000000000000e+00) (0, 0, 0.00000000000000000000e+00) (0, 0, 0.00000000000000000000e+00) (4, 3, 5.00000000000000000000e-01) (4, 3, 5.00000000000000000000e-01) (4, 3, 5.00000000000000000000e-01) (4, 3, 5.00000000000000000000e-01) (4, 3, 5.00000000000000000000e-01) (4, 3, 5.00000000000000000000e-01) (4, 3, 5.00000000000000000000e-01) (4, 3, 5.00000000000000000000e-01) (0, 3, 0.00000000000000000000e+00) (9, 3, 5.00000000000000000000e-01) (0, 3, 0.00000000000000000000e+00) 
connections (connected_to_neuron, weight)=(0, 3.21597671508789062500e+00) (1, 2.44984120130538940430e-01) (2, -2.15544929504394531250e+01) (3, -2.89921760559082031250e+00) (0, -7.32060384750366210938e+00) (1, 6.03360772132873535156e-01) (2, 1.61583423614501953125e+01) (3, -1.02236852049827575684e-01) (0, -1.72425234317779541016e+00) (1, 2.95662432909011840820e-01) (2, -2.85907101631164550781e+00) (3, 3.27271957397460937500e+01) (0, -1.10707128047943115234e+00) (1, 9.37872231006622314453e-02) (2, 2.35041141510009765625e+00) (3, 4.16301608085632324219e-01) (0, -2.10534834861755371094e+00) (1, 4.21491324901580810547e-01) (2, -1.62408125400543212891e+00) (3, 4.00557899475097656250e+01) (0, -2.74076557159423828125e+00) (1, 4.41836148500442504883e-01) (2, 1.01347601413726806641e+00) (3, 2.17757053375244140625e+01) (0, -1.40052294731140136719e+00) (1, 5.79105973243713378906e-01) (2, -1.34335303306579589844e+00) (3, 1.68998985290527343750e+01) (0, 6.45012664794921875000e+00) (1, 1.62093527615070343018e-02) (2, -3.79774055480957031250e+01) (3, 3.93966255187988281250e+01) (4, 1.12678006291389465332e-01) (5, -1.76241004467010498047e+00) (6, -2.36019134521484375000e+00) (7, 2.66086268424987792969e+00) (8, -1.13866746425628662109e+00) (9, -7.82503902912139892578e-01) (10, -7.34198570251464843750e-01) (11, -5.71420669555664062500e-01) (12, 2.50251680612564086914e-01) 
