FANN_FLO_2.1
num_layers=3
learning_rate=0.500000
connection_rate=1.000000
network_type=0
learning_momentum=0.000000
training_algorithm=2
train_error_function=1
train_stop_function=0
cascade_output_change_fraction=0.010000
quickprop_decay=-0.000100
quickprop_mu=1.750000
rprop_increase_factor=1.200000
rprop_decrease_factor=0.500000
rprop_delta_min=0.000000
rprop_delta_max=50.000000
rprop_delta_zero=0.100000
cascade_output_stagnation_epochs=12
cascade_candidate_change_fraction=0.010000
cascade_candidate_stagnation_epochs=12
cascade_max_out_epochs=150
cascade_min_out_epochs=50
cascade_max_cand_epochs=150
cascade_min_cand_epochs=50
cascade_num_candidate_groups=2
bit_fail_limit=3.49999994039535522461e-01
cascade_candidate_limit=1.00000000000000000000e+03
cascade_weight_multiplier=4.00000005960464477539e-01
cascade_activation_functions_count=10
cascade_activation_functions=3 5 7 8 10 11 14 15 16 17 
cascade_activation_steepnesses_count=4
cascade_activation_steepnesses=2.50000000000000000000e-01 5.00000000000000000000e-01 7.50000000000000000000e-01 1.00000000000000000000e+00 
layer_sizes=10 5 2 
scale_included=0
neurons (num_inputs, activation_function, activation_steepness)=(0, 0, 0.00000000000000000000e+00) (0, 0, 0.00000000000000000000e+00) (0, 0, 0.00000000000000000000e+00) (0, 0, 0.00000000000000000000e+00) (0, 0, 0.00000000000000000000e+00) (0, 0, 0.00000000000000000000e+00) (0, 0, 0.00000000000000000000e+00) (0, 0, 0.00000000000000000000e+00) (0, 0, 0.00000000000000000000e+00) (0, 0, 0.00000000000000000000e+00) (10, 3, 5.00000000000000000000e-01) (10, 3, 5.00000000000000000000e-01) (10, 3, 5.00000000000000000000e-01) (10, 3, 5.00000000000000000000e-01) (0, 3, 0.00000000000000000000e+00) (5, 3, 5.00000000000000000000e-01) (0, 3, 0.00000000000000000000e+00) 
connections (connected_to_neuron, weight)=(0, -5.67962765693664550781e-01) (1, -2.76827335357666015625e-01) (2, -5.07999598979949951172e-01) (3, -5.13012528419494628906e-01) (4, -1.71484693884849548340e-01) (5, -4.66884136199951171875e-01) (6, -4.47574079036712646484e-01) (7, -5.17319500446319580078e-01) (8, -4.74777847528457641602e-01) (9, 8.96874725818634033203e-01) (0, -5.54232537746429443359e-01) (1, -6.26028537750244140625e-01) (2, -5.57882785797119140625e-01) (3, -7.53756284713745117188e-01) (4, -6.13739252090454101562e-01) (5, -6.41289412975311279297e-01) (6, -5.79952299594879150391e-01) (7, -5.59795081615447998047e-01) (8, -6.36771202087402343750e-01) (9, 2.99753999710083007812e+00) (0, -4.96935635805130004883e-01) (1, -5.49582898616790771484e-01) (2, -4.41914379596710205078e-01) (3, -3.73248368501663208008e-01) (4, -5.82014501094818115234e-01) (5, -4.30458515882492065430e-01) (6, -4.07606869935989379883e-01) (7, -4.29029464721679687500e-01) (8, -3.78408312797546386719e-01) (9, 1.21724390983581542969e+00) (0, -3.69754344224929809570e-01) (1, -4.95970308780670166016e-01) (2, -4.92093026638031005859e-01) (3, -3.46155792474746704102e-01) (4, -4.09072637557983398438e-01) (5, -4.15317088365554809570e-01) (6, -5.26569068431854248047e-01) (7, -4.61836159229278564453e-01) (8, -4.71939116716384887695e-01) (9, 8.83684813976287841797e-01) (10, -1.06354832649230957031e+00) (11, -1.18811082839965820312e+00) (12, -1.13145673274993896484e+00) (13, -1.10545313358306884766e+00) (14, 1.56117820739746093750e+00) 
