FANN_FLO_2.1
num_layers=3
learning_rate=0.400000
connection_rate=1.000000
network_type=0
learning_momentum=0.000000
training_algorithm=2
train_error_function=1
train_stop_function=0
cascade_output_change_fraction=0.010000
quickprop_decay=-0.000100
quickprop_mu=1.750000
rprop_increase_factor=1.200000
rprop_decrease_factor=0.500000
rprop_delta_min=0.000000
rprop_delta_max=50.000000
rprop_delta_zero=0.100000
cascade_output_stagnation_epochs=12
cascade_candidate_change_fraction=0.010000
cascade_candidate_stagnation_epochs=12
cascade_max_out_epochs=150
cascade_min_out_epochs=50
cascade_max_cand_epochs=150
cascade_min_cand_epochs=50
cascade_num_candidate_groups=2
bit_fail_limit=3.49999994039535522461e-01
cascade_candidate_limit=1.00000000000000000000e+03
cascade_weight_multiplier=4.00000005960464477539e-01
cascade_activation_functions_count=10
cascade_activation_functions=3 5 7 8 10 11 14 15 16 17 
cascade_activation_steepnesses_count=4
cascade_activation_steepnesses=2.50000000000000000000e-01 5.00000000000000000000e-01 7.50000000000000000000e-01 1.00000000000000000000e+00 
layer_sizes=6 5 2 
scale_included=0
neurons (num_inputs, activation_function, activation_steepness)=(0, 0, 0.00000000000000000000e+00) (0, 0, 0.00000000000000000000e+00) (0, 0, 0.00000000000000000000e+00) (0, 0, 0.00000000000000000000e+00) (0, 0, 0.00000000000000000000e+00) (0, 0, 0.00000000000000000000e+00) (6, 3, 5.00000000000000000000e-01) (6, 3, 5.00000000000000000000e-01) (6, 3, 5.00000000000000000000e-01) (6, 3, 5.00000000000000000000e-01) (0, 3, 0.00000000000000000000e+00) (5, 0, 5.00000000000000000000e-01) (0, 0, 0.00000000000000000000e+00) 
connections (connected_to_neuron, weight)=(0, -1.50000000000000000000e+03) (1, -2.52413940429687500000e+00) (2, -9.25055384635925292969e-01) (3, -2.05602622032165527344e+00) (4, -3.51444792747497558594e+00) (5, 1.05420029163360595703e+00) (0, -8.79684162139892578125e+00) (1, -1.72021293640136718750e+01) (2, 7.12649703025817871094e-01) (3, 3.19103479385375976562e+00) (4, 2.09800910949707031250e+00) (5, 8.69161307811737060547e-01) (0, -1.50000000000000000000e+03) (1, -1.50000000000000000000e+03) (2, 6.32492866516113281250e+01) (3, -5.00656890869140625000e+00) (4, -1.14491252899169921875e+01) (5, 3.02477574348449707031e+00) (0, -1.50000000000000000000e+03) (1, -1.50000000000000000000e+03) (2, 6.77143633365631103516e-02) (3, -4.70043992996215820312e+00) (4, -1.47365922927856445312e+01) (5, 4.78608942031860351562e+00) (6, 2.38794612884521484375e+00) (7, -1.29835958480834960938e+01) (8, 2.49689750671386718750e+01) (9, 3.60082946777343750000e+02) (10, 7.89926409721374511719e-01) 
