FANN_FLO_2.1
num_layers=3
learning_rate=0.450000
connection_rate=1.000000
network_type=0
learning_momentum=0.000000
training_algorithm=2
train_error_function=1
train_stop_function=0
cascade_output_change_fraction=0.010000
quickprop_decay=-0.000100
quickprop_mu=1.750000
rprop_increase_factor=1.200000
rprop_decrease_factor=0.500000
rprop_delta_min=0.000000
rprop_delta_max=50.000000
rprop_delta_zero=0.100000
cascade_output_stagnation_epochs=12
cascade_candidate_change_fraction=0.010000
cascade_candidate_stagnation_epochs=12
cascade_max_out_epochs=150
cascade_min_out_epochs=50
cascade_max_cand_epochs=150
cascade_min_cand_epochs=50
cascade_num_candidate_groups=2
bit_fail_limit=3.49999994039535522461e-01
cascade_candidate_limit=1.00000000000000000000e+03
cascade_weight_multiplier=4.00000005960464477539e-01
cascade_activation_functions_count=10
cascade_activation_functions=3 5 7 8 10 11 14 15 16 17 
cascade_activation_steepnesses_count=4
cascade_activation_steepnesses=2.50000000000000000000e-01 5.00000000000000000000e-01 7.50000000000000000000e-01 1.00000000000000000000e+00 
layer_sizes=7 5 2 
scale_included=0
neurons (num_inputs, activation_function, activation_steepness)=(0, 0, 0.00000000000000000000e+00) (0, 0, 0.00000000000000000000e+00) (0, 0, 0.00000000000000000000e+00) (0, 0, 0.00000000000000000000e+00) (0, 0, 0.00000000000000000000e+00) (0, 0, 0.00000000000000000000e+00) (0, 0, 0.00000000000000000000e+00) (7, 3, 5.00000000000000000000e-01) (7, 3, 5.00000000000000000000e-01) (7, 3, 5.00000000000000000000e-01) (7, 3, 5.00000000000000000000e-01) (0, 3, 0.00000000000000000000e+00) (5, 0, 5.00000000000000000000e-01) (0, 0, 0.00000000000000000000e+00) 
connections (connected_to_neuron, weight)=(0, 4.55637276172637939453e-02) (1, 8.09507608413696289062e-01) (2, -8.23936611413955688477e-02) (3, -3.72983753681182861328e-01) (4, 2.33437448740005493164e-01) (5, -5.05969166755676269531e-01) (6, 9.37296390533447265625e-01) (0, -4.05466413497924804688e+00) (1, -2.91236145019531250000e+02) (2, -1.50000000000000000000e+03) (3, 1.83483374118804931641e+00) (4, 1.59530315399169921875e+01) (5, -6.30923706054687500000e+02) (6, -1.23601973056793212891e+00) (0, -1.96879613399505615234e+00) (1, -6.11888732910156250000e+01) (2, 1.50000000000000000000e+03) (3, 3.91105222702026367188e+00) (4, -2.37408280372619628906e+00) (5, 8.52753639221191406250e+00) (6, -8.92114162445068359375e-01) (0, 6.86560720205307006836e-02) (1, -1.59613025188446044922e+00) (2, 2.06385493278503417969e-01) (3, 7.40663856267929077148e-02) (4, 2.01514124870300292969e-01) (5, 7.72580146789550781250e-01) (6, 1.47359237074851989746e-01) (7, -5.20248174667358398438e-01) (8, 1.50000000000000000000e+03) (9, -4.41209180280566215515e-03) (10, -5.16066849231719970703e-01) (11, 5.27887165546417236328e-01) 
