FANN_FLO_2.1
num_layers=3
learning_rate=0.500000
connection_rate=1.000000
network_type=0
learning_momentum=0.000000
training_algorithm=2
train_error_function=1
train_stop_function=0
cascade_output_change_fraction=0.010000
quickprop_decay=-0.000100
quickprop_mu=1.750000
rprop_increase_factor=1.200000
rprop_decrease_factor=0.500000
rprop_delta_min=0.000000
rprop_delta_max=50.000000
rprop_delta_zero=0.100000
cascade_output_stagnation_epochs=12
cascade_candidate_change_fraction=0.010000
cascade_candidate_stagnation_epochs=12
cascade_max_out_epochs=150
cascade_min_out_epochs=50
cascade_max_cand_epochs=150
cascade_min_cand_epochs=50
cascade_num_candidate_groups=2
bit_fail_limit=3.49999994039535522461e-01
cascade_candidate_limit=1.00000000000000000000e+03
cascade_weight_multiplier=4.00000005960464477539e-01
cascade_activation_functions_count=10
cascade_activation_functions=3 5 7 8 10 11 14 15 16 17 
cascade_activation_steepnesses_count=4
cascade_activation_steepnesses=2.50000000000000000000e-01 5.00000000000000000000e-01 7.50000000000000000000e-01 1.00000000000000000000e+00 
layer_sizes=7 5 2 
scale_included=0
neurons (num_inputs, activation_function, activation_steepness)=(0, 0, 0.00000000000000000000e+00) (0, 0, 0.00000000000000000000e+00) (0, 0, 0.00000000000000000000e+00) (0, 0, 0.00000000000000000000e+00) (0, 0, 0.00000000000000000000e+00) (0, 0, 0.00000000000000000000e+00) (0, 0, 0.00000000000000000000e+00) (7, 3, 5.00000000000000000000e-01) (7, 3, 5.00000000000000000000e-01) (7, 3, 5.00000000000000000000e-01) (7, 3, 5.00000000000000000000e-01) (0, 3, 0.00000000000000000000e+00) (5, 0, 5.00000000000000000000e-01) (0, 0, 0.00000000000000000000e+00) 
connections (connected_to_neuron, weight)=(0, -2.35153385438024997711e-03) (1, 2.24362105131149291992e-01) (2, -2.20434591174125671387e-01) (3, -1.33318394422531127930e-01) (4, 2.09749475121498107910e-01) (5, -1.04119069874286651611e-01) (6, 2.50991940498352050781e+00) (0, -3.23096649169921875000e+02) (1, 2.15748023986816406250e+01) (2, 6.32354621887207031250e+01) (3, -3.25012321472167968750e+01) (4, -7.31974124908447265625e+00) (5, 4.26314239501953125000e+01) (6, -1.01459777355194091797e+00) (0, -1.03675622940063476562e+01) (1, -8.96822094917297363281e-01) (2, 2.59469842910766601562e+00) (3, -2.74648022651672363281e+00) (4, -5.24969339370727539062e-01) (5, 4.62248373031616210938e+00) (6, 2.95668929815292358398e-01) (0, -8.55408072471618652344e-01) (1, 3.87433171272277832031e-01) (2, -1.79494266510009765625e+01) (3, -6.09412789344787597656e-01) (4, -5.89511096477508544922e-01) (5, 1.51965939998626708984e+00) (6, -7.49100804328918457031e-01) (7, -7.71343410015106201172e-02) (8, 7.37165756225585937500e+01) (9, -4.15533594787120819092e-02) (10, 1.16503171622753143311e-01) (11, 8.70589688420295715332e-02) 
