FANN_FLO_2.1
num_layers=3
learning_rate=0.500000
connection_rate=1.000000
network_type=0
learning_momentum=0.000000
training_algorithm=2
train_error_function=1
train_stop_function=0
cascade_output_change_fraction=0.010000
quickprop_decay=-0.000100
quickprop_mu=1.750000
rprop_increase_factor=1.200000
rprop_decrease_factor=0.500000
rprop_delta_min=0.000000
rprop_delta_max=50.000000
rprop_delta_zero=0.100000
cascade_output_stagnation_epochs=12
cascade_candidate_change_fraction=0.010000
cascade_candidate_stagnation_epochs=12
cascade_max_out_epochs=150
cascade_min_out_epochs=50
cascade_max_cand_epochs=150
cascade_min_cand_epochs=50
cascade_num_candidate_groups=2
bit_fail_limit=3.49999994039535522461e-01
cascade_candidate_limit=1.00000000000000000000e+03
cascade_weight_multiplier=4.00000005960464477539e-01
cascade_activation_functions_count=10
cascade_activation_functions=3 5 7 8 10 11 14 15 16 17 
cascade_activation_steepnesses_count=4
cascade_activation_steepnesses=2.50000000000000000000e-01 5.00000000000000000000e-01 7.50000000000000000000e-01 1.00000000000000000000e+00 
layer_sizes=10 5 2 
scale_included=0
neurons (num_inputs, activation_function, activation_steepness)=(0, 0, 0.00000000000000000000e+00) (0, 0, 0.00000000000000000000e+00) (0, 0, 0.00000000000000000000e+00) (0, 0, 0.00000000000000000000e+00) (0, 0, 0.00000000000000000000e+00) (0, 0, 0.00000000000000000000e+00) (0, 0, 0.00000000000000000000e+00) (0, 0, 0.00000000000000000000e+00) (0, 0, 0.00000000000000000000e+00) (0, 0, 0.00000000000000000000e+00) (10, 3, 5.00000000000000000000e-01) (10, 3, 5.00000000000000000000e-01) (10, 3, 5.00000000000000000000e-01) (10, 3, 5.00000000000000000000e-01) (0, 3, 0.00000000000000000000e+00) (5, 3, 5.00000000000000000000e-01) (0, 3, 0.00000000000000000000e+00) 
connections (connected_to_neuron, weight)=(0, -5.06152272224426269531e-01) (1, -3.78923058509826660156e-01) (2, -1.88290387392044067383e-01) (3, -4.74766433238983154297e-01) (4, -3.59957337379455566406e-01) (5, -4.50945228338241577148e-01) (6, -8.07765349745750427246e-02) (7, -2.22165316343307495117e-01) (8, -3.08538764715194702148e-01) (9, 2.37926721572875976562e-01) (0, -5.13664424419403076172e-01) (1, -4.85989511013031005859e-01) (2, -9.77872982621192932129e-02) (3, -4.37703102827072143555e-01) (4, -5.04710137844085693359e-01) (5, -2.03330054879188537598e-01) (6, -2.93334841728210449219e-01) (7, -2.60537505149841308594e-01) (8, -6.77259340882301330566e-02) (9, 2.74368733167648315430e-01) (0, -2.08084121346473693848e-01) (1, 2.86101158708333969116e-02) (2, 1.14517605304718017578e+00) (3, 1.04898903518915176392e-02) (4, -8.92414003610610961914e-02) (5, 6.61770641803741455078e-01) (6, 7.93464362621307373047e-01) (7, 7.07380533218383789062e-01) (8, 1.03622817993164062500e+00) (9, -1.27514755725860595703e+00) (0, 1.79129481315612792969e-01) (1, -6.71958863735198974609e-01) (2, -3.12203884124755859375e-01) (3, -7.03502476215362548828e-01) (4, 1.10871541500091552734e+00) (5, -9.44344520568847656250e-01) (6, -1.57747149467468261719e+00) (7, 1.47703242301940917969e+00) (8, -1.31386530399322509766e+00) (9, 3.05893361568450927734e-01) (10, -1.70815062522888183594e+00) (11, -3.64750051498413085938e+00) (12, 1.38119912147521972656e+00) (13, 3.70343998074531555176e-02) (14, 3.17183881998062133789e-01) 
