FANN_FLO_2.1
num_layers=3
learning_rate=0.500000
connection_rate=1.000000
network_type=0
learning_momentum=0.000000
training_algorithm=2
train_error_function=1
train_stop_function=0
cascade_output_change_fraction=0.010000
quickprop_decay=-0.000100
quickprop_mu=1.750000
rprop_increase_factor=1.200000
rprop_decrease_factor=0.500000
rprop_delta_min=0.000000
rprop_delta_max=50.000000
rprop_delta_zero=0.100000
cascade_output_stagnation_epochs=12
cascade_candidate_change_fraction=0.010000
cascade_candidate_stagnation_epochs=12
cascade_max_out_epochs=150
cascade_min_out_epochs=50
cascade_max_cand_epochs=150
cascade_min_cand_epochs=50
cascade_num_candidate_groups=2
bit_fail_limit=3.49999994039535522461e-01
cascade_candidate_limit=1.00000000000000000000e+03
cascade_weight_multiplier=4.00000005960464477539e-01
cascade_activation_functions_count=10
cascade_activation_functions=3 5 7 8 10 11 14 15 16 17 
cascade_activation_steepnesses_count=4
cascade_activation_steepnesses=2.50000000000000000000e-01 5.00000000000000000000e-01 7.50000000000000000000e-01 1.00000000000000000000e+00 
layer_sizes=3 5 4 
scale_included=0
neurons (num_inputs, activation_function, activation_steepness)=(0, 0, 0.00000000000000000000e+00) (0, 0, 0.00000000000000000000e+00) (0, 0, 0.00000000000000000000e+00) (3, 3, 5.00000000000000000000e-01) (3, 3, 5.00000000000000000000e-01) (3, 3, 5.00000000000000000000e-01) (3, 3, 5.00000000000000000000e-01) (0, 3, 0.00000000000000000000e+00) (5, 0, 5.00000000000000000000e-01) (5, 0, 5.00000000000000000000e-01) (5, 0, 5.00000000000000000000e-01) (0, 0, 0.00000000000000000000e+00) 
connections (connected_to_neuron, weight)=(0, -1.50000000000000000000e+03) (1, -3.86284912109375000000e+02) (2, 4.03253822326660156250e+01) (0, -2.29463844299316406250e+01) (1, 2.55722689628601074219e+00) (2, 9.04098606109619140625e+00) (0, -5.11217041015625000000e+01) (1, 2.31928024291992187500e+01) (2, 3.95569458007812500000e+01) (0, -3.42095909118652343750e+01) (1, -2.88782520294189453125e+01) (2, 1.44897377490997314453e+00) (3, 2.07182168960571289062e+00) (4, 2.02950716018676757812e+00) (5, 1.63857734203338623047e+00) (6, 2.26627373695373535156e+00) (7, 1.91973721981048583984e+00) (3, 4.53199005126953125000e+00) (4, 6.37521409988403320312e+00) (5, 6.21449518203735351562e+00) (6, 6.32346820831298828125e+00) (7, 7.15436363220214843750e+00) (3, 1.54992923736572265625e+01) (4, 1.87241725921630859375e+01) (5, 2.03249969482421875000e+01) (6, 1.87355976104736328125e+01) (7, 2.85721321105957031250e+01) 
