FANN_FLO_2.1
num_layers=4
learning_rate=0.300000
connection_rate=1.000000
network_type=0
learning_momentum=0.000000
training_algorithm=2
train_error_function=1
train_stop_function=0
cascade_output_change_fraction=0.010000
quickprop_decay=-0.000100
quickprop_mu=1.750000
rprop_increase_factor=1.200000
rprop_decrease_factor=0.500000
rprop_delta_min=0.000000
rprop_delta_max=50.000000
rprop_delta_zero=0.100000
cascade_output_stagnation_epochs=12
cascade_candidate_change_fraction=0.010000
cascade_candidate_stagnation_epochs=12
cascade_max_out_epochs=150
cascade_min_out_epochs=50
cascade_max_cand_epochs=150
cascade_min_cand_epochs=50
cascade_num_candidate_groups=2
bit_fail_limit=3.49999994039535522461e-01
cascade_candidate_limit=1.00000000000000000000e+03
cascade_weight_multiplier=4.00000005960464477539e-01
cascade_activation_functions_count=10
cascade_activation_functions=3 5 7 8 10 11 14 15 16 17 
cascade_activation_steepnesses_count=4
cascade_activation_steepnesses=2.50000000000000000000e-01 5.00000000000000000000e-01 7.50000000000000000000e-01 1.00000000000000000000e+00 
layer_sizes=2 5 5 3 
scale_included=0
neurons (num_inputs, activation_function, activation_steepness)=(0, 0, 0.00000000000000000000e+00) (0, 0, 0.00000000000000000000e+00) (2, 3, 5.00000000000000000000e-01) (2, 3, 5.00000000000000000000e-01) (2, 3, 5.00000000000000000000e-01) (2, 3, 5.00000000000000000000e-01) (0, 3, 0.00000000000000000000e+00) (5, 3, 5.00000000000000000000e-01) (5, 3, 5.00000000000000000000e-01) (5, 3, 5.00000000000000000000e-01) (5, 3, 5.00000000000000000000e-01) (0, 3, 0.00000000000000000000e+00) (5, 0, 5.00000000000000000000e-01) (5, 0, 5.00000000000000000000e-01) (0, 0, 0.00000000000000000000e+00) 
connections (connected_to_neuron, weight)=(0, -2.78426418304443359375e+01) (1, 1.22503578662872314453e+00) (0, -1.04897758483886718750e+02) (1, -9.82427179813385009766e-01) (0, 4.01573133468627929688e+00) (1, 8.13181495666503906250e+00) (0, -3.48082685470581054688e+00) (1, 2.57937831878662109375e+01) (2, -4.13432061672210693359e-01) (3, 1.16551980972290039062e+01) (4, -3.75454217195510864258e-01) (5, -1.93469858169555664062e+00) (6, -2.30682682991027832031e+00) (2, 7.53970384597778320312e-01) (3, 1.25794053077697753906e+00) (4, 7.09008574485778808594e-01) (5, 4.64486896991729736328e-01) (6, -1.82371890544891357422e+00) (2, -5.03345012664794921875e-01) (3, 7.26861953735351562500e+00) (4, -5.91882348060607910156e-01) (5, -7.00535655021667480469e-01) (6, -1.35330486297607421875e+00) (2, 6.08931183815002441406e-01) (3, 9.92433309555053710938e-01) (4, 5.94983041286468505859e-01) (5, 8.77869784832000732422e-01) (6, 1.36007601395249366760e-02) (7, 1.11468985676765441895e-01) (8, 6.67246207594871520996e-02) (9, 1.03588737547397613525e-01) (10, -9.01239141821861267090e-02) (11, -1.90288454294204711914e-01) (7, -4.72018837928771972656e-01) (8, -5.94020903110504150391e-01) (9, -4.58062112331390380859e-01) (10, -5.06789922714233398438e-01) (11, -3.36690038442611694336e-01) 
