FANN_FLO_2.1
num_layers=3
learning_rate=0.500000
connection_rate=1.000000
network_type=0
learning_momentum=0.000000
training_algorithm=2
train_error_function=1
train_stop_function=0
cascade_output_change_fraction=0.010000
quickprop_decay=-0.000100
quickprop_mu=1.750000
rprop_increase_factor=1.200000
rprop_decrease_factor=0.500000
rprop_delta_min=0.000000
rprop_delta_max=50.000000
rprop_delta_zero=0.100000
cascade_output_stagnation_epochs=12
cascade_candidate_change_fraction=0.010000
cascade_candidate_stagnation_epochs=12
cascade_max_out_epochs=150
cascade_min_out_epochs=50
cascade_max_cand_epochs=150
cascade_min_cand_epochs=50
cascade_num_candidate_groups=2
bit_fail_limit=3.49999994039535522461e-01
cascade_candidate_limit=1.00000000000000000000e+03
cascade_weight_multiplier=4.00000005960464477539e-01
cascade_activation_functions_count=10
cascade_activation_functions=3 5 7 8 10 11 14 15 16 17 
cascade_activation_steepnesses_count=4
cascade_activation_steepnesses=2.50000000000000000000e-01 5.00000000000000000000e-01 7.50000000000000000000e-01 1.00000000000000000000e+00 
layer_sizes=7 9 2 
scale_included=0
neurons (num_inputs, activation_function, activation_steepness)=(0, 0, 0.00000000000000000000e+00) (0, 0, 0.00000000000000000000e+00) (0, 0, 0.00000000000000000000e+00) (0, 0, 0.00000000000000000000e+00) (0, 0, 0.00000000000000000000e+00) (0, 0, 0.00000000000000000000e+00) (0, 0, 0.00000000000000000000e+00) (7, 3, 5.00000000000000000000e-01) (7, 3, 5.00000000000000000000e-01) (7, 3, 5.00000000000000000000e-01) (7, 3, 5.00000000000000000000e-01) (7, 3, 5.00000000000000000000e-01) (7, 3, 5.00000000000000000000e-01) (7, 3, 5.00000000000000000000e-01) (7, 3, 5.00000000000000000000e-01) (0, 3, 0.00000000000000000000e+00) (9, 0, 5.00000000000000000000e-01) (0, 0, 0.00000000000000000000e+00) 
connections (connected_to_neuron, weight)=(0, -1.09899053573608398438e+01) (1, -1.40800893306732177734e+00) (2, 1.45296449661254882812e+01) (3, -2.05882453918457031250e+00) (4, -7.54925668239593505859e-01) (5, -6.59150772094726562500e+01) (6, -1.18989276885986328125e+00) (0, -1.49942219257354736328e-01) (1, -2.30307020246982574463e-02) (2, -1.14689791202545166016e+00) (3, 9.21478793025016784668e-02) (4, 9.91040050983428955078e-01) (5, -2.59822569787502288818e-02) (6, 6.08202993869781494141e-01) (0, -1.02646887302398681641e-01) (1, 1.28837108612060546875e-01) (2, 9.52457427978515625000e-01) (3, -2.08132594823837280273e-01) (4, -3.27277868986129760742e-01) (5, -2.81799793243408203125e-01) (6, -7.79709160327911376953e-01) (0, -1.97443054199218750000e+02) (1, -2.37515401840209960938e+00) (2, 2.09005920410156250000e+02) (3, -1.75641596317291259766e+00) (4, -5.68831488490104675293e-02) (5, -1.07623939514160156250e+01) (6, -8.64062249660491943359e-01) (0, -2.34620227813720703125e+01) (1, -1.52737963199615478516e+00) (2, -2.49727508544921875000e+02) (3, -3.84256720542907714844e+00) (4, -9.37155723571777343750e-01) (5, -3.09284439086914062500e+01) (6, -2.62081456184387207031e+00) (0, -5.49750480651855468750e+01) (1, -1.07181386947631835938e+01) (2, -2.57002685546875000000e+02) (3, -1.36795978546142578125e+01) (4, -6.93436741828918457031e-01) (5, 2.01962490081787109375e+01) (6, -4.18798029422760009766e-01) (0, -2.43597552180290222168e-01) (1, 1.01865433156490325928e-01) (2, -1.10397949814796447754e-01) (3, -2.39802181720733642578e-01) (4, 8.25233399868011474609e-01) (5, -5.61324298381805419922e-01) (6, -3.22524547576904296875e-01) (0, -6.05609626770019531250e+01) (1, -1.24712162017822265625e+01) (2, -1.26881555175781250000e+03) (3, -1.31585824489593505859e+00) (4, -6.44249498844146728516e-01) (5, 2.24803388118743896484e-01) (6, -7.97095060348510742188e-01) (7, 2.99322485923767089844e-01) (8, -1.31565362215042114258e-01) (9, -1.30560725927352905273e-01) (10, -1.35356618557125329971e-03) (11, -1.50000000000000000000e+03) (12, -8.75298120081424713135e-03) (13, 1.96864642202854156494e-02) (14, -1.50000000000000000000e+03) (15, 1.30479767918586730957e-01) 
