FANN_FLO_2.1
num_layers=3
learning_rate=0.300000
connection_rate=1.000000
network_type=0
learning_momentum=0.000000
training_algorithm=2
train_error_function=1
train_stop_function=0
cascade_output_change_fraction=0.010000
quickprop_decay=-0.000100
quickprop_mu=1.750000
rprop_increase_factor=1.200000
rprop_decrease_factor=0.500000
rprop_delta_min=0.000000
rprop_delta_max=50.000000
rprop_delta_zero=0.100000
cascade_output_stagnation_epochs=12
cascade_candidate_change_fraction=0.010000
cascade_candidate_stagnation_epochs=12
cascade_max_out_epochs=150
cascade_min_out_epochs=50
cascade_max_cand_epochs=150
cascade_min_cand_epochs=50
cascade_num_candidate_groups=2
bit_fail_limit=3.49999994039535522461e-01
cascade_candidate_limit=1.00000000000000000000e+03
cascade_weight_multiplier=4.00000005960464477539e-01
cascade_activation_functions_count=10
cascade_activation_functions=3 5 7 8 10 11 14 15 16 17 
cascade_activation_steepnesses_count=4
cascade_activation_steepnesses=2.50000000000000000000e-01 5.00000000000000000000e-01 7.50000000000000000000e-01 1.00000000000000000000e+00 
layer_sizes=4 9 2 
scale_included=0
neurons (num_inputs, activation_function, activation_steepness)=(0, 0, 0.00000000000000000000e+00) (0, 0, 0.00000000000000000000e+00) (0, 0, 0.00000000000000000000e+00) (0, 0, 0.00000000000000000000e+00) (4, 3, 5.00000000000000000000e-01) (4, 3, 5.00000000000000000000e-01) (4, 3, 5.00000000000000000000e-01) (4, 3, 5.00000000000000000000e-01) (4, 3, 5.00000000000000000000e-01) (4, 3, 5.00000000000000000000e-01) (4, 3, 5.00000000000000000000e-01) (4, 3, 5.00000000000000000000e-01) (0, 3, 0.00000000000000000000e+00) (9, 3, 5.00000000000000000000e-01) (0, 3, 0.00000000000000000000e+00) 
connections (connected_to_neuron, weight)=(0, -1.36442482471466064453e+00) (1, 5.89221179485321044922e-01) (2, -3.62601488828659057617e-01) (3, 3.51045298576354980469e+00) (0, -3.10791611671447753906e-01) (1, 1.42178133130073547363e-01) (2, -4.32012021541595458984e-01) (3, -2.29662799835205078125e+00) (0, -5.62886581420898437500e+01) (1, 1.49165645241737365723e-01) (2, 3.42428565025329589844e-01) (3, 6.01840615272521972656e-01) (0, -1.13972294330596923828e+00) (1, 5.80621957778930664062e-01) (2, -2.34870958328247070312e+00) (3, 5.64715337753295898438e+00) (0, -1.21863663196563720703e+00) (1, 6.42934978008270263672e-01) (2, -1.93227541446685791016e+00) (3, 1.50272121429443359375e+01) (0, -3.87800872325897216797e-01) (1, 9.78903770446777343750e-02) (2, -7.02534973621368408203e-01) (3, 1.04668760299682617188e+01) (0, -2.85354882478713989258e-01) (1, 1.60603657364845275879e-01) (2, -5.20824134349822998047e-01) (3, -2.39454418420791625977e-01) (0, -1.37866020202636718750e-01) (1, 3.92885431647300720215e-02) (2, -2.48786076903343200684e-01) (3, 8.03102910518646240234e-01) (4, -8.45832526683807373047e-02) (5, 1.42505681514739990234e+00) (6, 1.50000000000000000000e+03) (7, -2.62057036161422729492e-01) (8, -1.48587003350257873535e-01) (9, -9.04706358909606933594e-01) (10, 8.91225814819335937500e-01) (11, -1.00351343154907226562e+01) (12, 8.88009667396545410156e-01) 
