FANN_FLO_2.1
num_layers=3
learning_rate=0.500000
connection_rate=1.000000
network_type=0
learning_momentum=0.000000
training_algorithm=2
train_error_function=1
train_stop_function=0
cascade_output_change_fraction=0.010000
quickprop_decay=-0.000100
quickprop_mu=1.750000
rprop_increase_factor=1.200000
rprop_decrease_factor=0.500000
rprop_delta_min=0.000000
rprop_delta_max=50.000000
rprop_delta_zero=0.100000
cascade_output_stagnation_epochs=12
cascade_candidate_change_fraction=0.010000
cascade_candidate_stagnation_epochs=12
cascade_max_out_epochs=150
cascade_min_out_epochs=50
cascade_max_cand_epochs=150
cascade_min_cand_epochs=50
cascade_num_candidate_groups=2
bit_fail_limit=3.49999994039535522461e-01
cascade_candidate_limit=1.00000000000000000000e+03
cascade_weight_multiplier=4.00000005960464477539e-01
cascade_activation_functions_count=10
cascade_activation_functions=3 5 7 8 10 11 14 15 16 17 
cascade_activation_steepnesses_count=4
cascade_activation_steepnesses=2.50000000000000000000e-01 5.00000000000000000000e-01 7.50000000000000000000e-01 1.00000000000000000000e+00 
layer_sizes=7 9 2 
scale_included=0
neurons (num_inputs, activation_function, activation_steepness)=(0, 0, 0.00000000000000000000e+00) (0, 0, 0.00000000000000000000e+00) (0, 0, 0.00000000000000000000e+00) (0, 0, 0.00000000000000000000e+00) (0, 0, 0.00000000000000000000e+00) (0, 0, 0.00000000000000000000e+00) (0, 0, 0.00000000000000000000e+00) (7, 3, 5.00000000000000000000e-01) (7, 3, 5.00000000000000000000e-01) (7, 3, 5.00000000000000000000e-01) (7, 3, 5.00000000000000000000e-01) (7, 3, 5.00000000000000000000e-01) (7, 3, 5.00000000000000000000e-01) (7, 3, 5.00000000000000000000e-01) (7, 3, 5.00000000000000000000e-01) (0, 3, 0.00000000000000000000e+00) (9, 0, 5.00000000000000000000e-01) (0, 0, 0.00000000000000000000e+00) 
connections (connected_to_neuron, weight)=(0, -4.13100272417068481445e-01) (1, 1.07277691364288330078e+00) (2, 4.58092069625854492188e+00) (3, -9.91262316703796386719e-01) (4, 6.55913949012756347656e-01) (5, -3.49370503425598144531e+00) (6, 6.80421531200408935547e-01) (0, -3.89213889837265014648e-01) (1, 2.38892912864685058594e+00) (2, -1.34302639961242675781e+00) (3, -7.50691592693328857422e-01) (4, 3.35123753547668457031e+00) (5, -1.75689446926116943359e+00) (6, -1.15363922119140625000e+01) (0, -1.50000000000000000000e+03) (1, -1.50000000000000000000e+03) (2, -1.50000000000000000000e+03) (3, -1.50000000000000000000e+03) (4, -1.50000000000000000000e+03) (5, 1.50000000000000000000e+03) (6, -3.88463526964187622070e-01) (0, -1.61436304450035095215e-01) (1, -7.15793728828430175781e-01) (2, 3.06813746690750122070e-01) (3, -2.32373371720314025879e-01) (4, -4.14253771305084228516e-01) (5, 1.01506197452545166016e+00) (6, -2.07303911447525024414e-01) (0, -3.92493784427642822266e-01) (1, 7.95114755630493164062e-01) (2, -1.14280104637145996094e+00) (3, 3.02425295114517211914e-01) (4, 3.71955186128616333008e-01) (5, -1.97529345750808715820e-01) (6, -1.22798287868499755859e+00) (0, -8.31920683383941650391e-01) (1, 1.24596714973449707031e+00) (2, -3.02474766969680786133e-01) (3, -7.04387724399566650391e-02) (4, 1.29951074719429016113e-01) (5, -2.71677803993225097656e+00) (6, -5.66487371921539306641e-01) (0, -2.23030447959899902344e-01) (1, -1.17505121231079101562e+00) (2, 8.64306628704071044922e-01) (3, -3.41087043285369873047e-01) (4, -5.57747602462768554688e-01) (5, 1.27279341220855712891e+00) (6, 2.67347216606140136719e-01) (0, -1.50000000000000000000e+03) (1, -1.50000000000000000000e+03) (2, -1.50000000000000000000e+03) (3, -1.50000000000000000000e+03) (4, -1.50000000000000000000e+03) (5, 1.50000000000000000000e+03) (6, -1.11518248915672302246e-01) (7, 7.19040557742118835449e-02) (8, -1.04289248585700988770e-01) (9, 1.50000000000000000000e+03) (10, -7.02238976955413818359e-01) (11, 8.07713940739631652832e-02) (12, -5.28854653239250183105e-02) (13, 6.76256716251373291016e-01) (14, 1.50000000000000000000e+03) (15, 1.88774671405553817749e-02) 
