FANN_FLO_2.1
num_layers=3
learning_rate=0.500000
connection_rate=1.000000
network_type=0
learning_momentum=0.000000
training_algorithm=2
train_error_function=1
train_stop_function=0
cascade_output_change_fraction=0.010000
quickprop_decay=-0.000100
quickprop_mu=1.750000
rprop_increase_factor=1.200000
rprop_decrease_factor=0.500000
rprop_delta_min=0.000000
rprop_delta_max=50.000000
rprop_delta_zero=0.100000
cascade_output_stagnation_epochs=12
cascade_candidate_change_fraction=0.010000
cascade_candidate_stagnation_epochs=12
cascade_max_out_epochs=150
cascade_min_out_epochs=50
cascade_max_cand_epochs=150
cascade_min_cand_epochs=50
cascade_num_candidate_groups=2
bit_fail_limit=3.49999994039535522461e-01
cascade_candidate_limit=1.00000000000000000000e+03
cascade_weight_multiplier=4.00000005960464477539e-01
cascade_activation_functions_count=10
cascade_activation_functions=3 5 7 8 10 11 14 15 16 17 
cascade_activation_steepnesses_count=4
cascade_activation_steepnesses=2.50000000000000000000e-01 5.00000000000000000000e-01 7.50000000000000000000e-01 1.00000000000000000000e+00 
layer_sizes=10 3 2 
scale_included=0
neurons (num_inputs, activation_function, activation_steepness)=(0, 0, 0.00000000000000000000e+00) (0, 0, 0.00000000000000000000e+00) (0, 0, 0.00000000000000000000e+00) (0, 0, 0.00000000000000000000e+00) (0, 0, 0.00000000000000000000e+00) (0, 0, 0.00000000000000000000e+00) (0, 0, 0.00000000000000000000e+00) (0, 0, 0.00000000000000000000e+00) (0, 0, 0.00000000000000000000e+00) (0, 0, 0.00000000000000000000e+00) (10, 3, 5.00000000000000000000e-01) (10, 3, 5.00000000000000000000e-01) (0, 3, 0.00000000000000000000e+00) (3, 3, 5.00000000000000000000e-01) (0, 3, 0.00000000000000000000e+00) 
connections (connected_to_neuron, weight)=(0, 5.83605587482452392578e-01) (1, 5.81930458545684814453e-01) (2, 4.54991817474365234375e-01) (3, 4.13819342851638793945e-01) (4, -4.03117835521697998047e-01) (5, 6.60977780818939208984e-01) (6, 5.96223711967468261719e-01) (7, 3.31555247306823730469e-01) (8, 4.64711248874664306641e-01) (9, 1.07627868652343750000e-01) (0, -4.12278920412063598633e-01) (1, -4.26349103450775146484e-01) (2, -4.02900397777557373047e-01) (3, -4.01092320680618286133e-01) (4, -5.81999480724334716797e-01) (5, -3.88150960206985473633e-01) (6, -4.26951825618743896484e-01) (7, -4.34664726257324218750e-01) (8, -4.19467806816101074219e-01) (9, 1.49968552589416503906e+00) (10, 1.37944042682647705078e+00) (11, -3.84562039375305175781e+00) (12, 3.03412467241287231445e-01) 
