FANN_FLO_2.1
num_layers=4
learning_rate=0.300000
connection_rate=1.000000
network_type=0
learning_momentum=0.000000
training_algorithm=2
train_error_function=1
train_stop_function=0
cascade_output_change_fraction=0.010000
quickprop_decay=-0.000100
quickprop_mu=1.750000
rprop_increase_factor=1.200000
rprop_decrease_factor=0.500000
rprop_delta_min=0.000000
rprop_delta_max=50.000000
rprop_delta_zero=0.100000
cascade_output_stagnation_epochs=12
cascade_candidate_change_fraction=0.010000
cascade_candidate_stagnation_epochs=12
cascade_max_out_epochs=150
cascade_min_out_epochs=50
cascade_max_cand_epochs=150
cascade_min_cand_epochs=50
cascade_num_candidate_groups=2
bit_fail_limit=3.49999994039535522461e-01
cascade_candidate_limit=1.00000000000000000000e+03
cascade_weight_multiplier=4.00000005960464477539e-01
cascade_activation_functions_count=10
cascade_activation_functions=3 5 7 8 10 11 14 15 16 17 
cascade_activation_steepnesses_count=4
cascade_activation_steepnesses=2.50000000000000000000e-01 5.00000000000000000000e-01 7.50000000000000000000e-01 1.00000000000000000000e+00 
layer_sizes=2 5 3 3 
scale_included=0
neurons (num_inputs, activation_function, activation_steepness)=(0, 0, 0.00000000000000000000e+00) (0, 0, 0.00000000000000000000e+00) (2, 3, 5.00000000000000000000e-01) (2, 3, 5.00000000000000000000e-01) (2, 3, 5.00000000000000000000e-01) (2, 3, 5.00000000000000000000e-01) (0, 3, 0.00000000000000000000e+00) (5, 3, 5.00000000000000000000e-01) (5, 3, 5.00000000000000000000e-01) (0, 3, 0.00000000000000000000e+00) (3, 0, 5.00000000000000000000e-01) (3, 0, 5.00000000000000000000e-01) (0, 0, 0.00000000000000000000e+00) 
connections (connected_to_neuron, weight)=(0, -1.20527780055999755859e+00) (1, -3.96507859230041503906e+00) (0, -1.34124553203582763672e+00) (1, -4.11611127853393554688e+00) (0, -4.46443843841552734375e+00) (1, -9.52779197692871093750e+00) (0, -1.20774078369140625000e+00) (1, -4.15688085556030273438e+00) (2, 4.94410663843154907227e-01) (3, 7.28493452072143554688e-01) (4, 4.03893947601318359375e+00) (5, -1.46796827316284179688e+01) (6, 2.78659999370574951172e-01) (2, 4.12543922662734985352e-01) (3, 3.01846712827682495117e-01) (4, 4.89826393127441406250e+00) (5, 3.16352486610412597656e-01) (6, -8.77415478229522705078e-01) (7, 2.20562284812331199646e-03) (8, -7.39718750119209289551e-02) (9, -1.70855689793825149536e-03) (7, -9.13578093051910400391e-01) (8, -1.64010047912597656250e+00) (9, -3.87657165527343750000e-01) 
