FANN_FLO_2.1
num_layers=3
learning_rate=0.300000
connection_rate=1.000000
network_type=0
learning_momentum=0.000000
training_algorithm=2
train_error_function=1
train_stop_function=0
cascade_output_change_fraction=0.010000
quickprop_decay=-0.000100
quickprop_mu=1.750000
rprop_increase_factor=1.200000
rprop_decrease_factor=0.500000
rprop_delta_min=0.000000
rprop_delta_max=50.000000
rprop_delta_zero=0.100000
cascade_output_stagnation_epochs=12
cascade_candidate_change_fraction=0.010000
cascade_candidate_stagnation_epochs=12
cascade_max_out_epochs=150
cascade_min_out_epochs=50
cascade_max_cand_epochs=150
cascade_min_cand_epochs=50
cascade_num_candidate_groups=2
bit_fail_limit=3.49999994039535522461e-01
cascade_candidate_limit=1.00000000000000000000e+03
cascade_weight_multiplier=4.00000005960464477539e-01
cascade_activation_functions_count=10
cascade_activation_functions=3 5 7 8 10 11 14 15 16 17 
cascade_activation_steepnesses_count=4
cascade_activation_steepnesses=2.50000000000000000000e-01 5.00000000000000000000e-01 7.50000000000000000000e-01 1.00000000000000000000e+00 
layer_sizes=4 9 2 
scale_included=0
neurons (num_inputs, activation_function, activation_steepness)=(0, 0, 0.00000000000000000000e+00) (0, 0, 0.00000000000000000000e+00) (0, 0, 0.00000000000000000000e+00) (0, 0, 0.00000000000000000000e+00) (4, 3, 5.00000000000000000000e-01) (4, 3, 5.00000000000000000000e-01) (4, 3, 5.00000000000000000000e-01) (4, 3, 5.00000000000000000000e-01) (4, 3, 5.00000000000000000000e-01) (4, 3, 5.00000000000000000000e-01) (4, 3, 5.00000000000000000000e-01) (4, 3, 5.00000000000000000000e-01) (0, 3, 0.00000000000000000000e+00) (9, 3, 5.00000000000000000000e-01) (0, 3, 0.00000000000000000000e+00) 
connections (connected_to_neuron, weight)=(0, -1.26851522922515869141e+00) (1, 7.85797059535980224609e-01) (2, -2.32535481452941894531e+00) (3, -4.41188478469848632812e+00) (0, 1.21713332831859588623e-01) (1, -5.83426989614963531494e-02) (2, 6.41176521778106689453e-01) (3, -3.22209596633911132812e+00) (0, -1.84216722846031188965e-01) (1, 4.60451934486627578735e-03) (2, -8.17870572209358215332e-02) (3, 3.14994096755981445312e+00) (0, -1.09305417537689208984e+00) (1, 9.23886716365814208984e-01) (2, -2.15337872505187988281e+00) (3, 1.22539949417114257812e+00) (0, -4.21665281057357788086e-01) (1, 2.66619652509689331055e-01) (2, -2.47428834438323974609e-01) (3, 7.18399107456207275391e-01) (0, -3.19711536169052124023e-01) (1, 1.73844993114471435547e-01) (2, -6.31430029869079589844e-01) (3, 3.00309300422668457031e+00) (0, -9.14719581604003906250e-01) (1, -1.00574699401855468750e+02) (2, 1.49362097167968750000e+03) (3, 1.54447659850120544434e-01) (0, -1.09291923046112060547e+00) (1, 1.64710556030273437500e+02) (2, 5.55472469329833984375e+00) (3, 3.12215566635131835938e-01) (4, -5.74971996247768402100e-02) (5, 1.77389967441558837891e+00) (6, -3.69590401649475097656e+00) (7, -3.31718206405639648438e-01) (8, -4.85852986574172973633e-01) (9, -5.35366296768188476562e-01) (10, 2.89732589721679687500e+01) (11, -2.92397594451904296875e+01) (12, -2.20477327704429626465e-01) 
