FANN_FLO_2.1
num_layers=3
learning_rate=0.500000
connection_rate=1.000000
network_type=0
learning_momentum=0.000000
training_algorithm=2
train_error_function=1
train_stop_function=0
cascade_output_change_fraction=0.010000
quickprop_decay=-0.000100
quickprop_mu=1.750000
rprop_increase_factor=1.200000
rprop_decrease_factor=0.500000
rprop_delta_min=0.000000
rprop_delta_max=50.000000
rprop_delta_zero=0.100000
cascade_output_stagnation_epochs=12
cascade_candidate_change_fraction=0.010000
cascade_candidate_stagnation_epochs=12
cascade_max_out_epochs=150
cascade_min_out_epochs=50
cascade_max_cand_epochs=150
cascade_min_cand_epochs=50
cascade_num_candidate_groups=2
bit_fail_limit=3.49999994039535522461e-01
cascade_candidate_limit=1.00000000000000000000e+03
cascade_weight_multiplier=4.00000005960464477539e-01
cascade_activation_functions_count=10
cascade_activation_functions=3 5 7 8 10 11 14 15 16 17 
cascade_activation_steepnesses_count=4
cascade_activation_steepnesses=2.50000000000000000000e-01 5.00000000000000000000e-01 7.50000000000000000000e-01 1.00000000000000000000e+00 
layer_sizes=3 5 4 
scale_included=0
neurons (num_inputs, activation_function, activation_steepness)=(0, 0, 0.00000000000000000000e+00) (0, 0, 0.00000000000000000000e+00) (0, 0, 0.00000000000000000000e+00) (3, 3, 5.00000000000000000000e-01) (3, 3, 5.00000000000000000000e-01) (3, 3, 5.00000000000000000000e-01) (3, 3, 5.00000000000000000000e-01) (0, 3, 0.00000000000000000000e+00) (5, 0, 5.00000000000000000000e-01) (5, 0, 5.00000000000000000000e-01) (5, 0, 5.00000000000000000000e-01) (0, 0, 0.00000000000000000000e+00) 
connections (connected_to_neuron, weight)=(0, -1.39243029785156250000e+03) (1, 2.98116092681884765625e+01) (2, 2.95037555694580078125e+01) (0, -1.60971698760986328125e+01) (1, 1.16628217697143554688e+01) (2, 1.41878538131713867188e+01) (0, -3.76684684753417968750e+01) (1, 1.17062902450561523438e+01) (2, 1.48435239791870117188e+01) (0, -2.51602959632873535156e+00) (1, -2.28022098541259765625e+00) (2, 1.56832218170166015625e-01) (3, 2.39630126953125000000e+00) (4, 1.54410076141357421875e+00) (5, 1.46488606929779052734e+00) (6, 3.62712645530700683594e+00) (7, 1.45207464694976806641e+00) (3, 5.25657892227172851562e+00) (4, 5.84613800048828125000e+00) (5, 5.50762224197387695312e+00) (6, 1.01533813476562500000e+01) (7, 5.41821050643920898438e+00) (3, 1.83257274627685546875e+01) (4, 1.90595455169677734375e+01) (5, 1.65007419586181640625e+01) (6, 3.33974227905273437500e+01) (7, 2.26304111480712890625e+01) 
