FANN_FLO_2.1
num_layers=3
learning_rate=0.500000
connection_rate=1.000000
network_type=0
learning_momentum=0.000000
training_algorithm=2
train_error_function=1
train_stop_function=0
cascade_output_change_fraction=0.010000
quickprop_decay=-0.000100
quickprop_mu=1.750000
rprop_increase_factor=1.200000
rprop_decrease_factor=0.500000
rprop_delta_min=0.000000
rprop_delta_max=50.000000
rprop_delta_zero=0.100000
cascade_output_stagnation_epochs=12
cascade_candidate_change_fraction=0.010000
cascade_candidate_stagnation_epochs=12
cascade_max_out_epochs=150
cascade_min_out_epochs=50
cascade_max_cand_epochs=150
cascade_min_cand_epochs=50
cascade_num_candidate_groups=2
bit_fail_limit=3.49999994039535522461e-01
cascade_candidate_limit=1.00000000000000000000e+03
cascade_weight_multiplier=4.00000005960464477539e-01
cascade_activation_functions_count=10
cascade_activation_functions=3 5 7 8 10 11 14 15 16 17 
cascade_activation_steepnesses_count=4
cascade_activation_steepnesses=2.50000000000000000000e-01 5.00000000000000000000e-01 7.50000000000000000000e-01 1.00000000000000000000e+00 
layer_sizes=10 3 2 
scale_included=0
neurons (num_inputs, activation_function, activation_steepness)=(0, 0, 0.00000000000000000000e+00) (0, 0, 0.00000000000000000000e+00) (0, 0, 0.00000000000000000000e+00) (0, 0, 0.00000000000000000000e+00) (0, 0, 0.00000000000000000000e+00) (0, 0, 0.00000000000000000000e+00) (0, 0, 0.00000000000000000000e+00) (0, 0, 0.00000000000000000000e+00) (0, 0, 0.00000000000000000000e+00) (0, 0, 0.00000000000000000000e+00) (10, 3, 5.00000000000000000000e-01) (10, 3, 5.00000000000000000000e-01) (0, 3, 0.00000000000000000000e+00) (3, 3, 5.00000000000000000000e-01) (0, 3, 0.00000000000000000000e+00) 
connections (connected_to_neuron, weight)=(0, -5.48673689365386962891e-01) (1, -6.06763482093811035156e-01) (2, -2.30150148272514343262e-01) (3, -7.33397752046585083008e-02) (4, -3.09568315744400024414e-01) (5, -4.28822368383407592773e-01) (6, -3.91471952199935913086e-01) (7, -2.35365942120552062988e-01) (8, -3.22542011737823486328e-01) (9, 2.74248301982879638672e-01) (0, -2.16249734163284301758e-01) (1, -2.03688427805900573730e-01) (2, -4.01091307401657104492e-01) (3, -5.51634013652801513672e-01) (4, -3.32718819379806518555e-01) (5, -3.52509051561355590820e-01) (6, -3.32339107990264892578e-01) (7, -4.83078956604003906250e-01) (8, -3.66278260946273803711e-01) (9, 5.34991919994354248047e-01) (10, -2.76683783531188964844e+00) (11, -3.99345970153808593750e+00) (12, 1.62003195285797119141e+00) 
