FANN_FLO_2.1
num_layers=4
learning_rate=0.500000
connection_rate=1.000000
network_type=0
learning_momentum=0.000000
training_algorithm=2
train_error_function=1
train_stop_function=0
cascade_output_change_fraction=0.010000
quickprop_decay=-0.000100
quickprop_mu=1.750000
rprop_increase_factor=1.200000
rprop_decrease_factor=0.500000
rprop_delta_min=0.000000
rprop_delta_max=50.000000
rprop_delta_zero=0.100000
cascade_output_stagnation_epochs=12
cascade_candidate_change_fraction=0.010000
cascade_candidate_stagnation_epochs=12
cascade_max_out_epochs=150
cascade_min_out_epochs=50
cascade_max_cand_epochs=150
cascade_min_cand_epochs=50
cascade_num_candidate_groups=2
bit_fail_limit=3.49999994039535522461e-01
cascade_candidate_limit=1.00000000000000000000e+03
cascade_weight_multiplier=4.00000005960464477539e-01
cascade_activation_functions_count=10
cascade_activation_functions=3 5 7 8 10 11 14 15 16 17 
cascade_activation_steepnesses_count=4
cascade_activation_steepnesses=2.50000000000000000000e-01 5.00000000000000000000e-01 7.50000000000000000000e-01 1.00000000000000000000e+00 
layer_sizes=4 5 5 2 
scale_included=0
neurons (num_inputs, activation_function, activation_steepness)=(0, 0, 0.00000000000000000000e+00) (0, 0, 0.00000000000000000000e+00) (0, 0, 0.00000000000000000000e+00) (0, 0, 0.00000000000000000000e+00) (4, 3, 5.00000000000000000000e-01) (4, 3, 5.00000000000000000000e-01) (4, 3, 5.00000000000000000000e-01) (4, 3, 5.00000000000000000000e-01) (0, 3, 0.00000000000000000000e+00) (5, 3, 5.00000000000000000000e-01) (5, 3, 5.00000000000000000000e-01) (5, 3, 5.00000000000000000000e-01) (5, 3, 5.00000000000000000000e-01) (0, 3, 0.00000000000000000000e+00) (5, 3, 5.00000000000000000000e-01) (0, 3, 0.00000000000000000000e+00) 
connections (connected_to_neuron, weight)=(0, -2.19023156166076660156e+00) (1, -9.69645690917968750000e+00) (2, 1.73964393138885498047e+00) (3, 2.83930706977844238281e+00) (0, -3.59571576118469238281e+00) (1, -3.52561688423156738281e+00) (2, 1.02714948356151580811e-01) (3, 2.02229714393615722656e+00) (0, -2.37834095954895019531e+00) (1, -3.65600228309631347656e+00) (2, -1.09436616301536560059e-01) (3, 9.21232998371124267578e-01) (0, -1.54933977127075195312e+00) (1, -1.01884403228759765625e+01) (2, 1.38657689094543457031e+00) (3, 2.71925497055053710938e+00) (4, 1.11555166244506835938e+01) (5, 2.48692588806152343750e+01) (6, 7.81821632385253906250e+00) (7, 5.52510452270507812500e+00) (8, -9.29619407653808593750e+00) (4, -3.66963386535644531250e+00) (5, -4.98259449005126953125e+00) (6, -1.48874454498291015625e+01) (7, -5.71650600433349609375e+00) (8, 5.78422069549560546875e-01) (4, 3.10214400291442871094e+00) (5, 8.00124931335449218750e+00) (6, 2.65982937812805175781e+00) (7, 3.05494928359985351562e+00) (8, -2.15076136589050292969e+00) (4, 1.79238872528076171875e+01) (5, 2.27943706512451171875e+01) (6, 4.35174322128295898438e+00) (7, 4.44691991806030273438e+00) (8, -9.77694606781005859375e+00) (9, -2.79692912101745605469e+00) (10, 5.60302376747131347656e-01) (11, 2.15722703933715820312e+00) (12, -3.15689921379089355469e+00) (13, 1.56999957561492919922e+00) 
