FANN_FLO_2.1
num_layers=3
learning_rate=0.500000
connection_rate=1.000000
network_type=0
learning_momentum=0.000000
training_algorithm=2
train_error_function=1
train_stop_function=0
cascade_output_change_fraction=0.010000
quickprop_decay=-0.000100
quickprop_mu=1.750000
rprop_increase_factor=1.200000
rprop_decrease_factor=0.500000
rprop_delta_min=0.000000
rprop_delta_max=50.000000
rprop_delta_zero=0.100000
cascade_output_stagnation_epochs=12
cascade_candidate_change_fraction=0.010000
cascade_candidate_stagnation_epochs=12
cascade_max_out_epochs=150
cascade_min_out_epochs=50
cascade_max_cand_epochs=150
cascade_min_cand_epochs=50
cascade_num_candidate_groups=2
bit_fail_limit=3.49999994039535522461e-01
cascade_candidate_limit=1.00000000000000000000e+03
cascade_weight_multiplier=4.00000005960464477539e-01
cascade_activation_functions_count=10
cascade_activation_functions=3 5 7 8 10 11 14 15 16 17 
cascade_activation_steepnesses_count=4
cascade_activation_steepnesses=2.50000000000000000000e-01 5.00000000000000000000e-01 7.50000000000000000000e-01 1.00000000000000000000e+00 
layer_sizes=10 3 2 
scale_included=0
neurons (num_inputs, activation_function, activation_steepness)=(0, 0, 0.00000000000000000000e+00) (0, 0, 0.00000000000000000000e+00) (0, 0, 0.00000000000000000000e+00) (0, 0, 0.00000000000000000000e+00) (0, 0, 0.00000000000000000000e+00) (0, 0, 0.00000000000000000000e+00) (0, 0, 0.00000000000000000000e+00) (0, 0, 0.00000000000000000000e+00) (0, 0, 0.00000000000000000000e+00) (0, 0, 0.00000000000000000000e+00) (10, 3, 5.00000000000000000000e-01) (10, 3, 5.00000000000000000000e-01) (0, 3, 0.00000000000000000000e+00) (3, 3, 5.00000000000000000000e-01) (0, 3, 0.00000000000000000000e+00) 
connections (connected_to_neuron, weight)=(0, -5.49736142158508300781e-01) (1, -5.31263887882232666016e-01) (2, -3.62676173448562622070e-01) (3, -8.09196650981903076172e-01) (4, -6.83528959751129150391e-01) (5, -4.12522464990615844727e-01) (6, -5.38414955139160156250e-01) (7, -5.61957836151123046875e-01) (8, -3.79344135522842407227e-01) (9, 2.00354218482971191406e+00) (0, -3.54092568159103393555e-01) (1, -5.51909089088439941406e-01) (2, -1.17463612556457519531e+00) (3, 6.94098949432373046875e-01) (4, 2.07302153110504150391e-01) (5, -9.98906612396240234375e-01) (6, -4.13340240716934204102e-01) (7, -4.89282548427581787109e-01) (8, -1.15263175964355468750e+00) (9, 6.73718571662902832031e-01) (10, -3.04670524597167968750e+00) (11, -1.06360924243927001953e+00) (12, 1.43405079841613769531e+00) 
