FANN_FLO_2.1
num_layers=3
learning_rate=0.500000
connection_rate=1.000000
network_type=0
learning_momentum=0.000000
training_algorithm=2
train_error_function=1
train_stop_function=0
cascade_output_change_fraction=0.010000
quickprop_decay=-0.000100
quickprop_mu=1.750000
rprop_increase_factor=1.200000
rprop_decrease_factor=0.500000
rprop_delta_min=0.000000
rprop_delta_max=50.000000
rprop_delta_zero=0.100000
cascade_output_stagnation_epochs=12
cascade_candidate_change_fraction=0.010000
cascade_candidate_stagnation_epochs=12
cascade_max_out_epochs=150
cascade_min_out_epochs=50
cascade_max_cand_epochs=150
cascade_min_cand_epochs=50
cascade_num_candidate_groups=2
bit_fail_limit=3.49999994039535522461e-01
cascade_candidate_limit=1.00000000000000000000e+03
cascade_weight_multiplier=4.00000005960464477539e-01
cascade_activation_functions_count=10
cascade_activation_functions=3 5 7 8 10 11 14 15 16 17 
cascade_activation_steepnesses_count=4
cascade_activation_steepnesses=2.50000000000000000000e-01 5.00000000000000000000e-01 7.50000000000000000000e-01 1.00000000000000000000e+00 
layer_sizes=7 5 2 
scale_included=0
neurons (num_inputs, activation_function, activation_steepness)=(0, 0, 0.00000000000000000000e+00) (0, 0, 0.00000000000000000000e+00) (0, 0, 0.00000000000000000000e+00) (0, 0, 0.00000000000000000000e+00) (0, 0, 0.00000000000000000000e+00) (0, 0, 0.00000000000000000000e+00) (0, 0, 0.00000000000000000000e+00) (7, 3, 5.00000000000000000000e-01) (7, 3, 5.00000000000000000000e-01) (7, 3, 5.00000000000000000000e-01) (7, 3, 5.00000000000000000000e-01) (0, 3, 0.00000000000000000000e+00) (5, 0, 5.00000000000000000000e-01) (0, 0, 0.00000000000000000000e+00) 
connections (connected_to_neuron, weight)=(0, -5.10055243968963623047e-01) (1, -3.41635495424270629883e-01) (2, -9.62448978424072265625e+00) (3, -4.27478134632110595703e-01) (4, -1.60561096668243408203e+00) (5, -3.43793809413909912109e-01) (6, -2.68964737653732299805e-01) (0, -6.02999031543731689453e-01) (1, -7.71754503250122070312e-01) (2, 1.35400795936584472656e+00) (3, -7.36161887645721435547e-01) (4, -1.00982415676116943359e+00) (5, -6.64147257804870605469e-01) (6, -9.30490612983703613281e-01) (0, -6.66337156295776367188e+00) (1, -3.79492378234863281250e+00) (2, 1.75732383728027343750e+01) (3, -7.66584253311157226562e+00) (4, -1.54154405593872070312e+01) (5, -2.31640434265136718750e+01) (6, -8.98612976074218750000e+00) (0, 5.51362410187721252441e-02) (1, -5.86617141962051391602e-02) (2, -9.77576337754726409912e-03) (3, -8.36057774722576141357e-03) (4, -1.91219639964401721954e-03) (5, -5.68991061300039291382e-03) (6, -2.28656381368637084961e-01) (7, -9.14761352539062500000e+00) (8, -5.57766532897949218750e+00) (9, -8.77639502286911010742e-02) (10, 1.04892045259475708008e-01) (11, -2.99242120236158370972e-02) 
