FANN_FLO_2.1
num_layers=3
learning_rate=0.500000
connection_rate=1.000000
network_type=0
learning_momentum=0.000000
training_algorithm=2
train_error_function=1
train_stop_function=0
cascade_output_change_fraction=0.010000
quickprop_decay=-0.000100
quickprop_mu=1.750000
rprop_increase_factor=1.200000
rprop_decrease_factor=0.500000
rprop_delta_min=0.000000
rprop_delta_max=50.000000
rprop_delta_zero=0.100000
cascade_output_stagnation_epochs=12
cascade_candidate_change_fraction=0.010000
cascade_candidate_stagnation_epochs=12
cascade_max_out_epochs=150
cascade_min_out_epochs=50
cascade_max_cand_epochs=150
cascade_min_cand_epochs=50
cascade_num_candidate_groups=2
bit_fail_limit=3.49999994039535522461e-01
cascade_candidate_limit=1.00000000000000000000e+03
cascade_weight_multiplier=4.00000005960464477539e-01
cascade_activation_functions_count=10
cascade_activation_functions=3 5 7 8 10 11 14 15 16 17 
cascade_activation_steepnesses_count=4
cascade_activation_steepnesses=2.50000000000000000000e-01 5.00000000000000000000e-01 7.50000000000000000000e-01 1.00000000000000000000e+00 
layer_sizes=10 5 2 
scale_included=0
neurons (num_inputs, activation_function, activation_steepness)=(0, 0, 0.00000000000000000000e+00) (0, 0, 0.00000000000000000000e+00) (0, 0, 0.00000000000000000000e+00) (0, 0, 0.00000000000000000000e+00) (0, 0, 0.00000000000000000000e+00) (0, 0, 0.00000000000000000000e+00) (0, 0, 0.00000000000000000000e+00) (0, 0, 0.00000000000000000000e+00) (0, 0, 0.00000000000000000000e+00) (0, 0, 0.00000000000000000000e+00) (10, 3, 5.00000000000000000000e-01) (10, 3, 5.00000000000000000000e-01) (10, 3, 5.00000000000000000000e-01) (10, 3, 5.00000000000000000000e-01) (0, 3, 0.00000000000000000000e+00) (5, 3, 5.00000000000000000000e-01) (0, 3, 0.00000000000000000000e+00) 
connections (connected_to_neuron, weight)=(0, -6.31410896778106689453e-01) (1, -4.05628770589828491211e-01) (2, -7.14485406875610351562e-01) (3, -1.61017358303070068359e-01) (4, -5.63300132751464843750e-01) (5, -6.69753491878509521484e-01) (6, -3.71920257806777954102e-01) (7, -5.29020488262176513672e-01) (8, -4.01450574398040771484e-01) (9, 1.87736654281616210938e+00) (0, -6.60493001341819763184e-02) (1, -3.94326269626617431641e-01) (2, -1.00387305021286010742e-01) (3, -6.55840575695037841797e-01) (4, -6.60735189914703369141e-01) (5, -8.55525135993957519531e-01) (6, -2.19036385416984558105e-01) (7, -2.95641452074050903320e-01) (8, -5.17919361591339111328e-01) (9, 1.01655113697052001953e+00) (0, -8.14435541629791259766e-01) (1, -5.73412179946899414062e-01) (2, -6.86626374721527099609e-01) (3, -3.21795731782913208008e-01) (4, -1.58022999763488769531e-01) (5, -3.39793443679809570312e-01) (6, -8.17127466201782226562e-01) (7, -6.11382007598876953125e-01) (8, -4.20437216758728027344e-01) (9, 2.01552200317382812500e+00) (0, -7.26645231246948242188e-01) (1, -6.10117197036743164062e-01) (2, -7.68749058246612548828e-01) (3, -7.16908395290374755859e-01) (4, -2.81842172145843505859e-01) (5, 1.39299666881561279297e+00) (6, -6.43210768699645996094e-01) (7, -6.64081156253814697266e-01) (8, -5.26496350765228271484e-01) (9, 6.36733412742614746094e-01) (10, -9.40368592739105224609e-01) (11, -1.84895622730255126953e+00) (12, -1.18575799465179443359e+00) (13, -5.07052421569824218750e-01) (14, 1.56258189678192138672e+00) 
