FANN_FLO_2.1
num_layers=3
learning_rate=0.400000
connection_rate=1.000000
network_type=0
learning_momentum=0.000000
training_algorithm=2
train_error_function=1
train_stop_function=0
cascade_output_change_fraction=0.010000
quickprop_decay=-0.000100
quickprop_mu=1.750000
rprop_increase_factor=1.200000
rprop_decrease_factor=0.500000
rprop_delta_min=0.000000
rprop_delta_max=50.000000
rprop_delta_zero=0.100000
cascade_output_stagnation_epochs=12
cascade_candidate_change_fraction=0.010000
cascade_candidate_stagnation_epochs=12
cascade_max_out_epochs=150
cascade_min_out_epochs=50
cascade_max_cand_epochs=150
cascade_min_cand_epochs=50
cascade_num_candidate_groups=2
bit_fail_limit=3.49999994039535522461e-01
cascade_candidate_limit=1.00000000000000000000e+03
cascade_weight_multiplier=4.00000005960464477539e-01
cascade_activation_functions_count=10
cascade_activation_functions=3 5 7 8 10 11 14 15 16 17 
cascade_activation_steepnesses_count=4
cascade_activation_steepnesses=2.50000000000000000000e-01 5.00000000000000000000e-01 7.50000000000000000000e-01 1.00000000000000000000e+00 
layer_sizes=6 5 2 
scale_included=0
neurons (num_inputs, activation_function, activation_steepness)=(0, 0, 0.00000000000000000000e+00) (0, 0, 0.00000000000000000000e+00) (0, 0, 0.00000000000000000000e+00) (0, 0, 0.00000000000000000000e+00) (0, 0, 0.00000000000000000000e+00) (0, 0, 0.00000000000000000000e+00) (6, 3, 5.00000000000000000000e-01) (6, 3, 5.00000000000000000000e-01) (6, 3, 5.00000000000000000000e-01) (6, 3, 5.00000000000000000000e-01) (0, 3, 0.00000000000000000000e+00) (5, 0, 5.00000000000000000000e-01) (0, 0, 0.00000000000000000000e+00) 
connections (connected_to_neuron, weight)=(0, -1.50000000000000000000e+03) (1, -1.40794091796875000000e+03) (2, 2.18933773040771484375e+01) (3, -1.53856384277343750000e+02) (4, -1.09014152526855468750e+02) (5, -5.63210435211658477783e-02) (0, -1.50000000000000000000e+03) (1, -4.81424751281738281250e+01) (2, 9.21633911132812500000e+00) (3, -1.48192625045776367188e+01) (4, -2.33137226104736328125e+00) (5, 3.96372258663177490234e-01) (0, -1.50000000000000000000e+03) (1, -1.94780670166015625000e+02) (2, -3.56222540140151977539e-02) (3, -4.34022766113281250000e+02) (4, 2.02719521522521972656e+00) (5, -6.49745464324951171875e-02) (0, -1.28271240234375000000e+03) (1, -1.45367529296875000000e+03) (2, 6.61607027053833007812e+00) (3, -1.59564422607421875000e+02) (4, -2.10760040283203125000e+02) (5, 3.29776525497436523438e-01) (6, 1.08186950683593750000e+03) (7, 2.20599913597106933594e+00) (8, 5.41373074054718017578e-01) (9, -5.33113174438476562500e+01) (10, 6.54798269271850585938e-01) 
