FANN_FLO_2.1
num_layers=3
learning_rate=0.450000
connection_rate=1.000000
network_type=0
learning_momentum=0.000000
training_algorithm=2
train_error_function=1
train_stop_function=0
cascade_output_change_fraction=0.010000
quickprop_decay=-0.000100
quickprop_mu=1.750000
rprop_increase_factor=1.200000
rprop_decrease_factor=0.500000
rprop_delta_min=0.000000
rprop_delta_max=50.000000
rprop_delta_zero=0.100000
cascade_output_stagnation_epochs=12
cascade_candidate_change_fraction=0.010000
cascade_candidate_stagnation_epochs=12
cascade_max_out_epochs=150
cascade_min_out_epochs=50
cascade_max_cand_epochs=150
cascade_min_cand_epochs=50
cascade_num_candidate_groups=2
bit_fail_limit=3.49999994039535522461e-01
cascade_candidate_limit=1.00000000000000000000e+03
cascade_weight_multiplier=4.00000005960464477539e-01
cascade_activation_functions_count=10
cascade_activation_functions=3 5 7 8 10 11 14 15 16 17 
cascade_activation_steepnesses_count=4
cascade_activation_steepnesses=2.50000000000000000000e-01 5.00000000000000000000e-01 7.50000000000000000000e-01 1.00000000000000000000e+00 
layer_sizes=7 5 2 
scale_included=0
neurons (num_inputs, activation_function, activation_steepness)=(0, 0, 0.00000000000000000000e+00) (0, 0, 0.00000000000000000000e+00) (0, 0, 0.00000000000000000000e+00) (0, 0, 0.00000000000000000000e+00) (0, 0, 0.00000000000000000000e+00) (0, 0, 0.00000000000000000000e+00) (0, 0, 0.00000000000000000000e+00) (7, 3, 5.00000000000000000000e-01) (7, 3, 5.00000000000000000000e-01) (7, 3, 5.00000000000000000000e-01) (7, 3, 5.00000000000000000000e-01) (0, 3, 0.00000000000000000000e+00) (5, 0, 5.00000000000000000000e-01) (0, 0, 0.00000000000000000000e+00) 
connections (connected_to_neuron, weight)=(0, -1.14353179931640625000e+00) (1, -3.63332414627075195312e+00) (2, 1.23009195327758789062e+01) (3, -1.49855101108551025391e+00) (4, -3.68099832534790039062e+00) (5, -9.00007367134094238281e-01) (6, -2.51620888710021972656e+00) (0, -7.18794107437133789062e-01) (1, -6.14209532737731933594e-01) (2, -1.88652551174163818359e+00) (3, -4.42084848880767822266e-01) (4, 1.75238847732543945312e+00) (5, 1.65762627124786376953e+00) (6, 2.11299806833267211914e-01) (0, 1.35584094238281250000e+03) (1, 1.45780920410156250000e+03) (2, -3.21461364746093750000e+02) (3, 6.49470596313476562500e+01) (4, 4.45390777587890625000e+02) (5, -6.17667968750000000000e+02) (6, -1.37034683227539062500e+01) (0, 2.56623849272727966309e-02) (1, -1.16583265364170074463e-01) (2, -6.44186854362487792969e-01) (3, 1.90851256251335144043e-01) (4, 1.47141322493553161621e-01) (5, 6.75933882594108581543e-02) (6, 6.67827701568603515625e+00) (7, 3.05090159177780151367e-01) (8, -1.98723226785659790039e-02) (9, -7.19884759746491909027e-04) (10, 3.50026339292526245117e-01) (11, -3.24617058038711547852e-01) 
