FANN_FLO_2.1
num_layers=3
learning_rate=0.500000
connection_rate=1.000000
network_type=0
learning_momentum=0.000000
training_algorithm=2
train_error_function=1
train_stop_function=0
cascade_output_change_fraction=0.010000
quickprop_decay=-0.000100
quickprop_mu=1.750000
rprop_increase_factor=1.200000
rprop_decrease_factor=0.500000
rprop_delta_min=0.000000
rprop_delta_max=50.000000
rprop_delta_zero=0.100000
cascade_output_stagnation_epochs=12
cascade_candidate_change_fraction=0.010000
cascade_candidate_stagnation_epochs=12
cascade_max_out_epochs=150
cascade_min_out_epochs=50
cascade_max_cand_epochs=150
cascade_min_cand_epochs=50
cascade_num_candidate_groups=2
bit_fail_limit=3.49999994039535522461e-01
cascade_candidate_limit=1.00000000000000000000e+03
cascade_weight_multiplier=4.00000005960464477539e-01
cascade_activation_functions_count=10
cascade_activation_functions=3 5 7 8 10 11 14 15 16 17 
cascade_activation_steepnesses_count=4
cascade_activation_steepnesses=2.50000000000000000000e-01 5.00000000000000000000e-01 7.50000000000000000000e-01 1.00000000000000000000e+00 
layer_sizes=10 5 2 
scale_included=0
neurons (num_inputs, activation_function, activation_steepness)=(0, 0, 0.00000000000000000000e+00) (0, 0, 0.00000000000000000000e+00) (0, 0, 0.00000000000000000000e+00) (0, 0, 0.00000000000000000000e+00) (0, 0, 0.00000000000000000000e+00) (0, 0, 0.00000000000000000000e+00) (0, 0, 0.00000000000000000000e+00) (0, 0, 0.00000000000000000000e+00) (0, 0, 0.00000000000000000000e+00) (0, 0, 0.00000000000000000000e+00) (10, 3, 5.00000000000000000000e-01) (10, 3, 5.00000000000000000000e-01) (10, 3, 5.00000000000000000000e-01) (10, 3, 5.00000000000000000000e-01) (0, 3, 0.00000000000000000000e+00) (5, 3, 5.00000000000000000000e-01) (0, 3, 0.00000000000000000000e+00) 
connections (connected_to_neuron, weight)=(0, 5.12467443943023681641e-01) (1, 4.92881208658218383789e-01) (2, 1.18458604812622070312e+00) (3, -7.44310379028320312500e-01) (4, 1.56867074966430664062e+00) (5, -1.88179183751344680786e-02) (6, 1.06989614665508270264e-01) (7, -1.42724424600601196289e-01) (8, -1.01028330624103546143e-01) (9, 1.74951329827308654785e-01) (0, -2.19169169664382934570e-01) (1, -3.47549498081207275391e-01) (2, -3.36365699768066406250e-01) (3, -5.53173720836639404297e-01) (4, -2.39448472857475280762e-01) (5, -3.98443460464477539062e-01) (6, -2.28146776556968688965e-01) (7, -4.42123442888259887695e-01) (8, -5.79844653606414794922e-01) (9, 8.76092553138732910156e-01) (0, -5.23105978965759277344e-01) (1, -3.22559803724288940430e-01) (2, -5.91467320919036865234e-02) (3, -6.75906240940093994141e-01) (4, -2.85833589732646942139e-02) (5, -4.37571823596954345703e-01) (6, -6.11641526222229003906e-01) (7, -4.10506129264831542969e-01) (8, -3.91617059707641601562e-01) (9, 9.96581971645355224609e-01) (0, 5.40933370590209960938e-01) (1, 6.85038745403289794922e-01) (2, 1.44710278511047363281e+00) (3, -1.61849665641784667969e+00) (4, 1.71773672103881835938e+00) (5, 3.98331135511398315430e-02) (6, 3.67565602064132690430e-01) (7, 3.56407105922698974609e-01) (8, -5.56088745594024658203e-01) (9, 8.59578251838684082031e-02) (10, 6.17695987224578857422e-01) (11, -2.55283451080322265625e+00) (12, -2.23793816566467285156e+00) (13, 6.59055709838867187500e-01) (14, 4.81320381164550781250e-01) 
