FANN_FLO_2.1
num_layers=3
learning_rate=0.500000
connection_rate=1.000000
network_type=0
learning_momentum=0.000000
training_algorithm=2
train_error_function=1
train_stop_function=0
cascade_output_change_fraction=0.010000
quickprop_decay=-0.000100
quickprop_mu=1.750000
rprop_increase_factor=1.200000
rprop_decrease_factor=0.500000
rprop_delta_min=0.000000
rprop_delta_max=50.000000
rprop_delta_zero=0.100000
cascade_output_stagnation_epochs=12
cascade_candidate_change_fraction=0.010000
cascade_candidate_stagnation_epochs=12
cascade_max_out_epochs=150
cascade_min_out_epochs=50
cascade_max_cand_epochs=150
cascade_min_cand_epochs=50
cascade_num_candidate_groups=2
bit_fail_limit=3.49999994039535522461e-01
cascade_candidate_limit=1.00000000000000000000e+03
cascade_weight_multiplier=4.00000005960464477539e-01
cascade_activation_functions_count=10
cascade_activation_functions=3 5 7 8 10 11 14 15 16 17 
cascade_activation_steepnesses_count=4
cascade_activation_steepnesses=2.50000000000000000000e-01 5.00000000000000000000e-01 7.50000000000000000000e-01 1.00000000000000000000e+00 
layer_sizes=10 5 2 
scale_included=0
neurons (num_inputs, activation_function, activation_steepness)=(0, 0, 0.00000000000000000000e+00) (0, 0, 0.00000000000000000000e+00) (0, 0, 0.00000000000000000000e+00) (0, 0, 0.00000000000000000000e+00) (0, 0, 0.00000000000000000000e+00) (0, 0, 0.00000000000000000000e+00) (0, 0, 0.00000000000000000000e+00) (0, 0, 0.00000000000000000000e+00) (0, 0, 0.00000000000000000000e+00) (0, 0, 0.00000000000000000000e+00) (10, 3, 5.00000000000000000000e-01) (10, 3, 5.00000000000000000000e-01) (10, 3, 5.00000000000000000000e-01) (10, 3, 5.00000000000000000000e-01) (0, 3, 0.00000000000000000000e+00) (5, 3, 5.00000000000000000000e-01) (0, 3, 0.00000000000000000000e+00) 
connections (connected_to_neuron, weight)=(0, -1.00410377979278564453e+00) (1, -1.81015348434448242188e+00) (2, -1.07620015740394592285e-01) (3, -9.88195121288299560547e-01) (4, -7.06664562225341796875e-01) (5, -1.64322042465209960938e+00) (6, 4.01272863149642944336e-01) (7, -1.27283155918121337891e+00) (8, -1.46392464637756347656e-01) (9, 7.49921739101409912109e-01) (0, -1.00763106346130371094e+00) (1, -2.18053460121154785156e+00) (2, 2.95445233583450317383e-01) (3, -1.01660788059234619141e+00) (4, -7.41929590702056884766e-01) (5, -1.65253102779388427734e+00) (6, 6.38949215412139892578e-01) (7, -1.55213809013366699219e+00) (8, -1.71786054968833923340e-01) (9, 9.74326789379119873047e-01) (0, -5.69139778614044189453e-01) (1, -4.64980125427246093750e-01) (2, -5.04189789295196533203e-01) (3, -6.00483953952789306641e-01) (4, -5.02463936805725097656e-01) (5, -5.17758727073669433594e-01) (6, -2.41984486579895019531e-01) (7, -5.58067023754119873047e-01) (8, -5.33188581466674804688e-01) (9, 1.51113033294677734375e+00) (0, -4.22379076480865478516e-01) (1, -6.10260069370269775391e-01) (2, -4.40813094377517700195e-01) (3, -4.41067993640899658203e-01) (4, -4.49841022491455078125e-01) (5, -5.69297194480895996094e-01) (6, -6.78812503814697265625e-01) (7, -4.92810130119323730469e-01) (8, -4.17722284793853759766e-01) (9, 1.51069831848144531250e+00) (10, 7.42432251572608947754e-02) (11, 1.66900247335433959961e-01) (12, -2.01194858551025390625e+00) (13, -2.23106956481933593750e+00) (14, 1.36318755149841308594e+00) 
