FANN_FLO_2.1
num_layers=3
learning_rate=0.500000
connection_rate=1.000000
network_type=0
learning_momentum=0.000000
training_algorithm=2
train_error_function=1
train_stop_function=0
cascade_output_change_fraction=0.010000
quickprop_decay=-0.000100
quickprop_mu=1.750000
rprop_increase_factor=1.200000
rprop_decrease_factor=0.500000
rprop_delta_min=0.000000
rprop_delta_max=50.000000
rprop_delta_zero=0.100000
cascade_output_stagnation_epochs=12
cascade_candidate_change_fraction=0.010000
cascade_candidate_stagnation_epochs=12
cascade_max_out_epochs=150
cascade_min_out_epochs=50
cascade_max_cand_epochs=150
cascade_min_cand_epochs=50
cascade_num_candidate_groups=2
bit_fail_limit=3.49999994039535522461e-01
cascade_candidate_limit=1.00000000000000000000e+03
cascade_weight_multiplier=4.00000005960464477539e-01
cascade_activation_functions_count=10
cascade_activation_functions=3 5 7 8 10 11 14 15 16 17 
cascade_activation_steepnesses_count=4
cascade_activation_steepnesses=2.50000000000000000000e-01 5.00000000000000000000e-01 7.50000000000000000000e-01 1.00000000000000000000e+00 
layer_sizes=7 9 2 
scale_included=0
neurons (num_inputs, activation_function, activation_steepness)=(0, 0, 0.00000000000000000000e+00) (0, 0, 0.00000000000000000000e+00) (0, 0, 0.00000000000000000000e+00) (0, 0, 0.00000000000000000000e+00) (0, 0, 0.00000000000000000000e+00) (0, 0, 0.00000000000000000000e+00) (0, 0, 0.00000000000000000000e+00) (7, 3, 5.00000000000000000000e-01) (7, 3, 5.00000000000000000000e-01) (7, 3, 5.00000000000000000000e-01) (7, 3, 5.00000000000000000000e-01) (7, 3, 5.00000000000000000000e-01) (7, 3, 5.00000000000000000000e-01) (7, 3, 5.00000000000000000000e-01) (7, 3, 5.00000000000000000000e-01) (0, 3, 0.00000000000000000000e+00) (9, 0, 5.00000000000000000000e-01) (0, 0, 0.00000000000000000000e+00) 
connections (connected_to_neuron, weight)=(0, 5.43767437338829040527e-02) (1, -3.62431257963180541992e-02) (2, -7.88929104804992675781e-01) (3, -9.37825664877891540527e-02) (4, 7.49445915222167968750e-01) (5, 9.32943075895309448242e-02) (6, 5.19828021526336669922e-01) (0, -9.49652671813964843750e-01) (1, -7.17332780361175537109e-01) (2, 2.49974679946899414062e+00) (3, -7.48648941516876220703e-01) (4, -1.72961965203285217285e-01) (5, 6.60694956779479980469e-01) (6, -1.01426482200622558594e+00) (0, -8.10723781585693359375e-01) (1, 1.71643006801605224609e+00) (2, -2.70700378417968750000e+01) (3, -2.43898029327392578125e+01) (4, -2.96998081207275390625e+01) (5, -1.50000000000000000000e+03) (6, 3.91136389225721359253e-03) (0, -6.02010846138000488281e-01) (1, -2.07219377160072326660e-01) (2, 2.27683496475219726562e+00) (3, -4.54646527767181396484e-01) (4, -5.04701673984527587891e-01) (5, -3.44117045402526855469e-01) (6, -5.86654961109161376953e-01) (0, -8.44019234180450439453e-01) (1, -5.46881151199340820312e+00) (2, 8.15568542480468750000e+00) (3, -5.44552755355834960938e+00) (4, -1.04664440155029296875e+01) (5, 1.22584619522094726562e+01) (6, -9.91405189037322998047e-01) (0, 3.10526618957519531250e+01) (1, 7.14210998535156250000e+02) (2, 8.57233520507812500000e+02) (3, 1.42059829711914062500e+02) (4, 2.41715560913085937500e+02) (5, -2.04945190429687500000e+02) (6, 6.03581905364990234375e-01) (0, -2.34783124923706054688e+00) (1, -2.40663433074951171875e+00) (2, -2.03593460083007812500e+02) (3, -2.37792921066284179688e+00) (4, -5.71260786056518554688e+00) (5, -2.37489128112792968750e+00) (6, -7.48132526874542236328e-01) (0, -3.19853496551513671875e+00) (1, 8.54402923583984375000e+00) (2, -1.42524765014648437500e+02) (3, 2.98486137390136718750e+00) (4, 6.08313655853271484375e+00) (5, -3.79549560546875000000e+02) (6, -1.85792505741119384766e+00) (7, -2.33338445425033569336e-01) (8, 1.71111583709716796875e-01) (9, 1.50000000000000000000e+03) (10, -3.96360218524932861328e-01) (11, -1.30394473671913146973e-01) (12, 4.28104549646377563477e-02) (13, -9.55087585449218750000e+02) (14, 2.87158447265625000000e+02) (15, 1.86683282256126403809e-01) 
