FANN_FLO_2.1
num_layers=3
learning_rate=0.400000
connection_rate=1.000000
network_type=0
learning_momentum=0.000000
training_algorithm=2
train_error_function=1
train_stop_function=0
cascade_output_change_fraction=0.010000
quickprop_decay=-0.000100
quickprop_mu=1.750000
rprop_increase_factor=1.200000
rprop_decrease_factor=0.500000
rprop_delta_min=0.000000
rprop_delta_max=50.000000
rprop_delta_zero=0.100000
cascade_output_stagnation_epochs=12
cascade_candidate_change_fraction=0.010000
cascade_candidate_stagnation_epochs=12
cascade_max_out_epochs=150
cascade_min_out_epochs=50
cascade_max_cand_epochs=150
cascade_min_cand_epochs=50
cascade_num_candidate_groups=2
bit_fail_limit=3.49999994039535522461e-01
cascade_candidate_limit=1.00000000000000000000e+03
cascade_weight_multiplier=4.00000005960464477539e-01
cascade_activation_functions_count=10
cascade_activation_functions=3 5 7 8 10 11 14 15 16 17 
cascade_activation_steepnesses_count=4
cascade_activation_steepnesses=2.50000000000000000000e-01 5.00000000000000000000e-01 7.50000000000000000000e-01 1.00000000000000000000e+00 
layer_sizes=10 3 2 
scale_included=0
neurons (num_inputs, activation_function, activation_steepness)=(0, 0, 0.00000000000000000000e+00) (0, 0, 0.00000000000000000000e+00) (0, 0, 0.00000000000000000000e+00) (0, 0, 0.00000000000000000000e+00) (0, 0, 0.00000000000000000000e+00) (0, 0, 0.00000000000000000000e+00) (0, 0, 0.00000000000000000000e+00) (0, 0, 0.00000000000000000000e+00) (0, 0, 0.00000000000000000000e+00) (0, 0, 0.00000000000000000000e+00) (10, 3, 5.00000000000000000000e-01) (10, 3, 5.00000000000000000000e-01) (0, 3, 0.00000000000000000000e+00) (3, 3, 5.00000000000000000000e-01) (0, 3, 0.00000000000000000000e+00) 
connections (connected_to_neuron, weight)=(0, -1.75419300794601440430e-01) (1, -2.16881632804870605469e-01) (2, -2.50484272837638854980e-02) (3, -8.12429860234260559082e-02) (4, -1.08555331826210021973e-01) (5, -1.28393739461898803711e-01) (6, -1.62450417876243591309e-01) (7, -5.56807890534400939941e-02) (8, -5.80163672566413879395e-02) (9, -4.28977981209754943848e-02) (0, 1.19492538273334503174e-01) (1, 1.46226972341537475586e-01) (2, 2.14932024478912353516e-01) (3, 7.03136026859283447266e-02) (4, 1.73296064138412475586e-01) (5, 2.61866003274917602539e-02) (6, 1.17834933102130889893e-01) (7, 3.45960631966590881348e-02) (8, 1.05078838765621185303e-01) (9, 8.99787545204162597656e-02) (10, -5.92554584145545959473e-02) (11, -1.69157385826110839844e-01) (12, -1.83889031410217285156e-01) 
