FANN_FLO_2.1
num_layers=4
learning_rate=0.300000
connection_rate=1.000000
network_type=0
learning_momentum=0.000000
training_algorithm=2
train_error_function=1
train_stop_function=0
cascade_output_change_fraction=0.010000
quickprop_decay=-0.000100
quickprop_mu=1.750000
rprop_increase_factor=1.200000
rprop_decrease_factor=0.500000
rprop_delta_min=0.000000
rprop_delta_max=50.000000
rprop_delta_zero=0.100000
cascade_output_stagnation_epochs=12
cascade_candidate_change_fraction=0.010000
cascade_candidate_stagnation_epochs=12
cascade_max_out_epochs=150
cascade_min_out_epochs=50
cascade_max_cand_epochs=150
cascade_min_cand_epochs=50
cascade_num_candidate_groups=2
bit_fail_limit=3.49999994039535522461e-01
cascade_candidate_limit=1.00000000000000000000e+03
cascade_weight_multiplier=4.00000005960464477539e-01
cascade_activation_functions_count=10
cascade_activation_functions=3 5 7 8 10 11 14 15 16 17 
cascade_activation_steepnesses_count=4
cascade_activation_steepnesses=2.50000000000000000000e-01 5.00000000000000000000e-01 7.50000000000000000000e-01 1.00000000000000000000e+00 
layer_sizes=2 5 5 3 
scale_included=0
neurons (num_inputs, activation_function, activation_steepness)=(0, 0, 0.00000000000000000000e+00) (0, 0, 0.00000000000000000000e+00) (2, 3, 5.00000000000000000000e-01) (2, 3, 5.00000000000000000000e-01) (2, 3, 5.00000000000000000000e-01) (2, 3, 5.00000000000000000000e-01) (0, 3, 0.00000000000000000000e+00) (5, 3, 5.00000000000000000000e-01) (5, 3, 5.00000000000000000000e-01) (5, 3, 5.00000000000000000000e-01) (5, 3, 5.00000000000000000000e-01) (0, 3, 0.00000000000000000000e+00) (5, 0, 5.00000000000000000000e-01) (5, 0, 5.00000000000000000000e-01) (0, 0, 0.00000000000000000000e+00) 
connections (connected_to_neuron, weight)=(0, 8.22383940219879150391e-01) (1, 7.94162750244140625000e-01) (0, 6.41113815307617187500e+01) (1, -6.67959690093994140625e-01) (0, 8.55699539184570312500e-01) (1, 8.58889460563659667969e-01) (0, -3.40239953994750976562e+00) (1, -4.59699481725692749023e-01) (2, -1.61660388112068176270e-01) (3, -1.24612772464752197266e+00) (4, -1.40111267566680908203e-01) (5, 7.59922862052917480469e-01) (6, 7.60542079806327819824e-02) (2, -1.69222772121429443359e-01) (3, -2.82660460472106933594e+00) (4, -1.01734004914760589600e-01) (5, -9.30875912308692932129e-02) (6, -2.63267918489873409271e-03) (2, -2.29772758483886718750e+00) (3, -5.73306213378906250000e+02) (4, -6.56624507904052734375e+00) (5, -2.45854765176773071289e-01) (6, 1.46976605057716369629e-01) (2, 8.74960541725158691406e-01) (3, -8.59754085540771484375e+00) (4, 6.69843554496765136719e-01) (5, -1.64485085010528564453e+00) (6, 1.14711701869964599609e-01) (7, -7.17302709817886352539e-02) (8, 1.15261236205697059631e-02) (9, 1.21531903743743896484e+00) (10, 7.73896634578704833984e-01) (11, -2.47497931122779846191e-01) (7, -7.30690062046051025391e-01) (8, -7.80812263488769531250e-01) (9, -1.86649727821350097656e+00) (10, -9.65384781360626220703e-01) (11, -7.46140897274017333984e-01) 
