FANN_FLO_2.1
num_layers=3
learning_rate=0.500000
connection_rate=1.000000
network_type=0
learning_momentum=0.000000
training_algorithm=2
train_error_function=1
train_stop_function=0
cascade_output_change_fraction=0.010000
quickprop_decay=-0.000100
quickprop_mu=1.750000
rprop_increase_factor=1.200000
rprop_decrease_factor=0.500000
rprop_delta_min=0.000000
rprop_delta_max=50.000000
rprop_delta_zero=0.100000
cascade_output_stagnation_epochs=12
cascade_candidate_change_fraction=0.010000
cascade_candidate_stagnation_epochs=12
cascade_max_out_epochs=150
cascade_min_out_epochs=50
cascade_max_cand_epochs=150
cascade_min_cand_epochs=50
cascade_num_candidate_groups=2
bit_fail_limit=3.49999994039535522461e-01
cascade_candidate_limit=1.00000000000000000000e+03
cascade_weight_multiplier=4.00000005960464477539e-01
cascade_activation_functions_count=10
cascade_activation_functions=3 5 7 8 10 11 14 15 16 17 
cascade_activation_steepnesses_count=4
cascade_activation_steepnesses=2.50000000000000000000e-01 5.00000000000000000000e-01 7.50000000000000000000e-01 1.00000000000000000000e+00 
layer_sizes=10 3 2 
scale_included=0
neurons (num_inputs, activation_function, activation_steepness)=(0, 0, 0.00000000000000000000e+00) (0, 0, 0.00000000000000000000e+00) (0, 0, 0.00000000000000000000e+00) (0, 0, 0.00000000000000000000e+00) (0, 0, 0.00000000000000000000e+00) (0, 0, 0.00000000000000000000e+00) (0, 0, 0.00000000000000000000e+00) (0, 0, 0.00000000000000000000e+00) (0, 0, 0.00000000000000000000e+00) (0, 0, 0.00000000000000000000e+00) (10, 3, 5.00000000000000000000e-01) (10, 3, 5.00000000000000000000e-01) (0, 3, 0.00000000000000000000e+00) (3, 3, 5.00000000000000000000e-01) (0, 3, 0.00000000000000000000e+00) 
connections (connected_to_neuron, weight)=(0, -5.64491212368011474609e-01) (1, -5.67145228385925292969e-01) (2, -5.79916775226593017578e-01) (3, -5.09671032428741455078e-01) (4, -8.67378413677215576172e-02) (5, -6.81468248367309570312e-01) (6, -5.73478043079376220703e-01) (7, -4.97259557247161865234e-01) (8, -5.95976054668426513672e-01) (9, 1.65557861328125000000e+00) (0, -4.07598078250885009766e-01) (1, -5.14207422733306884766e-01) (2, -3.64959865808486938477e-01) (3, -4.84590679407119750977e-01) (4, -8.48350167274475097656e-01) (5, -4.16398912668228149414e-01) (6, -4.49996620416641235352e-01) (7, -5.35649240016937255859e-01) (8, -3.91072958707809448242e-01) (9, 1.63517260551452636719e+00) (10, -2.01059389114379882812e+00) (11, -1.99123811721801757812e+00) (12, 1.41260612010955810547e+00) 
