FANN_FLO_2.1
num_layers=4
learning_rate=0.450000
connection_rate=1.000000
network_type=0
learning_momentum=0.000000
training_algorithm=2
train_error_function=1
train_stop_function=0
cascade_output_change_fraction=0.010000
quickprop_decay=-0.000100
quickprop_mu=1.750000
rprop_increase_factor=1.200000
rprop_decrease_factor=0.500000
rprop_delta_min=0.000000
rprop_delta_max=50.000000
rprop_delta_zero=0.100000
cascade_output_stagnation_epochs=12
cascade_candidate_change_fraction=0.010000
cascade_candidate_stagnation_epochs=12
cascade_max_out_epochs=150
cascade_min_out_epochs=50
cascade_max_cand_epochs=150
cascade_min_cand_epochs=50
cascade_num_candidate_groups=2
bit_fail_limit=3.49999994039535522461e-01
cascade_candidate_limit=1.00000000000000000000e+03
cascade_weight_multiplier=4.00000005960464477539e-01
cascade_activation_functions_count=10
cascade_activation_functions=3 5 7 8 10 11 14 15 16 17 
cascade_activation_steepnesses_count=4
cascade_activation_steepnesses=2.50000000000000000000e-01 5.00000000000000000000e-01 7.50000000000000000000e-01 1.00000000000000000000e+00 
layer_sizes=7 5 5 2 
scale_included=0
neurons (num_inputs, activation_function, activation_steepness)=(0, 0, 0.00000000000000000000e+00) (0, 0, 0.00000000000000000000e+00) (0, 0, 0.00000000000000000000e+00) (0, 0, 0.00000000000000000000e+00) (0, 0, 0.00000000000000000000e+00) (0, 0, 0.00000000000000000000e+00) (0, 0, 0.00000000000000000000e+00) (7, 3, 5.00000000000000000000e-01) (7, 3, 5.00000000000000000000e-01) (7, 3, 5.00000000000000000000e-01) (7, 3, 5.00000000000000000000e-01) (0, 3, 0.00000000000000000000e+00) (5, 3, 5.00000000000000000000e-01) (5, 3, 5.00000000000000000000e-01) (5, 3, 5.00000000000000000000e-01) (5, 3, 5.00000000000000000000e-01) (0, 3, 0.00000000000000000000e+00) (5, 0, 5.00000000000000000000e-01) (0, 0, 0.00000000000000000000e+00) 
connections (connected_to_neuron, weight)=(0, 3.94366770982742309570e-01) (1, 7.39335939288139343262e-02) (2, -4.71817225217819213867e-01) (3, -5.12867212295532226562e-01) (4, -3.58083546161651611328e-01) (5, 1.06677484512329101562e+00) (6, 5.03667712211608886719e-01) (0, -2.39910900592803955078e-01) (1, 1.38227775692939758301e-01) (2, 3.16345691680908203125e-01) (3, -3.91047298908233642578e-02) (4, -1.61150887608528137207e-01) (5, 7.73428305983543395996e-02) (6, -6.46013498306274414062e-01) (0, -1.12450219690799713135e-01) (1, 5.60534894466400146484e-01) (2, 1.90770077705383300781e+00) (3, 3.66534918546676635742e-01) (4, 6.21274471282958984375e-01) (5, 4.96264427900314331055e-01) (6, -1.67737102508544921875e+01) (0, -1.49139538407325744629e-02) (1, 1.77915766835212707520e-02) (2, -6.75892353057861328125e-01) (3, 5.59992119669914245605e-02) (4, 3.79845082759857177734e-01) (5, -4.54912811517715454102e-01) (6, 1.04192781448364257812e+01) (7, -7.26316690444946289062e-01) (8, -8.20835471153259277344e-01) (9, -2.91355758905410766602e-01) (10, -7.97120571136474609375e-01) (11, -7.59614944458007812500e-01) (7, -2.37353038787841796875e+00) (8, 4.65570402145385742188e+00) (9, -8.70849072933197021484e-01) (10, -7.38830864429473876953e-01) (11, -7.76243209838867187500e-01) (7, -2.86813467741012573242e-01) (8, -4.68448668718338012695e-01) (9, -2.50607609748840332031e-01) (10, -1.09832465648651123047e+00) (11, -2.51861095428466796875e-01) (7, -3.47206681966781616211e-01) (8, -5.26462316513061523438e-01) (9, -2.55017369985580444336e-01) (10, -6.37225925922393798828e-01) (11, -2.81391203403472900391e-01) (12, 9.55203846096992492676e-02) (13, -3.23652103543281555176e-02) (14, 1.22038625180721282959e-01) (15, 6.61835744976997375488e-02) (16, -3.14514078199863433838e-02) 
