FANN_FLO_2.1
num_layers=3
learning_rate=0.400000
connection_rate=1.000000
network_type=0
learning_momentum=0.000000
training_algorithm=2
train_error_function=1
train_stop_function=0
cascade_output_change_fraction=0.010000
quickprop_decay=-0.000100
quickprop_mu=1.750000
rprop_increase_factor=1.200000
rprop_decrease_factor=0.500000
rprop_delta_min=0.000000
rprop_delta_max=50.000000
rprop_delta_zero=0.100000
cascade_output_stagnation_epochs=12
cascade_candidate_change_fraction=0.010000
cascade_candidate_stagnation_epochs=12
cascade_max_out_epochs=150
cascade_min_out_epochs=50
cascade_max_cand_epochs=150
cascade_min_cand_epochs=50
cascade_num_candidate_groups=2
bit_fail_limit=3.49999994039535522461e-01
cascade_candidate_limit=1.00000000000000000000e+03
cascade_weight_multiplier=4.00000005960464477539e-01
cascade_activation_functions_count=10
cascade_activation_functions=3 5 7 8 10 11 14 15 16 17 
cascade_activation_steepnesses_count=4
cascade_activation_steepnesses=2.50000000000000000000e-01 5.00000000000000000000e-01 7.50000000000000000000e-01 1.00000000000000000000e+00 
layer_sizes=6 5 2 
scale_included=0
neurons (num_inputs, activation_function, activation_steepness)=(0, 0, 0.00000000000000000000e+00) (0, 0, 0.00000000000000000000e+00) (0, 0, 0.00000000000000000000e+00) (0, 0, 0.00000000000000000000e+00) (0, 0, 0.00000000000000000000e+00) (0, 0, 0.00000000000000000000e+00) (6, 3, 5.00000000000000000000e-01) (6, 3, 5.00000000000000000000e-01) (6, 3, 5.00000000000000000000e-01) (6, 3, 5.00000000000000000000e-01) (0, 3, 0.00000000000000000000e+00) (5, 0, 5.00000000000000000000e-01) (0, 0, 0.00000000000000000000e+00) 
connections (connected_to_neuron, weight)=(0, -9.25271972656250000000e+02) (1, -6.08192563056945800781e-01) (2, 1.77911907434463500977e-01) (3, 1.90403923392295837402e-01) (4, -1.16585150361061096191e-01) (5, -1.17659429088234901428e-02) (0, -9.27704589843750000000e+02) (1, -1.39476871490478515625e+00) (2, 3.82236528396606445312e+00) (3, 2.65921682119369506836e-01) (4, -6.78988695144653320312e-01) (5, 8.13232809305191040039e-02) (0, -5.12776422500610351562e+00) (1, -1.23778831958770751953e+00) (2, 6.62800669670104980469e-02) (3, -2.05586123466491699219e+00) (4, 8.30931246280670166016e-01) (5, -8.29920768737792968750e-01) (0, -1.40339697265625000000e+03) (1, -7.17011213302612304688e-01) (2, -1.57179623842239379883e-01) (3, 5.81180870532989501953e-01) (4, -6.69237002730369567871e-02) (5, 5.08446209132671356201e-02) (6, 6.16861343383789062500e-01) (7, 7.75315046310424804688e-01) (8, 7.88264811038970947266e-01) (9, 6.31821811199188232422e-01) (10, 5.25743424892425537109e-01) 
