FANN_FLO_2.1
num_layers=3
learning_rate=0.300000
connection_rate=1.000000
network_type=0
learning_momentum=0.000000
training_algorithm=2
train_error_function=1
train_stop_function=0
cascade_output_change_fraction=0.010000
quickprop_decay=-0.000100
quickprop_mu=1.750000
rprop_increase_factor=1.200000
rprop_decrease_factor=0.500000
rprop_delta_min=0.000000
rprop_delta_max=50.000000
rprop_delta_zero=0.100000
cascade_output_stagnation_epochs=12
cascade_candidate_change_fraction=0.010000
cascade_candidate_stagnation_epochs=12
cascade_max_out_epochs=150
cascade_min_out_epochs=50
cascade_max_cand_epochs=150
cascade_min_cand_epochs=50
cascade_num_candidate_groups=2
bit_fail_limit=3.49999994039535522461e-01
cascade_candidate_limit=1.00000000000000000000e+03
cascade_weight_multiplier=4.00000005960464477539e-01
cascade_activation_functions_count=10
cascade_activation_functions=3 5 7 8 10 11 14 15 16 17 
cascade_activation_steepnesses_count=4
cascade_activation_steepnesses=2.50000000000000000000e-01 5.00000000000000000000e-01 7.50000000000000000000e-01 1.00000000000000000000e+00 
layer_sizes=4 9 2 
scale_included=0
neurons (num_inputs, activation_function, activation_steepness)=(0, 0, 0.00000000000000000000e+00) (0, 0, 0.00000000000000000000e+00) (0, 0, 0.00000000000000000000e+00) (0, 0, 0.00000000000000000000e+00) (4, 3, 5.00000000000000000000e-01) (4, 3, 5.00000000000000000000e-01) (4, 3, 5.00000000000000000000e-01) (4, 3, 5.00000000000000000000e-01) (4, 3, 5.00000000000000000000e-01) (4, 3, 5.00000000000000000000e-01) (4, 3, 5.00000000000000000000e-01) (4, 3, 5.00000000000000000000e-01) (0, 3, 0.00000000000000000000e+00) (9, 3, 5.00000000000000000000e-01) (0, 3, 0.00000000000000000000e+00) 
connections (connected_to_neuron, weight)=(0, -1.80689096450805664062e+00) (1, 1.83008670806884765625e-01) (2, -7.39280939102172851562e-01) (3, 6.21373593807220458984e-01) (0, -5.90221703052520751953e-01) (1, 9.13043990731239318848e-02) (2, -5.97262024879455566406e-01) (3, 5.61026000976562500000e+00) (0, -5.04733979701995849609e-01) (1, 3.13634961843490600586e-01) (2, -3.44916641712188720703e-01) (3, 4.49608266353607177734e-01) (0, -4.19476300477981567383e-01) (1, 1.05574667453765869141e+00) (2, -3.19324183464050292969e+00) (3, 7.38682699203491210938e+00) (0, -4.89978104829788208008e-01) (1, 1.02565515041351318359e+00) (2, -2.40100264549255371094e+00) (3, 1.08101546764373779297e+00) (0, -2.21108585596084594727e-01) (1, 6.11243024468421936035e-02) (2, -2.51424044370651245117e-01) (3, 2.83477163314819335938e+00) (0, 1.07868760824203491211e-01) (1, -4.92299720644950866699e-03) (2, 4.13615971803665161133e-01) (3, -5.28653573989868164062e+00) (0, -4.32083249092102050781e-01) (1, 2.34604567289352416992e-01) (2, -2.63702452182769775391e-01) (3, -1.72229021787643432617e-01) (4, -6.17834281921386718750e+00) (5, -2.08181667327880859375e+00) (6, -3.38910371065139770508e-01) (7, -3.72866541147232055664e-01) (8, -3.35366755723953247070e-01) (9, -1.90863692760467529297e+00) (10, 2.16907358169555664062e+00) (11, -3.76487493515014648438e-01) (12, -2.77428627014160156250e-01) 
