FANN_FLO_2.1
num_layers=3
learning_rate=0.500000
connection_rate=1.000000
network_type=0
learning_momentum=0.000000
training_algorithm=2
train_error_function=1
train_stop_function=0
cascade_output_change_fraction=0.010000
quickprop_decay=-0.000100
quickprop_mu=1.750000
rprop_increase_factor=1.200000
rprop_decrease_factor=0.500000
rprop_delta_min=0.000000
rprop_delta_max=50.000000
rprop_delta_zero=0.100000
cascade_output_stagnation_epochs=12
cascade_candidate_change_fraction=0.010000
cascade_candidate_stagnation_epochs=12
cascade_max_out_epochs=150
cascade_min_out_epochs=50
cascade_max_cand_epochs=150
cascade_min_cand_epochs=50
cascade_num_candidate_groups=2
bit_fail_limit=3.49999994039535522461e-01
cascade_candidate_limit=1.00000000000000000000e+03
cascade_weight_multiplier=4.00000005960464477539e-01
cascade_activation_functions_count=10
cascade_activation_functions=3 5 7 8 10 11 14 15 16 17 
cascade_activation_steepnesses_count=4
cascade_activation_steepnesses=2.50000000000000000000e-01 5.00000000000000000000e-01 7.50000000000000000000e-01 1.00000000000000000000e+00 
layer_sizes=10 5 2 
scale_included=0
neurons (num_inputs, activation_function, activation_steepness)=(0, 0, 0.00000000000000000000e+00) (0, 0, 0.00000000000000000000e+00) (0, 0, 0.00000000000000000000e+00) (0, 0, 0.00000000000000000000e+00) (0, 0, 0.00000000000000000000e+00) (0, 0, 0.00000000000000000000e+00) (0, 0, 0.00000000000000000000e+00) (0, 0, 0.00000000000000000000e+00) (0, 0, 0.00000000000000000000e+00) (0, 0, 0.00000000000000000000e+00) (10, 3, 5.00000000000000000000e-01) (10, 3, 5.00000000000000000000e-01) (10, 3, 5.00000000000000000000e-01) (10, 3, 5.00000000000000000000e-01) (0, 3, 0.00000000000000000000e+00) (5, 3, 5.00000000000000000000e-01) (0, 3, 0.00000000000000000000e+00) 
connections (connected_to_neuron, weight)=(0, -6.06684327125549316406e-01) (1, -8.73421967029571533203e-01) (2, -3.75760912895202636719e-01) (3, -3.65313947200775146484e-01) (4, -1.73834368586540222168e-01) (5, -1.64652422070503234863e-01) (6, -2.87889122962951660156e-01) (7, -1.79467424750328063965e-02) (8, -3.37189704179763793945e-01) (9, 7.41202294826507568359e-01) (0, 3.02360095083713531494e-02) (1, -1.49055030196905136108e-02) (2, -4.44609791040420532227e-01) (3, -4.07157748937606811523e-01) (4, -3.78188520669937133789e-01) (5, -5.93567132949829101562e-01) (6, -1.91216170787811279297e-01) (7, -5.12916028499603271484e-01) (8, -6.94358170032501220703e-01) (9, 7.96910583972930908203e-01) (0, -4.36913639307022094727e-01) (1, -2.91191935539245605469e-01) (2, -2.30529218912124633789e-01) (3, -3.82367759943008422852e-01) (4, -3.84813874959945678711e-01) (5, -2.25069478154182434082e-01) (6, -4.70778226852416992188e-01) (7, -5.04590272903442382812e-01) (8, -1.86021134257316589355e-01) (9, 7.54918217658996582031e-01) (0, -3.54405283927917480469e-01) (1, -1.16503760218620300293e-01) (2, -3.23112070560455322266e-01) (3, -2.25068658590316772461e-01) (4, -4.22369152307510375977e-01) (5, -4.72441762685775756836e-01) (6, -4.15112167596817016602e-01) (7, -4.36772257089614868164e-01) (8, -1.50793731212615966797e-01) (9, 6.41015708446502685547e-01) (10, -1.82085931301116943359e+00) (11, -1.56644272804260253906e+00) (12, -1.44392812252044677734e+00) (13, -1.36411809921264648438e+00) (14, 1.91085815429687500000e+00) 
