# config: 6->2->1
# epochs: 350
# run:    15
# Training: 2
Max epochs      350. Desired error: 0.0000010000.
Epochs            1. Current error: 0.0016929513. Bit fail 0.
Epochs          200. Current error: 0.0004560548. Bit fail 0.
Epochs          350. Current error: 0.0003358792. Bit fail 0.
# Train MSE: 0.000335879
# Test MSE: 0.00178547
# Training: 2
Max epochs      350. Desired error: 0.0000010000.
Epochs            1. Current error: 0.0022541867. Bit fail 0.
Epochs          200. Current error: 0.0004796904. Bit fail 0.
Epochs          350. Current error: 0.0003840158. Bit fail 0.
# Train MSE: 0.000384016
# Test MSE: 0.00173477
# Training: 2
Max epochs      350. Desired error: 0.0000010000.
Epochs            1. Current error: 0.0031344537. Bit fail 0.
Epochs          200. Current error: 0.8588504791. Bit fail 1.
Epochs          350. Current error: 36.6318244934. Bit fail 1.
# Train MSE: 36.6318
# Test MSE: 25.9341
# Training: 2
Max epochs      350. Desired error: 0.0000010000.
Epochs            1. Current error: 0.0014174297. Bit fail 0.
Epochs          200. Current error: 899.9511718750. Bit fail 3.
Epochs          350. Current error: 0.0004906518. Bit fail 0.
# Train MSE: 0.000490652
# Test MSE: 0.00178158
# Training: 2
Max epochs      350. Desired error: 0.0000010000.
Epochs            1. Current error: 0.0033148488. Bit fail 0.
Epochs          200. Current error: 0.0005071021. Bit fail 0.
Epochs          350. Current error: 0.0004454814. Bit fail 0.
# Train MSE: 0.000445481
# Test MSE: 0.0018072
# Training: 2
Max epochs      350. Desired error: 0.0000010000.
Epochs            1. Current error: 0.0026517182. Bit fail 0.
Epochs          200. Current error: 0.0005200509. Bit fail 0.
Epochs          350. Current error: 0.0005032032. Bit fail 0.
# Train MSE: 0.000503203
# Test MSE: 0.00175756
# Training: 2
Max epochs      350. Desired error: 0.0000010000.
Epochs            1. Current error: 0.0035505355. Bit fail 0.
Epochs          200. Current error: 0.0004923017. Bit fail 0.
Epochs          350. Current error: 0.0004515442. Bit fail 0.
# Train MSE: 0.000451544
# Test MSE: 0.00176339
# Training: 2
Max epochs      350. Desired error: 0.0000010000.
Epochs            1. Current error: 0.0007608695. Bit fail 0.
Epochs          200. Current error: 0.0005040537. Bit fail 0.
Epochs          350. Current error: 0.0004126348. Bit fail 0.
# Train MSE: 0.000412635
# Test MSE: 0.00169451
# Training: 2
Max epochs      350. Desired error: 0.0000010000.
Epochs            1. Current error: 0.0044297152. Bit fail 0.
Epochs          200. Current error: 0.0004444727. Bit fail 0.
Epochs          350. Current error: 0.0004134292. Bit fail 0.
# Train MSE: 0.000413429
# Test MSE: 0.00186008
# Training: 2
Max epochs      350. Desired error: 0.0000010000.
Epochs            1. Current error: 0.0022147084. Bit fail 0.
Epochs          200. Current error: 0.0004623419. Bit fail 0.
Epochs          350. Current error: 0.0004140445. Bit fail 0.
# Train MSE: 0.000414045
# Test MSE: 0.00171326
# Training: 2
Max epochs      350. Desired error: 0.0000010000.
Epochs            1. Current error: 0.0010767370. Bit fail 0.
Epochs          200. Current error: 0.0004415253. Bit fail 0.
Epochs          350. Current error: 0.0003737418. Bit fail 0.
# Train MSE: 0.000373742
# Test MSE: 0.00173172
