FANN_FLO_2.1
num_layers=4
learning_rate=0.300000
connection_rate=1.000000
network_type=0
learning_momentum=0.000000
training_algorithm=2
train_error_function=1
train_stop_function=0
cascade_output_change_fraction=0.010000
quickprop_decay=-0.000100
quickprop_mu=1.750000
rprop_increase_factor=1.200000
rprop_decrease_factor=0.500000
rprop_delta_min=0.000000
rprop_delta_max=50.000000
rprop_delta_zero=0.100000
cascade_output_stagnation_epochs=12
cascade_candidate_change_fraction=0.010000
cascade_candidate_stagnation_epochs=12
cascade_max_out_epochs=150
cascade_min_out_epochs=50
cascade_max_cand_epochs=150
cascade_min_cand_epochs=50
cascade_num_candidate_groups=2
bit_fail_limit=3.49999994039535522461e-01
cascade_candidate_limit=1.00000000000000000000e+03
cascade_weight_multiplier=4.00000005960464477539e-01
cascade_activation_functions_count=10
cascade_activation_functions=3 5 7 8 10 11 14 15 16 17 
cascade_activation_steepnesses_count=4
cascade_activation_steepnesses=2.50000000000000000000e-01 5.00000000000000000000e-01 7.50000000000000000000e-01 1.00000000000000000000e+00 
layer_sizes=2 5 5 3 
scale_included=0
neurons (num_inputs, activation_function, activation_steepness)=(0, 0, 0.00000000000000000000e+00) (0, 0, 0.00000000000000000000e+00) (2, 3, 5.00000000000000000000e-01) (2, 3, 5.00000000000000000000e-01) (2, 3, 5.00000000000000000000e-01) (2, 3, 5.00000000000000000000e-01) (0, 3, 0.00000000000000000000e+00) (5, 3, 5.00000000000000000000e-01) (5, 3, 5.00000000000000000000e-01) (5, 3, 5.00000000000000000000e-01) (5, 3, 5.00000000000000000000e-01) (0, 3, 0.00000000000000000000e+00) (5, 0, 5.00000000000000000000e-01) (5, 0, 5.00000000000000000000e-01) (0, 0, 0.00000000000000000000e+00) 
connections (connected_to_neuron, weight)=(0, -1.42586696147918701172e+00) (1, -3.67301249504089355469e+00) (0, -1.40613794326782226562e+00) (1, -3.60377907752990722656e+00) (0, -2.60308116674423217773e-01) (1, -3.18406492471694946289e-01) (0, -1.26831111907958984375e+01) (1, -1.77610051631927490234e+00) (2, 9.16656672954559326172e-01) (3, 9.50476884841918945312e-01) (4, 3.80427360534667968750e-01) (5, -6.02567076683044433594e-01) (6, -5.34063503146171569824e-02) (2, 2.77290105819702148438e+00) (3, 2.86254334449768066406e+00) (4, 1.26773342490196228027e-02) (5, 1.71806633472442626953e+00) (6, -1.16442775726318359375e+00) (2, 1.09531807899475097656e+00) (3, 1.21243345737457275391e+00) (4, 2.07575157284736633301e-01) (5, 1.16726291179656982422e+00) (6, -2.02770993113517761230e-01) (2, 1.24805440902709960938e+01) (3, 1.25178489685058593750e+01) (4, 5.91167926788330078125e-01) (5, -4.91991370916366577148e-01) (6, 3.43983764648437500000e+01) (7, -8.11319053173065185547e-02) (8, 2.79253721237182617188e-01) (9, 1.40293315052986145020e-01) (10, -4.07154038548469543457e-02) (11, -2.28763669729232788086e-01) (7, -5.23134529590606689453e-01) (8, -5.48754155635833740234e-01) (9, -5.17482519149780273438e-01) (10, -4.23967152833938598633e-01) (11, -2.66388058662414550781e-01) 
