FANN_FLO_2.1
num_layers=3
learning_rate=0.400000
connection_rate=1.000000
network_type=0
learning_momentum=0.000000
training_algorithm=2
train_error_function=1
train_stop_function=0
cascade_output_change_fraction=0.010000
quickprop_decay=-0.000100
quickprop_mu=1.750000
rprop_increase_factor=1.200000
rprop_decrease_factor=0.500000
rprop_delta_min=0.000000
rprop_delta_max=50.000000
rprop_delta_zero=0.100000
cascade_output_stagnation_epochs=12
cascade_candidate_change_fraction=0.010000
cascade_candidate_stagnation_epochs=12
cascade_max_out_epochs=150
cascade_min_out_epochs=50
cascade_max_cand_epochs=150
cascade_min_cand_epochs=50
cascade_num_candidate_groups=2
bit_fail_limit=3.49999994039535522461e-01
cascade_candidate_limit=1.00000000000000000000e+03
cascade_weight_multiplier=4.00000005960464477539e-01
cascade_activation_functions_count=10
cascade_activation_functions=3 5 7 8 10 11 14 15 16 17 
cascade_activation_steepnesses_count=4
cascade_activation_steepnesses=2.50000000000000000000e-01 5.00000000000000000000e-01 7.50000000000000000000e-01 1.00000000000000000000e+00 
layer_sizes=6 5 2 
scale_included=0
neurons (num_inputs, activation_function, activation_steepness)=(0, 0, 0.00000000000000000000e+00) (0, 0, 0.00000000000000000000e+00) (0, 0, 0.00000000000000000000e+00) (0, 0, 0.00000000000000000000e+00) (0, 0, 0.00000000000000000000e+00) (0, 0, 0.00000000000000000000e+00) (6, 3, 5.00000000000000000000e-01) (6, 3, 5.00000000000000000000e-01) (6, 3, 5.00000000000000000000e-01) (6, 3, 5.00000000000000000000e-01) (0, 3, 0.00000000000000000000e+00) (5, 0, 5.00000000000000000000e-01) (0, 0, 0.00000000000000000000e+00) 
connections (connected_to_neuron, weight)=(0, -2.50430130958557128906e+00) (1, -4.70335125923156738281e-01) (2, 1.98169738054275512695e-01) (3, -2.11400508880615234375e+00) (4, 3.22401642799377441406e-01) (5, -8.15682709217071533203e-01) (0, -8.32439193725585937500e+01) (1, -5.10759735107421875000e+00) (2, -3.10962885618209838867e-01) (3, -1.66988778114318847656e+00) (4, -8.79217460751533508301e-02) (5, 1.10154576599597930908e-01) (0, -9.58851547241210937500e+01) (1, -1.98000354766845703125e+01) (2, 9.37905088067054748535e-02) (3, -1.02296566963195800781e+00) (4, 4.39561784267425537109e-01) (5, 2.31901571154594421387e-01) (0, -1.24190778732299804688e+01) (1, -9.60974216461181640625e-01) (2, -1.82357430458068847656e-01) (3, -1.17441296577453613281e+00) (4, -3.14117461442947387695e-01) (5, 1.00874476134777069092e-01) (6, 5.28266787528991699219e-01) (7, 1.95486927032470703125e+00) (8, 2.78836870193481445312e+00) (9, 9.24399018287658691406e-01) (10, 4.13708209991455078125e-01) 
