FANN_FLO_2.1
num_layers=4
learning_rate=0.500000
connection_rate=1.000000
network_type=0
learning_momentum=0.000000
training_algorithm=2
train_error_function=1
train_stop_function=0
cascade_output_change_fraction=0.010000
quickprop_decay=-0.000100
quickprop_mu=1.750000
rprop_increase_factor=1.200000
rprop_decrease_factor=0.500000
rprop_delta_min=0.000000
rprop_delta_max=50.000000
rprop_delta_zero=0.100000
cascade_output_stagnation_epochs=12
cascade_candidate_change_fraction=0.010000
cascade_candidate_stagnation_epochs=12
cascade_max_out_epochs=150
cascade_min_out_epochs=50
cascade_max_cand_epochs=150
cascade_min_cand_epochs=50
cascade_num_candidate_groups=2
bit_fail_limit=3.49999994039535522461e-01
cascade_candidate_limit=1.00000000000000000000e+03
cascade_weight_multiplier=4.00000005960464477539e-01
cascade_activation_functions_count=10
cascade_activation_functions=3 5 7 8 10 11 14 15 16 17 
cascade_activation_steepnesses_count=4
cascade_activation_steepnesses=2.50000000000000000000e-01 5.00000000000000000000e-01 7.50000000000000000000e-01 1.00000000000000000000e+00 
layer_sizes=18 3 3 2 
scale_included=0
neurons (num_inputs, activation_function, activation_steepness)=(0, 0, 0.00000000000000000000e+00) (0, 0, 0.00000000000000000000e+00) (0, 0, 0.00000000000000000000e+00) (0, 0, 0.00000000000000000000e+00) (0, 0, 0.00000000000000000000e+00) (0, 0, 0.00000000000000000000e+00) (0, 0, 0.00000000000000000000e+00) (0, 0, 0.00000000000000000000e+00) (0, 0, 0.00000000000000000000e+00) (0, 0, 0.00000000000000000000e+00) (0, 0, 0.00000000000000000000e+00) (0, 0, 0.00000000000000000000e+00) (0, 0, 0.00000000000000000000e+00) (0, 0, 0.00000000000000000000e+00) (0, 0, 0.00000000000000000000e+00) (0, 0, 0.00000000000000000000e+00) (0, 0, 0.00000000000000000000e+00) (0, 0, 0.00000000000000000000e+00) (18, 3, 5.00000000000000000000e-01) (18, 3, 5.00000000000000000000e-01) (0, 3, 0.00000000000000000000e+00) (3, 3, 5.00000000000000000000e-01) (3, 3, 5.00000000000000000000e-01) (0, 3, 0.00000000000000000000e+00) (3, 0, 5.00000000000000000000e-01) (0, 0, 0.00000000000000000000e+00) 
connections (connected_to_neuron, weight)=(0, 1.01042735576629638672e+00) (1, 1.42100179195404052734e+00) (2, 1.08114433288574218750e+00) (3, 1.06667125225067138672e+00) (4, 1.41763865947723388672e+00) (5, -9.25692617893218994141e-01) (6, -1.60363435745239257812e+00) (7, -8.81669223308563232422e-01) (8, -1.65903747081756591797e-01) (9, 1.38120794296264648438e+00) (10, 1.26748156547546386719e+00) (11, 1.10780179500579833984e+00) (12, 1.50926232337951660156e+00) (13, 1.47868037223815917969e+00) (14, 8.21241974830627441406e-01) (15, 1.53826200962066650391e+00) (16, 1.13312864303588867188e+00) (17, -7.58333492279052734375e+00) (0, 1.13363809585571289062e+01) (1, -4.10922515869140625000e+02) (2, -4.87977867126464843750e+01) (3, -5.26127197265625000000e+02) (4, 8.37148361206054687500e+01) (5, 2.83974227905273437500e+01) (6, 1.38411712646484375000e+02) (7, 1.66039337158203125000e+02) (8, 1.00177818298339843750e+02) (9, 5.21239089965820312500e+01) (10, -6.11133460998535156250e+01) (11, -2.74131683349609375000e+02) (12, -2.96495391845703125000e+02) (13, -2.65110340118408203125e+01) (14, 2.99789714813232421875e+01) (15, -2.36690170288085937500e+02) (16, 2.17436962127685546875e+01) (17, 1.77862457275390625000e+02) (18, 7.78789472579956054688e+00) (19, -9.58147287368774414062e-01) (20, -7.11220860481262207031e-01) (18, 1.50000000000000000000e+03) (19, -5.60957260131835937500e+01) (20, -2.77871074676513671875e+01) (21, 9.44737339019775390625e+00) (22, 1.68883097171783447266e+00) (23, 1.52273905277252197266e+00) 
