FANN_FLO_2.1
num_layers=4
learning_rate=0.500000
connection_rate=1.000000
network_type=0
learning_momentum=0.000000
training_algorithm=2
train_error_function=1
train_stop_function=0
cascade_output_change_fraction=0.010000
quickprop_decay=-0.000100
quickprop_mu=1.750000
rprop_increase_factor=1.200000
rprop_decrease_factor=0.500000
rprop_delta_min=0.000000
rprop_delta_max=50.000000
rprop_delta_zero=0.100000
cascade_output_stagnation_epochs=12
cascade_candidate_change_fraction=0.010000
cascade_candidate_stagnation_epochs=12
cascade_max_out_epochs=150
cascade_min_out_epochs=50
cascade_max_cand_epochs=150
cascade_min_cand_epochs=50
cascade_num_candidate_groups=2
bit_fail_limit=3.49999994039535522461e-01
cascade_candidate_limit=1.00000000000000000000e+03
cascade_weight_multiplier=4.00000005960464477539e-01
cascade_activation_functions_count=10
cascade_activation_functions=3 5 7 8 10 11 14 15 16 17 
cascade_activation_steepnesses_count=4
cascade_activation_steepnesses=2.50000000000000000000e-01 5.00000000000000000000e-01 7.50000000000000000000e-01 1.00000000000000000000e+00 
layer_sizes=4 5 3 2 
scale_included=0
neurons (num_inputs, activation_function, activation_steepness)=(0, 0, 0.00000000000000000000e+00) (0, 0, 0.00000000000000000000e+00) (0, 0, 0.00000000000000000000e+00) (0, 0, 0.00000000000000000000e+00) (4, 3, 5.00000000000000000000e-01) (4, 3, 5.00000000000000000000e-01) (4, 3, 5.00000000000000000000e-01) (4, 3, 5.00000000000000000000e-01) (0, 3, 0.00000000000000000000e+00) (5, 3, 5.00000000000000000000e-01) (5, 3, 5.00000000000000000000e-01) (0, 3, 0.00000000000000000000e+00) (3, 3, 5.00000000000000000000e-01) (0, 3, 0.00000000000000000000e+00) 
connections (connected_to_neuron, weight)=(0, -1.20842466354370117188e+01) (1, -7.94999694824218750000e+00) (2, 1.10102808475494384766e+00) (3, 8.83078098297119140625e+00) (0, -1.36130018234252929688e+01) (1, -1.34306287765502929688e+01) (2, 1.98032069206237792969e+00) (3, 8.82173156738281250000e+00) (0, -1.18557024002075195312e+01) (1, -1.24213676452636718750e+01) (2, 2.92371034622192382812e+00) (3, 9.19819164276123046875e+00) (0, -1.43355407714843750000e+01) (1, -1.24241237640380859375e+01) (2, 2.25229816436767578125e+01) (3, -7.17555880546569824219e-01) (4, 2.63951644897460937500e+01) (5, -3.95091667175292968750e+01) (6, 2.66564922332763671875e+01) (7, -9.84386742115020751953e-01) (8, -8.94666576385498046875e+00) (4, 2.66552276611328125000e+01) (5, -4.07890739440917968750e+01) (6, 2.68529090881347656250e+01) (7, 8.17925453186035156250e-01) (8, -8.97362899780273437500e+00) (9, -2.14111280441284179688e+00) (10, -2.10402107238769531250e+00) (11, 2.00618934631347656250e+00) 
