FANN_FLO_2.1
num_layers=3
learning_rate=0.500000
connection_rate=1.000000
network_type=0
learning_momentum=0.000000
training_algorithm=2
train_error_function=1
train_stop_function=0
cascade_output_change_fraction=0.010000
quickprop_decay=-0.000100
quickprop_mu=1.750000
rprop_increase_factor=1.200000
rprop_decrease_factor=0.500000
rprop_delta_min=0.000000
rprop_delta_max=50.000000
rprop_delta_zero=0.100000
cascade_output_stagnation_epochs=12
cascade_candidate_change_fraction=0.010000
cascade_candidate_stagnation_epochs=12
cascade_max_out_epochs=150
cascade_min_out_epochs=50
cascade_max_cand_epochs=150
cascade_min_cand_epochs=50
cascade_num_candidate_groups=2
bit_fail_limit=3.49999994039535522461e-01
cascade_candidate_limit=1.00000000000000000000e+03
cascade_weight_multiplier=4.00000005960464477539e-01
cascade_activation_functions_count=10
cascade_activation_functions=3 5 7 8 10 11 14 15 16 17 
cascade_activation_steepnesses_count=4
cascade_activation_steepnesses=2.50000000000000000000e-01 5.00000000000000000000e-01 7.50000000000000000000e-01 1.00000000000000000000e+00 
layer_sizes=10 5 2 
scale_included=0
neurons (num_inputs, activation_function, activation_steepness)=(0, 0, 0.00000000000000000000e+00) (0, 0, 0.00000000000000000000e+00) (0, 0, 0.00000000000000000000e+00) (0, 0, 0.00000000000000000000e+00) (0, 0, 0.00000000000000000000e+00) (0, 0, 0.00000000000000000000e+00) (0, 0, 0.00000000000000000000e+00) (0, 0, 0.00000000000000000000e+00) (0, 0, 0.00000000000000000000e+00) (0, 0, 0.00000000000000000000e+00) (10, 3, 5.00000000000000000000e-01) (10, 3, 5.00000000000000000000e-01) (10, 3, 5.00000000000000000000e-01) (10, 3, 5.00000000000000000000e-01) (0, 3, 0.00000000000000000000e+00) (5, 3, 5.00000000000000000000e-01) (0, 3, 0.00000000000000000000e+00) 
connections (connected_to_neuron, weight)=(0, -1.81431263685226440430e-01) (1, -3.11064898967742919922e-01) (2, -2.05044329166412353516e-01) (3, -4.69064414501190185547e-01) (4, -5.39406538009643554688e-01) (5, -3.67827028036117553711e-01) (6, -3.29746931791305541992e-01) (7, -3.35776716470718383789e-01) (8, -9.36589315533638000488e-02) (9, 6.46902382373809814453e-01) (0, -1.88353329896926879883e-01) (1, -5.17759025096893310547e-01) (2, -2.06095203757286071777e-01) (3, -2.71945983171463012695e-01) (4, -8.55221331119537353516e-01) (5, -2.27317839860916137695e-01) (6, -2.96444773674011230469e-01) (7, -2.93173402547836303711e-01) (8, -1.98241934180259704590e-01) (9, 9.55000877380371093750e-01) (0, 5.72169899940490722656e-01) (1, 1.88934087753295898438e-01) (2, 4.82199668884277343750e-01) (3, 3.20545583963394165039e-01) (4, -1.16497285664081573486e-01) (5, 3.31389665603637695312e-01) (6, 5.02638161182403564453e-01) (7, 3.62036556005477905273e-01) (8, 3.40961217880249023438e-01) (9, -4.09954845905303955078e-01) (0, -2.95769721269607543945e-01) (1, -3.82557660341262817383e-01) (2, -3.56822550296783447266e-01) (3, -3.45990836620330810547e-01) (4, -3.37234854698181152344e-01) (5, -4.05697822570800781250e-01) (6, -1.97443544864654541016e-01) (7, -3.40181589126586914062e-01) (8, -5.40376245975494384766e-01) (9, 1.01897585391998291016e+00) (10, -1.04032850265502929688e+00) (11, -1.03888094425201416016e+00) (12, 2.08730936050415039062e+00) (13, -2.13428068161010742188e+00) (14, -7.32205137610435485840e-02) 
