FANN_FLO_2.1
num_layers=3
learning_rate=0.500000
connection_rate=1.000000
network_type=0
learning_momentum=0.000000
training_algorithm=2
train_error_function=1
train_stop_function=0
cascade_output_change_fraction=0.010000
quickprop_decay=-0.000100
quickprop_mu=1.750000
rprop_increase_factor=1.200000
rprop_decrease_factor=0.500000
rprop_delta_min=0.000000
rprop_delta_max=50.000000
rprop_delta_zero=0.100000
cascade_output_stagnation_epochs=12
cascade_candidate_change_fraction=0.010000
cascade_candidate_stagnation_epochs=12
cascade_max_out_epochs=150
cascade_min_out_epochs=50
cascade_max_cand_epochs=150
cascade_min_cand_epochs=50
cascade_num_candidate_groups=2
bit_fail_limit=3.49999994039535522461e-01
cascade_candidate_limit=1.00000000000000000000e+03
cascade_weight_multiplier=4.00000005960464477539e-01
cascade_activation_functions_count=10
cascade_activation_functions=3 5 7 8 10 11 14 15 16 17 
cascade_activation_steepnesses_count=4
cascade_activation_steepnesses=2.50000000000000000000e-01 5.00000000000000000000e-01 7.50000000000000000000e-01 1.00000000000000000000e+00 
layer_sizes=7 5 2 
scale_included=0
neurons (num_inputs, activation_function, activation_steepness)=(0, 0, 0.00000000000000000000e+00) (0, 0, 0.00000000000000000000e+00) (0, 0, 0.00000000000000000000e+00) (0, 0, 0.00000000000000000000e+00) (0, 0, 0.00000000000000000000e+00) (0, 0, 0.00000000000000000000e+00) (0, 0, 0.00000000000000000000e+00) (7, 3, 5.00000000000000000000e-01) (7, 3, 5.00000000000000000000e-01) (7, 3, 5.00000000000000000000e-01) (7, 3, 5.00000000000000000000e-01) (0, 3, 0.00000000000000000000e+00) (5, 0, 5.00000000000000000000e-01) (0, 0, 0.00000000000000000000e+00) 
connections (connected_to_neuron, weight)=(0, 1.40074834227561950684e-01) (1, 8.99711176753044128418e-02) (2, -1.77392292022705078125e+00) (3, 1.47806912660598754883e-01) (4, -6.94277000427246093750e+00) (5, 5.17466592788696289062e+00) (6, -8.86695384979248046875e-02) (0, -9.79124963283538818359e-01) (1, -5.71856346130371093750e+01) (2, -6.37494354248046875000e+01) (3, 5.71195144653320312500e+01) (4, -9.47858581542968750000e+01) (5, -2.16562911987304687500e+02) (6, -8.31323266029357910156e-01) (0, 1.22505925595760345459e-01) (1, -2.08835899829864501953e-01) (2, 1.34168207645416259766e+00) (3, -2.71070450544357299805e-01) (4, 2.43931508064270019531e+00) (5, -1.62020158767700195312e+00) (6, 4.80732351541519165039e-01) (0, -6.85578286647796630859e-02) (1, -4.48348909616470336914e-01) (2, 2.47376844286918640137e-01) (3, 7.30941891670227050781e-02) (4, -2.50667870044708251953e-01) (5, 1.48932322859764099121e-01) (6, 4.15670126676559448242e-02) (7, 3.34548592567443847656e-01) (8, 1.02945957332849502563e-02) (9, -3.52259390056133270264e-02) (10, -7.55828171968460083008e-02) (11, 5.03619872033596038818e-02) 
