FANN_FLO_2.1
num_layers=3
learning_rate=0.500000
connection_rate=1.000000
network_type=0
learning_momentum=0.000000
training_algorithm=2
train_error_function=1
train_stop_function=0
cascade_output_change_fraction=0.010000
quickprop_decay=-0.000100
quickprop_mu=1.750000
rprop_increase_factor=1.200000
rprop_decrease_factor=0.500000
rprop_delta_min=0.000000
rprop_delta_max=50.000000
rprop_delta_zero=0.100000
cascade_output_stagnation_epochs=12
cascade_candidate_change_fraction=0.010000
cascade_candidate_stagnation_epochs=12
cascade_max_out_epochs=150
cascade_min_out_epochs=50
cascade_max_cand_epochs=150
cascade_min_cand_epochs=50
cascade_num_candidate_groups=2
bit_fail_limit=3.49999994039535522461e-01
cascade_candidate_limit=1.00000000000000000000e+03
cascade_weight_multiplier=4.00000005960464477539e-01
cascade_activation_functions_count=10
cascade_activation_functions=3 5 7 8 10 11 14 15 16 17 
cascade_activation_steepnesses_count=4
cascade_activation_steepnesses=2.50000000000000000000e-01 5.00000000000000000000e-01 7.50000000000000000000e-01 1.00000000000000000000e+00 
layer_sizes=3 9 4 
scale_included=0
neurons (num_inputs, activation_function, activation_steepness)=(0, 0, 0.00000000000000000000e+00) (0, 0, 0.00000000000000000000e+00) (0, 0, 0.00000000000000000000e+00) (3, 3, 5.00000000000000000000e-01) (3, 3, 5.00000000000000000000e-01) (3, 3, 5.00000000000000000000e-01) (3, 3, 5.00000000000000000000e-01) (3, 3, 5.00000000000000000000e-01) (3, 3, 5.00000000000000000000e-01) (3, 3, 5.00000000000000000000e-01) (3, 3, 5.00000000000000000000e-01) (0, 3, 0.00000000000000000000e+00) (9, 0, 5.00000000000000000000e-01) (9, 0, 5.00000000000000000000e-01) (9, 0, 5.00000000000000000000e-01) (0, 0, 0.00000000000000000000e+00) 
connections (connected_to_neuron, weight)=(0, -4.27060127258300781250e+00) (1, 4.60960292816162109375e+00) (2, 6.87338447570800781250e+00) (0, -5.47892141342163085938e+00) (1, 2.25654554367065429688e+00) (2, 1.56468856334686279297e+00) (0, -4.18005466461181640625e+00) (1, 4.59196996688842773438e+00) (2, 5.36005353927612304688e+00) (0, -5.49189615249633789062e+00) (1, 3.65274906158447265625e+00) (2, 3.62697196006774902344e+00) (0, -4.59496450424194335938e+00) (1, 5.21036195755004882812e+00) (2, 3.49716162681579589844e+00) (0, -3.96126890182495117188e+00) (1, -2.03678560256958007812e+00) (2, 6.42232894897460937500e-01) (0, -4.85764598846435546875e+00) (1, 3.55553567409515380859e-01) (2, 3.29126000404357910156e-01) (0, -1.55390119552612304688e+00) (1, -2.82593393325805664062e+00) (2, 3.05201560258865356445e-01) (3, 4.46915626525878906250e-01) (4, 1.45285975933074951172e+00) (5, 4.40393775701522827148e-01) (6, 1.03666436672210693359e+00) (7, 4.74402844905853271484e-01) (8, 2.14371013641357421875e+00) (9, 2.19248437881469726562e+00) (10, 2.15945458412170410156e+00) (11, 4.69578444957733154297e-01) (3, 1.99613296985626220703e+00) (4, 3.80223345756530761719e+00) (5, 1.97893965244293212891e+00) (6, 4.13509750366210937500e+00) (7, 2.20261669158935546875e+00) (8, 5.42509841918945312500e+00) (9, 5.52233934402465820312e+00) (10, 7.47915601730346679688e+00) (11, 1.57085478305816650391e+00) (3, 7.76098442077636718750e+00) (4, 1.25933465957641601562e+01) (5, 7.74853754043579101562e+00) (6, 1.17274913787841796875e+01) (7, 7.71755218505859375000e+00) (8, 1.75180168151855468750e+01) (9, 1.66454582214355468750e+01) (10, 2.50416297912597656250e+01) (11, 8.25161743164062500000e+00) 
