FANN_FLO_2.1
num_layers=3
learning_rate=0.500000
connection_rate=1.000000
network_type=0
learning_momentum=0.000000
training_algorithm=2
train_error_function=1
train_stop_function=0
cascade_output_change_fraction=0.010000
quickprop_decay=-0.000100
quickprop_mu=1.750000
rprop_increase_factor=1.200000
rprop_decrease_factor=0.500000
rprop_delta_min=0.000000
rprop_delta_max=50.000000
rprop_delta_zero=0.100000
cascade_output_stagnation_epochs=12
cascade_candidate_change_fraction=0.010000
cascade_candidate_stagnation_epochs=12
cascade_max_out_epochs=150
cascade_min_out_epochs=50
cascade_max_cand_epochs=150
cascade_min_cand_epochs=50
cascade_num_candidate_groups=2
bit_fail_limit=3.49999994039535522461e-01
cascade_candidate_limit=1.00000000000000000000e+03
cascade_weight_multiplier=4.00000005960464477539e-01
cascade_activation_functions_count=10
cascade_activation_functions=3 5 7 8 10 11 14 15 16 17 
cascade_activation_steepnesses_count=4
cascade_activation_steepnesses=2.50000000000000000000e-01 5.00000000000000000000e-01 7.50000000000000000000e-01 1.00000000000000000000e+00 
layer_sizes=10 5 2 
scale_included=0
neurons (num_inputs, activation_function, activation_steepness)=(0, 0, 0.00000000000000000000e+00) (0, 0, 0.00000000000000000000e+00) (0, 0, 0.00000000000000000000e+00) (0, 0, 0.00000000000000000000e+00) (0, 0, 0.00000000000000000000e+00) (0, 0, 0.00000000000000000000e+00) (0, 0, 0.00000000000000000000e+00) (0, 0, 0.00000000000000000000e+00) (0, 0, 0.00000000000000000000e+00) (0, 0, 0.00000000000000000000e+00) (10, 3, 5.00000000000000000000e-01) (10, 3, 5.00000000000000000000e-01) (10, 3, 5.00000000000000000000e-01) (10, 3, 5.00000000000000000000e-01) (0, 3, 0.00000000000000000000e+00) (5, 3, 5.00000000000000000000e-01) (0, 3, 0.00000000000000000000e+00) 
connections (connected_to_neuron, weight)=(0, -2.65224099159240722656e-01) (1, -6.93706274032592773438e-01) (2, -1.13044932484626770020e-01) (3, -5.68235754966735839844e-01) (4, -6.46687805652618408203e-01) (5, -6.75587534904479980469e-01) (6, -2.16487079858779907227e-01) (7, -2.07656770944595336914e-01) (8, -1.36495858430862426758e-01) (9, 9.47423577308654785156e-01) (0, -3.12070250511169433594e-01) (1, -6.92217469215393066406e-01) (2, -1.99261322617530822754e-01) (3, -5.18219590187072753906e-01) (4, -6.62360966205596923828e-01) (5, -6.38009846210479736328e-01) (6, -1.82703495025634765625e-01) (7, -1.58391714096069335938e-01) (8, -1.45001366734504699707e-01) (9, 9.66496467590332031250e-01) (0, -6.05471491813659667969e-01) (1, 3.18004220724105834961e-01) (2, -9.94094908237457275391e-01) (3, -9.47796031832695007324e-02) (4, 2.79307812452316284180e-01) (5, 2.24677160382270812988e-01) (6, -8.52991819381713867188e-01) (7, -9.97168421745300292969e-01) (8, -9.99782025814056396484e-01) (9, 1.06290888786315917969e+00) (0, 1.50000000000000000000e+03) (1, 1.50000000000000000000e+03) (2, 1.50000000000000000000e+03) (3, 1.50000000000000000000e+03) (4, 1.50000000000000000000e+03) (5, 1.50000000000000000000e+03) (6, 1.50000000000000000000e+03) (7, 1.50000000000000000000e+03) (8, 1.50000000000000000000e+03) (9, 1.77677690982818603516e+00) (10, -1.90995323657989501953e+00) (11, -1.89850008487701416016e+00) (12, -1.47256577014923095703e+00) (13, 1.22746813297271728516e+00) (14, 4.25586074590682983398e-01) 
