FANN_FLO_2.1
num_layers=3
learning_rate=0.500000
connection_rate=1.000000
network_type=0
learning_momentum=0.000000
training_algorithm=2
train_error_function=1
train_stop_function=0
cascade_output_change_fraction=0.010000
quickprop_decay=-0.000100
quickprop_mu=1.750000
rprop_increase_factor=1.200000
rprop_decrease_factor=0.500000
rprop_delta_min=0.000000
rprop_delta_max=50.000000
rprop_delta_zero=0.100000
cascade_output_stagnation_epochs=12
cascade_candidate_change_fraction=0.010000
cascade_candidate_stagnation_epochs=12
cascade_max_out_epochs=150
cascade_min_out_epochs=50
cascade_max_cand_epochs=150
cascade_min_cand_epochs=50
cascade_num_candidate_groups=2
bit_fail_limit=3.49999994039535522461e-01
cascade_candidate_limit=1.00000000000000000000e+03
cascade_weight_multiplier=4.00000005960464477539e-01
cascade_activation_functions_count=10
cascade_activation_functions=3 5 7 8 10 11 14 15 16 17 
cascade_activation_steepnesses_count=4
cascade_activation_steepnesses=2.50000000000000000000e-01 5.00000000000000000000e-01 7.50000000000000000000e-01 1.00000000000000000000e+00 
layer_sizes=7 5 2 
scale_included=0
neurons (num_inputs, activation_function, activation_steepness)=(0, 0, 0.00000000000000000000e+00) (0, 0, 0.00000000000000000000e+00) (0, 0, 0.00000000000000000000e+00) (0, 0, 0.00000000000000000000e+00) (0, 0, 0.00000000000000000000e+00) (0, 0, 0.00000000000000000000e+00) (0, 0, 0.00000000000000000000e+00) (7, 3, 5.00000000000000000000e-01) (7, 3, 5.00000000000000000000e-01) (7, 3, 5.00000000000000000000e-01) (7, 3, 5.00000000000000000000e-01) (0, 3, 0.00000000000000000000e+00) (5, 0, 5.00000000000000000000e-01) (0, 0, 0.00000000000000000000e+00) 
connections (connected_to_neuron, weight)=(0, -8.61196458339691162109e-01) (1, -6.40845715999603271484e-01) (2, 1.78641402721405029297e+00) (3, -8.33090245723724365234e-01) (4, -1.63698482513427734375e+00) (5, 2.50254631042480468750e+00) (6, -1.08353567123413085938e+00) (0, -3.42543125152587890625e+00) (1, -1.13818004727363586426e-01) (2, 1.44680114746093750000e+03) (3, 5.27729177474975585938e+00) (4, 1.76884317398071289062e+00) (5, -4.68900024890899658203e-01) (6, -1.59577205777168273926e-01) (0, 1.20475976562500000000e+03) (1, 1.21050994873046875000e+02) (2, 1.50000000000000000000e+03) (3, 5.63740158081054687500e+00) (4, 2.29332458496093750000e+02) (5, 7.18854003906250000000e+02) (6, -1.02410292625427246094e+00) (0, 2.10152725219726562500e+02) (1, 1.15691955566406250000e+03) (2, 1.50000000000000000000e+03) (3, -5.04987144470214843750e+00) (4, 7.35085876464843750000e+02) (5, 1.50000000000000000000e+03) (6, -5.93438529968261718750e+00) (7, 3.63429598510265350342e-02) (8, -7.04485166352242231369e-04) (9, -1.01517207920551300049e-01) (10, -8.09322670102119445801e-03) (11, 1.23371660709381103516e-01) 
