FANN_FLO_2.1
num_layers=3
learning_rate=0.500000
connection_rate=1.000000
network_type=0
learning_momentum=0.000000
training_algorithm=2
train_error_function=1
train_stop_function=0
cascade_output_change_fraction=0.010000
quickprop_decay=-0.000100
quickprop_mu=1.750000
rprop_increase_factor=1.200000
rprop_decrease_factor=0.500000
rprop_delta_min=0.000000
rprop_delta_max=50.000000
rprop_delta_zero=0.100000
cascade_output_stagnation_epochs=12
cascade_candidate_change_fraction=0.010000
cascade_candidate_stagnation_epochs=12
cascade_max_out_epochs=150
cascade_min_out_epochs=50
cascade_max_cand_epochs=150
cascade_min_cand_epochs=50
cascade_num_candidate_groups=2
bit_fail_limit=3.49999994039535522461e-01
cascade_candidate_limit=1.00000000000000000000e+03
cascade_weight_multiplier=4.00000005960464477539e-01
cascade_activation_functions_count=10
cascade_activation_functions=3 5 7 8 10 11 14 15 16 17 
cascade_activation_steepnesses_count=4
cascade_activation_steepnesses=2.50000000000000000000e-01 5.00000000000000000000e-01 7.50000000000000000000e-01 1.00000000000000000000e+00 
layer_sizes=7 5 2 
scale_included=0
neurons (num_inputs, activation_function, activation_steepness)=(0, 0, 0.00000000000000000000e+00) (0, 0, 0.00000000000000000000e+00) (0, 0, 0.00000000000000000000e+00) (0, 0, 0.00000000000000000000e+00) (0, 0, 0.00000000000000000000e+00) (0, 0, 0.00000000000000000000e+00) (0, 0, 0.00000000000000000000e+00) (7, 3, 5.00000000000000000000e-01) (7, 3, 5.00000000000000000000e-01) (7, 3, 5.00000000000000000000e-01) (7, 3, 5.00000000000000000000e-01) (0, 3, 0.00000000000000000000e+00) (5, 0, 5.00000000000000000000e-01) (0, 0, 0.00000000000000000000e+00) 
connections (connected_to_neuron, weight)=(0, -2.26821750402450561523e-01) (1, 1.53334349393844604492e-01) (2, -3.95900845527648925781e-01) (3, 1.02677576243877410889e-01) (4, 3.71981263160705566406e-01) (5, 5.45569881796836853027e-02) (6, 9.77316200733184814453e-01) (0, -4.46349412202835083008e-01) (1, 4.21367824077606201172e-01) (2, -6.22451186180114746094e-01) (3, -1.84063240885734558105e-01) (4, 1.28224396705627441406e+00) (5, -3.70737463235855102539e-01) (6, 2.12294173240661621094e+00) (0, -1.65035232901573181152e-01) (1, 2.41179037094116210938e+00) (2, 3.19695549011230468750e+01) (3, -1.68181571960449218750e+01) (4, -1.91243499517440795898e-01) (5, -1.40300000000000000000e+03) (6, -5.94682693481445312500e-01) (0, -2.96597146987915039062e+00) (1, 7.46874938964843750000e+02) (2, 7.09369934082031250000e+02) (3, -4.71612262725830078125e+00) (4, -9.46958065032958984375e-01) (5, -1.40300000000000000000e+03) (6, -3.77969741821289062500e+00) (7, 1.47388696670532226562e-01) (8, -1.29175186157226562500e-01) (9, 1.16145936772227287292e-02) (10, 1.17052234709262847900e-02) (11, -1.50854606181383132935e-02) 
