FANN_FLO_2.1
num_layers=4
learning_rate=0.450000
connection_rate=1.000000
network_type=0
learning_momentum=0.000000
training_algorithm=2
train_error_function=1
train_stop_function=0
cascade_output_change_fraction=0.010000
quickprop_decay=-0.000100
quickprop_mu=1.750000
rprop_increase_factor=1.200000
rprop_decrease_factor=0.500000
rprop_delta_min=0.000000
rprop_delta_max=50.000000
rprop_delta_zero=0.100000
cascade_output_stagnation_epochs=12
cascade_candidate_change_fraction=0.010000
cascade_candidate_stagnation_epochs=12
cascade_max_out_epochs=150
cascade_min_out_epochs=50
cascade_max_cand_epochs=150
cascade_min_cand_epochs=50
cascade_num_candidate_groups=2
bit_fail_limit=3.49999994039535522461e-01
cascade_candidate_limit=1.00000000000000000000e+03
cascade_weight_multiplier=4.00000005960464477539e-01
cascade_activation_functions_count=10
cascade_activation_functions=3 5 7 8 10 11 14 15 16 17 
cascade_activation_steepnesses_count=4
cascade_activation_steepnesses=2.50000000000000000000e-01 5.00000000000000000000e-01 7.50000000000000000000e-01 1.00000000000000000000e+00 
layer_sizes=7 5 3 2 
scale_included=0
neurons (num_inputs, activation_function, activation_steepness)=(0, 0, 0.00000000000000000000e+00) (0, 0, 0.00000000000000000000e+00) (0, 0, 0.00000000000000000000e+00) (0, 0, 0.00000000000000000000e+00) (0, 0, 0.00000000000000000000e+00) (0, 0, 0.00000000000000000000e+00) (0, 0, 0.00000000000000000000e+00) (7, 3, 5.00000000000000000000e-01) (7, 3, 5.00000000000000000000e-01) (7, 3, 5.00000000000000000000e-01) (7, 3, 5.00000000000000000000e-01) (0, 3, 0.00000000000000000000e+00) (5, 3, 5.00000000000000000000e-01) (5, 3, 5.00000000000000000000e-01) (0, 3, 0.00000000000000000000e+00) (3, 0, 5.00000000000000000000e-01) (0, 0, 0.00000000000000000000e+00) 
connections (connected_to_neuron, weight)=(0, -1.36629785156250000000e+03) (1, 9.21705627441406250000e+02) (2, 3.88559753417968750000e+02) (3, -5.79571289062500000000e+02) (4, 1.48534240722656250000e+03) (5, -7.33219726562500000000e+02) (6, 1.09115142822265625000e+01) (0, -1.45790368652343750000e+03) (1, 1.48038671875000000000e+03) (2, 7.83316467285156250000e+02) (3, -5.80620605468750000000e+02) (4, 1.48905834960937500000e+03) (5, -1.08664685058593750000e+03) (6, 1.08758573532104492188e+01) (0, -1.29049084472656250000e+03) (1, 1.14178125000000000000e+03) (2, 3.05926940917968750000e+02) (3, -6.45036010742187500000e+02) (4, 1.33544995117187500000e+03) (5, -5.60725952148437500000e+02) (6, 2.67371082305908203125e+01) (0, -1.45790368652343750000e+03) (1, 1.49092163085937500000e+03) (2, 6.46545837402343750000e+02) (3, -4.09585937500000000000e+02) (4, 1.48905834960937500000e+03) (5, -1.02773144531250000000e+03) (6, 1.08835239410400390625e+01) (7, -8.65800048828125000000e+02) (8, -1.50000000000000000000e+03) (9, 5.02541931152343750000e+02) (10, -8.73659057617187500000e+01) (11, -2.40420494079589843750e+01) (7, -8.65800048828125000000e+02) (8, -1.16681127929687500000e+03) (9, 6.53786621093750000000e+02) (10, -1.18926906585693359375e+01) (11, -1.48904883861541748047e+00) (12, 1.15967797851562500000e+03) (13, 1.24850191175937652588e-01) (14, 9.63020604103803634644e-03) 
