FANN_FLO_2.1
num_layers=3
learning_rate=0.300000
connection_rate=1.000000
network_type=0
learning_momentum=0.000000
training_algorithm=2
train_error_function=1
train_stop_function=0
cascade_output_change_fraction=0.010000
quickprop_decay=-0.000100
quickprop_mu=1.750000
rprop_increase_factor=1.200000
rprop_decrease_factor=0.500000
rprop_delta_min=0.000000
rprop_delta_max=50.000000
rprop_delta_zero=0.100000
cascade_output_stagnation_epochs=12
cascade_candidate_change_fraction=0.010000
cascade_candidate_stagnation_epochs=12
cascade_max_out_epochs=150
cascade_min_out_epochs=50
cascade_max_cand_epochs=150
cascade_min_cand_epochs=50
cascade_num_candidate_groups=2
bit_fail_limit=3.49999994039535522461e-01
cascade_candidate_limit=1.00000000000000000000e+03
cascade_weight_multiplier=4.00000005960464477539e-01
cascade_activation_functions_count=10
cascade_activation_functions=3 5 7 8 10 11 14 15 16 17 
cascade_activation_steepnesses_count=4
cascade_activation_steepnesses=2.50000000000000000000e-01 5.00000000000000000000e-01 7.50000000000000000000e-01 1.00000000000000000000e+00 
layer_sizes=4 9 2 
scale_included=0
neurons (num_inputs, activation_function, activation_steepness)=(0, 0, 0.00000000000000000000e+00) (0, 0, 0.00000000000000000000e+00) (0, 0, 0.00000000000000000000e+00) (0, 0, 0.00000000000000000000e+00) (4, 3, 5.00000000000000000000e-01) (4, 3, 5.00000000000000000000e-01) (4, 3, 5.00000000000000000000e-01) (4, 3, 5.00000000000000000000e-01) (4, 3, 5.00000000000000000000e-01) (4, 3, 5.00000000000000000000e-01) (4, 3, 5.00000000000000000000e-01) (4, 3, 5.00000000000000000000e-01) (0, 3, 0.00000000000000000000e+00) (9, 3, 5.00000000000000000000e-01) (0, 3, 0.00000000000000000000e+00) 
connections (connected_to_neuron, weight)=(0, 2.18007111549377441406e+00) (1, -6.91253468394279479980e-02) (2, -1.14358406066894531250e+01) (3, -2.55295839160680770874e-02) (0, -1.29014289379119873047e+00) (1, 7.01210200786590576172e-01) (2, -1.35274565219879150391e+00) (3, 2.55312657356262207031e+00) (0, -4.03285980224609375000e-01) (1, 5.45811131596565246582e-02) (2, -7.55458712577819824219e-01) (3, 1.45585079193115234375e+01) (0, -6.95042371749877929688e-01) (1, 4.42636758089065551758e-01) (2, -9.69635903835296630859e-01) (3, 3.40287470817565917969e+00) (0, 1.30499318242073059082e-01) (1, 1.70343548059463500977e-01) (2, -2.84876656532287597656e+00) (3, 5.31922459602355957031e-01) (0, 8.36400413513183593750e+00) (1, -3.99940943717956542969e+00) (2, -1.38266801834106445312e+01) (3, 2.01983600854873657227e-01) (0, -4.02629226446151733398e-01) (1, 1.81454733014106750488e-01) (2, -8.28463852405548095703e-01) (3, 3.92540383338928222656e+00) (0, -2.15987890958786010742e-01) (1, 2.80012469738721847534e-02) (2, -3.38269501924514770508e-01) (3, 3.74733757972717285156e+00) (4, 2.01854765415191650391e-01) (5, -1.45910620689392089844e-01) (6, -9.05010640621185302734e-01) (7, -4.46294218301773071289e-01) (8, -4.91396188735961914062e-01) (9, -1.50000000000000000000e+03) (10, -4.11873579025268554688e-01) (11, -4.59177064895629882812e+00) (12, 8.76368880271911621094e-01) 
