FANN_FLO_2.1
num_layers=3
learning_rate=0.500000
connection_rate=1.000000
network_type=0
learning_momentum=0.000000
training_algorithm=2
train_error_function=1
train_stop_function=0
cascade_output_change_fraction=0.010000
quickprop_decay=-0.000100
quickprop_mu=1.750000
rprop_increase_factor=1.200000
rprop_decrease_factor=0.500000
rprop_delta_min=0.000000
rprop_delta_max=50.000000
rprop_delta_zero=0.100000
cascade_output_stagnation_epochs=12
cascade_candidate_change_fraction=0.010000
cascade_candidate_stagnation_epochs=12
cascade_max_out_epochs=150
cascade_min_out_epochs=50
cascade_max_cand_epochs=150
cascade_min_cand_epochs=50
cascade_num_candidate_groups=2
bit_fail_limit=3.49999994039535522461e-01
cascade_candidate_limit=1.00000000000000000000e+03
cascade_weight_multiplier=4.00000005960464477539e-01
cascade_activation_functions_count=10
cascade_activation_functions=3 5 7 8 10 11 14 15 16 17 
cascade_activation_steepnesses_count=4
cascade_activation_steepnesses=2.50000000000000000000e-01 5.00000000000000000000e-01 7.50000000000000000000e-01 1.00000000000000000000e+00 
layer_sizes=10 5 2 
scale_included=0
neurons (num_inputs, activation_function, activation_steepness)=(0, 0, 0.00000000000000000000e+00) (0, 0, 0.00000000000000000000e+00) (0, 0, 0.00000000000000000000e+00) (0, 0, 0.00000000000000000000e+00) (0, 0, 0.00000000000000000000e+00) (0, 0, 0.00000000000000000000e+00) (0, 0, 0.00000000000000000000e+00) (0, 0, 0.00000000000000000000e+00) (0, 0, 0.00000000000000000000e+00) (0, 0, 0.00000000000000000000e+00) (10, 3, 5.00000000000000000000e-01) (10, 3, 5.00000000000000000000e-01) (10, 3, 5.00000000000000000000e-01) (10, 3, 5.00000000000000000000e-01) (0, 3, 0.00000000000000000000e+00) (5, 3, 5.00000000000000000000e-01) (0, 3, 0.00000000000000000000e+00) 
connections (connected_to_neuron, weight)=(0, -3.96637439727783203125e-01) (1, -1.10436342656612396240e-01) (2, -2.19626188278198242188e-01) (3, -7.61148810386657714844e-01) (4, -4.71434116363525390625e-01) (5, -2.83684432506561279297e-01) (6, -8.40128809213638305664e-02) (7, -1.95401400327682495117e-01) (8, -2.32314065098762512207e-01) (9, 6.07808828353881835938e-01) (0, 3.76409173011779785156e-01) (1, 4.94834333658218383789e-01) (2, 7.18811810016632080078e-01) (3, -5.60845099389553070068e-02) (4, -3.39968092739582061768e-02) (5, 5.43981671333312988281e-01) (6, 5.60650408267974853516e-01) (7, 4.64420706033706665039e-01) (8, 3.92012745141983032227e-01) (9, -1.12499582767486572266e+00) (0, -3.11714321374893188477e-01) (1, -5.97995221614837646484e-01) (2, -1.37330234050750732422e-01) (3, -5.06106019020080566406e-01) (4, -4.91180419921875000000e-02) (5, -2.36480861902236938477e-01) (6, -2.53314584493637084961e-01) (7, -4.04988139867782592773e-01) (8, -4.15396392345428466797e-01) (9, 5.98218202590942382812e-01) (0, -2.51927554607391357422e-01) (1, -1.47609889507293701172e-01) (2, -1.24140627682209014893e-01) (3, -3.66781026124954223633e-01) (4, -8.25336158275604248047e-01) (5, -1.98496699333190917969e-01) (6, -3.47749769687652587891e-01) (7, -2.60751724243164062500e-01) (8, -3.11667829751968383789e-01) (9, 7.58846104145050048828e-01) (10, -1.41281211376190185547e+00) (11, 1.89488554000854492188e+00) (12, -1.38150942325592041016e+00) (13, -1.47251033782958984375e+00) (14, 1.48001909255981445312e-01) 
