FANN_FLO_2.1
num_layers=4
learning_rate=0.300000
connection_rate=1.000000
network_type=0
learning_momentum=0.000000
training_algorithm=2
train_error_function=1
train_stop_function=0
cascade_output_change_fraction=0.010000
quickprop_decay=-0.000100
quickprop_mu=1.750000
rprop_increase_factor=1.200000
rprop_decrease_factor=0.500000
rprop_delta_min=0.000000
rprop_delta_max=50.000000
rprop_delta_zero=0.100000
cascade_output_stagnation_epochs=12
cascade_candidate_change_fraction=0.010000
cascade_candidate_stagnation_epochs=12
cascade_max_out_epochs=150
cascade_min_out_epochs=50
cascade_max_cand_epochs=150
cascade_min_cand_epochs=50
cascade_num_candidate_groups=2
bit_fail_limit=3.49999994039535522461e-01
cascade_candidate_limit=1.00000000000000000000e+03
cascade_weight_multiplier=4.00000005960464477539e-01
cascade_activation_functions_count=10
cascade_activation_functions=3 5 7 8 10 11 14 15 16 17 
cascade_activation_steepnesses_count=4
cascade_activation_steepnesses=2.50000000000000000000e-01 5.00000000000000000000e-01 7.50000000000000000000e-01 1.00000000000000000000e+00 
layer_sizes=2 5 5 3 
scale_included=0
neurons (num_inputs, activation_function, activation_steepness)=(0, 0, 0.00000000000000000000e+00) (0, 0, 0.00000000000000000000e+00) (2, 3, 5.00000000000000000000e-01) (2, 3, 5.00000000000000000000e-01) (2, 3, 5.00000000000000000000e-01) (2, 3, 5.00000000000000000000e-01) (0, 3, 0.00000000000000000000e+00) (5, 3, 5.00000000000000000000e-01) (5, 3, 5.00000000000000000000e-01) (5, 3, 5.00000000000000000000e-01) (5, 3, 5.00000000000000000000e-01) (0, 3, 0.00000000000000000000e+00) (5, 0, 5.00000000000000000000e-01) (5, 0, 5.00000000000000000000e-01) (0, 0, 0.00000000000000000000e+00) 
connections (connected_to_neuron, weight)=(0, -1.49450874328613281250e+01) (1, -9.42481517791748046875e+00) (0, 1.30772376060485839844e+00) (1, 5.12260627746582031250e+00) (0, 1.38876771926879882812e+00) (1, 5.36029434204101562500e+00) (0, 1.17227590084075927734e+00) (1, 4.79021406173706054688e+00) (2, 1.08202171325683593750e+00) (3, 1.61725103855133056641e-01) (4, 1.74841582775115966797e-01) (5, 2.62521386146545410156e-01) (6, -2.80891031026840209961e-01) (2, 2.20328330993652343750e+00) (3, -3.94841507077217102051e-02) (4, -1.00048102438449859619e-01) (5, -1.10646516084671020508e-01) (6, -2.84712761640548706055e-01) (2, 9.16876137256622314453e-01) (3, 4.07057046890258789062e-01) (4, 2.63255566358566284180e-01) (5, 2.64915883541107177734e-01) (6, -4.98689636588096618652e-02) (2, 7.85611248016357421875e+00) (3, 2.76350796222686767578e-01) (4, 2.59949326515197753906e-01) (5, 2.87461429834365844727e-01) (6, -4.21240186691284179688e+00) (7, -3.49622704088687896729e-02) (8, -1.34990504011511802673e-02) (9, -6.76192864775657653809e-02) (10, 1.95023328065872192383e-01) (11, -1.43811330199241638184e-01) (7, -6.00098848342895507812e-01) (8, -3.44852715730667114258e-01) (9, -5.98994076251983642578e-01) (10, -4.79812741279602050781e-01) (11, -3.35389286279678344727e-01) 
