FANN_FLO_2.1
num_layers=4
learning_rate=0.450000
connection_rate=1.000000
network_type=0
learning_momentum=0.000000
training_algorithm=2
train_error_function=1
train_stop_function=0
cascade_output_change_fraction=0.010000
quickprop_decay=-0.000100
quickprop_mu=1.750000
rprop_increase_factor=1.200000
rprop_decrease_factor=0.500000
rprop_delta_min=0.000000
rprop_delta_max=50.000000
rprop_delta_zero=0.100000
cascade_output_stagnation_epochs=12
cascade_candidate_change_fraction=0.010000
cascade_candidate_stagnation_epochs=12
cascade_max_out_epochs=150
cascade_min_out_epochs=50
cascade_max_cand_epochs=150
cascade_min_cand_epochs=50
cascade_num_candidate_groups=2
bit_fail_limit=3.49999994039535522461e-01
cascade_candidate_limit=1.00000000000000000000e+03
cascade_weight_multiplier=4.00000005960464477539e-01
cascade_activation_functions_count=10
cascade_activation_functions=3 5 7 8 10 11 14 15 16 17 
cascade_activation_steepnesses_count=4
cascade_activation_steepnesses=2.50000000000000000000e-01 5.00000000000000000000e-01 7.50000000000000000000e-01 1.00000000000000000000e+00 
layer_sizes=7 5 5 2 
scale_included=0
neurons (num_inputs, activation_function, activation_steepness)=(0, 0, 0.00000000000000000000e+00) (0, 0, 0.00000000000000000000e+00) (0, 0, 0.00000000000000000000e+00) (0, 0, 0.00000000000000000000e+00) (0, 0, 0.00000000000000000000e+00) (0, 0, 0.00000000000000000000e+00) (0, 0, 0.00000000000000000000e+00) (7, 3, 5.00000000000000000000e-01) (7, 3, 5.00000000000000000000e-01) (7, 3, 5.00000000000000000000e-01) (7, 3, 5.00000000000000000000e-01) (0, 3, 0.00000000000000000000e+00) (5, 3, 5.00000000000000000000e-01) (5, 3, 5.00000000000000000000e-01) (5, 3, 5.00000000000000000000e-01) (5, 3, 5.00000000000000000000e-01) (0, 3, 0.00000000000000000000e+00) (5, 0, 5.00000000000000000000e-01) (0, 0, 0.00000000000000000000e+00) 
connections (connected_to_neuron, weight)=(0, 5.11766560375690460205e-02) (1, 7.54203855991363525391e-01) (2, -6.40932381153106689453e-01) (3, 1.55896633863449096680e-01) (4, 2.16369092464447021484e-01) (5, -3.71540129184722900391e-01) (6, 3.02928060293197631836e-01) (0, 7.90862202644348144531e-01) (1, 2.66174674034118652344e+00) (2, -6.26217937469482421875e+00) (3, 7.43017718195915222168e-02) (4, 2.31068468093872070312e+00) (5, -9.28645133972167968750e-01) (6, 1.96905021667480468750e+01) (0, -5.65990567207336425781e-01) (1, -2.57841646671295166016e-01) (2, 1.49100000000000000000e+03) (3, -4.71179425716400146484e-01) (4, -2.97203809022903442383e-01) (5, 1.49459997558593750000e+03) (6, 5.63767969608306884766e-01) (0, -2.52147614955902099609e-01) (1, 1.14255273342132568359e+00) (2, 1.49100000000000000000e+03) (3, 1.24222114682197570801e-01) (4, -5.31889088451862335205e-02) (5, 1.49459997558593750000e+03) (6, 4.58928632736206054688e+00) (7, 7.73513555526733398438e-01) (8, -2.09705905914306640625e+01) (9, 6.09594249725341796875e+00) (10, 1.80983924865722656250e+01) (11, -4.45047569274902343750e+00) (7, -7.25688362121582031250e+00) (8, -4.25527286529541015625e+00) (9, 1.55185151100158691406e+00) (10, 8.02500367164611816406e-01) (11, 6.71455383300781250000e-01) (7, -3.68840956687927246094e+00) (8, -3.86352610588073730469e+00) (9, 2.74083068847656250000e+02) (10, -4.93004173040390014648e-01) (11, -3.70373606681823730469e-01) (7, -1.26758361816406250000e+03) (8, -1.22594261169433593750e+00) (9, -7.00851379394531250000e+02) (10, -9.00204223632812500000e+02) (11, -2.19781160354614257812e+00) (12, -6.05334825813770294189e-02) (13, 2.37505793571472167969e+00) (14, -1.44462119787931442261e-02) (15, 1.50000000000000000000e+03) (16, 4.64109592139720916748e-02) 
