FANN_FLO_2.1
num_layers=3
learning_rate=0.500000
connection_rate=1.000000
network_type=0
learning_momentum=0.000000
training_algorithm=2
train_error_function=1
train_stop_function=0
cascade_output_change_fraction=0.010000
quickprop_decay=-0.000100
quickprop_mu=1.750000
rprop_increase_factor=1.200000
rprop_decrease_factor=0.500000
rprop_delta_min=0.000000
rprop_delta_max=50.000000
rprop_delta_zero=0.100000
cascade_output_stagnation_epochs=12
cascade_candidate_change_fraction=0.010000
cascade_candidate_stagnation_epochs=12
cascade_max_out_epochs=150
cascade_min_out_epochs=50
cascade_max_cand_epochs=150
cascade_min_cand_epochs=50
cascade_num_candidate_groups=2
bit_fail_limit=3.49999994039535522461e-01
cascade_candidate_limit=1.00000000000000000000e+03
cascade_weight_multiplier=4.00000005960464477539e-01
cascade_activation_functions_count=10
cascade_activation_functions=3 5 7 8 10 11 14 15 16 17 
cascade_activation_steepnesses_count=4
cascade_activation_steepnesses=2.50000000000000000000e-01 5.00000000000000000000e-01 7.50000000000000000000e-01 1.00000000000000000000e+00 
layer_sizes=7 9 2 
scale_included=0
neurons (num_inputs, activation_function, activation_steepness)=(0, 0, 0.00000000000000000000e+00) (0, 0, 0.00000000000000000000e+00) (0, 0, 0.00000000000000000000e+00) (0, 0, 0.00000000000000000000e+00) (0, 0, 0.00000000000000000000e+00) (0, 0, 0.00000000000000000000e+00) (0, 0, 0.00000000000000000000e+00) (7, 3, 5.00000000000000000000e-01) (7, 3, 5.00000000000000000000e-01) (7, 3, 5.00000000000000000000e-01) (7, 3, 5.00000000000000000000e-01) (7, 3, 5.00000000000000000000e-01) (7, 3, 5.00000000000000000000e-01) (7, 3, 5.00000000000000000000e-01) (7, 3, 5.00000000000000000000e-01) (0, 3, 0.00000000000000000000e+00) (9, 0, 5.00000000000000000000e-01) (0, 0, 0.00000000000000000000e+00) 
connections (connected_to_neuron, weight)=(0, -2.12301301956176757812e+00) (1, 4.02816581726074218750e+00) (2, -1.39817333984375000000e+03) (3, 1.12985658645629882812e+00) (4, 1.50000000000000000000e+03) (5, 3.10927200317382812500e+00) (6, -2.99277687072753906250e+00) (0, 1.20117645710706710815e-02) (1, -1.85908034443855285645e-01) (2, -1.20022691786289215088e-01) (3, 9.76434126496315002441e-02) (4, 3.75754565000534057617e-01) (5, 6.78991019725799560547e-01) (6, 1.19726765155792236328e+00) (0, -5.75891017913818359375e-01) (1, 1.75674974918365478516e-01) (2, -1.24431877136230468750e+01) (3, -2.78103446960449218750e+00) (4, 4.04212493896484375000e+01) (5, -1.62287950515747070312e+00) (6, -3.90247285366058349609e-01) (0, 1.26336932182312011719e-01) (1, 1.02079333496093750000e+03) (2, -3.90522186279296875000e+02) (3, 9.36445426940917968750e+00) (4, 6.81530639648437500000e+02) (5, 8.93129110336303710938e-02) (6, 2.55439639091491699219e-01) (0, 2.74401664733886718750e-01) (1, 8.36191558837890625000e+01) (2, -6.54405212402343750000e+01) (3, 1.89677011966705322266e+00) (4, 1.27963659667968750000e+03) (5, -7.67648239135742187500e+01) (6, 1.62848353385925292969e-01) (0, -1.85974210500717163086e-01) (1, -8.24033813476562500000e+02) (2, 3.46000701904296875000e+02) (3, -4.88073492050170898438e+00) (4, -1.50000000000000000000e+03) (5, 8.79976745605468750000e+02) (6, -2.67622232437133789062e-01) (0, -2.43541881442070007324e-01) (1, -8.24110595703125000000e+02) (2, 8.29293090820312500000e+02) (3, -4.90417623519897460938e+00) (4, -1.50000000000000000000e+03) (5, 3.66992736816406250000e+02) (6, -4.14910554885864257812e-01) (0, 7.83059187233448028564e-03) (1, -1.20990502929687500000e+03) (2, 6.61307128906250000000e+02) (3, -5.40333557128906250000e+00) (4, -1.50000000000000000000e+03) (5, 8.16812805175781250000e+02) (6, 2.29263827204704284668e-01) (7, -9.37665626406669616699e-03) (8, 1.35707125067710876465e-01) (9, -1.17036543786525726318e-01) (10, 4.95495507493615150452e-03) (11, 5.50390919670462608337e-03) (12, 1.50000000000000000000e+03) (13, 1.50000000000000000000e+03) (14, 1.32422070312500000000e+03) (15, 1.07954908162355422974e-02) 
