FANN_FLO_2.1
num_layers=4
learning_rate=0.300000
connection_rate=1.000000
network_type=0
learning_momentum=0.000000
training_algorithm=2
train_error_function=1
train_stop_function=0
cascade_output_change_fraction=0.010000
quickprop_decay=-0.000100
quickprop_mu=1.750000
rprop_increase_factor=1.200000
rprop_decrease_factor=0.500000
rprop_delta_min=0.000000
rprop_delta_max=50.000000
rprop_delta_zero=0.100000
cascade_output_stagnation_epochs=12
cascade_candidate_change_fraction=0.010000
cascade_candidate_stagnation_epochs=12
cascade_max_out_epochs=150
cascade_min_out_epochs=50
cascade_max_cand_epochs=150
cascade_min_cand_epochs=50
cascade_num_candidate_groups=2
bit_fail_limit=3.49999994039535522461e-01
cascade_candidate_limit=1.00000000000000000000e+03
cascade_weight_multiplier=4.00000005960464477539e-01
cascade_activation_functions_count=10
cascade_activation_functions=3 5 7 8 10 11 14 15 16 17 
cascade_activation_steepnesses_count=4
cascade_activation_steepnesses=2.50000000000000000000e-01 5.00000000000000000000e-01 7.50000000000000000000e-01 1.00000000000000000000e+00 
layer_sizes=2 5 5 3 
scale_included=0
neurons (num_inputs, activation_function, activation_steepness)=(0, 0, 0.00000000000000000000e+00) (0, 0, 0.00000000000000000000e+00) (2, 3, 5.00000000000000000000e-01) (2, 3, 5.00000000000000000000e-01) (2, 3, 5.00000000000000000000e-01) (2, 3, 5.00000000000000000000e-01) (0, 3, 0.00000000000000000000e+00) (5, 3, 5.00000000000000000000e-01) (5, 3, 5.00000000000000000000e-01) (5, 3, 5.00000000000000000000e-01) (5, 3, 5.00000000000000000000e-01) (0, 3, 0.00000000000000000000e+00) (5, 0, 5.00000000000000000000e-01) (5, 0, 5.00000000000000000000e-01) (0, 0, 0.00000000000000000000e+00) 
connections (connected_to_neuron, weight)=(0, -1.50000000000000000000e+03) (1, 5.12792579829692840576e-02) (0, -1.50000000000000000000e+03) (1, -1.30550003051757812500e+01) (0, -1.50000000000000000000e+03) (1, -3.06160712242126464844e+00) (0, -1.50000000000000000000e+03) (1, -3.18427300453186035156e+00) (2, 3.16391289234161376953e-01) (3, 1.21930563449859619141e+00) (4, 8.66991281509399414062e-01) (5, 7.53607749938964843750e-01) (6, -1.69347107410430908203e+00) (2, 3.83912950754165649414e-01) (3, 4.95013684034347534180e-01) (4, 5.55459797382354736328e-01) (5, 5.12178182601928710938e-01) (6, 5.74961364269256591797e-01) (2, 3.66400212049484252930e-01) (3, 5.37713527679443359375e-01) (4, 2.19959568977355957031e+00) (5, 2.19619727134704589844e+00) (6, 2.24832259118556976318e-02) (2, 4.01812136173248291016e-01) (3, 6.61669433116912841797e-01) (4, 6.44895851612091064453e-01) (5, 5.59216916561126708984e-01) (6, 1.80749088525772094727e-01) (7, 2.42593914270401000977e-01) (8, -4.79317307472229003906e-02) (9, 6.44086897373199462891e-02) (10, -3.07201184332370758057e-02) (11, -1.96259766817092895508e-01) (7, -5.76108634471893310547e-01) (8, -5.10497391223907470703e-01) (9, -4.38661038875579833984e-01) (10, -4.13801193237304687500e-01) (11, -3.09780448675155639648e-01) 
