FANN_FLO_2.1
num_layers=4
learning_rate=0.500000
connection_rate=1.000000
network_type=0
learning_momentum=0.000000
training_algorithm=2
train_error_function=1
train_stop_function=0
cascade_output_change_fraction=0.010000
quickprop_decay=-0.000100
quickprop_mu=1.750000
rprop_increase_factor=1.200000
rprop_decrease_factor=0.500000
rprop_delta_min=0.000000
rprop_delta_max=50.000000
rprop_delta_zero=0.100000
cascade_output_stagnation_epochs=12
cascade_candidate_change_fraction=0.010000
cascade_candidate_stagnation_epochs=12
cascade_max_out_epochs=150
cascade_min_out_epochs=50
cascade_max_cand_epochs=150
cascade_min_cand_epochs=50
cascade_num_candidate_groups=2
bit_fail_limit=3.49999994039535522461e-01
cascade_candidate_limit=1.00000000000000000000e+03
cascade_weight_multiplier=4.00000005960464477539e-01
cascade_activation_functions_count=10
cascade_activation_functions=3 5 7 8 10 11 14 15 16 17 
cascade_activation_steepnesses_count=4
cascade_activation_steepnesses=2.50000000000000000000e-01 5.00000000000000000000e-01 7.50000000000000000000e-01 1.00000000000000000000e+00 
layer_sizes=4 5 5 2 
scale_included=0
neurons (num_inputs, activation_function, activation_steepness)=(0, 0, 0.00000000000000000000e+00) (0, 0, 0.00000000000000000000e+00) (0, 0, 0.00000000000000000000e+00) (0, 0, 0.00000000000000000000e+00) (4, 3, 5.00000000000000000000e-01) (4, 3, 5.00000000000000000000e-01) (4, 3, 5.00000000000000000000e-01) (4, 3, 5.00000000000000000000e-01) (0, 3, 0.00000000000000000000e+00) (5, 3, 5.00000000000000000000e-01) (5, 3, 5.00000000000000000000e-01) (5, 3, 5.00000000000000000000e-01) (5, 3, 5.00000000000000000000e-01) (0, 3, 0.00000000000000000000e+00) (5, 3, 5.00000000000000000000e-01) (0, 3, 0.00000000000000000000e+00) 
connections (connected_to_neuron, weight)=(0, 1.51164948940277099609e+00) (1, 2.08937931060791015625e+00) (2, 3.40129232406616210938e+00) (3, -1.99601325988769531250e+01) (0, 1.20166603088378906250e+02) (1, -4.12191192626953125000e+02) (2, 3.49909162521362304688e+00) (3, 4.70712699890136718750e+01) (0, 6.01741123199462890625e+00) (1, 8.94247817993164062500e+00) (2, -2.22725939750671386719e+00) (3, -5.97717094421386718750e+00) (0, 5.14673042297363281250e+00) (1, 3.22262835502624511719e+00) (2, -4.44979858398437500000e+00) (3, -1.80161106586456298828e+00) (4, -8.51220035552978515625e+00) (5, 7.82836675643920898438e+00) (6, -5.13039827346801757812e+00) (7, -1.01428139209747314453e+00) (8, 3.12154293060302734375e+00) (4, -4.71654415130615234375e+00) (5, 8.22532773017883300781e-01) (6, -5.91238832473754882812e+00) (7, -1.16905122995376586914e-02) (8, 2.35780334472656250000e+00) (4, -5.45033216476440429688e+00) (5, -3.74374419450759887695e-01) (6, -6.88014650344848632812e+00) (7, 7.20794945955276489258e-02) (8, 3.68711233139038085938e+00) (4, 1.50000000000000000000e+03) (5, 1.40867016601562500000e+03) (6, 1.50000000000000000000e+03) (7, 2.35610260009765625000e+02) (8, 1.89158952236175537109e+00) (9, -2.09284827113151550293e-01) (10, -2.38671064376831054688e+00) (11, -2.43554544448852539062e+00) (12, 4.38771992921829223633e-01) (13, 1.92555558681488037109e+00) 
