FANN_FLO_2.1
num_layers=3
learning_rate=0.500000
connection_rate=1.000000
network_type=0
learning_momentum=0.000000
training_algorithm=2
train_error_function=1
train_stop_function=0
cascade_output_change_fraction=0.010000
quickprop_decay=-0.000100
quickprop_mu=1.750000
rprop_increase_factor=1.200000
rprop_decrease_factor=0.500000
rprop_delta_min=0.000000
rprop_delta_max=50.000000
rprop_delta_zero=0.100000
cascade_output_stagnation_epochs=12
cascade_candidate_change_fraction=0.010000
cascade_candidate_stagnation_epochs=12
cascade_max_out_epochs=150
cascade_min_out_epochs=50
cascade_max_cand_epochs=150
cascade_min_cand_epochs=50
cascade_num_candidate_groups=2
bit_fail_limit=3.49999994039535522461e-01
cascade_candidate_limit=1.00000000000000000000e+03
cascade_weight_multiplier=4.00000005960464477539e-01
cascade_activation_functions_count=10
cascade_activation_functions=3 5 7 8 10 11 14 15 16 17 
cascade_activation_steepnesses_count=4
cascade_activation_steepnesses=2.50000000000000000000e-01 5.00000000000000000000e-01 7.50000000000000000000e-01 1.00000000000000000000e+00 
layer_sizes=10 3 2 
scale_included=0
neurons (num_inputs, activation_function, activation_steepness)=(0, 0, 0.00000000000000000000e+00) (0, 0, 0.00000000000000000000e+00) (0, 0, 0.00000000000000000000e+00) (0, 0, 0.00000000000000000000e+00) (0, 0, 0.00000000000000000000e+00) (0, 0, 0.00000000000000000000e+00) (0, 0, 0.00000000000000000000e+00) (0, 0, 0.00000000000000000000e+00) (0, 0, 0.00000000000000000000e+00) (0, 0, 0.00000000000000000000e+00) (10, 3, 5.00000000000000000000e-01) (10, 3, 5.00000000000000000000e-01) (0, 3, 0.00000000000000000000e+00) (3, 3, 5.00000000000000000000e-01) (0, 3, 0.00000000000000000000e+00) 
connections (connected_to_neuron, weight)=(0, -2.28856340050697326660e-01) (1, -3.54422062635421752930e-01) (2, -1.71542674303054809570e-01) (3, -3.89908403158187866211e-01) (4, -3.95402729511260986328e-01) (5, -5.69298803806304931641e-01) (6, -3.68240505456924438477e-01) (7, -6.02159202098846435547e-01) (8, -6.15000069141387939453e-01) (9, 7.68531441688537597656e-01) (0, -5.40232717990875244141e-01) (1, -5.29248654842376708984e-01) (2, -5.65283596515655517578e-01) (3, -4.84866440296173095703e-01) (4, -4.69078570604324340820e-01) (5, -4.39932018518447875977e-01) (6, -4.91409003734588623047e-01) (7, -4.55685645341873168945e-01) (8, -4.06265109777450561523e-01) (9, 1.81354665756225585938e+00) (10, -1.31347525119781494141e+00) (11, -3.08972430229187011719e+00) (12, 1.60121273994445800781e+00) 
