FANN_FLO_2.1
num_layers=3
learning_rate=0.500000
connection_rate=1.000000
network_type=0
learning_momentum=0.000000
training_algorithm=2
train_error_function=1
train_stop_function=0
cascade_output_change_fraction=0.010000
quickprop_decay=-0.000100
quickprop_mu=1.750000
rprop_increase_factor=1.200000
rprop_decrease_factor=0.500000
rprop_delta_min=0.000000
rprop_delta_max=50.000000
rprop_delta_zero=0.100000
cascade_output_stagnation_epochs=12
cascade_candidate_change_fraction=0.010000
cascade_candidate_stagnation_epochs=12
cascade_max_out_epochs=150
cascade_min_out_epochs=50
cascade_max_cand_epochs=150
cascade_min_cand_epochs=50
cascade_num_candidate_groups=2
bit_fail_limit=3.49999994039535522461e-01
cascade_candidate_limit=1.00000000000000000000e+03
cascade_weight_multiplier=4.00000005960464477539e-01
cascade_activation_functions_count=10
cascade_activation_functions=3 5 7 8 10 11 14 15 16 17 
cascade_activation_steepnesses_count=4
cascade_activation_steepnesses=2.50000000000000000000e-01 5.00000000000000000000e-01 7.50000000000000000000e-01 1.00000000000000000000e+00 
layer_sizes=3 5 4 
scale_included=0
neurons (num_inputs, activation_function, activation_steepness)=(0, 0, 0.00000000000000000000e+00) (0, 0, 0.00000000000000000000e+00) (0, 0, 0.00000000000000000000e+00) (3, 3, 5.00000000000000000000e-01) (3, 3, 5.00000000000000000000e-01) (3, 3, 5.00000000000000000000e-01) (3, 3, 5.00000000000000000000e-01) (0, 3, 0.00000000000000000000e+00) (5, 0, 5.00000000000000000000e-01) (5, 0, 5.00000000000000000000e-01) (5, 0, 5.00000000000000000000e-01) (0, 0, 0.00000000000000000000e+00) 
connections (connected_to_neuron, weight)=(0, -2.91599583625793457031e+00) (1, 6.86621427536010742188e-01) (2, -7.39711001515388488770e-02) (0, -1.40709304809570312500e+00) (1, -1.49587225914001464844e+00) (2, 3.56665939092636108398e-01) (0, -8.22699356079101562500e+00) (1, 7.88851213455200195312e+00) (2, 1.36273038387298583984e+00) (0, -9.38262748718261718750e+00) (1, 1.00464887619018554688e+01) (2, 9.73226547241210937500e+00) (3, 4.16570949554443359375e+00) (4, 3.75313115119934082031e+00) (5, 1.16516244411468505859e+00) (6, 8.67477655410766601562e-01) (7, 7.13511109352111816406e-01) (3, 9.70306205749511718750e+00) (4, 1.23774404525756835938e+01) (5, 4.33023977279663085938e+00) (6, 4.22978734970092773438e+00) (7, 3.18704867362976074219e+00) (3, 2.88524742126464843750e+01) (4, 4.07415046691894531250e+01) (5, 1.40702085494995117188e+01) (6, 1.45036678314208984375e+01) (7, 1.53348970413208007812e+01) 
