FANN_FLO_2.1
num_layers=4
learning_rate=0.500000
connection_rate=1.000000
network_type=0
learning_momentum=0.000000
training_algorithm=2
train_error_function=1
train_stop_function=0
cascade_output_change_fraction=0.010000
quickprop_decay=-0.000100
quickprop_mu=1.750000
rprop_increase_factor=1.200000
rprop_decrease_factor=0.500000
rprop_delta_min=0.000000
rprop_delta_max=50.000000
rprop_delta_zero=0.100000
cascade_output_stagnation_epochs=12
cascade_candidate_change_fraction=0.010000
cascade_candidate_stagnation_epochs=12
cascade_max_out_epochs=150
cascade_min_out_epochs=50
cascade_max_cand_epochs=150
cascade_min_cand_epochs=50
cascade_num_candidate_groups=2
bit_fail_limit=3.49999994039535522461e-01
cascade_candidate_limit=1.00000000000000000000e+03
cascade_weight_multiplier=4.00000005960464477539e-01
cascade_activation_functions_count=10
cascade_activation_functions=3 5 7 8 10 11 14 15 16 17 
cascade_activation_steepnesses_count=4
cascade_activation_steepnesses=2.50000000000000000000e-01 5.00000000000000000000e-01 7.50000000000000000000e-01 1.00000000000000000000e+00 
layer_sizes=4 5 5 2 
scale_included=0
neurons (num_inputs, activation_function, activation_steepness)=(0, 0, 0.00000000000000000000e+00) (0, 0, 0.00000000000000000000e+00) (0, 0, 0.00000000000000000000e+00) (0, 0, 0.00000000000000000000e+00) (4, 3, 5.00000000000000000000e-01) (4, 3, 5.00000000000000000000e-01) (4, 3, 5.00000000000000000000e-01) (4, 3, 5.00000000000000000000e-01) (0, 3, 0.00000000000000000000e+00) (5, 3, 5.00000000000000000000e-01) (5, 3, 5.00000000000000000000e-01) (5, 3, 5.00000000000000000000e-01) (5, 3, 5.00000000000000000000e-01) (0, 3, 0.00000000000000000000e+00) (5, 3, 5.00000000000000000000e-01) (0, 3, 0.00000000000000000000e+00) 
connections (connected_to_neuron, weight)=(0, -2.92820429801940917969e+00) (1, -7.29462718963623046875e+00) (2, 6.73814356327056884766e-01) (3, 1.24491453170776367188e+00) (0, -2.02667903900146484375e+00) (1, -9.62495040893554687500e+00) (2, 3.04478192329406738281e+00) (3, 1.23542153835296630859e+00) (0, -4.30432891845703125000e+00) (1, -6.58897209167480468750e+00) (2, 2.80212372541427612305e-01) (3, 1.03540015220642089844e+00) (0, -3.74785685539245605469e+00) (1, 7.95676887035369873047e-01) (2, -3.18420672416687011719e+00) (3, 1.24423766136169433594e+00) (4, 1.09150037765502929688e+01) (5, 3.51865339279174804688e+00) (6, 1.74332475662231445312e+00) (7, 2.03087615966796875000e+01) (8, -1.36977338790893554688e+00) (4, 2.09460425376892089844e+00) (5, 7.35634279251098632812e+00) (6, -8.97908496856689453125e+00) (7, 2.45188045501708984375e+01) (8, -1.42386293411254882812e+00) (4, -4.00426536798477172852e-01) (5, 1.40917606353759765625e+01) (6, 1.58879554271697998047e+00) (7, 3.02158985137939453125e+01) (8, -3.99630784988403320312e+00) (4, -8.39575827121734619141e-01) (5, -8.42834854125976562500e+00) (6, 7.89113521575927734375e-01) (7, -2.76148548126220703125e+01) (8, 2.88280439376831054688e+00) (9, -1.35247707366943359375e+00) (10, -1.26806116104125976562e+00) (11, -1.98852613568305969238e-01) (12, 7.00669479370117187500e+00) (13, 3.95217239856719970703e-01) 
