FANN_FLO_2.1
num_layers=3
learning_rate=0.400000
connection_rate=1.000000
network_type=0
learning_momentum=0.000000
training_algorithm=2
train_error_function=1
train_stop_function=0
cascade_output_change_fraction=0.010000
quickprop_decay=-0.000100
quickprop_mu=1.750000
rprop_increase_factor=1.200000
rprop_decrease_factor=0.500000
rprop_delta_min=0.000000
rprop_delta_max=50.000000
rprop_delta_zero=0.100000
cascade_output_stagnation_epochs=12
cascade_candidate_change_fraction=0.010000
cascade_candidate_stagnation_epochs=12
cascade_max_out_epochs=150
cascade_min_out_epochs=50
cascade_max_cand_epochs=150
cascade_min_cand_epochs=50
cascade_num_candidate_groups=2
bit_fail_limit=3.49999994039535522461e-01
cascade_candidate_limit=1.00000000000000000000e+03
cascade_weight_multiplier=4.00000005960464477539e-01
cascade_activation_functions_count=10
cascade_activation_functions=3 5 7 8 10 11 14 15 16 17 
cascade_activation_steepnesses_count=4
cascade_activation_steepnesses=2.50000000000000000000e-01 5.00000000000000000000e-01 7.50000000000000000000e-01 1.00000000000000000000e+00 
layer_sizes=10 3 2 
scale_included=0
neurons (num_inputs, activation_function, activation_steepness)=(0, 0, 0.00000000000000000000e+00) (0, 0, 0.00000000000000000000e+00) (0, 0, 0.00000000000000000000e+00) (0, 0, 0.00000000000000000000e+00) (0, 0, 0.00000000000000000000e+00) (0, 0, 0.00000000000000000000e+00) (0, 0, 0.00000000000000000000e+00) (0, 0, 0.00000000000000000000e+00) (0, 0, 0.00000000000000000000e+00) (0, 0, 0.00000000000000000000e+00) (10, 3, 5.00000000000000000000e-01) (10, 3, 5.00000000000000000000e-01) (0, 3, 0.00000000000000000000e+00) (3, 3, 5.00000000000000000000e-01) (0, 3, 0.00000000000000000000e+00) 
connections (connected_to_neuron, weight)=(0, -1.03383585810661315918e-01) (1, -1.15381494164466857910e-01) (2, -1.32077053189277648926e-01) (3, -1.88838526606559753418e-01) (4, -1.87526866793632507324e-01) (5, -4.28562387824058532715e-02) (6, -2.00453460216522216797e-01) (7, -2.16142445802688598633e-01) (8, -2.07037389278411865234e-01) (9, -1.91514968872070312500e-01) (0, -7.19241872429847717285e-02) (1, -1.56028300523757934570e-01) (2, -2.11209163069725036621e-01) (3, -2.16062426567077636719e-01) (4, -3.41827496886253356934e-02) (5, -4.21589538455009460449e-02) (6, -9.36665311455726623535e-02) (7, -1.91974520683288574219e-01) (8, -2.08610981702804565430e-01) (9, -8.58456119894981384277e-02) (10, -7.35390260815620422363e-02) (11, -2.78241559863090515137e-02) (12, -1.90547987818717956543e-01) 
