FANN_FLO_2.1
num_layers=3
learning_rate=0.300000
connection_rate=1.000000
network_type=0
learning_momentum=0.000000
training_algorithm=2
train_error_function=1
train_stop_function=0
cascade_output_change_fraction=0.010000
quickprop_decay=-0.000100
quickprop_mu=1.750000
rprop_increase_factor=1.200000
rprop_decrease_factor=0.500000
rprop_delta_min=0.000000
rprop_delta_max=50.000000
rprop_delta_zero=0.100000
cascade_output_stagnation_epochs=12
cascade_candidate_change_fraction=0.010000
cascade_candidate_stagnation_epochs=12
cascade_max_out_epochs=150
cascade_min_out_epochs=50
cascade_max_cand_epochs=150
cascade_min_cand_epochs=50
cascade_num_candidate_groups=2
bit_fail_limit=3.49999994039535522461e-01
cascade_candidate_limit=1.00000000000000000000e+03
cascade_weight_multiplier=4.00000005960464477539e-01
cascade_activation_functions_count=10
cascade_activation_functions=3 5 7 8 10 11 14 15 16 17 
cascade_activation_steepnesses_count=4
cascade_activation_steepnesses=2.50000000000000000000e-01 5.00000000000000000000e-01 7.50000000000000000000e-01 1.00000000000000000000e+00 
layer_sizes=4 9 2 
scale_included=0
neurons (num_inputs, activation_function, activation_steepness)=(0, 0, 0.00000000000000000000e+00) (0, 0, 0.00000000000000000000e+00) (0, 0, 0.00000000000000000000e+00) (0, 0, 0.00000000000000000000e+00) (4, 3, 5.00000000000000000000e-01) (4, 3, 5.00000000000000000000e-01) (4, 3, 5.00000000000000000000e-01) (4, 3, 5.00000000000000000000e-01) (4, 3, 5.00000000000000000000e-01) (4, 3, 5.00000000000000000000e-01) (4, 3, 5.00000000000000000000e-01) (4, 3, 5.00000000000000000000e-01) (0, 3, 0.00000000000000000000e+00) (9, 3, 5.00000000000000000000e-01) (0, 3, 0.00000000000000000000e+00) 
connections (connected_to_neuron, weight)=(0, -3.81630182266235351562e-01) (1, 2.78136551380157470703e-01) (2, -1.67680418491363525391e+00) (3, -9.67078208923339843750e-02) (0, -1.49353837966918945312e+00) (1, 6.93176686763763427734e-01) (2, -2.70179837942123413086e-01) (3, 9.25565063953399658203e-01) (0, -3.55590730905532836914e-01) (1, 1.41366466879844665527e-01) (2, -4.57078039646148681641e-01) (3, 3.18825006484985351562e+00) (0, -6.01984083652496337891e-01) (1, 3.81486088037490844727e-01) (2, -1.67240810394287109375e+00) (3, 8.58981609344482421875e+00) (0, 1.04377798736095428467e-01) (1, 6.06145486235618591309e-02) (2, -1.55231714248657226562e+00) (3, 2.75231575965881347656e+00) (0, 2.50617980957031250000e+01) (1, -7.34966814517974853516e-01) (2, -8.54161071777343750000e+01) (3, -5.15375360846519470215e-02) (0, -1.17089346051216125488e-01) (1, 1.53199443593621253967e-02) (2, -1.74893438816070556641e-01) (3, 1.77346932888031005859e+00) (0, -1.00185394287109375000e+00) (1, 5.84015190601348876953e-01) (2, -1.62783622741699218750e+00) (3, 8.16297531127929687500e+00) (4, -7.60251730680465698242e-02) (5, -1.14710807800292968750e-01) (6, -4.61911290884017944336e-01) (7, -9.24049243330955505371e-02) (8, -6.09310269355773925781e-01) (9, 7.55130872130393981934e-02) (10, -6.93028593063354492188e+00) (11, -1.10595613718032836914e-01) (12, 8.55258464813232421875e-01) 
