FANN_FLO_2.1
num_layers=4
learning_rate=0.300000
connection_rate=1.000000
network_type=0
learning_momentum=0.000000
training_algorithm=2
train_error_function=1
train_stop_function=0
cascade_output_change_fraction=0.010000
quickprop_decay=-0.000100
quickprop_mu=1.750000
rprop_increase_factor=1.200000
rprop_decrease_factor=0.500000
rprop_delta_min=0.000000
rprop_delta_max=50.000000
rprop_delta_zero=0.100000
cascade_output_stagnation_epochs=12
cascade_candidate_change_fraction=0.010000
cascade_candidate_stagnation_epochs=12
cascade_max_out_epochs=150
cascade_min_out_epochs=50
cascade_max_cand_epochs=150
cascade_min_cand_epochs=50
cascade_num_candidate_groups=2
bit_fail_limit=3.49999994039535522461e-01
cascade_candidate_limit=1.00000000000000000000e+03
cascade_weight_multiplier=4.00000005960464477539e-01
cascade_activation_functions_count=10
cascade_activation_functions=3 5 7 8 10 11 14 15 16 17 
cascade_activation_steepnesses_count=4
cascade_activation_steepnesses=2.50000000000000000000e-01 5.00000000000000000000e-01 7.50000000000000000000e-01 1.00000000000000000000e+00 
layer_sizes=2 5 5 3 
scale_included=0
neurons (num_inputs, activation_function, activation_steepness)=(0, 0, 0.00000000000000000000e+00) (0, 0, 0.00000000000000000000e+00) (2, 3, 5.00000000000000000000e-01) (2, 3, 5.00000000000000000000e-01) (2, 3, 5.00000000000000000000e-01) (2, 3, 5.00000000000000000000e-01) (0, 3, 0.00000000000000000000e+00) (5, 3, 5.00000000000000000000e-01) (5, 3, 5.00000000000000000000e-01) (5, 3, 5.00000000000000000000e-01) (5, 3, 5.00000000000000000000e-01) (0, 3, 0.00000000000000000000e+00) (5, 0, 5.00000000000000000000e-01) (5, 0, 5.00000000000000000000e-01) (0, 0, 0.00000000000000000000e+00) 
connections (connected_to_neuron, weight)=(0, -6.65800048828125000000e+02) (1, 5.17447614669799804688e+00) (0, -5.40660285949707031250e+01) (1, -9.52077507972717285156e-01) (0, -7.84709548950195312500e+00) (1, -8.85167717933654785156e-01) (0, -6.06286573410034179688e+00) (1, 4.18099105358123779297e-01) (2, 3.50463651120662689209e-02) (3, 6.35076236724853515625e+00) (4, 7.00683653354644775391e-01) (5, 1.24172961711883544922e+00) (6, -3.74581027030944824219e+00) (2, -1.75368666648864746094e+00) (3, 3.48879718780517578125e+00) (4, 8.12154054641723632812e-01) (5, 1.56734097003936767578e+00) (6, -1.83765098452568054199e-01) (2, 5.61582684516906738281e-01) (3, 5.44333696365356445312e-01) (4, 4.57151561975479125977e-01) (5, 2.57857203483581542969e-01) (6, 6.02807819843292236328e-01) (2, -6.24624639749526977539e-02) (3, 9.76494026184082031250e+00) (4, 3.93347293138504028320e-01) (5, 3.31482142210006713867e-01) (6, -4.56749105453491210938e+00) (7, 1.52674570679664611816e-01) (8, 7.07955509424209594727e-02) (9, -3.21715064346790313721e-02) (10, 4.88836243748664855957e-02) (11, -2.52587795257568359375e-01) (7, -5.76460182666778564453e-01) (8, -4.88625496625900268555e-01) (9, -5.10632514953613281250e-01) (10, -2.37443968653678894043e-01) (11, -4.54693198204040527344e-01) 
