FANN_FLO_2.1
num_layers=4
learning_rate=0.450000
connection_rate=1.000000
network_type=0
learning_momentum=0.000000
training_algorithm=2
train_error_function=1
train_stop_function=0
cascade_output_change_fraction=0.010000
quickprop_decay=-0.000100
quickprop_mu=1.750000
rprop_increase_factor=1.200000
rprop_decrease_factor=0.500000
rprop_delta_min=0.000000
rprop_delta_max=50.000000
rprop_delta_zero=0.100000
cascade_output_stagnation_epochs=12
cascade_candidate_change_fraction=0.010000
cascade_candidate_stagnation_epochs=12
cascade_max_out_epochs=150
cascade_min_out_epochs=50
cascade_max_cand_epochs=150
cascade_min_cand_epochs=50
cascade_num_candidate_groups=2
bit_fail_limit=3.49999994039535522461e-01
cascade_candidate_limit=1.00000000000000000000e+03
cascade_weight_multiplier=4.00000005960464477539e-01
cascade_activation_functions_count=10
cascade_activation_functions=3 5 7 8 10 11 14 15 16 17 
cascade_activation_steepnesses_count=4
cascade_activation_steepnesses=2.50000000000000000000e-01 5.00000000000000000000e-01 7.50000000000000000000e-01 1.00000000000000000000e+00 
layer_sizes=7 5 5 2 
scale_included=0
neurons (num_inputs, activation_function, activation_steepness)=(0, 0, 0.00000000000000000000e+00) (0, 0, 0.00000000000000000000e+00) (0, 0, 0.00000000000000000000e+00) (0, 0, 0.00000000000000000000e+00) (0, 0, 0.00000000000000000000e+00) (0, 0, 0.00000000000000000000e+00) (0, 0, 0.00000000000000000000e+00) (7, 3, 5.00000000000000000000e-01) (7, 3, 5.00000000000000000000e-01) (7, 3, 5.00000000000000000000e-01) (7, 3, 5.00000000000000000000e-01) (0, 3, 0.00000000000000000000e+00) (5, 3, 5.00000000000000000000e-01) (5, 3, 5.00000000000000000000e-01) (5, 3, 5.00000000000000000000e-01) (5, 3, 5.00000000000000000000e-01) (0, 3, 0.00000000000000000000e+00) (5, 0, 5.00000000000000000000e-01) (0, 0, 0.00000000000000000000e+00) 
connections (connected_to_neuron, weight)=(0, 3.60916480422019958496e-02) (1, 4.30746316909790039062e-01) (2, -2.49290198087692260742e-01) (3, 1.69931963086128234863e-01) (4, 2.04766526818275451660e-01) (5, -6.92633092403411865234e-01) (6, 1.84505403041839599609e-01) (0, 4.44296747446060180664e-02) (1, 6.39018893241882324219e-01) (2, -5.70387303829193115234e-01) (3, 8.15807431936264038086e-02) (4, 4.41291809082031250000e-01) (5, -5.47279179096221923828e-01) (6, 4.38583612442016601562e-01) (0, 3.02938491106033325195e-01) (1, 2.28201746940612792969e-01) (2, 1.50000000000000000000e+03) (3, 1.28620162606239318848e-01) (4, 2.25393489003181457520e-01) (5, 1.50000000000000000000e+03) (6, 2.17841893434524536133e-01) (0, -2.19434574246406555176e-01) (1, 1.36302232742309570312e-01) (2, 7.17470586299896240234e-01) (3, -1.50407209992408752441e-01) (4, -2.79899299144744873047e-01) (5, 3.46197366714477539062e-01) (6, -5.35373353958129882812e+00) (7, 3.26984214782714843750e+01) (8, 1.86131324768066406250e+01) (9, -4.02161389589309692383e-01) (10, -1.30768060684204101562e+01) (11, -3.85361909866333007812e-01) (7, -3.20973396301269531250e-01) (8, 3.55442821979522705078e-01) (9, 1.57154947519302368164e-01) (10, 5.83553850650787353516e-01) (11, 4.64367531239986419678e-02) (7, 1.81801664829254150391e+00) (8, -2.17946028709411621094e+00) (9, -1.37293767929077148438e+00) (10, -1.38807964324951171875e+00) (11, -1.85209977626800537109e+00) (7, -1.78741022944450378418e-01) (8, -1.39441505074501037598e-01) (9, 1.45419567823410034180e-01) (10, 4.07020241022109985352e-01) (11, 2.95966248959302902222e-02) (12, -4.14896845817565917969e-01) (13, 2.70472377538681030273e-01) (14, 2.24167919158935546875e+00) (15, 1.72225356101989746094e-01) (16, 1.35477766394615173340e-01) 
