FANN_FLO_2.1
num_layers=3
learning_rate=0.300000
connection_rate=1.000000
network_type=0
learning_momentum=0.000000
training_algorithm=2
train_error_function=1
train_stop_function=0
cascade_output_change_fraction=0.010000
quickprop_decay=-0.000100
quickprop_mu=1.750000
rprop_increase_factor=1.200000
rprop_decrease_factor=0.500000
rprop_delta_min=0.000000
rprop_delta_max=50.000000
rprop_delta_zero=0.100000
cascade_output_stagnation_epochs=12
cascade_candidate_change_fraction=0.010000
cascade_candidate_stagnation_epochs=12
cascade_max_out_epochs=150
cascade_min_out_epochs=50
cascade_max_cand_epochs=150
cascade_min_cand_epochs=50
cascade_num_candidate_groups=2
bit_fail_limit=3.49999994039535522461e-01
cascade_candidate_limit=1.00000000000000000000e+03
cascade_weight_multiplier=4.00000005960464477539e-01
cascade_activation_functions_count=10
cascade_activation_functions=3 5 7 8 10 11 14 15 16 17 
cascade_activation_steepnesses_count=4
cascade_activation_steepnesses=2.50000000000000000000e-01 5.00000000000000000000e-01 7.50000000000000000000e-01 1.00000000000000000000e+00 
layer_sizes=4 9 2 
scale_included=0
neurons (num_inputs, activation_function, activation_steepness)=(0, 0, 0.00000000000000000000e+00) (0, 0, 0.00000000000000000000e+00) (0, 0, 0.00000000000000000000e+00) (0, 0, 0.00000000000000000000e+00) (4, 3, 5.00000000000000000000e-01) (4, 3, 5.00000000000000000000e-01) (4, 3, 5.00000000000000000000e-01) (4, 3, 5.00000000000000000000e-01) (4, 3, 5.00000000000000000000e-01) (4, 3, 5.00000000000000000000e-01) (4, 3, 5.00000000000000000000e-01) (4, 3, 5.00000000000000000000e-01) (0, 3, 0.00000000000000000000e+00) (9, 3, 5.00000000000000000000e-01) (0, 3, 0.00000000000000000000e+00) 
connections (connected_to_neuron, weight)=(0, -1.74820944666862487793e-02) (1, -7.75320529937744140625e-01) (2, 5.43124103546142578125e+00) (3, -2.04081439971923828125e+00) (0, -6.87709376215934753418e-02) (1, 3.15725728869438171387e-02) (2, -4.46863710880279541016e-01) (3, 1.20084857940673828125e+00) (0, 3.52841287851333618164e-01) (1, 3.35928022861480712891e-01) (2, -5.27612352371215820312e+00) (3, 1.51313588023185729980e-01) (0, -1.06322801113128662109e+00) (1, 6.20977938175201416016e-01) (2, -1.69092416763305664062e+00) (3, 5.98960494995117187500e+00) (0, -1.51082277297973632812e+00) (1, 6.36936962604522705078e-01) (2, -5.00536620616912841797e-01) (3, 4.75145578384399414062e+00) (0, -4.12845075130462646484e-01) (1, 1.55248999595642089844e-01) (2, -5.85185766220092773438e-01) (3, 5.67562770843505859375e+00) (0, -1.31036654114723205566e-01) (1, 2.47355503961443901062e-03) (2, 8.22483152151107788086e-02) (3, 2.09571748971939086914e-01) (0, -6.58923983573913574219e-02) (1, 6.41855970025062561035e-02) (2, -5.55143654346466064453e-01) (3, 1.39938223361968994141e+00) (4, 1.50423631072044372559e-01) (5, -5.42492151260375976562e+00) (6, 1.52716204524040222168e-01) (7, -9.42939445376396179199e-02) (8, -1.28304390236735343933e-02) (9, -3.65368992090225219727e-01) (10, -6.36109352111816406250e+00) (11, -2.43991971015930175781e-01) (12, 7.84268796443939208984e-01) 
