FANN_FLO_2.1
num_layers=3
learning_rate=0.500000
connection_rate=1.000000
network_type=0
learning_momentum=0.000000
training_algorithm=2
train_error_function=1
train_stop_function=0
cascade_output_change_fraction=0.010000
quickprop_decay=-0.000100
quickprop_mu=1.750000
rprop_increase_factor=1.200000
rprop_decrease_factor=0.500000
rprop_delta_min=0.000000
rprop_delta_max=50.000000
rprop_delta_zero=0.100000
cascade_output_stagnation_epochs=12
cascade_candidate_change_fraction=0.010000
cascade_candidate_stagnation_epochs=12
cascade_max_out_epochs=150
cascade_min_out_epochs=50
cascade_max_cand_epochs=150
cascade_min_cand_epochs=50
cascade_num_candidate_groups=2
bit_fail_limit=3.49999994039535522461e-01
cascade_candidate_limit=1.00000000000000000000e+03
cascade_weight_multiplier=4.00000005960464477539e-01
cascade_activation_functions_count=10
cascade_activation_functions=3 5 7 8 10 11 14 15 16 17 
cascade_activation_steepnesses_count=4
cascade_activation_steepnesses=2.50000000000000000000e-01 5.00000000000000000000e-01 7.50000000000000000000e-01 1.00000000000000000000e+00 
layer_sizes=3 9 4 
scale_included=0
neurons (num_inputs, activation_function, activation_steepness)=(0, 0, 0.00000000000000000000e+00) (0, 0, 0.00000000000000000000e+00) (0, 0, 0.00000000000000000000e+00) (3, 3, 5.00000000000000000000e-01) (3, 3, 5.00000000000000000000e-01) (3, 3, 5.00000000000000000000e-01) (3, 3, 5.00000000000000000000e-01) (3, 3, 5.00000000000000000000e-01) (3, 3, 5.00000000000000000000e-01) (3, 3, 5.00000000000000000000e-01) (3, 3, 5.00000000000000000000e-01) (0, 3, 0.00000000000000000000e+00) (9, 0, 5.00000000000000000000e-01) (9, 0, 5.00000000000000000000e-01) (9, 0, 5.00000000000000000000e-01) (0, 0, 0.00000000000000000000e+00) 
connections (connected_to_neuron, weight)=(0, -9.75121593475341796875e+00) (1, -4.33582067489624023438e+00) (2, 7.76900425553321838379e-02) (0, -4.35774612426757812500e+00) (1, -6.71460866928100585938e-01) (2, 1.75618433952331542969e+00) (0, -6.87384033203125000000e+00) (1, 5.61219167709350585938e+00) (2, 4.47952222824096679688e+00) (0, -5.97632265090942382812e+00) (1, 9.73777389526367187500e+00) (2, 7.38013982772827148438e+00) (0, -4.85081911087036132812e+00) (1, 2.20738482475280761719e+00) (2, -4.25159603357315063477e-01) (0, -7.83418512344360351562e+00) (1, 3.71727752685546875000e+00) (2, 4.75883007049560546875e+00) (0, -6.50815582275390625000e+00) (1, 6.68788623809814453125e+00) (2, 6.81697702407836914062e+00) (0, -1.62737810611724853516e+00) (1, -2.51804089546203613281e+00) (2, 1.97840765118598937988e-01) (3, 1.72595298290252685547e+00) (4, 9.05274391174316406250e-01) (5, 1.25611722469329833984e+00) (6, 5.59212923049926757812e-01) (7, 2.43988037109375000000e+00) (8, 1.89933642745018005371e-01) (9, 6.13138854503631591797e-01) (10, 2.81631016731262207031e+00) (11, 5.52925586700439453125e-01) (3, 3.37492871284484863281e+00) (4, 5.01174545288085937500e+00) (5, 3.95698952674865722656e+00) (6, 2.22917771339416503906e+00) (7, 4.30376625061035156250e+00) (8, 2.07455849647521972656e+00) (9, 2.59858036041259765625e+00) (10, 8.86422443389892578125e+00) (11, 1.90454745292663574219e+00) (3, 1.04562397003173828125e+01) (4, 1.64940319061279296875e+01) (5, 9.00202083587646484375e+00) (6, 9.94406414031982421875e+00) (7, 1.25015821456909179688e+01) (8, 8.82651329040527343750e+00) (9, 8.94046020507812500000e+00) (10, 2.95187149047851562500e+01) (11, 9.91316127777099609375e+00) 
