FANN_FLO_2.1
num_layers=4
learning_rate=0.300000
connection_rate=1.000000
network_type=0
learning_momentum=0.000000
training_algorithm=2
train_error_function=1
train_stop_function=0
cascade_output_change_fraction=0.010000
quickprop_decay=-0.000100
quickprop_mu=1.750000
rprop_increase_factor=1.200000
rprop_decrease_factor=0.500000
rprop_delta_min=0.000000
rprop_delta_max=50.000000
rprop_delta_zero=0.100000
cascade_output_stagnation_epochs=12
cascade_candidate_change_fraction=0.010000
cascade_candidate_stagnation_epochs=12
cascade_max_out_epochs=150
cascade_min_out_epochs=50
cascade_max_cand_epochs=150
cascade_min_cand_epochs=50
cascade_num_candidate_groups=2
bit_fail_limit=3.49999994039535522461e-01
cascade_candidate_limit=1.00000000000000000000e+03
cascade_weight_multiplier=4.00000005960464477539e-01
cascade_activation_functions_count=10
cascade_activation_functions=3 5 7 8 10 11 14 15 16 17 
cascade_activation_steepnesses_count=4
cascade_activation_steepnesses=2.50000000000000000000e-01 5.00000000000000000000e-01 7.50000000000000000000e-01 1.00000000000000000000e+00 
layer_sizes=2 5 3 3 
scale_included=0
neurons (num_inputs, activation_function, activation_steepness)=(0, 0, 0.00000000000000000000e+00) (0, 0, 0.00000000000000000000e+00) (2, 3, 5.00000000000000000000e-01) (2, 3, 5.00000000000000000000e-01) (2, 3, 5.00000000000000000000e-01) (2, 3, 5.00000000000000000000e-01) (0, 3, 0.00000000000000000000e+00) (5, 3, 5.00000000000000000000e-01) (5, 3, 5.00000000000000000000e-01) (0, 3, 0.00000000000000000000e+00) (3, 0, 5.00000000000000000000e-01) (3, 0, 5.00000000000000000000e-01) (0, 0, 0.00000000000000000000e+00) 
connections (connected_to_neuron, weight)=(0, -1.49425916671752929688e+01) (1, -7.67741489410400390625e+00) (0, -1.02107076644897460938e+01) (1, -2.70422649383544921875e+00) (0, -9.24477577209472656250e+00) (1, -3.24035811424255371094e+00) (0, -1.28992354869842529297e+00) (1, -7.67168581485748291016e-01) (2, 3.36081981658935546875e-02) (3, 1.90956902503967285156e+00) (4, 2.05510640144348144531e+00) (5, -2.19779086112976074219e+00) (6, -1.95610487461090087891e+00) (2, 4.15131235122680664062e+00) (3, -1.81786048412322998047e+00) (4, -3.39906811714172363281e-01) (5, -1.86777424812316894531e+00) (6, 5.75395068153738975525e-03) (7, 3.32638114690780639648e-01) (8, -1.16920568048954010010e-01) (9, -1.34914159774780273438e-01) (7, -1.21557593345642089844e+00) (8, -8.40109169483184814453e-01) (9, -9.46710824966430664062e-01) 
