FANN_FLO_2.1
num_layers=4
learning_rate=0.300000
connection_rate=1.000000
network_type=0
learning_momentum=0.000000
training_algorithm=2
train_error_function=1
train_stop_function=0
cascade_output_change_fraction=0.010000
quickprop_decay=-0.000100
quickprop_mu=1.750000
rprop_increase_factor=1.200000
rprop_decrease_factor=0.500000
rprop_delta_min=0.000000
rprop_delta_max=50.000000
rprop_delta_zero=0.100000
cascade_output_stagnation_epochs=12
cascade_candidate_change_fraction=0.010000
cascade_candidate_stagnation_epochs=12
cascade_max_out_epochs=150
cascade_min_out_epochs=50
cascade_max_cand_epochs=150
cascade_min_cand_epochs=50
cascade_num_candidate_groups=2
bit_fail_limit=3.49999994039535522461e-01
cascade_candidate_limit=1.00000000000000000000e+03
cascade_weight_multiplier=4.00000005960464477539e-01
cascade_activation_functions_count=10
cascade_activation_functions=3 5 7 8 10 11 14 15 16 17 
cascade_activation_steepnesses_count=4
cascade_activation_steepnesses=2.50000000000000000000e-01 5.00000000000000000000e-01 7.50000000000000000000e-01 1.00000000000000000000e+00 
layer_sizes=2 5 3 3 
scale_included=0
neurons (num_inputs, activation_function, activation_steepness)=(0, 0, 0.00000000000000000000e+00) (0, 0, 0.00000000000000000000e+00) (2, 3, 5.00000000000000000000e-01) (2, 3, 5.00000000000000000000e-01) (2, 3, 5.00000000000000000000e-01) (2, 3, 5.00000000000000000000e-01) (0, 3, 0.00000000000000000000e+00) (5, 3, 5.00000000000000000000e-01) (5, 3, 5.00000000000000000000e-01) (0, 3, 0.00000000000000000000e+00) (3, 0, 5.00000000000000000000e-01) (3, 0, 5.00000000000000000000e-01) (0, 0, 0.00000000000000000000e+00) 
connections (connected_to_neuron, weight)=(0, -1.61381931304931640625e+01) (1, -1.43609247207641601562e+01) (0, 2.58296012878417968750e+00) (1, 3.15622591972351074219e+00) (0, -2.24717693328857421875e+01) (1, -8.45414829254150390625e+00) (0, -1.50000000000000000000e+03) (1, -1.09189102172851562500e+02) (2, -7.14592409133911132812e+00) (3, 3.68279039859771728516e-01) (4, 1.04181995391845703125e+01) (5, 4.48865950107574462891e-01) (6, -1.77728366851806640625e+00) (2, 3.50996422767639160156e+00) (3, 6.38081908226013183594e-01) (4, 1.74942362308502197266e+00) (5, -3.00632381439208984375e+00) (6, 4.50073629617691040039e-02) (7, 2.03756764531135559082e-01) (8, -1.79347798228263854980e-01) (9, -3.90208847820758819580e-02) (7, -9.75940942764282226562e-01) (8, -9.05926942825317382812e-01) (9, -4.82065916061401367188e-01) 
