FANN_FLO_2.1
num_layers=3
learning_rate=0.500000
connection_rate=1.000000
network_type=0
learning_momentum=0.000000
training_algorithm=2
train_error_function=1
train_stop_function=0
cascade_output_change_fraction=0.010000
quickprop_decay=-0.000100
quickprop_mu=1.750000
rprop_increase_factor=1.200000
rprop_decrease_factor=0.500000
rprop_delta_min=0.000000
rprop_delta_max=50.000000
rprop_delta_zero=0.100000
cascade_output_stagnation_epochs=12
cascade_candidate_change_fraction=0.010000
cascade_candidate_stagnation_epochs=12
cascade_max_out_epochs=150
cascade_min_out_epochs=50
cascade_max_cand_epochs=150
cascade_min_cand_epochs=50
cascade_num_candidate_groups=2
bit_fail_limit=3.49999994039535522461e-01
cascade_candidate_limit=1.00000000000000000000e+03
cascade_weight_multiplier=4.00000005960464477539e-01
cascade_activation_functions_count=10
cascade_activation_functions=3 5 7 8 10 11 14 15 16 17 
cascade_activation_steepnesses_count=4
cascade_activation_steepnesses=2.50000000000000000000e-01 5.00000000000000000000e-01 7.50000000000000000000e-01 1.00000000000000000000e+00 
layer_sizes=7 9 2 
scale_included=0
neurons (num_inputs, activation_function, activation_steepness)=(0, 0, 0.00000000000000000000e+00) (0, 0, 0.00000000000000000000e+00) (0, 0, 0.00000000000000000000e+00) (0, 0, 0.00000000000000000000e+00) (0, 0, 0.00000000000000000000e+00) (0, 0, 0.00000000000000000000e+00) (0, 0, 0.00000000000000000000e+00) (7, 3, 5.00000000000000000000e-01) (7, 3, 5.00000000000000000000e-01) (7, 3, 5.00000000000000000000e-01) (7, 3, 5.00000000000000000000e-01) (7, 3, 5.00000000000000000000e-01) (7, 3, 5.00000000000000000000e-01) (7, 3, 5.00000000000000000000e-01) (7, 3, 5.00000000000000000000e-01) (0, 3, 0.00000000000000000000e+00) (9, 0, 5.00000000000000000000e-01) (0, 0, 0.00000000000000000000e+00) 
connections (connected_to_neuron, weight)=(0, -6.53331222534179687500e+01) (1, -1.04793310165405273438e+01) (2, -2.46595489501953125000e+02) (3, -3.61264109611511230469e-01) (4, -1.36815004348754882812e+01) (5, 7.84142065048217773438e+00) (6, -3.98289322853088378906e-01) (0, -1.73028472900390625000e+02) (1, -3.80110244750976562500e+01) (2, -1.32807116699218750000e+03) (3, -3.36423426866531372070e-01) (4, -9.19492626190185546875e+00) (5, 1.19194183349609375000e+01) (6, -2.40167975425720214844e-01) (0, -5.69310646057128906250e+01) (1, -5.60712480545043945312e+00) (2, -5.52913331985473632812e+00) (3, -3.66988241672515869141e-01) (4, -5.14140892028808593750e+00) (5, 9.71018218994140625000e+00) (6, -1.96380302309989929199e-01) (0, -9.89245772361755371094e-02) (1, -8.21002185344696044922e-01) (2, 8.63429248332977294922e-01) (3, -4.09977495670318603516e-01) (4, -7.53250122070312500000e-01) (5, 1.14638531208038330078e+00) (6, -3.18922400474548339844e-01) (0, -6.53315963745117187500e+01) (1, -1.05031385421752929688e+01) (2, -2.46472198486328125000e+02) (3, -3.87806236743927001953e-01) (4, -1.35583028793334960938e+01) (5, 7.85056686401367187500e+00) (6, -3.87044668197631835938e-01) (0, -1.11091070175170898438e+01) (1, -1.08735380172729492188e+01) (2, 2.70901031494140625000e+01) (3, -3.00579690933227539062e+00) (4, -1.59330396652221679688e+01) (5, 4.86897611618041992188e+00) (6, -2.63204884529113769531e+00) (0, -1.06032348632812500000e+02) (1, -9.73484814167022705078e-01) (2, 2.58075122833251953125e+01) (3, -3.35922002792358398438e-01) (4, -7.36110734939575195312e+00) (5, 1.39543819427490234375e+01) (6, -1.79276481270790100098e-01) (0, 1.83043733239173889160e-01) (1, -6.38961941003799438477e-02) (2, -3.20094645023345947266e-01) (3, 2.12754476815462112427e-02) (4, 1.96611359715461730957e-02) (5, -3.30808192491531372070e-01) (6, -8.49138870835304260254e-02) (7, -8.42000122070312500000e+01) (8, -6.50000000000000000000e+02) (9, -5.89840454101562500000e+02) (10, 5.38299791514873504639e-02) (11, -8.42000122070312500000e+01) (12, -1.81633129119873046875e+01) (13, 5.89876220703125000000e+02) (14, 1.58657599240541458130e-02) (15, 1.18109211325645446777e-03) 
