FANN_FLO_2.1
num_layers=4
learning_rate=0.450000
connection_rate=1.000000
network_type=0
learning_momentum=0.000000
training_algorithm=2
train_error_function=1
train_stop_function=0
cascade_output_change_fraction=0.010000
quickprop_decay=-0.000100
quickprop_mu=1.750000
rprop_increase_factor=1.200000
rprop_decrease_factor=0.500000
rprop_delta_min=0.000000
rprop_delta_max=50.000000
rprop_delta_zero=0.100000
cascade_output_stagnation_epochs=12
cascade_candidate_change_fraction=0.010000
cascade_candidate_stagnation_epochs=12
cascade_max_out_epochs=150
cascade_min_out_epochs=50
cascade_max_cand_epochs=150
cascade_min_cand_epochs=50
cascade_num_candidate_groups=2
bit_fail_limit=3.49999994039535522461e-01
cascade_candidate_limit=1.00000000000000000000e+03
cascade_weight_multiplier=4.00000005960464477539e-01
cascade_activation_functions_count=10
cascade_activation_functions=3 5 7 8 10 11 14 15 16 17 
cascade_activation_steepnesses_count=4
cascade_activation_steepnesses=2.50000000000000000000e-01 5.00000000000000000000e-01 7.50000000000000000000e-01 1.00000000000000000000e+00 
layer_sizes=7 5 5 2 
scale_included=0
neurons (num_inputs, activation_function, activation_steepness)=(0, 0, 0.00000000000000000000e+00) (0, 0, 0.00000000000000000000e+00) (0, 0, 0.00000000000000000000e+00) (0, 0, 0.00000000000000000000e+00) (0, 0, 0.00000000000000000000e+00) (0, 0, 0.00000000000000000000e+00) (0, 0, 0.00000000000000000000e+00) (7, 3, 5.00000000000000000000e-01) (7, 3, 5.00000000000000000000e-01) (7, 3, 5.00000000000000000000e-01) (7, 3, 5.00000000000000000000e-01) (0, 3, 0.00000000000000000000e+00) (5, 3, 5.00000000000000000000e-01) (5, 3, 5.00000000000000000000e-01) (5, 3, 5.00000000000000000000e-01) (5, 3, 5.00000000000000000000e-01) (0, 3, 0.00000000000000000000e+00) (5, 0, 5.00000000000000000000e-01) (0, 0, 0.00000000000000000000e+00) 
connections (connected_to_neuron, weight)=(0, 4.15457487106323242188e-01) (1, 9.89758849143981933594e-01) (2, 1.33592975139617919922e+00) (3, -5.66180683672428131104e-02) (4, -2.13334821164608001709e-02) (5, -2.30306053161621093750e+00) (6, -1.85118412971496582031e+00) (0, 2.55076497793197631836e-01) (1, -2.04255355834960937500e+02) (2, 3.24171508789062500000e+02) (3, -9.45785820484161376953e-01) (4, -4.36913192272186279297e-01) (5, -4.96609741210937500000e+02) (6, -2.09459136962890625000e+02) (0, -1.14700928330421447754e-01) (1, -2.55973839759826660156e+00) (2, 1.16104495525360107422e+00) (3, 1.65197446942329406738e-01) (4, 3.28612089157104492188e-01) (5, 7.17885076999664306641e-01) (6, -1.76676559448242187500e+00) (0, 1.28648225218057632446e-02) (1, -8.03208798170089721680e-02) (2, 4.69141781330108642578e-01) (3, -2.61601477861404418945e-01) (4, 1.33795893192291259766e+00) (5, -2.61697143316268920898e-01) (6, 1.68096959590911865234e+00) (7, 1.61482751369476318359e+00) (8, 4.00000000000000000000e+02) (9, 3.74003219604492187500e+00) (10, -6.29742002487182617188e+00) (11, 1.63742259144783020020e-01) (7, -7.61301136016845703125e+00) (8, 4.00000000000000000000e+02) (9, -2.15453353881835937500e+02) (10, 1.96670932769775390625e+01) (11, -6.33279979228973388672e-01) (7, -1.70800507068634033203e+00) (8, 1.50000000000000000000e+03) (9, -5.05245399475097656250e+00) (10, 7.25411987304687500000e+00) (11, -4.43258106708526611328e-01) (7, 1.92467644810676574707e-01) (8, 1.50000000000000000000e+03) (9, 1.14755332469940185547e+00) (10, -3.58907747268676757812e+00) (11, 5.40166676044464111328e-01) (12, 5.80015659332275390625e+00) (13, 1.96951217949390411377e-02) (14, -3.81380617618560791016e-02) (15, -4.08790779113769531250e+00) (16, 1.36432617902755737305e-01) 
