FANN_FLO_2.1
num_layers=3
learning_rate=0.500000
connection_rate=1.000000
network_type=0
learning_momentum=0.000000
training_algorithm=2
train_error_function=1
train_stop_function=0
cascade_output_change_fraction=0.010000
quickprop_decay=-0.000100
quickprop_mu=1.750000
rprop_increase_factor=1.200000
rprop_decrease_factor=0.500000
rprop_delta_min=0.000000
rprop_delta_max=50.000000
rprop_delta_zero=0.100000
cascade_output_stagnation_epochs=12
cascade_candidate_change_fraction=0.010000
cascade_candidate_stagnation_epochs=12
cascade_max_out_epochs=150
cascade_min_out_epochs=50
cascade_max_cand_epochs=150
cascade_min_cand_epochs=50
cascade_num_candidate_groups=2
bit_fail_limit=3.49999994039535522461e-01
cascade_candidate_limit=1.00000000000000000000e+03
cascade_weight_multiplier=4.00000005960464477539e-01
cascade_activation_functions_count=10
cascade_activation_functions=3 5 7 8 10 11 14 15 16 17 
cascade_activation_steepnesses_count=4
cascade_activation_steepnesses=2.50000000000000000000e-01 5.00000000000000000000e-01 7.50000000000000000000e-01 1.00000000000000000000e+00 
layer_sizes=3 5 4 
scale_included=0
neurons (num_inputs, activation_function, activation_steepness)=(0, 0, 0.00000000000000000000e+00) (0, 0, 0.00000000000000000000e+00) (0, 0, 0.00000000000000000000e+00) (3, 3, 5.00000000000000000000e-01) (3, 3, 5.00000000000000000000e-01) (3, 3, 5.00000000000000000000e-01) (3, 3, 5.00000000000000000000e-01) (0, 3, 0.00000000000000000000e+00) (5, 0, 5.00000000000000000000e-01) (5, 0, 5.00000000000000000000e-01) (5, 0, 5.00000000000000000000e-01) (0, 0, 0.00000000000000000000e+00) 
connections (connected_to_neuron, weight)=(0, -4.84045886993408203125e+00) (1, 1.43166267871856689453e+00) (2, 1.31899440288543701172e+00) (0, -3.56751728057861328125e+00) (1, -1.47263848781585693359e+00) (2, 1.05477571487426757812e+00) (0, -4.57370138168334960938e+00) (1, -6.03038167953491210938e+00) (2, 9.52917754650115966797e-01) (0, -1.18627405166625976562e+01) (1, 7.66396188735961914062e+00) (2, 8.89262962341308593750e+00) (3, 2.85213732719421386719e+00) (4, 2.70833325386047363281e+00) (5, 2.23721408843994140625e+00) (6, 8.28794181346893310547e-01) (7, 1.83769392967224121094e+00) (3, 6.84339570999145507812e+00) (4, 7.86521291732788085938e+00) (5, 5.74252700805664062500e+00) (6, 4.96363639831542968750e+00) (7, 6.62800645828247070312e+00) (3, 2.21826972961425781250e+01) (4, 2.46006488800048828125e+01) (5, 1.79495258331298828125e+01) (6, 1.31221199035644531250e+01) (7, 2.90593070983886718750e+01) 
