FANN_FLO_2.1
num_layers=3
learning_rate=0.500000
connection_rate=1.000000
network_type=0
learning_momentum=0.000000
training_algorithm=2
train_error_function=1
train_stop_function=0
cascade_output_change_fraction=0.010000
quickprop_decay=-0.000100
quickprop_mu=1.750000
rprop_increase_factor=1.200000
rprop_decrease_factor=0.500000
rprop_delta_min=0.000000
rprop_delta_max=50.000000
rprop_delta_zero=0.100000
cascade_output_stagnation_epochs=12
cascade_candidate_change_fraction=0.010000
cascade_candidate_stagnation_epochs=12
cascade_max_out_epochs=150
cascade_min_out_epochs=50
cascade_max_cand_epochs=150
cascade_min_cand_epochs=50
cascade_num_candidate_groups=2
bit_fail_limit=3.49999994039535522461e-01
cascade_candidate_limit=1.00000000000000000000e+03
cascade_weight_multiplier=4.00000005960464477539e-01
cascade_activation_functions_count=10
cascade_activation_functions=3 5 7 8 10 11 14 15 16 17 
cascade_activation_steepnesses_count=4
cascade_activation_steepnesses=2.50000000000000000000e-01 5.00000000000000000000e-01 7.50000000000000000000e-01 1.00000000000000000000e+00 
layer_sizes=10 5 2 
scale_included=0
neurons (num_inputs, activation_function, activation_steepness)=(0, 0, 0.00000000000000000000e+00) (0, 0, 0.00000000000000000000e+00) (0, 0, 0.00000000000000000000e+00) (0, 0, 0.00000000000000000000e+00) (0, 0, 0.00000000000000000000e+00) (0, 0, 0.00000000000000000000e+00) (0, 0, 0.00000000000000000000e+00) (0, 0, 0.00000000000000000000e+00) (0, 0, 0.00000000000000000000e+00) (0, 0, 0.00000000000000000000e+00) (10, 3, 5.00000000000000000000e-01) (10, 3, 5.00000000000000000000e-01) (10, 3, 5.00000000000000000000e-01) (10, 3, 5.00000000000000000000e-01) (0, 3, 0.00000000000000000000e+00) (5, 3, 5.00000000000000000000e-01) (0, 3, 0.00000000000000000000e+00) 
connections (connected_to_neuron, weight)=(0, -3.05764585733413696289e-01) (1, -3.30553323030471801758e-01) (2, -7.10089564323425292969e-01) (3, -2.56118893623352050781e-01) (4, -4.18887108564376831055e-01) (5, -6.38851106166839599609e-01) (6, -2.98054873943328857422e-01) (7, -3.85339438915252685547e-01) (8, -1.64459124207496643066e-02) (9, 7.94475376605987548828e-01) (0, -3.34521502256393432617e-01) (1, -3.87423336505889892578e-01) (2, -2.45785787701606750488e-01) (3, -3.36936742067337036133e-01) (4, -4.06053572893142700195e-01) (5, -2.95925348997116088867e-01) (6, -4.49665069580078125000e-01) (7, -4.24795240163803100586e-01) (8, -4.05898511409759521484e-01) (9, 7.20857620239257812500e-01) (0, -3.85992646217346191406e-01) (1, -3.20988863706588745117e-01) (2, -2.28776857256889343262e-01) (3, -5.24831891059875488281e-01) (4, -1.93178370594978332520e-01) (5, -2.48185724020004272461e-01) (6, -5.06623625755310058594e-01) (7, -3.09010207653045654297e-01) (8, -4.62103158235549926758e-01) (9, 5.68102180957794189453e-01) (0, -4.46193635463714599609e-01) (1, -4.90291178226470947266e-01) (2, -3.61095786094665527344e-01) (3, -3.28927010297775268555e-01) (4, -3.43346834182739257812e-01) (5, -4.50551152229309082031e-01) (6, -8.43695923686027526855e-02) (7, -3.56835424900054931641e-01) (8, -4.35458689928054809570e-01) (9, 6.72545373439788818359e-01) (10, -1.20191776752471923828e+00) (11, -2.46940255165100097656e+00) (12, -1.18178427219390869141e+00) (13, -1.18308615684509277344e+00) (14, 1.70781552791595458984e+00) 
