FANN_FLO_2.1
num_layers=4
learning_rate=0.500000
connection_rate=1.000000
network_type=0
learning_momentum=0.000000
training_algorithm=2
train_error_function=1
train_stop_function=0
cascade_output_change_fraction=0.010000
quickprop_decay=-0.000100
quickprop_mu=1.750000
rprop_increase_factor=1.200000
rprop_decrease_factor=0.500000
rprop_delta_min=0.000000
rprop_delta_max=50.000000
rprop_delta_zero=0.100000
cascade_output_stagnation_epochs=12
cascade_candidate_change_fraction=0.010000
cascade_candidate_stagnation_epochs=12
cascade_max_out_epochs=150
cascade_min_out_epochs=50
cascade_max_cand_epochs=150
cascade_min_cand_epochs=50
cascade_num_candidate_groups=2
bit_fail_limit=3.49999994039535522461e-01
cascade_candidate_limit=1.00000000000000000000e+03
cascade_weight_multiplier=4.00000005960464477539e-01
cascade_activation_functions_count=10
cascade_activation_functions=3 5 7 8 10 11 14 15 16 17 
cascade_activation_steepnesses_count=4
cascade_activation_steepnesses=2.50000000000000000000e-01 5.00000000000000000000e-01 7.50000000000000000000e-01 1.00000000000000000000e+00 
layer_sizes=4 5 3 2 
scale_included=0
neurons (num_inputs, activation_function, activation_steepness)=(0, 0, 0.00000000000000000000e+00) (0, 0, 0.00000000000000000000e+00) (0, 0, 0.00000000000000000000e+00) (0, 0, 0.00000000000000000000e+00) (4, 3, 5.00000000000000000000e-01) (4, 3, 5.00000000000000000000e-01) (4, 3, 5.00000000000000000000e-01) (4, 3, 5.00000000000000000000e-01) (0, 3, 0.00000000000000000000e+00) (5, 3, 5.00000000000000000000e-01) (5, 3, 5.00000000000000000000e-01) (0, 3, 0.00000000000000000000e+00) (3, 3, 5.00000000000000000000e-01) (0, 3, 0.00000000000000000000e+00) 
connections (connected_to_neuron, weight)=(0, -2.00153803825378417969e+00) (1, 1.03941411972045898438e+01) (2, -1.35937660932540893555e-01) (3, -6.09462738037109375000e-01) (0, 2.31855511665344238281e+00) (1, 1.57118883132934570312e+01) (2, -1.22561006546020507812e+01) (3, -6.82320654392242431641e-01) (0, -7.87944650650024414062e+00) (1, 1.93018943071365356445e-01) (2, -5.46186256408691406250e+00) (3, 6.58120012283325195312e+00) (0, -7.84119796752929687500e+00) (1, -3.42775392532348632812e+00) (2, -2.42736029624938964844e+00) (3, 6.34513235092163085938e+00) (4, -1.65380454063415527344e+00) (5, -8.24628162384033203125e+00) (6, 1.95189857482910156250e+01) (7, 4.13287639617919921875e+00) (8, 3.50358635187149047852e-01) (4, -2.02935051918029785156e+00) (5, -8.25999164581298828125e+00) (6, 1.95816860198974609375e+01) (7, 6.20292043685913085938e+00) (8, 2.38506808876991271973e-01) (9, -1.99680364131927490234e+00) (10, -2.68797278404235839844e+00) (11, 2.40731954574584960938e+00) 
