FANN_FLO_2.1
num_layers=4
learning_rate=0.500000
connection_rate=1.000000
network_type=0
learning_momentum=0.000000
training_algorithm=2
train_error_function=1
train_stop_function=0
cascade_output_change_fraction=0.010000
quickprop_decay=-0.000100
quickprop_mu=1.750000
rprop_increase_factor=1.200000
rprop_decrease_factor=0.500000
rprop_delta_min=0.000000
rprop_delta_max=50.000000
rprop_delta_zero=0.100000
cascade_output_stagnation_epochs=12
cascade_candidate_change_fraction=0.010000
cascade_candidate_stagnation_epochs=12
cascade_max_out_epochs=150
cascade_min_out_epochs=50
cascade_max_cand_epochs=150
cascade_min_cand_epochs=50
cascade_num_candidate_groups=2
bit_fail_limit=3.49999994039535522461e-01
cascade_candidate_limit=1.00000000000000000000e+03
cascade_weight_multiplier=4.00000005960464477539e-01
cascade_activation_functions_count=10
cascade_activation_functions=3 5 7 8 10 11 14 15 16 17 
cascade_activation_steepnesses_count=4
cascade_activation_steepnesses=2.50000000000000000000e-01 5.00000000000000000000e-01 7.50000000000000000000e-01 1.00000000000000000000e+00 
layer_sizes=4 5 3 2 
scale_included=0
neurons (num_inputs, activation_function, activation_steepness)=(0, 0, 0.00000000000000000000e+00) (0, 0, 0.00000000000000000000e+00) (0, 0, 0.00000000000000000000e+00) (0, 0, 0.00000000000000000000e+00) (4, 3, 5.00000000000000000000e-01) (4, 3, 5.00000000000000000000e-01) (4, 3, 5.00000000000000000000e-01) (4, 3, 5.00000000000000000000e-01) (0, 3, 0.00000000000000000000e+00) (5, 3, 5.00000000000000000000e-01) (5, 3, 5.00000000000000000000e-01) (0, 3, 0.00000000000000000000e+00) (3, 3, 5.00000000000000000000e-01) (0, 3, 0.00000000000000000000e+00) 
connections (connected_to_neuron, weight)=(0, 2.47050304412841796875e+01) (1, -1.08151405334472656250e+02) (2, 3.15845546722412109375e+01) (3, -2.80361866950988769531e+00) (0, 1.15142166137695312500e+02) (1, -1.16412414550781250000e+02) (2, 6.20724868774414062500e+01) (3, -3.86629409790039062500e+01) (0, 2.46592922210693359375e+01) (1, -1.08147590637207031250e+02) (2, 3.15391311645507812500e+01) (3, -2.75258898735046386719e+00) (0, -3.11300230026245117188e+00) (1, -1.19128103256225585938e+01) (2, 3.43334960937500000000e+00) (3, 3.97793412208557128906e+00) (4, -5.40736341476440429688e+00) (5, -1.01119117736816406250e+01) (6, -5.40518140792846679688e+00) (7, 3.17613048553466796875e+01) (8, 5.21144717931747436523e-02) (4, 1.47144006347656250000e+03) (5, 7.65096313476562500000e+02) (6, 1.47144006347656250000e+03) (7, 5.62734252929687500000e+02) (8, -7.87292337417602539062e+00) (9, -4.52957868576049804688e+00) (10, 6.67276680469512939453e-01) (11, 1.67144429683685302734e+00) 
