FANN_FLO_2.1
num_layers=3
learning_rate=0.400000
connection_rate=1.000000
network_type=0
learning_momentum=0.000000
training_algorithm=2
train_error_function=1
train_stop_function=0
cascade_output_change_fraction=0.010000
quickprop_decay=-0.000100
quickprop_mu=1.750000
rprop_increase_factor=1.200000
rprop_decrease_factor=0.500000
rprop_delta_min=0.000000
rprop_delta_max=50.000000
rprop_delta_zero=0.100000
cascade_output_stagnation_epochs=12
cascade_candidate_change_fraction=0.010000
cascade_candidate_stagnation_epochs=12
cascade_max_out_epochs=150
cascade_min_out_epochs=50
cascade_max_cand_epochs=150
cascade_min_cand_epochs=50
cascade_num_candidate_groups=2
bit_fail_limit=3.49999994039535522461e-01
cascade_candidate_limit=1.00000000000000000000e+03
cascade_weight_multiplier=4.00000005960464477539e-01
cascade_activation_functions_count=10
cascade_activation_functions=3 5 7 8 10 11 14 15 16 17 
cascade_activation_steepnesses_count=4
cascade_activation_steepnesses=2.50000000000000000000e-01 5.00000000000000000000e-01 7.50000000000000000000e-01 1.00000000000000000000e+00 
layer_sizes=10 3 2 
scale_included=0
neurons (num_inputs, activation_function, activation_steepness)=(0, 0, 0.00000000000000000000e+00) (0, 0, 0.00000000000000000000e+00) (0, 0, 0.00000000000000000000e+00) (0, 0, 0.00000000000000000000e+00) (0, 0, 0.00000000000000000000e+00) (0, 0, 0.00000000000000000000e+00) (0, 0, 0.00000000000000000000e+00) (0, 0, 0.00000000000000000000e+00) (0, 0, 0.00000000000000000000e+00) (0, 0, 0.00000000000000000000e+00) (10, 3, 5.00000000000000000000e-01) (10, 3, 5.00000000000000000000e-01) (0, 3, 0.00000000000000000000e+00) (3, 3, 5.00000000000000000000e-01) (0, 3, 0.00000000000000000000e+00) 
connections (connected_to_neuron, weight)=(0, 1.79084300994873046875e-01) (1, 1.86642050743103027344e-01) (2, 2.17418432235717773438e-01) (3, 1.83738917112350463867e-01) (4, 8.21859836578369140625e-02) (5, 1.24485090374946594238e-01) (6, 1.12672097980976104736e-01) (7, 1.89472496509552001953e-01) (8, 5.98138608038425445557e-02) (9, 7.95490294694900512695e-02) (0, 1.17654547095298767090e-01) (1, 1.00727073848247528076e-01) (2, 2.08262622356414794922e-01) (3, 3.60828191041946411133e-02) (4, 5.95438517630100250244e-02) (5, 1.41308814287185668945e-01) (6, 1.50211244821548461914e-01) (7, 1.57979547977447509766e-01) (8, 2.02371895313262939453e-01) (9, 4.75620552897453308105e-02) (10, -1.95337325334548950195e-01) (11, -1.61320537328720092773e-01) (12, -2.19811409711837768555e-01) 
