FANN_FLO_2.1
num_layers=3
learning_rate=0.500000
connection_rate=1.000000
network_type=0
learning_momentum=0.000000
training_algorithm=2
train_error_function=1
train_stop_function=0
cascade_output_change_fraction=0.010000
quickprop_decay=-0.000100
quickprop_mu=1.750000
rprop_increase_factor=1.200000
rprop_decrease_factor=0.500000
rprop_delta_min=0.000000
rprop_delta_max=50.000000
rprop_delta_zero=0.100000
cascade_output_stagnation_epochs=12
cascade_candidate_change_fraction=0.010000
cascade_candidate_stagnation_epochs=12
cascade_max_out_epochs=150
cascade_min_out_epochs=50
cascade_max_cand_epochs=150
cascade_min_cand_epochs=50
cascade_num_candidate_groups=2
bit_fail_limit=3.49999994039535522461e-01
cascade_candidate_limit=1.00000000000000000000e+03
cascade_weight_multiplier=4.00000005960464477539e-01
cascade_activation_functions_count=10
cascade_activation_functions=3 5 7 8 10 11 14 15 16 17 
cascade_activation_steepnesses_count=4
cascade_activation_steepnesses=2.50000000000000000000e-01 5.00000000000000000000e-01 7.50000000000000000000e-01 1.00000000000000000000e+00 
layer_sizes=10 3 2 
scale_included=0
neurons (num_inputs, activation_function, activation_steepness)=(0, 0, 0.00000000000000000000e+00) (0, 0, 0.00000000000000000000e+00) (0, 0, 0.00000000000000000000e+00) (0, 0, 0.00000000000000000000e+00) (0, 0, 0.00000000000000000000e+00) (0, 0, 0.00000000000000000000e+00) (0, 0, 0.00000000000000000000e+00) (0, 0, 0.00000000000000000000e+00) (0, 0, 0.00000000000000000000e+00) (0, 0, 0.00000000000000000000e+00) (10, 3, 5.00000000000000000000e-01) (10, 3, 5.00000000000000000000e-01) (0, 3, 0.00000000000000000000e+00) (3, 3, 5.00000000000000000000e-01) (0, 3, 0.00000000000000000000e+00) 
connections (connected_to_neuron, weight)=(0, -5.39031863212585449219e-01) (1, -6.04617834091186523438e-01) (2, -6.47177577018737792969e-01) (3, -5.30875802040100097656e-01) (4, -5.10011970996856689453e-01) (5, -9.56026017665863037109e-01) (6, -8.98718655109405517578e-01) (7, -2.52084881067276000977e-01) (8, -4.82421189546585083008e-01) (9, 2.31976222991943359375e+00) (0, -5.35751461982727050781e-01) (1, -6.16659224033355712891e-01) (2, -5.12459993362426757812e-01) (3, -6.71106934547424316406e-01) (4, -5.89246153831481933594e-01) (5, -3.34893554449081420898e-01) (6, -3.23880791664123535156e-01) (7, -8.22887301445007324219e-01) (8, -6.59003138542175292969e-01) (9, 1.96895325183868408203e+00) (10, -1.41513872146606445312e+00) (11, -2.03775882720947265625e+00) (12, 1.32003676891326904297e+00) 
