FANN_FLO_2.1
num_layers=3
learning_rate=0.300000
connection_rate=1.000000
network_type=0
learning_momentum=0.000000
training_algorithm=2
train_error_function=1
train_stop_function=0
cascade_output_change_fraction=0.010000
quickprop_decay=-0.000100
quickprop_mu=1.750000
rprop_increase_factor=1.200000
rprop_decrease_factor=0.500000
rprop_delta_min=0.000000
rprop_delta_max=50.000000
rprop_delta_zero=0.100000
cascade_output_stagnation_epochs=12
cascade_candidate_change_fraction=0.010000
cascade_candidate_stagnation_epochs=12
cascade_max_out_epochs=150
cascade_min_out_epochs=50
cascade_max_cand_epochs=150
cascade_min_cand_epochs=50
cascade_num_candidate_groups=2
bit_fail_limit=3.49999994039535522461e-01
cascade_candidate_limit=1.00000000000000000000e+03
cascade_weight_multiplier=4.00000005960464477539e-01
cascade_activation_functions_count=10
cascade_activation_functions=3 5 7 8 10 11 14 15 16 17 
cascade_activation_steepnesses_count=4
cascade_activation_steepnesses=2.50000000000000000000e-01 5.00000000000000000000e-01 7.50000000000000000000e-01 1.00000000000000000000e+00 
layer_sizes=4 9 2 
scale_included=0
neurons (num_inputs, activation_function, activation_steepness)=(0, 0, 0.00000000000000000000e+00) (0, 0, 0.00000000000000000000e+00) (0, 0, 0.00000000000000000000e+00) (0, 0, 0.00000000000000000000e+00) (4, 3, 5.00000000000000000000e-01) (4, 3, 5.00000000000000000000e-01) (4, 3, 5.00000000000000000000e-01) (4, 3, 5.00000000000000000000e-01) (4, 3, 5.00000000000000000000e-01) (4, 3, 5.00000000000000000000e-01) (4, 3, 5.00000000000000000000e-01) (4, 3, 5.00000000000000000000e-01) (0, 3, 0.00000000000000000000e+00) (9, 3, 5.00000000000000000000e-01) (0, 3, 0.00000000000000000000e+00) 
connections (connected_to_neuron, weight)=(0, -6.86917257308959960938e+00) (1, 4.42748725414276123047e-01) (2, -4.77089929580688476562e+00) (3, -3.13013792037963867188e-01) (0, -8.64985704421997070312e-01) (1, 5.92917799949645996094e-01) (2, -1.39326465129852294922e+00) (3, 3.86922407150268554688e+00) (0, -4.53177833557128906250e+00) (1, 3.27977627515792846680e-01) (2, -3.53418946266174316406e-01) (3, 1.72615861892700195312e+00) (0, -9.00176644325256347656e-01) (1, 5.45094788074493408203e-01) (2, -1.63877904415130615234e+00) (3, 5.72781741619110107422e-01) (0, -3.35635602474212646484e-01) (1, 1.23157851397991180420e-01) (2, -6.00030124187469482422e-01) (3, 6.69455575942993164062e+00) (0, -1.91132515668869018555e-01) (1, 2.72003971040248870850e-02) (2, -2.99493283033370971680e-01) (3, 3.73926997184753417969e+00) (0, -9.12094950675964355469e-01) (1, 6.12614572048187255859e-01) (2, -1.42922914028167724609e+00) (3, 4.48279237747192382812e+00) (0, 4.87613864243030548096e-02) (1, 1.08739592134952545166e-01) (2, -1.47031950950622558594e+00) (3, -3.68689507246017456055e-01) (4, -1.50000000000000000000e+03) (5, -1.58633604645729064941e-01) (6, -5.50896883010864257812e+00) (7, -1.12437717616558074951e-01) (8, -6.61442220211029052734e-01) (9, -4.39886331558227539062e+00) (10, -1.81528359651565551758e-01) (11, -5.08131265640258789062e-01) (12, 7.44385361671447753906e-01) 
