FANN_FLO_2.1
num_layers=4
learning_rate=0.450000
connection_rate=1.000000
network_type=0
learning_momentum=0.000000
training_algorithm=2
train_error_function=1
train_stop_function=0
cascade_output_change_fraction=0.010000
quickprop_decay=-0.000100
quickprop_mu=1.750000
rprop_increase_factor=1.200000
rprop_decrease_factor=0.500000
rprop_delta_min=0.000000
rprop_delta_max=50.000000
rprop_delta_zero=0.100000
cascade_output_stagnation_epochs=12
cascade_candidate_change_fraction=0.010000
cascade_candidate_stagnation_epochs=12
cascade_max_out_epochs=150
cascade_min_out_epochs=50
cascade_max_cand_epochs=150
cascade_min_cand_epochs=50
cascade_num_candidate_groups=2
bit_fail_limit=3.49999994039535522461e-01
cascade_candidate_limit=1.00000000000000000000e+03
cascade_weight_multiplier=4.00000005960464477539e-01
cascade_activation_functions_count=10
cascade_activation_functions=3 5 7 8 10 11 14 15 16 17 
cascade_activation_steepnesses_count=4
cascade_activation_steepnesses=2.50000000000000000000e-01 5.00000000000000000000e-01 7.50000000000000000000e-01 1.00000000000000000000e+00 
layer_sizes=7 5 3 2 
scale_included=0
neurons (num_inputs, activation_function, activation_steepness)=(0, 0, 0.00000000000000000000e+00) (0, 0, 0.00000000000000000000e+00) (0, 0, 0.00000000000000000000e+00) (0, 0, 0.00000000000000000000e+00) (0, 0, 0.00000000000000000000e+00) (0, 0, 0.00000000000000000000e+00) (0, 0, 0.00000000000000000000e+00) (7, 3, 5.00000000000000000000e-01) (7, 3, 5.00000000000000000000e-01) (7, 3, 5.00000000000000000000e-01) (7, 3, 5.00000000000000000000e-01) (0, 3, 0.00000000000000000000e+00) (5, 3, 5.00000000000000000000e-01) (5, 3, 5.00000000000000000000e-01) (0, 3, 0.00000000000000000000e+00) (3, 0, 5.00000000000000000000e-01) (0, 0, 0.00000000000000000000e+00) 
connections (connected_to_neuron, weight)=(0, -2.68768558502197265625e+01) (1, -5.11958221435546875000e+02) (2, 2.88313415527343750000e+02) (3, 2.21025538444519042969e+00) (4, -1.60254306793212890625e+01) (5, 5.65980873107910156250e+01) (6, 2.16688847541809082031e+00) (0, -3.07289314270019531250e+00) (1, -2.80460144042968750000e+02) (2, 2.88045745849609375000e+02) (3, 2.18414592742919921875e+00) (4, -6.69554519653320312500e+01) (5, -2.91707397460937500000e+02) (6, 2.18171358108520507812e+00) (0, -2.68931674957275390625e+01) (1, -5.11931823730468750000e+02) (2, 2.88313415527343750000e+02) (3, 2.22412967681884765625e+00) (4, -1.60254306793212890625e+01) (5, 5.65980873107910156250e+01) (6, 2.13122653961181640625e+00) (0, 2.65750098228454589844e+00) (1, 1.52642974853515625000e+02) (2, -1.57593246459960937500e+02) (3, 1.34852719306945800781e+00) (4, 1.34779418945312500000e+02) (5, -3.65151062011718750000e+02) (6, 6.66083335876464843750e-01) (7, 4.24086475372314453125e+00) (8, 8.34397792816162109375e+00) (9, 4.24086475372314453125e+00) (10, 8.36263370513916015625e+00) (11, -1.63322200775146484375e+01) (7, 1.49999780273437500000e+03) (8, 1.49999584960937500000e+03) (9, 1.49999780273437500000e+03) (10, 1.35724349975585937500e+02) (11, -2.80509281158447265625e+00) (12, -5.45800476074218750000e+02) (13, 2.03465998172760009766e-01) (14, 1.01541541516780853271e-02) 
