FANN_FLO_2.1
num_layers=3
learning_rate=0.500000
connection_rate=1.000000
network_type=0
learning_momentum=0.000000
training_algorithm=2
train_error_function=1
train_stop_function=0
cascade_output_change_fraction=0.010000
quickprop_decay=-0.000100
quickprop_mu=1.750000
rprop_increase_factor=1.200000
rprop_decrease_factor=0.500000
rprop_delta_min=0.000000
rprop_delta_max=50.000000
rprop_delta_zero=0.100000
cascade_output_stagnation_epochs=12
cascade_candidate_change_fraction=0.010000
cascade_candidate_stagnation_epochs=12
cascade_max_out_epochs=150
cascade_min_out_epochs=50
cascade_max_cand_epochs=150
cascade_min_cand_epochs=50
cascade_num_candidate_groups=2
bit_fail_limit=3.49999994039535522461e-01
cascade_candidate_limit=1.00000000000000000000e+03
cascade_weight_multiplier=4.00000005960464477539e-01
cascade_activation_functions_count=10
cascade_activation_functions=3 5 7 8 10 11 14 15 16 17 
cascade_activation_steepnesses_count=4
cascade_activation_steepnesses=2.50000000000000000000e-01 5.00000000000000000000e-01 7.50000000000000000000e-01 1.00000000000000000000e+00 
layer_sizes=7 9 2 
scale_included=0
neurons (num_inputs, activation_function, activation_steepness)=(0, 0, 0.00000000000000000000e+00) (0, 0, 0.00000000000000000000e+00) (0, 0, 0.00000000000000000000e+00) (0, 0, 0.00000000000000000000e+00) (0, 0, 0.00000000000000000000e+00) (0, 0, 0.00000000000000000000e+00) (0, 0, 0.00000000000000000000e+00) (7, 3, 5.00000000000000000000e-01) (7, 3, 5.00000000000000000000e-01) (7, 3, 5.00000000000000000000e-01) (7, 3, 5.00000000000000000000e-01) (7, 3, 5.00000000000000000000e-01) (7, 3, 5.00000000000000000000e-01) (7, 3, 5.00000000000000000000e-01) (7, 3, 5.00000000000000000000e-01) (0, 3, 0.00000000000000000000e+00) (9, 0, 5.00000000000000000000e-01) (0, 0, 0.00000000000000000000e+00) 
connections (connected_to_neuron, weight)=(0, -7.87104845046997070312e-01) (1, -3.62692207098007202148e-01) (2, 1.46100223064422607422e+00) (3, 8.00711289048194885254e-02) (4, -2.99719441682100296021e-02) (5, -4.50090885162353515625e-01) (6, -6.15634620189666748047e-01) (0, -4.01634395122528076172e-01) (1, 7.78853058815002441406e-01) (2, -7.17493772506713867188e-01) (3, -3.75525861978530883789e-01) (4, 5.72398066520690917969e-01) (5, -1.26498430967330932617e-01) (6, 1.65219032764434814453e+00) (0, 1.66830018162727355957e-01) (1, -3.32428395748138427734e-01) (2, -2.24616169929504394531e-01) (3, -5.17745986580848693848e-02) (4, -2.62886822223663330078e-01) (5, 4.23640191555023193359e-01) (6, -2.38445818424224853516e-01) (0, -1.88700526952743530273e-01) (1, 2.67965912818908691406e-01) (2, -5.05624294281005859375e-01) (3, 4.26746249198913574219e-01) (4, -1.05951511859893798828e+00) (5, -6.91408991813659667969e-01) (6, -1.85473418235778808594e+00) (0, -6.05289041996002197266e-01) (1, -4.48109924793243408203e-01) (2, 1.13226282596588134766e+00) (3, 5.53903937339782714844e-01) (4, -9.41119003295898437500e+00) (5, -1.16999574005603790283e-01) (6, -6.10522627830505371094e-01) (0, -2.89643928408622741699e-03) (1, -2.19114542007446289062e-01) (2, 4.82431091368198394775e-02) (3, -8.76537524163722991943e-04) (4, -1.26890078186988830566e-01) (5, 2.51974463462829589844e-01) (6, -1.56473383307456970215e-01) (0, -1.15215279161930084229e-01) (1, -4.87531602382659912109e-01) (2, -1.99771285057067871094e-01) (3, -2.26368475705385208130e-02) (4, 1.67266219854354858398e-01) (5, 3.29036474227905273438e-01) (6, 1.79137468338012695312e+00) (0, -4.57881003618240356445e-01) (1, 1.46536588668823242188e+00) (2, -2.89308667182922363281e-01) (3, -4.60313946008682250977e-01) (4, 3.53734254837036132812e-01) (5, 7.85328969359397888184e-02) (6, -5.88553905487060546875e-01) (7, 7.24262222647666931152e-02) (8, 8.88386741280555725098e-02) (9, -3.41357797384262084961e-01) (10, 1.63143658638000488281e+00) (11, -1.06206123352050781250e+02) (12, 4.09825801849365234375e-01) (13, -1.44353270530700683594e-01) (14, -1.26335784792900085449e-01) (15, 5.16816601157188415527e-02) 
