FANN_FLO_2.1
num_layers=3
learning_rate=0.450000
connection_rate=1.000000
network_type=0
learning_momentum=0.000000
training_algorithm=2
train_error_function=1
train_stop_function=0
cascade_output_change_fraction=0.010000
quickprop_decay=-0.000100
quickprop_mu=1.750000
rprop_increase_factor=1.200000
rprop_decrease_factor=0.500000
rprop_delta_min=0.000000
rprop_delta_max=50.000000
rprop_delta_zero=0.100000
cascade_output_stagnation_epochs=12
cascade_candidate_change_fraction=0.010000
cascade_candidate_stagnation_epochs=12
cascade_max_out_epochs=150
cascade_min_out_epochs=50
cascade_max_cand_epochs=150
cascade_min_cand_epochs=50
cascade_num_candidate_groups=2
bit_fail_limit=3.49999994039535522461e-01
cascade_candidate_limit=1.00000000000000000000e+03
cascade_weight_multiplier=4.00000005960464477539e-01
cascade_activation_functions_count=10
cascade_activation_functions=3 5 7 8 10 11 14 15 16 17 
cascade_activation_steepnesses_count=4
cascade_activation_steepnesses=2.50000000000000000000e-01 5.00000000000000000000e-01 7.50000000000000000000e-01 1.00000000000000000000e+00 
layer_sizes=7 5 2 
scale_included=0
neurons (num_inputs, activation_function, activation_steepness)=(0, 0, 0.00000000000000000000e+00) (0, 0, 0.00000000000000000000e+00) (0, 0, 0.00000000000000000000e+00) (0, 0, 0.00000000000000000000e+00) (0, 0, 0.00000000000000000000e+00) (0, 0, 0.00000000000000000000e+00) (0, 0, 0.00000000000000000000e+00) (7, 3, 5.00000000000000000000e-01) (7, 3, 5.00000000000000000000e-01) (7, 3, 5.00000000000000000000e-01) (7, 3, 5.00000000000000000000e-01) (0, 3, 0.00000000000000000000e+00) (5, 0, 5.00000000000000000000e-01) (0, 0, 0.00000000000000000000e+00) 
connections (connected_to_neuron, weight)=(0, -2.14642822742462158203e-01) (1, 4.32799607515335083008e-01) (2, -2.37343415617942810059e-01) (3, 1.35847464203834533691e-01) (4, 1.26635685563087463379e-01) (5, -2.72869437932968139648e-01) (6, 2.66679215431213378906e+00) (0, 1.50000000000000000000e+03) (1, 1.50000000000000000000e+03) (2, -1.50000000000000000000e+03) (3, 1.50000000000000000000e+03) (4, 1.50000000000000000000e+03) (5, -1.50000000000000000000e+03) (6, -1.39275968074798583984e+00) (0, -7.80960998535156250000e+01) (1, -7.38506555557250976562e+00) (2, 1.18794030761718750000e+03) (3, -3.73793101310729980469e+00) (4, -4.08734771728515625000e+02) (5, 2.29110305786132812500e+02) (6, -6.55767738819122314453e-01) (0, -3.87035518884658813477e-01) (1, 2.32883751392364501953e-01) (2, 1.50000000000000000000e+03) (3, -6.79967459291219711304e-03) (4, 4.68034520745277404785e-02) (5, 1.50000000000000000000e+03) (6, 6.91749906539916992188e+00) (7, -7.01895356178283691406e-02) (8, 1.40386298298835754395e-01) (9, -5.44781005010008811951e-03) (10, -7.31982514262199401855e-02) (11, 1.29583170637488365173e-02) 
