FANN_FLO_2.1
num_layers=3
learning_rate=0.400000
connection_rate=1.000000
network_type=0
learning_momentum=0.000000
training_algorithm=2
train_error_function=1
train_stop_function=0
cascade_output_change_fraction=0.010000
quickprop_decay=-0.000100
quickprop_mu=1.750000
rprop_increase_factor=1.200000
rprop_decrease_factor=0.500000
rprop_delta_min=0.000000
rprop_delta_max=50.000000
rprop_delta_zero=0.100000
cascade_output_stagnation_epochs=12
cascade_candidate_change_fraction=0.010000
cascade_candidate_stagnation_epochs=12
cascade_max_out_epochs=150
cascade_min_out_epochs=50
cascade_max_cand_epochs=150
cascade_min_cand_epochs=50
cascade_num_candidate_groups=2
bit_fail_limit=3.49999994039535522461e-01
cascade_candidate_limit=1.00000000000000000000e+03
cascade_weight_multiplier=4.00000005960464477539e-01
cascade_activation_functions_count=10
cascade_activation_functions=3 5 7 8 10 11 14 15 16 17 
cascade_activation_steepnesses_count=4
cascade_activation_steepnesses=2.50000000000000000000e-01 5.00000000000000000000e-01 7.50000000000000000000e-01 1.00000000000000000000e+00 
layer_sizes=10 3 2 
scale_included=0
neurons (num_inputs, activation_function, activation_steepness)=(0, 0, 0.00000000000000000000e+00) (0, 0, 0.00000000000000000000e+00) (0, 0, 0.00000000000000000000e+00) (0, 0, 0.00000000000000000000e+00) (0, 0, 0.00000000000000000000e+00) (0, 0, 0.00000000000000000000e+00) (0, 0, 0.00000000000000000000e+00) (0, 0, 0.00000000000000000000e+00) (0, 0, 0.00000000000000000000e+00) (0, 0, 0.00000000000000000000e+00) (10, 3, 5.00000000000000000000e-01) (10, 3, 5.00000000000000000000e-01) (0, 3, 0.00000000000000000000e+00) (3, 3, 5.00000000000000000000e-01) (0, 3, 0.00000000000000000000e+00) 
connections (connected_to_neuron, weight)=(0, -1.77322462201118469238e-01) (1, -6.09831586480140686035e-02) (2, -2.25100442767143249512e-02) (3, -1.03907585144042968750e-01) (4, -2.84919366240501403809e-02) (5, -3.06775942444801330566e-02) (6, -1.81445792317390441895e-01) (7, -1.09753966331481933594e-01) (8, -1.57387182116508483887e-01) (9, -6.90550431609153747559e-02) (0, 1.65285289287567138672e-01) (1, 1.33443444967269897461e-01) (2, 1.11393757164478302002e-01) (3, 2.11961328983306884766e-01) (4, 7.43901431560516357422e-02) (5, 1.44329056143760681152e-01) (6, 1.43393069505691528320e-01) (7, 1.64882183074951171875e-01) (8, 1.05056978762149810791e-01) (9, 3.21742147207260131836e-02) (10, -8.21953192353248596191e-02) (11, -2.11369112133979797363e-01) (12, -5.54104223847389221191e-02) 
