FANN_FLO_2.1
num_layers=4
learning_rate=0.300000
connection_rate=1.000000
network_type=0
learning_momentum=0.000000
training_algorithm=2
train_error_function=1
train_stop_function=0
cascade_output_change_fraction=0.010000
quickprop_decay=-0.000100
quickprop_mu=1.750000
rprop_increase_factor=1.200000
rprop_decrease_factor=0.500000
rprop_delta_min=0.000000
rprop_delta_max=50.000000
rprop_delta_zero=0.100000
cascade_output_stagnation_epochs=12
cascade_candidate_change_fraction=0.010000
cascade_candidate_stagnation_epochs=12
cascade_max_out_epochs=150
cascade_min_out_epochs=50
cascade_max_cand_epochs=150
cascade_min_cand_epochs=50
cascade_num_candidate_groups=2
bit_fail_limit=3.49999994039535522461e-01
cascade_candidate_limit=1.00000000000000000000e+03
cascade_weight_multiplier=4.00000005960464477539e-01
cascade_activation_functions_count=10
cascade_activation_functions=3 5 7 8 10 11 14 15 16 17 
cascade_activation_steepnesses_count=4
cascade_activation_steepnesses=2.50000000000000000000e-01 5.00000000000000000000e-01 7.50000000000000000000e-01 1.00000000000000000000e+00 
layer_sizes=2 5 3 3 
scale_included=0
neurons (num_inputs, activation_function, activation_steepness)=(0, 0, 0.00000000000000000000e+00) (0, 0, 0.00000000000000000000e+00) (2, 3, 5.00000000000000000000e-01) (2, 3, 5.00000000000000000000e-01) (2, 3, 5.00000000000000000000e-01) (2, 3, 5.00000000000000000000e-01) (0, 3, 0.00000000000000000000e+00) (5, 3, 5.00000000000000000000e-01) (5, 3, 5.00000000000000000000e-01) (0, 3, 0.00000000000000000000e+00) (3, 0, 5.00000000000000000000e-01) (3, 0, 5.00000000000000000000e-01) (0, 0, 0.00000000000000000000e+00) 
connections (connected_to_neuron, weight)=(0, -7.18465852737426757812e+00) (1, -2.41384530067443847656e+00) (0, -8.20299327373504638672e-01) (1, -1.02619481086730957031e+00) (0, 4.97910231351852416992e-01) (1, -2.46622160077095031738e-01) (0, -1.33661222457885742188e+00) (1, -1.82137870788574218750e+00) (2, 3.52408242225646972656e+00) (3, -2.87690186500549316406e+00) (4, 8.84772062301635742188e-01) (5, -4.98895931243896484375e+00) (6, -5.05383834242820739746e-02) (2, 2.79861283302307128906e+00) (3, -5.87851822376251220703e-01) (4, 1.25507402117364108562e-04) (5, -2.27814173698425292969e+00) (6, -4.14164783433079719543e-03) (7, -9.87910777330398559570e-02) (8, 1.37029826641082763672e-01) (9, -6.47062733769416809082e-02) (7, -1.44012808799743652344e+00) (8, -6.81619703769683837891e-01) (9, -6.72456145286560058594e-01) 
