FANN_FLO_2.1
num_layers=4
learning_rate=0.450000
connection_rate=1.000000
network_type=0
learning_momentum=0.000000
training_algorithm=2
train_error_function=1
train_stop_function=0
cascade_output_change_fraction=0.010000
quickprop_decay=-0.000100
quickprop_mu=1.750000
rprop_increase_factor=1.200000
rprop_decrease_factor=0.500000
rprop_delta_min=0.000000
rprop_delta_max=50.000000
rprop_delta_zero=0.100000
cascade_output_stagnation_epochs=12
cascade_candidate_change_fraction=0.010000
cascade_candidate_stagnation_epochs=12
cascade_max_out_epochs=150
cascade_min_out_epochs=50
cascade_max_cand_epochs=150
cascade_min_cand_epochs=50
cascade_num_candidate_groups=2
bit_fail_limit=3.49999994039535522461e-01
cascade_candidate_limit=1.00000000000000000000e+03
cascade_weight_multiplier=4.00000005960464477539e-01
cascade_activation_functions_count=10
cascade_activation_functions=3 5 7 8 10 11 14 15 16 17 
cascade_activation_steepnesses_count=4
cascade_activation_steepnesses=2.50000000000000000000e-01 5.00000000000000000000e-01 7.50000000000000000000e-01 1.00000000000000000000e+00 
layer_sizes=7 5 3 2 
scale_included=0
neurons (num_inputs, activation_function, activation_steepness)=(0, 0, 0.00000000000000000000e+00) (0, 0, 0.00000000000000000000e+00) (0, 0, 0.00000000000000000000e+00) (0, 0, 0.00000000000000000000e+00) (0, 0, 0.00000000000000000000e+00) (0, 0, 0.00000000000000000000e+00) (0, 0, 0.00000000000000000000e+00) (7, 3, 5.00000000000000000000e-01) (7, 3, 5.00000000000000000000e-01) (7, 3, 5.00000000000000000000e-01) (7, 3, 5.00000000000000000000e-01) (0, 3, 0.00000000000000000000e+00) (5, 3, 5.00000000000000000000e-01) (5, 3, 5.00000000000000000000e-01) (0, 3, 0.00000000000000000000e+00) (3, 0, 5.00000000000000000000e-01) (0, 0, 0.00000000000000000000e+00) 
connections (connected_to_neuron, weight)=(0, 1.50000000000000000000e+03) (1, 1.50000000000000000000e+03) (2, 1.50000000000000000000e+03) (3, 7.15981445312500000000e+01) (4, 1.50000000000000000000e+03) (5, 1.50000000000000000000e+03) (6, 7.71955430507659912109e-01) (0, -4.06920576095581054688e+00) (1, 7.05159854888916015625e+00) (2, -4.62369434535503387451e-02) (3, -2.39194965362548828125e+00) (4, 3.72197031974792480469e+00) (5, 9.79691371321678161621e-02) (6, -1.38589218258857727051e-01) (0, 1.50000000000000000000e+03) (1, 1.50000000000000000000e+03) (2, 1.50000000000000000000e+03) (3, 5.56873245239257812500e+01) (4, 1.50000000000000000000e+03) (5, 1.50000000000000000000e+03) (6, 3.20721244812011718750e+00) (0, 1.50000000000000000000e+03) (1, 1.50000000000000000000e+03) (2, 1.50000000000000000000e+03) (3, 1.69745223999023437500e+02) (4, 1.50000000000000000000e+03) (5, 1.50000000000000000000e+03) (6, -2.34335809946060180664e-01) (7, 1.49947021484375000000e+03) (8, -1.50000000000000000000e+03) (9, -1.45695007324218750000e+03) (10, -3.45616035461425781250e+01) (11, -1.08422126770019531250e+01) (7, -1.00787847900390625000e+03) (8, -1.50000000000000000000e+03) (9, 3.29861712455749511719e+00) (10, -1.04225964355468750000e+03) (11, -4.89944076538085937500e+00) (12, 1.60063195228576660156e+00) (13, 1.50000000000000000000e+03) (14, 1.42439929768443107605e-02) 
