FANN_FLO_2.1
num_layers=4
learning_rate=0.300000
connection_rate=1.000000
network_type=0
learning_momentum=0.000000
training_algorithm=2
train_error_function=1
train_stop_function=0
cascade_output_change_fraction=0.010000
quickprop_decay=-0.000100
quickprop_mu=1.750000
rprop_increase_factor=1.200000
rprop_decrease_factor=0.500000
rprop_delta_min=0.000000
rprop_delta_max=50.000000
rprop_delta_zero=0.100000
cascade_output_stagnation_epochs=12
cascade_candidate_change_fraction=0.010000
cascade_candidate_stagnation_epochs=12
cascade_max_out_epochs=150
cascade_min_out_epochs=50
cascade_max_cand_epochs=150
cascade_min_cand_epochs=50
cascade_num_candidate_groups=2
bit_fail_limit=3.49999994039535522461e-01
cascade_candidate_limit=1.00000000000000000000e+03
cascade_weight_multiplier=4.00000005960464477539e-01
cascade_activation_functions_count=10
cascade_activation_functions=3 5 7 8 10 11 14 15 16 17 
cascade_activation_steepnesses_count=4
cascade_activation_steepnesses=2.50000000000000000000e-01 5.00000000000000000000e-01 7.50000000000000000000e-01 1.00000000000000000000e+00 
layer_sizes=2 5 5 3 
scale_included=0
neurons (num_inputs, activation_function, activation_steepness)=(0, 0, 0.00000000000000000000e+00) (0, 0, 0.00000000000000000000e+00) (2, 3, 5.00000000000000000000e-01) (2, 3, 5.00000000000000000000e-01) (2, 3, 5.00000000000000000000e-01) (2, 3, 5.00000000000000000000e-01) (0, 3, 0.00000000000000000000e+00) (5, 3, 5.00000000000000000000e-01) (5, 3, 5.00000000000000000000e-01) (5, 3, 5.00000000000000000000e-01) (5, 3, 5.00000000000000000000e-01) (0, 3, 0.00000000000000000000e+00) (5, 0, 5.00000000000000000000e-01) (5, 0, 5.00000000000000000000e-01) (0, 0, 0.00000000000000000000e+00) 
connections (connected_to_neuron, weight)=(0, -1.50000000000000000000e+03) (1, 8.06010365486145019531e-01) (0, -7.66299438476562500000e+01) (1, -6.21909637451171875000e+01) (0, -1.50000000000000000000e+03) (1, -6.08137667179107666016e-01) (0, -7.66785278320312500000e+01) (1, -6.22345504760742187500e+01) (2, 4.68020290136337280273e-02) (3, 1.23203933238983154297e+00) (4, 1.98069199919700622559e-01) (5, 8.75139832496643066406e-01) (6, -9.36433911323547363281e-01) (2, 1.40742921829223632812e+00) (3, 1.30981934070587158203e+00) (4, 1.53009021282196044922e+00) (5, 1.08691096305847167969e+00) (6, 1.10455770492553710938e+01) (2, 2.98546642065048217773e-01) (3, 1.09240567684173583984e+00) (4, -9.06091570854187011719e-01) (5, 1.09840643405914306641e+00) (6, -1.30413845181465148926e-01) (2, 3.15918743610382080078e-01) (3, 9.48996305465698242188e-01) (4, 3.97083342075347900391e-01) (5, 8.91500651836395263672e-01) (6, -1.39365100860595703125e+00) (7, 8.97741839289665222168e-02) (8, -2.12761566042900085449e-01) (9, 8.20245891809463500977e-02) (10, 1.60783544182777404785e-01) (11, -3.04917525500059127808e-02) (7, -6.00294411182403564453e-01) (8, -3.99811178445816040039e-01) (9, -4.76330846548080444336e-01) (10, -5.84282875061035156250e-01) (11, -3.89625877141952514648e-01) 
