FANN_FLO_2.1
num_layers=3
learning_rate=0.500000
connection_rate=1.000000
network_type=0
learning_momentum=0.000000
training_algorithm=2
train_error_function=1
train_stop_function=0
cascade_output_change_fraction=0.010000
quickprop_decay=-0.000100
quickprop_mu=1.750000
rprop_increase_factor=1.200000
rprop_decrease_factor=0.500000
rprop_delta_min=0.000000
rprop_delta_max=50.000000
rprop_delta_zero=0.100000
cascade_output_stagnation_epochs=12
cascade_candidate_change_fraction=0.010000
cascade_candidate_stagnation_epochs=12
cascade_max_out_epochs=150
cascade_min_out_epochs=50
cascade_max_cand_epochs=150
cascade_min_cand_epochs=50
cascade_num_candidate_groups=2
bit_fail_limit=3.49999994039535522461e-01
cascade_candidate_limit=1.00000000000000000000e+03
cascade_weight_multiplier=4.00000005960464477539e-01
cascade_activation_functions_count=10
cascade_activation_functions=3 5 7 8 10 11 14 15 16 17 
cascade_activation_steepnesses_count=4
cascade_activation_steepnesses=2.50000000000000000000e-01 5.00000000000000000000e-01 7.50000000000000000000e-01 1.00000000000000000000e+00 
layer_sizes=7 5 2 
scale_included=0
neurons (num_inputs, activation_function, activation_steepness)=(0, 0, 0.00000000000000000000e+00) (0, 0, 0.00000000000000000000e+00) (0, 0, 0.00000000000000000000e+00) (0, 0, 0.00000000000000000000e+00) (0, 0, 0.00000000000000000000e+00) (0, 0, 0.00000000000000000000e+00) (0, 0, 0.00000000000000000000e+00) (7, 3, 5.00000000000000000000e-01) (7, 3, 5.00000000000000000000e-01) (7, 3, 5.00000000000000000000e-01) (7, 3, 5.00000000000000000000e-01) (0, 3, 0.00000000000000000000e+00) (5, 0, 5.00000000000000000000e-01) (0, 0, 0.00000000000000000000e+00) 
connections (connected_to_neuron, weight)=(0, -1.57082700729370117188e+00) (1, -5.49640595912933349609e-01) (2, -1.50000000000000000000e+03) (3, -4.89175262451171875000e+01) (4, 1.17696829140186309814e-01) (5, 6.58896636962890625000e+01) (6, -4.27600264549255371094e-01) (0, -1.22765665054321289062e+01) (1, -1.01933610439300537109e+00) (2, -1.50000000000000000000e+03) (3, -5.79537057876586914062e+00) (4, -3.93115997314453125000e-01) (5, 3.68984718322753906250e+01) (6, -7.36745119094848632812e+00) (0, 1.26714245605468750000e+03) (1, 9.55308556556701660156e-01) (2, 1.50000000000000000000e+03) (3, 1.40873336791992187500e+02) (4, 9.92210209369659423828e-02) (5, 8.72759582519531250000e+02) (6, 1.53294205665588378906e-01) (0, 1.13623738288879394531e+00) (1, 1.04813318252563476562e+01) (2, -1.04248142242431640625e+01) (3, 4.56548273563385009766e-01) (4, 3.72071647644042968750e+00) (5, -2.47122240066528320312e+00) (6, 7.09231424331665039062e+00) (7, -3.12735862098634243011e-03) (8, -1.77778583019971847534e-02) (9, 1.47552028298377990723e-01) (10, -4.17153567075729370117e-01) (11, 2.90220469236373901367e-01) 
