FANN_FLO_2.1
num_layers=3
learning_rate=0.450000
connection_rate=1.000000
network_type=0
learning_momentum=0.000000
training_algorithm=2
train_error_function=1
train_stop_function=0
cascade_output_change_fraction=0.010000
quickprop_decay=-0.000100
quickprop_mu=1.750000
rprop_increase_factor=1.200000
rprop_decrease_factor=0.500000
rprop_delta_min=0.000000
rprop_delta_max=50.000000
rprop_delta_zero=0.100000
cascade_output_stagnation_epochs=12
cascade_candidate_change_fraction=0.010000
cascade_candidate_stagnation_epochs=12
cascade_max_out_epochs=150
cascade_min_out_epochs=50
cascade_max_cand_epochs=150
cascade_min_cand_epochs=50
cascade_num_candidate_groups=2
bit_fail_limit=3.49999994039535522461e-01
cascade_candidate_limit=1.00000000000000000000e+03
cascade_weight_multiplier=4.00000005960464477539e-01
cascade_activation_functions_count=10
cascade_activation_functions=3 5 7 8 10 11 14 15 16 17 
cascade_activation_steepnesses_count=4
cascade_activation_steepnesses=2.50000000000000000000e-01 5.00000000000000000000e-01 7.50000000000000000000e-01 1.00000000000000000000e+00 
layer_sizes=7 5 2 
scale_included=0
neurons (num_inputs, activation_function, activation_steepness)=(0, 0, 0.00000000000000000000e+00) (0, 0, 0.00000000000000000000e+00) (0, 0, 0.00000000000000000000e+00) (0, 0, 0.00000000000000000000e+00) (0, 0, 0.00000000000000000000e+00) (0, 0, 0.00000000000000000000e+00) (0, 0, 0.00000000000000000000e+00) (7, 3, 5.00000000000000000000e-01) (7, 3, 5.00000000000000000000e-01) (7, 3, 5.00000000000000000000e-01) (7, 3, 5.00000000000000000000e-01) (0, 3, 0.00000000000000000000e+00) (5, 0, 5.00000000000000000000e-01) (0, 0, 0.00000000000000000000e+00) 
connections (connected_to_neuron, weight)=(0, -1.20756268501281738281e+00) (1, 2.87176060676574707031e+00) (2, 4.12053728103637695312e+00) (3, -7.85558819770812988281e-01) (4, -3.61056178808212280273e-01) (5, -3.61233639717102050781e+00) (6, 2.52539229393005371094e+00) (0, -3.64362609863281250000e+02) (1, 1.50000000000000000000e+03) (2, 1.24445727539062500000e+03) (3, -1.50000000000000000000e+03) (4, -3.25418518066406250000e+02) (5, -1.50000000000000000000e+03) (6, 2.28478789329528808594e-01) (0, -9.89563524723052978516e-01) (1, 3.92979383468627929688e-01) (2, -4.44410383701324462891e-01) (3, -8.08324515819549560547e-01) (4, -1.12747058272361755371e-01) (5, 2.43373394012451171875e+00) (6, -4.50786876678466796875e+00) (0, -1.15316040813922882080e-01) (1, -2.94559955596923828125e-01) (2, 1.28124346956610679626e-02) (3, -1.91891372203826904297e-01) (4, 2.23126977682113647461e-01) (5, 5.94391763210296630859e-01) (6, -3.21558499336242675781e+00) (7, -3.44632752239704132080e-02) (8, 7.48697388917207717896e-03) (9, -3.65845203399658203125e-01) (10, 3.68437707424163818359e-01) (11, 3.03876269608736038208e-02) 
