FANN_FLO_2.1
num_layers=4
learning_rate=0.500000
connection_rate=1.000000
network_type=0
learning_momentum=0.000000
training_algorithm=2
train_error_function=1
train_stop_function=0
cascade_output_change_fraction=0.010000
quickprop_decay=-0.000100
quickprop_mu=1.750000
rprop_increase_factor=1.200000
rprop_decrease_factor=0.500000
rprop_delta_min=0.000000
rprop_delta_max=50.000000
rprop_delta_zero=0.100000
cascade_output_stagnation_epochs=12
cascade_candidate_change_fraction=0.010000
cascade_candidate_stagnation_epochs=12
cascade_max_out_epochs=150
cascade_min_out_epochs=50
cascade_max_cand_epochs=150
cascade_min_cand_epochs=50
cascade_num_candidate_groups=2
bit_fail_limit=3.49999994039535522461e-01
cascade_candidate_limit=1.00000000000000000000e+03
cascade_weight_multiplier=4.00000005960464477539e-01
cascade_activation_functions_count=10
cascade_activation_functions=3 5 7 8 10 11 14 15 16 17 
cascade_activation_steepnesses_count=4
cascade_activation_steepnesses=2.50000000000000000000e-01 5.00000000000000000000e-01 7.50000000000000000000e-01 1.00000000000000000000e+00 
layer_sizes=18 3 3 2 
scale_included=0
neurons (num_inputs, activation_function, activation_steepness)=(0, 0, 0.00000000000000000000e+00) (0, 0, 0.00000000000000000000e+00) (0, 0, 0.00000000000000000000e+00) (0, 0, 0.00000000000000000000e+00) (0, 0, 0.00000000000000000000e+00) (0, 0, 0.00000000000000000000e+00) (0, 0, 0.00000000000000000000e+00) (0, 0, 0.00000000000000000000e+00) (0, 0, 0.00000000000000000000e+00) (0, 0, 0.00000000000000000000e+00) (0, 0, 0.00000000000000000000e+00) (0, 0, 0.00000000000000000000e+00) (0, 0, 0.00000000000000000000e+00) (0, 0, 0.00000000000000000000e+00) (0, 0, 0.00000000000000000000e+00) (0, 0, 0.00000000000000000000e+00) (0, 0, 0.00000000000000000000e+00) (0, 0, 0.00000000000000000000e+00) (18, 3, 5.00000000000000000000e-01) (18, 3, 5.00000000000000000000e-01) (0, 3, 0.00000000000000000000e+00) (3, 3, 5.00000000000000000000e-01) (3, 3, 5.00000000000000000000e-01) (0, 3, 0.00000000000000000000e+00) (3, 0, 5.00000000000000000000e-01) (0, 0, 0.00000000000000000000e+00) 
connections (connected_to_neuron, weight)=(0, 1.53710722923278808594e+00) (1, 1.38434040546417236328e+00) (2, 1.72732067108154296875e+00) (3, 1.52139902114868164062e+00) (4, 1.47915899753570556641e+00) (5, -1.24319756031036376953e+00) (6, -1.29839873313903808594e+00) (7, -1.38756573200225830078e+00) (8, 3.24810355901718139648e-01) (9, 1.91055822372436523438e+00) (10, 1.42441213130950927734e+00) (11, 1.41145908832550048828e+00) (12, 1.65495419502258300781e+00) (13, 1.26822686195373535156e+00) (14, 1.35622537136077880859e+00) (15, 1.96446204185485839844e+00) (16, 1.28897988796234130859e+00) (17, -3.90501785278320312500e+00) (0, 8.23990225791931152344e-01) (1, 9.08454895019531250000e-01) (2, 8.23427259922027587891e-01) (3, 8.29754471778869628906e-01) (4, 7.88066625595092773438e-01) (5, -9.30160582065582275391e-01) (6, -8.66723418235778808594e-01) (7, -9.19187664985656738281e-01) (8, 5.60040697455406188965e-02) (9, 5.80657303333282470703e-01) (10, 8.86669814586639404297e-01) (11, 9.26827073097229003906e-01) (12, 7.03161299228668212891e-01) (13, 8.58842313289642333984e-01) (14, 1.00303721427917480469e+00) (15, 5.21654665470123291016e-01) (16, 9.80265319347381591797e-01) (17, -4.41832590103149414062e+00) (18, 2.01297473907470703125e+00) (19, 2.33370614051818847656e+00) (20, -2.02929282188415527344e+00) (18, 1.19772279262542724609e+00) (19, 3.73796772956848144531e+00) (20, -2.38439226150512695312e+00) (21, 4.78375387191772460938e+00) (22, 8.80498600006103515625e+00) (23, 1.68627047538757324219e+00) 
