FANN_FLO_2.1
num_layers=3
learning_rate=0.500000
connection_rate=1.000000
network_type=0
learning_momentum=0.000000
training_algorithm=2
train_error_function=1
train_stop_function=0
cascade_output_change_fraction=0.010000
quickprop_decay=-0.000100
quickprop_mu=1.750000
rprop_increase_factor=1.200000
rprop_decrease_factor=0.500000
rprop_delta_min=0.000000
rprop_delta_max=50.000000
rprop_delta_zero=0.100000
cascade_output_stagnation_epochs=12
cascade_candidate_change_fraction=0.010000
cascade_candidate_stagnation_epochs=12
cascade_max_out_epochs=150
cascade_min_out_epochs=50
cascade_max_cand_epochs=150
cascade_min_cand_epochs=50
cascade_num_candidate_groups=2
bit_fail_limit=3.49999994039535522461e-01
cascade_candidate_limit=1.00000000000000000000e+03
cascade_weight_multiplier=4.00000005960464477539e-01
cascade_activation_functions_count=10
cascade_activation_functions=3 5 7 8 10 11 14 15 16 17 
cascade_activation_steepnesses_count=4
cascade_activation_steepnesses=2.50000000000000000000e-01 5.00000000000000000000e-01 7.50000000000000000000e-01 1.00000000000000000000e+00 
layer_sizes=10 3 2 
scale_included=0
neurons (num_inputs, activation_function, activation_steepness)=(0, 0, 0.00000000000000000000e+00) (0, 0, 0.00000000000000000000e+00) (0, 0, 0.00000000000000000000e+00) (0, 0, 0.00000000000000000000e+00) (0, 0, 0.00000000000000000000e+00) (0, 0, 0.00000000000000000000e+00) (0, 0, 0.00000000000000000000e+00) (0, 0, 0.00000000000000000000e+00) (0, 0, 0.00000000000000000000e+00) (0, 0, 0.00000000000000000000e+00) (10, 3, 5.00000000000000000000e-01) (10, 3, 5.00000000000000000000e-01) (0, 3, 0.00000000000000000000e+00) (3, 3, 5.00000000000000000000e-01) (0, 3, 0.00000000000000000000e+00) 
connections (connected_to_neuron, weight)=(0, 1.13269531726837158203e+00) (1, 1.13727235794067382812e+00) (2, 7.20301032066345214844e-01) (3, 1.59341669082641601562e+00) (4, 1.74760913848876953125e+00) (5, 1.09940433502197265625e+00) (6, 7.27250993251800537109e-01) (7, 1.10932552814483642578e+00) (8, 9.51337218284606933594e-01) (9, -3.53448820114135742188e+00) (0, 7.54134058952331542969e-01) (1, 8.39021980762481689453e-01) (2, 9.16794002056121826172e-01) (3, 4.58444386720657348633e-01) (4, 3.08823257684707641602e-01) (5, 8.19402277469635009766e-01) (6, 9.86317932605743408203e-01) (7, 9.16073799133300781250e-01) (8, 8.38923454284667968750e-01) (9, -4.35234403610229492188e+00) (10, 1.16237962245941162109e+00) (11, 1.81350576877593994141e+00) (12, -1.46465444564819335938e+00) 
