FANN_FLO_2.1
num_layers=4
learning_rate=0.500000
connection_rate=1.000000
network_type=0
learning_momentum=0.000000
training_algorithm=2
train_error_function=1
train_stop_function=0
cascade_output_change_fraction=0.010000
quickprop_decay=-0.000100
quickprop_mu=1.750000
rprop_increase_factor=1.200000
rprop_decrease_factor=0.500000
rprop_delta_min=0.000000
rprop_delta_max=50.000000
rprop_delta_zero=0.100000
cascade_output_stagnation_epochs=12
cascade_candidate_change_fraction=0.010000
cascade_candidate_stagnation_epochs=12
cascade_max_out_epochs=150
cascade_min_out_epochs=50
cascade_max_cand_epochs=150
cascade_min_cand_epochs=50
cascade_num_candidate_groups=2
bit_fail_limit=3.49999994039535522461e-01
cascade_candidate_limit=1.00000000000000000000e+03
cascade_weight_multiplier=4.00000005960464477539e-01
cascade_activation_functions_count=10
cascade_activation_functions=3 5 7 8 10 11 14 15 16 17 
cascade_activation_steepnesses_count=4
cascade_activation_steepnesses=2.50000000000000000000e-01 5.00000000000000000000e-01 7.50000000000000000000e-01 1.00000000000000000000e+00 
layer_sizes=4 5 3 2 
scale_included=0
neurons (num_inputs, activation_function, activation_steepness)=(0, 0, 0.00000000000000000000e+00) (0, 0, 0.00000000000000000000e+00) (0, 0, 0.00000000000000000000e+00) (0, 0, 0.00000000000000000000e+00) (4, 3, 5.00000000000000000000e-01) (4, 3, 5.00000000000000000000e-01) (4, 3, 5.00000000000000000000e-01) (4, 3, 5.00000000000000000000e-01) (0, 3, 0.00000000000000000000e+00) (5, 3, 5.00000000000000000000e-01) (5, 3, 5.00000000000000000000e-01) (0, 3, 0.00000000000000000000e+00) (3, 3, 5.00000000000000000000e-01) (0, 3, 0.00000000000000000000e+00) 
connections (connected_to_neuron, weight)=(0, -3.18089556694030761719e+00) (1, -6.80922269821166992188e+00) (2, 2.69192242622375488281e+00) (3, 1.45335137844085693359e+00) (0, -3.74337077140808105469e+00) (1, 4.34180974960327148438e+00) (2, -5.80684089660644531250e+00) (3, 1.52024948596954345703e+00) (0, -4.03562402725219726562e+00) (1, -6.70067012310028076172e-01) (2, -8.24367344379425048828e-01) (3, 1.44764757156372070312e+00) (0, -3.98106956481933593750e+00) (1, -4.31999206542968750000e+00) (2, 8.09589147567749023438e-01) (3, 2.50099849700927734375e+00) (4, 2.32429847717285156250e+01) (5, 1.13116292953491210938e+01) (6, 9.87707614898681640625e+00) (7, 5.96353197097778320312e+00) (8, -7.17839002609252929688e+00) (4, 1.47908997535705566406e+00) (5, -9.54836368560791015625e+00) (6, 4.99488890171051025391e-01) (7, 2.39044246673583984375e+01) (8, -2.28079366683959960938e+00) (9, -5.61638832092285156250e+00) (10, 7.49740958213806152344e-01) (11, 2.60111665725708007812e+00) 
