FANN_FLO_2.1
num_layers=4
learning_rate=0.300000
connection_rate=1.000000
network_type=0
learning_momentum=0.000000
training_algorithm=2
train_error_function=1
train_stop_function=0
cascade_output_change_fraction=0.010000
quickprop_decay=-0.000100
quickprop_mu=1.750000
rprop_increase_factor=1.200000
rprop_decrease_factor=0.500000
rprop_delta_min=0.000000
rprop_delta_max=50.000000
rprop_delta_zero=0.100000
cascade_output_stagnation_epochs=12
cascade_candidate_change_fraction=0.010000
cascade_candidate_stagnation_epochs=12
cascade_max_out_epochs=150
cascade_min_out_epochs=50
cascade_max_cand_epochs=150
cascade_min_cand_epochs=50
cascade_num_candidate_groups=2
bit_fail_limit=3.49999994039535522461e-01
cascade_candidate_limit=1.00000000000000000000e+03
cascade_weight_multiplier=4.00000005960464477539e-01
cascade_activation_functions_count=10
cascade_activation_functions=3 5 7 8 10 11 14 15 16 17 
cascade_activation_steepnesses_count=4
cascade_activation_steepnesses=2.50000000000000000000e-01 5.00000000000000000000e-01 7.50000000000000000000e-01 1.00000000000000000000e+00 
layer_sizes=2 5 5 3 
scale_included=0
neurons (num_inputs, activation_function, activation_steepness)=(0, 0, 0.00000000000000000000e+00) (0, 0, 0.00000000000000000000e+00) (2, 3, 5.00000000000000000000e-01) (2, 3, 5.00000000000000000000e-01) (2, 3, 5.00000000000000000000e-01) (2, 3, 5.00000000000000000000e-01) (0, 3, 0.00000000000000000000e+00) (5, 3, 5.00000000000000000000e-01) (5, 3, 5.00000000000000000000e-01) (5, 3, 5.00000000000000000000e-01) (5, 3, 5.00000000000000000000e-01) (0, 3, 0.00000000000000000000e+00) (5, 0, 5.00000000000000000000e-01) (5, 0, 5.00000000000000000000e-01) (0, 0, 0.00000000000000000000e+00) 
connections (connected_to_neuron, weight)=(0, -6.78356647491455078125e-01) (1, 2.15884342789649963379e-01) (0, 1.37329888343811035156e+00) (1, 2.02360248565673828125e+00) (0, 5.79667043685913085938e+00) (1, 1.66416168212890625000e-02) (0, 1.17317414283752441406e+00) (1, 2.83472865819931030273e-01) (2, 9.90981906652450561523e-02) (3, -2.60371351242065429688e+00) (4, 9.14537239074707031250e+00) (5, 1.57662916183471679688e+00) (6, 5.24723172187805175781e-01) (2, -2.73698806762695312500e-01) (3, -2.28859066963195800781e+00) (4, 3.33330798149108886719e+00) (5, 1.97903013229370117188e+00) (6, 1.00093938410282135010e-01) (2, 5.34965574741363525391e-01) (3, -5.70942282676696777344e-01) (4, -7.49115824699401855469e-01) (5, -8.97310316562652587891e-01) (6, 1.37786334380507469177e-02) (2, 1.19267392158508300781e+00) (3, -6.00078201293945312500e+00) (4, -3.35074890136718750000e+02) (5, -6.04387569427490234375e+00) (6, 4.53213274478912353516e-01) (7, -7.01869726181030273438e-02) (8, -2.38282442092895507812e-01) (9, 4.11436557769775390625e-01) (10, 2.47223496437072753906e-01) (11, -7.37501084804534912109e-02) (7, -4.23980057239532470703e-01) (8, -5.47239363193511962891e-01) (9, -7.82511472702026367188e-01) (10, -1.66542530059814453125e+00) (11, -5.05234301090240478516e-01) 
