FANN_FLO_2.1
num_layers=3
learning_rate=0.500000
connection_rate=1.000000
network_type=0
learning_momentum=0.000000
training_algorithm=2
train_error_function=1
train_stop_function=0
cascade_output_change_fraction=0.010000
quickprop_decay=-0.000100
quickprop_mu=1.750000
rprop_increase_factor=1.200000
rprop_decrease_factor=0.500000
rprop_delta_min=0.000000
rprop_delta_max=50.000000
rprop_delta_zero=0.100000
cascade_output_stagnation_epochs=12
cascade_candidate_change_fraction=0.010000
cascade_candidate_stagnation_epochs=12
cascade_max_out_epochs=150
cascade_min_out_epochs=50
cascade_max_cand_epochs=150
cascade_min_cand_epochs=50
cascade_num_candidate_groups=2
bit_fail_limit=3.49999994039535522461e-01
cascade_candidate_limit=1.00000000000000000000e+03
cascade_weight_multiplier=4.00000005960464477539e-01
cascade_activation_functions_count=10
cascade_activation_functions=3 5 7 8 10 11 14 15 16 17 
cascade_activation_steepnesses_count=4
cascade_activation_steepnesses=2.50000000000000000000e-01 5.00000000000000000000e-01 7.50000000000000000000e-01 1.00000000000000000000e+00 
layer_sizes=3 9 4 
scale_included=0
neurons (num_inputs, activation_function, activation_steepness)=(0, 0, 0.00000000000000000000e+00) (0, 0, 0.00000000000000000000e+00) (0, 0, 0.00000000000000000000e+00) (3, 3, 5.00000000000000000000e-01) (3, 3, 5.00000000000000000000e-01) (3, 3, 5.00000000000000000000e-01) (3, 3, 5.00000000000000000000e-01) (3, 3, 5.00000000000000000000e-01) (3, 3, 5.00000000000000000000e-01) (3, 3, 5.00000000000000000000e-01) (3, 3, 5.00000000000000000000e-01) (0, 3, 0.00000000000000000000e+00) (9, 0, 5.00000000000000000000e-01) (9, 0, 5.00000000000000000000e-01) (9, 0, 5.00000000000000000000e-01) (0, 0, 0.00000000000000000000e+00) 
connections (connected_to_neuron, weight)=(0, -7.58720684051513671875e+00) (1, 3.48071718215942382812e+00) (2, 4.93621110916137695312e+00) (0, -5.21740722656250000000e+00) (1, 3.69010329246520996094e+00) (2, 8.90546607971191406250e+00) (0, -1.43288600444793701172e+00) (1, -2.61745905876159667969e+00) (2, 2.73997694253921508789e-01) (0, -4.41276645660400390625e+00) (1, -2.22780108451843261719e+00) (2, 6.50424137711524963379e-02) (0, -6.21477508544921875000e+00) (1, 4.09726762771606445312e+00) (2, 9.00844955444335937500e+00) (0, -4.24677610397338867188e+00) (1, 1.51094779372215270996e-01) (2, 2.17017129063606262207e-01) (0, -8.28376579284667968750e+00) (1, 3.41009116172790527344e+00) (2, 8.84617865085601806641e-01) (0, -7.20246076583862304688e+00) (1, 5.48422813415527343750e+00) (2, 5.59182310104370117188e+00) (3, 1.33662745356559753418e-01) (4, 6.74777746200561523438e-01) (5, 1.63443875312805175781e+00) (6, 2.30630397796630859375e+00) (7, 6.84528768062591552734e-01) (8, 1.98886966705322265625e+00) (9, 1.66593980789184570312e+00) (10, 8.76142442226409912109e-01) (11, 5.91238260269165039062e-01) (3, 2.87994170188903808594e+00) (4, 2.59033751487731933594e+00) (5, 7.40002536773681640625e+00) (6, 4.87148332595825195312e+00) (7, 2.45643544197082519531e+00) (8, 5.94602298736572265625e+00) (9, 3.16471838951110839844e+00) (10, 2.90320777893066406250e+00) (11, 2.05456709861755371094e+00) (3, 9.66799640655517578125e+00) (4, 9.54334163665771484375e+00) (5, 2.53746337890625000000e+01) (6, 1.56119537353515625000e+01) (7, 9.58222770690917968750e+00) (8, 1.83350315093994140625e+01) (9, 9.46780300140380859375e+00) (10, 8.82721042633056640625e+00) (11, 9.56531810760498046875e+00) 
