FANN_FLO_2.1
num_layers=3
learning_rate=0.500000
connection_rate=1.000000
network_type=0
learning_momentum=0.000000
training_algorithm=2
train_error_function=1
train_stop_function=0
cascade_output_change_fraction=0.010000
quickprop_decay=-0.000100
quickprop_mu=1.750000
rprop_increase_factor=1.200000
rprop_decrease_factor=0.500000
rprop_delta_min=0.000000
rprop_delta_max=50.000000
rprop_delta_zero=0.100000
cascade_output_stagnation_epochs=12
cascade_candidate_change_fraction=0.010000
cascade_candidate_stagnation_epochs=12
cascade_max_out_epochs=150
cascade_min_out_epochs=50
cascade_max_cand_epochs=150
cascade_min_cand_epochs=50
cascade_num_candidate_groups=2
bit_fail_limit=3.49999994039535522461e-01
cascade_candidate_limit=1.00000000000000000000e+03
cascade_weight_multiplier=4.00000005960464477539e-01
cascade_activation_functions_count=10
cascade_activation_functions=3 5 7 8 10 11 14 15 16 17 
cascade_activation_steepnesses_count=4
cascade_activation_steepnesses=2.50000000000000000000e-01 5.00000000000000000000e-01 7.50000000000000000000e-01 1.00000000000000000000e+00 
layer_sizes=10 3 2 
scale_included=0
neurons (num_inputs, activation_function, activation_steepness)=(0, 0, 0.00000000000000000000e+00) (0, 0, 0.00000000000000000000e+00) (0, 0, 0.00000000000000000000e+00) (0, 0, 0.00000000000000000000e+00) (0, 0, 0.00000000000000000000e+00) (0, 0, 0.00000000000000000000e+00) (0, 0, 0.00000000000000000000e+00) (0, 0, 0.00000000000000000000e+00) (0, 0, 0.00000000000000000000e+00) (0, 0, 0.00000000000000000000e+00) (10, 3, 5.00000000000000000000e-01) (10, 3, 5.00000000000000000000e-01) (0, 3, 0.00000000000000000000e+00) (3, 3, 5.00000000000000000000e-01) (0, 3, 0.00000000000000000000e+00) 
connections (connected_to_neuron, weight)=(0, -6.03008031845092773438e-01) (1, -7.66183376312255859375e-01) (2, -3.05204838514328002930e-01) (3, -7.22730994224548339844e-01) (4, -6.25634193420410156250e-01) (5, -7.25853085517883300781e-01) (6, -6.83530807495117187500e-01) (7, -7.41947293281555175781e-01) (8, -6.98590457439422607422e-01) (9, 2.74677467346191406250e+00) (0, 7.40007638931274414062e-01) (1, 2.71268814802169799805e-01) (2, 1.82925879955291748047e+00) (3, 2.33022511005401611328e-01) (4, 4.81852054595947265625e-01) (5, 3.28147411346435546875e-01) (6, 4.27013218402862548828e-01) (7, 4.25830602645874023438e-01) (8, 3.22534710168838500977e-01) (9, -1.11221623420715332031e+00) (10, -2.48827815055847167969e+00) (11, 9.13617312908172607422e-01) (12, 3.99917781352996826172e-01) 
