FANN_FLO_2.1
num_layers=3
learning_rate=0.500000
connection_rate=1.000000
network_type=0
learning_momentum=0.000000
training_algorithm=2
train_error_function=1
train_stop_function=0
cascade_output_change_fraction=0.010000
quickprop_decay=-0.000100
quickprop_mu=1.750000
rprop_increase_factor=1.200000
rprop_decrease_factor=0.500000
rprop_delta_min=0.000000
rprop_delta_max=50.000000
rprop_delta_zero=0.100000
cascade_output_stagnation_epochs=12
cascade_candidate_change_fraction=0.010000
cascade_candidate_stagnation_epochs=12
cascade_max_out_epochs=150
cascade_min_out_epochs=50
cascade_max_cand_epochs=150
cascade_min_cand_epochs=50
cascade_num_candidate_groups=2
bit_fail_limit=3.49999994039535522461e-01
cascade_candidate_limit=1.00000000000000000000e+03
cascade_weight_multiplier=4.00000005960464477539e-01
cascade_activation_functions_count=10
cascade_activation_functions=3 5 7 8 10 11 14 15 16 17 
cascade_activation_steepnesses_count=4
cascade_activation_steepnesses=2.50000000000000000000e-01 5.00000000000000000000e-01 7.50000000000000000000e-01 1.00000000000000000000e+00 
layer_sizes=9 3 2 
scale_included=0
neurons (num_inputs, activation_function, activation_steepness)=(0, 0, 0.00000000000000000000e+00) (0, 0, 0.00000000000000000000e+00) (0, 0, 0.00000000000000000000e+00) (0, 0, 0.00000000000000000000e+00) (0, 0, 0.00000000000000000000e+00) (0, 0, 0.00000000000000000000e+00) (0, 0, 0.00000000000000000000e+00) (0, 0, 0.00000000000000000000e+00) (0, 0, 0.00000000000000000000e+00) (9, 3, 5.00000000000000000000e-01) (9, 3, 5.00000000000000000000e-01) (0, 3, 0.00000000000000000000e+00) (3, 0, 5.00000000000000000000e-01) (0, 0, 0.00000000000000000000e+00) 
connections (connected_to_neuron, weight)=(0, -9.88828316330909729004e-02) (1, -2.18340933322906494141e-01) (2, -1.89198091626167297363e-01) (3, -5.05044236779212951660e-02) (4, -8.67006108164787292480e-02) (5, -6.32608458399772644043e-02) (6, -6.95929601788520812988e-02) (7, -1.81526958942413330078e-01) (8, -7.30715319514274597168e-02) (0, 1.84955954551696777344e-01) (1, 7.59953558444976806641e-02) (2, 1.99622988700866699219e-01) (3, 4.94932606816291809082e-02) (4, 1.09321020543575286865e-01) (5, 1.73463582992553710938e-01) (6, 1.55304044485092163086e-01) (7, 1.17104515433311462402e-01) (8, 1.53455585241317749023e-01) (9, 6.66394382715225219727e-02) (10, 1.54292702674865722656e-01) (11, 7.36674517393112182617e-02) 
