FANN_FLO_2.1
num_layers=3
learning_rate=0.300000
connection_rate=1.000000
network_type=0
learning_momentum=0.000000
training_algorithm=2
train_error_function=1
train_stop_function=0
cascade_output_change_fraction=0.010000
quickprop_decay=-0.000100
quickprop_mu=1.750000
rprop_increase_factor=1.200000
rprop_decrease_factor=0.500000
rprop_delta_min=0.000000
rprop_delta_max=50.000000
rprop_delta_zero=0.100000
cascade_output_stagnation_epochs=12
cascade_candidate_change_fraction=0.010000
cascade_candidate_stagnation_epochs=12
cascade_max_out_epochs=150
cascade_min_out_epochs=50
cascade_max_cand_epochs=150
cascade_min_cand_epochs=50
cascade_num_candidate_groups=2
bit_fail_limit=3.49999994039535522461e-01
cascade_candidate_limit=1.00000000000000000000e+03
cascade_weight_multiplier=4.00000005960464477539e-01
cascade_activation_functions_count=10
cascade_activation_functions=3 5 7 8 10 11 14 15 16 17 
cascade_activation_steepnesses_count=4
cascade_activation_steepnesses=2.50000000000000000000e-01 5.00000000000000000000e-01 7.50000000000000000000e-01 1.00000000000000000000e+00 
layer_sizes=4 9 2 
scale_included=0
neurons (num_inputs, activation_function, activation_steepness)=(0, 0, 0.00000000000000000000e+00) (0, 0, 0.00000000000000000000e+00) (0, 0, 0.00000000000000000000e+00) (0, 0, 0.00000000000000000000e+00) (4, 3, 5.00000000000000000000e-01) (4, 3, 5.00000000000000000000e-01) (4, 3, 5.00000000000000000000e-01) (4, 3, 5.00000000000000000000e-01) (4, 3, 5.00000000000000000000e-01) (4, 3, 5.00000000000000000000e-01) (4, 3, 5.00000000000000000000e-01) (4, 3, 5.00000000000000000000e-01) (0, 3, 0.00000000000000000000e+00) (9, 3, 5.00000000000000000000e-01) (0, 3, 0.00000000000000000000e+00) 
connections (connected_to_neuron, weight)=(0, 1.15035042166709899902e-01) (1, 8.51821780204772949219e-01) (2, -3.56746268272399902344e+00) (3, 1.21579086780548095703e+00) (0, 1.95937491953372955322e-02) (1, 8.33308458328247070312e-01) (2, -3.37614679336547851562e+00) (3, 1.25726556777954101562e+00) (0, 1.04828201234340667725e-01) (1, 7.06875503063201904297e-01) (2, -2.76457047462463378906e+00) (3, 1.11270940303802490234e+00) (0, 8.73660221695899963379e-02) (1, -4.40440960228443145752e-02) (2, 3.12289059162139892578e-01) (3, -1.90580046176910400391e+00) (0, -1.26093909144401550293e-01) (1, 8.97572115063667297363e-02) (2, -1.26754295825958251953e+00) (3, 3.08499121665954589844e+00) (0, -1.38954803347587585449e-01) (1, 5.16206631436944007874e-03) (2, -1.33955419063568115234e-01) (3, 2.58885264396667480469e+00) (0, -2.82279491424560546875e-01) (1, 1.59600451588630676270e-01) (2, -3.78835648298263549805e-01) (3, 2.33714842796325683594e+00) (0, 4.49328601360321044922e-01) (1, -5.75591549277305603027e-02) (2, -3.25634539127349853516e-01) (3, -9.98072791844606399536e-04) (4, -1.61312639713287353516e-01) (5, -1.80117577314376831055e-01) (6, -1.37598112225532531738e-01) (7, 2.03360056877136230469e+00) (8, -1.00446689128875732422e+00) (9, -4.59206819534301757812e+00) (10, -7.98928439617156982422e-01) (11, 1.50883778929710388184e-01) (12, -7.23355263471603393555e-02) 
