FANN_FLO_2.1
num_layers=4
learning_rate=0.500000
connection_rate=1.000000
network_type=0
learning_momentum=0.000000
training_algorithm=2
train_error_function=1
train_stop_function=0
cascade_output_change_fraction=0.010000
quickprop_decay=-0.000100
quickprop_mu=1.750000
rprop_increase_factor=1.200000
rprop_decrease_factor=0.500000
rprop_delta_min=0.000000
rprop_delta_max=50.000000
rprop_delta_zero=0.100000
cascade_output_stagnation_epochs=12
cascade_candidate_change_fraction=0.010000
cascade_candidate_stagnation_epochs=12
cascade_max_out_epochs=150
cascade_min_out_epochs=50
cascade_max_cand_epochs=150
cascade_min_cand_epochs=50
cascade_num_candidate_groups=2
bit_fail_limit=3.49999994039535522461e-01
cascade_candidate_limit=1.00000000000000000000e+03
cascade_weight_multiplier=4.00000005960464477539e-01
cascade_activation_functions_count=10
cascade_activation_functions=3 5 7 8 10 11 14 15 16 17 
cascade_activation_steepnesses_count=4
cascade_activation_steepnesses=2.50000000000000000000e-01 5.00000000000000000000e-01 7.50000000000000000000e-01 1.00000000000000000000e+00 
layer_sizes=4 5 5 2 
scale_included=0
neurons (num_inputs, activation_function, activation_steepness)=(0, 0, 0.00000000000000000000e+00) (0, 0, 0.00000000000000000000e+00) (0, 0, 0.00000000000000000000e+00) (0, 0, 0.00000000000000000000e+00) (4, 3, 5.00000000000000000000e-01) (4, 3, 5.00000000000000000000e-01) (4, 3, 5.00000000000000000000e-01) (4, 3, 5.00000000000000000000e-01) (0, 3, 0.00000000000000000000e+00) (5, 3, 5.00000000000000000000e-01) (5, 3, 5.00000000000000000000e-01) (5, 3, 5.00000000000000000000e-01) (5, 3, 5.00000000000000000000e-01) (0, 3, 0.00000000000000000000e+00) (5, 3, 5.00000000000000000000e-01) (0, 3, 0.00000000000000000000e+00) 
connections (connected_to_neuron, weight)=(0, 4.09008836746215820312e+00) (1, -3.95002388954162597656e+00) (2, 6.23776626586914062500e+00) (3, -2.12235760688781738281e+00) (0, 5.10918426513671875000e+00) (1, -1.00071067810058593750e+01) (2, 1.22354354858398437500e+01) (3, -2.22797417640686035156e+00) (0, -7.40738821029663085938e+00) (1, -4.21427392959594726562e+00) (2, 2.57046556472778320312e+00) (3, 5.97887372970581054688e+00) (0, -2.79328250885009765625e+00) (1, -2.47704601287841796875e+01) (2, 8.29456043243408203125e+00) (3, 6.44863319396972656250e+00) (4, -2.17005538940429687500e+00) (5, -1.02338762283325195312e+01) (6, 1.04926767349243164062e+01) (7, 8.00792884826660156250e+00) (8, 1.18860089778900146484e+00) (4, -3.17976188659667968750e+00) (5, -1.36751880645751953125e+01) (6, 1.48380889892578125000e+01) (7, 9.03846073150634765625e+00) (8, 1.94242107868194580078e+00) (4, -2.90753316879272460938e+00) (5, -1.00126390457153320312e+01) (6, 1.10814552307128906250e+01) (7, 7.58740901947021484375e+00) (8, 1.35234320163726806641e+00) (4, -2.90530490875244140625e+00) (5, -1.38124065399169921875e+01) (6, 1.36976613998413085938e+01) (7, 1.10790605545043945312e+01) (8, 1.94876599311828613281e+00) (9, -4.95450407266616821289e-01) (10, -2.16826438903808593750e+00) (11, -7.49130785465240478516e-01) (12, -1.27927839756011962891e+00) (13, 2.39939141273498535156e+00) 
