FANN_FLO_2.1
num_layers=4
learning_rate=0.450000
connection_rate=1.000000
network_type=0
learning_momentum=0.000000
training_algorithm=2
train_error_function=1
train_stop_function=0
cascade_output_change_fraction=0.010000
quickprop_decay=-0.000100
quickprop_mu=1.750000
rprop_increase_factor=1.200000
rprop_decrease_factor=0.500000
rprop_delta_min=0.000000
rprop_delta_max=50.000000
rprop_delta_zero=0.100000
cascade_output_stagnation_epochs=12
cascade_candidate_change_fraction=0.010000
cascade_candidate_stagnation_epochs=12
cascade_max_out_epochs=150
cascade_min_out_epochs=50
cascade_max_cand_epochs=150
cascade_min_cand_epochs=50
cascade_num_candidate_groups=2
bit_fail_limit=3.49999994039535522461e-01
cascade_candidate_limit=1.00000000000000000000e+03
cascade_weight_multiplier=4.00000005960464477539e-01
cascade_activation_functions_count=10
cascade_activation_functions=3 5 7 8 10 11 14 15 16 17 
cascade_activation_steepnesses_count=4
cascade_activation_steepnesses=2.50000000000000000000e-01 5.00000000000000000000e-01 7.50000000000000000000e-01 1.00000000000000000000e+00 
layer_sizes=7 3 3 2 
scale_included=0
neurons (num_inputs, activation_function, activation_steepness)=(0, 0, 0.00000000000000000000e+00) (0, 0, 0.00000000000000000000e+00) (0, 0, 0.00000000000000000000e+00) (0, 0, 0.00000000000000000000e+00) (0, 0, 0.00000000000000000000e+00) (0, 0, 0.00000000000000000000e+00) (0, 0, 0.00000000000000000000e+00) (7, 3, 5.00000000000000000000e-01) (7, 3, 5.00000000000000000000e-01) (0, 3, 0.00000000000000000000e+00) (3, 3, 5.00000000000000000000e-01) (3, 3, 5.00000000000000000000e-01) (0, 3, 0.00000000000000000000e+00) (3, 0, 5.00000000000000000000e-01) (0, 0, 0.00000000000000000000e+00) 
connections (connected_to_neuron, weight)=(0, 6.48734867572784423828e-01) (1, 2.65501856803894042969e+00) (2, -7.26132678985595703125e+00) (3, 9.89627242088317871094e-01) (4, 1.10189552307128906250e+01) (5, -1.57641006469726562500e+02) (6, 2.54671569824218750000e+02) (0, -7.28160217285156250000e+02) (1, 3.85994476318359375000e+02) (2, 4.49475616455078125000e+02) (3, -5.55743408203125000000e+02) (4, 3.00868244171142578125e+01) (5, 3.43191284179687500000e+02) (6, 1.93881332874298095703e+00) (7, -1.25815570354461669922e+00) (8, -8.50000000000000000000e+02) (9, -1.33309602737426757812e+00) (7, -1.39019454956054687500e+02) (8, 2.29549255371093750000e+02) (9, -5.23274917602539062500e+01) (10, 1.17417469620704650879e-01) (11, -1.56655029296875000000e+02) (12, 2.02392088249325752258e-03) 
