FANN_FLO_2.1
num_layers=4
learning_rate=0.500000
connection_rate=1.000000
network_type=0
learning_momentum=0.000000
training_algorithm=2
train_error_function=1
train_stop_function=0
cascade_output_change_fraction=0.010000
quickprop_decay=-0.000100
quickprop_mu=1.750000
rprop_increase_factor=1.200000
rprop_decrease_factor=0.500000
rprop_delta_min=0.000000
rprop_delta_max=50.000000
rprop_delta_zero=0.100000
cascade_output_stagnation_epochs=12
cascade_candidate_change_fraction=0.010000
cascade_candidate_stagnation_epochs=12
cascade_max_out_epochs=150
cascade_min_out_epochs=50
cascade_max_cand_epochs=150
cascade_min_cand_epochs=50
cascade_num_candidate_groups=2
bit_fail_limit=3.49999994039535522461e-01
cascade_candidate_limit=1.00000000000000000000e+03
cascade_weight_multiplier=4.00000005960464477539e-01
cascade_activation_functions_count=10
cascade_activation_functions=3 5 7 8 10 11 14 15 16 17 
cascade_activation_steepnesses_count=4
cascade_activation_steepnesses=2.50000000000000000000e-01 5.00000000000000000000e-01 7.50000000000000000000e-01 1.00000000000000000000e+00 
layer_sizes=4 5 3 2 
scale_included=0
neurons (num_inputs, activation_function, activation_steepness)=(0, 0, 0.00000000000000000000e+00) (0, 0, 0.00000000000000000000e+00) (0, 0, 0.00000000000000000000e+00) (0, 0, 0.00000000000000000000e+00) (4, 3, 5.00000000000000000000e-01) (4, 3, 5.00000000000000000000e-01) (4, 3, 5.00000000000000000000e-01) (4, 3, 5.00000000000000000000e-01) (0, 3, 0.00000000000000000000e+00) (5, 3, 5.00000000000000000000e-01) (5, 3, 5.00000000000000000000e-01) (0, 3, 0.00000000000000000000e+00) (3, 3, 5.00000000000000000000e-01) (0, 3, 0.00000000000000000000e+00) 
connections (connected_to_neuron, weight)=(0, -4.78265428543090820312e+00) (1, -7.34226274490356445312e+00) (2, 1.66720342636108398438e+00) (3, 3.80700755119323730469e+00) (0, 3.88847780227661132812e+00) (1, 3.34022307395935058594e+00) (2, 1.41453647613525390625e+00) (3, -2.00341725349426269531e+00) (0, 3.17489886283874511719e+00) (1, 9.42346000671386718750e+00) (2, -3.62325167655944824219e+00) (3, -2.17597436904907226562e+00) (0, -5.01166725158691406250e+00) (1, 2.87223839759826660156e+00) (2, -4.10331535339355468750e+00) (3, 2.58046460151672363281e+00) (4, 1.56978101730346679688e+01) (5, -3.45703601837158203125e+00) (6, -4.50261354446411132812e+00) (7, 1.69730129241943359375e+01) (8, -7.43765011429786682129e-02) (4, 1.59534282684326171875e+01) (5, -3.61809444427490234375e+00) (6, -5.06009674072265625000e+00) (7, 1.98496532440185546875e+01) (8, -8.14470499753952026367e-02) (9, -2.42566156387329101562e+00) (10, -2.27193474769592285156e+00) (11, 2.42373633384704589844e+00) 
