FANN_FLO_2.1
num_layers=3
learning_rate=0.500000
connection_rate=1.000000
network_type=0
learning_momentum=0.000000
training_algorithm=2
train_error_function=1
train_stop_function=0
cascade_output_change_fraction=0.010000
quickprop_decay=-0.000100
quickprop_mu=1.750000
rprop_increase_factor=1.200000
rprop_decrease_factor=0.500000
rprop_delta_min=0.000000
rprop_delta_max=50.000000
rprop_delta_zero=0.100000
cascade_output_stagnation_epochs=12
cascade_candidate_change_fraction=0.010000
cascade_candidate_stagnation_epochs=12
cascade_max_out_epochs=150
cascade_min_out_epochs=50
cascade_max_cand_epochs=150
cascade_min_cand_epochs=50
cascade_num_candidate_groups=2
bit_fail_limit=3.49999994039535522461e-01
cascade_candidate_limit=1.00000000000000000000e+03
cascade_weight_multiplier=4.00000005960464477539e-01
cascade_activation_functions_count=10
cascade_activation_functions=3 5 7 8 10 11 14 15 16 17 
cascade_activation_steepnesses_count=4
cascade_activation_steepnesses=2.50000000000000000000e-01 5.00000000000000000000e-01 7.50000000000000000000e-01 1.00000000000000000000e+00 
layer_sizes=7 9 2 
scale_included=0
neurons (num_inputs, activation_function, activation_steepness)=(0, 0, 0.00000000000000000000e+00) (0, 0, 0.00000000000000000000e+00) (0, 0, 0.00000000000000000000e+00) (0, 0, 0.00000000000000000000e+00) (0, 0, 0.00000000000000000000e+00) (0, 0, 0.00000000000000000000e+00) (0, 0, 0.00000000000000000000e+00) (7, 3, 5.00000000000000000000e-01) (7, 3, 5.00000000000000000000e-01) (7, 3, 5.00000000000000000000e-01) (7, 3, 5.00000000000000000000e-01) (7, 3, 5.00000000000000000000e-01) (7, 3, 5.00000000000000000000e-01) (7, 3, 5.00000000000000000000e-01) (7, 3, 5.00000000000000000000e-01) (0, 3, 0.00000000000000000000e+00) (9, 0, 5.00000000000000000000e-01) (0, 0, 0.00000000000000000000e+00) 
connections (connected_to_neuron, weight)=(0, -1.84813737869262695312e-01) (1, -6.88119411468505859375e-01) (2, 9.06911909580230712891e-01) (3, -1.69007524847984313965e-01) (4, -4.03999000787734985352e-01) (5, 5.03196001052856445312e-01) (6, -1.56651461124420166016e+00) (0, -4.29999589920043945312e-01) (1, -2.51539206504821777344e+00) (2, 1.35754972696304321289e-01) (3, -7.98300564289093017578e-01) (4, -6.43760919570922851562e-01) (5, 6.79317188262939453125e+00) (6, 6.34745073318481445312e+00) (0, -2.11501336097717285156e+00) (1, -6.35356998443603515625e+00) (2, 5.23915231227874755859e-01) (3, 3.38904798030853271484e-01) (4, -2.69540220499038696289e-01) (5, 1.00188040733337402344e+00) (6, -2.54163682460784912109e-01) (0, -1.14283457398414611816e-01) (1, 1.18014030158519744873e-02) (2, 7.79015600681304931641e-01) (3, -1.46778002381324768066e-01) (4, -1.23535647988319396973e-01) (5, -3.95972847938537597656e-01) (6, -1.23012351989746093750e+00) (0, -1.36282420158386230469e+00) (1, -2.68948411941528320312e+00) (2, -8.16434621810913085938e-01) (3, -1.36106598377227783203e+00) (4, -1.91213631629943847656e+00) (5, 4.01077222824096679688e+00) (6, -2.66900348663330078125e+00) (0, -9.69833433628082275391e-01) (1, -2.05397529602050781250e+01) (2, 2.07199840545654296875e+01) (3, -1.84185934066772460938e+00) (4, -8.36072444915771484375e+00) (5, 4.63831949234008789062e+00) (6, -3.64720880985260009766e-01) (0, -1.65266668796539306641e+00) (1, -6.37761688232421875000e+01) (2, -2.90765594482421875000e+02) (3, -5.45841515064239501953e-01) (4, -1.13243551254272460938e+01) (5, -7.04844760894775390625e+00) (6, -7.36093521118164062500e-01) (0, -1.19652700424194335938e+00) (1, -8.27995586395263671875e+00) (2, -4.50956542968750000000e+02) (3, -5.99516443908214569092e-02) (4, -5.15477079898118972778e-03) (5, -2.02630062103271484375e+01) (6, -3.40334296226501464844e-01) (7, 9.65138018131256103516e-01) (8, -3.17730978131294250488e-02) (9, -1.18681936264038085938e+01) (10, -8.70774388313293457031e-02) (11, 1.27150993347167968750e+01) (12, -3.01900839805603027344e+00) (13, 1.50000000000000000000e+03) (14, -1.50000000000000000000e+03) (15, 1.96796040982007980347e-02) 
