FANN_FLO_2.1
num_layers=3
learning_rate=0.500000
connection_rate=1.000000
network_type=0
learning_momentum=0.000000
training_algorithm=2
train_error_function=1
train_stop_function=0
cascade_output_change_fraction=0.010000
quickprop_decay=-0.000100
quickprop_mu=1.750000
rprop_increase_factor=1.200000
rprop_decrease_factor=0.500000
rprop_delta_min=0.000000
rprop_delta_max=50.000000
rprop_delta_zero=0.100000
cascade_output_stagnation_epochs=12
cascade_candidate_change_fraction=0.010000
cascade_candidate_stagnation_epochs=12
cascade_max_out_epochs=150
cascade_min_out_epochs=50
cascade_max_cand_epochs=150
cascade_min_cand_epochs=50
cascade_num_candidate_groups=2
bit_fail_limit=3.49999994039535522461e-01
cascade_candidate_limit=1.00000000000000000000e+03
cascade_weight_multiplier=4.00000005960464477539e-01
cascade_activation_functions_count=10
cascade_activation_functions=3 5 7 8 10 11 14 15 16 17 
cascade_activation_steepnesses_count=4
cascade_activation_steepnesses=2.50000000000000000000e-01 5.00000000000000000000e-01 7.50000000000000000000e-01 1.00000000000000000000e+00 
layer_sizes=7 5 2 
scale_included=0
neurons (num_inputs, activation_function, activation_steepness)=(0, 0, 0.00000000000000000000e+00) (0, 0, 0.00000000000000000000e+00) (0, 0, 0.00000000000000000000e+00) (0, 0, 0.00000000000000000000e+00) (0, 0, 0.00000000000000000000e+00) (0, 0, 0.00000000000000000000e+00) (0, 0, 0.00000000000000000000e+00) (7, 3, 5.00000000000000000000e-01) (7, 3, 5.00000000000000000000e-01) (7, 3, 5.00000000000000000000e-01) (7, 3, 5.00000000000000000000e-01) (0, 3, 0.00000000000000000000e+00) (5, 0, 5.00000000000000000000e-01) (0, 0, 0.00000000000000000000e+00) 
connections (connected_to_neuron, weight)=(0, -1.34511739015579223633e-01) (1, 1.14980675280094146729e-01) (2, 2.52503640949726104736e-02) (3, -1.16902671754360198975e-01) (4, 7.00311884284019470215e-02) (5, 2.71212104707956314087e-02) (6, 2.81160652637481689453e-01) (0, -3.82145702838897705078e-01) (1, 3.08346122503280639648e-01) (2, -4.85242791473865509033e-02) (3, 2.64677941799163818359e-01) (4, -1.61308860778808593750e+00) (5, 7.98683762550354003906e-01) (6, -1.40359342098236083984e+00) (0, -4.23959016799926757812e-01) (1, -8.65530371665954589844e-01) (2, 1.07570385932922363281e+00) (3, 4.19693887233734130859e-01) (4, -2.19236183166503906250e+00) (5, -3.92949581146240234375e-01) (6, -5.06574749946594238281e-01) (0, -8.17180573940277099609e-01) (1, 2.62089824676513671875e+00) (2, -6.52120113372802734375e-01) (3, -2.29897575378417968750e+01) (4, -1.04533565044403076172e+00) (5, -1.21315889358520507812e+01) (6, -1.08648431301116943359e+00) (7, -4.77241128683090209961e-02) (8, 7.10760474205017089844e-01) (9, -1.39981937408447265625e+01) (10, -2.24702926635742187500e+02) (11, 2.51827575266361236572e-02) 
