FANN_FLO_2.1
num_layers=4
learning_rate=0.300000
connection_rate=1.000000
network_type=0
learning_momentum=0.000000
training_algorithm=2
train_error_function=1
train_stop_function=0
cascade_output_change_fraction=0.010000
quickprop_decay=-0.000100
quickprop_mu=1.750000
rprop_increase_factor=1.200000
rprop_decrease_factor=0.500000
rprop_delta_min=0.000000
rprop_delta_max=50.000000
rprop_delta_zero=0.100000
cascade_output_stagnation_epochs=12
cascade_candidate_change_fraction=0.010000
cascade_candidate_stagnation_epochs=12
cascade_max_out_epochs=150
cascade_min_out_epochs=50
cascade_max_cand_epochs=150
cascade_min_cand_epochs=50
cascade_num_candidate_groups=2
bit_fail_limit=3.49999994039535522461e-01
cascade_candidate_limit=1.00000000000000000000e+03
cascade_weight_multiplier=4.00000005960464477539e-01
cascade_activation_functions_count=10
cascade_activation_functions=3 5 7 8 10 11 14 15 16 17 
cascade_activation_steepnesses_count=4
cascade_activation_steepnesses=2.50000000000000000000e-01 5.00000000000000000000e-01 7.50000000000000000000e-01 1.00000000000000000000e+00 
layer_sizes=2 5 5 3 
scale_included=0
neurons (num_inputs, activation_function, activation_steepness)=(0, 0, 0.00000000000000000000e+00) (0, 0, 0.00000000000000000000e+00) (2, 3, 5.00000000000000000000e-01) (2, 3, 5.00000000000000000000e-01) (2, 3, 5.00000000000000000000e-01) (2, 3, 5.00000000000000000000e-01) (0, 3, 0.00000000000000000000e+00) (5, 3, 5.00000000000000000000e-01) (5, 3, 5.00000000000000000000e-01) (5, 3, 5.00000000000000000000e-01) (5, 3, 5.00000000000000000000e-01) (0, 3, 0.00000000000000000000e+00) (5, 0, 5.00000000000000000000e-01) (5, 0, 5.00000000000000000000e-01) (0, 0, 0.00000000000000000000e+00) 
connections (connected_to_neuron, weight)=(0, 5.53629398345947265625e-01) (1, 4.65837240219116210938e+00) (0, -5.33611221313476562500e+01) (1, -9.44997727870941162109e-01) (0, 2.34579133987426757812e+00) (1, 4.00935125350952148438e+00) (0, -8.02372646331787109375e+00) (1, -4.96832311153411865234e-01) (2, 2.50513762235641479492e-01) (3, 2.68319630622863769531e+00) (4, -4.26823705434799194336e-01) (5, 1.19382691383361816406e+00) (6, -8.47440183162689208984e-01) (2, 2.96289891004562377930e-01) (3, 4.33937847614288330078e-01) (4, 2.58137851953506469727e-01) (5, 4.17631447315216064453e-01) (6, -5.50438575446605682373e-02) (2, 5.51177978515625000000e-01) (3, 6.78433656692504882812e-01) (4, 5.70604741573333740234e-01) (5, 6.37029469013214111328e-01) (6, -1.46142661571502685547e+00) (2, 3.01832437515258789062e-01) (3, 1.18883953094482421875e+01) (4, 5.65621316432952880859e-01) (5, 1.13283026218414306641e+00) (6, -6.75064229965209960938e+00) (7, -4.98339757323265075684e-02) (8, -9.83600132167339324951e-03) (9, 1.06277160346508026123e-01) (10, 2.04992756247520446777e-01) (11, -2.33506143093109130859e-01) (7, -4.55595761537551879883e-01) (8, -4.82035309076309204102e-01) (9, -5.60754418373107910156e-01) (10, -5.64286947250366210938e-01) (11, -4.39350277185440063477e-01) 
