FANN_FLO_2.1
num_layers=4
learning_rate=0.500000
connection_rate=1.000000
network_type=0
learning_momentum=0.000000
training_algorithm=2
train_error_function=1
train_stop_function=0
cascade_output_change_fraction=0.010000
quickprop_decay=-0.000100
quickprop_mu=1.750000
rprop_increase_factor=1.200000
rprop_decrease_factor=0.500000
rprop_delta_min=0.000000
rprop_delta_max=50.000000
rprop_delta_zero=0.100000
cascade_output_stagnation_epochs=12
cascade_candidate_change_fraction=0.010000
cascade_candidate_stagnation_epochs=12
cascade_max_out_epochs=150
cascade_min_out_epochs=50
cascade_max_cand_epochs=150
cascade_min_cand_epochs=50
cascade_num_candidate_groups=2
bit_fail_limit=3.49999994039535522461e-01
cascade_candidate_limit=1.00000000000000000000e+03
cascade_weight_multiplier=4.00000005960464477539e-01
cascade_activation_functions_count=10
cascade_activation_functions=3 5 7 8 10 11 14 15 16 17 
cascade_activation_steepnesses_count=4
cascade_activation_steepnesses=2.50000000000000000000e-01 5.00000000000000000000e-01 7.50000000000000000000e-01 1.00000000000000000000e+00 
layer_sizes=4 5 5 2 
scale_included=0
neurons (num_inputs, activation_function, activation_steepness)=(0, 0, 0.00000000000000000000e+00) (0, 0, 0.00000000000000000000e+00) (0, 0, 0.00000000000000000000e+00) (0, 0, 0.00000000000000000000e+00) (4, 3, 5.00000000000000000000e-01) (4, 3, 5.00000000000000000000e-01) (4, 3, 5.00000000000000000000e-01) (4, 3, 5.00000000000000000000e-01) (0, 3, 0.00000000000000000000e+00) (5, 3, 5.00000000000000000000e-01) (5, 3, 5.00000000000000000000e-01) (5, 3, 5.00000000000000000000e-01) (5, 3, 5.00000000000000000000e-01) (0, 3, 0.00000000000000000000e+00) (5, 3, 5.00000000000000000000e-01) (0, 3, 0.00000000000000000000e+00) 
connections (connected_to_neuron, weight)=(0, -2.83160138130187988281e+00) (1, -4.63330307006835937500e+01) (2, 2.73030757904052734375e+01) (3, 3.52359032630920410156e+00) (0, -7.10590696334838867188e+00) (1, -9.42301559448242187500e+00) (2, -5.57554006576538085938e-01) (3, 7.13086414337158203125e+00) (0, -7.10820341110229492188e+00) (1, -9.25921821594238281250e+00) (2, -6.96368336677551269531e-01) (3, 7.17366313934326171875e+00) (0, -4.98926925659179687500e+00) (1, -4.41284561157226562500e+01) (2, 2.54918880462646484375e+01) (3, 3.27089762687683105469e+00) (4, 1.57002151012420654297e+00) (5, 1.06549816131591796875e+01) (6, 7.12193775177001953125e+00) (7, -5.76773166656494140625e+00) (8, -4.36502885818481445312e+00) (4, -1.37230102539062500000e+03) (5, 9.16070842742919921875e+00) (6, 7.73344469070434570312e+00) (7, -1.34307184219360351562e+01) (8, -3.57857894897460937500e+00) (4, 6.03178710937500000000e+02) (5, 7.29394578933715820312e+00) (6, 7.30036735534667968750e+00) (7, 2.80988349914550781250e+01) (8, -2.53574705123901367188e+00) (4, 7.79158353805541992188e-01) (5, 1.74169807434082031250e+01) (6, 1.67368202209472656250e+01) (7, -8.48775005340576171875e+00) (8, -8.13345527648925781250e+00) (9, -1.58025488257408142090e-01) (10, -1.35095804929733276367e-01) (11, 2.44222864508628845215e-01) (12, -4.16809368133544921875e+00) (13, 1.86281061172485351562e+00) 
