FANN_FLO_2.1
num_layers=3
learning_rate=0.400000
connection_rate=1.000000
network_type=0
learning_momentum=0.000000
training_algorithm=2
train_error_function=1
train_stop_function=0
cascade_output_change_fraction=0.010000
quickprop_decay=-0.000100
quickprop_mu=1.750000
rprop_increase_factor=1.200000
rprop_decrease_factor=0.500000
rprop_delta_min=0.000000
rprop_delta_max=50.000000
rprop_delta_zero=0.100000
cascade_output_stagnation_epochs=12
cascade_candidate_change_fraction=0.010000
cascade_candidate_stagnation_epochs=12
cascade_max_out_epochs=150
cascade_min_out_epochs=50
cascade_max_cand_epochs=150
cascade_min_cand_epochs=50
cascade_num_candidate_groups=2
bit_fail_limit=3.49999994039535522461e-01
cascade_candidate_limit=1.00000000000000000000e+03
cascade_weight_multiplier=4.00000005960464477539e-01
cascade_activation_functions_count=10
cascade_activation_functions=3 5 7 8 10 11 14 15 16 17 
cascade_activation_steepnesses_count=4
cascade_activation_steepnesses=2.50000000000000000000e-01 5.00000000000000000000e-01 7.50000000000000000000e-01 1.00000000000000000000e+00 
layer_sizes=10 3 2 
scale_included=0
neurons (num_inputs, activation_function, activation_steepness)=(0, 0, 0.00000000000000000000e+00) (0, 0, 0.00000000000000000000e+00) (0, 0, 0.00000000000000000000e+00) (0, 0, 0.00000000000000000000e+00) (0, 0, 0.00000000000000000000e+00) (0, 0, 0.00000000000000000000e+00) (0, 0, 0.00000000000000000000e+00) (0, 0, 0.00000000000000000000e+00) (0, 0, 0.00000000000000000000e+00) (0, 0, 0.00000000000000000000e+00) (10, 3, 5.00000000000000000000e-01) (10, 3, 5.00000000000000000000e-01) (0, 3, 0.00000000000000000000e+00) (3, 3, 5.00000000000000000000e-01) (0, 3, 0.00000000000000000000e+00) 
connections (connected_to_neuron, weight)=(0, -1.87301859259605407715e-01) (1, -5.74356839060783386230e-02) (2, -3.48794832825660705566e-02) (3, -1.45706817507743835449e-01) (4, -7.33355954289436340332e-02) (5, -7.15782865881919860840e-02) (6, -5.52166774868965148926e-02) (7, -1.50660365819931030273e-01) (8, -1.21732428669929504395e-01) (9, -1.90901219844818115234e-01) (0, -1.02001987397670745850e-01) (1, -4.44362089037895202637e-02) (2, -1.79842799901962280273e-01) (3, -1.06042049825191497803e-01) (4, -6.42506256699562072754e-02) (5, -1.02199532091617584229e-01) (6, -1.20163783431053161621e-01) (7, -1.48928493261337280273e-01) (8, -1.84039816260337829590e-01) (9, -1.83138355612754821777e-01) (10, -8.50280597805976867676e-02) (11, -6.32595792412757873535e-02) (12, -1.01510725915431976318e-01) 
