FANN_FLO_2.1
num_layers=3
learning_rate=0.450000
connection_rate=1.000000
network_type=0
learning_momentum=0.000000
training_algorithm=2
train_error_function=1
train_stop_function=0
cascade_output_change_fraction=0.010000
quickprop_decay=-0.000100
quickprop_mu=1.750000
rprop_increase_factor=1.200000
rprop_decrease_factor=0.500000
rprop_delta_min=0.000000
rprop_delta_max=50.000000
rprop_delta_zero=0.100000
cascade_output_stagnation_epochs=12
cascade_candidate_change_fraction=0.010000
cascade_candidate_stagnation_epochs=12
cascade_max_out_epochs=150
cascade_min_out_epochs=50
cascade_max_cand_epochs=150
cascade_min_cand_epochs=50
cascade_num_candidate_groups=2
bit_fail_limit=3.49999994039535522461e-01
cascade_candidate_limit=1.00000000000000000000e+03
cascade_weight_multiplier=4.00000005960464477539e-01
cascade_activation_functions_count=10
cascade_activation_functions=3 5 7 8 10 11 14 15 16 17 
cascade_activation_steepnesses_count=4
cascade_activation_steepnesses=2.50000000000000000000e-01 5.00000000000000000000e-01 7.50000000000000000000e-01 1.00000000000000000000e+00 
layer_sizes=7 5 2 
scale_included=0
neurons (num_inputs, activation_function, activation_steepness)=(0, 0, 0.00000000000000000000e+00) (0, 0, 0.00000000000000000000e+00) (0, 0, 0.00000000000000000000e+00) (0, 0, 0.00000000000000000000e+00) (0, 0, 0.00000000000000000000e+00) (0, 0, 0.00000000000000000000e+00) (0, 0, 0.00000000000000000000e+00) (7, 3, 5.00000000000000000000e-01) (7, 3, 5.00000000000000000000e-01) (7, 3, 5.00000000000000000000e-01) (7, 3, 5.00000000000000000000e-01) (0, 3, 0.00000000000000000000e+00) (5, 0, 5.00000000000000000000e-01) (0, 0, 0.00000000000000000000e+00) 
connections (connected_to_neuron, weight)=(0, -1.32807338237762451172e+00) (1, 3.97571660578250885010e-02) (2, -4.06243801116943359375e+00) (3, 4.92350244522094726562e+00) (4, 1.66292577981948852539e-01) (5, -7.18923110961914062500e+01) (6, 2.16546268463134765625e+01) (0, 6.51170158386230468750e+00) (1, 1.05044660568237304688e+01) (2, -3.02159843444824218750e+01) (3, -1.13341007232666015625e+01) (4, -9.42472338676452636719e-01) (5, 7.07527697086334228516e-01) (6, 3.31376463174819946289e-01) (0, 4.20438575744628906250e+01) (1, 2.44833007812500000000e+02) (2, -9.45866760253906250000e+02) (3, 1.86039009094238281250e+01) (4, 4.31928443908691406250e+00) (5, -1.50000000000000000000e+03) (6, 5.70161914825439453125e+00) (0, 8.45721244812011718750e-01) (1, 3.70242547988891601562e+00) (2, -1.08796228027343750000e+03) (3, -1.11639547348022460938e+00) (4, -2.65500307083129882812e+00) (5, -6.88947265625000000000e+02) (6, -1.59313187003135681152e-01) (7, 2.09496244788169860840e-01) (8, 9.52112853527069091797e-01) (9, -8.27393233776092529297e-01) (10, 6.81573271751403808594e-01) (11, -1.64426326751708984375e-01) 
