FANN_FLO_2.1
num_layers=3
learning_rate=0.500000
connection_rate=1.000000
network_type=0
learning_momentum=0.000000
training_algorithm=2
train_error_function=1
train_stop_function=0
cascade_output_change_fraction=0.010000
quickprop_decay=-0.000100
quickprop_mu=1.750000
rprop_increase_factor=1.200000
rprop_decrease_factor=0.500000
rprop_delta_min=0.000000
rprop_delta_max=50.000000
rprop_delta_zero=0.100000
cascade_output_stagnation_epochs=12
cascade_candidate_change_fraction=0.010000
cascade_candidate_stagnation_epochs=12
cascade_max_out_epochs=150
cascade_min_out_epochs=50
cascade_max_cand_epochs=150
cascade_min_cand_epochs=50
cascade_num_candidate_groups=2
bit_fail_limit=3.49999994039535522461e-01
cascade_candidate_limit=1.00000000000000000000e+03
cascade_weight_multiplier=4.00000005960464477539e-01
cascade_activation_functions_count=10
cascade_activation_functions=3 5 7 8 10 11 14 15 16 17 
cascade_activation_steepnesses_count=4
cascade_activation_steepnesses=2.50000000000000000000e-01 5.00000000000000000000e-01 7.50000000000000000000e-01 1.00000000000000000000e+00 
layer_sizes=3 5 4 
scale_included=0
neurons (num_inputs, activation_function, activation_steepness)=(0, 0, 0.00000000000000000000e+00) (0, 0, 0.00000000000000000000e+00) (0, 0, 0.00000000000000000000e+00) (3, 3, 5.00000000000000000000e-01) (3, 3, 5.00000000000000000000e-01) (3, 3, 5.00000000000000000000e-01) (3, 3, 5.00000000000000000000e-01) (0, 3, 0.00000000000000000000e+00) (5, 0, 5.00000000000000000000e-01) (5, 0, 5.00000000000000000000e-01) (5, 0, 5.00000000000000000000e-01) (0, 0, 0.00000000000000000000e+00) 
connections (connected_to_neuron, weight)=(0, -1.04961910247802734375e+01) (1, 5.93869161605834960938e+00) (2, 3.44223904609680175781e+00) (0, -2.74275665283203125000e+01) (1, -2.49362182617187500000e+01) (2, 4.69636917114257812500e+00) (0, -1.08288564682006835938e+01) (1, 9.53419303894042968750e+00) (2, 1.04398069381713867188e+01) (0, -2.51454019546508789062e+00) (1, -3.70466560125350952148e-01) (2, 6.85017168521881103516e-01) (3, 1.52515387535095214844e+00) (4, 2.07071232795715332031e+00) (5, 1.22769308090209960938e+00) (6, 4.22253799438476562500e+00) (7, 1.00652360916137695312e+00) (3, 5.32959556579589843750e+00) (4, 5.04615688323974609375e+00) (5, 4.57966089248657226562e+00) (6, 1.18811302185058593750e+01) (7, 4.14209365844726562500e+00) (3, 1.43495779037475585938e+01) (4, 1.67848033905029296875e+01) (5, 1.85057601928710937500e+01) (6, 3.73452682495117187500e+01) (7, 1.69686412811279296875e+01) 
