FANN_FLO_2.1
num_layers=3
learning_rate=0.500000
connection_rate=1.000000
network_type=0
learning_momentum=0.000000
training_algorithm=2
train_error_function=1
train_stop_function=0
cascade_output_change_fraction=0.010000
quickprop_decay=-0.000100
quickprop_mu=1.750000
rprop_increase_factor=1.200000
rprop_decrease_factor=0.500000
rprop_delta_min=0.000000
rprop_delta_max=50.000000
rprop_delta_zero=0.100000
cascade_output_stagnation_epochs=12
cascade_candidate_change_fraction=0.010000
cascade_candidate_stagnation_epochs=12
cascade_max_out_epochs=150
cascade_min_out_epochs=50
cascade_max_cand_epochs=150
cascade_min_cand_epochs=50
cascade_num_candidate_groups=2
bit_fail_limit=3.49999994039535522461e-01
cascade_candidate_limit=1.00000000000000000000e+03
cascade_weight_multiplier=4.00000005960464477539e-01
cascade_activation_functions_count=10
cascade_activation_functions=3 5 7 8 10 11 14 15 16 17 
cascade_activation_steepnesses_count=4
cascade_activation_steepnesses=2.50000000000000000000e-01 5.00000000000000000000e-01 7.50000000000000000000e-01 1.00000000000000000000e+00 
layer_sizes=7 9 2 
scale_included=0
neurons (num_inputs, activation_function, activation_steepness)=(0, 0, 0.00000000000000000000e+00) (0, 0, 0.00000000000000000000e+00) (0, 0, 0.00000000000000000000e+00) (0, 0, 0.00000000000000000000e+00) (0, 0, 0.00000000000000000000e+00) (0, 0, 0.00000000000000000000e+00) (0, 0, 0.00000000000000000000e+00) (7, 3, 5.00000000000000000000e-01) (7, 3, 5.00000000000000000000e-01) (7, 3, 5.00000000000000000000e-01) (7, 3, 5.00000000000000000000e-01) (7, 3, 5.00000000000000000000e-01) (7, 3, 5.00000000000000000000e-01) (7, 3, 5.00000000000000000000e-01) (7, 3, 5.00000000000000000000e-01) (0, 3, 0.00000000000000000000e+00) (9, 0, 5.00000000000000000000e-01) (0, 0, 0.00000000000000000000e+00) 
connections (connected_to_neuron, weight)=(0, -3.24481189250946044922e-01) (1, 2.39021509885787963867e-01) (2, 5.94558119773864746094e-01) (3, 4.19646911323070526123e-02) (4, -3.96228022873401641846e-02) (5, 5.88183641433715820312e-01) (6, 8.47065374255180358887e-02) (0, -6.13104705810546875000e+01) (1, -2.83990502357482910156e+00) (2, -5.33166465759277343750e+01) (3, -4.53695583343505859375e+00) (4, -2.98569393157958984375e+00) (5, -3.62323355674743652344e+00) (6, -2.69838500022888183594e+00) (0, -1.35581848144531250000e+02) (1, -8.67729067802429199219e-01) (2, 7.58732070922851562500e+01) (3, 1.79039943218231201172e+00) (4, -1.14486801624298095703e+00) (5, -5.24363946914672851562e+00) (6, -9.59054112434387207031e-01) (0, -2.82287464141845703125e+01) (1, -3.34670513868331909180e-01) (2, -1.06248138427734375000e+02) (3, -1.23322725296020507812e+00) (4, -6.22803568840026855469e-01) (5, -1.16752898693084716797e+00) (6, -2.42419004440307617188e-01) (0, -2.82822170257568359375e+01) (1, -4.03060972690582275391e-01) (2, -1.06176406860351562500e+02) (3, -1.10022354125976562500e+00) (4, -6.37268364429473876953e-01) (5, -1.14302062988281250000e+00) (6, -2.97627627849578857422e-01) (0, -1.18060359954833984375e+01) (1, -5.80669999122619628906e-01) (2, -4.45728111267089843750e+01) (3, -7.89204180240631103516e-01) (4, -7.15092360973358154297e-01) (5, -8.69205355644226074219e-01) (6, -3.18731784820556640625e-01) (0, -2.83608150482177734375e+01) (1, -5.13824164867401123047e-01) (2, -1.06248596191406250000e+02) (3, -1.18317794799804687500e+00) (4, -7.33578383922576904297e-01) (5, -1.22793340682983398438e+00) (6, -2.23548501729965209961e-01) (0, -1.06529327392578125000e+02) (1, -1.10816335678100585938e+00) (2, 1.15967453002929687500e+02) (3, -7.71634149551391601562e+00) (4, -1.40865898132324218750e+00) (5, -4.05110597610473632812e-01) (6, -9.83963847160339355469e-01) (7, -1.07945855706930160522e-02) (8, 1.50000000000000000000e+03) (9, -4.64320800781250000000e+02) (10, -1.50000000000000000000e+03) (11, -1.50000000000000000000e+03) (12, -1.50000000000000000000e+03) (13, -1.50000000000000000000e+03) (14, -1.50000000000000000000e+03) (15, 1.86270140111446380615e-02) 
