FANN_FLO_2.1
num_layers=3
learning_rate=0.300000
connection_rate=1.000000
network_type=0
learning_momentum=0.000000
training_algorithm=2
train_error_function=1
train_stop_function=0
cascade_output_change_fraction=0.010000
quickprop_decay=-0.000100
quickprop_mu=1.750000
rprop_increase_factor=1.200000
rprop_decrease_factor=0.500000
rprop_delta_min=0.000000
rprop_delta_max=50.000000
rprop_delta_zero=0.100000
cascade_output_stagnation_epochs=12
cascade_candidate_change_fraction=0.010000
cascade_candidate_stagnation_epochs=12
cascade_max_out_epochs=150
cascade_min_out_epochs=50
cascade_max_cand_epochs=150
cascade_min_cand_epochs=50
cascade_num_candidate_groups=2
bit_fail_limit=3.49999994039535522461e-01
cascade_candidate_limit=1.00000000000000000000e+03
cascade_weight_multiplier=4.00000005960464477539e-01
cascade_activation_functions_count=10
cascade_activation_functions=3 5 7 8 10 11 14 15 16 17 
cascade_activation_steepnesses_count=4
cascade_activation_steepnesses=2.50000000000000000000e-01 5.00000000000000000000e-01 7.50000000000000000000e-01 1.00000000000000000000e+00 
layer_sizes=4 9 2 
scale_included=0
neurons (num_inputs, activation_function, activation_steepness)=(0, 0, 0.00000000000000000000e+00) (0, 0, 0.00000000000000000000e+00) (0, 0, 0.00000000000000000000e+00) (0, 0, 0.00000000000000000000e+00) (4, 3, 5.00000000000000000000e-01) (4, 3, 5.00000000000000000000e-01) (4, 3, 5.00000000000000000000e-01) (4, 3, 5.00000000000000000000e-01) (4, 3, 5.00000000000000000000e-01) (4, 3, 5.00000000000000000000e-01) (4, 3, 5.00000000000000000000e-01) (4, 3, 5.00000000000000000000e-01) (0, 3, 0.00000000000000000000e+00) (9, 3, 5.00000000000000000000e-01) (0, 3, 0.00000000000000000000e+00) 
connections (connected_to_neuron, weight)=(0, -8.94722402095794677734e-01) (1, 1.33818161487579345703e+00) (2, -4.76238822937011718750e+00) (3, 9.61636304855346679688e-01) (0, -6.79987967014312744141e-01) (1, 1.14028561115264892578e+00) (2, -6.55018472671508789062e+00) (3, -1.28026914596557617188e+00) (0, -7.23336115479469299316e-02) (1, 1.48226991295814514160e-02) (2, -1.61067411303520202637e-01) (3, 9.53251361846923828125e-01) (0, -5.14884948730468750000e-01) (1, 1.41569566726684570312e+00) (2, -4.83110857009887695312e+00) (3, 1.66781294345855712891e+00) (0, -3.23734372854232788086e-01) (1, 1.21645323932170867920e-01) (2, -1.44405290484428405762e-01) (3, 2.88901066780090332031e+00) (0, -5.08122026920318603516e-01) (1, 3.56382757425308227539e-01) (2, -1.12776362895965576172e+00) (3, 3.58286261558532714844e+00) (0, 2.76022106409072875977e-01) (1, 1.02656161785125732422e+00) (2, -1.41271638870239257812e+01) (3, 2.54445880651473999023e-01) (0, 2.84022778272628784180e-01) (1, 1.39755057170987129211e-02) (2, -1.07475087046623229980e-01) (3, -2.62224960327148437500e+00) (4, -4.70202974975109100342e-02) (5, -1.72078963369131088257e-02) (6, -9.69779396057128906250e+00) (7, 2.57953051477670669556e-02) (8, -5.59853255748748779297e-01) (9, -1.24793894588947296143e-01) (10, -1.34127810597419738770e-01) (11, 1.64619779586791992188e+00) (12, 3.09858381748199462891e-01) 
