FANN_FLO_2.1
num_layers=3
learning_rate=0.500000
connection_rate=1.000000
network_type=0
learning_momentum=0.000000
training_algorithm=2
train_error_function=1
train_stop_function=0
cascade_output_change_fraction=0.010000
quickprop_decay=-0.000100
quickprop_mu=1.750000
rprop_increase_factor=1.200000
rprop_decrease_factor=0.500000
rprop_delta_min=0.000000
rprop_delta_max=50.000000
rprop_delta_zero=0.100000
cascade_output_stagnation_epochs=12
cascade_candidate_change_fraction=0.010000
cascade_candidate_stagnation_epochs=12
cascade_max_out_epochs=150
cascade_min_out_epochs=50
cascade_max_cand_epochs=150
cascade_min_cand_epochs=50
cascade_num_candidate_groups=2
bit_fail_limit=3.49999994039535522461e-01
cascade_candidate_limit=1.00000000000000000000e+03
cascade_weight_multiplier=4.00000005960464477539e-01
cascade_activation_functions_count=10
cascade_activation_functions=3 5 7 8 10 11 14 15 16 17 
cascade_activation_steepnesses_count=4
cascade_activation_steepnesses=2.50000000000000000000e-01 5.00000000000000000000e-01 7.50000000000000000000e-01 1.00000000000000000000e+00 
layer_sizes=3 9 4 
scale_included=0
neurons (num_inputs, activation_function, activation_steepness)=(0, 0, 0.00000000000000000000e+00) (0, 0, 0.00000000000000000000e+00) (0, 0, 0.00000000000000000000e+00) (3, 3, 5.00000000000000000000e-01) (3, 3, 5.00000000000000000000e-01) (3, 3, 5.00000000000000000000e-01) (3, 3, 5.00000000000000000000e-01) (3, 3, 5.00000000000000000000e-01) (3, 3, 5.00000000000000000000e-01) (3, 3, 5.00000000000000000000e-01) (3, 3, 5.00000000000000000000e-01) (0, 3, 0.00000000000000000000e+00) (9, 0, 5.00000000000000000000e-01) (9, 0, 5.00000000000000000000e-01) (9, 0, 5.00000000000000000000e-01) (0, 0, 0.00000000000000000000e+00) 
connections (connected_to_neuron, weight)=(0, -3.52932500839233398438e+00) (1, 2.25135803222656250000e+00) (2, 6.50567531585693359375e+00) (0, -6.30715799331665039062e+00) (1, 4.65345144271850585938e+00) (2, 4.84009265899658203125e+00) (0, -4.50357723236083984375e+00) (1, 2.86475729942321777344e+00) (2, 1.05497241020202636719e+00) (0, -4.51757860183715820312e+00) (1, 5.41064977645874023438e+00) (2, 4.40584230422973632812e+00) (0, -1.32834472656250000000e+01) (1, -4.22543449401855468750e+01) (2, 9.44837951660156250000e+00) (0, -2.78312849998474121094e+00) (1, -3.39518070220947265625e+00) (2, 7.08162665367126464844e-01) (0, -3.35526943206787109375e+00) (1, 5.71584463119506835938e-01) (2, 5.14914035797119140625e-01) (0, -3.64721918106079101562e+00) (1, -1.57239627838134765625e+00) (2, 1.05080938339233398438e+00) (3, 6.13598167896270751953e-01) (4, 8.32832008600234985352e-02) (5, 1.47957539558410644531e+00) (6, 7.59450793266296386719e-01) (7, 1.23270416259765625000e+00) (8, 1.86980533599853515625e+00) (9, 2.89944219589233398438e+00) (10, 1.49869310855865478516e+00) (11, 5.14808535575866699219e-01) (3, 2.25909566879272460938e+00) (4, 3.04775977134704589844e+00) (5, 3.55525565147399902344e+00) (6, 2.62799239158630371094e+00) (7, 2.29542255401611328125e+00) (8, 5.61966276168823242188e+00) (9, 6.75723505020141601562e+00) (10, 5.07738208770751953125e+00) (11, 2.11663579940795898438e+00) (3, 9.64587688446044921875e+00) (4, 9.65012168884277343750e+00) (5, 1.03522109985351562500e+01) (6, 9.55339717864990234375e+00) (7, 7.22914028167724609375e+00) (8, 1.77123470306396484375e+01) (9, 2.11930961608886718750e+01) (10, 1.66804637908935546875e+01) (11, 9.61841869354248046875e+00) 
