FANN_FLO_2.1
num_layers=4
learning_rate=0.500000
connection_rate=1.000000
network_type=0
learning_momentum=0.000000
training_algorithm=2
train_error_function=1
train_stop_function=0
cascade_output_change_fraction=0.010000
quickprop_decay=-0.000100
quickprop_mu=1.750000
rprop_increase_factor=1.200000
rprop_decrease_factor=0.500000
rprop_delta_min=0.000000
rprop_delta_max=50.000000
rprop_delta_zero=0.100000
cascade_output_stagnation_epochs=12
cascade_candidate_change_fraction=0.010000
cascade_candidate_stagnation_epochs=12
cascade_max_out_epochs=150
cascade_min_out_epochs=50
cascade_max_cand_epochs=150
cascade_min_cand_epochs=50
cascade_num_candidate_groups=2
bit_fail_limit=3.49999994039535522461e-01
cascade_candidate_limit=1.00000000000000000000e+03
cascade_weight_multiplier=4.00000005960464477539e-01
cascade_activation_functions_count=10
cascade_activation_functions=3 5 7 8 10 11 14 15 16 17 
cascade_activation_steepnesses_count=4
cascade_activation_steepnesses=2.50000000000000000000e-01 5.00000000000000000000e-01 7.50000000000000000000e-01 1.00000000000000000000e+00 
layer_sizes=4 5 5 2 
scale_included=0
neurons (num_inputs, activation_function, activation_steepness)=(0, 0, 0.00000000000000000000e+00) (0, 0, 0.00000000000000000000e+00) (0, 0, 0.00000000000000000000e+00) (0, 0, 0.00000000000000000000e+00) (4, 3, 5.00000000000000000000e-01) (4, 3, 5.00000000000000000000e-01) (4, 3, 5.00000000000000000000e-01) (4, 3, 5.00000000000000000000e-01) (0, 3, 0.00000000000000000000e+00) (5, 3, 5.00000000000000000000e-01) (5, 3, 5.00000000000000000000e-01) (5, 3, 5.00000000000000000000e-01) (5, 3, 5.00000000000000000000e-01) (0, 3, 0.00000000000000000000e+00) (5, 3, 5.00000000000000000000e-01) (0, 3, 0.00000000000000000000e+00) 
connections (connected_to_neuron, weight)=(0, -3.94754552841186523438e+00) (1, 2.08680868148803710938e+00) (2, -3.37681007385253906250e+00) (3, 1.44737994670867919922e+00) (0, -4.00439596176147460938e+00) (1, 2.33567452430725097656e+00) (2, -3.88409996032714843750e+00) (3, 2.36054587364196777344e+00) (0, -1.53595662117004394531e+00) (1, -2.18817729949951171875e+01) (2, 7.98427200317382812500e+00) (3, 3.25204873085021972656e+00) (0, -4.40624618530273437500e+00) (1, -4.65651416778564453125e+00) (2, -1.50231897830963134766e+00) (3, 3.61368680000305175781e+00) (4, 1.49053335189819335938e+01) (5, 7.09359836578369140625e+00) (6, 5.42252635955810546875e+00) (7, 1.23404483795166015625e+01) (8, -7.42227649688720703125e+00) (4, -4.72574520111083984375e+00) (5, -1.25432193279266357422e+00) (6, -1.23911201953887939453e+00) (7, -3.13977742195129394531e+00) (8, 3.56029272079467773438e-01) (4, -4.73219537734985351562e+00) (5, -1.93408203125000000000e+00) (6, -1.43705070018768310547e+00) (7, -1.85475683212280273438e+00) (8, 4.92482423782348632812e-01) (4, 8.46914386749267578125e+00) (5, 1.07782659530639648438e+01) (6, 4.93153333663940429688e+00) (7, 1.24315834045410156250e+01) (8, -7.38568305969238281250e+00) (9, -6.89307332038879394531e-01) (10, 1.30566805601119995117e-01) (11, -2.56961762905120849609e-01) (12, -4.04762983322143554688e+00) (13, 2.49708724021911621094e+00) 
