FANN_FLO_2.1
num_layers=4
learning_rate=0.500000
connection_rate=1.000000
network_type=0
learning_momentum=0.000000
training_algorithm=2
train_error_function=1
train_stop_function=0
cascade_output_change_fraction=0.010000
quickprop_decay=-0.000100
quickprop_mu=1.750000
rprop_increase_factor=1.200000
rprop_decrease_factor=0.500000
rprop_delta_min=0.000000
rprop_delta_max=50.000000
rprop_delta_zero=0.100000
cascade_output_stagnation_epochs=12
cascade_candidate_change_fraction=0.010000
cascade_candidate_stagnation_epochs=12
cascade_max_out_epochs=150
cascade_min_out_epochs=50
cascade_max_cand_epochs=150
cascade_min_cand_epochs=50
cascade_num_candidate_groups=2
bit_fail_limit=3.49999994039535522461e-01
cascade_candidate_limit=1.00000000000000000000e+03
cascade_weight_multiplier=4.00000005960464477539e-01
cascade_activation_functions_count=10
cascade_activation_functions=3 5 7 8 10 11 14 15 16 17 
cascade_activation_steepnesses_count=4
cascade_activation_steepnesses=2.50000000000000000000e-01 5.00000000000000000000e-01 7.50000000000000000000e-01 1.00000000000000000000e+00 
layer_sizes=4 5 5 2 
scale_included=0
neurons (num_inputs, activation_function, activation_steepness)=(0, 0, 0.00000000000000000000e+00) (0, 0, 0.00000000000000000000e+00) (0, 0, 0.00000000000000000000e+00) (0, 0, 0.00000000000000000000e+00) (4, 3, 5.00000000000000000000e-01) (4, 3, 5.00000000000000000000e-01) (4, 3, 5.00000000000000000000e-01) (4, 3, 5.00000000000000000000e-01) (0, 3, 0.00000000000000000000e+00) (5, 3, 5.00000000000000000000e-01) (5, 3, 5.00000000000000000000e-01) (5, 3, 5.00000000000000000000e-01) (5, 3, 5.00000000000000000000e-01) (0, 3, 0.00000000000000000000e+00) (5, 3, 5.00000000000000000000e-01) (0, 3, 0.00000000000000000000e+00) 
connections (connected_to_neuron, weight)=(0, 2.95576047897338867188e+00) (1, 9.08548235893249511719e-01) (2, 4.89417463541030883789e-01) (3, -2.87879276275634765625e+00) (0, 3.34618330001831054688e+00) (1, 1.68487513065338134766e+00) (2, 8.58997583389282226562e-01) (3, -3.71865987777709960938e+00) (0, 3.54029798507690429688e+00) (1, 5.41632318496704101562e+00) (2, -4.75587993860244750977e-01) (3, -3.94812154769897460938e+00) (0, 3.29007029533386230469e+00) (1, -1.05322182178497314453e+00) (2, 8.28083515167236328125e-01) (3, -2.85239386558532714844e+00) (4, -4.73995685577392578125e-01) (5, -1.37842214107513427734e+00) (6, -1.58240854740142822266e+00) (7, -5.84669232368469238281e-01) (8, 4.83168005943298339844e-01) (4, -9.57029521465301513672e-01) (5, -1.15422701835632324219e+00) (6, -1.73422336578369140625e+00) (7, -9.56214725971221923828e-01) (8, 1.37000954151153564453e+00) (4, -1.00308334827423095703e+00) (5, -1.22697663307189941406e+00) (6, -1.61215353012084960938e+00) (7, -9.55040037631988525391e-01) (8, 1.35202109813690185547e+00) (4, -8.17966639995574951172e-01) (5, -1.33484613895416259766e+00) (6, -1.66646671295166015625e+00) (7, -9.22162771224975585938e-01) (8, 1.30478894710540771484e+00) (9, -1.48763537406921386719e+00) (10, -3.98268580436706542969e+00) (11, -4.33865976333618164062e+00) (12, -3.89181685447692871094e+00) (13, 4.50802755355834960938e+00) 
