FANN_FLO_2.1
num_layers=3
learning_rate=0.400000
connection_rate=1.000000
network_type=0
learning_momentum=0.000000
training_algorithm=2
train_error_function=1
train_stop_function=0
cascade_output_change_fraction=0.010000
quickprop_decay=-0.000100
quickprop_mu=1.750000
rprop_increase_factor=1.200000
rprop_decrease_factor=0.500000
rprop_delta_min=0.000000
rprop_delta_max=50.000000
rprop_delta_zero=0.100000
cascade_output_stagnation_epochs=12
cascade_candidate_change_fraction=0.010000
cascade_candidate_stagnation_epochs=12
cascade_max_out_epochs=150
cascade_min_out_epochs=50
cascade_max_cand_epochs=150
cascade_min_cand_epochs=50
cascade_num_candidate_groups=2
bit_fail_limit=3.49999994039535522461e-01
cascade_candidate_limit=1.00000000000000000000e+03
cascade_weight_multiplier=4.00000005960464477539e-01
cascade_activation_functions_count=10
cascade_activation_functions=3 5 7 8 10 11 14 15 16 17 
cascade_activation_steepnesses_count=4
cascade_activation_steepnesses=2.50000000000000000000e-01 5.00000000000000000000e-01 7.50000000000000000000e-01 1.00000000000000000000e+00 
layer_sizes=6 5 2 
scale_included=0
neurons (num_inputs, activation_function, activation_steepness)=(0, 0, 0.00000000000000000000e+00) (0, 0, 0.00000000000000000000e+00) (0, 0, 0.00000000000000000000e+00) (0, 0, 0.00000000000000000000e+00) (0, 0, 0.00000000000000000000e+00) (0, 0, 0.00000000000000000000e+00) (6, 3, 5.00000000000000000000e-01) (6, 3, 5.00000000000000000000e-01) (6, 3, 5.00000000000000000000e-01) (6, 3, 5.00000000000000000000e-01) (0, 3, 0.00000000000000000000e+00) (5, 0, 5.00000000000000000000e-01) (0, 0, 0.00000000000000000000e+00) 
connections (connected_to_neuron, weight)=(0, -1.50000000000000000000e+03) (1, -1.50000000000000000000e+03) (2, 1.60114852905273437500e+02) (3, 1.00879383087158203125e+00) (4, 1.67505824565887451172e+00) (5, -1.26929025650024414062e+01) (0, -1.50000000000000000000e+03) (1, -1.50000000000000000000e+03) (2, 1.57471832275390625000e+02) (3, 1.52440413832664489746e-01) (4, 7.32635378837585449219e-01) (5, -1.12502794265747070312e+01) (0, -1.50000000000000000000e+03) (1, -1.50000000000000000000e+03) (2, 1.60107101440429687500e+02) (3, 9.52628493309020996094e-01) (4, 1.50945818424224853516e+00) (5, -1.27027025222778320312e+01) (0, -1.50000000000000000000e+03) (1, -1.50000000000000000000e+03) (2, 2.85818367004394531250e+01) (3, -3.58779859542846679688e+00) (4, 6.72791137695312500000e+01) (5, -7.82839775085449218750e+00) (6, 2.70814743041992187500e+01) (7, 2.40666313171386718750e+01) (8, 2.49807090759277343750e+01) (9, 5.48937187194824218750e+01) (10, 8.77790391445159912109e-01) 
