FANN_FLO_2.1
num_layers=3
learning_rate=0.400000
connection_rate=1.000000
network_type=0
learning_momentum=0.000000
training_algorithm=2
train_error_function=1
train_stop_function=0
cascade_output_change_fraction=0.010000
quickprop_decay=-0.000100
quickprop_mu=1.750000
rprop_increase_factor=1.200000
rprop_decrease_factor=0.500000
rprop_delta_min=0.000000
rprop_delta_max=50.000000
rprop_delta_zero=0.100000
cascade_output_stagnation_epochs=12
cascade_candidate_change_fraction=0.010000
cascade_candidate_stagnation_epochs=12
cascade_max_out_epochs=150
cascade_min_out_epochs=50
cascade_max_cand_epochs=150
cascade_min_cand_epochs=50
cascade_num_candidate_groups=2
bit_fail_limit=3.49999994039535522461e-01
cascade_candidate_limit=1.00000000000000000000e+03
cascade_weight_multiplier=4.00000005960464477539e-01
cascade_activation_functions_count=10
cascade_activation_functions=3 5 7 8 10 11 14 15 16 17 
cascade_activation_steepnesses_count=4
cascade_activation_steepnesses=2.50000000000000000000e-01 5.00000000000000000000e-01 7.50000000000000000000e-01 1.00000000000000000000e+00 
layer_sizes=10 3 2 
scale_included=0
neurons (num_inputs, activation_function, activation_steepness)=(0, 0, 0.00000000000000000000e+00) (0, 0, 0.00000000000000000000e+00) (0, 0, 0.00000000000000000000e+00) (0, 0, 0.00000000000000000000e+00) (0, 0, 0.00000000000000000000e+00) (0, 0, 0.00000000000000000000e+00) (0, 0, 0.00000000000000000000e+00) (0, 0, 0.00000000000000000000e+00) (0, 0, 0.00000000000000000000e+00) (0, 0, 0.00000000000000000000e+00) (10, 3, 5.00000000000000000000e-01) (10, 3, 5.00000000000000000000e-01) (0, 3, 0.00000000000000000000e+00) (3, 3, 5.00000000000000000000e-01) (0, 3, 0.00000000000000000000e+00) 
connections (connected_to_neuron, weight)=(0, 4.89662587642669677734e-02) (1, 4.72355186939239501953e-02) (2, 9.13012549281120300293e-02) (3, 2.28655189275741577148e-02) (4, 3.40832918882369995117e-02) (5, 7.28380978107452392578e-02) (6, 1.64419472217559814453e-01) (7, 1.80650830268859863281e-01) (8, 1.46339714527130126953e-01) (9, 1.01121619343757629395e-01) (0, 1.31019398570060729980e-01) (1, 1.75901859998703002930e-01) (2, 5.82152791321277618408e-02) (3, 2.13403701782226562500e-02) (4, 5.06164953112602233887e-02) (5, 1.45665496587753295898e-01) (6, 1.65164351463317871094e-01) (7, 1.36879578232765197754e-01) (8, 9.21525508165359497070e-02) (9, 1.81391060352325439453e-01) (10, -1.84471234679222106934e-01) (11, -1.48738622665405273438e-01) (12, -8.23249593377113342285e-02) 
