FANN_FLO_2.1
num_layers=4
learning_rate=0.450000
connection_rate=1.000000
network_type=0
learning_momentum=0.000000
training_algorithm=2
train_error_function=1
train_stop_function=0
cascade_output_change_fraction=0.010000
quickprop_decay=-0.000100
quickprop_mu=1.750000
rprop_increase_factor=1.200000
rprop_decrease_factor=0.500000
rprop_delta_min=0.000000
rprop_delta_max=50.000000
rprop_delta_zero=0.100000
cascade_output_stagnation_epochs=12
cascade_candidate_change_fraction=0.010000
cascade_candidate_stagnation_epochs=12
cascade_max_out_epochs=150
cascade_min_out_epochs=50
cascade_max_cand_epochs=150
cascade_min_cand_epochs=50
cascade_num_candidate_groups=2
bit_fail_limit=3.49999994039535522461e-01
cascade_candidate_limit=1.00000000000000000000e+03
cascade_weight_multiplier=4.00000005960464477539e-01
cascade_activation_functions_count=10
cascade_activation_functions=3 5 7 8 10 11 14 15 16 17 
cascade_activation_steepnesses_count=4
cascade_activation_steepnesses=2.50000000000000000000e-01 5.00000000000000000000e-01 7.50000000000000000000e-01 1.00000000000000000000e+00 
layer_sizes=7 5 3 2 
scale_included=0
neurons (num_inputs, activation_function, activation_steepness)=(0, 0, 0.00000000000000000000e+00) (0, 0, 0.00000000000000000000e+00) (0, 0, 0.00000000000000000000e+00) (0, 0, 0.00000000000000000000e+00) (0, 0, 0.00000000000000000000e+00) (0, 0, 0.00000000000000000000e+00) (0, 0, 0.00000000000000000000e+00) (7, 3, 5.00000000000000000000e-01) (7, 3, 5.00000000000000000000e-01) (7, 3, 5.00000000000000000000e-01) (7, 3, 5.00000000000000000000e-01) (0, 3, 0.00000000000000000000e+00) (5, 3, 5.00000000000000000000e-01) (5, 3, 5.00000000000000000000e-01) (0, 3, 0.00000000000000000000e+00) (3, 0, 5.00000000000000000000e-01) (0, 0, 0.00000000000000000000e+00) 
connections (connected_to_neuron, weight)=(0, 1.11013185977935791016e+00) (1, 2.63139986991882324219e+00) (2, 1.20362484455108642578e+00) (3, 5.60313463211059570312e-02) (4, 4.79601621627807617188e+00) (5, 1.77390045166015625000e+02) (6, 1.99585711956024169922e+00) (0, -5.74318933486938476562e+00) (1, -1.61579847335815429688e+00) (2, -1.48314956665039062500e+02) (3, -3.67865943908691406250e+01) (4, 6.45748376846313476562e+00) (5, 1.68433654785156250000e+02) (6, 2.12142014503479003906e+00) (0, 1.61079555749893188477e-01) (1, 8.86121213436126708984e-01) (2, -1.11186003684997558594e+00) (3, 5.70984840393066406250e-01) (4, 9.02808368206024169922e-01) (5, -1.34990501403808593750e+00) (6, 4.99574452638626098633e-01) (0, -2.96067571640014648438e+00) (1, 5.00877737998962402344e-01) (2, 1.01776237487792968750e+01) (3, -2.27711868286132812500e+00) (4, -1.28209292888641357422e+00) (5, 3.16093254089355468750e+00) (6, 7.79492616653442382812e-01) (7, 1.05974479675292968750e+02) (8, -8.95153198242187500000e+01) (9, -1.61014728546142578125e+01) (10, -9.78899536132812500000e+01) (11, -7.11409747600555419922e-01) (7, -1.98539810180664062500e+01) (8, -7.12206840515136718750e-01) (9, -9.99534416198730468750e+00) (10, 2.33290481567382812500e+01) (11, -4.97774004936218261719e-01) (12, 2.67242267727851867676e-02) (13, 7.03322362899780273438e+00) (14, -7.81511608511209487915e-03) 
