FANN_FLO_2.1
num_layers=3
learning_rate=0.500000
connection_rate=1.000000
network_type=0
learning_momentum=0.000000
training_algorithm=2
train_error_function=1
train_stop_function=0
cascade_output_change_fraction=0.010000
quickprop_decay=-0.000100
quickprop_mu=1.750000
rprop_increase_factor=1.200000
rprop_decrease_factor=0.500000
rprop_delta_min=0.000000
rprop_delta_max=50.000000
rprop_delta_zero=0.100000
cascade_output_stagnation_epochs=12
cascade_candidate_change_fraction=0.010000
cascade_candidate_stagnation_epochs=12
cascade_max_out_epochs=150
cascade_min_out_epochs=50
cascade_max_cand_epochs=150
cascade_min_cand_epochs=50
cascade_num_candidate_groups=2
bit_fail_limit=3.49999994039535522461e-01
cascade_candidate_limit=1.00000000000000000000e+03
cascade_weight_multiplier=4.00000005960464477539e-01
cascade_activation_functions_count=10
cascade_activation_functions=3 5 7 8 10 11 14 15 16 17 
cascade_activation_steepnesses_count=4
cascade_activation_steepnesses=2.50000000000000000000e-01 5.00000000000000000000e-01 7.50000000000000000000e-01 1.00000000000000000000e+00 
layer_sizes=10 5 2 
scale_included=0
neurons (num_inputs, activation_function, activation_steepness)=(0, 0, 0.00000000000000000000e+00) (0, 0, 0.00000000000000000000e+00) (0, 0, 0.00000000000000000000e+00) (0, 0, 0.00000000000000000000e+00) (0, 0, 0.00000000000000000000e+00) (0, 0, 0.00000000000000000000e+00) (0, 0, 0.00000000000000000000e+00) (0, 0, 0.00000000000000000000e+00) (0, 0, 0.00000000000000000000e+00) (0, 0, 0.00000000000000000000e+00) (10, 3, 5.00000000000000000000e-01) (10, 3, 5.00000000000000000000e-01) (10, 3, 5.00000000000000000000e-01) (10, 3, 5.00000000000000000000e-01) (0, 3, 0.00000000000000000000e+00) (5, 3, 5.00000000000000000000e-01) (0, 3, 0.00000000000000000000e+00) 
connections (connected_to_neuron, weight)=(0, -5.13859868049621582031e-01) (1, -3.08035850524902343750e-01) (2, -5.16447186470031738281e-01) (3, -3.90833616256713867188e-01) (4, 2.55135357379913330078e-01) (5, -4.78107064962387084961e-01) (6, -5.14685630798339843750e-01) (7, -4.87771809101104736328e-01) (8, -4.80679214000701904297e-01) (9, 7.27906644344329833984e-01) (0, 1.60082325339317321777e-01) (1, -6.36955380439758300781e-01) (2, 2.79138654470443725586e-01) (3, -2.81701654195785522461e-01) (4, -2.82406997680664062500e+00) (5, 1.66125550866127014160e-01) (6, 3.18068265914916992188e-01) (7, -1.74971267580986022949e-01) (8, 5.04830144345760345459e-02) (9, 7.47521877288818359375e-01) (0, -2.66590207815170288086e-01) (1, -3.27320724725723266602e-01) (2, -3.51923048496246337891e-01) (3, -5.34713029861450195312e-01) (4, 2.49410778284072875977e-01) (5, -5.55305004119873046875e-01) (6, -5.64987003803253173828e-01) (7, -4.66128140687942504883e-01) (8, -3.62994551658630371094e-01) (9, 4.32214111089706420898e-01) (0, -3.03174667060375213623e-02) (1, -5.67409574985504150391e-01) (2, -1.06789939105510711670e-01) (3, -9.67030003666877746582e-02) (4, -2.65525245666503906250e+00) (5, -1.28062441945075988770e-01) (6, 7.49815031886100769043e-02) (7, 5.36651015281677246094e-01) (8, 1.56191885471343994141e-01) (9, 4.91158396005630493164e-01) (10, -4.06158828735351562500e+00) (11, -7.62046635150909423828e-01) (12, -8.68777811527252197266e-01) (13, -4.13459658622741699219e-01) (14, 1.69620764255523681641e+00) 
