FANN_FLO_2.1
num_layers=3
learning_rate=0.300000
connection_rate=1.000000
network_type=0
learning_momentum=0.000000
training_algorithm=2
train_error_function=1
train_stop_function=0
cascade_output_change_fraction=0.010000
quickprop_decay=-0.000100
quickprop_mu=1.750000
rprop_increase_factor=1.200000
rprop_decrease_factor=0.500000
rprop_delta_min=0.000000
rprop_delta_max=50.000000
rprop_delta_zero=0.100000
cascade_output_stagnation_epochs=12
cascade_candidate_change_fraction=0.010000
cascade_candidate_stagnation_epochs=12
cascade_max_out_epochs=150
cascade_min_out_epochs=50
cascade_max_cand_epochs=150
cascade_min_cand_epochs=50
cascade_num_candidate_groups=2
bit_fail_limit=3.49999994039535522461e-01
cascade_candidate_limit=1.00000000000000000000e+03
cascade_weight_multiplier=4.00000005960464477539e-01
cascade_activation_functions_count=10
cascade_activation_functions=3 5 7 8 10 11 14 15 16 17 
cascade_activation_steepnesses_count=4
cascade_activation_steepnesses=2.50000000000000000000e-01 5.00000000000000000000e-01 7.50000000000000000000e-01 1.00000000000000000000e+00 
layer_sizes=4 9 2 
scale_included=0
neurons (num_inputs, activation_function, activation_steepness)=(0, 0, 0.00000000000000000000e+00) (0, 0, 0.00000000000000000000e+00) (0, 0, 0.00000000000000000000e+00) (0, 0, 0.00000000000000000000e+00) (4, 3, 5.00000000000000000000e-01) (4, 3, 5.00000000000000000000e-01) (4, 3, 5.00000000000000000000e-01) (4, 3, 5.00000000000000000000e-01) (4, 3, 5.00000000000000000000e-01) (4, 3, 5.00000000000000000000e-01) (4, 3, 5.00000000000000000000e-01) (4, 3, 5.00000000000000000000e-01) (0, 3, 0.00000000000000000000e+00) (9, 3, 5.00000000000000000000e-01) (0, 3, 0.00000000000000000000e+00) 
connections (connected_to_neuron, weight)=(0, -5.49546331167221069336e-02) (1, 3.29459398984909057617e-01) (2, 1.98166370391845703125e-01) (3, 8.75591099262237548828e-01) (0, -1.43214058876037597656e+00) (1, 7.78751432895660400391e-01) (2, -4.01972961425781250000e+00) (3, -2.21339035034179687500e+00) (0, 1.64606615900993347168e-01) (1, 2.66421914100646972656e-01) (2, -2.12684199213981628418e-02) (3, 6.41723155975341796875e-01) (0, 1.83046650886535644531e+00) (1, -2.70232796669006347656e-01) (2, -8.43312835693359375000e+00) (3, -2.16296732425689697266e-01) (0, -1.13550615310668945312e+00) (1, 7.22780406475067138672e-01) (2, -3.24376392364501953125e+00) (3, 4.35863137245178222656e-01) (0, 4.04937019348144531250e+01) (1, 2.22145233154296875000e+01) (2, -2.83754730224609375000e+00) (3, 2.46250019073486328125e+01) (0, -8.94698500633239746094e-01) (1, 1.01049530506134033203e+00) (2, -2.03656554222106933594e+00) (3, 1.10499095916748046875e+00) (0, -9.24778342247009277344e-01) (1, 1.11708319187164306641e+00) (2, -1.75050497055053710938e+00) (3, 1.69355821609497070312e+00) (4, -1.74349296092987060547e+00) (5, 2.89301723241806030273e-01) (6, -1.31153697967529296875e+01) (7, -2.31493432074785232544e-02) (8, 6.11992180347442626953e-02) (9, 5.00000000000000000000e+01) (10, -2.89880633354187011719e-01) (11, -5.00786304473876953125e-01) (12, 8.22374522686004638672e-01) 
