FANN_FLO_2.1
num_layers=3
learning_rate=0.500000
connection_rate=1.000000
network_type=0
learning_momentum=0.000000
training_algorithm=2
train_error_function=1
train_stop_function=0
cascade_output_change_fraction=0.010000
quickprop_decay=-0.000100
quickprop_mu=1.750000
rprop_increase_factor=1.200000
rprop_decrease_factor=0.500000
rprop_delta_min=0.000000
rprop_delta_max=50.000000
rprop_delta_zero=0.100000
cascade_output_stagnation_epochs=12
cascade_candidate_change_fraction=0.010000
cascade_candidate_stagnation_epochs=12
cascade_max_out_epochs=150
cascade_min_out_epochs=50
cascade_max_cand_epochs=150
cascade_min_cand_epochs=50
cascade_num_candidate_groups=2
bit_fail_limit=3.49999994039535522461e-01
cascade_candidate_limit=1.00000000000000000000e+03
cascade_weight_multiplier=4.00000005960464477539e-01
cascade_activation_functions_count=10
cascade_activation_functions=3 5 7 8 10 11 14 15 16 17 
cascade_activation_steepnesses_count=4
cascade_activation_steepnesses=2.50000000000000000000e-01 5.00000000000000000000e-01 7.50000000000000000000e-01 1.00000000000000000000e+00 
layer_sizes=10 5 2 
scale_included=0
neurons (num_inputs, activation_function, activation_steepness)=(0, 0, 0.00000000000000000000e+00) (0, 0, 0.00000000000000000000e+00) (0, 0, 0.00000000000000000000e+00) (0, 0, 0.00000000000000000000e+00) (0, 0, 0.00000000000000000000e+00) (0, 0, 0.00000000000000000000e+00) (0, 0, 0.00000000000000000000e+00) (0, 0, 0.00000000000000000000e+00) (0, 0, 0.00000000000000000000e+00) (0, 0, 0.00000000000000000000e+00) (10, 3, 5.00000000000000000000e-01) (10, 3, 5.00000000000000000000e-01) (10, 3, 5.00000000000000000000e-01) (10, 3, 5.00000000000000000000e-01) (0, 3, 0.00000000000000000000e+00) (5, 3, 5.00000000000000000000e-01) (0, 3, 0.00000000000000000000e+00) 
connections (connected_to_neuron, weight)=(0, -4.01276409626007080078e-01) (1, -3.97598385810852050781e-01) (2, -1.84238851070404052734e-01) (3, -2.15978711843490600586e-01) (4, -1.46204435825347900391e+00) (5, -5.19616305828094482422e-01) (6, -3.44972610473632812500e-01) (7, -2.88664877414703369141e-01) (8, -2.50258088111877441406e-01) (9, 1.27802979946136474609e+00) (0, -2.96731948852539062500e-01) (1, -2.68097281455993652344e-01) (2, -2.70086616277694702148e-01) (3, -6.81942701339721679688e-01) (4, -9.76128458976745605469e-01) (5, -2.20509901642799377441e-01) (6, 9.71581693738698959351e-03) (7, -8.91810357570648193359e-01) (8, -1.25839244574308395386e-02) (9, 4.04347836971282958984e-01) (0, -4.95261967182159423828e-01) (1, -3.56911689043045043945e-01) (2, -1.21149730682373046875e+00) (3, -6.20837926864624023438e-01) (4, -7.81847238540649414062e-02) (5, -3.57102513313293457031e-01) (6, -8.55250000953674316406e-01) (7, -2.96966254711151123047e-01) (8, -8.21768283843994140625e-01) (9, 2.20473194122314453125e+00) (0, -7.90087223052978515625e-01) (1, -8.73952865600585937500e-01) (2, -2.60910868644714355469e-01) (3, -5.25640487670898437500e-01) (4, 2.11491256952285766602e-01) (5, -8.26164960861206054688e-01) (6, -5.77814340591430664062e-01) (7, -7.03019142150878906250e-01) (8, -7.37084031105041503906e-01) (9, 2.27390122413635253906e+00) (10, -1.02863192558288574219e+00) (11, -9.72298026084899902344e-01) (12, -1.16049695014953613281e+00) (13, -1.04643273353576660156e+00) (14, 1.47021508216857910156e+00) 
