FANN_FLO_2.1
num_layers=3
learning_rate=0.500000
connection_rate=1.000000
network_type=0
learning_momentum=0.000000
training_algorithm=2
train_error_function=1
train_stop_function=0
cascade_output_change_fraction=0.010000
quickprop_decay=-0.000100
quickprop_mu=1.750000
rprop_increase_factor=1.200000
rprop_decrease_factor=0.500000
rprop_delta_min=0.000000
rprop_delta_max=50.000000
rprop_delta_zero=0.100000
cascade_output_stagnation_epochs=12
cascade_candidate_change_fraction=0.010000
cascade_candidate_stagnation_epochs=12
cascade_max_out_epochs=150
cascade_min_out_epochs=50
cascade_max_cand_epochs=150
cascade_min_cand_epochs=50
cascade_num_candidate_groups=2
bit_fail_limit=3.49999994039535522461e-01
cascade_candidate_limit=1.00000000000000000000e+03
cascade_weight_multiplier=4.00000005960464477539e-01
cascade_activation_functions_count=10
cascade_activation_functions=3 5 7 8 10 11 14 15 16 17 
cascade_activation_steepnesses_count=4
cascade_activation_steepnesses=2.50000000000000000000e-01 5.00000000000000000000e-01 7.50000000000000000000e-01 1.00000000000000000000e+00 
layer_sizes=3 9 4 
scale_included=0
neurons (num_inputs, activation_function, activation_steepness)=(0, 0, 0.00000000000000000000e+00) (0, 0, 0.00000000000000000000e+00) (0, 0, 0.00000000000000000000e+00) (3, 3, 5.00000000000000000000e-01) (3, 3, 5.00000000000000000000e-01) (3, 3, 5.00000000000000000000e-01) (3, 3, 5.00000000000000000000e-01) (3, 3, 5.00000000000000000000e-01) (3, 3, 5.00000000000000000000e-01) (3, 3, 5.00000000000000000000e-01) (3, 3, 5.00000000000000000000e-01) (0, 3, 0.00000000000000000000e+00) (9, 0, 5.00000000000000000000e-01) (9, 0, 5.00000000000000000000e-01) (9, 0, 5.00000000000000000000e-01) (0, 0, 0.00000000000000000000e+00) 
connections (connected_to_neuron, weight)=(0, -4.70425319671630859375e+00) (1, -7.45701360702514648438e+00) (2, 5.88294267654418945312e-01) (0, -1.68266582489013671875e+00) (1, 5.26404714584350585938e+00) (2, 6.26141369342803955078e-01) (0, -2.27023386955261230469e+00) (1, 5.82447230815887451172e-01) (2, 1.56909060478210449219e+00) (0, -2.93449759483337402344e+00) (1, 3.24041080474853515625e+00) (2, -6.28428936004638671875e-01) (0, -3.78597688674926757812e+00) (1, -9.51477229595184326172e-01) (2, 2.23861241340637207031e+00) (0, -2.19925260543823242188e+00) (1, 5.49735248088836669922e-01) (2, 1.62904560565948486328e+00) (0, -7.66395473480224609375e+00) (1, 8.38538169860839843750e+00) (2, 6.70990943908691406250e+00) (0, -6.13389492034912109375e+00) (1, -4.50881528854370117188e+00) (2, 1.94860804080963134766e+00) (3, 1.92063057422637939453e+00) (4, 5.59096515178680419922e-01) (5, 3.12579005956649780273e-01) (6, 3.20431637763977050781e+00) (7, 2.70345330238342285156e+00) (8, -9.63980495929718017578e-01) (9, 6.12990081310272216797e-01) (10, 1.86875593662261962891e+00) (11, 4.93124723434448242188e-01) (3, 5.04295539855957031250e+00) (4, 2.28299999237060546875e+00) (5, 2.27164483070373535156e+00) (6, 4.74689054489135742188e+00) (7, 6.60703849792480468750e+00) (8, 2.24564647674560546875e+00) (9, 2.96563434600830078125e+00) (10, 4.70107841491699218750e+00) (11, 1.81208992004394531250e+00) (3, 1.54278020858764648438e+01) (4, 9.87301731109619140625e+00) (5, 1.07988309860229492188e+01) (6, 9.54634857177734375000e+00) (7, 1.86394977569580078125e+01) (8, 1.08006467819213867188e+01) (9, 9.34848213195800781250e+00) (10, 1.52725152969360351562e+01) (11, 9.22366523742675781250e+00) 
