FANN_FLO_2.1
num_layers=4
learning_rate=0.450000
connection_rate=1.000000
network_type=0
learning_momentum=0.000000
training_algorithm=2
train_error_function=1
train_stop_function=0
cascade_output_change_fraction=0.010000
quickprop_decay=-0.000100
quickprop_mu=1.750000
rprop_increase_factor=1.200000
rprop_decrease_factor=0.500000
rprop_delta_min=0.000000
rprop_delta_max=50.000000
rprop_delta_zero=0.100000
cascade_output_stagnation_epochs=12
cascade_candidate_change_fraction=0.010000
cascade_candidate_stagnation_epochs=12
cascade_max_out_epochs=150
cascade_min_out_epochs=50
cascade_max_cand_epochs=150
cascade_min_cand_epochs=50
cascade_num_candidate_groups=2
bit_fail_limit=3.49999994039535522461e-01
cascade_candidate_limit=1.00000000000000000000e+03
cascade_weight_multiplier=4.00000005960464477539e-01
cascade_activation_functions_count=10
cascade_activation_functions=3 5 7 8 10 11 14 15 16 17 
cascade_activation_steepnesses_count=4
cascade_activation_steepnesses=2.50000000000000000000e-01 5.00000000000000000000e-01 7.50000000000000000000e-01 1.00000000000000000000e+00 
layer_sizes=7 3 3 2 
scale_included=0
neurons (num_inputs, activation_function, activation_steepness)=(0, 0, 0.00000000000000000000e+00) (0, 0, 0.00000000000000000000e+00) (0, 0, 0.00000000000000000000e+00) (0, 0, 0.00000000000000000000e+00) (0, 0, 0.00000000000000000000e+00) (0, 0, 0.00000000000000000000e+00) (0, 0, 0.00000000000000000000e+00) (7, 3, 5.00000000000000000000e-01) (7, 3, 5.00000000000000000000e-01) (0, 3, 0.00000000000000000000e+00) (3, 3, 5.00000000000000000000e-01) (3, 3, 5.00000000000000000000e-01) (0, 3, 0.00000000000000000000e+00) (3, 0, 5.00000000000000000000e-01) (0, 0, 0.00000000000000000000e+00) 
connections (connected_to_neuron, weight)=(0, -1.31086289882659912109e-01) (1, -3.68816494941711425781e-01) (2, -6.56887173652648925781e-01) (3, 5.90339004993438720703e-02) (4, 9.05351400375366210938e-01) (5, 1.30667790770530700684e-01) (6, 4.69384336471557617188e+00) (0, 6.85968101024627685547e-02) (1, -1.38004451990127563477e-01) (2, 2.82694339752197265625e-01) (3, -1.38630792498588562012e-01) (4, -1.06709957122802734375e-01) (5, 2.46377736330032348633e-01) (6, -4.05403852462768554688e+00) (7, -1.17942514419555664062e+01) (8, 2.71364784240722656250e+01) (9, 3.94961774349212646484e-01) (7, 1.43199615478515625000e+01) (8, -2.27902603149414062500e+01) (9, -8.21195363998413085938e-01) (10, 2.26735875010490417480e-01) (11, 2.30408757925033569336e-01) (12, -2.20441967248916625977e-01) 
