FANN_FLO_2.1
num_layers=3
learning_rate=0.450000
connection_rate=1.000000
network_type=0
learning_momentum=0.000000
training_algorithm=2
train_error_function=1
train_stop_function=0
cascade_output_change_fraction=0.010000
quickprop_decay=-0.000100
quickprop_mu=1.750000
rprop_increase_factor=1.200000
rprop_decrease_factor=0.500000
rprop_delta_min=0.000000
rprop_delta_max=50.000000
rprop_delta_zero=0.100000
cascade_output_stagnation_epochs=12
cascade_candidate_change_fraction=0.010000
cascade_candidate_stagnation_epochs=12
cascade_max_out_epochs=150
cascade_min_out_epochs=50
cascade_max_cand_epochs=150
cascade_min_cand_epochs=50
cascade_num_candidate_groups=2
bit_fail_limit=3.49999994039535522461e-01
cascade_candidate_limit=1.00000000000000000000e+03
cascade_weight_multiplier=4.00000005960464477539e-01
cascade_activation_functions_count=10
cascade_activation_functions=3 5 7 8 10 11 14 15 16 17 
cascade_activation_steepnesses_count=4
cascade_activation_steepnesses=2.50000000000000000000e-01 5.00000000000000000000e-01 7.50000000000000000000e-01 1.00000000000000000000e+00 
layer_sizes=7 5 2 
scale_included=0
neurons (num_inputs, activation_function, activation_steepness)=(0, 0, 0.00000000000000000000e+00) (0, 0, 0.00000000000000000000e+00) (0, 0, 0.00000000000000000000e+00) (0, 0, 0.00000000000000000000e+00) (0, 0, 0.00000000000000000000e+00) (0, 0, 0.00000000000000000000e+00) (0, 0, 0.00000000000000000000e+00) (7, 3, 5.00000000000000000000e-01) (7, 3, 5.00000000000000000000e-01) (7, 3, 5.00000000000000000000e-01) (7, 3, 5.00000000000000000000e-01) (0, 3, 0.00000000000000000000e+00) (5, 0, 5.00000000000000000000e-01) (0, 0, 0.00000000000000000000e+00) 
connections (connected_to_neuron, weight)=(0, -2.67111331224441528320e-01) (1, -2.47964709997177124023e-01) (2, 9.25791549682617187500e+00) (3, -1.40300047397613525391e+00) (4, 2.22301940917968750000e+01) (5, 1.17365016937255859375e+01) (6, -4.45185127258300781250e+01) (0, 1.43426349386572837830e-02) (1, 6.45015418529510498047e-01) (2, 1.57182231545448303223e-01) (3, -4.25888836383819580078e-01) (4, -5.50075173377990722656e-01) (5, 1.58988133072853088379e-01) (6, -7.73986220359802246094e-01) (0, 1.74196529388427734375e+01) (1, -1.05883007812500000000e+03) (2, -1.12633740901947021484e+00) (3, -6.68440520763397216797e-01) (4, -1.50000000000000000000e+03) (5, -1.50000000000000000000e+03) (6, 4.87248569726943969727e-01) (0, 2.05238342285156250000e+00) (1, 5.18764913082122802734e-01) (2, -6.77263140678405761719e-01) (3, -4.23253625631332397461e-01) (4, -5.16032409667968750000e+00) (5, -1.50000000000000000000e+03) (6, 1.52082011103630065918e-01) (7, -8.61444771289825439453e-01) (8, -1.35508878156542778015e-02) (9, 1.50000000000000000000e+03) (10, 6.70012459158897399902e-03) (11, 8.73587369918823242188e-01) 
