FANN_FLO_2.1
num_layers=4
learning_rate=0.500000
connection_rate=1.000000
network_type=0
learning_momentum=0.000000
training_algorithm=2
train_error_function=1
train_stop_function=0
cascade_output_change_fraction=0.010000
quickprop_decay=-0.000100
quickprop_mu=1.750000
rprop_increase_factor=1.200000
rprop_decrease_factor=0.500000
rprop_delta_min=0.000000
rprop_delta_max=50.000000
rprop_delta_zero=0.100000
cascade_output_stagnation_epochs=12
cascade_candidate_change_fraction=0.010000
cascade_candidate_stagnation_epochs=12
cascade_max_out_epochs=150
cascade_min_out_epochs=50
cascade_max_cand_epochs=150
cascade_min_cand_epochs=50
cascade_num_candidate_groups=2
bit_fail_limit=3.49999994039535522461e-01
cascade_candidate_limit=1.00000000000000000000e+03
cascade_weight_multiplier=4.00000005960464477539e-01
cascade_activation_functions_count=10
cascade_activation_functions=3 5 7 8 10 11 14 15 16 17 
cascade_activation_steepnesses_count=4
cascade_activation_steepnesses=2.50000000000000000000e-01 5.00000000000000000000e-01 7.50000000000000000000e-01 1.00000000000000000000e+00 
layer_sizes=4 5 3 2 
scale_included=0
neurons (num_inputs, activation_function, activation_steepness)=(0, 0, 0.00000000000000000000e+00) (0, 0, 0.00000000000000000000e+00) (0, 0, 0.00000000000000000000e+00) (0, 0, 0.00000000000000000000e+00) (4, 3, 5.00000000000000000000e-01) (4, 3, 5.00000000000000000000e-01) (4, 3, 5.00000000000000000000e-01) (4, 3, 5.00000000000000000000e-01) (0, 3, 0.00000000000000000000e+00) (5, 3, 5.00000000000000000000e-01) (5, 3, 5.00000000000000000000e-01) (0, 3, 0.00000000000000000000e+00) (3, 3, 5.00000000000000000000e-01) (0, 3, 0.00000000000000000000e+00) 
connections (connected_to_neuron, weight)=(0, -2.88563873291015625000e+02) (1, -1.15986804199218750000e+03) (2, 4.10640899658203125000e+02) (3, 1.71257030963897705078e+00) (0, -2.44104492187500000000e+02) (1, -1.58225051879882812500e+02) (2, 1.02577099609375000000e+03) (3, -6.47947371006011962891e-01) (0, 1.96260910034179687500e+01) (1, 2.83346008300781250000e+02) (2, -3.60784851074218750000e+02) (3, 2.27467441558837890625e+00) (0, -5.10833549499511718750e+00) (1, -6.90798902511596679688e+00) (2, -6.21951110661029815674e-02) (3, 4.23953294754028320312e+00) (4, 8.12963790893554687500e+01) (5, 2.60243663787841796875e+01) (6, -4.19561767578125000000e+00) (7, 1.50000000000000000000e+03) (8, 3.93857538700103759766e-01) (4, -2.85538349151611328125e+01) (5, -4.80858516693115234375e+00) (6, 2.17593955993652343750e+00) (7, 4.26073684692382812500e+01) (8, -2.82616209983825683594e+00) (9, 7.18502938747406005859e-01) (10, -4.92214393615722656250e+00) (11, 1.88074243068695068359e+00) 
