FANN_FLO_2.1
num_layers=3
learning_rate=0.500000
connection_rate=1.000000
network_type=0
learning_momentum=0.000000
training_algorithm=2
train_error_function=1
train_stop_function=0
cascade_output_change_fraction=0.010000
quickprop_decay=-0.000100
quickprop_mu=1.750000
rprop_increase_factor=1.200000
rprop_decrease_factor=0.500000
rprop_delta_min=0.000000
rprop_delta_max=50.000000
rprop_delta_zero=0.100000
cascade_output_stagnation_epochs=12
cascade_candidate_change_fraction=0.010000
cascade_candidate_stagnation_epochs=12
cascade_max_out_epochs=150
cascade_min_out_epochs=50
cascade_max_cand_epochs=150
cascade_min_cand_epochs=50
cascade_num_candidate_groups=2
bit_fail_limit=3.49999994039535522461e-01
cascade_candidate_limit=1.00000000000000000000e+03
cascade_weight_multiplier=4.00000005960464477539e-01
cascade_activation_functions_count=10
cascade_activation_functions=3 5 7 8 10 11 14 15 16 17 
cascade_activation_steepnesses_count=4
cascade_activation_steepnesses=2.50000000000000000000e-01 5.00000000000000000000e-01 7.50000000000000000000e-01 1.00000000000000000000e+00 
layer_sizes=7 5 2 
scale_included=0
neurons (num_inputs, activation_function, activation_steepness)=(0, 0, 0.00000000000000000000e+00) (0, 0, 0.00000000000000000000e+00) (0, 0, 0.00000000000000000000e+00) (0, 0, 0.00000000000000000000e+00) (0, 0, 0.00000000000000000000e+00) (0, 0, 0.00000000000000000000e+00) (0, 0, 0.00000000000000000000e+00) (7, 3, 5.00000000000000000000e-01) (7, 3, 5.00000000000000000000e-01) (7, 3, 5.00000000000000000000e-01) (7, 3, 5.00000000000000000000e-01) (0, 3, 0.00000000000000000000e+00) (5, 0, 5.00000000000000000000e-01) (0, 0, 0.00000000000000000000e+00) 
connections (connected_to_neuron, weight)=(0, -1.89096963405609130859e+00) (1, 5.66950798034667968750e-01) (2, 1.50000000000000000000e+03) (3, 5.92913627624511718750e-01) (4, 7.05455005168914794922e-01) (5, 1.50000000000000000000e+03) (6, 1.78545246124267578125e+01) (0, -4.01661163330078125000e+02) (1, 5.37046264648437500000e+02) (2, -4.51190673828125000000e+02) (3, -9.35924438476562500000e+02) (4, 7.71675646305084228516e-01) (5, -4.10858642578125000000e+02) (6, -8.21419358253479003906e-01) (0, 1.50000000000000000000e+03) (1, 1.50000000000000000000e+03) (2, -1.50000000000000000000e+03) (3, 1.50000000000000000000e+03) (4, 3.82675051689147949219e-01) (5, -1.50000000000000000000e+03) (6, -3.58732128143310546875e+00) (0, -4.09632176160812377930e-03) (1, 1.83315604925155639648e-01) (2, -1.85309797525405883789e-01) (3, 5.78450448811054229736e-02) (4, 3.04905503988265991211e-01) (5, -3.49388271570205688477e-01) (6, 1.28492534160614013672e+00) (7, -9.35443043708801269531e-02) (8, -2.00582904815673828125e+01) (9, 3.27130444347858428955e-02) (10, -4.29971553385257720947e-02) (11, 1.12813211977481842041e-01) 
