FANN_FLO_2.1
num_layers=4
learning_rate=0.450000
connection_rate=1.000000
network_type=0
learning_momentum=0.000000
training_algorithm=2
train_error_function=1
train_stop_function=0
cascade_output_change_fraction=0.010000
quickprop_decay=-0.000100
quickprop_mu=1.750000
rprop_increase_factor=1.200000
rprop_decrease_factor=0.500000
rprop_delta_min=0.000000
rprop_delta_max=50.000000
rprop_delta_zero=0.100000
cascade_output_stagnation_epochs=12
cascade_candidate_change_fraction=0.010000
cascade_candidate_stagnation_epochs=12
cascade_max_out_epochs=150
cascade_min_out_epochs=50
cascade_max_cand_epochs=150
cascade_min_cand_epochs=50
cascade_num_candidate_groups=2
bit_fail_limit=3.49999994039535522461e-01
cascade_candidate_limit=1.00000000000000000000e+03
cascade_weight_multiplier=4.00000005960464477539e-01
cascade_activation_functions_count=10
cascade_activation_functions=3 5 7 8 10 11 14 15 16 17 
cascade_activation_steepnesses_count=4
cascade_activation_steepnesses=2.50000000000000000000e-01 5.00000000000000000000e-01 7.50000000000000000000e-01 1.00000000000000000000e+00 
layer_sizes=7 5 3 2 
scale_included=0
neurons (num_inputs, activation_function, activation_steepness)=(0, 0, 0.00000000000000000000e+00) (0, 0, 0.00000000000000000000e+00) (0, 0, 0.00000000000000000000e+00) (0, 0, 0.00000000000000000000e+00) (0, 0, 0.00000000000000000000e+00) (0, 0, 0.00000000000000000000e+00) (0, 0, 0.00000000000000000000e+00) (7, 3, 5.00000000000000000000e-01) (7, 3, 5.00000000000000000000e-01) (7, 3, 5.00000000000000000000e-01) (7, 3, 5.00000000000000000000e-01) (0, 3, 0.00000000000000000000e+00) (5, 3, 5.00000000000000000000e-01) (5, 3, 5.00000000000000000000e-01) (0, 3, 0.00000000000000000000e+00) (3, 0, 5.00000000000000000000e-01) (0, 0, 0.00000000000000000000e+00) 
connections (connected_to_neuron, weight)=(0, -1.07229746878147125244e-01) (1, 1.16992011666297912598e-01) (2, 7.17800498008728027344e-01) (3, -2.00319385528564453125e+00) (4, 1.84042911529541015625e+01) (5, -9.32170376181602478027e-02) (6, -1.68423533439636230469e+00) (0, -1.00926494598388671875e+00) (1, 1.56433904170989990234e+00) (2, -4.95595484972000122070e-02) (3, -4.06837314367294311523e-01) (4, 7.57097065448760986328e-01) (5, 4.79318648576736450195e-02) (6, -1.18544757366180419922e+00) (0, 4.48704749345779418945e-01) (1, -5.80349349975585937500e+00) (2, 5.88046669960021972656e-01) (3, 4.02686417102813720703e-01) (4, -3.61246085166931152344e+00) (5, 8.93936395645141601562e-01) (6, 4.88916546106338500977e-01) (0, -1.99776554107666015625e+00) (1, 3.62279444932937622070e-01) (2, -7.16295301914215087891e-01) (3, -4.37900829315185546875e+00) (4, 5.32752342224121093750e+01) (5, 2.99221801757812500000e+00) (6, -9.34914708137512207031e-01) (7, -1.50000000000000000000e+03) (8, -1.50000000000000000000e+03) (9, 4.32659362792968750000e+02) (10, -1.50000000000000000000e+03) (11, 1.60516917705535888672e-01) (7, 1.50000000000000000000e+03) (8, 1.50000000000000000000e+03) (9, -1.16705619812011718750e+02) (10, 1.50000000000000000000e+03) (11, 3.98421168327331542969e-01) (12, 5.52014255523681640625e+00) (13, -4.08982820808887481689e-02) (14, 6.09198361635208129883e-02) 
