FANN_FLO_2.1
num_layers=3
learning_rate=0.500000
connection_rate=1.000000
network_type=0
learning_momentum=0.000000
training_algorithm=2
train_error_function=1
train_stop_function=0
cascade_output_change_fraction=0.010000
quickprop_decay=-0.000100
quickprop_mu=1.750000
rprop_increase_factor=1.200000
rprop_decrease_factor=0.500000
rprop_delta_min=0.000000
rprop_delta_max=50.000000
rprop_delta_zero=0.100000
cascade_output_stagnation_epochs=12
cascade_candidate_change_fraction=0.010000
cascade_candidate_stagnation_epochs=12
cascade_max_out_epochs=150
cascade_min_out_epochs=50
cascade_max_cand_epochs=150
cascade_min_cand_epochs=50
cascade_num_candidate_groups=2
bit_fail_limit=3.49999994039535522461e-01
cascade_candidate_limit=1.00000000000000000000e+03
cascade_weight_multiplier=4.00000005960464477539e-01
cascade_activation_functions_count=10
cascade_activation_functions=3 5 7 8 10 11 14 15 16 17 
cascade_activation_steepnesses_count=4
cascade_activation_steepnesses=2.50000000000000000000e-01 5.00000000000000000000e-01 7.50000000000000000000e-01 1.00000000000000000000e+00 
layer_sizes=7 9 2 
scale_included=0
neurons (num_inputs, activation_function, activation_steepness)=(0, 0, 0.00000000000000000000e+00) (0, 0, 0.00000000000000000000e+00) (0, 0, 0.00000000000000000000e+00) (0, 0, 0.00000000000000000000e+00) (0, 0, 0.00000000000000000000e+00) (0, 0, 0.00000000000000000000e+00) (0, 0, 0.00000000000000000000e+00) (7, 3, 5.00000000000000000000e-01) (7, 3, 5.00000000000000000000e-01) (7, 3, 5.00000000000000000000e-01) (7, 3, 5.00000000000000000000e-01) (7, 3, 5.00000000000000000000e-01) (7, 3, 5.00000000000000000000e-01) (7, 3, 5.00000000000000000000e-01) (7, 3, 5.00000000000000000000e-01) (0, 3, 0.00000000000000000000e+00) (9, 0, 5.00000000000000000000e-01) (0, 0, 0.00000000000000000000e+00) 
connections (connected_to_neuron, weight)=(0, -4.06432509422302246094e-01) (1, 4.21472415328025817871e-02) (2, 7.34819293022155761719e-01) (3, -1.72231063246726989746e-01) (4, 1.59800767898559570312e-01) (5, -3.90923798084259033203e-01) (6, -4.67660725116729736328e-01) (0, -6.41206741333007812500e-01) (1, -5.85690438747406005859e-01) (2, 1.34771895408630371094e+00) (3, -7.70000517368316650391e-01) (4, -4.03065949678421020508e-01) (5, 1.47534787654876708984e+00) (6, -6.06845200061798095703e-01) (0, -3.77642244100570678711e-01) (1, -1.51499223709106445312e+00) (2, 2.43703518062829971313e-02) (3, -1.90740466117858886719e-01) (4, 9.71698090434074401855e-02) (5, 8.13533738255500793457e-02) (6, 6.11202061176300048828e-01) (0, -6.25704228878021240234e-01) (1, -1.25712645053863525391e+00) (2, -1.50000000000000000000e+03) (3, -3.63450348377227783203e-01) (4, -2.15118861198425292969e+00) (5, -1.50000000000000000000e+03) (6, -5.78896291553974151611e-02) (0, -1.01594164967536926270e-01) (1, 2.51124471426010131836e-01) (2, -6.46892666816711425781e-01) (3, -1.59001573920249938965e-01) (4, 6.26234412193298339844e-01) (5, 5.32962381839752197266e-02) (6, -3.86988490819931030273e-01) (0, -1.97156623005867004395e-01) (1, 1.18860751390457153320e-01) (2, 6.16025328636169433594e-01) (3, -2.05387711524963378906e-01) (4, -2.04983204603195190430e-01) (5, -6.30956962704658508301e-02) (6, -9.54060852527618408203e-01) (0, -1.72208681702613830566e-01) (1, -6.94011092185974121094e-01) (2, -1.50000000000000000000e+03) (3, -1.31845265626907348633e-01) (4, -1.05240488052368164062e+00) (5, -1.21322851562500000000e+03) (6, -2.30016447603702545166e-02) (0, -2.14086204767227172852e-01) (1, 1.31011986732482910156e+00) (2, -1.15254986286163330078e+00) (3, 2.26764023303985595703e-01) (4, 4.15090844035148620605e-02) (5, -3.19859325885772705078e-01) (6, -3.78607392311096191406e+00) (7, 2.69038140773773193359e-01) (8, 2.34597310423851013184e-01) (9, 7.28190600872039794922e-01) (10, -1.50000000000000000000e+03) (11, -3.35953444242477416992e-01) (12, -4.32123482227325439453e-01) (13, -1.47584716796875000000e+03) (14, 2.43463948369026184082e-01) (15, 1.12893909215927124023e-01) 
