FANN_FLO_2.1
num_layers=4
learning_rate=0.500000
connection_rate=1.000000
network_type=0
learning_momentum=0.000000
training_algorithm=2
train_error_function=1
train_stop_function=0
cascade_output_change_fraction=0.010000
quickprop_decay=-0.000100
quickprop_mu=1.750000
rprop_increase_factor=1.200000
rprop_decrease_factor=0.500000
rprop_delta_min=0.000000
rprop_delta_max=50.000000
rprop_delta_zero=0.100000
cascade_output_stagnation_epochs=12
cascade_candidate_change_fraction=0.010000
cascade_candidate_stagnation_epochs=12
cascade_max_out_epochs=150
cascade_min_out_epochs=50
cascade_max_cand_epochs=150
cascade_min_cand_epochs=50
cascade_num_candidate_groups=2
bit_fail_limit=3.49999994039535522461e-01
cascade_candidate_limit=1.00000000000000000000e+03
cascade_weight_multiplier=4.00000005960464477539e-01
cascade_activation_functions_count=10
cascade_activation_functions=3 5 7 8 10 11 14 15 16 17 
cascade_activation_steepnesses_count=4
cascade_activation_steepnesses=2.50000000000000000000e-01 5.00000000000000000000e-01 7.50000000000000000000e-01 1.00000000000000000000e+00 
layer_sizes=4 5 5 2 
scale_included=0
neurons (num_inputs, activation_function, activation_steepness)=(0, 0, 0.00000000000000000000e+00) (0, 0, 0.00000000000000000000e+00) (0, 0, 0.00000000000000000000e+00) (0, 0, 0.00000000000000000000e+00) (4, 3, 5.00000000000000000000e-01) (4, 3, 5.00000000000000000000e-01) (4, 3, 5.00000000000000000000e-01) (4, 3, 5.00000000000000000000e-01) (0, 3, 0.00000000000000000000e+00) (5, 3, 5.00000000000000000000e-01) (5, 3, 5.00000000000000000000e-01) (5, 3, 5.00000000000000000000e-01) (5, 3, 5.00000000000000000000e-01) (0, 3, 0.00000000000000000000e+00) (5, 3, 5.00000000000000000000e-01) (0, 3, 0.00000000000000000000e+00) 
connections (connected_to_neuron, weight)=(0, 2.06595253944396972656e+00) (1, -1.09314260482788085938e+01) (2, -1.66464805603027343750e+00) (3, -2.18950092792510986328e-01) (0, -5.89480924606323242188e+00) (1, -7.05672550201416015625e+00) (2, -1.76861509680747985840e-01) (3, 5.58113813400268554688e+00) (0, -4.15193170309066772461e-01) (1, -2.88559570312500000000e+02) (2, 4.30502204895019531250e+01) (3, -2.59508919715881347656e+00) (0, 6.61968231201171875000e-01) (1, -6.46831846237182617188e+00) (2, -3.85677266120910644531e+00) (3, -1.59047603607177734375e-01) (4, -2.25885415077209472656e+00) (5, 3.23413505554199218750e+01) (6, -6.73927688598632812500e+00) (7, -1.78492965698242187500e+01) (8, -8.71959590911865234375e+00) (4, 1.50000000000000000000e+03) (5, 1.30813598632812500000e+03) (6, 2.91321777343750000000e+02) (7, 4.31103302001953125000e+02) (8, -2.11683166503906250000e+02) (4, -1.02599506378173828125e+01) (5, 3.44732818603515625000e+01) (6, -7.05591249465942382812e+00) (7, -6.31568288803100585938e+00) (8, -9.37533950805664062500e+00) (4, -1.09125270843505859375e+01) (5, 3.57879753112792968750e+01) (6, -7.90850734710693359375e+00) (7, -6.35585737228393554688e+00) (8, -9.77508926391601562500e+00) (9, -1.48169502615928649902e-01) (10, 6.01806163787841796875e-01) (11, -2.53452801704406738281e+00) (12, -2.35979795455932617188e+00) (13, 2.22002506256103515625e+00) 
