FANN_FLO_2.1
num_layers=3
learning_rate=0.450000
connection_rate=1.000000
network_type=0
learning_momentum=0.000000
training_algorithm=2
train_error_function=1
train_stop_function=0
cascade_output_change_fraction=0.010000
quickprop_decay=-0.000100
quickprop_mu=1.750000
rprop_increase_factor=1.200000
rprop_decrease_factor=0.500000
rprop_delta_min=0.000000
rprop_delta_max=50.000000
rprop_delta_zero=0.100000
cascade_output_stagnation_epochs=12
cascade_candidate_change_fraction=0.010000
cascade_candidate_stagnation_epochs=12
cascade_max_out_epochs=150
cascade_min_out_epochs=50
cascade_max_cand_epochs=150
cascade_min_cand_epochs=50
cascade_num_candidate_groups=2
bit_fail_limit=3.49999994039535522461e-01
cascade_candidate_limit=1.00000000000000000000e+03
cascade_weight_multiplier=4.00000005960464477539e-01
cascade_activation_functions_count=10
cascade_activation_functions=3 5 7 8 10 11 14 15 16 17 
cascade_activation_steepnesses_count=4
cascade_activation_steepnesses=2.50000000000000000000e-01 5.00000000000000000000e-01 7.50000000000000000000e-01 1.00000000000000000000e+00 
layer_sizes=7 5 2 
scale_included=0
neurons (num_inputs, activation_function, activation_steepness)=(0, 0, 0.00000000000000000000e+00) (0, 0, 0.00000000000000000000e+00) (0, 0, 0.00000000000000000000e+00) (0, 0, 0.00000000000000000000e+00) (0, 0, 0.00000000000000000000e+00) (0, 0, 0.00000000000000000000e+00) (0, 0, 0.00000000000000000000e+00) (7, 3, 5.00000000000000000000e-01) (7, 3, 5.00000000000000000000e-01) (7, 3, 5.00000000000000000000e-01) (7, 3, 5.00000000000000000000e-01) (0, 3, 0.00000000000000000000e+00) (5, 0, 5.00000000000000000000e-01) (0, 0, 0.00000000000000000000e+00) 
connections (connected_to_neuron, weight)=(0, -8.31577777862548828125e-01) (1, -3.33158433437347412109e-01) (2, 1.14135727286338806152e-01) (3, -5.16466975212097167969e-01) (4, 8.52478742599487304688e-01) (5, 6.77139461040496826172e-01) (6, -5.98605275154113769531e-01) (0, 6.42645955085754394531e-01) (1, -4.39692229032516479492e-01) (2, 2.37766456604003906250e+00) (3, -6.89165651798248291016e-01) (4, 3.33418059349060058594e+00) (5, -1.94376814365386962891e+00) (6, -2.27474999427795410156e+00) (0, -1.75933286547660827637e-01) (1, -2.68278980255126953125e+00) (2, -8.72461795806884765625e-01) (3, -4.33584809303283691406e-01) (4, 7.67377316951751708984e-01) (5, 7.15117096900939941406e-01) (6, -1.36719271540641784668e-01) (0, -1.62978661060333251953e+00) (1, -3.95544052124023437500e-01) (2, 1.69109153747558593750e+00) (3, -1.21838533878326416016e+00) (4, 1.00052893161773681641e+00) (5, 8.92253756523132324219e-01) (6, -1.73686099052429199219e+00) (7, -1.79231241345405578613e-02) (8, -7.74459540843963623047e-01) (9, -1.27955172210931777954e-02) (10, 1.00556593388319015503e-02) (11, 7.83515810966491699219e-01) 
