FANN_FLO_2.1
num_layers=4
learning_rate=0.500000
connection_rate=1.000000
network_type=0
learning_momentum=0.000000
training_algorithm=2
train_error_function=1
train_stop_function=0
cascade_output_change_fraction=0.010000
quickprop_decay=-0.000100
quickprop_mu=1.750000
rprop_increase_factor=1.200000
rprop_decrease_factor=0.500000
rprop_delta_min=0.000000
rprop_delta_max=50.000000
rprop_delta_zero=0.100000
cascade_output_stagnation_epochs=12
cascade_candidate_change_fraction=0.010000
cascade_candidate_stagnation_epochs=12
cascade_max_out_epochs=150
cascade_min_out_epochs=50
cascade_max_cand_epochs=150
cascade_min_cand_epochs=50
cascade_num_candidate_groups=2
bit_fail_limit=3.49999994039535522461e-01
cascade_candidate_limit=1.00000000000000000000e+03
cascade_weight_multiplier=4.00000005960464477539e-01
cascade_activation_functions_count=10
cascade_activation_functions=3 5 7 8 10 11 14 15 16 17 
cascade_activation_steepnesses_count=4
cascade_activation_steepnesses=2.50000000000000000000e-01 5.00000000000000000000e-01 7.50000000000000000000e-01 1.00000000000000000000e+00 
layer_sizes=4 5 3 2 
scale_included=0
neurons (num_inputs, activation_function, activation_steepness)=(0, 0, 0.00000000000000000000e+00) (0, 0, 0.00000000000000000000e+00) (0, 0, 0.00000000000000000000e+00) (0, 0, 0.00000000000000000000e+00) (4, 3, 5.00000000000000000000e-01) (4, 3, 5.00000000000000000000e-01) (4, 3, 5.00000000000000000000e-01) (4, 3, 5.00000000000000000000e-01) (0, 3, 0.00000000000000000000e+00) (5, 3, 5.00000000000000000000e-01) (5, 3, 5.00000000000000000000e-01) (0, 3, 0.00000000000000000000e+00) (3, 3, 5.00000000000000000000e-01) (0, 3, 0.00000000000000000000e+00) 
connections (connected_to_neuron, weight)=(0, -4.40000677108764648438e+00) (1, -3.94041633605957031250e+00) (2, -1.43460881710052490234e+00) (3, 2.99810361862182617188e+00) (0, -2.76777410507202148438e+00) (1, -4.99487686157226562500e+01) (2, 1.43519306182861328125e+00) (3, 6.33478045463562011719e-01) (0, -2.88414978981018066406e+00) (1, -7.60088348388671875000e+00) (2, 1.24785304069519042969e+00) (3, 2.01921010017395019531e+00) (0, -4.40919780731201171875e+00) (1, -1.50915443897247314453e+00) (2, -1.85482311248779296875e+00) (3, 3.03380036354064941406e+00) (4, 1.78708610534667968750e+01) (5, 8.07868118286132812500e+01) (6, 9.80838584899902343750e+00) (7, 1.78770828247070312500e+01) (8, -8.06296634674072265625e+00) (4, 6.14223003387451171875e+00) (5, 1.84561939239501953125e+01) (6, 9.14129924774169921875e+00) (7, 9.84111726284027099609e-02) (8, -2.30597400665283203125e+00) (9, -5.52951574325561523438e+00) (10, 1.36393737792968750000e+00) (11, 1.97056233882904052734e+00) 
