FANN_FLO_2.1
num_layers=3
learning_rate=0.400000
connection_rate=1.000000
network_type=0
learning_momentum=0.000000
training_algorithm=2
train_error_function=1
train_stop_function=0
cascade_output_change_fraction=0.010000
quickprop_decay=-0.000100
quickprop_mu=1.750000
rprop_increase_factor=1.200000
rprop_decrease_factor=0.500000
rprop_delta_min=0.000000
rprop_delta_max=50.000000
rprop_delta_zero=0.100000
cascade_output_stagnation_epochs=12
cascade_candidate_change_fraction=0.010000
cascade_candidate_stagnation_epochs=12
cascade_max_out_epochs=150
cascade_min_out_epochs=50
cascade_max_cand_epochs=150
cascade_min_cand_epochs=50
cascade_num_candidate_groups=2
bit_fail_limit=3.49999994039535522461e-01
cascade_candidate_limit=1.00000000000000000000e+03
cascade_weight_multiplier=4.00000005960464477539e-01
cascade_activation_functions_count=10
cascade_activation_functions=3 5 7 8 10 11 14 15 16 17 
cascade_activation_steepnesses_count=4
cascade_activation_steepnesses=2.50000000000000000000e-01 5.00000000000000000000e-01 7.50000000000000000000e-01 1.00000000000000000000e+00 
layer_sizes=6 5 2 
scale_included=0
neurons (num_inputs, activation_function, activation_steepness)=(0, 0, 0.00000000000000000000e+00) (0, 0, 0.00000000000000000000e+00) (0, 0, 0.00000000000000000000e+00) (0, 0, 0.00000000000000000000e+00) (0, 0, 0.00000000000000000000e+00) (0, 0, 0.00000000000000000000e+00) (6, 3, 5.00000000000000000000e-01) (6, 3, 5.00000000000000000000e-01) (6, 3, 5.00000000000000000000e-01) (6, 3, 5.00000000000000000000e-01) (0, 3, 0.00000000000000000000e+00) (5, 0, 5.00000000000000000000e-01) (0, 0, 0.00000000000000000000e+00) 
connections (connected_to_neuron, weight)=(0, -1.50000000000000000000e+03) (1, -6.90800048828125000000e+02) (2, -2.53181076049804687500e+00) (3, -7.84256362915039062500e+01) (4, 5.24848794937133789062e+00) (5, -8.53104400634765625000e+00) (0, -1.50000000000000000000e+03) (1, -6.90800048828125000000e+02) (2, -6.22589254379272460938e+00) (3, -7.12626266479492187500e+00) (4, -5.97406089305877685547e-01) (5, -9.32485461235046386719e-01) (0, -1.50000000000000000000e+03) (1, -6.90800048828125000000e+02) (2, -2.05016204833984375000e+02) (3, -9.06670837402343750000e+02) (4, 7.51175522804260253906e-01) (5, 2.91385263204574584961e-01) (0, -1.50000000000000000000e+03) (1, -6.90800048828125000000e+02) (2, -9.53760528564453125000e+00) (3, -1.49264180660247802734e+00) (4, 1.85919928550720214844e+00) (5, -2.54828661680221557617e-01) (6, 5.38824272155761718750e+00) (7, 7.33412017822265625000e+01) (8, 4.45554584264755249023e-01) (9, 7.32761459350585937500e+01) (10, 6.72647058963775634766e-01) 
