FANN_FLO_2.1
num_layers=3
learning_rate=0.500000
connection_rate=1.000000
network_type=0
learning_momentum=0.000000
training_algorithm=2
train_error_function=1
train_stop_function=0
cascade_output_change_fraction=0.010000
quickprop_decay=-0.000100
quickprop_mu=1.750000
rprop_increase_factor=1.200000
rprop_decrease_factor=0.500000
rprop_delta_min=0.000000
rprop_delta_max=50.000000
rprop_delta_zero=0.100000
cascade_output_stagnation_epochs=12
cascade_candidate_change_fraction=0.010000
cascade_candidate_stagnation_epochs=12
cascade_max_out_epochs=150
cascade_min_out_epochs=50
cascade_max_cand_epochs=150
cascade_min_cand_epochs=50
cascade_num_candidate_groups=2
bit_fail_limit=3.49999994039535522461e-01
cascade_candidate_limit=1.00000000000000000000e+03
cascade_weight_multiplier=4.00000005960464477539e-01
cascade_activation_functions_count=10
cascade_activation_functions=3 5 7 8 10 11 14 15 16 17 
cascade_activation_steepnesses_count=4
cascade_activation_steepnesses=2.50000000000000000000e-01 5.00000000000000000000e-01 7.50000000000000000000e-01 1.00000000000000000000e+00 
layer_sizes=3 5 4 
scale_included=0
neurons (num_inputs, activation_function, activation_steepness)=(0, 0, 0.00000000000000000000e+00) (0, 0, 0.00000000000000000000e+00) (0, 0, 0.00000000000000000000e+00) (3, 3, 5.00000000000000000000e-01) (3, 3, 5.00000000000000000000e-01) (3, 3, 5.00000000000000000000e-01) (3, 3, 5.00000000000000000000e-01) (0, 3, 0.00000000000000000000e+00) (5, 0, 5.00000000000000000000e-01) (5, 0, 5.00000000000000000000e-01) (5, 0, 5.00000000000000000000e-01) (0, 0, 0.00000000000000000000e+00) 
connections (connected_to_neuron, weight)=(0, -2.73164010047912597656e+00) (1, -5.31092643737792968750e-01) (2, 7.38920748233795166016e-01) (0, -1.61406116485595703125e+01) (1, 1.46799507141113281250e+01) (2, 1.70304317474365234375e+01) (0, -3.37880754470825195312e+00) (1, 2.12996244430541992188e+00) (2, 9.52740848064422607422e-01) (0, -2.19183588027954101562e+00) (1, -3.08206725120544433594e+00) (2, 7.69217610359191894531e-01) (3, 3.47764873504638671875e+00) (4, 4.80418741703033447266e-01) (5, 2.66327762603759765625e+00) (6, 2.77642560005187988281e+00) (7, 1.22501862049102783203e+00) (3, 9.47937583923339843750e+00) (4, 2.88684463500976562500e+00) (5, 8.23615837097167968750e+00) (6, 7.74751520156860351562e+00) (7, 4.46491098403930664062e+00) (3, 3.10427837371826171875e+01) (4, 1.07951288223266601562e+01) (5, 2.41407508850097656250e+01) (6, 2.51472930908203125000e+01) (7, 1.93434638977050781250e+01) 
