FANN_FLO_2.1
num_layers=4
learning_rate=0.500000
connection_rate=1.000000
network_type=0
learning_momentum=0.000000
training_algorithm=2
train_error_function=1
train_stop_function=0
cascade_output_change_fraction=0.010000
quickprop_decay=-0.000100
quickprop_mu=1.750000
rprop_increase_factor=1.200000
rprop_decrease_factor=0.500000
rprop_delta_min=0.000000
rprop_delta_max=50.000000
rprop_delta_zero=0.100000
cascade_output_stagnation_epochs=12
cascade_candidate_change_fraction=0.010000
cascade_candidate_stagnation_epochs=12
cascade_max_out_epochs=150
cascade_min_out_epochs=50
cascade_max_cand_epochs=150
cascade_min_cand_epochs=50
cascade_num_candidate_groups=2
bit_fail_limit=3.49999994039535522461e-01
cascade_candidate_limit=1.00000000000000000000e+03
cascade_weight_multiplier=4.00000005960464477539e-01
cascade_activation_functions_count=10
cascade_activation_functions=3 5 7 8 10 11 14 15 16 17 
cascade_activation_steepnesses_count=4
cascade_activation_steepnesses=2.50000000000000000000e-01 5.00000000000000000000e-01 7.50000000000000000000e-01 1.00000000000000000000e+00 
layer_sizes=4 5 5 2 
scale_included=0
neurons (num_inputs, activation_function, activation_steepness)=(0, 0, 0.00000000000000000000e+00) (0, 0, 0.00000000000000000000e+00) (0, 0, 0.00000000000000000000e+00) (0, 0, 0.00000000000000000000e+00) (4, 3, 5.00000000000000000000e-01) (4, 3, 5.00000000000000000000e-01) (4, 3, 5.00000000000000000000e-01) (4, 3, 5.00000000000000000000e-01) (0, 3, 0.00000000000000000000e+00) (5, 3, 5.00000000000000000000e-01) (5, 3, 5.00000000000000000000e-01) (5, 3, 5.00000000000000000000e-01) (5, 3, 5.00000000000000000000e-01) (0, 3, 0.00000000000000000000e+00) (5, 3, 5.00000000000000000000e-01) (0, 3, 0.00000000000000000000e+00) 
connections (connected_to_neuron, weight)=(0, -7.51579713821411132812e+00) (1, -1.93164062500000000000e+02) (2, 1.13968971252441406250e+02) (3, 3.44099187850952148438e+00) (0, 1.32732057571411132812e+01) (1, -5.54809143066406250000e+02) (2, 4.48507690429687500000e+02) (3, 2.83420801162719726562e+00) (0, -6.71838998794555664062e+00) (1, -1.43295717239379882812e+01) (2, 2.17958256602287292480e-01) (3, 6.42028999328613281250e+00) (0, -4.38915061950683593750e+00) (1, -2.08798351287841796875e+01) (2, -2.79662837982177734375e+01) (3, -2.78899765014648437500e+00) (4, -9.75108337402343750000e+02) (5, -1.38822949218750000000e+03) (6, -8.69038452148437500000e+02) (7, -1.70897476196289062500e+02) (8, 5.40361785888671875000e+01) (4, -2.99910430908203125000e+02) (5, 3.07026550292968750000e+02) (6, 1.19008422851562500000e+03) (7, 5.52252349853515625000e+01) (8, -2.85346817970275878906e+00) (4, 2.87701845169067382812e-01) (5, -1.89887058734893798828e+00) (6, 8.57010602951049804688e-01) (7, -9.29848403930664062500e+01) (8, 3.93238812685012817383e-01) (4, 2.07691383361816406250e+00) (5, 3.12371921539306640625e+00) (6, 8.48632354736328125000e+01) (7, 1.48200000000000000000e+03) (8, -3.52546048164367675781e+00) (9, 3.00000000000000000000e+02) (10, -2.14341902732849121094e+00) (11, 7.36778211593627929688e+00) (12, -5.50101709365844726562e+00) (13, 3.71955573558807373047e-01) 
