FANN_FLO_2.1
num_layers=3
learning_rate=0.500000
connection_rate=1.000000
network_type=0
learning_momentum=0.000000
training_algorithm=2
train_error_function=1
train_stop_function=0
cascade_output_change_fraction=0.010000
quickprop_decay=-0.000100
quickprop_mu=1.750000
rprop_increase_factor=1.200000
rprop_decrease_factor=0.500000
rprop_delta_min=0.000000
rprop_delta_max=50.000000
rprop_delta_zero=0.100000
cascade_output_stagnation_epochs=12
cascade_candidate_change_fraction=0.010000
cascade_candidate_stagnation_epochs=12
cascade_max_out_epochs=150
cascade_min_out_epochs=50
cascade_max_cand_epochs=150
cascade_min_cand_epochs=50
cascade_num_candidate_groups=2
bit_fail_limit=3.49999994039535522461e-01
cascade_candidate_limit=1.00000000000000000000e+03
cascade_weight_multiplier=4.00000005960464477539e-01
cascade_activation_functions_count=10
cascade_activation_functions=3 5 7 8 10 11 14 15 16 17 
cascade_activation_steepnesses_count=4
cascade_activation_steepnesses=2.50000000000000000000e-01 5.00000000000000000000e-01 7.50000000000000000000e-01 1.00000000000000000000e+00 
layer_sizes=7 5 2 
scale_included=0
neurons (num_inputs, activation_function, activation_steepness)=(0, 0, 0.00000000000000000000e+00) (0, 0, 0.00000000000000000000e+00) (0, 0, 0.00000000000000000000e+00) (0, 0, 0.00000000000000000000e+00) (0, 0, 0.00000000000000000000e+00) (0, 0, 0.00000000000000000000e+00) (0, 0, 0.00000000000000000000e+00) (7, 3, 5.00000000000000000000e-01) (7, 3, 5.00000000000000000000e-01) (7, 3, 5.00000000000000000000e-01) (7, 3, 5.00000000000000000000e-01) (0, 3, 0.00000000000000000000e+00) (5, 0, 5.00000000000000000000e-01) (0, 0, 0.00000000000000000000e+00) 
connections (connected_to_neuron, weight)=(0, -3.74228566884994506836e-01) (1, 2.05444350838661193848e-01) (2, 1.50092649459838867188e+00) (3, -3.99203151464462280273e-01) (4, -1.08492277562618255615e-01) (5, -3.71010303497314453125e-01) (6, -5.90204620361328125000e+00) (0, 1.50000000000000000000e+03) (1, 1.50000000000000000000e+03) (2, 1.50000000000000000000e+03) (3, -1.64058193564414978027e-01) (4, 5.24700582027435302734e-01) (5, -4.63903930664062500000e+02) (6, 1.18978953361511230469e+00) (0, 3.13467204570770263672e-01) (1, 6.88316822052001953125e-02) (2, -1.49476385116577148438e+00) (3, 7.86402761936187744141e-01) (4, 2.57990837097167968750e-01) (5, -3.59223216772079467773e-01) (6, 1.02165424823760986328e+00) (0, -2.32044525146484375000e+01) (1, -2.72506732940673828125e+01) (2, -1.09205187988281250000e+03) (3, -6.12575531005859375000e-01) (4, 4.74751070141792297363e-02) (5, -8.08955841064453125000e+01) (6, -5.78949749469757080078e-01) (7, -2.55087673664093017578e-01) (8, 9.43567156791687011719e-02) (9, -2.50980883836746215820e-01) (10, 2.90258239746093750000e+02) (11, 1.73739999532699584961e-01) 
