FANN_FLO_2.1
num_layers=4
learning_rate=0.500000
connection_rate=1.000000
network_type=0
learning_momentum=0.000000
training_algorithm=2
train_error_function=1
train_stop_function=0
cascade_output_change_fraction=0.010000
quickprop_decay=-0.000100
quickprop_mu=1.750000
rprop_increase_factor=1.200000
rprop_decrease_factor=0.500000
rprop_delta_min=0.000000
rprop_delta_max=50.000000
rprop_delta_zero=0.100000
cascade_output_stagnation_epochs=12
cascade_candidate_change_fraction=0.010000
cascade_candidate_stagnation_epochs=12
cascade_max_out_epochs=150
cascade_min_out_epochs=50
cascade_max_cand_epochs=150
cascade_min_cand_epochs=50
cascade_num_candidate_groups=2
bit_fail_limit=3.49999994039535522461e-01
cascade_candidate_limit=1.00000000000000000000e+03
cascade_weight_multiplier=4.00000005960464477539e-01
cascade_activation_functions_count=10
cascade_activation_functions=3 5 7 8 10 11 14 15 16 17 
cascade_activation_steepnesses_count=4
cascade_activation_steepnesses=2.50000000000000000000e-01 5.00000000000000000000e-01 7.50000000000000000000e-01 1.00000000000000000000e+00 
layer_sizes=4 5 3 2 
scale_included=0
neurons (num_inputs, activation_function, activation_steepness)=(0, 0, 0.00000000000000000000e+00) (0, 0, 0.00000000000000000000e+00) (0, 0, 0.00000000000000000000e+00) (0, 0, 0.00000000000000000000e+00) (4, 3, 5.00000000000000000000e-01) (4, 3, 5.00000000000000000000e-01) (4, 3, 5.00000000000000000000e-01) (4, 3, 5.00000000000000000000e-01) (0, 3, 0.00000000000000000000e+00) (5, 3, 5.00000000000000000000e-01) (5, 3, 5.00000000000000000000e-01) (0, 3, 0.00000000000000000000e+00) (3, 3, 5.00000000000000000000e-01) (0, 3, 0.00000000000000000000e+00) 
connections (connected_to_neuron, weight)=(0, -1.22985112667083740234e+00) (1, -5.19269609451293945312e+00) (2, 1.45343053340911865234e+00) (3, 7.86628961563110351562e-01) (0, -2.14801287651062011719e+00) (1, -4.54927253723144531250e+00) (2, 1.60042190551757812500e+00) (3, 1.52376186847686767578e+00) (0, -2.16561532020568847656e+00) (1, -5.42468643188476562500e+00) (2, 1.65263581275939941406e+00) (3, 1.55221271514892578125e+00) (0, 3.09668564796447753906e+00) (1, -3.73886799812316894531e+00) (2, 4.07647895812988281250e+00) (3, -2.14412093162536621094e+00) (4, 2.80899095535278320312e+00) (5, 1.69351654052734375000e+01) (6, 4.34575796127319335938e+00) (7, -1.34120826721191406250e+01) (8, 8.82101893424987792969e-01) (4, 1.28684461116790771484e+00) (5, 6.03555917739868164062e+00) (6, 4.20277166366577148438e+00) (7, -6.61193752288818359375e+00) (8, 1.36749482154846191406e+00) (9, -4.98334980010986328125e+00) (10, -1.13708406686782836914e-01) (11, 2.71403360366821289062e+00) 
