FANN_FLO_2.1
num_layers=3
learning_rate=0.400000
connection_rate=1.000000
network_type=0
learning_momentum=0.000000
training_algorithm=2
train_error_function=1
train_stop_function=0
cascade_output_change_fraction=0.010000
quickprop_decay=-0.000100
quickprop_mu=1.750000
rprop_increase_factor=1.200000
rprop_decrease_factor=0.500000
rprop_delta_min=0.000000
rprop_delta_max=50.000000
rprop_delta_zero=0.100000
cascade_output_stagnation_epochs=12
cascade_candidate_change_fraction=0.010000
cascade_candidate_stagnation_epochs=12
cascade_max_out_epochs=150
cascade_min_out_epochs=50
cascade_max_cand_epochs=150
cascade_min_cand_epochs=50
cascade_num_candidate_groups=2
bit_fail_limit=3.49999994039535522461e-01
cascade_candidate_limit=1.00000000000000000000e+03
cascade_weight_multiplier=4.00000005960464477539e-01
cascade_activation_functions_count=10
cascade_activation_functions=3 5 7 8 10 11 14 15 16 17 
cascade_activation_steepnesses_count=4
cascade_activation_steepnesses=2.50000000000000000000e-01 5.00000000000000000000e-01 7.50000000000000000000e-01 1.00000000000000000000e+00 
layer_sizes=6 5 2 
scale_included=0
neurons (num_inputs, activation_function, activation_steepness)=(0, 0, 0.00000000000000000000e+00) (0, 0, 0.00000000000000000000e+00) (0, 0, 0.00000000000000000000e+00) (0, 0, 0.00000000000000000000e+00) (0, 0, 0.00000000000000000000e+00) (0, 0, 0.00000000000000000000e+00) (6, 3, 5.00000000000000000000e-01) (6, 3, 5.00000000000000000000e-01) (6, 3, 5.00000000000000000000e-01) (6, 3, 5.00000000000000000000e-01) (0, 3, 0.00000000000000000000e+00) (5, 0, 5.00000000000000000000e-01) (0, 0, 0.00000000000000000000e+00) 
connections (connected_to_neuron, weight)=(0, -1.50000000000000000000e+03) (1, -1.50000000000000000000e+03) (2, -3.70100617408752441406e+00) (3, -4.34734448790550231934e-02) (4, -2.79654359817504882812e+00) (5, 8.27358722686767578125e-01) (0, -1.50000000000000000000e+03) (1, -1.50000000000000000000e+03) (2, -6.40437412261962890625e+00) (3, -1.01168787479400634766e+00) (4, -9.37011957168579101562e-01) (5, 2.36172616481781005859e-01) (0, -1.50000000000000000000e+03) (1, -1.50000000000000000000e+03) (2, -6.33756637573242187500e+00) (3, -9.07659947872161865234e-01) (4, -1.06402814388275146484e+00) (5, 1.32941067218780517578e-01) (0, -1.50000000000000000000e+03) (1, -1.50000000000000000000e+03) (2, -6.50666618347167968750e+00) (3, -9.30905580520629882812e-01) (4, -8.60200047492980957031e-01) (5, 1.73366904258728027344e-01) (6, 2.26397537231445312500e+02) (7, 4.78338241577148437500e+01) (8, 4.68025207519531250000e+01) (9, 4.67295951843261718750e+01) (10, 9.49252426624298095703e-01) 
