FANN_FLO_2.1
num_layers=4
learning_rate=0.300000
connection_rate=1.000000
network_type=0
learning_momentum=0.000000
training_algorithm=2
train_error_function=1
train_stop_function=0
cascade_output_change_fraction=0.010000
quickprop_decay=-0.000100
quickprop_mu=1.750000
rprop_increase_factor=1.200000
rprop_decrease_factor=0.500000
rprop_delta_min=0.000000
rprop_delta_max=50.000000
rprop_delta_zero=0.100000
cascade_output_stagnation_epochs=12
cascade_candidate_change_fraction=0.010000
cascade_candidate_stagnation_epochs=12
cascade_max_out_epochs=150
cascade_min_out_epochs=50
cascade_max_cand_epochs=150
cascade_min_cand_epochs=50
cascade_num_candidate_groups=2
bit_fail_limit=3.49999994039535522461e-01
cascade_candidate_limit=1.00000000000000000000e+03
cascade_weight_multiplier=4.00000005960464477539e-01
cascade_activation_functions_count=10
cascade_activation_functions=3 5 7 8 10 11 14 15 16 17 
cascade_activation_steepnesses_count=4
cascade_activation_steepnesses=2.50000000000000000000e-01 5.00000000000000000000e-01 7.50000000000000000000e-01 1.00000000000000000000e+00 
layer_sizes=2 5 3 3 
scale_included=0
neurons (num_inputs, activation_function, activation_steepness)=(0, 0, 0.00000000000000000000e+00) (0, 0, 0.00000000000000000000e+00) (2, 3, 5.00000000000000000000e-01) (2, 3, 5.00000000000000000000e-01) (2, 3, 5.00000000000000000000e-01) (2, 3, 5.00000000000000000000e-01) (0, 3, 0.00000000000000000000e+00) (5, 3, 5.00000000000000000000e-01) (5, 3, 5.00000000000000000000e-01) (0, 3, 0.00000000000000000000e+00) (3, 0, 5.00000000000000000000e-01) (3, 0, 5.00000000000000000000e-01) (0, 0, 0.00000000000000000000e+00) 
connections (connected_to_neuron, weight)=(0, -2.30124759674072265625e+00) (1, -5.08028268814086914062e+00) (0, -2.82207560539245605469e+00) (1, -4.74842500686645507812e+00) (0, -2.28625082969665527344e+00) (1, -5.01591062545776367188e+00) (0, -6.33882427215576171875e+00) (1, -8.99838447570800781250e+00) (2, 5.50860702991485595703e-01) (3, 2.06568688154220581055e-01) (4, 5.11811017990112304688e-01) (5, 3.76715397834777832031e+00) (6, 3.74111011624336242676e-02) (2, -4.85049915313720703125e+00) (3, -1.01112508773803710938e+00) (4, -5.49940764904022216797e-01) (5, 4.17053794860839843750e+00) (6, -1.43499433994293212891e-01) (7, 7.65231624245643615723e-02) (8, 2.21354529261589050293e-01) (9, -1.78116157650947570801e-01) (7, -8.47830533981323242188e-01) (8, -1.07597041130065917969e+00) (9, -4.63251829147338867188e-01) 
