FANN_FLO_2.1
num_layers=4
learning_rate=0.500000
connection_rate=1.000000
network_type=0
learning_momentum=0.000000
training_algorithm=2
train_error_function=1
train_stop_function=0
cascade_output_change_fraction=0.010000
quickprop_decay=-0.000100
quickprop_mu=1.750000
rprop_increase_factor=1.200000
rprop_decrease_factor=0.500000
rprop_delta_min=0.000000
rprop_delta_max=50.000000
rprop_delta_zero=0.100000
cascade_output_stagnation_epochs=12
cascade_candidate_change_fraction=0.010000
cascade_candidate_stagnation_epochs=12
cascade_max_out_epochs=150
cascade_min_out_epochs=50
cascade_max_cand_epochs=150
cascade_min_cand_epochs=50
cascade_num_candidate_groups=2
bit_fail_limit=3.49999994039535522461e-01
cascade_candidate_limit=1.00000000000000000000e+03
cascade_weight_multiplier=4.00000005960464477539e-01
cascade_activation_functions_count=10
cascade_activation_functions=3 5 7 8 10 11 14 15 16 17 
cascade_activation_steepnesses_count=4
cascade_activation_steepnesses=2.50000000000000000000e-01 5.00000000000000000000e-01 7.50000000000000000000e-01 1.00000000000000000000e+00 
layer_sizes=4 5 5 2 
scale_included=0
neurons (num_inputs, activation_function, activation_steepness)=(0, 0, 0.00000000000000000000e+00) (0, 0, 0.00000000000000000000e+00) (0, 0, 0.00000000000000000000e+00) (0, 0, 0.00000000000000000000e+00) (4, 3, 5.00000000000000000000e-01) (4, 3, 5.00000000000000000000e-01) (4, 3, 5.00000000000000000000e-01) (4, 3, 5.00000000000000000000e-01) (0, 3, 0.00000000000000000000e+00) (5, 3, 5.00000000000000000000e-01) (5, 3, 5.00000000000000000000e-01) (5, 3, 5.00000000000000000000e-01) (5, 3, 5.00000000000000000000e-01) (0, 3, 0.00000000000000000000e+00) (5, 3, 5.00000000000000000000e-01) (0, 3, 0.00000000000000000000e+00) 
connections (connected_to_neuron, weight)=(0, -7.23962068557739257812e+00) (1, -9.68952083587646484375e+00) (2, -1.80038189888000488281e+00) (3, 4.59681606292724609375e+00) (0, -7.98234128952026367188e+00) (1, -1.74675121307373046875e+01) (2, -1.08540296554565429688e+00) (3, 4.58822107315063476562e+00) (0, -6.66384267807006835938e+00) (1, -5.40062808990478515625e+00) (2, -2.61949491500854492188e+00) (3, 5.26682472229003906250e+00) (0, -7.94228696823120117188e+00) (1, -1.73986797332763671875e+01) (2, -1.09586262702941894531e+00) (3, 4.52507066726684570312e+00) (4, 2.32047290802001953125e+01) (5, -3.17448043823242187500e+01) (6, 5.23002624511718750000e+01) (7, -3.17661857604980468750e+01) (8, -7.60161638259887695312e+00) (4, 9.22612857818603515625e+00) (5, -6.69267034530639648438e+00) (6, 2.52920856475830078125e+01) (7, 1.24527728557586669922e+00) (8, -3.27769446372985839844e+00) (4, -1.24003720283508300781e+00) (5, -2.15617809295654296875e+01) (6, 3.77171630859375000000e+01) (7, -8.75565052032470703125e+00) (8, -1.97819280624389648438e+00) (4, 1.78842048645019531250e+01) (5, -3.31857070922851562500e+01) (6, 5.33522338867187500000e+01) (7, -2.27953453063964843750e+01) (8, -7.53315639495849609375e+00) (9, -1.61255192756652832031e+00) (10, -6.42800450325012207031e-01) (11, -6.12713873386383056641e-01) (12, -1.56954336166381835938e+00) (13, 2.23744750022888183594e+00) 
