FANN_FLO_2.1
num_layers=4
learning_rate=0.500000
connection_rate=1.000000
network_type=0
learning_momentum=0.000000
training_algorithm=2
train_error_function=1
train_stop_function=0
cascade_output_change_fraction=0.010000
quickprop_decay=-0.000100
quickprop_mu=1.750000
rprop_increase_factor=1.200000
rprop_decrease_factor=0.500000
rprop_delta_min=0.000000
rprop_delta_max=50.000000
rprop_delta_zero=0.100000
cascade_output_stagnation_epochs=12
cascade_candidate_change_fraction=0.010000
cascade_candidate_stagnation_epochs=12
cascade_max_out_epochs=150
cascade_min_out_epochs=50
cascade_max_cand_epochs=150
cascade_min_cand_epochs=50
cascade_num_candidate_groups=2
bit_fail_limit=3.49999994039535522461e-01
cascade_candidate_limit=1.00000000000000000000e+03
cascade_weight_multiplier=4.00000005960464477539e-01
cascade_activation_functions_count=10
cascade_activation_functions=3 5 7 8 10 11 14 15 16 17 
cascade_activation_steepnesses_count=4
cascade_activation_steepnesses=2.50000000000000000000e-01 5.00000000000000000000e-01 7.50000000000000000000e-01 1.00000000000000000000e+00 
layer_sizes=4 5 5 2 
scale_included=0
neurons (num_inputs, activation_function, activation_steepness)=(0, 0, 0.00000000000000000000e+00) (0, 0, 0.00000000000000000000e+00) (0, 0, 0.00000000000000000000e+00) (0, 0, 0.00000000000000000000e+00) (4, 3, 5.00000000000000000000e-01) (4, 3, 5.00000000000000000000e-01) (4, 3, 5.00000000000000000000e-01) (4, 3, 5.00000000000000000000e-01) (0, 3, 0.00000000000000000000e+00) (5, 3, 5.00000000000000000000e-01) (5, 3, 5.00000000000000000000e-01) (5, 3, 5.00000000000000000000e-01) (5, 3, 5.00000000000000000000e-01) (0, 3, 0.00000000000000000000e+00) (5, 3, 5.00000000000000000000e-01) (0, 3, 0.00000000000000000000e+00) 
connections (connected_to_neuron, weight)=(0, -2.58796596527099609375e+00) (1, -2.84740877151489257812e+00) (2, 6.75438344478607177734e-02) (3, 2.21724104881286621094e+00) (0, 2.71478128433227539062e+00) (1, -2.63389606475830078125e+01) (2, 3.21118278503417968750e+01) (3, 1.02959811687469482422e+00) (0, -2.54764604568481445312e+00) (1, -3.00788927078247070312e+00) (2, -5.89912176132202148438e-01) (3, 2.32868409156799316406e+00) (0, -2.54400968551635742188e+00) (1, -3.04570007324218750000e+00) (2, -4.98202979564666748047e-01) (3, 2.28322434425354003906e+00) (4, 1.14691085815429687500e+01) (5, -6.81847572326660156250e+00) (6, 1.16612377166748046875e+01) (7, 1.31302165985107421875e+01) (8, -6.79661417007446289062e+00) (4, -4.92066478729248046875e+00) (5, 3.26724934577941894531e+00) (6, -3.27162718772888183594e+00) (7, -3.26549959182739257812e+00) (8, 7.32877969741821289062e-01) (4, -3.97594308853149414062e+00) (5, 3.05319976806640625000e+00) (6, -3.58798670768737792969e+00) (7, -3.50984978675842285156e+00) (8, 8.40289711952209472656e-01) (4, 1.15233812332153320312e+01) (5, -6.37201547622680664062e+00) (6, 1.27123165130615234375e+01) (7, 1.19433259963989257812e+01) (8, -7.16735601425170898438e+00) (9, -1.22555303573608398438e+00) (10, 4.26597386598587036133e-01) (11, -9.28360819816589355469e-01) (12, -3.89591407775878906250e+00) (13, 2.84315824508666992188e+00) 
