FANN_FLO_2.1
num_layers=4
learning_rate=0.450000
connection_rate=1.000000
network_type=0
learning_momentum=0.000000
training_algorithm=2
train_error_function=1
train_stop_function=0
cascade_output_change_fraction=0.010000
quickprop_decay=-0.000100
quickprop_mu=1.750000
rprop_increase_factor=1.200000
rprop_decrease_factor=0.500000
rprop_delta_min=0.000000
rprop_delta_max=50.000000
rprop_delta_zero=0.100000
cascade_output_stagnation_epochs=12
cascade_candidate_change_fraction=0.010000
cascade_candidate_stagnation_epochs=12
cascade_max_out_epochs=150
cascade_min_out_epochs=50
cascade_max_cand_epochs=150
cascade_min_cand_epochs=50
cascade_num_candidate_groups=2
bit_fail_limit=3.49999994039535522461e-01
cascade_candidate_limit=1.00000000000000000000e+03
cascade_weight_multiplier=4.00000005960464477539e-01
cascade_activation_functions_count=10
cascade_activation_functions=3 5 7 8 10 11 14 15 16 17 
cascade_activation_steepnesses_count=4
cascade_activation_steepnesses=2.50000000000000000000e-01 5.00000000000000000000e-01 7.50000000000000000000e-01 1.00000000000000000000e+00 
layer_sizes=7 5 5 2 
scale_included=0
neurons (num_inputs, activation_function, activation_steepness)=(0, 0, 0.00000000000000000000e+00) (0, 0, 0.00000000000000000000e+00) (0, 0, 0.00000000000000000000e+00) (0, 0, 0.00000000000000000000e+00) (0, 0, 0.00000000000000000000e+00) (0, 0, 0.00000000000000000000e+00) (0, 0, 0.00000000000000000000e+00) (7, 3, 5.00000000000000000000e-01) (7, 3, 5.00000000000000000000e-01) (7, 3, 5.00000000000000000000e-01) (7, 3, 5.00000000000000000000e-01) (0, 3, 0.00000000000000000000e+00) (5, 3, 5.00000000000000000000e-01) (5, 3, 5.00000000000000000000e-01) (5, 3, 5.00000000000000000000e-01) (5, 3, 5.00000000000000000000e-01) (0, 3, 0.00000000000000000000e+00) (5, 0, 5.00000000000000000000e-01) (0, 0, 0.00000000000000000000e+00) 
connections (connected_to_neuron, weight)=(0, -1.18619888305664062500e+02) (1, -1.45108959960937500000e+03) (2, -1.50000000000000000000e+03) (3, 5.11524887084960937500e+01) (4, -1.45108959960937500000e+03) (5, -1.50000000000000000000e+03) (6, -4.02410650253295898438e+00) (0, 3.24919616699218750000e+02) (1, -1.45108959960937500000e+03) (2, -1.50000000000000000000e+03) (3, 8.61846771240234375000e+01) (4, -1.45108959960937500000e+03) (5, -1.50000000000000000000e+03) (6, -2.41246032714843750000e+00) (0, 3.98974239826202392578e-01) (1, 1.64207160472869873047e+00) (2, -2.05234336853027343750e+00) (3, 4.39841002225875854492e-01) (4, -7.58518815040588378906e-01) (5, 1.84353679418563842773e-01) (6, 2.90216612815856933594e+00) (0, 7.24987328052520751953e-01) (1, -1.06352066993713378906e+00) (2, 7.60185569524765014648e-02) (3, 9.32352602481842041016e-01) (4, -2.39082312583923339844e+00) (5, 1.05410981178283691406e+00) (6, -1.14671230316162109375e+00) (7, 1.50000000000000000000e+03) (8, 1.50000000000000000000e+03) (9, -6.48128926753997802734e-01) (10, 8.13149631023406982422e-01) (11, -8.81010234355926513672e-01) (7, 1.50000000000000000000e+03) (8, 1.50000000000000000000e+03) (9, -2.22024936676025390625e+01) (10, 1.19028577804565429688e+01) (11, 1.34215056896209716797e+00) (7, 1.50000000000000000000e+03) (8, 1.50000000000000000000e+03) (9, 5.69325780868530273438e+00) (10, -3.63726577758789062500e+01) (11, 6.50367689132690429688e+00) (7, 1.50000000000000000000e+03) (8, 1.50000000000000000000e+03) (9, -3.02397561073303222656e+00) (10, 3.05995225906372070312e+00) (11, -1.89841628074645996094e+00) (12, 1.19142389297485351562e+00) (13, 1.32181298732757568359e+00) (14, -1.90735518932342529297e-01) (15, -2.34877896308898925781e+00) (16, 4.23217192292213439941e-03) 
