FANN_FLO_2.1
num_layers=3
learning_rate=0.400000
connection_rate=1.000000
network_type=0
learning_momentum=0.000000
training_algorithm=2
train_error_function=1
train_stop_function=0
cascade_output_change_fraction=0.010000
quickprop_decay=-0.000100
quickprop_mu=1.750000
rprop_increase_factor=1.200000
rprop_decrease_factor=0.500000
rprop_delta_min=0.000000
rprop_delta_max=50.000000
rprop_delta_zero=0.100000
cascade_output_stagnation_epochs=12
cascade_candidate_change_fraction=0.010000
cascade_candidate_stagnation_epochs=12
cascade_max_out_epochs=150
cascade_min_out_epochs=50
cascade_max_cand_epochs=150
cascade_min_cand_epochs=50
cascade_num_candidate_groups=2
bit_fail_limit=3.49999994039535522461e-01
cascade_candidate_limit=1.00000000000000000000e+03
cascade_weight_multiplier=4.00000005960464477539e-01
cascade_activation_functions_count=10
cascade_activation_functions=3 5 7 8 10 11 14 15 16 17 
cascade_activation_steepnesses_count=4
cascade_activation_steepnesses=2.50000000000000000000e-01 5.00000000000000000000e-01 7.50000000000000000000e-01 1.00000000000000000000e+00 
layer_sizes=10 3 2 
scale_included=0
neurons (num_inputs, activation_function, activation_steepness)=(0, 0, 0.00000000000000000000e+00) (0, 0, 0.00000000000000000000e+00) (0, 0, 0.00000000000000000000e+00) (0, 0, 0.00000000000000000000e+00) (0, 0, 0.00000000000000000000e+00) (0, 0, 0.00000000000000000000e+00) (0, 0, 0.00000000000000000000e+00) (0, 0, 0.00000000000000000000e+00) (0, 0, 0.00000000000000000000e+00) (0, 0, 0.00000000000000000000e+00) (10, 3, 5.00000000000000000000e-01) (10, 3, 5.00000000000000000000e-01) (0, 3, 0.00000000000000000000e+00) (3, 3, 5.00000000000000000000e-01) (0, 3, 0.00000000000000000000e+00) 
connections (connected_to_neuron, weight)=(0, -1.44942104816436767578e-01) (1, -5.59566244482994079590e-02) (2, -1.24289989471435546875e-01) (3, -4.80533763766288757324e-02) (4, -1.26234918832778930664e-01) (5, -8.34426954388618469238e-02) (6, -5.63025847077369689941e-02) (7, -3.69337275624275207520e-02) (8, -1.60086855292320251465e-01) (9, -6.50666728615760803223e-02) (0, 1.37777984142303466797e-01) (1, 1.58214062452316284180e-01) (2, 1.04235582053661346436e-01) (3, 1.30658552050590515137e-01) (4, 5.45925647020339965820e-02) (5, 1.56290829181671142578e-01) (6, 1.33481591939926147461e-01) (7, 1.93128168582916259766e-01) (8, 3.39035838842391967773e-02) (9, 1.87570720911026000977e-01) (10, 1.10983707010746002197e-01) (11, 2.11208343505859375000e-01) (12, 1.14287331700325012207e-01) 
