FANN_FLO_2.1
num_layers=4
learning_rate=0.450000
connection_rate=1.000000
network_type=0
learning_momentum=0.000000
training_algorithm=2
train_error_function=1
train_stop_function=0
cascade_output_change_fraction=0.010000
quickprop_decay=-0.000100
quickprop_mu=1.750000
rprop_increase_factor=1.200000
rprop_decrease_factor=0.500000
rprop_delta_min=0.000000
rprop_delta_max=50.000000
rprop_delta_zero=0.100000
cascade_output_stagnation_epochs=12
cascade_candidate_change_fraction=0.010000
cascade_candidate_stagnation_epochs=12
cascade_max_out_epochs=150
cascade_min_out_epochs=50
cascade_max_cand_epochs=150
cascade_min_cand_epochs=50
cascade_num_candidate_groups=2
bit_fail_limit=3.49999994039535522461e-01
cascade_candidate_limit=1.00000000000000000000e+03
cascade_weight_multiplier=4.00000005960464477539e-01
cascade_activation_functions_count=10
cascade_activation_functions=3 5 7 8 10 11 14 15 16 17 
cascade_activation_steepnesses_count=4
cascade_activation_steepnesses=2.50000000000000000000e-01 5.00000000000000000000e-01 7.50000000000000000000e-01 1.00000000000000000000e+00 
layer_sizes=7 5 5 2 
scale_included=0
neurons (num_inputs, activation_function, activation_steepness)=(0, 0, 0.00000000000000000000e+00) (0, 0, 0.00000000000000000000e+00) (0, 0, 0.00000000000000000000e+00) (0, 0, 0.00000000000000000000e+00) (0, 0, 0.00000000000000000000e+00) (0, 0, 0.00000000000000000000e+00) (0, 0, 0.00000000000000000000e+00) (7, 3, 5.00000000000000000000e-01) (7, 3, 5.00000000000000000000e-01) (7, 3, 5.00000000000000000000e-01) (7, 3, 5.00000000000000000000e-01) (0, 3, 0.00000000000000000000e+00) (5, 3, 5.00000000000000000000e-01) (5, 3, 5.00000000000000000000e-01) (5, 3, 5.00000000000000000000e-01) (5, 3, 5.00000000000000000000e-01) (0, 3, 0.00000000000000000000e+00) (5, 0, 5.00000000000000000000e-01) (0, 0, 0.00000000000000000000e+00) 
connections (connected_to_neuron, weight)=(0, 8.22247490286827087402e-02) (1, -8.64691078662872314453e-01) (2, 2.69984364509582519531e-01) (3, 1.26803994178771972656e-01) (4, -3.34495693445205688477e-01) (5, 4.46406841278076171875e-01) (6, -6.88113093376159667969e-01) (0, 1.16307392120361328125e+01) (1, 2.60383695363998413086e-01) (2, 2.28889884948730468750e+01) (3, 5.85908470153808593750e+01) (4, -2.14905681610107421875e+01) (5, -3.39806709289550781250e+01) (6, 9.96604919433593750000e-01) (0, 1.55851710587739944458e-02) (1, -7.10786521434783935547e-01) (2, -3.24435271322727203369e-02) (3, 1.41891375184059143066e-01) (4, -2.03751370310783386230e-01) (5, 3.34244549274444580078e-01) (6, -6.25634610652923583984e-01) (0, 8.74850630760192871094e-01) (1, -8.39953541755676269531e-01) (2, 5.57742595672607421875e+00) (3, 1.88737316131591796875e+01) (4, -1.75064105987548828125e+01) (5, -3.08749604225158691406e+00) (6, 6.02617442607879638672e-01) (7, 1.28425941467285156250e+01) (8, -2.80636787414550781250e+00) (9, -5.98306541442871093750e+01) (10, -2.85247063636779785156e+00) (11, -2.88557243347167968750e+00) (7, 3.34139490127563476562e+00) (8, 1.30538970232009887695e-01) (9, -1.44013948440551757812e+01) (10, -1.86073705554008483887e-01) (11, 1.28603696823120117188e-01) (7, 7.51864004135131835938e+00) (8, -4.58815193176269531250e+00) (9, 2.11663633584976196289e-01) (10, -4.51222419738769531250e+00) (11, -2.08971261978149414062e+00) (7, 9.41451825201511383057e-03) (8, -1.48513460159301757812e+00) (9, 3.78463816642761230469e+00) (10, -1.30174446105957031250e+00) (11, -1.06642067432403564453e+00) (12, 2.84056186676025390625e+00) (13, -6.30848407745361328125e-02) (14, 1.71628248691558837891e+00) (15, -2.09991827607154846191e-01) (16, 4.79690469801425933838e-02) 
