FANN_FLO_2.1
num_layers=3
learning_rate=0.500000
connection_rate=1.000000
network_type=0
learning_momentum=0.000000
training_algorithm=2
train_error_function=1
train_stop_function=0
cascade_output_change_fraction=0.010000
quickprop_decay=-0.000100
quickprop_mu=1.750000
rprop_increase_factor=1.200000
rprop_decrease_factor=0.500000
rprop_delta_min=0.000000
rprop_delta_max=50.000000
rprop_delta_zero=0.100000
cascade_output_stagnation_epochs=12
cascade_candidate_change_fraction=0.010000
cascade_candidate_stagnation_epochs=12
cascade_max_out_epochs=150
cascade_min_out_epochs=50
cascade_max_cand_epochs=150
cascade_min_cand_epochs=50
cascade_num_candidate_groups=2
bit_fail_limit=3.49999994039535522461e-01
cascade_candidate_limit=1.00000000000000000000e+03
cascade_weight_multiplier=4.00000005960464477539e-01
cascade_activation_functions_count=10
cascade_activation_functions=3 5 7 8 10 11 14 15 16 17 
cascade_activation_steepnesses_count=4
cascade_activation_steepnesses=2.50000000000000000000e-01 5.00000000000000000000e-01 7.50000000000000000000e-01 1.00000000000000000000e+00 
layer_sizes=18 3 2 
scale_included=0
neurons (num_inputs, activation_function, activation_steepness)=(0, 0, 0.00000000000000000000e+00) (0, 0, 0.00000000000000000000e+00) (0, 0, 0.00000000000000000000e+00) (0, 0, 0.00000000000000000000e+00) (0, 0, 0.00000000000000000000e+00) (0, 0, 0.00000000000000000000e+00) (0, 0, 0.00000000000000000000e+00) (0, 0, 0.00000000000000000000e+00) (0, 0, 0.00000000000000000000e+00) (0, 0, 0.00000000000000000000e+00) (0, 0, 0.00000000000000000000e+00) (0, 0, 0.00000000000000000000e+00) (0, 0, 0.00000000000000000000e+00) (0, 0, 0.00000000000000000000e+00) (0, 0, 0.00000000000000000000e+00) (0, 0, 0.00000000000000000000e+00) (0, 0, 0.00000000000000000000e+00) (0, 0, 0.00000000000000000000e+00) (18, 3, 5.00000000000000000000e-01) (18, 3, 5.00000000000000000000e-01) (0, 3, 0.00000000000000000000e+00) (3, 0, 5.00000000000000000000e-01) (0, 0, 0.00000000000000000000e+00) 
connections (connected_to_neuron, weight)=(0, 1.36210262775421142578e+00) (1, 1.06157457828521728516e+00) (2, 1.22880780696868896484e+00) (3, 8.90483260154724121094e-01) (4, 1.68989682197570800781e+00) (5, -1.73455619812011718750e+00) (6, -9.35220420360565185547e-01) (7, -1.62689924240112304688e+00) (8, 4.76459294557571411133e-01) (9, 9.22767102718353271484e-01) (10, 1.34613084793090820312e+00) (11, 1.12399268150329589844e+00) (12, 1.23720812797546386719e+00) (13, 1.03215777873992919922e+00) (14, 1.50998508930206298828e+00) (15, 9.39725100994110107422e-01) (16, 1.17124092578887939453e+00) (17, -4.88684511184692382812e+00) (0, 1.47000000000000000000e+03) (1, 1.47000000000000000000e+03) (2, 1.47000000000000000000e+03) (3, 1.47000000000000000000e+03) (4, 1.47000000000000000000e+03) (5, 1.47000000000000000000e+03) (6, 1.47000000000000000000e+03) (7, -2.62341194152832031250e+01) (8, 1.47000000000000000000e+03) (9, 1.47000000000000000000e+03) (10, 1.47000000000000000000e+03) (11, 1.47000000000000000000e+03) (12, 1.47000000000000000000e+03) (13, 1.47000000000000000000e+03) (14, 1.48613635253906250000e+03) (15, 1.47000000000000000000e+03) (16, 1.47000000000000000000e+03) (17, 1.97527265548706054688e+00) (18, 8.98241519927978515625e+00) (19, 1.95418727397918701172e+00) (20, 1.91865122318267822266e+00) 
