FANN_FLO_2.1
num_layers=3
learning_rate=0.500000
connection_rate=1.000000
network_type=0
learning_momentum=0.000000
training_algorithm=2
train_error_function=1
train_stop_function=0
cascade_output_change_fraction=0.010000
quickprop_decay=-0.000100
quickprop_mu=1.750000
rprop_increase_factor=1.200000
rprop_decrease_factor=0.500000
rprop_delta_min=0.000000
rprop_delta_max=50.000000
rprop_delta_zero=0.100000
cascade_output_stagnation_epochs=12
cascade_candidate_change_fraction=0.010000
cascade_candidate_stagnation_epochs=12
cascade_max_out_epochs=150
cascade_min_out_epochs=50
cascade_max_cand_epochs=150
cascade_min_cand_epochs=50
cascade_num_candidate_groups=2
bit_fail_limit=3.49999994039535522461e-01
cascade_candidate_limit=1.00000000000000000000e+03
cascade_weight_multiplier=4.00000005960464477539e-01
cascade_activation_functions_count=10
cascade_activation_functions=3 5 7 8 10 11 14 15 16 17 
cascade_activation_steepnesses_count=4
cascade_activation_steepnesses=2.50000000000000000000e-01 5.00000000000000000000e-01 7.50000000000000000000e-01 1.00000000000000000000e+00 
layer_sizes=10 3 2 
scale_included=0
neurons (num_inputs, activation_function, activation_steepness)=(0, 0, 0.00000000000000000000e+00) (0, 0, 0.00000000000000000000e+00) (0, 0, 0.00000000000000000000e+00) (0, 0, 0.00000000000000000000e+00) (0, 0, 0.00000000000000000000e+00) (0, 0, 0.00000000000000000000e+00) (0, 0, 0.00000000000000000000e+00) (0, 0, 0.00000000000000000000e+00) (0, 0, 0.00000000000000000000e+00) (0, 0, 0.00000000000000000000e+00) (10, 3, 5.00000000000000000000e-01) (10, 3, 5.00000000000000000000e-01) (0, 3, 0.00000000000000000000e+00) (3, 3, 5.00000000000000000000e-01) (0, 3, 0.00000000000000000000e+00) 
connections (connected_to_neuron, weight)=(0, -1.92543160915374755859e+00) (1, -1.28662991523742675781e+00) (2, -1.64933431148529052734e+00) (3, -1.15445125102996826172e+00) (4, -2.42973232269287109375e+00) (5, -1.32242000102996826172e+00) (6, -1.74292528629302978516e+00) (7, -1.22657728195190429688e+00) (8, -1.54692411422729492188e+00) (9, 1.51524245738983154297e+00) (0, -7.03976929187774658203e-01) (1, -8.34716796875000000000e-01) (2, -6.87825262546539306641e-01) (3, -7.81209290027618408203e-01) (4, -7.18897700309753417969e-01) (5, -7.72599875926971435547e-01) (6, -7.31291770935058593750e-01) (7, -7.81914651393890380859e-01) (8, -7.29758739471435546875e-01) (9, 3.31779932975769042969e+00) (10, -2.19054293632507324219e+00) (11, -2.44054532051086425781e+00) (12, 1.19750583171844482422e+00) 
