FANN_FLO_2.1
num_layers=4
learning_rate=0.300000
connection_rate=1.000000
network_type=0
learning_momentum=0.000000
training_algorithm=2
train_error_function=1
train_stop_function=0
cascade_output_change_fraction=0.010000
quickprop_decay=-0.000100
quickprop_mu=1.750000
rprop_increase_factor=1.200000
rprop_decrease_factor=0.500000
rprop_delta_min=0.000000
rprop_delta_max=50.000000
rprop_delta_zero=0.100000
cascade_output_stagnation_epochs=12
cascade_candidate_change_fraction=0.010000
cascade_candidate_stagnation_epochs=12
cascade_max_out_epochs=150
cascade_min_out_epochs=50
cascade_max_cand_epochs=150
cascade_min_cand_epochs=50
cascade_num_candidate_groups=2
bit_fail_limit=3.49999994039535522461e-01
cascade_candidate_limit=1.00000000000000000000e+03
cascade_weight_multiplier=4.00000005960464477539e-01
cascade_activation_functions_count=10
cascade_activation_functions=3 5 7 8 10 11 14 15 16 17 
cascade_activation_steepnesses_count=4
cascade_activation_steepnesses=2.50000000000000000000e-01 5.00000000000000000000e-01 7.50000000000000000000e-01 1.00000000000000000000e+00 
layer_sizes=2 5 5 3 
scale_included=0
neurons (num_inputs, activation_function, activation_steepness)=(0, 0, 0.00000000000000000000e+00) (0, 0, 0.00000000000000000000e+00) (2, 3, 5.00000000000000000000e-01) (2, 3, 5.00000000000000000000e-01) (2, 3, 5.00000000000000000000e-01) (2, 3, 5.00000000000000000000e-01) (0, 3, 0.00000000000000000000e+00) (5, 3, 5.00000000000000000000e-01) (5, 3, 5.00000000000000000000e-01) (5, 3, 5.00000000000000000000e-01) (5, 3, 5.00000000000000000000e-01) (0, 3, 0.00000000000000000000e+00) (5, 0, 5.00000000000000000000e-01) (5, 0, 5.00000000000000000000e-01) (0, 0, 0.00000000000000000000e+00) 
connections (connected_to_neuron, weight)=(0, -8.40876579284667968750e+00) (1, -2.25209832191467285156e+00) (0, -1.05023488998413085938e+01) (1, -4.90747928619384765625e+00) (0, -8.45668601989746093750e+00) (1, -2.31073117256164550781e+00) (0, -6.42164230346679687500e+00) (1, -1.79922187328338623047e+00) (2, 1.29987037181854248047e+00) (3, 1.82788252830505371094e+00) (4, 1.24990046024322509766e+00) (5, 4.88966733217239379883e-01) (6, -1.28471839427947998047e+00) (2, 1.13693368434906005859e+00) (3, 1.86856794357299804688e+00) (4, 1.36186730861663818359e+00) (5, 4.08137470483779907227e-01) (6, -9.52883183956146240234e-01) (2, 9.83886063098907470703e-01) (3, 2.02420592308044433594e+00) (4, 9.58489716053009033203e-01) (5, 3.35447281599044799805e-01) (6, 9.30198803544044494629e-02) (2, 1.19811403751373291016e+00) (3, 1.06713330745697021484e+00) (4, 7.65400946140289306641e-01) (5, 7.00908422470092773438e-01) (6, 1.02746166288852691650e-01) (7, 1.27681955695152282715e-01) (8, 7.07142502069473266602e-02) (9, -2.84525426104664802551e-03) (10, -3.71347181499004364014e-02) (11, -2.37978354096412658691e-01) (7, -5.73565125465393066406e-01) (8, -5.39008021354675292969e-01) (9, -4.79355067014694213867e-01) (10, -5.13255417346954345703e-01) (11, -3.53591561317443847656e-01) 
