FANN_FLO_2.1
num_layers=3
learning_rate=0.450000
connection_rate=1.000000
network_type=0
learning_momentum=0.000000
training_algorithm=2
train_error_function=1
train_stop_function=0
cascade_output_change_fraction=0.010000
quickprop_decay=-0.000100
quickprop_mu=1.750000
rprop_increase_factor=1.200000
rprop_decrease_factor=0.500000
rprop_delta_min=0.000000
rprop_delta_max=50.000000
rprop_delta_zero=0.100000
cascade_output_stagnation_epochs=12
cascade_candidate_change_fraction=0.010000
cascade_candidate_stagnation_epochs=12
cascade_max_out_epochs=150
cascade_min_out_epochs=50
cascade_max_cand_epochs=150
cascade_min_cand_epochs=50
cascade_num_candidate_groups=2
bit_fail_limit=3.49999994039535522461e-01
cascade_candidate_limit=1.00000000000000000000e+03
cascade_weight_multiplier=4.00000005960464477539e-01
cascade_activation_functions_count=10
cascade_activation_functions=3 5 7 8 10 11 14 15 16 17 
cascade_activation_steepnesses_count=4
cascade_activation_steepnesses=2.50000000000000000000e-01 5.00000000000000000000e-01 7.50000000000000000000e-01 1.00000000000000000000e+00 
layer_sizes=7 5 2 
scale_included=0
neurons (num_inputs, activation_function, activation_steepness)=(0, 0, 0.00000000000000000000e+00) (0, 0, 0.00000000000000000000e+00) (0, 0, 0.00000000000000000000e+00) (0, 0, 0.00000000000000000000e+00) (0, 0, 0.00000000000000000000e+00) (0, 0, 0.00000000000000000000e+00) (0, 0, 0.00000000000000000000e+00) (7, 3, 5.00000000000000000000e-01) (7, 3, 5.00000000000000000000e-01) (7, 3, 5.00000000000000000000e-01) (7, 3, 5.00000000000000000000e-01) (0, 3, 0.00000000000000000000e+00) (5, 0, 5.00000000000000000000e-01) (0, 0, 0.00000000000000000000e+00) 
connections (connected_to_neuron, weight)=(0, -4.41701322793960571289e-01) (1, -2.90775716304779052734e-01) (2, -3.62431585788726806641e-01) (3, -2.98031121492385864258e-01) (4, -2.28795051574707031250e-01) (5, -4.19326961040496826172e-01) (6, -2.40320727229118347168e-01) (0, -1.06389364227652549744e-02) (1, 1.28397922962903976440e-02) (2, -1.72374173998832702637e-02) (3, 3.81619893014430999756e-02) (4, -5.41442036628723144531e-02) (5, 7.08887644577771425247e-04) (6, 9.44574922323226928711e-02) (0, 5.46231150627136230469e-01) (1, -2.35494494438171386719e+00) (2, -3.86365056037902832031e+00) (3, -3.41279172897338867188e+00) (4, -8.25288355350494384766e-01) (5, -2.85878586769104003906e+00) (6, -3.77590060234069824219e+00) (0, 1.56965951919555664062e+01) (1, -1.46718158721923828125e+01) (2, -1.04516201019287109375e+01) (3, -1.22191743850708007812e+01) (4, -2.04759559631347656250e+01) (5, -4.31012916564941406250e+00) (6, -1.03084735870361328125e+01) (7, -2.23370030522346496582e-01) (8, 8.68991464376449584961e-02) (9, -6.77110900878906250000e+01) (10, -1.83883696794509887695e-01) (11, -2.81908400356769561768e-02) 
