FANN_FLO_2.1
num_layers=3
learning_rate=0.500000
connection_rate=1.000000
network_type=0
learning_momentum=0.000000
training_algorithm=2
train_error_function=1
train_stop_function=0
cascade_output_change_fraction=0.010000
quickprop_decay=-0.000100
quickprop_mu=1.750000
rprop_increase_factor=1.200000
rprop_decrease_factor=0.500000
rprop_delta_min=0.000000
rprop_delta_max=50.000000
rprop_delta_zero=0.100000
cascade_output_stagnation_epochs=12
cascade_candidate_change_fraction=0.010000
cascade_candidate_stagnation_epochs=12
cascade_max_out_epochs=150
cascade_min_out_epochs=50
cascade_max_cand_epochs=150
cascade_min_cand_epochs=50
cascade_num_candidate_groups=2
bit_fail_limit=3.49999994039535522461e-01
cascade_candidate_limit=1.00000000000000000000e+03
cascade_weight_multiplier=4.00000005960464477539e-01
cascade_activation_functions_count=10
cascade_activation_functions=3 5 7 8 10 11 14 15 16 17 
cascade_activation_steepnesses_count=4
cascade_activation_steepnesses=2.50000000000000000000e-01 5.00000000000000000000e-01 7.50000000000000000000e-01 1.00000000000000000000e+00 
layer_sizes=7 5 2 
scale_included=0
neurons (num_inputs, activation_function, activation_steepness)=(0, 0, 0.00000000000000000000e+00) (0, 0, 0.00000000000000000000e+00) (0, 0, 0.00000000000000000000e+00) (0, 0, 0.00000000000000000000e+00) (0, 0, 0.00000000000000000000e+00) (0, 0, 0.00000000000000000000e+00) (0, 0, 0.00000000000000000000e+00) (7, 3, 5.00000000000000000000e-01) (7, 3, 5.00000000000000000000e-01) (7, 3, 5.00000000000000000000e-01) (7, 3, 5.00000000000000000000e-01) (0, 3, 0.00000000000000000000e+00) (5, 0, 5.00000000000000000000e-01) (0, 0, 0.00000000000000000000e+00) 
connections (connected_to_neuron, weight)=(0, 4.58562141284346580505e-03) (1, -2.21516825258731842041e-02) (2, 1.54297932982444763184e-01) (3, -1.15296334028244018555e-01) (4, 6.19911141693592071533e-02) (5, -1.82115346193313598633e-01) (6, -2.52494841814041137695e-01) (0, 4.48325824737548828125e+00) (1, 2.53735154867172241211e-01) (2, 8.23581600189208984375e+00) (3, -6.51005401611328125000e+01) (4, -1.03409671783447265625e+00) (5, -9.84303760528564453125e+00) (6, -4.24477905035018920898e-01) (0, 8.63292026519775390625e+00) (1, -8.00799942016601562500e+00) (2, 3.13637495040893554688e+00) (3, -3.01460838317871093750e+01) (4, -2.19663739204406738281e+00) (5, -1.61729583740234375000e+01) (6, -8.68636071681976318359e-01) (0, -9.93915557861328125000e+00) (1, -7.30905652046203613281e-01) (2, -3.35148864746093750000e+02) (3, -1.19825708866119384766e+00) (4, 4.78110834956169128418e-02) (5, -2.50509552001953125000e+02) (6, 4.09890599548816680908e-02) (7, -2.01632790267467498779e-02) (8, 3.24794616699218750000e+01) (9, -5.26099891662597656250e+01) (10, -1.50000000000000000000e+03) (11, 1.72547455877065658569e-02) 
