FANN_FLO_2.1
num_layers=4
learning_rate=0.500000
connection_rate=1.000000
network_type=0
learning_momentum=0.000000
training_algorithm=2
train_error_function=1
train_stop_function=0
cascade_output_change_fraction=0.010000
quickprop_decay=-0.000100
quickprop_mu=1.750000
rprop_increase_factor=1.200000
rprop_decrease_factor=0.500000
rprop_delta_min=0.000000
rprop_delta_max=50.000000
rprop_delta_zero=0.100000
cascade_output_stagnation_epochs=12
cascade_candidate_change_fraction=0.010000
cascade_candidate_stagnation_epochs=12
cascade_max_out_epochs=150
cascade_min_out_epochs=50
cascade_max_cand_epochs=150
cascade_min_cand_epochs=50
cascade_num_candidate_groups=2
bit_fail_limit=3.49999994039535522461e-01
cascade_candidate_limit=1.00000000000000000000e+03
cascade_weight_multiplier=4.00000005960464477539e-01
cascade_activation_functions_count=10
cascade_activation_functions=3 5 7 8 10 11 14 15 16 17 
cascade_activation_steepnesses_count=4
cascade_activation_steepnesses=2.50000000000000000000e-01 5.00000000000000000000e-01 7.50000000000000000000e-01 1.00000000000000000000e+00 
layer_sizes=18 3 3 2 
scale_included=0
neurons (num_inputs, activation_function, activation_steepness)=(0, 0, 0.00000000000000000000e+00) (0, 0, 0.00000000000000000000e+00) (0, 0, 0.00000000000000000000e+00) (0, 0, 0.00000000000000000000e+00) (0, 0, 0.00000000000000000000e+00) (0, 0, 0.00000000000000000000e+00) (0, 0, 0.00000000000000000000e+00) (0, 0, 0.00000000000000000000e+00) (0, 0, 0.00000000000000000000e+00) (0, 0, 0.00000000000000000000e+00) (0, 0, 0.00000000000000000000e+00) (0, 0, 0.00000000000000000000e+00) (0, 0, 0.00000000000000000000e+00) (0, 0, 0.00000000000000000000e+00) (0, 0, 0.00000000000000000000e+00) (0, 0, 0.00000000000000000000e+00) (0, 0, 0.00000000000000000000e+00) (0, 0, 0.00000000000000000000e+00) (18, 3, 5.00000000000000000000e-01) (18, 3, 5.00000000000000000000e-01) (0, 3, 0.00000000000000000000e+00) (3, 3, 5.00000000000000000000e-01) (3, 3, 5.00000000000000000000e-01) (0, 3, 0.00000000000000000000e+00) (3, 0, 5.00000000000000000000e-01) (0, 0, 0.00000000000000000000e+00) 
connections (connected_to_neuron, weight)=(0, 1.37631380558013916016e+00) (1, 1.08334517478942871094e+00) (2, 1.57760918140411376953e+00) (3, 1.01518523693084716797e+00) (4, 1.30044150352478027344e+00) (5, -1.35367012023925781250e+00) (6, -1.18093848228454589844e+00) (7, -1.17290532588958740234e+00) (8, -9.16244387626647949219e-02) (9, 1.02556788921356201172e+00) (10, 1.32230842113494873047e+00) (11, 1.22087228298187255859e+00) (12, 1.46840667724609375000e+00) (13, 1.01957714557647705078e+00) (14, 1.63475620746612548828e+00) (15, 9.70263004302978515625e-01) (16, 1.43200659751892089844e+00) (17, -3.24521350860595703125e+00) (0, 5.17289459705352783203e-01) (1, 1.16745281219482421875e+00) (2, 2.35183373093605041504e-01) (3, 1.31212258338928222656e+00) (4, 4.37726140022277832031e-01) (5, -4.66412991285324096680e-01) (6, -9.90113317966461181641e-01) (7, -8.38616073131561279297e-01) (8, 1.77685141563415527344e-01) (9, 7.81703829765319824219e-01) (10, 8.93599152565002441406e-01) (11, 9.14039254188537597656e-01) (12, 5.97915410995483398438e-01) (13, 9.79062318801879882812e-01) (14, 5.53704023361206054688e-01) (15, 1.01344037055969238281e+00) (16, 7.41828441619873046875e-01) (17, -4.95457267761230468750e+00) (18, 1.96314954757690429688e+00) (19, 3.38429760932922363281e+00) (20, -3.05408596992492675781e+00) (18, 2.61332416534423828125e+00) (19, 1.71136844158172607422e+00) (20, -1.74811291694641113281e+00) (21, 9.93125820159912109375e+00) (22, 5.06186342239379882812e+00) (23, 1.65684735774993896484e+00) 
