FANN_FLO_2.1
num_layers=3
learning_rate=0.450000
connection_rate=1.000000
network_type=0
learning_momentum=0.000000
training_algorithm=2
train_error_function=1
train_stop_function=0
cascade_output_change_fraction=0.010000
quickprop_decay=-0.000100
quickprop_mu=1.750000
rprop_increase_factor=1.200000
rprop_decrease_factor=0.500000
rprop_delta_min=0.000000
rprop_delta_max=50.000000
rprop_delta_zero=0.100000
cascade_output_stagnation_epochs=12
cascade_candidate_change_fraction=0.010000
cascade_candidate_stagnation_epochs=12
cascade_max_out_epochs=150
cascade_min_out_epochs=50
cascade_max_cand_epochs=150
cascade_min_cand_epochs=50
cascade_num_candidate_groups=2
bit_fail_limit=3.49999994039535522461e-01
cascade_candidate_limit=1.00000000000000000000e+03
cascade_weight_multiplier=4.00000005960464477539e-01
cascade_activation_functions_count=10
cascade_activation_functions=3 5 7 8 10 11 14 15 16 17 
cascade_activation_steepnesses_count=4
cascade_activation_steepnesses=2.50000000000000000000e-01 5.00000000000000000000e-01 7.50000000000000000000e-01 1.00000000000000000000e+00 
layer_sizes=7 5 2 
scale_included=0
neurons (num_inputs, activation_function, activation_steepness)=(0, 0, 0.00000000000000000000e+00) (0, 0, 0.00000000000000000000e+00) (0, 0, 0.00000000000000000000e+00) (0, 0, 0.00000000000000000000e+00) (0, 0, 0.00000000000000000000e+00) (0, 0, 0.00000000000000000000e+00) (0, 0, 0.00000000000000000000e+00) (7, 3, 5.00000000000000000000e-01) (7, 3, 5.00000000000000000000e-01) (7, 3, 5.00000000000000000000e-01) (7, 3, 5.00000000000000000000e-01) (0, 3, 0.00000000000000000000e+00) (5, 0, 5.00000000000000000000e-01) (0, 0, 0.00000000000000000000e+00) 
connections (connected_to_neuron, weight)=(0, -2.48618484497070312500e+02) (1, -3.83664339780807495117e-01) (2, -9.36065124511718750000e+02) (3, 1.23550109863281250000e+02) (4, -5.04555344581604003906e-01) (5, -2.13253997802734375000e+02) (6, -3.36138010025024414062e-01) (0, -1.58335123062133789062e+01) (1, -7.68472194671630859375e-01) (2, -1.50000000000000000000e+03) (3, 1.45489673614501953125e+01) (4, -7.21515595912933349609e-01) (5, -6.52181167602539062500e+01) (6, -8.28496098518371582031e-01) (0, 9.57188034057617187500e+00) (1, -6.04188060760498046875e+00) (2, -1.34379550814628601074e-01) (3, -1.24467821121215820312e+01) (4, -1.76210098266601562500e+01) (5, 2.29154489934444427490e-02) (6, -3.97713065147399902344e+00) (0, -2.45368682861328125000e+02) (1, -3.03119927644729614258e-01) (2, -9.54519104003906250000e+02) (3, 1.24288520812988281250e+02) (4, -4.22930479049682617188e-01) (5, -1.85758850097656250000e+02) (6, -3.58427673578262329102e-01) (7, -2.37202361226081848145e-01) (8, -1.03106655180454254150e-01) (9, -1.38660728931427001953e-01) (10, 1.81434258818626403809e-01) (11, 1.33835617452859878540e-02) 
