FANN_FLO_2.1
num_layers=4
learning_rate=0.450000
connection_rate=1.000000
network_type=0
learning_momentum=0.000000
training_algorithm=2
train_error_function=1
train_stop_function=0
cascade_output_change_fraction=0.010000
quickprop_decay=-0.000100
quickprop_mu=1.750000
rprop_increase_factor=1.200000
rprop_decrease_factor=0.500000
rprop_delta_min=0.000000
rprop_delta_max=50.000000
rprop_delta_zero=0.100000
cascade_output_stagnation_epochs=12
cascade_candidate_change_fraction=0.010000
cascade_candidate_stagnation_epochs=12
cascade_max_out_epochs=150
cascade_min_out_epochs=50
cascade_max_cand_epochs=150
cascade_min_cand_epochs=50
cascade_num_candidate_groups=2
bit_fail_limit=3.49999994039535522461e-01
cascade_candidate_limit=1.00000000000000000000e+03
cascade_weight_multiplier=4.00000005960464477539e-01
cascade_activation_functions_count=10
cascade_activation_functions=3 5 7 8 10 11 14 15 16 17 
cascade_activation_steepnesses_count=4
cascade_activation_steepnesses=2.50000000000000000000e-01 5.00000000000000000000e-01 7.50000000000000000000e-01 1.00000000000000000000e+00 
layer_sizes=7 5 5 2 
scale_included=0
neurons (num_inputs, activation_function, activation_steepness)=(0, 0, 0.00000000000000000000e+00) (0, 0, 0.00000000000000000000e+00) (0, 0, 0.00000000000000000000e+00) (0, 0, 0.00000000000000000000e+00) (0, 0, 0.00000000000000000000e+00) (0, 0, 0.00000000000000000000e+00) (0, 0, 0.00000000000000000000e+00) (7, 3, 5.00000000000000000000e-01) (7, 3, 5.00000000000000000000e-01) (7, 3, 5.00000000000000000000e-01) (7, 3, 5.00000000000000000000e-01) (0, 3, 0.00000000000000000000e+00) (5, 3, 5.00000000000000000000e-01) (5, 3, 5.00000000000000000000e-01) (5, 3, 5.00000000000000000000e-01) (5, 3, 5.00000000000000000000e-01) (0, 3, 0.00000000000000000000e+00) (5, 0, 5.00000000000000000000e-01) (0, 0, 0.00000000000000000000e+00) 
connections (connected_to_neuron, weight)=(0, 1.44688830566406250000e+03) (1, 1.49007507324218750000e+03) (2, 1.49002868652343750000e+03) (3, -1.48310656738281250000e+03) (4, -1.48307836914062500000e+03) (5, -4.53525054931640625000e+02) (6, 1.50201308727264404297e+00) (0, 1.33164672851562500000e+03) (1, 9.54764526367187500000e+02) (2, 1.02270233154296875000e+03) (3, -1.47500000000000000000e+03) (4, -1.47500000000000000000e+03) (5, -1.50000000000000000000e+03) (6, -1.47500000000000000000e+03) (0, -4.71613168716430664062e-01) (1, 4.00104559957981109619e-02) (2, -1.80772706866264343262e-01) (3, 2.35760174691677093506e-02) (4, 2.56737232208251953125e-01) (5, 3.36959153413772583008e-01) (6, -1.39175629615783691406e+00) (0, 1.46500366210937500000e+03) (1, 1.41714465332031250000e+03) (2, -4.31934570312500000000e+02) (3, -1.50000000000000000000e+03) (4, -1.43858251953125000000e+03) (5, -1.50000000000000000000e+03) (6, -1.48014343261718750000e+03) (7, -1.21280555725097656250e+01) (8, -1.09733486175537109375e+00) (9, -9.14047122001647949219e-01) (10, -4.71888637542724609375e+00) (11, -6.86165034770965576172e-01) (7, 1.99830305576324462891e+00) (8, 4.53986740112304687500e+01) (9, 2.30587840080261230469e+00) (10, 7.64722704887390136719e-01) (11, 8.49711298942565917969e-02) (7, -7.03438222408294677734e-01) (8, -6.85248374938964843750e-01) (9, -6.44055962562561035156e-01) (10, 1.99003720283508300781e+00) (11, -6.29401385784149169922e-01) (7, 1.98588383197784423828e+00) (8, 1.92333469390869140625e+01) (9, 2.24480247497558593750e+00) (10, 8.98196399211883544922e-01) (11, 1.46074548363685607910e-01) (12, -9.13046002388000488281e-02) (13, -4.02976684272289276123e-02) (14, 2.35184258781373500824e-03) (15, -5.25747202336788177490e-02) (16, 9.65600982308387756348e-02) 
