FANN_FLO_2.1
num_layers=3
learning_rate=0.500000
connection_rate=1.000000
network_type=0
learning_momentum=0.000000
training_algorithm=2
train_error_function=1
train_stop_function=0
cascade_output_change_fraction=0.010000
quickprop_decay=-0.000100
quickprop_mu=1.750000
rprop_increase_factor=1.200000
rprop_decrease_factor=0.500000
rprop_delta_min=0.000000
rprop_delta_max=50.000000
rprop_delta_zero=0.100000
cascade_output_stagnation_epochs=12
cascade_candidate_change_fraction=0.010000
cascade_candidate_stagnation_epochs=12
cascade_max_out_epochs=150
cascade_min_out_epochs=50
cascade_max_cand_epochs=150
cascade_min_cand_epochs=50
cascade_num_candidate_groups=2
bit_fail_limit=3.49999994039535522461e-01
cascade_candidate_limit=1.00000000000000000000e+03
cascade_weight_multiplier=4.00000005960464477539e-01
cascade_activation_functions_count=10
cascade_activation_functions=3 5 7 8 10 11 14 15 16 17 
cascade_activation_steepnesses_count=4
cascade_activation_steepnesses=2.50000000000000000000e-01 5.00000000000000000000e-01 7.50000000000000000000e-01 1.00000000000000000000e+00 
layer_sizes=7 5 2 
scale_included=0
neurons (num_inputs, activation_function, activation_steepness)=(0, 0, 0.00000000000000000000e+00) (0, 0, 0.00000000000000000000e+00) (0, 0, 0.00000000000000000000e+00) (0, 0, 0.00000000000000000000e+00) (0, 0, 0.00000000000000000000e+00) (0, 0, 0.00000000000000000000e+00) (0, 0, 0.00000000000000000000e+00) (7, 3, 5.00000000000000000000e-01) (7, 3, 5.00000000000000000000e-01) (7, 3, 5.00000000000000000000e-01) (7, 3, 5.00000000000000000000e-01) (0, 3, 0.00000000000000000000e+00) (5, 0, 5.00000000000000000000e-01) (0, 0, 0.00000000000000000000e+00) 
connections (connected_to_neuron, weight)=(0, -1.48524914550781250000e+03) (1, -1.47875903320312500000e+03) (2, 7.07260986328125000000e+02) (3, -1.45780742168426513672e+00) (4, -1.83092951774597167969e+00) (5, 2.37779174804687500000e+02) (6, -1.47731149196624755859e+00) (0, -3.70887853205204010010e-02) (1, 1.41556993126869201660e-01) (2, -4.64314371347427368164e-01) (3, -1.06605209410190582275e-01) (4, 1.94784581661224365234e-01) (5, -1.65986418724060058594e-01) (6, 7.91933250427246093750e+00) (0, -1.36823278808593750000e+03) (1, -1.31025549316406250000e+03) (2, 2.97653320312500000000e+02) (3, -1.33976244926452636719e+00) (4, -1.09259283542633056641e+00) (5, 2.18222503662109375000e+02) (6, -9.03970181941986083984e-01) (0, -1.55784130096435546875e+01) (1, -4.94340181350708007812e+00) (2, 2.33392620086669921875e+01) (3, -1.65303313732147216797e+00) (4, -3.20105135440826416016e-01) (5, 3.16434693336486816406e+00) (6, -1.07399657368659973145e-01) (7, -1.37991784667968750000e+03) (8, -4.40100729465484619141e-02) (9, 6.89244613647460937500e+01) (10, -4.39127944409847259521e-02) (11, 5.43171949684619903564e-02) 
