FANN_FLO_2.1
num_layers=4
learning_rate=0.300000
connection_rate=1.000000
network_type=0
learning_momentum=0.000000
training_algorithm=2
train_error_function=1
train_stop_function=0
cascade_output_change_fraction=0.010000
quickprop_decay=-0.000100
quickprop_mu=1.750000
rprop_increase_factor=1.200000
rprop_decrease_factor=0.500000
rprop_delta_min=0.000000
rprop_delta_max=50.000000
rprop_delta_zero=0.100000
cascade_output_stagnation_epochs=12
cascade_candidate_change_fraction=0.010000
cascade_candidate_stagnation_epochs=12
cascade_max_out_epochs=150
cascade_min_out_epochs=50
cascade_max_cand_epochs=150
cascade_min_cand_epochs=50
cascade_num_candidate_groups=2
bit_fail_limit=3.49999994039535522461e-01
cascade_candidate_limit=1.00000000000000000000e+03
cascade_weight_multiplier=4.00000005960464477539e-01
cascade_activation_functions_count=10
cascade_activation_functions=3 5 7 8 10 11 14 15 16 17 
cascade_activation_steepnesses_count=4
cascade_activation_steepnesses=2.50000000000000000000e-01 5.00000000000000000000e-01 7.50000000000000000000e-01 1.00000000000000000000e+00 
layer_sizes=2 5 5 3 
scale_included=0
neurons (num_inputs, activation_function, activation_steepness)=(0, 0, 0.00000000000000000000e+00) (0, 0, 0.00000000000000000000e+00) (2, 3, 5.00000000000000000000e-01) (2, 3, 5.00000000000000000000e-01) (2, 3, 5.00000000000000000000e-01) (2, 3, 5.00000000000000000000e-01) (0, 3, 0.00000000000000000000e+00) (5, 3, 5.00000000000000000000e-01) (5, 3, 5.00000000000000000000e-01) (5, 3, 5.00000000000000000000e-01) (5, 3, 5.00000000000000000000e-01) (0, 3, 0.00000000000000000000e+00) (5, 0, 5.00000000000000000000e-01) (5, 0, 5.00000000000000000000e-01) (0, 0, 0.00000000000000000000e+00) 
connections (connected_to_neuron, weight)=(0, -2.03331589698791503906e+00) (1, -2.59664845466613769531e+00) (0, -2.09093608856201171875e+01) (1, -7.57159662246704101562e+00) (0, -1.07124972343444824219e+00) (1, 6.49341392517089843750e+00) (0, 1.03881609439849853516e+00) (1, 2.03372761607170104980e-02) (2, -8.88429546356201171875e+00) (3, 6.61096858978271484375e+00) (4, -2.93835680931806564331e-02) (5, -2.06043064594268798828e-01) (6, -1.10300517082214355469e+00) (2, 7.22709715366363525391e-01) (3, 4.08810329437255859375e+00) (4, 5.91393351554870605469e-01) (5, 6.27679347991943359375e-01) (6, 3.92854437232017517090e-02) (2, 6.78026199340820312500e-01) (3, 4.92842149734497070312e+00) (4, 2.99341678619384765625e-01) (5, 5.00073075294494628906e-01) (6, -1.68089389801025390625e-01) (2, -5.28877210617065429688e+00) (3, 3.14204192161560058594e+00) (4, 1.10087901353836059570e-01) (5, 4.00751456618309020996e-02) (6, -1.17335841059684753418e-01) (7, -3.74997034668922424316e-02) (8, 4.96340170502662658691e-02) (9, 1.78363040089607238770e-01) (10, -1.53992518782615661621e-01) (11, -1.55816242098808288574e-01) (7, -5.37236630916595458984e-01) (8, -4.84262019395828247070e-01) (9, -4.69740778207778930664e-01) (10, -5.92779040336608886719e-01) (11, -2.93936908245086669922e-01) 
