FANN_FLO_2.1
num_layers=3
learning_rate=0.300000
connection_rate=1.000000
network_type=0
learning_momentum=0.000000
training_algorithm=2
train_error_function=1
train_stop_function=0
cascade_output_change_fraction=0.010000
quickprop_decay=-0.000100
quickprop_mu=1.750000
rprop_increase_factor=1.200000
rprop_decrease_factor=0.500000
rprop_delta_min=0.000000
rprop_delta_max=50.000000
rprop_delta_zero=0.100000
cascade_output_stagnation_epochs=12
cascade_candidate_change_fraction=0.010000
cascade_candidate_stagnation_epochs=12
cascade_max_out_epochs=150
cascade_min_out_epochs=50
cascade_max_cand_epochs=150
cascade_min_cand_epochs=50
cascade_num_candidate_groups=2
bit_fail_limit=3.49999994039535522461e-01
cascade_candidate_limit=1.00000000000000000000e+03
cascade_weight_multiplier=4.00000005960464477539e-01
cascade_activation_functions_count=10
cascade_activation_functions=3 5 7 8 10 11 14 15 16 17 
cascade_activation_steepnesses_count=4
cascade_activation_steepnesses=2.50000000000000000000e-01 5.00000000000000000000e-01 7.50000000000000000000e-01 1.00000000000000000000e+00 
layer_sizes=4 9 2 
scale_included=0
neurons (num_inputs, activation_function, activation_steepness)=(0, 0, 0.00000000000000000000e+00) (0, 0, 0.00000000000000000000e+00) (0, 0, 0.00000000000000000000e+00) (0, 0, 0.00000000000000000000e+00) (4, 3, 5.00000000000000000000e-01) (4, 3, 5.00000000000000000000e-01) (4, 3, 5.00000000000000000000e-01) (4, 3, 5.00000000000000000000e-01) (4, 3, 5.00000000000000000000e-01) (4, 3, 5.00000000000000000000e-01) (4, 3, 5.00000000000000000000e-01) (4, 3, 5.00000000000000000000e-01) (0, 3, 0.00000000000000000000e+00) (9, 3, 5.00000000000000000000e-01) (0, 3, 0.00000000000000000000e+00) 
connections (connected_to_neuron, weight)=(0, -7.88449585437774658203e-01) (1, 5.16876161098480224609e-01) (2, -2.33551216125488281250e+00) (3, 1.48729014396667480469e+00) (0, 1.11002073287963867188e+01) (1, 9.07099306583404541016e-01) (2, -8.75370025634765625000e+01) (3, 1.05591058731079101562e+00) (0, -7.56520867347717285156e-01) (1, 5.90324282646179199219e-01) (2, -2.97441077232360839844e+00) (3, 9.97365856170654296875e+00) (0, 1.41542124748229980469e+00) (1, -1.25943124294281005859e+00) (2, 3.00370979309082031250e+00) (3, 8.32716673612594604492e-02) (0, 3.63927650451660156250e+00) (1, -7.27458775043487548828e-01) (2, -9.69351482391357421875e+00) (3, 7.79515206813812255859e-01) (0, 5.36018371582031250000e+00) (1, -9.59248006343841552734e-01) (2, -1.50674238204956054688e+01) (3, 1.08140516281127929688e+00) (0, -1.71381264925003051758e-01) (1, 5.40826935321092605591e-03) (2, -5.62459006905555725098e-02) (3, 2.86839675903320312500e+00) (0, -1.71849086880683898926e-01) (1, 6.71869963407516479492e-02) (2, -1.01163792610168457031e+00) (3, 5.17775821685791015625e+00) (4, -3.52879405021667480469e-01) (5, -1.50000000000000000000e+03) (6, -4.67976480722427368164e-01) (7, 5.68583667278289794922e-01) (8, 7.08497464656829833984e-02) (9, 1.45100709050893783569e-02) (10, -3.58656883239746093750e+00) (11, -1.85144019126892089844e+00) (12, 3.92556101083755493164e-01) 
