FANN_FLO_2.1
num_layers=3
learning_rate=0.400000
connection_rate=1.000000
network_type=0
learning_momentum=0.000000
training_algorithm=2
train_error_function=1
train_stop_function=0
cascade_output_change_fraction=0.010000
quickprop_decay=-0.000100
quickprop_mu=1.750000
rprop_increase_factor=1.200000
rprop_decrease_factor=0.500000
rprop_delta_min=0.000000
rprop_delta_max=50.000000
rprop_delta_zero=0.100000
cascade_output_stagnation_epochs=12
cascade_candidate_change_fraction=0.010000
cascade_candidate_stagnation_epochs=12
cascade_max_out_epochs=150
cascade_min_out_epochs=50
cascade_max_cand_epochs=150
cascade_min_cand_epochs=50
cascade_num_candidate_groups=2
bit_fail_limit=3.49999994039535522461e-01
cascade_candidate_limit=1.00000000000000000000e+03
cascade_weight_multiplier=4.00000005960464477539e-01
cascade_activation_functions_count=10
cascade_activation_functions=3 5 7 8 10 11 14 15 16 17 
cascade_activation_steepnesses_count=4
cascade_activation_steepnesses=2.50000000000000000000e-01 5.00000000000000000000e-01 7.50000000000000000000e-01 1.00000000000000000000e+00 
layer_sizes=6 5 2 
scale_included=0
neurons (num_inputs, activation_function, activation_steepness)=(0, 0, 0.00000000000000000000e+00) (0, 0, 0.00000000000000000000e+00) (0, 0, 0.00000000000000000000e+00) (0, 0, 0.00000000000000000000e+00) (0, 0, 0.00000000000000000000e+00) (0, 0, 0.00000000000000000000e+00) (6, 3, 5.00000000000000000000e-01) (6, 3, 5.00000000000000000000e-01) (6, 3, 5.00000000000000000000e-01) (6, 3, 5.00000000000000000000e-01) (0, 3, 0.00000000000000000000e+00) (5, 0, 5.00000000000000000000e-01) (0, 0, 0.00000000000000000000e+00) 
connections (connected_to_neuron, weight)=(0, -1.50000000000000000000e+03) (1, -1.50000000000000000000e+03) (2, -5.57666854858398437500e+01) (3, -8.60230636596679687500e+01) (4, -1.60892200469970703125e+01) (5, 8.50034475326538085938e-01) (0, -1.50000000000000000000e+03) (1, -1.50000000000000000000e+03) (2, -7.69805145263671875000e+01) (3, -8.56831436157226562500e+01) (4, 6.37280702590942382812e+00) (5, 5.58013677597045898438e-01) (0, -1.50000000000000000000e+03) (1, -1.05098999023437500000e+03) (2, 5.39657831192016601562e-01) (3, -4.53458023071289062500e+01) (4, 4.78282499313354492188e+00) (5, 4.66320127248764038086e-01) (0, -1.50000000000000000000e+03) (1, -1.50000000000000000000e+03) (2, -7.14693593978881835938e+00) (3, 4.32686150074005126953e-01) (4, 8.66329789161682128906e-01) (5, 3.43113392591476440430e-01) (6, 6.99057083129882812500e+01) (7, 3.45451698303222656250e+01) (8, 1.12789936065673828125e+01) (9, 3.28734359741210937500e+01) (10, 7.98231720924377441406e-01) 
