FANN_FLO_2.1
num_layers=3
learning_rate=0.500000
connection_rate=1.000000
network_type=0
learning_momentum=0.000000
training_algorithm=2
train_error_function=1
train_stop_function=0
cascade_output_change_fraction=0.010000
quickprop_decay=-0.000100
quickprop_mu=1.750000
rprop_increase_factor=1.200000
rprop_decrease_factor=0.500000
rprop_delta_min=0.000000
rprop_delta_max=50.000000
rprop_delta_zero=0.100000
cascade_output_stagnation_epochs=12
cascade_candidate_change_fraction=0.010000
cascade_candidate_stagnation_epochs=12
cascade_max_out_epochs=150
cascade_min_out_epochs=50
cascade_max_cand_epochs=150
cascade_min_cand_epochs=50
cascade_num_candidate_groups=2
bit_fail_limit=3.49999994039535522461e-01
cascade_candidate_limit=1.00000000000000000000e+03
cascade_weight_multiplier=4.00000005960464477539e-01
cascade_activation_functions_count=10
cascade_activation_functions=3 5 7 8 10 11 14 15 16 17 
cascade_activation_steepnesses_count=4
cascade_activation_steepnesses=2.50000000000000000000e-01 5.00000000000000000000e-01 7.50000000000000000000e-01 1.00000000000000000000e+00 
layer_sizes=3 5 4 
scale_included=0
neurons (num_inputs, activation_function, activation_steepness)=(0, 0, 0.00000000000000000000e+00) (0, 0, 0.00000000000000000000e+00) (0, 0, 0.00000000000000000000e+00) (3, 3, 5.00000000000000000000e-01) (3, 3, 5.00000000000000000000e-01) (3, 3, 5.00000000000000000000e-01) (3, 3, 5.00000000000000000000e-01) (0, 3, 0.00000000000000000000e+00) (5, 0, 5.00000000000000000000e-01) (5, 0, 5.00000000000000000000e-01) (5, 0, 5.00000000000000000000e-01) (0, 0, 0.00000000000000000000e+00) 
connections (connected_to_neuron, weight)=(0, -8.14222335815429687500e+00) (1, -1.28836524486541748047e+00) (2, 1.58271541595458984375e+01) (0, -1.45050411224365234375e+01) (1, 1.70144767761230468750e+01) (2, 3.29927921295166015625e+00) (0, -2.85111618041992187500e+00) (1, 1.70678839087486267090e-01) (2, 2.59193092584609985352e-01) (0, -2.14076709747314453125e+00) (1, -2.49390959739685058594e+00) (2, 5.45638144016265869141e-01) (3, -5.23394227027893066406e-01) (4, 1.71285426616668701172e+00) (5, 4.99096107482910156250e+00) (6, 2.48310542106628417969e+00) (7, 1.56610763072967529297e+00) (3, 1.78828573226928710938e+00) (4, 4.93387794494628906250e+00) (5, 1.20572414398193359375e+01) (6, 8.39000892639160156250e+00) (7, 5.35998201370239257812e+00) (3, 1.38269023895263671875e+01) (4, 1.55482139587402343750e+01) (5, 3.35519371032714843750e+01) (6, 2.84772930145263671875e+01) (7, 1.79440555572509765625e+01) 
