FANN_FLO_2.1
num_layers=3
learning_rate=0.500000
connection_rate=1.000000
network_type=0
learning_momentum=0.000000
training_algorithm=2
train_error_function=1
train_stop_function=0
cascade_output_change_fraction=0.010000
quickprop_decay=-0.000100
quickprop_mu=1.750000
rprop_increase_factor=1.200000
rprop_decrease_factor=0.500000
rprop_delta_min=0.000000
rprop_delta_max=50.000000
rprop_delta_zero=0.100000
cascade_output_stagnation_epochs=12
cascade_candidate_change_fraction=0.010000
cascade_candidate_stagnation_epochs=12
cascade_max_out_epochs=150
cascade_min_out_epochs=50
cascade_max_cand_epochs=150
cascade_min_cand_epochs=50
cascade_num_candidate_groups=2
bit_fail_limit=3.49999994039535522461e-01
cascade_candidate_limit=1.00000000000000000000e+03
cascade_weight_multiplier=4.00000005960464477539e-01
cascade_activation_functions_count=10
cascade_activation_functions=3 5 7 8 10 11 14 15 16 17 
cascade_activation_steepnesses_count=4
cascade_activation_steepnesses=2.50000000000000000000e-01 5.00000000000000000000e-01 7.50000000000000000000e-01 1.00000000000000000000e+00 
layer_sizes=3 9 4 
scale_included=0
neurons (num_inputs, activation_function, activation_steepness)=(0, 0, 0.00000000000000000000e+00) (0, 0, 0.00000000000000000000e+00) (0, 0, 0.00000000000000000000e+00) (3, 3, 5.00000000000000000000e-01) (3, 3, 5.00000000000000000000e-01) (3, 3, 5.00000000000000000000e-01) (3, 3, 5.00000000000000000000e-01) (3, 3, 5.00000000000000000000e-01) (3, 3, 5.00000000000000000000e-01) (3, 3, 5.00000000000000000000e-01) (3, 3, 5.00000000000000000000e-01) (0, 3, 0.00000000000000000000e+00) (9, 0, 5.00000000000000000000e-01) (9, 0, 5.00000000000000000000e-01) (9, 0, 5.00000000000000000000e-01) (0, 0, 0.00000000000000000000e+00) 
connections (connected_to_neuron, weight)=(0, -3.96926283836364746094e+00) (1, -6.96483135223388671875e+00) (2, 8.59221518039703369141e-01) (0, -7.33073759078979492188e+00) (1, 1.14753210544586181641e+00) (2, -4.26245659589767456055e-01) (0, -8.33036041259765625000e+00) (1, 3.81165575981140136719e+00) (2, 5.23280572891235351562e+00) (0, -7.43006420135498046875e+00) (1, 5.43662929534912109375e+00) (2, 5.39526891708374023438e+00) (0, -8.36687183380126953125e+00) (1, 3.14245557785034179688e+00) (2, 1.72806799411773681641e+00) (0, -5.15275955200195312500e+00) (1, -1.83891451358795166016e+00) (2, 1.67740287780761718750e+01) (0, -2.95408010482788085938e+00) (1, -1.90658938884735107422e+00) (2, 1.12186419963836669922e+00) (0, -8.05962562561035156250e+00) (1, 8.61026096343994140625e+00) (2, 7.00419187545776367188e+00) (3, 2.13838911056518554688e+00) (4, 2.37794756889343261719e+00) (5, 5.57659745216369628906e-01) (6, 6.79236888885498046875e-01) (7, 8.29240262508392333984e-01) (8, 4.40063983201980590820e-01) (9, 2.24732685089111328125e+00) (10, 9.25963759422302246094e-01) (11, 6.81677222251892089844e-01) (3, 5.25829553604125976562e+00) (4, 4.57854223251342773438e+00) (5, 2.57733035087585449219e+00) (6, 2.54674553871154785156e+00) (7, 2.86638641357421875000e+00) (8, 1.90361750125885009766e+00) (9, 7.51363945007324218750e+00) (10, 3.40888404846191406250e+00) (11, 2.49626994132995605469e+00) (3, 1.69656944274902343750e+01) (4, 1.36302967071533203125e+01) (5, 8.25327682495117187500e+00) (6, 8.39726257324218750000e+00) (7, 9.51398944854736328125e+00) (8, 1.07171516418457031250e+01) (9, 2.40298213958740234375e+01) (10, 8.79634571075439453125e+00) (11, 1.07498493194580078125e+01) 
