FANN_FLO_2.1
num_layers=3
learning_rate=0.500000
connection_rate=1.000000
network_type=0
learning_momentum=0.000000
training_algorithm=2
train_error_function=1
train_stop_function=0
cascade_output_change_fraction=0.010000
quickprop_decay=-0.000100
quickprop_mu=1.750000
rprop_increase_factor=1.200000
rprop_decrease_factor=0.500000
rprop_delta_min=0.000000
rprop_delta_max=50.000000
rprop_delta_zero=0.100000
cascade_output_stagnation_epochs=12
cascade_candidate_change_fraction=0.010000
cascade_candidate_stagnation_epochs=12
cascade_max_out_epochs=150
cascade_min_out_epochs=50
cascade_max_cand_epochs=150
cascade_min_cand_epochs=50
cascade_num_candidate_groups=2
bit_fail_limit=3.49999994039535522461e-01
cascade_candidate_limit=1.00000000000000000000e+03
cascade_weight_multiplier=4.00000005960464477539e-01
cascade_activation_functions_count=10
cascade_activation_functions=3 5 7 8 10 11 14 15 16 17 
cascade_activation_steepnesses_count=4
cascade_activation_steepnesses=2.50000000000000000000e-01 5.00000000000000000000e-01 7.50000000000000000000e-01 1.00000000000000000000e+00 
layer_sizes=10 5 2 
scale_included=0
neurons (num_inputs, activation_function, activation_steepness)=(0, 0, 0.00000000000000000000e+00) (0, 0, 0.00000000000000000000e+00) (0, 0, 0.00000000000000000000e+00) (0, 0, 0.00000000000000000000e+00) (0, 0, 0.00000000000000000000e+00) (0, 0, 0.00000000000000000000e+00) (0, 0, 0.00000000000000000000e+00) (0, 0, 0.00000000000000000000e+00) (0, 0, 0.00000000000000000000e+00) (0, 0, 0.00000000000000000000e+00) (10, 3, 5.00000000000000000000e-01) (10, 3, 5.00000000000000000000e-01) (10, 3, 5.00000000000000000000e-01) (10, 3, 5.00000000000000000000e-01) (0, 3, 0.00000000000000000000e+00) (5, 3, 5.00000000000000000000e-01) (0, 3, 0.00000000000000000000e+00) 
connections (connected_to_neuron, weight)=(0, -3.53069573640823364258e-01) (1, -3.78426074981689453125e-01) (2, -3.45961242914199829102e-01) (3, -3.48210930824279785156e-01) (4, -4.04503852128982543945e-01) (5, -3.53550463914871215820e-01) (6, -3.31895440816879272461e-01) (7, -3.42532604932785034180e-01) (8, -3.84498983621597290039e-01) (9, 1.00917267799377441406e+00) (0, 1.50000000000000000000e+03) (1, 1.50000000000000000000e+03) (2, 1.50000000000000000000e+03) (3, 1.50000000000000000000e+03) (4, 1.50000000000000000000e+03) (5, 1.50000000000000000000e+03) (6, 1.50000000000000000000e+03) (7, 1.50000000000000000000e+03) (8, 1.50000000000000000000e+03) (9, 3.90176887512207031250e+01) (0, -5.05331456661224365234e-01) (1, -2.96367913484573364258e-01) (2, -4.15807306766510009766e-01) (3, -8.11292082071304321289e-02) (4, -2.69523374736309051514e-02) (5, -2.46148630976676940918e-01) (6, -4.54664409160614013672e-01) (7, -3.61657977104187011719e-01) (8, -4.47522222995758056641e-01) (9, 1.81381963193416595459e-02) (0, 3.56933027505874633789e-01) (1, 6.04971386492252349854e-02) (2, 5.29186546802520751953e-01) (3, 5.07278561592102050781e-01) (4, -3.85515950620174407959e-02) (5, 4.12696629762649536133e-01) (6, 4.81121420860290527344e-01) (7, 4.81594085693359375000e-01) (8, 2.00541857630014419556e-02) (9, 6.60526812076568603516e-01) (10, -4.97260904312133789062e+00) (11, 4.26800936460494995117e-01) (12, -4.17446911334991455078e-01) (13, 9.48276579380035400391e-01) (14, 5.74690699577331542969e-01) 
