FANN_FLO_2.1
num_layers=3
learning_rate=0.500000
connection_rate=1.000000
network_type=0
learning_momentum=0.000000
training_algorithm=2
train_error_function=1
train_stop_function=0
cascade_output_change_fraction=0.010000
quickprop_decay=-0.000100
quickprop_mu=1.750000
rprop_increase_factor=1.200000
rprop_decrease_factor=0.500000
rprop_delta_min=0.000000
rprop_delta_max=50.000000
rprop_delta_zero=0.100000
cascade_output_stagnation_epochs=12
cascade_candidate_change_fraction=0.010000
cascade_candidate_stagnation_epochs=12
cascade_max_out_epochs=150
cascade_min_out_epochs=50
cascade_max_cand_epochs=150
cascade_min_cand_epochs=50
cascade_num_candidate_groups=2
bit_fail_limit=3.49999994039535522461e-01
cascade_candidate_limit=1.00000000000000000000e+03
cascade_weight_multiplier=4.00000005960464477539e-01
cascade_activation_functions_count=10
cascade_activation_functions=3 5 7 8 10 11 14 15 16 17 
cascade_activation_steepnesses_count=4
cascade_activation_steepnesses=2.50000000000000000000e-01 5.00000000000000000000e-01 7.50000000000000000000e-01 1.00000000000000000000e+00 
layer_sizes=3 5 4 
scale_included=0
neurons (num_inputs, activation_function, activation_steepness)=(0, 0, 0.00000000000000000000e+00) (0, 0, 0.00000000000000000000e+00) (0, 0, 0.00000000000000000000e+00) (3, 3, 5.00000000000000000000e-01) (3, 3, 5.00000000000000000000e-01) (3, 3, 5.00000000000000000000e-01) (3, 3, 5.00000000000000000000e-01) (0, 3, 0.00000000000000000000e+00) (5, 0, 5.00000000000000000000e-01) (5, 0, 5.00000000000000000000e-01) (5, 0, 5.00000000000000000000e-01) (0, 0, 0.00000000000000000000e+00) 
connections (connected_to_neuron, weight)=(0, -1.79423618316650390625e+00) (1, -2.82347989082336425781e+00) (2, 5.65611958503723144531e-01) (0, -3.35802841186523437500e+00) (1, -8.17973017692565917969e-01) (2, 5.29117107391357421875e-01) (0, -1.51515989303588867188e+01) (1, 8.13374996185302734375e+00) (2, 1.70485706329345703125e+01) (0, -4.22863101959228515625e+00) (1, 1.84393990039825439453e+00) (2, 9.60934579372406005859e-01) (3, 2.43310689926147460938e+00) (4, 3.37427020072937011719e+00) (5, 8.62870275974273681641e-01) (6, 2.79329776763916015625e+00) (7, 1.22009849548339843750e+00) (3, 8.03241729736328125000e+00) (4, 8.13566589355468750000e+00) (5, 5.01016473770141601562e+00) (6, 7.41572761535644531250e+00) (7, 4.88196420669555664062e+00) (3, 2.63395004272460937500e+01) (4, 2.64691772460937500000e+01) (5, 1.81073760986328125000e+01) (6, 2.16030635833740234375e+01) (7, 2.00830287933349609375e+01) 
