FANN_FLO_2.1
num_layers=4
learning_rate=0.450000
connection_rate=1.000000
network_type=0
learning_momentum=0.000000
training_algorithm=2
train_error_function=1
train_stop_function=0
cascade_output_change_fraction=0.010000
quickprop_decay=-0.000100
quickprop_mu=1.750000
rprop_increase_factor=1.200000
rprop_decrease_factor=0.500000
rprop_delta_min=0.000000
rprop_delta_max=50.000000
rprop_delta_zero=0.100000
cascade_output_stagnation_epochs=12
cascade_candidate_change_fraction=0.010000
cascade_candidate_stagnation_epochs=12
cascade_max_out_epochs=150
cascade_min_out_epochs=50
cascade_max_cand_epochs=150
cascade_min_cand_epochs=50
cascade_num_candidate_groups=2
bit_fail_limit=3.49999994039535522461e-01
cascade_candidate_limit=1.00000000000000000000e+03
cascade_weight_multiplier=4.00000005960464477539e-01
cascade_activation_functions_count=10
cascade_activation_functions=3 5 7 8 10 11 14 15 16 17 
cascade_activation_steepnesses_count=4
cascade_activation_steepnesses=2.50000000000000000000e-01 5.00000000000000000000e-01 7.50000000000000000000e-01 1.00000000000000000000e+00 
layer_sizes=7 5 3 2 
scale_included=0
neurons (num_inputs, activation_function, activation_steepness)=(0, 0, 0.00000000000000000000e+00) (0, 0, 0.00000000000000000000e+00) (0, 0, 0.00000000000000000000e+00) (0, 0, 0.00000000000000000000e+00) (0, 0, 0.00000000000000000000e+00) (0, 0, 0.00000000000000000000e+00) (0, 0, 0.00000000000000000000e+00) (7, 3, 5.00000000000000000000e-01) (7, 3, 5.00000000000000000000e-01) (7, 3, 5.00000000000000000000e-01) (7, 3, 5.00000000000000000000e-01) (0, 3, 0.00000000000000000000e+00) (5, 3, 5.00000000000000000000e-01) (5, 3, 5.00000000000000000000e-01) (0, 3, 0.00000000000000000000e+00) (3, 0, 5.00000000000000000000e-01) (0, 0, 0.00000000000000000000e+00) 
connections (connected_to_neuron, weight)=(0, 2.51507103443145751953e-01) (1, 3.37638229131698608398e-01) (2, -3.25990557670593261719e-01) (3, 1.60485565662384033203e-01) (4, 3.32943759858608245850e-02) (5, -5.96754670143127441406e-01) (6, 3.21089267730712890625e-01) (0, 1.24963887035846710205e-01) (1, 5.95699667930603027344e-01) (2, -9.89494100213050842285e-02) (3, -2.69489854574203491211e-01) (4, 2.23373711109161376953e-01) (5, -3.47489744424819946289e-01) (6, -3.59605431556701660156e+00) (0, -5.04743933677673339844e-01) (1, 1.74041450023651123047e-01) (2, -3.66938203573226928711e-01) (3, 2.58162677288055419922e-01) (4, 4.23822283744812011719e-01) (5, 1.57970607280731201172e-01) (6, -7.61963725090026855469e-02) (0, 1.50000000000000000000e+03) (1, 1.11863594055175781250e+02) (2, 1.50000000000000000000e+03) (3, 1.50000000000000000000e+03) (4, 1.28183496093750000000e+03) (5, 1.50000000000000000000e+03) (6, 5.53007385253906250000e+02) (7, -6.09015869140625000000e+02) (8, -2.38609069824218750000e+02) (9, -5.11153137207031250000e+02) (10, 5.62940612792968750000e+02) (11, 1.46825802326202392578e+00) (7, -6.86899375915527343750e+00) (8, -2.59422397613525390625e+00) (9, -5.40455436706542968750e+00) (10, 1.04869520664215087891e+00) (11, 9.29082632064819335938e-01) (12, -2.26909950375556945801e-01) (13, 7.98903274536132812500e+00) (14, -9.59880533628165721893e-04) 
