FANN_FLO_2.1
num_layers=3
learning_rate=0.500000
connection_rate=1.000000
network_type=0
learning_momentum=0.000000
training_algorithm=2
train_error_function=1
train_stop_function=0
cascade_output_change_fraction=0.010000
quickprop_decay=-0.000100
quickprop_mu=1.750000
rprop_increase_factor=1.200000
rprop_decrease_factor=0.500000
rprop_delta_min=0.000000
rprop_delta_max=50.000000
rprop_delta_zero=0.100000
cascade_output_stagnation_epochs=12
cascade_candidate_change_fraction=0.010000
cascade_candidate_stagnation_epochs=12
cascade_max_out_epochs=150
cascade_min_out_epochs=50
cascade_max_cand_epochs=150
cascade_min_cand_epochs=50
cascade_num_candidate_groups=2
bit_fail_limit=3.49999994039535522461e-01
cascade_candidate_limit=1.00000000000000000000e+03
cascade_weight_multiplier=4.00000005960464477539e-01
cascade_activation_functions_count=10
cascade_activation_functions=3 5 7 8 10 11 14 15 16 17 
cascade_activation_steepnesses_count=4
cascade_activation_steepnesses=2.50000000000000000000e-01 5.00000000000000000000e-01 7.50000000000000000000e-01 1.00000000000000000000e+00 
layer_sizes=7 9 2 
scale_included=0
neurons (num_inputs, activation_function, activation_steepness)=(0, 0, 0.00000000000000000000e+00) (0, 0, 0.00000000000000000000e+00) (0, 0, 0.00000000000000000000e+00) (0, 0, 0.00000000000000000000e+00) (0, 0, 0.00000000000000000000e+00) (0, 0, 0.00000000000000000000e+00) (0, 0, 0.00000000000000000000e+00) (7, 3, 5.00000000000000000000e-01) (7, 3, 5.00000000000000000000e-01) (7, 3, 5.00000000000000000000e-01) (7, 3, 5.00000000000000000000e-01) (7, 3, 5.00000000000000000000e-01) (7, 3, 5.00000000000000000000e-01) (7, 3, 5.00000000000000000000e-01) (7, 3, 5.00000000000000000000e-01) (0, 3, 0.00000000000000000000e+00) (9, 0, 5.00000000000000000000e-01) (0, 0, 0.00000000000000000000e+00) 
connections (connected_to_neuron, weight)=(0, 7.07960557937622070312e+00) (1, -1.31353604793548583984e+00) (2, 3.76829681396484375000e+01) (3, -3.99894042968750000000e+02) (4, -1.02672900390625000000e+03) (5, -5.09304733276367187500e+01) (6, -1.29761946201324462891e+00) (0, 1.57661743164062500000e+01) (1, -1.79106414318084716797e-01) (2, 2.00968612670898437500e+02) (3, -1.81032302856445312500e+02) (4, -1.02672900390625000000e+03) (5, -2.14927349090576171875e+01) (6, -1.81546092033386230469e-01) (0, 1.08562088012695312500e+00) (1, -8.42247188091278076172e-01) (2, -7.56683766841888427734e-01) (3, -2.39169955253601074219e+00) (4, 2.22537446022033691406e+00) (5, -2.50066184997558593750e+00) (6, -9.41943526268005371094e-01) (0, 5.03548669815063476562e+00) (1, -7.15204238891601562500e-01) (2, 1.33073968887329101562e+01) (3, -3.17102489471435546875e+01) (4, -1.02672900390625000000e+03) (5, -1.34561634063720703125e+00) (6, -6.73606514930725097656e-01) (0, -1.60979665815830230713e-02) (1, -1.56461223959922790527e-01) (2, 1.06014370918273925781e-01) (3, -4.17641639709472656250e-01) (4, 5.25540471076965332031e-01) (5, 1.92189533263444900513e-02) (6, -3.67628931999206542969e-01) (0, 3.63977737426757812500e+01) (1, -4.40669119358062744141e-01) (2, 1.59105285644531250000e+02) (3, -7.68014678955078125000e+01) (4, -1.46233679199218750000e+03) (5, -1.13487262725830078125e+01) (6, -3.43003958463668823242e-01) (0, 5.26698446273803710938e+00) (1, -1.82024613022804260254e-01) (2, 1.27347335815429687500e+01) (3, -7.62832489013671875000e+01) (4, -1.02672900390625000000e+03) (5, -3.79787278175354003906e+00) (6, -3.16821575164794921875e-01) (0, 6.56398925781250000000e+01) (1, -4.32462453842163085938e-01) (2, 3.21488037109375000000e+02) (3, -6.46896057128906250000e+02) (4, -1.48768273925781250000e+03) (5, -1.39744277954101562500e+02) (6, -3.69962781667709350586e-01) (7, 1.50000000000000000000e+03) (8, 1.50000000000000000000e+03) (9, 1.05455983430147171021e-02) (10, 1.50000000000000000000e+03) (11, -2.40795444697141647339e-02) (12, -8.51380467414855957031e-01) (13, 1.50000000000000000000e+03) (14, -3.40826463699340820312e+00) (15, 1.88980270177125930786e-02) 
