FANN_FLO_2.1
num_layers=3
learning_rate=0.500000
connection_rate=1.000000
network_type=0
learning_momentum=0.000000
training_algorithm=2
train_error_function=1
train_stop_function=0
cascade_output_change_fraction=0.010000
quickprop_decay=-0.000100
quickprop_mu=1.750000
rprop_increase_factor=1.200000
rprop_decrease_factor=0.500000
rprop_delta_min=0.000000
rprop_delta_max=50.000000
rprop_delta_zero=0.100000
cascade_output_stagnation_epochs=12
cascade_candidate_change_fraction=0.010000
cascade_candidate_stagnation_epochs=12
cascade_max_out_epochs=150
cascade_min_out_epochs=50
cascade_max_cand_epochs=150
cascade_min_cand_epochs=50
cascade_num_candidate_groups=2
bit_fail_limit=3.49999994039535522461e-01
cascade_candidate_limit=1.00000000000000000000e+03
cascade_weight_multiplier=4.00000005960464477539e-01
cascade_activation_functions_count=10
cascade_activation_functions=3 5 7 8 10 11 14 15 16 17 
cascade_activation_steepnesses_count=4
cascade_activation_steepnesses=2.50000000000000000000e-01 5.00000000000000000000e-01 7.50000000000000000000e-01 1.00000000000000000000e+00 
layer_sizes=10 3 2 
scale_included=0
neurons (num_inputs, activation_function, activation_steepness)=(0, 0, 0.00000000000000000000e+00) (0, 0, 0.00000000000000000000e+00) (0, 0, 0.00000000000000000000e+00) (0, 0, 0.00000000000000000000e+00) (0, 0, 0.00000000000000000000e+00) (0, 0, 0.00000000000000000000e+00) (0, 0, 0.00000000000000000000e+00) (0, 0, 0.00000000000000000000e+00) (0, 0, 0.00000000000000000000e+00) (0, 0, 0.00000000000000000000e+00) (10, 3, 5.00000000000000000000e-01) (10, 3, 5.00000000000000000000e-01) (0, 3, 0.00000000000000000000e+00) (3, 3, 5.00000000000000000000e-01) (0, 3, 0.00000000000000000000e+00) 
connections (connected_to_neuron, weight)=(0, -1.20231263339519500732e-01) (1, 5.22321343421936035156e-01) (2, 1.24745912849903106689e-01) (3, 5.68053245544433593750e-01) (4, 1.19943165779113769531e+00) (5, 4.47705566883087158203e-01) (6, -1.29956919699907302856e-02) (7, 5.74649810791015625000e-01) (8, 6.38642191886901855469e-01) (9, -2.13870215415954589844e+00) (0, -6.02356016635894775391e-01) (1, -3.53347182273864746094e-01) (2, -5.07195651531219482422e-01) (3, -3.08551102876663208008e-01) (4, -2.19873841851949691772e-02) (5, -3.70990902185440063477e-01) (6, -5.61998724937438964844e-01) (7, -3.38854640722274780273e-01) (8, -2.80261248350143432617e-01) (9, 6.72159612178802490234e-01) (10, 1.52302062511444091797e+00) (11, -4.07893180847167968750e+00) (12, 4.06319648027420043945e-01) 
