FANN_FLO_2.1
num_layers=4
learning_rate=0.450000
connection_rate=1.000000
network_type=0
learning_momentum=0.000000
training_algorithm=2
train_error_function=1
train_stop_function=0
cascade_output_change_fraction=0.010000
quickprop_decay=-0.000100
quickprop_mu=1.750000
rprop_increase_factor=1.200000
rprop_decrease_factor=0.500000
rprop_delta_min=0.000000
rprop_delta_max=50.000000
rprop_delta_zero=0.100000
cascade_output_stagnation_epochs=12
cascade_candidate_change_fraction=0.010000
cascade_candidate_stagnation_epochs=12
cascade_max_out_epochs=150
cascade_min_out_epochs=50
cascade_max_cand_epochs=150
cascade_min_cand_epochs=50
cascade_num_candidate_groups=2
bit_fail_limit=3.49999994039535522461e-01
cascade_candidate_limit=1.00000000000000000000e+03
cascade_weight_multiplier=4.00000005960464477539e-01
cascade_activation_functions_count=10
cascade_activation_functions=3 5 7 8 10 11 14 15 16 17 
cascade_activation_steepnesses_count=4
cascade_activation_steepnesses=2.50000000000000000000e-01 5.00000000000000000000e-01 7.50000000000000000000e-01 1.00000000000000000000e+00 
layer_sizes=7 5 5 2 
scale_included=0
neurons (num_inputs, activation_function, activation_steepness)=(0, 0, 0.00000000000000000000e+00) (0, 0, 0.00000000000000000000e+00) (0, 0, 0.00000000000000000000e+00) (0, 0, 0.00000000000000000000e+00) (0, 0, 0.00000000000000000000e+00) (0, 0, 0.00000000000000000000e+00) (0, 0, 0.00000000000000000000e+00) (7, 3, 5.00000000000000000000e-01) (7, 3, 5.00000000000000000000e-01) (7, 3, 5.00000000000000000000e-01) (7, 3, 5.00000000000000000000e-01) (0, 3, 0.00000000000000000000e+00) (5, 3, 5.00000000000000000000e-01) (5, 3, 5.00000000000000000000e-01) (5, 3, 5.00000000000000000000e-01) (5, 3, 5.00000000000000000000e-01) (0, 3, 0.00000000000000000000e+00) (5, 0, 5.00000000000000000000e-01) (0, 0, 0.00000000000000000000e+00) 
connections (connected_to_neuron, weight)=(0, 4.17240768671035766602e-01) (1, 1.39097917079925537109e+00) (2, 4.76741075515747070312e+00) (3, 5.94825506210327148438e-01) (4, -4.64126586914062500000e+00) (5, -4.05742824077606201172e-01) (6, -2.00872497558593750000e+01) (0, -6.20398402214050292969e-01) (1, 6.24263703823089599609e-01) (2, -1.98891103267669677734e+00) (3, 3.90566796064376831055e-01) (4, 2.58723646402359008789e-01) (5, 1.29189908504486083984e+00) (6, 2.11431360244750976562e+00) (0, -8.64261352539062500000e+02) (1, 1.34080004882812500000e+03) (2, 8.91261413574218750000e+02) (3, 6.25558052062988281250e+01) (4, 1.13946618652343750000e+03) (5, 1.20402563476562500000e+03) (6, 6.79834167480468750000e+02) (0, 2.79484128952026367188e+00) (1, -1.94939374923706054688e+00) (2, -3.16249923706054687500e+01) (3, 2.19137072563171386719e+00) (4, -4.73468589782714843750e+01) (5, 6.71033401489257812500e+01) (6, -5.71159183979034423828e-01) (7, -7.80577540397644042969e-01) (8, -6.84667587280273437500e-01) (9, -5.75978934764862060547e-01) (10, -2.55887818336486816406e+00) (11, -6.35757565498352050781e-01) (7, -6.73760712146759033203e-01) (8, -8.23345780372619628906e-01) (9, -1.35449752211570739746e-01) (10, -3.44518971443176269531e+00) (11, -5.50311326980590820312e-01) (7, -1.03657162189483642578e+00) (8, -6.47639751434326171875e-01) (9, -7.36274659633636474609e-01) (10, 1.00956335067749023438e+01) (11, -5.84363520145416259766e-01) (7, -1.07624025344848632812e+01) (8, -9.92975902557373046875e+00) (9, 2.22559189796447753906e+00) (10, 1.44365177154541015625e+01) (11, -9.83969628810882568359e-01) (12, -1.07932843267917633057e-01) (13, -9.20841768383979797363e-02) (14, 1.81671604514122009277e-01) (15, -1.98579490184783935547e-01) (16, 2.22485996782779693604e-02) 
