FANN_FLO_2.1
num_layers=3
learning_rate=0.500000
connection_rate=1.000000
network_type=0
learning_momentum=0.000000
training_algorithm=2
train_error_function=1
train_stop_function=0
cascade_output_change_fraction=0.010000
quickprop_decay=-0.000100
quickprop_mu=1.750000
rprop_increase_factor=1.200000
rprop_decrease_factor=0.500000
rprop_delta_min=0.000000
rprop_delta_max=50.000000
rprop_delta_zero=0.100000
cascade_output_stagnation_epochs=12
cascade_candidate_change_fraction=0.010000
cascade_candidate_stagnation_epochs=12
cascade_max_out_epochs=150
cascade_min_out_epochs=50
cascade_max_cand_epochs=150
cascade_min_cand_epochs=50
cascade_num_candidate_groups=2
bit_fail_limit=3.49999994039535522461e-01
cascade_candidate_limit=1.00000000000000000000e+03
cascade_weight_multiplier=4.00000005960464477539e-01
cascade_activation_functions_count=10
cascade_activation_functions=3 5 7 8 10 11 14 15 16 17 
cascade_activation_steepnesses_count=4
cascade_activation_steepnesses=2.50000000000000000000e-01 5.00000000000000000000e-01 7.50000000000000000000e-01 1.00000000000000000000e+00 
layer_sizes=7 5 2 
scale_included=0
neurons (num_inputs, activation_function, activation_steepness)=(0, 0, 0.00000000000000000000e+00) (0, 0, 0.00000000000000000000e+00) (0, 0, 0.00000000000000000000e+00) (0, 0, 0.00000000000000000000e+00) (0, 0, 0.00000000000000000000e+00) (0, 0, 0.00000000000000000000e+00) (0, 0, 0.00000000000000000000e+00) (7, 3, 5.00000000000000000000e-01) (7, 3, 5.00000000000000000000e-01) (7, 3, 5.00000000000000000000e-01) (7, 3, 5.00000000000000000000e-01) (0, 3, 0.00000000000000000000e+00) (5, 0, 5.00000000000000000000e-01) (0, 0, 0.00000000000000000000e+00) 
connections (connected_to_neuron, weight)=(0, 5.78607499599456787109e-01) (1, 6.72233164310455322266e-01) (2, 1.09814052581787109375e+01) (3, 7.20540344715118408203e-01) (4, 6.31033539772033691406e-01) (5, 7.76751399040222167969e-01) (6, 8.23052883148193359375e-01) (0, 6.21186673641204833984e-01) (1, 6.52658998966217041016e-01) (2, 1.09312753677368164062e+01) (3, 7.14758455753326416016e-01) (4, 6.52383208274841308594e-01) (5, 8.04179310798645019531e-01) (6, 6.93734049797058105469e-01) (0, 3.81848096847534179688e-01) (1, 2.96901345252990722656e-01) (2, -8.42579543590545654297e-01) (3, 3.11473101377487182617e-01) (4, 3.67455750703811645508e-01) (5, 2.86841452121734619141e-01) (6, 6.65501117706298828125e-01) (0, -5.73537983000278472900e-02) (1, 8.93658250570297241211e-02) (2, -2.81524695456027984619e-02) (3, 2.92061492800712585449e-02) (4, -5.75040951371192932129e-02) (5, 2.24670395255088806152e-02) (6, 8.33872556686401367188e-01) (7, -2.62970536947250366211e-01) (8, -2.18023285269737243652e-01) (9, 3.65458190441131591797e-01) (10, -1.44889742136001586914e-01) (11, 2.26661264896392822266e-01) 
