FANN_FLO_2.1
num_layers=3
learning_rate=0.500000
connection_rate=1.000000
network_type=0
learning_momentum=0.000000
training_algorithm=2
train_error_function=1
train_stop_function=0
cascade_output_change_fraction=0.010000
quickprop_decay=-0.000100
quickprop_mu=1.750000
rprop_increase_factor=1.200000
rprop_decrease_factor=0.500000
rprop_delta_min=0.000000
rprop_delta_max=50.000000
rprop_delta_zero=0.100000
cascade_output_stagnation_epochs=12
cascade_candidate_change_fraction=0.010000
cascade_candidate_stagnation_epochs=12
cascade_max_out_epochs=150
cascade_min_out_epochs=50
cascade_max_cand_epochs=150
cascade_min_cand_epochs=50
cascade_num_candidate_groups=2
bit_fail_limit=3.49999994039535522461e-01
cascade_candidate_limit=1.00000000000000000000e+03
cascade_weight_multiplier=4.00000005960464477539e-01
cascade_activation_functions_count=10
cascade_activation_functions=3 5 7 8 10 11 14 15 16 17 
cascade_activation_steepnesses_count=4
cascade_activation_steepnesses=2.50000000000000000000e-01 5.00000000000000000000e-01 7.50000000000000000000e-01 1.00000000000000000000e+00 
layer_sizes=7 9 2 
scale_included=0
neurons (num_inputs, activation_function, activation_steepness)=(0, 0, 0.00000000000000000000e+00) (0, 0, 0.00000000000000000000e+00) (0, 0, 0.00000000000000000000e+00) (0, 0, 0.00000000000000000000e+00) (0, 0, 0.00000000000000000000e+00) (0, 0, 0.00000000000000000000e+00) (0, 0, 0.00000000000000000000e+00) (7, 3, 5.00000000000000000000e-01) (7, 3, 5.00000000000000000000e-01) (7, 3, 5.00000000000000000000e-01) (7, 3, 5.00000000000000000000e-01) (7, 3, 5.00000000000000000000e-01) (7, 3, 5.00000000000000000000e-01) (7, 3, 5.00000000000000000000e-01) (7, 3, 5.00000000000000000000e-01) (0, 3, 0.00000000000000000000e+00) (9, 0, 5.00000000000000000000e-01) (0, 0, 0.00000000000000000000e+00) 
connections (connected_to_neuron, weight)=(0, 2.92673613876104354858e-02) (1, 2.34430849552154541016e-01) (2, 3.48927229642868041992e-01) (3, -1.77758470177650451660e-01) (4, -5.64730465412139892578e-02) (5, -2.64157265424728393555e-01) (6, -1.84658515453338623047e+00) (0, -5.17213165760040283203e-01) (1, -5.92536687850952148438e-01) (2, -9.88349437713623046875e+00) (3, -6.93837451934814453125e+00) (4, -3.35591048002243041992e-01) (5, -3.98025421142578125000e+02) (6, -5.40780425071716308594e-01) (0, -3.06487321853637695312e-01) (1, -1.66580045223236083984e+00) (2, -2.61959953308105468750e+01) (3, -1.79459559917449951172e+00) (4, -4.34188812971115112305e-01) (5, 2.64063358306884765625e+00) (6, -2.04243093729019165039e-01) (0, -2.10026547312736511230e-01) (1, -1.74969172477722167969e+00) (2, -2.52728691101074218750e+01) (3, -2.70807456970214843750e+00) (4, -5.30839264392852783203e-01) (5, -9.75107955932617187500e+01) (6, -1.93334281444549560547e-01) (0, -2.96969354152679443359e-01) (1, -1.09061431884765625000e+00) (2, -4.42041435241699218750e+01) (3, -5.40094852447509765625e-01) (4, -9.76119041442871093750e-02) (5, -9.13881530761718750000e+01) (6, -1.64406225085258483887e-01) (0, -2.28524627164006233215e-03) (1, -1.38956695795059204102e-01) (2, -5.90364515781402587891e-01) (3, 7.68994539976119995117e-02) (4, 1.22184097766876220703e-01) (5, 2.96667128801345825195e-01) (6, 1.53747510910034179688e+00) (0, -2.48913288116455078125e-01) (1, -3.79713511466979980469e+00) (2, -6.87882614135742187500e+01) (3, -2.36525917053222656250e+00) (4, -3.36964368820190429688e-01) (5, -1.97544891357421875000e+02) (6, -1.91342711448669433594e-01) (0, -7.36925238743424415588e-03) (1, 2.49200493097305297852e-01) (2, -3.76990675926208496094e-01) (3, -1.45020857453346252441e-01) (4, 7.12282210588455200195e-02) (5, -1.85024693608283996582e-01) (6, -1.73826146125793457031e+00) (7, -1.65485262870788574219e-01) (8, -7.87567871093750000000e+02) (9, 1.15013003349304199219e-01) (10, -1.38687792968750000000e+03) (11, -7.70109891891479492188e-01) (12, -1.57563120126724243164e-01) (13, -1.38743225097656250000e+03) (14, 5.98260723054409027100e-02) (15, 1.57187044620513916016e-01) 
