FANN_FLO_2.1
num_layers=4
learning_rate=0.500000
connection_rate=1.000000
network_type=0
learning_momentum=0.000000
training_algorithm=2
train_error_function=1
train_stop_function=0
cascade_output_change_fraction=0.010000
quickprop_decay=-0.000100
quickprop_mu=1.750000
rprop_increase_factor=1.200000
rprop_decrease_factor=0.500000
rprop_delta_min=0.000000
rprop_delta_max=50.000000
rprop_delta_zero=0.100000
cascade_output_stagnation_epochs=12
cascade_candidate_change_fraction=0.010000
cascade_candidate_stagnation_epochs=12
cascade_max_out_epochs=150
cascade_min_out_epochs=50
cascade_max_cand_epochs=150
cascade_min_cand_epochs=50
cascade_num_candidate_groups=2
bit_fail_limit=3.49999994039535522461e-01
cascade_candidate_limit=1.00000000000000000000e+03
cascade_weight_multiplier=4.00000005960464477539e-01
cascade_activation_functions_count=10
cascade_activation_functions=3 5 7 8 10 11 14 15 16 17 
cascade_activation_steepnesses_count=4
cascade_activation_steepnesses=2.50000000000000000000e-01 5.00000000000000000000e-01 7.50000000000000000000e-01 1.00000000000000000000e+00 
layer_sizes=4 5 3 2 
scale_included=0
neurons (num_inputs, activation_function, activation_steepness)=(0, 0, 0.00000000000000000000e+00) (0, 0, 0.00000000000000000000e+00) (0, 0, 0.00000000000000000000e+00) (0, 0, 0.00000000000000000000e+00) (4, 3, 5.00000000000000000000e-01) (4, 3, 5.00000000000000000000e-01) (4, 3, 5.00000000000000000000e-01) (4, 3, 5.00000000000000000000e-01) (0, 3, 0.00000000000000000000e+00) (5, 3, 5.00000000000000000000e-01) (5, 3, 5.00000000000000000000e-01) (0, 3, 0.00000000000000000000e+00) (3, 3, 5.00000000000000000000e-01) (0, 3, 0.00000000000000000000e+00) 
connections (connected_to_neuron, weight)=(0, -5.61147785186767578125e+00) (1, -1.37043771743774414062e+01) (2, 4.71987915039062500000e+00) (3, 5.90877676010131835938e+00) (0, 3.48107814788818359375e+00) (1, -5.11006546020507812500e+01) (2, -1.07575464248657226562e+00) (3, 4.38396692276000976562e+00) (0, 3.25405907630920410156e+00) (1, -1.98952579498291015625e+01) (2, -2.86494517326354980469e+00) (3, -1.06636539101600646973e-01) (0, 1.60463833808898925781e+00) (1, -1.99503650665283203125e+01) (2, 1.38547716140747070312e+01) (3, -2.17693701386451721191e-01) (4, 1.56930856704711914062e+01) (5, -7.13828468322753906250e+00) (6, 1.38786621093750000000e+01) (7, -6.25685739517211914062e+00) (8, -3.35524940490722656250e+00) (4, 1.52137422561645507812e+01) (5, -1.75137805938720703125e+00) (6, 9.36355209350585937500e+00) (7, -6.71070623397827148438e+00) (8, -2.99803328514099121094e+00) (9, -4.02895402908325195312e+00) (10, -7.24129915237426757812e-01) (11, 2.44069051742553710938e+00) 
