FANN_FLO_2.1
num_layers=3
learning_rate=0.500000
connection_rate=1.000000
network_type=0
learning_momentum=0.000000
training_algorithm=2
train_error_function=1
train_stop_function=0
cascade_output_change_fraction=0.010000
quickprop_decay=-0.000100
quickprop_mu=1.750000
rprop_increase_factor=1.200000
rprop_decrease_factor=0.500000
rprop_delta_min=0.000000
rprop_delta_max=50.000000
rprop_delta_zero=0.100000
cascade_output_stagnation_epochs=12
cascade_candidate_change_fraction=0.010000
cascade_candidate_stagnation_epochs=12
cascade_max_out_epochs=150
cascade_min_out_epochs=50
cascade_max_cand_epochs=150
cascade_min_cand_epochs=50
cascade_num_candidate_groups=2
bit_fail_limit=3.49999994039535522461e-01
cascade_candidate_limit=1.00000000000000000000e+03
cascade_weight_multiplier=4.00000005960464477539e-01
cascade_activation_functions_count=10
cascade_activation_functions=3 5 7 8 10 11 14 15 16 17 
cascade_activation_steepnesses_count=4
cascade_activation_steepnesses=2.50000000000000000000e-01 5.00000000000000000000e-01 7.50000000000000000000e-01 1.00000000000000000000e+00 
layer_sizes=10 5 2 
scale_included=0
neurons (num_inputs, activation_function, activation_steepness)=(0, 0, 0.00000000000000000000e+00) (0, 0, 0.00000000000000000000e+00) (0, 0, 0.00000000000000000000e+00) (0, 0, 0.00000000000000000000e+00) (0, 0, 0.00000000000000000000e+00) (0, 0, 0.00000000000000000000e+00) (0, 0, 0.00000000000000000000e+00) (0, 0, 0.00000000000000000000e+00) (0, 0, 0.00000000000000000000e+00) (0, 0, 0.00000000000000000000e+00) (10, 3, 5.00000000000000000000e-01) (10, 3, 5.00000000000000000000e-01) (10, 3, 5.00000000000000000000e-01) (10, 3, 5.00000000000000000000e-01) (0, 3, 0.00000000000000000000e+00) (5, 3, 5.00000000000000000000e-01) (0, 3, 0.00000000000000000000e+00) 
connections (connected_to_neuron, weight)=(0, 3.66321384906768798828e-01) (1, 5.54280519485473632812e-01) (2, 3.42818886041641235352e-01) (3, 7.13973820209503173828e-01) (4, 3.95149320363998413086e-01) (5, 4.82617735862731933594e-01) (6, 3.96877199411392211914e-01) (7, 4.73520547151565551758e-01) (8, 4.44455891847610473633e-01) (9, -1.45382332801818847656e+00) (0, -4.71877813339233398438e-01) (1, -3.98763149976730346680e-01) (2, -4.65874940156936645508e-01) (3, -4.02470618486404418945e-01) (4, -4.79773789644241333008e-01) (5, -5.00412166118621826172e-01) (6, -5.16528487205505371094e-01) (7, -4.94860380887985229492e-01) (8, -5.00287711620330810547e-01) (9, 1.46636152267456054688e+00) (0, -5.79507946968078613281e-01) (1, -5.51740527153015136719e-01) (2, -5.77385842800140380859e-01) (3, -2.65784800052642822266e-01) (4, -4.51218158006668090820e-01) (5, -4.39460635185241699219e-01) (6, -4.33778971433639526367e-01) (7, -4.96930956840515136719e-01) (8, -4.21041488647460937500e-01) (9, 1.60158765316009521484e+00) (0, -4.70208734273910522461e-01) (1, -3.89740556478500366211e-01) (2, -5.44150352478027343750e-01) (3, -5.00164151191711425781e-01) (4, -4.47638392448425292969e-01) (5, -4.80542033910751342773e-01) (6, -4.77632343769073486328e-01) (7, -4.29578274488449096680e-01) (8, -4.89899724721908569336e-01) (9, 1.52402281761169433594e+00) (10, 1.49700248241424560547e+00) (11, -9.68575656414031982422e-01) (12, -9.26100790500640869141e-01) (13, -9.50442135334014892578e-01) (14, 5.46634308993816375732e-02) 
