FANN_FLO_2.1
num_layers=3
learning_rate=0.450000
connection_rate=1.000000
network_type=0
learning_momentum=0.000000
training_algorithm=2
train_error_function=1
train_stop_function=0
cascade_output_change_fraction=0.010000
quickprop_decay=-0.000100
quickprop_mu=1.750000
rprop_increase_factor=1.200000
rprop_decrease_factor=0.500000
rprop_delta_min=0.000000
rprop_delta_max=50.000000
rprop_delta_zero=0.100000
cascade_output_stagnation_epochs=12
cascade_candidate_change_fraction=0.010000
cascade_candidate_stagnation_epochs=12
cascade_max_out_epochs=150
cascade_min_out_epochs=50
cascade_max_cand_epochs=150
cascade_min_cand_epochs=50
cascade_num_candidate_groups=2
bit_fail_limit=3.49999994039535522461e-01
cascade_candidate_limit=1.00000000000000000000e+03
cascade_weight_multiplier=4.00000005960464477539e-01
cascade_activation_functions_count=10
cascade_activation_functions=3 5 7 8 10 11 14 15 16 17 
cascade_activation_steepnesses_count=4
cascade_activation_steepnesses=2.50000000000000000000e-01 5.00000000000000000000e-01 7.50000000000000000000e-01 1.00000000000000000000e+00 
layer_sizes=7 5 2 
scale_included=0
neurons (num_inputs, activation_function, activation_steepness)=(0, 0, 0.00000000000000000000e+00) (0, 0, 0.00000000000000000000e+00) (0, 0, 0.00000000000000000000e+00) (0, 0, 0.00000000000000000000e+00) (0, 0, 0.00000000000000000000e+00) (0, 0, 0.00000000000000000000e+00) (0, 0, 0.00000000000000000000e+00) (7, 3, 5.00000000000000000000e-01) (7, 3, 5.00000000000000000000e-01) (7, 3, 5.00000000000000000000e-01) (7, 3, 5.00000000000000000000e-01) (0, 3, 0.00000000000000000000e+00) (5, 0, 5.00000000000000000000e-01) (0, 0, 0.00000000000000000000e+00) 
connections (connected_to_neuron, weight)=(0, -1.18555891513824462891e+00) (1, -8.40397357940673828125e-01) (2, -1.26428508758544921875e+01) (3, 3.07338500022888183594e+00) (4, -2.63372254371643066406e+00) (5, -1.93804397583007812500e+01) (6, -7.22350060939788818359e-01) (0, -9.13916110992431640625e+00) (1, 2.62817502021789550781e+00) (2, 2.06800460815429687500e-01) (3, -1.09345483779907226562e+01) (4, -2.25878190994262695312e+00) (5, 8.10291576385498046875e+00) (6, 6.62914097309112548828e-01) (0, -5.34628009796142578125e+00) (1, -6.84452116489410400391e-01) (2, -7.79774093627929687500e+00) (3, -7.82891035079956054688e+00) (4, -2.91465306282043457031e+00) (5, 1.47430253028869628906e+00) (6, -6.60761475563049316406e-01) (0, -4.44920396804809570312e+00) (1, -2.21054315567016601562e-01) (2, -9.36765014648437500000e+02) (3, -3.28692770004272460938e+00) (4, 4.29261803627014160156e-01) (5, -9.34749877929687500000e+02) (6, -4.20832782983779907227e-01) (7, 5.50878906250000000000e+00) (8, -8.89912620186805725098e-03) (9, -1.50000000000000000000e+03) (10, -9.00000000000000000000e+02) (11, 1.33263161405920982361e-02) 
