FANN_FLO_2.1
num_layers=4
learning_rate=0.500000
connection_rate=1.000000
network_type=0
learning_momentum=0.000000
training_algorithm=2
train_error_function=1
train_stop_function=0
cascade_output_change_fraction=0.010000
quickprop_decay=-0.000100
quickprop_mu=1.750000
rprop_increase_factor=1.200000
rprop_decrease_factor=0.500000
rprop_delta_min=0.000000
rprop_delta_max=50.000000
rprop_delta_zero=0.100000
cascade_output_stagnation_epochs=12
cascade_candidate_change_fraction=0.010000
cascade_candidate_stagnation_epochs=12
cascade_max_out_epochs=150
cascade_min_out_epochs=50
cascade_max_cand_epochs=150
cascade_min_cand_epochs=50
cascade_num_candidate_groups=2
bit_fail_limit=3.49999994039535522461e-01
cascade_candidate_limit=1.00000000000000000000e+03
cascade_weight_multiplier=4.00000005960464477539e-01
cascade_activation_functions_count=10
cascade_activation_functions=3 5 7 8 10 11 14 15 16 17 
cascade_activation_steepnesses_count=4
cascade_activation_steepnesses=2.50000000000000000000e-01 5.00000000000000000000e-01 7.50000000000000000000e-01 1.00000000000000000000e+00 
layer_sizes=4 5 3 2 
scale_included=0
neurons (num_inputs, activation_function, activation_steepness)=(0, 0, 0.00000000000000000000e+00) (0, 0, 0.00000000000000000000e+00) (0, 0, 0.00000000000000000000e+00) (0, 0, 0.00000000000000000000e+00) (4, 3, 5.00000000000000000000e-01) (4, 3, 5.00000000000000000000e-01) (4, 3, 5.00000000000000000000e-01) (4, 3, 5.00000000000000000000e-01) (0, 3, 0.00000000000000000000e+00) (5, 3, 5.00000000000000000000e-01) (5, 3, 5.00000000000000000000e-01) (0, 3, 0.00000000000000000000e+00) (3, 3, 5.00000000000000000000e-01) (0, 3, 0.00000000000000000000e+00) 
connections (connected_to_neuron, weight)=(0, 1.50000000000000000000e+03) (1, 1.50000000000000000000e+03) (2, 1.50000000000000000000e+03) (3, 1.02543258666992187500e+02) (0, -1.15302057266235351562e+01) (1, -1.27370939254760742188e+01) (2, 2.20287179946899414062e+00) (3, 1.02351684570312500000e+01) (0, -1.06714162826538085938e+01) (1, -1.26664600372314453125e+01) (2, -2.01685261726379394531e+00) (3, 1.13222436904907226562e+01) (0, -1.06973867416381835938e+01) (1, -1.86466484069824218750e+01) (2, 3.52052307128906250000e+00) (3, 7.73931598663330078125e+00) (4, -5.99557065963745117188e+00) (5, 3.02517566680908203125e+01) (6, 6.82965230941772460938e+00) (7, -2.26220054626464843750e+01) (8, -4.40389394760131835938e+00) (4, -5.82592725753784179688e+00) (5, 2.66155967712402343750e+01) (6, 8.23579788208007812500e+00) (7, -2.04483585357666015625e+01) (8, -4.12695121765136718750e+00) (9, -2.04051518440246582031e+00) (10, -2.31945228576660156250e+00) (11, 2.12798237800598144531e+00) 
