FANN_FLO_2.1
num_layers=4
learning_rate=0.450000
connection_rate=1.000000
network_type=0
learning_momentum=0.000000
training_algorithm=2
train_error_function=1
train_stop_function=0
cascade_output_change_fraction=0.010000
quickprop_decay=-0.000100
quickprop_mu=1.750000
rprop_increase_factor=1.200000
rprop_decrease_factor=0.500000
rprop_delta_min=0.000000
rprop_delta_max=50.000000
rprop_delta_zero=0.100000
cascade_output_stagnation_epochs=12
cascade_candidate_change_fraction=0.010000
cascade_candidate_stagnation_epochs=12
cascade_max_out_epochs=150
cascade_min_out_epochs=50
cascade_max_cand_epochs=150
cascade_min_cand_epochs=50
cascade_num_candidate_groups=2
bit_fail_limit=3.49999994039535522461e-01
cascade_candidate_limit=1.00000000000000000000e+03
cascade_weight_multiplier=4.00000005960464477539e-01
cascade_activation_functions_count=10
cascade_activation_functions=3 5 7 8 10 11 14 15 16 17 
cascade_activation_steepnesses_count=4
cascade_activation_steepnesses=2.50000000000000000000e-01 5.00000000000000000000e-01 7.50000000000000000000e-01 1.00000000000000000000e+00 
layer_sizes=7 5 3 2 
scale_included=0
neurons (num_inputs, activation_function, activation_steepness)=(0, 0, 0.00000000000000000000e+00) (0, 0, 0.00000000000000000000e+00) (0, 0, 0.00000000000000000000e+00) (0, 0, 0.00000000000000000000e+00) (0, 0, 0.00000000000000000000e+00) (0, 0, 0.00000000000000000000e+00) (0, 0, 0.00000000000000000000e+00) (7, 3, 5.00000000000000000000e-01) (7, 3, 5.00000000000000000000e-01) (7, 3, 5.00000000000000000000e-01) (7, 3, 5.00000000000000000000e-01) (0, 3, 0.00000000000000000000e+00) (5, 3, 5.00000000000000000000e-01) (5, 3, 5.00000000000000000000e-01) (0, 3, 0.00000000000000000000e+00) (3, 0, 5.00000000000000000000e-01) (0, 0, 0.00000000000000000000e+00) 
connections (connected_to_neuron, weight)=(0, 4.59480881690979003906e-02) (1, 1.40957608819007873535e-01) (2, -3.26223701238632202148e-01) (3, 1.39995468780398368835e-02) (4, 2.22517102956771850586e-01) (5, -1.01492434740066528320e-01) (6, 1.26917138695716857910e-01) (0, 6.36944627761840820312e+00) (1, 4.69739379882812500000e+01) (2, 1.50000000000000000000e+03) (3, 2.75747507810592651367e-01) (4, 1.50000000000000000000e+03) (5, 1.50000000000000000000e+03) (6, 2.14671373367309570312e+00) (0, 6.35301399230957031250e+00) (1, 4.69645957946777343750e+01) (2, 1.50000000000000000000e+03) (3, 3.45772415399551391602e-01) (4, 1.50000000000000000000e+03) (5, 1.05984240722656250000e+03) (6, 2.22151494026184082031e+00) (0, 1.47239625453948974609e-01) (1, 9.53330174088478088379e-02) (2, 3.74223947525024414062e-01) (3, -2.16903343796730041504e-01) (4, -2.14474890381097793579e-02) (5, -3.95418554544448852539e-01) (6, -1.67633306980133056641e+00) (7, -1.48958883285522460938e+01) (8, -1.02680194377899169922e+00) (9, -1.03397810459136962891e+00) (10, 3.71962661743164062500e+01) (11, -1.12524855136871337891e+00) (7, 1.88480396270751953125e+01) (8, -2.73276925086975097656e+00) (9, -2.77163290977478027344e+00) (10, 1.74135456085205078125e+01) (11, -2.77679467201232910156e+00) (12, -1.68805588036775588989e-02) (13, -3.77833515405654907227e-01) (14, 3.93938332796096801758e-01) 
