FANN_FLO_2.1
num_layers=3
learning_rate=0.400000
connection_rate=1.000000
network_type=0
learning_momentum=0.000000
training_algorithm=2
train_error_function=1
train_stop_function=0
cascade_output_change_fraction=0.010000
quickprop_decay=-0.000100
quickprop_mu=1.750000
rprop_increase_factor=1.200000
rprop_decrease_factor=0.500000
rprop_delta_min=0.000000
rprop_delta_max=50.000000
rprop_delta_zero=0.100000
cascade_output_stagnation_epochs=12
cascade_candidate_change_fraction=0.010000
cascade_candidate_stagnation_epochs=12
cascade_max_out_epochs=150
cascade_min_out_epochs=50
cascade_max_cand_epochs=150
cascade_min_cand_epochs=50
cascade_num_candidate_groups=2
bit_fail_limit=3.49999994039535522461e-01
cascade_candidate_limit=1.00000000000000000000e+03
cascade_weight_multiplier=4.00000005960464477539e-01
cascade_activation_functions_count=10
cascade_activation_functions=3 5 7 8 10 11 14 15 16 17 
cascade_activation_steepnesses_count=4
cascade_activation_steepnesses=2.50000000000000000000e-01 5.00000000000000000000e-01 7.50000000000000000000e-01 1.00000000000000000000e+00 
layer_sizes=6 5 2 
scale_included=0
neurons (num_inputs, activation_function, activation_steepness)=(0, 0, 0.00000000000000000000e+00) (0, 0, 0.00000000000000000000e+00) (0, 0, 0.00000000000000000000e+00) (0, 0, 0.00000000000000000000e+00) (0, 0, 0.00000000000000000000e+00) (0, 0, 0.00000000000000000000e+00) (6, 3, 5.00000000000000000000e-01) (6, 3, 5.00000000000000000000e-01) (6, 3, 5.00000000000000000000e-01) (6, 3, 5.00000000000000000000e-01) (0, 3, 0.00000000000000000000e+00) (5, 0, 5.00000000000000000000e-01) (0, 0, 0.00000000000000000000e+00) 
connections (connected_to_neuron, weight)=(0, -1.50000000000000000000e+03) (1, -1.38609588623046875000e+02) (2, 1.10223464965820312500e+02) (3, -7.44211044311523437500e+01) (4, -1.50000000000000000000e+03) (5, -4.42438751459121704102e-01) (0, -1.50000000000000000000e+03) (1, -6.68015747070312500000e+02) (2, 1.37972274780273437500e+02) (3, -1.80718231201171875000e+01) (4, -1.50000000000000000000e+03) (5, -4.17539715766906738281e-01) (0, -1.50000000000000000000e+03) (1, -2.30118194580078125000e+02) (2, 8.23922195434570312500e+01) (3, -1.56635117530822753906e+00) (4, -9.98184280395507812500e+01) (5, -4.86293107271194458008e-01) (0, -1.50000000000000000000e+03) (1, -1.15081024169921875000e+02) (2, 3.93780517578125000000e+01) (3, -4.56763237714767456055e-01) (4, -1.13000431060791015625e+01) (5, -3.26792478561401367188e-01) (6, 1.82398567199707031250e+01) (7, 2.37681350708007812500e+01) (8, 1.05151109695434570312e+01) (9, 2.19845542907714843750e+01) (10, 7.80862689018249511719e-01) 
