FANN_FLO_2.1
num_layers=4
learning_rate=0.450000
connection_rate=1.000000
network_type=0
learning_momentum=0.000000
training_algorithm=2
train_error_function=1
train_stop_function=0
cascade_output_change_fraction=0.010000
quickprop_decay=-0.000100
quickprop_mu=1.750000
rprop_increase_factor=1.200000
rprop_decrease_factor=0.500000
rprop_delta_min=0.000000
rprop_delta_max=50.000000
rprop_delta_zero=0.100000
cascade_output_stagnation_epochs=12
cascade_candidate_change_fraction=0.010000
cascade_candidate_stagnation_epochs=12
cascade_max_out_epochs=150
cascade_min_out_epochs=50
cascade_max_cand_epochs=150
cascade_min_cand_epochs=50
cascade_num_candidate_groups=2
bit_fail_limit=3.49999994039535522461e-01
cascade_candidate_limit=1.00000000000000000000e+03
cascade_weight_multiplier=4.00000005960464477539e-01
cascade_activation_functions_count=10
cascade_activation_functions=3 5 7 8 10 11 14 15 16 17 
cascade_activation_steepnesses_count=4
cascade_activation_steepnesses=2.50000000000000000000e-01 5.00000000000000000000e-01 7.50000000000000000000e-01 1.00000000000000000000e+00 
layer_sizes=7 5 5 2 
scale_included=0
neurons (num_inputs, activation_function, activation_steepness)=(0, 0, 0.00000000000000000000e+00) (0, 0, 0.00000000000000000000e+00) (0, 0, 0.00000000000000000000e+00) (0, 0, 0.00000000000000000000e+00) (0, 0, 0.00000000000000000000e+00) (0, 0, 0.00000000000000000000e+00) (0, 0, 0.00000000000000000000e+00) (7, 3, 5.00000000000000000000e-01) (7, 3, 5.00000000000000000000e-01) (7, 3, 5.00000000000000000000e-01) (7, 3, 5.00000000000000000000e-01) (0, 3, 0.00000000000000000000e+00) (5, 3, 5.00000000000000000000e-01) (5, 3, 5.00000000000000000000e-01) (5, 3, 5.00000000000000000000e-01) (5, 3, 5.00000000000000000000e-01) (0, 3, 0.00000000000000000000e+00) (5, 0, 5.00000000000000000000e-01) (0, 0, 0.00000000000000000000e+00) 
connections (connected_to_neuron, weight)=(0, 9.18184518814086914062e-02) (1, 1.45356893539428710938e+00) (2, -1.57896149158477783203e+00) (3, -2.30085358023643493652e-01) (4, 1.05676269531250000000e+00) (5, -6.01689517498016357422e-01) (6, -1.52867257595062255859e-01) (0, 4.64085377752780914307e-02) (1, 1.48122012615203857422e+00) (2, -2.04090118408203125000e+00) (3, 2.39694133400917053223e-01) (4, -4.44019460678100585938e+00) (5, -1.07757139205932617188e+00) (6, 6.04818522930145263672e-01) (0, -4.57801759243011474609e-01) (1, 1.43317451477050781250e+01) (2, -4.31334686279296875000e+00) (3, -2.34199833869934082031e+00) (4, 2.59033250808715820312e+00) (5, -4.81121540069580078125e+00) (6, 8.95103514194488525391e-01) (0, 3.37083280086517333984e-01) (1, 7.29999959468841552734e-01) (2, -1.36887884140014648438e+00) (3, 2.01737210154533386230e-01) (4, 6.53918862342834472656e-01) (5, -6.80373370647430419922e-01) (6, 7.30473101139068603516e-01) (7, -3.44594264030456542969e+00) (8, 1.26020860671997070312e+01) (9, 4.41298753023147583008e-01) (10, -1.51917207241058349609e+00) (11, -5.20413368940353393555e-02) (7, -6.96602582931518554688e+00) (8, 1.70946941375732421875e+01) (9, 1.08622303009033203125e+01) (10, -7.38777999877929687500e+01) (11, -8.74857127666473388672e-01) (7, -2.42048950195312500000e+01) (8, -2.31897460937500000000e+02) (9, -1.03526496887207031250e+00) (10, -2.29600712656974792480e-01) (11, -5.23102641105651855469e-01) (7, -7.40725564956665039062e+00) (8, 1.53925582885742187500e+02) (9, -2.34112186431884765625e+01) (10, -1.90675506591796875000e+01) (11, 3.96971011161804199219e+00) (12, 2.81062781810760498047e-01) (13, -7.38857910037040710449e-02) (14, -8.12435865402221679688e-01) (15, 9.07069563865661621094e-01) (16, 2.09240405820310115814e-03) 
