FANN_FLO_2.1
num_layers=3
learning_rate=0.450000
connection_rate=1.000000
network_type=0
learning_momentum=0.000000
training_algorithm=2
train_error_function=1
train_stop_function=0
cascade_output_change_fraction=0.010000
quickprop_decay=-0.000100
quickprop_mu=1.750000
rprop_increase_factor=1.200000
rprop_decrease_factor=0.500000
rprop_delta_min=0.000000
rprop_delta_max=50.000000
rprop_delta_zero=0.100000
cascade_output_stagnation_epochs=12
cascade_candidate_change_fraction=0.010000
cascade_candidate_stagnation_epochs=12
cascade_max_out_epochs=150
cascade_min_out_epochs=50
cascade_max_cand_epochs=150
cascade_min_cand_epochs=50
cascade_num_candidate_groups=2
bit_fail_limit=3.49999994039535522461e-01
cascade_candidate_limit=1.00000000000000000000e+03
cascade_weight_multiplier=4.00000005960464477539e-01
cascade_activation_functions_count=10
cascade_activation_functions=3 5 7 8 10 11 14 15 16 17 
cascade_activation_steepnesses_count=4
cascade_activation_steepnesses=2.50000000000000000000e-01 5.00000000000000000000e-01 7.50000000000000000000e-01 1.00000000000000000000e+00 
layer_sizes=7 5 2 
scale_included=0
neurons (num_inputs, activation_function, activation_steepness)=(0, 0, 0.00000000000000000000e+00) (0, 0, 0.00000000000000000000e+00) (0, 0, 0.00000000000000000000e+00) (0, 0, 0.00000000000000000000e+00) (0, 0, 0.00000000000000000000e+00) (0, 0, 0.00000000000000000000e+00) (0, 0, 0.00000000000000000000e+00) (7, 3, 5.00000000000000000000e-01) (7, 3, 5.00000000000000000000e-01) (7, 3, 5.00000000000000000000e-01) (7, 3, 5.00000000000000000000e-01) (0, 3, 0.00000000000000000000e+00) (5, 0, 5.00000000000000000000e-01) (0, 0, 0.00000000000000000000e+00) 
connections (connected_to_neuron, weight)=(0, 1.26907148361206054688e+01) (1, -9.49741268157958984375e+00) (2, -1.84058296680450439453e+00) (3, 3.78928685188293457031e+00) (4, -4.54266738891601562500e+00) (5, -1.68401911854743957520e-01) (6, 3.00823497772216796875e+01) (0, -2.54239606857299804688e+00) (1, -4.87243056297302246094e-01) (2, -3.98949056863784790039e-01) (3, -3.96684110164642333984e-01) (4, 3.64035725593566894531e-01) (5, -4.41502189636230468750e+00) (6, 3.99462151527404785156e+00) (0, 1.50000000000000000000e+03) (1, 1.50000000000000000000e+03) (2, 1.50000000000000000000e+03) (3, 1.42101635742187500000e+03) (4, 3.20974502563476562500e+01) (5, 1.50000000000000000000e+03) (6, -1.90281176567077636719e+00) (0, -8.12098007202148437500e+01) (1, 1.61824531555175781250e+01) (2, -8.23890864849090576172e-01) (3, 2.54286060333251953125e+01) (4, -5.97283458709716796875e+00) (5, -1.03037055969238281250e+02) (6, -3.40588998794555664062e+00) (7, -1.13846382141113281250e+02) (8, 1.60438269376754760742e-02) (9, 1.13823059082031250000e+02) (10, -4.08500814437866210938e+00) (11, -1.21048707515001296997e-02) 
