FANN_FLO_2.1
num_layers=4
learning_rate=0.500000
connection_rate=1.000000
network_type=0
learning_momentum=0.000000
training_algorithm=2
train_error_function=1
train_stop_function=0
cascade_output_change_fraction=0.010000
quickprop_decay=-0.000100
quickprop_mu=1.750000
rprop_increase_factor=1.200000
rprop_decrease_factor=0.500000
rprop_delta_min=0.000000
rprop_delta_max=50.000000
rprop_delta_zero=0.100000
cascade_output_stagnation_epochs=12
cascade_candidate_change_fraction=0.010000
cascade_candidate_stagnation_epochs=12
cascade_max_out_epochs=150
cascade_min_out_epochs=50
cascade_max_cand_epochs=150
cascade_min_cand_epochs=50
cascade_num_candidate_groups=2
bit_fail_limit=3.49999994039535522461e-01
cascade_candidate_limit=1.00000000000000000000e+03
cascade_weight_multiplier=4.00000005960464477539e-01
cascade_activation_functions_count=10
cascade_activation_functions=3 5 7 8 10 11 14 15 16 17 
cascade_activation_steepnesses_count=4
cascade_activation_steepnesses=2.50000000000000000000e-01 5.00000000000000000000e-01 7.50000000000000000000e-01 1.00000000000000000000e+00 
layer_sizes=4 5 3 2 
scale_included=0
neurons (num_inputs, activation_function, activation_steepness)=(0, 0, 0.00000000000000000000e+00) (0, 0, 0.00000000000000000000e+00) (0, 0, 0.00000000000000000000e+00) (0, 0, 0.00000000000000000000e+00) (4, 3, 5.00000000000000000000e-01) (4, 3, 5.00000000000000000000e-01) (4, 3, 5.00000000000000000000e-01) (4, 3, 5.00000000000000000000e-01) (0, 3, 0.00000000000000000000e+00) (5, 3, 5.00000000000000000000e-01) (5, 3, 5.00000000000000000000e-01) (0, 3, 0.00000000000000000000e+00) (3, 3, 5.00000000000000000000e-01) (0, 3, 0.00000000000000000000e+00) 
connections (connected_to_neuron, weight)=(0, -3.02457833290100097656e+00) (1, 1.38768088817596435547e+00) (2, -3.37059926986694335938e+00) (3, 1.36121833324432373047e+00) (0, -2.73049068450927734375e+00) (1, -4.67213678359985351562e+00) (2, -2.40650162100791931152e-01) (3, 1.45937538146972656250e+00) (0, -9.17921900749206542969e-01) (1, -2.86401023864746093750e+01) (2, 3.81369471549987792969e+00) (3, 8.81502747535705566406e-01) (0, -1.39250862598419189453e+00) (1, -2.59948806762695312500e+01) (2, 1.05852782726287841797e+00) (3, 1.41043949127197265625e+00) (4, 2.55982856750488281250e+01) (5, 2.27830543518066406250e+01) (6, 1.43978576660156250000e+01) (7, -1.81775131225585937500e+01) (8, -7.53884696960449218750e+00) (4, 1.33565397262573242188e+01) (5, 1.50232095718383789062e+01) (6, 1.90092105865478515625e+01) (7, -2.68235206604003906250e+01) (8, -3.01846361160278320312e+00) (9, -4.43942022323608398438e+00) (10, -4.04847383499145507812e-01) (11, 2.52053642272949218750e+00) 
