FANN_FLO_2.1
num_layers=4
learning_rate=0.500000
connection_rate=1.000000
network_type=0
learning_momentum=0.000000
training_algorithm=2
train_error_function=1
train_stop_function=0
cascade_output_change_fraction=0.010000
quickprop_decay=-0.000100
quickprop_mu=1.750000
rprop_increase_factor=1.200000
rprop_decrease_factor=0.500000
rprop_delta_min=0.000000
rprop_delta_max=50.000000
rprop_delta_zero=0.100000
cascade_output_stagnation_epochs=12
cascade_candidate_change_fraction=0.010000
cascade_candidate_stagnation_epochs=12
cascade_max_out_epochs=150
cascade_min_out_epochs=50
cascade_max_cand_epochs=150
cascade_min_cand_epochs=50
cascade_num_candidate_groups=2
bit_fail_limit=3.49999994039535522461e-01
cascade_candidate_limit=1.00000000000000000000e+03
cascade_weight_multiplier=4.00000005960464477539e-01
cascade_activation_functions_count=10
cascade_activation_functions=3 5 7 8 10 11 14 15 16 17 
cascade_activation_steepnesses_count=4
cascade_activation_steepnesses=2.50000000000000000000e-01 5.00000000000000000000e-01 7.50000000000000000000e-01 1.00000000000000000000e+00 
layer_sizes=4 5 5 2 
scale_included=0
neurons (num_inputs, activation_function, activation_steepness)=(0, 0, 0.00000000000000000000e+00) (0, 0, 0.00000000000000000000e+00) (0, 0, 0.00000000000000000000e+00) (0, 0, 0.00000000000000000000e+00) (4, 3, 5.00000000000000000000e-01) (4, 3, 5.00000000000000000000e-01) (4, 3, 5.00000000000000000000e-01) (4, 3, 5.00000000000000000000e-01) (0, 3, 0.00000000000000000000e+00) (5, 3, 5.00000000000000000000e-01) (5, 3, 5.00000000000000000000e-01) (5, 3, 5.00000000000000000000e-01) (5, 3, 5.00000000000000000000e-01) (0, 3, 0.00000000000000000000e+00) (5, 3, 5.00000000000000000000e-01) (0, 3, 0.00000000000000000000e+00) 
connections (connected_to_neuron, weight)=(0, -2.53578734397888183594e+00) (1, -1.64027576446533203125e+01) (2, 2.42778134346008300781e+00) (3, 1.62220001220703125000e+01) (0, -3.74916768074035644531e+00) (1, -1.68727397918701171875e+00) (2, -1.43886125087738037109e+00) (3, 2.05309629440307617188e+00) (0, 3.08850944042205810547e-01) (1, -1.15864753723144531250e+01) (2, 5.71459865570068359375e+00) (3, 4.64172506332397460938e+00) (0, -3.29685163497924804688e+00) (1, 9.33741867542266845703e-01) (2, -3.40506649017333984375e+00) (3, 2.02348423004150390625e+00) (4, 3.58391809463500976562e+00) (5, -5.55908441543579101562e+00) (6, -3.54807400703430175781e+00) (7, -6.87958621978759765625e+00) (8, 1.88800275325775146484e+00) (4, -1.36269018554687500000e+03) (5, -4.04174194335937500000e+02) (6, -1.36269018554687500000e+03) (7, -1.50000000000000000000e+03) (8, -1.98024117946624755859e+00) (4, 2.13682804107666015625e+01) (5, 5.94344139099121093750e+00) (6, 6.32540607452392578125e+00) (7, 1.03898315429687500000e+01) (8, -2.44886827468872070312e+00) (4, 3.54352831840515136719e+00) (5, 9.97573757171630859375e+00) (6, 1.64826641082763671875e+01) (7, 1.68732910156250000000e+01) (8, -2.10251331329345703125e+00) (9, 5.45714998245239257812e+00) (10, 1.20907885742187500000e+03) (11, -1.72754156589508056641e+00) (12, -1.70513641834259033203e+00) (13, 9.53759193420410156250e-01) 
