FANN_FLO_2.1
num_layers=4
learning_rate=0.450000
connection_rate=1.000000
network_type=0
learning_momentum=0.000000
training_algorithm=2
train_error_function=1
train_stop_function=0
cascade_output_change_fraction=0.010000
quickprop_decay=-0.000100
quickprop_mu=1.750000
rprop_increase_factor=1.200000
rprop_decrease_factor=0.500000
rprop_delta_min=0.000000
rprop_delta_max=50.000000
rprop_delta_zero=0.100000
cascade_output_stagnation_epochs=12
cascade_candidate_change_fraction=0.010000
cascade_candidate_stagnation_epochs=12
cascade_max_out_epochs=150
cascade_min_out_epochs=50
cascade_max_cand_epochs=150
cascade_min_cand_epochs=50
cascade_num_candidate_groups=2
bit_fail_limit=3.49999994039535522461e-01
cascade_candidate_limit=1.00000000000000000000e+03
cascade_weight_multiplier=4.00000005960464477539e-01
cascade_activation_functions_count=10
cascade_activation_functions=3 5 7 8 10 11 14 15 16 17 
cascade_activation_steepnesses_count=4
cascade_activation_steepnesses=2.50000000000000000000e-01 5.00000000000000000000e-01 7.50000000000000000000e-01 1.00000000000000000000e+00 
layer_sizes=7 5 5 2 
scale_included=0
neurons (num_inputs, activation_function, activation_steepness)=(0, 0, 0.00000000000000000000e+00) (0, 0, 0.00000000000000000000e+00) (0, 0, 0.00000000000000000000e+00) (0, 0, 0.00000000000000000000e+00) (0, 0, 0.00000000000000000000e+00) (0, 0, 0.00000000000000000000e+00) (0, 0, 0.00000000000000000000e+00) (7, 3, 5.00000000000000000000e-01) (7, 3, 5.00000000000000000000e-01) (7, 3, 5.00000000000000000000e-01) (7, 3, 5.00000000000000000000e-01) (0, 3, 0.00000000000000000000e+00) (5, 3, 5.00000000000000000000e-01) (5, 3, 5.00000000000000000000e-01) (5, 3, 5.00000000000000000000e-01) (5, 3, 5.00000000000000000000e-01) (0, 3, 0.00000000000000000000e+00) (5, 0, 5.00000000000000000000e-01) (0, 0, 0.00000000000000000000e+00) 
connections (connected_to_neuron, weight)=(0, 1.26917868852615356445e-01) (1, -2.39390552043914794922e-01) (2, 1.02481670677661895752e-01) (3, 3.65395426750183105469e-01) (4, -7.46155858039855957031e-01) (5, 3.70175421237945556641e-01) (6, -3.23038029670715332031e+00) (0, -8.31606864929199218750e-01) (1, -3.76853656768798828125e+00) (2, 2.87008552551269531250e+01) (3, -2.08012056350708007812e+00) (4, 1.11653242111206054688e+01) (5, -1.57710230350494384766e+00) (6, -5.71883916854858398438e-01) (0, -3.10428082942962646484e-01) (1, -1.58104360103607177734e+00) (2, 8.97450160980224609375e+00) (3, -1.89723646640777587891e+00) (4, 4.99357795715332031250e+00) (5, -5.55602014064788818359e-01) (6, 6.20573878288269042969e-01) (0, -6.47292733192443847656e-01) (1, -1.94829118251800537109e+00) (2, -1.22046336531639099121e-01) (3, 1.21326971054077148438e+00) (4, 8.06628942489624023438e-01) (5, -3.72843742370605468750e-01) (6, -9.69139575958251953125e-01) (7, 1.39956855773925781250e+00) (8, 3.34098935127258300781e+00) (9, -2.68535137176513671875e+00) (10, -7.84932315349578857422e-01) (11, 6.19525372982025146484e-01) (7, 9.28504714965820312500e+01) (8, 9.97995948791503906250e+00) (9, -4.68900871276855468750e+00) (10, -5.70746421813964843750e-01) (11, 7.49880933761596679688e+00) (7, -1.50000000000000000000e+03) (8, 1.49954370117187500000e+03) (9, 1.42604357910156250000e+03) (10, 1.50000000000000000000e+03) (11, -1.01322817802429199219e+00) (7, -1.50000000000000000000e+03) (8, 1.49980969238281250000e+03) (9, 1.42604357910156250000e+03) (10, 1.50000000000000000000e+03) (11, 2.61489582061767578125e+01) (12, 9.47761982679367065430e-02) (13, 7.95461609959602355957e-02) (14, -2.60694399476051330566e-02) (15, -6.95033892989158630371e-02) (16, -4.71994057297706604004e-02) 
