FANN_FLO_2.1
num_layers=3
learning_rate=0.450000
connection_rate=1.000000
network_type=0
learning_momentum=0.000000
training_algorithm=2
train_error_function=1
train_stop_function=0
cascade_output_change_fraction=0.010000
quickprop_decay=-0.000100
quickprop_mu=1.750000
rprop_increase_factor=1.200000
rprop_decrease_factor=0.500000
rprop_delta_min=0.000000
rprop_delta_max=50.000000
rprop_delta_zero=0.100000
cascade_output_stagnation_epochs=12
cascade_candidate_change_fraction=0.010000
cascade_candidate_stagnation_epochs=12
cascade_max_out_epochs=150
cascade_min_out_epochs=50
cascade_max_cand_epochs=150
cascade_min_cand_epochs=50
cascade_num_candidate_groups=2
bit_fail_limit=3.49999994039535522461e-01
cascade_candidate_limit=1.00000000000000000000e+03
cascade_weight_multiplier=4.00000005960464477539e-01
cascade_activation_functions_count=10
cascade_activation_functions=3 5 7 8 10 11 14 15 16 17 
cascade_activation_steepnesses_count=4
cascade_activation_steepnesses=2.50000000000000000000e-01 5.00000000000000000000e-01 7.50000000000000000000e-01 1.00000000000000000000e+00 
layer_sizes=7 5 2 
scale_included=0
neurons (num_inputs, activation_function, activation_steepness)=(0, 0, 0.00000000000000000000e+00) (0, 0, 0.00000000000000000000e+00) (0, 0, 0.00000000000000000000e+00) (0, 0, 0.00000000000000000000e+00) (0, 0, 0.00000000000000000000e+00) (0, 0, 0.00000000000000000000e+00) (0, 0, 0.00000000000000000000e+00) (7, 3, 5.00000000000000000000e-01) (7, 3, 5.00000000000000000000e-01) (7, 3, 5.00000000000000000000e-01) (7, 3, 5.00000000000000000000e-01) (0, 3, 0.00000000000000000000e+00) (5, 0, 5.00000000000000000000e-01) (0, 0, 0.00000000000000000000e+00) 
connections (connected_to_neuron, weight)=(0, -9.24763679504394531250e+00) (1, 6.56644031405448913574e-02) (2, 1.50000000000000000000e+03) (3, 4.60422933101654052734e-01) (4, 9.62693750858306884766e-01) (5, 1.50000000000000000000e+03) (6, 3.80008244514465332031e+00) (0, -9.28127765655517578125e+00) (1, 4.14151191711425781250e-01) (2, 1.50000000000000000000e+03) (3, -3.29264141619205474854e-02) (4, 2.28466570377349853516e-01) (5, 1.50000000000000000000e+03) (6, 2.63904800415039062500e+01) (0, 1.42728723144531250000e+03) (1, 1.14801684570312500000e+03) (2, -1.47500000000000000000e+03) (3, 3.88237786293029785156e+00) (4, 7.26969897747039794922e-01) (5, -4.95309539794921875000e+02) (6, 3.89373332262039184570e-01) (0, 8.62801820039749145508e-03) (1, 7.00279653072357177734e-01) (2, -5.56053876876831054688e-01) (3, 3.47939014434814453125e-01) (4, 5.80685555934906005859e-01) (5, -9.34155285358428955078e-01) (6, 7.73760259151458740234e-01) (7, -5.79823665320873260498e-02) (8, -4.21339161694049835205e-02) (9, 3.56066077947616577148e-02) (10, -2.19767600297927856445e-01) (11, 2.94276386499404907227e-01) 
