FANN_FLO_2.1
num_layers=3
learning_rate=0.300000
connection_rate=1.000000
network_type=0
learning_momentum=0.000000
training_algorithm=2
train_error_function=1
train_stop_function=0
cascade_output_change_fraction=0.010000
quickprop_decay=-0.000100
quickprop_mu=1.750000
rprop_increase_factor=1.200000
rprop_decrease_factor=0.500000
rprop_delta_min=0.000000
rprop_delta_max=50.000000
rprop_delta_zero=0.100000
cascade_output_stagnation_epochs=12
cascade_candidate_change_fraction=0.010000
cascade_candidate_stagnation_epochs=12
cascade_max_out_epochs=150
cascade_min_out_epochs=50
cascade_max_cand_epochs=150
cascade_min_cand_epochs=50
cascade_num_candidate_groups=2
bit_fail_limit=3.49999994039535522461e-01
cascade_candidate_limit=1.00000000000000000000e+03
cascade_weight_multiplier=4.00000005960464477539e-01
cascade_activation_functions_count=10
cascade_activation_functions=3 5 7 8 10 11 14 15 16 17 
cascade_activation_steepnesses_count=4
cascade_activation_steepnesses=2.50000000000000000000e-01 5.00000000000000000000e-01 7.50000000000000000000e-01 1.00000000000000000000e+00 
layer_sizes=4 9 2 
scale_included=0
neurons (num_inputs, activation_function, activation_steepness)=(0, 0, 0.00000000000000000000e+00) (0, 0, 0.00000000000000000000e+00) (0, 0, 0.00000000000000000000e+00) (0, 0, 0.00000000000000000000e+00) (4, 3, 5.00000000000000000000e-01) (4, 3, 5.00000000000000000000e-01) (4, 3, 5.00000000000000000000e-01) (4, 3, 5.00000000000000000000e-01) (4, 3, 5.00000000000000000000e-01) (4, 3, 5.00000000000000000000e-01) (4, 3, 5.00000000000000000000e-01) (4, 3, 5.00000000000000000000e-01) (0, 3, 0.00000000000000000000e+00) (9, 3, 5.00000000000000000000e-01) (0, 3, 0.00000000000000000000e+00) 
connections (connected_to_neuron, weight)=(0, -1.11638173460960388184e-01) (1, 1.52706373482942581177e-02) (2, -7.33116567134857177734e-02) (3, 5.40924072265625000000e-01) (0, 1.42696371078491210938e+01) (1, -4.73944997787475585938e+00) (2, -1.75531120300292968750e+01) (3, 3.08804456144571304321e-02) (0, -3.63908696174621582031e+00) (1, 9.17565748095512390137e-02) (2, 7.79939508438110351562e+00) (3, 5.22964656352996826172e-01) (0, -2.60873556137084960938e+00) (1, -2.84505820274353027344e+00) (2, 1.11248149871826171875e+01) (3, 4.95443701744079589844e-01) (0, -4.95119504630565643311e-02) (1, 2.75460444390773773193e-02) (2, -5.62582433223724365234e-01) (3, 2.70278143882751464844e+00) (0, -1.77963554859161376953e+00) (1, 8.24301540851593017578e-01) (2, -1.34738445281982421875e+00) (3, 9.75170326232910156250e+00) (0, 1.88545018434524536133e-01) (1, -5.15116870403289794922e-01) (2, 2.28230762481689453125e+00) (3, 3.31715568900108337402e-02) (0, -1.77666759490966796875e+00) (1, 7.40928292274475097656e-01) (2, -8.85663449764251708984e-01) (3, 1.98190891742706298828e+00) (4, -7.77841424942016601562e+00) (5, 1.08058899641036987305e-01) (6, -7.67818912863731384277e-02) (7, -1.50000000000000000000e+03) (8, -2.19902873039245605469e+00) (9, -2.12242230772972106934e-01) (10, 9.19385969638824462891e-01) (11, -1.59355044364929199219e-01) (12, 9.09446835517883300781e-01) 
