FANN_FLO_2.1
num_layers=3
learning_rate=0.500000
connection_rate=1.000000
network_type=0
learning_momentum=0.000000
training_algorithm=2
train_error_function=1
train_stop_function=0
cascade_output_change_fraction=0.010000
quickprop_decay=-0.000100
quickprop_mu=1.750000
rprop_increase_factor=1.200000
rprop_decrease_factor=0.500000
rprop_delta_min=0.000000
rprop_delta_max=50.000000
rprop_delta_zero=0.100000
cascade_output_stagnation_epochs=12
cascade_candidate_change_fraction=0.010000
cascade_candidate_stagnation_epochs=12
cascade_max_out_epochs=150
cascade_min_out_epochs=50
cascade_max_cand_epochs=150
cascade_min_cand_epochs=50
cascade_num_candidate_groups=2
bit_fail_limit=3.49999994039535522461e-01
cascade_candidate_limit=1.00000000000000000000e+03
cascade_weight_multiplier=4.00000005960464477539e-01
cascade_activation_functions_count=10
cascade_activation_functions=3 5 7 8 10 11 14 15 16 17 
cascade_activation_steepnesses_count=4
cascade_activation_steepnesses=2.50000000000000000000e-01 5.00000000000000000000e-01 7.50000000000000000000e-01 1.00000000000000000000e+00 
layer_sizes=7 9 2 
scale_included=0
neurons (num_inputs, activation_function, activation_steepness)=(0, 0, 0.00000000000000000000e+00) (0, 0, 0.00000000000000000000e+00) (0, 0, 0.00000000000000000000e+00) (0, 0, 0.00000000000000000000e+00) (0, 0, 0.00000000000000000000e+00) (0, 0, 0.00000000000000000000e+00) (0, 0, 0.00000000000000000000e+00) (7, 3, 5.00000000000000000000e-01) (7, 3, 5.00000000000000000000e-01) (7, 3, 5.00000000000000000000e-01) (7, 3, 5.00000000000000000000e-01) (7, 3, 5.00000000000000000000e-01) (7, 3, 5.00000000000000000000e-01) (7, 3, 5.00000000000000000000e-01) (7, 3, 5.00000000000000000000e-01) (0, 3, 0.00000000000000000000e+00) (9, 0, 5.00000000000000000000e-01) (0, 0, 0.00000000000000000000e+00) 
connections (connected_to_neuron, weight)=(0, 1.16216883063316345215e-01) (1, -1.04359425604343414307e-01) (2, -2.01929762959480285645e-01) (3, -2.64937654137611389160e-02) (4, 4.47113253176212310791e-02) (5, -2.56970196962356567383e-01) (6, -6.05641245841979980469e-01) (0, -6.53983831405639648438e+00) (1, -2.37024998664855957031e+00) (2, -6.30825538635253906250e+01) (3, -2.35668063163757324219e+00) (4, -2.35610628128051757812e+00) (5, -5.19144706726074218750e+01) (6, -2.47102275490760803223e-01) (0, 2.29229183197021484375e+01) (1, 1.99711704254150390625e+01) (2, 1.58707717895507812500e+02) (3, 8.09087562561035156250e+00) (4, 1.97936496734619140625e+01) (5, 1.34760772705078125000e+02) (6, -2.71901339292526245117e-01) (0, 1.81760673522949218750e+01) (1, 1.94530239105224609375e+01) (2, -3.34598846435546875000e+01) (3, 7.91009187698364257812e+00) (4, 1.94523487091064453125e+01) (5, -2.99294700622558593750e+01) (6, -3.46579551696777343750e-01) (0, 2.28143978118896484375e+01) (1, 1.99218883514404296875e+01) (2, 1.58759750366210937500e+02) (3, 8.00059890747070312500e+00) (4, 1.99684505462646484375e+01) (5, 1.34826446533203125000e+02) (6, -4.22588288784027099609e-01) (0, -1.37705087661743164062e+01) (1, -5.37557220458984375000e+00) (2, -6.61306076049804687500e+01) (3, -5.33062267303466796875e+00) (4, -5.30301904678344726562e+00) (5, -5.48043708801269531250e+01) (6, -2.66351282596588134766e-01) (0, 5.09560728073120117188e+00) (1, 7.75083398818969726562e+00) (2, 3.77769165039062500000e+02) (3, 3.04314374923706054688e+00) (4, 1.86698589324951171875e+01) (5, 3.20376220703125000000e+02) (6, -2.12386190891265869141e-01) (0, -2.65402436256408691406e+00) (1, -1.47079181671142578125e+00) (2, -6.21761283874511718750e+01) (3, -9.07999694347381591797e-01) (4, -1.37862944602966308594e+00) (5, -5.09710655212402343750e+01) (6, -2.76954919099807739258e-01) (7, 1.99608858674764633179e-02) (8, -1.50000000000000000000e+03) (9, 7.01738405227661132812e+00) (10, -3.78706512451171875000e+01) (11, 7.01743745803833007812e+00) (12, -1.50000000000000000000e+03) (13, 2.38356666564941406250e+01) (14, -1.50000000000000000000e+03) (15, 6.38459064066410064697e-03) 
