FANN_FLO_2.1
num_layers=3
learning_rate=0.500000
connection_rate=1.000000
network_type=0
learning_momentum=0.000000
training_algorithm=2
train_error_function=1
train_stop_function=0
cascade_output_change_fraction=0.010000
quickprop_decay=-0.000100
quickprop_mu=1.750000
rprop_increase_factor=1.200000
rprop_decrease_factor=0.500000
rprop_delta_min=0.000000
rprop_delta_max=50.000000
rprop_delta_zero=0.100000
cascade_output_stagnation_epochs=12
cascade_candidate_change_fraction=0.010000
cascade_candidate_stagnation_epochs=12
cascade_max_out_epochs=150
cascade_min_out_epochs=50
cascade_max_cand_epochs=150
cascade_min_cand_epochs=50
cascade_num_candidate_groups=2
bit_fail_limit=3.49999994039535522461e-01
cascade_candidate_limit=1.00000000000000000000e+03
cascade_weight_multiplier=4.00000005960464477539e-01
cascade_activation_functions_count=10
cascade_activation_functions=3 5 7 8 10 11 14 15 16 17 
cascade_activation_steepnesses_count=4
cascade_activation_steepnesses=2.50000000000000000000e-01 5.00000000000000000000e-01 7.50000000000000000000e-01 1.00000000000000000000e+00 
layer_sizes=7 5 2 
scale_included=0
neurons (num_inputs, activation_function, activation_steepness)=(0, 0, 0.00000000000000000000e+00) (0, 0, 0.00000000000000000000e+00) (0, 0, 0.00000000000000000000e+00) (0, 0, 0.00000000000000000000e+00) (0, 0, 0.00000000000000000000e+00) (0, 0, 0.00000000000000000000e+00) (0, 0, 0.00000000000000000000e+00) (7, 3, 5.00000000000000000000e-01) (7, 3, 5.00000000000000000000e-01) (7, 3, 5.00000000000000000000e-01) (7, 3, 5.00000000000000000000e-01) (0, 3, 0.00000000000000000000e+00) (5, 0, 5.00000000000000000000e-01) (0, 0, 0.00000000000000000000e+00) 
connections (connected_to_neuron, weight)=(0, -1.18278913199901580811e-01) (1, 1.39900445938110351562e-01) (2, -1.16981899738311767578e+00) (3, -2.97945309430360794067e-02) (4, 6.53341889381408691406e-01) (5, -2.02536389231681823730e-01) (6, 1.30132350921630859375e+01) (0, -1.90568054199218750000e+02) (1, -3.34254652261734008789e-01) (2, -8.81748718261718750000e+02) (3, -3.12641048431396484375e+00) (4, -4.95951652526855468750e+00) (5, 1.04250297546386718750e+01) (6, -2.14934463500976562500e+01) (0, -2.22479009628295898438e+00) (1, -4.61422204971313476562e-01) (2, 4.49242115020751953125e+00) (3, -1.99025189876556396484e+00) (4, -1.13676166534423828125e+01) (5, 1.14721364974975585938e+01) (6, -3.55459094047546386719e-01) (0, -3.42198586463928222656e+00) (1, -7.77075588703155517578e-01) (2, 2.80785331726074218750e+01) (3, -2.37470579147338867188e+00) (4, -7.40191650390625000000e+00) (5, -1.23167304992675781250e+01) (6, -1.06189823150634765625e+00) (7, -2.14154452085494995117e-01) (8, -9.50000000000000000000e+02) (9, -6.54266029596328735352e-02) (10, -1.54519975185394287109e-01) (11, 2.35338211059570312500e-01) 
