FANN_FLO_2.1
num_layers=4
learning_rate=0.500000
connection_rate=1.000000
network_type=0
learning_momentum=0.000000
training_algorithm=2
train_error_function=1
train_stop_function=0
cascade_output_change_fraction=0.010000
quickprop_decay=-0.000100
quickprop_mu=1.750000
rprop_increase_factor=1.200000
rprop_decrease_factor=0.500000
rprop_delta_min=0.000000
rprop_delta_max=50.000000
rprop_delta_zero=0.100000
cascade_output_stagnation_epochs=12
cascade_candidate_change_fraction=0.010000
cascade_candidate_stagnation_epochs=12
cascade_max_out_epochs=150
cascade_min_out_epochs=50
cascade_max_cand_epochs=150
cascade_min_cand_epochs=50
cascade_num_candidate_groups=2
bit_fail_limit=3.49999994039535522461e-01
cascade_candidate_limit=1.00000000000000000000e+03
cascade_weight_multiplier=4.00000005960464477539e-01
cascade_activation_functions_count=10
cascade_activation_functions=3 5 7 8 10 11 14 15 16 17 
cascade_activation_steepnesses_count=4
cascade_activation_steepnesses=2.50000000000000000000e-01 5.00000000000000000000e-01 7.50000000000000000000e-01 1.00000000000000000000e+00 
layer_sizes=4 5 5 2 
scale_included=0
neurons (num_inputs, activation_function, activation_steepness)=(0, 0, 0.00000000000000000000e+00) (0, 0, 0.00000000000000000000e+00) (0, 0, 0.00000000000000000000e+00) (0, 0, 0.00000000000000000000e+00) (4, 3, 5.00000000000000000000e-01) (4, 3, 5.00000000000000000000e-01) (4, 3, 5.00000000000000000000e-01) (4, 3, 5.00000000000000000000e-01) (0, 3, 0.00000000000000000000e+00) (5, 3, 5.00000000000000000000e-01) (5, 3, 5.00000000000000000000e-01) (5, 3, 5.00000000000000000000e-01) (5, 3, 5.00000000000000000000e-01) (0, 3, 0.00000000000000000000e+00) (5, 3, 5.00000000000000000000e-01) (0, 3, 0.00000000000000000000e+00) 
connections (connected_to_neuron, weight)=(0, 2.11901760101318359375e+01) (1, -5.20344200134277343750e+01) (2, -3.12805622816085815430e-01) (3, 5.08160829544067382812e+00) (0, -1.54063284397125244141e+00) (1, -1.67432575225830078125e+01) (2, 1.63596022129058837891e+00) (3, 5.15500593185424804688e+00) (0, 7.36624479293823242188e+00) (1, -2.90944118499755859375e+01) (2, 5.86067533493041992188e+00) (3, 1.24851596355438232422e+00) (0, 1.93464279174804687500e+01) (1, -3.00691280364990234375e+01) (2, 1.79445190429687500000e+01) (3, -2.88756084442138671875e+00) (4, -2.23773193359375000000e+00) (5, 2.53739986419677734375e+01) (6, -3.95961427688598632812e+00) (7, -6.07100820541381835938e+00) (8, 9.67128455638885498047e-01) (4, 1.50000000000000000000e+03) (5, 1.50000000000000000000e+03) (6, 1.50000000000000000000e+03) (7, 1.41378723144531250000e+03) (8, -7.57046127319335937500e+00) (4, 1.50000000000000000000e+03) (5, 1.50000000000000000000e+03) (6, 1.50000000000000000000e+03) (7, 1.41378723144531250000e+03) (8, -8.15786838531494140625e+00) (4, -2.99047875404357910156e+00) (5, 2.81891403198242187500e+01) (6, -4.80283117294311523438e+00) (7, -5.42462301254272460938e+00) (8, 8.21941077709197998047e-01) (9, -1.52786993980407714844e+00) (10, 9.29440498352050781250e-01) (11, 6.98188245296478271484e-01) (12, -3.23376822471618652344e+00) (13, 7.38219976425170898438e-01) 
