FANN_FLO_2.1
num_layers=4
learning_rate=0.500000
connection_rate=1.000000
network_type=0
learning_momentum=0.000000
training_algorithm=2
train_error_function=1
train_stop_function=0
cascade_output_change_fraction=0.010000
quickprop_decay=-0.000100
quickprop_mu=1.750000
rprop_increase_factor=1.200000
rprop_decrease_factor=0.500000
rprop_delta_min=0.000000
rprop_delta_max=50.000000
rprop_delta_zero=0.100000
cascade_output_stagnation_epochs=12
cascade_candidate_change_fraction=0.010000
cascade_candidate_stagnation_epochs=12
cascade_max_out_epochs=150
cascade_min_out_epochs=50
cascade_max_cand_epochs=150
cascade_min_cand_epochs=50
cascade_num_candidate_groups=2
bit_fail_limit=3.49999994039535522461e-01
cascade_candidate_limit=1.00000000000000000000e+03
cascade_weight_multiplier=4.00000005960464477539e-01
cascade_activation_functions_count=10
cascade_activation_functions=3 5 7 8 10 11 14 15 16 17 
cascade_activation_steepnesses_count=4
cascade_activation_steepnesses=2.50000000000000000000e-01 5.00000000000000000000e-01 7.50000000000000000000e-01 1.00000000000000000000e+00 
layer_sizes=4 5 5 2 
scale_included=0
neurons (num_inputs, activation_function, activation_steepness)=(0, 0, 0.00000000000000000000e+00) (0, 0, 0.00000000000000000000e+00) (0, 0, 0.00000000000000000000e+00) (0, 0, 0.00000000000000000000e+00) (4, 3, 5.00000000000000000000e-01) (4, 3, 5.00000000000000000000e-01) (4, 3, 5.00000000000000000000e-01) (4, 3, 5.00000000000000000000e-01) (0, 3, 0.00000000000000000000e+00) (5, 3, 5.00000000000000000000e-01) (5, 3, 5.00000000000000000000e-01) (5, 3, 5.00000000000000000000e-01) (5, 3, 5.00000000000000000000e-01) (0, 3, 0.00000000000000000000e+00) (5, 3, 5.00000000000000000000e-01) (0, 3, 0.00000000000000000000e+00) 
connections (connected_to_neuron, weight)=(0, -1.50000000000000000000e+03) (1, -1.39699938964843750000e+03) (2, -1.42979565429687500000e+03) (3, -1.04845514297485351562e+01) (0, -5.48055076599121093750e+00) (1, -1.07142753601074218750e+01) (2, 1.94839779287576675415e-02) (3, 5.36708116531372070312e+00) (0, -5.04060459136962890625e+00) (1, -6.61689090728759765625e+00) (2, 2.39733681082725524902e-01) (3, 4.76622629165649414062e+00) (0, -1.49833020019531250000e+03) (1, -1.37872497558593750000e+03) (2, -1.45098376464843750000e+03) (3, -2.31301841735839843750e+01) (4, 6.86324218750000000000e+02) (5, 4.86669683456420898438e+00) (6, -6.12282228469848632812e+00) (7, 2.34575836181640625000e+02) (8, 1.45463097095489501953e+00) (4, -1.50435304641723632812e+01) (5, -5.58076858520507812500e+00) (6, 2.83159465789794921875e+01) (7, -1.50435304641723632812e+01) (8, -7.79758548736572265625e+00) (4, -2.33413070678710937500e+02) (5, -1.42197106933593750000e+03) (6, -2.37944297790527343750e+01) (7, -1.50435304641723632812e+01) (8, 7.68662033081054687500e+01) (4, -1.50435304641723632812e+01) (5, -5.80533885955810546875e+00) (6, 3.31608047485351562500e+01) (7, -1.50435304641723632812e+01) (8, -9.54690933227539062500e+00) (9, 1.31710362434387207031e+00) (10, -3.99575519561767578125e+00) (11, -1.34734380245208740234e+00) (12, -1.50993108749389648438e+00) (13, 2.55637621879577636719e+00) 
