FANN_FLO_2.1
num_layers=3
learning_rate=0.500000
connection_rate=1.000000
network_type=0
learning_momentum=0.000000
training_algorithm=2
train_error_function=1
train_stop_function=0
cascade_output_change_fraction=0.010000
quickprop_decay=-0.000100
quickprop_mu=1.750000
rprop_increase_factor=1.200000
rprop_decrease_factor=0.500000
rprop_delta_min=0.000000
rprop_delta_max=50.000000
rprop_delta_zero=0.100000
cascade_output_stagnation_epochs=12
cascade_candidate_change_fraction=0.010000
cascade_candidate_stagnation_epochs=12
cascade_max_out_epochs=150
cascade_min_out_epochs=50
cascade_max_cand_epochs=150
cascade_min_cand_epochs=50
cascade_num_candidate_groups=2
bit_fail_limit=3.49999994039535522461e-01
cascade_candidate_limit=1.00000000000000000000e+03
cascade_weight_multiplier=4.00000005960464477539e-01
cascade_activation_functions_count=10
cascade_activation_functions=3 5 7 8 10 11 14 15 16 17 
cascade_activation_steepnesses_count=4
cascade_activation_steepnesses=2.50000000000000000000e-01 5.00000000000000000000e-01 7.50000000000000000000e-01 1.00000000000000000000e+00 
layer_sizes=10 3 2 
scale_included=0
neurons (num_inputs, activation_function, activation_steepness)=(0, 0, 0.00000000000000000000e+00) (0, 0, 0.00000000000000000000e+00) (0, 0, 0.00000000000000000000e+00) (0, 0, 0.00000000000000000000e+00) (0, 0, 0.00000000000000000000e+00) (0, 0, 0.00000000000000000000e+00) (0, 0, 0.00000000000000000000e+00) (0, 0, 0.00000000000000000000e+00) (0, 0, 0.00000000000000000000e+00) (0, 0, 0.00000000000000000000e+00) (10, 3, 5.00000000000000000000e-01) (10, 3, 5.00000000000000000000e-01) (0, 3, 0.00000000000000000000e+00) (3, 3, 5.00000000000000000000e-01) (0, 3, 0.00000000000000000000e+00) 
connections (connected_to_neuron, weight)=(0, -4.31173264980316162109e-01) (1, -4.67912495136260986328e-01) (2, -4.18477267026901245117e-01) (3, -4.12943243980407714844e-01) (4, -3.53997588157653808594e-01) (5, -4.00085747241973876953e-01) (6, -4.07032996416091918945e-01) (7, -4.08811300992965698242e-01) (8, -4.06562656164169311523e-01) (9, 1.07932257652282714844e+00) (0, -1.84239838272333145142e-02) (1, 4.98488157987594604492e-01) (2, -4.79007303714752197266e-01) (3, -3.73506039381027221680e-01) (4, -1.32492911815643310547e+00) (5, -4.87625479698181152344e-01) (6, -6.04613244533538818359e-01) (7, -3.56279760599136352539e-01) (8, -4.04674261808395385742e-01) (9, 1.07390630245208740234e+00) (10, -4.76856374740600585938e+00) (11, -3.01053076982498168945e-01) (12, 1.61915004253387451172e+00) 
