FANN_FLO_2.1
num_layers=4
learning_rate=0.450000
connection_rate=1.000000
network_type=0
learning_momentum=0.000000
training_algorithm=2
train_error_function=1
train_stop_function=0
cascade_output_change_fraction=0.010000
quickprop_decay=-0.000100
quickprop_mu=1.750000
rprop_increase_factor=1.200000
rprop_decrease_factor=0.500000
rprop_delta_min=0.000000
rprop_delta_max=50.000000
rprop_delta_zero=0.100000
cascade_output_stagnation_epochs=12
cascade_candidate_change_fraction=0.010000
cascade_candidate_stagnation_epochs=12
cascade_max_out_epochs=150
cascade_min_out_epochs=50
cascade_max_cand_epochs=150
cascade_min_cand_epochs=50
cascade_num_candidate_groups=2
bit_fail_limit=3.49999994039535522461e-01
cascade_candidate_limit=1.00000000000000000000e+03
cascade_weight_multiplier=4.00000005960464477539e-01
cascade_activation_functions_count=10
cascade_activation_functions=3 5 7 8 10 11 14 15 16 17 
cascade_activation_steepnesses_count=4
cascade_activation_steepnesses=2.50000000000000000000e-01 5.00000000000000000000e-01 7.50000000000000000000e-01 1.00000000000000000000e+00 
layer_sizes=7 5 5 2 
scale_included=0
neurons (num_inputs, activation_function, activation_steepness)=(0, 0, 0.00000000000000000000e+00) (0, 0, 0.00000000000000000000e+00) (0, 0, 0.00000000000000000000e+00) (0, 0, 0.00000000000000000000e+00) (0, 0, 0.00000000000000000000e+00) (0, 0, 0.00000000000000000000e+00) (0, 0, 0.00000000000000000000e+00) (7, 3, 5.00000000000000000000e-01) (7, 3, 5.00000000000000000000e-01) (7, 3, 5.00000000000000000000e-01) (7, 3, 5.00000000000000000000e-01) (0, 3, 0.00000000000000000000e+00) (5, 3, 5.00000000000000000000e-01) (5, 3, 5.00000000000000000000e-01) (5, 3, 5.00000000000000000000e-01) (5, 3, 5.00000000000000000000e-01) (0, 3, 0.00000000000000000000e+00) (5, 0, 5.00000000000000000000e-01) (0, 0, 0.00000000000000000000e+00) 
connections (connected_to_neuron, weight)=(0, 1.50000000000000000000e+03) (1, -1.50000000000000000000e+03) (2, 1.50000000000000000000e+03) (3, 1.50000000000000000000e+03) (4, 4.64663445949554443359e-01) (5, 1.50000000000000000000e+03) (6, 5.37447690963745117188e-01) (0, 1.50000000000000000000e+03) (1, -1.50000000000000000000e+03) (2, 1.50000000000000000000e+03) (3, 1.50000000000000000000e+03) (4, 1.68743503093719482422e+00) (5, 1.50000000000000000000e+03) (6, 1.59255707263946533203e+00) (0, 1.50000000000000000000e+03) (1, -1.50000000000000000000e+03) (2, 1.50000000000000000000e+03) (3, 1.50000000000000000000e+03) (4, 5.24819731712341308594e-01) (5, 1.50000000000000000000e+03) (6, 4.27118957042694091797e-01) (0, 1.50000000000000000000e+03) (1, -1.50000000000000000000e+03) (2, 1.50000000000000000000e+03) (3, 1.50000000000000000000e+03) (4, 1.71666514873504638672e+00) (5, 1.50000000000000000000e+03) (6, 1.65929520130157470703e+00) (7, -6.07008099555969238281e-01) (8, -6.04285120964050292969e-01) (9, -6.21603131294250488281e-01) (10, -5.89775204658508300781e-01) (11, -6.03908658027648925781e-01) (7, -1.26332557201385498047e+00) (8, -1.40798699855804443359e+00) (9, -1.23678624629974365234e+00) (10, -1.41789114475250244141e+00) (11, -1.28146541118621826172e+00) (7, -6.21018052101135253906e-01) (8, -7.21768498420715332031e-01) (9, -6.18834376335144042969e-01) (10, -7.14281201362609863281e-01) (11, -6.06106162071228027344e-01) (7, -6.88417792320251464844e-01) (8, -6.55543923377990722656e-01) (9, -7.33518958091735839844e-01) (10, -7.23176598548889160156e-01) (11, -6.31307721138000488281e-01) (12, -5.37125207483768463135e-02) (13, -1.93719789385795593262e-02) (14, -3.93742956221103668213e-02) (15, -3.75154949724674224854e-02) (16, 3.53335849940776824951e-02) 
