FANN_FLO_2.1
num_layers=4
learning_rate=0.450000
connection_rate=1.000000
network_type=0
learning_momentum=0.000000
training_algorithm=2
train_error_function=1
train_stop_function=0
cascade_output_change_fraction=0.010000
quickprop_decay=-0.000100
quickprop_mu=1.750000
rprop_increase_factor=1.200000
rprop_decrease_factor=0.500000
rprop_delta_min=0.000000
rprop_delta_max=50.000000
rprop_delta_zero=0.100000
cascade_output_stagnation_epochs=12
cascade_candidate_change_fraction=0.010000
cascade_candidate_stagnation_epochs=12
cascade_max_out_epochs=150
cascade_min_out_epochs=50
cascade_max_cand_epochs=150
cascade_min_cand_epochs=50
cascade_num_candidate_groups=2
bit_fail_limit=3.49999994039535522461e-01
cascade_candidate_limit=1.00000000000000000000e+03
cascade_weight_multiplier=4.00000005960464477539e-01
cascade_activation_functions_count=10
cascade_activation_functions=3 5 7 8 10 11 14 15 16 17 
cascade_activation_steepnesses_count=4
cascade_activation_steepnesses=2.50000000000000000000e-01 5.00000000000000000000e-01 7.50000000000000000000e-01 1.00000000000000000000e+00 
layer_sizes=7 5 3 2 
scale_included=0
neurons (num_inputs, activation_function, activation_steepness)=(0, 0, 0.00000000000000000000e+00) (0, 0, 0.00000000000000000000e+00) (0, 0, 0.00000000000000000000e+00) (0, 0, 0.00000000000000000000e+00) (0, 0, 0.00000000000000000000e+00) (0, 0, 0.00000000000000000000e+00) (0, 0, 0.00000000000000000000e+00) (7, 3, 5.00000000000000000000e-01) (7, 3, 5.00000000000000000000e-01) (7, 3, 5.00000000000000000000e-01) (7, 3, 5.00000000000000000000e-01) (0, 3, 0.00000000000000000000e+00) (5, 3, 5.00000000000000000000e-01) (5, 3, 5.00000000000000000000e-01) (0, 3, 0.00000000000000000000e+00) (3, 0, 5.00000000000000000000e-01) (0, 0, 0.00000000000000000000e+00) 
connections (connected_to_neuron, weight)=(0, 6.81289911270141601562e-01) (1, -3.13175857067108154297e-01) (2, -4.46799010038375854492e-01) (3, 7.18436896800994873047e-01) (4, -6.43573641777038574219e-01) (5, -2.01790392398834228516e-01) (6, -1.30517828464508056641e+00) (0, 6.37534916400909423828e-01) (1, 2.85000562667846679688e+00) (2, -2.97696900367736816406e+00) (3, -7.70877182483673095703e-01) (4, -1.85552425384521484375e+01) (5, 1.46662349700927734375e+01) (6, -5.61674737930297851562e+00) (0, 7.78046250343322753906e-01) (1, 3.18409752845764160156e+00) (2, -1.79363632202148437500e+01) (3, -1.31109934300184249878e-02) (4, -4.45677566528320312500e+00) (5, -4.30941462516784667969e-01) (6, 1.27387535572052001953e+00) (0, 4.61189056396484375000e+02) (1, 1.50000000000000000000e+03) (2, 1.64389602661132812500e+02) (3, -1.32388168334960937500e+02) (4, -1.58966093063354492188e+01) (5, -1.34751405715942382812e+01) (6, 6.96646571159362792969e-01) (7, -5.23312747478485107422e-01) (8, -1.50000000000000000000e+03) (9, 1.44853491210937500000e+03) (10, 8.43525543212890625000e+01) (11, -5.58189332485198974609e-01) (7, -1.67318248748779296875e+01) (8, -1.50000000000000000000e+03) (9, 3.25911987304687500000e+02) (10, 1.66301918029785156250e+01) (11, -8.22649538516998291016e-01) (12, -1.43675863742828369141e-01) (13, -1.45958438515663146973e-02) (14, 1.65619328618049621582e-01) 
