FANN_FLO_2.1
num_layers=3
learning_rate=0.450000
connection_rate=1.000000
network_type=0
learning_momentum=0.000000
training_algorithm=2
train_error_function=1
train_stop_function=0
cascade_output_change_fraction=0.010000
quickprop_decay=-0.000100
quickprop_mu=1.750000
rprop_increase_factor=1.200000
rprop_decrease_factor=0.500000
rprop_delta_min=0.000000
rprop_delta_max=50.000000
rprop_delta_zero=0.100000
cascade_output_stagnation_epochs=12
cascade_candidate_change_fraction=0.010000
cascade_candidate_stagnation_epochs=12
cascade_max_out_epochs=150
cascade_min_out_epochs=50
cascade_max_cand_epochs=150
cascade_min_cand_epochs=50
cascade_num_candidate_groups=2
bit_fail_limit=3.49999994039535522461e-01
cascade_candidate_limit=1.00000000000000000000e+03
cascade_weight_multiplier=4.00000005960464477539e-01
cascade_activation_functions_count=10
cascade_activation_functions=3 5 7 8 10 11 14 15 16 17 
cascade_activation_steepnesses_count=4
cascade_activation_steepnesses=2.50000000000000000000e-01 5.00000000000000000000e-01 7.50000000000000000000e-01 1.00000000000000000000e+00 
layer_sizes=7 5 2 
scale_included=0
neurons (num_inputs, activation_function, activation_steepness)=(0, 0, 0.00000000000000000000e+00) (0, 0, 0.00000000000000000000e+00) (0, 0, 0.00000000000000000000e+00) (0, 0, 0.00000000000000000000e+00) (0, 0, 0.00000000000000000000e+00) (0, 0, 0.00000000000000000000e+00) (0, 0, 0.00000000000000000000e+00) (7, 3, 5.00000000000000000000e-01) (7, 3, 5.00000000000000000000e-01) (7, 3, 5.00000000000000000000e-01) (7, 3, 5.00000000000000000000e-01) (0, 3, 0.00000000000000000000e+00) (5, 0, 5.00000000000000000000e-01) (0, 0, 0.00000000000000000000e+00) 
connections (connected_to_neuron, weight)=(0, -1.49961560964584350586e-01) (1, 2.20223474502563476562e+00) (2, 1.98476159572601318359e+00) (3, -7.85480856895446777344e-01) (4, -1.32905948162078857422e+00) (5, -1.75501263141632080078e+00) (6, -2.66463303565979003906e+00) (0, 1.28099441528320312500e-01) (1, 2.34862267971038818359e-02) (2, 4.33698445558547973633e-01) (3, -1.30885869264602661133e-01) (4, -3.45581881701946258545e-02) (5, -2.38011345267295837402e-01) (6, -8.98364484310150146484e-02) (0, -2.58464660644531250000e+01) (1, -1.49198767089843750000e+03) (2, -6.15684143066406250000e+02) (3, 1.47407995605468750000e+03) (4, 1.47407995605468750000e+03) (5, 1.50000000000000000000e+03) (6, -3.56477141380310058594e-01) (0, -4.66377496719360351562e-01) (1, 1.49986877441406250000e+03) (2, -9.89636840820312500000e+02) (3, 1.47407995605468750000e+03) (4, 1.47407995605468750000e+03) (5, 1.50000000000000000000e+03) (6, -7.97364532947540283203e-01) (7, -3.79658490419387817383e-02) (8, 4.74431104958057403564e-02) (9, 2.53641814924776554108e-03) (10, 1.55923166312277317047e-03) (11, -4.70313383266329765320e-03) 
