FANN_FLO_2.1
num_layers=3
learning_rate=0.450000
connection_rate=1.000000
network_type=0
learning_momentum=0.000000
training_algorithm=2
train_error_function=1
train_stop_function=0
cascade_output_change_fraction=0.010000
quickprop_decay=-0.000100
quickprop_mu=1.750000
rprop_increase_factor=1.200000
rprop_decrease_factor=0.500000
rprop_delta_min=0.000000
rprop_delta_max=50.000000
rprop_delta_zero=0.100000
cascade_output_stagnation_epochs=12
cascade_candidate_change_fraction=0.010000
cascade_candidate_stagnation_epochs=12
cascade_max_out_epochs=150
cascade_min_out_epochs=50
cascade_max_cand_epochs=150
cascade_min_cand_epochs=50
cascade_num_candidate_groups=2
bit_fail_limit=3.49999994039535522461e-01
cascade_candidate_limit=1.00000000000000000000e+03
cascade_weight_multiplier=4.00000005960464477539e-01
cascade_activation_functions_count=10
cascade_activation_functions=3 5 7 8 10 11 14 15 16 17 
cascade_activation_steepnesses_count=4
cascade_activation_steepnesses=2.50000000000000000000e-01 5.00000000000000000000e-01 7.50000000000000000000e-01 1.00000000000000000000e+00 
layer_sizes=7 5 2 
scale_included=0
neurons (num_inputs, activation_function, activation_steepness)=(0, 0, 0.00000000000000000000e+00) (0, 0, 0.00000000000000000000e+00) (0, 0, 0.00000000000000000000e+00) (0, 0, 0.00000000000000000000e+00) (0, 0, 0.00000000000000000000e+00) (0, 0, 0.00000000000000000000e+00) (0, 0, 0.00000000000000000000e+00) (7, 3, 5.00000000000000000000e-01) (7, 3, 5.00000000000000000000e-01) (7, 3, 5.00000000000000000000e-01) (7, 3, 5.00000000000000000000e-01) (0, 3, 0.00000000000000000000e+00) (5, 0, 5.00000000000000000000e-01) (0, 0, 0.00000000000000000000e+00) 
connections (connected_to_neuron, weight)=(0, -1.56219244003295898438e-01) (1, 2.11691483855247497559e-01) (2, 2.27328464388847351074e-01) (3, -1.41137838363647460938e-01) (4, -3.23856711387634277344e+00) (5, -2.44453653693199157715e-01) (6, -3.43355715274810791016e-01) (0, -3.01425781250000000000e+02) (1, -2.33559665679931640625e+01) (2, 5.70920288085937500000e+02) (3, -2.31236115097999572754e-01) (4, -1.45801171875000000000e+03) (5, -8.44426810741424560547e-01) (6, -2.47534319758415222168e-01) (0, -1.34598457813262939453e+00) (1, 9.95544791221618652344e-02) (2, -1.17046375274658203125e+01) (3, 4.81663274765014648438e+00) (4, 1.49543115234375000000e+03) (5, -2.13626191020011901855e-01) (6, 2.87423342466354370117e-01) (0, 3.62964286804199218750e+01) (1, -2.71931433677673339844e+00) (2, 1.09120849609375000000e+02) (3, -5.99246168136596679688e+00) (4, -1.49874816894531250000e+03) (5, -6.76845245361328125000e+01) (6, -3.79425108432769775391e-01) (7, 1.94694721698760986328e+00) (8, 3.14851546287536621094e+00) (9, -3.63700501620769500732e-02) (10, -9.58675659179687500000e+02) (11, 4.92632426321506500244e-02) 
