FANN_FLO_2.1
num_layers=3
learning_rate=0.500000
connection_rate=1.000000
network_type=0
learning_momentum=0.000000
training_algorithm=2
train_error_function=1
train_stop_function=0
cascade_output_change_fraction=0.010000
quickprop_decay=-0.000100
quickprop_mu=1.750000
rprop_increase_factor=1.200000
rprop_decrease_factor=0.500000
rprop_delta_min=0.000000
rprop_delta_max=50.000000
rprop_delta_zero=0.100000
cascade_output_stagnation_epochs=12
cascade_candidate_change_fraction=0.010000
cascade_candidate_stagnation_epochs=12
cascade_max_out_epochs=150
cascade_min_out_epochs=50
cascade_max_cand_epochs=150
cascade_min_cand_epochs=50
cascade_num_candidate_groups=2
bit_fail_limit=3.49999994039535522461e-01
cascade_candidate_limit=1.00000000000000000000e+03
cascade_weight_multiplier=4.00000005960464477539e-01
cascade_activation_functions_count=10
cascade_activation_functions=3 5 7 8 10 11 14 15 16 17 
cascade_activation_steepnesses_count=4
cascade_activation_steepnesses=2.50000000000000000000e-01 5.00000000000000000000e-01 7.50000000000000000000e-01 1.00000000000000000000e+00 
layer_sizes=10 5 2 
scale_included=0
neurons (num_inputs, activation_function, activation_steepness)=(0, 0, 0.00000000000000000000e+00) (0, 0, 0.00000000000000000000e+00) (0, 0, 0.00000000000000000000e+00) (0, 0, 0.00000000000000000000e+00) (0, 0, 0.00000000000000000000e+00) (0, 0, 0.00000000000000000000e+00) (0, 0, 0.00000000000000000000e+00) (0, 0, 0.00000000000000000000e+00) (0, 0, 0.00000000000000000000e+00) (0, 0, 0.00000000000000000000e+00) (10, 3, 5.00000000000000000000e-01) (10, 3, 5.00000000000000000000e-01) (10, 3, 5.00000000000000000000e-01) (10, 3, 5.00000000000000000000e-01) (0, 3, 0.00000000000000000000e+00) (5, 3, 5.00000000000000000000e-01) (0, 3, 0.00000000000000000000e+00) 
connections (connected_to_neuron, weight)=(0, -3.75339202582836151123e-02) (1, 6.13141775131225585938e-01) (2, 3.36024969816207885742e-01) (3, -7.24361389875411987305e-02) (4, 5.73739409446716308594e-01) (5, 9.53685581684112548828e-01) (6, 3.96073430776596069336e-01) (7, -2.33437195420265197754e-02) (8, 4.47455555200576782227e-01) (9, -1.21111854910850524902e-01) (0, -5.83871603012084960938e-01) (1, -2.73365527391433715820e-01) (2, -3.98130685091018676758e-01) (3, -3.83196026086807250977e-01) (4, -2.22400292754173278809e-01) (5, -3.45241993665695190430e-01) (6, -3.12449723482131958008e-01) (7, -4.72912520170211791992e-01) (8, -3.48162174224853515625e-01) (9, 7.55933165550231933594e-01) (0, -3.62494945526123046875e-01) (1, -4.32528644800186157227e-01) (2, -3.75091016292572021484e-01) (3, -5.47025978565216064453e-01) (4, -4.22684401273727416992e-01) (5, -2.92216449975967407227e-01) (6, -4.46079462766647338867e-01) (7, -4.94603872299194335938e-01) (8, -3.92695158720016479492e-01) (9, 1.42154765129089355469e+00) (0, 2.74482965469360351562e-01) (1, 7.99246788024902343750e-01) (2, 4.35991615056991577148e-01) (3, -5.09696602821350097656e-02) (4, 3.76887083053588867188e-01) (5, 6.33136212825775146484e-01) (6, 1.41569778323173522949e-01) (7, 9.26291942596435546875e-02) (8, 4.44936364889144897461e-01) (9, 3.29191893339157104492e-01) (10, 8.59651148319244384766e-01) (11, -2.09954547882080078125e+00) (12, -2.36933016777038574219e+00) (13, 3.32377791404724121094e-01) (14, 5.41652381420135498047e-01) 
