FANN_FLO_2.1
num_layers=4
learning_rate=0.450000
connection_rate=1.000000
network_type=0
learning_momentum=0.000000
training_algorithm=2
train_error_function=1
train_stop_function=0
cascade_output_change_fraction=0.010000
quickprop_decay=-0.000100
quickprop_mu=1.750000
rprop_increase_factor=1.200000
rprop_decrease_factor=0.500000
rprop_delta_min=0.000000
rprop_delta_max=50.000000
rprop_delta_zero=0.100000
cascade_output_stagnation_epochs=12
cascade_candidate_change_fraction=0.010000
cascade_candidate_stagnation_epochs=12
cascade_max_out_epochs=150
cascade_min_out_epochs=50
cascade_max_cand_epochs=150
cascade_min_cand_epochs=50
cascade_num_candidate_groups=2
bit_fail_limit=3.49999994039535522461e-01
cascade_candidate_limit=1.00000000000000000000e+03
cascade_weight_multiplier=4.00000005960464477539e-01
cascade_activation_functions_count=10
cascade_activation_functions=3 5 7 8 10 11 14 15 16 17 
cascade_activation_steepnesses_count=4
cascade_activation_steepnesses=2.50000000000000000000e-01 5.00000000000000000000e-01 7.50000000000000000000e-01 1.00000000000000000000e+00 
layer_sizes=7 5 5 2 
scale_included=0
neurons (num_inputs, activation_function, activation_steepness)=(0, 0, 0.00000000000000000000e+00) (0, 0, 0.00000000000000000000e+00) (0, 0, 0.00000000000000000000e+00) (0, 0, 0.00000000000000000000e+00) (0, 0, 0.00000000000000000000e+00) (0, 0, 0.00000000000000000000e+00) (0, 0, 0.00000000000000000000e+00) (7, 3, 5.00000000000000000000e-01) (7, 3, 5.00000000000000000000e-01) (7, 3, 5.00000000000000000000e-01) (7, 3, 5.00000000000000000000e-01) (0, 3, 0.00000000000000000000e+00) (5, 3, 5.00000000000000000000e-01) (5, 3, 5.00000000000000000000e-01) (5, 3, 5.00000000000000000000e-01) (5, 3, 5.00000000000000000000e-01) (0, 3, 0.00000000000000000000e+00) (5, 0, 5.00000000000000000000e-01) (0, 0, 0.00000000000000000000e+00) 
connections (connected_to_neuron, weight)=(0, -1.49168505859375000000e+03) (1, -1.50000000000000000000e+03) (2, -1.16321252441406250000e+03) (3, 5.83228271484375000000e+02) (4, 1.42604699707031250000e+03) (5, 1.47947814941406250000e+03) (6, -7.13759362697601318359e-01) (0, -1.09603933990001678467e-01) (1, -1.08252122998237609863e-01) (2, -5.83190858364105224609e-01) (3, 1.62507772445678710938e-01) (4, 2.04500451683998107910e-01) (5, 3.91492664813995361328e-01) (6, 2.63388276100158691406e-01) (0, 5.19706420898437500000e+01) (1, -1.00221472167968750000e+03) (2, -1.02408959960937500000e+03) (3, 8.21526794433593750000e+02) (4, 9.41275024414062500000e+02) (5, 1.16384924316406250000e+03) (6, -3.00851792097091674805e-01) (0, 6.59081909179687500000e+02) (1, 1.50000000000000000000e+03) (2, -1.45925244140625000000e+03) (3, 3.56562576293945312500e+01) (4, 1.50000000000000000000e+03) (5, -1.39648449707031250000e+03) (6, 9.13226074218750000000e+02) (7, 7.58074707031250000000e+02) (8, -1.55064690113067626953e+00) (9, -4.52049374580383300781e-01) (10, -5.71154415607452392578e-01) (11, -7.58009552955627441406e-01) (7, 1.42322985839843750000e+03) (8, 3.41850519180297851562e-01) (9, -4.03195917606353759766e-02) (10, -9.63868051767349243164e-02) (11, -8.68636593222618103027e-02) (7, 1.42322985839843750000e+03) (8, 2.29665577411651611328e-01) (9, -6.54094070196151733398e-02) (10, -1.00425854325294494629e-01) (11, -3.57069377787411212921e-03) (7, 1.42322985839843750000e+03) (8, -3.83583164215087890625e+00) (9, -3.24061655998229980469e+00) (10, -3.24624991416931152344e+00) (11, -3.24404358863830566406e+00) (12, -7.90541246533393859863e-02) (13, 6.78001940250396728516e-02) (14, 2.94379573315382003784e-02) (15, 1.23253799974918365479e-02) (16, -2.85966731607913970947e-02) 
