FANN_FLO_2.1
num_layers=4
learning_rate=0.300000
connection_rate=1.000000
network_type=0
learning_momentum=0.000000
training_algorithm=2
train_error_function=1
train_stop_function=0
cascade_output_change_fraction=0.010000
quickprop_decay=-0.000100
quickprop_mu=1.750000
rprop_increase_factor=1.200000
rprop_decrease_factor=0.500000
rprop_delta_min=0.000000
rprop_delta_max=50.000000
rprop_delta_zero=0.100000
cascade_output_stagnation_epochs=12
cascade_candidate_change_fraction=0.010000
cascade_candidate_stagnation_epochs=12
cascade_max_out_epochs=150
cascade_min_out_epochs=50
cascade_max_cand_epochs=150
cascade_min_cand_epochs=50
cascade_num_candidate_groups=2
bit_fail_limit=3.49999994039535522461e-01
cascade_candidate_limit=1.00000000000000000000e+03
cascade_weight_multiplier=4.00000005960464477539e-01
cascade_activation_functions_count=10
cascade_activation_functions=3 5 7 8 10 11 14 15 16 17 
cascade_activation_steepnesses_count=4
cascade_activation_steepnesses=2.50000000000000000000e-01 5.00000000000000000000e-01 7.50000000000000000000e-01 1.00000000000000000000e+00 
layer_sizes=2 5 5 3 
scale_included=0
neurons (num_inputs, activation_function, activation_steepness)=(0, 0, 0.00000000000000000000e+00) (0, 0, 0.00000000000000000000e+00) (2, 3, 5.00000000000000000000e-01) (2, 3, 5.00000000000000000000e-01) (2, 3, 5.00000000000000000000e-01) (2, 3, 5.00000000000000000000e-01) (0, 3, 0.00000000000000000000e+00) (5, 3, 5.00000000000000000000e-01) (5, 3, 5.00000000000000000000e-01) (5, 3, 5.00000000000000000000e-01) (5, 3, 5.00000000000000000000e-01) (0, 3, 0.00000000000000000000e+00) (5, 0, 5.00000000000000000000e-01) (5, 0, 5.00000000000000000000e-01) (0, 0, 0.00000000000000000000e+00) 
connections (connected_to_neuron, weight)=(0, -2.46887683868408203125e+01) (1, -7.92207479476928710938e+00) (0, -1.88624382019042968750e+00) (1, -4.92394256591796875000e+00) (0, 2.66663913726806640625e+01) (1, 2.34649014472961425781e+00) (0, -2.36752653121948242188e+00) (1, -5.90320730209350585938e+00) (2, 5.86394727230072021484e-01) (3, 8.98149430751800537109e-01) (4, 6.29289627075195312500e-01) (5, 9.01335000991821289062e-01) (6, -4.83911573886871337891e-01) (2, 6.31525814533233642578e-01) (3, 1.02937436103820800781e+00) (4, 2.17258882522583007812e+00) (5, 1.05161035060882568359e+00) (6, -7.12351441383361816406e-01) (2, 9.84791278839111328125e-01) (3, 1.90275478363037109375e+00) (4, -2.88943505287170410156e+00) (5, 1.53295803070068359375e+00) (6, -1.22759377956390380859e+00) (2, 1.57558393478393554688e+00) (3, 9.68503534793853759766e-01) (4, 1.23195743560791015625e+00) (5, 1.38111627101898193359e+00) (6, -7.10539519786834716797e-01) (7, -7.12660253047943115234e-02) (8, -5.79736530780792236328e-02) (9, 2.46522158384323120117e-01) (10, 2.33138259500265121460e-02) (11, -7.07389414310455322266e-02) (7, -3.56830984354019165039e-01) (8, -4.05190974473953247070e-01) (9, -9.34386849403381347656e-01) (10, -8.68238687515258789062e-01) (11, -2.79507726430892944336e-01) 
