FANN_FLO_2.1
num_layers=4
learning_rate=0.450000
connection_rate=1.000000
network_type=0
learning_momentum=0.000000
training_algorithm=2
train_error_function=1
train_stop_function=0
cascade_output_change_fraction=0.010000
quickprop_decay=-0.000100
quickprop_mu=1.750000
rprop_increase_factor=1.200000
rprop_decrease_factor=0.500000
rprop_delta_min=0.000000
rprop_delta_max=50.000000
rprop_delta_zero=0.100000
cascade_output_stagnation_epochs=12
cascade_candidate_change_fraction=0.010000
cascade_candidate_stagnation_epochs=12
cascade_max_out_epochs=150
cascade_min_out_epochs=50
cascade_max_cand_epochs=150
cascade_min_cand_epochs=50
cascade_num_candidate_groups=2
bit_fail_limit=3.49999994039535522461e-01
cascade_candidate_limit=1.00000000000000000000e+03
cascade_weight_multiplier=4.00000005960464477539e-01
cascade_activation_functions_count=10
cascade_activation_functions=3 5 7 8 10 11 14 15 16 17 
cascade_activation_steepnesses_count=4
cascade_activation_steepnesses=2.50000000000000000000e-01 5.00000000000000000000e-01 7.50000000000000000000e-01 1.00000000000000000000e+00 
layer_sizes=7 5 5 2 
scale_included=0
neurons (num_inputs, activation_function, activation_steepness)=(0, 0, 0.00000000000000000000e+00) (0, 0, 0.00000000000000000000e+00) (0, 0, 0.00000000000000000000e+00) (0, 0, 0.00000000000000000000e+00) (0, 0, 0.00000000000000000000e+00) (0, 0, 0.00000000000000000000e+00) (0, 0, 0.00000000000000000000e+00) (7, 3, 5.00000000000000000000e-01) (7, 3, 5.00000000000000000000e-01) (7, 3, 5.00000000000000000000e-01) (7, 3, 5.00000000000000000000e-01) (0, 3, 0.00000000000000000000e+00) (5, 3, 5.00000000000000000000e-01) (5, 3, 5.00000000000000000000e-01) (5, 3, 5.00000000000000000000e-01) (5, 3, 5.00000000000000000000e-01) (0, 3, 0.00000000000000000000e+00) (5, 0, 5.00000000000000000000e-01) (0, 0, 0.00000000000000000000e+00) 
connections (connected_to_neuron, weight)=(0, -3.15431880950927734375e+01) (1, 4.32096576690673828125e+00) (2, -3.17897534370422363281e+00) (3, -1.44892368316650390625e+01) (4, 8.55642852783203125000e+01) (5, -2.37295417785644531250e+01) (6, 1.06393585205078125000e+01) (0, -2.42371578216552734375e+01) (1, 4.57843255996704101562e+00) (2, -2.39108047485351562500e+01) (3, -2.08873295783996582031e+00) (4, 8.80124206542968750000e+01) (5, -2.35707778930664062500e+01) (6, 1.43714392185211181641e+00) (0, 3.95602111816406250000e+02) (1, -8.03623580932617187500e+01) (2, -3.99903350830078125000e+02) (3, 6.64728454589843750000e+02) (4, -1.41305810546875000000e+03) (5, 1.98857681274414062500e+02) (6, 1.21062634277343750000e+03) (0, -1.00381553649902343750e+02) (1, -4.21620544433593750000e+02) (2, -7.57131408691406250000e+02) (3, 1.02607666015625000000e+03) (4, -1.40409045410156250000e+03) (5, 5.08031921386718750000e+02) (6, 4.91140514612197875977e-01) (7, -4.51570749282836914062e+00) (8, 3.01233029365539550781e+00) (9, -3.48328280448913574219e+00) (10, -1.01652231216430664062e+01) (11, -1.86739766597747802734e+00) (7, 1.08560454845428466797e+00) (8, -9.99450147151947021484e-01) (9, -2.45358991622924804688e+00) (10, -5.32722595214843750000e+02) (11, -7.57509231567382812500e-01) (7, -1.85899984836578369141e+00) (8, -1.95278182625770568848e-01) (9, -1.36349678039550781250e+00) (10, -2.04921085387468338013e-02) (11, -3.82391139864921569824e-02) (7, -7.16430740356445312500e+01) (8, -4.12398052215576171875e+00) (9, -2.36176538467407226562e+00) (10, -2.91535583496093750000e+02) (11, -4.53200519084930419922e-01) (12, 2.15159192681312561035e-01) (13, -2.86144390702247619629e-02) (14, 1.15989752113819122314e-01) (15, -1.81332126259803771973e-01) (16, -9.07086301594972610474e-04) 
