FANN_FLO_2.1
num_layers=4
learning_rate=0.300000
connection_rate=1.000000
network_type=0
learning_momentum=0.000000
training_algorithm=2
train_error_function=1
train_stop_function=0
cascade_output_change_fraction=0.010000
quickprop_decay=-0.000100
quickprop_mu=1.750000
rprop_increase_factor=1.200000
rprop_decrease_factor=0.500000
rprop_delta_min=0.000000
rprop_delta_max=50.000000
rprop_delta_zero=0.100000
cascade_output_stagnation_epochs=12
cascade_candidate_change_fraction=0.010000
cascade_candidate_stagnation_epochs=12
cascade_max_out_epochs=150
cascade_min_out_epochs=50
cascade_max_cand_epochs=150
cascade_min_cand_epochs=50
cascade_num_candidate_groups=2
bit_fail_limit=3.49999994039535522461e-01
cascade_candidate_limit=1.00000000000000000000e+03
cascade_weight_multiplier=4.00000005960464477539e-01
cascade_activation_functions_count=10
cascade_activation_functions=3 5 7 8 10 11 14 15 16 17 
cascade_activation_steepnesses_count=4
cascade_activation_steepnesses=2.50000000000000000000e-01 5.00000000000000000000e-01 7.50000000000000000000e-01 1.00000000000000000000e+00 
layer_sizes=2 5 3 3 
scale_included=0
neurons (num_inputs, activation_function, activation_steepness)=(0, 0, 0.00000000000000000000e+00) (0, 0, 0.00000000000000000000e+00) (2, 3, 5.00000000000000000000e-01) (2, 3, 5.00000000000000000000e-01) (2, 3, 5.00000000000000000000e-01) (2, 3, 5.00000000000000000000e-01) (0, 3, 0.00000000000000000000e+00) (5, 3, 5.00000000000000000000e-01) (5, 3, 5.00000000000000000000e-01) (0, 3, 0.00000000000000000000e+00) (3, 0, 5.00000000000000000000e-01) (3, 0, 5.00000000000000000000e-01) (0, 0, 0.00000000000000000000e+00) 
connections (connected_to_neuron, weight)=(0, -6.77046203613281250000e+01) (1, -2.31862163543701171875e+00) (0, -2.30872201919555664062e+00) (1, -4.10478925704956054688e+00) (0, -3.73124551773071289062e+00) (1, -7.90004634857177734375e+00) (0, -1.60840880870819091797e+00) (1, -4.64276981353759765625e+00) (2, -4.87757587432861328125e+00) (3, 1.18820106983184814453e+00) (4, 8.10479259490966796875e+00) (5, 2.60118484497070312500e+00) (6, -1.05628192424774169922e+00) (2, 7.81085491180419921875e+00) (3, 1.92517518997192382812e+00) (4, 2.27645778656005859375e+00) (5, -2.25367527008056640625e+01) (6, -8.87084245681762695312e-01) (7, -7.60050937533378601074e-02) (8, 3.09843793511390686035e-02) (9, -3.03331110626459121704e-02) (7, -9.91092741489410400391e-01) (8, -1.15688431262969970703e+00) (9, -5.82581162452697753906e-01) 
