FANN_FLO_2.1
num_layers=3
learning_rate=0.450000
connection_rate=1.000000
network_type=0
learning_momentum=0.000000
training_algorithm=2
train_error_function=1
train_stop_function=0
cascade_output_change_fraction=0.010000
quickprop_decay=-0.000100
quickprop_mu=1.750000
rprop_increase_factor=1.200000
rprop_decrease_factor=0.500000
rprop_delta_min=0.000000
rprop_delta_max=50.000000
rprop_delta_zero=0.100000
cascade_output_stagnation_epochs=12
cascade_candidate_change_fraction=0.010000
cascade_candidate_stagnation_epochs=12
cascade_max_out_epochs=150
cascade_min_out_epochs=50
cascade_max_cand_epochs=150
cascade_min_cand_epochs=50
cascade_num_candidate_groups=2
bit_fail_limit=3.49999994039535522461e-01
cascade_candidate_limit=1.00000000000000000000e+03
cascade_weight_multiplier=4.00000005960464477539e-01
cascade_activation_functions_count=10
cascade_activation_functions=3 5 7 8 10 11 14 15 16 17 
cascade_activation_steepnesses_count=4
cascade_activation_steepnesses=2.50000000000000000000e-01 5.00000000000000000000e-01 7.50000000000000000000e-01 1.00000000000000000000e+00 
layer_sizes=7 5 2 
scale_included=0
neurons (num_inputs, activation_function, activation_steepness)=(0, 0, 0.00000000000000000000e+00) (0, 0, 0.00000000000000000000e+00) (0, 0, 0.00000000000000000000e+00) (0, 0, 0.00000000000000000000e+00) (0, 0, 0.00000000000000000000e+00) (0, 0, 0.00000000000000000000e+00) (0, 0, 0.00000000000000000000e+00) (7, 3, 5.00000000000000000000e-01) (7, 3, 5.00000000000000000000e-01) (7, 3, 5.00000000000000000000e-01) (7, 3, 5.00000000000000000000e-01) (0, 3, 0.00000000000000000000e+00) (5, 0, 5.00000000000000000000e-01) (0, 0, 0.00000000000000000000e+00) 
connections (connected_to_neuron, weight)=(0, -1.91106602549552917480e-01) (1, -1.36342692375183105469e+00) (2, 1.46934330463409423828e+00) (3, -3.22957128286361694336e-01) (4, -2.86006718873977661133e-01) (5, 6.47813916206359863281e-01) (6, -4.29166889190673828125e+00) (0, -1.22676169872283935547e+00) (1, -1.47500000000000000000e+03) (2, 1.50000000000000000000e+03) (3, 1.50000000000000000000e+03) (4, 1.50000000000000000000e+03) (5, 1.50000000000000000000e+03) (6, 4.51731741428375244141e-01) (0, -1.33266329765319824219e-01) (1, -1.07923485338687896729e-01) (2, 9.33634102344512939453e-01) (3, -2.77557522058486938477e-01) (4, -4.19930309057235717773e-01) (5, 1.22406959533691406250e-01) (6, -1.88405287265777587891e+00) (0, -1.27146558761596679688e+01) (1, 8.56924865722656250000e+02) (2, -1.35764355468750000000e+03) (3, -1.35764355468750000000e+03) (4, -1.30228320312500000000e+03) (5, -1.38136950683593750000e+03) (6, -5.57286024093627929688e-01) (7, 3.30387878417968750000e+00) (8, -9.20951552689075469971e-03) (9, -2.33688149601221084595e-02) (10, 1.01796310424804687500e+02) (11, 1.66859384626150131226e-02) 
