FANN_FLO_2.1
num_layers=4
learning_rate=0.500000
connection_rate=1.000000
network_type=0
learning_momentum=0.000000
training_algorithm=2
train_error_function=1
train_stop_function=0
cascade_output_change_fraction=0.010000
quickprop_decay=-0.000100
quickprop_mu=1.750000
rprop_increase_factor=1.200000
rprop_decrease_factor=0.500000
rprop_delta_min=0.000000
rprop_delta_max=50.000000
rprop_delta_zero=0.100000
cascade_output_stagnation_epochs=12
cascade_candidate_change_fraction=0.010000
cascade_candidate_stagnation_epochs=12
cascade_max_out_epochs=150
cascade_min_out_epochs=50
cascade_max_cand_epochs=150
cascade_min_cand_epochs=50
cascade_num_candidate_groups=2
bit_fail_limit=3.49999994039535522461e-01
cascade_candidate_limit=1.00000000000000000000e+03
cascade_weight_multiplier=4.00000005960464477539e-01
cascade_activation_functions_count=10
cascade_activation_functions=3 5 7 8 10 11 14 15 16 17 
cascade_activation_steepnesses_count=4
cascade_activation_steepnesses=2.50000000000000000000e-01 5.00000000000000000000e-01 7.50000000000000000000e-01 1.00000000000000000000e+00 
layer_sizes=4 5 5 2 
scale_included=0
neurons (num_inputs, activation_function, activation_steepness)=(0, 0, 0.00000000000000000000e+00) (0, 0, 0.00000000000000000000e+00) (0, 0, 0.00000000000000000000e+00) (0, 0, 0.00000000000000000000e+00) (4, 3, 5.00000000000000000000e-01) (4, 3, 5.00000000000000000000e-01) (4, 3, 5.00000000000000000000e-01) (4, 3, 5.00000000000000000000e-01) (0, 3, 0.00000000000000000000e+00) (5, 3, 5.00000000000000000000e-01) (5, 3, 5.00000000000000000000e-01) (5, 3, 5.00000000000000000000e-01) (5, 3, 5.00000000000000000000e-01) (0, 3, 0.00000000000000000000e+00) (5, 3, 5.00000000000000000000e-01) (0, 3, 0.00000000000000000000e+00) 
connections (connected_to_neuron, weight)=(0, -5.51959800720214843750e+00) (1, -6.62440204620361328125e+00) (2, -4.30832028388977050781e-01) (3, 4.18513059616088867188e+00) (0, 4.73091125488281250000e+00) (1, 4.54040832519531250000e+01) (2, -3.09380767822265625000e+02) (3, 2.80186319351196289062e+00) (0, -6.24250248074531555176e-02) (1, -2.01801166534423828125e+01) (2, 6.24377393722534179688e+00) (3, 4.76007223129272460938e+00) (0, -2.33903598785400390625e+00) (1, -2.15617485046386718750e+01) (2, 3.31073913574218750000e+01) (3, 3.00645637512207031250e+00) (4, -2.69789123535156250000e+00) (5, -3.08484292030334472656e+00) (6, -1.34092216491699218750e+01) (7, -1.90524053573608398438e+00) (8, 2.17971992492675781250e+01) (4, -8.30165767669677734375e+00) (5, 6.45369142293930053711e-02) (6, -1.31699323654174804688e+01) (7, 3.45173859596252441406e+00) (8, 2.76942367553710937500e+01) (4, -1.01651918888092041016e+00) (5, 2.62854051589965820312e+00) (6, -6.09964656829833984375e+00) (7, 5.06201028823852539062e+00) (8, 2.51294755935668945312e+00) (4, -6.69345474243164062500e+01) (5, 2.07834553718566894531e+00) (6, 4.94513452053070068359e-01) (7, 9.08345794677734375000e+00) (8, 3.15818458795547485352e-01) (9, -1.09692513942718505859e+00) (10, -1.95596003532409667969e+00) (11, -9.53369021415710449219e-01) (12, 4.79708957672119140625e+00) (13, 1.50704407691955566406e+00) 
