FANN_FLO_2.1
num_layers=3
learning_rate=0.500000
connection_rate=1.000000
network_type=0
learning_momentum=0.000000
training_algorithm=2
train_error_function=1
train_stop_function=0
cascade_output_change_fraction=0.010000
quickprop_decay=-0.000100
quickprop_mu=1.750000
rprop_increase_factor=1.200000
rprop_decrease_factor=0.500000
rprop_delta_min=0.000000
rprop_delta_max=50.000000
rprop_delta_zero=0.100000
cascade_output_stagnation_epochs=12
cascade_candidate_change_fraction=0.010000
cascade_candidate_stagnation_epochs=12
cascade_max_out_epochs=150
cascade_min_out_epochs=50
cascade_max_cand_epochs=150
cascade_min_cand_epochs=50
cascade_num_candidate_groups=2
bit_fail_limit=3.49999994039535522461e-01
cascade_candidate_limit=1.00000000000000000000e+03
cascade_weight_multiplier=4.00000005960464477539e-01
cascade_activation_functions_count=10
cascade_activation_functions=3 5 7 8 10 11 14 15 16 17 
cascade_activation_steepnesses_count=4
cascade_activation_steepnesses=2.50000000000000000000e-01 5.00000000000000000000e-01 7.50000000000000000000e-01 1.00000000000000000000e+00 
layer_sizes=10 5 2 
scale_included=0
neurons (num_inputs, activation_function, activation_steepness)=(0, 0, 0.00000000000000000000e+00) (0, 0, 0.00000000000000000000e+00) (0, 0, 0.00000000000000000000e+00) (0, 0, 0.00000000000000000000e+00) (0, 0, 0.00000000000000000000e+00) (0, 0, 0.00000000000000000000e+00) (0, 0, 0.00000000000000000000e+00) (0, 0, 0.00000000000000000000e+00) (0, 0, 0.00000000000000000000e+00) (0, 0, 0.00000000000000000000e+00) (10, 3, 5.00000000000000000000e-01) (10, 3, 5.00000000000000000000e-01) (10, 3, 5.00000000000000000000e-01) (10, 3, 5.00000000000000000000e-01) (0, 3, 0.00000000000000000000e+00) (5, 3, 5.00000000000000000000e-01) (0, 3, 0.00000000000000000000e+00) 
connections (connected_to_neuron, weight)=(0, -4.97968763113021850586e-01) (1, -5.64197003841400146484e-01) (2, -3.81904207170009613037e-02) (3, -5.93362629413604736328e-01) (4, -4.94699478149414062500e-01) (5, -5.75981497764587402344e-01) (6, -3.71192276477813720703e-01) (7, -3.54600131511688232422e-01) (8, -3.28831881284713745117e-01) (9, 4.76297587156295776367e-01) (0, 5.68486630916595458984e-01) (1, 5.48387587070465087891e-01) (2, 1.29484105110168457031e+00) (3, 4.15168195962905883789e-01) (4, 5.15716552734375000000e-01) (5, 4.47344660758972167969e-01) (6, 7.60311603546142578125e-01) (7, 7.35014200210571289062e-01) (8, 7.87580192089080810547e-01) (9, -3.89629030227661132812e+00) (0, -5.33807277679443359375e-01) (1, -3.87371599674224853516e-01) (2, -1.35082185268402099609e-01) (3, -4.40824091434478759766e-01) (4, -5.02018809318542480469e-01) (5, -5.21899759769439697266e-01) (6, -4.44687813520431518555e-01) (7, -4.71524000167846679688e-01) (8, -4.69575822353363037109e-01) (9, 4.72550332546234130859e-01) (0, 2.78350234031677246094e-01) (1, 5.48084139823913574219e-01) (2, 1.25287694931030273438e+01) (3, 9.11154627799987792969e-01) (4, 1.80674052238464355469e+00) (5, -5.83735704421997070312e-02) (6, 2.86239075660705566406e+00) (7, 4.55866765975952148438e+00) (8, 3.64821290969848632812e+00) (9, -6.86445617675781250000e+00) (10, -2.47089672088623046875e+00) (11, 1.53296101093292236328e+00) (12, -1.21472799777984619141e+00) (13, 1.51583373546600341797e-01) (14, 9.46860760450363159180e-02) 
