FANN_FLO_2.1
num_layers=4
learning_rate=0.500000
connection_rate=1.000000
network_type=0
learning_momentum=0.000000
training_algorithm=2
train_error_function=1
train_stop_function=0
cascade_output_change_fraction=0.010000
quickprop_decay=-0.000100
quickprop_mu=1.750000
rprop_increase_factor=1.200000
rprop_decrease_factor=0.500000
rprop_delta_min=0.000000
rprop_delta_max=50.000000
rprop_delta_zero=0.100000
cascade_output_stagnation_epochs=12
cascade_candidate_change_fraction=0.010000
cascade_candidate_stagnation_epochs=12
cascade_max_out_epochs=150
cascade_min_out_epochs=50
cascade_max_cand_epochs=150
cascade_min_cand_epochs=50
cascade_num_candidate_groups=2
bit_fail_limit=3.49999994039535522461e-01
cascade_candidate_limit=1.00000000000000000000e+03
cascade_weight_multiplier=4.00000005960464477539e-01
cascade_activation_functions_count=10
cascade_activation_functions=3 5 7 8 10 11 14 15 16 17 
cascade_activation_steepnesses_count=4
cascade_activation_steepnesses=2.50000000000000000000e-01 5.00000000000000000000e-01 7.50000000000000000000e-01 1.00000000000000000000e+00 
layer_sizes=18 3 3 2 
scale_included=0
neurons (num_inputs, activation_function, activation_steepness)=(0, 0, 0.00000000000000000000e+00) (0, 0, 0.00000000000000000000e+00) (0, 0, 0.00000000000000000000e+00) (0, 0, 0.00000000000000000000e+00) (0, 0, 0.00000000000000000000e+00) (0, 0, 0.00000000000000000000e+00) (0, 0, 0.00000000000000000000e+00) (0, 0, 0.00000000000000000000e+00) (0, 0, 0.00000000000000000000e+00) (0, 0, 0.00000000000000000000e+00) (0, 0, 0.00000000000000000000e+00) (0, 0, 0.00000000000000000000e+00) (0, 0, 0.00000000000000000000e+00) (0, 0, 0.00000000000000000000e+00) (0, 0, 0.00000000000000000000e+00) (0, 0, 0.00000000000000000000e+00) (0, 0, 0.00000000000000000000e+00) (0, 0, 0.00000000000000000000e+00) (18, 3, 5.00000000000000000000e-01) (18, 3, 5.00000000000000000000e-01) (0, 3, 0.00000000000000000000e+00) (3, 3, 5.00000000000000000000e-01) (3, 3, 5.00000000000000000000e-01) (0, 3, 0.00000000000000000000e+00) (3, 0, 5.00000000000000000000e-01) (0, 0, 0.00000000000000000000e+00) 
connections (connected_to_neuron, weight)=(0, 1.19210743904113769531e+00) (1, 8.35258781909942626953e-01) (2, 1.03107988834381103516e+00) (3, 1.06664621829986572266e+00) (4, 8.74309480190277099609e-01) (5, -1.20605516433715820312e+00) (6, -1.07075190544128417969e+00) (7, -5.47277569770812988281e-01) (8, 2.64325626194477081299e-02) (9, 1.04459643363952636719e+00) (10, 1.03158318996429443359e+00) (11, 1.02885127067565917969e+00) (12, 1.07688033580780029297e+00) (13, 1.11320722103118896484e+00) (14, 9.08346354961395263672e-01) (15, 1.47482573986053466797e+00) (16, 1.05081164836883544922e+00) (17, -3.68651866912841796875e+00) (0, 7.04985022544860839844e-01) (1, 1.22208201885223388672e+00) (2, 5.83156228065490722656e-01) (3, 8.61249864101409912109e-01) (4, 9.35363590717315673828e-01) (5, -3.99896502494812011719e-01) (6, -9.11495029926300048828e-01) (7, -1.52964866161346435547e+00) (8, 2.11545646190643310547e-01) (9, 5.97607553005218505859e-01) (10, 8.61986756324768066406e-01) (11, 4.70129609107971191406e-01) (12, 6.75619006156921386719e-01) (13, 7.80656576156616210938e-01) (14, 7.22876846790313720703e-01) (15, 3.24249237775802612305e-01) (16, 5.21045327186584472656e-01) (17, -4.39032697677612304688e+00) (18, 2.22418999671936035156e+00) (19, 2.41136288642883300781e+00) (20, -2.07022643089294433594e+00) (18, 2.41452312469482421875e+00) (19, 2.80990123748779296875e+00) (20, -2.05376505851745605469e+00) (21, 7.61385917663574218750e+00) (22, 5.01666259765625000000e+00) (23, 2.16535902023315429688e+00) 
