FANN_FLO_2.1
num_layers=3
learning_rate=0.450000
connection_rate=1.000000
network_type=0
learning_momentum=0.000000
training_algorithm=2
train_error_function=1
train_stop_function=0
cascade_output_change_fraction=0.010000
quickprop_decay=-0.000100
quickprop_mu=1.750000
rprop_increase_factor=1.200000
rprop_decrease_factor=0.500000
rprop_delta_min=0.000000
rprop_delta_max=50.000000
rprop_delta_zero=0.100000
cascade_output_stagnation_epochs=12
cascade_candidate_change_fraction=0.010000
cascade_candidate_stagnation_epochs=12
cascade_max_out_epochs=150
cascade_min_out_epochs=50
cascade_max_cand_epochs=150
cascade_min_cand_epochs=50
cascade_num_candidate_groups=2
bit_fail_limit=3.49999994039535522461e-01
cascade_candidate_limit=1.00000000000000000000e+03
cascade_weight_multiplier=4.00000005960464477539e-01
cascade_activation_functions_count=10
cascade_activation_functions=3 5 7 8 10 11 14 15 16 17 
cascade_activation_steepnesses_count=4
cascade_activation_steepnesses=2.50000000000000000000e-01 5.00000000000000000000e-01 7.50000000000000000000e-01 1.00000000000000000000e+00 
layer_sizes=7 5 2 
scale_included=0
neurons (num_inputs, activation_function, activation_steepness)=(0, 0, 0.00000000000000000000e+00) (0, 0, 0.00000000000000000000e+00) (0, 0, 0.00000000000000000000e+00) (0, 0, 0.00000000000000000000e+00) (0, 0, 0.00000000000000000000e+00) (0, 0, 0.00000000000000000000e+00) (0, 0, 0.00000000000000000000e+00) (7, 3, 5.00000000000000000000e-01) (7, 3, 5.00000000000000000000e-01) (7, 3, 5.00000000000000000000e-01) (7, 3, 5.00000000000000000000e-01) (0, 3, 0.00000000000000000000e+00) (5, 0, 5.00000000000000000000e-01) (0, 0, 0.00000000000000000000e+00) 
connections (connected_to_neuron, weight)=(0, 2.59200245141983032227e-01) (1, -5.48494696617126464844e-01) (2, 2.58025348186492919922e-01) (3, 1.64212182164192199707e-01) (4, -3.34005981683731079102e-01) (5, 1.60657674074172973633e-01) (6, -3.25667691230773925781e+00) (0, -8.68639051914215087891e-01) (1, 2.18305206298828125000e+00) (2, -3.74292802810668945312e+00) (3, -1.72925364971160888672e+00) (4, 9.57005310058593750000e+00) (5, -8.05596923828125000000e+00) (6, -8.83053600788116455078e-01) (0, -4.33905887603759765625e+00) (1, -2.58983230590820312500e+00) (2, 2.54221272468566894531e+00) (3, -2.32546234130859375000e+01) (4, 2.93807506561279296875e+00) (5, -3.00616455078125000000e+00) (6, -6.61732673645019531250e-01) (0, -4.62087535858154296875e+00) (1, -9.01125907897949218750e+00) (2, 1.24921286106109619141e+00) (3, -7.92440128326416015625e+00) (4, -1.60552177429199218750e+01) (5, -1.62029767036437988281e+00) (6, -1.83412194252014160156e+00) (7, 1.65666684508323669434e-01) (8, 1.54594434425234794617e-02) (9, -1.62961730957031250000e+02) (10, 1.35338882446289062500e+02) (11, -5.84985408931970596313e-03) 
