FANN_FLO_2.1
num_layers=3
learning_rate=0.500000
connection_rate=1.000000
network_type=0
learning_momentum=0.000000
training_algorithm=2
train_error_function=1
train_stop_function=0
cascade_output_change_fraction=0.010000
quickprop_decay=-0.000100
quickprop_mu=1.750000
rprop_increase_factor=1.200000
rprop_decrease_factor=0.500000
rprop_delta_min=0.000000
rprop_delta_max=50.000000
rprop_delta_zero=0.100000
cascade_output_stagnation_epochs=12
cascade_candidate_change_fraction=0.010000
cascade_candidate_stagnation_epochs=12
cascade_max_out_epochs=150
cascade_min_out_epochs=50
cascade_max_cand_epochs=150
cascade_min_cand_epochs=50
cascade_num_candidate_groups=2
bit_fail_limit=3.49999994039535522461e-01
cascade_candidate_limit=1.00000000000000000000e+03
cascade_weight_multiplier=4.00000005960464477539e-01
cascade_activation_functions_count=10
cascade_activation_functions=3 5 7 8 10 11 14 15 16 17 
cascade_activation_steepnesses_count=4
cascade_activation_steepnesses=2.50000000000000000000e-01 5.00000000000000000000e-01 7.50000000000000000000e-01 1.00000000000000000000e+00 
layer_sizes=7 9 2 
scale_included=0
neurons (num_inputs, activation_function, activation_steepness)=(0, 0, 0.00000000000000000000e+00) (0, 0, 0.00000000000000000000e+00) (0, 0, 0.00000000000000000000e+00) (0, 0, 0.00000000000000000000e+00) (0, 0, 0.00000000000000000000e+00) (0, 0, 0.00000000000000000000e+00) (0, 0, 0.00000000000000000000e+00) (7, 3, 5.00000000000000000000e-01) (7, 3, 5.00000000000000000000e-01) (7, 3, 5.00000000000000000000e-01) (7, 3, 5.00000000000000000000e-01) (7, 3, 5.00000000000000000000e-01) (7, 3, 5.00000000000000000000e-01) (7, 3, 5.00000000000000000000e-01) (7, 3, 5.00000000000000000000e-01) (0, 3, 0.00000000000000000000e+00) (9, 0, 5.00000000000000000000e-01) (0, 0, 0.00000000000000000000e+00) 
connections (connected_to_neuron, weight)=(0, -1.08357280492782592773e-01) (1, -3.96604418754577636719e-01) (2, 4.12835031747817993164e-01) (3, -1.43357396125793457031e-01) (4, -2.14503318071365356445e-01) (5, 3.87397646903991699219e-01) (6, -4.78302359580993652344e-01) (0, -7.05246210098266601562e-01) (1, 3.80421102046966552734e-01) (2, 6.61820292472839355469e-01) (3, -7.02440619468688964844e-01) (4, -3.82704377174377441406e-01) (5, 1.16066801548004150391e+00) (6, -4.57492780685424804688e+00) (0, 5.72411954402923583984e-01) (1, 2.20995044708251953125e+00) (2, -3.38446807861328125000e+01) (3, 1.41813480854034423828e+00) (4, 8.16769695281982421875e+00) (5, 1.71267366409301757812e+00) (6, 1.53974145650863647461e-01) (0, 1.84328556060791015625e-01) (1, 1.41163811087608337402e-01) (2, 3.14758270978927612305e-01) (3, -3.05151581764221191406e-01) (4, 2.42980763316154479980e-01) (5, -4.19295191764831542969e-01) (6, -6.22188508510589599609e-01) (0, -7.04961493611335754395e-02) (1, -3.76351475715637207031e-01) (2, -5.24846076965332031250e-01) (3, -8.39618146419525146484e-02) (4, 1.12604983150959014893e-01) (5, 6.40563368797302246094e-01) (6, 9.27133858203887939453e-01) (0, 7.21726045012474060059e-02) (1, -9.74607706069946289062e-01) (2, 3.37395817041397094727e-01) (3, 4.58524711430072784424e-02) (4, -9.82303991913795471191e-02) (5, 1.34614169597625732422e-01) (6, 1.27578586339950561523e-01) (0, -2.52844125032424926758e-01) (1, 3.63310545682907104492e-01) (2, 5.09944677352905273438e-01) (3, 1.09007246792316436768e-01) (4, -7.17908334732055664062e+00) (5, 3.90564113855361938477e-01) (6, -1.65200829505920410156e-01) (0, -1.28786611557006835938e+00) (1, -9.23822343349456787109e-01) (2, 1.34205377101898193359e+00) (3, -1.04324781894683837891e+00) (4, -8.11806738376617431641e-01) (5, 2.01328206062316894531e+00) (6, -4.82406556606292724609e-01) (7, 5.42857944965362548828e-01) (8, -5.77442720532417297363e-02) (9, 2.40615159273147583008e-02) (10, -2.25320741534233093262e-01) (11, -2.72073894739151000977e-01) (12, -1.97436884045600891113e-01) (13, 1.36236408725380897522e-02) (14, 3.67670617997646331787e-02) (15, 2.12700426578521728516e-01) 
