FANN_FLO_2.1
num_layers=3
learning_rate=0.300000
connection_rate=1.000000
network_type=0
learning_momentum=0.000000
training_algorithm=2
train_error_function=1
train_stop_function=0
cascade_output_change_fraction=0.010000
quickprop_decay=-0.000100
quickprop_mu=1.750000
rprop_increase_factor=1.200000
rprop_decrease_factor=0.500000
rprop_delta_min=0.000000
rprop_delta_max=50.000000
rprop_delta_zero=0.100000
cascade_output_stagnation_epochs=12
cascade_candidate_change_fraction=0.010000
cascade_candidate_stagnation_epochs=12
cascade_max_out_epochs=150
cascade_min_out_epochs=50
cascade_max_cand_epochs=150
cascade_min_cand_epochs=50
cascade_num_candidate_groups=2
bit_fail_limit=3.49999994039535522461e-01
cascade_candidate_limit=1.00000000000000000000e+03
cascade_weight_multiplier=4.00000005960464477539e-01
cascade_activation_functions_count=10
cascade_activation_functions=3 5 7 8 10 11 14 15 16 17 
cascade_activation_steepnesses_count=4
cascade_activation_steepnesses=2.50000000000000000000e-01 5.00000000000000000000e-01 7.50000000000000000000e-01 1.00000000000000000000e+00 
layer_sizes=4 9 2 
scale_included=0
neurons (num_inputs, activation_function, activation_steepness)=(0, 0, 0.00000000000000000000e+00) (0, 0, 0.00000000000000000000e+00) (0, 0, 0.00000000000000000000e+00) (0, 0, 0.00000000000000000000e+00) (4, 3, 5.00000000000000000000e-01) (4, 3, 5.00000000000000000000e-01) (4, 3, 5.00000000000000000000e-01) (4, 3, 5.00000000000000000000e-01) (4, 3, 5.00000000000000000000e-01) (4, 3, 5.00000000000000000000e-01) (4, 3, 5.00000000000000000000e-01) (4, 3, 5.00000000000000000000e-01) (0, 3, 0.00000000000000000000e+00) (9, 3, 5.00000000000000000000e-01) (0, 3, 0.00000000000000000000e+00) 
connections (connected_to_neuron, weight)=(0, -1.23200285434722900391e+00) (1, 5.65184175968170166016e-01) (2, -1.56120598316192626953e+00) (3, 7.46414327621459960938e+00) (0, 5.99382042884826660156e-01) (1, 4.73268181085586547852e-02) (2, -3.51388525962829589844e+00) (3, 1.72327741980552673340e-01) (0, -4.78527462109923362732e-03) (1, 2.20820941030979156494e-02) (2, -5.25376617908477783203e-01) (3, 2.95695275068283081055e-01) (0, -3.50630849599838256836e-01) (1, 1.04414261877536773682e-01) (2, -2.84423828125000000000e-01) (3, 4.71143436431884765625e+00) (0, -3.72262239456176757812e-01) (1, 1.09867058694362640381e-01) (2, -3.27037483453750610352e-01) (3, 5.36436605453491210938e+00) (0, -2.23197951912879943848e-01) (1, 2.55622398108243942261e-02) (2, -1.59947752952575683594e-01) (3, 2.94150781631469726562e+00) (0, -9.34721291065216064453e-01) (1, 6.44255816936492919922e-01) (2, -1.11140561103820800781e+00) (3, 1.03944861888885498047e+00) (0, -9.72769677639007568359e-01) (1, 6.10114991664886474609e-01) (2, -8.05878937244415283203e-01) (3, 1.21810352802276611328e+00) (4, -3.95597964525222778320e-02) (5, 2.51033067703247070312e-01) (6, -4.82893466949462890625e+00) (7, -2.98053145408630371094e-01) (8, -4.74023878574371337891e-01) (9, -4.03222084045410156250e+00) (10, -1.84515208005905151367e-01) (11, -1.93886056542396545410e-01) (12, 7.33800709247589111328e-01) 
