FANN_FLO_2.1
num_layers=3
learning_rate=0.400000
connection_rate=1.000000
network_type=0
learning_momentum=0.000000
training_algorithm=2
train_error_function=1
train_stop_function=0
cascade_output_change_fraction=0.010000
quickprop_decay=-0.000100
quickprop_mu=1.750000
rprop_increase_factor=1.200000
rprop_decrease_factor=0.500000
rprop_delta_min=0.000000
rprop_delta_max=50.000000
rprop_delta_zero=0.100000
cascade_output_stagnation_epochs=12
cascade_candidate_change_fraction=0.010000
cascade_candidate_stagnation_epochs=12
cascade_max_out_epochs=150
cascade_min_out_epochs=50
cascade_max_cand_epochs=150
cascade_min_cand_epochs=50
cascade_num_candidate_groups=2
bit_fail_limit=3.49999994039535522461e-01
cascade_candidate_limit=1.00000000000000000000e+03
cascade_weight_multiplier=4.00000005960464477539e-01
cascade_activation_functions_count=10
cascade_activation_functions=3 5 7 8 10 11 14 15 16 17 
cascade_activation_steepnesses_count=4
cascade_activation_steepnesses=2.50000000000000000000e-01 5.00000000000000000000e-01 7.50000000000000000000e-01 1.00000000000000000000e+00 
layer_sizes=6 5 2 
scale_included=0
neurons (num_inputs, activation_function, activation_steepness)=(0, 0, 0.00000000000000000000e+00) (0, 0, 0.00000000000000000000e+00) (0, 0, 0.00000000000000000000e+00) (0, 0, 0.00000000000000000000e+00) (0, 0, 0.00000000000000000000e+00) (0, 0, 0.00000000000000000000e+00) (6, 3, 5.00000000000000000000e-01) (6, 3, 5.00000000000000000000e-01) (6, 3, 5.00000000000000000000e-01) (6, 3, 5.00000000000000000000e-01) (0, 3, 0.00000000000000000000e+00) (5, 0, 5.00000000000000000000e-01) (0, 0, 0.00000000000000000000e+00) 
connections (connected_to_neuron, weight)=(0, -3.14683837890625000000e+02) (1, -1.25338586425781250000e+03) (2, -9.86096923828125000000e+02) (3, -1.49481826782226562500e+02) (4, 1.79293533325195312500e+02) (5, -4.29487675428390502930e-01) (0, -1.50000000000000000000e+03) (1, -1.49300500488281250000e+03) (2, -9.42774414062500000000e+02) (3, -2.76057767868041992188e+00) (4, 3.75701873779296875000e+02) (5, 3.46909880638122558594e-01) (0, -3.14683837890625000000e+02) (1, -1.25338586425781250000e+03) (2, -9.86096923828125000000e+02) (3, -1.48310958862304687500e+02) (4, 1.80693435668945312500e+02) (5, -4.48100358247756958008e-01) (0, -1.50000000000000000000e+03) (1, -1.49767041015625000000e+03) (2, -3.58866119384765625000e+02) (3, -1.51702690124511718750e+00) (4, 1.43816619873046875000e+02) (5, 7.05117464065551757812e-01) (6, -6.88123130798339843750e+00) (7, 4.12780303955078125000e+01) (8, -6.84497642517089843750e+00) (9, 4.14979896545410156250e+01) (10, 7.93648004531860351562e-01) 
