FANN_FLO_2.1
num_layers=3
learning_rate=0.450000
connection_rate=1.000000
network_type=0
learning_momentum=0.000000
training_algorithm=2
train_error_function=1
train_stop_function=0
cascade_output_change_fraction=0.010000
quickprop_decay=-0.000100
quickprop_mu=1.750000
rprop_increase_factor=1.200000
rprop_decrease_factor=0.500000
rprop_delta_min=0.000000
rprop_delta_max=50.000000
rprop_delta_zero=0.100000
cascade_output_stagnation_epochs=12
cascade_candidate_change_fraction=0.010000
cascade_candidate_stagnation_epochs=12
cascade_max_out_epochs=150
cascade_min_out_epochs=50
cascade_max_cand_epochs=150
cascade_min_cand_epochs=50
cascade_num_candidate_groups=2
bit_fail_limit=3.49999994039535522461e-01
cascade_candidate_limit=1.00000000000000000000e+03
cascade_weight_multiplier=4.00000005960464477539e-01
cascade_activation_functions_count=10
cascade_activation_functions=3 5 7 8 10 11 14 15 16 17 
cascade_activation_steepnesses_count=4
cascade_activation_steepnesses=2.50000000000000000000e-01 5.00000000000000000000e-01 7.50000000000000000000e-01 1.00000000000000000000e+00 
layer_sizes=7 5 2 
scale_included=0
neurons (num_inputs, activation_function, activation_steepness)=(0, 0, 0.00000000000000000000e+00) (0, 0, 0.00000000000000000000e+00) (0, 0, 0.00000000000000000000e+00) (0, 0, 0.00000000000000000000e+00) (0, 0, 0.00000000000000000000e+00) (0, 0, 0.00000000000000000000e+00) (0, 0, 0.00000000000000000000e+00) (7, 3, 5.00000000000000000000e-01) (7, 3, 5.00000000000000000000e-01) (7, 3, 5.00000000000000000000e-01) (7, 3, 5.00000000000000000000e-01) (0, 3, 0.00000000000000000000e+00) (5, 0, 5.00000000000000000000e-01) (0, 0, 0.00000000000000000000e+00) 
connections (connected_to_neuron, weight)=(0, -2.18953506469726562500e+02) (1, -1.40753503417968750000e+03) (2, 9.02348327636718750000e+00) (3, 5.74076660156250000000e+02) (4, -1.39170104980468750000e+03) (5, -1.06693036854267120361e-01) (6, -1.54496982693672180176e-01) (0, 6.83312118053436279297e-02) (1, 2.27840900421142578125e-01) (2, 6.57134175300598144531e-01) (3, -1.49919256567955017090e-01) (4, -1.64884731173515319824e-01) (5, -5.98542511463165283203e-01) (6, -4.39824402332305908203e-01) (0, -2.28393040597438812256e-02) (1, -4.63714510202407836914e-01) (2, -5.02302289009094238281e-01) (3, 9.81136970221996307373e-03) (4, 4.96367722749710083008e-01) (5, 4.47093725204467773438e-01) (6, -3.32125067710876464844e-01) (0, -8.62313537597656250000e+01) (1, -1.14006616210937500000e+03) (2, 1.33484983444213867188e+00) (3, 3.30972442626953125000e+02) (4, -7.32320556640625000000e+02) (5, -6.43589138984680175781e-01) (6, -1.29648149013519287109e+00) (7, -5.06175398826599121094e-01) (8, -6.83339685201644897461e-02) (9, -6.47936612367630004883e-02) (10, 2.86400175094604492188e+00) (11, 7.15552642941474914551e-02) 
