FANN_FLO_2.1
num_layers=3
learning_rate=0.500000
connection_rate=1.000000
network_type=0
learning_momentum=0.000000
training_algorithm=2
train_error_function=1
train_stop_function=0
cascade_output_change_fraction=0.010000
quickprop_decay=-0.000100
quickprop_mu=1.750000
rprop_increase_factor=1.200000
rprop_decrease_factor=0.500000
rprop_delta_min=0.000000
rprop_delta_max=50.000000
rprop_delta_zero=0.100000
cascade_output_stagnation_epochs=12
cascade_candidate_change_fraction=0.010000
cascade_candidate_stagnation_epochs=12
cascade_max_out_epochs=150
cascade_min_out_epochs=50
cascade_max_cand_epochs=150
cascade_min_cand_epochs=50
cascade_num_candidate_groups=2
bit_fail_limit=3.49999994039535522461e-01
cascade_candidate_limit=1.00000000000000000000e+03
cascade_weight_multiplier=4.00000005960464477539e-01
cascade_activation_functions_count=10
cascade_activation_functions=3 5 7 8 10 11 14 15 16 17 
cascade_activation_steepnesses_count=4
cascade_activation_steepnesses=2.50000000000000000000e-01 5.00000000000000000000e-01 7.50000000000000000000e-01 1.00000000000000000000e+00 
layer_sizes=10 5 2 
scale_included=0
neurons (num_inputs, activation_function, activation_steepness)=(0, 0, 0.00000000000000000000e+00) (0, 0, 0.00000000000000000000e+00) (0, 0, 0.00000000000000000000e+00) (0, 0, 0.00000000000000000000e+00) (0, 0, 0.00000000000000000000e+00) (0, 0, 0.00000000000000000000e+00) (0, 0, 0.00000000000000000000e+00) (0, 0, 0.00000000000000000000e+00) (0, 0, 0.00000000000000000000e+00) (0, 0, 0.00000000000000000000e+00) (10, 3, 5.00000000000000000000e-01) (10, 3, 5.00000000000000000000e-01) (10, 3, 5.00000000000000000000e-01) (10, 3, 5.00000000000000000000e-01) (0, 3, 0.00000000000000000000e+00) (5, 3, 5.00000000000000000000e-01) (0, 3, 0.00000000000000000000e+00) 
connections (connected_to_neuron, weight)=(0, -2.63727903366088867188e-01) (1, -3.52302461862564086914e-01) (2, -2.98995822668075561523e-01) (3, -3.75870496034622192383e-01) (4, -3.13009828329086303711e-01) (5, -4.27398532629013061523e-01) (6, -4.01621907949447631836e-01) (7, -3.38863998651504516602e-01) (8, -4.01189506053924560547e-01) (9, 6.25450074672698974609e-01) (0, -4.63873058557510375977e-01) (1, -3.70712190866470336914e-01) (2, -3.57018440961837768555e-01) (3, -3.55533748865127563477e-01) (4, -3.98428231477737426758e-01) (5, -2.73284703493118286133e-01) (6, -3.12866836786270141602e-01) (7, -3.39273631572723388672e-01) (8, -3.20039182901382446289e-01) (9, 6.27880692481994628906e-01) (0, 1.50000000000000000000e+03) (1, 1.50000000000000000000e+03) (2, 1.50000000000000000000e+03) (3, 1.50000000000000000000e+03) (4, 1.50000000000000000000e+03) (5, 1.50000000000000000000e+03) (6, 1.50000000000000000000e+03) (7, 1.50000000000000000000e+03) (8, 1.50000000000000000000e+03) (9, 2.16809482574462890625e+01) (0, 2.21663221716880798340e-01) (1, 1.74942284822463989258e-01) (2, 6.09459996223449707031e-01) (3, 7.36138597130775451660e-02) (4, 2.05886542797088623047e-01) (5, 3.18414986133575439453e-01) (6, 4.13672149181365966797e-01) (7, 3.78070712089538574219e-01) (8, 2.21474632620811462402e-01) (9, 7.84467160701751708984e-01) (10, -3.02876448631286621094e+00) (11, -3.03272247314453125000e+00) (12, 5.09285926818847656250e-01) (13, 5.45386254787445068359e-01) (14, 6.95808827877044677734e-01) 
