FANN_FLO_2.1
num_layers=3
learning_rate=0.500000
connection_rate=1.000000
network_type=0
learning_momentum=0.000000
training_algorithm=2
train_error_function=1
train_stop_function=0
cascade_output_change_fraction=0.010000
quickprop_decay=-0.000100
quickprop_mu=1.750000
rprop_increase_factor=1.200000
rprop_decrease_factor=0.500000
rprop_delta_min=0.000000
rprop_delta_max=50.000000
rprop_delta_zero=0.100000
cascade_output_stagnation_epochs=12
cascade_candidate_change_fraction=0.010000
cascade_candidate_stagnation_epochs=12
cascade_max_out_epochs=150
cascade_min_out_epochs=50
cascade_max_cand_epochs=150
cascade_min_cand_epochs=50
cascade_num_candidate_groups=2
bit_fail_limit=3.49999994039535522461e-01
cascade_candidate_limit=1.00000000000000000000e+03
cascade_weight_multiplier=4.00000005960464477539e-01
cascade_activation_functions_count=10
cascade_activation_functions=3 5 7 8 10 11 14 15 16 17 
cascade_activation_steepnesses_count=4
cascade_activation_steepnesses=2.50000000000000000000e-01 5.00000000000000000000e-01 7.50000000000000000000e-01 1.00000000000000000000e+00 
layer_sizes=3 9 4 
scale_included=0
neurons (num_inputs, activation_function, activation_steepness)=(0, 0, 0.00000000000000000000e+00) (0, 0, 0.00000000000000000000e+00) (0, 0, 0.00000000000000000000e+00) (3, 3, 5.00000000000000000000e-01) (3, 3, 5.00000000000000000000e-01) (3, 3, 5.00000000000000000000e-01) (3, 3, 5.00000000000000000000e-01) (3, 3, 5.00000000000000000000e-01) (3, 3, 5.00000000000000000000e-01) (3, 3, 5.00000000000000000000e-01) (3, 3, 5.00000000000000000000e-01) (0, 3, 0.00000000000000000000e+00) (9, 0, 5.00000000000000000000e-01) (9, 0, 5.00000000000000000000e-01) (9, 0, 5.00000000000000000000e-01) (0, 0, 0.00000000000000000000e+00) 
connections (connected_to_neuron, weight)=(0, -4.47089052200317382812e+00) (1, 3.91433191299438476562e+00) (2, 7.03438854217529296875e+00) (0, -4.49696350097656250000e+00) (1, -1.43112444877624511719e+00) (2, -3.78873348236083984375e-01) (0, -5.10518312454223632812e+00) (1, 3.61882781982421875000e+00) (2, 5.82760572433471679688e+00) (0, -4.66132450103759765625e+00) (1, 2.32671928405761718750e+00) (2, 2.11348724365234375000e+00) (0, -5.26643371582031250000e+00) (1, 2.00255560874938964844e+00) (2, 3.10935586690902709961e-01) (0, -1.27750194072723388672e+00) (1, -2.25701260566711425781e+00) (2, 4.18421953916549682617e-01) (0, -4.28395032882690429688e+00) (1, 3.84142160415649414062e+00) (2, 1.46614706516265869141e+00) (0, -5.26954364776611328125e+00) (1, 5.04527926445007324219e-01) (2, 3.21463644504547119141e-01) (3, 6.67778730392456054688e-01) (4, 2.95473146438598632812e+00) (5, 6.80262088775634765625e-01) (6, 1.47971466183662414551e-01) (7, 2.14166021347045898438e+00) (8, 1.77927911281585693359e+00) (9, 9.46206092834472656250e-01) (10, 4.76164728403091430664e-01) (11, 7.43365645408630371094e-01) (3, 2.80573153495788574219e+00) (4, 5.57218360900878906250e+00) (5, 2.86474490165710449219e+00) (6, 2.39737129211425781250e+00) (7, 3.11380791664123535156e+00) (8, 8.45375633239746093750e+00) (9, 3.09512877464294433594e+00) (10, 3.57344937324523925781e+00) (11, 2.47547578811645507812e+00) (3, 1.08545942306518554688e+01) (4, 1.68969669342041015625e+01) (5, 1.08537521362304687500e+01) (6, 8.31757545471191406250e+00) (7, 9.80846023559570312500e+00) (8, 2.92942790985107421875e+01) (9, 8.35459709167480468750e+00) (10, 1.10319213867187500000e+01) (11, 1.08445825576782226562e+01) 
