FANN_FLO_2.1
num_layers=3
learning_rate=0.500000
connection_rate=1.000000
network_type=0
learning_momentum=0.000000
training_algorithm=2
train_error_function=1
train_stop_function=0
cascade_output_change_fraction=0.010000
quickprop_decay=-0.000100
quickprop_mu=1.750000
rprop_increase_factor=1.200000
rprop_decrease_factor=0.500000
rprop_delta_min=0.000000
rprop_delta_max=50.000000
rprop_delta_zero=0.100000
cascade_output_stagnation_epochs=12
cascade_candidate_change_fraction=0.010000
cascade_candidate_stagnation_epochs=12
cascade_max_out_epochs=150
cascade_min_out_epochs=50
cascade_max_cand_epochs=150
cascade_min_cand_epochs=50
cascade_num_candidate_groups=2
bit_fail_limit=3.49999994039535522461e-01
cascade_candidate_limit=1.00000000000000000000e+03
cascade_weight_multiplier=4.00000005960464477539e-01
cascade_activation_functions_count=10
cascade_activation_functions=3 5 7 8 10 11 14 15 16 17 
cascade_activation_steepnesses_count=4
cascade_activation_steepnesses=2.50000000000000000000e-01 5.00000000000000000000e-01 7.50000000000000000000e-01 1.00000000000000000000e+00 
layer_sizes=10 5 2 
scale_included=0
neurons (num_inputs, activation_function, activation_steepness)=(0, 0, 0.00000000000000000000e+00) (0, 0, 0.00000000000000000000e+00) (0, 0, 0.00000000000000000000e+00) (0, 0, 0.00000000000000000000e+00) (0, 0, 0.00000000000000000000e+00) (0, 0, 0.00000000000000000000e+00) (0, 0, 0.00000000000000000000e+00) (0, 0, 0.00000000000000000000e+00) (0, 0, 0.00000000000000000000e+00) (0, 0, 0.00000000000000000000e+00) (10, 3, 5.00000000000000000000e-01) (10, 3, 5.00000000000000000000e-01) (10, 3, 5.00000000000000000000e-01) (10, 3, 5.00000000000000000000e-01) (0, 3, 0.00000000000000000000e+00) (5, 3, 5.00000000000000000000e-01) (0, 3, 0.00000000000000000000e+00) 
connections (connected_to_neuron, weight)=(0, -7.07197010517120361328e-01) (1, -8.39251816272735595703e-01) (2, -5.00016689300537109375e-01) (3, -6.92030310630798339844e-01) (4, 5.20147792994976043701e-02) (5, -8.98030102252960205078e-01) (6, -1.14717495441436767578e+00) (7, -9.36948731541633605957e-02) (8, -6.83706700801849365234e-01) (9, 2.34404087066650390625e+00) (0, -6.26872599124908447266e-01) (1, -1.57986775040626525879e-01) (2, -1.11506599932909011841e-02) (3, -7.82988190650939941406e-01) (4, -1.98256790637969970703e+00) (5, 5.72327710688114166260e-02) (6, 4.77528423070907592773e-01) (7, -5.47776877880096435547e-01) (8, -1.88155751675367355347e-02) (9, 9.12847638130187988281e-01) (0, -1.81036382913589477539e-01) (1, -1.64197951555252075195e-01) (2, -8.93946528434753417969e-01) (3, -1.46558091044425964355e-01) (4, -8.06079745292663574219e-01) (5, -2.37879589200019836426e-01) (6, -2.54835281521081924438e-03) (7, -1.00451552867889404297e+00) (8, -1.60042107105255126953e-01) (9, 6.43118858337402343750e-01) (0, -1.82594686746597290039e-01) (1, -1.85009360313415527344e-01) (2, -3.87038260698318481445e-01) (3, -2.97665566205978393555e-01) (4, -9.46297526359558105469e-01) (5, -1.17199040949344635010e-01) (6, 2.39178672432899475098e-01) (7, -1.18600475788116455078e+00) (8, -5.85313975811004638672e-01) (9, 7.76324987411499023438e-01) (10, -2.01271653175354003906e+00) (11, -4.12309259176254272461e-01) (12, -8.55898499488830566406e-01) (13, -8.59426319599151611328e-01) (14, 1.36370933055877685547e+00) 
