FANN_FLO_2.1
num_layers=4
learning_rate=0.450000
connection_rate=1.000000
network_type=0
learning_momentum=0.000000
training_algorithm=2
train_error_function=1
train_stop_function=0
cascade_output_change_fraction=0.010000
quickprop_decay=-0.000100
quickprop_mu=1.750000
rprop_increase_factor=1.200000
rprop_decrease_factor=0.500000
rprop_delta_min=0.000000
rprop_delta_max=50.000000
rprop_delta_zero=0.100000
cascade_output_stagnation_epochs=12
cascade_candidate_change_fraction=0.010000
cascade_candidate_stagnation_epochs=12
cascade_max_out_epochs=150
cascade_min_out_epochs=50
cascade_max_cand_epochs=150
cascade_min_cand_epochs=50
cascade_num_candidate_groups=2
bit_fail_limit=3.49999994039535522461e-01
cascade_candidate_limit=1.00000000000000000000e+03
cascade_weight_multiplier=4.00000005960464477539e-01
cascade_activation_functions_count=10
cascade_activation_functions=3 5 7 8 10 11 14 15 16 17 
cascade_activation_steepnesses_count=4
cascade_activation_steepnesses=2.50000000000000000000e-01 5.00000000000000000000e-01 7.50000000000000000000e-01 1.00000000000000000000e+00 
layer_sizes=7 5 5 2 
scale_included=0
neurons (num_inputs, activation_function, activation_steepness)=(0, 0, 0.00000000000000000000e+00) (0, 0, 0.00000000000000000000e+00) (0, 0, 0.00000000000000000000e+00) (0, 0, 0.00000000000000000000e+00) (0, 0, 0.00000000000000000000e+00) (0, 0, 0.00000000000000000000e+00) (0, 0, 0.00000000000000000000e+00) (7, 3, 5.00000000000000000000e-01) (7, 3, 5.00000000000000000000e-01) (7, 3, 5.00000000000000000000e-01) (7, 3, 5.00000000000000000000e-01) (0, 3, 0.00000000000000000000e+00) (5, 3, 5.00000000000000000000e-01) (5, 3, 5.00000000000000000000e-01) (5, 3, 5.00000000000000000000e-01) (5, 3, 5.00000000000000000000e-01) (0, 3, 0.00000000000000000000e+00) (5, 0, 5.00000000000000000000e-01) (0, 0, 0.00000000000000000000e+00) 
connections (connected_to_neuron, weight)=(0, 5.11607825756072998047e-02) (1, 2.82373458147048950195e-01) (2, 1.37826848030090332031e+00) (3, 8.90204310417175292969e-02) (4, -1.08021414279937744141e+00) (5, 4.09209638833999633789e-01) (6, -1.85650348663330078125e+00) (0, 1.85017958283424377441e-01) (1, -2.18281775712966918945e-01) (2, -3.16325515508651733398e-01) (3, 1.13239824771881103516e+00) (4, -6.82325482368469238281e-01) (5, 4.34894323348999023438e-01) (6, 4.58483743667602539062e+00) (0, -1.32713598632812500000e+03) (1, -1.11718933105468750000e+03) (2, -4.44171875000000000000e+02) (3, -2.82134323120117187500e+01) (4, -1.09399291992187500000e+03) (5, -1.13554931640625000000e+03) (6, -8.97401690483093261719e-01) (0, -1.12190498352050781250e+02) (1, -1.11718933105468750000e+03) (2, -4.44171875000000000000e+02) (3, -6.06231212615966796875e+00) (4, 8.07149124145507812500e+01) (5, 4.12904434204101562500e+01) (6, 8.47826361656188964844e-01) (7, -5.96539245605468750000e+02) (8, -6.27876901626586914062e+00) (9, 1.50000000000000000000e+03) (10, 1.32685119628906250000e+03) (11, -2.38948655128479003906e+00) (7, -2.07837142944335937500e+01) (8, 1.96539134979248046875e+01) (9, 1.50000000000000000000e+03) (10, 1.50000000000000000000e+03) (11, -1.27313578128814697266e+00) (7, -2.43055973052978515625e+01) (8, 2.25024337768554687500e+01) (9, 1.50000000000000000000e+03) (10, 1.32685119628906250000e+03) (11, -1.12026715278625488281e+00) (7, -1.14467430114746093750e+00) (8, 2.36510062217712402344e+00) (9, 1.50000000000000000000e+03) (10, 1.50000000000000000000e+03) (11, -1.28651797771453857422e+00) (12, -6.41095256805419921875e+00) (13, 2.71478623151779174805e-01) (14, -2.80767172574996948242e-01) (15, 7.15042278170585632324e-02) (16, -1.95088461041450500488e-02) 
