FANN_FLO_2.1
num_layers=4
learning_rate=0.300000
connection_rate=1.000000
network_type=0
learning_momentum=0.000000
training_algorithm=2
train_error_function=1
train_stop_function=0
cascade_output_change_fraction=0.010000
quickprop_decay=-0.000100
quickprop_mu=1.750000
rprop_increase_factor=1.200000
rprop_decrease_factor=0.500000
rprop_delta_min=0.000000
rprop_delta_max=50.000000
rprop_delta_zero=0.100000
cascade_output_stagnation_epochs=12
cascade_candidate_change_fraction=0.010000
cascade_candidate_stagnation_epochs=12
cascade_max_out_epochs=150
cascade_min_out_epochs=50
cascade_max_cand_epochs=150
cascade_min_cand_epochs=50
cascade_num_candidate_groups=2
bit_fail_limit=3.49999994039535522461e-01
cascade_candidate_limit=1.00000000000000000000e+03
cascade_weight_multiplier=4.00000005960464477539e-01
cascade_activation_functions_count=10
cascade_activation_functions=3 5 7 8 10 11 14 15 16 17 
cascade_activation_steepnesses_count=4
cascade_activation_steepnesses=2.50000000000000000000e-01 5.00000000000000000000e-01 7.50000000000000000000e-01 1.00000000000000000000e+00 
layer_sizes=2 5 3 3 
scale_included=0
neurons (num_inputs, activation_function, activation_steepness)=(0, 0, 0.00000000000000000000e+00) (0, 0, 0.00000000000000000000e+00) (2, 3, 5.00000000000000000000e-01) (2, 3, 5.00000000000000000000e-01) (2, 3, 5.00000000000000000000e-01) (2, 3, 5.00000000000000000000e-01) (0, 3, 0.00000000000000000000e+00) (5, 3, 5.00000000000000000000e-01) (5, 3, 5.00000000000000000000e-01) (0, 3, 0.00000000000000000000e+00) (3, 0, 5.00000000000000000000e-01) (3, 0, 5.00000000000000000000e-01) (0, 0, 0.00000000000000000000e+00) 
connections (connected_to_neuron, weight)=(0, -1.50000000000000000000e+03) (1, -1.23448932170867919922e+00) (0, -1.50000000000000000000e+03) (1, -1.69026660919189453125e+00) (0, -1.50000000000000000000e+03) (1, -9.78032648563385009766e-01) (0, -1.50000000000000000000e+03) (1, -3.14204502105712890625e+00) (2, 1.39024949073791503906e+00) (3, 1.32514882087707519531e+00) (4, 1.38866364955902099609e+00) (5, 1.38417017459869384766e+00) (6, -1.41720211505889892578e+00) (2, 4.79505240917205810547e-01) (3, 7.39892244338989257812e-01) (4, 6.16660416126251220703e-01) (5, 7.85182774066925048828e-01) (6, -1.51024377346038818359e+00) (7, 1.25506028532981872559e-01) (8, 1.43398389220237731934e-01) (9, -2.33157262206077575684e-01) (7, -8.72496485710144042969e-01) (8, -1.01438605785369873047e+00) (9, -6.66792094707489013672e-01) 
