FANN_FLO_2.1
num_layers=3
learning_rate=0.400000
connection_rate=1.000000
network_type=0
learning_momentum=0.000000
training_algorithm=2
train_error_function=1
train_stop_function=0
cascade_output_change_fraction=0.010000
quickprop_decay=-0.000100
quickprop_mu=1.750000
rprop_increase_factor=1.200000
rprop_decrease_factor=0.500000
rprop_delta_min=0.000000
rprop_delta_max=50.000000
rprop_delta_zero=0.100000
cascade_output_stagnation_epochs=12
cascade_candidate_change_fraction=0.010000
cascade_candidate_stagnation_epochs=12
cascade_max_out_epochs=150
cascade_min_out_epochs=50
cascade_max_cand_epochs=150
cascade_min_cand_epochs=50
cascade_num_candidate_groups=2
bit_fail_limit=3.49999994039535522461e-01
cascade_candidate_limit=1.00000000000000000000e+03
cascade_weight_multiplier=4.00000005960464477539e-01
cascade_activation_functions_count=10
cascade_activation_functions=3 5 7 8 10 11 14 15 16 17 
cascade_activation_steepnesses_count=4
cascade_activation_steepnesses=2.50000000000000000000e-01 5.00000000000000000000e-01 7.50000000000000000000e-01 1.00000000000000000000e+00 
layer_sizes=10 3 2 
scale_included=0
neurons (num_inputs, activation_function, activation_steepness)=(0, 0, 0.00000000000000000000e+00) (0, 0, 0.00000000000000000000e+00) (0, 0, 0.00000000000000000000e+00) (0, 0, 0.00000000000000000000e+00) (0, 0, 0.00000000000000000000e+00) (0, 0, 0.00000000000000000000e+00) (0, 0, 0.00000000000000000000e+00) (0, 0, 0.00000000000000000000e+00) (0, 0, 0.00000000000000000000e+00) (0, 0, 0.00000000000000000000e+00) (10, 3, 5.00000000000000000000e-01) (10, 3, 5.00000000000000000000e-01) (0, 3, 0.00000000000000000000e+00) (3, 3, 5.00000000000000000000e-01) (0, 3, 0.00000000000000000000e+00) 
connections (connected_to_neuron, weight)=(0, 1.23700246214866638184e-01) (1, 1.36754631996154785156e-01) (2, 1.61132007837295532227e-01) (3, 7.91909843683242797852e-02) (4, 1.59251451492309570312e-01) (5, 2.14504420757293701172e-01) (6, 1.12172201275825500488e-01) (7, 1.08610242605209350586e-01) (8, 1.37569233775138854980e-01) (9, 1.84460669755935668945e-01) (0, -1.22863441705703735352e-01) (1, -8.98881480097770690918e-02) (2, -1.44111976027488708496e-01) (3, -6.33574053645133972168e-02) (4, -4.39809337258338928223e-02) (5, -8.77394750714302062988e-02) (6, -1.08912788331508636475e-01) (7, -3.36884185671806335449e-02) (8, -1.42684727907180786133e-01) (9, -1.62840098142623901367e-01) (10, -1.44117414951324462891e-01) (11, -7.62101337313652038574e-02) (12, -6.09027668833732604980e-02) 
