FANN_FLO_2.1
num_layers=3
learning_rate=0.500000
connection_rate=1.000000
network_type=0
learning_momentum=0.000000
training_algorithm=2
train_error_function=1
train_stop_function=0
cascade_output_change_fraction=0.010000
quickprop_decay=-0.000100
quickprop_mu=1.750000
rprop_increase_factor=1.200000
rprop_decrease_factor=0.500000
rprop_delta_min=0.000000
rprop_delta_max=50.000000
rprop_delta_zero=0.100000
cascade_output_stagnation_epochs=12
cascade_candidate_change_fraction=0.010000
cascade_candidate_stagnation_epochs=12
cascade_max_out_epochs=150
cascade_min_out_epochs=50
cascade_max_cand_epochs=150
cascade_min_cand_epochs=50
cascade_num_candidate_groups=2
bit_fail_limit=3.49999994039535522461e-01
cascade_candidate_limit=1.00000000000000000000e+03
cascade_weight_multiplier=4.00000005960464477539e-01
cascade_activation_functions_count=10
cascade_activation_functions=3 5 7 8 10 11 14 15 16 17 
cascade_activation_steepnesses_count=4
cascade_activation_steepnesses=2.50000000000000000000e-01 5.00000000000000000000e-01 7.50000000000000000000e-01 1.00000000000000000000e+00 
layer_sizes=10 3 2 
scale_included=0
neurons (num_inputs, activation_function, activation_steepness)=(0, 0, 0.00000000000000000000e+00) (0, 0, 0.00000000000000000000e+00) (0, 0, 0.00000000000000000000e+00) (0, 0, 0.00000000000000000000e+00) (0, 0, 0.00000000000000000000e+00) (0, 0, 0.00000000000000000000e+00) (0, 0, 0.00000000000000000000e+00) (0, 0, 0.00000000000000000000e+00) (0, 0, 0.00000000000000000000e+00) (0, 0, 0.00000000000000000000e+00) (10, 3, 5.00000000000000000000e-01) (10, 3, 5.00000000000000000000e-01) (0, 3, 0.00000000000000000000e+00) (3, 3, 5.00000000000000000000e-01) (0, 3, 0.00000000000000000000e+00) 
connections (connected_to_neuron, weight)=(0, -6.47209823131561279297e-01) (1, -3.78438442945480346680e-01) (2, -2.80947536230087280273e-01) (3, -3.68665724992752075195e-01) (4, -7.57364928722381591797e-01) (5, -4.06636774539947509766e-01) (6, -5.55035948753356933594e-01) (7, -4.92323756217956542969e-01) (8, -4.40594881772994995117e-01) (9, 1.83445739746093750000e+00) (0, -2.00158432126045227051e-01) (1, -6.84215545654296875000e-01) (2, -8.18141818046569824219e-01) (3, -6.86532855033874511719e-01) (4, 2.89542712271213531494e-02) (5, -6.78265929222106933594e-01) (6, -3.73386621475219726562e-01) (7, -4.89140003919601440430e-01) (8, -5.07957994937896728516e-01) (9, 1.55093669891357421875e+00) (10, -2.51120352745056152344e+00) (11, -1.58107340335845947266e+00) (12, 1.59956979751586914062e+00) 
