FANN_FLO_2.1
num_layers=4
learning_rate=0.450000
connection_rate=1.000000
network_type=0
learning_momentum=0.000000
training_algorithm=2
train_error_function=1
train_stop_function=0
cascade_output_change_fraction=0.010000
quickprop_decay=-0.000100
quickprop_mu=1.750000
rprop_increase_factor=1.200000
rprop_decrease_factor=0.500000
rprop_delta_min=0.000000
rprop_delta_max=50.000000
rprop_delta_zero=0.100000
cascade_output_stagnation_epochs=12
cascade_candidate_change_fraction=0.010000
cascade_candidate_stagnation_epochs=12
cascade_max_out_epochs=150
cascade_min_out_epochs=50
cascade_max_cand_epochs=150
cascade_min_cand_epochs=50
cascade_num_candidate_groups=2
bit_fail_limit=3.49999994039535522461e-01
cascade_candidate_limit=1.00000000000000000000e+03
cascade_weight_multiplier=4.00000005960464477539e-01
cascade_activation_functions_count=10
cascade_activation_functions=3 5 7 8 10 11 14 15 16 17 
cascade_activation_steepnesses_count=4
cascade_activation_steepnesses=2.50000000000000000000e-01 5.00000000000000000000e-01 7.50000000000000000000e-01 1.00000000000000000000e+00 
layer_sizes=7 5 3 2 
scale_included=0
neurons (num_inputs, activation_function, activation_steepness)=(0, 0, 0.00000000000000000000e+00) (0, 0, 0.00000000000000000000e+00) (0, 0, 0.00000000000000000000e+00) (0, 0, 0.00000000000000000000e+00) (0, 0, 0.00000000000000000000e+00) (0, 0, 0.00000000000000000000e+00) (0, 0, 0.00000000000000000000e+00) (7, 3, 5.00000000000000000000e-01) (7, 3, 5.00000000000000000000e-01) (7, 3, 5.00000000000000000000e-01) (7, 3, 5.00000000000000000000e-01) (0, 3, 0.00000000000000000000e+00) (5, 3, 5.00000000000000000000e-01) (5, 3, 5.00000000000000000000e-01) (0, 3, 0.00000000000000000000e+00) (3, 0, 5.00000000000000000000e-01) (0, 0, 0.00000000000000000000e+00) 
connections (connected_to_neuron, weight)=(0, 2.19344809651374816895e-01) (1, 2.21676278114318847656e+00) (2, -1.53751718997955322266e+00) (3, 3.15636664628982543945e-01) (4, 7.02103495597839355469e-01) (5, -1.57304525375366210938e+00) (6, 7.48733818531036376953e-01) (0, 3.96128723144531250000e+02) (1, 1.48898730468750000000e+03) (2, 1.20788488769531250000e+03) (3, -4.83427917480468750000e+02) (4, 1.50000000000000000000e+03) (5, 1.18858593750000000000e+03) (6, 2.10590934753417968750e+00) (0, 6.65887145996093750000e+01) (1, 1.50000000000000000000e+03) (2, 1.50000000000000000000e+03) (3, -6.25434923171997070312e+00) (4, 1.50000000000000000000e+03) (5, 7.61313781738281250000e+02) (6, 2.61416101455688476562e+00) (0, 2.92508006095886230469e-01) (1, 5.94501256942749023438e-01) (2, -1.62861835956573486328e+00) (3, 6.93364620208740234375e-01) (4, 1.15311932563781738281e+00) (5, -1.42599761486053466797e+00) (6, 9.14621114730834960938e-01) (7, -6.81906795501708984375e+00) (8, 5.12354373931884765625e-01) (9, 4.61293041706085205078e-01) (10, -1.00986213684082031250e+01) (11, 5.05508005619049072266e-01) (7, 1.93472766876220703125e+00) (8, -1.46211910247802734375e+00) (9, -2.29230070114135742188e+00) (10, 5.73514521121978759766e-01) (11, -7.16101408004760742188e-01) (12, 5.15465831756591796875e+00) (13, 2.33127370476722717285e-01) (14, -1.43980802968144416809e-02) 
