FANN_FLO_2.1
num_layers=4
learning_rate=0.450000
connection_rate=1.000000
network_type=0
learning_momentum=0.000000
training_algorithm=2
train_error_function=1
train_stop_function=0
cascade_output_change_fraction=0.010000
quickprop_decay=-0.000100
quickprop_mu=1.750000
rprop_increase_factor=1.200000
rprop_decrease_factor=0.500000
rprop_delta_min=0.000000
rprop_delta_max=50.000000
rprop_delta_zero=0.100000
cascade_output_stagnation_epochs=12
cascade_candidate_change_fraction=0.010000
cascade_candidate_stagnation_epochs=12
cascade_max_out_epochs=150
cascade_min_out_epochs=50
cascade_max_cand_epochs=150
cascade_min_cand_epochs=50
cascade_num_candidate_groups=2
bit_fail_limit=3.49999994039535522461e-01
cascade_candidate_limit=1.00000000000000000000e+03
cascade_weight_multiplier=4.00000005960464477539e-01
cascade_activation_functions_count=10
cascade_activation_functions=3 5 7 8 10 11 14 15 16 17 
cascade_activation_steepnesses_count=4
cascade_activation_steepnesses=2.50000000000000000000e-01 5.00000000000000000000e-01 7.50000000000000000000e-01 1.00000000000000000000e+00 
layer_sizes=7 3 3 2 
scale_included=0
neurons (num_inputs, activation_function, activation_steepness)=(0, 0, 0.00000000000000000000e+00) (0, 0, 0.00000000000000000000e+00) (0, 0, 0.00000000000000000000e+00) (0, 0, 0.00000000000000000000e+00) (0, 0, 0.00000000000000000000e+00) (0, 0, 0.00000000000000000000e+00) (0, 0, 0.00000000000000000000e+00) (7, 3, 5.00000000000000000000e-01) (7, 3, 5.00000000000000000000e-01) (0, 3, 0.00000000000000000000e+00) (3, 3, 5.00000000000000000000e-01) (3, 3, 5.00000000000000000000e-01) (0, 3, 0.00000000000000000000e+00) (3, 0, 5.00000000000000000000e-01) (0, 0, 0.00000000000000000000e+00) 
connections (connected_to_neuron, weight)=(0, 3.57143431901931762695e-01) (1, 3.36862504482269287109e-02) (2, -9.11641359329223632812e-01) (3, 2.05348029732704162598e-01) (4, 3.08758288621902465820e-01) (5, -3.66152733564376831055e-01) (6, 4.70212888717651367188e+00) (0, 5.99605321884155273438e-01) (1, 9.96607780456542968750e-01) (2, -1.95886874198913574219e+00) (3, 8.55628550052642822266e-01) (4, 1.16037631034851074219e+00) (5, -1.93241035938262939453e+00) (6, 9.51649665832519531250e-01) (7, 1.68372669219970703125e+01) (8, -2.17444152832031250000e+01) (9, -5.17171192169189453125e+00) (7, 1.14462167024612426758e-01) (8, -4.63259339332580566406e-01) (9, 6.17858171463012695312e-01) (10, 2.65812230110168457031e+00) (11, -9.02615562081336975098e-02) (12, 6.23753517866134643555e-02) 
