FANN_FLO_2.1
num_layers=3
learning_rate=0.500000
connection_rate=1.000000
network_type=0
learning_momentum=0.000000
training_algorithm=2
train_error_function=1
train_stop_function=0
cascade_output_change_fraction=0.010000
quickprop_decay=-0.000100
quickprop_mu=1.750000
rprop_increase_factor=1.200000
rprop_decrease_factor=0.500000
rprop_delta_min=0.000000
rprop_delta_max=50.000000
rprop_delta_zero=0.100000
cascade_output_stagnation_epochs=12
cascade_candidate_change_fraction=0.010000
cascade_candidate_stagnation_epochs=12
cascade_max_out_epochs=150
cascade_min_out_epochs=50
cascade_max_cand_epochs=150
cascade_min_cand_epochs=50
cascade_num_candidate_groups=2
bit_fail_limit=3.49999994039535522461e-01
cascade_candidate_limit=1.00000000000000000000e+03
cascade_weight_multiplier=4.00000005960464477539e-01
cascade_activation_functions_count=10
cascade_activation_functions=3 5 7 8 10 11 14 15 16 17 
cascade_activation_steepnesses_count=4
cascade_activation_steepnesses=2.50000000000000000000e-01 5.00000000000000000000e-01 7.50000000000000000000e-01 1.00000000000000000000e+00 
layer_sizes=3 5 4 
scale_included=0
neurons (num_inputs, activation_function, activation_steepness)=(0, 0, 0.00000000000000000000e+00) (0, 0, 0.00000000000000000000e+00) (0, 0, 0.00000000000000000000e+00) (3, 3, 5.00000000000000000000e-01) (3, 3, 5.00000000000000000000e-01) (3, 3, 5.00000000000000000000e-01) (3, 3, 5.00000000000000000000e-01) (0, 3, 0.00000000000000000000e+00) (5, 0, 5.00000000000000000000e-01) (5, 0, 5.00000000000000000000e-01) (5, 0, 5.00000000000000000000e-01) (0, 0, 0.00000000000000000000e+00) 
connections (connected_to_neuron, weight)=(0, -1.50000000000000000000e+03) (1, 9.84845962524414062500e+01) (2, 7.50704240798950195312e+00) (0, -1.80168104171752929688e+00) (1, -1.60018825531005859375e+00) (2, 3.79898369312286376953e-01) (0, -2.91096897125244140625e+01) (1, 1.72264213562011718750e+01) (2, 1.62598266601562500000e+01) (0, -1.50000000000000000000e+03) (1, 3.62527099609375000000e+02) (2, 8.99222087860107421875e+00) (3, 1.30011403560638427734e+00) (4, 3.74426102638244628906e+00) (5, 1.62336480617523193359e+00) (6, 1.64694535732269287109e+00) (7, 1.83570861816406250000e+00) (3, 2.36013603210449218750e+00) (4, 1.28836517333984375000e+01) (5, 6.36362171173095703125e+00) (6, 4.04066658020019531250e+00) (7, 7.34052324295043945312e+00) (3, 8.34237194061279296875e+00) (4, 3.89503822326660156250e+01) (5, 1.84759826660156250000e+01) (6, 1.32260675430297851562e+01) (7, 3.06003627777099609375e+01) 
