FANN_FLO_2.1
num_layers=4
learning_rate=0.500000
connection_rate=1.000000
network_type=0
learning_momentum=0.000000
training_algorithm=2
train_error_function=1
train_stop_function=0
cascade_output_change_fraction=0.010000
quickprop_decay=-0.000100
quickprop_mu=1.750000
rprop_increase_factor=1.200000
rprop_decrease_factor=0.500000
rprop_delta_min=0.000000
rprop_delta_max=50.000000
rprop_delta_zero=0.100000
cascade_output_stagnation_epochs=12
cascade_candidate_change_fraction=0.010000
cascade_candidate_stagnation_epochs=12
cascade_max_out_epochs=150
cascade_min_out_epochs=50
cascade_max_cand_epochs=150
cascade_min_cand_epochs=50
cascade_num_candidate_groups=2
bit_fail_limit=3.49999994039535522461e-01
cascade_candidate_limit=1.00000000000000000000e+03
cascade_weight_multiplier=4.00000005960464477539e-01
cascade_activation_functions_count=10
cascade_activation_functions=3 5 7 8 10 11 14 15 16 17 
cascade_activation_steepnesses_count=4
cascade_activation_steepnesses=2.50000000000000000000e-01 5.00000000000000000000e-01 7.50000000000000000000e-01 1.00000000000000000000e+00 
layer_sizes=4 5 3 2 
scale_included=0
neurons (num_inputs, activation_function, activation_steepness)=(0, 0, 0.00000000000000000000e+00) (0, 0, 0.00000000000000000000e+00) (0, 0, 0.00000000000000000000e+00) (0, 0, 0.00000000000000000000e+00) (4, 3, 5.00000000000000000000e-01) (4, 3, 5.00000000000000000000e-01) (4, 3, 5.00000000000000000000e-01) (4, 3, 5.00000000000000000000e-01) (0, 3, 0.00000000000000000000e+00) (5, 3, 5.00000000000000000000e-01) (5, 3, 5.00000000000000000000e-01) (0, 3, 0.00000000000000000000e+00) (3, 3, 5.00000000000000000000e-01) (0, 3, 0.00000000000000000000e+00) 
connections (connected_to_neuron, weight)=(0, -2.39398622512817382812e+00) (1, -8.06311492919921875000e+01) (2, 3.04619655609130859375e+01) (3, 1.59197795391082763672e+00) (0, -7.41875791549682617188e+00) (1, 7.78480768203735351562e-01) (2, -5.15155887603759765625e+00) (3, 5.79335355758666992188e+00) (0, -7.34699964523315429688e+00) (1, -8.17557716369628906250e+00) (2, 2.75724148750305175781e+00) (3, 5.89616823196411132812e+00) (0, -1.27070629596710205078e+00) (1, -8.10906906127929687500e+01) (2, 3.38371162414550781250e+01) (3, 7.18152642250061035156e-01) (4, -1.14864358901977539062e+01) (5, 2.15809421539306640625e+01) (6, 1.11070137023925781250e+01) (7, 1.40160799026489257812e+01) (8, -1.03746042251586914062e+01) (4, -1.15667467117309570312e+01) (5, 1.89915313720703125000e+01) (6, 1.05657587051391601562e+01) (7, 1.39006261825561523438e+01) (8, -9.36395263671875000000e+00) (9, -2.27458119392395019531e+00) (10, -2.26787877082824707031e+00) (11, 2.30319046974182128906e+00) 
