FANN_FLO_2.1
num_layers=4
learning_rate=0.450000
connection_rate=1.000000
network_type=0
learning_momentum=0.000000
training_algorithm=2
train_error_function=1
train_stop_function=0
cascade_output_change_fraction=0.010000
quickprop_decay=-0.000100
quickprop_mu=1.750000
rprop_increase_factor=1.200000
rprop_decrease_factor=0.500000
rprop_delta_min=0.000000
rprop_delta_max=50.000000
rprop_delta_zero=0.100000
cascade_output_stagnation_epochs=12
cascade_candidate_change_fraction=0.010000
cascade_candidate_stagnation_epochs=12
cascade_max_out_epochs=150
cascade_min_out_epochs=50
cascade_max_cand_epochs=150
cascade_min_cand_epochs=50
cascade_num_candidate_groups=2
bit_fail_limit=3.49999994039535522461e-01
cascade_candidate_limit=1.00000000000000000000e+03
cascade_weight_multiplier=4.00000005960464477539e-01
cascade_activation_functions_count=10
cascade_activation_functions=3 5 7 8 10 11 14 15 16 17 
cascade_activation_steepnesses_count=4
cascade_activation_steepnesses=2.50000000000000000000e-01 5.00000000000000000000e-01 7.50000000000000000000e-01 1.00000000000000000000e+00 
layer_sizes=7 5 3 2 
scale_included=0
neurons (num_inputs, activation_function, activation_steepness)=(0, 0, 0.00000000000000000000e+00) (0, 0, 0.00000000000000000000e+00) (0, 0, 0.00000000000000000000e+00) (0, 0, 0.00000000000000000000e+00) (0, 0, 0.00000000000000000000e+00) (0, 0, 0.00000000000000000000e+00) (0, 0, 0.00000000000000000000e+00) (7, 3, 5.00000000000000000000e-01) (7, 3, 5.00000000000000000000e-01) (7, 3, 5.00000000000000000000e-01) (7, 3, 5.00000000000000000000e-01) (0, 3, 0.00000000000000000000e+00) (5, 3, 5.00000000000000000000e-01) (5, 3, 5.00000000000000000000e-01) (0, 3, 0.00000000000000000000e+00) (3, 0, 5.00000000000000000000e-01) (0, 0, 0.00000000000000000000e+00) 
connections (connected_to_neuron, weight)=(0, 2.77809519320726394653e-02) (1, 4.32985633611679077148e-01) (2, -4.53916668891906738281e-01) (3, 7.70424008369445800781e-02) (4, 4.61137950420379638672e-01) (5, -5.40035665035247802734e-01) (6, 4.02867913246154785156e-01) (0, -6.53808975219726562500e+00) (1, -1.50000000000000000000e+03) (2, -1.50000000000000000000e+03) (3, -1.50000000000000000000e+03) (4, -1.50000000000000000000e+03) (5, -1.50000000000000000000e+03) (6, -5.84454631805419921875e+00) (0, 1.74887865781784057617e-01) (1, 6.37739002704620361328e-01) (2, -7.15392112731933593750e-01) (3, 1.40815466642379760742e-01) (4, 5.68768918514251708984e-01) (5, -7.90946125984191894531e-01) (6, 6.01988494396209716797e-01) (0, 2.53259509801864624023e-01) (1, 2.19020456075668334961e-01) (2, -6.69224023818969726562e-01) (3, 8.56286808848381042480e-02) (4, 1.62190422415733337402e-02) (5, -2.89083570241928100586e-01) (6, -8.16285252571105957031e-01) (7, 2.44434242248535156250e+01) (8, 1.50000000000000000000e+03) (9, 3.02981796264648437500e+01) (10, -3.65145111083984375000e+01) (11, -1.38365402221679687500e+01) (7, 2.43497123718261718750e+01) (8, 1.50000000000000000000e+03) (9, 2.90151367187500000000e+01) (10, -3.58123359680175781250e+01) (11, -1.34513731002807617188e+01) (12, -4.61738646030426025391e-01) (13, -8.96664410829544067383e-02) (14, 5.59561669826507568359e-01) 
