FANN_FLO_2.1
num_layers=3
learning_rate=0.400000
connection_rate=1.000000
network_type=0
learning_momentum=0.000000
training_algorithm=2
train_error_function=1
train_stop_function=0
cascade_output_change_fraction=0.010000
quickprop_decay=-0.000100
quickprop_mu=1.750000
rprop_increase_factor=1.200000
rprop_decrease_factor=0.500000
rprop_delta_min=0.000000
rprop_delta_max=50.000000
rprop_delta_zero=0.100000
cascade_output_stagnation_epochs=12
cascade_candidate_change_fraction=0.010000
cascade_candidate_stagnation_epochs=12
cascade_max_out_epochs=150
cascade_min_out_epochs=50
cascade_max_cand_epochs=150
cascade_min_cand_epochs=50
cascade_num_candidate_groups=2
bit_fail_limit=3.49999994039535522461e-01
cascade_candidate_limit=1.00000000000000000000e+03
cascade_weight_multiplier=4.00000005960464477539e-01
cascade_activation_functions_count=10
cascade_activation_functions=3 5 7 8 10 11 14 15 16 17 
cascade_activation_steepnesses_count=4
cascade_activation_steepnesses=2.50000000000000000000e-01 5.00000000000000000000e-01 7.50000000000000000000e-01 1.00000000000000000000e+00 
layer_sizes=10 3 2 
scale_included=0
neurons (num_inputs, activation_function, activation_steepness)=(0, 0, 0.00000000000000000000e+00) (0, 0, 0.00000000000000000000e+00) (0, 0, 0.00000000000000000000e+00) (0, 0, 0.00000000000000000000e+00) (0, 0, 0.00000000000000000000e+00) (0, 0, 0.00000000000000000000e+00) (0, 0, 0.00000000000000000000e+00) (0, 0, 0.00000000000000000000e+00) (0, 0, 0.00000000000000000000e+00) (0, 0, 0.00000000000000000000e+00) (10, 3, 5.00000000000000000000e-01) (10, 3, 5.00000000000000000000e-01) (0, 3, 0.00000000000000000000e+00) (3, 3, 5.00000000000000000000e-01) (0, 3, 0.00000000000000000000e+00) 
connections (connected_to_neuron, weight)=(0, -1.18843808770179748535e-01) (1, -7.73190185427665710449e-02) (2, -1.20681993663311004639e-01) (3, -7.25493952631950378418e-02) (4, -4.55705001950263977051e-02) (5, -6.63929060101509094238e-02) (6, -2.62951627373695373535e-02) (7, -1.44925609230995178223e-01) (8, -1.51750192046165466309e-01) (9, -9.20647010207176208496e-02) (0, 2.28109657764434814453e-02) (1, 1.69980108737945556641e-01) (2, 2.15993374586105346680e-01) (3, 1.25248759984970092773e-01) (4, 8.38314741849899291992e-02) (5, 1.74972474575042724609e-01) (6, 1.45187437534332275391e-01) (7, 4.83240932226181030273e-02) (8, 1.58017575740814208984e-01) (9, 5.28985410928726196289e-02) (10, 2.27037891745567321777e-02) (11, 1.39718532562255859375e-01) (12, 1.17622360587120056152e-01) 
