FANN_FLO_2.1
num_layers=4
learning_rate=0.450000
connection_rate=1.000000
network_type=0
learning_momentum=0.000000
training_algorithm=2
train_error_function=1
train_stop_function=0
cascade_output_change_fraction=0.010000
quickprop_decay=-0.000100
quickprop_mu=1.750000
rprop_increase_factor=1.200000
rprop_decrease_factor=0.500000
rprop_delta_min=0.000000
rprop_delta_max=50.000000
rprop_delta_zero=0.100000
cascade_output_stagnation_epochs=12
cascade_candidate_change_fraction=0.010000
cascade_candidate_stagnation_epochs=12
cascade_max_out_epochs=150
cascade_min_out_epochs=50
cascade_max_cand_epochs=150
cascade_min_cand_epochs=50
cascade_num_candidate_groups=2
bit_fail_limit=3.49999994039535522461e-01
cascade_candidate_limit=1.00000000000000000000e+03
cascade_weight_multiplier=4.00000005960464477539e-01
cascade_activation_functions_count=10
cascade_activation_functions=3 5 7 8 10 11 14 15 16 17 
cascade_activation_steepnesses_count=4
cascade_activation_steepnesses=2.50000000000000000000e-01 5.00000000000000000000e-01 7.50000000000000000000e-01 1.00000000000000000000e+00 
layer_sizes=7 5 5 2 
scale_included=0
neurons (num_inputs, activation_function, activation_steepness)=(0, 0, 0.00000000000000000000e+00) (0, 0, 0.00000000000000000000e+00) (0, 0, 0.00000000000000000000e+00) (0, 0, 0.00000000000000000000e+00) (0, 0, 0.00000000000000000000e+00) (0, 0, 0.00000000000000000000e+00) (0, 0, 0.00000000000000000000e+00) (7, 3, 5.00000000000000000000e-01) (7, 3, 5.00000000000000000000e-01) (7, 3, 5.00000000000000000000e-01) (7, 3, 5.00000000000000000000e-01) (0, 3, 0.00000000000000000000e+00) (5, 3, 5.00000000000000000000e-01) (5, 3, 5.00000000000000000000e-01) (5, 3, 5.00000000000000000000e-01) (5, 3, 5.00000000000000000000e-01) (0, 3, 0.00000000000000000000e+00) (5, 0, 5.00000000000000000000e-01) (0, 0, 0.00000000000000000000e+00) 
connections (connected_to_neuron, weight)=(0, 5.29739201068878173828e-01) (1, 1.47528759765625000000e+03) (2, 1.50000000000000000000e+03) (3, 1.49818359375000000000e+03) (4, 1.30145593261718750000e+03) (5, 1.49983471679687500000e+03) (6, -8.18894565105438232422e-01) (0, 3.70638430118560791016e-01) (1, 2.24032133817672729492e-01) (2, 1.02593779563903808594e-01) (3, -6.64609014987945556641e-01) (4, 4.12352943420410156250e+00) (5, -2.24507355690002441406e+00) (6, -4.44454640150070190430e-01) (0, -1.20992206037044525146e-01) (1, 2.94312126934528350830e-02) (2, -1.11435661315917968750e+02) (3, -8.23573693633079528809e-02) (4, -7.18416500091552734375e+00) (5, 3.05604130029678344727e-01) (6, 1.19019889831542968750e+02) (0, 1.99470788240432739258e-01) (1, 2.32612133026123046875e-01) (2, 6.38074055314064025879e-02) (3, -3.09411287307739257812e-01) (4, 3.14213424921035766602e-01) (5, -5.45820474624633789062e-01) (6, 9.75024938583374023438e-01) (7, 4.17510896921157836914e-01) (8, -5.33558082580566406250e+00) (9, -9.38651916503906250000e+02) (10, -8.36115169525146484375e+00) (11, 3.78851264715194702148e-01) (7, 1.22271679341793060303e-01) (8, 1.28410145640373229980e-01) (9, 1.50000000000000000000e+03) (10, 1.16477978229522705078e+00) (11, 9.55753698945045471191e-02) (7, 2.90941119194030761719e-01) (8, 4.79057083129882812500e+01) (9, 1.50000000000000000000e+03) (10, 5.09152364730834960938e+00) (11, 3.38864743709564208984e-01) (7, -2.12845243513584136963e-02) (8, -7.18582487106323242188e+00) (9, -1.50000000000000000000e+03) (10, -3.68843603134155273438e+00) (11, -3.00018228590488433838e-02) (12, 8.25161576271057128906e-01) (13, -4.77805808186531066895e-02) (14, -5.67920096218585968018e-02) (15, 4.15809392929077148438e+00) (16, 1.12601451575756072998e-01) 
