FANN_FLO_2.1
num_layers=4
learning_rate=0.300000
connection_rate=1.000000
network_type=0
learning_momentum=0.000000
training_algorithm=2
train_error_function=1
train_stop_function=0
cascade_output_change_fraction=0.010000
quickprop_decay=-0.000100
quickprop_mu=1.750000
rprop_increase_factor=1.200000
rprop_decrease_factor=0.500000
rprop_delta_min=0.000000
rprop_delta_max=50.000000
rprop_delta_zero=0.100000
cascade_output_stagnation_epochs=12
cascade_candidate_change_fraction=0.010000
cascade_candidate_stagnation_epochs=12
cascade_max_out_epochs=150
cascade_min_out_epochs=50
cascade_max_cand_epochs=150
cascade_min_cand_epochs=50
cascade_num_candidate_groups=2
bit_fail_limit=3.49999994039535522461e-01
cascade_candidate_limit=1.00000000000000000000e+03
cascade_weight_multiplier=4.00000005960464477539e-01
cascade_activation_functions_count=10
cascade_activation_functions=3 5 7 8 10 11 14 15 16 17 
cascade_activation_steepnesses_count=4
cascade_activation_steepnesses=2.50000000000000000000e-01 5.00000000000000000000e-01 7.50000000000000000000e-01 1.00000000000000000000e+00 
layer_sizes=2 5 5 3 
scale_included=0
neurons (num_inputs, activation_function, activation_steepness)=(0, 0, 0.00000000000000000000e+00) (0, 0, 0.00000000000000000000e+00) (2, 3, 5.00000000000000000000e-01) (2, 3, 5.00000000000000000000e-01) (2, 3, 5.00000000000000000000e-01) (2, 3, 5.00000000000000000000e-01) (0, 3, 0.00000000000000000000e+00) (5, 3, 5.00000000000000000000e-01) (5, 3, 5.00000000000000000000e-01) (5, 3, 5.00000000000000000000e-01) (5, 3, 5.00000000000000000000e-01) (0, 3, 0.00000000000000000000e+00) (5, 0, 5.00000000000000000000e-01) (5, 0, 5.00000000000000000000e-01) (0, 0, 0.00000000000000000000e+00) 
connections (connected_to_neuron, weight)=(0, -1.01952133178710937500e+01) (1, -5.05138301849365234375e+00) (0, -6.15811347961425781250e+00) (1, -4.14978837966918945312e+00) (0, -1.05788068771362304688e+01) (1, -5.11715936660766601562e+00) (0, -2.18562769889831542969e+00) (1, -1.58506667613983154297e+00) (2, 1.45240497589111328125e+00) (3, -2.16141080856323242188e+00) (4, 1.53241527080535888672e+00) (5, -1.93841421604156494141e+00) (6, -5.15224933624267578125e-01) (2, 2.62245655059814453125e+00) (3, 5.98136663436889648438e-01) (4, 2.46026325225830078125e+00) (5, -9.00169014930725097656e-01) (6, -2.31413674354553222656e+00) (2, 2.10980057716369628906e+00) (3, 2.68619328737258911133e-01) (4, 2.09004044532775878906e+00) (5, -2.30633378028869628906e+00) (6, -5.62801480293273925781e-01) (2, -8.42376708984375000000e-01) (3, 1.60612031817436218262e-01) (4, -8.69405865669250488281e-01) (5, 1.32236167788505554199e-01) (6, 2.25147023797035217285e-01) (7, 1.67613551020622253418e-01) (8, 8.97172093391418457031e-02) (9, 8.63360241055488586426e-02) (10, -2.65642076730728149414e-01) (11, -1.21795363724231719971e-01) (7, -1.94146049022674560547e+00) (8, -4.93902295827865600586e-01) (9, -8.27880382537841796875e-01) (10, -2.84858852624893188477e-01) (11, -3.11439752578735351562e-01) 
