FANN_FLO_2.1
num_layers=3
learning_rate=0.400000
connection_rate=1.000000
network_type=0
learning_momentum=0.000000
training_algorithm=2
train_error_function=1
train_stop_function=0
cascade_output_change_fraction=0.010000
quickprop_decay=-0.000100
quickprop_mu=1.750000
rprop_increase_factor=1.200000
rprop_decrease_factor=0.500000
rprop_delta_min=0.000000
rprop_delta_max=50.000000
rprop_delta_zero=0.100000
cascade_output_stagnation_epochs=12
cascade_candidate_change_fraction=0.010000
cascade_candidate_stagnation_epochs=12
cascade_max_out_epochs=150
cascade_min_out_epochs=50
cascade_max_cand_epochs=150
cascade_min_cand_epochs=50
cascade_num_candidate_groups=2
bit_fail_limit=3.49999994039535522461e-01
cascade_candidate_limit=1.00000000000000000000e+03
cascade_weight_multiplier=4.00000005960464477539e-01
cascade_activation_functions_count=10
cascade_activation_functions=3 5 7 8 10 11 14 15 16 17 
cascade_activation_steepnesses_count=4
cascade_activation_steepnesses=2.50000000000000000000e-01 5.00000000000000000000e-01 7.50000000000000000000e-01 1.00000000000000000000e+00 
layer_sizes=6 5 2 
scale_included=0
neurons (num_inputs, activation_function, activation_steepness)=(0, 0, 0.00000000000000000000e+00) (0, 0, 0.00000000000000000000e+00) (0, 0, 0.00000000000000000000e+00) (0, 0, 0.00000000000000000000e+00) (0, 0, 0.00000000000000000000e+00) (0, 0, 0.00000000000000000000e+00) (6, 3, 5.00000000000000000000e-01) (6, 3, 5.00000000000000000000e-01) (6, 3, 5.00000000000000000000e-01) (6, 3, 5.00000000000000000000e-01) (0, 3, 0.00000000000000000000e+00) (5, 0, 5.00000000000000000000e-01) (0, 0, 0.00000000000000000000e+00) 
connections (connected_to_neuron, weight)=(0, -1.50000000000000000000e+03) (1, -1.36580004882812500000e+03) (2, 5.42804260253906250000e+01) (3, -1.09238182067871093750e+02) (4, 3.02787265777587890625e+01) (5, 6.46419465541839599609e-01) (0, -1.50000000000000000000e+03) (1, -1.33453857421875000000e+03) (2, 3.33806495666503906250e+01) (3, -3.10634365081787109375e+01) (4, 2.91743707656860351562e+00) (5, 2.49952292442321777344e+00) (0, -1.50000000000000000000e+03) (1, -5.98974075317382812500e+01) (2, 2.16612167358398437500e+01) (3, -4.23377990722656250000e+00) (4, 1.47933101654052734375e+01) (5, -3.10209184885025024414e-01) (0, -3.65800048828125000000e+02) (1, -6.50000061035156250000e+02) (2, 5.85191345214843750000e+01) (3, 1.11865320205688476562e+01) (4, 3.69191360473632812500e+01) (5, 5.85823297500610351562e-01) (6, 1.33751237392425537109e+00) (7, -3.11380736529827117920e-02) (8, 3.46793723106384277344e+00) (9, -3.17703783512115478516e-01) (10, 7.53811419010162353516e-01) 
