FANN_FLO_2.1
num_layers=3
learning_rate=0.500000
connection_rate=1.000000
network_type=0
learning_momentum=0.000000
training_algorithm=2
train_error_function=1
train_stop_function=0
cascade_output_change_fraction=0.010000
quickprop_decay=-0.000100
quickprop_mu=1.750000
rprop_increase_factor=1.200000
rprop_decrease_factor=0.500000
rprop_delta_min=0.000000
rprop_delta_max=50.000000
rprop_delta_zero=0.100000
cascade_output_stagnation_epochs=12
cascade_candidate_change_fraction=0.010000
cascade_candidate_stagnation_epochs=12
cascade_max_out_epochs=150
cascade_min_out_epochs=50
cascade_max_cand_epochs=150
cascade_min_cand_epochs=50
cascade_num_candidate_groups=2
bit_fail_limit=3.49999994039535522461e-01
cascade_candidate_limit=1.00000000000000000000e+03
cascade_weight_multiplier=4.00000005960464477539e-01
cascade_activation_functions_count=10
cascade_activation_functions=3 5 7 8 10 11 14 15 16 17 
cascade_activation_steepnesses_count=4
cascade_activation_steepnesses=2.50000000000000000000e-01 5.00000000000000000000e-01 7.50000000000000000000e-01 1.00000000000000000000e+00 
layer_sizes=7 5 2 
scale_included=0
neurons (num_inputs, activation_function, activation_steepness)=(0, 0, 0.00000000000000000000e+00) (0, 0, 0.00000000000000000000e+00) (0, 0, 0.00000000000000000000e+00) (0, 0, 0.00000000000000000000e+00) (0, 0, 0.00000000000000000000e+00) (0, 0, 0.00000000000000000000e+00) (0, 0, 0.00000000000000000000e+00) (7, 3, 5.00000000000000000000e-01) (7, 3, 5.00000000000000000000e-01) (7, 3, 5.00000000000000000000e-01) (7, 3, 5.00000000000000000000e-01) (0, 3, 0.00000000000000000000e+00) (5, 0, 5.00000000000000000000e-01) (0, 0, 0.00000000000000000000e+00) 
connections (connected_to_neuron, weight)=(0, -1.11287914216518402100e-01) (1, -2.35500782728195190430e-01) (2, -4.05606552958488464355e-02) (3, -2.58245646953582763672e-01) (4, -2.19531565904617309570e-01) (5, 8.71173381805419921875e-01) (6, 3.39752621948719024658e-02) (0, 8.53269249200820922852e-02) (1, -1.77916809916496276855e-01) (2, -4.38057571649551391602e-01) (3, -8.92427284270524978638e-03) (4, 4.21981245279312133789e-01) (5, 1.66130095720291137695e-01) (6, -4.92583572864532470703e-01) (0, -4.18916791677474975586e-02) (1, 4.72537651658058166504e-02) (2, 6.54502630233764648438e-01) (3, -1.86133906245231628418e-01) (4, -9.32533666491508483887e-02) (5, -4.29761976003646850586e-01) (6, -4.90766763687133789062e-02) (0, -5.07803976535797119141e-01) (1, 9.08023476600646972656e-01) (2, -6.38137519359588623047e-01) (3, -3.15030723810195922852e-01) (4, -1.76559078693389892578e+00) (5, -9.06775360107421875000e+01) (6, -6.79425835609436035156e-01) (7, -1.34451445192098617554e-02) (8, -1.39686167240142822266e-01) (9, -1.60332962870597839355e-01) (10, -3.57938170433044433594e-01) (11, 1.51364415884017944336e-01) 
