FANN_FLO_2.1
num_layers=3
learning_rate=0.500000
connection_rate=1.000000
network_type=0
learning_momentum=0.000000
training_algorithm=2
train_error_function=1
train_stop_function=0
cascade_output_change_fraction=0.010000
quickprop_decay=-0.000100
quickprop_mu=1.750000
rprop_increase_factor=1.200000
rprop_decrease_factor=0.500000
rprop_delta_min=0.000000
rprop_delta_max=50.000000
rprop_delta_zero=0.100000
cascade_output_stagnation_epochs=12
cascade_candidate_change_fraction=0.010000
cascade_candidate_stagnation_epochs=12
cascade_max_out_epochs=150
cascade_min_out_epochs=50
cascade_max_cand_epochs=150
cascade_min_cand_epochs=50
cascade_num_candidate_groups=2
bit_fail_limit=3.49999994039535522461e-01
cascade_candidate_limit=1.00000000000000000000e+03
cascade_weight_multiplier=4.00000005960464477539e-01
cascade_activation_functions_count=10
cascade_activation_functions=3 5 7 8 10 11 14 15 16 17 
cascade_activation_steepnesses_count=4
cascade_activation_steepnesses=2.50000000000000000000e-01 5.00000000000000000000e-01 7.50000000000000000000e-01 1.00000000000000000000e+00 
layer_sizes=7 5 2 
scale_included=0
neurons (num_inputs, activation_function, activation_steepness)=(0, 0, 0.00000000000000000000e+00) (0, 0, 0.00000000000000000000e+00) (0, 0, 0.00000000000000000000e+00) (0, 0, 0.00000000000000000000e+00) (0, 0, 0.00000000000000000000e+00) (0, 0, 0.00000000000000000000e+00) (0, 0, 0.00000000000000000000e+00) (7, 3, 5.00000000000000000000e-01) (7, 3, 5.00000000000000000000e-01) (7, 3, 5.00000000000000000000e-01) (7, 3, 5.00000000000000000000e-01) (0, 3, 0.00000000000000000000e+00) (5, 0, 5.00000000000000000000e-01) (0, 0, 0.00000000000000000000e+00) 
connections (connected_to_neuron, weight)=(0, 1.38720302581787109375e+01) (1, 7.75678277015686035156e-01) (2, -4.54899330139160156250e+01) (3, 6.99891328811645507812e-01) (4, -4.64060395956039428711e-01) (5, 1.46822490692138671875e+01) (6, 4.92963641881942749023e-01) (0, -2.06725254058837890625e+01) (1, -8.02002525329589843750e+00) (2, 4.11390829086303710938e+00) (3, -4.20293188095092773438e+00) (4, -5.75609624385833740234e-01) (5, 7.23729848861694335938e+00) (6, -4.30533111095428466797e-01) (0, -6.41297988891601562500e+01) (1, -5.95989465713500976562e+00) (2, -1.38013580322265625000e+02) (3, -4.10240507125854492188e+00) (4, -5.59384405612945556641e-01) (5, 9.91698646545410156250e+00) (6, -4.92418557405471801758e-01) (0, 3.96836547851562500000e+01) (1, -7.31815621256828308105e-02) (2, -1.13449073791503906250e+02) (3, 1.60234153270721435547e+00) (4, -4.75402265787124633789e-01) (5, 2.92562332153320312500e+01) (6, -4.70015704631805419922e-01) (7, -1.18069435119628906250e+02) (8, 1.33835254237055778503e-02) (9, -2.14591845870018005371e-02) (10, 1.18083152770996093750e+02) (11, -1.53289530426263809204e-02) 
