FANN_FLO_2.1
num_layers=3
learning_rate=0.500000
connection_rate=1.000000
network_type=0
learning_momentum=0.000000
training_algorithm=2
train_error_function=1
train_stop_function=0
cascade_output_change_fraction=0.010000
quickprop_decay=-0.000100
quickprop_mu=1.750000
rprop_increase_factor=1.200000
rprop_decrease_factor=0.500000
rprop_delta_min=0.000000
rprop_delta_max=50.000000
rprop_delta_zero=0.100000
cascade_output_stagnation_epochs=12
cascade_candidate_change_fraction=0.010000
cascade_candidate_stagnation_epochs=12
cascade_max_out_epochs=150
cascade_min_out_epochs=50
cascade_max_cand_epochs=150
cascade_min_cand_epochs=50
cascade_num_candidate_groups=2
bit_fail_limit=3.49999994039535522461e-01
cascade_candidate_limit=1.00000000000000000000e+03
cascade_weight_multiplier=4.00000005960464477539e-01
cascade_activation_functions_count=10
cascade_activation_functions=3 5 7 8 10 11 14 15 16 17 
cascade_activation_steepnesses_count=4
cascade_activation_steepnesses=2.50000000000000000000e-01 5.00000000000000000000e-01 7.50000000000000000000e-01 1.00000000000000000000e+00 
layer_sizes=3 9 4 
scale_included=0
neurons (num_inputs, activation_function, activation_steepness)=(0, 0, 0.00000000000000000000e+00) (0, 0, 0.00000000000000000000e+00) (0, 0, 0.00000000000000000000e+00) (3, 3, 5.00000000000000000000e-01) (3, 3, 5.00000000000000000000e-01) (3, 3, 5.00000000000000000000e-01) (3, 3, 5.00000000000000000000e-01) (3, 3, 5.00000000000000000000e-01) (3, 3, 5.00000000000000000000e-01) (3, 3, 5.00000000000000000000e-01) (3, 3, 5.00000000000000000000e-01) (0, 3, 0.00000000000000000000e+00) (9, 0, 5.00000000000000000000e-01) (9, 0, 5.00000000000000000000e-01) (9, 0, 5.00000000000000000000e-01) (0, 0, 0.00000000000000000000e+00) 
connections (connected_to_neuron, weight)=(0, -8.41022491455078125000e+00) (1, 3.41498851776123046875e+00) (2, 6.16968202590942382812e+00) (0, -5.85047626495361328125e+00) (1, 1.17980194091796875000e+00) (2, 9.31248888373374938965e-02) (0, -2.38165092468261718750e+00) (1, -3.64017295837402343750e+00) (2, 4.13889467716217041016e-01) (0, -7.71168565750122070312e+00) (1, 5.74227380752563476562e+00) (2, 5.60288286209106445312e+00) (0, -3.79006218910217285156e+00) (1, -1.54021692276000976562e+00) (2, 5.46891391277313232422e-01) (0, -6.23664712905883789062e+00) (1, 4.11984586715698242188e+00) (2, 1.10366315841674804688e+01) (0, -7.60613536834716796875e+00) (1, 4.70475530624389648438e+00) (2, 1.08174972534179687500e+01) (0, -9.06289100646972656250e+00) (1, 3.65179800987243652344e+00) (2, 2.46363472938537597656e+00) (3, -9.11896675825119018555e-03) (4, 2.29676079750061035156e+00) (5, 2.22243905067443847656e+00) (6, 8.80265951156616210938e-01) (7, 2.35645270347595214844e+00) (8, 7.34849452972412109375e-01) (9, 6.60232365131378173828e-01) (10, 8.66463065147399902344e-01) (11, 6.71839058399200439453e-01) (3, 2.23954415321350097656e+00) (4, 4.85250186920166015625e+00) (5, 6.57313013076782226562e+00) (6, 2.93978428840637207031e+00) (7, 6.73252201080322265625e+00) (8, 2.57150459289550781250e+00) (9, 2.61111092567443847656e+00) (10, 2.37799429893493652344e+00) (11, 2.29464888572692871094e+00) (3, 7.78859043121337890625e+00) (4, 1.41500692367553710938e+01) (5, 2.13388214111328125000e+01) (6, 8.74945926666259765625e+00) (7, 2.14269886016845703125e+01) (8, 9.91788959503173828125e+00) (9, 1.00188274383544921875e+01) (10, 7.82434129714965820312e+00) (11, 9.87591266632080078125e+00) 
