FANN_FLO_2.1
num_layers=4
learning_rate=0.300000
connection_rate=1.000000
network_type=0
learning_momentum=0.000000
training_algorithm=2
train_error_function=1
train_stop_function=0
cascade_output_change_fraction=0.010000
quickprop_decay=-0.000100
quickprop_mu=1.750000
rprop_increase_factor=1.200000
rprop_decrease_factor=0.500000
rprop_delta_min=0.000000
rprop_delta_max=50.000000
rprop_delta_zero=0.100000
cascade_output_stagnation_epochs=12
cascade_candidate_change_fraction=0.010000
cascade_candidate_stagnation_epochs=12
cascade_max_out_epochs=150
cascade_min_out_epochs=50
cascade_max_cand_epochs=150
cascade_min_cand_epochs=50
cascade_num_candidate_groups=2
bit_fail_limit=3.49999994039535522461e-01
cascade_candidate_limit=1.00000000000000000000e+03
cascade_weight_multiplier=4.00000005960464477539e-01
cascade_activation_functions_count=10
cascade_activation_functions=3 5 7 8 10 11 14 15 16 17 
cascade_activation_steepnesses_count=4
cascade_activation_steepnesses=2.50000000000000000000e-01 5.00000000000000000000e-01 7.50000000000000000000e-01 1.00000000000000000000e+00 
layer_sizes=2 5 5 3 
scale_included=0
neurons (num_inputs, activation_function, activation_steepness)=(0, 0, 0.00000000000000000000e+00) (0, 0, 0.00000000000000000000e+00) (2, 3, 5.00000000000000000000e-01) (2, 3, 5.00000000000000000000e-01) (2, 3, 5.00000000000000000000e-01) (2, 3, 5.00000000000000000000e-01) (0, 3, 0.00000000000000000000e+00) (5, 3, 5.00000000000000000000e-01) (5, 3, 5.00000000000000000000e-01) (5, 3, 5.00000000000000000000e-01) (5, 3, 5.00000000000000000000e-01) (0, 3, 0.00000000000000000000e+00) (5, 0, 5.00000000000000000000e-01) (5, 0, 5.00000000000000000000e-01) (0, 0, 0.00000000000000000000e+00) 
connections (connected_to_neuron, weight)=(0, -7.85103607177734375000e+00) (1, -3.64301228523254394531e+00) (0, 1.23178224563598632812e+01) (1, 1.04591953754425048828e+00) (0, 1.14818096160888671875e+01) (1, 1.03176347911357879639e-01) (0, -5.39696693420410156250e+00) (1, -2.46426367759704589844e+00) (2, -2.08430552482604980469e+00) (3, -9.24651145935058593750e+00) (4, -7.78049612045288085938e+00) (5, -1.24375924468040466309e-01) (6, -9.55045297741889953613e-02) (2, -4.58611845970153808594e-01) (3, -6.97592735290527343750e-01) (4, -9.40492987632751464844e-01) (5, -1.13521821796894073486e-01) (6, -8.38103368878364562988e-02) (2, -2.11162495613098144531e+00) (3, -8.43951320648193359375e+00) (4, -5.83654737472534179688e+00) (5, -2.50951677560806274414e-01) (6, -1.67411655187606811523e-01) (2, -2.65297627449035644531e+00) (3, -1.74297285079956054688e+00) (4, -2.66370725631713867188e+00) (5, -7.10639536380767822266e-01) (6, 2.31778770685195922852e-01) (7, -6.65407553315162658691e-02) (8, 1.14876069128513336182e-01) (9, -1.02890944108366966248e-02) (10, -1.63883268833160400391e-01) (11, -2.80455574393272399902e-02) (7, -3.29371762275695800781e+00) (8, -5.51061928272247314453e-01) (9, -9.74713802337646484375e-01) (10, -3.97641324996948242188e+00) (11, -6.48172199726104736328e-01) 
