FANN_FLO_2.1
num_layers=3
learning_rate=0.500000
connection_rate=1.000000
network_type=0
learning_momentum=0.000000
training_algorithm=2
train_error_function=1
train_stop_function=0
cascade_output_change_fraction=0.010000
quickprop_decay=-0.000100
quickprop_mu=1.750000
rprop_increase_factor=1.200000
rprop_decrease_factor=0.500000
rprop_delta_min=0.000000
rprop_delta_max=50.000000
rprop_delta_zero=0.100000
cascade_output_stagnation_epochs=12
cascade_candidate_change_fraction=0.010000
cascade_candidate_stagnation_epochs=12
cascade_max_out_epochs=150
cascade_min_out_epochs=50
cascade_max_cand_epochs=150
cascade_min_cand_epochs=50
cascade_num_candidate_groups=2
bit_fail_limit=3.49999994039535522461e-01
cascade_candidate_limit=1.00000000000000000000e+03
cascade_weight_multiplier=4.00000005960464477539e-01
cascade_activation_functions_count=10
cascade_activation_functions=3 5 7 8 10 11 14 15 16 17 
cascade_activation_steepnesses_count=4
cascade_activation_steepnesses=2.50000000000000000000e-01 5.00000000000000000000e-01 7.50000000000000000000e-01 1.00000000000000000000e+00 
layer_sizes=3 5 4 
scale_included=0
neurons (num_inputs, activation_function, activation_steepness)=(0, 0, 0.00000000000000000000e+00) (0, 0, 0.00000000000000000000e+00) (0, 0, 0.00000000000000000000e+00) (3, 3, 5.00000000000000000000e-01) (3, 3, 5.00000000000000000000e-01) (3, 3, 5.00000000000000000000e-01) (3, 3, 5.00000000000000000000e-01) (0, 3, 0.00000000000000000000e+00) (5, 0, 5.00000000000000000000e-01) (5, 0, 5.00000000000000000000e-01) (5, 0, 5.00000000000000000000e-01) (0, 0, 0.00000000000000000000e+00) 
connections (connected_to_neuron, weight)=(0, -1.10662384033203125000e+01) (1, 6.94027853012084960938e+00) (2, 4.57128095626831054688e+00) (0, -1.46242260932922363281e+00) (1, -1.76825141906738281250e+00) (2, 3.20118725299835205078e-01) (0, -8.98258972167968750000e+00) (1, 1.05505886077880859375e+01) (2, 7.07465124130249023438e+00) (0, -2.89065432548522949219e+00) (1, 3.60819995403289794922e-01) (2, 9.88353788852691650391e-02) (3, 1.26384317874908447266e+00) (4, 3.64945149421691894531e+00) (5, 1.00996673107147216797e+00) (6, 4.10662555694580078125e+00) (7, 8.70129406452178955078e-01) (3, 4.19652748107910156250e+00) (4, 1.09050607681274414062e+01) (5, 4.48434591293334960938e+00) (6, 1.06949653625488281250e+01) (7, 3.68782281875610351562e+00) (3, 1.38709363937377929688e+01) (4, 3.75806694030761718750e+01) (5, 1.52581329345703125000e+01) (6, 3.13575229644775390625e+01) (7, 1.72417259216308593750e+01) 
