FANN_FLO_2.1
num_layers=4
learning_rate=0.300000
connection_rate=1.000000
network_type=0
learning_momentum=0.000000
training_algorithm=2
train_error_function=1
train_stop_function=0
cascade_output_change_fraction=0.010000
quickprop_decay=-0.000100
quickprop_mu=1.750000
rprop_increase_factor=1.200000
rprop_decrease_factor=0.500000
rprop_delta_min=0.000000
rprop_delta_max=50.000000
rprop_delta_zero=0.100000
cascade_output_stagnation_epochs=12
cascade_candidate_change_fraction=0.010000
cascade_candidate_stagnation_epochs=12
cascade_max_out_epochs=150
cascade_min_out_epochs=50
cascade_max_cand_epochs=150
cascade_min_cand_epochs=50
cascade_num_candidate_groups=2
bit_fail_limit=3.49999994039535522461e-01
cascade_candidate_limit=1.00000000000000000000e+03
cascade_weight_multiplier=4.00000005960464477539e-01
cascade_activation_functions_count=10
cascade_activation_functions=3 5 7 8 10 11 14 15 16 17 
cascade_activation_steepnesses_count=4
cascade_activation_steepnesses=2.50000000000000000000e-01 5.00000000000000000000e-01 7.50000000000000000000e-01 1.00000000000000000000e+00 
layer_sizes=2 5 3 3 
scale_included=0
neurons (num_inputs, activation_function, activation_steepness)=(0, 0, 0.00000000000000000000e+00) (0, 0, 0.00000000000000000000e+00) (2, 3, 5.00000000000000000000e-01) (2, 3, 5.00000000000000000000e-01) (2, 3, 5.00000000000000000000e-01) (2, 3, 5.00000000000000000000e-01) (0, 3, 0.00000000000000000000e+00) (5, 3, 5.00000000000000000000e-01) (5, 3, 5.00000000000000000000e-01) (0, 3, 0.00000000000000000000e+00) (3, 0, 5.00000000000000000000e-01) (3, 0, 5.00000000000000000000e-01) (0, 0, 0.00000000000000000000e+00) 
connections (connected_to_neuron, weight)=(0, -5.99789672851562500000e+02) (1, -2.24652600288391113281e+00) (0, -5.99663452148437500000e+02) (1, -2.23243594169616699219e+00) (0, -1.27320423126220703125e+01) (1, -1.32171363830566406250e+01) (0, -1.19516674804687500000e+03) (1, -6.77472770214080810547e-01) (2, 2.26634430885314941406e+00) (3, 2.18814086914062500000e+00) (4, -1.82163608074188232422e+00) (5, 9.71864819526672363281e-01) (6, -1.25726222991943359375e+00) (2, 9.42024707794189453125e-01) (3, 9.35230016708374023438e-01) (4, 3.17050933837890625000e+00) (5, 2.15800881385803222656e-01) (6, -1.21777248382568359375e+00) (7, 1.27922654151916503906e-01) (8, 1.07494369149208068848e-01) (9, -2.20163255929946899414e-01) (7, -1.00827682018280029297e+00) (8, -8.44522476196289062500e-01) (9, -6.47115767002105712891e-01) 
