FANN_FLO_2.1
num_layers=3
learning_rate=0.500000
connection_rate=1.000000
network_type=0
learning_momentum=0.000000
training_algorithm=2
train_error_function=1
train_stop_function=0
cascade_output_change_fraction=0.010000
quickprop_decay=-0.000100
quickprop_mu=1.750000
rprop_increase_factor=1.200000
rprop_decrease_factor=0.500000
rprop_delta_min=0.000000
rprop_delta_max=50.000000
rprop_delta_zero=0.100000
cascade_output_stagnation_epochs=12
cascade_candidate_change_fraction=0.010000
cascade_candidate_stagnation_epochs=12
cascade_max_out_epochs=150
cascade_min_out_epochs=50
cascade_max_cand_epochs=150
cascade_min_cand_epochs=50
cascade_num_candidate_groups=2
bit_fail_limit=3.49999994039535522461e-01
cascade_candidate_limit=1.00000000000000000000e+03
cascade_weight_multiplier=4.00000005960464477539e-01
cascade_activation_functions_count=10
cascade_activation_functions=3 5 7 8 10 11 14 15 16 17 
cascade_activation_steepnesses_count=4
cascade_activation_steepnesses=2.50000000000000000000e-01 5.00000000000000000000e-01 7.50000000000000000000e-01 1.00000000000000000000e+00 
layer_sizes=10 3 2 
scale_included=0
neurons (num_inputs, activation_function, activation_steepness)=(0, 0, 0.00000000000000000000e+00) (0, 0, 0.00000000000000000000e+00) (0, 0, 0.00000000000000000000e+00) (0, 0, 0.00000000000000000000e+00) (0, 0, 0.00000000000000000000e+00) (0, 0, 0.00000000000000000000e+00) (0, 0, 0.00000000000000000000e+00) (0, 0, 0.00000000000000000000e+00) (0, 0, 0.00000000000000000000e+00) (0, 0, 0.00000000000000000000e+00) (10, 3, 5.00000000000000000000e-01) (10, 3, 5.00000000000000000000e-01) (0, 3, 0.00000000000000000000e+00) (3, 3, 5.00000000000000000000e-01) (0, 3, 0.00000000000000000000e+00) 
connections (connected_to_neuron, weight)=(0, -7.06209301948547363281e-01) (1, -6.89392566680908203125e-01) (2, -6.23138010501861572266e-01) (3, -6.76063537597656250000e-01) (4, -7.68695473670959472656e-01) (5, -7.24094569683074951172e-01) (6, -7.29485332965850830078e-01) (7, -7.05002009868621826172e-01) (8, -6.67951166629791259766e-01) (9, 3.65373086929321289062e+00) (0, -7.37074077129364013672e-01) (1, -7.67372310161590576172e-01) (2, -7.78628587722778320312e-01) (3, -7.87948966026306152344e-01) (4, -6.58394753932952880859e-01) (5, -7.62453913688659667969e-01) (6, -7.56845951080322265625e-01) (7, -7.42220818996429443359e-01) (8, -7.68741726875305175781e-01) (9, 1.74245464801788330078e+00) (10, -1.65452718734741210938e+00) (11, -1.87900650501251220703e+00) (12, 1.34839200973510742188e+00) 
