FANN_FLO_2.1
num_layers=3
learning_rate=0.400000
connection_rate=1.000000
network_type=0
learning_momentum=0.000000
training_algorithm=2
train_error_function=1
train_stop_function=0
cascade_output_change_fraction=0.010000
quickprop_decay=-0.000100
quickprop_mu=1.750000
rprop_increase_factor=1.200000
rprop_decrease_factor=0.500000
rprop_delta_min=0.000000
rprop_delta_max=50.000000
rprop_delta_zero=0.100000
cascade_output_stagnation_epochs=12
cascade_candidate_change_fraction=0.010000
cascade_candidate_stagnation_epochs=12
cascade_max_out_epochs=150
cascade_min_out_epochs=50
cascade_max_cand_epochs=150
cascade_min_cand_epochs=50
cascade_num_candidate_groups=2
bit_fail_limit=3.49999994039535522461e-01
cascade_candidate_limit=1.00000000000000000000e+03
cascade_weight_multiplier=4.00000005960464477539e-01
cascade_activation_functions_count=10
cascade_activation_functions=3 5 7 8 10 11 14 15 16 17 
cascade_activation_steepnesses_count=4
cascade_activation_steepnesses=2.50000000000000000000e-01 5.00000000000000000000e-01 7.50000000000000000000e-01 1.00000000000000000000e+00 
layer_sizes=6 5 2 
scale_included=0
neurons (num_inputs, activation_function, activation_steepness)=(0, 0, 0.00000000000000000000e+00) (0, 0, 0.00000000000000000000e+00) (0, 0, 0.00000000000000000000e+00) (0, 0, 0.00000000000000000000e+00) (0, 0, 0.00000000000000000000e+00) (0, 0, 0.00000000000000000000e+00) (6, 3, 5.00000000000000000000e-01) (6, 3, 5.00000000000000000000e-01) (6, 3, 5.00000000000000000000e-01) (6, 3, 5.00000000000000000000e-01) (0, 3, 0.00000000000000000000e+00) (5, 0, 5.00000000000000000000e-01) (0, 0, 0.00000000000000000000e+00) 
connections (connected_to_neuron, weight)=(0, 9.28393615722656250000e+02) (1, 2.71322967529296875000e+02) (2, 5.27504081726074218750e+01) (3, 4.02511444091796875000e+02) (4, 2.70313148498535156250e+01) (5, -1.39706373214721679688e-01) (0, -1.50000000000000000000e+03) (1, -1.05662841796875000000e+03) (2, 1.69119968414306640625e+01) (3, -4.08659362792968750000e+01) (4, 3.80606498718261718750e+01) (5, 4.14323955774307250977e-01) (0, -1.50000000000000000000e+03) (1, -4.06012496948242187500e+01) (2, 2.76645011901855468750e+01) (3, -3.27928972244262695312e+00) (4, 4.58940277099609375000e+01) (5, -1.08044219017028808594e+00) (0, -1.50000000000000000000e+03) (1, -1.43852001953125000000e+03) (2, -2.93039178848266601562e+00) (3, -1.47828893661499023438e+01) (4, 5.53461341857910156250e+01) (5, 5.78099079430103302002e-02) (6, -2.92743861675262451172e-01) (7, 2.13856291770935058594e+00) (8, 1.56665515899658203125e+00) (9, 2.73961730957031250000e+02) (10, 9.61607754230499267578e-01) 
