FANN_FLO_2.1
num_layers=4
learning_rate=0.450000
connection_rate=1.000000
network_type=0
learning_momentum=0.000000
training_algorithm=2
train_error_function=1
train_stop_function=0
cascade_output_change_fraction=0.010000
quickprop_decay=-0.000100
quickprop_mu=1.750000
rprop_increase_factor=1.200000
rprop_decrease_factor=0.500000
rprop_delta_min=0.000000
rprop_delta_max=50.000000
rprop_delta_zero=0.100000
cascade_output_stagnation_epochs=12
cascade_candidate_change_fraction=0.010000
cascade_candidate_stagnation_epochs=12
cascade_max_out_epochs=150
cascade_min_out_epochs=50
cascade_max_cand_epochs=150
cascade_min_cand_epochs=50
cascade_num_candidate_groups=2
bit_fail_limit=3.49999994039535522461e-01
cascade_candidate_limit=1.00000000000000000000e+03
cascade_weight_multiplier=4.00000005960464477539e-01
cascade_activation_functions_count=10
cascade_activation_functions=3 5 7 8 10 11 14 15 16 17 
cascade_activation_steepnesses_count=4
cascade_activation_steepnesses=2.50000000000000000000e-01 5.00000000000000000000e-01 7.50000000000000000000e-01 1.00000000000000000000e+00 
layer_sizes=7 3 3 2 
scale_included=0
neurons (num_inputs, activation_function, activation_steepness)=(0, 0, 0.00000000000000000000e+00) (0, 0, 0.00000000000000000000e+00) (0, 0, 0.00000000000000000000e+00) (0, 0, 0.00000000000000000000e+00) (0, 0, 0.00000000000000000000e+00) (0, 0, 0.00000000000000000000e+00) (0, 0, 0.00000000000000000000e+00) (7, 3, 5.00000000000000000000e-01) (7, 3, 5.00000000000000000000e-01) (0, 3, 0.00000000000000000000e+00) (3, 3, 5.00000000000000000000e-01) (3, 3, 5.00000000000000000000e-01) (0, 3, 0.00000000000000000000e+00) (3, 0, 5.00000000000000000000e-01) (0, 0, 0.00000000000000000000e+00) 
connections (connected_to_neuron, weight)=(0, 1.76976453512907028198e-02) (1, 8.66672098636627197266e-01) (2, -1.27246463298797607422e+00) (3, 1.49864986538887023926e-01) (4, 1.89871832728385925293e-01) (5, -7.56992936134338378906e-01) (6, 9.16366004943847656250e+00) (0, -2.78025805950164794922e-01) (1, 4.43757236003875732422e-01) (2, -1.33322790265083312988e-01) (3, 4.09813851118087768555e-01) (4, 3.41291695833206176758e-01) (5, -7.34487771987915039062e-01) (6, 2.90977448225021362305e-01) (7, 2.23168334960937500000e+01) (8, -5.10798797607421875000e+01) (9, 6.32069396972656250000e+00) (7, -1.50000000000000000000e+03) (8, -1.75621166229248046875e+01) (9, 2.56996417045593261719e+00) (10, -7.69248068332672119141e-01) (11, 2.58064818382263183594e+00) (12, 1.01511562243103981018e-02) 
