FANN_FLO_2.1
num_layers=3
learning_rate=0.500000
connection_rate=1.000000
network_type=0
learning_momentum=0.000000
training_algorithm=2
train_error_function=1
train_stop_function=0
cascade_output_change_fraction=0.010000
quickprop_decay=-0.000100
quickprop_mu=1.750000
rprop_increase_factor=1.200000
rprop_decrease_factor=0.500000
rprop_delta_min=0.000000
rprop_delta_max=50.000000
rprop_delta_zero=0.100000
cascade_output_stagnation_epochs=12
cascade_candidate_change_fraction=0.010000
cascade_candidate_stagnation_epochs=12
cascade_max_out_epochs=150
cascade_min_out_epochs=50
cascade_max_cand_epochs=150
cascade_min_cand_epochs=50
cascade_num_candidate_groups=2
bit_fail_limit=3.49999994039535522461e-01
cascade_candidate_limit=1.00000000000000000000e+03
cascade_weight_multiplier=4.00000005960464477539e-01
cascade_activation_functions_count=10
cascade_activation_functions=3 5 7 8 10 11 14 15 16 17 
cascade_activation_steepnesses_count=4
cascade_activation_steepnesses=2.50000000000000000000e-01 5.00000000000000000000e-01 7.50000000000000000000e-01 1.00000000000000000000e+00 
layer_sizes=10 3 2 
scale_included=0
neurons (num_inputs, activation_function, activation_steepness)=(0, 0, 0.00000000000000000000e+00) (0, 0, 0.00000000000000000000e+00) (0, 0, 0.00000000000000000000e+00) (0, 0, 0.00000000000000000000e+00) (0, 0, 0.00000000000000000000e+00) (0, 0, 0.00000000000000000000e+00) (0, 0, 0.00000000000000000000e+00) (0, 0, 0.00000000000000000000e+00) (0, 0, 0.00000000000000000000e+00) (0, 0, 0.00000000000000000000e+00) (10, 3, 5.00000000000000000000e-01) (10, 3, 5.00000000000000000000e-01) (0, 3, 0.00000000000000000000e+00) (3, 3, 5.00000000000000000000e-01) (0, 3, 0.00000000000000000000e+00) 
connections (connected_to_neuron, weight)=(0, -2.84208238124847412109e-01) (1, -6.80470228195190429688e-01) (2, -4.45856213569641113281e-01) (3, -7.49498069286346435547e-01) (4, -3.16560864448547363281e-01) (5, -9.05000925064086914062e-01) (6, -4.66410964727401733398e-01) (7, -7.49884486198425292969e-01) (8, -5.40200650691986083984e-01) (9, 1.73722970485687255859e+00) (0, -8.08275341987609863281e-01) (1, -5.59984087944030761719e-01) (2, -7.10005939006805419922e-01) (3, -4.97179388999938964844e-01) (4, -7.95601546764373779297e-01) (5, -3.54044854640960693359e-01) (6, -6.77922308444976806641e-01) (7, -4.84863340854644775391e-01) (8, -6.38705730438232421875e-01) (9, 2.59346675872802734375e+00) (10, -1.68186497688293457031e+00) (11, -1.76943588256835937500e+00) (12, 1.32868480682373046875e+00) 
