FANN_FLO_2.1
num_layers=3
learning_rate=0.500000
connection_rate=1.000000
network_type=0
learning_momentum=0.000000
training_algorithm=2
train_error_function=1
train_stop_function=0
cascade_output_change_fraction=0.010000
quickprop_decay=-0.000100
quickprop_mu=1.750000
rprop_increase_factor=1.200000
rprop_decrease_factor=0.500000
rprop_delta_min=0.000000
rprop_delta_max=50.000000
rprop_delta_zero=0.100000
cascade_output_stagnation_epochs=12
cascade_candidate_change_fraction=0.010000
cascade_candidate_stagnation_epochs=12
cascade_max_out_epochs=150
cascade_min_out_epochs=50
cascade_max_cand_epochs=150
cascade_min_cand_epochs=50
cascade_num_candidate_groups=2
bit_fail_limit=3.49999994039535522461e-01
cascade_candidate_limit=1.00000000000000000000e+03
cascade_weight_multiplier=4.00000005960464477539e-01
cascade_activation_functions_count=10
cascade_activation_functions=3 5 7 8 10 11 14 15 16 17 
cascade_activation_steepnesses_count=4
cascade_activation_steepnesses=2.50000000000000000000e-01 5.00000000000000000000e-01 7.50000000000000000000e-01 1.00000000000000000000e+00 
layer_sizes=10 3 2 
scale_included=0
neurons (num_inputs, activation_function, activation_steepness)=(0, 0, 0.00000000000000000000e+00) (0, 0, 0.00000000000000000000e+00) (0, 0, 0.00000000000000000000e+00) (0, 0, 0.00000000000000000000e+00) (0, 0, 0.00000000000000000000e+00) (0, 0, 0.00000000000000000000e+00) (0, 0, 0.00000000000000000000e+00) (0, 0, 0.00000000000000000000e+00) (0, 0, 0.00000000000000000000e+00) (0, 0, 0.00000000000000000000e+00) (10, 3, 5.00000000000000000000e-01) (10, 3, 5.00000000000000000000e-01) (0, 3, 0.00000000000000000000e+00) (3, 3, 5.00000000000000000000e-01) (0, 3, 0.00000000000000000000e+00) 
connections (connected_to_neuron, weight)=(0, -3.97799879312515258789e-01) (1, -3.32807958126068115234e-01) (2, -1.46817088127136230469e+00) (3, -2.45015144348144531250e-01) (4, 1.31075060367584228516e+00) (5, -4.49069470167160034180e-01) (6, -9.46808874607086181641e-01) (7, -6.61422193050384521484e-01) (8, -7.10314869880676269531e-01) (9, 4.71191644668579101562e-01) (0, -4.15646463632583618164e-01) (1, -4.80348825454711914062e-01) (2, -3.14916282892227172852e-01) (3, -4.77686703205108642578e-01) (4, -5.91459989547729492188e-01) (5, -4.64759975671768188477e-01) (6, -3.71931344270706176758e-01) (7, -4.25713360309600830078e-01) (8, -4.05802130699157714844e-01) (9, 1.32707226276397705078e+00) (10, -6.52922451496124267578e-01) (11, -4.14943218231201171875e+00) (12, 1.56058406829833984375e+00) 
