FANN_FLO_2.1
num_layers=4
learning_rate=0.450000
connection_rate=1.000000
network_type=0
learning_momentum=0.000000
training_algorithm=2
train_error_function=1
train_stop_function=0
cascade_output_change_fraction=0.010000
quickprop_decay=-0.000100
quickprop_mu=1.750000
rprop_increase_factor=1.200000
rprop_decrease_factor=0.500000
rprop_delta_min=0.000000
rprop_delta_max=50.000000
rprop_delta_zero=0.100000
cascade_output_stagnation_epochs=12
cascade_candidate_change_fraction=0.010000
cascade_candidate_stagnation_epochs=12
cascade_max_out_epochs=150
cascade_min_out_epochs=50
cascade_max_cand_epochs=150
cascade_min_cand_epochs=50
cascade_num_candidate_groups=2
bit_fail_limit=3.49999994039535522461e-01
cascade_candidate_limit=1.00000000000000000000e+03
cascade_weight_multiplier=4.00000005960464477539e-01
cascade_activation_functions_count=10
cascade_activation_functions=3 5 7 8 10 11 14 15 16 17 
cascade_activation_steepnesses_count=4
cascade_activation_steepnesses=2.50000000000000000000e-01 5.00000000000000000000e-01 7.50000000000000000000e-01 1.00000000000000000000e+00 
layer_sizes=7 5 3 2 
scale_included=0
neurons (num_inputs, activation_function, activation_steepness)=(0, 0, 0.00000000000000000000e+00) (0, 0, 0.00000000000000000000e+00) (0, 0, 0.00000000000000000000e+00) (0, 0, 0.00000000000000000000e+00) (0, 0, 0.00000000000000000000e+00) (0, 0, 0.00000000000000000000e+00) (0, 0, 0.00000000000000000000e+00) (7, 3, 5.00000000000000000000e-01) (7, 3, 5.00000000000000000000e-01) (7, 3, 5.00000000000000000000e-01) (7, 3, 5.00000000000000000000e-01) (0, 3, 0.00000000000000000000e+00) (5, 3, 5.00000000000000000000e-01) (5, 3, 5.00000000000000000000e-01) (0, 3, 0.00000000000000000000e+00) (3, 0, 5.00000000000000000000e-01) (0, 0, 0.00000000000000000000e+00) 
connections (connected_to_neuron, weight)=(0, 1.50000000000000000000e+03) (1, 1.50000000000000000000e+03) (2, 1.50000000000000000000e+03) (3, 1.00656021118164062500e+02) (4, 1.46506970214843750000e+03) (5, 1.49220812988281250000e+03) (6, 2.00001716613769531250e+00) (0, -1.26652600097656250000e+03) (1, -2.66334472656250000000e+02) (2, -1.50000000000000000000e+03) (3, 1.57556340098381042480e-01) (4, 7.30817392468452453613e-02) (5, 5.40539001464843750000e+02) (6, -5.41431121528148651123e-02) (0, 3.61645920202136039734e-03) (1, 3.68889033794403076172e-01) (2, -4.40580338239669799805e-01) (3, 4.22534465789794921875e-01) (4, -4.04197883605957031250e+00) (5, 2.12058395147323608398e-01) (6, -1.58485853672027587891e+00) (0, 9.07667800784111022949e-02) (1, 1.21082261204719543457e-01) (2, 2.53699034452438354492e-01) (3, -1.62713557481765747070e-01) (4, -2.48948618769645690918e-01) (5, -2.13559284806251525879e-01) (6, 3.86224955320358276367e-01) (7, 1.16987323760986328125e+00) (8, 1.50000000000000000000e+03) (9, -2.58405914306640625000e+01) (10, 1.86882133483886718750e+01) (11, 4.64410972595214843750e+00) (7, 1.59555971622467041016e-01) (8, -8.54171216487884521484e-02) (9, 1.97313976287841796875e+00) (10, -1.71682223677635192871e-01) (11, 1.52774065732955932617e-01) (12, -3.24432194232940673828e-01) (13, 5.53825199604034423828e-01) (14, 2.09211762994527816772e-02) 
