FANN_FLO_2.1
num_layers=4
learning_rate=0.450000
connection_rate=1.000000
network_type=0
learning_momentum=0.000000
training_algorithm=2
train_error_function=1
train_stop_function=0
cascade_output_change_fraction=0.010000
quickprop_decay=-0.000100
quickprop_mu=1.750000
rprop_increase_factor=1.200000
rprop_decrease_factor=0.500000
rprop_delta_min=0.000000
rprop_delta_max=50.000000
rprop_delta_zero=0.100000
cascade_output_stagnation_epochs=12
cascade_candidate_change_fraction=0.010000
cascade_candidate_stagnation_epochs=12
cascade_max_out_epochs=150
cascade_min_out_epochs=50
cascade_max_cand_epochs=150
cascade_min_cand_epochs=50
cascade_num_candidate_groups=2
bit_fail_limit=3.49999994039535522461e-01
cascade_candidate_limit=1.00000000000000000000e+03
cascade_weight_multiplier=4.00000005960464477539e-01
cascade_activation_functions_count=10
cascade_activation_functions=3 5 7 8 10 11 14 15 16 17 
cascade_activation_steepnesses_count=4
cascade_activation_steepnesses=2.50000000000000000000e-01 5.00000000000000000000e-01 7.50000000000000000000e-01 1.00000000000000000000e+00 
layer_sizes=7 3 3 2 
scale_included=0
neurons (num_inputs, activation_function, activation_steepness)=(0, 0, 0.00000000000000000000e+00) (0, 0, 0.00000000000000000000e+00) (0, 0, 0.00000000000000000000e+00) (0, 0, 0.00000000000000000000e+00) (0, 0, 0.00000000000000000000e+00) (0, 0, 0.00000000000000000000e+00) (0, 0, 0.00000000000000000000e+00) (7, 3, 5.00000000000000000000e-01) (7, 3, 5.00000000000000000000e-01) (0, 3, 0.00000000000000000000e+00) (3, 3, 5.00000000000000000000e-01) (3, 3, 5.00000000000000000000e-01) (0, 3, 0.00000000000000000000e+00) (3, 0, 5.00000000000000000000e-01) (0, 0, 0.00000000000000000000e+00) 
connections (connected_to_neuron, weight)=(0, 6.48247152566909790039e-02) (1, 2.19100877642631530762e-01) (2, -2.78518319129943847656e-01) (3, -6.28362351562827825546e-04) (4, 2.67132252454757690430e-01) (5, -3.35949897766113281250e-01) (6, 2.22181725502014160156e+00) (0, 1.20822572708129882812e+00) (1, -1.32621673583984375000e+02) (2, 5.05847900390625000000e+02) (3, 2.07774236798286437988e-01) (4, 1.38974414062500000000e+03) (5, 1.48795544433593750000e+03) (6, 5.67995500564575195312e+00) (7, -1.56587924957275390625e+01) (8, 6.94996213912963867188e+00) (9, 1.25048899650573730469e+00) (7, 1.57144308090209960938e+00) (8, -8.35915982723236083984e-01) (9, -1.45161494612693786621e-01) (10, 3.20995718240737915039e-01) (11, 1.04415915906429290771e-01) (12, -5.84991648793220520020e-02) 
