FANN_FLO_2.1
num_layers=3
learning_rate=0.500000
connection_rate=1.000000
network_type=0
learning_momentum=0.000000
training_algorithm=2
train_error_function=1
train_stop_function=0
cascade_output_change_fraction=0.010000
quickprop_decay=-0.000100
quickprop_mu=1.750000
rprop_increase_factor=1.200000
rprop_decrease_factor=0.500000
rprop_delta_min=0.000000
rprop_delta_max=50.000000
rprop_delta_zero=0.100000
cascade_output_stagnation_epochs=12
cascade_candidate_change_fraction=0.010000
cascade_candidate_stagnation_epochs=12
cascade_max_out_epochs=150
cascade_min_out_epochs=50
cascade_max_cand_epochs=150
cascade_min_cand_epochs=50
cascade_num_candidate_groups=2
bit_fail_limit=3.49999994039535522461e-01
cascade_candidate_limit=1.00000000000000000000e+03
cascade_weight_multiplier=4.00000005960464477539e-01
cascade_activation_functions_count=10
cascade_activation_functions=3 5 7 8 10 11 14 15 16 17 
cascade_activation_steepnesses_count=4
cascade_activation_steepnesses=2.50000000000000000000e-01 5.00000000000000000000e-01 7.50000000000000000000e-01 1.00000000000000000000e+00 
layer_sizes=3 5 4 
scale_included=0
neurons (num_inputs, activation_function, activation_steepness)=(0, 0, 0.00000000000000000000e+00) (0, 0, 0.00000000000000000000e+00) (0, 0, 0.00000000000000000000e+00) (3, 3, 5.00000000000000000000e-01) (3, 3, 5.00000000000000000000e-01) (3, 3, 5.00000000000000000000e-01) (3, 3, 5.00000000000000000000e-01) (0, 3, 0.00000000000000000000e+00) (5, 0, 5.00000000000000000000e-01) (5, 0, 5.00000000000000000000e-01) (5, 0, 5.00000000000000000000e-01) (0, 0, 0.00000000000000000000e+00) 
connections (connected_to_neuron, weight)=(0, -1.25364484786987304688e+01) (1, 1.52245807647705078125e+01) (2, 8.21594619750976562500e+00) (0, -8.40697765350341796875e+00) (1, 3.81976294517517089844e+00) (2, -3.30355548858642578125e+00) (0, -1.15273022651672363281e+00) (1, -1.05583083629608154297e+00) (2, 4.09279793500900268555e-01) (0, -1.14957103729248046875e+01) (1, 1.03874301910400390625e+01) (2, 1.93117618560791015625e-01) (3, 1.32233095169067382812e+00) (4, 2.42734718322753906250e+00) (5, 5.34017133712768554688e+00) (6, 1.51038396358489990234e+00) (7, 4.17149037122726440430e-01) (3, 5.48892831802368164062e+00) (4, 5.43598651885986328125e+00) (5, 1.66091022491455078125e+01) (6, 4.65260171890258789062e+00) (7, 2.41995525360107421875e+00) (3, 1.63891582489013671875e+01) (4, 1.59261493682861328125e+01) (5, 5.45719146728515625000e+01) (6, 1.45006065368652343750e+01) (7, 1.47825317382812500000e+01) 
