FANN_FLO_2.1
num_layers=3
learning_rate=0.400000
connection_rate=1.000000
network_type=0
learning_momentum=0.000000
training_algorithm=2
train_error_function=1
train_stop_function=0
cascade_output_change_fraction=0.010000
quickprop_decay=-0.000100
quickprop_mu=1.750000
rprop_increase_factor=1.200000
rprop_decrease_factor=0.500000
rprop_delta_min=0.000000
rprop_delta_max=50.000000
rprop_delta_zero=0.100000
cascade_output_stagnation_epochs=12
cascade_candidate_change_fraction=0.010000
cascade_candidate_stagnation_epochs=12
cascade_max_out_epochs=150
cascade_min_out_epochs=50
cascade_max_cand_epochs=150
cascade_min_cand_epochs=50
cascade_num_candidate_groups=2
bit_fail_limit=3.49999994039535522461e-01
cascade_candidate_limit=1.00000000000000000000e+03
cascade_weight_multiplier=4.00000005960464477539e-01
cascade_activation_functions_count=10
cascade_activation_functions=3 5 7 8 10 11 14 15 16 17 
cascade_activation_steepnesses_count=4
cascade_activation_steepnesses=2.50000000000000000000e-01 5.00000000000000000000e-01 7.50000000000000000000e-01 1.00000000000000000000e+00 
layer_sizes=6 5 2 
scale_included=0
neurons (num_inputs, activation_function, activation_steepness)=(0, 0, 0.00000000000000000000e+00) (0, 0, 0.00000000000000000000e+00) (0, 0, 0.00000000000000000000e+00) (0, 0, 0.00000000000000000000e+00) (0, 0, 0.00000000000000000000e+00) (0, 0, 0.00000000000000000000e+00) (6, 3, 5.00000000000000000000e-01) (6, 3, 5.00000000000000000000e-01) (6, 3, 5.00000000000000000000e-01) (6, 3, 5.00000000000000000000e-01) (0, 3, 0.00000000000000000000e+00) (5, 0, 5.00000000000000000000e-01) (0, 0, 0.00000000000000000000e+00) 
connections (connected_to_neuron, weight)=(0, -1.50000000000000000000e+03) (1, -2.94109863281250000000e+02) (2, 2.80746974945068359375e+01) (3, -6.47741012573242187500e+01) (4, 6.35346412658691406250e+00) (5, -4.23888740539550781250e+01) (0, -1.50000000000000000000e+03) (1, -1.32645690441131591797e+00) (2, -4.82498288154602050781e-01) (3, -3.53144615888595581055e-01) (4, 7.96034812927246093750e-01) (5, 4.93424423038959503174e-02) (0, -1.50000000000000000000e+03) (1, -1.20092979431152343750e+02) (2, 3.24379777908325195312e+00) (3, -6.83293533325195312500e+00) (4, 3.89153122901916503906e-01) (5, -8.02667662501335144043e-02) (0, -1.50000000000000000000e+03) (1, -1.47260725498199462891e+00) (2, -8.41779947280883789062e-01) (3, 3.62817287445068359375e-01) (4, -1.62755042314529418945e-01) (5, 6.36411681771278381348e-02) (6, 3.33033599853515625000e+01) (7, 2.16912841796875000000e+00) (8, 4.13313064575195312500e+01) (9, 5.04761219024658203125e-01) (10, 7.24737703800201416016e-01) 
