FANN_FLO_2.1
num_layers=4
learning_rate=0.300000
connection_rate=1.000000
network_type=0
learning_momentum=0.000000
training_algorithm=2
train_error_function=1
train_stop_function=0
cascade_output_change_fraction=0.010000
quickprop_decay=-0.000100
quickprop_mu=1.750000
rprop_increase_factor=1.200000
rprop_decrease_factor=0.500000
rprop_delta_min=0.000000
rprop_delta_max=50.000000
rprop_delta_zero=0.100000
cascade_output_stagnation_epochs=12
cascade_candidate_change_fraction=0.010000
cascade_candidate_stagnation_epochs=12
cascade_max_out_epochs=150
cascade_min_out_epochs=50
cascade_max_cand_epochs=150
cascade_min_cand_epochs=50
cascade_num_candidate_groups=2
bit_fail_limit=3.49999994039535522461e-01
cascade_candidate_limit=1.00000000000000000000e+03
cascade_weight_multiplier=4.00000005960464477539e-01
cascade_activation_functions_count=10
cascade_activation_functions=3 5 7 8 10 11 14 15 16 17 
cascade_activation_steepnesses_count=4
cascade_activation_steepnesses=2.50000000000000000000e-01 5.00000000000000000000e-01 7.50000000000000000000e-01 1.00000000000000000000e+00 
layer_sizes=2 5 3 3 
scale_included=0
neurons (num_inputs, activation_function, activation_steepness)=(0, 0, 0.00000000000000000000e+00) (0, 0, 0.00000000000000000000e+00) (2, 3, 5.00000000000000000000e-01) (2, 3, 5.00000000000000000000e-01) (2, 3, 5.00000000000000000000e-01) (2, 3, 5.00000000000000000000e-01) (0, 3, 0.00000000000000000000e+00) (5, 3, 5.00000000000000000000e-01) (5, 3, 5.00000000000000000000e-01) (0, 3, 0.00000000000000000000e+00) (3, 0, 5.00000000000000000000e-01) (3, 0, 5.00000000000000000000e-01) (0, 0, 0.00000000000000000000e+00) 
connections (connected_to_neuron, weight)=(0, -4.70049810409545898438e+00) (1, -9.10159969329833984375e+00) (0, -1.33023691177368164062e+00) (1, -5.24055671691894531250e+00) (0, -6.06530952453613281250e+00) (1, -1.23874673843383789062e+01) (0, -4.00570917129516601562e+00) (1, -7.67980241775512695312e+00) (2, 1.46577847003936767578e+00) (3, -1.32783966064453125000e+01) (4, 1.39455294609069824219e+00) (5, 1.41273319721221923828e+00) (6, -1.82382106781005859375e-01) (2, 1.29358386993408203125e+00) (3, 6.70551598072052001953e-01) (4, 1.60122132301330566406e+00) (5, 1.54348635673522949219e+00) (6, -4.55437213182449340820e-01) (7, -3.84575650095939636230e-02) (8, -3.99686619639396667480e-02) (9, 9.59276221692562103271e-03) (7, -9.13830697536468505859e-01) (8, -8.71079504489898681641e-01) (9, -6.10285162925720214844e-01) 
