FANN_FLO_2.1
num_layers=3
learning_rate=0.500000
connection_rate=1.000000
network_type=0
learning_momentum=0.000000
training_algorithm=2
train_error_function=1
train_stop_function=0
cascade_output_change_fraction=0.010000
quickprop_decay=-0.000100
quickprop_mu=1.750000
rprop_increase_factor=1.200000
rprop_decrease_factor=0.500000
rprop_delta_min=0.000000
rprop_delta_max=50.000000
rprop_delta_zero=0.100000
cascade_output_stagnation_epochs=12
cascade_candidate_change_fraction=0.010000
cascade_candidate_stagnation_epochs=12
cascade_max_out_epochs=150
cascade_min_out_epochs=50
cascade_max_cand_epochs=150
cascade_min_cand_epochs=50
cascade_num_candidate_groups=2
bit_fail_limit=3.49999994039535522461e-01
cascade_candidate_limit=1.00000000000000000000e+03
cascade_weight_multiplier=4.00000005960464477539e-01
cascade_activation_functions_count=10
cascade_activation_functions=3 5 7 8 10 11 14 15 16 17 
cascade_activation_steepnesses_count=4
cascade_activation_steepnesses=2.50000000000000000000e-01 5.00000000000000000000e-01 7.50000000000000000000e-01 1.00000000000000000000e+00 
layer_sizes=3 9 4 
scale_included=0
neurons (num_inputs, activation_function, activation_steepness)=(0, 0, 0.00000000000000000000e+00) (0, 0, 0.00000000000000000000e+00) (0, 0, 0.00000000000000000000e+00) (3, 3, 5.00000000000000000000e-01) (3, 3, 5.00000000000000000000e-01) (3, 3, 5.00000000000000000000e-01) (3, 3, 5.00000000000000000000e-01) (3, 3, 5.00000000000000000000e-01) (3, 3, 5.00000000000000000000e-01) (3, 3, 5.00000000000000000000e-01) (3, 3, 5.00000000000000000000e-01) (0, 3, 0.00000000000000000000e+00) (9, 0, 5.00000000000000000000e-01) (9, 0, 5.00000000000000000000e-01) (9, 0, 5.00000000000000000000e-01) (0, 0, 0.00000000000000000000e+00) 
connections (connected_to_neuron, weight)=(0, -6.22411012649536132812e+00) (1, 7.30409336090087890625e+00) (2, 5.33826494216918945312e+00) (0, -3.59198927879333496094e+00) (1, -1.60236167907714843750e+00) (2, 4.60810214281082153320e-01) (0, -4.49836969375610351562e+00) (1, -1.09152946472167968750e+01) (2, 3.01505374908447265625e+00) (0, -3.55062484741210937500e+00) (1, 3.93760657310485839844e+00) (2, 7.32835233211517333984e-01) (0, -5.43309068679809570312e+00) (1, 5.25007438659667968750e+00) (2, 8.45409870147705078125e+00) (0, -9.73162829875946044922e-01) (1, -1.34483695030212402344e+00) (2, 3.21454703807830810547e-01) (0, -5.16832923889160156250e+00) (1, 1.00242722034454345703e+00) (2, -9.65244136750698089600e-03) (0, -3.56446242332458496094e+00) (1, 1.64539074897766113281e+00) (2, 1.56136250495910644531e+00) (3, 4.91534531116485595703e-01) (4, 2.66591525077819824219e+00) (5, 2.00621223449707031250e+00) (6, 1.74417865276336669922e+00) (7, 5.27516961097717285156e-01) (8, -1.05381339788436889648e-01) (9, 2.28390502929687500000e+00) (10, 7.32504427433013916016e-01) (11, 4.60484147071838378906e-01) (3, 2.33000779151916503906e+00) (4, 5.85624456405639648438e+00) (5, 3.24225044250488281250e+00) (6, 3.67236542701721191406e+00) (7, 2.14540529251098632812e+00) (8, 5.54390716552734375000e+00) (9, 4.54994249343872070312e+00) (10, 4.92956781387329101562e+00) (11, 2.04588127136230468750e+00) (3, 8.94531440734863281250e+00) (4, 1.71829280853271484375e+01) (5, 9.29563808441162109375e+00) (6, 1.06447353363037109375e+01) (7, 9.01034927368164062500e+00) (8, 2.04613952636718750000e+01) (9, 1.53827323913574218750e+01) (10, 1.50809402465820312500e+01) (11, 9.26191711425781250000e+00) 
