FANN_FLO_2.1
num_layers=4
learning_rate=0.500000
connection_rate=1.000000
network_type=0
learning_momentum=0.000000
training_algorithm=2
train_error_function=1
train_stop_function=0
cascade_output_change_fraction=0.010000
quickprop_decay=-0.000100
quickprop_mu=1.750000
rprop_increase_factor=1.200000
rprop_decrease_factor=0.500000
rprop_delta_min=0.000000
rprop_delta_max=50.000000
rprop_delta_zero=0.100000
cascade_output_stagnation_epochs=12
cascade_candidate_change_fraction=0.010000
cascade_candidate_stagnation_epochs=12
cascade_max_out_epochs=150
cascade_min_out_epochs=50
cascade_max_cand_epochs=150
cascade_min_cand_epochs=50
cascade_num_candidate_groups=2
bit_fail_limit=3.49999994039535522461e-01
cascade_candidate_limit=1.00000000000000000000e+03
cascade_weight_multiplier=4.00000005960464477539e-01
cascade_activation_functions_count=10
cascade_activation_functions=3 5 7 8 10 11 14 15 16 17 
cascade_activation_steepnesses_count=4
cascade_activation_steepnesses=2.50000000000000000000e-01 5.00000000000000000000e-01 7.50000000000000000000e-01 1.00000000000000000000e+00 
layer_sizes=18 3 3 2 
scale_included=0
neurons (num_inputs, activation_function, activation_steepness)=(0, 0, 0.00000000000000000000e+00) (0, 0, 0.00000000000000000000e+00) (0, 0, 0.00000000000000000000e+00) (0, 0, 0.00000000000000000000e+00) (0, 0, 0.00000000000000000000e+00) (0, 0, 0.00000000000000000000e+00) (0, 0, 0.00000000000000000000e+00) (0, 0, 0.00000000000000000000e+00) (0, 0, 0.00000000000000000000e+00) (0, 0, 0.00000000000000000000e+00) (0, 0, 0.00000000000000000000e+00) (0, 0, 0.00000000000000000000e+00) (0, 0, 0.00000000000000000000e+00) (0, 0, 0.00000000000000000000e+00) (0, 0, 0.00000000000000000000e+00) (0, 0, 0.00000000000000000000e+00) (0, 0, 0.00000000000000000000e+00) (0, 0, 0.00000000000000000000e+00) (18, 3, 5.00000000000000000000e-01) (18, 3, 5.00000000000000000000e-01) (0, 3, 0.00000000000000000000e+00) (3, 3, 5.00000000000000000000e-01) (3, 3, 5.00000000000000000000e-01) (0, 3, 0.00000000000000000000e+00) (3, 0, 5.00000000000000000000e-01) (0, 0, 0.00000000000000000000e+00) 
connections (connected_to_neuron, weight)=(0, 8.70098412036895751953e-01) (1, 7.55616068840026855469e-01) (2, 9.95458841323852539062e-01) (3, 1.29407155513763427734e+00) (4, 5.99233150482177734375e-01) (5, -5.10834574699401855469e-01) (6, -4.86496657133102416992e-01) (7, -1.39062356948852539062e+00) (8, 3.69029223918914794922e-01) (9, 6.84081077575683593750e-01) (10, 1.07386887073516845703e+00) (11, 9.16829526424407958984e-01) (12, 1.00608229637145996094e+00) (13, 8.74260544776916503906e-01) (14, 1.13609039783477783203e+00) (15, 1.01201057434082031250e+00) (16, 9.53732848167419433594e-01) (17, -5.03922605514526367188e+00) (0, 1.29015686035156250000e+02) (1, -7.57899414062500000000e+02) (2, 1.39087554931640625000e+02) (3, 5.65697822570800781250e+01) (4, 5.39274406433105468750e+01) (5, 1.49996606445312500000e+03) (6, -4.60734985351562500000e+02) (7, 7.75242309570312500000e+02) (8, 7.85519104003906250000e+01) (9, 5.66768722534179687500e+01) (10, 4.27738685607910156250e+01) (11, 1.00702972412109375000e+02) (12, 4.25847740173339843750e+01) (13, -3.17037414550781250000e+02) (14, -7.73154418945312500000e+02) (15, 4.82683229446411132812e+00) (16, -2.98142089843750000000e+02) (17, 8.90027165412902832031e-01) (18, 4.37472057342529296875e+00) (19, -1.41819313168525695801e-01) (20, -1.65224432945251464844e+00) (18, 1.50000000000000000000e+03) (19, 1.81692123413085937500e+00) (20, 1.65433251857757568359e+00) (21, 1.15726203918457031250e+01) (22, 1.60874080657958984375e+00) (23, 1.58427107334136962891e+00) 
