FANN_FLO_2.1
num_layers=4
learning_rate=0.450000
connection_rate=1.000000
network_type=0
learning_momentum=0.000000
training_algorithm=2
train_error_function=1
train_stop_function=0
cascade_output_change_fraction=0.010000
quickprop_decay=-0.000100
quickprop_mu=1.750000
rprop_increase_factor=1.200000
rprop_decrease_factor=0.500000
rprop_delta_min=0.000000
rprop_delta_max=50.000000
rprop_delta_zero=0.100000
cascade_output_stagnation_epochs=12
cascade_candidate_change_fraction=0.010000
cascade_candidate_stagnation_epochs=12
cascade_max_out_epochs=150
cascade_min_out_epochs=50
cascade_max_cand_epochs=150
cascade_min_cand_epochs=50
cascade_num_candidate_groups=2
bit_fail_limit=3.49999994039535522461e-01
cascade_candidate_limit=1.00000000000000000000e+03
cascade_weight_multiplier=4.00000005960464477539e-01
cascade_activation_functions_count=10
cascade_activation_functions=3 5 7 8 10 11 14 15 16 17 
cascade_activation_steepnesses_count=4
cascade_activation_steepnesses=2.50000000000000000000e-01 5.00000000000000000000e-01 7.50000000000000000000e-01 1.00000000000000000000e+00 
layer_sizes=7 5 3 2 
scale_included=0
neurons (num_inputs, activation_function, activation_steepness)=(0, 0, 0.00000000000000000000e+00) (0, 0, 0.00000000000000000000e+00) (0, 0, 0.00000000000000000000e+00) (0, 0, 0.00000000000000000000e+00) (0, 0, 0.00000000000000000000e+00) (0, 0, 0.00000000000000000000e+00) (0, 0, 0.00000000000000000000e+00) (7, 3, 5.00000000000000000000e-01) (7, 3, 5.00000000000000000000e-01) (7, 3, 5.00000000000000000000e-01) (7, 3, 5.00000000000000000000e-01) (0, 3, 0.00000000000000000000e+00) (5, 3, 5.00000000000000000000e-01) (5, 3, 5.00000000000000000000e-01) (0, 3, 0.00000000000000000000e+00) (3, 0, 5.00000000000000000000e-01) (0, 0, 0.00000000000000000000e+00) 
connections (connected_to_neuron, weight)=(0, 2.45318964123725891113e-01) (1, 8.67053449153900146484e-01) (2, -7.59555995464324951172e-01) (3, 2.81444698572158813477e-01) (4, 5.90610325336456298828e-01) (5, -1.38956272602081298828e+00) (6, 8.76781880855560302734e-01) (0, 5.13879239559173583984e-01) (1, -1.07614070177078247070e-01) (2, -1.16913485527038574219e+00) (3, 7.50497996807098388672e-01) (4, -1.49003146216273307800e-02) (5, -4.97685879468917846680e-01) (6, 7.37518167495727539062e+00) (0, 2.43015110492706298828e-01) (1, 3.52334558963775634766e-01) (2, 1.68951958417892456055e-01) (3, -7.46487155556678771973e-02) (4, -1.68845236301422119141e-01) (5, -1.30698174238204956055e-01) (6, -3.74263143539428710938e+00) (0, -2.15330898761749267578e-01) (1, 1.43366837501525878906e+00) (2, -2.31853723526000976562e+00) (3, -4.29877974092960357666e-02) (4, 8.64055633544921875000e-01) (5, 2.78098404407501220703e-01) (6, -8.63500654697418212891e-01) (7, -1.50000000000000000000e+03) (8, 5.60812664031982421875e+00) (9, -6.94776535034179687500e-01) (10, -1.50000000000000000000e+03) (11, 1.50406628847122192383e-01) (7, -1.50000000000000000000e+03) (8, 3.09382414817810058594e+00) (9, 1.29655265808105468750e+00) (10, -1.50000000000000000000e+03) (11, 1.93922415375709533691e-01) (12, 1.58633003234863281250e+01) (13, 1.29372167968750000000e+03) (14, 2.37866211682558059692e-02) 
