FANN_FLO_2.1
num_layers=4
learning_rate=0.450000
connection_rate=1.000000
network_type=0
learning_momentum=0.000000
training_algorithm=2
train_error_function=1
train_stop_function=0
cascade_output_change_fraction=0.010000
quickprop_decay=-0.000100
quickprop_mu=1.750000
rprop_increase_factor=1.200000
rprop_decrease_factor=0.500000
rprop_delta_min=0.000000
rprop_delta_max=50.000000
rprop_delta_zero=0.100000
cascade_output_stagnation_epochs=12
cascade_candidate_change_fraction=0.010000
cascade_candidate_stagnation_epochs=12
cascade_max_out_epochs=150
cascade_min_out_epochs=50
cascade_max_cand_epochs=150
cascade_min_cand_epochs=50
cascade_num_candidate_groups=2
bit_fail_limit=3.49999994039535522461e-01
cascade_candidate_limit=1.00000000000000000000e+03
cascade_weight_multiplier=4.00000005960464477539e-01
cascade_activation_functions_count=10
cascade_activation_functions=3 5 7 8 10 11 14 15 16 17 
cascade_activation_steepnesses_count=4
cascade_activation_steepnesses=2.50000000000000000000e-01 5.00000000000000000000e-01 7.50000000000000000000e-01 1.00000000000000000000e+00 
layer_sizes=7 5 5 2 
scale_included=0
neurons (num_inputs, activation_function, activation_steepness)=(0, 0, 0.00000000000000000000e+00) (0, 0, 0.00000000000000000000e+00) (0, 0, 0.00000000000000000000e+00) (0, 0, 0.00000000000000000000e+00) (0, 0, 0.00000000000000000000e+00) (0, 0, 0.00000000000000000000e+00) (0, 0, 0.00000000000000000000e+00) (7, 3, 5.00000000000000000000e-01) (7, 3, 5.00000000000000000000e-01) (7, 3, 5.00000000000000000000e-01) (7, 3, 5.00000000000000000000e-01) (0, 3, 0.00000000000000000000e+00) (5, 3, 5.00000000000000000000e-01) (5, 3, 5.00000000000000000000e-01) (5, 3, 5.00000000000000000000e-01) (5, 3, 5.00000000000000000000e-01) (0, 3, 0.00000000000000000000e+00) (5, 0, 5.00000000000000000000e-01) (0, 0, 0.00000000000000000000e+00) 
connections (connected_to_neuron, weight)=(0, -2.17442393302917480469e-01) (1, -4.41537017822265625000e+02) (2, 1.50000000000000000000e+03) (3, 4.10828826904296875000e+02) (4, 4.71414417028427124023e-01) (5, 1.50000000000000000000e+03) (6, 8.17875194549560546875e+00) (0, 2.28552892804145812988e-02) (1, 6.56264960765838623047e-01) (2, -6.07416450977325439453e-01) (3, 3.43194931745529174805e-01) (4, 1.95755019783973693848e-01) (5, -5.22167146205902099609e-01) (6, 1.35519397258758544922e+00) (0, -2.95113921165466308594e-01) (1, -1.39829418945312500000e+03) (2, 1.50000000000000000000e+03) (3, 9.05244052410125732422e-01) (4, 3.38243693113327026367e-01) (5, 1.50000000000000000000e+03) (6, 7.31497240066528320312e+00) (0, 3.51748950779438018799e-02) (1, 8.11568200588226318359e-01) (2, -8.00186336040496826172e-01) (3, 2.03381910920143127441e-01) (4, 1.17928706109523773193e-01) (5, -3.42578828334808349609e-01) (6, 3.00135755538940429688e+00) (7, -5.61257183551788330078e-01) (8, -7.70421695709228515625e+00) (9, -3.61667299270629882812e+00) (10, -2.54498982429504394531e+00) (11, -3.56929510831832885742e-01) (7, -7.68586397171020507812e-02) (8, -1.69395375251770019531e+00) (9, 1.83449797332286834717e-02) (10, -2.66346216201782226562e+00) (11, 1.74865797162055969238e-01) (7, 2.89628684520721435547e-01) (8, 5.48698234558105468750e+00) (9, 5.07309865951538085938e+00) (10, 9.07570123672485351562e-01) (11, -2.58986562490463256836e-01) (7, -4.56855697631835937500e+01) (8, -7.20865020751953125000e+01) (9, -3.25621398925781250000e+02) (10, -1.72057815551757812500e+02) (11, -8.62046241760253906250e+00) (12, 1.29080004882812500000e+03) (13, 1.50998506546020507812e+01) (14, -1.08998127281665802002e-01) (15, 1.50000000000000000000e+03) (16, -1.12927660346031188965e-01) 
