FANN_FLO_2.1
num_layers=3
learning_rate=0.400000
connection_rate=1.000000
network_type=0
learning_momentum=0.000000
training_algorithm=2
train_error_function=1
train_stop_function=0
cascade_output_change_fraction=0.010000
quickprop_decay=-0.000100
quickprop_mu=1.750000
rprop_increase_factor=1.200000
rprop_decrease_factor=0.500000
rprop_delta_min=0.000000
rprop_delta_max=50.000000
rprop_delta_zero=0.100000
cascade_output_stagnation_epochs=12
cascade_candidate_change_fraction=0.010000
cascade_candidate_stagnation_epochs=12
cascade_max_out_epochs=150
cascade_min_out_epochs=50
cascade_max_cand_epochs=150
cascade_min_cand_epochs=50
cascade_num_candidate_groups=2
bit_fail_limit=3.49999994039535522461e-01
cascade_candidate_limit=1.00000000000000000000e+03
cascade_weight_multiplier=4.00000005960464477539e-01
cascade_activation_functions_count=10
cascade_activation_functions=3 5 7 8 10 11 14 15 16 17 
cascade_activation_steepnesses_count=4
cascade_activation_steepnesses=2.50000000000000000000e-01 5.00000000000000000000e-01 7.50000000000000000000e-01 1.00000000000000000000e+00 
layer_sizes=6 5 2 
scale_included=0
neurons (num_inputs, activation_function, activation_steepness)=(0, 0, 0.00000000000000000000e+00) (0, 0, 0.00000000000000000000e+00) (0, 0, 0.00000000000000000000e+00) (0, 0, 0.00000000000000000000e+00) (0, 0, 0.00000000000000000000e+00) (0, 0, 0.00000000000000000000e+00) (6, 3, 5.00000000000000000000e-01) (6, 3, 5.00000000000000000000e-01) (6, 3, 5.00000000000000000000e-01) (6, 3, 5.00000000000000000000e-01) (0, 3, 0.00000000000000000000e+00) (5, 0, 5.00000000000000000000e-01) (0, 0, 0.00000000000000000000e+00) 
connections (connected_to_neuron, weight)=(0, -1.50000000000000000000e+03) (1, -1.50000000000000000000e+03) (2, 6.47045433521270751953e-01) (3, -1.31589309692382812500e+02) (4, -1.82494087219238281250e+01) (5, -1.55616893768310546875e+01) (0, -1.50000000000000000000e+03) (1, -8.70615768432617187500e+00) (2, -2.60237455368041992188e-01) (3, -5.59376287460327148438e+00) (4, 1.37074172496795654297e+00) (5, -1.10364091396331787109e+00) (0, -1.50000000000000000000e+03) (1, -1.50000000000000000000e+03) (2, 1.13178598880767822266e+00) (3, -1.39123062133789062500e+02) (4, -3.19093883037567138672e-01) (5, -3.36266250610351562500e+01) (0, -1.50000000000000000000e+03) (1, -1.50000000000000000000e+03) (2, 1.10732066631317138672e+00) (3, -1.43481735229492187500e+02) (4, 6.87174260616302490234e-01) (5, -3.93647079467773437500e+01) (6, 6.88973236083984375000e+00) (7, 2.44422984123229980469e+00) (8, 8.37870216369628906250e+00) (9, 8.25439071655273437500e+00) (10, 7.55778253078460693359e-01) 
