FANN_FLO_2.1
num_layers=3
learning_rate=0.500000
connection_rate=1.000000
network_type=0
learning_momentum=0.000000
training_algorithm=2
train_error_function=1
train_stop_function=0
cascade_output_change_fraction=0.010000
quickprop_decay=-0.000100
quickprop_mu=1.750000
rprop_increase_factor=1.200000
rprop_decrease_factor=0.500000
rprop_delta_min=0.000000
rprop_delta_max=50.000000
rprop_delta_zero=0.100000
cascade_output_stagnation_epochs=12
cascade_candidate_change_fraction=0.010000
cascade_candidate_stagnation_epochs=12
cascade_max_out_epochs=150
cascade_min_out_epochs=50
cascade_max_cand_epochs=150
cascade_min_cand_epochs=50
cascade_num_candidate_groups=2
bit_fail_limit=3.49999994039535522461e-01
cascade_candidate_limit=1.00000000000000000000e+03
cascade_weight_multiplier=4.00000005960464477539e-01
cascade_activation_functions_count=10
cascade_activation_functions=3 5 7 8 10 11 14 15 16 17 
cascade_activation_steepnesses_count=4
cascade_activation_steepnesses=2.50000000000000000000e-01 5.00000000000000000000e-01 7.50000000000000000000e-01 1.00000000000000000000e+00 
layer_sizes=10 5 2 
scale_included=0
neurons (num_inputs, activation_function, activation_steepness)=(0, 0, 0.00000000000000000000e+00) (0, 0, 0.00000000000000000000e+00) (0, 0, 0.00000000000000000000e+00) (0, 0, 0.00000000000000000000e+00) (0, 0, 0.00000000000000000000e+00) (0, 0, 0.00000000000000000000e+00) (0, 0, 0.00000000000000000000e+00) (0, 0, 0.00000000000000000000e+00) (0, 0, 0.00000000000000000000e+00) (0, 0, 0.00000000000000000000e+00) (10, 3, 5.00000000000000000000e-01) (10, 3, 5.00000000000000000000e-01) (10, 3, 5.00000000000000000000e-01) (10, 3, 5.00000000000000000000e-01) (0, 3, 0.00000000000000000000e+00) (5, 3, 5.00000000000000000000e-01) (0, 3, 0.00000000000000000000e+00) 
connections (connected_to_neuron, weight)=(0, -4.34044420719146728516e-01) (1, -7.17480242252349853516e-01) (2, -3.70517432689666748047e-01) (3, 1.66107371449470520020e-01) (4, -2.86900289356708526611e-02) (5, -1.26876044273376464844e+00) (6, 2.94842094182968139648e-01) (7, -9.43461835384368896484e-01) (8, -5.12218296527862548828e-01) (9, 8.66500973701477050781e-01) (0, -2.70045280456542968750e-01) (1, -4.20082360506057739258e-01) (2, -4.03221726417541503906e-01) (3, -2.67309039831161499023e-01) (4, -7.63012528419494628906e-01) (5, -3.40420454740524291992e-01) (6, -4.71751242876052856445e-01) (7, -2.47551873326301574707e-01) (8, -3.42491626739501953125e-01) (9, 7.69699215888977050781e-01) (0, -5.86451828479766845703e-01) (1, -2.66060292720794677734e-01) (2, -4.57859933376312255859e-01) (3, -6.15944802761077880859e-01) (4, -5.10653197765350341797e-01) (5, -5.44303953647613525391e-01) (6, -5.01245081424713134766e-01) (7, -7.05602407455444335938e-01) (8, -5.03207981586456298828e-01) (9, 2.32403492927551269531e+00) (0, -5.67661225795745849609e-01) (1, -7.23670125007629394531e-01) (2, -4.62941110134124755859e-01) (3, -8.92305791378021240234e-01) (4, 4.08412843942642211914e-01) (5, -2.93191552162170410156e-01) (6, -5.48221230506896972656e-01) (7, -3.55582088232040405273e-01) (8, -4.60737079381942749023e-01) (9, 7.75662899017333984375e-01) (10, -3.62828820943832397461e-01) (11, -2.38036370277404785156e+00) (12, -1.23882377147674560547e+00) (13, -1.02231979370117187500e+00) (14, 1.60937726497650146484e+00) 
