FANN_FLO_2.1
num_layers=3
learning_rate=0.500000
connection_rate=1.000000
network_type=0
learning_momentum=0.000000
training_algorithm=2
train_error_function=1
train_stop_function=0
cascade_output_change_fraction=0.010000
quickprop_decay=-0.000100
quickprop_mu=1.750000
rprop_increase_factor=1.200000
rprop_decrease_factor=0.500000
rprop_delta_min=0.000000
rprop_delta_max=50.000000
rprop_delta_zero=0.100000
cascade_output_stagnation_epochs=12
cascade_candidate_change_fraction=0.010000
cascade_candidate_stagnation_epochs=12
cascade_max_out_epochs=150
cascade_min_out_epochs=50
cascade_max_cand_epochs=150
cascade_min_cand_epochs=50
cascade_num_candidate_groups=2
bit_fail_limit=3.49999994039535522461e-01
cascade_candidate_limit=1.00000000000000000000e+03
cascade_weight_multiplier=4.00000005960464477539e-01
cascade_activation_functions_count=10
cascade_activation_functions=3 5 7 8 10 11 14 15 16 17 
cascade_activation_steepnesses_count=4
cascade_activation_steepnesses=2.50000000000000000000e-01 5.00000000000000000000e-01 7.50000000000000000000e-01 1.00000000000000000000e+00 
layer_sizes=10 5 2 
scale_included=0
neurons (num_inputs, activation_function, activation_steepness)=(0, 0, 0.00000000000000000000e+00) (0, 0, 0.00000000000000000000e+00) (0, 0, 0.00000000000000000000e+00) (0, 0, 0.00000000000000000000e+00) (0, 0, 0.00000000000000000000e+00) (0, 0, 0.00000000000000000000e+00) (0, 0, 0.00000000000000000000e+00) (0, 0, 0.00000000000000000000e+00) (0, 0, 0.00000000000000000000e+00) (0, 0, 0.00000000000000000000e+00) (10, 3, 5.00000000000000000000e-01) (10, 3, 5.00000000000000000000e-01) (10, 3, 5.00000000000000000000e-01) (10, 3, 5.00000000000000000000e-01) (0, 3, 0.00000000000000000000e+00) (5, 3, 5.00000000000000000000e-01) (0, 3, 0.00000000000000000000e+00) 
connections (connected_to_neuron, weight)=(0, 3.52181762456893920898e-01) (1, 3.61405670642852783203e-01) (2, 3.45129966735839843750e-01) (3, 2.79844939708709716797e-01) (4, 3.33148092031478881836e-01) (5, 4.26140367984771728516e-01) (6, 4.23916399478912353516e-01) (7, 1.47925898432731628418e-01) (8, 9.43664684891700744629e-02) (9, 4.26569610834121704102e-01) (0, -3.70770096778869628906e-01) (1, -3.28352212905883789062e-01) (2, -3.53823274374008178711e-01) (3, -3.54230791330337524414e-01) (4, -3.66534471511840820312e-01) (5, -3.46674084663391113281e-01) (6, -3.48576307296752929688e-01) (7, -4.05958086252212524414e-01) (8, -3.75012785196304321289e-01) (9, 8.19147646427154541016e-01) (0, -3.33363980054855346680e-01) (1, -4.49921369552612304688e-01) (2, -5.29860556125640869141e-01) (3, -3.46259713172912597656e-01) (4, -1.86321407556533813477e-01) (5, -3.62651675939559936523e-01) (6, -1.84239864349365234375e-01) (7, -3.11779618263244628906e-01) (8, -7.88563191890716552734e-02) (9, -1.09904997050762176514e-01) (0, 4.01697546243667602539e-01) (1, 5.76041102409362792969e-01) (2, 4.47722613811492919922e-01) (3, 9.12524759769439697266e-02) (4, 8.80439281463623046875e-02) (5, 6.61734879016876220703e-01) (6, 4.01931226253509521484e-01) (7, -2.93107151985168457031e-01) (8, 2.03140124678611755371e-01) (9, 1.08983182907104492188e+00) (10, 6.55284345149993896484e-01) (11, -5.20727205276489257812e+00) (12, -2.31364503502845764160e-01) (13, 5.26610553264617919922e-01) (14, 6.21033966541290283203e-01) 
