FANN_FLO_2.1
num_layers=3
learning_rate=0.500000
connection_rate=1.000000
network_type=0
learning_momentum=0.000000
training_algorithm=2
train_error_function=1
train_stop_function=0
cascade_output_change_fraction=0.010000
quickprop_decay=-0.000100
quickprop_mu=1.750000
rprop_increase_factor=1.200000
rprop_decrease_factor=0.500000
rprop_delta_min=0.000000
rprop_delta_max=50.000000
rprop_delta_zero=0.100000
cascade_output_stagnation_epochs=12
cascade_candidate_change_fraction=0.010000
cascade_candidate_stagnation_epochs=12
cascade_max_out_epochs=150
cascade_min_out_epochs=50
cascade_max_cand_epochs=150
cascade_min_cand_epochs=50
cascade_num_candidate_groups=2
bit_fail_limit=3.49999994039535522461e-01
cascade_candidate_limit=1.00000000000000000000e+03
cascade_weight_multiplier=4.00000005960464477539e-01
cascade_activation_functions_count=10
cascade_activation_functions=3 5 7 8 10 11 14 15 16 17 
cascade_activation_steepnesses_count=4
cascade_activation_steepnesses=2.50000000000000000000e-01 5.00000000000000000000e-01 7.50000000000000000000e-01 1.00000000000000000000e+00 
layer_sizes=7 9 2 
scale_included=0
neurons (num_inputs, activation_function, activation_steepness)=(0, 0, 0.00000000000000000000e+00) (0, 0, 0.00000000000000000000e+00) (0, 0, 0.00000000000000000000e+00) (0, 0, 0.00000000000000000000e+00) (0, 0, 0.00000000000000000000e+00) (0, 0, 0.00000000000000000000e+00) (0, 0, 0.00000000000000000000e+00) (7, 3, 5.00000000000000000000e-01) (7, 3, 5.00000000000000000000e-01) (7, 3, 5.00000000000000000000e-01) (7, 3, 5.00000000000000000000e-01) (7, 3, 5.00000000000000000000e-01) (7, 3, 5.00000000000000000000e-01) (7, 3, 5.00000000000000000000e-01) (7, 3, 5.00000000000000000000e-01) (0, 3, 0.00000000000000000000e+00) (9, 0, 5.00000000000000000000e-01) (0, 0, 0.00000000000000000000e+00) 
connections (connected_to_neuron, weight)=(0, -1.82157862186431884766e+00) (1, -2.40170516967773437500e+01) (2, 7.63511371612548828125e+00) (3, -1.61947643756866455078e+00) (4, -2.53092021942138671875e+01) (5, 2.35748348236083984375e+01) (6, -1.43024075031280517578e+00) (0, -2.97764825820922851562e+00) (1, -1.22360687255859375000e+01) (2, 3.00776023864746093750e+01) (3, -4.51703643798828125000e+00) (4, -1.87729320526123046875e+01) (5, 2.88281040191650390625e+01) (6, -1.31362838745117187500e+01) (0, 4.67064178466796875000e+02) (1, 3.26264858245849609375e+00) (2, 1.50000000000000000000e+03) (3, 1.58637619018554687500e+02) (4, 1.50000000000000000000e+03) (5, 1.50000000000000000000e+03) (6, -1.59004473686218261719e+00) (0, 1.50000000000000000000e+03) (1, 2.56314799189567565918e-02) (2, 1.50000000000000000000e+03) (3, 1.50000000000000000000e+03) (4, 1.50000000000000000000e+03) (5, 1.50000000000000000000e+03) (6, 2.82394146919250488281e+00) (0, 3.47609579563140869141e-01) (1, -3.27004265785217285156e+00) (2, 3.45863342285156250000e+00) (3, -1.42021521925926208496e-01) (4, -1.61606540679931640625e+01) (5, 1.30032196044921875000e+01) (6, -2.96023488044738769531e-01) (0, -6.88677191734313964844e-01) (1, -1.27455163002014160156e+00) (2, 3.17092704772949218750e+00) (3, -2.72182822227478027344e-01) (4, -2.89166450500488281250e+00) (5, 3.46218514442443847656e+00) (6, 4.14833164215087890625e+00) (0, 1.55823752284049987793e-01) (1, -8.22139859199523925781e-01) (2, 1.54545247554779052734e+00) (3, -4.05658543109893798828e-01) (4, -1.78149211406707763672e+00) (5, 2.50375914573669433594e+00) (6, 6.07023894786834716797e-01) (0, 5.93433856964111328125e-01) (1, -4.21262443065643310547e-01) (2, 9.84495759010314941406e-01) (3, -7.70399510860443115234e-01) (4, 2.95216965675354003906e+00) (5, -1.51137912273406982422e+00) (6, 6.26421451568603515625e-01) (7, 5.30789279937744140625e+00) (8, 1.97138130664825439453e-01) (9, 3.54730933904647827148e-02) (10, 2.38858938217163085938e-01) (11, 1.47184893488883972168e-01) (12, -1.47864520549774169922e-01) (13, -4.89241145551204681396e-02) (14, -3.34831058979034423828e-01) (15, 7.48950913548469543457e-02) 
