FANN_FLO_2.1
num_layers=3
learning_rate=0.500000
connection_rate=1.000000
network_type=0
learning_momentum=0.000000
training_algorithm=2
train_error_function=1
train_stop_function=0
cascade_output_change_fraction=0.010000
quickprop_decay=-0.000100
quickprop_mu=1.750000
rprop_increase_factor=1.200000
rprop_decrease_factor=0.500000
rprop_delta_min=0.000000
rprop_delta_max=50.000000
rprop_delta_zero=0.100000
cascade_output_stagnation_epochs=12
cascade_candidate_change_fraction=0.010000
cascade_candidate_stagnation_epochs=12
cascade_max_out_epochs=150
cascade_min_out_epochs=50
cascade_max_cand_epochs=150
cascade_min_cand_epochs=50
cascade_num_candidate_groups=2
bit_fail_limit=3.49999994039535522461e-01
cascade_candidate_limit=1.00000000000000000000e+03
cascade_weight_multiplier=4.00000005960464477539e-01
cascade_activation_functions_count=10
cascade_activation_functions=3 5 7 8 10 11 14 15 16 17 
cascade_activation_steepnesses_count=4
cascade_activation_steepnesses=2.50000000000000000000e-01 5.00000000000000000000e-01 7.50000000000000000000e-01 1.00000000000000000000e+00 
layer_sizes=7 9 2 
scale_included=0
neurons (num_inputs, activation_function, activation_steepness)=(0, 0, 0.00000000000000000000e+00) (0, 0, 0.00000000000000000000e+00) (0, 0, 0.00000000000000000000e+00) (0, 0, 0.00000000000000000000e+00) (0, 0, 0.00000000000000000000e+00) (0, 0, 0.00000000000000000000e+00) (0, 0, 0.00000000000000000000e+00) (7, 3, 5.00000000000000000000e-01) (7, 3, 5.00000000000000000000e-01) (7, 3, 5.00000000000000000000e-01) (7, 3, 5.00000000000000000000e-01) (7, 3, 5.00000000000000000000e-01) (7, 3, 5.00000000000000000000e-01) (7, 3, 5.00000000000000000000e-01) (7, 3, 5.00000000000000000000e-01) (0, 3, 0.00000000000000000000e+00) (9, 0, 5.00000000000000000000e-01) (0, 0, 0.00000000000000000000e+00) 
connections (connected_to_neuron, weight)=(0, -3.35241556167602539062e-02) (1, 6.94985449314117431641e-01) (2, 6.91974088549613952637e-02) (3, -4.90691661834716796875e-01) (4, 7.79712498188018798828e-01) (5, 1.23704500496387481689e-01) (6, -9.42552447319030761719e-01) (0, 7.56988823413848876953e-02) (1, -1.13313257694244384766e+00) (2, -1.05634999275207519531e+00) (3, 6.06741786003112792969e-01) (4, -1.20825612545013427734e+00) (5, -2.03951336443424224854e-02) (6, -9.79894474148750305176e-02) (0, 5.06507813930511474609e-01) (1, -1.21003332138061523438e+01) (2, 4.91510009765625000000e+00) (3, -3.59969854354858398438e-01) (4, -1.20790803432464599609e+00) (5, 1.78700566291809082031e+00) (6, -4.23105597496032714844e-01) (0, -2.41490393877029418945e-01) (1, 7.18137025833129882812e-01) (2, 4.14684772491455078125e-01) (3, 2.65508949756622314453e-01) (4, -6.17772936820983886719e-02) (5, 2.36824288964271545410e-01) (6, -8.96577909588813781738e-02) (0, -7.45273828506469726562e-01) (1, -9.43922805786132812500e+00) (2, 9.56558418273925781250e+00) (3, -1.17807865142822265625e+00) (4, 1.88345348834991455078e+00) (5, 4.42132174968719482422e-01) (6, -1.31432521343231201172e+00) (0, -1.76703050732612609863e-01) (1, 2.60395789146423339844e+00) (2, -6.16847693920135498047e-01) (3, -3.22593122720718383789e-01) (4, -4.91830378770828247070e-01) (5, 7.24420309066772460938e-01) (6, -4.90619540214538574219e-01) (0, -7.19437718391418457031e-01) (1, -1.26580018997192382812e+01) (2, 9.30190944671630859375e+00) (3, -1.17615365982055664062e+00) (4, 1.80133044719696044922e+00) (5, 5.27759730815887451172e-01) (6, -1.18631732463836669922e+00) (0, -1.38697004318237304688e+00) (1, 9.10607814788818359375e+00) (2, 4.13286447525024414062e+00) (3, -1.70280599594116210938e+00) (4, 4.03457736968994140625e+00) (5, -4.17449682950973510742e-01) (6, -2.18643021583557128906e+00) (7, 9.89376127719879150391e-01) (8, 2.66277484893798828125e+01) (9, -2.10206413269042968750e+01) (10, -2.69570255279541015625e+01) (11, 7.33156919479370117188e-01) (12, 1.14900827407836914062e+00) (13, 2.30875205993652343750e+01) (14, 2.40566043853759765625e+01) (15, 3.34862247109413146973e-02) 
