FANN_FLO_2.1
num_layers=3
learning_rate=0.500000
connection_rate=1.000000
network_type=0
learning_momentum=0.000000
training_algorithm=2
train_error_function=1
train_stop_function=0
cascade_output_change_fraction=0.010000
quickprop_decay=-0.000100
quickprop_mu=1.750000
rprop_increase_factor=1.200000
rprop_decrease_factor=0.500000
rprop_delta_min=0.000000
rprop_delta_max=50.000000
rprop_delta_zero=0.100000
cascade_output_stagnation_epochs=12
cascade_candidate_change_fraction=0.010000
cascade_candidate_stagnation_epochs=12
cascade_max_out_epochs=150
cascade_min_out_epochs=50
cascade_max_cand_epochs=150
cascade_min_cand_epochs=50
cascade_num_candidate_groups=2
bit_fail_limit=3.49999994039535522461e-01
cascade_candidate_limit=1.00000000000000000000e+03
cascade_weight_multiplier=4.00000005960464477539e-01
cascade_activation_functions_count=10
cascade_activation_functions=3 5 7 8 10 11 14 15 16 17 
cascade_activation_steepnesses_count=4
cascade_activation_steepnesses=2.50000000000000000000e-01 5.00000000000000000000e-01 7.50000000000000000000e-01 1.00000000000000000000e+00 
layer_sizes=7 9 2 
scale_included=0
neurons (num_inputs, activation_function, activation_steepness)=(0, 0, 0.00000000000000000000e+00) (0, 0, 0.00000000000000000000e+00) (0, 0, 0.00000000000000000000e+00) (0, 0, 0.00000000000000000000e+00) (0, 0, 0.00000000000000000000e+00) (0, 0, 0.00000000000000000000e+00) (0, 0, 0.00000000000000000000e+00) (7, 3, 5.00000000000000000000e-01) (7, 3, 5.00000000000000000000e-01) (7, 3, 5.00000000000000000000e-01) (7, 3, 5.00000000000000000000e-01) (7, 3, 5.00000000000000000000e-01) (7, 3, 5.00000000000000000000e-01) (7, 3, 5.00000000000000000000e-01) (7, 3, 5.00000000000000000000e-01) (0, 3, 0.00000000000000000000e+00) (9, 0, 5.00000000000000000000e-01) (0, 0, 0.00000000000000000000e+00) 
connections (connected_to_neuron, weight)=(0, -1.09087252616882324219e+00) (1, -1.07903134822845458984e+00) (2, 2.80873322486877441406e+00) (3, -4.11725044250488281250e+00) (4, -9.86659824848175048828e-01) (5, -2.32571339607238769531e+00) (6, -1.50644934177398681641e+00) (0, 1.40215739607810974121e-01) (1, -5.22891163825988769531e-01) (2, 7.80547976493835449219e-01) (3, -5.41008889675140380859e-01) (4, 3.43910479545593261719e+00) (5, 2.39858373999595642090e-01) (6, 4.02132004499435424805e-01) (0, -1.08682632446289062500e+00) (1, -9.50552046298980712891e-01) (2, -3.72320327758789062500e+01) (3, 7.45394885540008544922e-01) (4, -3.35133410990238189697e-02) (5, -2.82054972648620605469e+00) (6, -1.25836634635925292969e+00) (0, -6.24649047851562500000e-01) (1, -3.44774901866912841797e-01) (2, -3.76347684860229492188e+00) (3, 4.11154568195343017578e-01) (4, -7.59457424283027648926e-02) (5, -1.11606562137603759766e+00) (6, -7.34117090702056884766e-01) (0, -2.39715605974197387695e-01) (1, -9.07353386282920837402e-02) (2, 8.45279633998870849609e-01) (3, -1.44342124462127685547e-01) (4, -2.01942324638366699219e-01) (5, -2.01463758945465087891e-01) (6, -3.31763803958892822266e-01) (0, -3.47896963357925415039e-01) (1, -2.86735892295837402344e-01) (2, 5.11997759342193603516e-01) (3, -3.06082457304000854492e-01) (4, -4.89235222339630126953e-02) (5, 4.36351388692855834961e-01) (6, -1.54992833733558654785e-01) (0, -2.33398270606994628906e+00) (1, -1.52197420597076416016e+00) (2, -9.20947742462158203125e+00) (3, -1.01199641823768615723e-01) (4, 1.86441814899444580078e+00) (5, -1.24251091480255126953e+00) (6, -4.71323299407958984375e+00) (0, -4.47506332397460937500e+00) (1, -3.75065207481384277344e+00) (2, -1.57093524932861328125e+01) (3, -2.13712286949157714844e+00) (4, 3.10759639739990234375e+00) (5, 5.21596729755401611328e-01) (6, -2.39976882934570312500e+00) (7, 3.11365425586700439453e-01) (8, -1.25790536403656005859e-01) (9, 1.54120534658432006836e-01) (10, -9.04822498559951782227e-02) (11, -1.29773756489157676697e-02) (12, -4.60381582379341125488e-02) (13, -1.34514886885881423950e-02) (14, 1.17816487327218055725e-02) (15, 1.39584809541702270508e-01) 
