FANN_FLO_2.1
num_layers=4
learning_rate=0.300000
connection_rate=1.000000
network_type=0
learning_momentum=0.000000
training_algorithm=2
train_error_function=1
train_stop_function=0
cascade_output_change_fraction=0.010000
quickprop_decay=-0.000100
quickprop_mu=1.750000
rprop_increase_factor=1.200000
rprop_decrease_factor=0.500000
rprop_delta_min=0.000000
rprop_delta_max=50.000000
rprop_delta_zero=0.100000
cascade_output_stagnation_epochs=12
cascade_candidate_change_fraction=0.010000
cascade_candidate_stagnation_epochs=12
cascade_max_out_epochs=150
cascade_min_out_epochs=50
cascade_max_cand_epochs=150
cascade_min_cand_epochs=50
cascade_num_candidate_groups=2
bit_fail_limit=3.49999994039535522461e-01
cascade_candidate_limit=1.00000000000000000000e+03
cascade_weight_multiplier=4.00000005960464477539e-01
cascade_activation_functions_count=10
cascade_activation_functions=3 5 7 8 10 11 14 15 16 17 
cascade_activation_steepnesses_count=4
cascade_activation_steepnesses=2.50000000000000000000e-01 5.00000000000000000000e-01 7.50000000000000000000e-01 1.00000000000000000000e+00 
layer_sizes=2 5 5 3 
scale_included=0
neurons (num_inputs, activation_function, activation_steepness)=(0, 0, 0.00000000000000000000e+00) (0, 0, 0.00000000000000000000e+00) (2, 3, 5.00000000000000000000e-01) (2, 3, 5.00000000000000000000e-01) (2, 3, 5.00000000000000000000e-01) (2, 3, 5.00000000000000000000e-01) (0, 3, 0.00000000000000000000e+00) (5, 3, 5.00000000000000000000e-01) (5, 3, 5.00000000000000000000e-01) (5, 3, 5.00000000000000000000e-01) (5, 3, 5.00000000000000000000e-01) (0, 3, 0.00000000000000000000e+00) (5, 0, 5.00000000000000000000e-01) (5, 0, 5.00000000000000000000e-01) (0, 0, 0.00000000000000000000e+00) 
connections (connected_to_neuron, weight)=(0, -1.50000000000000000000e+03) (1, 4.81527388095855712891e-01) (0, -1.50000000000000000000e+03) (1, -1.01374114990234375000e+02) (0, -1.50000000000000000000e+03) (1, 5.73232829570770263672e-01) (0, -1.50000000000000000000e+03) (1, -1.00055050849914550781e+00) (2, 7.99286067485809326172e-01) (3, 9.82079744338989257812e-01) (4, 7.49667465686798095703e-01) (5, 8.36149215698242187500e-01) (6, 8.77957463264465332031e-01) (2, 3.95872950553894042969e-01) (3, 3.31417918205261230469e+00) (4, 3.61179202795028686523e-01) (5, 5.78858256340026855469e-01) (6, -2.68197464942932128906e+00) (2, 9.62643146514892578125e-01) (3, 6.93357467651367187500e-01) (4, 1.17211294174194335938e+00) (5, 1.18515038490295410156e+00) (6, 9.83544468879699707031e-01) (2, 4.01086062192916870117e-01) (3, 7.30159163475036621094e-01) (4, 4.36073690652847290039e-01) (5, 6.53343379497528076172e-01) (6, -5.83855137228965759277e-02) (7, -8.41024816036224365234e-02) (8, 2.21488445997238159180e-01) (9, -1.25436365604400634766e-01) (10, 1.19618112221360206604e-02) (11, -5.09228510782122612000e-03) (7, -3.24149340391159057617e-01) (8, -8.53754818439483642578e-01) (9, -3.48816812038421630859e-01) (10, -3.51975291967391967773e-01) (11, -3.44284355640411376953e-01) 
