FANN_FLO_2.1
num_layers=4
learning_rate=0.450000
connection_rate=1.000000
network_type=0
learning_momentum=0.000000
training_algorithm=2
train_error_function=1
train_stop_function=0
cascade_output_change_fraction=0.010000
quickprop_decay=-0.000100
quickprop_mu=1.750000
rprop_increase_factor=1.200000
rprop_decrease_factor=0.500000
rprop_delta_min=0.000000
rprop_delta_max=50.000000
rprop_delta_zero=0.100000
cascade_output_stagnation_epochs=12
cascade_candidate_change_fraction=0.010000
cascade_candidate_stagnation_epochs=12
cascade_max_out_epochs=150
cascade_min_out_epochs=50
cascade_max_cand_epochs=150
cascade_min_cand_epochs=50
cascade_num_candidate_groups=2
bit_fail_limit=3.49999994039535522461e-01
cascade_candidate_limit=1.00000000000000000000e+03
cascade_weight_multiplier=4.00000005960464477539e-01
cascade_activation_functions_count=10
cascade_activation_functions=3 5 7 8 10 11 14 15 16 17 
cascade_activation_steepnesses_count=4
cascade_activation_steepnesses=2.50000000000000000000e-01 5.00000000000000000000e-01 7.50000000000000000000e-01 1.00000000000000000000e+00 
layer_sizes=7 5 3 2 
scale_included=0
neurons (num_inputs, activation_function, activation_steepness)=(0, 0, 0.00000000000000000000e+00) (0, 0, 0.00000000000000000000e+00) (0, 0, 0.00000000000000000000e+00) (0, 0, 0.00000000000000000000e+00) (0, 0, 0.00000000000000000000e+00) (0, 0, 0.00000000000000000000e+00) (0, 0, 0.00000000000000000000e+00) (7, 3, 5.00000000000000000000e-01) (7, 3, 5.00000000000000000000e-01) (7, 3, 5.00000000000000000000e-01) (7, 3, 5.00000000000000000000e-01) (0, 3, 0.00000000000000000000e+00) (5, 3, 5.00000000000000000000e-01) (5, 3, 5.00000000000000000000e-01) (0, 3, 0.00000000000000000000e+00) (3, 0, 5.00000000000000000000e-01) (0, 0, 0.00000000000000000000e+00) 
connections (connected_to_neuron, weight)=(0, 1.06410339474678039551e-01) (1, 4.21153187751770019531e-01) (2, -9.51974391937255859375e-01) (3, 3.63147407770156860352e-01) (4, 7.44449019432067871094e-01) (5, -7.45043754577636718750e-01) (6, 1.47092616558074951172e+00) (0, 1.38942405581474304199e-01) (1, 5.22114515304565429688e-01) (2, -6.47821903228759765625e-01) (3, 1.77121579647064208984e-01) (4, 5.52193343639373779297e-01) (5, -7.59011864662170410156e-01) (6, 1.23511934280395507812e+00) (0, 1.83036223053932189941e-01) (1, 2.73940175771713256836e-01) (2, -5.96831202507019042969e-01) (3, 2.38763868808746337891e-01) (4, 4.31174427270889282227e-01) (5, -8.30807685852050781250e-01) (6, -1.20767092704772949219e+00) (0, 3.61673797607421875000e+02) (1, -5.12000961303710937500e+01) (2, 4.17257720947265625000e+02) (3, -4.42778968811035156250e+00) (4, -1.48310327148437500000e+03) (5, -7.38176040649414062500e+01) (6, 5.27422189712524414062e-01) (7, -2.87250447273254394531e+00) (8, -1.22623128890991210938e+01) (9, 4.85370016098022460938e+00) (10, 2.21953153610229492188e+00) (11, 2.79783225059509277344e+00) (7, 8.11608135700225830078e-01) (8, 7.97146606445312500000e+00) (9, -7.14143991470336914062e+00) (10, 1.48870239257812500000e+03) (11, 2.51111418008804321289e-01) (12, 5.55121231079101562500e+00) (13, -6.11126683652400970459e-02) (14, 6.22306950390338897705e-02) 
