FANN_FLO_2.1
num_layers=3
learning_rate=0.500000
connection_rate=1.000000
network_type=0
learning_momentum=0.000000
training_algorithm=2
train_error_function=1
train_stop_function=0
cascade_output_change_fraction=0.010000
quickprop_decay=-0.000100
quickprop_mu=1.750000
rprop_increase_factor=1.200000
rprop_decrease_factor=0.500000
rprop_delta_min=0.000000
rprop_delta_max=50.000000
rprop_delta_zero=0.100000
cascade_output_stagnation_epochs=12
cascade_candidate_change_fraction=0.010000
cascade_candidate_stagnation_epochs=12
cascade_max_out_epochs=150
cascade_min_out_epochs=50
cascade_max_cand_epochs=150
cascade_min_cand_epochs=50
cascade_num_candidate_groups=2
bit_fail_limit=3.49999994039535522461e-01
cascade_candidate_limit=1.00000000000000000000e+03
cascade_weight_multiplier=4.00000005960464477539e-01
cascade_activation_functions_count=10
cascade_activation_functions=3 5 7 8 10 11 14 15 16 17 
cascade_activation_steepnesses_count=4
cascade_activation_steepnesses=2.50000000000000000000e-01 5.00000000000000000000e-01 7.50000000000000000000e-01 1.00000000000000000000e+00 
layer_sizes=10 5 2 
scale_included=0
neurons (num_inputs, activation_function, activation_steepness)=(0, 0, 0.00000000000000000000e+00) (0, 0, 0.00000000000000000000e+00) (0, 0, 0.00000000000000000000e+00) (0, 0, 0.00000000000000000000e+00) (0, 0, 0.00000000000000000000e+00) (0, 0, 0.00000000000000000000e+00) (0, 0, 0.00000000000000000000e+00) (0, 0, 0.00000000000000000000e+00) (0, 0, 0.00000000000000000000e+00) (0, 0, 0.00000000000000000000e+00) (10, 3, 5.00000000000000000000e-01) (10, 3, 5.00000000000000000000e-01) (10, 3, 5.00000000000000000000e-01) (10, 3, 5.00000000000000000000e-01) (0, 3, 0.00000000000000000000e+00) (5, 3, 5.00000000000000000000e-01) (0, 3, 0.00000000000000000000e+00) 
connections (connected_to_neuron, weight)=(0, 9.21132922172546386719e-01) (1, 8.10766816139221191406e-01) (2, 8.58012199401855468750e-01) (3, 7.41789937019348144531e-01) (4, -5.36140501499176025391e-01) (5, 6.88392698764801025391e-01) (6, 1.35213589668273925781e+00) (7, 7.62077808380126953125e-01) (8, 7.35477626323699951172e-01) (9, -6.33860290050506591797e-01) (0, -4.53065961599349975586e-01) (1, -5.00962913036346435547e-01) (2, -4.70441967248916625977e-01) (3, -5.15427410602569580078e-01) (4, -1.06475114822387695312e+00) (5, -5.33783674240112304688e-01) (6, -4.23229247331619262695e-01) (7, -5.79481422901153564453e-01) (8, -5.24965643882751464844e-01) (9, 2.32040953636169433594e+00) (0, -6.40213429927825927734e-01) (1, -6.15804612636566162109e-01) (2, -6.39258921146392822266e-01) (3, -6.46589994430541992188e-01) (4, -2.70988136529922485352e-01) (5, -5.98328232765197753906e-01) (6, -6.63335859775543212891e-01) (7, -6.16240799427032470703e-01) (8, -6.07767164707183837891e-01) (9, 2.44644427299499511719e+00) (0, 5.92366695404052734375e-01) (1, 6.14289700984954833984e-01) (2, 5.09104788303375244141e-01) (3, 4.68662679195404052734e-01) (4, -2.51488387584686279297e-01) (5, 7.11639285087585449219e-01) (6, 6.37896478176116943359e-01) (7, 4.15500521659851074219e-01) (8, 4.33506250381469726562e-01) (9, 4.45562958717346191406e-01) (10, 3.16454231739044189453e-01) (11, -1.47952353954315185547e+00) (12, -1.54911768436431884766e+00) (13, 7.93281435966491699219e-01) (14, 3.36498022079467773438e-01) 
