FANN_FLO_2.1
num_layers=3
learning_rate=0.500000
connection_rate=1.000000
network_type=0
learning_momentum=0.000000
training_algorithm=2
train_error_function=1
train_stop_function=0
cascade_output_change_fraction=0.010000
quickprop_decay=-0.000100
quickprop_mu=1.750000
rprop_increase_factor=1.200000
rprop_decrease_factor=0.500000
rprop_delta_min=0.000000
rprop_delta_max=50.000000
rprop_delta_zero=0.100000
cascade_output_stagnation_epochs=12
cascade_candidate_change_fraction=0.010000
cascade_candidate_stagnation_epochs=12
cascade_max_out_epochs=150
cascade_min_out_epochs=50
cascade_max_cand_epochs=150
cascade_min_cand_epochs=50
cascade_num_candidate_groups=2
bit_fail_limit=3.49999994039535522461e-01
cascade_candidate_limit=1.00000000000000000000e+03
cascade_weight_multiplier=4.00000005960464477539e-01
cascade_activation_functions_count=10
cascade_activation_functions=3 5 7 8 10 11 14 15 16 17 
cascade_activation_steepnesses_count=4
cascade_activation_steepnesses=2.50000000000000000000e-01 5.00000000000000000000e-01 7.50000000000000000000e-01 1.00000000000000000000e+00 
layer_sizes=10 5 2 
scale_included=0
neurons (num_inputs, activation_function, activation_steepness)=(0, 0, 0.00000000000000000000e+00) (0, 0, 0.00000000000000000000e+00) (0, 0, 0.00000000000000000000e+00) (0, 0, 0.00000000000000000000e+00) (0, 0, 0.00000000000000000000e+00) (0, 0, 0.00000000000000000000e+00) (0, 0, 0.00000000000000000000e+00) (0, 0, 0.00000000000000000000e+00) (0, 0, 0.00000000000000000000e+00) (0, 0, 0.00000000000000000000e+00) (10, 3, 5.00000000000000000000e-01) (10, 3, 5.00000000000000000000e-01) (10, 3, 5.00000000000000000000e-01) (10, 3, 5.00000000000000000000e-01) (0, 3, 0.00000000000000000000e+00) (5, 3, 5.00000000000000000000e-01) (0, 3, 0.00000000000000000000e+00) 
connections (connected_to_neuron, weight)=(0, -1.44451379776000976562e-01) (1, -3.77307951450347900391e-01) (2, -1.73762977123260498047e-01) (3, -3.67680996656417846680e-01) (4, -2.92789548635482788086e-01) (5, -8.76571774482727050781e-01) (6, -4.73110646009445190430e-01) (7, -1.82905212044715881348e-01) (8, -3.03874582052230834961e-01) (9, 5.47908365726470947266e-01) (0, 4.00404721498489379883e-01) (1, 2.86282747983932495117e-01) (2, 7.80402541160583496094e-01) (3, 2.65064179897308349609e-01) (4, 7.47891902923583984375e-01) (5, 1.91559910774230957031e-01) (6, 3.76241028308868408203e-01) (7, 2.74549603462219238281e-01) (8, 3.97858381271362304688e-01) (9, -9.08091604709625244141e-01) (0, -6.05999827384948730469e-01) (1, -6.68215095996856689453e-01) (2, -4.85950618982315063477e-01) (3, -7.19979107379913330078e-01) (4, 3.27593117952346801758e-01) (5, -2.45892286300659179688e-01) (6, -5.74068367481231689453e-01) (7, -1.39772491529583930969e-02) (8, -5.07156312465667724609e-01) (9, 8.89248609542846679688e-01) (0, -4.66902166604995727539e-01) (1, -3.88758629560470581055e-01) (2, -1.31479740142822265625e-01) (3, -3.47409695386886596680e-01) (4, -5.90170323848724365234e-01) (5, -3.78418833017349243164e-01) (6, -2.20619127154350280762e-01) (7, -1.01662933826446533203e+00) (8, -4.01230067014694213867e-01) (9, 1.71362411975860595703e+00) (10, -1.26317775249481201172e+00) (11, 1.58092665672302246094e+00) (12, -1.08802509307861328125e+00) (13, -1.39255189895629882812e+00) (14, 1.31895795464515686035e-01) 
