FANN_FLO_2.1
num_layers=3
learning_rate=0.500000
connection_rate=1.000000
network_type=0
learning_momentum=0.000000
training_algorithm=2
train_error_function=1
train_stop_function=0
cascade_output_change_fraction=0.010000
quickprop_decay=-0.000100
quickprop_mu=1.750000
rprop_increase_factor=1.200000
rprop_decrease_factor=0.500000
rprop_delta_min=0.000000
rprop_delta_max=50.000000
rprop_delta_zero=0.100000
cascade_output_stagnation_epochs=12
cascade_candidate_change_fraction=0.010000
cascade_candidate_stagnation_epochs=12
cascade_max_out_epochs=150
cascade_min_out_epochs=50
cascade_max_cand_epochs=150
cascade_min_cand_epochs=50
cascade_num_candidate_groups=2
bit_fail_limit=3.49999994039535522461e-01
cascade_candidate_limit=1.00000000000000000000e+03
cascade_weight_multiplier=4.00000005960464477539e-01
cascade_activation_functions_count=10
cascade_activation_functions=3 5 7 8 10 11 14 15 16 17 
cascade_activation_steepnesses_count=4
cascade_activation_steepnesses=2.50000000000000000000e-01 5.00000000000000000000e-01 7.50000000000000000000e-01 1.00000000000000000000e+00 
layer_sizes=3 9 4 
scale_included=0
neurons (num_inputs, activation_function, activation_steepness)=(0, 0, 0.00000000000000000000e+00) (0, 0, 0.00000000000000000000e+00) (0, 0, 0.00000000000000000000e+00) (3, 3, 5.00000000000000000000e-01) (3, 3, 5.00000000000000000000e-01) (3, 3, 5.00000000000000000000e-01) (3, 3, 5.00000000000000000000e-01) (3, 3, 5.00000000000000000000e-01) (3, 3, 5.00000000000000000000e-01) (3, 3, 5.00000000000000000000e-01) (3, 3, 5.00000000000000000000e-01) (0, 3, 0.00000000000000000000e+00) (9, 0, 5.00000000000000000000e-01) (9, 0, 5.00000000000000000000e-01) (9, 0, 5.00000000000000000000e-01) (0, 0, 0.00000000000000000000e+00) 
connections (connected_to_neuron, weight)=(0, -6.04098939895629882812e+00) (1, 3.80698680877685546875e+00) (2, 1.11231899261474609375e+01) (0, -3.45433354377746582031e+00) (1, -6.06085681915283203125e+00) (2, 1.91096886992454528809e-01) (0, -8.84307479858398437500e+00) (1, 3.97476220130920410156e+00) (2, 5.85948753356933593750e+00) (0, -5.18165493011474609375e+00) (1, -3.77178621292114257812e+00) (2, 1.26440799236297607422e+00) (0, -9.11477661132812500000e+00) (1, 6.97123908996582031250e+00) (2, 7.18221998214721679688e+00) (0, -4.54372453689575195312e+00) (1, -7.53919541835784912109e-01) (2, 1.26575279235839843750e+00) (0, -7.05124330520629882812e+00) (1, 7.31332921981811523438e+00) (2, 8.08605670928955078125e+00) (0, -5.26562213897705078125e+00) (1, 1.59502685070037841797e+00) (2, 8.30949604511260986328e-01) (3, 5.65917074680328369141e-01) (4, 2.01125144958496093750e+00) (5, 4.63885754346847534180e-01) (6, 2.04080080986022949219e+00) (7, 1.09258866310119628906e+00) (8, 1.48271393775939941406e+00) (9, 6.31306886672973632812e-01) (10, 2.08407068252563476562e+00) (11, 4.80058372020721435547e-01) (3, 2.26422262191772460938e+00) (4, 5.27964067459106445312e+00) (5, 3.21925854682922363281e+00) (6, 5.03310012817382812500e+00) (7, 3.20291209220886230469e+00) (8, 5.36967849731445312500e+00) (9, 2.36755299568176269531e+00) (10, 4.24151563644409179688e+00) (11, 2.20229983329772949219e+00) (3, 9.29120349884033203125e+00) (4, 1.71059360504150390625e+01) (5, 1.07677478790283203125e+01) (6, 1.65663490295410156250e+01) (7, 9.09406948089599609375e+00) (8, 1.59812297821044921875e+01) (9, 9.12801742553710937500e+00) (10, 1.38055534362792968750e+01) (11, 9.59440708160400390625e+00) 
