FANN_FLO_2.1
num_layers=4
learning_rate=0.450000
connection_rate=1.000000
network_type=0
learning_momentum=0.000000
training_algorithm=2
train_error_function=1
train_stop_function=0
cascade_output_change_fraction=0.010000
quickprop_decay=-0.000100
quickprop_mu=1.750000
rprop_increase_factor=1.200000
rprop_decrease_factor=0.500000
rprop_delta_min=0.000000
rprop_delta_max=50.000000
rprop_delta_zero=0.100000
cascade_output_stagnation_epochs=12
cascade_candidate_change_fraction=0.010000
cascade_candidate_stagnation_epochs=12
cascade_max_out_epochs=150
cascade_min_out_epochs=50
cascade_max_cand_epochs=150
cascade_min_cand_epochs=50
cascade_num_candidate_groups=2
bit_fail_limit=3.49999994039535522461e-01
cascade_candidate_limit=1.00000000000000000000e+03
cascade_weight_multiplier=4.00000005960464477539e-01
cascade_activation_functions_count=10
cascade_activation_functions=3 5 7 8 10 11 14 15 16 17 
cascade_activation_steepnesses_count=4
cascade_activation_steepnesses=2.50000000000000000000e-01 5.00000000000000000000e-01 7.50000000000000000000e-01 1.00000000000000000000e+00 
layer_sizes=7 5 3 2 
scale_included=0
neurons (num_inputs, activation_function, activation_steepness)=(0, 0, 0.00000000000000000000e+00) (0, 0, 0.00000000000000000000e+00) (0, 0, 0.00000000000000000000e+00) (0, 0, 0.00000000000000000000e+00) (0, 0, 0.00000000000000000000e+00) (0, 0, 0.00000000000000000000e+00) (0, 0, 0.00000000000000000000e+00) (7, 3, 5.00000000000000000000e-01) (7, 3, 5.00000000000000000000e-01) (7, 3, 5.00000000000000000000e-01) (7, 3, 5.00000000000000000000e-01) (0, 3, 0.00000000000000000000e+00) (5, 3, 5.00000000000000000000e-01) (5, 3, 5.00000000000000000000e-01) (0, 3, 0.00000000000000000000e+00) (3, 0, 5.00000000000000000000e-01) (0, 0, 0.00000000000000000000e+00) 
connections (connected_to_neuron, weight)=(0, 5.88933713734149932861e-02) (1, 1.05256974697113037109e+00) (2, -1.00403234362602233887e-01) (3, -3.61672371625900268555e-01) (4, 1.53817147016525268555e-01) (5, -6.53545320034027099609e-01) (6, 2.48813718557357788086e-01) (0, -2.80595213174819946289e-01) (1, 3.00523221492767333984e-01) (2, -1.16345906257629394531e+00) (3, -3.08568477630615234375e-01) (4, 1.08206784725189208984e+00) (5, 4.18772310018539428711e-01) (6, -5.59981524944305419922e-01) (0, -1.28794140625000000000e+03) (1, -1.45051342773437500000e+03) (2, -1.50000000000000000000e+03) (3, -1.49460449218750000000e+03) (4, -1.50000000000000000000e+03) (5, -1.50000000000000000000e+03) (6, -1.06937309265136718750e+02) (0, -4.35002535581588745117e-01) (1, -5.48171877861022949219e-01) (2, -2.26920142769813537598e-01) (3, -2.23621338605880737305e-01) (4, 9.73175108432769775391e-01) (5, 2.01242431998252868652e-01) (6, -3.40244561433792114258e-01) (7, -1.12269484996795654297e+00) (8, -3.40414285659790039062e+00) (9, 1.50000000000000000000e+03) (10, 4.48266744613647460938e+00) (11, 2.32775378227233886719e+00) (7, 3.89223899841308593750e+01) (8, 1.68851261138916015625e+01) (9, 1.50000000000000000000e+03) (10, 1.12976402282714843750e+02) (11, -1.10571222305297851562e+01) (12, -1.85306370258331298828e-02) (13, -1.12550124526023864746e-01) (14, 1.29811272025108337402e-01) 
