FANN_FLO_2.1
num_layers=4
learning_rate=0.500000
connection_rate=1.000000
network_type=0
learning_momentum=0.000000
training_algorithm=2
train_error_function=1
train_stop_function=0
cascade_output_change_fraction=0.010000
quickprop_decay=-0.000100
quickprop_mu=1.750000
rprop_increase_factor=1.200000
rprop_decrease_factor=0.500000
rprop_delta_min=0.000000
rprop_delta_max=50.000000
rprop_delta_zero=0.100000
cascade_output_stagnation_epochs=12
cascade_candidate_change_fraction=0.010000
cascade_candidate_stagnation_epochs=12
cascade_max_out_epochs=150
cascade_min_out_epochs=50
cascade_max_cand_epochs=150
cascade_min_cand_epochs=50
cascade_num_candidate_groups=2
bit_fail_limit=3.49999994039535522461e-01
cascade_candidate_limit=1.00000000000000000000e+03
cascade_weight_multiplier=4.00000005960464477539e-01
cascade_activation_functions_count=10
cascade_activation_functions=3 5 7 8 10 11 14 15 16 17 
cascade_activation_steepnesses_count=4
cascade_activation_steepnesses=2.50000000000000000000e-01 5.00000000000000000000e-01 7.50000000000000000000e-01 1.00000000000000000000e+00 
layer_sizes=18 3 3 2 
scale_included=0
neurons (num_inputs, activation_function, activation_steepness)=(0, 0, 0.00000000000000000000e+00) (0, 0, 0.00000000000000000000e+00) (0, 0, 0.00000000000000000000e+00) (0, 0, 0.00000000000000000000e+00) (0, 0, 0.00000000000000000000e+00) (0, 0, 0.00000000000000000000e+00) (0, 0, 0.00000000000000000000e+00) (0, 0, 0.00000000000000000000e+00) (0, 0, 0.00000000000000000000e+00) (0, 0, 0.00000000000000000000e+00) (0, 0, 0.00000000000000000000e+00) (0, 0, 0.00000000000000000000e+00) (0, 0, 0.00000000000000000000e+00) (0, 0, 0.00000000000000000000e+00) (0, 0, 0.00000000000000000000e+00) (0, 0, 0.00000000000000000000e+00) (0, 0, 0.00000000000000000000e+00) (0, 0, 0.00000000000000000000e+00) (18, 3, 5.00000000000000000000e-01) (18, 3, 5.00000000000000000000e-01) (0, 3, 0.00000000000000000000e+00) (3, 3, 5.00000000000000000000e-01) (3, 3, 5.00000000000000000000e-01) (0, 3, 0.00000000000000000000e+00) (3, 0, 5.00000000000000000000e-01) (0, 0, 0.00000000000000000000e+00) 
connections (connected_to_neuron, weight)=(0, -2.95447788238525390625e+01) (1, 1.46577648925781250000e+03) (2, 7.97488830566406250000e+02) (3, 1.36057153320312500000e+03) (4, 1.50000000000000000000e+03) (5, 1.25217094421386718750e+02) (6, 2.52410469055175781250e+01) (7, 1.68147613525390625000e+02) (8, 5.64221687316894531250e+01) (9, -1.40791229248046875000e+02) (10, -8.04709625244140625000e+00) (11, 4.94451141357421875000e+02) (12, -7.10257141113281250000e+02) (13, -3.58076110839843750000e+02) (14, -1.02008392333984375000e+02) (15, -8.64337341308593750000e+02) (16, 2.52794586181640625000e+02) (17, 6.39107275009155273438e+00) (0, 2.82878589630126953125e+00) (1, 2.25657677650451660156e+00) (2, 2.92312097549438476562e+00) (3, 3.58702993392944335938e+00) (4, 8.22490751743316650391e-01) (5, -1.29500246047973632812e+00) (6, -4.04285192489624023438e+00) (7, -2.20457124710083007812e+00) (8, 1.03345215320587158203e+00) (9, 2.60557985305786132812e+00) (10, 1.54319846630096435547e+00) (11, 5.51395893096923828125e+00) (12, 2.28695416450500488281e+00) (13, 3.52193450927734375000e+00) (14, 1.07018756866455078125e+00) (15, 1.77971839904785156250e+00) (16, 4.31759834289550781250e+00) (17, -1.52356863021850585938e+01) (18, 1.62372970581054687500e+01) (19, 1.50000000000000000000e+03) (20, -1.63044090270996093750e+01) (18, -8.17707595825195312500e+01) (19, 1.50000000000000000000e+03) (20, -9.23767566680908203125e-01) (21, 6.78133392333984375000e+00) (22, 2.97827363014221191406e+00) (23, 5.95031261444091796875e-01) 
