FANN_FLO_2.1
num_layers=4
learning_rate=0.300000
connection_rate=1.000000
network_type=0
learning_momentum=0.000000
training_algorithm=2
train_error_function=1
train_stop_function=0
cascade_output_change_fraction=0.010000
quickprop_decay=-0.000100
quickprop_mu=1.750000
rprop_increase_factor=1.200000
rprop_decrease_factor=0.500000
rprop_delta_min=0.000000
rprop_delta_max=50.000000
rprop_delta_zero=0.100000
cascade_output_stagnation_epochs=12
cascade_candidate_change_fraction=0.010000
cascade_candidate_stagnation_epochs=12
cascade_max_out_epochs=150
cascade_min_out_epochs=50
cascade_max_cand_epochs=150
cascade_min_cand_epochs=50
cascade_num_candidate_groups=2
bit_fail_limit=3.49999994039535522461e-01
cascade_candidate_limit=1.00000000000000000000e+03
cascade_weight_multiplier=4.00000005960464477539e-01
cascade_activation_functions_count=10
cascade_activation_functions=3 5 7 8 10 11 14 15 16 17 
cascade_activation_steepnesses_count=4
cascade_activation_steepnesses=2.50000000000000000000e-01 5.00000000000000000000e-01 7.50000000000000000000e-01 1.00000000000000000000e+00 
layer_sizes=2 5 5 3 
scale_included=0
neurons (num_inputs, activation_function, activation_steepness)=(0, 0, 0.00000000000000000000e+00) (0, 0, 0.00000000000000000000e+00) (2, 3, 5.00000000000000000000e-01) (2, 3, 5.00000000000000000000e-01) (2, 3, 5.00000000000000000000e-01) (2, 3, 5.00000000000000000000e-01) (0, 3, 0.00000000000000000000e+00) (5, 3, 5.00000000000000000000e-01) (5, 3, 5.00000000000000000000e-01) (5, 3, 5.00000000000000000000e-01) (5, 3, 5.00000000000000000000e-01) (0, 3, 0.00000000000000000000e+00) (5, 0, 5.00000000000000000000e-01) (5, 0, 5.00000000000000000000e-01) (0, 0, 0.00000000000000000000e+00) 
connections (connected_to_neuron, weight)=(0, 2.84553599357604980469e+00) (1, 1.08829450607299804688e+01) (0, 3.05990676879882812500e+01) (1, -1.35696262121200561523e-01) (0, 3.05182037353515625000e+01) (1, 1.05474963784217834473e-01) (0, 3.02261233329772949219e+00) (1, 1.09152688980102539062e+01) (2, 8.08911502361297607422e-01) (3, -4.29880094528198242188e+00) (4, -9.15621995925903320312e-01) (5, 8.02509844303131103516e-01) (6, -4.67223711311817169189e-02) (2, 9.80797052383422851562e-01) (3, -1.36182522773742675781e+00) (4, -1.56372630596160888672e+00) (5, 1.02698767185211181641e+00) (6, -3.53258550167083740234e-01) (2, 8.76404643058776855469e-01) (3, -1.47592556476593017578e+00) (4, -8.03629755973815917969e-01) (5, 1.42627045512199401855e-01) (6, -3.46890449523925781250e-01) (2, -6.17564916610717773438e-01) (3, 3.26147699356079101562e+00) (4, 3.15317344665527343750e+00) (5, -6.01886868476867675781e-01) (6, -9.30934548377990722656e-01) (7, 1.99379418045282363892e-02) (8, 1.78156346082687377930e-01) (9, 6.51270300149917602539e-02) (10, -1.55374631285667419434e-01) (11, -1.57452791929244995117e-01) (7, -6.87416911125183105469e-01) (8, -5.81140041351318359375e-01) (9, -7.01448798179626464844e-01) (10, 2.98857420682907104492e-01) (11, -6.70194208621978759766e-01) 
