FANN_FLO_2.1
num_layers=3
learning_rate=0.500000
connection_rate=1.000000
network_type=0
learning_momentum=0.000000
training_algorithm=2
train_error_function=1
train_stop_function=0
cascade_output_change_fraction=0.010000
quickprop_decay=-0.000100
quickprop_mu=1.750000
rprop_increase_factor=1.200000
rprop_decrease_factor=0.500000
rprop_delta_min=0.000000
rprop_delta_max=50.000000
rprop_delta_zero=0.100000
cascade_output_stagnation_epochs=12
cascade_candidate_change_fraction=0.010000
cascade_candidate_stagnation_epochs=12
cascade_max_out_epochs=150
cascade_min_out_epochs=50
cascade_max_cand_epochs=150
cascade_min_cand_epochs=50
cascade_num_candidate_groups=2
bit_fail_limit=3.49999994039535522461e-01
cascade_candidate_limit=1.00000000000000000000e+03
cascade_weight_multiplier=4.00000005960464477539e-01
cascade_activation_functions_count=10
cascade_activation_functions=3 5 7 8 10 11 14 15 16 17 
cascade_activation_steepnesses_count=4
cascade_activation_steepnesses=2.50000000000000000000e-01 5.00000000000000000000e-01 7.50000000000000000000e-01 1.00000000000000000000e+00 
layer_sizes=10 3 2 
scale_included=0
neurons (num_inputs, activation_function, activation_steepness)=(0, 0, 0.00000000000000000000e+00) (0, 0, 0.00000000000000000000e+00) (0, 0, 0.00000000000000000000e+00) (0, 0, 0.00000000000000000000e+00) (0, 0, 0.00000000000000000000e+00) (0, 0, 0.00000000000000000000e+00) (0, 0, 0.00000000000000000000e+00) (0, 0, 0.00000000000000000000e+00) (0, 0, 0.00000000000000000000e+00) (0, 0, 0.00000000000000000000e+00) (10, 3, 5.00000000000000000000e-01) (10, 3, 5.00000000000000000000e-01) (0, 3, 0.00000000000000000000e+00) (3, 3, 5.00000000000000000000e-01) (0, 3, 0.00000000000000000000e+00) 
connections (connected_to_neuron, weight)=(0, -5.60649991035461425781e-01) (1, -4.05605494976043701172e-01) (2, -5.72295069694519042969e-01) (3, -4.72591310739517211914e-01) (4, -3.73780697584152221680e-01) (5, -6.23224675655364990234e-01) (6, -4.37068521976470947266e-01) (7, -5.75835287570953369141e-01) (8, -5.82182168960571289062e-01) (9, 1.29776513576507568359e+00) (0, -5.46831548213958740234e-01) (1, -5.72338223457336425781e-01) (2, -5.39721190929412841797e-01) (3, -5.41833519935607910156e-01) (4, -5.50969123840332031250e-01) (5, -5.51465570926666259766e-01) (6, -5.54627776145935058594e-01) (7, -5.63737809658050537109e-01) (8, -5.54301083087921142578e-01) (9, 2.10106801986694335938e+00) (10, -1.98157235980033874512e-01) (11, -3.40574693679809570312e+00) (12, 1.44046831130981445312e+00) 
