FANN_FLO_2.1
num_layers=3
learning_rate=0.500000
connection_rate=1.000000
network_type=0
learning_momentum=0.000000
training_algorithm=2
train_error_function=1
train_stop_function=0
cascade_output_change_fraction=0.010000
quickprop_decay=-0.000100
quickprop_mu=1.750000
rprop_increase_factor=1.200000
rprop_decrease_factor=0.500000
rprop_delta_min=0.000000
rprop_delta_max=50.000000
rprop_delta_zero=0.100000
cascade_output_stagnation_epochs=12
cascade_candidate_change_fraction=0.010000
cascade_candidate_stagnation_epochs=12
cascade_max_out_epochs=150
cascade_min_out_epochs=50
cascade_max_cand_epochs=150
cascade_min_cand_epochs=50
cascade_num_candidate_groups=2
bit_fail_limit=3.49999994039535522461e-01
cascade_candidate_limit=1.00000000000000000000e+03
cascade_weight_multiplier=4.00000005960464477539e-01
cascade_activation_functions_count=10
cascade_activation_functions=3 5 7 8 10 11 14 15 16 17 
cascade_activation_steepnesses_count=4
cascade_activation_steepnesses=2.50000000000000000000e-01 5.00000000000000000000e-01 7.50000000000000000000e-01 1.00000000000000000000e+00 
layer_sizes=10 3 2 
scale_included=0
neurons (num_inputs, activation_function, activation_steepness)=(0, 0, 0.00000000000000000000e+00) (0, 0, 0.00000000000000000000e+00) (0, 0, 0.00000000000000000000e+00) (0, 0, 0.00000000000000000000e+00) (0, 0, 0.00000000000000000000e+00) (0, 0, 0.00000000000000000000e+00) (0, 0, 0.00000000000000000000e+00) (0, 0, 0.00000000000000000000e+00) (0, 0, 0.00000000000000000000e+00) (0, 0, 0.00000000000000000000e+00) (10, 3, 5.00000000000000000000e-01) (10, 3, 5.00000000000000000000e-01) (0, 3, 0.00000000000000000000e+00) (3, 3, 5.00000000000000000000e-01) (0, 3, 0.00000000000000000000e+00) 
connections (connected_to_neuron, weight)=(0, -3.74595075845718383789e-01) (1, -4.09424304962158203125e-01) (2, -4.08771216869354248047e-01) (3, -3.88585627079010009766e-01) (4, -1.60210758447647094727e-01) (5, -4.34606164693832397461e-01) (6, -3.94197314977645874023e-01) (7, -3.88814121484756469727e-01) (8, -3.51800411939620971680e-01) (9, 7.25619792938232421875e-01) (0, -2.98926174640655517578e-01) (1, -1.98920905590057373047e-01) (2, 8.40964764356613159180e-02) (3, -3.44711929559707641602e-01) (4, -1.87918579578399658203e+00) (5, -1.31069466471672058105e-01) (6, -2.69169151782989501953e-01) (7, -3.18263590335845947266e-01) (8, -4.02568519115447998047e-01) (9, 1.79230797290802001953e+00) (10, -5.16857290267944335938e+00) (11, -6.19847893714904785156e-01) (12, 1.77267992496490478516e+00) 
