FANN_FLO_2.1
num_layers=3
learning_rate=0.450000
connection_rate=1.000000
network_type=0
learning_momentum=0.000000
training_algorithm=2
train_error_function=1
train_stop_function=0
cascade_output_change_fraction=0.010000
quickprop_decay=-0.000100
quickprop_mu=1.750000
rprop_increase_factor=1.200000
rprop_decrease_factor=0.500000
rprop_delta_min=0.000000
rprop_delta_max=50.000000
rprop_delta_zero=0.100000
cascade_output_stagnation_epochs=12
cascade_candidate_change_fraction=0.010000
cascade_candidate_stagnation_epochs=12
cascade_max_out_epochs=150
cascade_min_out_epochs=50
cascade_max_cand_epochs=150
cascade_min_cand_epochs=50
cascade_num_candidate_groups=2
bit_fail_limit=3.49999994039535522461e-01
cascade_candidate_limit=1.00000000000000000000e+03
cascade_weight_multiplier=4.00000005960464477539e-01
cascade_activation_functions_count=10
cascade_activation_functions=3 5 7 8 10 11 14 15 16 17 
cascade_activation_steepnesses_count=4
cascade_activation_steepnesses=2.50000000000000000000e-01 5.00000000000000000000e-01 7.50000000000000000000e-01 1.00000000000000000000e+00 
layer_sizes=7 5 2 
scale_included=0
neurons (num_inputs, activation_function, activation_steepness)=(0, 0, 0.00000000000000000000e+00) (0, 0, 0.00000000000000000000e+00) (0, 0, 0.00000000000000000000e+00) (0, 0, 0.00000000000000000000e+00) (0, 0, 0.00000000000000000000e+00) (0, 0, 0.00000000000000000000e+00) (0, 0, 0.00000000000000000000e+00) (7, 3, 5.00000000000000000000e-01) (7, 3, 5.00000000000000000000e-01) (7, 3, 5.00000000000000000000e-01) (7, 3, 5.00000000000000000000e-01) (0, 3, 0.00000000000000000000e+00) (5, 0, 5.00000000000000000000e-01) (0, 0, 0.00000000000000000000e+00) 
connections (connected_to_neuron, weight)=(0, 7.55553283691406250000e+01) (1, -2.19171667098999023438e+00) (2, -3.04536193847656250000e+02) (3, -8.96974716186523437500e+01) (4, -9.36978225708007812500e+01) (5, -2.64422515869140625000e+02) (6, -5.32114267349243164062e-01) (0, 8.17571716308593750000e+01) (1, -1.74966919422149658203e+00) (2, 5.17988929748535156250e+01) (3, 1.26541223526000976562e+01) (4, 1.11012382507324218750e+01) (5, 6.18008537292480468750e+01) (6, -7.21463799476623535156e-01) (0, 9.97740983963012695312e-01) (1, 1.04960441589355468750e+00) (2, -1.84014785289764404297e+00) (3, 6.98843955993652343750e+00) (4, 7.23731613159179687500e+00) (5, -1.42785110473632812500e+01) (6, -1.22004806995391845703e+00) (0, 1.21063411235809326172e+00) (1, 1.10859274864196777344e+00) (2, -1.91836476325988769531e+00) (3, 6.99970769882202148438e+00) (4, 7.16901302337646484375e+00) (5, -1.42619142532348632812e+01) (6, -1.32837128639221191406e+00) (7, 2.00000038146972656250e+01) (8, 8.83328018188476562500e+01) (9, -4.41662445068359375000e+01) (10, -4.41689453125000000000e+01) (11, 1.29503691568970680237e-02) 
