FANN_FLO_2.1
num_layers=3
learning_rate=0.500000
connection_rate=1.000000
network_type=0
learning_momentum=0.000000
training_algorithm=2
train_error_function=1
train_stop_function=0
cascade_output_change_fraction=0.010000
quickprop_decay=-0.000100
quickprop_mu=1.750000
rprop_increase_factor=1.200000
rprop_decrease_factor=0.500000
rprop_delta_min=0.000000
rprop_delta_max=50.000000
rprop_delta_zero=0.100000
cascade_output_stagnation_epochs=12
cascade_candidate_change_fraction=0.010000
cascade_candidate_stagnation_epochs=12
cascade_max_out_epochs=150
cascade_min_out_epochs=50
cascade_max_cand_epochs=150
cascade_min_cand_epochs=50
cascade_num_candidate_groups=2
bit_fail_limit=3.49999994039535522461e-01
cascade_candidate_limit=1.00000000000000000000e+03
cascade_weight_multiplier=4.00000005960464477539e-01
cascade_activation_functions_count=10
cascade_activation_functions=3 5 7 8 10 11 14 15 16 17 
cascade_activation_steepnesses_count=4
cascade_activation_steepnesses=2.50000000000000000000e-01 5.00000000000000000000e-01 7.50000000000000000000e-01 1.00000000000000000000e+00 
layer_sizes=7 5 2 
scale_included=0
neurons (num_inputs, activation_function, activation_steepness)=(0, 0, 0.00000000000000000000e+00) (0, 0, 0.00000000000000000000e+00) (0, 0, 0.00000000000000000000e+00) (0, 0, 0.00000000000000000000e+00) (0, 0, 0.00000000000000000000e+00) (0, 0, 0.00000000000000000000e+00) (0, 0, 0.00000000000000000000e+00) (7, 3, 5.00000000000000000000e-01) (7, 3, 5.00000000000000000000e-01) (7, 3, 5.00000000000000000000e-01) (7, 3, 5.00000000000000000000e-01) (0, 3, 0.00000000000000000000e+00) (5, 0, 5.00000000000000000000e-01) (0, 0, 0.00000000000000000000e+00) 
connections (connected_to_neuron, weight)=(0, -8.26288521289825439453e-01) (1, -4.92798328399658203125e-01) (2, 1.42996585369110107422e+00) (3, -7.82169401645660400391e-01) (4, -8.37423026561737060547e-01) (5, 1.99522721767425537109e+00) (6, -7.93074750900268554688e+00) (0, -2.03831031918525695801e-01) (1, 7.20776170492172241211e-02) (2, -5.96650660037994384766e-01) (3, 8.75105634331703186035e-02) (4, 8.06217491626739501953e-02) (5, 4.50541794300079345703e-01) (6, -8.50702375173568725586e-02) (0, -4.50820066034793853760e-02) (1, 1.57806023955345153809e-01) (2, -2.08888575434684753418e-01) (3, 1.39088541269302368164e-01) (4, -2.37311148643493652344e+00) (5, 1.37594342231750488281e+00) (6, -2.59366440773010253906e+00) (0, 1.13667078316211700439e-01) (1, 7.04659596085548400879e-02) (2, 3.97515743970870971680e-01) (3, -2.41678413003683090210e-02) (4, -1.82637661695480346680e-01) (5, -4.37342107295989990234e-01) (6, 3.38933765888214111328e-02) (7, -1.46213725209236145020e-01) (8, -1.90217554569244384766e-01) (9, 1.10776829719543457031e+00) (10, -1.97947904467582702637e-01) (11, 1.91073656082153320312e-01) 
