FANN_FLO_2.1
num_layers=4
learning_rate=0.450000
connection_rate=1.000000
network_type=0
learning_momentum=0.000000
training_algorithm=2
train_error_function=1
train_stop_function=0
cascade_output_change_fraction=0.010000
quickprop_decay=-0.000100
quickprop_mu=1.750000
rprop_increase_factor=1.200000
rprop_decrease_factor=0.500000
rprop_delta_min=0.000000
rprop_delta_max=50.000000
rprop_delta_zero=0.100000
cascade_output_stagnation_epochs=12
cascade_candidate_change_fraction=0.010000
cascade_candidate_stagnation_epochs=12
cascade_max_out_epochs=150
cascade_min_out_epochs=50
cascade_max_cand_epochs=150
cascade_min_cand_epochs=50
cascade_num_candidate_groups=2
bit_fail_limit=3.49999994039535522461e-01
cascade_candidate_limit=1.00000000000000000000e+03
cascade_weight_multiplier=4.00000005960464477539e-01
cascade_activation_functions_count=10
cascade_activation_functions=3 5 7 8 10 11 14 15 16 17 
cascade_activation_steepnesses_count=4
cascade_activation_steepnesses=2.50000000000000000000e-01 5.00000000000000000000e-01 7.50000000000000000000e-01 1.00000000000000000000e+00 
layer_sizes=7 5 5 2 
scale_included=0
neurons (num_inputs, activation_function, activation_steepness)=(0, 0, 0.00000000000000000000e+00) (0, 0, 0.00000000000000000000e+00) (0, 0, 0.00000000000000000000e+00) (0, 0, 0.00000000000000000000e+00) (0, 0, 0.00000000000000000000e+00) (0, 0, 0.00000000000000000000e+00) (0, 0, 0.00000000000000000000e+00) (7, 3, 5.00000000000000000000e-01) (7, 3, 5.00000000000000000000e-01) (7, 3, 5.00000000000000000000e-01) (7, 3, 5.00000000000000000000e-01) (0, 3, 0.00000000000000000000e+00) (5, 3, 5.00000000000000000000e-01) (5, 3, 5.00000000000000000000e-01) (5, 3, 5.00000000000000000000e-01) (5, 3, 5.00000000000000000000e-01) (0, 3, 0.00000000000000000000e+00) (5, 0, 5.00000000000000000000e-01) (0, 0, 0.00000000000000000000e+00) 
connections (connected_to_neuron, weight)=(0, -2.64782867431640625000e+02) (1, 1.04232836914062500000e+03) (2, -1.05333044433593750000e+03) (3, -1.28293542480468750000e+03) (4, 3.92178077697753906250e+01) (5, -1.40969824218750000000e+03) (6, 4.27991485595703125000e+01) (0, -4.14782867431640625000e+02) (1, 8.99768737792968750000e+02) (2, -1.20333068847656250000e+03) (3, -1.29041564941406250000e+03) (4, 6.18931865692138671875e+00) (5, -1.40969824218750000000e+03) (6, 1.00982751846313476562e+01) (0, -2.91151981353759765625e+01) (1, -2.79554748535156250000e+01) (2, 8.46810379028320312500e+01) (3, -2.94579589843750000000e+02) (4, 6.87151193618774414062e-01) (5, 2.59370178222656250000e+02) (6, 4.20609891414642333984e-01) (0, -6.96578186035156250000e+02) (1, 4.98991729736328125000e+02) (2, 4.46871490478515625000e+02) (3, -1.23445690917968750000e+03) (4, 1.83850133419036865234e+00) (5, 5.18212585449218750000e+02) (6, 2.59228301048278808594e+00) (7, -8.30916118621826171875e+00) (8, -5.45567436218261718750e+01) (9, 3.31599975585937500000e+02) (10, 1.50000000000000000000e+03) (11, -5.98158884048461914062e+00) (7, -3.79488563537597656250e+00) (8, -1.92426636815071105957e-01) (9, 1.50000000000000000000e+03) (10, 1.50000000000000000000e+03) (11, -2.20295715332031250000e+00) (7, -1.45729625225067138672e+00) (8, -5.61334192752838134766e-01) (9, 8.31599975585937500000e+02) (10, 1.50000000000000000000e+03) (11, 4.66737570241093635559e-03) (7, -1.40429430007934570312e+01) (8, -2.35620051622390747070e-01) (9, 8.31599975585937500000e+02) (10, 1.50000000000000000000e+03) (11, -3.31212729215621948242e-01) (12, 1.43350585937500000000e+03) (13, -3.81937789916992187500e+01) (14, 3.37262421846389770508e-01) (15, 2.82102171331644058228e-02) (16, 4.08362857997417449951e-02) 
