FANN_FLO_2.1
num_layers=3
learning_rate=0.500000
connection_rate=1.000000
network_type=0
learning_momentum=0.000000
training_algorithm=2
train_error_function=1
train_stop_function=0
cascade_output_change_fraction=0.010000
quickprop_decay=-0.000100
quickprop_mu=1.750000
rprop_increase_factor=1.200000
rprop_decrease_factor=0.500000
rprop_delta_min=0.000000
rprop_delta_max=50.000000
rprop_delta_zero=0.100000
cascade_output_stagnation_epochs=12
cascade_candidate_change_fraction=0.010000
cascade_candidate_stagnation_epochs=12
cascade_max_out_epochs=150
cascade_min_out_epochs=50
cascade_max_cand_epochs=150
cascade_min_cand_epochs=50
cascade_num_candidate_groups=2
bit_fail_limit=3.49999994039535522461e-01
cascade_candidate_limit=1.00000000000000000000e+03
cascade_weight_multiplier=4.00000005960464477539e-01
cascade_activation_functions_count=10
cascade_activation_functions=3 5 7 8 10 11 14 15 16 17 
cascade_activation_steepnesses_count=4
cascade_activation_steepnesses=2.50000000000000000000e-01 5.00000000000000000000e-01 7.50000000000000000000e-01 1.00000000000000000000e+00 
layer_sizes=18 3 2 
scale_included=0
neurons (num_inputs, activation_function, activation_steepness)=(0, 0, 0.00000000000000000000e+00) (0, 0, 0.00000000000000000000e+00) (0, 0, 0.00000000000000000000e+00) (0, 0, 0.00000000000000000000e+00) (0, 0, 0.00000000000000000000e+00) (0, 0, 0.00000000000000000000e+00) (0, 0, 0.00000000000000000000e+00) (0, 0, 0.00000000000000000000e+00) (0, 0, 0.00000000000000000000e+00) (0, 0, 0.00000000000000000000e+00) (0, 0, 0.00000000000000000000e+00) (0, 0, 0.00000000000000000000e+00) (0, 0, 0.00000000000000000000e+00) (0, 0, 0.00000000000000000000e+00) (0, 0, 0.00000000000000000000e+00) (0, 0, 0.00000000000000000000e+00) (0, 0, 0.00000000000000000000e+00) (0, 0, 0.00000000000000000000e+00) (18, 3, 5.00000000000000000000e-01) (18, 3, 5.00000000000000000000e-01) (0, 3, 0.00000000000000000000e+00) (3, 0, 5.00000000000000000000e-01) (0, 0, 0.00000000000000000000e+00) 
connections (connected_to_neuron, weight)=(0, 8.20847570896148681641e-01) (1, 7.72825717926025390625e-01) (2, 8.41246306896209716797e-01) (3, 8.97181093692779541016e-01) (4, 8.61089944839477539062e-01) (5, -3.64531546831130981445e-01) (6, -3.78231853246688842773e-01) (7, 1.33799016475677490234e-01) (8, -7.29001522064208984375e-01) (9, 8.99875104427337646484e-01) (10, 1.02211701869964599609e+00) (11, 1.10206103324890136719e+00) (12, 1.06167674064636230469e+00) (13, 6.89171791076660156250e-01) (14, 7.68581926822662353516e-01) (15, 7.56058454513549804688e-01) (16, 9.75247979164123535156e-01) (17, -3.62890005111694335938e+00) (0, 9.35176670551300048828e-01) (1, 9.16594386100769042969e-01) (2, 7.56959736347198486328e-01) (3, 8.42450976371765136719e-01) (4, 8.25843453407287597656e-01) (5, -1.09578299522399902344e+00) (6, -1.32799053192138671875e+00) (7, -1.55748927593231201172e+00) (8, 3.48457932472229003906e-01) (9, 8.05523335933685302734e-01) (10, 7.88779377937316894531e-01) (11, 6.36953949928283691406e-01) (12, 8.37258756160736083984e-01) (13, 8.22644770145416259766e-01) (14, 8.93395245075225830078e-01) (15, 8.95582437515258789062e-01) (16, 8.02784919738769531250e-01) (17, -3.56981945037841796875e+00) (18, 5.06860446929931640625e+00) (19, 6.82877683639526367188e+00) (20, 2.64796447753906250000e+00) 
