FANN_FLO_2.1
num_layers=3
learning_rate=0.450000
connection_rate=1.000000
network_type=0
learning_momentum=0.000000
training_algorithm=2
train_error_function=1
train_stop_function=0
cascade_output_change_fraction=0.010000
quickprop_decay=-0.000100
quickprop_mu=1.750000
rprop_increase_factor=1.200000
rprop_decrease_factor=0.500000
rprop_delta_min=0.000000
rprop_delta_max=50.000000
rprop_delta_zero=0.100000
cascade_output_stagnation_epochs=12
cascade_candidate_change_fraction=0.010000
cascade_candidate_stagnation_epochs=12
cascade_max_out_epochs=150
cascade_min_out_epochs=50
cascade_max_cand_epochs=150
cascade_min_cand_epochs=50
cascade_num_candidate_groups=2
bit_fail_limit=3.49999994039535522461e-01
cascade_candidate_limit=1.00000000000000000000e+03
cascade_weight_multiplier=4.00000005960464477539e-01
cascade_activation_functions_count=10
cascade_activation_functions=3 5 7 8 10 11 14 15 16 17 
cascade_activation_steepnesses_count=4
cascade_activation_steepnesses=2.50000000000000000000e-01 5.00000000000000000000e-01 7.50000000000000000000e-01 1.00000000000000000000e+00 
layer_sizes=7 5 2 
scale_included=0
neurons (num_inputs, activation_function, activation_steepness)=(0, 0, 0.00000000000000000000e+00) (0, 0, 0.00000000000000000000e+00) (0, 0, 0.00000000000000000000e+00) (0, 0, 0.00000000000000000000e+00) (0, 0, 0.00000000000000000000e+00) (0, 0, 0.00000000000000000000e+00) (0, 0, 0.00000000000000000000e+00) (7, 3, 5.00000000000000000000e-01) (7, 3, 5.00000000000000000000e-01) (7, 3, 5.00000000000000000000e-01) (7, 3, 5.00000000000000000000e-01) (0, 3, 0.00000000000000000000e+00) (5, 0, 5.00000000000000000000e-01) (0, 0, 0.00000000000000000000e+00) 
connections (connected_to_neuron, weight)=(0, 2.67987325787544250488e-02) (1, 3.11065703630447387695e-01) (2, -3.28316539525985717773e-01) (3, -1.62353843450546264648e-01) (4, 8.45734775066375732422e-01) (5, -6.47266149520874023438e-01) (6, 1.48830378055572509766e+00) (0, -7.18668212890625000000e+01) (1, -1.29721481323242187500e+02) (2, -1.62031127929687500000e+02) (3, -9.48057651519775390625e-01) (4, -2.17816606163978576660e-01) (5, 1.84620475769042968750e+01) (6, -4.96404439210891723633e-01) (0, 3.83447952270507812500e+01) (1, -6.59561996459960937500e+01) (2, 3.91598968505859375000e+01) (3, -2.13349318504333496094e+00) (4, 1.76625639200210571289e-01) (5, -8.18754211425781250000e+02) (6, -1.48401141166687011719e+00) (0, 4.00700836181640625000e+01) (1, -6.59160842895507812500e+01) (2, 3.61652717590332031250e+01) (3, -1.76322960853576660156e+00) (4, -3.27105224132537841797e-01) (5, -5.66009460449218750000e+02) (6, -1.48249781131744384766e+00) (7, -1.06185786426067352295e-01) (8, 2.51010818481445312500e+02) (9, -1.51174917221069335938e+01) (10, 1.48765792846679687500e+01) (11, 1.05510942637920379639e-01) 
