FANN_FLO_2.1
num_layers=3
learning_rate=0.450000
connection_rate=1.000000
network_type=0
learning_momentum=0.000000
training_algorithm=2
train_error_function=1
train_stop_function=0
cascade_output_change_fraction=0.010000
quickprop_decay=-0.000100
quickprop_mu=1.750000
rprop_increase_factor=1.200000
rprop_decrease_factor=0.500000
rprop_delta_min=0.000000
rprop_delta_max=50.000000
rprop_delta_zero=0.100000
cascade_output_stagnation_epochs=12
cascade_candidate_change_fraction=0.010000
cascade_candidate_stagnation_epochs=12
cascade_max_out_epochs=150
cascade_min_out_epochs=50
cascade_max_cand_epochs=150
cascade_min_cand_epochs=50
cascade_num_candidate_groups=2
bit_fail_limit=3.49999994039535522461e-01
cascade_candidate_limit=1.00000000000000000000e+03
cascade_weight_multiplier=4.00000005960464477539e-01
cascade_activation_functions_count=10
cascade_activation_functions=3 5 7 8 10 11 14 15 16 17 
cascade_activation_steepnesses_count=4
cascade_activation_steepnesses=2.50000000000000000000e-01 5.00000000000000000000e-01 7.50000000000000000000e-01 1.00000000000000000000e+00 
layer_sizes=7 5 2 
scale_included=0
neurons (num_inputs, activation_function, activation_steepness)=(0, 0, 0.00000000000000000000e+00) (0, 0, 0.00000000000000000000e+00) (0, 0, 0.00000000000000000000e+00) (0, 0, 0.00000000000000000000e+00) (0, 0, 0.00000000000000000000e+00) (0, 0, 0.00000000000000000000e+00) (0, 0, 0.00000000000000000000e+00) (7, 3, 5.00000000000000000000e-01) (7, 3, 5.00000000000000000000e-01) (7, 3, 5.00000000000000000000e-01) (7, 3, 5.00000000000000000000e-01) (0, 3, 0.00000000000000000000e+00) (5, 0, 5.00000000000000000000e-01) (0, 0, 0.00000000000000000000e+00) 
connections (connected_to_neuron, weight)=(0, -8.62731225788593292236e-03) (1, -1.25261318683624267578e+00) (2, 2.95256710052490234375e+00) (3, -6.86492919921875000000e-01) (4, -1.46134197711944580078e-01) (5, -5.60964941978454589844e-01) (6, -6.99366211891174316406e-01) (0, -2.15648546814918518066e-01) (1, 4.37356859445571899414e-01) (2, -1.45598781108856201172e+00) (3, -4.85188305377960205078e-01) (4, 1.23213507235050201416e-01) (5, 1.38030576705932617188e+00) (6, -1.07957398891448974609e+00) (0, 4.61890369653701782227e-01) (1, 5.14515459537506103516e-01) (2, 8.73782932758331298828e-01) (3, -9.88169610500335693359e-01) (4, 9.33871343731880187988e-02) (5, -1.46030116081237792969e+00) (6, -7.91618108749389648438e-01) (0, 9.13338065147399902344e-01) (1, -1.05411589145660400391e+00) (2, 1.00519335269927978516e+00) (3, -8.39388668537139892578e-01) (4, 6.21279048919677734375e+00) (5, -3.54439973831176757812e+00) (6, -2.47263595461845397949e-01) (7, -1.03699490427970886230e-02) (8, -1.98701452463865280151e-02) (9, -1.42770586535334587097e-02) (10, -5.27591228485107421875e-01) (11, 5.48733890056610107422e-01) 
