FANN_FLO_2.1
num_layers=4
learning_rate=0.300000
connection_rate=1.000000
network_type=0
learning_momentum=0.000000
training_algorithm=2
train_error_function=1
train_stop_function=0
cascade_output_change_fraction=0.010000
quickprop_decay=-0.000100
quickprop_mu=1.750000
rprop_increase_factor=1.200000
rprop_decrease_factor=0.500000
rprop_delta_min=0.000000
rprop_delta_max=50.000000
rprop_delta_zero=0.100000
cascade_output_stagnation_epochs=12
cascade_candidate_change_fraction=0.010000
cascade_candidate_stagnation_epochs=12
cascade_max_out_epochs=150
cascade_min_out_epochs=50
cascade_max_cand_epochs=150
cascade_min_cand_epochs=50
cascade_num_candidate_groups=2
bit_fail_limit=3.49999994039535522461e-01
cascade_candidate_limit=1.00000000000000000000e+03
cascade_weight_multiplier=4.00000005960464477539e-01
cascade_activation_functions_count=10
cascade_activation_functions=3 5 7 8 10 11 14 15 16 17 
cascade_activation_steepnesses_count=4
cascade_activation_steepnesses=2.50000000000000000000e-01 5.00000000000000000000e-01 7.50000000000000000000e-01 1.00000000000000000000e+00 
layer_sizes=2 5 3 3 
scale_included=0
neurons (num_inputs, activation_function, activation_steepness)=(0, 0, 0.00000000000000000000e+00) (0, 0, 0.00000000000000000000e+00) (2, 3, 5.00000000000000000000e-01) (2, 3, 5.00000000000000000000e-01) (2, 3, 5.00000000000000000000e-01) (2, 3, 5.00000000000000000000e-01) (0, 3, 0.00000000000000000000e+00) (5, 3, 5.00000000000000000000e-01) (5, 3, 5.00000000000000000000e-01) (0, 3, 0.00000000000000000000e+00) (3, 0, 5.00000000000000000000e-01) (3, 0, 5.00000000000000000000e-01) (0, 0, 0.00000000000000000000e+00) 
connections (connected_to_neuron, weight)=(0, -3.45170760154724121094e+00) (1, -5.68533802032470703125e+00) (0, 7.98188829421997070312e+00) (1, 9.95666563510894775391e-01) (0, -2.28279209136962890625e+00) (1, -4.27975463867187500000e+00) (0, -2.52043318748474121094e+00) (1, -4.32536792755126953125e+00) (2, -2.57922244071960449219e+00) (3, -1.48304235935211181641e+00) (4, -5.68835496902465820312e-01) (5, -6.41187489032745361328e-01) (6, -4.40329089760780334473e-02) (2, -7.97180533409118652344e-01) (3, -3.52451181411743164062e+00) (4, -6.33129596710205078125e-01) (5, -2.48650476336479187012e-01) (6, 8.70779156684875488281e-02) (7, -1.65632650256156921387e-01) (8, 1.15095049142837524414e-01) (9, -3.66539554670453071594e-03) (7, -2.03193426132202148438e+00) (8, -1.14231920242309570312e+00) (9, -8.37642252445220947266e-01) 
