FANN_FLO_2.1
num_layers=3
learning_rate=0.300000
connection_rate=1.000000
network_type=0
learning_momentum=0.000000
training_algorithm=2
train_error_function=1
train_stop_function=0
cascade_output_change_fraction=0.010000
quickprop_decay=-0.000100
quickprop_mu=1.750000
rprop_increase_factor=1.200000
rprop_decrease_factor=0.500000
rprop_delta_min=0.000000
rprop_delta_max=50.000000
rprop_delta_zero=0.100000
cascade_output_stagnation_epochs=12
cascade_candidate_change_fraction=0.010000
cascade_candidate_stagnation_epochs=12
cascade_max_out_epochs=150
cascade_min_out_epochs=50
cascade_max_cand_epochs=150
cascade_min_cand_epochs=50
cascade_num_candidate_groups=2
bit_fail_limit=3.49999994039535522461e-01
cascade_candidate_limit=1.00000000000000000000e+03
cascade_weight_multiplier=4.00000005960464477539e-01
cascade_activation_functions_count=10
cascade_activation_functions=3 5 7 8 10 11 14 15 16 17 
cascade_activation_steepnesses_count=4
cascade_activation_steepnesses=2.50000000000000000000e-01 5.00000000000000000000e-01 7.50000000000000000000e-01 1.00000000000000000000e+00 
layer_sizes=4 9 2 
scale_included=0
neurons (num_inputs, activation_function, activation_steepness)=(0, 0, 0.00000000000000000000e+00) (0, 0, 0.00000000000000000000e+00) (0, 0, 0.00000000000000000000e+00) (0, 0, 0.00000000000000000000e+00) (4, 3, 5.00000000000000000000e-01) (4, 3, 5.00000000000000000000e-01) (4, 3, 5.00000000000000000000e-01) (4, 3, 5.00000000000000000000e-01) (4, 3, 5.00000000000000000000e-01) (4, 3, 5.00000000000000000000e-01) (4, 3, 5.00000000000000000000e-01) (4, 3, 5.00000000000000000000e-01) (0, 3, 0.00000000000000000000e+00) (9, 3, 5.00000000000000000000e-01) (0, 3, 0.00000000000000000000e+00) 
connections (connected_to_neuron, weight)=(0, 1.42345153808593750000e+02) (1, 2.68218803405761718750e+01) (2, -6.01968627929687500000e+02) (3, 2.71070041656494140625e+01) (0, -1.73836305737495422363e-01) (1, 2.71991848945617675781e-01) (2, -1.91012239456176757812e+00) (3, 4.71574544906616210938e+00) (0, -1.85187327861785888672e+00) (1, 1.11510932445526123047e+00) (2, -1.81940114498138427734e+00) (3, 5.09352922439575195312e+00) (0, 3.73957678675651550293e-02) (1, 2.06377640366554260254e-01) (2, -3.61007332801818847656e+00) (3, 1.35910809040069580078e+00) (0, -3.82919692993164062500e+00) (1, 1.48666754364967346191e-01) (2, 1.25133657455444335938e+01) (3, -7.49745011329650878906e-01) (0, -1.72363746166229248047e+00) (1, 1.04933762550354003906e+00) (2, -1.25248730182647705078e+00) (3, 3.71030592918395996094e+00) (0, 1.50000000000000000000e+03) (1, 1.50000000000000000000e+03) (2, 1.50000000000000000000e+03) (3, 8.82411479949951171875e-01) (0, -1.90352395176887512207e-01) (1, 1.83743715286254882812e-01) (2, -8.82114946842193603516e-01) (3, 1.69134902954101562500e+00) (4, 5.00000000000000000000e+01) (5, -7.29259550571441650391e-01) (6, -3.33795160055160522461e-01) (7, -2.96801686286926269531e-01) (8, 6.88306093215942382812e-01) (9, -9.91001874208450317383e-02) (10, 4.20235693454742431641e-01) (11, -7.23350715637207031250e+00) (12, 3.81291031837463378906e-01) 
