FANN_FLO_2.1
num_layers=3
learning_rate=0.500000
connection_rate=1.000000
network_type=0
learning_momentum=0.000000
training_algorithm=2
train_error_function=1
train_stop_function=0
cascade_output_change_fraction=0.010000
quickprop_decay=-0.000100
quickprop_mu=1.750000
rprop_increase_factor=1.200000
rprop_decrease_factor=0.500000
rprop_delta_min=0.000000
rprop_delta_max=50.000000
rprop_delta_zero=0.100000
cascade_output_stagnation_epochs=12
cascade_candidate_change_fraction=0.010000
cascade_candidate_stagnation_epochs=12
cascade_max_out_epochs=150
cascade_min_out_epochs=50
cascade_max_cand_epochs=150
cascade_min_cand_epochs=50
cascade_num_candidate_groups=2
bit_fail_limit=3.49999994039535522461e-01
cascade_candidate_limit=1.00000000000000000000e+03
cascade_weight_multiplier=4.00000005960464477539e-01
cascade_activation_functions_count=10
cascade_activation_functions=3 5 7 8 10 11 14 15 16 17 
cascade_activation_steepnesses_count=4
cascade_activation_steepnesses=2.50000000000000000000e-01 5.00000000000000000000e-01 7.50000000000000000000e-01 1.00000000000000000000e+00 
layer_sizes=10 3 2 
scale_included=0
neurons (num_inputs, activation_function, activation_steepness)=(0, 0, 0.00000000000000000000e+00) (0, 0, 0.00000000000000000000e+00) (0, 0, 0.00000000000000000000e+00) (0, 0, 0.00000000000000000000e+00) (0, 0, 0.00000000000000000000e+00) (0, 0, 0.00000000000000000000e+00) (0, 0, 0.00000000000000000000e+00) (0, 0, 0.00000000000000000000e+00) (0, 0, 0.00000000000000000000e+00) (0, 0, 0.00000000000000000000e+00) (10, 3, 5.00000000000000000000e-01) (10, 3, 5.00000000000000000000e-01) (0, 3, 0.00000000000000000000e+00) (3, 3, 5.00000000000000000000e-01) (0, 3, 0.00000000000000000000e+00) 
connections (connected_to_neuron, weight)=(0, -4.29015100002288818359e-01) (1, -5.51119863986968994141e-01) (2, -5.79703748226165771484e-01) (3, -5.14259874820709228516e-01) (4, -5.60582220554351806641e-01) (5, -4.22761559486389160156e-01) (6, -5.53079485893249511719e-01) (7, -3.93918842077255249023e-01) (8, -5.87650716304779052734e-01) (9, 1.66577124595642089844e+00) (0, -6.33543491363525390625e-01) (1, -5.34663319587707519531e-01) (2, -4.21452015638351440430e-01) (3, -4.42781686782836914062e-01) (4, -5.05475699901580810547e-01) (5, -6.11340105533599853516e-01) (6, -5.63185751438140869141e-01) (7, -5.93489885330200195312e-01) (8, -4.48771506547927856445e-01) (9, 1.90250957012176513672e+00) (10, -1.87523055076599121094e+00) (11, -1.98535239696502685547e+00) (12, 1.42512786388397216797e+00) 
