FANN_FLO_2.1
num_layers=4
learning_rate=0.300000
connection_rate=1.000000
network_type=0
learning_momentum=0.000000
training_algorithm=2
train_error_function=1
train_stop_function=0
cascade_output_change_fraction=0.010000
quickprop_decay=-0.000100
quickprop_mu=1.750000
rprop_increase_factor=1.200000
rprop_decrease_factor=0.500000
rprop_delta_min=0.000000
rprop_delta_max=50.000000
rprop_delta_zero=0.100000
cascade_output_stagnation_epochs=12
cascade_candidate_change_fraction=0.010000
cascade_candidate_stagnation_epochs=12
cascade_max_out_epochs=150
cascade_min_out_epochs=50
cascade_max_cand_epochs=150
cascade_min_cand_epochs=50
cascade_num_candidate_groups=2
bit_fail_limit=3.49999994039535522461e-01
cascade_candidate_limit=1.00000000000000000000e+03
cascade_weight_multiplier=4.00000005960464477539e-01
cascade_activation_functions_count=10
cascade_activation_functions=3 5 7 8 10 11 14 15 16 17 
cascade_activation_steepnesses_count=4
cascade_activation_steepnesses=2.50000000000000000000e-01 5.00000000000000000000e-01 7.50000000000000000000e-01 1.00000000000000000000e+00 
layer_sizes=2 5 5 3 
scale_included=0
neurons (num_inputs, activation_function, activation_steepness)=(0, 0, 0.00000000000000000000e+00) (0, 0, 0.00000000000000000000e+00) (2, 3, 5.00000000000000000000e-01) (2, 3, 5.00000000000000000000e-01) (2, 3, 5.00000000000000000000e-01) (2, 3, 5.00000000000000000000e-01) (0, 3, 0.00000000000000000000e+00) (5, 3, 5.00000000000000000000e-01) (5, 3, 5.00000000000000000000e-01) (5, 3, 5.00000000000000000000e-01) (5, 3, 5.00000000000000000000e-01) (0, 3, 0.00000000000000000000e+00) (5, 0, 5.00000000000000000000e-01) (5, 0, 5.00000000000000000000e-01) (0, 0, 0.00000000000000000000e+00) 
connections (connected_to_neuron, weight)=(0, 1.45565009117126464844e+00) (1, 3.19381260871887207031e+00) (0, 4.02139091491699218750e+00) (1, 2.04596191644668579102e-01) (0, -1.11441669464111328125e+01) (1, -2.01432538032531738281e+00) (0, -5.70955216884613037109e-01) (1, -5.82825005054473876953e-01) (2, -5.10901832580566406250e+00) (3, 8.59733879566192626953e-01) (4, 1.67389440536499023438e+00) (5, 1.66434001922607421875e+00) (6, -2.32213094830513000488e-01) (2, -5.72630929946899414062e+00) (3, 3.64852676391601562500e+01) (4, 2.35779523849487304688e-01) (5, 5.91681420803070068359e-01) (6, 2.20813766121864318848e-01) (2, 1.31375670433044433594e+00) (3, -7.48763656616210937500e+00) (4, 1.26662552356719970703e+00) (5, 1.47907614707946777344e+00) (6, 1.06581246852874755859e+00) (2, -8.30148577690124511719e-01) (3, -2.91054940223693847656e+00) (4, 6.08929276466369628906e-01) (5, 8.74190628528594970703e-01) (6, 1.15542337298393249512e-01) (7, -1.56144183129072189331e-02) (8, -8.95622223615646362305e-02) (9, 4.65472079813480377197e-02) (10, 1.21657252311706542969e-01) (11, -7.77022168040275573730e-02) (7, -7.24960446357727050781e-01) (8, -7.09227919578552246094e-01) (9, -5.49186348915100097656e-01) (10, -4.84709054231643676758e-01) (11, -4.47663515806198120117e-01) 
