FANN_FLO_2.1
num_layers=3
learning_rate=0.400000
connection_rate=1.000000
network_type=0
learning_momentum=0.000000
training_algorithm=2
train_error_function=1
train_stop_function=0
cascade_output_change_fraction=0.010000
quickprop_decay=-0.000100
quickprop_mu=1.750000
rprop_increase_factor=1.200000
rprop_decrease_factor=0.500000
rprop_delta_min=0.000000
rprop_delta_max=50.000000
rprop_delta_zero=0.100000
cascade_output_stagnation_epochs=12
cascade_candidate_change_fraction=0.010000
cascade_candidate_stagnation_epochs=12
cascade_max_out_epochs=150
cascade_min_out_epochs=50
cascade_max_cand_epochs=150
cascade_min_cand_epochs=50
cascade_num_candidate_groups=2
bit_fail_limit=3.49999994039535522461e-01
cascade_candidate_limit=1.00000000000000000000e+03
cascade_weight_multiplier=4.00000005960464477539e-01
cascade_activation_functions_count=10
cascade_activation_functions=3 5 7 8 10 11 14 15 16 17 
cascade_activation_steepnesses_count=4
cascade_activation_steepnesses=2.50000000000000000000e-01 5.00000000000000000000e-01 7.50000000000000000000e-01 1.00000000000000000000e+00 
layer_sizes=10 3 2 
scale_included=0
neurons (num_inputs, activation_function, activation_steepness)=(0, 0, 0.00000000000000000000e+00) (0, 0, 0.00000000000000000000e+00) (0, 0, 0.00000000000000000000e+00) (0, 0, 0.00000000000000000000e+00) (0, 0, 0.00000000000000000000e+00) (0, 0, 0.00000000000000000000e+00) (0, 0, 0.00000000000000000000e+00) (0, 0, 0.00000000000000000000e+00) (0, 0, 0.00000000000000000000e+00) (0, 0, 0.00000000000000000000e+00) (10, 3, 5.00000000000000000000e-01) (10, 3, 5.00000000000000000000e-01) (0, 3, 0.00000000000000000000e+00) (3, 3, 5.00000000000000000000e-01) (0, 3, 0.00000000000000000000e+00) 
connections (connected_to_neuron, weight)=(0, -1.47553309798240661621e-01) (1, -5.53935095667839050293e-02) (2, -1.54734119772911071777e-01) (3, -2.05741003155708312988e-02) (4, -1.04150876402854919434e-01) (5, -1.52626454830169677734e-01) (6, -8.03759619593620300293e-02) (7, -5.04802241921424865723e-02) (8, -1.29746690392494201660e-01) (9, -9.84763354063034057617e-02) (0, -6.69987425208091735840e-02) (1, -1.98497205972671508789e-01) (2, -1.60323873162269592285e-01) (3, -1.10572829842567443848e-01) (4, -5.28366789221763610840e-02) (5, -2.20057889819145202637e-02) (6, -1.26625522971153259277e-01) (7, -5.81300780177116394043e-02) (8, -1.04451403021812438965e-01) (9, -2.00052827596664428711e-01) (10, -3.42117026448249816895e-02) (11, -6.46256729960441589355e-02) (12, -3.65773364901542663574e-02) 
