FANN_FLO_2.1
num_layers=4
learning_rate=0.300000
connection_rate=1.000000
network_type=0
learning_momentum=0.000000
training_algorithm=2
train_error_function=1
train_stop_function=0
cascade_output_change_fraction=0.010000
quickprop_decay=-0.000100
quickprop_mu=1.750000
rprop_increase_factor=1.200000
rprop_decrease_factor=0.500000
rprop_delta_min=0.000000
rprop_delta_max=50.000000
rprop_delta_zero=0.100000
cascade_output_stagnation_epochs=12
cascade_candidate_change_fraction=0.010000
cascade_candidate_stagnation_epochs=12
cascade_max_out_epochs=150
cascade_min_out_epochs=50
cascade_max_cand_epochs=150
cascade_min_cand_epochs=50
cascade_num_candidate_groups=2
bit_fail_limit=3.49999994039535522461e-01
cascade_candidate_limit=1.00000000000000000000e+03
cascade_weight_multiplier=4.00000005960464477539e-01
cascade_activation_functions_count=10
cascade_activation_functions=3 5 7 8 10 11 14 15 16 17 
cascade_activation_steepnesses_count=4
cascade_activation_steepnesses=2.50000000000000000000e-01 5.00000000000000000000e-01 7.50000000000000000000e-01 1.00000000000000000000e+00 
layer_sizes=2 5 5 3 
scale_included=0
neurons (num_inputs, activation_function, activation_steepness)=(0, 0, 0.00000000000000000000e+00) (0, 0, 0.00000000000000000000e+00) (2, 3, 5.00000000000000000000e-01) (2, 3, 5.00000000000000000000e-01) (2, 3, 5.00000000000000000000e-01) (2, 3, 5.00000000000000000000e-01) (0, 3, 0.00000000000000000000e+00) (5, 3, 5.00000000000000000000e-01) (5, 3, 5.00000000000000000000e-01) (5, 3, 5.00000000000000000000e-01) (5, 3, 5.00000000000000000000e-01) (0, 3, 0.00000000000000000000e+00) (5, 0, 5.00000000000000000000e-01) (5, 0, 5.00000000000000000000e-01) (0, 0, 0.00000000000000000000e+00) 
connections (connected_to_neuron, weight)=(0, -1.72366542816162109375e+01) (1, -3.44609856605529785156e+00) (0, -2.68780231475830078125e+00) (1, -2.56476663053035736084e-02) (0, -5.94330453872680664062e+00) (1, -2.38263916969299316406e+00) (0, -1.86282024383544921875e+01) (1, -3.86318087577819824219e+00) (2, 1.13303363323211669922e-01) (3, -4.52293455600738525391e-02) (4, -4.77508246898651123047e-01) (5, 1.52796971797943115234e+00) (6, -3.53756248950958251953e-01) (2, 5.16569502651691436768e-02) (3, 7.09376484155654907227e-02) (4, -3.66884201765060424805e-01) (5, 7.52818942070007324219e-01) (6, -9.09324083477258682251e-03) (2, 6.26871287822723388672e-01) (3, -3.08633661270141601562e+00) (4, -5.59665155410766601562e+00) (5, 4.20785713195800781250e+00) (6, -2.08635836839675903320e-01) (2, 5.90198695659637451172e-01) (3, -1.41171026229858398438e+00) (4, -5.81428408622741699219e-01) (5, 3.99005103111267089844e+00) (6, -1.38046562671661376953e+00) (7, -8.16892459988594055176e-02) (8, -9.01256203651428222656e-02) (9, -6.74391612410545349121e-02) (10, 5.60762584209442138672e-02) (11, 6.74994960427284240723e-02) (7, -4.29824471473693847656e-01) (8, -2.59532511234283447266e-01) (9, -4.45078516006469726562e+00) (10, -6.95362806320190429688e-01) (11, -2.61647135019302368164e-01) 
