FANN_FLO_2.1
num_layers=3
learning_rate=0.300000
connection_rate=1.000000
network_type=0
learning_momentum=0.000000
training_algorithm=2
train_error_function=1
train_stop_function=0
cascade_output_change_fraction=0.010000
quickprop_decay=-0.000100
quickprop_mu=1.750000
rprop_increase_factor=1.200000
rprop_decrease_factor=0.500000
rprop_delta_min=0.000000
rprop_delta_max=50.000000
rprop_delta_zero=0.100000
cascade_output_stagnation_epochs=12
cascade_candidate_change_fraction=0.010000
cascade_candidate_stagnation_epochs=12
cascade_max_out_epochs=150
cascade_min_out_epochs=50
cascade_max_cand_epochs=150
cascade_min_cand_epochs=50
cascade_num_candidate_groups=2
bit_fail_limit=3.49999994039535522461e-01
cascade_candidate_limit=1.00000000000000000000e+03
cascade_weight_multiplier=4.00000005960464477539e-01
cascade_activation_functions_count=10
cascade_activation_functions=3 5 7 8 10 11 14 15 16 17 
cascade_activation_steepnesses_count=4
cascade_activation_steepnesses=2.50000000000000000000e-01 5.00000000000000000000e-01 7.50000000000000000000e-01 1.00000000000000000000e+00 
layer_sizes=4 9 2 
scale_included=0
neurons (num_inputs, activation_function, activation_steepness)=(0, 0, 0.00000000000000000000e+00) (0, 0, 0.00000000000000000000e+00) (0, 0, 0.00000000000000000000e+00) (0, 0, 0.00000000000000000000e+00) (4, 3, 5.00000000000000000000e-01) (4, 3, 5.00000000000000000000e-01) (4, 3, 5.00000000000000000000e-01) (4, 3, 5.00000000000000000000e-01) (4, 3, 5.00000000000000000000e-01) (4, 3, 5.00000000000000000000e-01) (4, 3, 5.00000000000000000000e-01) (4, 3, 5.00000000000000000000e-01) (0, 3, 0.00000000000000000000e+00) (9, 3, 5.00000000000000000000e-01) (0, 3, 0.00000000000000000000e+00) 
connections (connected_to_neuron, weight)=(0, -3.59171271324157714844e-01) (1, 3.95654767751693725586e-01) (2, -8.59823167324066162109e-01) (3, 3.67306798696517944336e-01) (0, -6.02554500102996826172e-01) (1, 1.54679715633392333984e+00) (2, -6.75627899169921875000e+00) (3, 8.83615553379058837891e-01) (0, 2.95321524143218994141e-01) (1, -1.59227281808853149414e-01) (2, 4.26910400390625000000e-01) (3, -2.87612169981002807617e-01) (0, -6.33860707283020019531e-01) (1, 4.49971914291381835938e-01) (2, -7.27154910564422607422e-01) (3, 3.82936924695968627930e-01) (0, -7.10315853357315063477e-02) (1, 2.29376479983329772949e-02) (2, -1.72784641385078430176e-01) (3, 1.18274831771850585938e+00) (0, 3.07272940874099731445e-01) (1, -2.54834140650928020477e-03) (2, 2.28340640664100646973e-01) (3, -7.16048622131347656250e+00) (0, -6.08113825321197509766e-01) (1, 1.53508937358856201172e+00) (2, -6.65131711959838867188e+00) (3, 8.72641861438751220703e-01) (0, -8.26818197965621948242e-02) (1, 5.06268851459026336670e-02) (2, -8.95300447940826416016e-01) (3, 3.52173280715942382812e+00) (4, -1.76992923021316528320e-01) (5, -3.37941676378250122070e-01) (6, 4.66765761375427246094e-01) (7, -7.23087191581726074219e-01) (8, -2.98390793800354003906e+00) (9, 2.08407592773437500000e+00) (10, -3.20532381534576416016e-01) (11, -1.09516298770904541016e+00) (12, -1.64163291454315185547e-01) 
