FANN_FLO_2.1
num_layers=3
learning_rate=0.450000
connection_rate=1.000000
network_type=0
learning_momentum=0.000000
training_algorithm=2
train_error_function=1
train_stop_function=0
cascade_output_change_fraction=0.010000
quickprop_decay=-0.000100
quickprop_mu=1.750000
rprop_increase_factor=1.200000
rprop_decrease_factor=0.500000
rprop_delta_min=0.000000
rprop_delta_max=50.000000
rprop_delta_zero=0.100000
cascade_output_stagnation_epochs=12
cascade_candidate_change_fraction=0.010000
cascade_candidate_stagnation_epochs=12
cascade_max_out_epochs=150
cascade_min_out_epochs=50
cascade_max_cand_epochs=150
cascade_min_cand_epochs=50
cascade_num_candidate_groups=2
bit_fail_limit=3.49999994039535522461e-01
cascade_candidate_limit=1.00000000000000000000e+03
cascade_weight_multiplier=4.00000005960464477539e-01
cascade_activation_functions_count=10
cascade_activation_functions=3 5 7 8 10 11 14 15 16 17 
cascade_activation_steepnesses_count=4
cascade_activation_steepnesses=2.50000000000000000000e-01 5.00000000000000000000e-01 7.50000000000000000000e-01 1.00000000000000000000e+00 
layer_sizes=7 5 2 
scale_included=0
neurons (num_inputs, activation_function, activation_steepness)=(0, 0, 0.00000000000000000000e+00) (0, 0, 0.00000000000000000000e+00) (0, 0, 0.00000000000000000000e+00) (0, 0, 0.00000000000000000000e+00) (0, 0, 0.00000000000000000000e+00) (0, 0, 0.00000000000000000000e+00) (0, 0, 0.00000000000000000000e+00) (7, 3, 5.00000000000000000000e-01) (7, 3, 5.00000000000000000000e-01) (7, 3, 5.00000000000000000000e-01) (7, 3, 5.00000000000000000000e-01) (0, 3, 0.00000000000000000000e+00) (5, 0, 5.00000000000000000000e-01) (0, 0, 0.00000000000000000000e+00) 
connections (connected_to_neuron, weight)=(0, -8.08704757690429687500e+00) (1, -5.45169651508331298828e-01) (2, 1.29448137283325195312e+01) (3, -3.46625709533691406250e+00) (4, -6.48853421211242675781e-01) (5, -1.71819782257080078125e+01) (6, -7.47310817241668701172e-01) (0, -1.17290237426757812500e+02) (1, -5.11695098876953125000e+00) (2, 1.30837509155273437500e+02) (3, -1.07542266845703125000e+01) (4, -5.55988407135009765625e+00) (5, 1.38739776611328125000e+01) (6, -1.85318422317504882812e+00) (0, -3.83822669982910156250e+01) (1, -2.02936220169067382812e+00) (2, -3.68450103759765625000e+02) (3, -3.96804738044738769531e+00) (4, -2.48336434364318847656e+00) (5, -1.01199020385742187500e+02) (6, -1.00885117053985595703e+00) (0, -4.67415046691894531250e+01) (1, -3.16936802864074707031e+00) (2, 7.22162017822265625000e+01) (3, -8.32981491088867187500e+00) (4, -3.18639373779296875000e+00) (5, -1.07649642944335937500e+02) (6, 3.64484488964080810547e-02) (7, -4.32584045410156250000e+02) (8, -1.50000000000000000000e+03) (9, -7.00000000000000000000e+02) (10, 4.32732330322265625000e+02) (11, 3.29167619347572326660e-02) 
