FANN_FLO_2.1
num_layers=4
learning_rate=0.450000
connection_rate=1.000000
network_type=0
learning_momentum=0.000000
training_algorithm=2
train_error_function=1
train_stop_function=0
cascade_output_change_fraction=0.010000
quickprop_decay=-0.000100
quickprop_mu=1.750000
rprop_increase_factor=1.200000
rprop_decrease_factor=0.500000
rprop_delta_min=0.000000
rprop_delta_max=50.000000
rprop_delta_zero=0.100000
cascade_output_stagnation_epochs=12
cascade_candidate_change_fraction=0.010000
cascade_candidate_stagnation_epochs=12
cascade_max_out_epochs=150
cascade_min_out_epochs=50
cascade_max_cand_epochs=150
cascade_min_cand_epochs=50
cascade_num_candidate_groups=2
bit_fail_limit=3.49999994039535522461e-01
cascade_candidate_limit=1.00000000000000000000e+03
cascade_weight_multiplier=4.00000005960464477539e-01
cascade_activation_functions_count=10
cascade_activation_functions=3 5 7 8 10 11 14 15 16 17 
cascade_activation_steepnesses_count=4
cascade_activation_steepnesses=2.50000000000000000000e-01 5.00000000000000000000e-01 7.50000000000000000000e-01 1.00000000000000000000e+00 
layer_sizes=7 5 5 2 
scale_included=0
neurons (num_inputs, activation_function, activation_steepness)=(0, 0, 0.00000000000000000000e+00) (0, 0, 0.00000000000000000000e+00) (0, 0, 0.00000000000000000000e+00) (0, 0, 0.00000000000000000000e+00) (0, 0, 0.00000000000000000000e+00) (0, 0, 0.00000000000000000000e+00) (0, 0, 0.00000000000000000000e+00) (7, 3, 5.00000000000000000000e-01) (7, 3, 5.00000000000000000000e-01) (7, 3, 5.00000000000000000000e-01) (7, 3, 5.00000000000000000000e-01) (0, 3, 0.00000000000000000000e+00) (5, 3, 5.00000000000000000000e-01) (5, 3, 5.00000000000000000000e-01) (5, 3, 5.00000000000000000000e-01) (5, 3, 5.00000000000000000000e-01) (0, 3, 0.00000000000000000000e+00) (5, 0, 5.00000000000000000000e-01) (0, 0, 0.00000000000000000000e+00) 
connections (connected_to_neuron, weight)=(0, 1.00569796562194824219e+00) (1, 4.77983673095703125000e+02) (2, 3.31946849822998046875e-01) (3, -1.78264901041984558105e-01) (4, 6.75546325683593750000e+02) (5, -5.91382812500000000000e+02) (6, 3.61810493469238281250e+00) (0, 2.69996523857116699219e-01) (1, 1.41172602772712707520e-01) (2, 4.88876724243164062500e+00) (3, -7.30551108717918395996e-02) (4, -4.67949770390987396240e-02) (5, 4.08901840448379516602e-01) (6, -8.45397186279296875000e+00) (0, 8.39730128645896911621e-02) (1, 2.67788600921630859375e+00) (2, -2.61474475860595703125e+01) (3, 2.56086379289627075195e-01) (4, -2.90118861198425292969e+00) (5, -1.07803955674171447754e-01) (6, -2.00350451469421386719e+00) (0, -4.68961060047149658203e-01) (1, 6.11176013946533203125e-01) (2, 1.21962718665599822998e-01) (3, -7.90421307086944580078e-01) (4, 8.41479110717773437500e+00) (5, 2.04719118773937225342e-02) (6, -2.38500252366065979004e-01) (7, -9.80493649840354919434e-02) (8, 4.00193780660629272461e-01) (9, 9.73416030406951904297e-01) (10, -1.25130522251129150391e+00) (11, -1.48401945829391479492e-01) (7, 2.58746355772018432617e-01) (8, -1.00406372547149658203e+00) (9, 6.73611342906951904297e-01) (10, 2.23506450653076171875e-01) (11, 1.07852518558502197266e-02) (7, 1.47590234375000000000e+03) (8, -2.02240581512451171875e+01) (9, -3.25941131591796875000e+02) (10, 1.13694868087768554688e+01) (11, 1.07579202651977539062e+01) (7, 1.47590234375000000000e+03) (8, 1.48982934570312500000e+03) (9, -7.75875366210937500000e+02) (10, 1.63252449035644531250e+01) (11, 1.75506725311279296875e+01) (12, 1.72849333286285400391e+00) (13, 6.50193572044372558594e-01) (14, -7.66218245029449462891e-01) (15, -4.66254614293575286865e-02) (16, 1.48876786231994628906e-01) 
