FANN_FLO_2.1
num_layers=3
learning_rate=0.400000
connection_rate=1.000000
network_type=0
learning_momentum=0.000000
training_algorithm=2
train_error_function=1
train_stop_function=0
cascade_output_change_fraction=0.010000
quickprop_decay=-0.000100
quickprop_mu=1.750000
rprop_increase_factor=1.200000
rprop_decrease_factor=0.500000
rprop_delta_min=0.000000
rprop_delta_max=50.000000
rprop_delta_zero=0.100000
cascade_output_stagnation_epochs=12
cascade_candidate_change_fraction=0.010000
cascade_candidate_stagnation_epochs=12
cascade_max_out_epochs=150
cascade_min_out_epochs=50
cascade_max_cand_epochs=150
cascade_min_cand_epochs=50
cascade_num_candidate_groups=2
bit_fail_limit=3.49999994039535522461e-01
cascade_candidate_limit=1.00000000000000000000e+03
cascade_weight_multiplier=4.00000005960464477539e-01
cascade_activation_functions_count=10
cascade_activation_functions=3 5 7 8 10 11 14 15 16 17 
cascade_activation_steepnesses_count=4
cascade_activation_steepnesses=2.50000000000000000000e-01 5.00000000000000000000e-01 7.50000000000000000000e-01 1.00000000000000000000e+00 
layer_sizes=6 5 2 
scale_included=0
neurons (num_inputs, activation_function, activation_steepness)=(0, 0, 0.00000000000000000000e+00) (0, 0, 0.00000000000000000000e+00) (0, 0, 0.00000000000000000000e+00) (0, 0, 0.00000000000000000000e+00) (0, 0, 0.00000000000000000000e+00) (0, 0, 0.00000000000000000000e+00) (6, 3, 5.00000000000000000000e-01) (6, 3, 5.00000000000000000000e-01) (6, 3, 5.00000000000000000000e-01) (6, 3, 5.00000000000000000000e-01) (0, 3, 0.00000000000000000000e+00) (5, 0, 5.00000000000000000000e-01) (0, 0, 0.00000000000000000000e+00) 
connections (connected_to_neuron, weight)=(0, -1.88437271118164062500e+01) (1, -9.93029594421386718750e+00) (2, -6.18221092224121093750e+00) (3, -1.23119521141052246094e+00) (4, 1.46679139137268066406e+00) (5, -6.77594542503356933594e-01) (0, -2.79069824218750000000e+02) (1, -3.29125549316406250000e+02) (2, -6.65867376327514648438e+00) (3, -8.82552981376647949219e-01) (4, 1.98137438297271728516e+00) (5, -2.04757079482078552246e-01) (0, -3.60575175285339355469e+00) (1, -3.63743335008621215820e-01) (2, 4.14870142936706542969e-01) (3, -1.66208946704864501953e+00) (4, 2.63719409704208374023e-01) (5, -1.97581911087036132812e+00) (0, -6.23905105590820312500e+01) (1, -2.86158919334411621094e+00) (2, -4.23524528741836547852e-01) (3, -8.03325593471527099609e-01) (4, 3.28451573848724365234e-01) (5, -8.25404897332191467285e-02) (6, 2.58367204666137695312e+00) (7, -4.51734161376953125000e+02) (8, 1.25820982456207275391e+00) (9, 3.12087607383728027344e+00) (10, 5.34507930278778076172e-01) 
