FANN_FLO_2.1
num_layers=3
learning_rate=0.500000
connection_rate=1.000000
network_type=0
learning_momentum=0.000000
training_algorithm=2
train_error_function=1
train_stop_function=0
cascade_output_change_fraction=0.010000
quickprop_decay=-0.000100
quickprop_mu=1.750000
rprop_increase_factor=1.200000
rprop_decrease_factor=0.500000
rprop_delta_min=0.000000
rprop_delta_max=50.000000
rprop_delta_zero=0.100000
cascade_output_stagnation_epochs=12
cascade_candidate_change_fraction=0.010000
cascade_candidate_stagnation_epochs=12
cascade_max_out_epochs=150
cascade_min_out_epochs=50
cascade_max_cand_epochs=150
cascade_min_cand_epochs=50
cascade_num_candidate_groups=2
bit_fail_limit=3.49999994039535522461e-01
cascade_candidate_limit=1.00000000000000000000e+03
cascade_weight_multiplier=4.00000005960464477539e-01
cascade_activation_functions_count=10
cascade_activation_functions=3 5 7 8 10 11 14 15 16 17 
cascade_activation_steepnesses_count=4
cascade_activation_steepnesses=2.50000000000000000000e-01 5.00000000000000000000e-01 7.50000000000000000000e-01 1.00000000000000000000e+00 
layer_sizes=10 3 2 
scale_included=0
neurons (num_inputs, activation_function, activation_steepness)=(0, 0, 0.00000000000000000000e+00) (0, 0, 0.00000000000000000000e+00) (0, 0, 0.00000000000000000000e+00) (0, 0, 0.00000000000000000000e+00) (0, 0, 0.00000000000000000000e+00) (0, 0, 0.00000000000000000000e+00) (0, 0, 0.00000000000000000000e+00) (0, 0, 0.00000000000000000000e+00) (0, 0, 0.00000000000000000000e+00) (0, 0, 0.00000000000000000000e+00) (10, 3, 5.00000000000000000000e-01) (10, 3, 5.00000000000000000000e-01) (0, 3, 0.00000000000000000000e+00) (3, 3, 5.00000000000000000000e-01) (0, 3, 0.00000000000000000000e+00) 
connections (connected_to_neuron, weight)=(0, -6.22125089168548583984e-01) (1, -7.64535963535308837891e-01) (2, -6.71507835388183593750e-01) (3, -7.82353281974792480469e-01) (4, -6.87698304653167724609e-01) (5, -7.53551125526428222656e-01) (6, -6.87098562717437744141e-01) (7, -6.93657577037811279297e-01) (8, -7.18570530414581298828e-01) (9, 2.64047408103942871094e+00) (0, -1.30067765712738037109e-01) (1, -1.67569196224212646484e+00) (2, 7.02229619026184082031e-01) (3, -1.90654063224792480469e+00) (4, 8.51640548706054687500e+01) (5, -4.92161750793457031250e-01) (6, 4.91582565307617187500e+01) (7, -4.15678527832031250000e+02) (8, 6.74904479980468750000e+01) (9, 1.00587236881256103516e+00) (10, -2.86738944053649902344e+00) (11, 7.13876485824584960938e-02) (12, 1.06508612632751464844e+00) 
