FANN_FLO_2.1
num_layers=4
learning_rate=0.450000
connection_rate=1.000000
network_type=0
learning_momentum=0.000000
training_algorithm=2
train_error_function=1
train_stop_function=0
cascade_output_change_fraction=0.010000
quickprop_decay=-0.000100
quickprop_mu=1.750000
rprop_increase_factor=1.200000
rprop_decrease_factor=0.500000
rprop_delta_min=0.000000
rprop_delta_max=50.000000
rprop_delta_zero=0.100000
cascade_output_stagnation_epochs=12
cascade_candidate_change_fraction=0.010000
cascade_candidate_stagnation_epochs=12
cascade_max_out_epochs=150
cascade_min_out_epochs=50
cascade_max_cand_epochs=150
cascade_min_cand_epochs=50
cascade_num_candidate_groups=2
bit_fail_limit=3.49999994039535522461e-01
cascade_candidate_limit=1.00000000000000000000e+03
cascade_weight_multiplier=4.00000005960464477539e-01
cascade_activation_functions_count=10
cascade_activation_functions=3 5 7 8 10 11 14 15 16 17 
cascade_activation_steepnesses_count=4
cascade_activation_steepnesses=2.50000000000000000000e-01 5.00000000000000000000e-01 7.50000000000000000000e-01 1.00000000000000000000e+00 
layer_sizes=7 5 5 2 
scale_included=0
neurons (num_inputs, activation_function, activation_steepness)=(0, 0, 0.00000000000000000000e+00) (0, 0, 0.00000000000000000000e+00) (0, 0, 0.00000000000000000000e+00) (0, 0, 0.00000000000000000000e+00) (0, 0, 0.00000000000000000000e+00) (0, 0, 0.00000000000000000000e+00) (0, 0, 0.00000000000000000000e+00) (7, 3, 5.00000000000000000000e-01) (7, 3, 5.00000000000000000000e-01) (7, 3, 5.00000000000000000000e-01) (7, 3, 5.00000000000000000000e-01) (0, 3, 0.00000000000000000000e+00) (5, 3, 5.00000000000000000000e-01) (5, 3, 5.00000000000000000000e-01) (5, 3, 5.00000000000000000000e-01) (5, 3, 5.00000000000000000000e-01) (0, 3, 0.00000000000000000000e+00) (5, 0, 5.00000000000000000000e-01) (0, 0, 0.00000000000000000000e+00) 
connections (connected_to_neuron, weight)=(0, 4.93249435424804687500e+01) (1, 8.03382324218750000000e+02) (2, 1.30496069335937500000e+03) (3, -6.98435668945312500000e+02) (4, 7.92744628906250000000e+02) (5, -1.46051416015625000000e+03) (6, 2.68998126983642578125e+01) (0, 2.54388751983642578125e+01) (1, 8.03382324218750000000e+02) (2, 1.30501232910156250000e+03) (3, -1.03423608398437500000e+03) (4, 8.03382324218750000000e+02) (5, -1.39070446777343750000e+03) (6, 2.05218715667724609375e+01) (0, 1.50332122802734375000e+02) (1, 1.03562243652343750000e+03) (2, 1.30718774414062500000e+03) (3, -1.17325854492187500000e+03) (4, 1.03562243652343750000e+03) (5, -1.45525512695312500000e+03) (6, 5.76886840820312500000e+02) (0, 1.04368640136718750000e+03) (1, 8.03382324218750000000e+02) (2, 1.30501184082031250000e+03) (3, -6.35927001953125000000e+02) (4, 8.03382324218750000000e+02) (5, -7.85891235351562500000e+02) (6, 7.81905151367187500000e+02) (7, -5.94179439544677734375e+00) (8, -5.59123611450195312500e+00) (9, -7.91580438613891601562e+00) (10, -1.41317701339721679688e+01) (11, -6.11271333694458007812e+00) (7, 4.53312784433364868164e-01) (8, 1.33003219962120056152e-01) (9, -1.02423858642578125000e+00) (10, 3.37386488914489746094e-01) (11, 8.40014293789863586426e-02) (7, 2.30145573616027832031e+00) (8, -3.10520499944686889648e-01) (9, -3.14682483673095703125e+00) (10, -3.10462236404418945312e-01) (11, -1.00233078002929687500e+00) (7, -9.53971326351165771484e-01) (8, 2.79092699289321899414e-01) (9, -4.93478000164031982422e-01) (10, -4.42563325166702270508e-01) (11, -6.40444934368133544922e-01) (12, -1.85139727592468261719e+00) (13, 4.95938360691070556641e-02) (14, 4.79974858462810516357e-02) (15, -8.19320678710937500000e-02) (16, -5.15843229368329048157e-03) 
