FANN_FLO_2.1
num_layers=4
learning_rate=0.450000
connection_rate=1.000000
network_type=0
learning_momentum=0.000000
training_algorithm=2
train_error_function=1
train_stop_function=0
cascade_output_change_fraction=0.010000
quickprop_decay=-0.000100
quickprop_mu=1.750000
rprop_increase_factor=1.200000
rprop_decrease_factor=0.500000
rprop_delta_min=0.000000
rprop_delta_max=50.000000
rprop_delta_zero=0.100000
cascade_output_stagnation_epochs=12
cascade_candidate_change_fraction=0.010000
cascade_candidate_stagnation_epochs=12
cascade_max_out_epochs=150
cascade_min_out_epochs=50
cascade_max_cand_epochs=150
cascade_min_cand_epochs=50
cascade_num_candidate_groups=2
bit_fail_limit=3.49999994039535522461e-01
cascade_candidate_limit=1.00000000000000000000e+03
cascade_weight_multiplier=4.00000005960464477539e-01
cascade_activation_functions_count=10
cascade_activation_functions=3 5 7 8 10 11 14 15 16 17 
cascade_activation_steepnesses_count=4
cascade_activation_steepnesses=2.50000000000000000000e-01 5.00000000000000000000e-01 7.50000000000000000000e-01 1.00000000000000000000e+00 
layer_sizes=7 5 3 2 
scale_included=0
neurons (num_inputs, activation_function, activation_steepness)=(0, 0, 0.00000000000000000000e+00) (0, 0, 0.00000000000000000000e+00) (0, 0, 0.00000000000000000000e+00) (0, 0, 0.00000000000000000000e+00) (0, 0, 0.00000000000000000000e+00) (0, 0, 0.00000000000000000000e+00) (0, 0, 0.00000000000000000000e+00) (7, 3, 5.00000000000000000000e-01) (7, 3, 5.00000000000000000000e-01) (7, 3, 5.00000000000000000000e-01) (7, 3, 5.00000000000000000000e-01) (0, 3, 0.00000000000000000000e+00) (5, 3, 5.00000000000000000000e-01) (5, 3, 5.00000000000000000000e-01) (0, 3, 0.00000000000000000000e+00) (3, 0, 5.00000000000000000000e-01) (0, 0, 0.00000000000000000000e+00) 
connections (connected_to_neuron, weight)=(0, -5.82963195800781250000e+02) (1, -4.34958190917968750000e+02) (2, -5.57213623046875000000e+02) (3, -5.49466285705566406250e+01) (4, 2.81461212158203125000e+02) (5, -5.56237304687500000000e+02) (6, -3.35317105054855346680e-01) (0, -1.03245068359375000000e+03) (1, -4.22731628417968750000e+02) (2, -2.34018753051757812500e+02) (3, -3.12844543457031250000e+02) (4, 4.05259780883789062500e+01) (5, -2.33931411743164062500e+02) (6, 2.55539441108703613281e+00) (0, -1.36568127441406250000e+03) (1, -2.99745208740234375000e+02) (2, -2.36185256958007812500e+02) (3, -1.31239288330078125000e+02) (4, 2.83470794677734375000e+02) (5, -2.36185256958007812500e+02) (6, 7.92129099369049072266e-01) (0, -8.10879150390625000000e+02) (1, -5.72732116699218750000e+02) (2, -3.84018646240234375000e+02) (3, -2.74605895996093750000e+02) (4, -2.59192932128906250000e+02) (5, -3.83931304931640625000e+02) (6, 2.66900992393493652344e+00) (7, 1.40000000000000000000e+03) (8, 1.50000000000000000000e+03) (9, 1.49916296386718750000e+03) (10, 1.50000000000000000000e+03) (11, -3.02310538291931152344e+00) (7, -1.07786547851562500000e+03) (8, 1.50000000000000000000e+03) (9, 1.43150039672851562500e+02) (10, 1.50000000000000000000e+03) (11, -1.52535018920898437500e+01) (12, 4.13959121704101562500e+00) (13, -9.35484619140625000000e+02) (14, -1.79773002862930297852e-01) 
