FANN_FLO_2.1
num_layers=3
learning_rate=0.400000
connection_rate=1.000000
network_type=0
learning_momentum=0.000000
training_algorithm=2
train_error_function=1
train_stop_function=0
cascade_output_change_fraction=0.010000
quickprop_decay=-0.000100
quickprop_mu=1.750000
rprop_increase_factor=1.200000
rprop_decrease_factor=0.500000
rprop_delta_min=0.000000
rprop_delta_max=50.000000
rprop_delta_zero=0.100000
cascade_output_stagnation_epochs=12
cascade_candidate_change_fraction=0.010000
cascade_candidate_stagnation_epochs=12
cascade_max_out_epochs=150
cascade_min_out_epochs=50
cascade_max_cand_epochs=150
cascade_min_cand_epochs=50
cascade_num_candidate_groups=2
bit_fail_limit=3.49999994039535522461e-01
cascade_candidate_limit=1.00000000000000000000e+03
cascade_weight_multiplier=4.00000005960464477539e-01
cascade_activation_functions_count=10
cascade_activation_functions=3 5 7 8 10 11 14 15 16 17 
cascade_activation_steepnesses_count=4
cascade_activation_steepnesses=2.50000000000000000000e-01 5.00000000000000000000e-01 7.50000000000000000000e-01 1.00000000000000000000e+00 
layer_sizes=6 5 2 
scale_included=0
neurons (num_inputs, activation_function, activation_steepness)=(0, 0, 0.00000000000000000000e+00) (0, 0, 0.00000000000000000000e+00) (0, 0, 0.00000000000000000000e+00) (0, 0, 0.00000000000000000000e+00) (0, 0, 0.00000000000000000000e+00) (0, 0, 0.00000000000000000000e+00) (6, 3, 5.00000000000000000000e-01) (6, 3, 5.00000000000000000000e-01) (6, 3, 5.00000000000000000000e-01) (6, 3, 5.00000000000000000000e-01) (0, 3, 0.00000000000000000000e+00) (5, 0, 5.00000000000000000000e-01) (0, 0, 0.00000000000000000000e+00) 
connections (connected_to_neuron, weight)=(0, -1.50000000000000000000e+03) (1, -6.44847412109375000000e+02) (2, -8.51284623146057128906e-01) (3, -2.11246917724609375000e+02) (4, 1.38366909027099609375e+01) (5, -1.52764573693275451660e-01) (0, -1.50000000000000000000e+03) (1, -3.73305416107177734375e+00) (2, -8.01048517227172851562e-01) (3, -2.68900585174560546875e+00) (4, 1.85466125607490539551e-01) (5, 8.45388174057006835938e-02) (0, -1.50000000000000000000e+03) (1, -6.94911422729492187500e+01) (2, -5.28350830078125000000e+00) (3, -1.68516502380371093750e+01) (4, 3.18735986948013305664e-01) (5, -6.37804269790649414062e-01) (0, -5.97585535049438476562e+00) (1, -6.24118268489837646484e-01) (2, -1.57239794731140136719e-01) (3, -1.63487470149993896484e+00) (4, -1.23421780765056610107e-01) (5, -6.77245080471038818359e-01) (6, 2.07605987787246704102e-01) (7, 9.70932424068450927734e-01) (8, 1.68975865840911865234e+00) (9, 1.10004484653472900391e+00) (10, 5.72499394416809082031e-01) 
