FANN_FLO_2.1
num_layers=3
learning_rate=0.500000
connection_rate=1.000000
network_type=0
learning_momentum=0.000000
training_algorithm=2
train_error_function=1
train_stop_function=0
cascade_output_change_fraction=0.010000
quickprop_decay=-0.000100
quickprop_mu=1.750000
rprop_increase_factor=1.200000
rprop_decrease_factor=0.500000
rprop_delta_min=0.000000
rprop_delta_max=50.000000
rprop_delta_zero=0.100000
cascade_output_stagnation_epochs=12
cascade_candidate_change_fraction=0.010000
cascade_candidate_stagnation_epochs=12
cascade_max_out_epochs=150
cascade_min_out_epochs=50
cascade_max_cand_epochs=150
cascade_min_cand_epochs=50
cascade_num_candidate_groups=2
bit_fail_limit=3.49999994039535522461e-01
cascade_candidate_limit=1.00000000000000000000e+03
cascade_weight_multiplier=4.00000005960464477539e-01
cascade_activation_functions_count=10
cascade_activation_functions=3 5 7 8 10 11 14 15 16 17 
cascade_activation_steepnesses_count=4
cascade_activation_steepnesses=2.50000000000000000000e-01 5.00000000000000000000e-01 7.50000000000000000000e-01 1.00000000000000000000e+00 
layer_sizes=10 3 2 
scale_included=0
neurons (num_inputs, activation_function, activation_steepness)=(0, 0, 0.00000000000000000000e+00) (0, 0, 0.00000000000000000000e+00) (0, 0, 0.00000000000000000000e+00) (0, 0, 0.00000000000000000000e+00) (0, 0, 0.00000000000000000000e+00) (0, 0, 0.00000000000000000000e+00) (0, 0, 0.00000000000000000000e+00) (0, 0, 0.00000000000000000000e+00) (0, 0, 0.00000000000000000000e+00) (0, 0, 0.00000000000000000000e+00) (10, 3, 5.00000000000000000000e-01) (10, 3, 5.00000000000000000000e-01) (0, 3, 0.00000000000000000000e+00) (3, 3, 5.00000000000000000000e-01) (0, 3, 0.00000000000000000000e+00) 
connections (connected_to_neuron, weight)=(0, -5.05005896091461181641e-01) (1, -7.74920821189880371094e-01) (2, -4.34658914804458618164e-01) (3, -5.89684545993804931641e-01) (4, -5.15064716339111328125e-01) (5, -8.11448872089385986328e-01) (6, -4.80539858341217041016e-01) (7, -6.48428320884704589844e-01) (8, -7.11243033409118652344e-01) (9, 2.88996982574462890625e+00) (0, -5.39239227771759033203e-01) (1, -4.30364131927490234375e-01) (2, -5.85114240646362304688e-01) (3, -5.31920552253723144531e-01) (4, -4.77952033281326293945e-01) (5, -4.03793632984161376953e-01) (6, -5.46468496322631835938e-01) (7, -5.18450856208801269531e-01) (8, -4.25778687000274658203e-01) (9, 1.21968758106231689453e+00) (10, -1.37395918369293212891e+00) (11, -2.70707869529724121094e+00) (12, 1.47258675098419189453e+00) 
