FANN_FLO_2.1
num_layers=3
learning_rate=0.500000
connection_rate=1.000000
network_type=0
learning_momentum=0.000000
training_algorithm=2
train_error_function=1
train_stop_function=0
cascade_output_change_fraction=0.010000
quickprop_decay=-0.000100
quickprop_mu=1.750000
rprop_increase_factor=1.200000
rprop_decrease_factor=0.500000
rprop_delta_min=0.000000
rprop_delta_max=50.000000
rprop_delta_zero=0.100000
cascade_output_stagnation_epochs=12
cascade_candidate_change_fraction=0.010000
cascade_candidate_stagnation_epochs=12
cascade_max_out_epochs=150
cascade_min_out_epochs=50
cascade_max_cand_epochs=150
cascade_min_cand_epochs=50
cascade_num_candidate_groups=2
bit_fail_limit=3.49999994039535522461e-01
cascade_candidate_limit=1.00000000000000000000e+03
cascade_weight_multiplier=4.00000005960464477539e-01
cascade_activation_functions_count=10
cascade_activation_functions=3 5 7 8 10 11 14 15 16 17 
cascade_activation_steepnesses_count=4
cascade_activation_steepnesses=2.50000000000000000000e-01 5.00000000000000000000e-01 7.50000000000000000000e-01 1.00000000000000000000e+00 
layer_sizes=10 5 2 
scale_included=0
neurons (num_inputs, activation_function, activation_steepness)=(0, 0, 0.00000000000000000000e+00) (0, 0, 0.00000000000000000000e+00) (0, 0, 0.00000000000000000000e+00) (0, 0, 0.00000000000000000000e+00) (0, 0, 0.00000000000000000000e+00) (0, 0, 0.00000000000000000000e+00) (0, 0, 0.00000000000000000000e+00) (0, 0, 0.00000000000000000000e+00) (0, 0, 0.00000000000000000000e+00) (0, 0, 0.00000000000000000000e+00) (10, 3, 5.00000000000000000000e-01) (10, 3, 5.00000000000000000000e-01) (10, 3, 5.00000000000000000000e-01) (10, 3, 5.00000000000000000000e-01) (0, 3, 0.00000000000000000000e+00) (5, 3, 5.00000000000000000000e-01) (0, 3, 0.00000000000000000000e+00) 
connections (connected_to_neuron, weight)=(0, 3.05427312850952148438e-01) (1, 5.34405279904603958130e-03) (2, 5.40424823760986328125e-01) (3, 5.17302393913269042969e-01) (4, -4.05555427074432373047e-01) (5, 6.55882120132446289062e-01) (6, 6.04906976222991943359e-01) (7, 5.55442571640014648438e-01) (8, 6.61120355129241943359e-01) (9, 4.51640754938125610352e-01) (0, -3.37780654430389404297e-01) (1, -4.05188292264938354492e-01) (2, -5.41784465312957763672e-01) (3, -3.52058410644531250000e-01) (4, -5.28488218784332275391e-01) (5, -3.54031950235366821289e-01) (6, -5.34569263458251953125e-01) (7, -3.07979524135589599609e-01) (8, -4.89733219146728515625e-01) (9, 1.33651340007781982422e+00) (0, -3.94808113574981689453e-01) (1, -3.31671833992004394531e-01) (2, -5.52130401134490966797e-01) (3, -3.97263824939727783203e-01) (4, -8.53281438350677490234e-01) (5, -2.79912650585174560547e-01) (6, -3.92907530069351196289e-01) (7, -4.48526024818420410156e-01) (8, -5.44730365276336669922e-01) (9, 1.79777359962463378906e+00) (0, -6.96652114391326904297e-01) (1, -1.04641854763031005859e+00) (2, 8.11379477381706237793e-02) (3, -7.50046491622924804688e-01) (4, -1.96836397051811218262e-01) (5, -7.32622623443603515625e-01) (6, -9.20679122209548950195e-02) (7, -7.02972114086151123047e-01) (8, 4.29919175803661346436e-02) (9, 1.50671386718750000000e+00) (10, 1.42365896701812744141e+00) (11, -1.92999446392059326172e+00) (12, -1.09642720222473144531e+00) (13, -8.55358421802520751953e-01) (14, 2.02670171856880187988e-01) 
