FANN_FLO_2.1
num_layers=3
learning_rate=0.300000
connection_rate=1.000000
network_type=0
learning_momentum=0.000000
training_algorithm=2
train_error_function=1
train_stop_function=0
cascade_output_change_fraction=0.010000
quickprop_decay=-0.000100
quickprop_mu=1.750000
rprop_increase_factor=1.200000
rprop_decrease_factor=0.500000
rprop_delta_min=0.000000
rprop_delta_max=50.000000
rprop_delta_zero=0.100000
cascade_output_stagnation_epochs=12
cascade_candidate_change_fraction=0.010000
cascade_candidate_stagnation_epochs=12
cascade_max_out_epochs=150
cascade_min_out_epochs=50
cascade_max_cand_epochs=150
cascade_min_cand_epochs=50
cascade_num_candidate_groups=2
bit_fail_limit=3.49999994039535522461e-01
cascade_candidate_limit=1.00000000000000000000e+03
cascade_weight_multiplier=4.00000005960464477539e-01
cascade_activation_functions_count=10
cascade_activation_functions=3 5 7 8 10 11 14 15 16 17 
cascade_activation_steepnesses_count=4
cascade_activation_steepnesses=2.50000000000000000000e-01 5.00000000000000000000e-01 7.50000000000000000000e-01 1.00000000000000000000e+00 
layer_sizes=4 9 2 
scale_included=0
neurons (num_inputs, activation_function, activation_steepness)=(0, 0, 0.00000000000000000000e+00) (0, 0, 0.00000000000000000000e+00) (0, 0, 0.00000000000000000000e+00) (0, 0, 0.00000000000000000000e+00) (4, 3, 5.00000000000000000000e-01) (4, 3, 5.00000000000000000000e-01) (4, 3, 5.00000000000000000000e-01) (4, 3, 5.00000000000000000000e-01) (4, 3, 5.00000000000000000000e-01) (4, 3, 5.00000000000000000000e-01) (4, 3, 5.00000000000000000000e-01) (4, 3, 5.00000000000000000000e-01) (0, 3, 0.00000000000000000000e+00) (9, 3, 5.00000000000000000000e-01) (0, 3, 0.00000000000000000000e+00) 
connections (connected_to_neuron, weight)=(0, -9.37784016132354736328e-02) (1, 5.02106249332427978516e-01) (2, -6.77869653701782226562e+00) (3, 5.44871866703033447266e-01) (0, -1.34300962090492248535e-01) (1, 1.37716718018054962158e-02) (2, -7.64841493219137191772e-03) (3, 1.41328290104866027832e-01) (0, 1.22272133827209472656e+00) (1, 1.51258647441864013672e-01) (2, 2.97845900058746337891e-01) (3, -3.26019912958145141602e-01) (0, -2.23434329032897949219e-01) (1, 1.39126121997833251953e-01) (2, -2.79204875230789184570e-01) (3, 4.18853610754013061523e-01) (0, -6.03449344635009765625e-02) (1, 1.05860307812690734863e-02) (2, -1.77061110734939575195e-01) (3, 7.71670699119567871094e-01) (0, -1.93868979811668395996e-01) (1, 4.27441149950027465820e-01) (2, -3.66789126396179199219e+00) (3, 6.28623485565185546875e-01) (0, -4.70315742492675781250e+00) (1, -4.30090017616748809814e-02) (2, -5.60997104644775390625e+00) (3, -4.99529317021369934082e-02) (0, 7.28356778621673583984e-01) (1, 4.21880841255187988281e-01) (2, -6.93892621994018554688e+00) (3, 6.83439731597900390625e-01) (4, -3.34523171186447143555e-01) (5, -4.59170675277709960938e+00) (6, 1.60154092311859130859e+00) (7, -1.03598570823669433594e+00) (8, -7.91520261764526367188e+00) (9, -5.33014684915542602539e-02) (10, -1.50000000000000000000e+03) (11, -8.06299000978469848633e-02) (12, 2.02198863029479980469e-01) 
