FANN_FLO_2.1
num_layers=4
learning_rate=0.500000
connection_rate=1.000000
network_type=0
learning_momentum=0.000000
training_algorithm=2
train_error_function=1
train_stop_function=0
cascade_output_change_fraction=0.010000
quickprop_decay=-0.000100
quickprop_mu=1.750000
rprop_increase_factor=1.200000
rprop_decrease_factor=0.500000
rprop_delta_min=0.000000
rprop_delta_max=50.000000
rprop_delta_zero=0.100000
cascade_output_stagnation_epochs=12
cascade_candidate_change_fraction=0.010000
cascade_candidate_stagnation_epochs=12
cascade_max_out_epochs=150
cascade_min_out_epochs=50
cascade_max_cand_epochs=150
cascade_min_cand_epochs=50
cascade_num_candidate_groups=2
bit_fail_limit=3.49999994039535522461e-01
cascade_candidate_limit=1.00000000000000000000e+03
cascade_weight_multiplier=4.00000005960464477539e-01
cascade_activation_functions_count=10
cascade_activation_functions=3 5 7 8 10 11 14 15 16 17 
cascade_activation_steepnesses_count=4
cascade_activation_steepnesses=2.50000000000000000000e-01 5.00000000000000000000e-01 7.50000000000000000000e-01 1.00000000000000000000e+00 
layer_sizes=4 5 3 2 
scale_included=0
neurons (num_inputs, activation_function, activation_steepness)=(0, 0, 0.00000000000000000000e+00) (0, 0, 0.00000000000000000000e+00) (0, 0, 0.00000000000000000000e+00) (0, 0, 0.00000000000000000000e+00) (4, 3, 5.00000000000000000000e-01) (4, 3, 5.00000000000000000000e-01) (4, 3, 5.00000000000000000000e-01) (4, 3, 5.00000000000000000000e-01) (0, 3, 0.00000000000000000000e+00) (5, 3, 5.00000000000000000000e-01) (5, 3, 5.00000000000000000000e-01) (0, 3, 0.00000000000000000000e+00) (3, 3, 5.00000000000000000000e-01) (0, 3, 0.00000000000000000000e+00) 
connections (connected_to_neuron, weight)=(0, -5.06142845153808593750e+01) (1, -5.82766151428222656250e+01) (2, 8.39112319946289062500e+01) (3, 7.69212663173675537109e-01) (0, -4.23512220382690429688e+00) (1, -3.54302120208740234375e+00) (2, 5.82991093397140502930e-02) (3, 2.64806938171386718750e+00) (0, -5.06142845153808593750e+01) (1, -5.83154258728027343750e+01) (2, 8.38959426879882812500e+01) (3, 7.82741785049438476562e-01) (0, -8.52684707641601562500e+01) (1, -5.79234695434570312500e+01) (2, 1.28162643432617187500e+02) (3, 5.11220730841159820557e-02) (4, -3.52109372615814208984e-01) (5, 3.12998504638671875000e+01) (6, -3.27145993709564208984e-01) (7, -1.45974242687225341797e+00) (8, -6.50214910507202148438e+00) (4, 5.87803173065185546875e+00) (5, 1.03658866882324218750e+01) (6, 5.77331161499023437500e+00) (7, 1.11522293090820312500e+01) (8, -3.08244347572326660156e+00) (9, -5.37556982040405273438e+00) (10, 8.28701555728912353516e-01) (11, 2.36520934104919433594e+00) 
