FANN_FLO_2.1
num_layers=4
learning_rate=0.300000
connection_rate=1.000000
network_type=0
learning_momentum=0.000000
training_algorithm=2
train_error_function=1
train_stop_function=0
cascade_output_change_fraction=0.010000
quickprop_decay=-0.000100
quickprop_mu=1.750000
rprop_increase_factor=1.200000
rprop_decrease_factor=0.500000
rprop_delta_min=0.000000
rprop_delta_max=50.000000
rprop_delta_zero=0.100000
cascade_output_stagnation_epochs=12
cascade_candidate_change_fraction=0.010000
cascade_candidate_stagnation_epochs=12
cascade_max_out_epochs=150
cascade_min_out_epochs=50
cascade_max_cand_epochs=150
cascade_min_cand_epochs=50
cascade_num_candidate_groups=2
bit_fail_limit=3.49999994039535522461e-01
cascade_candidate_limit=1.00000000000000000000e+03
cascade_weight_multiplier=4.00000005960464477539e-01
cascade_activation_functions_count=10
cascade_activation_functions=3 5 7 8 10 11 14 15 16 17 
cascade_activation_steepnesses_count=4
cascade_activation_steepnesses=2.50000000000000000000e-01 5.00000000000000000000e-01 7.50000000000000000000e-01 1.00000000000000000000e+00 
layer_sizes=2 5 5 3 
scale_included=0
neurons (num_inputs, activation_function, activation_steepness)=(0, 0, 0.00000000000000000000e+00) (0, 0, 0.00000000000000000000e+00) (2, 3, 5.00000000000000000000e-01) (2, 3, 5.00000000000000000000e-01) (2, 3, 5.00000000000000000000e-01) (2, 3, 5.00000000000000000000e-01) (0, 3, 0.00000000000000000000e+00) (5, 3, 5.00000000000000000000e-01) (5, 3, 5.00000000000000000000e-01) (5, 3, 5.00000000000000000000e-01) (5, 3, 5.00000000000000000000e-01) (0, 3, 0.00000000000000000000e+00) (5, 0, 5.00000000000000000000e-01) (5, 0, 5.00000000000000000000e-01) (0, 0, 0.00000000000000000000e+00) 
connections (connected_to_neuron, weight)=(0, -1.12149581909179687500e+01) (1, -4.79434871673583984375e+00) (0, -9.51978588104248046875e+00) (1, -4.13568592071533203125e+00) (0, -1.50000000000000000000e+03) (1, -2.40689158439636230469e+00) (0, -1.18984851837158203125e+01) (1, -5.04505205154418945312e+00) (2, 7.60580480098724365234e-01) (3, 6.91371679306030273438e-01) (4, -2.46857047080993652344e+00) (5, 1.62474143505096435547e+00) (6, 1.79791599512100219727e-01) (2, 8.49410891532897949219e-01) (3, 1.44684422016143798828e+00) (4, 4.38422155380249023438e+00) (5, 8.25653135776519775391e-01) (6, -5.81990003585815429688e-01) (2, 2.90731072425842285156e+00) (3, 4.76795136928558349609e-01) (4, -2.88684010505676269531e+00) (5, 6.29838764667510986328e-01) (6, 1.49698185920715332031e+00) (2, 1.36661839485168457031e+00) (3, 1.48961102962493896484e+00) (4, 1.69713950157165527344e+00) (5, 1.28271698951721191406e+00) (6, -6.89844310283660888672e-01) (7, 2.97825615853071212769e-02) (8, 2.43549704551696777344e-01) (9, -7.38576203584671020508e-02) (10, 1.76202192902565002441e-01) (11, -3.63996028900146484375e-01) (7, -4.82516467571258544922e-01) (8, -4.79226350784301757812e-01) (9, -5.47121167182922363281e-01) (10, -5.23361086845397949219e-01) (11, -2.23351761698722839355e-01) 
