FANN_FLO_2.1
num_layers=4
learning_rate=0.300000
connection_rate=1.000000
network_type=0
learning_momentum=0.000000
training_algorithm=2
train_error_function=1
train_stop_function=0
cascade_output_change_fraction=0.010000
quickprop_decay=-0.000100
quickprop_mu=1.750000
rprop_increase_factor=1.200000
rprop_decrease_factor=0.500000
rprop_delta_min=0.000000
rprop_delta_max=50.000000
rprop_delta_zero=0.100000
cascade_output_stagnation_epochs=12
cascade_candidate_change_fraction=0.010000
cascade_candidate_stagnation_epochs=12
cascade_max_out_epochs=150
cascade_min_out_epochs=50
cascade_max_cand_epochs=150
cascade_min_cand_epochs=50
cascade_num_candidate_groups=2
bit_fail_limit=3.49999994039535522461e-01
cascade_candidate_limit=1.00000000000000000000e+03
cascade_weight_multiplier=4.00000005960464477539e-01
cascade_activation_functions_count=10
cascade_activation_functions=3 5 7 8 10 11 14 15 16 17 
cascade_activation_steepnesses_count=4
cascade_activation_steepnesses=2.50000000000000000000e-01 5.00000000000000000000e-01 7.50000000000000000000e-01 1.00000000000000000000e+00 
layer_sizes=2 5 3 3 
scale_included=0
neurons (num_inputs, activation_function, activation_steepness)=(0, 0, 0.00000000000000000000e+00) (0, 0, 0.00000000000000000000e+00) (2, 3, 5.00000000000000000000e-01) (2, 3, 5.00000000000000000000e-01) (2, 3, 5.00000000000000000000e-01) (2, 3, 5.00000000000000000000e-01) (0, 3, 0.00000000000000000000e+00) (5, 3, 5.00000000000000000000e-01) (5, 3, 5.00000000000000000000e-01) (0, 3, 0.00000000000000000000e+00) (3, 0, 5.00000000000000000000e-01) (3, 0, 5.00000000000000000000e-01) (0, 0, 0.00000000000000000000e+00) 
connections (connected_to_neuron, weight)=(0, -3.22262176513671875000e+02) (1, -8.90969574451446533203e-01) (0, -3.21194305419921875000e+02) (1, -9.87845003604888916016e-01) (0, -6.17430358886718750000e+02) (1, -1.35930907726287841797e+00) (0, -3.21251892089843750000e+02) (1, -3.16253721714019775391e-01) (2, 3.33523362874984741211e-01) (3, 5.39935529232025146484e-01) (4, 2.33239650726318359375e+00) (5, 4.27704632282257080078e-01) (6, -1.02375304698944091797e+00) (2, 4.72248852252960205078e-01) (3, 5.19617199897766113281e-01) (4, 1.76141226291656494141e+00) (5, 3.23882520198822021484e-01) (6, -7.95912325382232666016e-01) (7, 1.54307544231414794922e-01) (8, 9.71968472003936767578e-02) (9, -1.91980138421058654785e-01) (7, -1.16477513313293457031e+00) (8, -1.10345506668090820312e+00) (9, -1.42962351441383361816e-01) 
