FANN_FLO_2.1
num_layers=4
learning_rate=0.300000
connection_rate=1.000000
network_type=0
learning_momentum=0.000000
training_algorithm=2
train_error_function=1
train_stop_function=0
cascade_output_change_fraction=0.010000
quickprop_decay=-0.000100
quickprop_mu=1.750000
rprop_increase_factor=1.200000
rprop_decrease_factor=0.500000
rprop_delta_min=0.000000
rprop_delta_max=50.000000
rprop_delta_zero=0.100000
cascade_output_stagnation_epochs=12
cascade_candidate_change_fraction=0.010000
cascade_candidate_stagnation_epochs=12
cascade_max_out_epochs=150
cascade_min_out_epochs=50
cascade_max_cand_epochs=150
cascade_min_cand_epochs=50
cascade_num_candidate_groups=2
bit_fail_limit=3.49999994039535522461e-01
cascade_candidate_limit=1.00000000000000000000e+03
cascade_weight_multiplier=4.00000005960464477539e-01
cascade_activation_functions_count=10
cascade_activation_functions=3 5 7 8 10 11 14 15 16 17 
cascade_activation_steepnesses_count=4
cascade_activation_steepnesses=2.50000000000000000000e-01 5.00000000000000000000e-01 7.50000000000000000000e-01 1.00000000000000000000e+00 
layer_sizes=2 5 3 3 
scale_included=0
neurons (num_inputs, activation_function, activation_steepness)=(0, 0, 0.00000000000000000000e+00) (0, 0, 0.00000000000000000000e+00) (2, 3, 5.00000000000000000000e-01) (2, 3, 5.00000000000000000000e-01) (2, 3, 5.00000000000000000000e-01) (2, 3, 5.00000000000000000000e-01) (0, 3, 0.00000000000000000000e+00) (5, 3, 5.00000000000000000000e-01) (5, 3, 5.00000000000000000000e-01) (0, 3, 0.00000000000000000000e+00) (3, 0, 5.00000000000000000000e-01) (3, 0, 5.00000000000000000000e-01) (0, 0, 0.00000000000000000000e+00) 
connections (connected_to_neuron, weight)=(0, -1.02689781188964843750e+01) (1, -6.41632699966430664062e+00) (0, -5.58671455383300781250e+01) (1, -1.00825405120849609375e+00) (0, -1.18358640670776367188e+01) (1, -7.21685886383056640625e+00) (0, -5.67743644714355468750e+01) (1, -1.04806911945343017578e+00) (2, 1.07638144493103027344e+00) (3, 1.96777474880218505859e+00) (4, 1.55454897880554199219e+00) (5, 2.05572557449340820312e+00) (6, -1.77319228649139404297e+00) (2, 2.89230763912200927734e-01) (3, 1.01614046096801757812e+00) (4, 2.74233841896057128906e+00) (5, 1.22192001342773437500e+00) (6, -4.62612062692642211914e-01) (7, 1.59137800335884094238e-01) (8, -7.92184844613075256348e-03) (9, -1.68667346239089965820e-01) (7, -9.56388175487518310547e-01) (8, -7.83807575702667236328e-01) (9, -4.59760338068008422852e-01) 
