FANN_FLO_2.1
num_layers=4
learning_rate=0.500000
connection_rate=1.000000
network_type=0
learning_momentum=0.000000
training_algorithm=2
train_error_function=1
train_stop_function=0
cascade_output_change_fraction=0.010000
quickprop_decay=-0.000100
quickprop_mu=1.750000
rprop_increase_factor=1.200000
rprop_decrease_factor=0.500000
rprop_delta_min=0.000000
rprop_delta_max=50.000000
rprop_delta_zero=0.100000
cascade_output_stagnation_epochs=12
cascade_candidate_change_fraction=0.010000
cascade_candidate_stagnation_epochs=12
cascade_max_out_epochs=150
cascade_min_out_epochs=50
cascade_max_cand_epochs=150
cascade_min_cand_epochs=50
cascade_num_candidate_groups=2
bit_fail_limit=3.49999994039535522461e-01
cascade_candidate_limit=1.00000000000000000000e+03
cascade_weight_multiplier=4.00000005960464477539e-01
cascade_activation_functions_count=10
cascade_activation_functions=3 5 7 8 10 11 14 15 16 17 
cascade_activation_steepnesses_count=4
cascade_activation_steepnesses=2.50000000000000000000e-01 5.00000000000000000000e-01 7.50000000000000000000e-01 1.00000000000000000000e+00 
layer_sizes=4 5 5 2 
scale_included=0
neurons (num_inputs, activation_function, activation_steepness)=(0, 0, 0.00000000000000000000e+00) (0, 0, 0.00000000000000000000e+00) (0, 0, 0.00000000000000000000e+00) (0, 0, 0.00000000000000000000e+00) (4, 3, 5.00000000000000000000e-01) (4, 3, 5.00000000000000000000e-01) (4, 3, 5.00000000000000000000e-01) (4, 3, 5.00000000000000000000e-01) (0, 3, 0.00000000000000000000e+00) (5, 3, 5.00000000000000000000e-01) (5, 3, 5.00000000000000000000e-01) (5, 3, 5.00000000000000000000e-01) (5, 3, 5.00000000000000000000e-01) (0, 3, 0.00000000000000000000e+00) (5, 3, 5.00000000000000000000e-01) (0, 3, 0.00000000000000000000e+00) 
connections (connected_to_neuron, weight)=(0, -4.22842168807983398438e+00) (1, -1.13349676132202148438e+01) (2, 5.04534769058227539062e+00) (3, 3.35854268074035644531e+00) (0, -3.61673045158386230469e+00) (1, -1.09560852050781250000e+01) (2, 2.32277131080627441406e+00) (3, 3.53388476371765136719e+00) (0, -3.19132709503173828125e+00) (1, -1.18477478027343750000e+01) (2, 2.28816962242126464844e+00) (3, 3.59784483909606933594e+00) (0, -4.07780170440673828125e+00) (1, 3.16586112976074218750e+00) (2, -4.43981838226318359375e+00) (3, 2.17493009567260742188e+00) (4, 1.74952125549316406250e+01) (5, 4.53097772598266601562e+00) (6, 7.83161973953247070312e+00) (7, 1.06549949645996093750e+01) (8, -8.81248569488525390625e+00) (4, -1.44659543037414550781e+00) (5, 2.08781659603118896484e-01) (6, -7.41271376609802246094e-01) (7, -6.49836874008178710938e+00) (8, 6.96421027183532714844e-01) (4, 1.71365871429443359375e+01) (5, 3.99583554267883300781e+00) (6, 7.50011968612670898438e+00) (7, 1.63222579956054687500e+01) (8, -9.55588722229003906250e+00) (4, 8.49203586578369140625e+00) (5, 5.19659662246704101562e+00) (6, 8.52172565460205078125e+00) (7, 1.73956069946289062500e+01) (8, -8.10383319854736328125e+00) (9, -4.96941775083541870117e-01) (10, 1.67492020130157470703e+00) (11, -1.94806230068206787109e+00) (12, -1.64176452159881591797e+00) (13, 1.67320716381072998047e+00) 
