FANN_FLO_2.1
num_layers=3
learning_rate=0.500000
connection_rate=1.000000
network_type=0
learning_momentum=0.000000
training_algorithm=2
train_error_function=1
train_stop_function=0
cascade_output_change_fraction=0.010000
quickprop_decay=-0.000100
quickprop_mu=1.750000
rprop_increase_factor=1.200000
rprop_decrease_factor=0.500000
rprop_delta_min=0.000000
rprop_delta_max=50.000000
rprop_delta_zero=0.100000
cascade_output_stagnation_epochs=12
cascade_candidate_change_fraction=0.010000
cascade_candidate_stagnation_epochs=12
cascade_max_out_epochs=150
cascade_min_out_epochs=50
cascade_max_cand_epochs=150
cascade_min_cand_epochs=50
cascade_num_candidate_groups=2
bit_fail_limit=3.49999994039535522461e-01
cascade_candidate_limit=1.00000000000000000000e+03
cascade_weight_multiplier=4.00000005960464477539e-01
cascade_activation_functions_count=10
cascade_activation_functions=3 5 7 8 10 11 14 15 16 17 
cascade_activation_steepnesses_count=4
cascade_activation_steepnesses=2.50000000000000000000e-01 5.00000000000000000000e-01 7.50000000000000000000e-01 1.00000000000000000000e+00 
layer_sizes=18 3 2 
scale_included=0
neurons (num_inputs, activation_function, activation_steepness)=(0, 0, 0.00000000000000000000e+00) (0, 0, 0.00000000000000000000e+00) (0, 0, 0.00000000000000000000e+00) (0, 0, 0.00000000000000000000e+00) (0, 0, 0.00000000000000000000e+00) (0, 0, 0.00000000000000000000e+00) (0, 0, 0.00000000000000000000e+00) (0, 0, 0.00000000000000000000e+00) (0, 0, 0.00000000000000000000e+00) (0, 0, 0.00000000000000000000e+00) (0, 0, 0.00000000000000000000e+00) (0, 0, 0.00000000000000000000e+00) (0, 0, 0.00000000000000000000e+00) (0, 0, 0.00000000000000000000e+00) (0, 0, 0.00000000000000000000e+00) (0, 0, 0.00000000000000000000e+00) (0, 0, 0.00000000000000000000e+00) (0, 0, 0.00000000000000000000e+00) (18, 3, 5.00000000000000000000e-01) (18, 3, 5.00000000000000000000e-01) (0, 3, 0.00000000000000000000e+00) (3, 0, 5.00000000000000000000e-01) (0, 0, 0.00000000000000000000e+00) 
connections (connected_to_neuron, weight)=(0, 8.58857989311218261719e-01) (1, 9.54388260841369628906e-01) (2, 8.63640367984771728516e-01) (3, 9.71431851387023925781e-01) (4, 8.42552304267883300781e-01) (5, -7.55873620510101318359e-01) (6, -1.12217068672180175781e+00) (7, -7.34153091907501220703e-01) (8, 1.28804137930274009705e-02) (9, 9.40210103988647460938e-01) (10, 8.58610749244689941406e-01) (11, 8.74375522136688232422e-01) (12, 9.10535931587219238281e-01) (13, 9.72437083721160888672e-01) (14, 7.79258251190185546875e-01) (15, 8.70315730571746826172e-01) (16, 1.00080525875091552734e+00) (17, -3.88040924072265625000e+00) (0, 1.05752343750000000000e+03) (1, 1.44297595214843750000e+03) (2, 1.48703991699218750000e+03) (3, 1.44297595214843750000e+03) (4, 7.24003076553344726562e+00) (5, -1.59425979614257812500e+02) (6, 1.97125289916992187500e+02) (7, -7.61364102363586425781e-01) (8, 5.62101684570312500000e+02) (9, 3.15294151306152343750e+01) (10, 1.49846477508544921875e+01) (11, 1.44297595214843750000e+03) (12, 1.44297595214843750000e+03) (13, 1.44297595214843750000e+03) (14, 1.50000000000000000000e+03) (15, 2.62914703369140625000e+02) (16, 1.44297595214843750000e+03) (17, -2.30800375342369079590e-01) (18, 1.05625801086425781250e+01) (19, 1.63528931140899658203e+00) (20, 1.60715353488922119141e+00) 
