FANN_FLO_2.1
num_layers=4
learning_rate=0.500000
connection_rate=1.000000
network_type=0
learning_momentum=0.000000
training_algorithm=2
train_error_function=1
train_stop_function=0
cascade_output_change_fraction=0.010000
quickprop_decay=-0.000100
quickprop_mu=1.750000
rprop_increase_factor=1.200000
rprop_decrease_factor=0.500000
rprop_delta_min=0.000000
rprop_delta_max=50.000000
rprop_delta_zero=0.100000
cascade_output_stagnation_epochs=12
cascade_candidate_change_fraction=0.010000
cascade_candidate_stagnation_epochs=12
cascade_max_out_epochs=150
cascade_min_out_epochs=50
cascade_max_cand_epochs=150
cascade_min_cand_epochs=50
cascade_num_candidate_groups=2
bit_fail_limit=3.49999994039535522461e-01
cascade_candidate_limit=1.00000000000000000000e+03
cascade_weight_multiplier=4.00000005960464477539e-01
cascade_activation_functions_count=10
cascade_activation_functions=3 5 7 8 10 11 14 15 16 17 
cascade_activation_steepnesses_count=4
cascade_activation_steepnesses=2.50000000000000000000e-01 5.00000000000000000000e-01 7.50000000000000000000e-01 1.00000000000000000000e+00 
layer_sizes=4 5 5 2 
scale_included=0
neurons (num_inputs, activation_function, activation_steepness)=(0, 0, 0.00000000000000000000e+00) (0, 0, 0.00000000000000000000e+00) (0, 0, 0.00000000000000000000e+00) (0, 0, 0.00000000000000000000e+00) (4, 3, 5.00000000000000000000e-01) (4, 3, 5.00000000000000000000e-01) (4, 3, 5.00000000000000000000e-01) (4, 3, 5.00000000000000000000e-01) (0, 3, 0.00000000000000000000e+00) (5, 3, 5.00000000000000000000e-01) (5, 3, 5.00000000000000000000e-01) (5, 3, 5.00000000000000000000e-01) (5, 3, 5.00000000000000000000e-01) (0, 3, 0.00000000000000000000e+00) (5, 3, 5.00000000000000000000e-01) (0, 3, 0.00000000000000000000e+00) 
connections (connected_to_neuron, weight)=(0, -1.94875597953796386719e+00) (1, -1.16371974945068359375e+01) (2, 4.82351493835449218750e+00) (3, 2.13824224472045898438e+00) (0, -8.20321559906005859375e-01) (1, -1.22635316848754882812e+01) (2, 4.14661264419555664062e+00) (3, 1.43648898601531982422e+00) (0, -7.92569935321807861328e-01) (1, -1.25444574356079101562e+01) (2, 4.13563203811645507812e+00) (3, 1.51604700088500976562e+00) (0, -4.05811405181884765625e+00) (1, -7.97211349010467529297e-01) (2, -1.22551953792572021484e+00) (3, 2.23171210289001464844e+00) (4, 7.07982492446899414062e+00) (5, 4.70862150192260742188e+00) (6, 4.63001966476440429688e+00) (7, 2.98829326629638671875e+01) (8, -1.02388401031494140625e+01) (4, 9.37693977355957031250e+00) (5, 4.61502742767333984375e+00) (6, 4.64409828186035156250e+00) (7, 3.42414855957031250000e+01) (8, -1.17378644943237304688e+01) (4, 4.43373298645019531250e+01) (5, 2.15251731872558593750e+00) (6, 2.27958464622497558594e+00) (7, -1.63943252563476562500e+01) (8, 2.03128814697265625000e-01) (4, -7.01426684856414794922e-01) (5, 1.06092536449432373047e+00) (6, 2.14166134595870971680e-01) (7, -1.09527149200439453125e+01) (8, 2.25381299853324890137e-01) (9, -1.97783482074737548828e+00) (10, -2.79014348983764648438e+00) (11, 1.37990713119506835938e+00) (12, 1.69202581048011779785e-01) (13, 1.26985001564025878906e+00) 
