FANN_FLO_2.1
num_layers=3
learning_rate=0.450000
connection_rate=1.000000
network_type=0
learning_momentum=0.000000
training_algorithm=2
train_error_function=1
train_stop_function=0
cascade_output_change_fraction=0.010000
quickprop_decay=-0.000100
quickprop_mu=1.750000
rprop_increase_factor=1.200000
rprop_decrease_factor=0.500000
rprop_delta_min=0.000000
rprop_delta_max=50.000000
rprop_delta_zero=0.100000
cascade_output_stagnation_epochs=12
cascade_candidate_change_fraction=0.010000
cascade_candidate_stagnation_epochs=12
cascade_max_out_epochs=150
cascade_min_out_epochs=50
cascade_max_cand_epochs=150
cascade_min_cand_epochs=50
cascade_num_candidate_groups=2
bit_fail_limit=3.49999994039535522461e-01
cascade_candidate_limit=1.00000000000000000000e+03
cascade_weight_multiplier=4.00000005960464477539e-01
cascade_activation_functions_count=10
cascade_activation_functions=3 5 7 8 10 11 14 15 16 17 
cascade_activation_steepnesses_count=4
cascade_activation_steepnesses=2.50000000000000000000e-01 5.00000000000000000000e-01 7.50000000000000000000e-01 1.00000000000000000000e+00 
layer_sizes=7 5 2 
scale_included=0
neurons (num_inputs, activation_function, activation_steepness)=(0, 0, 0.00000000000000000000e+00) (0, 0, 0.00000000000000000000e+00) (0, 0, 0.00000000000000000000e+00) (0, 0, 0.00000000000000000000e+00) (0, 0, 0.00000000000000000000e+00) (0, 0, 0.00000000000000000000e+00) (0, 0, 0.00000000000000000000e+00) (7, 3, 5.00000000000000000000e-01) (7, 3, 5.00000000000000000000e-01) (7, 3, 5.00000000000000000000e-01) (7, 3, 5.00000000000000000000e-01) (0, 3, 0.00000000000000000000e+00) (5, 0, 5.00000000000000000000e-01) (0, 0, 0.00000000000000000000e+00) 
connections (connected_to_neuron, weight)=(0, 1.44651710987091064453e-01) (1, 6.15700483322143554688e-01) (2, -1.67525482177734375000e+00) (3, 5.95325410366058349609e-01) (4, -2.67262244224548339844e+00) (5, -2.82649135589599609375e+00) (6, 9.12638962268829345703e-01) (0, 1.50632336735725402832e-01) (1, -5.91627001762390136719e-01) (2, 4.84530180692672729492e-01) (3, 3.58842797577381134033e-02) (4, -7.36579596996307373047e-01) (5, 9.40183222293853759766e-01) (6, -1.17531499862670898438e+01) (0, -4.58880305290222167969e-01) (1, 1.42955422401428222656e+00) (2, -7.14573442935943603516e-01) (3, -2.92850613594055175781e-01) (4, 9.13506448268890380859e-01) (5, -6.10080420970916748047e-01) (6, 5.14437437057495117188e+00) (0, 3.86453461647033691406e+00) (1, -3.41588775634765625000e+02) (2, 8.64757385253906250000e+02) (3, 3.76481742858886718750e+01) (4, -1.13722119140625000000e+03) (5, 2.95941686630249023438e+00) (6, -1.36526560783386230469e+00) (7, 3.77908498048782348633e-01) (8, 7.16793596744537353516e-01) (9, -6.45114183425903320312e-02) (10, -1.63227841258049011230e-02) (11, 6.34264349937438964844e-02) 
