FANN_FLO_2.1
num_layers=3
learning_rate=0.400000
connection_rate=1.000000
network_type=0
learning_momentum=0.000000
training_algorithm=2
train_error_function=1
train_stop_function=0
cascade_output_change_fraction=0.010000
quickprop_decay=-0.000100
quickprop_mu=1.750000
rprop_increase_factor=1.200000
rprop_decrease_factor=0.500000
rprop_delta_min=0.000000
rprop_delta_max=50.000000
rprop_delta_zero=0.100000
cascade_output_stagnation_epochs=12
cascade_candidate_change_fraction=0.010000
cascade_candidate_stagnation_epochs=12
cascade_max_out_epochs=150
cascade_min_out_epochs=50
cascade_max_cand_epochs=150
cascade_min_cand_epochs=50
cascade_num_candidate_groups=2
bit_fail_limit=3.49999994039535522461e-01
cascade_candidate_limit=1.00000000000000000000e+03
cascade_weight_multiplier=4.00000005960464477539e-01
cascade_activation_functions_count=10
cascade_activation_functions=3 5 7 8 10 11 14 15 16 17 
cascade_activation_steepnesses_count=4
cascade_activation_steepnesses=2.50000000000000000000e-01 5.00000000000000000000e-01 7.50000000000000000000e-01 1.00000000000000000000e+00 
layer_sizes=10 3 2 
scale_included=0
neurons (num_inputs, activation_function, activation_steepness)=(0, 0, 0.00000000000000000000e+00) (0, 0, 0.00000000000000000000e+00) (0, 0, 0.00000000000000000000e+00) (0, 0, 0.00000000000000000000e+00) (0, 0, 0.00000000000000000000e+00) (0, 0, 0.00000000000000000000e+00) (0, 0, 0.00000000000000000000e+00) (0, 0, 0.00000000000000000000e+00) (0, 0, 0.00000000000000000000e+00) (0, 0, 0.00000000000000000000e+00) (10, 3, 5.00000000000000000000e-01) (10, 3, 5.00000000000000000000e-01) (0, 3, 0.00000000000000000000e+00) (3, 3, 5.00000000000000000000e-01) (0, 3, 0.00000000000000000000e+00) 
connections (connected_to_neuron, weight)=(0, 1.78527474403381347656e-01) (1, 2.92288511991500854492e-02) (2, 1.88468873500823974609e-01) (3, 1.75803333520889282227e-01) (4, 2.12802082300186157227e-01) (5, 3.84175479412078857422e-02) (6, 1.14910036325454711914e-01) (7, 9.23964679241180419922e-02) (8, 5.30696660280227661133e-02) (9, 2.15179383754730224609e-01) (0, 2.16276437044143676758e-01) (1, 4.14398089051246643066e-02) (2, 7.49563202261924743652e-02) (3, 1.38715296983718872070e-01) (4, 1.86876863241195678711e-01) (5, 7.95368552207946777344e-02) (6, 2.89809480309486389160e-02) (7, 1.83491259813308715820e-01) (8, 8.59145373106002807617e-02) (9, 1.63722574710845947266e-01) (10, -1.77033454179763793945e-01) (11, -2.13825523853302001953e-01) (12, -1.35729238390922546387e-01) 
