FANN_FLO_2.1
num_layers=3
learning_rate=0.300000
connection_rate=1.000000
network_type=0
learning_momentum=0.000000
training_algorithm=2
train_error_function=1
train_stop_function=0
cascade_output_change_fraction=0.010000
quickprop_decay=-0.000100
quickprop_mu=1.750000
rprop_increase_factor=1.200000
rprop_decrease_factor=0.500000
rprop_delta_min=0.000000
rprop_delta_max=50.000000
rprop_delta_zero=0.100000
cascade_output_stagnation_epochs=12
cascade_candidate_change_fraction=0.010000
cascade_candidate_stagnation_epochs=12
cascade_max_out_epochs=150
cascade_min_out_epochs=50
cascade_max_cand_epochs=150
cascade_min_cand_epochs=50
cascade_num_candidate_groups=2
bit_fail_limit=3.49999994039535522461e-01
cascade_candidate_limit=1.00000000000000000000e+03
cascade_weight_multiplier=4.00000005960464477539e-01
cascade_activation_functions_count=10
cascade_activation_functions=3 5 7 8 10 11 14 15 16 17 
cascade_activation_steepnesses_count=4
cascade_activation_steepnesses=2.50000000000000000000e-01 5.00000000000000000000e-01 7.50000000000000000000e-01 1.00000000000000000000e+00 
layer_sizes=4 9 2 
scale_included=0
neurons (num_inputs, activation_function, activation_steepness)=(0, 0, 0.00000000000000000000e+00) (0, 0, 0.00000000000000000000e+00) (0, 0, 0.00000000000000000000e+00) (0, 0, 0.00000000000000000000e+00) (4, 3, 5.00000000000000000000e-01) (4, 3, 5.00000000000000000000e-01) (4, 3, 5.00000000000000000000e-01) (4, 3, 5.00000000000000000000e-01) (4, 3, 5.00000000000000000000e-01) (4, 3, 5.00000000000000000000e-01) (4, 3, 5.00000000000000000000e-01) (4, 3, 5.00000000000000000000e-01) (0, 3, 0.00000000000000000000e+00) (9, 3, 5.00000000000000000000e-01) (0, 3, 0.00000000000000000000e+00) 
connections (connected_to_neuron, weight)=(0, -4.51018714904785156250e+00) (1, -3.68528032302856445312e+00) (2, 3.25156974792480468750e+01) (3, 1.09517431259155273438e+00) (0, -9.35379683971405029297e-01) (1, 6.64788544178009033203e-01) (2, -1.45811605453491210938e+00) (3, 5.33646488189697265625e+00) (0, 1.50000000000000000000e+03) (1, 1.49999060058593750000e+03) (2, 1.50000000000000000000e+03) (3, 1.33163952827453613281e+00) (0, -5.68516314029693603516e-01) (1, 2.90797293186187744141e-01) (2, -1.14742600917816162109e+00) (3, 8.91354846954345703125e+00) (0, -8.05313289165496826172e-02) (1, 2.80967772006988525391e-01) (2, -4.31570529937744140625e+00) (3, 6.35783052444458007812e+00) (0, 1.78363728523254394531e+00) (1, -8.29994231462478637695e-02) (2, -6.71754169464111328125e+00) (3, -3.51338267326354980469e-01) (0, 7.38785696029663085938e+00) (1, -3.39089900255203247070e-01) (2, -1.02051687240600585938e+01) (3, -1.14388069152832031250e+02) (0, -1.93002521991729736328e-01) (1, 3.63229215145111083984e-02) (2, -3.50447744131088256836e-01) (3, 4.00099515914916992188e+00) (4, -1.60266801714897155762e-01) (5, -6.96451216936111450195e-02) (6, 4.77846354246139526367e-01) (7, -8.39491963386535644531e-01) (8, -3.30234915018081665039e-01) (9, 8.34970623254776000977e-02) (10, -7.99707099795341491699e-02) (11, -4.17044830322265625000e+00) (12, 4.14376586675643920898e-01) 
