FANN_FLO_2.1
num_layers=4
learning_rate=0.500000
connection_rate=1.000000
network_type=0
learning_momentum=0.000000
training_algorithm=2
train_error_function=1
train_stop_function=0
cascade_output_change_fraction=0.010000
quickprop_decay=-0.000100
quickprop_mu=1.750000
rprop_increase_factor=1.200000
rprop_decrease_factor=0.500000
rprop_delta_min=0.000000
rprop_delta_max=50.000000
rprop_delta_zero=0.100000
cascade_output_stagnation_epochs=12
cascade_candidate_change_fraction=0.010000
cascade_candidate_stagnation_epochs=12
cascade_max_out_epochs=150
cascade_min_out_epochs=50
cascade_max_cand_epochs=150
cascade_min_cand_epochs=50
cascade_num_candidate_groups=2
bit_fail_limit=3.49999994039535522461e-01
cascade_candidate_limit=1.00000000000000000000e+03
cascade_weight_multiplier=4.00000005960464477539e-01
cascade_activation_functions_count=10
cascade_activation_functions=3 5 7 8 10 11 14 15 16 17 
cascade_activation_steepnesses_count=4
cascade_activation_steepnesses=2.50000000000000000000e-01 5.00000000000000000000e-01 7.50000000000000000000e-01 1.00000000000000000000e+00 
layer_sizes=18 3 3 2 
scale_included=0
neurons (num_inputs, activation_function, activation_steepness)=(0, 0, 0.00000000000000000000e+00) (0, 0, 0.00000000000000000000e+00) (0, 0, 0.00000000000000000000e+00) (0, 0, 0.00000000000000000000e+00) (0, 0, 0.00000000000000000000e+00) (0, 0, 0.00000000000000000000e+00) (0, 0, 0.00000000000000000000e+00) (0, 0, 0.00000000000000000000e+00) (0, 0, 0.00000000000000000000e+00) (0, 0, 0.00000000000000000000e+00) (0, 0, 0.00000000000000000000e+00) (0, 0, 0.00000000000000000000e+00) (0, 0, 0.00000000000000000000e+00) (0, 0, 0.00000000000000000000e+00) (0, 0, 0.00000000000000000000e+00) (0, 0, 0.00000000000000000000e+00) (0, 0, 0.00000000000000000000e+00) (0, 0, 0.00000000000000000000e+00) (18, 3, 5.00000000000000000000e-01) (18, 3, 5.00000000000000000000e-01) (0, 3, 0.00000000000000000000e+00) (3, 3, 5.00000000000000000000e-01) (3, 3, 5.00000000000000000000e-01) (0, 3, 0.00000000000000000000e+00) (3, 0, 5.00000000000000000000e-01) (0, 0, 0.00000000000000000000e+00) 
connections (connected_to_neuron, weight)=(0, 6.99248969554901123047e-01) (1, 8.28696370124816894531e-01) (2, 9.59637820720672607422e-01) (3, 5.65880894660949707031e-01) (4, 6.06742322444915771484e-01) (5, -7.91898787021636962891e-01) (6, -7.71679580211639404297e-01) (7, -1.31148278713226318359e+00) (8, -2.23670229315757751465e-01) (9, 6.77783071994781494141e-01) (10, 6.41574561595916748047e-01) (11, 8.09022426605224609375e-01) (12, 8.67022931575775146484e-01) (13, 7.23278224468231201172e-01) (14, 6.70194327831268310547e-01) (15, 6.00687861442565917969e-01) (16, 7.35270023345947265625e-01) (17, -4.04081344604492187500e+00) (0, 9.70481514930725097656e-01) (1, 8.86012554168701171875e-01) (2, 6.76244318485260009766e-01) (3, 1.05117905139923095703e+00) (4, 8.96532058715820312500e-01) (5, -7.76527822017669677734e-01) (6, -8.71782720088958740234e-01) (7, -4.67180848121643066406e-01) (8, 3.56145113706588745117e-01) (9, 7.07241654396057128906e-01) (10, 1.15431630611419677734e+00) (11, 9.31447923183441162109e-01) (12, 7.20673739910125732422e-01) (13, 8.02658855915069580078e-01) (14, 1.09062707424163818359e+00) (15, 9.13605928421020507812e-01) (16, 9.15044903755187988281e-01) (17, -3.22080969810485839844e+00) (18, 2.10754489898681640625e+00) (19, 1.98609495162963867188e+00) (20, -1.83751952648162841797e+00) (18, 2.19160437583923339844e+00) (19, 1.95460498332977294922e+00) (20, -1.89268493652343750000e+00) (21, 3.20513939857482910156e+00) (22, 1.17184324264526367188e+01) (23, 1.13924729824066162109e+00) 
