FANN_FLO_2.1
num_layers=3
learning_rate=0.500000
connection_rate=1.000000
network_type=0
learning_momentum=0.000000
training_algorithm=2
train_error_function=1
train_stop_function=0
cascade_output_change_fraction=0.010000
quickprop_decay=-0.000100
quickprop_mu=1.750000
rprop_increase_factor=1.200000
rprop_decrease_factor=0.500000
rprop_delta_min=0.000000
rprop_delta_max=50.000000
rprop_delta_zero=0.100000
cascade_output_stagnation_epochs=12
cascade_candidate_change_fraction=0.010000
cascade_candidate_stagnation_epochs=12
cascade_max_out_epochs=150
cascade_min_out_epochs=50
cascade_max_cand_epochs=150
cascade_min_cand_epochs=50
cascade_num_candidate_groups=2
bit_fail_limit=3.49999994039535522461e-01
cascade_candidate_limit=1.00000000000000000000e+03
cascade_weight_multiplier=4.00000005960464477539e-01
cascade_activation_functions_count=10
cascade_activation_functions=3 5 7 8 10 11 14 15 16 17 
cascade_activation_steepnesses_count=4
cascade_activation_steepnesses=2.50000000000000000000e-01 5.00000000000000000000e-01 7.50000000000000000000e-01 1.00000000000000000000e+00 
layer_sizes=10 3 2 
scale_included=0
neurons (num_inputs, activation_function, activation_steepness)=(0, 0, 0.00000000000000000000e+00) (0, 0, 0.00000000000000000000e+00) (0, 0, 0.00000000000000000000e+00) (0, 0, 0.00000000000000000000e+00) (0, 0, 0.00000000000000000000e+00) (0, 0, 0.00000000000000000000e+00) (0, 0, 0.00000000000000000000e+00) (0, 0, 0.00000000000000000000e+00) (0, 0, 0.00000000000000000000e+00) (0, 0, 0.00000000000000000000e+00) (10, 3, 5.00000000000000000000e-01) (10, 3, 5.00000000000000000000e-01) (0, 3, 0.00000000000000000000e+00) (3, 3, 5.00000000000000000000e-01) (0, 3, 0.00000000000000000000e+00) 
connections (connected_to_neuron, weight)=(0, -4.92019116878509521484e-01) (1, -3.85956555604934692383e-01) (2, -4.88545238971710205078e-01) (3, -3.93956363201141357422e-01) (4, -1.35264170169830322266e+00) (5, -3.70902448892593383789e-01) (6, -4.77439492940902709961e-01) (7, -3.99090915918350219727e-01) (8, -3.82033169269561767578e-01) (9, 2.11817765235900878906e+00) (0, 6.07511699199676513672e-01) (1, 8.71203958988189697266e-01) (2, 5.65897166728973388672e-01) (3, 7.44955062866210937500e-01) (4, -1.59520661830902099609e+00) (5, 8.55687320232391357422e-01) (6, 6.84740543365478515625e-01) (7, 8.00854563713073730469e-01) (8, 8.55929374694824218750e-01) (9, -1.44299018383026123047e+00) (10, -2.69046592712402343750e+00) (11, 1.21862483024597167969e+00) (12, 3.56704443693161010742e-01) 
