FANN_FLO_2.1
num_layers=3
learning_rate=0.300000
connection_rate=1.000000
network_type=0
learning_momentum=0.000000
training_algorithm=2
train_error_function=1
train_stop_function=0
cascade_output_change_fraction=0.010000
quickprop_decay=-0.000100
quickprop_mu=1.750000
rprop_increase_factor=1.200000
rprop_decrease_factor=0.500000
rprop_delta_min=0.000000
rprop_delta_max=50.000000
rprop_delta_zero=0.100000
cascade_output_stagnation_epochs=12
cascade_candidate_change_fraction=0.010000
cascade_candidate_stagnation_epochs=12
cascade_max_out_epochs=150
cascade_min_out_epochs=50
cascade_max_cand_epochs=150
cascade_min_cand_epochs=50
cascade_num_candidate_groups=2
bit_fail_limit=3.49999994039535522461e-01
cascade_candidate_limit=1.00000000000000000000e+03
cascade_weight_multiplier=4.00000005960464477539e-01
cascade_activation_functions_count=10
cascade_activation_functions=3 5 7 8 10 11 14 15 16 17 
cascade_activation_steepnesses_count=4
cascade_activation_steepnesses=2.50000000000000000000e-01 5.00000000000000000000e-01 7.50000000000000000000e-01 1.00000000000000000000e+00 
layer_sizes=4 9 2 
scale_included=0
neurons (num_inputs, activation_function, activation_steepness)=(0, 0, 0.00000000000000000000e+00) (0, 0, 0.00000000000000000000e+00) (0, 0, 0.00000000000000000000e+00) (0, 0, 0.00000000000000000000e+00) (4, 3, 5.00000000000000000000e-01) (4, 3, 5.00000000000000000000e-01) (4, 3, 5.00000000000000000000e-01) (4, 3, 5.00000000000000000000e-01) (4, 3, 5.00000000000000000000e-01) (4, 3, 5.00000000000000000000e-01) (4, 3, 5.00000000000000000000e-01) (4, 3, 5.00000000000000000000e-01) (0, 3, 0.00000000000000000000e+00) (9, 3, 5.00000000000000000000e-01) (0, 3, 0.00000000000000000000e+00) 
connections (connected_to_neuron, weight)=(0, -1.34840607643127441406e-01) (1, -2.70688993623480200768e-04) (2, 9.66705456376075744629e-02) (3, 2.99499392509460449219e-01) (0, -6.17802441120147705078e-02) (1, 1.64128225296735763550e-02) (2, -4.16720569133758544922e-01) (3, 1.64226794242858886719e+00) (0, -9.86770749092102050781e-01) (1, 5.56952774524688720703e-01) (2, -1.53942680358886718750e+00) (3, 6.39277315139770507812e+00) (0, -1.14089190959930419922e-01) (1, 4.96774986386299133301e-02) (2, -4.09704923629760742188e-01) (3, 1.36889970302581787109e+00) (0, -9.31769311428070068359e-01) (1, 4.91261243820190429688e-01) (2, -2.54883313179016113281e+00) (3, 6.36796176433563232422e-01) (0, -1.16133856773376464844e+00) (1, 6.58043146133422851562e-01) (2, -2.86920309066772460938e+00) (3, 1.78801860809326171875e+01) (0, -7.91495978832244873047e-01) (1, 5.83391129970550537109e-01) (2, -2.07242393493652343750e+00) (3, 2.31012558937072753906e+00) (0, 1.64910244941711425781e+00) (1, 7.79438987374305725098e-02) (2, -7.54410028457641601562e+00) (3, -2.60006874799728393555e-01) (4, -5.21530914306640625000e+00) (5, -2.40946531295776367188e+00) (6, -1.02071709930896759033e-01) (7, -3.71957731246948242188e+00) (8, 3.51164072751998901367e-01) (9, -1.27715796232223510742e-01) (10, -8.98429453372955322266e-02) (11, 8.15783888101577758789e-02) (12, 8.18233966827392578125e-01) 
