FANN_FLO_2.1
num_layers=3
learning_rate=0.300000
connection_rate=1.000000
network_type=0
learning_momentum=0.000000
training_algorithm=2
train_error_function=1
train_stop_function=0
cascade_output_change_fraction=0.010000
quickprop_decay=-0.000100
quickprop_mu=1.750000
rprop_increase_factor=1.200000
rprop_decrease_factor=0.500000
rprop_delta_min=0.000000
rprop_delta_max=50.000000
rprop_delta_zero=0.100000
cascade_output_stagnation_epochs=12
cascade_candidate_change_fraction=0.010000
cascade_candidate_stagnation_epochs=12
cascade_max_out_epochs=150
cascade_min_out_epochs=50
cascade_max_cand_epochs=150
cascade_min_cand_epochs=50
cascade_num_candidate_groups=2
bit_fail_limit=3.49999994039535522461e-01
cascade_candidate_limit=1.00000000000000000000e+03
cascade_weight_multiplier=4.00000005960464477539e-01
cascade_activation_functions_count=10
cascade_activation_functions=3 5 7 8 10 11 14 15 16 17 
cascade_activation_steepnesses_count=4
cascade_activation_steepnesses=2.50000000000000000000e-01 5.00000000000000000000e-01 7.50000000000000000000e-01 1.00000000000000000000e+00 
layer_sizes=4 9 2 
scale_included=0
neurons (num_inputs, activation_function, activation_steepness)=(0, 0, 0.00000000000000000000e+00) (0, 0, 0.00000000000000000000e+00) (0, 0, 0.00000000000000000000e+00) (0, 0, 0.00000000000000000000e+00) (4, 3, 5.00000000000000000000e-01) (4, 3, 5.00000000000000000000e-01) (4, 3, 5.00000000000000000000e-01) (4, 3, 5.00000000000000000000e-01) (4, 3, 5.00000000000000000000e-01) (4, 3, 5.00000000000000000000e-01) (4, 3, 5.00000000000000000000e-01) (4, 3, 5.00000000000000000000e-01) (0, 3, 0.00000000000000000000e+00) (9, 3, 5.00000000000000000000e-01) (0, 3, 0.00000000000000000000e+00) 
connections (connected_to_neuron, weight)=(0, 7.46224880218505859375e-01) (1, -1.17139577865600585938e-01) (2, -2.41482400894165039062e+00) (3, 8.02637413144111633301e-02) (0, -8.75969231128692626953e-01) (1, 8.72691750526428222656e-01) (2, -4.01402902603149414062e+00) (3, 9.44643783569335937500e+00) (0, -1.25581443309783935547e+00) (1, -9.15484189987182617188e-01) (2, 8.19649696350097656250e+00) (3, -3.83191198110580444336e-01) (0, -9.31901782751083374023e-02) (1, 3.87960597872734069824e-02) (2, -3.96913647651672363281e-01) (3, 1.95576548576354980469e+00) (0, -1.26594558358192443848e-01) (1, 2.48036137782037258148e-03) (2, 2.06974167376756668091e-02) (3, 4.87942039966583251953e-01) (0, 3.53636704385280609131e-02) (1, 1.64845809340476989746e-01) (2, -2.40643286705017089844e+00) (3, 2.89510756731033325195e-01) (0, -8.62861633300781250000e-01) (1, 8.30033898353576660156e-01) (2, -4.13535737991333007812e+00) (3, 2.88620400428771972656e+00) (0, -8.14769089221954345703e-01) (1, -1.09622471034526824951e-01) (2, 2.20673274993896484375e+00) (3, -8.64015296101570129395e-02) (4, 1.63362175226211547852e-01) (5, -1.76857948303222656250e-01) (6, -1.52005985379219055176e-01) (7, -3.23352384567260742188e+00) (8, -7.34173250198364257812e+00) (9, -4.40356820821762084961e-01) (10, -1.42564982175827026367e-01) (11, 2.35935583710670471191e-01) (12, 8.90151560306549072266e-01) 
