FANN_FLO_2.1
num_layers=3
learning_rate=0.400000
connection_rate=1.000000
network_type=0
learning_momentum=0.000000
training_algorithm=2
train_error_function=1
train_stop_function=0
cascade_output_change_fraction=0.010000
quickprop_decay=-0.000100
quickprop_mu=1.750000
rprop_increase_factor=1.200000
rprop_decrease_factor=0.500000
rprop_delta_min=0.000000
rprop_delta_max=50.000000
rprop_delta_zero=0.100000
cascade_output_stagnation_epochs=12
cascade_candidate_change_fraction=0.010000
cascade_candidate_stagnation_epochs=12
cascade_max_out_epochs=150
cascade_min_out_epochs=50
cascade_max_cand_epochs=150
cascade_min_cand_epochs=50
cascade_num_candidate_groups=2
bit_fail_limit=3.49999994039535522461e-01
cascade_candidate_limit=1.00000000000000000000e+03
cascade_weight_multiplier=4.00000005960464477539e-01
cascade_activation_functions_count=10
cascade_activation_functions=3 5 7 8 10 11 14 15 16 17 
cascade_activation_steepnesses_count=4
cascade_activation_steepnesses=2.50000000000000000000e-01 5.00000000000000000000e-01 7.50000000000000000000e-01 1.00000000000000000000e+00 
layer_sizes=6 5 2 
scale_included=0
neurons (num_inputs, activation_function, activation_steepness)=(0, 0, 0.00000000000000000000e+00) (0, 0, 0.00000000000000000000e+00) (0, 0, 0.00000000000000000000e+00) (0, 0, 0.00000000000000000000e+00) (0, 0, 0.00000000000000000000e+00) (0, 0, 0.00000000000000000000e+00) (6, 3, 5.00000000000000000000e-01) (6, 3, 5.00000000000000000000e-01) (6, 3, 5.00000000000000000000e-01) (6, 3, 5.00000000000000000000e-01) (0, 3, 0.00000000000000000000e+00) (5, 0, 5.00000000000000000000e-01) (0, 0, 0.00000000000000000000e+00) 
connections (connected_to_neuron, weight)=(0, -1.50000000000000000000e+03) (1, -1.50000000000000000000e+03) (2, -4.73027658462524414062e+00) (3, -2.82792735099792480469e+00) (4, 2.88442522287368774414e-01) (5, 2.16341670602560043335e-02) (0, -1.50000000000000000000e+03) (1, -1.50000000000000000000e+03) (2, -1.75430333614349365234e+00) (3, -7.75225877761840820312e+00) (4, -6.28300094604492187500e+00) (5, -1.74021907150745391846e-02) (0, -1.50000000000000000000e+03) (1, -1.50000000000000000000e+03) (2, -4.56389856338500976562e+00) (3, -2.83604359626770019531e+00) (4, 1.66510626673698425293e-01) (5, 7.67523273825645446777e-02) (0, -1.50000000000000000000e+03) (1, -1.50000000000000000000e+03) (2, -6.05063486099243164062e+00) (3, -2.68508605957031250000e+01) (4, -1.64210605621337890625e+01) (5, -1.20948231220245361328e+00) (6, 3.59056587219238281250e+01) (7, 9.86506748199462890625e+00) (8, 3.59191627502441406250e+01) (9, 7.54598846435546875000e+01) (10, 8.50789487361907958984e-01) 
