FANN_FLO_2.1
num_layers=3
learning_rate=0.500000
connection_rate=1.000000
network_type=0
learning_momentum=0.000000
training_algorithm=2
train_error_function=1
train_stop_function=0
cascade_output_change_fraction=0.010000
quickprop_decay=-0.000100
quickprop_mu=1.750000
rprop_increase_factor=1.200000
rprop_decrease_factor=0.500000
rprop_delta_min=0.000000
rprop_delta_max=50.000000
rprop_delta_zero=0.100000
cascade_output_stagnation_epochs=12
cascade_candidate_change_fraction=0.010000
cascade_candidate_stagnation_epochs=12
cascade_max_out_epochs=150
cascade_min_out_epochs=50
cascade_max_cand_epochs=150
cascade_min_cand_epochs=50
cascade_num_candidate_groups=2
bit_fail_limit=3.49999994039535522461e-01
cascade_candidate_limit=1.00000000000000000000e+03
cascade_weight_multiplier=4.00000005960464477539e-01
cascade_activation_functions_count=10
cascade_activation_functions=3 5 7 8 10 11 14 15 16 17 
cascade_activation_steepnesses_count=4
cascade_activation_steepnesses=2.50000000000000000000e-01 5.00000000000000000000e-01 7.50000000000000000000e-01 1.00000000000000000000e+00 
layer_sizes=7 5 2 
scale_included=0
neurons (num_inputs, activation_function, activation_steepness)=(0, 0, 0.00000000000000000000e+00) (0, 0, 0.00000000000000000000e+00) (0, 0, 0.00000000000000000000e+00) (0, 0, 0.00000000000000000000e+00) (0, 0, 0.00000000000000000000e+00) (0, 0, 0.00000000000000000000e+00) (0, 0, 0.00000000000000000000e+00) (7, 3, 5.00000000000000000000e-01) (7, 3, 5.00000000000000000000e-01) (7, 3, 5.00000000000000000000e-01) (7, 3, 5.00000000000000000000e-01) (0, 3, 0.00000000000000000000e+00) (5, 0, 5.00000000000000000000e-01) (0, 0, 0.00000000000000000000e+00) 
connections (connected_to_neuron, weight)=(0, -2.10161865234375000000e+02) (1, -1.16603505611419677734e+00) (2, -1.96754547119140625000e+02) (3, -3.62887649536132812500e+01) (4, -1.61535072326660156250e+01) (5, 7.32688369750976562500e+01) (6, -1.27937853336334228516e+00) (0, -4.61860427856445312500e+01) (1, -6.72322452068328857422e-01) (2, -7.75438964843750000000e+02) (3, -9.36373615264892578125e+00) (4, -3.22519183158874511719e+00) (5, -1.09800842285156250000e+03) (6, -7.27975189685821533203e-01) (0, -2.11276290893554687500e+02) (1, -1.19131112098693847656e+00) (2, -1.99239639282226562500e+02) (3, -3.74888191223144531250e+01) (4, -1.73427371978759765625e+01) (5, 6.68578796386718750000e+01) (6, -1.41770267486572265625e+00) (0, -7.59786437988281250000e+02) (1, -1.38043463230133056641e-01) (2, -1.08102563476562500000e+03) (3, -4.06465301513671875000e+01) (4, -4.07016143798828125000e+01) (5, -1.08102563476562500000e+03) (6, -2.78405606746673583984e-01) (7, -2.35735111236572265625e+01) (8, -6.71378225088119506836e-02) (9, -4.57539405822753906250e+01) (10, 7.50000000000000000000e+02) (11, 1.24774174764752388000e-02) 
