FANN_FLO_2.1
num_layers=3
learning_rate=0.400000
connection_rate=1.000000
network_type=0
learning_momentum=0.000000
training_algorithm=2
train_error_function=1
train_stop_function=0
cascade_output_change_fraction=0.010000
quickprop_decay=-0.000100
quickprop_mu=1.750000
rprop_increase_factor=1.200000
rprop_decrease_factor=0.500000
rprop_delta_min=0.000000
rprop_delta_max=50.000000
rprop_delta_zero=0.100000
cascade_output_stagnation_epochs=12
cascade_candidate_change_fraction=0.010000
cascade_candidate_stagnation_epochs=12
cascade_max_out_epochs=150
cascade_min_out_epochs=50
cascade_max_cand_epochs=150
cascade_min_cand_epochs=50
cascade_num_candidate_groups=2
bit_fail_limit=3.49999994039535522461e-01
cascade_candidate_limit=1.00000000000000000000e+03
cascade_weight_multiplier=4.00000005960464477539e-01
cascade_activation_functions_count=10
cascade_activation_functions=3 5 7 8 10 11 14 15 16 17 
cascade_activation_steepnesses_count=4
cascade_activation_steepnesses=2.50000000000000000000e-01 5.00000000000000000000e-01 7.50000000000000000000e-01 1.00000000000000000000e+00 
layer_sizes=10 3 2 
scale_included=0
neurons (num_inputs, activation_function, activation_steepness)=(0, 0, 0.00000000000000000000e+00) (0, 0, 0.00000000000000000000e+00) (0, 0, 0.00000000000000000000e+00) (0, 0, 0.00000000000000000000e+00) (0, 0, 0.00000000000000000000e+00) (0, 0, 0.00000000000000000000e+00) (0, 0, 0.00000000000000000000e+00) (0, 0, 0.00000000000000000000e+00) (0, 0, 0.00000000000000000000e+00) (0, 0, 0.00000000000000000000e+00) (10, 3, 5.00000000000000000000e-01) (10, 3, 5.00000000000000000000e-01) (0, 3, 0.00000000000000000000e+00) (3, 3, 5.00000000000000000000e-01) (0, 3, 0.00000000000000000000e+00) 
connections (connected_to_neuron, weight)=(0, -1.60501301288604736328e-01) (1, -1.48142963647842407227e-01) (2, -1.78423956036567687988e-01) (3, -5.47338053584098815918e-02) (4, -7.94546082615852355957e-02) (5, -6.04346618056297302246e-02) (6, -9.58346575498580932617e-02) (7, -7.35671147704124450684e-02) (8, -6.98569938540458679199e-02) (9, 1.39831200242042541504e-01) (0, -9.04125645756721496582e-02) (1, -1.86668738722801208496e-01) (2, -9.18703600764274597168e-02) (3, -1.23313471674919128418e-01) (4, -1.15070283412933349609e-01) (5, -1.58473387360572814941e-01) (6, -3.80506440997123718262e-02) (7, -7.79410228133201599121e-02) (8, -1.93256735801696777344e-01) (9, 9.65168550610542297363e-02) (10, 1.58262580633163452148e-01) (11, 1.27920761704444885254e-01) (12, 1.25068023800849914551e-01) 
