FANN_FLO_2.1
num_layers=4
learning_rate=0.300000
connection_rate=1.000000
network_type=0
learning_momentum=0.000000
training_algorithm=2
train_error_function=1
train_stop_function=0
cascade_output_change_fraction=0.010000
quickprop_decay=-0.000100
quickprop_mu=1.750000
rprop_increase_factor=1.200000
rprop_decrease_factor=0.500000
rprop_delta_min=0.000000
rprop_delta_max=50.000000
rprop_delta_zero=0.100000
cascade_output_stagnation_epochs=12
cascade_candidate_change_fraction=0.010000
cascade_candidate_stagnation_epochs=12
cascade_max_out_epochs=150
cascade_min_out_epochs=50
cascade_max_cand_epochs=150
cascade_min_cand_epochs=50
cascade_num_candidate_groups=2
bit_fail_limit=3.49999994039535522461e-01
cascade_candidate_limit=1.00000000000000000000e+03
cascade_weight_multiplier=4.00000005960464477539e-01
cascade_activation_functions_count=10
cascade_activation_functions=3 5 7 8 10 11 14 15 16 17 
cascade_activation_steepnesses_count=4
cascade_activation_steepnesses=2.50000000000000000000e-01 5.00000000000000000000e-01 7.50000000000000000000e-01 1.00000000000000000000e+00 
layer_sizes=2 5 5 3 
scale_included=0
neurons (num_inputs, activation_function, activation_steepness)=(0, 0, 0.00000000000000000000e+00) (0, 0, 0.00000000000000000000e+00) (2, 3, 5.00000000000000000000e-01) (2, 3, 5.00000000000000000000e-01) (2, 3, 5.00000000000000000000e-01) (2, 3, 5.00000000000000000000e-01) (0, 3, 0.00000000000000000000e+00) (5, 3, 5.00000000000000000000e-01) (5, 3, 5.00000000000000000000e-01) (5, 3, 5.00000000000000000000e-01) (5, 3, 5.00000000000000000000e-01) (0, 3, 0.00000000000000000000e+00) (5, 0, 5.00000000000000000000e-01) (5, 0, 5.00000000000000000000e-01) (0, 0, 0.00000000000000000000e+00) 
connections (connected_to_neuron, weight)=(0, -2.74096107482910156250e+00) (1, -1.83528661727905273438e-01) (0, 2.65248622894287109375e+01) (1, -4.84804928302764892578e-01) (0, 2.55256271362304687500e+00) (1, -4.79857295751571655273e-01) (0, 6.31216001510620117188e+00) (1, -8.58683466911315917969e-01) (2, 4.41605567932128906250e-01) (3, -2.03882575035095214844e-01) (4, 3.29854428768157958984e-01) (5, 2.70982146263122558594e-01) (6, 5.00508129596710205078e-01) (2, -8.64735767245292663574e-02) (3, -3.40588736534118652344e+00) (4, 1.36595427989959716797e+00) (5, -7.18102455139160156250e-01) (6, -2.51005619764328002930e-01) (2, -5.80803096294403076172e-01) (3, -4.68321704864501953125e+00) (4, 2.93909263610839843750e+00) (5, -2.09666132926940917969e+00) (6, -2.66249954700469970703e-01) (2, 2.73027777671813964844e-01) (3, -3.10691761970520019531e+00) (4, 2.87307292222976684570e-01) (5, -2.16570091247558593750e+00) (6, 2.00329840183258056641e-01) (7, -1.61509588360786437988e-01) (8, -6.08080998063087463379e-02) (9, 7.13623106479644775391e-01) (10, 1.22075714170932769775e-01) (11, -1.89472064375877380371e-01) (7, -5.63127815723419189453e-01) (8, -7.02853083610534667969e-01) (9, -1.33233356475830078125e+00) (10, -8.30633878707885742188e-01) (11, -5.18515825271606445312e-01) 
