FANN_FLO_2.1
num_layers=4
learning_rate=0.300000
connection_rate=1.000000
network_type=0
learning_momentum=0.000000
training_algorithm=2
train_error_function=1
train_stop_function=0
cascade_output_change_fraction=0.010000
quickprop_decay=-0.000100
quickprop_mu=1.750000
rprop_increase_factor=1.200000
rprop_decrease_factor=0.500000
rprop_delta_min=0.000000
rprop_delta_max=50.000000
rprop_delta_zero=0.100000
cascade_output_stagnation_epochs=12
cascade_candidate_change_fraction=0.010000
cascade_candidate_stagnation_epochs=12
cascade_max_out_epochs=150
cascade_min_out_epochs=50
cascade_max_cand_epochs=150
cascade_min_cand_epochs=50
cascade_num_candidate_groups=2
bit_fail_limit=3.49999994039535522461e-01
cascade_candidate_limit=1.00000000000000000000e+03
cascade_weight_multiplier=4.00000005960464477539e-01
cascade_activation_functions_count=10
cascade_activation_functions=3 5 7 8 10 11 14 15 16 17 
cascade_activation_steepnesses_count=4
cascade_activation_steepnesses=2.50000000000000000000e-01 5.00000000000000000000e-01 7.50000000000000000000e-01 1.00000000000000000000e+00 
layer_sizes=2 5 3 3 
scale_included=0
neurons (num_inputs, activation_function, activation_steepness)=(0, 0, 0.00000000000000000000e+00) (0, 0, 0.00000000000000000000e+00) (2, 3, 5.00000000000000000000e-01) (2, 3, 5.00000000000000000000e-01) (2, 3, 5.00000000000000000000e-01) (2, 3, 5.00000000000000000000e-01) (0, 3, 0.00000000000000000000e+00) (5, 3, 5.00000000000000000000e-01) (5, 3, 5.00000000000000000000e-01) (0, 3, 0.00000000000000000000e+00) (3, 0, 5.00000000000000000000e-01) (3, 0, 5.00000000000000000000e-01) (0, 0, 0.00000000000000000000e+00) 
connections (connected_to_neuron, weight)=(0, 8.60325813293457031250e+00) (1, 1.91694869995117187500e+01) (0, 1.50000000000000000000e+03) (1, 9.53193783760070800781e-01) (0, -6.18244028091430664062e+00) (1, -6.16803169250488281250e+00) (0, -1.30968513488769531250e+01) (1, -6.33095645904541015625e+00) (2, 3.97574663162231445312e+00) (3, 6.29097461700439453125e-01) (4, -4.42674942314624786377e-02) (5, 2.54053568840026855469e+00) (6, -4.33939027786254882812e+00) (2, 2.63101905584335327148e-02) (3, 6.88589513301849365234e-01) (4, 5.32490849494934082031e-01) (5, 8.56252956390380859375e+00) (6, -1.23562335968017578125e+00) (7, 4.26386147737503051758e-02) (8, 8.04378613829612731934e-02) (9, -8.37892442941665649414e-02) (7, -1.29455029964447021484e+00) (8, -8.71387004852294921875e-01) (9, -3.36623102426528930664e-01) 
