FANN_FLO_2.1
num_layers=4
learning_rate=0.500000
connection_rate=1.000000
network_type=0
learning_momentum=0.000000
training_algorithm=2
train_error_function=1
train_stop_function=0
cascade_output_change_fraction=0.010000
quickprop_decay=-0.000100
quickprop_mu=1.750000
rprop_increase_factor=1.200000
rprop_decrease_factor=0.500000
rprop_delta_min=0.000000
rprop_delta_max=50.000000
rprop_delta_zero=0.100000
cascade_output_stagnation_epochs=12
cascade_candidate_change_fraction=0.010000
cascade_candidate_stagnation_epochs=12
cascade_max_out_epochs=150
cascade_min_out_epochs=50
cascade_max_cand_epochs=150
cascade_min_cand_epochs=50
cascade_num_candidate_groups=2
bit_fail_limit=3.49999994039535522461e-01
cascade_candidate_limit=1.00000000000000000000e+03
cascade_weight_multiplier=4.00000005960464477539e-01
cascade_activation_functions_count=10
cascade_activation_functions=3 5 7 8 10 11 14 15 16 17 
cascade_activation_steepnesses_count=4
cascade_activation_steepnesses=2.50000000000000000000e-01 5.00000000000000000000e-01 7.50000000000000000000e-01 1.00000000000000000000e+00 
layer_sizes=4 5 3 2 
scale_included=0
neurons (num_inputs, activation_function, activation_steepness)=(0, 0, 0.00000000000000000000e+00) (0, 0, 0.00000000000000000000e+00) (0, 0, 0.00000000000000000000e+00) (0, 0, 0.00000000000000000000e+00) (4, 3, 5.00000000000000000000e-01) (4, 3, 5.00000000000000000000e-01) (4, 3, 5.00000000000000000000e-01) (4, 3, 5.00000000000000000000e-01) (0, 3, 0.00000000000000000000e+00) (5, 3, 5.00000000000000000000e-01) (5, 3, 5.00000000000000000000e-01) (0, 3, 0.00000000000000000000e+00) (3, 3, 5.00000000000000000000e-01) (0, 3, 0.00000000000000000000e+00) 
connections (connected_to_neuron, weight)=(0, -4.97407341003417968750e+00) (1, -6.39762449264526367188e+00) (2, -1.48772513866424560547e+00) (3, 1.89904677867889404297e+00) (0, -5.15738037109375000000e+02) (1, -7.37971801757812500000e+02) (2, 1.50000000000000000000e+03) (3, -1.02716870605945587158e-01) (0, -4.73568010330200195312e+00) (1, -7.24858236312866210938e+00) (2, 2.33347296714782714844e+00) (3, 1.85400795936584472656e+00) (0, -5.45962190628051757812e+00) (1, -4.24046039581298828125e+00) (2, -2.17390775680541992188e+00) (3, 4.42703056335449218750e+00) (4, 6.73147125244140625000e+01) (5, 1.45356555175781250000e+03) (6, 3.98229949951171875000e+02) (7, -7.45897140502929687500e+01) (8, -1.73843532800674438477e-01) (4, 3.96566619873046875000e+01) (5, -2.36234188079833984375e+00) (6, 6.43395376205444335938e+00) (7, 3.20872421264648437500e+01) (8, -5.67933750152587890625e+00) (9, 2.41141104698181152344e+00) (10, -5.63501167297363281250e+00) (11, 1.00046205520629882812e+00) 
