FANN_FLO_2.1
num_layers=3
learning_rate=0.500000
connection_rate=1.000000
network_type=0
learning_momentum=0.000000
training_algorithm=2
train_error_function=1
train_stop_function=0
cascade_output_change_fraction=0.010000
quickprop_decay=-0.000100
quickprop_mu=1.750000
rprop_increase_factor=1.200000
rprop_decrease_factor=0.500000
rprop_delta_min=0.000000
rprop_delta_max=50.000000
rprop_delta_zero=0.100000
cascade_output_stagnation_epochs=12
cascade_candidate_change_fraction=0.010000
cascade_candidate_stagnation_epochs=12
cascade_max_out_epochs=150
cascade_min_out_epochs=50
cascade_max_cand_epochs=150
cascade_min_cand_epochs=50
cascade_num_candidate_groups=2
bit_fail_limit=3.49999994039535522461e-01
cascade_candidate_limit=1.00000000000000000000e+03
cascade_weight_multiplier=4.00000005960464477539e-01
cascade_activation_functions_count=10
cascade_activation_functions=3 5 7 8 10 11 14 15 16 17 
cascade_activation_steepnesses_count=4
cascade_activation_steepnesses=2.50000000000000000000e-01 5.00000000000000000000e-01 7.50000000000000000000e-01 1.00000000000000000000e+00 
layer_sizes=7 5 2 
scale_included=0
neurons (num_inputs, activation_function, activation_steepness)=(0, 0, 0.00000000000000000000e+00) (0, 0, 0.00000000000000000000e+00) (0, 0, 0.00000000000000000000e+00) (0, 0, 0.00000000000000000000e+00) (0, 0, 0.00000000000000000000e+00) (0, 0, 0.00000000000000000000e+00) (0, 0, 0.00000000000000000000e+00) (7, 3, 5.00000000000000000000e-01) (7, 3, 5.00000000000000000000e-01) (7, 3, 5.00000000000000000000e-01) (7, 3, 5.00000000000000000000e-01) (0, 3, 0.00000000000000000000e+00) (5, 0, 5.00000000000000000000e-01) (0, 0, 0.00000000000000000000e+00) 
connections (connected_to_neuron, weight)=(0, 1.49090960621833801270e-02) (1, 1.75955668091773986816e-01) (2, 2.54241436719894409180e-01) (3, -4.46110628545284271240e-02) (4, -3.24950993061065673828e-01) (5, -5.45473657548427581787e-02) (6, -7.65276700258255004883e-02) (0, -2.29270264506340026855e-01) (1, -1.27079784870147705078e-01) (2, -3.41432005167007446289e-01) (3, 1.43926277756690979004e-01) (4, -1.56217766925692558289e-02) (5, 3.99084031581878662109e-01) (6, -5.57302646338939666748e-02) (0, 3.91797572374343872070e-02) (1, -4.63603019714355468750e-01) (2, 3.00791770219802856445e-01) (3, -8.84988680481910705566e-02) (4, -1.09231188893318176270e-01) (5, 2.11852580308914184570e-01) (6, -1.09513533115386962891e+00) (0, 2.21754878759384155273e-01) (1, -1.11142838001251220703e+00) (2, 3.44394475221633911133e-01) (3, -1.69192567467689514160e-01) (4, -4.65024977922439575195e-01) (5, 6.86941981315612792969e-01) (6, -4.89480316638946533203e-01) (7, -3.48540693521499633789e-02) (8, -5.71218766272068023682e-02) (9, 4.32817518711090087891e-01) (10, -1.39254733920097351074e-01) (11, 2.18582283705472946167e-02) 
