FANN_FLO_2.1
num_layers=4
learning_rate=0.500000
connection_rate=1.000000
network_type=0
learning_momentum=0.000000
training_algorithm=2
train_error_function=1
train_stop_function=0
cascade_output_change_fraction=0.010000
quickprop_decay=-0.000100
quickprop_mu=1.750000
rprop_increase_factor=1.200000
rprop_decrease_factor=0.500000
rprop_delta_min=0.000000
rprop_delta_max=50.000000
rprop_delta_zero=0.100000
cascade_output_stagnation_epochs=12
cascade_candidate_change_fraction=0.010000
cascade_candidate_stagnation_epochs=12
cascade_max_out_epochs=150
cascade_min_out_epochs=50
cascade_max_cand_epochs=150
cascade_min_cand_epochs=50
cascade_num_candidate_groups=2
bit_fail_limit=3.49999994039535522461e-01
cascade_candidate_limit=1.00000000000000000000e+03
cascade_weight_multiplier=4.00000005960464477539e-01
cascade_activation_functions_count=10
cascade_activation_functions=3 5 7 8 10 11 14 15 16 17 
cascade_activation_steepnesses_count=4
cascade_activation_steepnesses=2.50000000000000000000e-01 5.00000000000000000000e-01 7.50000000000000000000e-01 1.00000000000000000000e+00 
layer_sizes=18 3 3 2 
scale_included=0
neurons (num_inputs, activation_function, activation_steepness)=(0, 0, 0.00000000000000000000e+00) (0, 0, 0.00000000000000000000e+00) (0, 0, 0.00000000000000000000e+00) (0, 0, 0.00000000000000000000e+00) (0, 0, 0.00000000000000000000e+00) (0, 0, 0.00000000000000000000e+00) (0, 0, 0.00000000000000000000e+00) (0, 0, 0.00000000000000000000e+00) (0, 0, 0.00000000000000000000e+00) (0, 0, 0.00000000000000000000e+00) (0, 0, 0.00000000000000000000e+00) (0, 0, 0.00000000000000000000e+00) (0, 0, 0.00000000000000000000e+00) (0, 0, 0.00000000000000000000e+00) (0, 0, 0.00000000000000000000e+00) (0, 0, 0.00000000000000000000e+00) (0, 0, 0.00000000000000000000e+00) (0, 0, 0.00000000000000000000e+00) (18, 3, 5.00000000000000000000e-01) (18, 3, 5.00000000000000000000e-01) (0, 3, 0.00000000000000000000e+00) (3, 3, 5.00000000000000000000e-01) (3, 3, 5.00000000000000000000e-01) (0, 3, 0.00000000000000000000e+00) (3, 0, 5.00000000000000000000e-01) (0, 0, 0.00000000000000000000e+00) 
connections (connected_to_neuron, weight)=(0, 1.17872512340545654297e+00) (1, 1.03943705558776855469e+00) (2, 1.18399333953857421875e+00) (3, 1.24497294425964355469e+00) (4, 1.10736465454101562500e+00) (5, -1.09229075908660888672e+00) (6, -1.17980289459228515625e+00) (7, -1.17771375179290771484e+00) (8, 1.40761107206344604492e-01) (9, 9.57457900047302246094e-01) (10, 1.03142273426055908203e+00) (11, 1.21442461013793945312e+00) (12, 1.03735673427581787109e+00) (13, 8.89293909072875976562e-01) (14, 1.43354260921478271484e+00) (15, 8.61705243587493896484e-01) (16, 1.21536004543304443359e+00) (17, -6.53609943389892578125e+00) (0, 1.33313083648681640625e+00) (1, 1.40086579322814941406e+00) (2, 1.48471522331237792969e+00) (3, 1.56327152252197265625e+00) (4, 9.47791755199432373047e-01) (5, -8.89306664466857910156e-01) (6, -1.41063797473907470703e+00) (7, -1.63270890712738037109e+00) (8, 1.43782824277877807617e-01) (9, 1.31057429313659667969e+00) (10, 1.60376429557800292969e+00) (11, 1.32197606563568115234e+00) (12, 1.72542655467987060547e+00) (13, 1.33086311817169189453e+00) (14, 1.46142280101776123047e+00) (15, 1.20025706291198730469e+00) (16, 1.44721353054046630859e+00) (17, -3.36435174942016601562e+00) (18, 3.00073099136352539062e+00) (19, 2.37428593635559082031e+00) (20, -2.39724493026733398438e+00) (18, 3.27301979064941406250e+00) (19, 2.35673356056213378906e+00) (20, -2.67893242835998535156e+00) (21, 5.41076564788818359375e+00) (22, 6.92981195449829101562e+00) (23, 1.98994183540344238281e+00) 
