FANN_FLO_2.1
num_layers=4
learning_rate=0.300000
connection_rate=1.000000
network_type=0
learning_momentum=0.000000
training_algorithm=2
train_error_function=1
train_stop_function=0
cascade_output_change_fraction=0.010000
quickprop_decay=-0.000100
quickprop_mu=1.750000
rprop_increase_factor=1.200000
rprop_decrease_factor=0.500000
rprop_delta_min=0.000000
rprop_delta_max=50.000000
rprop_delta_zero=0.100000
cascade_output_stagnation_epochs=12
cascade_candidate_change_fraction=0.010000
cascade_candidate_stagnation_epochs=12
cascade_max_out_epochs=150
cascade_min_out_epochs=50
cascade_max_cand_epochs=150
cascade_min_cand_epochs=50
cascade_num_candidate_groups=2
bit_fail_limit=3.49999994039535522461e-01
cascade_candidate_limit=1.00000000000000000000e+03
cascade_weight_multiplier=4.00000005960464477539e-01
cascade_activation_functions_count=10
cascade_activation_functions=3 5 7 8 10 11 14 15 16 17 
cascade_activation_steepnesses_count=4
cascade_activation_steepnesses=2.50000000000000000000e-01 5.00000000000000000000e-01 7.50000000000000000000e-01 1.00000000000000000000e+00 
layer_sizes=2 5 3 3 
scale_included=0
neurons (num_inputs, activation_function, activation_steepness)=(0, 0, 0.00000000000000000000e+00) (0, 0, 0.00000000000000000000e+00) (2, 3, 5.00000000000000000000e-01) (2, 3, 5.00000000000000000000e-01) (2, 3, 5.00000000000000000000e-01) (2, 3, 5.00000000000000000000e-01) (0, 3, 0.00000000000000000000e+00) (5, 3, 5.00000000000000000000e-01) (5, 3, 5.00000000000000000000e-01) (0, 3, 0.00000000000000000000e+00) (3, 0, 5.00000000000000000000e-01) (3, 0, 5.00000000000000000000e-01) (0, 0, 0.00000000000000000000e+00) 
connections (connected_to_neuron, weight)=(0, -1.84147858619689941406e+00) (1, -1.22712492942810058594e+00) (0, 1.22547483444213867188e+00) (1, 4.95345860719680786133e-01) (0, 1.12229418754577636719e+00) (1, 9.38731312751770019531e-01) (0, 1.15538334846496582031e+00) (1, 4.77797627449035644531e-01) (2, 4.56823259592056274414e-01) (3, 1.95333823561668395996e-01) (4, 8.55705663561820983887e-02) (5, 1.21363648213446140289e-03) (6, 2.35906988382339477539e-01) (2, 2.30387926101684570312e+00) (3, -3.40717053413391113281e+00) (4, -7.18927526473999023438e+00) (5, -3.38296270370483398438e+00) (6, -4.11282956600189208984e-01) (7, 4.41046655178070068359e-02) (8, 1.05839982628822326660e-01) (9, -8.74334052205085754395e-02) (7, -8.35752427577972412109e-01) (8, -1.83774876594543457031e+00) (9, -6.77355825901031494141e-01) 
