FANN_FLO_2.1
num_layers=4
learning_rate=0.300000
connection_rate=1.000000
network_type=0
learning_momentum=0.000000
training_algorithm=2
train_error_function=1
train_stop_function=0
cascade_output_change_fraction=0.010000
quickprop_decay=-0.000100
quickprop_mu=1.750000
rprop_increase_factor=1.200000
rprop_decrease_factor=0.500000
rprop_delta_min=0.000000
rprop_delta_max=50.000000
rprop_delta_zero=0.100000
cascade_output_stagnation_epochs=12
cascade_candidate_change_fraction=0.010000
cascade_candidate_stagnation_epochs=12
cascade_max_out_epochs=150
cascade_min_out_epochs=50
cascade_max_cand_epochs=150
cascade_min_cand_epochs=50
cascade_num_candidate_groups=2
bit_fail_limit=3.49999994039535522461e-01
cascade_candidate_limit=1.00000000000000000000e+03
cascade_weight_multiplier=4.00000005960464477539e-01
cascade_activation_functions_count=10
cascade_activation_functions=3 5 7 8 10 11 14 15 16 17 
cascade_activation_steepnesses_count=4
cascade_activation_steepnesses=2.50000000000000000000e-01 5.00000000000000000000e-01 7.50000000000000000000e-01 1.00000000000000000000e+00 
layer_sizes=2 5 3 3 
scale_included=0
neurons (num_inputs, activation_function, activation_steepness)=(0, 0, 0.00000000000000000000e+00) (0, 0, 0.00000000000000000000e+00) (2, 3, 5.00000000000000000000e-01) (2, 3, 5.00000000000000000000e-01) (2, 3, 5.00000000000000000000e-01) (2, 3, 5.00000000000000000000e-01) (0, 3, 0.00000000000000000000e+00) (5, 3, 5.00000000000000000000e-01) (5, 3, 5.00000000000000000000e-01) (0, 3, 0.00000000000000000000e+00) (3, 0, 5.00000000000000000000e-01) (3, 0, 5.00000000000000000000e-01) (0, 0, 0.00000000000000000000e+00) 
connections (connected_to_neuron, weight)=(0, 3.90919075012207031250e+01) (1, -2.48926013708114624023e-01) (0, 1.97385463714599609375e+01) (1, 3.15976929664611816406e+00) (0, 7.30414247512817382812e+00) (1, 6.91926956176757812500e+00) (0, 7.45613464355468750000e+02) (1, 2.57847995758056640625e+01) (2, -1.68774394989013671875e+01) (3, 1.56671535968780517578e+00) (4, 1.68935096263885498047e+00) (5, 1.47301375865936279297e+00) (6, 2.58118391036987304688e-01) (2, 4.94867095947265625000e+01) (3, 5.21279275417327880859e-01) (4, 6.45231246948242187500e-01) (5, 3.28759098052978515625e+00) (6, -2.68839955329895019531e-01) (7, 1.55845910310745239258e-01) (8, -6.12316429615020751953e-02) (9, -7.04960450530052185059e-02) (7, -1.51337373256683349609e+00) (8, -6.91232204437255859375e-01) (9, -5.53736865520477294922e-01) 
