FANN_FLO_2.1
num_layers=3
learning_rate=0.400000
connection_rate=1.000000
network_type=0
learning_momentum=0.000000
training_algorithm=2
train_error_function=1
train_stop_function=0
cascade_output_change_fraction=0.010000
quickprop_decay=-0.000100
quickprop_mu=1.750000
rprop_increase_factor=1.200000
rprop_decrease_factor=0.500000
rprop_delta_min=0.000000
rprop_delta_max=50.000000
rprop_delta_zero=0.100000
cascade_output_stagnation_epochs=12
cascade_candidate_change_fraction=0.010000
cascade_candidate_stagnation_epochs=12
cascade_max_out_epochs=150
cascade_min_out_epochs=50
cascade_max_cand_epochs=150
cascade_min_cand_epochs=50
cascade_num_candidate_groups=2
bit_fail_limit=3.49999994039535522461e-01
cascade_candidate_limit=1.00000000000000000000e+03
cascade_weight_multiplier=4.00000005960464477539e-01
cascade_activation_functions_count=10
cascade_activation_functions=3 5 7 8 10 11 14 15 16 17 
cascade_activation_steepnesses_count=4
cascade_activation_steepnesses=2.50000000000000000000e-01 5.00000000000000000000e-01 7.50000000000000000000e-01 1.00000000000000000000e+00 
layer_sizes=10 3 2 
scale_included=0
neurons (num_inputs, activation_function, activation_steepness)=(0, 0, 0.00000000000000000000e+00) (0, 0, 0.00000000000000000000e+00) (0, 0, 0.00000000000000000000e+00) (0, 0, 0.00000000000000000000e+00) (0, 0, 0.00000000000000000000e+00) (0, 0, 0.00000000000000000000e+00) (0, 0, 0.00000000000000000000e+00) (0, 0, 0.00000000000000000000e+00) (0, 0, 0.00000000000000000000e+00) (0, 0, 0.00000000000000000000e+00) (10, 3, 5.00000000000000000000e-01) (10, 3, 5.00000000000000000000e-01) (0, 3, 0.00000000000000000000e+00) (3, 3, 5.00000000000000000000e-01) (0, 3, 0.00000000000000000000e+00) 
connections (connected_to_neuron, weight)=(0, -9.90694314241409301758e-02) (1, -7.53355547785758972168e-02) (2, -6.13820478320121765137e-02) (3, -5.58871552348136901855e-02) (4, -5.42505457997322082520e-02) (5, -1.78272604942321777344e-01) (6, -2.69279703497886657715e-02) (7, -1.51375994086265563965e-01) (8, -7.37813189625740051270e-02) (9, 1.66915088891983032227e-01) (0, -1.05892881751060485840e-01) (1, -1.42153158783912658691e-01) (2, -6.01611360907554626465e-02) (3, -8.53099152445793151855e-02) (4, -7.42667242884635925293e-02) (5, -1.09483301639556884766e-01) (6, -1.02500632405281066895e-01) (7, -8.61568972468376159668e-02) (8, -1.37482985854148864746e-01) (9, 1.13179787993431091309e-01) (10, 2.04915881156921386719e-01) (11, 1.87263667583465576172e-01) (12, 1.03044211864471435547e-01) 
