FANN_FLO_2.1
num_layers=3
learning_rate=0.500000
connection_rate=1.000000
network_type=0
learning_momentum=0.000000
training_algorithm=2
train_error_function=1
train_stop_function=0
cascade_output_change_fraction=0.010000
quickprop_decay=-0.000100
quickprop_mu=1.750000
rprop_increase_factor=1.200000
rprop_decrease_factor=0.500000
rprop_delta_min=0.000000
rprop_delta_max=50.000000
rprop_delta_zero=0.100000
cascade_output_stagnation_epochs=12
cascade_candidate_change_fraction=0.010000
cascade_candidate_stagnation_epochs=12
cascade_max_out_epochs=150
cascade_min_out_epochs=50
cascade_max_cand_epochs=150
cascade_min_cand_epochs=50
cascade_num_candidate_groups=2
bit_fail_limit=3.49999994039535522461e-01
cascade_candidate_limit=1.00000000000000000000e+03
cascade_weight_multiplier=4.00000005960464477539e-01
cascade_activation_functions_count=10
cascade_activation_functions=3 5 7 8 10 11 14 15 16 17 
cascade_activation_steepnesses_count=4
cascade_activation_steepnesses=2.50000000000000000000e-01 5.00000000000000000000e-01 7.50000000000000000000e-01 1.00000000000000000000e+00 
layer_sizes=7 5 2 
scale_included=0
neurons (num_inputs, activation_function, activation_steepness)=(0, 0, 0.00000000000000000000e+00) (0, 0, 0.00000000000000000000e+00) (0, 0, 0.00000000000000000000e+00) (0, 0, 0.00000000000000000000e+00) (0, 0, 0.00000000000000000000e+00) (0, 0, 0.00000000000000000000e+00) (0, 0, 0.00000000000000000000e+00) (7, 3, 5.00000000000000000000e-01) (7, 3, 5.00000000000000000000e-01) (7, 3, 5.00000000000000000000e-01) (7, 3, 5.00000000000000000000e-01) (0, 3, 0.00000000000000000000e+00) (5, 0, 5.00000000000000000000e-01) (0, 0, 0.00000000000000000000e+00) 
connections (connected_to_neuron, weight)=(0, -5.56357681751251220703e-01) (1, 5.63380897045135498047e-01) (2, -8.92933160066604614258e-02) (3, 3.58282208442687988281e-01) (4, 2.54283457994461059570e-01) (5, -6.87959671020507812500e-01) (6, -1.37272119522094726562e+00) (0, -3.66466951370239257812e+00) (1, 4.60672473907470703125e+00) (2, -4.23184823989868164062e+00) (3, -2.25869369506835937500e+00) (4, -3.02159571647644042969e+00) (5, -2.59630060195922851562e+00) (6, -2.33657884597778320312e+00) (0, 2.75393649935722351074e-02) (1, -1.14957235753536224365e-01) (2, 1.07488691806793212891e-01) (3, 5.69905862212181091309e-02) (4, -1.33297413587570190430e-01) (5, 8.68965834379196166992e-02) (6, -1.48331809043884277344e+00) (0, -8.08052659034729003906e-01) (1, -8.84112656116485595703e-01) (2, -7.41852700710296630859e-01) (3, -2.11789077758789062500e+02) (4, -4.95400238037109375000e+00) (5, 1.43539321899414062500e+02) (6, -7.33381271362304687500e-01) (7, 6.03271871805191040039e-02) (8, -2.17169582843780517578e-01) (9, 1.84157446026802062988e-01) (10, 4.61645202636718750000e+01) (11, -4.98479641973972320557e-02) 
