FANN_FLO_2.1
num_layers=3
learning_rate=0.400000
connection_rate=1.000000
network_type=0
learning_momentum=0.000000
training_algorithm=2
train_error_function=1
train_stop_function=0
cascade_output_change_fraction=0.010000
quickprop_decay=-0.000100
quickprop_mu=1.750000
rprop_increase_factor=1.200000
rprop_decrease_factor=0.500000
rprop_delta_min=0.000000
rprop_delta_max=50.000000
rprop_delta_zero=0.100000
cascade_output_stagnation_epochs=12
cascade_candidate_change_fraction=0.010000
cascade_candidate_stagnation_epochs=12
cascade_max_out_epochs=150
cascade_min_out_epochs=50
cascade_max_cand_epochs=150
cascade_min_cand_epochs=50
cascade_num_candidate_groups=2
bit_fail_limit=3.49999994039535522461e-01
cascade_candidate_limit=1.00000000000000000000e+03
cascade_weight_multiplier=4.00000005960464477539e-01
cascade_activation_functions_count=10
cascade_activation_functions=3 5 7 8 10 11 14 15 16 17 
cascade_activation_steepnesses_count=4
cascade_activation_steepnesses=2.50000000000000000000e-01 5.00000000000000000000e-01 7.50000000000000000000e-01 1.00000000000000000000e+00 
layer_sizes=10 3 2 
scale_included=0
neurons (num_inputs, activation_function, activation_steepness)=(0, 0, 0.00000000000000000000e+00) (0, 0, 0.00000000000000000000e+00) (0, 0, 0.00000000000000000000e+00) (0, 0, 0.00000000000000000000e+00) (0, 0, 0.00000000000000000000e+00) (0, 0, 0.00000000000000000000e+00) (0, 0, 0.00000000000000000000e+00) (0, 0, 0.00000000000000000000e+00) (0, 0, 0.00000000000000000000e+00) (0, 0, 0.00000000000000000000e+00) (10, 3, 5.00000000000000000000e-01) (10, 3, 5.00000000000000000000e-01) (0, 3, 0.00000000000000000000e+00) (3, 3, 5.00000000000000000000e-01) (0, 3, 0.00000000000000000000e+00) 
connections (connected_to_neuron, weight)=(0, 6.11306540668010711670e-02) (1, 9.28456261754035949707e-02) (2, -1.48271292448043823242e-01) (3, -1.94470554590225219727e-01) (4, -1.14449664950370788574e-01) (5, -8.05136635899543762207e-02) (6, -1.14057339727878570557e-01) (7, -2.18474894762039184570e-01) (8, -1.88842266798019409180e-01) (9, 8.35042744874954223633e-02) (0, 8.34589898586273193359e-02) (1, 8.47545787692070007324e-02) (2, -8.30156728625297546387e-02) (3, -2.10471093654632568359e-01) (4, -1.62499278783798217773e-01) (5, -2.12823539972305297852e-01) (6, -2.02712595462799072266e-01) (7, -9.92399305105209350586e-02) (8, -1.12095251679420471191e-01) (9, 7.51101225614547729492e-02) (10, 1.46442055702209472656e-01) (11, 1.99525356292724609375e-01) (12, 5.40696159005165100098e-02) 
