FANN_FLO_2.1
num_layers=4
learning_rate=0.300000
connection_rate=1.000000
network_type=0
learning_momentum=0.000000
training_algorithm=2
train_error_function=1
train_stop_function=0
cascade_output_change_fraction=0.010000
quickprop_decay=-0.000100
quickprop_mu=1.750000
rprop_increase_factor=1.200000
rprop_decrease_factor=0.500000
rprop_delta_min=0.000000
rprop_delta_max=50.000000
rprop_delta_zero=0.100000
cascade_output_stagnation_epochs=12
cascade_candidate_change_fraction=0.010000
cascade_candidate_stagnation_epochs=12
cascade_max_out_epochs=150
cascade_min_out_epochs=50
cascade_max_cand_epochs=150
cascade_min_cand_epochs=50
cascade_num_candidate_groups=2
bit_fail_limit=3.49999994039535522461e-01
cascade_candidate_limit=1.00000000000000000000e+03
cascade_weight_multiplier=4.00000005960464477539e-01
cascade_activation_functions_count=10
cascade_activation_functions=3 5 7 8 10 11 14 15 16 17 
cascade_activation_steepnesses_count=4
cascade_activation_steepnesses=2.50000000000000000000e-01 5.00000000000000000000e-01 7.50000000000000000000e-01 1.00000000000000000000e+00 
layer_sizes=2 5 5 3 
scale_included=0
neurons (num_inputs, activation_function, activation_steepness)=(0, 0, 0.00000000000000000000e+00) (0, 0, 0.00000000000000000000e+00) (2, 3, 5.00000000000000000000e-01) (2, 3, 5.00000000000000000000e-01) (2, 3, 5.00000000000000000000e-01) (2, 3, 5.00000000000000000000e-01) (0, 3, 0.00000000000000000000e+00) (5, 3, 5.00000000000000000000e-01) (5, 3, 5.00000000000000000000e-01) (5, 3, 5.00000000000000000000e-01) (5, 3, 5.00000000000000000000e-01) (0, 3, 0.00000000000000000000e+00) (5, 0, 5.00000000000000000000e-01) (5, 0, 5.00000000000000000000e-01) (0, 0, 0.00000000000000000000e+00) 
connections (connected_to_neuron, weight)=(0, 4.06742668151855468750e+01) (1, 6.64651095867156982422e-01) (0, -4.89535331726074218750e+00) (1, -6.67995154857635498047e-01) (0, -2.23222332000732421875e+01) (1, 2.16349244117736816406e-01) (0, -2.64690036773681640625e+01) (1, -1.45534783601760864258e-01) (2, -9.95196104049682617188e-01) (3, -4.06640052795410156250e+00) (4, 9.40340578556060791016e-01) (5, 1.07375872135162353516e+00) (6, 2.59347349405288696289e-01) (2, -1.92817616462707519531e+00) (3, 2.97363132238388061523e-01) (4, 8.78330290317535400391e-01) (5, 1.24021410942077636719e+00) (6, 4.16643112897872924805e-01) (2, -3.30407333374023437500e+00) (3, -5.40013313293457031250e+00) (4, 2.13456130027770996094e+00) (5, 2.01000595092773437500e+00) (6, -7.13807523250579833984e-01) (2, -9.50646877288818359375e+00) (3, -2.18626689910888671875e+00) (4, 2.87680578231811523438e+00) (5, 3.50077056884765625000e+00) (6, -1.45177707076072692871e-01) (7, 4.14119771448895335197e-04) (8, -1.12536780536174774170e-01) (9, 8.28675925731658935547e-02) (10, 2.06858485937118530273e-01) (11, -8.68005976080894470215e-02) (7, -1.93600690364837646484e+00) (8, -5.65365731716156005859e-01) (9, -5.10401487350463867188e-01) (10, -1.02801549434661865234e+00) (11, -1.97848632931709289551e-01) 
