FANN_FLO_2.1
num_layers=4
learning_rate=0.500000
connection_rate=1.000000
network_type=0
learning_momentum=0.000000
training_algorithm=2
train_error_function=1
train_stop_function=0
cascade_output_change_fraction=0.010000
quickprop_decay=-0.000100
quickprop_mu=1.750000
rprop_increase_factor=1.200000
rprop_decrease_factor=0.500000
rprop_delta_min=0.000000
rprop_delta_max=50.000000
rprop_delta_zero=0.100000
cascade_output_stagnation_epochs=12
cascade_candidate_change_fraction=0.010000
cascade_candidate_stagnation_epochs=12
cascade_max_out_epochs=150
cascade_min_out_epochs=50
cascade_max_cand_epochs=150
cascade_min_cand_epochs=50
cascade_num_candidate_groups=2
bit_fail_limit=3.49999994039535522461e-01
cascade_candidate_limit=1.00000000000000000000e+03
cascade_weight_multiplier=4.00000005960464477539e-01
cascade_activation_functions_count=10
cascade_activation_functions=3 5 7 8 10 11 14 15 16 17 
cascade_activation_steepnesses_count=4
cascade_activation_steepnesses=2.50000000000000000000e-01 5.00000000000000000000e-01 7.50000000000000000000e-01 1.00000000000000000000e+00 
layer_sizes=18 3 3 2 
scale_included=0
neurons (num_inputs, activation_function, activation_steepness)=(0, 0, 0.00000000000000000000e+00) (0, 0, 0.00000000000000000000e+00) (0, 0, 0.00000000000000000000e+00) (0, 0, 0.00000000000000000000e+00) (0, 0, 0.00000000000000000000e+00) (0, 0, 0.00000000000000000000e+00) (0, 0, 0.00000000000000000000e+00) (0, 0, 0.00000000000000000000e+00) (0, 0, 0.00000000000000000000e+00) (0, 0, 0.00000000000000000000e+00) (0, 0, 0.00000000000000000000e+00) (0, 0, 0.00000000000000000000e+00) (0, 0, 0.00000000000000000000e+00) (0, 0, 0.00000000000000000000e+00) (0, 0, 0.00000000000000000000e+00) (0, 0, 0.00000000000000000000e+00) (0, 0, 0.00000000000000000000e+00) (0, 0, 0.00000000000000000000e+00) (18, 3, 5.00000000000000000000e-01) (18, 3, 5.00000000000000000000e-01) (0, 3, 0.00000000000000000000e+00) (3, 3, 5.00000000000000000000e-01) (3, 3, 5.00000000000000000000e-01) (0, 3, 0.00000000000000000000e+00) (3, 0, 5.00000000000000000000e-01) (0, 0, 0.00000000000000000000e+00) 
connections (connected_to_neuron, weight)=(0, 9.07999023437500000000e+02) (1, -5.26611785888671875000e+01) (2, 5.63948608398437500000e+02) (3, 8.75592727661132812500e+01) (4, 1.05856979370117187500e+02) (5, 1.17326248168945312500e+02) (6, 3.99715057373046875000e+02) (7, 5.41289245605468750000e+02) (8, 1.08711090087890625000e+02) (9, 4.36360290527343750000e+02) (10, 5.03755981445312500000e+02) (11, 2.74773223876953125000e+02) (12, -2.70178466796875000000e+02) (13, 7.97986938476562500000e+02) (14, 1.01911621093750000000e+03) (15, 9.78368682861328125000e+01) (16, 5.99899444580078125000e+01) (17, 2.39369773864746093750e+00) (0, 1.57890617847442626953e+00) (1, 1.60426902770996093750e+00) (2, 1.14742012023925781250e+01) (3, 4.13756513595581054688e+00) (4, 1.09820103645324707031e+00) (5, -2.49221396446228027344e+00) (6, -1.84992420673370361328e+00) (7, -5.80886483192443847656e-01) (8, 8.21906402707099914551e-02) (9, 1.85534262657165527344e+00) (10, 6.35606765747070312500e+00) (11, 1.38724982738494873047e+00) (12, 1.07328739166259765625e+01) (13, 1.89523887634277343750e+00) (14, 2.33490419387817382812e+00) (15, 3.07858920097351074219e+00) (16, 4.22537231445312500000e+00) (17, -2.12326717376708984375e+01) (18, 2.92039520263671875000e+02) (19, 1.50000000000000000000e+03) (20, 3.30551171302795410156e+00) (18, 1.21437847614288330078e-01) (19, 1.50000000000000000000e+03) (20, -1.77744519710540771484e+00) (21, 1.82831060886383056641e+00) (22, 5.62570381164550781250e+00) (23, 1.79818129539489746094e+00) 
