FANN_FLO_2.1
num_layers=4
learning_rate=0.500000
connection_rate=1.000000
network_type=0
learning_momentum=0.000000
training_algorithm=2
train_error_function=1
train_stop_function=0
cascade_output_change_fraction=0.010000
quickprop_decay=-0.000100
quickprop_mu=1.750000
rprop_increase_factor=1.200000
rprop_decrease_factor=0.500000
rprop_delta_min=0.000000
rprop_delta_max=50.000000
rprop_delta_zero=0.100000
cascade_output_stagnation_epochs=12
cascade_candidate_change_fraction=0.010000
cascade_candidate_stagnation_epochs=12
cascade_max_out_epochs=150
cascade_min_out_epochs=50
cascade_max_cand_epochs=150
cascade_min_cand_epochs=50
cascade_num_candidate_groups=2
bit_fail_limit=3.49999994039535522461e-01
cascade_candidate_limit=1.00000000000000000000e+03
cascade_weight_multiplier=4.00000005960464477539e-01
cascade_activation_functions_count=10
cascade_activation_functions=3 5 7 8 10 11 14 15 16 17 
cascade_activation_steepnesses_count=4
cascade_activation_steepnesses=2.50000000000000000000e-01 5.00000000000000000000e-01 7.50000000000000000000e-01 1.00000000000000000000e+00 
layer_sizes=4 5 5 2 
scale_included=0
neurons (num_inputs, activation_function, activation_steepness)=(0, 0, 0.00000000000000000000e+00) (0, 0, 0.00000000000000000000e+00) (0, 0, 0.00000000000000000000e+00) (0, 0, 0.00000000000000000000e+00) (4, 3, 5.00000000000000000000e-01) (4, 3, 5.00000000000000000000e-01) (4, 3, 5.00000000000000000000e-01) (4, 3, 5.00000000000000000000e-01) (0, 3, 0.00000000000000000000e+00) (5, 3, 5.00000000000000000000e-01) (5, 3, 5.00000000000000000000e-01) (5, 3, 5.00000000000000000000e-01) (5, 3, 5.00000000000000000000e-01) (0, 3, 0.00000000000000000000e+00) (5, 3, 5.00000000000000000000e-01) (0, 3, 0.00000000000000000000e+00) 
connections (connected_to_neuron, weight)=(0, 1.01042300462722778320e-01) (1, -2.67112865447998046875e+01) (2, 2.13358950614929199219e+00) (3, 2.19565010070800781250e+00) (0, -4.88652181625366210938e+00) (1, -6.18071413040161132812e+00) (2, -8.76491814851760864258e-02) (3, 4.05639123916625976562e+00) (0, 1.04400694370269775391e-01) (1, -2.64011554718017578125e+01) (2, 2.12244796752929687500e+00) (3, 2.17859506607055664062e+00) (0, -4.88561058044433593750e+00) (1, -6.23822259902954101562e+00) (2, -6.82804137468338012695e-02) (3, 4.08028554916381835938e+00) (4, -3.08371257781982421875e+00) (5, 2.68577041625976562500e+01) (6, -3.08576655387878417969e+00) (7, 2.68134937286376953125e+01) (8, -1.22123794555664062500e+01) (4, -1.04049153625965118408e-01) (5, 8.55591583251953125000e+00) (6, -1.45541593432426452637e-01) (7, 8.45512485504150390625e+00) (8, -3.80856990814208984375e+00) (4, 2.83545374870300292969e-01) (5, 7.77666044235229492188e+00) (6, 2.36868605017662048340e-01) (7, 8.38929080963134765625e+00) (8, -3.39844083786010742188e+00) (4, -1.92993772029876708984e+00) (5, 2.35170097351074218750e+01) (6, -2.38798356056213378906e+00) (7, 2.36503791809082031250e+01) (8, -1.06848897933959960938e+01) (9, -3.90460610389709472656e+00) (10, -2.32252389192581176758e-01) (11, 1.60139775276184082031e+00) (12, -1.55273294448852539062e+00) (13, 1.90313637256622314453e+00) 
