FANN_FLO_2.1
num_layers=4
learning_rate=0.300000
connection_rate=1.000000
network_type=0
learning_momentum=0.000000
training_algorithm=2
train_error_function=1
train_stop_function=0
cascade_output_change_fraction=0.010000
quickprop_decay=-0.000100
quickprop_mu=1.750000
rprop_increase_factor=1.200000
rprop_decrease_factor=0.500000
rprop_delta_min=0.000000
rprop_delta_max=50.000000
rprop_delta_zero=0.100000
cascade_output_stagnation_epochs=12
cascade_candidate_change_fraction=0.010000
cascade_candidate_stagnation_epochs=12
cascade_max_out_epochs=150
cascade_min_out_epochs=50
cascade_max_cand_epochs=150
cascade_min_cand_epochs=50
cascade_num_candidate_groups=2
bit_fail_limit=3.49999994039535522461e-01
cascade_candidate_limit=1.00000000000000000000e+03
cascade_weight_multiplier=4.00000005960464477539e-01
cascade_activation_functions_count=10
cascade_activation_functions=3 5 7 8 10 11 14 15 16 17 
cascade_activation_steepnesses_count=4
cascade_activation_steepnesses=2.50000000000000000000e-01 5.00000000000000000000e-01 7.50000000000000000000e-01 1.00000000000000000000e+00 
layer_sizes=2 5 3 3 
scale_included=0
neurons (num_inputs, activation_function, activation_steepness)=(0, 0, 0.00000000000000000000e+00) (0, 0, 0.00000000000000000000e+00) (2, 3, 5.00000000000000000000e-01) (2, 3, 5.00000000000000000000e-01) (2, 3, 5.00000000000000000000e-01) (2, 3, 5.00000000000000000000e-01) (0, 3, 0.00000000000000000000e+00) (5, 3, 5.00000000000000000000e-01) (5, 3, 5.00000000000000000000e-01) (0, 3, 0.00000000000000000000e+00) (3, 0, 5.00000000000000000000e-01) (3, 0, 5.00000000000000000000e-01) (0, 0, 0.00000000000000000000e+00) 
connections (connected_to_neuron, weight)=(0, -4.71695756912231445312e+00) (1, -6.10932207107543945312e+00) (0, 5.37082672119140625000e+00) (1, 1.09924898147583007812e+01) (0, 3.53472185134887695312e+00) (1, 7.29842519760131835938e+00) (0, -1.20852756500244140625e+00) (1, -1.87317240238189697266e+00) (2, 1.01332330703735351562e+00) (3, 4.30014818906784057617e-01) (4, 4.50466394424438476562e-01) (5, -4.83846247196197509766e-01) (6, -1.89716681838035583496e-01) (2, 4.39007616043090820312e+00) (3, 4.73175346851348876953e-01) (4, 4.82833772897720336914e-01) (5, -1.99410712718963623047e+00) (6, -2.67795348167419433594e+00) (7, -7.31121823191642761230e-02) (8, 2.13116526603698730469e-01) (9, -1.97420548647642135620e-02) (7, -8.41671049594879150391e-01) (8, -1.24912059307098388672e+00) (9, -6.80546522140502929688e-01) 
