FANN_FLO_2.1
num_layers=4
learning_rate=0.450000
connection_rate=1.000000
network_type=0
learning_momentum=0.000000
training_algorithm=2
train_error_function=1
train_stop_function=0
cascade_output_change_fraction=0.010000
quickprop_decay=-0.000100
quickprop_mu=1.750000
rprop_increase_factor=1.200000
rprop_decrease_factor=0.500000
rprop_delta_min=0.000000
rprop_delta_max=50.000000
rprop_delta_zero=0.100000
cascade_output_stagnation_epochs=12
cascade_candidate_change_fraction=0.010000
cascade_candidate_stagnation_epochs=12
cascade_max_out_epochs=150
cascade_min_out_epochs=50
cascade_max_cand_epochs=150
cascade_min_cand_epochs=50
cascade_num_candidate_groups=2
bit_fail_limit=3.49999994039535522461e-01
cascade_candidate_limit=1.00000000000000000000e+03
cascade_weight_multiplier=4.00000005960464477539e-01
cascade_activation_functions_count=10
cascade_activation_functions=3 5 7 8 10 11 14 15 16 17 
cascade_activation_steepnesses_count=4
cascade_activation_steepnesses=2.50000000000000000000e-01 5.00000000000000000000e-01 7.50000000000000000000e-01 1.00000000000000000000e+00 
layer_sizes=7 5 3 2 
scale_included=0
neurons (num_inputs, activation_function, activation_steepness)=(0, 0, 0.00000000000000000000e+00) (0, 0, 0.00000000000000000000e+00) (0, 0, 0.00000000000000000000e+00) (0, 0, 0.00000000000000000000e+00) (0, 0, 0.00000000000000000000e+00) (0, 0, 0.00000000000000000000e+00) (0, 0, 0.00000000000000000000e+00) (7, 3, 5.00000000000000000000e-01) (7, 3, 5.00000000000000000000e-01) (7, 3, 5.00000000000000000000e-01) (7, 3, 5.00000000000000000000e-01) (0, 3, 0.00000000000000000000e+00) (5, 3, 5.00000000000000000000e-01) (5, 3, 5.00000000000000000000e-01) (0, 3, 0.00000000000000000000e+00) (3, 0, 5.00000000000000000000e-01) (0, 0, 0.00000000000000000000e+00) 
connections (connected_to_neuron, weight)=(0, -2.90278702974319458008e-01) (1, 3.99974912405014038086e-01) (2, -7.48266875743865966797e-01) (3, -1.73071205615997314453e-01) (4, 1.48731812834739685059e-01) (5, -5.76220691204071044922e-01) (6, 5.02609252929687500000e-01) (0, -2.86419659852981567383e-01) (1, 2.85485625267028808594e-01) (2, -6.63883626461029052734e-01) (3, -3.20405781269073486328e-01) (4, 1.32837310433387756348e-01) (5, -6.53806626796722412109e-01) (6, 4.78395128250122070312e+00) (0, -2.45157349854707717896e-02) (1, 5.37039875984191894531e-01) (2, -5.89852869510650634766e-01) (3, 1.27561658620834350586e-01) (4, 2.89781361818313598633e-01) (5, -4.92610901594161987305e-01) (6, 4.21779060363769531250e+00) (0, 1.09624877572059631348e-01) (1, 1.03895008563995361328e+00) (2, -9.02470886707305908203e-01) (3, 4.23170328140258789062e-02) (4, 8.91868531703948974609e-01) (5, -1.01486480236053466797e+00) (6, 8.65767717361450195312e-01) (7, -1.47156890869140625000e+02) (8, 2.84628696441650390625e+01) (9, -7.30985260009765625000e+00) (10, -5.99119901657104492188e+00) (11, 2.39353418350219726562e+00) (7, 3.71428728103637695312e+00) (8, -4.38381719589233398438e+00) (9, -5.54379415512084960938e+00) (10, -3.91396427154541015625e+00) (11, 1.62852895259857177734e+00) (12, 1.27855634689331054688e+00) (13, 6.00260913372039794922e-01) (14, 9.72205027937889099121e-03) 
