FANN_FLO_2.1
num_layers=4
learning_rate=0.300000
connection_rate=1.000000
network_type=0
learning_momentum=0.000000
training_algorithm=2
train_error_function=1
train_stop_function=0
cascade_output_change_fraction=0.010000
quickprop_decay=-0.000100
quickprop_mu=1.750000
rprop_increase_factor=1.200000
rprop_decrease_factor=0.500000
rprop_delta_min=0.000000
rprop_delta_max=50.000000
rprop_delta_zero=0.100000
cascade_output_stagnation_epochs=12
cascade_candidate_change_fraction=0.010000
cascade_candidate_stagnation_epochs=12
cascade_max_out_epochs=150
cascade_min_out_epochs=50
cascade_max_cand_epochs=150
cascade_min_cand_epochs=50
cascade_num_candidate_groups=2
bit_fail_limit=3.49999994039535522461e-01
cascade_candidate_limit=1.00000000000000000000e+03
cascade_weight_multiplier=4.00000005960464477539e-01
cascade_activation_functions_count=10
cascade_activation_functions=3 5 7 8 10 11 14 15 16 17 
cascade_activation_steepnesses_count=4
cascade_activation_steepnesses=2.50000000000000000000e-01 5.00000000000000000000e-01 7.50000000000000000000e-01 1.00000000000000000000e+00 
layer_sizes=2 5 3 3 
scale_included=0
neurons (num_inputs, activation_function, activation_steepness)=(0, 0, 0.00000000000000000000e+00) (0, 0, 0.00000000000000000000e+00) (2, 3, 5.00000000000000000000e-01) (2, 3, 5.00000000000000000000e-01) (2, 3, 5.00000000000000000000e-01) (2, 3, 5.00000000000000000000e-01) (0, 3, 0.00000000000000000000e+00) (5, 3, 5.00000000000000000000e-01) (5, 3, 5.00000000000000000000e-01) (0, 3, 0.00000000000000000000e+00) (3, 0, 5.00000000000000000000e-01) (3, 0, 5.00000000000000000000e-01) (0, 0, 0.00000000000000000000e+00) 
connections (connected_to_neuron, weight)=(0, -1.50000000000000000000e+03) (1, -9.05623149871826171875e+00) (0, -2.45482015609741210938e+00) (1, -6.73745536804199218750e+00) (0, -2.41241979598999023438e+00) (1, -6.69768333435058593750e+00) (0, 3.13940584659576416016e-01) (1, 3.43633681535720825195e-01) (2, -8.47993493080139160156e-01) (3, 5.05578708648681640625e+00) (4, 4.98793697357177734375e+00) (5, -9.60304886102676391602e-02) (6, -4.15091335773468017578e-01) (2, 5.93785703182220458984e-01) (3, 2.28455114364624023438e+00) (4, 2.26077365875244140625e+00) (5, -7.51076489686965942383e-02) (6, -3.80160510540008544922e-01) (7, -1.98830544948577880859e-01) (8, 3.15633207559585571289e-01) (9, -1.35590031743049621582e-01) (7, -1.43018925189971923828e+00) (8, -8.96973013877868652344e-01) (9, -3.19094568490982055664e-01) 
