FANN_FLO_2.1
num_layers=3
learning_rate=0.500000
connection_rate=1.000000
network_type=0
learning_momentum=0.000000
training_algorithm=2
train_error_function=1
train_stop_function=0
cascade_output_change_fraction=0.010000
quickprop_decay=-0.000100
quickprop_mu=1.750000
rprop_increase_factor=1.200000
rprop_decrease_factor=0.500000
rprop_delta_min=0.000000
rprop_delta_max=50.000000
rprop_delta_zero=0.100000
cascade_output_stagnation_epochs=12
cascade_candidate_change_fraction=0.010000
cascade_candidate_stagnation_epochs=12
cascade_max_out_epochs=150
cascade_min_out_epochs=50
cascade_max_cand_epochs=150
cascade_min_cand_epochs=50
cascade_num_candidate_groups=2
bit_fail_limit=3.49999994039535522461e-01
cascade_candidate_limit=1.00000000000000000000e+03
cascade_weight_multiplier=4.00000005960464477539e-01
cascade_activation_functions_count=10
cascade_activation_functions=3 5 7 8 10 11 14 15 16 17 
cascade_activation_steepnesses_count=4
cascade_activation_steepnesses=2.50000000000000000000e-01 5.00000000000000000000e-01 7.50000000000000000000e-01 1.00000000000000000000e+00 
layer_sizes=10 5 2 
scale_included=0
neurons (num_inputs, activation_function, activation_steepness)=(0, 0, 0.00000000000000000000e+00) (0, 0, 0.00000000000000000000e+00) (0, 0, 0.00000000000000000000e+00) (0, 0, 0.00000000000000000000e+00) (0, 0, 0.00000000000000000000e+00) (0, 0, 0.00000000000000000000e+00) (0, 0, 0.00000000000000000000e+00) (0, 0, 0.00000000000000000000e+00) (0, 0, 0.00000000000000000000e+00) (0, 0, 0.00000000000000000000e+00) (10, 3, 5.00000000000000000000e-01) (10, 3, 5.00000000000000000000e-01) (10, 3, 5.00000000000000000000e-01) (10, 3, 5.00000000000000000000e-01) (0, 3, 0.00000000000000000000e+00) (5, 3, 5.00000000000000000000e-01) (0, 3, 0.00000000000000000000e+00) 
connections (connected_to_neuron, weight)=(0, -1.42081928253173828125e+01) (1, -9.86863040924072265625e+00) (2, 7.78979644775390625000e+01) (3, 1.22905776977539062500e+02) (4, 1.15828714370727539062e+01) (5, -1.00481529235839843750e+02) (6, -5.36723785400390625000e+01) (7, 6.36542654037475585938e+00) (8, 3.83031196594238281250e+01) (9, -1.74962081909179687500e+01) (0, -1.72618637084960937500e+01) (1, -1.01453208923339843750e+01) (2, 7.41534042358398437500e+01) (3, 8.71701049804687500000e+01) (4, 1.24564933776855468750e+01) (5, -1.16450126647949218750e+02) (6, -5.35550384521484375000e+01) (7, 1.43145179748535156250e+01) (8, 3.49778861999511718750e+01) (9, -1.42569561004638671875e+01) (0, 1.90325915813446044922e-01) (1, -3.29008996486663818359e-01) (2, 2.07988861948251724243e-02) (3, -4.25493001937866210938e-01) (4, -1.73083877563476562500e+00) (5, -9.51408982276916503906e-01) (6, 6.88785612583160400391e-02) (7, -8.56412827968597412109e-01) (8, -1.12161487340927124023e-01) (9, 1.21988618373870849609e+00) (0, -1.04881811141967773438e+00) (1, -7.93621242046356201172e-01) (2, -8.15561115741729736328e-01) (3, -5.28771102428436279297e-01) (4, 8.87118354439735412598e-02) (5, -5.66053807735443115234e-01) (6, -1.04063415527343750000e+00) (7, -5.00468254089355468750e-01) (8, -8.18359613418579101562e-01) (9, 2.66502380371093750000e+00) (10, 2.70990952849388122559e-02) (11, 2.64333002269268035889e-02) (12, -1.28019034862518310547e+00) (13, -2.14602756500244140625e+00) (14, 1.25293016433715820312e+00) 
