FANN_FLO_2.1
num_layers=4
learning_rate=0.500000
connection_rate=1.000000
network_type=0
learning_momentum=0.000000
training_algorithm=2
train_error_function=1
train_stop_function=0
cascade_output_change_fraction=0.010000
quickprop_decay=-0.000100
quickprop_mu=1.750000
rprop_increase_factor=1.200000
rprop_decrease_factor=0.500000
rprop_delta_min=0.000000
rprop_delta_max=50.000000
rprop_delta_zero=0.100000
cascade_output_stagnation_epochs=12
cascade_candidate_change_fraction=0.010000
cascade_candidate_stagnation_epochs=12
cascade_max_out_epochs=150
cascade_min_out_epochs=50
cascade_max_cand_epochs=150
cascade_min_cand_epochs=50
cascade_num_candidate_groups=2
bit_fail_limit=3.49999994039535522461e-01
cascade_candidate_limit=1.00000000000000000000e+03
cascade_weight_multiplier=4.00000005960464477539e-01
cascade_activation_functions_count=10
cascade_activation_functions=3 5 7 8 10 11 14 15 16 17 
cascade_activation_steepnesses_count=4
cascade_activation_steepnesses=2.50000000000000000000e-01 5.00000000000000000000e-01 7.50000000000000000000e-01 1.00000000000000000000e+00 
layer_sizes=4 5 5 2 
scale_included=0
neurons (num_inputs, activation_function, activation_steepness)=(0, 0, 0.00000000000000000000e+00) (0, 0, 0.00000000000000000000e+00) (0, 0, 0.00000000000000000000e+00) (0, 0, 0.00000000000000000000e+00) (4, 3, 5.00000000000000000000e-01) (4, 3, 5.00000000000000000000e-01) (4, 3, 5.00000000000000000000e-01) (4, 3, 5.00000000000000000000e-01) (0, 3, 0.00000000000000000000e+00) (5, 3, 5.00000000000000000000e-01) (5, 3, 5.00000000000000000000e-01) (5, 3, 5.00000000000000000000e-01) (5, 3, 5.00000000000000000000e-01) (0, 3, 0.00000000000000000000e+00) (5, 3, 5.00000000000000000000e-01) (0, 3, 0.00000000000000000000e+00) 
connections (connected_to_neuron, weight)=(0, -3.48459458351135253906e+00) (1, -2.06907916069030761719e+00) (2, -1.45149302482604980469e+00) (3, 2.19306349754333496094e+00) (0, -2.96624350547790527344e+00) (1, -4.82509851455688476562e+00) (2, -3.40749979019165039062e-01) (3, 2.51479172706604003906e+00) (0, -2.44404029846191406250e+00) (1, -9.47112083435058593750e+00) (2, 3.50887727737426757812e+00) (3, 2.37273049354553222656e+00) (0, -2.02327179908752441406e+00) (1, -1.00788183212280273438e+01) (2, 1.59164154529571533203e+00) (3, 3.00834751129150390625e+00) (4, 2.40955200195312500000e+01) (5, 6.74201440811157226562e+00) (6, 1.14110298156738281250e+01) (7, 7.98505115509033203125e+00) (8, -1.12646188735961914062e+01) (4, 2.21201457977294921875e+01) (5, 9.65481662750244140625e+00) (6, 1.13235607147216796875e+01) (7, 7.09010934829711914062e+00) (8, -1.12706384658813476562e+01) (4, 2.22230739593505859375e+01) (5, 1.33500747680664062500e+01) (6, 1.13127202987670898438e+01) (7, 7.92704439163208007812e+00) (8, -1.22900810241699218750e+01) (4, -4.03369951248168945312e+00) (5, -5.03141701221466064453e-01) (6, -2.08960103988647460938e+00) (7, -2.14559817314147949219e+00) (8, 8.10861289501190185547e-01) (9, -3.00072741508483886719e+00) (10, -1.64119935035705566406e+00) (11, -9.69886839389801025391e-01) (12, -2.11858439445495605469e+00) (13, 3.42784500122070312500e+00) 
