FANN_FLO_2.1
num_layers=3
learning_rate=0.500000
connection_rate=1.000000
network_type=0
learning_momentum=0.000000
training_algorithm=2
train_error_function=1
train_stop_function=0
cascade_output_change_fraction=0.010000
quickprop_decay=-0.000100
quickprop_mu=1.750000
rprop_increase_factor=1.200000
rprop_decrease_factor=0.500000
rprop_delta_min=0.000000
rprop_delta_max=50.000000
rprop_delta_zero=0.100000
cascade_output_stagnation_epochs=12
cascade_candidate_change_fraction=0.010000
cascade_candidate_stagnation_epochs=12
cascade_max_out_epochs=150
cascade_min_out_epochs=50
cascade_max_cand_epochs=150
cascade_min_cand_epochs=50
cascade_num_candidate_groups=2
bit_fail_limit=3.49999994039535522461e-01
cascade_candidate_limit=1.00000000000000000000e+03
cascade_weight_multiplier=4.00000005960464477539e-01
cascade_activation_functions_count=10
cascade_activation_functions=3 5 7 8 10 11 14 15 16 17 
cascade_activation_steepnesses_count=4
cascade_activation_steepnesses=2.50000000000000000000e-01 5.00000000000000000000e-01 7.50000000000000000000e-01 1.00000000000000000000e+00 
layer_sizes=7 5 2 
scale_included=0
neurons (num_inputs, activation_function, activation_steepness)=(0, 0, 0.00000000000000000000e+00) (0, 0, 0.00000000000000000000e+00) (0, 0, 0.00000000000000000000e+00) (0, 0, 0.00000000000000000000e+00) (0, 0, 0.00000000000000000000e+00) (0, 0, 0.00000000000000000000e+00) (0, 0, 0.00000000000000000000e+00) (7, 3, 5.00000000000000000000e-01) (7, 3, 5.00000000000000000000e-01) (7, 3, 5.00000000000000000000e-01) (7, 3, 5.00000000000000000000e-01) (0, 3, 0.00000000000000000000e+00) (5, 0, 5.00000000000000000000e-01) (0, 0, 0.00000000000000000000e+00) 
connections (connected_to_neuron, weight)=(0, -1.48729174804687500000e+03) (1, -1.48729174804687500000e+03) (2, -1.48729174804687500000e+03) (3, 2.87548482418060302734e-01) (4, -1.48729174804687500000e+03) (5, -1.48729174804687500000e+03) (6, -1.40942618250846862793e-01) (0, -1.65936082601547241211e-01) (1, -2.86737620830535888672e-01) (2, -5.28414611816406250000e+01) (3, 7.39765167236328125000e-01) (4, -5.87026929855346679688e+00) (5, 8.29111993312835693359e-01) (6, 9.73506987094879150391e-01) (0, -5.00098884105682373047e-01) (1, -6.51853457093238830566e-02) (2, 1.51704745367169380188e-02) (3, -1.18092052638530731201e-01) (4, 7.48412087559700012207e-02) (5, 7.59635210037231445312e-01) (6, 1.85558006167411804199e-01) (0, -1.00904673337936401367e-01) (1, -4.20419007539749145508e-01) (2, -1.73785760998725891113e-02) (3, -2.22862914204597473145e-01) (4, 4.44026231765747070312e-01) (5, 3.61915200948715209961e-01) (6, -3.78552645444869995117e-01) (7, 1.50000000000000000000e+03) (8, -8.29215545654296875000e+01) (9, 7.50906988978385925293e-02) (10, -9.36003923416137695312e-02) (11, 2.00644228607416152954e-02) 
