FANN_FLO_2.1
num_layers=4
learning_rate=0.500000
connection_rate=1.000000
network_type=0
learning_momentum=0.000000
training_algorithm=2
train_error_function=1
train_stop_function=0
cascade_output_change_fraction=0.010000
quickprop_decay=-0.000100
quickprop_mu=1.750000
rprop_increase_factor=1.200000
rprop_decrease_factor=0.500000
rprop_delta_min=0.000000
rprop_delta_max=50.000000
rprop_delta_zero=0.100000
cascade_output_stagnation_epochs=12
cascade_candidate_change_fraction=0.010000
cascade_candidate_stagnation_epochs=12
cascade_max_out_epochs=150
cascade_min_out_epochs=50
cascade_max_cand_epochs=150
cascade_min_cand_epochs=50
cascade_num_candidate_groups=2
bit_fail_limit=3.49999994039535522461e-01
cascade_candidate_limit=1.00000000000000000000e+03
cascade_weight_multiplier=4.00000005960464477539e-01
cascade_activation_functions_count=10
cascade_activation_functions=3 5 7 8 10 11 14 15 16 17 
cascade_activation_steepnesses_count=4
cascade_activation_steepnesses=2.50000000000000000000e-01 5.00000000000000000000e-01 7.50000000000000000000e-01 1.00000000000000000000e+00 
layer_sizes=4 5 5 2 
scale_included=0
neurons (num_inputs, activation_function, activation_steepness)=(0, 0, 0.00000000000000000000e+00) (0, 0, 0.00000000000000000000e+00) (0, 0, 0.00000000000000000000e+00) (0, 0, 0.00000000000000000000e+00) (4, 3, 5.00000000000000000000e-01) (4, 3, 5.00000000000000000000e-01) (4, 3, 5.00000000000000000000e-01) (4, 3, 5.00000000000000000000e-01) (0, 3, 0.00000000000000000000e+00) (5, 3, 5.00000000000000000000e-01) (5, 3, 5.00000000000000000000e-01) (5, 3, 5.00000000000000000000e-01) (5, 3, 5.00000000000000000000e-01) (0, 3, 0.00000000000000000000e+00) (5, 3, 5.00000000000000000000e-01) (0, 3, 0.00000000000000000000e+00) 
connections (connected_to_neuron, weight)=(0, -4.63137578964233398438e+00) (1, -7.62868213653564453125e+00) (2, 1.51310038566589355469e+00) (3, 3.80765104293823242188e+00) (0, -3.83456230163574218750e+00) (1, -7.97903680801391601562e+00) (2, 4.68323677778244018555e-01) (3, 3.82584547996520996094e+00) (0, -5.09609031677246093750e+00) (1, -7.34040021896362304688e+00) (2, 1.60462081432342529297e+00) (3, 3.88396883010864257812e+00) (0, -4.91451549530029296875e+00) (1, -7.43352365493774414062e+00) (2, 1.03298163414001464844e+00) (3, 3.90203928947448730469e+00) (4, 8.11321926116943359375e+00) (5, 1.11967248916625976562e+01) (6, 1.04316158294677734375e+01) (7, 1.16382646560668945312e+01) (8, -8.74256134033203125000e+00) (4, 1.04018812179565429688e+01) (5, 1.28271684646606445312e+01) (6, 1.78817386627197265625e+01) (7, 9.76941013336181640625e+00) (8, -1.10471239089965820312e+01) (4, 5.03634834289550781250e+00) (5, 1.34596633911132812500e+01) (6, 6.92380380630493164062e+00) (7, 1.09285128116607666016e+00) (8, -1.93864631652832031250e+00) (4, -1.49368274211883544922e+00) (5, -4.45393409729003906250e+01) (6, -2.31621193885803222656e+00) (7, -1.72359919548034667969e+00) (8, 1.83133393526077270508e-01) (9, -2.34420001506805419922e-01) (10, -4.89604091644287109375e+00) (11, 1.81287682056427001953e+00) (12, 2.00515389442443847656e+00) (13, 1.09856629371643066406e+00) 
