FANN_FLO_2.1
num_layers=4
learning_rate=0.450000
connection_rate=1.000000
network_type=0
learning_momentum=0.000000
training_algorithm=2
train_error_function=1
train_stop_function=0
cascade_output_change_fraction=0.010000
quickprop_decay=-0.000100
quickprop_mu=1.750000
rprop_increase_factor=1.200000
rprop_decrease_factor=0.500000
rprop_delta_min=0.000000
rprop_delta_max=50.000000
rprop_delta_zero=0.100000
cascade_output_stagnation_epochs=12
cascade_candidate_change_fraction=0.010000
cascade_candidate_stagnation_epochs=12
cascade_max_out_epochs=150
cascade_min_out_epochs=50
cascade_max_cand_epochs=150
cascade_min_cand_epochs=50
cascade_num_candidate_groups=2
bit_fail_limit=3.49999994039535522461e-01
cascade_candidate_limit=1.00000000000000000000e+03
cascade_weight_multiplier=4.00000005960464477539e-01
cascade_activation_functions_count=10
cascade_activation_functions=3 5 7 8 10 11 14 15 16 17 
cascade_activation_steepnesses_count=4
cascade_activation_steepnesses=2.50000000000000000000e-01 5.00000000000000000000e-01 7.50000000000000000000e-01 1.00000000000000000000e+00 
layer_sizes=7 5 3 2 
scale_included=0
neurons (num_inputs, activation_function, activation_steepness)=(0, 0, 0.00000000000000000000e+00) (0, 0, 0.00000000000000000000e+00) (0, 0, 0.00000000000000000000e+00) (0, 0, 0.00000000000000000000e+00) (0, 0, 0.00000000000000000000e+00) (0, 0, 0.00000000000000000000e+00) (0, 0, 0.00000000000000000000e+00) (7, 3, 5.00000000000000000000e-01) (7, 3, 5.00000000000000000000e-01) (7, 3, 5.00000000000000000000e-01) (7, 3, 5.00000000000000000000e-01) (0, 3, 0.00000000000000000000e+00) (5, 3, 5.00000000000000000000e-01) (5, 3, 5.00000000000000000000e-01) (0, 3, 0.00000000000000000000e+00) (3, 0, 5.00000000000000000000e-01) (0, 0, 0.00000000000000000000e+00) 
connections (connected_to_neuron, weight)=(0, 7.74677336215972900391e-01) (1, -3.57123184204101562500e+00) (2, 7.28865051269531250000e+01) (3, -1.41663539409637451172e+00) (4, 3.09806489944458007812e+00) (5, -7.12826232910156250000e+01) (6, 2.43754291534423828125e+00) (0, 3.44924151897430419922e-01) (1, 9.26737725734710693359e-01) (2, -1.47568440437316894531e+00) (3, 4.13330942392349243164e-01) (4, 1.10057234764099121094e+00) (5, -1.55154883861541748047e+00) (6, 1.29724490642547607422e+00) (0, 6.94825291633605957031e-01) (1, 5.59678077697753906250e+00) (2, 7.28307418823242187500e+01) (3, -1.58298325538635253906e+00) (4, 2.99596714973449707031e+00) (5, -7.91958923339843750000e+01) (6, 1.96822679042816162109e+00) (0, 1.36284917593002319336e-01) (1, 1.18169226074218750000e+03) (2, -5.71652404785156250000e+02) (3, -2.12499380111694335938e+00) (4, 3.38379430770874023438e+00) (5, -6.08134521484375000000e+02) (6, 2.23523068428039550781e+00) (7, 9.33447074890136718750e+00) (8, -1.50000000000000000000e+03) (9, 2.14002571105957031250e+01) (10, -1.50000000000000000000e+03) (11, -8.10457408428192138672e-01) (7, -9.06674003601074218750e+00) (8, 1.50000000000000000000e+03) (9, -2.79310111999511718750e+01) (10, 1.50000000000000000000e+03) (11, 3.96904487609863281250e+01) (12, 1.43169909715652465820e-01) (13, -1.30961351096630096436e-02) (14, 3.22414524853229522705e-02) 
