FANN_FLO_2.1
num_layers=3
learning_rate=0.500000
connection_rate=1.000000
network_type=0
learning_momentum=0.000000
training_algorithm=2
train_error_function=1
train_stop_function=0
cascade_output_change_fraction=0.010000
quickprop_decay=-0.000100
quickprop_mu=1.750000
rprop_increase_factor=1.200000
rprop_decrease_factor=0.500000
rprop_delta_min=0.000000
rprop_delta_max=50.000000
rprop_delta_zero=0.100000
cascade_output_stagnation_epochs=12
cascade_candidate_change_fraction=0.010000
cascade_candidate_stagnation_epochs=12
cascade_max_out_epochs=150
cascade_min_out_epochs=50
cascade_max_cand_epochs=150
cascade_min_cand_epochs=50
cascade_num_candidate_groups=2
bit_fail_limit=3.49999994039535522461e-01
cascade_candidate_limit=1.00000000000000000000e+03
cascade_weight_multiplier=4.00000005960464477539e-01
cascade_activation_functions_count=10
cascade_activation_functions=3 5 7 8 10 11 14 15 16 17 
cascade_activation_steepnesses_count=4
cascade_activation_steepnesses=2.50000000000000000000e-01 5.00000000000000000000e-01 7.50000000000000000000e-01 1.00000000000000000000e+00 
layer_sizes=7 9 2 
scale_included=0
neurons (num_inputs, activation_function, activation_steepness)=(0, 0, 0.00000000000000000000e+00) (0, 0, 0.00000000000000000000e+00) (0, 0, 0.00000000000000000000e+00) (0, 0, 0.00000000000000000000e+00) (0, 0, 0.00000000000000000000e+00) (0, 0, 0.00000000000000000000e+00) (0, 0, 0.00000000000000000000e+00) (7, 3, 5.00000000000000000000e-01) (7, 3, 5.00000000000000000000e-01) (7, 3, 5.00000000000000000000e-01) (7, 3, 5.00000000000000000000e-01) (7, 3, 5.00000000000000000000e-01) (7, 3, 5.00000000000000000000e-01) (7, 3, 5.00000000000000000000e-01) (7, 3, 5.00000000000000000000e-01) (0, 3, 0.00000000000000000000e+00) (9, 0, 5.00000000000000000000e-01) (0, 0, 0.00000000000000000000e+00) 
connections (connected_to_neuron, weight)=(0, -9.53298282623291015625e+00) (1, -1.58100917935371398926e-01) (2, -3.87393676757812500000e+02) (3, -2.44133114814758300781e-01) (4, -1.27733767032623291016e-01) (5, -1.47025537109375000000e+03) (6, -2.24137753248214721680e-01) (0, -1.44877636718750000000e+03) (1, -2.08660557866096496582e-01) (2, -1.44984521484375000000e+03) (3, -9.20339107513427734375e-01) (4, -4.06573802232742309570e-01) (5, -1.47025537109375000000e+03) (6, -3.01568895578384399414e-01) (0, -1.44888684082031250000e+03) (1, -1.63614153861999511719e-01) (2, -1.44984521484375000000e+03) (3, -9.26721930503845214844e-01) (4, -2.55098164081573486328e-01) (5, -1.47025537109375000000e+03) (6, -2.30290532112121582031e-01) (0, -1.44879516601562500000e+03) (1, -8.42326059937477111816e-02) (2, -1.44984521484375000000e+03) (3, -1.00742530822753906250e+00) (4, -1.92744538187980651855e-01) (5, -1.47025537109375000000e+03) (6, -1.69021517038345336914e-01) (0, -1.44877551269531250000e+03) (1, -1.03366538882255554199e-01) (2, -1.44984521484375000000e+03) (3, -1.02641165256500244141e+00) (4, -3.69950354099273681641e-01) (5, -1.47025537109375000000e+03) (6, -2.55774676799774169922e-01) (0, -9.99831482768058776855e-02) (1, -1.63711994886398315430e-01) (2, -2.45045036077499389648e-01) (3, 1.35613754391670227051e-01) (4, -4.84442748129367828369e-02) (5, 2.96488404273986816406e-01) (6, 7.74782240390777587891e-01) (0, -7.83302545547485351562e-01) (1, 1.35627850890159606934e-01) (2, -7.49695897102355957031e-02) (3, -2.43814200162887573242e-01) (4, -2.37083882093429565430e-01) (5, 1.33871829509735107422e+00) (6, -1.22908663749694824219e+00) (0, -2.03663423657417297363e-01) (1, -3.32912921905517578125e-01) (2, -5.90958595275878906250e-01) (3, 2.02054604887962341309e-01) (4, 7.47118964791297912598e-02) (5, 4.75407689809799194336e-01) (6, 1.26782798767089843750e+00) (7, 2.00315307617187500000e+02) (8, 1.50000000000000000000e+03) (9, 1.50000000000000000000e+03) (10, 1.50000000000000000000e+03) (11, 1.50000000000000000000e+03) (12, 2.89169520139694213867e-01) (13, -5.54272830486297607422e-02) (14, -2.41239860653877258301e-01) (15, -2.83319782465696334839e-03) 
