FANN_FLO_2.1
num_layers=4
learning_rate=0.300000
connection_rate=1.000000
network_type=0
learning_momentum=0.000000
training_algorithm=2
train_error_function=1
train_stop_function=0
cascade_output_change_fraction=0.010000
quickprop_decay=-0.000100
quickprop_mu=1.750000
rprop_increase_factor=1.200000
rprop_decrease_factor=0.500000
rprop_delta_min=0.000000
rprop_delta_max=50.000000
rprop_delta_zero=0.100000
cascade_output_stagnation_epochs=12
cascade_candidate_change_fraction=0.010000
cascade_candidate_stagnation_epochs=12
cascade_max_out_epochs=150
cascade_min_out_epochs=50
cascade_max_cand_epochs=150
cascade_min_cand_epochs=50
cascade_num_candidate_groups=2
bit_fail_limit=3.49999994039535522461e-01
cascade_candidate_limit=1.00000000000000000000e+03
cascade_weight_multiplier=4.00000005960464477539e-01
cascade_activation_functions_count=10
cascade_activation_functions=3 5 7 8 10 11 14 15 16 17 
cascade_activation_steepnesses_count=4
cascade_activation_steepnesses=2.50000000000000000000e-01 5.00000000000000000000e-01 7.50000000000000000000e-01 1.00000000000000000000e+00 
layer_sizes=2 5 5 3 
scale_included=0
neurons (num_inputs, activation_function, activation_steepness)=(0, 0, 0.00000000000000000000e+00) (0, 0, 0.00000000000000000000e+00) (2, 3, 5.00000000000000000000e-01) (2, 3, 5.00000000000000000000e-01) (2, 3, 5.00000000000000000000e-01) (2, 3, 5.00000000000000000000e-01) (0, 3, 0.00000000000000000000e+00) (5, 3, 5.00000000000000000000e-01) (5, 3, 5.00000000000000000000e-01) (5, 3, 5.00000000000000000000e-01) (5, 3, 5.00000000000000000000e-01) (0, 3, 0.00000000000000000000e+00) (5, 0, 5.00000000000000000000e-01) (5, 0, 5.00000000000000000000e-01) (0, 0, 0.00000000000000000000e+00) 
connections (connected_to_neuron, weight)=(0, -1.10648498535156250000e+02) (1, 7.12053442001342773438e+00) (0, -1.10819320678710937500e+02) (1, 7.38074398040771484375e+00) (0, -3.47019624710083007812e+00) (1, 2.61626005172729492188e+00) (0, -3.96428489685058593750e+01) (1, 3.40825119018554687500e+01) (2, 2.90426588058471679688e+00) (3, 2.45245027542114257812e+00) (4, -3.69156265258789062500e+00) (5, 5.03238320350646972656e-01) (6, 6.59584283828735351562e-01) (2, 8.98724377155303955078e-01) (3, 1.29945671558380126953e+00) (4, 1.43949206542968750000e+03) (5, 6.09969615936279296875e-01) (6, 6.46279811859130859375e-01) (2, 1.57227945327758789062e+00) (3, 1.75762701034545898438e+00) (4, 1.50000000000000000000e+03) (5, 1.44555425643920898438e+00) (6, 1.50254571437835693359e+00) (2, 1.27498733997344970703e+00) (3, 8.73298645019531250000e-01) (4, -3.23894000053405761719e+00) (5, 6.42144381999969482422e-02) (6, 8.48276540637016296387e-02) (7, 7.42311030626296997070e-02) (8, -1.44866943359375000000e-01) (9, -7.86041095852851867676e-02) (10, 1.71597555279731750488e-01) (11, -4.71547320485115051270e-02) (7, -6.06144726276397705078e-01) (8, -3.73099237680435180664e-01) (9, -3.93428832292556762695e-01) (10, -4.40192699432373046875e-01) (11, -3.23422878980636596680e-01) 
