FANN_FLO_2.1
num_layers=3
learning_rate=0.400000
connection_rate=1.000000
network_type=0
learning_momentum=0.000000
training_algorithm=2
train_error_function=1
train_stop_function=0
cascade_output_change_fraction=0.010000
quickprop_decay=-0.000100
quickprop_mu=1.750000
rprop_increase_factor=1.200000
rprop_decrease_factor=0.500000
rprop_delta_min=0.000000
rprop_delta_max=50.000000
rprop_delta_zero=0.100000
cascade_output_stagnation_epochs=12
cascade_candidate_change_fraction=0.010000
cascade_candidate_stagnation_epochs=12
cascade_max_out_epochs=150
cascade_min_out_epochs=50
cascade_max_cand_epochs=150
cascade_min_cand_epochs=50
cascade_num_candidate_groups=2
bit_fail_limit=3.49999994039535522461e-01
cascade_candidate_limit=1.00000000000000000000e+03
cascade_weight_multiplier=4.00000005960464477539e-01
cascade_activation_functions_count=10
cascade_activation_functions=3 5 7 8 10 11 14 15 16 17 
cascade_activation_steepnesses_count=4
cascade_activation_steepnesses=2.50000000000000000000e-01 5.00000000000000000000e-01 7.50000000000000000000e-01 1.00000000000000000000e+00 
layer_sizes=10 3 2 
scale_included=0
neurons (num_inputs, activation_function, activation_steepness)=(0, 0, 0.00000000000000000000e+00) (0, 0, 0.00000000000000000000e+00) (0, 0, 0.00000000000000000000e+00) (0, 0, 0.00000000000000000000e+00) (0, 0, 0.00000000000000000000e+00) (0, 0, 0.00000000000000000000e+00) (0, 0, 0.00000000000000000000e+00) (0, 0, 0.00000000000000000000e+00) (0, 0, 0.00000000000000000000e+00) (0, 0, 0.00000000000000000000e+00) (10, 3, 5.00000000000000000000e-01) (10, 3, 5.00000000000000000000e-01) (0, 3, 0.00000000000000000000e+00) (3, 3, 5.00000000000000000000e-01) (0, 3, 0.00000000000000000000e+00) 
connections (connected_to_neuron, weight)=(0, 3.44155207276344299316e-02) (1, 5.56009411811828613281e-02) (2, 1.58090531826019287109e-01) (3, 1.00754201412200927734e-01) (4, 1.40113636851310729980e-01) (5, 1.40687763690948486328e-01) (6, 7.56662786006927490234e-02) (7, 1.15503363311290740967e-01) (8, 3.90809029340744018555e-02) (9, 7.13418349623680114746e-02) (0, -4.07212600111961364746e-02) (1, -1.83190435171127319336e-01) (2, -1.97428151965141296387e-01) (3, -1.45554170012474060059e-01) (4, -1.84638738632202148438e-01) (5, -1.39806166291236877441e-01) (6, -9.30743888020515441895e-02) (7, -4.94280830025672912598e-02) (8, -1.00640021264553070068e-01) (9, -9.84019264578819274902e-02) (10, -2.19678029417991638184e-01) (11, -1.13356173038482666016e-01) (12, -1.48334011435508728027e-01) 
