FANN_FLO_2.1
num_layers=3
learning_rate=0.300000
connection_rate=1.000000
network_type=0
learning_momentum=0.000000
training_algorithm=2
train_error_function=1
train_stop_function=0
cascade_output_change_fraction=0.010000
quickprop_decay=-0.000100
quickprop_mu=1.750000
rprop_increase_factor=1.200000
rprop_decrease_factor=0.500000
rprop_delta_min=0.000000
rprop_delta_max=50.000000
rprop_delta_zero=0.100000
cascade_output_stagnation_epochs=12
cascade_candidate_change_fraction=0.010000
cascade_candidate_stagnation_epochs=12
cascade_max_out_epochs=150
cascade_min_out_epochs=50
cascade_max_cand_epochs=150
cascade_min_cand_epochs=50
cascade_num_candidate_groups=2
bit_fail_limit=3.49999994039535522461e-01
cascade_candidate_limit=1.00000000000000000000e+03
cascade_weight_multiplier=4.00000005960464477539e-01
cascade_activation_functions_count=10
cascade_activation_functions=3 5 7 8 10 11 14 15 16 17 
cascade_activation_steepnesses_count=4
cascade_activation_steepnesses=2.50000000000000000000e-01 5.00000000000000000000e-01 7.50000000000000000000e-01 1.00000000000000000000e+00 
layer_sizes=4 9 2 
scale_included=0
neurons (num_inputs, activation_function, activation_steepness)=(0, 0, 0.00000000000000000000e+00) (0, 0, 0.00000000000000000000e+00) (0, 0, 0.00000000000000000000e+00) (0, 0, 0.00000000000000000000e+00) (4, 3, 5.00000000000000000000e-01) (4, 3, 5.00000000000000000000e-01) (4, 3, 5.00000000000000000000e-01) (4, 3, 5.00000000000000000000e-01) (4, 3, 5.00000000000000000000e-01) (4, 3, 5.00000000000000000000e-01) (4, 3, 5.00000000000000000000e-01) (4, 3, 5.00000000000000000000e-01) (0, 3, 0.00000000000000000000e+00) (9, 3, 5.00000000000000000000e-01) (0, 3, 0.00000000000000000000e+00) 
connections (connected_to_neuron, weight)=(0, -1.03559777140617370605e-01) (1, 6.80767558515071868896e-03) (2, -3.01393289119005203247e-02) (3, 6.68128073215484619141e-01) (0, -2.93804228305816650391e-01) (1, 5.47968208789825439453e-01) (2, -4.84030628204345703125e+00) (3, 3.92429327964782714844e+00) (0, -6.79436445236206054688e-01) (1, 5.53253710269927978516e-01) (2, -1.94896066188812255859e+00) (3, 4.95672941207885742188e+00) (0, 3.34337562322616577148e-01) (1, -5.87168373167514801025e-02) (2, 2.40544810891151428223e-01) (3, 4.54902602359652519226e-03) (0, -9.92501437664031982422e-01) (1, 6.42430722713470458984e-01) (2, -1.57787978649139404297e+00) (3, 4.64192152023315429688e+00) (0, -3.28630715608596801758e-01) (1, 1.48255035281181335449e-01) (2, -7.87499785423278808594e-01) (3, 5.72055339813232421875e+00) (0, -8.12753260135650634766e-01) (1, 5.91075241565704345703e-01) (2, -2.51275753974914550781e+00) (3, -5.61742149293422698975e-02) (0, -5.58473542332649230957e-02) (1, 4.05987873673439025879e-02) (2, -4.83206242322921752930e-01) (3, 7.46832907199859619141e-01) (4, -7.33311319351196289062e+00) (5, 3.51791977882385253906e-02) (6, -8.78868103027343750000e-02) (7, 6.06924831867218017578e-01) (8, -7.81745463609695434570e-02) (9, -6.52253389358520507812e-01) (10, 1.12766638398170471191e-01) (11, -3.33101105690002441406e+00) (12, 6.31338238716125488281e-01) 
