FANN_FLO_2.1
num_layers=4
learning_rate=0.300000
connection_rate=1.000000
network_type=0
learning_momentum=0.000000
training_algorithm=2
train_error_function=1
train_stop_function=0
cascade_output_change_fraction=0.010000
quickprop_decay=-0.000100
quickprop_mu=1.750000
rprop_increase_factor=1.200000
rprop_decrease_factor=0.500000
rprop_delta_min=0.000000
rprop_delta_max=50.000000
rprop_delta_zero=0.100000
cascade_output_stagnation_epochs=12
cascade_candidate_change_fraction=0.010000
cascade_candidate_stagnation_epochs=12
cascade_max_out_epochs=150
cascade_min_out_epochs=50
cascade_max_cand_epochs=150
cascade_min_cand_epochs=50
cascade_num_candidate_groups=2
bit_fail_limit=3.49999994039535522461e-01
cascade_candidate_limit=1.00000000000000000000e+03
cascade_weight_multiplier=4.00000005960464477539e-01
cascade_activation_functions_count=10
cascade_activation_functions=3 5 7 8 10 11 14 15 16 17 
cascade_activation_steepnesses_count=4
cascade_activation_steepnesses=2.50000000000000000000e-01 5.00000000000000000000e-01 7.50000000000000000000e-01 1.00000000000000000000e+00 
layer_sizes=2 5 5 3 
scale_included=0
neurons (num_inputs, activation_function, activation_steepness)=(0, 0, 0.00000000000000000000e+00) (0, 0, 0.00000000000000000000e+00) (2, 3, 5.00000000000000000000e-01) (2, 3, 5.00000000000000000000e-01) (2, 3, 5.00000000000000000000e-01) (2, 3, 5.00000000000000000000e-01) (0, 3, 0.00000000000000000000e+00) (5, 3, 5.00000000000000000000e-01) (5, 3, 5.00000000000000000000e-01) (5, 3, 5.00000000000000000000e-01) (5, 3, 5.00000000000000000000e-01) (0, 3, 0.00000000000000000000e+00) (5, 0, 5.00000000000000000000e-01) (5, 0, 5.00000000000000000000e-01) (0, 0, 0.00000000000000000000e+00) 
connections (connected_to_neuron, weight)=(0, -1.50000000000000000000e+03) (1, -3.22840064764022827148e-01) (0, -1.50000000000000000000e+03) (1, -1.48124837875366210938e+00) (0, -1.50000000000000000000e+03) (1, -7.17675268650054931641e-01) (0, -1.50000000000000000000e+03) (1, -6.69334828853607177734e-01) (2, 7.19074249267578125000e-01) (3, 1.94904804229736328125e+00) (4, 9.50953483581542968750e-01) (5, 6.52695655822753906250e-01) (6, -1.28910854458808898926e-01) (2, 1.03532552719116210938e+00) (3, 1.18060255050659179688e+00) (4, 1.05425524711608886719e+00) (5, 1.06801545619964599609e+00) (6, -2.60148972272872924805e-01) (2, -2.40777656435966491699e-01) (3, -1.40943133831024169922e+00) (4, -3.92877787351608276367e-01) (5, -4.48166817426681518555e-01) (6, -4.16904956102371215820e-01) (2, 7.71743118762969970703e-01) (3, 1.27512574195861816406e+00) (4, 1.78540542721748352051e-01) (5, 7.99223661422729492188e-01) (6, 4.54431861639022827148e-01) (7, -1.56172690913081169128e-02) (8, 1.02837905287742614746e-01) (9, -6.71789407730102539062e-01) (10, -1.02917235344648361206e-02) (11, -4.85108792781829833984e-02) (7, -5.85246860980987548828e-01) (8, -6.06914460659027099609e-01) (9, 1.95041060447692871094e+00) (10, -5.56428551673889160156e-01) (11, -4.56007331609725952148e-01) 
