FANN_FLO_2.1
num_layers=4
learning_rate=0.450000
connection_rate=1.000000
network_type=0
learning_momentum=0.000000
training_algorithm=2
train_error_function=1
train_stop_function=0
cascade_output_change_fraction=0.010000
quickprop_decay=-0.000100
quickprop_mu=1.750000
rprop_increase_factor=1.200000
rprop_decrease_factor=0.500000
rprop_delta_min=0.000000
rprop_delta_max=50.000000
rprop_delta_zero=0.100000
cascade_output_stagnation_epochs=12
cascade_candidate_change_fraction=0.010000
cascade_candidate_stagnation_epochs=12
cascade_max_out_epochs=150
cascade_min_out_epochs=50
cascade_max_cand_epochs=150
cascade_min_cand_epochs=50
cascade_num_candidate_groups=2
bit_fail_limit=3.49999994039535522461e-01
cascade_candidate_limit=1.00000000000000000000e+03
cascade_weight_multiplier=4.00000005960464477539e-01
cascade_activation_functions_count=10
cascade_activation_functions=3 5 7 8 10 11 14 15 16 17 
cascade_activation_steepnesses_count=4
cascade_activation_steepnesses=2.50000000000000000000e-01 5.00000000000000000000e-01 7.50000000000000000000e-01 1.00000000000000000000e+00 
layer_sizes=7 3 3 2 
scale_included=0
neurons (num_inputs, activation_function, activation_steepness)=(0, 0, 0.00000000000000000000e+00) (0, 0, 0.00000000000000000000e+00) (0, 0, 0.00000000000000000000e+00) (0, 0, 0.00000000000000000000e+00) (0, 0, 0.00000000000000000000e+00) (0, 0, 0.00000000000000000000e+00) (0, 0, 0.00000000000000000000e+00) (7, 3, 5.00000000000000000000e-01) (7, 3, 5.00000000000000000000e-01) (0, 3, 0.00000000000000000000e+00) (3, 3, 5.00000000000000000000e-01) (3, 3, 5.00000000000000000000e-01) (0, 3, 0.00000000000000000000e+00) (3, 0, 5.00000000000000000000e-01) (0, 0, 0.00000000000000000000e+00) 
connections (connected_to_neuron, weight)=(0, 2.48940408229827880859e-01) (1, 2.24964484572410583496e-01) (2, -9.75271105766296386719e-01) (3, 4.09043133258819580078e-01) (4, 2.48161420226097106934e-01) (5, -6.02570652961730957031e-01) (6, 8.77101302146911621094e-01) (0, 1.98708638548851013184e-01) (1, 5.40052235126495361328e-01) (2, 4.54643875360488891602e-01) (3, 2.20327764749526977539e-01) (4, 5.22500157356262207031e-01) (5, -1.14628148078918457031e+00) (6, -1.51342058181762695312e+01) (7, -5.96851684570312500000e+02) (8, -3.12075881958007812500e+01) (9, 1.76892662048339843750e+01) (7, -1.18938183784484863281e+00) (8, -8.70804786682128906250e-01) (9, 1.26055687665939331055e-01) (10, 2.51085191965103149414e-01) (11, -3.23128663003444671631e-02) (12, 1.67682226747274398804e-02) 
