FANN_FLO_2.1
num_layers=3
learning_rate=0.500000
connection_rate=1.000000
network_type=0
learning_momentum=0.000000
training_algorithm=2
train_error_function=1
train_stop_function=0
cascade_output_change_fraction=0.010000
quickprop_decay=-0.000100
quickprop_mu=1.750000
rprop_increase_factor=1.200000
rprop_decrease_factor=0.500000
rprop_delta_min=0.000000
rprop_delta_max=50.000000
rprop_delta_zero=0.100000
cascade_output_stagnation_epochs=12
cascade_candidate_change_fraction=0.010000
cascade_candidate_stagnation_epochs=12
cascade_max_out_epochs=150
cascade_min_out_epochs=50
cascade_max_cand_epochs=150
cascade_min_cand_epochs=50
cascade_num_candidate_groups=2
bit_fail_limit=3.49999994039535522461e-01
cascade_candidate_limit=1.00000000000000000000e+03
cascade_weight_multiplier=4.00000005960464477539e-01
cascade_activation_functions_count=10
cascade_activation_functions=3 5 7 8 10 11 14 15 16 17 
cascade_activation_steepnesses_count=4
cascade_activation_steepnesses=2.50000000000000000000e-01 5.00000000000000000000e-01 7.50000000000000000000e-01 1.00000000000000000000e+00 
layer_sizes=3 9 4 
scale_included=0
neurons (num_inputs, activation_function, activation_steepness)=(0, 0, 0.00000000000000000000e+00) (0, 0, 0.00000000000000000000e+00) (0, 0, 0.00000000000000000000e+00) (3, 3, 5.00000000000000000000e-01) (3, 3, 5.00000000000000000000e-01) (3, 3, 5.00000000000000000000e-01) (3, 3, 5.00000000000000000000e-01) (3, 3, 5.00000000000000000000e-01) (3, 3, 5.00000000000000000000e-01) (3, 3, 5.00000000000000000000e-01) (3, 3, 5.00000000000000000000e-01) (0, 3, 0.00000000000000000000e+00) (9, 0, 5.00000000000000000000e-01) (9, 0, 5.00000000000000000000e-01) (9, 0, 5.00000000000000000000e-01) (0, 0, 0.00000000000000000000e+00) 
connections (connected_to_neuron, weight)=(0, -1.16037523746490478516e+00) (1, -3.40596914291381835938e+00) (2, 1.29164472222328186035e-01) (0, -6.75272750854492187500e+00) (1, 4.58594417572021484375e+00) (2, 2.70694017410278320312e+00) (0, -1.92890512943267822266e+00) (1, -1.39000749588012695312e+00) (2, 5.80838024616241455078e-01) (0, -9.05912876129150390625e+00) (1, 1.11028156280517578125e+01) (2, 1.15414943695068359375e+01) (0, -1.89648246765136718750e+00) (1, -1.43755257129669189453e+00) (2, 4.64881479740142822266e-01) (0, -3.87431883811950683594e+00) (1, 4.06723707914352416992e-01) (2, -1.10265411436557769775e-01) (0, -6.02117252349853515625e+00) (1, 6.54790782928466796875e+00) (2, 3.94190788269042968750e+00) (0, -4.09919834136962890625e+00) (1, 2.20983076095581054688e+00) (2, -3.64042311906814575195e-01) (3, 2.04936265945434570312e+00) (4, -6.96940943598747253418e-02) (5, 1.31388771533966064453e+00) (6, 6.27651095390319824219e-01) (7, 1.71146190166473388672e+00) (8, 1.62886798381805419922e+00) (9, 1.34694278240203857422e+00) (10, 2.51521182060241699219e+00) (11, 4.58278954029083251953e-01) (3, 6.37850522994995117188e+00) (4, 2.22015643119812011719e+00) (5, 4.15969610214233398438e+00) (6, 2.80785942077636718750e+00) (7, 4.97209596633911132812e+00) (8, 4.44324970245361328125e+00) (9, 4.38378953933715820312e+00) (10, 4.85637474060058593750e+00) (11, 2.04686379432678222656e+00) (3, 2.21158638000488281250e+01) (4, 9.66100502014160156250e+00) (5, 1.45378437042236328125e+01) (6, 1.10723915100097656250e+01) (7, 1.45241203308105468750e+01) (8, 1.49792404174804687500e+01) (9, 1.22275686264038085938e+01) (10, 1.23027029037475585938e+01) (11, 1.11505212783813476562e+01) 
