FANN_FLO_2.1
num_layers=4
learning_rate=0.500000
connection_rate=1.000000
network_type=0
learning_momentum=0.000000
training_algorithm=2
train_error_function=1
train_stop_function=0
cascade_output_change_fraction=0.010000
quickprop_decay=-0.000100
quickprop_mu=1.750000
rprop_increase_factor=1.200000
rprop_decrease_factor=0.500000
rprop_delta_min=0.000000
rprop_delta_max=50.000000
rprop_delta_zero=0.100000
cascade_output_stagnation_epochs=12
cascade_candidate_change_fraction=0.010000
cascade_candidate_stagnation_epochs=12
cascade_max_out_epochs=150
cascade_min_out_epochs=50
cascade_max_cand_epochs=150
cascade_min_cand_epochs=50
cascade_num_candidate_groups=2
bit_fail_limit=3.49999994039535522461e-01
cascade_candidate_limit=1.00000000000000000000e+03
cascade_weight_multiplier=4.00000005960464477539e-01
cascade_activation_functions_count=10
cascade_activation_functions=3 5 7 8 10 11 14 15 16 17 
cascade_activation_steepnesses_count=4
cascade_activation_steepnesses=2.50000000000000000000e-01 5.00000000000000000000e-01 7.50000000000000000000e-01 1.00000000000000000000e+00 
layer_sizes=4 5 5 2 
scale_included=0
neurons (num_inputs, activation_function, activation_steepness)=(0, 0, 0.00000000000000000000e+00) (0, 0, 0.00000000000000000000e+00) (0, 0, 0.00000000000000000000e+00) (0, 0, 0.00000000000000000000e+00) (4, 3, 5.00000000000000000000e-01) (4, 3, 5.00000000000000000000e-01) (4, 3, 5.00000000000000000000e-01) (4, 3, 5.00000000000000000000e-01) (0, 3, 0.00000000000000000000e+00) (5, 3, 5.00000000000000000000e-01) (5, 3, 5.00000000000000000000e-01) (5, 3, 5.00000000000000000000e-01) (5, 3, 5.00000000000000000000e-01) (0, 3, 0.00000000000000000000e+00) (5, 3, 5.00000000000000000000e-01) (0, 3, 0.00000000000000000000e+00) 
connections (connected_to_neuron, weight)=(0, 7.32980632781982421875e+00) (1, -3.49771571159362792969e+00) (2, -3.33215773105621337891e-01) (3, -1.06701350212097167969e+00) (0, -4.90463304519653320312e+00) (1, -1.92033290863037109375e+01) (2, 1.06113128662109375000e+01) (3, 5.66826438903808593750e+00) (0, -5.41607093811035156250e+00) (1, -6.55064821243286132812e+00) (2, -9.59301814436912536621e-02) (3, 5.06921434402465820312e+00) (0, -5.39730930328369140625e+00) (1, -6.34299755096435546875e+00) (2, -4.87831979990005493164e-02) (3, 5.02060413360595703125e+00) (4, -1.02641987800598144531e+00) (5, -2.28439346313476562500e+02) (6, 3.88409194946289062500e+01) (7, 3.89740676879882812500e+01) (8, -2.54916596412658691406e+00) (4, -8.98614406585693359375e+00) (5, 3.22912859916687011719e+00) (6, 1.70475502014160156250e+01) (7, 1.53958292007446289062e+01) (8, -4.25154876708984375000e+00) (4, -1.27839589118957519531e+00) (5, -1.88290491700172424316e-01) (6, 5.52273893356323242188e+00) (7, 5.52404832839965820312e+00) (8, -2.62775397300720214844e+00) (4, -8.53135299682617187500e+00) (5, 3.79924035072326660156e+00) (6, 1.42811641693115234375e+01) (7, 1.29095888137817382812e+01) (8, -3.32773256301879882812e+00) (9, -8.79425048828125000000e+00) (10, -4.31268024444580078125e+00) (11, 1.98545408248901367188e+00) (12, -2.25765275955200195312e+00) (13, 2.42366027832031250000e+00) 
