FANN_FLO_2.1
num_layers=3
learning_rate=0.500000
connection_rate=1.000000
network_type=0
learning_momentum=0.000000
training_algorithm=2
train_error_function=1
train_stop_function=0
cascade_output_change_fraction=0.010000
quickprop_decay=-0.000100
quickprop_mu=1.750000
rprop_increase_factor=1.200000
rprop_decrease_factor=0.500000
rprop_delta_min=0.000000
rprop_delta_max=50.000000
rprop_delta_zero=0.100000
cascade_output_stagnation_epochs=12
cascade_candidate_change_fraction=0.010000
cascade_candidate_stagnation_epochs=12
cascade_max_out_epochs=150
cascade_min_out_epochs=50
cascade_max_cand_epochs=150
cascade_min_cand_epochs=50
cascade_num_candidate_groups=2
bit_fail_limit=3.49999994039535522461e-01
cascade_candidate_limit=1.00000000000000000000e+03
cascade_weight_multiplier=4.00000005960464477539e-01
cascade_activation_functions_count=10
cascade_activation_functions=3 5 7 8 10 11 14 15 16 17 
cascade_activation_steepnesses_count=4
cascade_activation_steepnesses=2.50000000000000000000e-01 5.00000000000000000000e-01 7.50000000000000000000e-01 1.00000000000000000000e+00 
layer_sizes=10 5 2 
scale_included=0
neurons (num_inputs, activation_function, activation_steepness)=(0, 0, 0.00000000000000000000e+00) (0, 0, 0.00000000000000000000e+00) (0, 0, 0.00000000000000000000e+00) (0, 0, 0.00000000000000000000e+00) (0, 0, 0.00000000000000000000e+00) (0, 0, 0.00000000000000000000e+00) (0, 0, 0.00000000000000000000e+00) (0, 0, 0.00000000000000000000e+00) (0, 0, 0.00000000000000000000e+00) (0, 0, 0.00000000000000000000e+00) (10, 3, 5.00000000000000000000e-01) (10, 3, 5.00000000000000000000e-01) (10, 3, 5.00000000000000000000e-01) (10, 3, 5.00000000000000000000e-01) (0, 3, 0.00000000000000000000e+00) (5, 3, 5.00000000000000000000e-01) (0, 3, 0.00000000000000000000e+00) 
connections (connected_to_neuron, weight)=(0, -3.18725466728210449219e-01) (1, -2.96402752399444580078e-01) (2, -4.16932910680770874023e-01) (3, -3.47741514444351196289e-01) (4, -5.85491120815277099609e-01) (5, -2.12823554873466491699e-01) (6, -4.59391146898269653320e-01) (7, -4.40426915884017944336e-01) (8, -3.31343293190002441406e-01) (9, 5.28141379356384277344e-01) (0, 5.84706604480743408203e-01) (1, 5.70566177368164062500e-01) (2, 8.24844062328338623047e-01) (3, 6.02795541286468505859e-01) (4, -8.88203859329223632812e-01) (5, 6.51740610599517822266e-01) (6, 7.75014460086822509766e-01) (7, 4.06722724437713623047e-01) (8, 5.44284522533416748047e-01) (9, -1.23247468471527099609e+00) (0, -5.83555638790130615234e-01) (1, -3.74187976121902465820e-01) (2, -2.95118302106857299805e-01) (3, -3.66611897945404052734e-01) (4, -6.50279223918914794922e-01) (5, -4.21529024839401245117e-01) (6, -1.79609358310699462891e-01) (7, -4.16439414024353027344e-01) (8, -3.70679944753646850586e-01) (9, 5.14144957065582275391e-01) (0, 3.32833468914031982422e-01) (1, 8.44522655010223388672e-01) (2, 4.15418237447738647461e-01) (3, 7.94584810733795166016e-01) (4, 7.56459951400756835938e-01) (5, 8.71761083602905273438e-01) (6, 5.36618351936340332031e-01) (7, 6.42742514610290527344e-01) (8, 7.06563770771026611328e-01) (9, -3.73256897926330566406e+00) (10, -2.03235220909118652344e+00) (11, 6.92996501922607421875e-01) (12, -1.64715588092803955078e+00) (13, 1.02947771549224853516e+00) (14, 2.90050301700830459595e-02) 
