FANN_FLO_2.1
num_layers=3
learning_rate=0.500000
connection_rate=1.000000
network_type=0
learning_momentum=0.000000
training_algorithm=2
train_error_function=1
train_stop_function=0
cascade_output_change_fraction=0.010000
quickprop_decay=-0.000100
quickprop_mu=1.750000
rprop_increase_factor=1.200000
rprop_decrease_factor=0.500000
rprop_delta_min=0.000000
rprop_delta_max=50.000000
rprop_delta_zero=0.100000
cascade_output_stagnation_epochs=12
cascade_candidate_change_fraction=0.010000
cascade_candidate_stagnation_epochs=12
cascade_max_out_epochs=150
cascade_min_out_epochs=50
cascade_max_cand_epochs=150
cascade_min_cand_epochs=50
cascade_num_candidate_groups=2
bit_fail_limit=3.49999994039535522461e-01
cascade_candidate_limit=1.00000000000000000000e+03
cascade_weight_multiplier=4.00000005960464477539e-01
cascade_activation_functions_count=10
cascade_activation_functions=3 5 7 8 10 11 14 15 16 17 
cascade_activation_steepnesses_count=4
cascade_activation_steepnesses=2.50000000000000000000e-01 5.00000000000000000000e-01 7.50000000000000000000e-01 1.00000000000000000000e+00 
layer_sizes=3 9 4 
scale_included=0
neurons (num_inputs, activation_function, activation_steepness)=(0, 0, 0.00000000000000000000e+00) (0, 0, 0.00000000000000000000e+00) (0, 0, 0.00000000000000000000e+00) (3, 3, 5.00000000000000000000e-01) (3, 3, 5.00000000000000000000e-01) (3, 3, 5.00000000000000000000e-01) (3, 3, 5.00000000000000000000e-01) (3, 3, 5.00000000000000000000e-01) (3, 3, 5.00000000000000000000e-01) (3, 3, 5.00000000000000000000e-01) (3, 3, 5.00000000000000000000e-01) (0, 3, 0.00000000000000000000e+00) (9, 0, 5.00000000000000000000e-01) (9, 0, 5.00000000000000000000e-01) (9, 0, 5.00000000000000000000e-01) (0, 0, 0.00000000000000000000e+00) 
connections (connected_to_neuron, weight)=(0, -6.83113574981689453125e+00) (1, 4.03528118133544921875e+00) (2, 4.26069307327270507812e+00) (0, -4.91709375381469726562e+00) (1, -1.70135509967803955078e+00) (2, 1.11781820654869079590e-01) (0, -6.67873573303222656250e+00) (1, 5.72220468521118164062e+00) (2, 5.19147253036499023438e+00) (0, -4.66050720214843750000e+00) (1, 5.54724693298339843750e+00) (2, 4.60616731643676757812e+00) (0, -4.46836376190185546875e+00) (1, 3.68719768524169921875e+00) (2, 7.03657770156860351562e+00) (0, -1.65381419658660888672e+00) (1, -2.63370180130004882812e+00) (2, 2.49667316675186157227e-01) (0, -6.11913633346557617188e+00) (1, 8.90676915645599365234e-01) (2, 5.04780650138854980469e-01) (0, -6.76791000366210937500e+00) (1, 2.68575263023376464844e+00) (2, 2.34115409851074218750e+00) (3, 6.77718222141265869141e-01) (4, 2.44244003295898437500e+00) (5, 8.22737336158752441406e-01) (6, 5.79007446765899658203e-01) (7, 4.85071301460266113281e-01) (8, 2.33667802810668945312e+00) (9, 2.20077013969421386719e+00) (10, 6.97257757186889648438e-01) (11, 5.43271422386169433594e-01) (3, 3.06525206565856933594e+00) (4, 5.61561965942382812500e+00) (5, 2.53286480903625488281e+00) (6, 2.26637554168701171875e+00) (7, 2.22444105148315429688e+00) (8, 8.49999904632568359375e+00) (9, 5.11003923416137695312e+00) (10, 2.81680226325988769531e+00) (11, 2.13087582588195800781e+00) (3, 8.10052394866943359375e+00) (4, 1.74205341339111328125e+01) (5, 7.85003948211669921875e+00) (6, 7.85662508010864257812e+00) (7, 7.88082933425903320312e+00) (8, 2.90134010314941406250e+01) (9, 1.47974557876586914062e+01) (10, 1.08865289688110351562e+01) (11, 1.18659095764160156250e+01) 
