FANN_FLO_2.1
num_layers=3
learning_rate=0.450000
connection_rate=1.000000
network_type=0
learning_momentum=0.000000
training_algorithm=2
train_error_function=1
train_stop_function=0
cascade_output_change_fraction=0.010000
quickprop_decay=-0.000100
quickprop_mu=1.750000
rprop_increase_factor=1.200000
rprop_decrease_factor=0.500000
rprop_delta_min=0.000000
rprop_delta_max=50.000000
rprop_delta_zero=0.100000
cascade_output_stagnation_epochs=12
cascade_candidate_change_fraction=0.010000
cascade_candidate_stagnation_epochs=12
cascade_max_out_epochs=150
cascade_min_out_epochs=50
cascade_max_cand_epochs=150
cascade_min_cand_epochs=50
cascade_num_candidate_groups=2
bit_fail_limit=3.49999994039535522461e-01
cascade_candidate_limit=1.00000000000000000000e+03
cascade_weight_multiplier=4.00000005960464477539e-01
cascade_activation_functions_count=10
cascade_activation_functions=3 5 7 8 10 11 14 15 16 17 
cascade_activation_steepnesses_count=4
cascade_activation_steepnesses=2.50000000000000000000e-01 5.00000000000000000000e-01 7.50000000000000000000e-01 1.00000000000000000000e+00 
layer_sizes=7 5 2 
scale_included=0
neurons (num_inputs, activation_function, activation_steepness)=(0, 0, 0.00000000000000000000e+00) (0, 0, 0.00000000000000000000e+00) (0, 0, 0.00000000000000000000e+00) (0, 0, 0.00000000000000000000e+00) (0, 0, 0.00000000000000000000e+00) (0, 0, 0.00000000000000000000e+00) (0, 0, 0.00000000000000000000e+00) (7, 3, 5.00000000000000000000e-01) (7, 3, 5.00000000000000000000e-01) (7, 3, 5.00000000000000000000e-01) (7, 3, 5.00000000000000000000e-01) (0, 3, 0.00000000000000000000e+00) (5, 0, 5.00000000000000000000e-01) (0, 0, 0.00000000000000000000e+00) 
connections (connected_to_neuron, weight)=(0, -1.86217233538627624512e-01) (1, -1.83005475997924804688e+00) (2, 2.35748124122619628906e+00) (3, -2.93326944112777709961e-01) (4, -5.10174274444580078125e-01) (5, 2.03896030783653259277e-01) (6, -1.99096351861953735352e-01) (0, 3.87966454029083251953e-01) (1, 8.32664966583251953125e-01) (2, 2.82353982329368591309e-02) (3, -6.06275856494903564453e-01) (4, 3.11668485403060913086e-01) (5, -7.79146671295166015625e-01) (6, -2.52815783023834228516e-01) (0, -2.63686895370483398438e-01) (1, -5.37128295898437500000e+02) (2, -1.50000000000000000000e+03) (3, -6.12592339515686035156e-01) (4, 2.40994945168495178223e-01) (5, -1.50000000000000000000e+03) (6, -8.52177381515502929688e-01) (0, 8.52285698056221008301e-02) (1, 1.30593466758728027344e+00) (2, 8.46778452396392822266e-02) (3, -1.48131504654884338379e-01) (4, -2.15410158038139343262e-01) (5, -8.62345099449157714844e-01) (6, -4.95064526796340942383e-01) (7, -2.17889863997697830200e-02) (8, -5.31386315822601318359e-01) (9, 1.50000000000000000000e+03) (10, 5.41993379592895507812e-01) (11, -9.77558665908873081207e-04) 
