FANN_FLO_2.1
num_layers=4
learning_rate=0.300000
connection_rate=1.000000
network_type=0
learning_momentum=0.000000
training_algorithm=2
train_error_function=1
train_stop_function=0
cascade_output_change_fraction=0.010000
quickprop_decay=-0.000100
quickprop_mu=1.750000
rprop_increase_factor=1.200000
rprop_decrease_factor=0.500000
rprop_delta_min=0.000000
rprop_delta_max=50.000000
rprop_delta_zero=0.100000
cascade_output_stagnation_epochs=12
cascade_candidate_change_fraction=0.010000
cascade_candidate_stagnation_epochs=12
cascade_max_out_epochs=150
cascade_min_out_epochs=50
cascade_max_cand_epochs=150
cascade_min_cand_epochs=50
cascade_num_candidate_groups=2
bit_fail_limit=3.49999994039535522461e-01
cascade_candidate_limit=1.00000000000000000000e+03
cascade_weight_multiplier=4.00000005960464477539e-01
cascade_activation_functions_count=10
cascade_activation_functions=3 5 7 8 10 11 14 15 16 17 
cascade_activation_steepnesses_count=4
cascade_activation_steepnesses=2.50000000000000000000e-01 5.00000000000000000000e-01 7.50000000000000000000e-01 1.00000000000000000000e+00 
layer_sizes=2 5 3 3 
scale_included=0
neurons (num_inputs, activation_function, activation_steepness)=(0, 0, 0.00000000000000000000e+00) (0, 0, 0.00000000000000000000e+00) (2, 3, 5.00000000000000000000e-01) (2, 3, 5.00000000000000000000e-01) (2, 3, 5.00000000000000000000e-01) (2, 3, 5.00000000000000000000e-01) (0, 3, 0.00000000000000000000e+00) (5, 3, 5.00000000000000000000e-01) (5, 3, 5.00000000000000000000e-01) (0, 3, 0.00000000000000000000e+00) (3, 0, 5.00000000000000000000e-01) (3, 0, 5.00000000000000000000e-01) (0, 0, 0.00000000000000000000e+00) 
connections (connected_to_neuron, weight)=(0, -2.94021296501159667969e+00) (1, -4.12944793701171875000e+00) (0, -3.02037215232849121094e+00) (1, -4.32736444473266601562e+00) (0, -2.82252907752990722656e+00) (1, -3.88080310821533203125e+00) (0, -2.88575172424316406250e+00) (1, -4.01661872863769531250e+00) (2, 1.56238347291946411133e-01) (3, 1.54800951480865478516e-01) (4, 1.78443461656570434570e-01) (5, 1.58178940415382385254e-01) (6, 5.63286878168582916260e-02) (2, 8.19448828697204589844e-01) (3, 8.88160228729248046875e-01) (4, 9.34110164642333984375e-01) (5, 8.32420587539672851562e-01) (6, -9.72061097621917724609e-01) (7, 4.11219261586666107178e-02) (8, 2.61668831110000610352e-01) (9, -2.00984522700309753418e-01) (7, -7.81766057014465332031e-01) (8, -9.24892902374267578125e-01) (9, -6.78470671176910400391e-01) 
