FANN_FLO_2.1
num_layers=4
learning_rate=0.450000
connection_rate=1.000000
network_type=0
learning_momentum=0.000000
training_algorithm=2
train_error_function=1
train_stop_function=0
cascade_output_change_fraction=0.010000
quickprop_decay=-0.000100
quickprop_mu=1.750000
rprop_increase_factor=1.200000
rprop_decrease_factor=0.500000
rprop_delta_min=0.000000
rprop_delta_max=50.000000
rprop_delta_zero=0.100000
cascade_output_stagnation_epochs=12
cascade_candidate_change_fraction=0.010000
cascade_candidate_stagnation_epochs=12
cascade_max_out_epochs=150
cascade_min_out_epochs=50
cascade_max_cand_epochs=150
cascade_min_cand_epochs=50
cascade_num_candidate_groups=2
bit_fail_limit=3.49999994039535522461e-01
cascade_candidate_limit=1.00000000000000000000e+03
cascade_weight_multiplier=4.00000005960464477539e-01
cascade_activation_functions_count=10
cascade_activation_functions=3 5 7 8 10 11 14 15 16 17 
cascade_activation_steepnesses_count=4
cascade_activation_steepnesses=2.50000000000000000000e-01 5.00000000000000000000e-01 7.50000000000000000000e-01 1.00000000000000000000e+00 
layer_sizes=7 3 3 2 
scale_included=0
neurons (num_inputs, activation_function, activation_steepness)=(0, 0, 0.00000000000000000000e+00) (0, 0, 0.00000000000000000000e+00) (0, 0, 0.00000000000000000000e+00) (0, 0, 0.00000000000000000000e+00) (0, 0, 0.00000000000000000000e+00) (0, 0, 0.00000000000000000000e+00) (0, 0, 0.00000000000000000000e+00) (7, 3, 5.00000000000000000000e-01) (7, 3, 5.00000000000000000000e-01) (0, 3, 0.00000000000000000000e+00) (3, 3, 5.00000000000000000000e-01) (3, 3, 5.00000000000000000000e-01) (0, 3, 0.00000000000000000000e+00) (3, 0, 5.00000000000000000000e-01) (0, 0, 0.00000000000000000000e+00) 
connections (connected_to_neuron, weight)=(0, -2.47087407112121582031e+00) (1, 1.48750436305999755859e+00) (2, -1.37622404098510742188e+00) (3, 9.57499802112579345703e-01) (4, -3.45145964622497558594e+00) (5, -2.43866652250289916992e-01) (6, -7.75238096714019775391e-01) (0, 7.26915523409843444824e-02) (1, 1.91261664032936096191e-01) (2, -2.52350091934204101562e-01) (3, -1.58319137990474700928e-02) (4, 1.75326332449913024902e-01) (5, -1.81319832801818847656e-01) (6, 2.56478846073150634766e-01) (7, 1.50000000000000000000e+03) (8, 1.35972576141357421875e+01) (9, -7.52789258956909179688e+00) (7, 2.76218627929687500000e+02) (8, -1.01580657958984375000e+01) (9, 1.49097716808319091797e+00) (10, 2.61265218257904052734e-01) (11, 5.63714694976806640625e+00) (12, -2.46556356549263000488e-01) 
