FANN_FLO_2.1
num_layers=3
learning_rate=0.500000
connection_rate=1.000000
network_type=0
learning_momentum=0.000000
training_algorithm=2
train_error_function=1
train_stop_function=0
cascade_output_change_fraction=0.010000
quickprop_decay=-0.000100
quickprop_mu=1.750000
rprop_increase_factor=1.200000
rprop_decrease_factor=0.500000
rprop_delta_min=0.000000
rprop_delta_max=50.000000
rprop_delta_zero=0.100000
cascade_output_stagnation_epochs=12
cascade_candidate_change_fraction=0.010000
cascade_candidate_stagnation_epochs=12
cascade_max_out_epochs=150
cascade_min_out_epochs=50
cascade_max_cand_epochs=150
cascade_min_cand_epochs=50
cascade_num_candidate_groups=2
bit_fail_limit=3.49999994039535522461e-01
cascade_candidate_limit=1.00000000000000000000e+03
cascade_weight_multiplier=4.00000005960464477539e-01
cascade_activation_functions_count=10
cascade_activation_functions=3 5 7 8 10 11 14 15 16 17 
cascade_activation_steepnesses_count=4
cascade_activation_steepnesses=2.50000000000000000000e-01 5.00000000000000000000e-01 7.50000000000000000000e-01 1.00000000000000000000e+00 
layer_sizes=10 5 2 
scale_included=0
neurons (num_inputs, activation_function, activation_steepness)=(0, 0, 0.00000000000000000000e+00) (0, 0, 0.00000000000000000000e+00) (0, 0, 0.00000000000000000000e+00) (0, 0, 0.00000000000000000000e+00) (0, 0, 0.00000000000000000000e+00) (0, 0, 0.00000000000000000000e+00) (0, 0, 0.00000000000000000000e+00) (0, 0, 0.00000000000000000000e+00) (0, 0, 0.00000000000000000000e+00) (0, 0, 0.00000000000000000000e+00) (10, 3, 5.00000000000000000000e-01) (10, 3, 5.00000000000000000000e-01) (10, 3, 5.00000000000000000000e-01) (10, 3, 5.00000000000000000000e-01) (0, 3, 0.00000000000000000000e+00) (5, 3, 5.00000000000000000000e-01) (0, 3, 0.00000000000000000000e+00) 
connections (connected_to_neuron, weight)=(0, -1.39980062842369079590e-01) (1, -4.35944020748138427734e-01) (2, -3.65062177181243896484e-01) (3, -3.01965147256851196289e-01) (4, -3.73406797647476196289e-01) (5, -4.01739418506622314453e-01) (6, -4.07087951898574829102e-01) (7, -4.94458436965942382812e-01) (8, -2.56075322628021240234e-01) (9, 5.35989940166473388672e-01) (0, -4.19775635004043579102e-01) (1, -4.65060174465179443359e-01) (2, -4.40082460641860961914e-01) (3, -3.37110191583633422852e-01) (4, -3.97072315216064453125e-01) (5, -3.85258406400680541992e-01) (6, -2.55805224180221557617e-01) (7, -1.38219490647315979004e-01) (8, -2.99850016832351684570e-01) (9, 4.87010180950164794922e-01) (0, -4.20524448156356811523e-01) (1, -2.84667342901229858398e-01) (2, -2.91350454092025756836e-01) (3, -3.34178715944290161133e-01) (4, -2.57527053356170654297e-01) (5, -3.32765251398086547852e-01) (6, -4.51852440834045410156e-01) (7, -3.36432605981826782227e-01) (8, -3.36919337511062622070e-01) (9, 4.78187114000320434570e-01) (0, -4.83584553003311157227e-01) (1, -3.04319739341735839844e-01) (2, -3.61659854650497436523e-01) (3, -4.71665918827056884766e-01) (4, -3.18418532609939575195e-01) (5, -3.83857965469360351562e-01) (6, -3.17199259996414184570e-01) (7, -5.11213004589080810547e-01) (8, -4.80761110782623291016e-01) (9, 1.20769560337066650391e+00) (10, -1.64018535614013671875e+00) (11, -1.44629919528961181641e+00) (12, -1.37739753723144531250e+00) (13, -1.64983987808227539062e+00) (14, 1.74801731109619140625e+00) 
