FANN_FLO_2.1
num_layers=3
learning_rate=0.500000
connection_rate=1.000000
network_type=0
learning_momentum=0.000000
training_algorithm=2
train_error_function=1
train_stop_function=0
cascade_output_change_fraction=0.010000
quickprop_decay=-0.000100
quickprop_mu=1.750000
rprop_increase_factor=1.200000
rprop_decrease_factor=0.500000
rprop_delta_min=0.000000
rprop_delta_max=50.000000
rprop_delta_zero=0.100000
cascade_output_stagnation_epochs=12
cascade_candidate_change_fraction=0.010000
cascade_candidate_stagnation_epochs=12
cascade_max_out_epochs=150
cascade_min_out_epochs=50
cascade_max_cand_epochs=150
cascade_min_cand_epochs=50
cascade_num_candidate_groups=2
bit_fail_limit=3.49999994039535522461e-01
cascade_candidate_limit=1.00000000000000000000e+03
cascade_weight_multiplier=4.00000005960464477539e-01
cascade_activation_functions_count=10
cascade_activation_functions=3 5 7 8 10 11 14 15 16 17 
cascade_activation_steepnesses_count=4
cascade_activation_steepnesses=2.50000000000000000000e-01 5.00000000000000000000e-01 7.50000000000000000000e-01 1.00000000000000000000e+00 
layer_sizes=3 9 4 
scale_included=0
neurons (num_inputs, activation_function, activation_steepness)=(0, 0, 0.00000000000000000000e+00) (0, 0, 0.00000000000000000000e+00) (0, 0, 0.00000000000000000000e+00) (3, 3, 5.00000000000000000000e-01) (3, 3, 5.00000000000000000000e-01) (3, 3, 5.00000000000000000000e-01) (3, 3, 5.00000000000000000000e-01) (3, 3, 5.00000000000000000000e-01) (3, 3, 5.00000000000000000000e-01) (3, 3, 5.00000000000000000000e-01) (3, 3, 5.00000000000000000000e-01) (0, 3, 0.00000000000000000000e+00) (9, 0, 5.00000000000000000000e-01) (9, 0, 5.00000000000000000000e-01) (9, 0, 5.00000000000000000000e-01) (0, 0, 0.00000000000000000000e+00) 
connections (connected_to_neuron, weight)=(0, -1.96872043609619140625e+00) (1, -4.42954015731811523438e+00) (2, 7.73543000221252441406e-01) (0, -6.58263301849365234375e+00) (1, 1.97155439853668212891e+00) (2, 5.77830934524536132812e+00) (0, -4.43428087234497070312e+00) (1, 1.37815225124359130859e+00) (2, 5.96615016460418701172e-01) (0, -3.14577054977416992188e+00) (1, -2.36754918098449707031e+00) (2, 1.08806419372558593750e+00) (0, -5.26478672027587890625e+00) (1, 5.64124011993408203125e+00) (2, 9.01163291931152343750e+00) (0, -3.75369071960449218750e+00) (1, 3.81018519401550292969e+00) (2, 1.42154586315155029297e+00) (0, -5.88262462615966796875e+00) (1, 7.36499500274658203125e+00) (2, 5.81511545181274414062e+00) (0, -4.15757703781127929688e+00) (1, -4.27807569503784179688e-01) (2, 5.21343231201171875000e-01) (3, 2.03971576690673828125e+00) (4, -7.22700178623199462891e-01) (5, 2.19614958763122558594e+00) (6, 2.05708575248718261719e+00) (7, 4.67473775148391723633e-01) (8, 2.57010221481323242188e+00) (9, 4.22721385955810546875e-01) (10, 1.74598908424377441406e+00) (11, 3.00658345222473144531e-01) (3, 5.85817003250122070312e+00) (4, 1.83797383308410644531e+00) (5, 4.70801591873168945312e+00) (6, 5.76366376876831054688e+00) (7, 1.88705062866210937500e+00) (8, 5.33656930923461914062e+00) (9, 2.18916153907775878906e+00) (10, 4.58114051818847656250e+00) (11, 1.84849166870117187500e+00) (3, 1.89205570220947265625e+01) (4, 9.42784214019775390625e+00) (5, 1.35835161209106445312e+01) (6, 1.84828720092773437500e+01) (7, 8.91625976562500000000e+00) (8, 1.23196573257446289062e+01) (9, 8.79265785217285156250e+00) (10, 1.45492296218872070312e+01) (11, 8.81053543090820312500e+00) 
