FANN_FLO_2.1
num_layers=3
learning_rate=0.500000
connection_rate=1.000000
network_type=0
learning_momentum=0.000000
training_algorithm=2
train_error_function=1
train_stop_function=0
cascade_output_change_fraction=0.010000
quickprop_decay=-0.000100
quickprop_mu=1.750000
rprop_increase_factor=1.200000
rprop_decrease_factor=0.500000
rprop_delta_min=0.000000
rprop_delta_max=50.000000
rprop_delta_zero=0.100000
cascade_output_stagnation_epochs=12
cascade_candidate_change_fraction=0.010000
cascade_candidate_stagnation_epochs=12
cascade_max_out_epochs=150
cascade_min_out_epochs=50
cascade_max_cand_epochs=150
cascade_min_cand_epochs=50
cascade_num_candidate_groups=2
bit_fail_limit=3.49999994039535522461e-01
cascade_candidate_limit=1.00000000000000000000e+03
cascade_weight_multiplier=4.00000005960464477539e-01
cascade_activation_functions_count=10
cascade_activation_functions=3 5 7 8 10 11 14 15 16 17 
cascade_activation_steepnesses_count=4
cascade_activation_steepnesses=2.50000000000000000000e-01 5.00000000000000000000e-01 7.50000000000000000000e-01 1.00000000000000000000e+00 
layer_sizes=7 9 2 
scale_included=0
neurons (num_inputs, activation_function, activation_steepness)=(0, 0, 0.00000000000000000000e+00) (0, 0, 0.00000000000000000000e+00) (0, 0, 0.00000000000000000000e+00) (0, 0, 0.00000000000000000000e+00) (0, 0, 0.00000000000000000000e+00) (0, 0, 0.00000000000000000000e+00) (0, 0, 0.00000000000000000000e+00) (7, 3, 5.00000000000000000000e-01) (7, 3, 5.00000000000000000000e-01) (7, 3, 5.00000000000000000000e-01) (7, 3, 5.00000000000000000000e-01) (7, 3, 5.00000000000000000000e-01) (7, 3, 5.00000000000000000000e-01) (7, 3, 5.00000000000000000000e-01) (7, 3, 5.00000000000000000000e-01) (0, 3, 0.00000000000000000000e+00) (9, 0, 5.00000000000000000000e-01) (0, 0, 0.00000000000000000000e+00) 
connections (connected_to_neuron, weight)=(0, -5.48075723648071289062e+00) (1, -2.09104251861572265625e+00) (2, 2.21969485282897949219e+00) (3, -3.87190914154052734375e+00) (4, -1.95399487018585205078e+00) (5, 8.20326042175292968750e+00) (6, -1.59911859035491943359e+00) (0, -3.45141181945800781250e+01) (1, -3.26578664779663085938e+00) (2, 2.88331937789916992188e+00) (3, 3.36725640296936035156e+00) (4, 4.14828777313232421875e-01) (5, 3.99527835845947265625e+00) (6, 1.04237818717956542969e+00) (0, -1.36829876899719238281e+00) (1, 3.00655984878540039062e+00) (2, 3.35884971618652343750e+01) (3, -3.62333587646484375000e+02) (4, 1.55787906646728515625e+01) (5, 2.02885086059570312500e+02) (6, -3.79729777574539184570e-01) (0, -3.84907603263854980469e+00) (1, 4.34098625183105468750e+00) (2, 1.20550270080566406250e+01) (3, -4.93589401245117187500e+01) (4, -8.75913715362548828125e+00) (5, -1.59951582551002502441e-01) (6, -2.02514573931694030762e-01) (0, -1.27813786268234252930e-01) (1, -1.31473839282989501953e+00) (2, -1.02885413169860839844e+00) (3, -3.78183471679687500000e+02) (4, -1.28472061157226562500e+01) (5, -1.51287582397460937500e+02) (6, -3.89872133731842041016e-01) (0, -1.68075382709503173828e-01) (1, -5.37643074989318847656e-01) (2, 5.67789018154144287109e-01) (3, 1.53176546096801757812e-01) (4, 1.71090498566627502441e-01) (5, -6.25605106353759765625e-01) (6, -3.84860897064208984375e+00) (0, -1.06442556381225585938e+01) (1, -2.17748522758483886719e+00) (2, 9.19533252716064453125e+00) (3, -3.04063010215759277344e+00) (4, -2.21070742607116699219e+00) (5, 8.06181049346923828125e+00) (6, -1.57671821117401123047e+00) (0, -1.00995786488056182861e-01) (1, -1.42321670055389404297e+00) (2, -1.22279286384582519531e+00) (3, -3.78282653808593750000e+02) (4, -1.29319591522216796875e+01) (5, -1.51315963745117187500e+02) (6, -3.73874336481094360352e-01) (7, -2.03790211677551269531e+00) (8, -1.53114676475524902344e+00) (9, 9.99999904632568359375e+00) (10, -2.46191352605819702148e-01) (11, 7.36027709960937500000e+02) (12, 2.79770040512084960938e+00) (13, 3.56753683090209960938e+00) (14, 7.36011474609375000000e+02) (15, 5.92384953051805496216e-03) 
