FANN_FLO_2.1
num_layers=3
learning_rate=0.500000
connection_rate=1.000000
network_type=0
learning_momentum=0.000000
training_algorithm=2
train_error_function=1
train_stop_function=0
cascade_output_change_fraction=0.010000
quickprop_decay=-0.000100
quickprop_mu=1.750000
rprop_increase_factor=1.200000
rprop_decrease_factor=0.500000
rprop_delta_min=0.000000
rprop_delta_max=50.000000
rprop_delta_zero=0.100000
cascade_output_stagnation_epochs=12
cascade_candidate_change_fraction=0.010000
cascade_candidate_stagnation_epochs=12
cascade_max_out_epochs=150
cascade_min_out_epochs=50
cascade_max_cand_epochs=150
cascade_min_cand_epochs=50
cascade_num_candidate_groups=2
bit_fail_limit=3.49999994039535522461e-01
cascade_candidate_limit=1.00000000000000000000e+03
cascade_weight_multiplier=4.00000005960464477539e-01
cascade_activation_functions_count=10
cascade_activation_functions=3 5 7 8 10 11 14 15 16 17 
cascade_activation_steepnesses_count=4
cascade_activation_steepnesses=2.50000000000000000000e-01 5.00000000000000000000e-01 7.50000000000000000000e-01 1.00000000000000000000e+00 
layer_sizes=10 3 2 
scale_included=0
neurons (num_inputs, activation_function, activation_steepness)=(0, 0, 0.00000000000000000000e+00) (0, 0, 0.00000000000000000000e+00) (0, 0, 0.00000000000000000000e+00) (0, 0, 0.00000000000000000000e+00) (0, 0, 0.00000000000000000000e+00) (0, 0, 0.00000000000000000000e+00) (0, 0, 0.00000000000000000000e+00) (0, 0, 0.00000000000000000000e+00) (0, 0, 0.00000000000000000000e+00) (0, 0, 0.00000000000000000000e+00) (10, 3, 5.00000000000000000000e-01) (10, 3, 5.00000000000000000000e-01) (0, 3, 0.00000000000000000000e+00) (3, 3, 5.00000000000000000000e-01) (0, 3, 0.00000000000000000000e+00) 
connections (connected_to_neuron, weight)=(0, -2.41059765219688415527e-01) (1, -6.89092278480529785156e-01) (2, -1.77939936518669128418e-01) (3, -6.14488363265991210938e-01) (4, -6.26917481422424316406e-01) (5, -6.21409714221954345703e-01) (6, -3.83695632219314575195e-01) (7, -6.48923337459564208984e-01) (8, -3.99842590093612670898e-01) (9, 1.84128510951995849609e+00) (0, 1.04128754138946533203e+00) (1, -6.88019022345542907715e-02) (2, 1.16769218444824218750e+00) (3, 1.84602782130241394043e-01) (4, -7.62836262583732604980e-02) (5, 1.47930055856704711914e-01) (6, 6.16344928741455078125e-01) (7, 1.02574013173580169678e-01) (8, 5.32382011413574218750e-01) (9, -6.12863719463348388672e-01) (10, -2.99647521972656250000e+00) (11, 1.56322658061981201172e+00) (12, 3.93520146608352661133e-02) 
