FANN_FLO_2.1
num_layers=4
learning_rate=0.300000
connection_rate=1.000000
network_type=0
learning_momentum=0.000000
training_algorithm=2
train_error_function=1
train_stop_function=0
cascade_output_change_fraction=0.010000
quickprop_decay=-0.000100
quickprop_mu=1.750000
rprop_increase_factor=1.200000
rprop_decrease_factor=0.500000
rprop_delta_min=0.000000
rprop_delta_max=50.000000
rprop_delta_zero=0.100000
cascade_output_stagnation_epochs=12
cascade_candidate_change_fraction=0.010000
cascade_candidate_stagnation_epochs=12
cascade_max_out_epochs=150
cascade_min_out_epochs=50
cascade_max_cand_epochs=150
cascade_min_cand_epochs=50
cascade_num_candidate_groups=2
bit_fail_limit=3.49999994039535522461e-01
cascade_candidate_limit=1.00000000000000000000e+03
cascade_weight_multiplier=4.00000005960464477539e-01
cascade_activation_functions_count=10
cascade_activation_functions=3 5 7 8 10 11 14 15 16 17 
cascade_activation_steepnesses_count=4
cascade_activation_steepnesses=2.50000000000000000000e-01 5.00000000000000000000e-01 7.50000000000000000000e-01 1.00000000000000000000e+00 
layer_sizes=2 5 5 3 
scale_included=0
neurons (num_inputs, activation_function, activation_steepness)=(0, 0, 0.00000000000000000000e+00) (0, 0, 0.00000000000000000000e+00) (2, 3, 5.00000000000000000000e-01) (2, 3, 5.00000000000000000000e-01) (2, 3, 5.00000000000000000000e-01) (2, 3, 5.00000000000000000000e-01) (0, 3, 0.00000000000000000000e+00) (5, 3, 5.00000000000000000000e-01) (5, 3, 5.00000000000000000000e-01) (5, 3, 5.00000000000000000000e-01) (5, 3, 5.00000000000000000000e-01) (0, 3, 0.00000000000000000000e+00) (5, 0, 5.00000000000000000000e-01) (5, 0, 5.00000000000000000000e-01) (0, 0, 0.00000000000000000000e+00) 
connections (connected_to_neuron, weight)=(0, -6.41475830078125000000e+01) (1, -1.84407842159271240234e+00) (0, 4.23086013793945312500e+01) (1, 5.13721048831939697266e-01) (0, 5.33498764038085937500e+00) (1, 1.70260584354400634766e+00) (0, -6.42231369018554687500e+01) (1, -2.01388192176818847656e+00) (2, -3.31998914480209350586e-02) (3, -3.14132165908813476562e+00) (4, 2.75565242767333984375e+00) (5, 8.50714594125747680664e-02) (6, 2.15233284980058670044e-02) (2, 2.06738638877868652344e+00) (3, -5.84285621643066406250e+01) (4, 3.57823104858398437500e+01) (5, 2.01968502998352050781e+00) (6, 1.36825871467590332031e+00) (2, 1.13735742866992950439e-01) (3, -2.33539390563964843750e+00) (4, 2.34103870391845703125e+00) (5, 3.53217050433158874512e-02) (6, 1.15411810576915740967e-01) (2, 1.91489830613136291504e-01) (3, -7.93508148193359375000e+00) (4, 3.76969742774963378906e+00) (5, 1.99441537261009216309e-01) (6, 8.45196843147277832031e-03) (7, -1.19280122220516204834e-01) (8, -2.31845933012664318085e-03) (9, -1.41872346401214599609e-01) (10, 3.48193168640136718750e-01) (11, -3.13688218593597412109e-02) (7, -4.40375834703445434570e-01) (8, -6.13725960254669189453e-01) (9, -4.53767836093902587891e-01) (10, -7.48679220676422119141e-01) (11, -5.33588945865631103516e-01) 
