FANN_FLO_2.1
num_layers=3
learning_rate=0.500000
connection_rate=1.000000
network_type=0
learning_momentum=0.000000
training_algorithm=2
train_error_function=1
train_stop_function=0
cascade_output_change_fraction=0.010000
quickprop_decay=-0.000100
quickprop_mu=1.750000
rprop_increase_factor=1.200000
rprop_decrease_factor=0.500000
rprop_delta_min=0.000000
rprop_delta_max=50.000000
rprop_delta_zero=0.100000
cascade_output_stagnation_epochs=12
cascade_candidate_change_fraction=0.010000
cascade_candidate_stagnation_epochs=12
cascade_max_out_epochs=150
cascade_min_out_epochs=50
cascade_max_cand_epochs=150
cascade_min_cand_epochs=50
cascade_num_candidate_groups=2
bit_fail_limit=3.49999994039535522461e-01
cascade_candidate_limit=1.00000000000000000000e+03
cascade_weight_multiplier=4.00000005960464477539e-01
cascade_activation_functions_count=10
cascade_activation_functions=3 5 7 8 10 11 14 15 16 17 
cascade_activation_steepnesses_count=4
cascade_activation_steepnesses=2.50000000000000000000e-01 5.00000000000000000000e-01 7.50000000000000000000e-01 1.00000000000000000000e+00 
layer_sizes=3 5 4 
scale_included=0
neurons (num_inputs, activation_function, activation_steepness)=(0, 0, 0.00000000000000000000e+00) (0, 0, 0.00000000000000000000e+00) (0, 0, 0.00000000000000000000e+00) (3, 3, 5.00000000000000000000e-01) (3, 3, 5.00000000000000000000e-01) (3, 3, 5.00000000000000000000e-01) (3, 3, 5.00000000000000000000e-01) (0, 3, 0.00000000000000000000e+00) (5, 0, 5.00000000000000000000e-01) (5, 0, 5.00000000000000000000e-01) (5, 0, 5.00000000000000000000e-01) (0, 0, 0.00000000000000000000e+00) 
connections (connected_to_neuron, weight)=(0, -3.79850959777832031250e+01) (1, -3.74976234436035156250e+01) (2, 6.70707607269287109375e+00) (0, -4.28529739379882812500e+00) (1, 1.84485745429992675781e+00) (2, 8.85179698467254638672e-01) (0, -3.31415653228759765625e+00) (1, -1.44322943687438964844e+00) (2, 1.42889726161956787109e+00) (0, -1.26040058135986328125e+01) (1, 9.96675109863281250000e+00) (2, 1.07537746429443359375e+01) (3, 2.29276323318481445312e+00) (4, 3.27307200431823730469e+00) (5, 2.27848243713378906250e+00) (6, 7.42945075035095214844e-01) (7, 1.45519995689392089844e+00) (3, 4.62765264511108398438e+00) (4, 7.57310438156127929688e+00) (5, 8.44877910614013671875e+00) (6, 4.59352779388427734375e+00) (7, 5.48128414154052734375e+00) (3, 1.51608543395996093750e+01) (4, 2.29156818389892578125e+01) (5, 2.78405761718750000000e+01) (6, 1.55611000061035156250e+01) (7, 2.27728767395019531250e+01) 
