FANN_FLO_2.1
num_layers=3
learning_rate=0.300000
connection_rate=1.000000
network_type=0
learning_momentum=0.000000
training_algorithm=2
train_error_function=1
train_stop_function=0
cascade_output_change_fraction=0.010000
quickprop_decay=-0.000100
quickprop_mu=1.750000
rprop_increase_factor=1.200000
rprop_decrease_factor=0.500000
rprop_delta_min=0.000000
rprop_delta_max=50.000000
rprop_delta_zero=0.100000
cascade_output_stagnation_epochs=12
cascade_candidate_change_fraction=0.010000
cascade_candidate_stagnation_epochs=12
cascade_max_out_epochs=150
cascade_min_out_epochs=50
cascade_max_cand_epochs=150
cascade_min_cand_epochs=50
cascade_num_candidate_groups=2
bit_fail_limit=3.49999994039535522461e-01
cascade_candidate_limit=1.00000000000000000000e+03
cascade_weight_multiplier=4.00000005960464477539e-01
cascade_activation_functions_count=10
cascade_activation_functions=3 5 7 8 10 11 14 15 16 17 
cascade_activation_steepnesses_count=4
cascade_activation_steepnesses=2.50000000000000000000e-01 5.00000000000000000000e-01 7.50000000000000000000e-01 1.00000000000000000000e+00 
layer_sizes=4 9 2 
scale_included=0
neurons (num_inputs, activation_function, activation_steepness)=(0, 0, 0.00000000000000000000e+00) (0, 0, 0.00000000000000000000e+00) (0, 0, 0.00000000000000000000e+00) (0, 0, 0.00000000000000000000e+00) (4, 3, 5.00000000000000000000e-01) (4, 3, 5.00000000000000000000e-01) (4, 3, 5.00000000000000000000e-01) (4, 3, 5.00000000000000000000e-01) (4, 3, 5.00000000000000000000e-01) (4, 3, 5.00000000000000000000e-01) (4, 3, 5.00000000000000000000e-01) (4, 3, 5.00000000000000000000e-01) (0, 3, 0.00000000000000000000e+00) (9, 3, 5.00000000000000000000e-01) (0, 3, 0.00000000000000000000e+00) 
connections (connected_to_neuron, weight)=(0, -5.98384082317352294922e-01) (1, 7.11097657680511474609e-01) (2, -3.99185013771057128906e+00) (3, 1.15590977668762207031e+00) (0, -3.37326198816299438477e-01) (1, 7.26961717009544372559e-02) (2, 3.27657133340835571289e-01) (3, 1.25665351748466491699e-01) (0, -7.98751533031463623047e-01) (1, 8.26014995574951171875e-01) (2, -2.64897298812866210938e+00) (3, 9.04371857643127441406e-01) (0, -4.51688840985298156738e-03) (1, 5.76007366180419921875e-01) (2, -6.88093519210815429688e+00) (3, 6.14986300468444824219e-01) (0, -1.98395013809204101562e-01) (1, 1.06008574366569519043e-01) (2, -5.15793442726135253906e-01) (3, 3.14517450332641601562e+00) (0, -9.98567759990692138672e-01) (1, 8.30823838710784912109e-01) (2, -2.53206944465637207031e+00) (3, 7.42634356021881103516e-01) (0, 9.34197679162025451660e-02) (1, -2.81465984880924224854e-02) (2, 4.67027723789215087891e-01) (3, -1.08729124069213867188e+00) (0, -1.10244058072566986084e-01) (1, 1.52696156874299049377e-02) (2, -1.14291302859783172607e-01) (3, 1.64545476436614990234e+00) (4, -1.45202487707138061523e-01) (5, 3.04464727640151977539e-01) (6, -1.21413484215736389160e-01) (7, -2.91831135749816894531e-01) (8, -4.58680361509323120117e-01) (9, -1.19720332324504852295e-01) (10, 1.42658352851867675781e+00) (11, -7.00230693817138671875e+00) (12, 7.53657221794128417969e-02) 
