FANN_FLO_2.1
num_layers=4
learning_rate=0.450000
connection_rate=1.000000
network_type=0
learning_momentum=0.000000
training_algorithm=2
train_error_function=1
train_stop_function=0
cascade_output_change_fraction=0.010000
quickprop_decay=-0.000100
quickprop_mu=1.750000
rprop_increase_factor=1.200000
rprop_decrease_factor=0.500000
rprop_delta_min=0.000000
rprop_delta_max=50.000000
rprop_delta_zero=0.100000
cascade_output_stagnation_epochs=12
cascade_candidate_change_fraction=0.010000
cascade_candidate_stagnation_epochs=12
cascade_max_out_epochs=150
cascade_min_out_epochs=50
cascade_max_cand_epochs=150
cascade_min_cand_epochs=50
cascade_num_candidate_groups=2
bit_fail_limit=3.49999994039535522461e-01
cascade_candidate_limit=1.00000000000000000000e+03
cascade_weight_multiplier=4.00000005960464477539e-01
cascade_activation_functions_count=10
cascade_activation_functions=3 5 7 8 10 11 14 15 16 17 
cascade_activation_steepnesses_count=4
cascade_activation_steepnesses=2.50000000000000000000e-01 5.00000000000000000000e-01 7.50000000000000000000e-01 1.00000000000000000000e+00 
layer_sizes=7 5 5 2 
scale_included=0
neurons (num_inputs, activation_function, activation_steepness)=(0, 0, 0.00000000000000000000e+00) (0, 0, 0.00000000000000000000e+00) (0, 0, 0.00000000000000000000e+00) (0, 0, 0.00000000000000000000e+00) (0, 0, 0.00000000000000000000e+00) (0, 0, 0.00000000000000000000e+00) (0, 0, 0.00000000000000000000e+00) (7, 3, 5.00000000000000000000e-01) (7, 3, 5.00000000000000000000e-01) (7, 3, 5.00000000000000000000e-01) (7, 3, 5.00000000000000000000e-01) (0, 3, 0.00000000000000000000e+00) (5, 3, 5.00000000000000000000e-01) (5, 3, 5.00000000000000000000e-01) (5, 3, 5.00000000000000000000e-01) (5, 3, 5.00000000000000000000e-01) (0, 3, 0.00000000000000000000e+00) (5, 0, 5.00000000000000000000e-01) (0, 0, 0.00000000000000000000e+00) 
connections (connected_to_neuron, weight)=(0, -1.50000000000000000000e+03) (1, -1.50000000000000000000e+03) (2, -1.50000000000000000000e+03) (3, -1.50000000000000000000e+03) (4, -1.50000000000000000000e+03) (5, -1.50000000000000000000e+03) (6, 7.96476364135742187500e+01) (0, 9.69231352210044860840e-02) (1, 2.18300238251686096191e-01) (2, -1.00461289286613464355e-01) (3, -3.95065426826477050781e-01) (4, -3.07757824659347534180e-01) (5, 7.58342742919921875000e-01) (6, 2.62443995475769042969e+00) (0, 1.50000000000000000000e+03) (1, 1.50000000000000000000e+03) (2, 1.50000000000000000000e+03) (3, 1.50000000000000000000e+03) (4, 1.50000000000000000000e+03) (5, 1.50000000000000000000e+03) (6, 6.60061895847320556641e-01) (0, -1.50000000000000000000e+03) (1, -1.50000000000000000000e+03) (2, -1.50000000000000000000e+03) (3, -1.50000000000000000000e+03) (4, -1.50000000000000000000e+03) (5, -1.50000000000000000000e+03) (6, 9.55324590206146240234e-01) (7, 1.50000000000000000000e+03) (8, -8.93867790699005126953e-01) (9, -4.31984484195709228516e-01) (10, 1.50000000000000000000e+03) (11, -9.76655721664428710938e-01) (7, 1.50000000000000000000e+03) (8, -6.96633994579315185547e-01) (9, 4.91851687431335449219e-01) (10, 1.50000000000000000000e+03) (11, -9.13551867008209228516e-01) (7, 1.50000000000000000000e+03) (8, -1.53996753692626953125e+00) (9, -1.35184252262115478516e+00) (10, 1.50000000000000000000e+03) (11, -1.48021447658538818359e+00) (7, 1.50000000000000000000e+03) (8, 1.80156514048576354980e-01) (9, -4.41672772169113159180e-01) (10, 1.50000000000000000000e+03) (11, 6.63774535059928894043e-02) (12, 4.05361428856849670410e-02) (13, 2.13803359656594693661e-04) (14, -3.59123293310403823853e-03) (15, -5.58047145605087280273e-02) (16, 3.03452219814062118530e-02) 
