FANN_FLO_2.1
num_layers=4
learning_rate=0.500000
connection_rate=1.000000
network_type=0
learning_momentum=0.000000
training_algorithm=2
train_error_function=1
train_stop_function=0
cascade_output_change_fraction=0.010000
quickprop_decay=-0.000100
quickprop_mu=1.750000
rprop_increase_factor=1.200000
rprop_decrease_factor=0.500000
rprop_delta_min=0.000000
rprop_delta_max=50.000000
rprop_delta_zero=0.100000
cascade_output_stagnation_epochs=12
cascade_candidate_change_fraction=0.010000
cascade_candidate_stagnation_epochs=12
cascade_max_out_epochs=150
cascade_min_out_epochs=50
cascade_max_cand_epochs=150
cascade_min_cand_epochs=50
cascade_num_candidate_groups=2
bit_fail_limit=3.49999994039535522461e-01
cascade_candidate_limit=1.00000000000000000000e+03
cascade_weight_multiplier=4.00000005960464477539e-01
cascade_activation_functions_count=10
cascade_activation_functions=3 5 7 8 10 11 14 15 16 17 
cascade_activation_steepnesses_count=4
cascade_activation_steepnesses=2.50000000000000000000e-01 5.00000000000000000000e-01 7.50000000000000000000e-01 1.00000000000000000000e+00 
layer_sizes=4 5 5 2 
scale_included=0
neurons (num_inputs, activation_function, activation_steepness)=(0, 0, 0.00000000000000000000e+00) (0, 0, 0.00000000000000000000e+00) (0, 0, 0.00000000000000000000e+00) (0, 0, 0.00000000000000000000e+00) (4, 3, 5.00000000000000000000e-01) (4, 3, 5.00000000000000000000e-01) (4, 3, 5.00000000000000000000e-01) (4, 3, 5.00000000000000000000e-01) (0, 3, 0.00000000000000000000e+00) (5, 3, 5.00000000000000000000e-01) (5, 3, 5.00000000000000000000e-01) (5, 3, 5.00000000000000000000e-01) (5, 3, 5.00000000000000000000e-01) (0, 3, 0.00000000000000000000e+00) (5, 3, 5.00000000000000000000e-01) (0, 3, 0.00000000000000000000e+00) 
connections (connected_to_neuron, weight)=(0, 1.35855042934417724609e+00) (1, 1.07279872894287109375e+01) (2, -1.24163455963134765625e+01) (3, 3.55480117797851562500e+01) (0, 3.91777634620666503906e+00) (1, 5.59573984146118164062e+00) (2, -3.06915193796157836914e-01) (3, -4.62926530838012695312e+00) (0, 3.22786211967468261719e+00) (1, 2.60530543327331542969e+00) (2, 3.19616270065307617188e+00) (3, -4.15567064285278320312e+00) (0, -3.52156257629394531250e+00) (1, 2.54110026359558105469e+00) (2, 2.41508221626281738281e+00) (3, 1.67400312423706054688e+00) (4, -1.08652487397193908691e-01) (5, -2.68829989433288574219e+00) (6, -6.13659477233886718750e+00) (7, 3.04686641693115234375e+00) (8, 6.49437606334686279297e-02) (4, 8.93821001052856445312e-01) (5, -9.93314743041992187500e+00) (6, -7.38491535186767578125e+00) (7, 6.30134725570678710938e+00) (8, 1.93663525581359863281e+00) (4, -4.25751239061355590820e-01) (5, 6.87488555908203125000e+00) (6, -1.20341091156005859375e+01) (7, 3.78272342681884765625e+00) (8, 3.54095906019210815430e-01) (4, 1.28224315121769905090e-02) (5, -1.53081579208374023438e+01) (6, -1.84393632411956787109e+00) (7, 3.91269731521606445312e+00) (8, 2.71728157997131347656e-01) (9, -1.67354846000671386719e+00) (10, -5.65570831298828125000e+00) (11, -2.81153202056884765625e+00) (12, 4.77522611618041992188e+00) (13, 2.86143016815185546875e+00) 
