FANN_FLO_2.1
num_layers=3
learning_rate=0.500000
connection_rate=1.000000
network_type=0
learning_momentum=0.000000
training_algorithm=2
train_error_function=1
train_stop_function=0
cascade_output_change_fraction=0.010000
quickprop_decay=-0.000100
quickprop_mu=1.750000
rprop_increase_factor=1.200000
rprop_decrease_factor=0.500000
rprop_delta_min=0.000000
rprop_delta_max=50.000000
rprop_delta_zero=0.100000
cascade_output_stagnation_epochs=12
cascade_candidate_change_fraction=0.010000
cascade_candidate_stagnation_epochs=12
cascade_max_out_epochs=150
cascade_min_out_epochs=50
cascade_max_cand_epochs=150
cascade_min_cand_epochs=50
cascade_num_candidate_groups=2
bit_fail_limit=3.49999994039535522461e-01
cascade_candidate_limit=1.00000000000000000000e+03
cascade_weight_multiplier=4.00000005960464477539e-01
cascade_activation_functions_count=10
cascade_activation_functions=3 5 7 8 10 11 14 15 16 17 
cascade_activation_steepnesses_count=4
cascade_activation_steepnesses=2.50000000000000000000e-01 5.00000000000000000000e-01 7.50000000000000000000e-01 1.00000000000000000000e+00 
layer_sizes=7 9 2 
scale_included=0
neurons (num_inputs, activation_function, activation_steepness)=(0, 0, 0.00000000000000000000e+00) (0, 0, 0.00000000000000000000e+00) (0, 0, 0.00000000000000000000e+00) (0, 0, 0.00000000000000000000e+00) (0, 0, 0.00000000000000000000e+00) (0, 0, 0.00000000000000000000e+00) (0, 0, 0.00000000000000000000e+00) (7, 3, 5.00000000000000000000e-01) (7, 3, 5.00000000000000000000e-01) (7, 3, 5.00000000000000000000e-01) (7, 3, 5.00000000000000000000e-01) (7, 3, 5.00000000000000000000e-01) (7, 3, 5.00000000000000000000e-01) (7, 3, 5.00000000000000000000e-01) (7, 3, 5.00000000000000000000e-01) (0, 3, 0.00000000000000000000e+00) (9, 0, 5.00000000000000000000e-01) (0, 0, 0.00000000000000000000e+00) 
connections (connected_to_neuron, weight)=(0, -4.48519021272659301758e-01) (1, -4.03416299819946289062e+00) (2, 3.87504887580871582031e+00) (3, -3.50998759269714355469e-01) (4, -4.10895633697509765625e+00) (5, 3.89632821083068847656e+00) (6, -1.42423164844512939453e+00) (0, -1.38919699192047119141e+00) (1, -1.90855350494384765625e+01) (2, 1.01584205627441406250e+01) (3, -6.87156677246093750000e-01) (4, -9.27460193634033203125e+00) (5, 8.95484542846679687500e+00) (6, -1.66472661495208740234e+00) (0, -5.67898690700531005859e-01) (1, 2.50449538230895996094e+00) (2, 1.44458019733428955078e+00) (3, -6.66613221168518066406e-01) (4, 4.94085222482681274414e-01) (5, -3.43835085630416870117e-01) (6, -2.71725845336914062500e+00) (0, -5.46598359942436218262e-02) (1, -1.34410774707794189453e+00) (2, 1.34846174716949462891e+00) (3, -7.73051604628562927246e-02) (4, -1.53565275669097900391e+00) (5, 1.26401424407958984375e+00) (6, -2.85996913909912109375e+00) (0, -1.55402326583862304688e+00) (1, -4.76898223161697387695e-01) (2, 1.09192457199096679688e+01) (3, -2.93918401002883911133e-01) (4, 4.02399808168411254883e-01) (5, -8.78517818450927734375e+00) (6, -5.05565118789672851562e+00) (0, -6.00878834724426269531e-01) (1, -2.42292251586914062500e+01) (2, 1.80461997985839843750e+01) (3, -6.12630605697631835938e-01) (4, -6.95312738418579101562e+00) (5, 6.84441184997558593750e+00) (6, -1.85690510272979736328e+00) (0, -3.96105498075485229492e-01) (1, 7.09713697433471679688e-01) (2, -1.32252836227416992188e+00) (3, -1.57170280814170837402e-01) (4, 1.30794787406921386719e+00) (5, -6.89886361360549926758e-02) (6, 4.80102747678756713867e-02) (0, -1.67241021990776062012e-01) (1, -1.50020277500152587891e+00) (2, 1.13292002677917480469e+00) (3, 4.44656126201152801514e-02) (4, -1.33715713024139404297e+00) (5, 1.28788888454437255859e+00) (6, -2.13915824890136718750e+00) (7, 1.41363179683685302734e+00) (8, 2.07114196777343750000e+02) (9, -4.08867895603179931641e-02) (10, -6.79567933082580566406e-01) (11, -8.65075588226318359375e-02) (12, -3.72021746635437011719e+00) (13, -1.09698444604873657227e-01) (14, -2.30215597152709960938e+00) (15, 1.71309500932693481445e-01) 
