FANN_FLO_2.1
num_layers=3
learning_rate=0.500000
connection_rate=1.000000
network_type=0
learning_momentum=0.000000
training_algorithm=2
train_error_function=1
train_stop_function=0
cascade_output_change_fraction=0.010000
quickprop_decay=-0.000100
quickprop_mu=1.750000
rprop_increase_factor=1.200000
rprop_decrease_factor=0.500000
rprop_delta_min=0.000000
rprop_delta_max=50.000000
rprop_delta_zero=0.100000
cascade_output_stagnation_epochs=12
cascade_candidate_change_fraction=0.010000
cascade_candidate_stagnation_epochs=12
cascade_max_out_epochs=150
cascade_min_out_epochs=50
cascade_max_cand_epochs=150
cascade_min_cand_epochs=50
cascade_num_candidate_groups=2
bit_fail_limit=3.49999994039535522461e-01
cascade_candidate_limit=1.00000000000000000000e+03
cascade_weight_multiplier=4.00000005960464477539e-01
cascade_activation_functions_count=10
cascade_activation_functions=3 5 7 8 10 11 14 15 16 17 
cascade_activation_steepnesses_count=4
cascade_activation_steepnesses=2.50000000000000000000e-01 5.00000000000000000000e-01 7.50000000000000000000e-01 1.00000000000000000000e+00 
layer_sizes=3 9 4 
scale_included=0
neurons (num_inputs, activation_function, activation_steepness)=(0, 0, 0.00000000000000000000e+00) (0, 0, 0.00000000000000000000e+00) (0, 0, 0.00000000000000000000e+00) (3, 3, 5.00000000000000000000e-01) (3, 3, 5.00000000000000000000e-01) (3, 3, 5.00000000000000000000e-01) (3, 3, 5.00000000000000000000e-01) (3, 3, 5.00000000000000000000e-01) (3, 3, 5.00000000000000000000e-01) (3, 3, 5.00000000000000000000e-01) (3, 3, 5.00000000000000000000e-01) (0, 3, 0.00000000000000000000e+00) (9, 0, 5.00000000000000000000e-01) (9, 0, 5.00000000000000000000e-01) (9, 0, 5.00000000000000000000e-01) (0, 0, 0.00000000000000000000e+00) 
connections (connected_to_neuron, weight)=(0, -6.31399393081665039062e+00) (1, 5.69776439666748046875e+00) (2, 5.76450729370117187500e+00) (0, -1.11571562290191650391e+00) (1, -1.99559557437896728516e+00) (2, 4.03188914060592651367e-01) (0, -3.22561931610107421875e+00) (1, 3.22840070724487304688e+00) (2, 6.65806818008422851562e+00) (0, -6.54358100891113281250e+00) (1, 6.10368013381958007812e+00) (2, 6.06132507324218750000e+00) (0, -8.35807037353515625000e+00) (1, 3.09507966041564941406e+00) (2, -1.21381747722625732422e+00) (0, -4.53316068649291992188e+00) (1, 5.37847709655761718750e+00) (2, -2.58597284555435180664e-01) (0, -2.95445823669433593750e+00) (1, -6.51779234409332275391e-01) (2, 1.61282252520322799683e-03) (0, -7.09444427490234375000e+00) (1, 3.60113358497619628906e+00) (2, 2.38611626625061035156e+00) (3, 4.19088035821914672852e-01) (4, 3.19192123413085937500e+00) (5, 3.28451573848724365234e-01) (6, 4.53839033842086791992e-01) (7, 1.79336857795715332031e+00) (8, 2.12743163108825683594e+00) (9, 2.90443181991577148438e+00) (10, -1.92005187273025512695e-01) (11, 3.22143703699111938477e-01) (3, 2.31538414955139160156e+00) (4, 1.02229423522949218750e+01) (5, 1.67866933345794677734e+00) (6, 2.35311198234558105469e+00) (7, 3.56505441665649414062e+00) (8, 3.58776307106018066406e+00) (9, 7.50327873229980468750e+00) (10, 2.49901366233825683594e+00) (11, 1.64504015445709228516e+00) (3, 8.15251922607421875000e+00) (4, 3.36892204284667968750e+01) (5, 8.24673557281494140625e+00) (6, 8.20434379577636718750e+00) (7, 1.06437988281250000000e+01) (8, 8.28500652313232421875e+00) (9, 2.36637573242187500000e+01) (10, 9.62008476257324218750e+00) (11, 8.26670455932617187500e+00) 
