FANN_FLO_2.1
num_layers=4
learning_rate=0.500000
connection_rate=1.000000
network_type=0
learning_momentum=0.000000
training_algorithm=2
train_error_function=1
train_stop_function=0
cascade_output_change_fraction=0.010000
quickprop_decay=-0.000100
quickprop_mu=1.750000
rprop_increase_factor=1.200000
rprop_decrease_factor=0.500000
rprop_delta_min=0.000000
rprop_delta_max=50.000000
rprop_delta_zero=0.100000
cascade_output_stagnation_epochs=12
cascade_candidate_change_fraction=0.010000
cascade_candidate_stagnation_epochs=12
cascade_max_out_epochs=150
cascade_min_out_epochs=50
cascade_max_cand_epochs=150
cascade_min_cand_epochs=50
cascade_num_candidate_groups=2
bit_fail_limit=3.49999994039535522461e-01
cascade_candidate_limit=1.00000000000000000000e+03
cascade_weight_multiplier=4.00000005960464477539e-01
cascade_activation_functions_count=10
cascade_activation_functions=3 5 7 8 10 11 14 15 16 17 
cascade_activation_steepnesses_count=4
cascade_activation_steepnesses=2.50000000000000000000e-01 5.00000000000000000000e-01 7.50000000000000000000e-01 1.00000000000000000000e+00 
layer_sizes=4 5 5 2 
scale_included=0
neurons (num_inputs, activation_function, activation_steepness)=(0, 0, 0.00000000000000000000e+00) (0, 0, 0.00000000000000000000e+00) (0, 0, 0.00000000000000000000e+00) (0, 0, 0.00000000000000000000e+00) (4, 3, 5.00000000000000000000e-01) (4, 3, 5.00000000000000000000e-01) (4, 3, 5.00000000000000000000e-01) (4, 3, 5.00000000000000000000e-01) (0, 3, 0.00000000000000000000e+00) (5, 3, 5.00000000000000000000e-01) (5, 3, 5.00000000000000000000e-01) (5, 3, 5.00000000000000000000e-01) (5, 3, 5.00000000000000000000e-01) (0, 3, 0.00000000000000000000e+00) (5, 3, 5.00000000000000000000e-01) (0, 3, 0.00000000000000000000e+00) 
connections (connected_to_neuron, weight)=(0, -8.77318763732910156250e+00) (1, -1.40238134765625000000e+03) (2, -1.50000000000000000000e+03) (3, 6.71275949478149414062e+00) (0, -4.11081695556640625000e+01) (1, 8.77456893920898437500e+01) (2, -2.65218658447265625000e+01) (3, 1.99107050895690917969e-01) (0, -1.41765832901000976562e+00) (1, -1.50000000000000000000e+03) (2, -1.50000000000000000000e+03) (3, 3.49558144807815551758e-01) (0, -9.19166469573974609375e+00) (1, -7.88598346710205078125e+00) (2, -2.23782134056091308594e+00) (3, 7.80011749267578125000e+00) (4, -1.45290050506591796875e+01) (5, 2.20218181610107421875e+00) (6, 6.48301086425781250000e+01) (7, 2.85741653442382812500e+01) (8, -3.73058962821960449219e+00) (4, -4.90344352722167968750e+01) (5, 7.12061023712158203125e+00) (6, -1.02234113216400146484e+00) (7, 5.50847930908203125000e+01) (8, -8.57495307922363281250e+00) (4, 8.99411315917968750000e+01) (5, 2.43780279159545898438e+00) (6, 2.77586674690246582031e+00) (7, 2.63497371673583984375e+01) (8, -3.78000903129577636719e+00) (4, -3.95856666564941406250e+01) (5, 1.22315444946289062500e+01) (6, 5.07232427597045898438e+00) (7, 9.21394424438476562500e+01) (8, -1.46542959213256835938e+01) (9, -1.79313945770263671875e+00) (10, -2.00390800833702087402e-01) (11, -1.20539641380310058594e+00) (12, -2.03236126899719238281e+00) (13, 2.96517133712768554688e+00) 
