FANN_FLO_2.1
num_layers=3
learning_rate=0.400000
connection_rate=1.000000
network_type=0
learning_momentum=0.000000
training_algorithm=2
train_error_function=1
train_stop_function=0
cascade_output_change_fraction=0.010000
quickprop_decay=-0.000100
quickprop_mu=1.750000
rprop_increase_factor=1.200000
rprop_decrease_factor=0.500000
rprop_delta_min=0.000000
rprop_delta_max=50.000000
rprop_delta_zero=0.100000
cascade_output_stagnation_epochs=12
cascade_candidate_change_fraction=0.010000
cascade_candidate_stagnation_epochs=12
cascade_max_out_epochs=150
cascade_min_out_epochs=50
cascade_max_cand_epochs=150
cascade_min_cand_epochs=50
cascade_num_candidate_groups=2
bit_fail_limit=3.49999994039535522461e-01
cascade_candidate_limit=1.00000000000000000000e+03
cascade_weight_multiplier=4.00000005960464477539e-01
cascade_activation_functions_count=10
cascade_activation_functions=3 5 7 8 10 11 14 15 16 17 
cascade_activation_steepnesses_count=4
cascade_activation_steepnesses=2.50000000000000000000e-01 5.00000000000000000000e-01 7.50000000000000000000e-01 1.00000000000000000000e+00 
layer_sizes=6 5 2 
scale_included=0
neurons (num_inputs, activation_function, activation_steepness)=(0, 0, 0.00000000000000000000e+00) (0, 0, 0.00000000000000000000e+00) (0, 0, 0.00000000000000000000e+00) (0, 0, 0.00000000000000000000e+00) (0, 0, 0.00000000000000000000e+00) (0, 0, 0.00000000000000000000e+00) (6, 3, 5.00000000000000000000e-01) (6, 3, 5.00000000000000000000e-01) (6, 3, 5.00000000000000000000e-01) (6, 3, 5.00000000000000000000e-01) (0, 3, 0.00000000000000000000e+00) (5, 0, 5.00000000000000000000e-01) (0, 0, 0.00000000000000000000e+00) 
connections (connected_to_neuron, weight)=(0, -1.50000000000000000000e+03) (1, -3.98175597190856933594e+00) (2, -8.22540879249572753906e-01) (3, -1.06003570556640625000e+00) (4, 1.38106092810630798340e-01) (5, -3.69999438524246215820e-01) (0, -1.50000000000000000000e+03) (1, -1.50000000000000000000e+03) (2, -6.91087484359741210938e+00) (3, -6.34122848510742187500e-01) (4, 5.60238003730773925781e-01) (5, 2.67486512660980224609e-01) (0, -1.50000000000000000000e+03) (1, -1.50000000000000000000e+03) (2, -1.61550121307373046875e+01) (3, -6.06388330459594726562e-01) (4, 5.50928640365600585938e+00) (5, -1.01969942450523376465e-01) (0, -1.50000000000000000000e+03) (1, -1.50000000000000000000e+03) (2, -6.18369770050048828125e+00) (3, -8.07468473911285400391e-01) (4, 6.52465105056762695312e-01) (5, -1.03353247046470642090e-01) (6, 6.96345853805541992188e+00) (7, 1.86254959106445312500e+02) (8, 8.43443298339843750000e+01) (9, 8.43593902587890625000e+01) (10, 7.61585950851440429688e-01) 
