FANN_FLO_2.1
num_layers=4
learning_rate=0.300000
connection_rate=1.000000
network_type=0
learning_momentum=0.000000
training_algorithm=2
train_error_function=1
train_stop_function=0
cascade_output_change_fraction=0.010000
quickprop_decay=-0.000100
quickprop_mu=1.750000
rprop_increase_factor=1.200000
rprop_decrease_factor=0.500000
rprop_delta_min=0.000000
rprop_delta_max=50.000000
rprop_delta_zero=0.100000
cascade_output_stagnation_epochs=12
cascade_candidate_change_fraction=0.010000
cascade_candidate_stagnation_epochs=12
cascade_max_out_epochs=150
cascade_min_out_epochs=50
cascade_max_cand_epochs=150
cascade_min_cand_epochs=50
cascade_num_candidate_groups=2
bit_fail_limit=3.49999994039535522461e-01
cascade_candidate_limit=1.00000000000000000000e+03
cascade_weight_multiplier=4.00000005960464477539e-01
cascade_activation_functions_count=10
cascade_activation_functions=3 5 7 8 10 11 14 15 16 17 
cascade_activation_steepnesses_count=4
cascade_activation_steepnesses=2.50000000000000000000e-01 5.00000000000000000000e-01 7.50000000000000000000e-01 1.00000000000000000000e+00 
layer_sizes=2 5 3 3 
scale_included=0
neurons (num_inputs, activation_function, activation_steepness)=(0, 0, 0.00000000000000000000e+00) (0, 0, 0.00000000000000000000e+00) (2, 3, 5.00000000000000000000e-01) (2, 3, 5.00000000000000000000e-01) (2, 3, 5.00000000000000000000e-01) (2, 3, 5.00000000000000000000e-01) (0, 3, 0.00000000000000000000e+00) (5, 3, 5.00000000000000000000e-01) (5, 3, 5.00000000000000000000e-01) (0, 3, 0.00000000000000000000e+00) (3, 0, 5.00000000000000000000e-01) (3, 0, 5.00000000000000000000e-01) (0, 0, 0.00000000000000000000e+00) 
connections (connected_to_neuron, weight)=(0, -8.03133468627929687500e+01) (1, -1.31634318828582763672e+00) (0, -2.04494237899780273438e+00) (1, -1.99388587474822998047e+00) (0, -5.05910873413085937500e+00) (1, -1.61132895946502685547e+00) (0, -2.16583587646484375000e+02) (1, -3.36033654212951660156e+00) (2, 2.29748234152793884277e-01) (3, 2.42295050621032714844e+00) (4, 4.54869866371154785156e-01) (5, -3.69516372680664062500e-01) (6, 5.38514614105224609375e-01) (2, 4.23820638656616210938e+00) (3, 1.98255562782287597656e+00) (4, 1.92710205912590026855e-01) (5, 5.19467353820800781250e-01) (6, -2.24280357360839843750e+00) (7, -1.57882180064916610718e-02) (8, 2.46709898114204406738e-01) (9, -2.31817245483398437500e-01) (7, -7.27696955204010009766e-01) (8, -6.23273789882659912109e-01) (9, -5.72867512702941894531e-01) 
