FANN_FLO_2.1
num_layers=3
learning_rate=0.500000
connection_rate=1.000000
network_type=0
learning_momentum=0.000000
training_algorithm=2
train_error_function=1
train_stop_function=0
cascade_output_change_fraction=0.010000
quickprop_decay=-0.000100
quickprop_mu=1.750000
rprop_increase_factor=1.200000
rprop_decrease_factor=0.500000
rprop_delta_min=0.000000
rprop_delta_max=50.000000
rprop_delta_zero=0.100000
cascade_output_stagnation_epochs=12
cascade_candidate_change_fraction=0.010000
cascade_candidate_stagnation_epochs=12
cascade_max_out_epochs=150
cascade_min_out_epochs=50
cascade_max_cand_epochs=150
cascade_min_cand_epochs=50
cascade_num_candidate_groups=2
bit_fail_limit=3.49999994039535522461e-01
cascade_candidate_limit=1.00000000000000000000e+03
cascade_weight_multiplier=4.00000005960464477539e-01
cascade_activation_functions_count=10
cascade_activation_functions=3 5 7 8 10 11 14 15 16 17 
cascade_activation_steepnesses_count=4
cascade_activation_steepnesses=2.50000000000000000000e-01 5.00000000000000000000e-01 7.50000000000000000000e-01 1.00000000000000000000e+00 
layer_sizes=7 9 2 
scale_included=0
neurons (num_inputs, activation_function, activation_steepness)=(0, 0, 0.00000000000000000000e+00) (0, 0, 0.00000000000000000000e+00) (0, 0, 0.00000000000000000000e+00) (0, 0, 0.00000000000000000000e+00) (0, 0, 0.00000000000000000000e+00) (0, 0, 0.00000000000000000000e+00) (0, 0, 0.00000000000000000000e+00) (7, 3, 5.00000000000000000000e-01) (7, 3, 5.00000000000000000000e-01) (7, 3, 5.00000000000000000000e-01) (7, 3, 5.00000000000000000000e-01) (7, 3, 5.00000000000000000000e-01) (7, 3, 5.00000000000000000000e-01) (7, 3, 5.00000000000000000000e-01) (7, 3, 5.00000000000000000000e-01) (0, 3, 0.00000000000000000000e+00) (9, 0, 5.00000000000000000000e-01) (0, 0, 0.00000000000000000000e+00) 
connections (connected_to_neuron, weight)=(0, -7.49630987644195556641e-01) (1, -8.59189510345458984375e-01) (2, -4.83853387832641601562e+00) (3, -9.38301086425781250000e-01) (4, -6.95658862590789794922e-01) (5, 2.07086324691772460938e+00) (6, -8.23204874992370605469e-01) (0, -7.17018127441406250000e-01) (1, -6.82984948158264160156e-01) (2, 1.67632246017456054688e+00) (3, -7.37186551094055175781e-01) (4, -7.72397339344024658203e-01) (5, -5.72471857070922851562e-01) (6, -8.43318641185760498047e-01) (0, -7.96237707138061523438e-01) (1, -7.73935556411743164062e-01) (2, -6.34634971618652343750e-01) (3, -8.52203905582427978516e-01) (4, -7.74640381336212158203e-01) (5, -1.11438488960266113281e+00) (6, -6.67867898941040039062e-01) (0, -9.40691903233528137207e-02) (1, -5.07761351764202117920e-02) (2, -4.41348254680633544922e-02) (3, 9.85194891691207885742e-02) (4, -1.81222762912511825562e-02) (5, 9.17844474315643310547e-02) (6, 1.19636662304401397705e-01) (0, -7.95795619487762451172e-01) (1, -7.65737533569335937500e-01) (2, 2.26581549644470214844e+00) (3, -9.13654506206512451172e-01) (4, -5.57090401649475097656e-01) (5, -5.62796926498413085938e+00) (6, -3.31027656793594360352e-01) (0, 1.44207984209060668945e-01) (1, 1.18447534739971160889e-01) (2, 9.42282080650329589844e-02) (3, -7.81589820981025695801e-02) (4, -9.62123945355415344238e-02) (5, -1.07306763529777526855e-01) (6, 3.62794816493988037109e-01) (0, -1.32886314392089843750e+00) (1, -1.27554643154144287109e+00) (2, -4.36308526992797851562e+00) (3, -9.29253578186035156250e-01) (4, -7.64657258987426757812e-01) (5, 2.18060755729675292969e+00) (6, -7.56784617900848388672e-01) (0, -6.88625037670135498047e-01) (1, -7.48952925205230712891e-01) (2, -9.82767820358276367188e-01) (3, -8.69154214859008789062e-01) (4, -6.59257352352142333984e-01) (5, -1.57439899444580078125e+00) (6, -6.41038656234741210938e-01) (7, 2.40122192382812500000e+02) (8, 5.41616007685661315918e-02) (9, 9.81522521972656250000e+01) (10, 7.47170448303222656250e-02) (11, -5.11223217472434043884e-03) (12, 6.81254714727401733398e-02) (13, -2.66405029296875000000e+02) (14, -1.73910430908203125000e+02) (15, -7.00812488794326782227e-02) 
