FANN_FLO_2.1
num_layers=4
learning_rate=0.500000
connection_rate=1.000000
network_type=0
learning_momentum=0.000000
training_algorithm=2
train_error_function=1
train_stop_function=0
cascade_output_change_fraction=0.010000
quickprop_decay=-0.000100
quickprop_mu=1.750000
rprop_increase_factor=1.200000
rprop_decrease_factor=0.500000
rprop_delta_min=0.000000
rprop_delta_max=50.000000
rprop_delta_zero=0.100000
cascade_output_stagnation_epochs=12
cascade_candidate_change_fraction=0.010000
cascade_candidate_stagnation_epochs=12
cascade_max_out_epochs=150
cascade_min_out_epochs=50
cascade_max_cand_epochs=150
cascade_min_cand_epochs=50
cascade_num_candidate_groups=2
bit_fail_limit=3.49999994039535522461e-01
cascade_candidate_limit=1.00000000000000000000e+03
cascade_weight_multiplier=4.00000005960464477539e-01
cascade_activation_functions_count=10
cascade_activation_functions=3 5 7 8 10 11 14 15 16 17 
cascade_activation_steepnesses_count=4
cascade_activation_steepnesses=2.50000000000000000000e-01 5.00000000000000000000e-01 7.50000000000000000000e-01 1.00000000000000000000e+00 
layer_sizes=4 5 5 2 
scale_included=0
neurons (num_inputs, activation_function, activation_steepness)=(0, 0, 0.00000000000000000000e+00) (0, 0, 0.00000000000000000000e+00) (0, 0, 0.00000000000000000000e+00) (0, 0, 0.00000000000000000000e+00) (4, 3, 5.00000000000000000000e-01) (4, 3, 5.00000000000000000000e-01) (4, 3, 5.00000000000000000000e-01) (4, 3, 5.00000000000000000000e-01) (0, 3, 0.00000000000000000000e+00) (5, 3, 5.00000000000000000000e-01) (5, 3, 5.00000000000000000000e-01) (5, 3, 5.00000000000000000000e-01) (5, 3, 5.00000000000000000000e-01) (0, 3, 0.00000000000000000000e+00) (5, 3, 5.00000000000000000000e-01) (0, 3, 0.00000000000000000000e+00) 
connections (connected_to_neuron, weight)=(0, -1.95526862144470214844e+00) (1, -8.13496494293212890625e+00) (2, 6.23870909214019775391e-01) (3, 1.75059938430786132812e+00) (0, -2.63868999481201171875e+00) (1, -2.11914539337158203125e+00) (2, 9.07552778720855712891e-01) (3, 6.40210211277008056641e-01) (0, -2.18648719787597656250e+00) (1, -7.51479911804199218750e+00) (2, 6.07844233512878417969e-01) (3, 2.00816345214843750000e+00) (0, -2.67270612716674804688e+00) (1, -2.02658605575561523438e+00) (2, 9.57047700881958007812e-01) (3, 7.05479621887207031250e-01) (4, 3.10254821777343750000e+01) (5, 5.13248872756958007812e+00) (6, 7.87711477279663085938e+00) (7, 5.19702482223510742188e+00) (8, -6.76916790008544921875e+00) (4, 2.54505038261413574219e+00) (5, 3.81971621513366699219e+00) (6, 2.15588474273681640625e+00) (7, 4.93608713150024414062e+00) (8, -1.49991703033447265625e+00) (4, -2.92885214090347290039e-01) (5, -3.83264231681823730469e+00) (6, 2.56844854354858398438e+00) (7, -3.71479892730712890625e+00) (8, 1.89934805035591125488e-01) (4, 9.67524528503417968750e+00) (5, 9.90509605407714843750e+00) (6, 1.90823688507080078125e+01) (7, 9.91081047058105468750e+00) (8, -7.80742311477661132812e+00) (9, -1.05138230323791503906e+00) (10, 3.38410162925720214844e+00) (11, 5.04767060279846191406e-01) (12, -5.08472681045532226562e+00) (13, 5.44833898544311523438e-01) 
