FANN_FLO_2.1
num_layers=3
learning_rate=0.500000
connection_rate=1.000000
network_type=0
learning_momentum=0.000000
training_algorithm=2
train_error_function=1
train_stop_function=0
cascade_output_change_fraction=0.010000
quickprop_decay=-0.000100
quickprop_mu=1.750000
rprop_increase_factor=1.200000
rprop_decrease_factor=0.500000
rprop_delta_min=0.000000
rprop_delta_max=50.000000
rprop_delta_zero=0.100000
cascade_output_stagnation_epochs=12
cascade_candidate_change_fraction=0.010000
cascade_candidate_stagnation_epochs=12
cascade_max_out_epochs=150
cascade_min_out_epochs=50
cascade_max_cand_epochs=150
cascade_min_cand_epochs=50
cascade_num_candidate_groups=2
bit_fail_limit=3.49999994039535522461e-01
cascade_candidate_limit=1.00000000000000000000e+03
cascade_weight_multiplier=4.00000005960464477539e-01
cascade_activation_functions_count=10
cascade_activation_functions=3 5 7 8 10 11 14 15 16 17 
cascade_activation_steepnesses_count=4
cascade_activation_steepnesses=2.50000000000000000000e-01 5.00000000000000000000e-01 7.50000000000000000000e-01 1.00000000000000000000e+00 
layer_sizes=10 5 2 
scale_included=0
neurons (num_inputs, activation_function, activation_steepness)=(0, 0, 0.00000000000000000000e+00) (0, 0, 0.00000000000000000000e+00) (0, 0, 0.00000000000000000000e+00) (0, 0, 0.00000000000000000000e+00) (0, 0, 0.00000000000000000000e+00) (0, 0, 0.00000000000000000000e+00) (0, 0, 0.00000000000000000000e+00) (0, 0, 0.00000000000000000000e+00) (0, 0, 0.00000000000000000000e+00) (0, 0, 0.00000000000000000000e+00) (10, 3, 5.00000000000000000000e-01) (10, 3, 5.00000000000000000000e-01) (10, 3, 5.00000000000000000000e-01) (10, 3, 5.00000000000000000000e-01) (0, 3, 0.00000000000000000000e+00) (5, 3, 5.00000000000000000000e-01) (0, 3, 0.00000000000000000000e+00) 
connections (connected_to_neuron, weight)=(0, -8.10086548328399658203e-01) (1, -6.40112996101379394531e-01) (2, -7.84545540809631347656e-01) (3, 4.26917701959609985352e-01) (4, 1.05147743225097656250e+00) (5, -6.56024456024169921875e-01) (6, -6.24786794185638427734e-01) (7, -5.43915688991546630859e-01) (8, -5.97510576248168945312e-01) (9, 8.94324034452438354492e-02) (0, -1.22682228684425354004e-01) (1, -2.69852846860885620117e-01) (2, -2.13757269084453582764e-02) (3, -1.02473187446594238281e+00) (4, -1.25293922424316406250e+00) (5, -2.76856005191802978516e-01) (6, -1.93651899695396423340e-01) (7, -3.66808444261550903320e-01) (8, -8.86390358209609985352e-03) (9, 1.31357324123382568359e+00) (0, 6.55846834182739257812e-01) (1, 3.93196046352386474609e-01) (2, 6.64026618003845214844e-01) (3, -6.06642067432403564453e-01) (4, -4.53410506248474121094e-01) (5, 6.08099997043609619141e-01) (6, 6.38646364212036132812e-01) (7, 4.56958740949630737305e-01) (8, 6.79899215698242187500e-01) (9, 1.09771442413330078125e+00) (0, -8.25039148330688476562e-01) (1, 4.97626245021820068359e-01) (2, 5.25507688522338867188e+00) (3, -3.21587061882019042969e+00) (4, -4.65447664260864257812e+00) (5, -1.75234687328338623047e+00) (6, 9.91450250148773193359e-01) (7, -1.98514795303344726562e+00) (8, 1.12093181610107421875e+01) (9, -2.12743473052978515625e+00) (10, -2.50113344192504882812e+00) (11, -3.13327074050903320312e+00) (12, 9.89233493804931640625e-01) (13, 8.79939943552017211914e-02) (14, 7.18230962753295898438e-01) 
