FANN_FLO_2.1
num_layers=3
learning_rate=0.450000
connection_rate=1.000000
network_type=0
learning_momentum=0.000000
training_algorithm=2
train_error_function=1
train_stop_function=0
cascade_output_change_fraction=0.010000
quickprop_decay=-0.000100
quickprop_mu=1.750000
rprop_increase_factor=1.200000
rprop_decrease_factor=0.500000
rprop_delta_min=0.000000
rprop_delta_max=50.000000
rprop_delta_zero=0.100000
cascade_output_stagnation_epochs=12
cascade_candidate_change_fraction=0.010000
cascade_candidate_stagnation_epochs=12
cascade_max_out_epochs=150
cascade_min_out_epochs=50
cascade_max_cand_epochs=150
cascade_min_cand_epochs=50
cascade_num_candidate_groups=2
bit_fail_limit=3.49999994039535522461e-01
cascade_candidate_limit=1.00000000000000000000e+03
cascade_weight_multiplier=4.00000005960464477539e-01
cascade_activation_functions_count=10
cascade_activation_functions=3 5 7 8 10 11 14 15 16 17 
cascade_activation_steepnesses_count=4
cascade_activation_steepnesses=2.50000000000000000000e-01 5.00000000000000000000e-01 7.50000000000000000000e-01 1.00000000000000000000e+00 
layer_sizes=7 5 2 
scale_included=0
neurons (num_inputs, activation_function, activation_steepness)=(0, 0, 0.00000000000000000000e+00) (0, 0, 0.00000000000000000000e+00) (0, 0, 0.00000000000000000000e+00) (0, 0, 0.00000000000000000000e+00) (0, 0, 0.00000000000000000000e+00) (0, 0, 0.00000000000000000000e+00) (0, 0, 0.00000000000000000000e+00) (7, 3, 5.00000000000000000000e-01) (7, 3, 5.00000000000000000000e-01) (7, 3, 5.00000000000000000000e-01) (7, 3, 5.00000000000000000000e-01) (0, 3, 0.00000000000000000000e+00) (5, 0, 5.00000000000000000000e-01) (0, 0, 0.00000000000000000000e+00) 
connections (connected_to_neuron, weight)=(0, 7.99863576889038085938e-01) (1, -4.33757972717285156250e+00) (2, -1.07458105468750000000e+03) (3, 3.66261100769042968750e+00) (4, -5.02077388763427734375e+00) (5, -1.59785385131835937500e+01) (6, -1.13311804831027984619e-01) (0, -1.75077557563781738281e+00) (1, -2.08020965576171875000e+02) (2, -1.23497266769409179688e+01) (3, 4.73113250732421875000e+00) (4, -2.05100265502929687500e+02) (5, 2.14737854003906250000e+02) (6, -3.28069031238555908203e-01) (0, 7.11991786956787109375e+00) (1, -8.03439559936523437500e+01) (2, 1.12571191406250000000e+03) (3, 2.35205326080322265625e+01) (4, -8.09573287963867187500e+01) (5, 1.43997912597656250000e+03) (6, -2.71635389328002929688e+00) (0, 1.52152252197265625000e+01) (1, -5.11481353759765625000e+02) (2, 3.81314086914062500000e+02) (3, 1.56369409561157226562e+01) (4, -4.98374114990234375000e+02) (5, 4.45247863769531250000e+02) (6, -3.01939916610717773438e+00) (7, 2.39794708251953125000e+02) (8, -8.35612714290618896484e-01) (9, -9.80060361325740814209e-03) (10, 1.14303968846797943115e-01) (11, 1.87270138412714004517e-02) 
