FANN_FLO_2.1
num_layers=4
learning_rate=0.300000
connection_rate=1.000000
network_type=0
learning_momentum=0.000000
training_algorithm=2
train_error_function=1
train_stop_function=0
cascade_output_change_fraction=0.010000
quickprop_decay=-0.000100
quickprop_mu=1.750000
rprop_increase_factor=1.200000
rprop_decrease_factor=0.500000
rprop_delta_min=0.000000
rprop_delta_max=50.000000
rprop_delta_zero=0.100000
cascade_output_stagnation_epochs=12
cascade_candidate_change_fraction=0.010000
cascade_candidate_stagnation_epochs=12
cascade_max_out_epochs=150
cascade_min_out_epochs=50
cascade_max_cand_epochs=150
cascade_min_cand_epochs=50
cascade_num_candidate_groups=2
bit_fail_limit=3.49999994039535522461e-01
cascade_candidate_limit=1.00000000000000000000e+03
cascade_weight_multiplier=4.00000005960464477539e-01
cascade_activation_functions_count=10
cascade_activation_functions=3 5 7 8 10 11 14 15 16 17 
cascade_activation_steepnesses_count=4
cascade_activation_steepnesses=2.50000000000000000000e-01 5.00000000000000000000e-01 7.50000000000000000000e-01 1.00000000000000000000e+00 
layer_sizes=2 5 3 3 
scale_included=0
neurons (num_inputs, activation_function, activation_steepness)=(0, 0, 0.00000000000000000000e+00) (0, 0, 0.00000000000000000000e+00) (2, 3, 5.00000000000000000000e-01) (2, 3, 5.00000000000000000000e-01) (2, 3, 5.00000000000000000000e-01) (2, 3, 5.00000000000000000000e-01) (0, 3, 0.00000000000000000000e+00) (5, 3, 5.00000000000000000000e-01) (5, 3, 5.00000000000000000000e-01) (0, 3, 0.00000000000000000000e+00) (3, 0, 5.00000000000000000000e-01) (3, 0, 5.00000000000000000000e-01) (0, 0, 0.00000000000000000000e+00) 
connections (connected_to_neuron, weight)=(0, -1.21781978607177734375e+01) (1, -5.77326726913452148438e+00) (0, -6.47700929641723632812e+00) (1, -1.17414748668670654297e+00) (0, -4.21919107437133789062e+00) (1, 8.47691297531127929688e-01) (0, -6.56876659393310546875e+00) (1, -1.02874910831451416016e+00) (2, 7.89310455322265625000e+00) (3, -9.94813144207000732422e-01) (4, -2.92463541030883789062e-01) (5, -1.59538984298706054688e+00) (6, 5.30790500342845916748e-02) (2, -1.07400670647621154785e-01) (3, 8.70892822742462158203e-01) (4, 8.69518220424652099609e-01) (5, 9.78349268436431884766e-01) (6, -1.23853003978729248047e+00) (7, 7.00094848871231079102e-02) (8, 4.33323197066783905029e-02) (9, -9.21489074826240539551e-02) (7, -7.72049963474273681641e-01) (8, -9.69984710216522216797e-01) (9, -5.67252993583679199219e-01) 
