FANN_FLO_2.1
num_layers=3
learning_rate=0.500000
connection_rate=1.000000
network_type=0
learning_momentum=0.000000
training_algorithm=2
train_error_function=1
train_stop_function=0
cascade_output_change_fraction=0.010000
quickprop_decay=-0.000100
quickprop_mu=1.750000
rprop_increase_factor=1.200000
rprop_decrease_factor=0.500000
rprop_delta_min=0.000000
rprop_delta_max=50.000000
rprop_delta_zero=0.100000
cascade_output_stagnation_epochs=12
cascade_candidate_change_fraction=0.010000
cascade_candidate_stagnation_epochs=12
cascade_max_out_epochs=150
cascade_min_out_epochs=50
cascade_max_cand_epochs=150
cascade_min_cand_epochs=50
cascade_num_candidate_groups=2
bit_fail_limit=3.49999994039535522461e-01
cascade_candidate_limit=1.00000000000000000000e+03
cascade_weight_multiplier=4.00000005960464477539e-01
cascade_activation_functions_count=10
cascade_activation_functions=3 5 7 8 10 11 14 15 16 17 
cascade_activation_steepnesses_count=4
cascade_activation_steepnesses=2.50000000000000000000e-01 5.00000000000000000000e-01 7.50000000000000000000e-01 1.00000000000000000000e+00 
layer_sizes=10 5 2 
scale_included=0
neurons (num_inputs, activation_function, activation_steepness)=(0, 0, 0.00000000000000000000e+00) (0, 0, 0.00000000000000000000e+00) (0, 0, 0.00000000000000000000e+00) (0, 0, 0.00000000000000000000e+00) (0, 0, 0.00000000000000000000e+00) (0, 0, 0.00000000000000000000e+00) (0, 0, 0.00000000000000000000e+00) (0, 0, 0.00000000000000000000e+00) (0, 0, 0.00000000000000000000e+00) (0, 0, 0.00000000000000000000e+00) (10, 3, 5.00000000000000000000e-01) (10, 3, 5.00000000000000000000e-01) (10, 3, 5.00000000000000000000e-01) (10, 3, 5.00000000000000000000e-01) (0, 3, 0.00000000000000000000e+00) (5, 3, 5.00000000000000000000e-01) (0, 3, 0.00000000000000000000e+00) 
connections (connected_to_neuron, weight)=(0, -5.24567365646362304688e-01) (1, -2.75333195924758911133e-01) (2, -5.19274473190307617188e-01) (3, -4.33472424745559692383e-01) (4, -7.90681362152099609375e-01) (5, -4.27136451005935668945e-01) (6, -7.49375879764556884766e-01) (7, -4.64892119169235229492e-01) (8, -4.23676133155822753906e-01) (9, 1.13594162464141845703e+00) (0, 1.50000000000000000000e+03) (1, 1.03162670898437500000e+03) (2, 1.50000000000000000000e+03) (3, 1.50000000000000000000e+03) (4, 1.50000000000000000000e+03) (5, 1.50000000000000000000e+03) (6, 1.50000000000000000000e+03) (7, 1.50000000000000000000e+03) (8, 1.50000000000000000000e+03) (9, 5.25516152381896972656e-01) (0, -1.00022184848785400391e+00) (1, -8.92237484455108642578e-01) (2, -7.12817549705505371094e-01) (3, -7.96793878078460693359e-01) (4, -2.84767687320709228516e-01) (5, -7.70010292530059814453e-01) (6, -9.29941952228546142578e-01) (7, -8.27276408672332763672e-01) (8, -7.29592859745025634766e-01) (9, 4.11240720748901367188e+00) (0, -4.10834103822708129883e-01) (1, -6.09281957149505615234e-01) (2, -5.97263872623443603516e-01) (3, -5.67930817604064941406e-01) (4, -6.99730277061462402344e-01) (5, -5.71401953697204589844e-01) (6, -3.31316679716110229492e-01) (7, -5.55051088333129882812e-01) (8, -5.98188221454620361328e-01) (9, 9.42442893981933593750e-01) (10, -9.16335642337799072266e-01) (11, 8.71208667755126953125e-01) (12, -1.19347858428955078125e+00) (13, -2.15303206443786621094e+00) (14, 5.18454134464263916016e-01) 
