FANN_FLO_2.1
num_layers=4
learning_rate=0.300000
connection_rate=1.000000
network_type=0
learning_momentum=0.000000
training_algorithm=2
train_error_function=1
train_stop_function=0
cascade_output_change_fraction=0.010000
quickprop_decay=-0.000100
quickprop_mu=1.750000
rprop_increase_factor=1.200000
rprop_decrease_factor=0.500000
rprop_delta_min=0.000000
rprop_delta_max=50.000000
rprop_delta_zero=0.100000
cascade_output_stagnation_epochs=12
cascade_candidate_change_fraction=0.010000
cascade_candidate_stagnation_epochs=12
cascade_max_out_epochs=150
cascade_min_out_epochs=50
cascade_max_cand_epochs=150
cascade_min_cand_epochs=50
cascade_num_candidate_groups=2
bit_fail_limit=3.49999994039535522461e-01
cascade_candidate_limit=1.00000000000000000000e+03
cascade_weight_multiplier=4.00000005960464477539e-01
cascade_activation_functions_count=10
cascade_activation_functions=3 5 7 8 10 11 14 15 16 17 
cascade_activation_steepnesses_count=4
cascade_activation_steepnesses=2.50000000000000000000e-01 5.00000000000000000000e-01 7.50000000000000000000e-01 1.00000000000000000000e+00 
layer_sizes=2 5 3 3 
scale_included=0
neurons (num_inputs, activation_function, activation_steepness)=(0, 0, 0.00000000000000000000e+00) (0, 0, 0.00000000000000000000e+00) (2, 3, 5.00000000000000000000e-01) (2, 3, 5.00000000000000000000e-01) (2, 3, 5.00000000000000000000e-01) (2, 3, 5.00000000000000000000e-01) (0, 3, 0.00000000000000000000e+00) (5, 3, 5.00000000000000000000e-01) (5, 3, 5.00000000000000000000e-01) (0, 3, 0.00000000000000000000e+00) (3, 0, 5.00000000000000000000e-01) (3, 0, 5.00000000000000000000e-01) (0, 0, 0.00000000000000000000e+00) 
connections (connected_to_neuron, weight)=(0, -1.24792041778564453125e+01) (1, -8.93910586833953857422e-01) (0, -1.21508445739746093750e+01) (1, -8.21976661682128906250e-01) (0, -1.24310131072998046875e+01) (1, -8.28509390354156494141e-01) (0, -1.21849889755249023438e+01) (1, -7.49180793762207031250e-01) (2, 9.95052516460418701172e-01) (3, 7.95758843421936035156e-01) (4, 1.02098369598388671875e+00) (5, 7.57580935955047607422e-01) (6, -1.95309185981750488281e+00) (2, 8.94991588592529296875e+00) (3, 4.07773399353027343750e+00) (4, 9.04563808441162109375e+00) (5, 9.06119441986083984375e+00) (6, 9.25406277179718017578e-01) (7, 2.34642818570137023926e-01) (8, -1.25360593199729919434e-01) (9, -7.09473043680191040039e-02) (7, -1.53684973716735839844e+00) (8, -5.42950630187988281250e-01) (9, -2.72772461175918579102e-01) 
