FANN_FLO_2.1
num_layers=3
learning_rate=0.300000
connection_rate=1.000000
network_type=0
learning_momentum=0.000000
training_algorithm=2
train_error_function=1
train_stop_function=0
cascade_output_change_fraction=0.010000
quickprop_decay=-0.000100
quickprop_mu=1.750000
rprop_increase_factor=1.200000
rprop_decrease_factor=0.500000
rprop_delta_min=0.000000
rprop_delta_max=50.000000
rprop_delta_zero=0.100000
cascade_output_stagnation_epochs=12
cascade_candidate_change_fraction=0.010000
cascade_candidate_stagnation_epochs=12
cascade_max_out_epochs=150
cascade_min_out_epochs=50
cascade_max_cand_epochs=150
cascade_min_cand_epochs=50
cascade_num_candidate_groups=2
bit_fail_limit=3.49999994039535522461e-01
cascade_candidate_limit=1.00000000000000000000e+03
cascade_weight_multiplier=4.00000005960464477539e-01
cascade_activation_functions_count=10
cascade_activation_functions=3 5 7 8 10 11 14 15 16 17 
cascade_activation_steepnesses_count=4
cascade_activation_steepnesses=2.50000000000000000000e-01 5.00000000000000000000e-01 7.50000000000000000000e-01 1.00000000000000000000e+00 
layer_sizes=4 9 2 
scale_included=0
neurons (num_inputs, activation_function, activation_steepness)=(0, 0, 0.00000000000000000000e+00) (0, 0, 0.00000000000000000000e+00) (0, 0, 0.00000000000000000000e+00) (0, 0, 0.00000000000000000000e+00) (4, 3, 5.00000000000000000000e-01) (4, 3, 5.00000000000000000000e-01) (4, 3, 5.00000000000000000000e-01) (4, 3, 5.00000000000000000000e-01) (4, 3, 5.00000000000000000000e-01) (4, 3, 5.00000000000000000000e-01) (4, 3, 5.00000000000000000000e-01) (4, 3, 5.00000000000000000000e-01) (0, 3, 0.00000000000000000000e+00) (9, 3, 5.00000000000000000000e-01) (0, 3, 0.00000000000000000000e+00) 
connections (connected_to_neuron, weight)=(0, -2.91008605957031250000e+01) (1, -2.23455753326416015625e+01) (2, -4.31866607666015625000e+01) (3, -2.49309635162353515625e+01) (0, -1.77742278575897216797e+00) (1, 2.15122431516647338867e-01) (2, -1.04512472152709960938e+01) (3, 3.32527309656143188477e-01) (0, -6.45947409793734550476e-03) (1, 2.95911908149719238281e-01) (2, 3.50129187107086181641e-01) (3, 5.74354350566864013672e-01) (0, -7.98819839954376220703e-01) (1, 4.62798416614532470703e-01) (2, -1.80955314636230468750e+00) (3, 3.24028325080871582031e+00) (0, -5.10692119598388671875e-01) (1, 3.93707722425460815430e-01) (2, -3.65152359008789062500e+00) (3, 4.43179798126220703125e+00) (0, -1.55012483596801757812e+01) (1, -2.84146368503570556641e-01) (2, -5.35626411437988281250e+01) (3, -2.89164692163467407227e-01) (0, -6.29664540290832519531e-01) (1, 8.21383714675903320312e-01) (2, -4.50879335403442382812e+00) (3, 2.51489067077636718750e+00) (0, -8.56874417513608932495e-03) (1, 3.50791126489639282227e-01) (2, -2.29164123535156250000e-01) (3, 4.71974194049835205078e-01) (4, 0.00000000000000000000e+00) (5, -1.50000000000000000000e+03) (6, -3.88923072814941406250e+00) (7, -8.51088404655456542969e-01) (8, -8.57831954956054687500e-01) (9, 1.50000000000000000000e+03) (10, -1.02767825126647949219e+00) (11, -1.38975667953491210938e+00) (12, 5.67161813378334045410e-02) 
