FANN_FLO_2.1
num_layers=4
learning_rate=0.450000
connection_rate=1.000000
network_type=0
learning_momentum=0.000000
training_algorithm=2
train_error_function=1
train_stop_function=0
cascade_output_change_fraction=0.010000
quickprop_decay=-0.000100
quickprop_mu=1.750000
rprop_increase_factor=1.200000
rprop_decrease_factor=0.500000
rprop_delta_min=0.000000
rprop_delta_max=50.000000
rprop_delta_zero=0.100000
cascade_output_stagnation_epochs=12
cascade_candidate_change_fraction=0.010000
cascade_candidate_stagnation_epochs=12
cascade_max_out_epochs=150
cascade_min_out_epochs=50
cascade_max_cand_epochs=150
cascade_min_cand_epochs=50
cascade_num_candidate_groups=2
bit_fail_limit=3.49999994039535522461e-01
cascade_candidate_limit=1.00000000000000000000e+03
cascade_weight_multiplier=4.00000005960464477539e-01
cascade_activation_functions_count=10
cascade_activation_functions=3 5 7 8 10 11 14 15 16 17 
cascade_activation_steepnesses_count=4
cascade_activation_steepnesses=2.50000000000000000000e-01 5.00000000000000000000e-01 7.50000000000000000000e-01 1.00000000000000000000e+00 
layer_sizes=7 3 3 2 
scale_included=0
neurons (num_inputs, activation_function, activation_steepness)=(0, 0, 0.00000000000000000000e+00) (0, 0, 0.00000000000000000000e+00) (0, 0, 0.00000000000000000000e+00) (0, 0, 0.00000000000000000000e+00) (0, 0, 0.00000000000000000000e+00) (0, 0, 0.00000000000000000000e+00) (0, 0, 0.00000000000000000000e+00) (7, 3, 5.00000000000000000000e-01) (7, 3, 5.00000000000000000000e-01) (0, 3, 0.00000000000000000000e+00) (3, 3, 5.00000000000000000000e-01) (3, 3, 5.00000000000000000000e-01) (0, 3, 0.00000000000000000000e+00) (3, 0, 5.00000000000000000000e-01) (0, 0, 0.00000000000000000000e+00) 
connections (connected_to_neuron, weight)=(0, -1.73195060342550277710e-02) (1, 1.04439532756805419922e+00) (2, -9.48863923549652099609e-01) (3, 3.10728043317794799805e-01) (4, 7.21207141876220703125e-01) (5, -9.36581611633300781250e-01) (6, 3.81624490022659301758e-01) (0, 2.98765569925308227539e-01) (1, 1.54072884470224380493e-02) (2, -1.00008702278137207031e+00) (3, 6.46717369556427001953e-01) (4, 5.32850861549377441406e-01) (5, -1.59122776985168457031e+00) (6, 1.40889263153076171875e+01) (7, -2.92558574676513671875e+00) (8, 6.51152221679687500000e+02) (9, -1.59163856506347656250e+00) (7, -6.69326686859130859375e+00) (8, -4.44769382476806640625e+00) (9, 2.07750344276428222656e+00) (10, 1.32948920130729675293e-01) (11, 6.43812417984008789062e+00) (12, -1.27346515655517578125e-01) 
