FANN_FLO_2.1
num_layers=3
learning_rate=0.500000
connection_rate=1.000000
network_type=0
learning_momentum=0.000000
training_algorithm=2
train_error_function=1
train_stop_function=0
cascade_output_change_fraction=0.010000
quickprop_decay=-0.000100
quickprop_mu=1.750000
rprop_increase_factor=1.200000
rprop_decrease_factor=0.500000
rprop_delta_min=0.000000
rprop_delta_max=50.000000
rprop_delta_zero=0.100000
cascade_output_stagnation_epochs=12
cascade_candidate_change_fraction=0.010000
cascade_candidate_stagnation_epochs=12
cascade_max_out_epochs=150
cascade_min_out_epochs=50
cascade_max_cand_epochs=150
cascade_min_cand_epochs=50
cascade_num_candidate_groups=2
bit_fail_limit=3.49999994039535522461e-01
cascade_candidate_limit=1.00000000000000000000e+03
cascade_weight_multiplier=4.00000005960464477539e-01
cascade_activation_functions_count=10
cascade_activation_functions=3 5 7 8 10 11 14 15 16 17 
cascade_activation_steepnesses_count=4
cascade_activation_steepnesses=2.50000000000000000000e-01 5.00000000000000000000e-01 7.50000000000000000000e-01 1.00000000000000000000e+00 
layer_sizes=10 3 2 
scale_included=0
neurons (num_inputs, activation_function, activation_steepness)=(0, 0, 0.00000000000000000000e+00) (0, 0, 0.00000000000000000000e+00) (0, 0, 0.00000000000000000000e+00) (0, 0, 0.00000000000000000000e+00) (0, 0, 0.00000000000000000000e+00) (0, 0, 0.00000000000000000000e+00) (0, 0, 0.00000000000000000000e+00) (0, 0, 0.00000000000000000000e+00) (0, 0, 0.00000000000000000000e+00) (0, 0, 0.00000000000000000000e+00) (10, 3, 5.00000000000000000000e-01) (10, 3, 5.00000000000000000000e-01) (0, 3, 0.00000000000000000000e+00) (3, 3, 5.00000000000000000000e-01) (0, 3, 0.00000000000000000000e+00) 
connections (connected_to_neuron, weight)=(0, -5.29602885246276855469e-01) (1, -4.60572540760040283203e-01) (2, -5.80364704132080078125e-01) (3, -4.55915480852127075195e-01) (4, -4.25205588340759277344e-01) (5, -5.57355225086212158203e-01) (6, -5.78190147876739501953e-01) (7, -5.96768915653228759766e-01) (8, -5.85933208465576171875e-01) (9, 2.11640119552612304688e+00) (0, -3.40729504823684692383e-01) (1, -1.04562318325042724609e+00) (2, -1.87528386712074279785e-01) (3, -1.06755363941192626953e+00) (4, -1.06608712673187255859e+00) (5, -3.53704124689102172852e-01) (6, -1.09583325684070587158e-01) (7, -1.42333120107650756836e-01) (8, -2.04535245895385742188e-01) (9, 1.59412771463394165039e-01) (10, -3.16878390312194824219e+00) (11, -1.10973370075225830078e+00) (12, 1.50324702262878417969e+00) 
