FANN_FLO_2.1
num_layers=3
learning_rate=0.450000
connection_rate=1.000000
network_type=0
learning_momentum=0.000000
training_algorithm=2
train_error_function=1
train_stop_function=0
cascade_output_change_fraction=0.010000
quickprop_decay=-0.000100
quickprop_mu=1.750000
rprop_increase_factor=1.200000
rprop_decrease_factor=0.500000
rprop_delta_min=0.000000
rprop_delta_max=50.000000
rprop_delta_zero=0.100000
cascade_output_stagnation_epochs=12
cascade_candidate_change_fraction=0.010000
cascade_candidate_stagnation_epochs=12
cascade_max_out_epochs=150
cascade_min_out_epochs=50
cascade_max_cand_epochs=150
cascade_min_cand_epochs=50
cascade_num_candidate_groups=2
bit_fail_limit=3.49999994039535522461e-01
cascade_candidate_limit=1.00000000000000000000e+03
cascade_weight_multiplier=4.00000005960464477539e-01
cascade_activation_functions_count=10
cascade_activation_functions=3 5 7 8 10 11 14 15 16 17 
cascade_activation_steepnesses_count=4
cascade_activation_steepnesses=2.50000000000000000000e-01 5.00000000000000000000e-01 7.50000000000000000000e-01 1.00000000000000000000e+00 
layer_sizes=7 5 2 
scale_included=0
neurons (num_inputs, activation_function, activation_steepness)=(0, 0, 0.00000000000000000000e+00) (0, 0, 0.00000000000000000000e+00) (0, 0, 0.00000000000000000000e+00) (0, 0, 0.00000000000000000000e+00) (0, 0, 0.00000000000000000000e+00) (0, 0, 0.00000000000000000000e+00) (0, 0, 0.00000000000000000000e+00) (7, 3, 5.00000000000000000000e-01) (7, 3, 5.00000000000000000000e-01) (7, 3, 5.00000000000000000000e-01) (7, 3, 5.00000000000000000000e-01) (0, 3, 0.00000000000000000000e+00) (5, 0, 5.00000000000000000000e-01) (0, 0, 0.00000000000000000000e+00) 
connections (connected_to_neuron, weight)=(0, 3.32085601985454559326e-02) (1, -3.04664194583892822266e-01) (2, 2.75278836488723754883e-01) (3, -5.97990443930029869080e-03) (4, -7.59509950876235961914e-02) (5, 1.03171810507774353027e-01) (6, -2.73628664016723632812e+00) (0, -4.93285140991210937500e+01) (1, -2.31412482261657714844e+00) (2, 5.39124374389648437500e+01) (3, -1.21675598621368408203e+00) (4, -1.38632500171661376953e+00) (5, 2.84191131591796875000e+00) (6, -4.52693790197372436523e-01) (0, -2.15628790855407714844e+00) (1, -4.24936819076538085938e+00) (2, 4.73653030395507812500e+00) (3, -2.25280594825744628906e+00) (4, -1.72527515888214111328e+00) (5, 3.98977518081665039062e+00) (6, 4.26623284816741943359e-01) (0, -2.01662277221679687500e+02) (1, 9.67547059059143066406e-01) (2, 9.82866973876953125000e+01) (3, -1.01771914958953857422e+00) (4, -3.23190712928771972656e+00) (5, 4.43878555297851562500e+00) (6, -6.29449009895324707031e-01) (7, 5.46122729778289794922e-01) (8, -3.01986598968505859375e+01) (9, -7.55276428222656250000e+02) (10, 1.50000000000000000000e+03) (11, -3.88269382528960704803e-03) 
