FANN_FLO_2.1
num_layers=3
learning_rate=0.500000
connection_rate=1.000000
network_type=0
learning_momentum=0.000000
training_algorithm=2
train_error_function=1
train_stop_function=0
cascade_output_change_fraction=0.010000
quickprop_decay=-0.000100
quickprop_mu=1.750000
rprop_increase_factor=1.200000
rprop_decrease_factor=0.500000
rprop_delta_min=0.000000
rprop_delta_max=50.000000
rprop_delta_zero=0.100000
cascade_output_stagnation_epochs=12
cascade_candidate_change_fraction=0.010000
cascade_candidate_stagnation_epochs=12
cascade_max_out_epochs=150
cascade_min_out_epochs=50
cascade_max_cand_epochs=150
cascade_min_cand_epochs=50
cascade_num_candidate_groups=2
bit_fail_limit=3.49999994039535522461e-01
cascade_candidate_limit=1.00000000000000000000e+03
cascade_weight_multiplier=4.00000005960464477539e-01
cascade_activation_functions_count=10
cascade_activation_functions=3 5 7 8 10 11 14 15 16 17 
cascade_activation_steepnesses_count=4
cascade_activation_steepnesses=2.50000000000000000000e-01 5.00000000000000000000e-01 7.50000000000000000000e-01 1.00000000000000000000e+00 
layer_sizes=7 5 2 
scale_included=0
neurons (num_inputs, activation_function, activation_steepness)=(0, 0, 0.00000000000000000000e+00) (0, 0, 0.00000000000000000000e+00) (0, 0, 0.00000000000000000000e+00) (0, 0, 0.00000000000000000000e+00) (0, 0, 0.00000000000000000000e+00) (0, 0, 0.00000000000000000000e+00) (0, 0, 0.00000000000000000000e+00) (7, 3, 5.00000000000000000000e-01) (7, 3, 5.00000000000000000000e-01) (7, 3, 5.00000000000000000000e-01) (7, 3, 5.00000000000000000000e-01) (0, 3, 0.00000000000000000000e+00) (5, 0, 5.00000000000000000000e-01) (0, 0, 0.00000000000000000000e+00) 
connections (connected_to_neuron, weight)=(0, -1.63711204528808593750e+01) (1, 3.63865923881530761719e+00) (2, 2.89166603088378906250e+01) (3, -4.67749744653701782227e-01) (4, -1.31249984741210937500e+02) (5, -2.95101356506347656250e+00) (6, -3.42161774635314941406e-01) (0, -1.43734246492385864258e-01) (1, 1.63208723068237304688e-01) (2, 3.23323875665664672852e-01) (3, -2.06811353564262390137e-02) (4, -1.96601778268814086914e-01) (5, -2.53971874713897705078e-01) (6, 3.52381557226181030273e-01) (0, -5.09821128845214843750e+01) (1, -9.29220497608184814453e-01) (2, 5.37161598205566406250e+01) (3, -1.27557858824729919434e-01) (4, 3.42402768135070800781e+00) (5, -2.66822838783264160156e+00) (6, -4.41089361906051635742e-01) (0, -4.13375625610351562500e+01) (1, -1.75981211662292480469e+00) (2, -4.40030593872070312500e+01) (3, -1.12181544303894042969e+00) (4, -5.49587011337280273438e+00) (5, -2.51320610046386718750e+01) (6, -4.87660229206085205078e-01) (7, 2.56692676544189453125e+01) (8, -2.00556181371212005615e-02) (9, -1.63050460815429687500e+00) (10, 1.50000000000000000000e+03) (11, 1.54467299580574035645e-02) 
