FANN_FLO_2.1
num_layers=3
learning_rate=0.500000
connection_rate=1.000000
network_type=0
learning_momentum=0.000000
training_algorithm=2
train_error_function=1
train_stop_function=0
cascade_output_change_fraction=0.010000
quickprop_decay=-0.000100
quickprop_mu=1.750000
rprop_increase_factor=1.200000
rprop_decrease_factor=0.500000
rprop_delta_min=0.000000
rprop_delta_max=50.000000
rprop_delta_zero=0.100000
cascade_output_stagnation_epochs=12
cascade_candidate_change_fraction=0.010000
cascade_candidate_stagnation_epochs=12
cascade_max_out_epochs=150
cascade_min_out_epochs=50
cascade_max_cand_epochs=150
cascade_min_cand_epochs=50
cascade_num_candidate_groups=2
bit_fail_limit=3.49999994039535522461e-01
cascade_candidate_limit=1.00000000000000000000e+03
cascade_weight_multiplier=4.00000005960464477539e-01
cascade_activation_functions_count=10
cascade_activation_functions=3 5 7 8 10 11 14 15 16 17 
cascade_activation_steepnesses_count=4
cascade_activation_steepnesses=2.50000000000000000000e-01 5.00000000000000000000e-01 7.50000000000000000000e-01 1.00000000000000000000e+00 
layer_sizes=3 5 4 
scale_included=0
neurons (num_inputs, activation_function, activation_steepness)=(0, 0, 0.00000000000000000000e+00) (0, 0, 0.00000000000000000000e+00) (0, 0, 0.00000000000000000000e+00) (3, 3, 5.00000000000000000000e-01) (3, 3, 5.00000000000000000000e-01) (3, 3, 5.00000000000000000000e-01) (3, 3, 5.00000000000000000000e-01) (0, 3, 0.00000000000000000000e+00) (5, 0, 5.00000000000000000000e-01) (5, 0, 5.00000000000000000000e-01) (5, 0, 5.00000000000000000000e-01) (0, 0, 0.00000000000000000000e+00) 
connections (connected_to_neuron, weight)=(0, -1.50000000000000000000e+03) (1, -7.17657714843750000000e+02) (2, 1.67415878295898437500e+02) (0, -3.24753451347351074219e+00) (1, 1.07986629009246826172e-01) (2, 1.41163325309753417969e+00) (0, -1.44918079376220703125e+01) (1, 9.31495094299316406250e+00) (2, 1.22035551071166992188e+01) (0, -1.50000000000000000000e+03) (1, -1.43856823730468750000e+03) (2, 2.12661004066467285156e+00) (3, 1.51867675781250000000e+00) (4, 3.94263291358947753906e+00) (5, 1.24504470825195312500e+00) (6, 1.62124240398406982422e+00) (7, 1.48947417736053466797e+00) (3, 4.09036779403686523438e+00) (4, 1.05315093994140625000e+01) (5, 5.59955930709838867188e+00) (6, 4.26367044448852539062e+00) (7, 5.93473672866821289062e+00) (3, 1.25504131317138671875e+01) (4, 3.30260543823242187500e+01) (5, 1.74149265289306640625e+01) (6, 1.17366867065429687500e+01) (7, 2.54769935607910156250e+01) 
