FANN_FLO_2.1
num_layers=4
learning_rate=0.300000
connection_rate=1.000000
network_type=0
learning_momentum=0.000000
training_algorithm=2
train_error_function=1
train_stop_function=0
cascade_output_change_fraction=0.010000
quickprop_decay=-0.000100
quickprop_mu=1.750000
rprop_increase_factor=1.200000
rprop_decrease_factor=0.500000
rprop_delta_min=0.000000
rprop_delta_max=50.000000
rprop_delta_zero=0.100000
cascade_output_stagnation_epochs=12
cascade_candidate_change_fraction=0.010000
cascade_candidate_stagnation_epochs=12
cascade_max_out_epochs=150
cascade_min_out_epochs=50
cascade_max_cand_epochs=150
cascade_min_cand_epochs=50
cascade_num_candidate_groups=2
bit_fail_limit=3.49999994039535522461e-01
cascade_candidate_limit=1.00000000000000000000e+03
cascade_weight_multiplier=4.00000005960464477539e-01
cascade_activation_functions_count=10
cascade_activation_functions=3 5 7 8 10 11 14 15 16 17 
cascade_activation_steepnesses_count=4
cascade_activation_steepnesses=2.50000000000000000000e-01 5.00000000000000000000e-01 7.50000000000000000000e-01 1.00000000000000000000e+00 
layer_sizes=2 5 5 3 
scale_included=0
neurons (num_inputs, activation_function, activation_steepness)=(0, 0, 0.00000000000000000000e+00) (0, 0, 0.00000000000000000000e+00) (2, 3, 5.00000000000000000000e-01) (2, 3, 5.00000000000000000000e-01) (2, 3, 5.00000000000000000000e-01) (2, 3, 5.00000000000000000000e-01) (0, 3, 0.00000000000000000000e+00) (5, 3, 5.00000000000000000000e-01) (5, 3, 5.00000000000000000000e-01) (5, 3, 5.00000000000000000000e-01) (5, 3, 5.00000000000000000000e-01) (0, 3, 0.00000000000000000000e+00) (5, 0, 5.00000000000000000000e-01) (5, 0, 5.00000000000000000000e-01) (0, 0, 0.00000000000000000000e+00) 
connections (connected_to_neuron, weight)=(0, -3.41363877058029174805e-01) (1, 2.73638188838958740234e-01) (0, 1.50000000000000000000e+03) (1, 2.54410713911056518555e-01) (0, 8.22107017040252685547e-01) (1, 2.45487391948699951172e-01) (0, -5.06519258022308349609e-01) (1, 1.18997804820537567139e-01) (2, -1.88089702278375625610e-02) (3, -1.12865723669528961182e-01) (4, -1.33216786384582519531e+00) (5, 4.58126962184906005859e-01) (6, -1.67852118611335754395e-01) (2, 9.17042255401611328125e-01) (3, -6.69222593307495117188e+00) (4, 3.80356103181838989258e-01) (5, 9.00848150253295898438e-01) (6, 1.61721020936965942383e-01) (2, 8.42649579048156738281e-01) (3, -1.74615108966827392578e+00) (4, 5.15334978699684143066e-02) (5, 8.25894296169281005859e-01) (6, 7.43791580200195312500e-01) (2, -5.55377788841724395752e-02) (3, -4.95170772075653076172e-01) (4, -1.06561005115509033203e+00) (5, 2.99178898334503173828e-01) (6, -1.03930488228797912598e-01) (7, -4.71755303442478179932e-02) (8, 1.95544824004173278809e-01) (9, -4.08157780766487121582e-02) (10, -4.67142201960086822510e-02) (11, -8.74677449464797973633e-02) (7, -6.31190299987792968750e-01) (8, -9.72017467021942138672e-01) (9, -6.09326303005218505859e-01) (10, -5.03081619739532470703e-01) (11, -4.15914744138717651367e-01) 
