FANN_FLO_2.1
num_layers=3
learning_rate=0.500000
connection_rate=1.000000
network_type=0
learning_momentum=0.000000
training_algorithm=2
train_error_function=1
train_stop_function=0
cascade_output_change_fraction=0.010000
quickprop_decay=-0.000100
quickprop_mu=1.750000
rprop_increase_factor=1.200000
rprop_decrease_factor=0.500000
rprop_delta_min=0.000000
rprop_delta_max=50.000000
rprop_delta_zero=0.100000
cascade_output_stagnation_epochs=12
cascade_candidate_change_fraction=0.010000
cascade_candidate_stagnation_epochs=12
cascade_max_out_epochs=150
cascade_min_out_epochs=50
cascade_max_cand_epochs=150
cascade_min_cand_epochs=50
cascade_num_candidate_groups=2
bit_fail_limit=3.49999994039535522461e-01
cascade_candidate_limit=1.00000000000000000000e+03
cascade_weight_multiplier=4.00000005960464477539e-01
cascade_activation_functions_count=10
cascade_activation_functions=3 5 7 8 10 11 14 15 16 17 
cascade_activation_steepnesses_count=4
cascade_activation_steepnesses=2.50000000000000000000e-01 5.00000000000000000000e-01 7.50000000000000000000e-01 1.00000000000000000000e+00 
layer_sizes=7 5 2 
scale_included=0
neurons (num_inputs, activation_function, activation_steepness)=(0, 0, 0.00000000000000000000e+00) (0, 0, 0.00000000000000000000e+00) (0, 0, 0.00000000000000000000e+00) (0, 0, 0.00000000000000000000e+00) (0, 0, 0.00000000000000000000e+00) (0, 0, 0.00000000000000000000e+00) (0, 0, 0.00000000000000000000e+00) (7, 3, 5.00000000000000000000e-01) (7, 3, 5.00000000000000000000e-01) (7, 3, 5.00000000000000000000e-01) (7, 3, 5.00000000000000000000e-01) (0, 3, 0.00000000000000000000e+00) (5, 0, 5.00000000000000000000e-01) (0, 0, 0.00000000000000000000e+00) 
connections (connected_to_neuron, weight)=(0, -7.30202317237854003906e-01) (1, -1.69914364814758300781e+00) (2, 2.79576826095581054688e+00) (3, -1.26200342178344726562e+00) (4, -1.61052227020263671875e+00) (5, 5.37280321121215820312e+00) (6, 1.02738666534423828125e+01) (0, -1.59753131866455078125e+00) (1, -1.06581246852874755859e+00) (2, 3.96138811111450195312e+00) (3, -1.87039959430694580078e+00) (4, -1.05689370632171630859e+00) (5, 2.45495629310607910156e+00) (6, -7.90026545524597167969e-01) (0, 6.54235333204269409180e-02) (1, 2.92645245790481567383e-01) (2, 1.11138939857482910156e+00) (3, -4.52922284603118896484e-01) (4, -3.39414089918136596680e-01) (5, -6.02642834186553955078e-01) (6, -1.86694920063018798828e+00) (0, -1.03568643331527709961e-01) (1, -5.04852890968322753906e-01) (2, -3.32102090120315551758e-01) (3, 5.71904852986335754395e-02) (4, 9.68777120113372802734e-01) (5, -1.30421578884124755859e-01) (6, 8.75200867652893066406e-01) (7, -1.20766833424568176270e-02) (8, 2.40911077708005905151e-02) (9, -1.04239210486412048340e-01) (10, -8.37939754128456115723e-02) (11, 9.75907295942306518555e-02) 
