FANN_FLO_2.1
num_layers=3
learning_rate=0.500000
connection_rate=1.000000
network_type=0
learning_momentum=0.000000
training_algorithm=2
train_error_function=1
train_stop_function=0
cascade_output_change_fraction=0.010000
quickprop_decay=-0.000100
quickprop_mu=1.750000
rprop_increase_factor=1.200000
rprop_decrease_factor=0.500000
rprop_delta_min=0.000000
rprop_delta_max=50.000000
rprop_delta_zero=0.100000
cascade_output_stagnation_epochs=12
cascade_candidate_change_fraction=0.010000
cascade_candidate_stagnation_epochs=12
cascade_max_out_epochs=150
cascade_min_out_epochs=50
cascade_max_cand_epochs=150
cascade_min_cand_epochs=50
cascade_num_candidate_groups=2
bit_fail_limit=3.49999994039535522461e-01
cascade_candidate_limit=1.00000000000000000000e+03
cascade_weight_multiplier=4.00000005960464477539e-01
cascade_activation_functions_count=10
cascade_activation_functions=3 5 7 8 10 11 14 15 16 17 
cascade_activation_steepnesses_count=4
cascade_activation_steepnesses=2.50000000000000000000e-01 5.00000000000000000000e-01 7.50000000000000000000e-01 1.00000000000000000000e+00 
layer_sizes=3 9 4 
scale_included=0
neurons (num_inputs, activation_function, activation_steepness)=(0, 0, 0.00000000000000000000e+00) (0, 0, 0.00000000000000000000e+00) (0, 0, 0.00000000000000000000e+00) (3, 3, 5.00000000000000000000e-01) (3, 3, 5.00000000000000000000e-01) (3, 3, 5.00000000000000000000e-01) (3, 3, 5.00000000000000000000e-01) (3, 3, 5.00000000000000000000e-01) (3, 3, 5.00000000000000000000e-01) (3, 3, 5.00000000000000000000e-01) (3, 3, 5.00000000000000000000e-01) (0, 3, 0.00000000000000000000e+00) (9, 0, 5.00000000000000000000e-01) (9, 0, 5.00000000000000000000e-01) (9, 0, 5.00000000000000000000e-01) (0, 0, 0.00000000000000000000e+00) 
connections (connected_to_neuron, weight)=(0, -4.58768892288208007812e+00) (1, 1.82802951335906982422e+00) (2, 9.96266424655914306641e-01) (0, -5.33112859725952148438e+00) (1, -6.05998039245605468750e-01) (2, 4.29864674806594848633e-01) (0, -3.92609167098999023438e+00) (1, -2.47129249572753906250e+00) (2, 1.90334960818290710449e-01) (0, -1.18397521972656250000e+01) (1, 9.71471786499023437500e+00) (2, 1.14526348114013671875e+01) (0, -1.36242365837097167969e+00) (1, -2.87700843811035156250e+00) (2, -1.00535273551940917969e-01) (0, -4.20171403884887695312e+00) (1, 5.73168098926544189453e-01) (2, 9.85973060131072998047e-01) (0, -1.14299802780151367188e+01) (1, 6.63665246963500976562e+00) (2, 7.21832609176635742188e+00) (0, -7.06904649734497070312e+00) (1, 3.87859296798706054688e+00) (2, 1.16616792678833007812e+01) (3, 1.78079235553741455078e+00) (4, 1.87737321853637695312e+00) (5, 2.24984073638916015625e+00) (6, 7.27661192417144775391e-01) (7, 1.92631113529205322266e+00) (8, 6.22591197490692138672e-01) (9, 6.08723461627960205078e-01) (10, 7.15390622615814208984e-01) (11, 6.50634407997131347656e-01) (3, 4.26704359054565429688e+00) (4, 4.12333726882934570312e+00) (5, 5.21430969238281250000e+00) (6, 3.72839283943176269531e+00) (7, 7.65666437149047851562e+00) (8, 2.64797759056091308594e+00) (9, 3.10213017463684082031e+00) (10, 2.75987648963928222656e+00) (11, 2.10981082916259765625e+00) (3, 1.16411676406860351562e+01) (4, 1.06949167251586914062e+01) (5, 1.72432918548583984375e+01) (6, 1.10900287628173828125e+01) (7, 2.56841793060302734375e+01) (8, 1.09382581710815429688e+01) (9, 1.04694766998291015625e+01) (10, 1.10523128509521484375e+01) (11, 1.10783329010009765625e+01) 
