FANN_FLO_2.1
num_layers=3
learning_rate=0.300000
connection_rate=1.000000
network_type=0
learning_momentum=0.000000
training_algorithm=2
train_error_function=1
train_stop_function=0
cascade_output_change_fraction=0.010000
quickprop_decay=-0.000100
quickprop_mu=1.750000
rprop_increase_factor=1.200000
rprop_decrease_factor=0.500000
rprop_delta_min=0.000000
rprop_delta_max=50.000000
rprop_delta_zero=0.100000
cascade_output_stagnation_epochs=12
cascade_candidate_change_fraction=0.010000
cascade_candidate_stagnation_epochs=12
cascade_max_out_epochs=150
cascade_min_out_epochs=50
cascade_max_cand_epochs=150
cascade_min_cand_epochs=50
cascade_num_candidate_groups=2
bit_fail_limit=3.49999994039535522461e-01
cascade_candidate_limit=1.00000000000000000000e+03
cascade_weight_multiplier=4.00000005960464477539e-01
cascade_activation_functions_count=10
cascade_activation_functions=3 5 7 8 10 11 14 15 16 17 
cascade_activation_steepnesses_count=4
cascade_activation_steepnesses=2.50000000000000000000e-01 5.00000000000000000000e-01 7.50000000000000000000e-01 1.00000000000000000000e+00 
layer_sizes=4 9 2 
scale_included=0
neurons (num_inputs, activation_function, activation_steepness)=(0, 0, 0.00000000000000000000e+00) (0, 0, 0.00000000000000000000e+00) (0, 0, 0.00000000000000000000e+00) (0, 0, 0.00000000000000000000e+00) (4, 3, 5.00000000000000000000e-01) (4, 3, 5.00000000000000000000e-01) (4, 3, 5.00000000000000000000e-01) (4, 3, 5.00000000000000000000e-01) (4, 3, 5.00000000000000000000e-01) (4, 3, 5.00000000000000000000e-01) (4, 3, 5.00000000000000000000e-01) (4, 3, 5.00000000000000000000e-01) (0, 3, 0.00000000000000000000e+00) (9, 3, 5.00000000000000000000e-01) (0, 3, 0.00000000000000000000e+00) 
connections (connected_to_neuron, weight)=(0, 3.29134338378906250000e+02) (1, 1.49999987792968750000e+03) (2, 1.49999987792968750000e+03) (3, 1.34594583511352539062e+00) (0, -8.94831717014312744141e-02) (1, 1.27204963937401771545e-02) (2, -1.50850594043731689453e-01) (3, 6.69277489185333251953e-01) (0, -3.19626159667968750000e+01) (1, -1.04657649993896484375e+00) (2, -1.46945495605468750000e+01) (3, -1.18651472032070159912e-01) (0, -1.98789352416992187500e+02) (1, 4.06549394130706787109e-01) (2, -6.04939537048339843750e+01) (3, 2.66196131706237792969e-01) (0, 2.50865757465362548828e-01) (1, 3.78606349229812622070e-01) (2, -6.18753433227539062500e+00) (3, 7.11863040924072265625e-01) (0, 4.79014778137207031250e+00) (1, -5.39510548114776611328e-01) (2, -2.25989742279052734375e+01) (3, 3.14084678888320922852e-01) (0, 1.36783037185668945312e+01) (1, 6.52479976415634155273e-02) (2, -6.46104354858398437500e+01) (3, 7.10546132177114486694e-03) (0, -2.00398355722427368164e-01) (1, 7.98705443739891052246e-02) (2, -3.54743182659149169922e-01) (3, 3.72322463989257812500e+00) (4, 8.34390938282012939453e-01) (5, -1.13112888336181640625e+01) (6, 1.50000000000000000000e+03) (7, 1.50000000000000000000e+03) (8, -3.21670770645141601562e-01) (9, -6.92050576210021972656e-01) (10, -4.92826886475086212158e-02) (11, -1.52777421474456787109e+00) (12, 7.58351027965545654297e-01) 
