FANN_FLO_2.1
num_layers=3
learning_rate=0.500000
connection_rate=1.000000
network_type=0
learning_momentum=0.000000
training_algorithm=2
train_error_function=1
train_stop_function=0
cascade_output_change_fraction=0.010000
quickprop_decay=-0.000100
quickprop_mu=1.750000
rprop_increase_factor=1.200000
rprop_decrease_factor=0.500000
rprop_delta_min=0.000000
rprop_delta_max=50.000000
rprop_delta_zero=0.100000
cascade_output_stagnation_epochs=12
cascade_candidate_change_fraction=0.010000
cascade_candidate_stagnation_epochs=12
cascade_max_out_epochs=150
cascade_min_out_epochs=50
cascade_max_cand_epochs=150
cascade_min_cand_epochs=50
cascade_num_candidate_groups=2
bit_fail_limit=3.49999994039535522461e-01
cascade_candidate_limit=1.00000000000000000000e+03
cascade_weight_multiplier=4.00000005960464477539e-01
cascade_activation_functions_count=10
cascade_activation_functions=3 5 7 8 10 11 14 15 16 17 
cascade_activation_steepnesses_count=4
cascade_activation_steepnesses=2.50000000000000000000e-01 5.00000000000000000000e-01 7.50000000000000000000e-01 1.00000000000000000000e+00 
layer_sizes=7 9 2 
scale_included=0
neurons (num_inputs, activation_function, activation_steepness)=(0, 0, 0.00000000000000000000e+00) (0, 0, 0.00000000000000000000e+00) (0, 0, 0.00000000000000000000e+00) (0, 0, 0.00000000000000000000e+00) (0, 0, 0.00000000000000000000e+00) (0, 0, 0.00000000000000000000e+00) (0, 0, 0.00000000000000000000e+00) (7, 3, 5.00000000000000000000e-01) (7, 3, 5.00000000000000000000e-01) (7, 3, 5.00000000000000000000e-01) (7, 3, 5.00000000000000000000e-01) (7, 3, 5.00000000000000000000e-01) (7, 3, 5.00000000000000000000e-01) (7, 3, 5.00000000000000000000e-01) (7, 3, 5.00000000000000000000e-01) (0, 3, 0.00000000000000000000e+00) (9, 0, 5.00000000000000000000e-01) (0, 0, 0.00000000000000000000e+00) 
connections (connected_to_neuron, weight)=(0, -9.88789618015289306641e-01) (1, 5.94433546066284179688e-01) (2, -1.29861772060394287109e-01) (3, -1.26291191101074218750e+02) (4, -4.12140130996704101562e+00) (5, -1.06897509765625000000e+03) (6, -7.01805114746093750000e-01) (0, -5.89854061603546142578e-01) (1, 7.42505550384521484375e-01) (2, 8.73048841953277587891e-01) (3, -6.69976651668548583984e-01) (4, 7.47287943959236145020e-02) (5, -2.68585205078125000000e-01) (6, -3.46027553081512451172e-01) (0, -5.80419600009918212891e-01) (1, 7.47274339199066162109e-01) (2, 9.28979635238647460938e-01) (3, -6.50763690471649169922e-01) (4, 9.41156744956970214844e-02) (5, -3.63935351371765136719e-01) (6, -4.80220943689346313477e-01) (0, -8.50494205951690673828e-02) (1, 6.36717537418007850647e-03) (2, -6.53179168701171875000e-01) (3, 1.86151951551437377930e-01) (4, 1.46381661295890808105e-01) (5, 3.20799052715301513672e-01) (6, 7.26795613765716552734e-01) (0, 2.65473574399948120117e-02) (1, 1.28691479563713073730e-01) (2, 8.38970959186553955078e-01) (3, 7.69680589437484741211e-02) (4, -6.69760823249816894531e-01) (5, -1.43676072359085083008e-01) (6, -2.15322828292846679688e+00) (0, -6.09761893749237060547e-01) (1, 4.89561975002288818359e-01) (2, 1.14154195785522460938e+00) (3, -6.62008941173553466797e-01) (4, 7.83272385597229003906e-02) (5, -9.61371362209320068359e-02) (6, -2.15085601806640625000e+00) (0, -2.76480460166931152344e+00) (1, -4.88046550750732421875e+00) (2, -4.45280790328979492188e+00) (3, -2.22866082191467285156e+00) (4, 8.18134498596191406250e+00) (5, 7.24993944168090820312e+00) (6, -5.08565807342529296875e+00) (0, -7.78355062007904052734e-01) (1, 6.30414247512817382812e-01) (2, -1.34868741035461425781e-01) (3, -1.26246475219726562500e+02) (4, -4.16255807876586914062e+00) (5, -1.06953247070312500000e+03) (6, -7.31682062149047851562e-01) (7, 1.50000000000000000000e+03) (8, 2.62694600969552993774e-02) (9, 8.14708396792411804199e-02) (10, 2.72057712078094482422e-01) (11, 3.01723629236221313477e-01) (12, -1.58334568142890930176e-01) (13, -1.09160812571644783020e-02) (14, 1.20958386230468750000e+03) (15, -2.53370374441146850586e-01) 
