FANN_FLO_2.1
num_layers=3
learning_rate=0.400000
connection_rate=1.000000
network_type=0
learning_momentum=0.000000
training_algorithm=2
train_error_function=1
train_stop_function=0
cascade_output_change_fraction=0.010000
quickprop_decay=-0.000100
quickprop_mu=1.750000
rprop_increase_factor=1.200000
rprop_decrease_factor=0.500000
rprop_delta_min=0.000000
rprop_delta_max=50.000000
rprop_delta_zero=0.100000
cascade_output_stagnation_epochs=12
cascade_candidate_change_fraction=0.010000
cascade_candidate_stagnation_epochs=12
cascade_max_out_epochs=150
cascade_min_out_epochs=50
cascade_max_cand_epochs=150
cascade_min_cand_epochs=50
cascade_num_candidate_groups=2
bit_fail_limit=3.49999994039535522461e-01
cascade_candidate_limit=1.00000000000000000000e+03
cascade_weight_multiplier=4.00000005960464477539e-01
cascade_activation_functions_count=10
cascade_activation_functions=3 5 7 8 10 11 14 15 16 17 
cascade_activation_steepnesses_count=4
cascade_activation_steepnesses=2.50000000000000000000e-01 5.00000000000000000000e-01 7.50000000000000000000e-01 1.00000000000000000000e+00 
layer_sizes=10 3 2 
scale_included=0
neurons (num_inputs, activation_function, activation_steepness)=(0, 0, 0.00000000000000000000e+00) (0, 0, 0.00000000000000000000e+00) (0, 0, 0.00000000000000000000e+00) (0, 0, 0.00000000000000000000e+00) (0, 0, 0.00000000000000000000e+00) (0, 0, 0.00000000000000000000e+00) (0, 0, 0.00000000000000000000e+00) (0, 0, 0.00000000000000000000e+00) (0, 0, 0.00000000000000000000e+00) (0, 0, 0.00000000000000000000e+00) (10, 3, 5.00000000000000000000e-01) (10, 3, 5.00000000000000000000e-01) (0, 3, 0.00000000000000000000e+00) (3, 3, 5.00000000000000000000e-01) (0, 3, 0.00000000000000000000e+00) 
connections (connected_to_neuron, weight)=(0, -9.80357080698013305664e-02) (1, -1.74964830279350280762e-01) (2, -1.08802475035190582275e-01) (3, -1.74134120345115661621e-01) (4, -1.19025528430938720703e-01) (5, -1.57846033573150634766e-01) (6, -1.30902975797653198242e-01) (7, -7.63108059763908386230e-02) (8, -1.20321676135063171387e-01) (9, -2.10338234901428222656e-01) (0, 2.22935080528259277344e-02) (1, 1.33175224065780639648e-01) (2, 5.15303686261177062988e-02) (3, 9.32949334383010864258e-02) (4, 7.66161084175109863281e-02) (5, 1.79111331701278686523e-01) (6, 1.69676870107650756836e-01) (7, 1.59305870532989501953e-01) (8, 7.28459879755973815918e-02) (9, 4.43008020520210266113e-02) (10, -6.68157264590263366699e-02) (11, -1.60983264446258544922e-01) (12, -3.43941822648048400879e-02) 
