FANN_FLO_2.1
num_layers=3
learning_rate=0.500000
connection_rate=1.000000
network_type=0
learning_momentum=0.000000
training_algorithm=2
train_error_function=1
train_stop_function=0
cascade_output_change_fraction=0.010000
quickprop_decay=-0.000100
quickprop_mu=1.750000
rprop_increase_factor=1.200000
rprop_decrease_factor=0.500000
rprop_delta_min=0.000000
rprop_delta_max=50.000000
rprop_delta_zero=0.100000
cascade_output_stagnation_epochs=12
cascade_candidate_change_fraction=0.010000
cascade_candidate_stagnation_epochs=12
cascade_max_out_epochs=150
cascade_min_out_epochs=50
cascade_max_cand_epochs=150
cascade_min_cand_epochs=50
cascade_num_candidate_groups=2
bit_fail_limit=3.49999994039535522461e-01
cascade_candidate_limit=1.00000000000000000000e+03
cascade_weight_multiplier=4.00000005960464477539e-01
cascade_activation_functions_count=10
cascade_activation_functions=3 5 7 8 10 11 14 15 16 17 
cascade_activation_steepnesses_count=4
cascade_activation_steepnesses=2.50000000000000000000e-01 5.00000000000000000000e-01 7.50000000000000000000e-01 1.00000000000000000000e+00 
layer_sizes=3 9 4 
scale_included=0
neurons (num_inputs, activation_function, activation_steepness)=(0, 0, 0.00000000000000000000e+00) (0, 0, 0.00000000000000000000e+00) (0, 0, 0.00000000000000000000e+00) (3, 3, 5.00000000000000000000e-01) (3, 3, 5.00000000000000000000e-01) (3, 3, 5.00000000000000000000e-01) (3, 3, 5.00000000000000000000e-01) (3, 3, 5.00000000000000000000e-01) (3, 3, 5.00000000000000000000e-01) (3, 3, 5.00000000000000000000e-01) (3, 3, 5.00000000000000000000e-01) (0, 3, 0.00000000000000000000e+00) (9, 0, 5.00000000000000000000e-01) (9, 0, 5.00000000000000000000e-01) (9, 0, 5.00000000000000000000e-01) (0, 0, 0.00000000000000000000e+00) 
connections (connected_to_neuron, weight)=(0, -3.67656159400939941406e+00) (1, 1.23967289924621582031e+00) (2, 2.16269329190254211426e-01) (0, -4.72778511047363281250e+00) (1, -1.02812445163726806641e+00) (2, -1.16072587668895721436e-01) (0, -1.82276117801666259766e+00) (1, -1.79047489166259765625e+00) (2, 6.32110893726348876953e-01) (0, -4.81996631622314453125e+00) (1, 4.58635234832763671875e+00) (2, 2.55684018135070800781e+00) (0, -1.73344695568084716797e+00) (1, -5.70296382904052734375e+00) (2, 1.76722586154937744141e+00) (0, -4.10779285430908203125e+00) (1, 6.46479129791259765625e+00) (2, 3.73755550384521484375e+00) (0, -3.23895525932312011719e+00) (1, 1.82663452625274658203e+00) (2, 9.40139889717102050781e-01) (0, -3.39209866523742675781e+00) (1, -1.51453584432601928711e-01) (2, 1.37668800354003906250e+00) (3, 2.05408787727355957031e+00) (4, 2.13316583633422851562e+00) (5, 2.14748668670654296875e+00) (6, 1.35030043125152587891e+00) (7, 1.42801272869110107422e+00) (8, 8.67620408535003662109e-01) (9, 1.07199525833129882812e+00) (10, -3.46664518117904663086e-01) (11, 3.94116371870040893555e-01) (3, 3.46406435966491699219e+00) (4, 3.32343482971191406250e+00) (5, 7.09844112396240234375e+00) (6, 4.32311439514160156250e+00) (7, 3.84700059890747070312e+00) (8, 3.19233727455139160156e+00) (9, 3.46821737289428710938e+00) (10, 2.78470373153686523438e+00) (11, 2.65765333175659179688e+00) (3, 1.05581197738647460938e+01) (4, 9.04541969299316406250e+00) (5, 2.40479087829589843750e+01) (6, 1.25290651321411132812e+01) (7, 1.21018390655517578125e+01) (8, 1.26006479263305664062e+01) (9, 1.05468969345092773438e+01) (10, 9.96323394775390625000e+00) (11, 1.31930179595947265625e+01) 
