FANN_FLO_2.1
num_layers=3
learning_rate=0.500000
connection_rate=1.000000
network_type=0
learning_momentum=0.000000
training_algorithm=2
train_error_function=1
train_stop_function=0
cascade_output_change_fraction=0.010000
quickprop_decay=-0.000100
quickprop_mu=1.750000
rprop_increase_factor=1.200000
rprop_decrease_factor=0.500000
rprop_delta_min=0.000000
rprop_delta_max=50.000000
rprop_delta_zero=0.100000
cascade_output_stagnation_epochs=12
cascade_candidate_change_fraction=0.010000
cascade_candidate_stagnation_epochs=12
cascade_max_out_epochs=150
cascade_min_out_epochs=50
cascade_max_cand_epochs=150
cascade_min_cand_epochs=50
cascade_num_candidate_groups=2
bit_fail_limit=3.49999994039535522461e-01
cascade_candidate_limit=1.00000000000000000000e+03
cascade_weight_multiplier=4.00000005960464477539e-01
cascade_activation_functions_count=10
cascade_activation_functions=3 5 7 8 10 11 14 15 16 17 
cascade_activation_steepnesses_count=4
cascade_activation_steepnesses=2.50000000000000000000e-01 5.00000000000000000000e-01 7.50000000000000000000e-01 1.00000000000000000000e+00 
layer_sizes=7 9 2 
scale_included=0
neurons (num_inputs, activation_function, activation_steepness)=(0, 0, 0.00000000000000000000e+00) (0, 0, 0.00000000000000000000e+00) (0, 0, 0.00000000000000000000e+00) (0, 0, 0.00000000000000000000e+00) (0, 0, 0.00000000000000000000e+00) (0, 0, 0.00000000000000000000e+00) (0, 0, 0.00000000000000000000e+00) (7, 3, 5.00000000000000000000e-01) (7, 3, 5.00000000000000000000e-01) (7, 3, 5.00000000000000000000e-01) (7, 3, 5.00000000000000000000e-01) (7, 3, 5.00000000000000000000e-01) (7, 3, 5.00000000000000000000e-01) (7, 3, 5.00000000000000000000e-01) (7, 3, 5.00000000000000000000e-01) (0, 3, 0.00000000000000000000e+00) (9, 0, 5.00000000000000000000e-01) (0, 0, 0.00000000000000000000e+00) 
connections (connected_to_neuron, weight)=(0, -1.97972998023033142090e-01) (1, 2.65907257795333862305e-01) (2, -6.97474777698516845703e-01) (3, -9.04808267951011657715e-02) (4, -9.86789703369140625000e-01) (5, -4.44793626666069030762e-02) (6, -1.58477902412414550781e-01) (0, -9.09324586391448974609e-02) (1, 2.04189002513885498047e-01) (2, -1.83993980288505554199e-01) (3, -2.77307748794555664062e-01) (4, -3.35261797904968261719e+00) (5, -6.62443041801452636719e-02) (6, -1.08805015683174133301e-01) (0, -2.42023497819900512695e-01) (1, -2.16968059539794921875e+01) (2, -1.89597845077514648438e+00) (3, -2.01046237945556640625e+01) (4, -3.42627143859863281250e+01) (5, 1.70241107940673828125e+01) (6, -3.57975214719772338867e-01) (0, 4.61373627185821533203e-02) (1, 8.64067912101745605469e-01) (2, -1.19900107383728027344e-01) (3, -2.44039520621299743652e-01) (4, 4.29779738187789916992e-01) (5, -1.28025782108306884766e+00) (6, -2.66726493835449218750e-01) (0, 2.87986069917678833008e-01) (1, 2.78401404619216918945e-01) (2, 1.64227128028869628906e+00) (3, -1.87305808067321777344e-01) (4, -1.51273546218872070312e+01) (5, 1.90132498741149902344e-01) (6, -1.31996423006057739258e-01) (0, -3.77709299325942993164e-01) (1, 6.48349165916442871094e-01) (2, -5.64314544200897216797e-01) (3, -6.26816570758819580078e-01) (4, -4.10954427719116210938e+00) (5, -2.16988116502761840820e-01) (6, -4.18910980224609375000e-01) (0, 2.53971546888351440430e-01) (1, 3.56342494487762451172e-01) (2, -3.31070631742477416992e-01) (3, -4.36027795076370239258e-02) (4, -1.47893846035003662109e-01) (5, -4.21692878007888793945e-01) (6, 8.11951756477355957031e-01) (0, -1.29944014549255371094e+00) (1, -9.54104995727539062500e+00) (2, -1.34531581401824951172e+00) (3, -9.56781768798828125000e+00) (4, -3.58442382812500000000e+01) (5, -1.26275241374969482422e-01) (6, -1.14199829101562500000e+00) (7, 3.58668863773345947266e-01) (8, 2.06096363067626953125e+01) (9, 1.50000000000000000000e+03) (10, -1.15423023700714111328e-01) (11, -7.50435113906860351562e-01) (12, -2.33222026824951171875e+01) (13, 1.03043816983699798584e-01) (14, 6.00000000000000000000e+02) (15, 3.44685427844524383545e-02) 
