FANN_FLO_2.1
num_layers=3
learning_rate=0.500000
connection_rate=1.000000
network_type=0
learning_momentum=0.000000
training_algorithm=2
train_error_function=1
train_stop_function=0
cascade_output_change_fraction=0.010000
quickprop_decay=-0.000100
quickprop_mu=1.750000
rprop_increase_factor=1.200000
rprop_decrease_factor=0.500000
rprop_delta_min=0.000000
rprop_delta_max=50.000000
rprop_delta_zero=0.100000
cascade_output_stagnation_epochs=12
cascade_candidate_change_fraction=0.010000
cascade_candidate_stagnation_epochs=12
cascade_max_out_epochs=150
cascade_min_out_epochs=50
cascade_max_cand_epochs=150
cascade_min_cand_epochs=50
cascade_num_candidate_groups=2
bit_fail_limit=3.49999994039535522461e-01
cascade_candidate_limit=1.00000000000000000000e+03
cascade_weight_multiplier=4.00000005960464477539e-01
cascade_activation_functions_count=10
cascade_activation_functions=3 5 7 8 10 11 14 15 16 17 
cascade_activation_steepnesses_count=4
cascade_activation_steepnesses=2.50000000000000000000e-01 5.00000000000000000000e-01 7.50000000000000000000e-01 1.00000000000000000000e+00 
layer_sizes=10 3 2 
scale_included=0
neurons (num_inputs, activation_function, activation_steepness)=(0, 0, 0.00000000000000000000e+00) (0, 0, 0.00000000000000000000e+00) (0, 0, 0.00000000000000000000e+00) (0, 0, 0.00000000000000000000e+00) (0, 0, 0.00000000000000000000e+00) (0, 0, 0.00000000000000000000e+00) (0, 0, 0.00000000000000000000e+00) (0, 0, 0.00000000000000000000e+00) (0, 0, 0.00000000000000000000e+00) (0, 0, 0.00000000000000000000e+00) (10, 3, 5.00000000000000000000e-01) (10, 3, 5.00000000000000000000e-01) (0, 3, 0.00000000000000000000e+00) (3, 3, 5.00000000000000000000e-01) (0, 3, 0.00000000000000000000e+00) 
connections (connected_to_neuron, weight)=(0, -8.05635333061218261719e-01) (1, -7.62024879455566406250e-01) (2, -7.04306006431579589844e-01) (3, -6.93868339061737060547e-01) (4, -7.80292570590972900391e-01) (5, -6.58094823360443115234e-01) (6, -7.12093055248260498047e-01) (7, -7.68695712089538574219e-01) (8, -6.98777794837951660156e-01) (9, 1.67713546752929687500e+00) (0, -6.79878532886505126953e-01) (1, -6.78564906120300292969e-01) (2, -7.76787877082824707031e-01) (3, -7.82780885696411132812e-01) (4, -6.73875153064727783203e-01) (5, -7.78276801109313964844e-01) (6, -7.51403152942657470703e-01) (7, -6.80669009685516357422e-01) (8, -7.36952066421508789062e-01) (9, 3.92808461189270019531e+00) (10, -1.96018481254577636719e+00) (11, -1.61036586761474609375e+00) (12, 1.38126146793365478516e+00) 
