FANN_FLO_2.1
num_layers=3
learning_rate=0.450000
connection_rate=1.000000
network_type=0
learning_momentum=0.000000
training_algorithm=2
train_error_function=1
train_stop_function=0
cascade_output_change_fraction=0.010000
quickprop_decay=-0.000100
quickprop_mu=1.750000
rprop_increase_factor=1.200000
rprop_decrease_factor=0.500000
rprop_delta_min=0.000000
rprop_delta_max=50.000000
rprop_delta_zero=0.100000
cascade_output_stagnation_epochs=12
cascade_candidate_change_fraction=0.010000
cascade_candidate_stagnation_epochs=12
cascade_max_out_epochs=150
cascade_min_out_epochs=50
cascade_max_cand_epochs=150
cascade_min_cand_epochs=50
cascade_num_candidate_groups=2
bit_fail_limit=3.49999994039535522461e-01
cascade_candidate_limit=1.00000000000000000000e+03
cascade_weight_multiplier=4.00000005960464477539e-01
cascade_activation_functions_count=10
cascade_activation_functions=3 5 7 8 10 11 14 15 16 17 
cascade_activation_steepnesses_count=4
cascade_activation_steepnesses=2.50000000000000000000e-01 5.00000000000000000000e-01 7.50000000000000000000e-01 1.00000000000000000000e+00 
layer_sizes=7 5 2 
scale_included=0
neurons (num_inputs, activation_function, activation_steepness)=(0, 0, 0.00000000000000000000e+00) (0, 0, 0.00000000000000000000e+00) (0, 0, 0.00000000000000000000e+00) (0, 0, 0.00000000000000000000e+00) (0, 0, 0.00000000000000000000e+00) (0, 0, 0.00000000000000000000e+00) (0, 0, 0.00000000000000000000e+00) (7, 3, 5.00000000000000000000e-01) (7, 3, 5.00000000000000000000e-01) (7, 3, 5.00000000000000000000e-01) (7, 3, 5.00000000000000000000e-01) (0, 3, 0.00000000000000000000e+00) (5, 0, 5.00000000000000000000e-01) (0, 0, 0.00000000000000000000e+00) 
connections (connected_to_neuron, weight)=(0, -5.38961887359619140625e+00) (1, 2.09919095039367675781e+00) (2, -4.83730468750000000000e+01) (3, -1.52142887115478515625e+01) (4, 5.51972150802612304688e-01) (5, 4.26294898986816406250e+00) (6, -6.79336023330688476562e+00) (0, -2.85723733901977539062e+00) (1, 8.40202484130859375000e+01) (2, 1.28631010055541992188e+01) (3, -2.19314689636230468750e+01) (4, 1.59607772827148437500e+02) (5, -3.83649673461914062500e+01) (6, -5.17775058746337890625e+00) (0, -2.21061954498291015625e+01) (1, 1.43418169021606445312e+00) (2, 3.43253555297851562500e+01) (3, -5.57258415222167968750e+01) (4, 6.88099670410156250000e+00) (5, -9.65774291992187500000e+02) (6, -5.53332328796386718750e-01) (0, -4.47474670410156250000e+02) (1, 6.58981933593750000000e+02) (2, -1.12517021179199218750e+02) (3, -7.25056701660156250000e+02) (4, 1.49861779785156250000e+03) (5, -5.11199981689453125000e+02) (6, -1.35276937484741210938e+00) (7, -2.71391021728515625000e+02) (8, -2.01892495155334472656e-01) (9, -1.50000000000000000000e+03) (10, -7.23360180854797363281e-02) (11, 2.87821441888809204102e-01) 
