FANN_FLO_2.1
num_layers=3
learning_rate=0.500000
connection_rate=1.000000
network_type=0
learning_momentum=0.000000
training_algorithm=2
train_error_function=1
train_stop_function=0
cascade_output_change_fraction=0.010000
quickprop_decay=-0.000100
quickprop_mu=1.750000
rprop_increase_factor=1.200000
rprop_decrease_factor=0.500000
rprop_delta_min=0.000000
rprop_delta_max=50.000000
rprop_delta_zero=0.100000
cascade_output_stagnation_epochs=12
cascade_candidate_change_fraction=0.010000
cascade_candidate_stagnation_epochs=12
cascade_max_out_epochs=150
cascade_min_out_epochs=50
cascade_max_cand_epochs=150
cascade_min_cand_epochs=50
cascade_num_candidate_groups=2
bit_fail_limit=3.49999994039535522461e-01
cascade_candidate_limit=1.00000000000000000000e+03
cascade_weight_multiplier=4.00000005960464477539e-01
cascade_activation_functions_count=10
cascade_activation_functions=3 5 7 8 10 11 14 15 16 17 
cascade_activation_steepnesses_count=4
cascade_activation_steepnesses=2.50000000000000000000e-01 5.00000000000000000000e-01 7.50000000000000000000e-01 1.00000000000000000000e+00 
layer_sizes=7 5 2 
scale_included=0
neurons (num_inputs, activation_function, activation_steepness)=(0, 0, 0.00000000000000000000e+00) (0, 0, 0.00000000000000000000e+00) (0, 0, 0.00000000000000000000e+00) (0, 0, 0.00000000000000000000e+00) (0, 0, 0.00000000000000000000e+00) (0, 0, 0.00000000000000000000e+00) (0, 0, 0.00000000000000000000e+00) (7, 3, 5.00000000000000000000e-01) (7, 3, 5.00000000000000000000e-01) (7, 3, 5.00000000000000000000e-01) (7, 3, 5.00000000000000000000e-01) (0, 3, 0.00000000000000000000e+00) (5, 0, 5.00000000000000000000e-01) (0, 0, 0.00000000000000000000e+00) 
connections (connected_to_neuron, weight)=(0, -2.95437574386596679688e-02) (1, 1.96435183286666870117e-01) (2, -1.38702094554901123047e-01) (3, -3.06355595588684082031e-01) (4, -3.15571755170822143555e-01) (5, -2.22004368901252746582e-01) (6, -9.03843402862548828125e-01) (0, -1.38511896133422851562e+00) (1, -1.32755827903747558594e+00) (2, -5.00372707843780517578e-01) (3, -1.42430233955383300781e+00) (4, -1.49092459678649902344e+00) (5, -2.06324338912963867188e+00) (6, -1.40190434455871582031e+00) (0, 8.95401556044816970825e-03) (1, 4.01534959673881530762e-02) (2, -4.46063280105590820312e-02) (3, 4.03391718864440917969e-02) (4, -1.02386318147182464600e-01) (5, 4.34544868767261505127e-02) (6, -4.11165535449981689453e-01) (0, -2.09724500775337219238e-01) (1, -3.54979008436203002930e-01) (2, 2.80799031257629394531e-01) (3, -2.68226265907287597656e-01) (4, -3.45828205347061157227e-01) (5, -3.96010994911193847656e-01) (6, -7.48107492923736572266e-01) (7, -6.13982118666172027588e-02) (8, -1.26080004882812500000e+03) (9, 1.11623220145702362061e-01) (10, -5.59277236461639404297e-02) (11, -2.80229002237319946289e-02) 
