FANN_FLO_2.1
num_layers=3
learning_rate=0.500000
connection_rate=1.000000
network_type=0
learning_momentum=0.000000
training_algorithm=2
train_error_function=1
train_stop_function=0
cascade_output_change_fraction=0.010000
quickprop_decay=-0.000100
quickprop_mu=1.750000
rprop_increase_factor=1.200000
rprop_decrease_factor=0.500000
rprop_delta_min=0.000000
rprop_delta_max=50.000000
rprop_delta_zero=0.100000
cascade_output_stagnation_epochs=12
cascade_candidate_change_fraction=0.010000
cascade_candidate_stagnation_epochs=12
cascade_max_out_epochs=150
cascade_min_out_epochs=50
cascade_max_cand_epochs=150
cascade_min_cand_epochs=50
cascade_num_candidate_groups=2
bit_fail_limit=3.49999994039535522461e-01
cascade_candidate_limit=1.00000000000000000000e+03
cascade_weight_multiplier=4.00000005960464477539e-01
cascade_activation_functions_count=10
cascade_activation_functions=3 5 7 8 10 11 14 15 16 17 
cascade_activation_steepnesses_count=4
cascade_activation_steepnesses=2.50000000000000000000e-01 5.00000000000000000000e-01 7.50000000000000000000e-01 1.00000000000000000000e+00 
layer_sizes=7 9 2 
scale_included=0
neurons (num_inputs, activation_function, activation_steepness)=(0, 0, 0.00000000000000000000e+00) (0, 0, 0.00000000000000000000e+00) (0, 0, 0.00000000000000000000e+00) (0, 0, 0.00000000000000000000e+00) (0, 0, 0.00000000000000000000e+00) (0, 0, 0.00000000000000000000e+00) (0, 0, 0.00000000000000000000e+00) (7, 3, 5.00000000000000000000e-01) (7, 3, 5.00000000000000000000e-01) (7, 3, 5.00000000000000000000e-01) (7, 3, 5.00000000000000000000e-01) (7, 3, 5.00000000000000000000e-01) (7, 3, 5.00000000000000000000e-01) (7, 3, 5.00000000000000000000e-01) (7, 3, 5.00000000000000000000e-01) (0, 3, 0.00000000000000000000e+00) (9, 0, 5.00000000000000000000e-01) (0, 0, 0.00000000000000000000e+00) 
connections (connected_to_neuron, weight)=(0, -1.50000000000000000000e+03) (1, -1.50000000000000000000e+03) (2, -3.14803528785705566406e+00) (3, -2.01013137817382812500e+02) (4, -1.50000000000000000000e+03) (5, -4.64183715820312500000e+02) (6, -5.95560908317565917969e-01) (0, -6.51275888085365295410e-02) (1, -3.87918166816234588623e-02) (2, 8.57734605669975280762e-02) (3, -1.74010366201400756836e-01) (4, 1.48956239223480224609e-01) (5, 1.80986374616622924805e-02) (6, -2.35954791307449340820e-01) (0, -2.50638306140899658203e-01) (1, 1.83652773499488830566e-01) (2, 8.11484873294830322266e-01) (3, -2.51700907945632934570e-01) (4, -4.22362536191940307617e-01) (5, 8.72482955455780029297e-02) (6, -1.27353811264038085938e+00) (0, -1.68091177940368652344e-01) (1, -2.46272101998329162598e-01) (2, -3.84997320175170898438e+00) (3, -8.29816982150077819824e-02) (4, 1.21425652503967285156e+00) (5, -2.13885769248008728027e-01) (6, 2.97500443458557128906e+00) (0, -1.28748705610632896423e-02) (1, -1.14600792527198791504e-01) (2, 1.14293169975280761719e+00) (3, -2.04289451241493225098e-01) (4, -1.68958261609077453613e-01) (5, -3.85062247514724731445e-01) (6, -6.18390130996704101562e+00) (0, -2.02253863215446472168e-01) (1, -2.57100820541381835938e-01) (2, -7.34519767761230468750e+00) (3, -2.97572970390319824219e-01) (4, 2.08225464820861816406e+00) (5, -2.14686971157789230347e-02) (6, 1.87428379058837890625e+00) (0, -2.07954168319702148438e-01) (1, -3.67566049098968505859e-01) (2, -6.58344650268554687500e+00) (3, -3.83389621973037719727e-01) (4, 5.77622652053833007812e-01) (5, 7.09214496612548828125e+00) (6, -2.36478805541992187500e-01) (0, -1.50000000000000000000e+03) (1, -1.50000000000000000000e+03) (2, -3.23182177543640136719e+00) (3, -2.01118850708007812500e+02) (4, -1.50000000000000000000e+03) (5, -7.14734191894531250000e+02) (6, -7.35600411891937255859e-01) (7, 1.50000000000000000000e+03) (8, -4.05220575630664825439e-02) (9, 1.80863589048385620117e-01) (10, -3.06786373257637023926e-02) (11, -2.05527529120445251465e-01) (12, 2.78489384800195693970e-02) (13, -2.18299161642789840698e-02) (14, 1.50000000000000000000e+03) (15, 3.02614141255617141724e-02) 
