FANN_FLO_2.1
num_layers=4
learning_rate=0.300000
connection_rate=1.000000
network_type=0
learning_momentum=0.000000
training_algorithm=2
train_error_function=1
train_stop_function=0
cascade_output_change_fraction=0.010000
quickprop_decay=-0.000100
quickprop_mu=1.750000
rprop_increase_factor=1.200000
rprop_decrease_factor=0.500000
rprop_delta_min=0.000000
rprop_delta_max=50.000000
rprop_delta_zero=0.100000
cascade_output_stagnation_epochs=12
cascade_candidate_change_fraction=0.010000
cascade_candidate_stagnation_epochs=12
cascade_max_out_epochs=150
cascade_min_out_epochs=50
cascade_max_cand_epochs=150
cascade_min_cand_epochs=50
cascade_num_candidate_groups=2
bit_fail_limit=3.49999994039535522461e-01
cascade_candidate_limit=1.00000000000000000000e+03
cascade_weight_multiplier=4.00000005960464477539e-01
cascade_activation_functions_count=10
cascade_activation_functions=3 5 7 8 10 11 14 15 16 17 
cascade_activation_steepnesses_count=4
cascade_activation_steepnesses=2.50000000000000000000e-01 5.00000000000000000000e-01 7.50000000000000000000e-01 1.00000000000000000000e+00 
layer_sizes=2 5 3 3 
scale_included=0
neurons (num_inputs, activation_function, activation_steepness)=(0, 0, 0.00000000000000000000e+00) (0, 0, 0.00000000000000000000e+00) (2, 3, 5.00000000000000000000e-01) (2, 3, 5.00000000000000000000e-01) (2, 3, 5.00000000000000000000e-01) (2, 3, 5.00000000000000000000e-01) (0, 3, 0.00000000000000000000e+00) (5, 3, 5.00000000000000000000e-01) (5, 3, 5.00000000000000000000e-01) (0, 3, 0.00000000000000000000e+00) (3, 0, 5.00000000000000000000e-01) (3, 0, 5.00000000000000000000e-01) (0, 0, 0.00000000000000000000e+00) 
connections (connected_to_neuron, weight)=(0, -4.77233320474624633789e-01) (1, -6.92738533020019531250e-01) (0, -3.82965624332427978516e-01) (1, 1.10874235630035400391e-01) (0, 1.50000000000000000000e+03) (1, -1.61844566464424133301e-01) (0, 1.50000000000000000000e+03) (1, 7.46051818132400512695e-02) (2, 5.89842319488525390625e-01) (3, 3.19846898317337036133e-01) (4, -1.30477070808410644531e+00) (5, -3.29601192474365234375e+00) (6, 5.51411688327789306641e-01) (2, 5.77161133289337158203e-01) (3, 3.13182204961776733398e-01) (4, -3.19531464576721191406e+00) (5, -2.61683559417724609375e+00) (6, 4.37936902046203613281e-01) (7, 1.19646981358528137207e-01) (8, 1.19772493839263916016e-01) (9, -1.76418721675872802734e-01) (7, -1.00289630889892578125e+00) (8, -8.42616379261016845703e-01) (9, -9.62322473526000976562e-01) 
