FANN_FLO_2.1
num_layers=4
learning_rate=0.300000
connection_rate=1.000000
network_type=0
learning_momentum=0.000000
training_algorithm=2
train_error_function=1
train_stop_function=0
cascade_output_change_fraction=0.010000
quickprop_decay=-0.000100
quickprop_mu=1.750000
rprop_increase_factor=1.200000
rprop_decrease_factor=0.500000
rprop_delta_min=0.000000
rprop_delta_max=50.000000
rprop_delta_zero=0.100000
cascade_output_stagnation_epochs=12
cascade_candidate_change_fraction=0.010000
cascade_candidate_stagnation_epochs=12
cascade_max_out_epochs=150
cascade_min_out_epochs=50
cascade_max_cand_epochs=150
cascade_min_cand_epochs=50
cascade_num_candidate_groups=2
bit_fail_limit=3.49999994039535522461e-01
cascade_candidate_limit=1.00000000000000000000e+03
cascade_weight_multiplier=4.00000005960464477539e-01
cascade_activation_functions_count=10
cascade_activation_functions=3 5 7 8 10 11 14 15 16 17 
cascade_activation_steepnesses_count=4
cascade_activation_steepnesses=2.50000000000000000000e-01 5.00000000000000000000e-01 7.50000000000000000000e-01 1.00000000000000000000e+00 
layer_sizes=2 5 5 3 
scale_included=0
neurons (num_inputs, activation_function, activation_steepness)=(0, 0, 0.00000000000000000000e+00) (0, 0, 0.00000000000000000000e+00) (2, 3, 5.00000000000000000000e-01) (2, 3, 5.00000000000000000000e-01) (2, 3, 5.00000000000000000000e-01) (2, 3, 5.00000000000000000000e-01) (0, 3, 0.00000000000000000000e+00) (5, 3, 5.00000000000000000000e-01) (5, 3, 5.00000000000000000000e-01) (5, 3, 5.00000000000000000000e-01) (5, 3, 5.00000000000000000000e-01) (0, 3, 0.00000000000000000000e+00) (5, 0, 5.00000000000000000000e-01) (5, 0, 5.00000000000000000000e-01) (0, 0, 0.00000000000000000000e+00) 
connections (connected_to_neuron, weight)=(0, -1.50199060440063476562e+01) (1, -2.04040622711181640625e+00) (0, -1.47821187973022460938e+01) (1, -1.09825897216796875000e+00) (0, -1.45853698253631591797e+00) (1, -3.36874985694885253906e+00) (0, -1.01334679126739501953e+00) (1, -2.37785768508911132812e+00) (2, 7.90866196155548095703e-01) (3, 5.95938861370086669922e-01) (4, 1.05731534957885742188e+00) (5, 7.83640146255493164062e-01) (6, -1.30160236358642578125e+00) (2, 7.41564512252807617188e-01) (3, 4.24553126096725463867e-01) (4, 1.11403071880340576172e+00) (5, 5.18596708774566650391e-01) (6, -3.19522976875305175781e-01) (2, -1.09689390659332275391e+00) (3, -1.50819882750511169434e-01) (4, 1.66840040683746337891e+00) (5, 2.76825904846191406250e-01) (6, -1.42604231834411621094e-01) (2, 5.51432251930236816406e-01) (3, 4.13547724485397338867e-01) (4, 5.56971609592437744141e-01) (5, 4.19767677783966064453e-01) (6, 3.01179349422454833984e-01) (7, 2.76990771293640136719e-01) (8, 7.40325227379798889160e-02) (9, -2.91273832321166992188e-01) (10, 2.61626485735177993774e-02) (11, -1.50013312697410583496e-01) (7, -6.57258391380310058594e-01) (8, -5.81569075584411621094e-01) (9, -6.48531317710876464844e-01) (10, -4.94503378868103027344e-01) (11, -3.09108227491378784180e-01) 
