FANN_FLO_2.1
num_layers=4
learning_rate=0.500000
connection_rate=1.000000
network_type=0
learning_momentum=0.000000
training_algorithm=2
train_error_function=1
train_stop_function=0
cascade_output_change_fraction=0.010000
quickprop_decay=-0.000100
quickprop_mu=1.750000
rprop_increase_factor=1.200000
rprop_decrease_factor=0.500000
rprop_delta_min=0.000000
rprop_delta_max=50.000000
rprop_delta_zero=0.100000
cascade_output_stagnation_epochs=12
cascade_candidate_change_fraction=0.010000
cascade_candidate_stagnation_epochs=12
cascade_max_out_epochs=150
cascade_min_out_epochs=50
cascade_max_cand_epochs=150
cascade_min_cand_epochs=50
cascade_num_candidate_groups=2
bit_fail_limit=3.49999994039535522461e-01
cascade_candidate_limit=1.00000000000000000000e+03
cascade_weight_multiplier=4.00000005960464477539e-01
cascade_activation_functions_count=10
cascade_activation_functions=3 5 7 8 10 11 14 15 16 17 
cascade_activation_steepnesses_count=4
cascade_activation_steepnesses=2.50000000000000000000e-01 5.00000000000000000000e-01 7.50000000000000000000e-01 1.00000000000000000000e+00 
layer_sizes=4 5 5 2 
scale_included=0
neurons (num_inputs, activation_function, activation_steepness)=(0, 0, 0.00000000000000000000e+00) (0, 0, 0.00000000000000000000e+00) (0, 0, 0.00000000000000000000e+00) (0, 0, 0.00000000000000000000e+00) (4, 3, 5.00000000000000000000e-01) (4, 3, 5.00000000000000000000e-01) (4, 3, 5.00000000000000000000e-01) (4, 3, 5.00000000000000000000e-01) (0, 3, 0.00000000000000000000e+00) (5, 3, 5.00000000000000000000e-01) (5, 3, 5.00000000000000000000e-01) (5, 3, 5.00000000000000000000e-01) (5, 3, 5.00000000000000000000e-01) (0, 3, 0.00000000000000000000e+00) (5, 3, 5.00000000000000000000e-01) (0, 3, 0.00000000000000000000e+00) 
connections (connected_to_neuron, weight)=(0, -1.71330383300781250000e+02) (1, -2.08663497924804687500e+02) (2, -1.29738806152343750000e+03) (3, -7.36813735961914062500e+01) (0, -6.11858844757080078125e+00) (1, 1.64113616943359375000e+00) (2, -6.57082557678222656250e+00) (3, 5.24433660507202148438e+00) (0, -1.50000000000000000000e+03) (1, 1.83739501953125000000e+02) (2, -1.50000000000000000000e+03) (3, -1.50000000000000000000e+03) (0, -1.11373205184936523438e+01) (1, -3.87758560180664062500e+01) (2, 1.51027545928955078125e+01) (3, 1.30017919540405273438e+01) (4, 1.50000000000000000000e+03) (5, 1.73310279846191406250e+00) (6, 1.50000000000000000000e+03) (7, 5.13939285278320312500e+00) (8, -8.54421183466911315918e-02) (4, -1.16698474121093750000e+03) (5, 5.25641489028930664062e+00) (6, 1.50000000000000000000e+03) (7, 1.94543242454528808594e+00) (8, -1.13829863071441650391e+00) (4, -1.16698474121093750000e+03) (5, 1.13681392669677734375e+01) (6, 1.50000000000000000000e+03) (7, 1.01940708160400390625e+01) (8, -5.79613542556762695312e+00) (4, -1.16698474121093750000e+03) (5, 1.08365764617919921875e+01) (6, 1.50000000000000000000e+03) (7, 8.54645919799804687500e+00) (8, -5.18651628494262695312e+00) (9, 3.45247268676757812500e+00) (10, -2.12169393897056579590e-01) (11, -2.84775876998901367188e+00) (12, -3.28271555900573730469e+00) (13, 6.75268709659576416016e-01) 
