FANN_FLO_2.1
num_layers=4
learning_rate=0.450000
connection_rate=1.000000
network_type=0
learning_momentum=0.000000
training_algorithm=2
train_error_function=1
train_stop_function=0
cascade_output_change_fraction=0.010000
quickprop_decay=-0.000100
quickprop_mu=1.750000
rprop_increase_factor=1.200000
rprop_decrease_factor=0.500000
rprop_delta_min=0.000000
rprop_delta_max=50.000000
rprop_delta_zero=0.100000
cascade_output_stagnation_epochs=12
cascade_candidate_change_fraction=0.010000
cascade_candidate_stagnation_epochs=12
cascade_max_out_epochs=150
cascade_min_out_epochs=50
cascade_max_cand_epochs=150
cascade_min_cand_epochs=50
cascade_num_candidate_groups=2
bit_fail_limit=3.49999994039535522461e-01
cascade_candidate_limit=1.00000000000000000000e+03
cascade_weight_multiplier=4.00000005960464477539e-01
cascade_activation_functions_count=10
cascade_activation_functions=3 5 7 8 10 11 14 15 16 17 
cascade_activation_steepnesses_count=4
cascade_activation_steepnesses=2.50000000000000000000e-01 5.00000000000000000000e-01 7.50000000000000000000e-01 1.00000000000000000000e+00 
layer_sizes=7 3 3 2 
scale_included=0
neurons (num_inputs, activation_function, activation_steepness)=(0, 0, 0.00000000000000000000e+00) (0, 0, 0.00000000000000000000e+00) (0, 0, 0.00000000000000000000e+00) (0, 0, 0.00000000000000000000e+00) (0, 0, 0.00000000000000000000e+00) (0, 0, 0.00000000000000000000e+00) (0, 0, 0.00000000000000000000e+00) (7, 3, 5.00000000000000000000e-01) (7, 3, 5.00000000000000000000e-01) (0, 3, 0.00000000000000000000e+00) (3, 3, 5.00000000000000000000e-01) (3, 3, 5.00000000000000000000e-01) (0, 3, 0.00000000000000000000e+00) (3, 0, 5.00000000000000000000e-01) (0, 0, 0.00000000000000000000e+00) 
connections (connected_to_neuron, weight)=(0, 1.78890258073806762695e-01) (1, -1.46153777837753295898e-01) (2, -9.19234633445739746094e-01) (3, 4.19165432453155517578e-01) (4, 4.41007763147354125977e-01) (5, -3.47836226224899291992e-01) (6, 4.80792760848999023438e+00) (0, 3.29515695571899414062e-01) (1, 5.79308152198791503906e-01) (2, -1.29472887516021728516e+00) (3, 5.11635303497314453125e-01) (4, 7.15241551399230957031e-01) (5, -1.08974289894104003906e+00) (6, 5.61987340450286865234e-01) (7, -2.28341140747070312500e+01) (8, 6.46397476196289062500e+01) (9, 7.43693971633911132812e+00) (7, -1.49393774414062500000e+03) (8, 4.87367897033691406250e+01) (9, -3.53780531883239746094e+00) (10, -7.23637104034423828125e-01) (11, -1.53580559417605400085e-02) (12, 7.38571226596832275391e-01) 
