FANN_FLO_2.1
num_layers=3
learning_rate=0.500000
connection_rate=1.000000
network_type=0
learning_momentum=0.000000
training_algorithm=2
train_error_function=1
train_stop_function=0
cascade_output_change_fraction=0.010000
quickprop_decay=-0.000100
quickprop_mu=1.750000
rprop_increase_factor=1.200000
rprop_decrease_factor=0.500000
rprop_delta_min=0.000000
rprop_delta_max=50.000000
rprop_delta_zero=0.100000
cascade_output_stagnation_epochs=12
cascade_candidate_change_fraction=0.010000
cascade_candidate_stagnation_epochs=12
cascade_max_out_epochs=150
cascade_min_out_epochs=50
cascade_max_cand_epochs=150
cascade_min_cand_epochs=50
cascade_num_candidate_groups=2
bit_fail_limit=3.49999994039535522461e-01
cascade_candidate_limit=1.00000000000000000000e+03
cascade_weight_multiplier=4.00000005960464477539e-01
cascade_activation_functions_count=10
cascade_activation_functions=3 5 7 8 10 11 14 15 16 17 
cascade_activation_steepnesses_count=4
cascade_activation_steepnesses=2.50000000000000000000e-01 5.00000000000000000000e-01 7.50000000000000000000e-01 1.00000000000000000000e+00 
layer_sizes=7 9 2 
scale_included=0
neurons (num_inputs, activation_function, activation_steepness)=(0, 0, 0.00000000000000000000e+00) (0, 0, 0.00000000000000000000e+00) (0, 0, 0.00000000000000000000e+00) (0, 0, 0.00000000000000000000e+00) (0, 0, 0.00000000000000000000e+00) (0, 0, 0.00000000000000000000e+00) (0, 0, 0.00000000000000000000e+00) (7, 3, 5.00000000000000000000e-01) (7, 3, 5.00000000000000000000e-01) (7, 3, 5.00000000000000000000e-01) (7, 3, 5.00000000000000000000e-01) (7, 3, 5.00000000000000000000e-01) (7, 3, 5.00000000000000000000e-01) (7, 3, 5.00000000000000000000e-01) (7, 3, 5.00000000000000000000e-01) (0, 3, 0.00000000000000000000e+00) (9, 0, 5.00000000000000000000e-01) (0, 0, 0.00000000000000000000e+00) 
connections (connected_to_neuron, weight)=(0, -1.27009601593017578125e+01) (1, -4.55010032653808593750e+00) (2, 9.26899242401123046875e+00) (3, 1.19183909893035888672e+00) (4, -5.38419978693127632141e-03) (5, -1.25987723469734191895e-01) (6, -5.96001267433166503906e-01) (0, -4.69130802154541015625e+00) (1, -1.10751700401306152344e+00) (2, 7.89562559127807617188e+00) (3, -4.38389301300048828125e+00) (4, -1.86293578147888183594e+00) (5, 7.53037631511688232422e-01) (6, -1.95405393838882446289e-01) (0, -8.96956324577331542969e-02) (1, 1.42810970544815063477e-01) (2, 4.07129257917404174805e-01) (3, -4.16170693933963775635e-02) (4, -1.54624208807945251465e-01) (5, -3.52406412363052368164e-01) (6, -5.03666549921035766602e-02) (0, -9.91504371166229248047e-01) (1, -2.61828154325485229492e-01) (2, -2.61806070804595947266e-01) (3, -2.78574287891387939453e-01) (4, -3.87539975345134735107e-02) (5, 1.71637523174285888672e+00) (6, -1.07165947556495666504e-01) (0, -9.23030853271484375000e+00) (1, -6.49382114410400390625e-01) (2, 1.22724866867065429688e+01) (3, -2.60885143280029296875e+00) (4, -1.15168297290802001953e+00) (5, 2.36172065138816833496e-01) (6, -2.91123032569885253906e-01) (0, -1.01609592437744140625e+01) (1, -2.40605139732360839844e+00) (2, 2.15168743133544921875e+01) (3, -2.32039604187011718750e+01) (4, -4.18188619613647460938e+00) (5, -3.25566864013671875000e+01) (6, -1.42655611038208007812e-01) (0, -1.57840937376022338867e-01) (1, 1.76135644316673278809e-01) (2, -1.16528393700718879700e-02) (3, 4.80405353009700775146e-02) (4, 1.52926295995712280273e-01) (5, 2.09074184298515319824e-01) (6, 1.89464783668518066406e+00) (0, -1.14122998714447021484e+00) (1, -1.90397590398788452148e-01) (2, -1.42127466201782226562e+00) (3, -9.32467281818389892578e-02) (4, -1.13595634698867797852e-01) (5, 3.24467509984970092773e-01) (6, -4.69991303980350494385e-02) (7, -9.34371259063482284546e-03) (8, -5.75610303878784179688e+00) (9, -2.09121983498334884644e-02) (10, -1.48156704381108283997e-02) (11, -3.95698584616184234619e-02) (12, 1.22348728179931640625e+01) (13, -6.88187777996063232422e-02) (14, 8.41288641095161437988e-03) (15, 8.38370621204376220703e-02) 
