FANN_FLO_2.1
num_layers=3
learning_rate=0.500000
connection_rate=1.000000
network_type=0
learning_momentum=0.000000
training_algorithm=2
train_error_function=1
train_stop_function=0
cascade_output_change_fraction=0.010000
quickprop_decay=-0.000100
quickprop_mu=1.750000
rprop_increase_factor=1.200000
rprop_decrease_factor=0.500000
rprop_delta_min=0.000000
rprop_delta_max=50.000000
rprop_delta_zero=0.100000
cascade_output_stagnation_epochs=12
cascade_candidate_change_fraction=0.010000
cascade_candidate_stagnation_epochs=12
cascade_max_out_epochs=150
cascade_min_out_epochs=50
cascade_max_cand_epochs=150
cascade_min_cand_epochs=50
cascade_num_candidate_groups=2
bit_fail_limit=3.49999994039535522461e-01
cascade_candidate_limit=1.00000000000000000000e+03
cascade_weight_multiplier=4.00000005960464477539e-01
cascade_activation_functions_count=10
cascade_activation_functions=3 5 7 8 10 11 14 15 16 17 
cascade_activation_steepnesses_count=4
cascade_activation_steepnesses=2.50000000000000000000e-01 5.00000000000000000000e-01 7.50000000000000000000e-01 1.00000000000000000000e+00 
layer_sizes=3 5 4 
scale_included=0
neurons (num_inputs, activation_function, activation_steepness)=(0, 0, 0.00000000000000000000e+00) (0, 0, 0.00000000000000000000e+00) (0, 0, 0.00000000000000000000e+00) (3, 3, 5.00000000000000000000e-01) (3, 3, 5.00000000000000000000e-01) (3, 3, 5.00000000000000000000e-01) (3, 3, 5.00000000000000000000e-01) (0, 3, 0.00000000000000000000e+00) (5, 0, 5.00000000000000000000e-01) (5, 0, 5.00000000000000000000e-01) (5, 0, 5.00000000000000000000e-01) (0, 0, 0.00000000000000000000e+00) 
connections (connected_to_neuron, weight)=(0, -1.33979368209838867188e+00) (1, -9.11700129508972167969e-01) (2, 3.11303585767745971680e-01) (0, -1.99874210357666015625e+01) (1, 1.30908174514770507812e+01) (2, 7.57379102706909179688e+00) (0, -2.53928508758544921875e+01) (1, 1.23437290191650390625e+01) (2, -4.62327051162719726562e+00) (0, -1.08366394042968750000e+01) (1, 1.42218208312988281250e+01) (2, 7.17950534820556640625e+00) (3, 5.77065753936767578125e+00) (4, 1.34171080589294433594e+00) (5, 1.82159686088562011719e+00) (6, 1.13819324970245361328e+00) (7, 6.39838635921478271484e-01) (3, 1.75250530242919921875e+01) (4, 4.28257942199707031250e+00) (5, 4.24783086776733398438e+00) (6, 4.50744676589965820312e+00) (7, 3.19391798973083496094e+00) (3, 5.37581291198730468750e+01) (4, 1.38901348114013671875e+01) (5, 1.27990932464599609375e+01) (6, 1.53295459747314453125e+01) (7, 1.55464162826538085938e+01) 
