FANN_FLO_2.1
num_layers=3
learning_rate=0.400000
connection_rate=1.000000
network_type=0
learning_momentum=0.000000
training_algorithm=2
train_error_function=1
train_stop_function=0
cascade_output_change_fraction=0.010000
quickprop_decay=-0.000100
quickprop_mu=1.750000
rprop_increase_factor=1.200000
rprop_decrease_factor=0.500000
rprop_delta_min=0.000000
rprop_delta_max=50.000000
rprop_delta_zero=0.100000
cascade_output_stagnation_epochs=12
cascade_candidate_change_fraction=0.010000
cascade_candidate_stagnation_epochs=12
cascade_max_out_epochs=150
cascade_min_out_epochs=50
cascade_max_cand_epochs=150
cascade_min_cand_epochs=50
cascade_num_candidate_groups=2
bit_fail_limit=3.49999994039535522461e-01
cascade_candidate_limit=1.00000000000000000000e+03
cascade_weight_multiplier=4.00000005960464477539e-01
cascade_activation_functions_count=10
cascade_activation_functions=3 5 7 8 10 11 14 15 16 17 
cascade_activation_steepnesses_count=4
cascade_activation_steepnesses=2.50000000000000000000e-01 5.00000000000000000000e-01 7.50000000000000000000e-01 1.00000000000000000000e+00 
layer_sizes=6 5 2 
scale_included=0
neurons (num_inputs, activation_function, activation_steepness)=(0, 0, 0.00000000000000000000e+00) (0, 0, 0.00000000000000000000e+00) (0, 0, 0.00000000000000000000e+00) (0, 0, 0.00000000000000000000e+00) (0, 0, 0.00000000000000000000e+00) (0, 0, 0.00000000000000000000e+00) (6, 3, 5.00000000000000000000e-01) (6, 3, 5.00000000000000000000e-01) (6, 3, 5.00000000000000000000e-01) (6, 3, 5.00000000000000000000e-01) (0, 3, 0.00000000000000000000e+00) (5, 0, 5.00000000000000000000e-01) (0, 0, 0.00000000000000000000e+00) 
connections (connected_to_neuron, weight)=(0, -1.50000000000000000000e+03) (1, -1.50000000000000000000e+03) (2, 3.69944238662719726562e+00) (3, -1.42286468505859375000e+02) (4, -9.25282001495361328125e+00) (5, -3.07113742828369140625e+01) (0, -1.50000000000000000000e+03) (1, -1.50000000000000000000e+03) (2, -3.25219798088073730469e+00) (3, -9.88183059692382812500e+01) (4, 7.18460619449615478516e-01) (5, -1.12679040431976318359e+00) (0, -1.50000000000000000000e+03) (1, -3.93209052085876464844e+00) (2, -1.74373701214790344238e-01) (3, -2.39485239982604980469e+00) (4, 5.23401558399200439453e-01) (5, -9.21479284763336181641e-01) (0, -1.50000000000000000000e+03) (1, -1.50000000000000000000e+03) (2, 2.97773671150207519531e+00) (3, -1.95765838623046875000e+02) (4, -5.97632369995117187500e+01) (5, -4.75579643249511718750e+01) (6, 6.85535287857055664062e+00) (7, 5.79015636444091796875e+00) (8, 3.20022106170654296875e+00) (9, 1.06663599014282226562e+01) (10, 7.50024914741516113281e-01) 
