FANN_FLO_2.1
num_layers=4
learning_rate=0.500000
connection_rate=1.000000
network_type=0
learning_momentum=0.000000
training_algorithm=2
train_error_function=1
train_stop_function=0
cascade_output_change_fraction=0.010000
quickprop_decay=-0.000100
quickprop_mu=1.750000
rprop_increase_factor=1.200000
rprop_decrease_factor=0.500000
rprop_delta_min=0.000000
rprop_delta_max=50.000000
rprop_delta_zero=0.100000
cascade_output_stagnation_epochs=12
cascade_candidate_change_fraction=0.010000
cascade_candidate_stagnation_epochs=12
cascade_max_out_epochs=150
cascade_min_out_epochs=50
cascade_max_cand_epochs=150
cascade_min_cand_epochs=50
cascade_num_candidate_groups=2
bit_fail_limit=3.49999994039535522461e-01
cascade_candidate_limit=1.00000000000000000000e+03
cascade_weight_multiplier=4.00000005960464477539e-01
cascade_activation_functions_count=10
cascade_activation_functions=3 5 7 8 10 11 14 15 16 17 
cascade_activation_steepnesses_count=4
cascade_activation_steepnesses=2.50000000000000000000e-01 5.00000000000000000000e-01 7.50000000000000000000e-01 1.00000000000000000000e+00 
layer_sizes=4 5 3 2 
scale_included=0
neurons (num_inputs, activation_function, activation_steepness)=(0, 0, 0.00000000000000000000e+00) (0, 0, 0.00000000000000000000e+00) (0, 0, 0.00000000000000000000e+00) (0, 0, 0.00000000000000000000e+00) (4, 3, 5.00000000000000000000e-01) (4, 3, 5.00000000000000000000e-01) (4, 3, 5.00000000000000000000e-01) (4, 3, 5.00000000000000000000e-01) (0, 3, 0.00000000000000000000e+00) (5, 3, 5.00000000000000000000e-01) (5, 3, 5.00000000000000000000e-01) (0, 3, 0.00000000000000000000e+00) (3, 3, 5.00000000000000000000e-01) (0, 3, 0.00000000000000000000e+00) 
connections (connected_to_neuron, weight)=(0, -4.44136857986450195312e+00) (1, -3.51732707023620605469e+00) (2, -1.56093686819076538086e-01) (3, 2.54303693771362304688e+00) (0, -2.82533764839172363281e+00) (1, -7.12264347076416015625e+00) (2, 6.64255917072296142578e-01) (3, 1.92461562156677246094e+00) (0, -8.40608703613281250000e+02) (1, -7.14624710083007812500e+01) (2, -1.27491462707519531250e+02) (3, -2.89706420898437500000e+01) (0, -2.82273077964782714844e+00) (1, -7.09691238403320312500e+00) (2, 3.12180697917938232422e-01) (3, 2.01489901542663574219e+00) (4, 3.19484157562255859375e+01) (5, 1.23711872100830078125e+01) (6, 1.12055993652343750000e+03) (7, 1.52226400375366210938e+01) (8, -8.37582588195800781250e+00) (4, -1.17278325557708740234e+00) (5, 3.55990076065063476562e+00) (6, 8.15788574218750000000e+02) (7, 3.42382216453552246094e+00) (8, -4.90050697326660156250e+00) (9, -4.65804624557495117188e+00) (10, 5.76157331466674804688e-01) (11, 2.28891181945800781250e+00) 
