FANN_FLO_2.1
num_layers=4
learning_rate=0.450000
connection_rate=1.000000
network_type=0
learning_momentum=0.000000
training_algorithm=2
train_error_function=1
train_stop_function=0
cascade_output_change_fraction=0.010000
quickprop_decay=-0.000100
quickprop_mu=1.750000
rprop_increase_factor=1.200000
rprop_decrease_factor=0.500000
rprop_delta_min=0.000000
rprop_delta_max=50.000000
rprop_delta_zero=0.100000
cascade_output_stagnation_epochs=12
cascade_candidate_change_fraction=0.010000
cascade_candidate_stagnation_epochs=12
cascade_max_out_epochs=150
cascade_min_out_epochs=50
cascade_max_cand_epochs=150
cascade_min_cand_epochs=50
cascade_num_candidate_groups=2
bit_fail_limit=3.49999994039535522461e-01
cascade_candidate_limit=1.00000000000000000000e+03
cascade_weight_multiplier=4.00000005960464477539e-01
cascade_activation_functions_count=10
cascade_activation_functions=3 5 7 8 10 11 14 15 16 17 
cascade_activation_steepnesses_count=4
cascade_activation_steepnesses=2.50000000000000000000e-01 5.00000000000000000000e-01 7.50000000000000000000e-01 1.00000000000000000000e+00 
layer_sizes=7 3 3 2 
scale_included=0
neurons (num_inputs, activation_function, activation_steepness)=(0, 0, 0.00000000000000000000e+00) (0, 0, 0.00000000000000000000e+00) (0, 0, 0.00000000000000000000e+00) (0, 0, 0.00000000000000000000e+00) (0, 0, 0.00000000000000000000e+00) (0, 0, 0.00000000000000000000e+00) (0, 0, 0.00000000000000000000e+00) (7, 3, 5.00000000000000000000e-01) (7, 3, 5.00000000000000000000e-01) (0, 3, 0.00000000000000000000e+00) (3, 3, 5.00000000000000000000e-01) (3, 3, 5.00000000000000000000e-01) (0, 3, 0.00000000000000000000e+00) (3, 0, 5.00000000000000000000e-01) (0, 0, 0.00000000000000000000e+00) 
connections (connected_to_neuron, weight)=(0, 1.03715286254882812500e+02) (1, -2.18507385253906250000e+01) (2, -8.92697830200195312500e+01) (3, 1.67362335205078125000e+02) (4, -2.44761093139648437500e+02) (5, -3.79250755310058593750e+01) (6, 5.41291058063507080078e-01) (0, -1.34640527343750000000e+03) (1, 1.51886329650878906250e+01) (2, -1.50000000000000000000e+03) (3, -2.05758113861083984375e+01) (4, -5.52928428649902343750e+01) (5, -1.50000000000000000000e+03) (6, -1.07842893600463867188e+01) (7, 5.24317026138305664062e+00) (8, 1.50000000000000000000e+03) (9, -3.97390747070312500000e+00) (7, -1.56460113525390625000e+01) (8, 1.50000000000000000000e+03) (9, -1.62524908781051635742e-01) (10, -4.32520270347595214844e-01) (11, -7.21473276615142822266e-01) (12, 3.56524974107742309570e-01) 
