FANN_FLO_2.1
num_layers=4
learning_rate=0.450000
connection_rate=1.000000
network_type=0
learning_momentum=0.000000
training_algorithm=2
train_error_function=1
train_stop_function=0
cascade_output_change_fraction=0.010000
quickprop_decay=-0.000100
quickprop_mu=1.750000
rprop_increase_factor=1.200000
rprop_decrease_factor=0.500000
rprop_delta_min=0.000000
rprop_delta_max=50.000000
rprop_delta_zero=0.100000
cascade_output_stagnation_epochs=12
cascade_candidate_change_fraction=0.010000
cascade_candidate_stagnation_epochs=12
cascade_max_out_epochs=150
cascade_min_out_epochs=50
cascade_max_cand_epochs=150
cascade_min_cand_epochs=50
cascade_num_candidate_groups=2
bit_fail_limit=3.49999994039535522461e-01
cascade_candidate_limit=1.00000000000000000000e+03
cascade_weight_multiplier=4.00000005960464477539e-01
cascade_activation_functions_count=10
cascade_activation_functions=3 5 7 8 10 11 14 15 16 17 
cascade_activation_steepnesses_count=4
cascade_activation_steepnesses=2.50000000000000000000e-01 5.00000000000000000000e-01 7.50000000000000000000e-01 1.00000000000000000000e+00 
layer_sizes=7 5 3 2 
scale_included=0
neurons (num_inputs, activation_function, activation_steepness)=(0, 0, 0.00000000000000000000e+00) (0, 0, 0.00000000000000000000e+00) (0, 0, 0.00000000000000000000e+00) (0, 0, 0.00000000000000000000e+00) (0, 0, 0.00000000000000000000e+00) (0, 0, 0.00000000000000000000e+00) (0, 0, 0.00000000000000000000e+00) (7, 3, 5.00000000000000000000e-01) (7, 3, 5.00000000000000000000e-01) (7, 3, 5.00000000000000000000e-01) (7, 3, 5.00000000000000000000e-01) (0, 3, 0.00000000000000000000e+00) (5, 3, 5.00000000000000000000e-01) (5, 3, 5.00000000000000000000e-01) (0, 3, 0.00000000000000000000e+00) (3, 0, 5.00000000000000000000e-01) (0, 0, 0.00000000000000000000e+00) 
connections (connected_to_neuron, weight)=(0, -1.27365173339843750000e+03) (1, -1.42434582519531250000e+03) (2, -1.33528308105468750000e+03) (3, 1.47635363769531250000e+03) (4, 1.49220336914062500000e+03) (5, 3.37180175781250000000e+02) (6, 3.76808242797851562500e+01) (0, 1.25039845705032348633e-01) (1, 4.79786396026611328125e-01) (2, 1.03536792099475860596e-01) (3, -8.52974578738212585449e-02) (4, -2.00579687952995300293e-01) (5, -2.15586543083190917969e-01) (6, -2.46935510635375976562e+00) (0, -1.47691198730468750000e+03) (1, -1.42750378417968750000e+03) (2, -1.38089672851562500000e+03) (3, 1.46650793457031250000e+03) (4, 1.49358959960937500000e+03) (5, 1.77768707275390625000e+02) (6, -2.42660641670227050781e+00) (0, -5.83486855030059814453e-01) (1, -1.96406636387109756470e-02) (2, -3.96169163286685943604e-03) (3, 4.94644075632095336914e-01) (4, -5.21290481090545654297e-01) (5, 5.67480444908142089844e-01) (6, -2.51714944839477539062e-01) (7, 1.50000000000000000000e+03) (8, -1.69200077056884765625e+01) (9, 1.50000000000000000000e+03) (10, 1.77399120330810546875e+01) (11, -3.25998872518539428711e-01) (7, 9.57124137878417968750e+00) (8, -1.86922585964202880859e+00) (9, -1.44761130213737487793e-01) (10, 2.24486427307128906250e+01) (11, -4.11583852767944335938e+00) (12, -4.02019232511520385742e-01) (13, 4.11204010248184204102e-01) (14, 7.27387610822916030884e-03) 
