FANN_FLO_2.1
num_layers=3
learning_rate=0.500000
connection_rate=1.000000
network_type=0
learning_momentum=0.000000
training_algorithm=2
train_error_function=1
train_stop_function=0
cascade_output_change_fraction=0.010000
quickprop_decay=-0.000100
quickprop_mu=1.750000
rprop_increase_factor=1.200000
rprop_decrease_factor=0.500000
rprop_delta_min=0.000000
rprop_delta_max=50.000000
rprop_delta_zero=0.100000
cascade_output_stagnation_epochs=12
cascade_candidate_change_fraction=0.010000
cascade_candidate_stagnation_epochs=12
cascade_max_out_epochs=150
cascade_min_out_epochs=50
cascade_max_cand_epochs=150
cascade_min_cand_epochs=50
cascade_num_candidate_groups=2
bit_fail_limit=3.49999994039535522461e-01
cascade_candidate_limit=1.00000000000000000000e+03
cascade_weight_multiplier=4.00000005960464477539e-01
cascade_activation_functions_count=10
cascade_activation_functions=3 5 7 8 10 11 14 15 16 17 
cascade_activation_steepnesses_count=4
cascade_activation_steepnesses=2.50000000000000000000e-01 5.00000000000000000000e-01 7.50000000000000000000e-01 1.00000000000000000000e+00 
layer_sizes=7 9 2 
scale_included=0
neurons (num_inputs, activation_function, activation_steepness)=(0, 0, 0.00000000000000000000e+00) (0, 0, 0.00000000000000000000e+00) (0, 0, 0.00000000000000000000e+00) (0, 0, 0.00000000000000000000e+00) (0, 0, 0.00000000000000000000e+00) (0, 0, 0.00000000000000000000e+00) (0, 0, 0.00000000000000000000e+00) (7, 3, 5.00000000000000000000e-01) (7, 3, 5.00000000000000000000e-01) (7, 3, 5.00000000000000000000e-01) (7, 3, 5.00000000000000000000e-01) (7, 3, 5.00000000000000000000e-01) (7, 3, 5.00000000000000000000e-01) (7, 3, 5.00000000000000000000e-01) (7, 3, 5.00000000000000000000e-01) (0, 3, 0.00000000000000000000e+00) (9, 0, 5.00000000000000000000e-01) (0, 0, 0.00000000000000000000e+00) 
connections (connected_to_neuron, weight)=(0, 1.61336138844490051270e-01) (1, -4.85702231526374816895e-02) (2, -9.29847955703735351562e-02) (3, 3.04378539323806762695e-01) (4, -3.60501199960708618164e-01) (5, 7.98750482499599456787e-03) (6, 1.20393133163452148438e+00) (0, 2.34846353530883789062e-01) (1, -2.57185249328613281250e+01) (2, 2.50691652297973632812e-01) (3, 3.66684734821319580078e-01) (4, -1.60565841197967529297e+00) (5, -2.58421182632446289062e-01) (6, 7.70464050292968750000e+02) (0, 1.47419165039062500000e+03) (1, 1.50000000000000000000e+03) (2, 1.35005273437500000000e+03) (3, 1.44008752441406250000e+03) (4, 1.50000000000000000000e+03) (5, 1.35005273437500000000e+03) (6, -3.50229293107986450195e-02) (0, -1.44445581054687500000e+03) (1, -1.50000000000000000000e+03) (2, -1.34037817382812500000e+03) (3, -1.40633947753906250000e+03) (4, -1.50000000000000000000e+03) (5, -1.34037817382812500000e+03) (6, 1.14687114953994750977e-01) (0, 1.47419165039062500000e+03) (1, 1.50000000000000000000e+03) (2, 1.35005273437500000000e+03) (3, 1.44008752441406250000e+03) (4, 1.50000000000000000000e+03) (5, 1.35005273437500000000e+03) (6, 1.52443811297416687012e-01) (0, -1.44445581054687500000e+03) (1, -1.50000000000000000000e+03) (2, -1.34037817382812500000e+03) (3, -1.40633947753906250000e+03) (4, -1.50000000000000000000e+03) (5, -1.34037817382812500000e+03) (6, 3.09508264064788818359e-01) (0, 1.47419165039062500000e+03) (1, 1.50000000000000000000e+03) (2, 1.35005273437500000000e+03) (3, 1.44008752441406250000e+03) (4, 1.50000000000000000000e+03) (5, 1.35005273437500000000e+03) (6, 4.35750216245651245117e-01) (0, 2.72630542516708374023e-01) (1, -2.52820167541503906250e+01) (2, -2.28992864489555358887e-01) (3, 3.80167484283447265625e-01) (4, -1.51773452758789062500e+00) (5, -3.36959749460220336914e-01) (6, 7.67307434082031250000e+02) (7, 1.88315615057945251465e-01) (8, 2.95122891664505004883e-01) (9, -1.58627033233642578125e-01) (10, 1.50000000000000000000e+03) (11, -2.15615421533584594727e-01) (12, 1.50000000000000000000e+03) (13, -1.48024111986160278320e-01) (14, 3.07554692029953002930e-01) (15, -2.04940289258956909180e-01) 
