FANN_FLO_2.1
num_layers=4
learning_rate=0.500000
connection_rate=1.000000
network_type=0
learning_momentum=0.000000
training_algorithm=2
train_error_function=1
train_stop_function=0
cascade_output_change_fraction=0.010000
quickprop_decay=-0.000100
quickprop_mu=1.750000
rprop_increase_factor=1.200000
rprop_decrease_factor=0.500000
rprop_delta_min=0.000000
rprop_delta_max=50.000000
rprop_delta_zero=0.100000
cascade_output_stagnation_epochs=12
cascade_candidate_change_fraction=0.010000
cascade_candidate_stagnation_epochs=12
cascade_max_out_epochs=150
cascade_min_out_epochs=50
cascade_max_cand_epochs=150
cascade_min_cand_epochs=50
cascade_num_candidate_groups=2
bit_fail_limit=3.49999994039535522461e-01
cascade_candidate_limit=1.00000000000000000000e+03
cascade_weight_multiplier=4.00000005960464477539e-01
cascade_activation_functions_count=10
cascade_activation_functions=3 5 7 8 10 11 14 15 16 17 
cascade_activation_steepnesses_count=4
cascade_activation_steepnesses=2.50000000000000000000e-01 5.00000000000000000000e-01 7.50000000000000000000e-01 1.00000000000000000000e+00 
layer_sizes=4 5 3 2 
scale_included=0
neurons (num_inputs, activation_function, activation_steepness)=(0, 0, 0.00000000000000000000e+00) (0, 0, 0.00000000000000000000e+00) (0, 0, 0.00000000000000000000e+00) (0, 0, 0.00000000000000000000e+00) (4, 3, 5.00000000000000000000e-01) (4, 3, 5.00000000000000000000e-01) (4, 3, 5.00000000000000000000e-01) (4, 3, 5.00000000000000000000e-01) (0, 3, 0.00000000000000000000e+00) (5, 3, 5.00000000000000000000e-01) (5, 3, 5.00000000000000000000e-01) (0, 3, 0.00000000000000000000e+00) (3, 3, 5.00000000000000000000e-01) (0, 3, 0.00000000000000000000e+00) 
connections (connected_to_neuron, weight)=(0, -7.28802871704101562500e+00) (1, -4.51033681631088256836e-01) (2, -5.42726469039916992188e+00) (3, 5.98598909378051757812e+00) (0, -2.15848217010498046875e+01) (1, -5.59693455696105957031e-01) (2, 1.57169942855834960938e+01) (3, 6.00285530090332031250e-01) (0, -1.15342378616333007812e+01) (1, -3.96648454666137695312e+00) (2, -2.00352668762207031250e+00) (3, 8.49353885650634765625e+00) (0, 1.50000000000000000000e+03) (1, 8.44571456909179687500e+01) (2, 1.85709365844726562500e+02) (3, 3.86139273643493652344e+00) (4, 9.56964588165283203125e+00) (5, -7.88166522979736328125e+00) (6, 8.18633174896240234375e+00) (7, -1.87393331527709960938e+00) (8, -1.66238689422607421875e+00) (4, 7.48051834106445312500e+00) (5, -1.04017705917358398438e+01) (6, 1.26566648483276367188e+01) (7, -2.90224194526672363281e+00) (8, -1.23021125793457031250e+00) (9, -3.54260087013244628906e+00) (10, -1.55499446392059326172e+00) (11, 2.76376867294311523438e+00) 
