FANN_FLO_2.1
num_layers=3
learning_rate=0.500000
connection_rate=1.000000
network_type=0
learning_momentum=0.000000
training_algorithm=2
train_error_function=1
train_stop_function=0
cascade_output_change_fraction=0.010000
quickprop_decay=-0.000100
quickprop_mu=1.750000
rprop_increase_factor=1.200000
rprop_decrease_factor=0.500000
rprop_delta_min=0.000000
rprop_delta_max=50.000000
rprop_delta_zero=0.100000
cascade_output_stagnation_epochs=12
cascade_candidate_change_fraction=0.010000
cascade_candidate_stagnation_epochs=12
cascade_max_out_epochs=150
cascade_min_out_epochs=50
cascade_max_cand_epochs=150
cascade_min_cand_epochs=50
cascade_num_candidate_groups=2
bit_fail_limit=3.49999994039535522461e-01
cascade_candidate_limit=1.00000000000000000000e+03
cascade_weight_multiplier=4.00000005960464477539e-01
cascade_activation_functions_count=10
cascade_activation_functions=3 5 7 8 10 11 14 15 16 17 
cascade_activation_steepnesses_count=4
cascade_activation_steepnesses=2.50000000000000000000e-01 5.00000000000000000000e-01 7.50000000000000000000e-01 1.00000000000000000000e+00 
layer_sizes=7 5 2 
scale_included=0
neurons (num_inputs, activation_function, activation_steepness)=(0, 0, 0.00000000000000000000e+00) (0, 0, 0.00000000000000000000e+00) (0, 0, 0.00000000000000000000e+00) (0, 0, 0.00000000000000000000e+00) (0, 0, 0.00000000000000000000e+00) (0, 0, 0.00000000000000000000e+00) (0, 0, 0.00000000000000000000e+00) (7, 3, 5.00000000000000000000e-01) (7, 3, 5.00000000000000000000e-01) (7, 3, 5.00000000000000000000e-01) (7, 3, 5.00000000000000000000e-01) (0, 3, 0.00000000000000000000e+00) (5, 0, 5.00000000000000000000e-01) (0, 0, 0.00000000000000000000e+00) 
connections (connected_to_neuron, weight)=(0, -1.92227046936750411987e-02) (1, 3.07896047830581665039e-01) (2, -1.46431624889373779297e-01) (3, -2.94586140662431716919e-02) (4, 2.45158582925796508789e-01) (5, -2.98960417509078979492e-01) (6, -7.36510896682739257812e+00) (0, 7.63684511184692382812e-02) (1, -8.44692811369895935059e-02) (2, -1.55217662453651428223e-01) (3, 1.37583717703819274902e-01) (4, -1.40974867343902587891e+00) (5, 9.01338577270507812500e-01) (6, -3.46825480461120605469e+00) (0, -8.28399810791015625000e+01) (1, -7.95534038543701171875e+00) (2, 2.74739599227905273438e+00) (3, 2.21937084197998046875e+00) (4, 8.38155925273895263672e-01) (5, 4.23935985565185546875e+00) (6, 9.61779206991195678711e-02) (0, -7.20285263061523437500e+01) (1, -9.97018432617187500000e+00) (2, 7.85349502563476562500e+01) (3, 1.12643206119537353516e+00) (4, 6.33509218692779541016e-01) (5, 5.60752248764038085938e+00) (6, -8.53288054466247558594e-01) (7, 1.37548325583338737488e-02) (8, 3.45179438591003417969e-01) (9, -3.46175104379653930664e-01) (10, 3.25501710176467895508e-01) (11, 4.86040813848376274109e-03) 
