FANN_FLO_2.1
num_layers=3
learning_rate=0.500000
connection_rate=1.000000
network_type=0
learning_momentum=0.000000
training_algorithm=2
train_error_function=1
train_stop_function=0
cascade_output_change_fraction=0.010000
quickprop_decay=-0.000100
quickprop_mu=1.750000
rprop_increase_factor=1.200000
rprop_decrease_factor=0.500000
rprop_delta_min=0.000000
rprop_delta_max=50.000000
rprop_delta_zero=0.100000
cascade_output_stagnation_epochs=12
cascade_candidate_change_fraction=0.010000
cascade_candidate_stagnation_epochs=12
cascade_max_out_epochs=150
cascade_min_out_epochs=50
cascade_max_cand_epochs=150
cascade_min_cand_epochs=50
cascade_num_candidate_groups=2
bit_fail_limit=3.49999994039535522461e-01
cascade_candidate_limit=1.00000000000000000000e+03
cascade_weight_multiplier=4.00000005960464477539e-01
cascade_activation_functions_count=10
cascade_activation_functions=3 5 7 8 10 11 14 15 16 17 
cascade_activation_steepnesses_count=4
cascade_activation_steepnesses=2.50000000000000000000e-01 5.00000000000000000000e-01 7.50000000000000000000e-01 1.00000000000000000000e+00 
layer_sizes=10 3 2 
scale_included=0
neurons (num_inputs, activation_function, activation_steepness)=(0, 0, 0.00000000000000000000e+00) (0, 0, 0.00000000000000000000e+00) (0, 0, 0.00000000000000000000e+00) (0, 0, 0.00000000000000000000e+00) (0, 0, 0.00000000000000000000e+00) (0, 0, 0.00000000000000000000e+00) (0, 0, 0.00000000000000000000e+00) (0, 0, 0.00000000000000000000e+00) (0, 0, 0.00000000000000000000e+00) (0, 0, 0.00000000000000000000e+00) (10, 3, 5.00000000000000000000e-01) (10, 3, 5.00000000000000000000e-01) (0, 3, 0.00000000000000000000e+00) (3, 3, 5.00000000000000000000e-01) (0, 3, 0.00000000000000000000e+00) 
connections (connected_to_neuron, weight)=(0, -4.91121739149093627930e-01) (1, -4.44305598735809326172e-01) (2, -4.93884474039077758789e-01) (3, -4.64800506830215454102e-01) (4, -4.76302683353424072266e-01) (5, -5.24334669113159179688e-01) (6, -4.58636581897735595703e-01) (7, -4.30515915155410766602e-01) (8, -4.48223650455474853516e-01) (9, 1.42230665683746337891e+00) (0, -4.67845082283020019531e-01) (1, -5.11834681034088134766e-01) (2, -4.51915860176086425781e-01) (3, -4.59080666303634643555e-01) (4, -4.56125587224960327148e-01) (5, -3.98240298032760620117e-01) (6, -5.12911140918731689453e-01) (7, -5.27585804462432861328e-01) (8, -5.21332502365112304688e-01) (9, 1.57286620140075683594e+00) (10, -2.14642238616943359375e+00) (11, -2.12145209312438964844e+00) (12, 1.48829913139343261719e+00) 
