FANN_FLO_2.1
num_layers=4
learning_rate=0.450000
connection_rate=1.000000
network_type=0
learning_momentum=0.000000
training_algorithm=2
train_error_function=1
train_stop_function=0
cascade_output_change_fraction=0.010000
quickprop_decay=-0.000100
quickprop_mu=1.750000
rprop_increase_factor=1.200000
rprop_decrease_factor=0.500000
rprop_delta_min=0.000000
rprop_delta_max=50.000000
rprop_delta_zero=0.100000
cascade_output_stagnation_epochs=12
cascade_candidate_change_fraction=0.010000
cascade_candidate_stagnation_epochs=12
cascade_max_out_epochs=150
cascade_min_out_epochs=50
cascade_max_cand_epochs=150
cascade_min_cand_epochs=50
cascade_num_candidate_groups=2
bit_fail_limit=3.49999994039535522461e-01
cascade_candidate_limit=1.00000000000000000000e+03
cascade_weight_multiplier=4.00000005960464477539e-01
cascade_activation_functions_count=10
cascade_activation_functions=3 5 7 8 10 11 14 15 16 17 
cascade_activation_steepnesses_count=4
cascade_activation_steepnesses=2.50000000000000000000e-01 5.00000000000000000000e-01 7.50000000000000000000e-01 1.00000000000000000000e+00 
layer_sizes=7 3 3 2 
scale_included=0
neurons (num_inputs, activation_function, activation_steepness)=(0, 0, 0.00000000000000000000e+00) (0, 0, 0.00000000000000000000e+00) (0, 0, 0.00000000000000000000e+00) (0, 0, 0.00000000000000000000e+00) (0, 0, 0.00000000000000000000e+00) (0, 0, 0.00000000000000000000e+00) (0, 0, 0.00000000000000000000e+00) (7, 3, 5.00000000000000000000e-01) (7, 3, 5.00000000000000000000e-01) (0, 3, 0.00000000000000000000e+00) (3, 3, 5.00000000000000000000e-01) (3, 3, 5.00000000000000000000e-01) (0, 3, 0.00000000000000000000e+00) (3, 0, 5.00000000000000000000e-01) (0, 0, 0.00000000000000000000e+00) 
connections (connected_to_neuron, weight)=(0, 2.76187717914581298828e-01) (1, 1.31075644493103027344e+00) (2, -9.91213977336883544922e-01) (3, 2.44097664952278137207e-01) (4, 7.05187380313873291016e-01) (5, -1.29507815837860107422e+00) (6, -8.89184951782226562500e-01) (0, -2.80362069606781005859e-01) (1, 3.70493322610855102539e-01) (2, -1.32774794101715087891e+00) (3, 3.26044172048568725586e-01) (4, 1.42558276653289794922e+00) (5, -8.56191813945770263672e-01) (6, 4.39760357141494750977e-01) (7, -3.37216973304748535156e+00) (8, 4.67691361904144287109e-01) (9, 3.75499916076660156250e+00) (7, -1.06294012069702148438e+01) (8, -1.50000000000000000000e+03) (9, 2.84197974205017089844e+00) (10, 4.80206757783889770508e-02) (11, 8.56028842926025390625e+00) (12, -1.90349798649549484253e-02) 
