FANN_FLO_2.1
num_layers=3
learning_rate=0.500000
connection_rate=1.000000
network_type=0
learning_momentum=0.000000
training_algorithm=2
train_error_function=1
train_stop_function=0
cascade_output_change_fraction=0.010000
quickprop_decay=-0.000100
quickprop_mu=1.750000
rprop_increase_factor=1.200000
rprop_decrease_factor=0.500000
rprop_delta_min=0.000000
rprop_delta_max=50.000000
rprop_delta_zero=0.100000
cascade_output_stagnation_epochs=12
cascade_candidate_change_fraction=0.010000
cascade_candidate_stagnation_epochs=12
cascade_max_out_epochs=150
cascade_min_out_epochs=50
cascade_max_cand_epochs=150
cascade_min_cand_epochs=50
cascade_num_candidate_groups=2
bit_fail_limit=3.49999994039535522461e-01
cascade_candidate_limit=1.00000000000000000000e+03
cascade_weight_multiplier=4.00000005960464477539e-01
cascade_activation_functions_count=10
cascade_activation_functions=3 5 7 8 10 11 14 15 16 17 
cascade_activation_steepnesses_count=4
cascade_activation_steepnesses=2.50000000000000000000e-01 5.00000000000000000000e-01 7.50000000000000000000e-01 1.00000000000000000000e+00 
layer_sizes=3 9 4 
scale_included=0
neurons (num_inputs, activation_function, activation_steepness)=(0, 0, 0.00000000000000000000e+00) (0, 0, 0.00000000000000000000e+00) (0, 0, 0.00000000000000000000e+00) (3, 3, 5.00000000000000000000e-01) (3, 3, 5.00000000000000000000e-01) (3, 3, 5.00000000000000000000e-01) (3, 3, 5.00000000000000000000e-01) (3, 3, 5.00000000000000000000e-01) (3, 3, 5.00000000000000000000e-01) (3, 3, 5.00000000000000000000e-01) (3, 3, 5.00000000000000000000e-01) (0, 3, 0.00000000000000000000e+00) (9, 0, 5.00000000000000000000e-01) (9, 0, 5.00000000000000000000e-01) (9, 0, 5.00000000000000000000e-01) (0, 0, 0.00000000000000000000e+00) 
connections (connected_to_neuron, weight)=(0, -2.58830928802490234375e+00) (1, 1.99668675661087036133e-01) (2, 2.05357885360717773438e+00) (0, -4.09479570388793945312e+00) (1, 2.96948242187500000000e+00) (2, 7.48326444625854492188e+00) (0, -1.80627655982971191406e+00) (1, -2.98989915847778320312e+00) (2, 4.90800291299819946289e-01) (0, -4.81705045700073242188e+00) (1, -2.34717655181884765625e+00) (2, 6.74197494983673095703e-01) (0, -5.50746774673461914062e+00) (1, 5.46568441390991210938e+00) (2, 6.74094915390014648438e+00) (0, -2.06856513023376464844e+00) (1, 3.69833707809448242188e+00) (2, -1.05957135558128356934e-01) (0, -4.52008724212646484375e+00) (1, -2.32038885354995727539e-01) (2, 1.06771445274353027344e+00) (0, -3.09489250183105468750e+00) (1, 1.67504823207855224609e+00) (2, 1.24322044849395751953e+00) (3, 8.66423308849334716797e-01) (4, 2.54864454269409179688e-01) (5, 2.25521564483642578125e+00) (6, 2.29400253295898437500e+00) (7, -1.20203420519828796387e-01) (8, 2.74985384941101074219e+00) (9, 1.40762484073638916016e+00) (10, 1.06829452514648437500e+00) (11, -1.49103794246912002563e-02) (3, 3.79561281204223632812e+00) (4, 2.02289319038391113281e+00) (5, 7.71268415451049804688e+00) (6, 4.75704860687255859375e+00) (7, 2.02136039733886718750e+00) (8, 4.27062940597534179688e+00) (9, 3.88585329055786132812e+00) (10, 4.70370483398437500000e+00) (11, 6.79448843002319335938e-01) (3, 1.31030797958374023438e+01) (4, 7.33423471450805664062e+00) (5, 2.56235218048095703125e+01) (6, 1.40941123962402343750e+01) (7, 7.31971454620361328125e+00) (8, 1.25983428955078125000e+01) (9, 1.32146501541137695312e+01) (10, 1.31771659851074218750e+01) (11, 7.37938022613525390625e+00) 
