FANN_FLO_2.1
num_layers=3
learning_rate=0.300000
connection_rate=1.000000
network_type=0
learning_momentum=0.000000
training_algorithm=2
train_error_function=1
train_stop_function=0
cascade_output_change_fraction=0.010000
quickprop_decay=-0.000100
quickprop_mu=1.750000
rprop_increase_factor=1.200000
rprop_decrease_factor=0.500000
rprop_delta_min=0.000000
rprop_delta_max=50.000000
rprop_delta_zero=0.100000
cascade_output_stagnation_epochs=12
cascade_candidate_change_fraction=0.010000
cascade_candidate_stagnation_epochs=12
cascade_max_out_epochs=150
cascade_min_out_epochs=50
cascade_max_cand_epochs=150
cascade_min_cand_epochs=50
cascade_num_candidate_groups=2
bit_fail_limit=3.49999994039535522461e-01
cascade_candidate_limit=1.00000000000000000000e+03
cascade_weight_multiplier=4.00000005960464477539e-01
cascade_activation_functions_count=10
cascade_activation_functions=3 5 7 8 10 11 14 15 16 17 
cascade_activation_steepnesses_count=4
cascade_activation_steepnesses=2.50000000000000000000e-01 5.00000000000000000000e-01 7.50000000000000000000e-01 1.00000000000000000000e+00 
layer_sizes=4 9 2 
scale_included=0
neurons (num_inputs, activation_function, activation_steepness)=(0, 0, 0.00000000000000000000e+00) (0, 0, 0.00000000000000000000e+00) (0, 0, 0.00000000000000000000e+00) (0, 0, 0.00000000000000000000e+00) (4, 3, 5.00000000000000000000e-01) (4, 3, 5.00000000000000000000e-01) (4, 3, 5.00000000000000000000e-01) (4, 3, 5.00000000000000000000e-01) (4, 3, 5.00000000000000000000e-01) (4, 3, 5.00000000000000000000e-01) (4, 3, 5.00000000000000000000e-01) (4, 3, 5.00000000000000000000e-01) (0, 3, 0.00000000000000000000e+00) (9, 3, 5.00000000000000000000e-01) (0, 3, 0.00000000000000000000e+00) 
connections (connected_to_neuron, weight)=(0, -6.77764192223548889160e-02) (1, 2.63267830014228820801e-02) (2, -3.30131292343139648438e-01) (3, 2.96146512031555175781e-01) (0, 1.49999938964843750000e+03) (1, 1.49999938964843750000e+03) (2, 1.49999938964843750000e+03) (3, 3.48928272724151611328e-02) (0, -2.72069275379180908203e-01) (1, 1.73374101519584655762e-01) (2, -4.73978757858276367188e-01) (3, 1.04144012928009033203e+00) (0, -9.09831404685974121094e-01) (1, 6.41532778739929199219e-01) (2, -2.80076408386230468750e+00) (3, 1.00089490413665771484e-01) (0, -9.02405440807342529297e-01) (1, 7.24087238311767578125e-01) (2, -2.54786992073059082031e+00) (3, 4.83510875701904296875e+00) (0, -1.11220806837081909180e-01) (1, 2.79020637273788452148e-01) (2, -2.07406193017959594727e-01) (3, 6.55499696731567382812e-01) (0, -1.42480105161666870117e-01) (1, -1.93427503108978271484e-03) (2, 3.64446789026260375977e-02) (3, 2.14561462402343750000e+00) (0, -9.99536812305450439453e-01) (1, 7.92297184467315673828e-01) (2, -3.21010160446166992188e+00) (3, 2.93680930137634277344e+00) (4, -8.70567607879638671875e+00) (5, 1.38617753982543945312e+00) (6, -8.22286084294319152832e-02) (7, -1.84275075793266296387e-01) (8, -2.34972834587097167969e-01) (9, -1.03042602539062500000e-01) (10, -3.37813448905944824219e+00) (11, -1.87639653682708740234e-01) (12, -1.60865887999534606934e-01) 
