FANN_FLO_2.1
num_layers=4
learning_rate=0.300000
connection_rate=1.000000
network_type=0
learning_momentum=0.000000
training_algorithm=2
train_error_function=1
train_stop_function=0
cascade_output_change_fraction=0.010000
quickprop_decay=-0.000100
quickprop_mu=1.750000
rprop_increase_factor=1.200000
rprop_decrease_factor=0.500000
rprop_delta_min=0.000000
rprop_delta_max=50.000000
rprop_delta_zero=0.100000
cascade_output_stagnation_epochs=12
cascade_candidate_change_fraction=0.010000
cascade_candidate_stagnation_epochs=12
cascade_max_out_epochs=150
cascade_min_out_epochs=50
cascade_max_cand_epochs=150
cascade_min_cand_epochs=50
cascade_num_candidate_groups=2
bit_fail_limit=3.49999994039535522461e-01
cascade_candidate_limit=1.00000000000000000000e+03
cascade_weight_multiplier=4.00000005960464477539e-01
cascade_activation_functions_count=10
cascade_activation_functions=3 5 7 8 10 11 14 15 16 17 
cascade_activation_steepnesses_count=4
cascade_activation_steepnesses=2.50000000000000000000e-01 5.00000000000000000000e-01 7.50000000000000000000e-01 1.00000000000000000000e+00 
layer_sizes=2 5 3 3 
scale_included=0
neurons (num_inputs, activation_function, activation_steepness)=(0, 0, 0.00000000000000000000e+00) (0, 0, 0.00000000000000000000e+00) (2, 3, 5.00000000000000000000e-01) (2, 3, 5.00000000000000000000e-01) (2, 3, 5.00000000000000000000e-01) (2, 3, 5.00000000000000000000e-01) (0, 3, 0.00000000000000000000e+00) (5, 3, 5.00000000000000000000e-01) (5, 3, 5.00000000000000000000e-01) (0, 3, 0.00000000000000000000e+00) (3, 0, 5.00000000000000000000e-01) (3, 0, 5.00000000000000000000e-01) (0, 0, 0.00000000000000000000e+00) 
connections (connected_to_neuron, weight)=(0, -5.71726837158203125000e+01) (1, -4.49801349639892578125e+00) (0, -1.63143234252929687500e+01) (1, 1.17376613616943359375e+01) (0, -3.49363708496093750000e+00) (1, -5.57314300537109375000e+00) (0, -3.65202116966247558594e+00) (1, -5.70136260986328125000e+00) (2, -9.80778813362121582031e-01) (3, 5.34757137298583984375e-01) (4, 4.02076292037963867188e+00) (5, 3.87309789657592773438e+00) (6, -1.83349347114562988281e+00) (2, 8.45311927795410156250e+00) (3, 6.83267712593078613281e-01) (4, -5.21678447723388671875e+00) (5, -5.11240911483764648438e+00) (6, 3.79720509052276611328e-01) (7, 2.46522754430770874023e-01) (8, -2.07649856805801391602e-01) (9, 7.60072320699691772461e-02) (7, -9.98227596282958984375e-01) (8, -6.44455075263977050781e-01) (9, -6.57490670680999755859e-01) 
