FANN_FLO_2.1
num_layers=3
learning_rate=0.450000
connection_rate=1.000000
network_type=0
learning_momentum=0.000000
training_algorithm=2
train_error_function=1
train_stop_function=0
cascade_output_change_fraction=0.010000
quickprop_decay=-0.000100
quickprop_mu=1.750000
rprop_increase_factor=1.200000
rprop_decrease_factor=0.500000
rprop_delta_min=0.000000
rprop_delta_max=50.000000
rprop_delta_zero=0.100000
cascade_output_stagnation_epochs=12
cascade_candidate_change_fraction=0.010000
cascade_candidate_stagnation_epochs=12
cascade_max_out_epochs=150
cascade_min_out_epochs=50
cascade_max_cand_epochs=150
cascade_min_cand_epochs=50
cascade_num_candidate_groups=2
bit_fail_limit=3.49999994039535522461e-01
cascade_candidate_limit=1.00000000000000000000e+03
cascade_weight_multiplier=4.00000005960464477539e-01
cascade_activation_functions_count=10
cascade_activation_functions=3 5 7 8 10 11 14 15 16 17 
cascade_activation_steepnesses_count=4
cascade_activation_steepnesses=2.50000000000000000000e-01 5.00000000000000000000e-01 7.50000000000000000000e-01 1.00000000000000000000e+00 
layer_sizes=7 5 2 
scale_included=0
neurons (num_inputs, activation_function, activation_steepness)=(0, 0, 0.00000000000000000000e+00) (0, 0, 0.00000000000000000000e+00) (0, 0, 0.00000000000000000000e+00) (0, 0, 0.00000000000000000000e+00) (0, 0, 0.00000000000000000000e+00) (0, 0, 0.00000000000000000000e+00) (0, 0, 0.00000000000000000000e+00) (7, 3, 5.00000000000000000000e-01) (7, 3, 5.00000000000000000000e-01) (7, 3, 5.00000000000000000000e-01) (7, 3, 5.00000000000000000000e-01) (0, 3, 0.00000000000000000000e+00) (5, 0, 5.00000000000000000000e-01) (0, 0, 0.00000000000000000000e+00) 
connections (connected_to_neuron, weight)=(0, -1.49045407772064208984e+00) (1, -8.76998233795166015625e+00) (2, -3.75199460983276367188e+00) (3, -1.09941844940185546875e+01) (4, -5.62554836273193359375e+00) (5, 2.86203975677490234375e+01) (6, -1.27023375034332275391e+00) (0, -3.74800771474838256836e-01) (1, 1.50000000000000000000e+03) (2, 8.54449157714843750000e+02) (3, -2.41802940368652343750e+01) (4, -2.13364166259765625000e+02) (5, -1.50000000000000000000e+03) (6, -1.37162065505981445312e+00) (0, 5.10815673828125000000e+02) (1, 1.50000000000000000000e+03) (2, 1.49129968261718750000e+03) (3, -1.46190808105468750000e+03) (4, -1.42998144531250000000e+03) (5, -1.50000000000000000000e+03) (6, -1.46468293666839599609e+00) (0, -1.43633097410202026367e-01) (1, -4.19131547212600708008e-01) (2, -4.82514232397079467773e-01) (3, 1.62121951580047607422e-01) (4, 8.36034044623374938965e-02) (5, 4.52760428190231323242e-01) (6, -7.27196812629699707031e-01) (7, -2.74601243436336517334e-02) (8, -8.95290598273277282715e-02) (9, -1.91752072423696517944e-02) (10, -9.37415957450866699219e-02) (11, 1.12077124416828155518e-01) 
