FANN_FLO_2.1
num_layers=3
learning_rate=0.300000
connection_rate=1.000000
network_type=0
learning_momentum=0.000000
training_algorithm=2
train_error_function=1
train_stop_function=0
cascade_output_change_fraction=0.010000
quickprop_decay=-0.000100
quickprop_mu=1.750000
rprop_increase_factor=1.200000
rprop_decrease_factor=0.500000
rprop_delta_min=0.000000
rprop_delta_max=50.000000
rprop_delta_zero=0.100000
cascade_output_stagnation_epochs=12
cascade_candidate_change_fraction=0.010000
cascade_candidate_stagnation_epochs=12
cascade_max_out_epochs=150
cascade_min_out_epochs=50
cascade_max_cand_epochs=150
cascade_min_cand_epochs=50
cascade_num_candidate_groups=2
bit_fail_limit=3.49999994039535522461e-01
cascade_candidate_limit=1.00000000000000000000e+03
cascade_weight_multiplier=4.00000005960464477539e-01
cascade_activation_functions_count=10
cascade_activation_functions=3 5 7 8 10 11 14 15 16 17 
cascade_activation_steepnesses_count=4
cascade_activation_steepnesses=2.50000000000000000000e-01 5.00000000000000000000e-01 7.50000000000000000000e-01 1.00000000000000000000e+00 
layer_sizes=4 9 2 
scale_included=0
neurons (num_inputs, activation_function, activation_steepness)=(0, 0, 0.00000000000000000000e+00) (0, 0, 0.00000000000000000000e+00) (0, 0, 0.00000000000000000000e+00) (0, 0, 0.00000000000000000000e+00) (4, 3, 5.00000000000000000000e-01) (4, 3, 5.00000000000000000000e-01) (4, 3, 5.00000000000000000000e-01) (4, 3, 5.00000000000000000000e-01) (4, 3, 5.00000000000000000000e-01) (4, 3, 5.00000000000000000000e-01) (4, 3, 5.00000000000000000000e-01) (4, 3, 5.00000000000000000000e-01) (0, 3, 0.00000000000000000000e+00) (9, 3, 5.00000000000000000000e-01) (0, 3, 0.00000000000000000000e+00) 
connections (connected_to_neuron, weight)=(0, -8.43824625015258789062e-01) (1, 4.08548891544342041016e-01) (2, -1.38901758193969726562e+00) (3, 4.40078020095825195312e+00) (0, -1.06240999698638916016e+00) (1, 7.04595029354095458984e-01) (2, -1.77516722679138183594e+00) (3, 7.07819080352783203125e+00) (0, -1.17159259319305419922e+00) (1, 6.95757269859313964844e-01) (2, -9.51403260231018066406e-01) (3, 2.54532742500305175781e+00) (0, -1.15380203723907470703e+00) (1, 7.35345780849456787109e-01) (2, -1.33554446697235107422e+00) (3, 3.84352898597717285156e+00) (0, -2.04987183213233947754e-01) (1, 3.35062034428119659424e-02) (2, -4.14882421493530273438e-01) (3, 4.71079444885253906250e+00) (0, 5.17765140533447265625e+00) (1, 2.61779159307479858398e-01) (2, -3.62985725402832031250e+01) (3, -1.04754731059074401855e-01) (0, -8.01589071750640869141e-01) (1, 6.60264492034912109375e-01) (2, -1.90952563285827636719e+00) (3, 3.51252603530883789062e+00) (0, -9.39678549766540527344e-01) (1, 4.97839093208312988281e-01) (2, -1.48149693012237548828e+00) (3, 6.91096401214599609375e+00) (4, -2.01909795403480529785e-01) (5, -1.58124119043350219727e-01) (6, -5.40275536477565765381e-02) (7, -1.23259998857975006104e-01) (8, -4.11273813247680664062e+00) (9, -1.50000000000000000000e+03) (10, -5.12355864048004150391e-02) (11, -3.73101711273193359375e-01) (12, 5.82312703132629394531e-01) 
