FANN_FLO_2.1
num_layers=3
learning_rate=0.500000
connection_rate=1.000000
network_type=0
learning_momentum=0.000000
training_algorithm=2
train_error_function=1
train_stop_function=0
cascade_output_change_fraction=0.010000
quickprop_decay=-0.000100
quickprop_mu=1.750000
rprop_increase_factor=1.200000
rprop_decrease_factor=0.500000
rprop_delta_min=0.000000
rprop_delta_max=50.000000
rprop_delta_zero=0.100000
cascade_output_stagnation_epochs=12
cascade_candidate_change_fraction=0.010000
cascade_candidate_stagnation_epochs=12
cascade_max_out_epochs=150
cascade_min_out_epochs=50
cascade_max_cand_epochs=150
cascade_min_cand_epochs=50
cascade_num_candidate_groups=2
bit_fail_limit=3.49999994039535522461e-01
cascade_candidate_limit=1.00000000000000000000e+03
cascade_weight_multiplier=4.00000005960464477539e-01
cascade_activation_functions_count=10
cascade_activation_functions=3 5 7 8 10 11 14 15 16 17 
cascade_activation_steepnesses_count=4
cascade_activation_steepnesses=2.50000000000000000000e-01 5.00000000000000000000e-01 7.50000000000000000000e-01 1.00000000000000000000e+00 
layer_sizes=3 9 4 
scale_included=0
neurons (num_inputs, activation_function, activation_steepness)=(0, 0, 0.00000000000000000000e+00) (0, 0, 0.00000000000000000000e+00) (0, 0, 0.00000000000000000000e+00) (3, 3, 5.00000000000000000000e-01) (3, 3, 5.00000000000000000000e-01) (3, 3, 5.00000000000000000000e-01) (3, 3, 5.00000000000000000000e-01) (3, 3, 5.00000000000000000000e-01) (3, 3, 5.00000000000000000000e-01) (3, 3, 5.00000000000000000000e-01) (3, 3, 5.00000000000000000000e-01) (0, 3, 0.00000000000000000000e+00) (9, 0, 5.00000000000000000000e-01) (9, 0, 5.00000000000000000000e-01) (9, 0, 5.00000000000000000000e-01) (0, 0, 0.00000000000000000000e+00) 
connections (connected_to_neuron, weight)=(0, -9.39866065979003906250e+00) (1, 4.11080837249755859375e+00) (2, 2.06820154190063476562e+00) (0, -1.89286220073699951172e+00) (1, -3.33900952339172363281e+00) (2, 3.96145552396774291992e-01) (0, -5.81734704971313476562e+00) (1, 5.10539102554321289062e+00) (2, 7.54428434371948242188e+00) (0, -8.31335353851318359375e+00) (1, 3.97905850410461425781e+00) (2, 6.11188364028930664062e+00) (0, -6.31197977066040039062e+00) (1, 6.01158094406127929688e+00) (2, 4.14634227752685546875e+00) (0, -4.83975267410278320312e+00) (1, 2.89723932743072509766e-01) (2, 6.59695029258728027344e-01) (0, -4.68531799316406250000e+00) (1, 3.97995448112487792969e+00) (2, 7.86260271072387695312e+00) (0, -4.34909820556640625000e+00) (1, -2.12695503234863281250e+00) (2, 5.38106501102447509766e-01) (3, 1.54630720615386962891e+00) (4, 2.19286942481994628906e+00) (5, 6.19491100311279296875e-01) (6, 3.76211971044540405273e-01) (7, 5.80553412437438964844e-01) (8, 2.18160223960876464844e+00) (9, 6.13519668579101562500e-01) (10, 2.29540872573852539062e+00) (11, 4.77496266365051269531e-01) (3, 3.18839931488037109375e+00) (4, 7.44559001922607421875e+00) (5, 2.32908558845520019531e+00) (6, 2.36749744415283203125e+00) (7, 3.45859026908874511719e+00) (8, 5.83951377868652343750e+00) (9, 2.19549417495727539062e+00) (10, 5.47444915771484375000e+00) (11, 1.79694902896881103516e+00) (3, 9.12456512451171875000e+00) (4, 2.40604686737060546875e+01) (5, 8.83750724792480468750e+00) (6, 9.27244758605957031250e+00) (7, 9.08824348449707031250e+00) (8, 1.80099544525146484375e+01) (9, 8.88656044006347656250e+00) (10, 1.78201618194580078125e+01) (11, 9.20479583740234375000e+00) 
