FANN_FLO_2.1
num_layers=4
learning_rate=0.450000
connection_rate=1.000000
network_type=0
learning_momentum=0.000000
training_algorithm=2
train_error_function=1
train_stop_function=0
cascade_output_change_fraction=0.010000
quickprop_decay=-0.000100
quickprop_mu=1.750000
rprop_increase_factor=1.200000
rprop_decrease_factor=0.500000
rprop_delta_min=0.000000
rprop_delta_max=50.000000
rprop_delta_zero=0.100000
cascade_output_stagnation_epochs=12
cascade_candidate_change_fraction=0.010000
cascade_candidate_stagnation_epochs=12
cascade_max_out_epochs=150
cascade_min_out_epochs=50
cascade_max_cand_epochs=150
cascade_min_cand_epochs=50
cascade_num_candidate_groups=2
bit_fail_limit=3.49999994039535522461e-01
cascade_candidate_limit=1.00000000000000000000e+03
cascade_weight_multiplier=4.00000005960464477539e-01
cascade_activation_functions_count=10
cascade_activation_functions=3 5 7 8 10 11 14 15 16 17 
cascade_activation_steepnesses_count=4
cascade_activation_steepnesses=2.50000000000000000000e-01 5.00000000000000000000e-01 7.50000000000000000000e-01 1.00000000000000000000e+00 
layer_sizes=7 5 5 2 
scale_included=0
neurons (num_inputs, activation_function, activation_steepness)=(0, 0, 0.00000000000000000000e+00) (0, 0, 0.00000000000000000000e+00) (0, 0, 0.00000000000000000000e+00) (0, 0, 0.00000000000000000000e+00) (0, 0, 0.00000000000000000000e+00) (0, 0, 0.00000000000000000000e+00) (0, 0, 0.00000000000000000000e+00) (7, 3, 5.00000000000000000000e-01) (7, 3, 5.00000000000000000000e-01) (7, 3, 5.00000000000000000000e-01) (7, 3, 5.00000000000000000000e-01) (0, 3, 0.00000000000000000000e+00) (5, 3, 5.00000000000000000000e-01) (5, 3, 5.00000000000000000000e-01) (5, 3, 5.00000000000000000000e-01) (5, 3, 5.00000000000000000000e-01) (0, 3, 0.00000000000000000000e+00) (5, 0, 5.00000000000000000000e-01) (0, 0, 0.00000000000000000000e+00) 
connections (connected_to_neuron, weight)=(0, 6.53917640447616577148e-02) (1, -1.29372924566268920898e-01) (2, -6.47427678108215332031e-01) (3, -3.75222623348236083984e-01) (4, 1.62214565277099609375e+00) (5, -2.49322581291198730469e+00) (6, 2.86601632833480834961e-02) (0, 4.61942374706268310547e-01) (1, 3.88689368963241577148e-01) (2, -1.29778420925140380859e+00) (3, 2.15761199593544006348e-01) (4, 6.86653494834899902344e-01) (5, -8.34272265434265136719e-01) (6, 3.81205272674560546875e+00) (0, -5.34986197948455810547e-01) (1, 6.08727645874023437500e+00) (2, 9.68600646972656250000e+02) (3, -4.66292419433593750000e+01) (4, 7.33361244201660156250e+00) (5, -1.88511947631835937500e+02) (6, 1.66703262329101562500e+01) (0, -8.42882767319679260254e-02) (1, -8.74668657779693603516e-02) (2, 2.98857164382934570312e+00) (3, -1.95346677303314208984e+00) (4, 7.88804233074188232422e-01) (5, -2.12521716952323913574e-01) (6, -1.12543506622314453125e+01) (7, 1.77659368515014648438e+00) (8, -1.69446277618408203125e+00) (9, -2.67465519905090332031e+00) (10, -2.34825372695922851562e+00) (11, -3.39650702476501464844e+00) (7, 3.64696350097656250000e+02) (8, 1.46826543807983398438e+01) (9, -2.55140066146850585938e+00) (10, 1.82632427215576171875e+01) (11, -3.00269079208374023438e+00) (7, -9.76742736816406250000e+02) (8, 1.06980419158935546875e+00) (9, -3.27629137039184570312e+00) (10, 2.50575566291809082031e+00) (11, -3.05825686454772949219e+00) (7, 2.27021789550781250000e+00) (8, 6.20568513870239257812e-01) (9, -3.66709232330322265625e+00) (10, -4.41445016860961914062e+00) (11, -2.73276519775390625000e+00) (12, 8.18835754394531250000e+01) (13, -2.49730184674263000488e-01) (14, 7.14996457099914550781e-01) (15, -5.23386526107788085938e+00) (16, 2.28388831019401550293e-01) 
