FANN_FLO_2.1
num_layers=4
learning_rate=0.500000
connection_rate=1.000000
network_type=0
learning_momentum=0.000000
training_algorithm=2
train_error_function=1
train_stop_function=0
cascade_output_change_fraction=0.010000
quickprop_decay=-0.000100
quickprop_mu=1.750000
rprop_increase_factor=1.200000
rprop_decrease_factor=0.500000
rprop_delta_min=0.000000
rprop_delta_max=50.000000
rprop_delta_zero=0.100000
cascade_output_stagnation_epochs=12
cascade_candidate_change_fraction=0.010000
cascade_candidate_stagnation_epochs=12
cascade_max_out_epochs=150
cascade_min_out_epochs=50
cascade_max_cand_epochs=150
cascade_min_cand_epochs=50
cascade_num_candidate_groups=2
bit_fail_limit=3.49999994039535522461e-01
cascade_candidate_limit=1.00000000000000000000e+03
cascade_weight_multiplier=4.00000005960464477539e-01
cascade_activation_functions_count=10
cascade_activation_functions=3 5 7 8 10 11 14 15 16 17 
cascade_activation_steepnesses_count=4
cascade_activation_steepnesses=2.50000000000000000000e-01 5.00000000000000000000e-01 7.50000000000000000000e-01 1.00000000000000000000e+00 
layer_sizes=4 5 3 2 
scale_included=0
neurons (num_inputs, activation_function, activation_steepness)=(0, 0, 0.00000000000000000000e+00) (0, 0, 0.00000000000000000000e+00) (0, 0, 0.00000000000000000000e+00) (0, 0, 0.00000000000000000000e+00) (4, 3, 5.00000000000000000000e-01) (4, 3, 5.00000000000000000000e-01) (4, 3, 5.00000000000000000000e-01) (4, 3, 5.00000000000000000000e-01) (0, 3, 0.00000000000000000000e+00) (5, 3, 5.00000000000000000000e-01) (5, 3, 5.00000000000000000000e-01) (0, 3, 0.00000000000000000000e+00) (3, 3, 5.00000000000000000000e-01) (0, 3, 0.00000000000000000000e+00) 
connections (connected_to_neuron, weight)=(0, -2.36286544799804687500e+00) (1, -2.32223343849182128906e+00) (2, -6.83787643909454345703e-01) (3, 1.57056856155395507812e+00) (0, 1.99960689544677734375e+01) (1, 4.29463653564453125000e+01) (2, -1.56059265136718750000e+00) (3, 2.21374750137329101562e+00) (0, -2.69841837882995605469e+00) (1, -3.60453867912292480469e+00) (2, -5.77698767185211181641e-01) (3, 2.72372388839721679688e+00) (0, -3.74489235877990722656e+00) (1, -6.71633064746856689453e-01) (2, -3.68642234802246093750e+00) (3, 1.71622419357299804688e+00) (4, 1.60521888732910156250e+00) (5, 3.32241129875183105469e+00) (6, 2.72209548950195312500e+00) (7, 1.62098026275634765625e+01) (8, -5.39046049118041992188e+00) (4, -1.83535064697265625000e+02) (5, 1.41983361816406250000e+03) (6, -1.05298835754394531250e+02) (7, 4.00055297851562500000e+02) (8, 3.85050392150878906250e+01) (9, -7.16790008544921875000e+00) (10, 2.82367968559265136719e+00) (11, 1.77424812316894531250e+00) 
