FANN_FLO_2.1
num_layers=3
learning_rate=0.500000
connection_rate=1.000000
network_type=0
learning_momentum=0.000000
training_algorithm=2
train_error_function=1
train_stop_function=0
cascade_output_change_fraction=0.010000
quickprop_decay=-0.000100
quickprop_mu=1.750000
rprop_increase_factor=1.200000
rprop_decrease_factor=0.500000
rprop_delta_min=0.000000
rprop_delta_max=50.000000
rprop_delta_zero=0.100000
cascade_output_stagnation_epochs=12
cascade_candidate_change_fraction=0.010000
cascade_candidate_stagnation_epochs=12
cascade_max_out_epochs=150
cascade_min_out_epochs=50
cascade_max_cand_epochs=150
cascade_min_cand_epochs=50
cascade_num_candidate_groups=2
bit_fail_limit=3.49999994039535522461e-01
cascade_candidate_limit=1.00000000000000000000e+03
cascade_weight_multiplier=4.00000005960464477539e-01
cascade_activation_functions_count=10
cascade_activation_functions=3 5 7 8 10 11 14 15 16 17 
cascade_activation_steepnesses_count=4
cascade_activation_steepnesses=2.50000000000000000000e-01 5.00000000000000000000e-01 7.50000000000000000000e-01 1.00000000000000000000e+00 
layer_sizes=7 5 2 
scale_included=0
neurons (num_inputs, activation_function, activation_steepness)=(0, 0, 0.00000000000000000000e+00) (0, 0, 0.00000000000000000000e+00) (0, 0, 0.00000000000000000000e+00) (0, 0, 0.00000000000000000000e+00) (0, 0, 0.00000000000000000000e+00) (0, 0, 0.00000000000000000000e+00) (0, 0, 0.00000000000000000000e+00) (7, 3, 5.00000000000000000000e-01) (7, 3, 5.00000000000000000000e-01) (7, 3, 5.00000000000000000000e-01) (7, 3, 5.00000000000000000000e-01) (0, 3, 0.00000000000000000000e+00) (5, 0, 5.00000000000000000000e-01) (0, 0, 0.00000000000000000000e+00) 
connections (connected_to_neuron, weight)=(0, 3.69733738899230957031e+00) (1, -1.35534954071044921875e+00) (2, -1.54714655876159667969e+00) (3, -7.84869766235351562500e+00) (4, -5.44782042503356933594e-01) (5, -1.37366363525390625000e+02) (6, -2.70684838294982910156e-01) (0, -2.42047309875488281250e+01) (1, -4.29040479660034179688e+00) (2, -1.06460313796997070312e+01) (3, 7.23212575912475585938e+00) (4, -1.96241879463195800781e+00) (5, -2.11557054519653320312e+00) (6, 8.91155624389648437500e+00) (0, -6.24087676405906677246e-02) (1, 3.19518685340881347656e-01) (2, -1.56737029552459716797e-01) (3, -1.00130468606948852539e-01) (4, 6.35777354240417480469e-01) (5, -5.29211282730102539062e-01) (6, 4.82792526483535766602e-01) (0, -3.15615215301513671875e+01) (1, -4.27839565277099609375e+00) (2, -9.96127223968505859375e+00) (3, 1.51275100708007812500e+01) (4, -4.21321868896484375000e+00) (5, -3.88402724266052246094e+00) (6, -7.68573999404907226562e-01) (7, 2.30477762222290039062e+00) (8, -3.80727729797363281250e+01) (9, -7.83716291189193725586e-02) (10, 3.80305900573730468750e+01) (11, 7.83463194966316223145e-02) 
