FANN_FLO_2.1
num_layers=3
learning_rate=0.500000
connection_rate=1.000000
network_type=0
learning_momentum=0.000000
training_algorithm=2
train_error_function=1
train_stop_function=0
cascade_output_change_fraction=0.010000
quickprop_decay=-0.000100
quickprop_mu=1.750000
rprop_increase_factor=1.200000
rprop_decrease_factor=0.500000
rprop_delta_min=0.000000
rprop_delta_max=50.000000
rprop_delta_zero=0.100000
cascade_output_stagnation_epochs=12
cascade_candidate_change_fraction=0.010000
cascade_candidate_stagnation_epochs=12
cascade_max_out_epochs=150
cascade_min_out_epochs=50
cascade_max_cand_epochs=150
cascade_min_cand_epochs=50
cascade_num_candidate_groups=2
bit_fail_limit=3.49999994039535522461e-01
cascade_candidate_limit=1.00000000000000000000e+03
cascade_weight_multiplier=4.00000005960464477539e-01
cascade_activation_functions_count=10
cascade_activation_functions=3 5 7 8 10 11 14 15 16 17 
cascade_activation_steepnesses_count=4
cascade_activation_steepnesses=2.50000000000000000000e-01 5.00000000000000000000e-01 7.50000000000000000000e-01 1.00000000000000000000e+00 
layer_sizes=10 5 2 
scale_included=0
neurons (num_inputs, activation_function, activation_steepness)=(0, 0, 0.00000000000000000000e+00) (0, 0, 0.00000000000000000000e+00) (0, 0, 0.00000000000000000000e+00) (0, 0, 0.00000000000000000000e+00) (0, 0, 0.00000000000000000000e+00) (0, 0, 0.00000000000000000000e+00) (0, 0, 0.00000000000000000000e+00) (0, 0, 0.00000000000000000000e+00) (0, 0, 0.00000000000000000000e+00) (0, 0, 0.00000000000000000000e+00) (10, 3, 5.00000000000000000000e-01) (10, 3, 5.00000000000000000000e-01) (10, 3, 5.00000000000000000000e-01) (10, 3, 5.00000000000000000000e-01) (0, 3, 0.00000000000000000000e+00) (5, 3, 5.00000000000000000000e-01) (0, 3, 0.00000000000000000000e+00) 
connections (connected_to_neuron, weight)=(0, -4.72373545169830322266e-01) (1, -2.29973509907722473145e-01) (2, -4.03965353965759277344e-01) (3, -5.04114270210266113281e-01) (4, -6.38073682785034179688e-01) (5, -4.26307618618011474609e-01) (6, -2.76226699352264404297e-01) (7, -2.27982923388481140137e-01) (8, -1.42928853631019592285e-01) (9, 7.78592705726623535156e-01) (0, -3.84586960077285766602e-01) (1, -3.57551068067550659180e-01) (2, -4.00002181529998779297e-01) (3, -2.62449830770492553711e-01) (4, -4.74931687116622924805e-01) (5, -4.64143067598342895508e-01) (6, -3.05538386106491088867e-01) (7, -4.25468891859054565430e-01) (8, -3.14406335353851318359e-01) (9, 6.53701007366180419922e-01) (0, 3.57798486948013305664e-01) (1, 7.21414446830749511719e-01) (2, 3.35265994071960449219e-01) (3, 2.94689297676086425781e-01) (4, -9.35812368988990783691e-02) (5, 4.12647843360900878906e-01) (6, 8.62481117248535156250e-01) (7, 7.40208804607391357422e-01) (8, 8.55256199836730957031e-01) (9, -1.95091784000396728516e+00) (0, 2.62061387300491333008e-01) (1, 7.48310387134552001953e-01) (2, 4.94047462940216064453e-01) (3, 4.24071907997131347656e-01) (4, 9.96035560965538024902e-02) (5, 3.55211943387985229492e-01) (6, 5.18778562545776367188e-01) (7, 5.97152531147003173828e-01) (8, 8.66883158683776855469e-01) (9, -1.92068934440612792969e+00) (10, -2.62525057792663574219e+00) (11, -9.39623653888702392578e-01) (12, 7.64149546623229980469e-01) (13, 7.89430081844329833984e-01) (14, 1.38578474521636962891e-01) 
