FANN_FLO_2.1
num_layers=4
learning_rate=0.300000
connection_rate=1.000000
network_type=0
learning_momentum=0.000000
training_algorithm=2
train_error_function=1
train_stop_function=0
cascade_output_change_fraction=0.010000
quickprop_decay=-0.000100
quickprop_mu=1.750000
rprop_increase_factor=1.200000
rprop_decrease_factor=0.500000
rprop_delta_min=0.000000
rprop_delta_max=50.000000
rprop_delta_zero=0.100000
cascade_output_stagnation_epochs=12
cascade_candidate_change_fraction=0.010000
cascade_candidate_stagnation_epochs=12
cascade_max_out_epochs=150
cascade_min_out_epochs=50
cascade_max_cand_epochs=150
cascade_min_cand_epochs=50
cascade_num_candidate_groups=2
bit_fail_limit=3.49999994039535522461e-01
cascade_candidate_limit=1.00000000000000000000e+03
cascade_weight_multiplier=4.00000005960464477539e-01
cascade_activation_functions_count=10
cascade_activation_functions=3 5 7 8 10 11 14 15 16 17 
cascade_activation_steepnesses_count=4
cascade_activation_steepnesses=2.50000000000000000000e-01 5.00000000000000000000e-01 7.50000000000000000000e-01 1.00000000000000000000e+00 
layer_sizes=2 5 5 3 
scale_included=0
neurons (num_inputs, activation_function, activation_steepness)=(0, 0, 0.00000000000000000000e+00) (0, 0, 0.00000000000000000000e+00) (2, 3, 5.00000000000000000000e-01) (2, 3, 5.00000000000000000000e-01) (2, 3, 5.00000000000000000000e-01) (2, 3, 5.00000000000000000000e-01) (0, 3, 0.00000000000000000000e+00) (5, 3, 5.00000000000000000000e-01) (5, 3, 5.00000000000000000000e-01) (5, 3, 5.00000000000000000000e-01) (5, 3, 5.00000000000000000000e-01) (0, 3, 0.00000000000000000000e+00) (5, 0, 5.00000000000000000000e-01) (5, 0, 5.00000000000000000000e-01) (0, 0, 0.00000000000000000000e+00) 
connections (connected_to_neuron, weight)=(0, 7.45624160766601562500e+01) (1, 5.40049743652343750000e+01) (0, -5.45257234573364257812e+00) (1, -3.02662897109985351562e+00) (0, -1.53390750885009765625e+01) (1, -5.55197525024414062500e+00) (0, -1.77497978210449218750e+01) (1, -6.44740343093872070312e+00) (2, -4.02893155813217163086e-01) (3, 9.29250955581665039062e-01) (4, 6.11123752593994140625e+00) (5, 7.12213039398193359375e+00) (6, -6.46409463882446289062e+00) (2, 2.64056831598281860352e-01) (3, 9.76853251457214355469e-01) (4, 1.61521220207214355469e+00) (5, 2.74900341033935546875e+00) (6, -8.68743896484375000000e-01) (2, 1.51182146072387695312e+01) (3, 4.85337346792221069336e-01) (4, -2.89630144834518432617e-01) (5, -2.77292639017105102539e-01) (6, -4.83516126871109008789e-01) (2, -1.60360324382781982422e+00) (3, -3.60438585281372070312e+00) (4, 7.55976915359497070312e+00) (5, 6.11307573318481445312e+00) (6, -9.22714471817016601562e-01) (7, -2.56256878376007080078e-01) (8, 6.41477480530738830566e-02) (9, -5.57663924992084503174e-02) (10, 2.20015794038772583008e-01) (11, -6.45925328135490417480e-02) (7, -7.34192967414855957031e-01) (8, -7.66376614570617675781e-01) (9, -9.31992590427398681641e-01) (10, -1.04652158915996551514e-01) (11, -3.34959030151367187500e-02) 
