FANN_FLO_2.1
num_layers=3
learning_rate=0.500000
connection_rate=1.000000
network_type=0
learning_momentum=0.000000
training_algorithm=2
train_error_function=1
train_stop_function=0
cascade_output_change_fraction=0.010000
quickprop_decay=-0.000100
quickprop_mu=1.750000
rprop_increase_factor=1.200000
rprop_decrease_factor=0.500000
rprop_delta_min=0.000000
rprop_delta_max=50.000000
rprop_delta_zero=0.100000
cascade_output_stagnation_epochs=12
cascade_candidate_change_fraction=0.010000
cascade_candidate_stagnation_epochs=12
cascade_max_out_epochs=150
cascade_min_out_epochs=50
cascade_max_cand_epochs=150
cascade_min_cand_epochs=50
cascade_num_candidate_groups=2
bit_fail_limit=3.49999994039535522461e-01
cascade_candidate_limit=1.00000000000000000000e+03
cascade_weight_multiplier=4.00000005960464477539e-01
cascade_activation_functions_count=10
cascade_activation_functions=3 5 7 8 10 11 14 15 16 17 
cascade_activation_steepnesses_count=4
cascade_activation_steepnesses=2.50000000000000000000e-01 5.00000000000000000000e-01 7.50000000000000000000e-01 1.00000000000000000000e+00 
layer_sizes=7 9 2 
scale_included=0
neurons (num_inputs, activation_function, activation_steepness)=(0, 0, 0.00000000000000000000e+00) (0, 0, 0.00000000000000000000e+00) (0, 0, 0.00000000000000000000e+00) (0, 0, 0.00000000000000000000e+00) (0, 0, 0.00000000000000000000e+00) (0, 0, 0.00000000000000000000e+00) (0, 0, 0.00000000000000000000e+00) (7, 3, 5.00000000000000000000e-01) (7, 3, 5.00000000000000000000e-01) (7, 3, 5.00000000000000000000e-01) (7, 3, 5.00000000000000000000e-01) (7, 3, 5.00000000000000000000e-01) (7, 3, 5.00000000000000000000e-01) (7, 3, 5.00000000000000000000e-01) (7, 3, 5.00000000000000000000e-01) (0, 3, 0.00000000000000000000e+00) (9, 0, 5.00000000000000000000e-01) (0, 0, 0.00000000000000000000e+00) 
connections (connected_to_neuron, weight)=(0, -1.20785526931285858154e-01) (1, 5.65664887428283691406e-01) (2, -3.74804377555847167969e-01) (3, -1.37256709858775138855e-02) (4, 2.68911659717559814453e-01) (5, -3.11697244644165039062e-01) (6, -5.97554981708526611328e-01) (0, -3.08350771665573120117e-01) (1, 4.76084113121032714844e-01) (2, 1.72193479537963867188e+00) (3, -5.74539184570312500000e-01) (4, -4.07599210739135742188e-01) (5, -5.71187078952789306641e-01) (6, -3.43459177017211914062e+00) (0, -7.18736425042152404785e-02) (1, -1.08989283442497253418e-01) (2, 5.29733709990978240967e-02) (3, -1.78841695189476013184e-01) (4, -2.89059374481439590454e-02) (5, 3.05024772882461547852e-01) (6, -1.58419638872146606445e-01) (0, -1.67994678020477294922e-01) (1, 8.40345323085784912109e-01) (2, -3.90192531049251556396e-02) (3, -3.76361936330795288086e-01) (4, 5.73471605777740478516e-01) (5, -4.10452574491500854492e-01) (6, -2.60874986648559570312e+00) (0, -9.92642715573310852051e-02) (1, -2.58937478065490722656e-01) (2, 2.88646578788757324219e-01) (3, -9.99451056122779846191e-02) (4, -1.49623200297355651855e-01) (5, 3.63834589719772338867e-01) (6, -3.82598638534545898438e-01) (0, 1.95639657974243164062e+00) (1, -2.30820789933204650879e-01) (2, -1.18359601497650146484e+00) (3, -7.67087507247924804688e+00) (4, 3.06687593460083007812e-01) (5, -5.04560917615890502930e-02) (6, -2.23150610923767089844e-01) (0, 7.81109742820262908936e-03) (1, 2.28273626416921615601e-02) (2, -7.88431227207183837891e-01) (3, -4.72484789788722991943e-02) (4, 6.32619261741638183594e-01) (5, 1.48584693670272827148e-01) (6, -9.53802168369293212891e-02) (0, -1.13779783248901367188e-01) (1, -9.35492515563964843750e-02) (2, -1.87565386295318603516e-02) (3, -1.65249899029731750488e-01) (4, -8.09319987893104553223e-02) (5, 4.24670577049255371094e-01) (6, -7.14244171977043151855e-02) (7, 3.45696151256561279297e-01) (8, -2.41245374083518981934e-01) (9, -2.38658010959625244141e-01) (10, -1.43788471817970275879e-01) (11, 5.41259109973907470703e-01) (12, 5.84148317575454711914e-02) (13, -2.77202099561691284180e-01) (14, -1.56035184860229492188e-01) (15, 9.15756151080131530762e-02) 
