FANN_FLO_2.1
num_layers=4
learning_rate=0.300000
connection_rate=1.000000
network_type=0
learning_momentum=0.000000
training_algorithm=2
train_error_function=1
train_stop_function=0
cascade_output_change_fraction=0.010000
quickprop_decay=-0.000100
quickprop_mu=1.750000
rprop_increase_factor=1.200000
rprop_decrease_factor=0.500000
rprop_delta_min=0.000000
rprop_delta_max=50.000000
rprop_delta_zero=0.100000
cascade_output_stagnation_epochs=12
cascade_candidate_change_fraction=0.010000
cascade_candidate_stagnation_epochs=12
cascade_max_out_epochs=150
cascade_min_out_epochs=50
cascade_max_cand_epochs=150
cascade_min_cand_epochs=50
cascade_num_candidate_groups=2
bit_fail_limit=3.49999994039535522461e-01
cascade_candidate_limit=1.00000000000000000000e+03
cascade_weight_multiplier=4.00000005960464477539e-01
cascade_activation_functions_count=10
cascade_activation_functions=3 5 7 8 10 11 14 15 16 17 
cascade_activation_steepnesses_count=4
cascade_activation_steepnesses=2.50000000000000000000e-01 5.00000000000000000000e-01 7.50000000000000000000e-01 1.00000000000000000000e+00 
layer_sizes=2 5 3 3 
scale_included=0
neurons (num_inputs, activation_function, activation_steepness)=(0, 0, 0.00000000000000000000e+00) (0, 0, 0.00000000000000000000e+00) (2, 3, 5.00000000000000000000e-01) (2, 3, 5.00000000000000000000e-01) (2, 3, 5.00000000000000000000e-01) (2, 3, 5.00000000000000000000e-01) (0, 3, 0.00000000000000000000e+00) (5, 3, 5.00000000000000000000e-01) (5, 3, 5.00000000000000000000e-01) (0, 3, 0.00000000000000000000e+00) (3, 0, 5.00000000000000000000e-01) (3, 0, 5.00000000000000000000e-01) (0, 0, 0.00000000000000000000e+00) 
connections (connected_to_neuron, weight)=(0, -6.09156179428100585938e+00) (1, -9.09367942810058593750e+00) (0, -5.51547765731811523438e+00) (1, -2.31144785881042480469e+00) (0, -6.51354675292968750000e+01) (1, -2.01188254356384277344e+00) (0, -7.41239786148071289062e+00) (1, -3.09913253784179687500e+00) (2, 1.45926570892333984375e+00) (3, 2.05484911799430847168e-01) (4, -1.96746196597814559937e-02) (5, 7.13694453239440917969e-01) (6, -1.14188753068447113037e-01) (2, 1.15046441555023193359e+00) (3, 1.49000465869903564453e-01) (4, 5.20446634292602539062e+00) (5, 1.09976029396057128906e+00) (6, -7.28102624416351318359e-01) (7, 2.19700280576944351196e-02) (8, 2.38971367478370666504e-01) (9, -2.61474639177322387695e-01) (7, -6.74029886722564697266e-01) (8, -8.48475635051727294922e-01) (9, -4.93551820516586303711e-01) 
