FANN_FLO_2.1
num_layers=3
learning_rate=0.400000
connection_rate=1.000000
network_type=0
learning_momentum=0.000000
training_algorithm=2
train_error_function=1
train_stop_function=0
cascade_output_change_fraction=0.010000
quickprop_decay=-0.000100
quickprop_mu=1.750000
rprop_increase_factor=1.200000
rprop_decrease_factor=0.500000
rprop_delta_min=0.000000
rprop_delta_max=50.000000
rprop_delta_zero=0.100000
cascade_output_stagnation_epochs=12
cascade_candidate_change_fraction=0.010000
cascade_candidate_stagnation_epochs=12
cascade_max_out_epochs=150
cascade_min_out_epochs=50
cascade_max_cand_epochs=150
cascade_min_cand_epochs=50
cascade_num_candidate_groups=2
bit_fail_limit=3.49999994039535522461e-01
cascade_candidate_limit=1.00000000000000000000e+03
cascade_weight_multiplier=4.00000005960464477539e-01
cascade_activation_functions_count=10
cascade_activation_functions=3 5 7 8 10 11 14 15 16 17 
cascade_activation_steepnesses_count=4
cascade_activation_steepnesses=2.50000000000000000000e-01 5.00000000000000000000e-01 7.50000000000000000000e-01 1.00000000000000000000e+00 
layer_sizes=10 3 2 
scale_included=0
neurons (num_inputs, activation_function, activation_steepness)=(0, 0, 0.00000000000000000000e+00) (0, 0, 0.00000000000000000000e+00) (0, 0, 0.00000000000000000000e+00) (0, 0, 0.00000000000000000000e+00) (0, 0, 0.00000000000000000000e+00) (0, 0, 0.00000000000000000000e+00) (0, 0, 0.00000000000000000000e+00) (0, 0, 0.00000000000000000000e+00) (0, 0, 0.00000000000000000000e+00) (0, 0, 0.00000000000000000000e+00) (10, 3, 5.00000000000000000000e-01) (10, 3, 5.00000000000000000000e-01) (0, 3, 0.00000000000000000000e+00) (3, 3, 5.00000000000000000000e-01) (0, 3, 0.00000000000000000000e+00) 
connections (connected_to_neuron, weight)=(0, -1.45822733640670776367e-01) (1, -6.97874799370765686035e-02) (2, -6.49155750870704650879e-02) (3, -8.49016234278678894043e-02) (4, -3.92217561602592468262e-02) (5, -1.12638726830482482910e-01) (6, -2.16005295515060424805e-01) (7, -1.44665941596031188965e-01) (8, -3.74731644988059997559e-02) (9, -9.60020422935485839844e-02) (0, -1.07978120446205139160e-01) (1, -1.37169927358627319336e-01) (2, -8.42068865895271301270e-02) (3, -1.08583688735961914062e-01) (4, -1.13055050373077392578e-01) (5, -1.88040390610694885254e-01) (6, -5.26378527283668518066e-02) (7, -1.20837584137916564941e-01) (8, -6.00336864590644836426e-02) (9, -5.75222745537757873535e-02) (10, -3.66550013422966003418e-02) (11, -8.06494131684303283691e-02) (12, -1.52694821357727050781e-01) 
