FANN_FLO_2.1
num_layers=3
learning_rate=0.500000
connection_rate=1.000000
network_type=0
learning_momentum=0.000000
training_algorithm=2
train_error_function=1
train_stop_function=0
cascade_output_change_fraction=0.010000
quickprop_decay=-0.000100
quickprop_mu=1.750000
rprop_increase_factor=1.200000
rprop_decrease_factor=0.500000
rprop_delta_min=0.000000
rprop_delta_max=50.000000
rprop_delta_zero=0.100000
cascade_output_stagnation_epochs=12
cascade_candidate_change_fraction=0.010000
cascade_candidate_stagnation_epochs=12
cascade_max_out_epochs=150
cascade_min_out_epochs=50
cascade_max_cand_epochs=150
cascade_min_cand_epochs=50
cascade_num_candidate_groups=2
bit_fail_limit=3.49999994039535522461e-01
cascade_candidate_limit=1.00000000000000000000e+03
cascade_weight_multiplier=4.00000005960464477539e-01
cascade_activation_functions_count=10
cascade_activation_functions=3 5 7 8 10 11 14 15 16 17 
cascade_activation_steepnesses_count=4
cascade_activation_steepnesses=2.50000000000000000000e-01 5.00000000000000000000e-01 7.50000000000000000000e-01 1.00000000000000000000e+00 
layer_sizes=10 5 2 
scale_included=0
neurons (num_inputs, activation_function, activation_steepness)=(0, 0, 0.00000000000000000000e+00) (0, 0, 0.00000000000000000000e+00) (0, 0, 0.00000000000000000000e+00) (0, 0, 0.00000000000000000000e+00) (0, 0, 0.00000000000000000000e+00) (0, 0, 0.00000000000000000000e+00) (0, 0, 0.00000000000000000000e+00) (0, 0, 0.00000000000000000000e+00) (0, 0, 0.00000000000000000000e+00) (0, 0, 0.00000000000000000000e+00) (10, 3, 5.00000000000000000000e-01) (10, 3, 5.00000000000000000000e-01) (10, 3, 5.00000000000000000000e-01) (10, 3, 5.00000000000000000000e-01) (0, 3, 0.00000000000000000000e+00) (5, 3, 5.00000000000000000000e-01) (0, 3, 0.00000000000000000000e+00) 
connections (connected_to_neuron, weight)=(0, 4.86190915107727050781e-01) (1, 4.81921255588531494141e-01) (2, 5.00817000865936279297e-01) (3, 5.32327950000762939453e-01) (4, -8.88531625270843505859e-01) (5, 6.08872026205062866211e-02) (6, 4.29554760456085205078e-01) (7, 5.51583647727966308594e-01) (8, 5.66254138946533203125e-01) (9, 2.33869537711143493652e-01) (0, 5.23700833320617675781e-01) (1, 5.05738794803619384766e-01) (2, 6.20566844940185546875e-01) (3, 5.15241563320159912109e-01) (4, -2.68291085958480834961e-01) (5, -8.30715000629425048828e-01) (6, 6.20359420776367187500e-01) (7, 5.69228589534759521484e-01) (8, 4.99894440174102783203e-01) (9, 9.84088331460952758789e-02) (0, -3.57876062393188476562e-01) (1, -3.85289311408996582031e-01) (2, -3.18970948457717895508e-01) (3, -2.91330009698867797852e-01) (4, -3.83857309818267822266e-01) (5, -2.85976707935333251953e-01) (6, -2.26561963558197021484e-01) (7, -2.93676346540451049805e-01) (8, -4.07223224639892578125e-01) (9, 2.80291169881820678711e-01) (0, -2.77165263891220092773e-01) (1, -3.00945401191711425781e-01) (2, -2.68786996603012084961e-01) (3, -3.43395829200744628906e-01) (4, -6.35987877845764160156e-01) (5, -6.80951714515686035156e-01) (6, -2.89130806922912597656e-01) (7, -3.02311390638351440430e-01) (8, -2.59423702955245971680e-01) (9, 1.05511498451232910156e+00) (10, 8.52050006389617919922e-01) (11, 1.03888714313507080078e+00) (12, -1.35167658329010009766e+00) (13, -3.38499736785888671875e+00) (14, -4.24315780401229858398e-02) 
