FANN_FLO_2.1
num_layers=3
learning_rate=0.500000
connection_rate=1.000000
network_type=0
learning_momentum=0.000000
training_algorithm=2
train_error_function=1
train_stop_function=0
cascade_output_change_fraction=0.010000
quickprop_decay=-0.000100
quickprop_mu=1.750000
rprop_increase_factor=1.200000
rprop_decrease_factor=0.500000
rprop_delta_min=0.000000
rprop_delta_max=50.000000
rprop_delta_zero=0.100000
cascade_output_stagnation_epochs=12
cascade_candidate_change_fraction=0.010000
cascade_candidate_stagnation_epochs=12
cascade_max_out_epochs=150
cascade_min_out_epochs=50
cascade_max_cand_epochs=150
cascade_min_cand_epochs=50
cascade_num_candidate_groups=2
bit_fail_limit=3.49999994039535522461e-01
cascade_candidate_limit=1.00000000000000000000e+03
cascade_weight_multiplier=4.00000005960464477539e-01
cascade_activation_functions_count=10
cascade_activation_functions=3 5 7 8 10 11 14 15 16 17 
cascade_activation_steepnesses_count=4
cascade_activation_steepnesses=2.50000000000000000000e-01 5.00000000000000000000e-01 7.50000000000000000000e-01 1.00000000000000000000e+00 
layer_sizes=10 5 2 
scale_included=0
neurons (num_inputs, activation_function, activation_steepness)=(0, 0, 0.00000000000000000000e+00) (0, 0, 0.00000000000000000000e+00) (0, 0, 0.00000000000000000000e+00) (0, 0, 0.00000000000000000000e+00) (0, 0, 0.00000000000000000000e+00) (0, 0, 0.00000000000000000000e+00) (0, 0, 0.00000000000000000000e+00) (0, 0, 0.00000000000000000000e+00) (0, 0, 0.00000000000000000000e+00) (0, 0, 0.00000000000000000000e+00) (10, 3, 5.00000000000000000000e-01) (10, 3, 5.00000000000000000000e-01) (10, 3, 5.00000000000000000000e-01) (10, 3, 5.00000000000000000000e-01) (0, 3, 0.00000000000000000000e+00) (5, 3, 5.00000000000000000000e-01) (0, 3, 0.00000000000000000000e+00) 
connections (connected_to_neuron, weight)=(0, -2.06974163651466369629e-01) (1, -9.39253807067871093750e-01) (2, -3.91273736953735351562e-01) (3, -4.78824704885482788086e-01) (4, -7.36187219619750976562e-01) (5, -5.41915357112884521484e-01) (6, -5.16909003257751464844e-01) (7, -4.10081684589385986328e-01) (8, -2.10988298058509826660e-01) (9, 1.87400352954864501953e+00) (0, -5.02011656761169433594e-01) (1, -3.89822423458099365234e-01) (2, -2.48435914516448974609e-01) (3, -6.23670578002929687500e-01) (4, -1.73244208097457885742e-01) (5, -3.73446851968765258789e-01) (6, -6.85603737831115722656e-01) (7, -3.36071997880935668945e-01) (8, -4.87394183874130249023e-01) (9, 6.64898216724395751953e-01) (0, -4.60505545139312744141e-01) (1, -3.96072298288345336914e-01) (2, -5.07580697536468505859e-01) (3, -3.93148869276046752930e-01) (4, -5.53524255752563476562e-01) (5, -3.09911161661148071289e-01) (6, -3.19055289030075073242e-01) (7, -2.73491591215133666992e-01) (8, -4.27548915147781372070e-01) (9, 4.87394809722900390625e-01) (0, -6.44669353961944580078e-01) (1, -1.51281476020812988281e-01) (2, -6.23961865901947021484e-01) (3, -5.05197465419769287109e-01) (4, -1.89914852380752563477e-01) (5, -5.98360121250152587891e-01) (6, -2.45168685913085937500e-01) (7, -7.82030999660491943359e-01) (8, -6.92710161209106445312e-01) (9, 1.70519709587097167969e+00) (10, -1.24820899963378906250e+00) (11, -1.17269313335418701172e+00) (12, -1.15026462078094482422e+00) (13, -1.24405586719512939453e+00) (14, 1.50148737430572509766e+00) 
