FANN_FLO_2.1
num_layers=4
learning_rate=0.450000
connection_rate=1.000000
network_type=0
learning_momentum=0.000000
training_algorithm=2
train_error_function=1
train_stop_function=0
cascade_output_change_fraction=0.010000
quickprop_decay=-0.000100
quickprop_mu=1.750000
rprop_increase_factor=1.200000
rprop_decrease_factor=0.500000
rprop_delta_min=0.000000
rprop_delta_max=50.000000
rprop_delta_zero=0.100000
cascade_output_stagnation_epochs=12
cascade_candidate_change_fraction=0.010000
cascade_candidate_stagnation_epochs=12
cascade_max_out_epochs=150
cascade_min_out_epochs=50
cascade_max_cand_epochs=150
cascade_min_cand_epochs=50
cascade_num_candidate_groups=2
bit_fail_limit=3.49999994039535522461e-01
cascade_candidate_limit=1.00000000000000000000e+03
cascade_weight_multiplier=4.00000005960464477539e-01
cascade_activation_functions_count=10
cascade_activation_functions=3 5 7 8 10 11 14 15 16 17 
cascade_activation_steepnesses_count=4
cascade_activation_steepnesses=2.50000000000000000000e-01 5.00000000000000000000e-01 7.50000000000000000000e-01 1.00000000000000000000e+00 
layer_sizes=7 5 5 2 
scale_included=0
neurons (num_inputs, activation_function, activation_steepness)=(0, 0, 0.00000000000000000000e+00) (0, 0, 0.00000000000000000000e+00) (0, 0, 0.00000000000000000000e+00) (0, 0, 0.00000000000000000000e+00) (0, 0, 0.00000000000000000000e+00) (0, 0, 0.00000000000000000000e+00) (0, 0, 0.00000000000000000000e+00) (7, 3, 5.00000000000000000000e-01) (7, 3, 5.00000000000000000000e-01) (7, 3, 5.00000000000000000000e-01) (7, 3, 5.00000000000000000000e-01) (0, 3, 0.00000000000000000000e+00) (5, 3, 5.00000000000000000000e-01) (5, 3, 5.00000000000000000000e-01) (5, 3, 5.00000000000000000000e-01) (5, 3, 5.00000000000000000000e-01) (0, 3, 0.00000000000000000000e+00) (5, 0, 5.00000000000000000000e-01) (0, 0, 0.00000000000000000000e+00) 
connections (connected_to_neuron, weight)=(0, -1.58436279296875000000e+02) (1, 1.42996032714843750000e+03) (2, 3.98920379638671875000e+02) (3, -3.55298614501953125000e+02) (4, 1.45838574218750000000e+03) (5, 5.22718872070312500000e+02) (6, 3.80807533264160156250e+01) (0, -1.12234252929687500000e+03) (1, 1.42966027832031250000e+03) (2, 3.44097686767578125000e+02) (3, -3.70799652099609375000e+02) (4, 1.48975695800781250000e+03) (5, 5.22718872070312500000e+02) (6, 8.16594791412353515625e+00) (0, -6.55299438476562500000e+02) (1, 1.42897436523437500000e+03) (2, 3.60664215087890625000e+02) (3, -8.09231643676757812500e+01) (4, 1.45838574218750000000e+03) (5, 5.02123626708984375000e+02) (6, 3.51153922080993652344e+00) (0, -1.27139111328125000000e+03) (1, 1.42849169921875000000e+03) (2, 3.44097686767578125000e+02) (3, -1.01149359130859375000e+03) (4, 1.45838574218750000000e+03) (5, 5.22718872070312500000e+02) (6, 2.62331390380859375000e+00) (7, -6.91546096801757812500e+01) (8, -1.28644250488281250000e+03) (9, -7.51600036621093750000e+02) (10, -1.28017797851562500000e+03) (11, -1.61246757507324218750e+01) (7, -1.15398828125000000000e+03) (8, -1.28644250488281250000e+03) (9, -1.45276770019531250000e+03) (10, -1.28017797851562500000e+03) (11, -2.13152046203613281250e+01) (7, -2.40826204419136047363e-01) (8, 6.91268539428710937500e+01) (9, -3.37354370117187500000e+02) (10, 2.61451324462890625000e+02) (11, -5.04577517509460449219e-01) (7, -2.46593832969665527344e-01) (8, -1.28644250488281250000e+03) (9, -3.35297821044921875000e+02) (10, -1.28017797851562500000e+03) (11, -4.67285484075546264648e-01) (12, 4.84132293701171875000e+02) (13, 8.84132324218750000000e+02) (14, -1.96529350280761718750e+01) (15, 1.91934280395507812500e+01) (16, 2.37833615392446517944e-02) 
