FANN_FLO_2.1
num_layers=4
learning_rate=0.300000
connection_rate=1.000000
network_type=0
learning_momentum=0.000000
training_algorithm=2
train_error_function=1
train_stop_function=0
cascade_output_change_fraction=0.010000
quickprop_decay=-0.000100
quickprop_mu=1.750000
rprop_increase_factor=1.200000
rprop_decrease_factor=0.500000
rprop_delta_min=0.000000
rprop_delta_max=50.000000
rprop_delta_zero=0.100000
cascade_output_stagnation_epochs=12
cascade_candidate_change_fraction=0.010000
cascade_candidate_stagnation_epochs=12
cascade_max_out_epochs=150
cascade_min_out_epochs=50
cascade_max_cand_epochs=150
cascade_min_cand_epochs=50
cascade_num_candidate_groups=2
bit_fail_limit=3.49999994039535522461e-01
cascade_candidate_limit=1.00000000000000000000e+03
cascade_weight_multiplier=4.00000005960464477539e-01
cascade_activation_functions_count=10
cascade_activation_functions=3 5 7 8 10 11 14 15 16 17 
cascade_activation_steepnesses_count=4
cascade_activation_steepnesses=2.50000000000000000000e-01 5.00000000000000000000e-01 7.50000000000000000000e-01 1.00000000000000000000e+00 
layer_sizes=2 5 3 3 
scale_included=0
neurons (num_inputs, activation_function, activation_steepness)=(0, 0, 0.00000000000000000000e+00) (0, 0, 0.00000000000000000000e+00) (2, 3, 5.00000000000000000000e-01) (2, 3, 5.00000000000000000000e-01) (2, 3, 5.00000000000000000000e-01) (2, 3, 5.00000000000000000000e-01) (0, 3, 0.00000000000000000000e+00) (5, 3, 5.00000000000000000000e-01) (5, 3, 5.00000000000000000000e-01) (0, 3, 0.00000000000000000000e+00) (3, 0, 5.00000000000000000000e-01) (3, 0, 5.00000000000000000000e-01) (0, 0, 0.00000000000000000000e+00) 
connections (connected_to_neuron, weight)=(0, 9.94377708435058593750e+00) (1, 8.29677963256835937500e+00) (0, 2.55521559715270996094e+00) (1, 7.93619823455810546875e+00) (0, 3.07303428649902343750e+00) (1, 8.19195842742919921875e+00) (0, 4.90879678726196289062e+00) (1, 1.11044654846191406250e+01) (2, 4.70025205612182617188e+00) (3, 3.83452594280242919922e-01) (4, 8.43520164489746093750e-01) (5, 4.60261940956115722656e-01) (6, -1.75360131263732910156e+00) (2, -5.47474265098571777344e-01) (3, 2.89305508136749267578e-01) (4, 1.44574463367462158203e+00) (5, 2.97045290470123291016e-01) (6, 1.56114757061004638672e-01) (7, -3.77506902441382408142e-03) (8, -3.65435890853404998779e-02) (9, 3.18985693156719207764e-02) (7, -6.19463086128234863281e-01) (8, -5.39932966232299804688e-01) (9, -5.05543351173400878906e-01) 
