FANN_FLO_2.1
num_layers=4
learning_rate=0.450000
connection_rate=1.000000
network_type=0
learning_momentum=0.000000
training_algorithm=2
train_error_function=1
train_stop_function=0
cascade_output_change_fraction=0.010000
quickprop_decay=-0.000100
quickprop_mu=1.750000
rprop_increase_factor=1.200000
rprop_decrease_factor=0.500000
rprop_delta_min=0.000000
rprop_delta_max=50.000000
rprop_delta_zero=0.100000
cascade_output_stagnation_epochs=12
cascade_candidate_change_fraction=0.010000
cascade_candidate_stagnation_epochs=12
cascade_max_out_epochs=150
cascade_min_out_epochs=50
cascade_max_cand_epochs=150
cascade_min_cand_epochs=50
cascade_num_candidate_groups=2
bit_fail_limit=3.49999994039535522461e-01
cascade_candidate_limit=1.00000000000000000000e+03
cascade_weight_multiplier=4.00000005960464477539e-01
cascade_activation_functions_count=10
cascade_activation_functions=3 5 7 8 10 11 14 15 16 17 
cascade_activation_steepnesses_count=4
cascade_activation_steepnesses=2.50000000000000000000e-01 5.00000000000000000000e-01 7.50000000000000000000e-01 1.00000000000000000000e+00 
layer_sizes=7 5 3 2 
scale_included=0
neurons (num_inputs, activation_function, activation_steepness)=(0, 0, 0.00000000000000000000e+00) (0, 0, 0.00000000000000000000e+00) (0, 0, 0.00000000000000000000e+00) (0, 0, 0.00000000000000000000e+00) (0, 0, 0.00000000000000000000e+00) (0, 0, 0.00000000000000000000e+00) (0, 0, 0.00000000000000000000e+00) (7, 3, 5.00000000000000000000e-01) (7, 3, 5.00000000000000000000e-01) (7, 3, 5.00000000000000000000e-01) (7, 3, 5.00000000000000000000e-01) (0, 3, 0.00000000000000000000e+00) (5, 3, 5.00000000000000000000e-01) (5, 3, 5.00000000000000000000e-01) (0, 3, 0.00000000000000000000e+00) (3, 0, 5.00000000000000000000e-01) (0, 0, 0.00000000000000000000e+00) 
connections (connected_to_neuron, weight)=(0, -1.93963050842285156250e+00) (1, 2.79705505371093750000e+02) (2, -8.54556560516357421875e+00) (3, -8.47146689891815185547e-01) (4, 2.70775543212890625000e+02) (5, -1.05141038894653320312e+01) (6, 1.64050114154815673828e+00) (0, -2.31584892272949218750e+01) (1, 1.06568530273437500000e+03) (2, -1.69171199798583984375e+01) (3, -7.28867197036743164062e+00) (4, 1.50000000000000000000e+03) (5, -7.27165222167968750000e+02) (6, 8.49818115234375000000e+01) (0, -2.40311126708984375000e+01) (1, 4.16341186523437500000e+02) (2, 8.60736083984375000000e+01) (3, -9.09900390625000000000e+02) (4, 1.50000000000000000000e+03) (5, -5.21294921875000000000e+02) (6, 2.78907337188720703125e+01) (0, -2.23723964691162109375e+01) (1, 1.96382369995117187500e+02) (2, -8.26615393161773681641e-01) (3, -2.96430850028991699219e+00) (4, 5.95915771484375000000e+02) (5, -1.30354976654052734375e+00) (6, 2.02536869049072265625e+00) (7, -1.31629095077514648438e+01) (8, -1.14234769344329833984e+00) (9, -1.95989135742187500000e+02) (10, -1.20167541503906250000e+03) (11, -4.99138742685317993164e-01) (7, 4.59298944473266601562e+00) (8, 3.24271321296691894531e-01) (9, 2.31246185302734375000e+00) (10, -6.16583442687988281250e+00) (11, 2.12067461013793945312e+00) (12, 1.50000000000000000000e+03) (13, -1.01003699004650115967e-01) (14, 1.07038915157318115234e-01) 
