FANN_FLO_2.1
num_layers=3
learning_rate=0.500000
connection_rate=1.000000
network_type=0
learning_momentum=0.000000
training_algorithm=2
train_error_function=1
train_stop_function=0
cascade_output_change_fraction=0.010000
quickprop_decay=-0.000100
quickprop_mu=1.750000
rprop_increase_factor=1.200000
rprop_decrease_factor=0.500000
rprop_delta_min=0.000000
rprop_delta_max=50.000000
rprop_delta_zero=0.100000
cascade_output_stagnation_epochs=12
cascade_candidate_change_fraction=0.010000
cascade_candidate_stagnation_epochs=12
cascade_max_out_epochs=150
cascade_min_out_epochs=50
cascade_max_cand_epochs=150
cascade_min_cand_epochs=50
cascade_num_candidate_groups=2
bit_fail_limit=3.49999994039535522461e-01
cascade_candidate_limit=1.00000000000000000000e+03
cascade_weight_multiplier=4.00000005960464477539e-01
cascade_activation_functions_count=10
cascade_activation_functions=3 5 7 8 10 11 14 15 16 17 
cascade_activation_steepnesses_count=4
cascade_activation_steepnesses=2.50000000000000000000e-01 5.00000000000000000000e-01 7.50000000000000000000e-01 1.00000000000000000000e+00 
layer_sizes=7 9 2 
scale_included=0
neurons (num_inputs, activation_function, activation_steepness)=(0, 0, 0.00000000000000000000e+00) (0, 0, 0.00000000000000000000e+00) (0, 0, 0.00000000000000000000e+00) (0, 0, 0.00000000000000000000e+00) (0, 0, 0.00000000000000000000e+00) (0, 0, 0.00000000000000000000e+00) (0, 0, 0.00000000000000000000e+00) (7, 3, 5.00000000000000000000e-01) (7, 3, 5.00000000000000000000e-01) (7, 3, 5.00000000000000000000e-01) (7, 3, 5.00000000000000000000e-01) (7, 3, 5.00000000000000000000e-01) (7, 3, 5.00000000000000000000e-01) (7, 3, 5.00000000000000000000e-01) (7, 3, 5.00000000000000000000e-01) (0, 3, 0.00000000000000000000e+00) (9, 0, 5.00000000000000000000e-01) (0, 0, 0.00000000000000000000e+00) 
connections (connected_to_neuron, weight)=(0, -4.80128526687622070312e-01) (1, -8.21508646011352539062e-01) (2, -1.91514790058135986328e+00) (3, -3.06352353096008300781e+00) (4, -2.66952705383300781250e+00) (5, -3.28388601541519165039e-01) (6, -3.78481835126876831055e-01) (0, -5.21378874778747558594e-01) (1, -3.33595275878906250000e-01) (2, 8.20213258266448974609e-01) (3, -3.97206515073776245117e-01) (4, -2.12133571505546569824e-01) (5, 6.14216148853302001953e-01) (6, -5.07562339305877685547e-01) (0, -6.63426294922828674316e-02) (1, 3.75700998306274414062e+00) (2, -2.05030059814453125000e+00) (3, -4.30545866489410400391e-01) (4, -1.03780380249023437500e+02) (5, -5.17150020599365234375e+00) (6, 1.65406823158264160156e-01) (0, -5.48472166061401367188e-01) (1, -7.50321269035339355469e-01) (2, 9.57871198654174804688e-01) (3, -1.10314273834228515625e+00) (4, -3.19008660316467285156e+00) (5, 6.56261861324310302734e-01) (6, -4.54398006200790405273e-01) (0, -3.89461308717727661133e-01) (1, -1.05694671630859375000e+02) (2, 2.40077957510948181152e-01) (3, -1.93211877346038818359e+00) (4, -1.51500737667083740234e+00) (5, 4.59415048360824584961e-01) (6, -1.31563388276845216751e-03) (0, -2.08839014172554016113e-01) (1, 2.54430204629898071289e-01) (2, -2.30333551764488220215e-01) (3, 2.92832404375076293945e-01) (4, -4.77009534835815429688e-01) (5, 7.39862471818923950195e-02) (6, -3.92459416389465332031e+00) (0, -3.50784516334533691406e+00) (1, -4.83229780197143554688e+00) (2, -4.18313751220703125000e+01) (3, -3.65285730361938476562e+00) (4, 9.85902770996093750000e+02) (5, -4.84603767395019531250e+01) (6, -4.23069238662719726562e+00) (0, -4.69548851251602172852e-01) (1, -2.48862051963806152344e+00) (2, 7.08125770092010498047e-01) (3, -4.28504049777984619141e-01) (4, -7.31597244739532470703e-01) (5, 6.92351698875427246094e-01) (6, -2.63314843177795410156e-01) (7, -3.70896291732788085938e+00) (8, -6.04259688407182693481e-03) (9, -1.61952758789062500000e+02) (10, 5.23359030485153198242e-02) (11, -6.41494628906250000000e+02) (12, 9.56212162971496582031e-01) (13, 1.31125682964920997620e-02) (14, -8.39107418060302734375e+00) (15, -7.65118794515728950500e-03) 
