FANN_FLO_2.1
num_layers=4
learning_rate=0.450000
connection_rate=1.000000
network_type=0
learning_momentum=0.000000
training_algorithm=2
train_error_function=1
train_stop_function=0
cascade_output_change_fraction=0.010000
quickprop_decay=-0.000100
quickprop_mu=1.750000
rprop_increase_factor=1.200000
rprop_decrease_factor=0.500000
rprop_delta_min=0.000000
rprop_delta_max=50.000000
rprop_delta_zero=0.100000
cascade_output_stagnation_epochs=12
cascade_candidate_change_fraction=0.010000
cascade_candidate_stagnation_epochs=12
cascade_max_out_epochs=150
cascade_min_out_epochs=50
cascade_max_cand_epochs=150
cascade_min_cand_epochs=50
cascade_num_candidate_groups=2
bit_fail_limit=3.49999994039535522461e-01
cascade_candidate_limit=1.00000000000000000000e+03
cascade_weight_multiplier=4.00000005960464477539e-01
cascade_activation_functions_count=10
cascade_activation_functions=3 5 7 8 10 11 14 15 16 17 
cascade_activation_steepnesses_count=4
cascade_activation_steepnesses=2.50000000000000000000e-01 5.00000000000000000000e-01 7.50000000000000000000e-01 1.00000000000000000000e+00 
layer_sizes=7 5 3 2 
scale_included=0
neurons (num_inputs, activation_function, activation_steepness)=(0, 0, 0.00000000000000000000e+00) (0, 0, 0.00000000000000000000e+00) (0, 0, 0.00000000000000000000e+00) (0, 0, 0.00000000000000000000e+00) (0, 0, 0.00000000000000000000e+00) (0, 0, 0.00000000000000000000e+00) (0, 0, 0.00000000000000000000e+00) (7, 3, 5.00000000000000000000e-01) (7, 3, 5.00000000000000000000e-01) (7, 3, 5.00000000000000000000e-01) (7, 3, 5.00000000000000000000e-01) (0, 3, 0.00000000000000000000e+00) (5, 3, 5.00000000000000000000e-01) (5, 3, 5.00000000000000000000e-01) (0, 3, 0.00000000000000000000e+00) (3, 0, 5.00000000000000000000e-01) (0, 0, 0.00000000000000000000e+00) 
connections (connected_to_neuron, weight)=(0, 1.69337880611419677734e+00) (1, -1.09940148890018463135e-01) (2, -5.48797130584716796875e-01) (3, -2.35875714570283889771e-02) (4, -8.55357527732849121094e-01) (5, -4.87331122159957885742e-01) (6, -7.87247538566589355469e-01) (0, -2.34095752239227294922e-01) (1, -5.66730797290802001953e-01) (2, 9.55180883407592773438e-01) (3, 1.08811587095260620117e-01) (4, -5.83468794822692871094e-01) (5, 3.62979054450988769531e-01) (6, -2.30563950538635253906e+00) (0, 6.37799322605133056641e-01) (1, 7.53912866115570068359e-01) (2, -9.98868179321289062500e+00) (3, -4.48408901691436767578e-01) (4, 8.37881374359130859375e+00) (5, 4.01347446441650390625e+00) (6, -2.30040721893310546875e+01) (0, 6.33028328418731689453e-01) (1, 1.62054151296615600586e-02) (2, 8.56869816780090332031e-01) (3, -3.73381376266479492188e-01) (4, -5.40695428848266601562e-01) (5, -8.01482737064361572266e-01) (6, -1.51917636394500732422e+00) (7, -1.12765466308593750000e+03) (8, -3.85150909423828125000e+02) (9, -1.50000000000000000000e+03) (10, 1.50000000000000000000e+03) (11, -1.77277755737304687500e+00) (7, -4.01134443283081054688e+00) (8, -1.36364336013793945312e+01) (9, 4.33468246459960937500e+00) (10, -3.12382316589355468750e+00) (11, 5.96036624908447265625e+00) (12, -2.56272554397583007812e-01) (13, -2.87780821323394775391e-01) (14, 2.97054260969161987305e-01) 
