FANN_FLO_2.1
num_layers=4
learning_rate=0.450000
connection_rate=1.000000
network_type=0
learning_momentum=0.000000
training_algorithm=2
train_error_function=1
train_stop_function=0
cascade_output_change_fraction=0.010000
quickprop_decay=-0.000100
quickprop_mu=1.750000
rprop_increase_factor=1.200000
rprop_decrease_factor=0.500000
rprop_delta_min=0.000000
rprop_delta_max=50.000000
rprop_delta_zero=0.100000
cascade_output_stagnation_epochs=12
cascade_candidate_change_fraction=0.010000
cascade_candidate_stagnation_epochs=12
cascade_max_out_epochs=150
cascade_min_out_epochs=50
cascade_max_cand_epochs=150
cascade_min_cand_epochs=50
cascade_num_candidate_groups=2
bit_fail_limit=3.49999994039535522461e-01
cascade_candidate_limit=1.00000000000000000000e+03
cascade_weight_multiplier=4.00000005960464477539e-01
cascade_activation_functions_count=10
cascade_activation_functions=3 5 7 8 10 11 14 15 16 17 
cascade_activation_steepnesses_count=4
cascade_activation_steepnesses=2.50000000000000000000e-01 5.00000000000000000000e-01 7.50000000000000000000e-01 1.00000000000000000000e+00 
layer_sizes=7 5 3 2 
scale_included=0
neurons (num_inputs, activation_function, activation_steepness)=(0, 0, 0.00000000000000000000e+00) (0, 0, 0.00000000000000000000e+00) (0, 0, 0.00000000000000000000e+00) (0, 0, 0.00000000000000000000e+00) (0, 0, 0.00000000000000000000e+00) (0, 0, 0.00000000000000000000e+00) (0, 0, 0.00000000000000000000e+00) (7, 3, 5.00000000000000000000e-01) (7, 3, 5.00000000000000000000e-01) (7, 3, 5.00000000000000000000e-01) (7, 3, 5.00000000000000000000e-01) (0, 3, 0.00000000000000000000e+00) (5, 3, 5.00000000000000000000e-01) (5, 3, 5.00000000000000000000e-01) (0, 3, 0.00000000000000000000e+00) (3, 0, 5.00000000000000000000e-01) (0, 0, 0.00000000000000000000e+00) 
connections (connected_to_neuron, weight)=(0, -1.00955262780189514160e-01) (1, 2.32130080461502075195e-01) (2, -1.23244509100914001465e-01) (3, 1.37490695342421531677e-02) (4, 2.31370300054550170898e-01) (5, -3.42675745487213134766e-01) (6, 3.24405097961425781250e+00) (0, -7.30077505111694335938e-01) (1, 6.98580443859100341797e-01) (2, 5.64872789382934570312e+00) (3, -1.25095927715301513672e+00) (4, 3.21795105934143066406e+00) (5, 4.84585380554199218750e+00) (6, 3.73656421899795532227e-01) (0, -1.54562130570411682129e-01) (1, 1.89967408776283264160e-01) (2, 7.62165904045104980469e-01) (3, -1.85883104801177978516e-01) (4, 8.17730486392974853516e-01) (5, 6.13260507583618164062e-01) (6, 4.33935940265655517578e-01) (0, -1.88184529542922973633e-01) (1, 2.38946720957756042480e-01) (2, -3.33933643996715545654e-02) (3, 8.42628553509712219238e-02) (4, 1.62267342209815979004e-01) (5, -2.96019285917282104492e-01) (6, 5.05594372749328613281e-01) (7, -1.31882035732269287109e+00) (8, -7.53905177116394042969e-01) (9, -3.25205874443054199219e+00) (10, 1.09572076797485351562e+00) (11, -3.19060653448104858398e-01) (7, 1.02024345397949218750e+01) (8, -4.21471118927001953125e+00) (9, -5.23593835532665252686e-02) (10, 1.27202677726745605469e+00) (11, 1.20886430144309997559e-01) (12, 3.89833068847656250000e+00) (13, -1.17515780031681060791e-01) (14, 8.86395201086997985840e-02) 
