FANN_FLO_2.1
num_layers=3
learning_rate=0.500000
connection_rate=1.000000
network_type=0
learning_momentum=0.000000
training_algorithm=2
train_error_function=1
train_stop_function=0
cascade_output_change_fraction=0.010000
quickprop_decay=-0.000100
quickprop_mu=1.750000
rprop_increase_factor=1.200000
rprop_decrease_factor=0.500000
rprop_delta_min=0.000000
rprop_delta_max=50.000000
rprop_delta_zero=0.100000
cascade_output_stagnation_epochs=12
cascade_candidate_change_fraction=0.010000
cascade_candidate_stagnation_epochs=12
cascade_max_out_epochs=150
cascade_min_out_epochs=50
cascade_max_cand_epochs=150
cascade_min_cand_epochs=50
cascade_num_candidate_groups=2
bit_fail_limit=3.49999994039535522461e-01
cascade_candidate_limit=1.00000000000000000000e+03
cascade_weight_multiplier=4.00000005960464477539e-01
cascade_activation_functions_count=10
cascade_activation_functions=3 5 7 8 10 11 14 15 16 17 
cascade_activation_steepnesses_count=4
cascade_activation_steepnesses=2.50000000000000000000e-01 5.00000000000000000000e-01 7.50000000000000000000e-01 1.00000000000000000000e+00 
layer_sizes=7 5 2 
scale_included=0
neurons (num_inputs, activation_function, activation_steepness)=(0, 0, 0.00000000000000000000e+00) (0, 0, 0.00000000000000000000e+00) (0, 0, 0.00000000000000000000e+00) (0, 0, 0.00000000000000000000e+00) (0, 0, 0.00000000000000000000e+00) (0, 0, 0.00000000000000000000e+00) (0, 0, 0.00000000000000000000e+00) (7, 3, 5.00000000000000000000e-01) (7, 3, 5.00000000000000000000e-01) (7, 3, 5.00000000000000000000e-01) (7, 3, 5.00000000000000000000e-01) (0, 3, 0.00000000000000000000e+00) (5, 0, 5.00000000000000000000e-01) (0, 0, 0.00000000000000000000e+00) 
connections (connected_to_neuron, weight)=(0, -2.02032566070556640625e+01) (1, -8.98545551300048828125e+00) (2, -6.82064361572265625000e+01) (3, -3.39887466430664062500e+01) (4, -4.77074325084686279297e-01) (5, -1.35126934051513671875e+01) (6, -2.97584921121597290039e-01) (0, 1.74487724304199218750e+01) (1, -1.51836977005004882812e+01) (2, -4.38059730529785156250e+01) (3, -1.74141712188720703125e+01) (4, -1.02416956424713134766e+00) (5, -4.54981956481933593750e+01) (6, -8.75589072704315185547e-01) (0, -2.14845323562622070312e+00) (1, -6.46044235229492187500e+01) (2, -5.38590545654296875000e+01) (3, 1.71820583343505859375e+01) (4, -1.04204750061035156250e+00) (5, -1.66805953979492187500e+01) (6, -8.35722982883453369141e-01) (0, 1.00800298154354095459e-01) (1, 2.95199275016784667969e-01) (2, -3.73187899589538574219e-01) (3, 3.77697311341762542725e-02) (4, 3.73921751976013183594e-01) (5, -4.70776826143264770508e-01) (6, 3.80402708053588867188e+00) (7, -8.00000000000000000000e+02) (8, -6.68180063366889953613e-02) (9, 3.50000000000000000000e+02) (10, -6.78517520427703857422e-02) (11, 7.72898718714714050293e-02) 
