FANN_FLO_2.1
num_layers=4
learning_rate=0.300000
connection_rate=1.000000
network_type=0
learning_momentum=0.000000
training_algorithm=2
train_error_function=1
train_stop_function=0
cascade_output_change_fraction=0.010000
quickprop_decay=-0.000100
quickprop_mu=1.750000
rprop_increase_factor=1.200000
rprop_decrease_factor=0.500000
rprop_delta_min=0.000000
rprop_delta_max=50.000000
rprop_delta_zero=0.100000
cascade_output_stagnation_epochs=12
cascade_candidate_change_fraction=0.010000
cascade_candidate_stagnation_epochs=12
cascade_max_out_epochs=150
cascade_min_out_epochs=50
cascade_max_cand_epochs=150
cascade_min_cand_epochs=50
cascade_num_candidate_groups=2
bit_fail_limit=3.49999994039535522461e-01
cascade_candidate_limit=1.00000000000000000000e+03
cascade_weight_multiplier=4.00000005960464477539e-01
cascade_activation_functions_count=10
cascade_activation_functions=3 5 7 8 10 11 14 15 16 17 
cascade_activation_steepnesses_count=4
cascade_activation_steepnesses=2.50000000000000000000e-01 5.00000000000000000000e-01 7.50000000000000000000e-01 1.00000000000000000000e+00 
layer_sizes=2 5 3 3 
scale_included=0
neurons (num_inputs, activation_function, activation_steepness)=(0, 0, 0.00000000000000000000e+00) (0, 0, 0.00000000000000000000e+00) (2, 3, 5.00000000000000000000e-01) (2, 3, 5.00000000000000000000e-01) (2, 3, 5.00000000000000000000e-01) (2, 3, 5.00000000000000000000e-01) (0, 3, 0.00000000000000000000e+00) (5, 3, 5.00000000000000000000e-01) (5, 3, 5.00000000000000000000e-01) (0, 3, 0.00000000000000000000e+00) (3, 0, 5.00000000000000000000e-01) (3, 0, 5.00000000000000000000e-01) (0, 0, 0.00000000000000000000e+00) 
connections (connected_to_neuron, weight)=(0, -2.96809029579162597656e+00) (1, -4.57414722442626953125e+00) (0, -2.53484177589416503906e+00) (1, -5.00266027450561523438e+00) (0, -4.08796548843383789062e+00) (1, -5.87718105316162109375e+00) (0, -9.41078853607177734375e+00) (1, -4.59832763671875000000e+00) (2, 5.01197385787963867188e+00) (3, -2.05320186614990234375e+01) (4, 1.36450719833374023438e+00) (5, 5.00922489166259765625e+00) (6, 8.55151057243347167969e-01) (2, 2.42300248146057128906e+00) (3, 3.41404390335083007812e+00) (4, 4.55529022216796875000e+00) (5, -5.66121220588684082031e-01) (6, -2.75974297523498535156e+00) (7, -1.44041225314140319824e-01) (8, 1.77889242768287658691e-01) (9, 5.33561334013938903809e-02) (7, -6.72235429286956787109e-01) (8, -7.95673549175262451172e-01) (9, -8.00074338912963867188e-01) 
