FANN_FLO_2.1
num_layers=4
learning_rate=0.300000
connection_rate=1.000000
network_type=0
learning_momentum=0.000000
training_algorithm=2
train_error_function=1
train_stop_function=0
cascade_output_change_fraction=0.010000
quickprop_decay=-0.000100
quickprop_mu=1.750000
rprop_increase_factor=1.200000
rprop_decrease_factor=0.500000
rprop_delta_min=0.000000
rprop_delta_max=50.000000
rprop_delta_zero=0.100000
cascade_output_stagnation_epochs=12
cascade_candidate_change_fraction=0.010000
cascade_candidate_stagnation_epochs=12
cascade_max_out_epochs=150
cascade_min_out_epochs=50
cascade_max_cand_epochs=150
cascade_min_cand_epochs=50
cascade_num_candidate_groups=2
bit_fail_limit=3.49999994039535522461e-01
cascade_candidate_limit=1.00000000000000000000e+03
cascade_weight_multiplier=4.00000005960464477539e-01
cascade_activation_functions_count=10
cascade_activation_functions=3 5 7 8 10 11 14 15 16 17 
cascade_activation_steepnesses_count=4
cascade_activation_steepnesses=2.50000000000000000000e-01 5.00000000000000000000e-01 7.50000000000000000000e-01 1.00000000000000000000e+00 
layer_sizes=2 5 3 3 
scale_included=0
neurons (num_inputs, activation_function, activation_steepness)=(0, 0, 0.00000000000000000000e+00) (0, 0, 0.00000000000000000000e+00) (2, 3, 5.00000000000000000000e-01) (2, 3, 5.00000000000000000000e-01) (2, 3, 5.00000000000000000000e-01) (2, 3, 5.00000000000000000000e-01) (0, 3, 0.00000000000000000000e+00) (5, 3, 5.00000000000000000000e-01) (5, 3, 5.00000000000000000000e-01) (0, 3, 0.00000000000000000000e+00) (3, 0, 5.00000000000000000000e-01) (3, 0, 5.00000000000000000000e-01) (0, 0, 0.00000000000000000000e+00) 
connections (connected_to_neuron, weight)=(0, -2.98966050148010253906e+00) (1, -1.92263758182525634766e+00) (0, -7.09961509704589843750e+00) (1, -2.69807243347167968750e+00) (0, -1.22966747283935546875e+01) (1, -6.49729728698730468750e+00) (0, -2.30968642234802246094e+00) (1, -1.86864924430847167969e+00) (2, 5.85028231143951416016e-02) (3, 3.08805584907531738281e+00) (4, 2.95368385314941406250e+00) (5, -1.86641179025173187256e-02) (6, -1.16022264957427978516e+00) (2, -7.59666323661804199219e-01) (3, 1.65931653976440429688e+00) (4, 1.41152906417846679688e+00) (5, -1.91866183280944824219e+00) (6, -4.79988873004913330078e-01) (7, 1.98087438941001892090e-01) (8, 7.50444009900093078613e-02) (9, -2.33035773038864135742e-01) (7, -7.39519655704498291016e-01) (8, -1.23135423660278320312e+00) (9, -7.37474620342254638672e-01) 
