FANN_FLO_2.1
num_layers=3
learning_rate=0.500000
connection_rate=1.000000
network_type=0
learning_momentum=0.000000
training_algorithm=2
train_error_function=1
train_stop_function=0
cascade_output_change_fraction=0.010000
quickprop_decay=-0.000100
quickprop_mu=1.750000
rprop_increase_factor=1.200000
rprop_decrease_factor=0.500000
rprop_delta_min=0.000000
rprop_delta_max=50.000000
rprop_delta_zero=0.100000
cascade_output_stagnation_epochs=12
cascade_candidate_change_fraction=0.010000
cascade_candidate_stagnation_epochs=12
cascade_max_out_epochs=150
cascade_min_out_epochs=50
cascade_max_cand_epochs=150
cascade_min_cand_epochs=50
cascade_num_candidate_groups=2
bit_fail_limit=3.49999994039535522461e-01
cascade_candidate_limit=1.00000000000000000000e+03
cascade_weight_multiplier=4.00000005960464477539e-01
cascade_activation_functions_count=10
cascade_activation_functions=3 5 7 8 10 11 14 15 16 17 
cascade_activation_steepnesses_count=4
cascade_activation_steepnesses=2.50000000000000000000e-01 5.00000000000000000000e-01 7.50000000000000000000e-01 1.00000000000000000000e+00 
layer_sizes=3 5 4 
scale_included=0
neurons (num_inputs, activation_function, activation_steepness)=(0, 0, 0.00000000000000000000e+00) (0, 0, 0.00000000000000000000e+00) (0, 0, 0.00000000000000000000e+00) (3, 3, 5.00000000000000000000e-01) (3, 3, 5.00000000000000000000e-01) (3, 3, 5.00000000000000000000e-01) (3, 3, 5.00000000000000000000e-01) (0, 3, 0.00000000000000000000e+00) (5, 0, 5.00000000000000000000e-01) (5, 0, 5.00000000000000000000e-01) (5, 0, 5.00000000000000000000e-01) (0, 0, 0.00000000000000000000e+00) 
connections (connected_to_neuron, weight)=(0, -1.09421467781066894531e+00) (1, -9.24981474876403808594e-01) (2, 2.47580558061599731445e-01) (0, -5.87277793884277343750e+00) (1, 5.06630134582519531250e+00) (2, 9.31138619780540466309e-02) (0, -1.72969379425048828125e+01) (1, 1.49199485778808593750e+01) (2, 1.41601705551147460938e+01) (0, -6.38562059402465820312e+00) (1, 2.68260335922241210938e+00) (2, -2.22673296928405761719e+00) (3, 5.37030887603759765625e+00) (4, 1.93072760105133056641e+00) (5, 4.43829923868179321289e-01) (6, 2.18958950042724609375e+00) (7, 1.10244953632354736328e+00) (3, 1.68516788482666015625e+01) (4, 5.40415000915527343750e+00) (5, 3.24590134620666503906e+00) (6, 4.85387277603149414062e+00) (7, 4.39275360107421875000e+00) (3, 5.56453285217285156250e+01) (4, 1.59433727264404296875e+01) (5, 1.12005329132080078125e+01) (6, 1.44673509597778320312e+01) (7, 1.94771938323974609375e+01) 
