FANN_FLO_2.1
num_layers=4
learning_rate=0.500000
connection_rate=1.000000
network_type=0
learning_momentum=0.000000
training_algorithm=2
train_error_function=1
train_stop_function=0
cascade_output_change_fraction=0.010000
quickprop_decay=-0.000100
quickprop_mu=1.750000
rprop_increase_factor=1.200000
rprop_decrease_factor=0.500000
rprop_delta_min=0.000000
rprop_delta_max=50.000000
rprop_delta_zero=0.100000
cascade_output_stagnation_epochs=12
cascade_candidate_change_fraction=0.010000
cascade_candidate_stagnation_epochs=12
cascade_max_out_epochs=150
cascade_min_out_epochs=50
cascade_max_cand_epochs=150
cascade_min_cand_epochs=50
cascade_num_candidate_groups=2
bit_fail_limit=3.49999994039535522461e-01
cascade_candidate_limit=1.00000000000000000000e+03
cascade_weight_multiplier=4.00000005960464477539e-01
cascade_activation_functions_count=10
cascade_activation_functions=3 5 7 8 10 11 14 15 16 17 
cascade_activation_steepnesses_count=4
cascade_activation_steepnesses=2.50000000000000000000e-01 5.00000000000000000000e-01 7.50000000000000000000e-01 1.00000000000000000000e+00 
layer_sizes=4 5 5 2 
scale_included=0
neurons (num_inputs, activation_function, activation_steepness)=(0, 0, 0.00000000000000000000e+00) (0, 0, 0.00000000000000000000e+00) (0, 0, 0.00000000000000000000e+00) (0, 0, 0.00000000000000000000e+00) (4, 3, 5.00000000000000000000e-01) (4, 3, 5.00000000000000000000e-01) (4, 3, 5.00000000000000000000e-01) (4, 3, 5.00000000000000000000e-01) (0, 3, 0.00000000000000000000e+00) (5, 3, 5.00000000000000000000e-01) (5, 3, 5.00000000000000000000e-01) (5, 3, 5.00000000000000000000e-01) (5, 3, 5.00000000000000000000e-01) (0, 3, 0.00000000000000000000e+00) (5, 3, 5.00000000000000000000e-01) (0, 3, 0.00000000000000000000e+00) 
connections (connected_to_neuron, weight)=(0, -9.29915618896484375000e+00) (1, -1.92725509405136108398e-02) (2, -1.38151016235351562500e+01) (3, 1.32327966690063476562e+01) (0, -1.36982860565185546875e+01) (1, -4.85719490051269531250e+00) (2, -7.49311327934265136719e-01) (3, 5.09090471267700195312e+00) (0, -1.19144830703735351562e+01) (1, -7.70447254180908203125e+00) (2, -4.56374359130859375000e+00) (3, 6.18233108520507812500e+00) (0, -6.18678998947143554688e+00) (1, -4.58604288101196289062e+00) (2, -3.85842180252075195312e+00) (3, 3.57783794403076171875e+00) (4, 1.50000000000000000000e+03) (5, 1.49254980468750000000e+03) (6, 1.50000000000000000000e+03) (7, 1.50000000000000000000e+03) (8, 1.11565103530883789062e+01) (4, 4.61907052993774414062e+00) (5, 7.74571228027343750000e+00) (6, -1.50000000000000000000e+03) (7, -2.52840927124023437500e+02) (8, 6.25542688369750976562e+00) (4, 1.50000000000000000000e+03) (5, 1.50000000000000000000e+03) (6, 1.50000000000000000000e+03) (7, 1.50000000000000000000e+03) (8, 2.78231925964355468750e+01) (4, 1.50000000000000000000e+03) (5, 1.50000000000000000000e+03) (6, 1.50000000000000000000e+03) (7, 1.50000000000000000000e+03) (8, 2.74041595458984375000e+01) (9, -6.52129650115966796875e-01) (10, 4.17085933685302734375e+00) (11, -5.82676708698272705078e-01) (12, -1.07125937938690185547e+00) (13, 1.65575653314590454102e-01) 
