FANN_FLO_2.1
num_layers=4
learning_rate=0.450000
connection_rate=1.000000
network_type=0
learning_momentum=0.000000
training_algorithm=2
train_error_function=1
train_stop_function=0
cascade_output_change_fraction=0.010000
quickprop_decay=-0.000100
quickprop_mu=1.750000
rprop_increase_factor=1.200000
rprop_decrease_factor=0.500000
rprop_delta_min=0.000000
rprop_delta_max=50.000000
rprop_delta_zero=0.100000
cascade_output_stagnation_epochs=12
cascade_candidate_change_fraction=0.010000
cascade_candidate_stagnation_epochs=12
cascade_max_out_epochs=150
cascade_min_out_epochs=50
cascade_max_cand_epochs=150
cascade_min_cand_epochs=50
cascade_num_candidate_groups=2
bit_fail_limit=3.49999994039535522461e-01
cascade_candidate_limit=1.00000000000000000000e+03
cascade_weight_multiplier=4.00000005960464477539e-01
cascade_activation_functions_count=10
cascade_activation_functions=3 5 7 8 10 11 14 15 16 17 
cascade_activation_steepnesses_count=4
cascade_activation_steepnesses=2.50000000000000000000e-01 5.00000000000000000000e-01 7.50000000000000000000e-01 1.00000000000000000000e+00 
layer_sizes=7 5 3 2 
scale_included=0
neurons (num_inputs, activation_function, activation_steepness)=(0, 0, 0.00000000000000000000e+00) (0, 0, 0.00000000000000000000e+00) (0, 0, 0.00000000000000000000e+00) (0, 0, 0.00000000000000000000e+00) (0, 0, 0.00000000000000000000e+00) (0, 0, 0.00000000000000000000e+00) (0, 0, 0.00000000000000000000e+00) (7, 3, 5.00000000000000000000e-01) (7, 3, 5.00000000000000000000e-01) (7, 3, 5.00000000000000000000e-01) (7, 3, 5.00000000000000000000e-01) (0, 3, 0.00000000000000000000e+00) (5, 3, 5.00000000000000000000e-01) (5, 3, 5.00000000000000000000e-01) (0, 3, 0.00000000000000000000e+00) (3, 0, 5.00000000000000000000e-01) (0, 0, 0.00000000000000000000e+00) 
connections (connected_to_neuron, weight)=(0, 4.89847004413604736328e-01) (1, 3.94089430570602416992e-01) (2, 3.93115341663360595703e-01) (3, 3.69717836380004882812e-01) (4, 3.23392122983932495117e-01) (5, -1.90237581729888916016e+00) (6, -7.44888448715209960938e+00) (0, 4.21384498476982116699e-02) (1, 6.96842223405838012695e-02) (2, -1.14187836647033691406e+00) (3, 3.85200142860412597656e-01) (4, 1.38277852535247802734e+00) (5, -6.82559192180633544922e-01) (6, -2.07390642166137695312e+00) (0, -1.05022521972656250000e+03) (1, 1.28420007324218750000e+03) (2, -1.23907543945312500000e+03) (3, 6.96014709472656250000e+02) (4, -1.08667211914062500000e+03) (5, -1.23893139648437500000e+03) (6, 5.08749818801879882812e+00) (0, 1.48489062500000000000e+03) (1, 1.50000000000000000000e+03) (2, 1.44255590820312500000e+03) (3, 1.50000000000000000000e+03) (4, 1.50000000000000000000e+03) (5, 7.91913146972656250000e+02) (6, 1.63794434070587158203e+00) (7, -1.60401420593261718750e+01) (8, -7.90702819824218750000e+00) (9, 1.35000000000000000000e+03) (10, 7.98573791980743408203e-01) (11, 8.36495161056518554688e-01) (7, -3.62645316123962402344e+00) (8, -3.46270823478698730469e+00) (9, 1.50000000000000000000e+03) (10, -5.13337612152099609375e-01) (11, 1.07739463448524475098e-01) (12, 1.42167699337005615234e+00) (13, -9.28597211837768554688e-01) (14, 1.78240966051816940308e-02) 
