FANN_FLO_2.1
num_layers=3
learning_rate=0.500000
connection_rate=1.000000
network_type=0
learning_momentum=0.000000
training_algorithm=2
train_error_function=1
train_stop_function=0
cascade_output_change_fraction=0.010000
quickprop_decay=-0.000100
quickprop_mu=1.750000
rprop_increase_factor=1.200000
rprop_decrease_factor=0.500000
rprop_delta_min=0.000000
rprop_delta_max=50.000000
rprop_delta_zero=0.100000
cascade_output_stagnation_epochs=12
cascade_candidate_change_fraction=0.010000
cascade_candidate_stagnation_epochs=12
cascade_max_out_epochs=150
cascade_min_out_epochs=50
cascade_max_cand_epochs=150
cascade_min_cand_epochs=50
cascade_num_candidate_groups=2
bit_fail_limit=3.49999994039535522461e-01
cascade_candidate_limit=1.00000000000000000000e+03
cascade_weight_multiplier=4.00000005960464477539e-01
cascade_activation_functions_count=10
cascade_activation_functions=3 5 7 8 10 11 14 15 16 17 
cascade_activation_steepnesses_count=4
cascade_activation_steepnesses=2.50000000000000000000e-01 5.00000000000000000000e-01 7.50000000000000000000e-01 1.00000000000000000000e+00 
layer_sizes=3 9 4 
scale_included=0
neurons (num_inputs, activation_function, activation_steepness)=(0, 0, 0.00000000000000000000e+00) (0, 0, 0.00000000000000000000e+00) (0, 0, 0.00000000000000000000e+00) (3, 3, 5.00000000000000000000e-01) (3, 3, 5.00000000000000000000e-01) (3, 3, 5.00000000000000000000e-01) (3, 3, 5.00000000000000000000e-01) (3, 3, 5.00000000000000000000e-01) (3, 3, 5.00000000000000000000e-01) (3, 3, 5.00000000000000000000e-01) (3, 3, 5.00000000000000000000e-01) (0, 3, 0.00000000000000000000e+00) (9, 0, 5.00000000000000000000e-01) (9, 0, 5.00000000000000000000e-01) (9, 0, 5.00000000000000000000e-01) (0, 0, 0.00000000000000000000e+00) 
connections (connected_to_neuron, weight)=(0, -7.28192567825317382812e+00) (1, 4.27057456970214843750e+00) (2, 3.65722155570983886719e+00) (0, -8.29187107086181640625e+00) (1, 8.42660331726074218750e+00) (2, 3.46596074104309082031e+00) (0, -1.02627277374267578125e+01) (1, 3.67425155639648437500e+00) (2, -1.86873686313629150391e+00) (0, -2.68551182746887207031e+00) (1, -6.92131161689758300781e-01) (2, 5.17403304576873779297e-01) (0, -1.39299571514129638672e+00) (1, -2.21584391593933105469e+00) (2, 2.22077667713165283203e-01) (0, -7.55154418945312500000e+00) (1, 4.29947185516357421875e+00) (2, 6.24455809593200683594e-01) (0, -8.02446079254150390625e+00) (1, 6.30733156204223632812e+00) (2, 1.02798366546630859375e+01) (0, -5.33308410644531250000e+00) (1, 3.82702207565307617188e+00) (2, 8.44652462005615234375e+00) (3, 3.97153235971927642822e-02) (4, 1.33286809921264648438e+00) (5, 1.49323976039886474609e+00) (6, 2.59984660148620605469e+00) (7, 3.38846731185913085938e+00) (8, 9.42085385322570800781e-01) (9, 3.30048143863677978516e-01) (10, 4.81414884328842163086e-01) (11, 7.02372848987579345703e-01) (3, 2.19562816619873046875e+00) (4, 2.89514446258544921875e+00) (5, 2.73182415962219238281e+00) (6, 7.93387222290039062500e+00) (7, 9.67312717437744140625e+00) (8, 2.47095823287963867188e+00) (9, 1.99698412418365478516e+00) (10, 2.52944064140319824219e+00) (11, 2.46943831443786621094e+00) (3, 7.50815057754516601562e+00) (4, 7.89996576309204101562e+00) (5, 7.73546743392944335938e+00) (6, 2.57842483520507812500e+01) (7, 3.12055187225341796875e+01) (8, 7.88395690917968750000e+00) (9, 7.40389060974121093750e+00) (10, 9.21780586242675781250e+00) (11, 1.22099704742431640625e+01) 
