FANN_FLO_2.1
num_layers=4
learning_rate=0.450000
connection_rate=1.000000
network_type=0
learning_momentum=0.000000
training_algorithm=2
train_error_function=1
train_stop_function=0
cascade_output_change_fraction=0.010000
quickprop_decay=-0.000100
quickprop_mu=1.750000
rprop_increase_factor=1.200000
rprop_decrease_factor=0.500000
rprop_delta_min=0.000000
rprop_delta_max=50.000000
rprop_delta_zero=0.100000
cascade_output_stagnation_epochs=12
cascade_candidate_change_fraction=0.010000
cascade_candidate_stagnation_epochs=12
cascade_max_out_epochs=150
cascade_min_out_epochs=50
cascade_max_cand_epochs=150
cascade_min_cand_epochs=50
cascade_num_candidate_groups=2
bit_fail_limit=3.49999994039535522461e-01
cascade_candidate_limit=1.00000000000000000000e+03
cascade_weight_multiplier=4.00000005960464477539e-01
cascade_activation_functions_count=10
cascade_activation_functions=3 5 7 8 10 11 14 15 16 17 
cascade_activation_steepnesses_count=4
cascade_activation_steepnesses=2.50000000000000000000e-01 5.00000000000000000000e-01 7.50000000000000000000e-01 1.00000000000000000000e+00 
layer_sizes=7 5 5 2 
scale_included=0
neurons (num_inputs, activation_function, activation_steepness)=(0, 0, 0.00000000000000000000e+00) (0, 0, 0.00000000000000000000e+00) (0, 0, 0.00000000000000000000e+00) (0, 0, 0.00000000000000000000e+00) (0, 0, 0.00000000000000000000e+00) (0, 0, 0.00000000000000000000e+00) (0, 0, 0.00000000000000000000e+00) (7, 3, 5.00000000000000000000e-01) (7, 3, 5.00000000000000000000e-01) (7, 3, 5.00000000000000000000e-01) (7, 3, 5.00000000000000000000e-01) (0, 3, 0.00000000000000000000e+00) (5, 3, 5.00000000000000000000e-01) (5, 3, 5.00000000000000000000e-01) (5, 3, 5.00000000000000000000e-01) (5, 3, 5.00000000000000000000e-01) (0, 3, 0.00000000000000000000e+00) (5, 0, 5.00000000000000000000e-01) (0, 0, 0.00000000000000000000e+00) 
connections (connected_to_neuron, weight)=(0, 5.01314699649810791016e-01) (1, 1.53058230876922607422e+00) (2, -9.86032545566558837891e-01) (3, 2.70415514707565307617e-01) (4, 6.89909100532531738281e-01) (5, -1.99798738956451416016e+00) (6, 6.90435945987701416016e-01) (0, 2.01409816741943359375e+00) (1, 2.62376928329467773438e+00) (2, -5.25872278213500976562e+00) (3, 2.52794218063354492188e+00) (4, 3.15047240257263183594e+00) (5, -6.30808305740356445312e+00) (6, 2.43844842910766601562e+00) (0, -2.85264015197753906250e+00) (1, 3.30552649497985839844e+00) (2, -3.07584762573242187500e+00) (3, 9.92830514907836914062e-01) (4, 1.81786549091339111328e+00) (5, 1.24437141418457031250e+00) (6, 2.12797689437866210938e+00) (0, 6.32301509380340576172e-01) (1, 1.40749728679656982422e+00) (2, -1.78199577331542968750e+00) (3, 8.62238287925720214844e-01) (4, 8.48366141319274902344e-01) (5, -1.97419416904449462891e+00) (6, 1.04425299167633056641e+00) (7, -3.45413351058959960938e+00) (8, -4.32868011474609375000e+02) (9, -1.75299286842346191406e-01) (10, 3.61690950393676757812e+00) (11, -2.80719423294067382812e+00) (7, 1.70309352874755859375e+01) (8, 2.33089141845703125000e+01) (9, 8.19377040863037109375e+00) (10, 1.00407810211181640625e+01) (11, -4.53707069158554077148e-01) (7, -4.81728696823120117188e+00) (8, -1.28805041503906250000e+03) (9, 1.44719493389129638672e+00) (10, 2.39502620697021484375e+00) (11, -1.25571775436401367188e+01) (7, -2.15709376335144042969e+00) (8, -4.72373437881469726562e+00) (9, -8.27259540557861328125e+00) (10, 7.68751800060272216797e-01) (11, -2.90717519819736480713e-02) (12, 3.82742375135421752930e-01) (13, -2.11029753088951110840e-01) (14, 3.48579711914062500000e+02) (15, -7.43484273552894592285e-02) (16, 2.22358629107475280762e-01) 
