FANN_FLO_2.1
num_layers=4
learning_rate=0.450000
connection_rate=1.000000
network_type=0
learning_momentum=0.000000
training_algorithm=2
train_error_function=1
train_stop_function=0
cascade_output_change_fraction=0.010000
quickprop_decay=-0.000100
quickprop_mu=1.750000
rprop_increase_factor=1.200000
rprop_decrease_factor=0.500000
rprop_delta_min=0.000000
rprop_delta_max=50.000000
rprop_delta_zero=0.100000
cascade_output_stagnation_epochs=12
cascade_candidate_change_fraction=0.010000
cascade_candidate_stagnation_epochs=12
cascade_max_out_epochs=150
cascade_min_out_epochs=50
cascade_max_cand_epochs=150
cascade_min_cand_epochs=50
cascade_num_candidate_groups=2
bit_fail_limit=3.49999994039535522461e-01
cascade_candidate_limit=1.00000000000000000000e+03
cascade_weight_multiplier=4.00000005960464477539e-01
cascade_activation_functions_count=10
cascade_activation_functions=3 5 7 8 10 11 14 15 16 17 
cascade_activation_steepnesses_count=4
cascade_activation_steepnesses=2.50000000000000000000e-01 5.00000000000000000000e-01 7.50000000000000000000e-01 1.00000000000000000000e+00 
layer_sizes=7 3 3 2 
scale_included=0
neurons (num_inputs, activation_function, activation_steepness)=(0, 0, 0.00000000000000000000e+00) (0, 0, 0.00000000000000000000e+00) (0, 0, 0.00000000000000000000e+00) (0, 0, 0.00000000000000000000e+00) (0, 0, 0.00000000000000000000e+00) (0, 0, 0.00000000000000000000e+00) (0, 0, 0.00000000000000000000e+00) (7, 3, 5.00000000000000000000e-01) (7, 3, 5.00000000000000000000e-01) (0, 3, 0.00000000000000000000e+00) (3, 3, 5.00000000000000000000e-01) (3, 3, 5.00000000000000000000e-01) (0, 3, 0.00000000000000000000e+00) (3, 0, 5.00000000000000000000e-01) (0, 0, 0.00000000000000000000e+00) 
connections (connected_to_neuron, weight)=(0, 3.96588481962680816650e-02) (1, 2.11380034685134887695e-01) (2, -8.80153715610504150391e-01) (3, 3.47016602754592895508e-01) (4, 7.05003857612609863281e-01) (5, -7.51850724220275878906e-01) (6, 2.18343400955200195312e+00) (0, 3.81590962409973144531e-01) (1, 2.84776479005813598633e-01) (2, -4.46479856967926025391e-01) (3, 2.89366692304611206055e-02) (4, 2.62786507606506347656e-01) (5, -1.04455304145812988281e+00) (6, 9.12563610076904296875e+00) (7, 1.07704639434814453125e+01) (8, 3.25578460693359375000e+01) (9, -1.44977102279663085938e+01) (7, -1.15639686584472656250e-01) (8, -4.73959827423095703125e+00) (9, -1.75706112384796142578e+00) (10, -1.82469487190246582031e-01) (11, -1.48753094673156738281e+00) (12, 1.96943417191505432129e-01) 
