FANN_FLO_2.1
num_layers=3
learning_rate=0.500000
connection_rate=1.000000
network_type=0
learning_momentum=0.000000
training_algorithm=2
train_error_function=1
train_stop_function=0
cascade_output_change_fraction=0.010000
quickprop_decay=-0.000100
quickprop_mu=1.750000
rprop_increase_factor=1.200000
rprop_decrease_factor=0.500000
rprop_delta_min=0.000000
rprop_delta_max=50.000000
rprop_delta_zero=0.100000
cascade_output_stagnation_epochs=12
cascade_candidate_change_fraction=0.010000
cascade_candidate_stagnation_epochs=12
cascade_max_out_epochs=150
cascade_min_out_epochs=50
cascade_max_cand_epochs=150
cascade_min_cand_epochs=50
cascade_num_candidate_groups=2
bit_fail_limit=3.49999994039535522461e-01
cascade_candidate_limit=1.00000000000000000000e+03
cascade_weight_multiplier=4.00000005960464477539e-01
cascade_activation_functions_count=10
cascade_activation_functions=3 5 7 8 10 11 14 15 16 17 
cascade_activation_steepnesses_count=4
cascade_activation_steepnesses=2.50000000000000000000e-01 5.00000000000000000000e-01 7.50000000000000000000e-01 1.00000000000000000000e+00 
layer_sizes=10 3 2 
scale_included=0
neurons (num_inputs, activation_function, activation_steepness)=(0, 0, 0.00000000000000000000e+00) (0, 0, 0.00000000000000000000e+00) (0, 0, 0.00000000000000000000e+00) (0, 0, 0.00000000000000000000e+00) (0, 0, 0.00000000000000000000e+00) (0, 0, 0.00000000000000000000e+00) (0, 0, 0.00000000000000000000e+00) (0, 0, 0.00000000000000000000e+00) (0, 0, 0.00000000000000000000e+00) (0, 0, 0.00000000000000000000e+00) (10, 3, 5.00000000000000000000e-01) (10, 3, 5.00000000000000000000e-01) (0, 3, 0.00000000000000000000e+00) (3, 3, 5.00000000000000000000e-01) (0, 3, 0.00000000000000000000e+00) 
connections (connected_to_neuron, weight)=(0, -5.72413146495819091797e-01) (1, -5.33377349376678466797e-01) (2, -4.78883922100067138672e-01) (3, -5.73817670345306396484e-01) (4, -9.04865205287933349609e-01) (5, -5.42475402355194091797e-01) (6, -4.97929424047470092773e-01) (7, -5.14468669891357421875e-01) (8, -5.25030195713043212891e-01) (9, 2.57280516624450683594e+00) (0, -5.79057395458221435547e-01) (1, -6.51442229747772216797e-01) (2, -6.87680244445800781250e-01) (3, -5.46568036079406738281e-01) (4, -1.99887931346893310547e-01) (5, -5.95720052719116210938e-01) (6, -6.49205446243286132812e-01) (7, -6.84604406356811523438e-01) (8, -6.32945120334625244141e-01) (9, 1.74830079078674316406e+00) (10, -1.72293579578399658203e+00) (11, -1.88794803619384765625e+00) (12, 1.43073582649230957031e+00) 
