FANN_FLO_2.1
num_layers=4
learning_rate=0.450000
connection_rate=1.000000
network_type=0
learning_momentum=0.000000
training_algorithm=2
train_error_function=1
train_stop_function=0
cascade_output_change_fraction=0.010000
quickprop_decay=-0.000100
quickprop_mu=1.750000
rprop_increase_factor=1.200000
rprop_decrease_factor=0.500000
rprop_delta_min=0.000000
rprop_delta_max=50.000000
rprop_delta_zero=0.100000
cascade_output_stagnation_epochs=12
cascade_candidate_change_fraction=0.010000
cascade_candidate_stagnation_epochs=12
cascade_max_out_epochs=150
cascade_min_out_epochs=50
cascade_max_cand_epochs=150
cascade_min_cand_epochs=50
cascade_num_candidate_groups=2
bit_fail_limit=3.49999994039535522461e-01
cascade_candidate_limit=1.00000000000000000000e+03
cascade_weight_multiplier=4.00000005960464477539e-01
cascade_activation_functions_count=10
cascade_activation_functions=3 5 7 8 10 11 14 15 16 17 
cascade_activation_steepnesses_count=4
cascade_activation_steepnesses=2.50000000000000000000e-01 5.00000000000000000000e-01 7.50000000000000000000e-01 1.00000000000000000000e+00 
layer_sizes=7 5 3 2 
scale_included=0
neurons (num_inputs, activation_function, activation_steepness)=(0, 0, 0.00000000000000000000e+00) (0, 0, 0.00000000000000000000e+00) (0, 0, 0.00000000000000000000e+00) (0, 0, 0.00000000000000000000e+00) (0, 0, 0.00000000000000000000e+00) (0, 0, 0.00000000000000000000e+00) (0, 0, 0.00000000000000000000e+00) (7, 3, 5.00000000000000000000e-01) (7, 3, 5.00000000000000000000e-01) (7, 3, 5.00000000000000000000e-01) (7, 3, 5.00000000000000000000e-01) (0, 3, 0.00000000000000000000e+00) (5, 3, 5.00000000000000000000e-01) (5, 3, 5.00000000000000000000e-01) (0, 3, 0.00000000000000000000e+00) (3, 0, 5.00000000000000000000e-01) (0, 0, 0.00000000000000000000e+00) 
connections (connected_to_neuron, weight)=(0, -6.52238205075263977051e-02) (1, -1.00415110588073730469e-01) (2, -6.35551393032073974609e-01) (3, -9.79801937937736511230e-02) (4, 1.05207765102386474609e+00) (5, -1.74471303820610046387e-01) (6, 7.02558398246765136719e-01) (0, 3.78506511449813842773e-01) (1, 1.63607150316238403320e-01) (2, -4.86503988504409790039e-01) (3, 2.68762320280075073242e-01) (4, -1.66338328272104263306e-02) (5, -7.59180724620819091797e-01) (6, 4.57656717300415039062e+00) (0, 1.47959594726562500000e+03) (1, 1.14202783203125000000e+03) (2, 1.48456591796875000000e+03) (3, 6.81963684082031250000e+02) (4, 7.77449750900268554688e+00) (5, 1.49798596191406250000e+03) (6, 1.32833789062500000000e+03) (0, 1.01013064384460449219e-01) (1, 5.59813499450683593750e-01) (2, -3.55864226818084716797e-01) (3, 2.35265716910362243652e-02) (4, 4.46454703807830810547e-01) (5, -3.88179451227188110352e-01) (6, -6.55588340759277343750e+00) (7, -3.83757734298706054688e+00) (8, -4.05206775665283203125e+00) (9, 5.32304763793945312500e-01) (10, -4.18722915649414062500e+00) (11, 5.04629373550415039062e-01) (7, 2.21064529418945312500e+01) (8, 2.33180809020996093750e+01) (9, -1.40086297988891601562e+01) (10, 2.53913612365722656250e+01) (11, -1.40469808578491210938e+01) (12, 5.21781826019287109375e+00) (13, 2.29225873947143554688e-01) (14, -2.24961102008819580078e-01) 
