FANN_FLO_2.1
num_layers=3
learning_rate=0.500000
connection_rate=1.000000
network_type=0
learning_momentum=0.000000
training_algorithm=2
train_error_function=1
train_stop_function=0
cascade_output_change_fraction=0.010000
quickprop_decay=-0.000100
quickprop_mu=1.750000
rprop_increase_factor=1.200000
rprop_decrease_factor=0.500000
rprop_delta_min=0.000000
rprop_delta_max=50.000000
rprop_delta_zero=0.100000
cascade_output_stagnation_epochs=12
cascade_candidate_change_fraction=0.010000
cascade_candidate_stagnation_epochs=12
cascade_max_out_epochs=150
cascade_min_out_epochs=50
cascade_max_cand_epochs=150
cascade_min_cand_epochs=50
cascade_num_candidate_groups=2
bit_fail_limit=3.49999994039535522461e-01
cascade_candidate_limit=1.00000000000000000000e+03
cascade_weight_multiplier=4.00000005960464477539e-01
cascade_activation_functions_count=10
cascade_activation_functions=3 5 7 8 10 11 14 15 16 17 
cascade_activation_steepnesses_count=4
cascade_activation_steepnesses=2.50000000000000000000e-01 5.00000000000000000000e-01 7.50000000000000000000e-01 1.00000000000000000000e+00 
layer_sizes=7 5 2 
scale_included=0
neurons (num_inputs, activation_function, activation_steepness)=(0, 0, 0.00000000000000000000e+00) (0, 0, 0.00000000000000000000e+00) (0, 0, 0.00000000000000000000e+00) (0, 0, 0.00000000000000000000e+00) (0, 0, 0.00000000000000000000e+00) (0, 0, 0.00000000000000000000e+00) (0, 0, 0.00000000000000000000e+00) (7, 3, 5.00000000000000000000e-01) (7, 3, 5.00000000000000000000e-01) (7, 3, 5.00000000000000000000e-01) (7, 3, 5.00000000000000000000e-01) (0, 3, 0.00000000000000000000e+00) (5, 0, 5.00000000000000000000e-01) (0, 0, 0.00000000000000000000e+00) 
connections (connected_to_neuron, weight)=(0, 3.14684599637985229492e-01) (1, 1.68094262480735778809e-01) (2, -4.90630447864532470703e-01) (3, 2.57244706153869628906e-01) (4, 1.28701293468475341797e+00) (5, -1.56451201438903808594e+00) (6, 4.16321277618408203125e-01) (0, -3.15505832433700561523e-01) (1, -4.83500599861145019531e-01) (2, 1.09106874465942382812e+00) (3, -4.15330946445465087891e-01) (4, 3.00937872380018234253e-02) (5, 1.06525135040283203125e+00) (6, -1.21220076084136962891e+00) (0, -9.53576564788818359375e-01) (1, -1.06364071369171142578e+00) (2, 2.96519732475280761719e+00) (3, -1.10502254962921142578e+00) (4, -2.63948351144790649414e-01) (5, 3.35780763626098632812e+00) (6, -3.71679401397705078125e+00) (0, 1.50000000000000000000e+03) (1, 1.50000000000000000000e+03) (2, 1.43150268554687500000e+03) (3, 1.50000000000000000000e+03) (4, 1.50000000000000000000e+03) (5, -1.30545520782470703125e+00) (6, 3.91794353723526000977e-01) (7, -2.72617395967245101929e-02) (8, -2.04038769006729125977e-01) (9, 1.85626953840255737305e-01) (10, -3.14726121723651885986e-02) (11, 7.60292261838912963867e-02) 
