FANN_FLO_2.1
num_layers=3
learning_rate=0.450000
connection_rate=1.000000
network_type=0
learning_momentum=0.000000
training_algorithm=2
train_error_function=1
train_stop_function=0
cascade_output_change_fraction=0.010000
quickprop_decay=-0.000100
quickprop_mu=1.750000
rprop_increase_factor=1.200000
rprop_decrease_factor=0.500000
rprop_delta_min=0.000000
rprop_delta_max=50.000000
rprop_delta_zero=0.100000
cascade_output_stagnation_epochs=12
cascade_candidate_change_fraction=0.010000
cascade_candidate_stagnation_epochs=12
cascade_max_out_epochs=150
cascade_min_out_epochs=50
cascade_max_cand_epochs=150
cascade_min_cand_epochs=50
cascade_num_candidate_groups=2
bit_fail_limit=3.49999994039535522461e-01
cascade_candidate_limit=1.00000000000000000000e+03
cascade_weight_multiplier=4.00000005960464477539e-01
cascade_activation_functions_count=10
cascade_activation_functions=3 5 7 8 10 11 14 15 16 17 
cascade_activation_steepnesses_count=4
cascade_activation_steepnesses=2.50000000000000000000e-01 5.00000000000000000000e-01 7.50000000000000000000e-01 1.00000000000000000000e+00 
layer_sizes=7 5 2 
scale_included=0
neurons (num_inputs, activation_function, activation_steepness)=(0, 0, 0.00000000000000000000e+00) (0, 0, 0.00000000000000000000e+00) (0, 0, 0.00000000000000000000e+00) (0, 0, 0.00000000000000000000e+00) (0, 0, 0.00000000000000000000e+00) (0, 0, 0.00000000000000000000e+00) (0, 0, 0.00000000000000000000e+00) (7, 3, 5.00000000000000000000e-01) (7, 3, 5.00000000000000000000e-01) (7, 3, 5.00000000000000000000e-01) (7, 3, 5.00000000000000000000e-01) (0, 3, 0.00000000000000000000e+00) (5, 0, 5.00000000000000000000e-01) (0, 0, 0.00000000000000000000e+00) 
connections (connected_to_neuron, weight)=(0, -6.10148506164550781250e+01) (1, -2.83118081092834472656e+00) (2, 6.92643737792968750000e+01) (3, -1.79902057647705078125e+01) (4, -3.26453828811645507812e+00) (5, -7.40379486083984375000e+01) (6, -5.54589700698852539062e+00) (0, -2.98713287353515625000e+02) (1, -9.19667482376098632812e-02) (2, 1.95584304809570312500e+02) (3, -3.74571380615234375000e+01) (4, -5.16792774200439453125e-01) (5, 6.38854980468750000000e+01) (6, -3.17427486181259155273e-01) (0, -2.00006465911865234375e+01) (1, -4.18689489364624023438e-01) (2, -1.69447570800781250000e+02) (3, 1.21608896255493164062e+01) (4, -6.55650913715362548828e-01) (5, -4.64054450988769531250e+01) (6, -4.17018562555313110352e-01) (0, -4.59320907592773437500e+01) (1, -5.23881793022155761719e-01) (2, -6.61120605468750000000e+02) (3, -9.76890277862548828125e+00) (4, -7.08555221557617187500e-01) (5, -8.35588256835937500000e+02) (6, -2.97164589166641235352e-01) (7, 8.03826904296875000000e+02) (8, 4.42930053710937500000e+02) (9, 5.76332397460937500000e+01) (10, -5.29385986328125000000e+01) (11, 1.23911798000335693359e-02) 
