FANN_FLO_2.1
num_layers=3
learning_rate=0.400000
connection_rate=1.000000
network_type=0
learning_momentum=0.000000
training_algorithm=2
train_error_function=1
train_stop_function=0
cascade_output_change_fraction=0.010000
quickprop_decay=-0.000100
quickprop_mu=1.750000
rprop_increase_factor=1.200000
rprop_decrease_factor=0.500000
rprop_delta_min=0.000000
rprop_delta_max=50.000000
rprop_delta_zero=0.100000
cascade_output_stagnation_epochs=12
cascade_candidate_change_fraction=0.010000
cascade_candidate_stagnation_epochs=12
cascade_max_out_epochs=150
cascade_min_out_epochs=50
cascade_max_cand_epochs=150
cascade_min_cand_epochs=50
cascade_num_candidate_groups=2
bit_fail_limit=3.49999994039535522461e-01
cascade_candidate_limit=1.00000000000000000000e+03
cascade_weight_multiplier=4.00000005960464477539e-01
cascade_activation_functions_count=10
cascade_activation_functions=3 5 7 8 10 11 14 15 16 17 
cascade_activation_steepnesses_count=4
cascade_activation_steepnesses=2.50000000000000000000e-01 5.00000000000000000000e-01 7.50000000000000000000e-01 1.00000000000000000000e+00 
layer_sizes=6 5 2 
scale_included=0
neurons (num_inputs, activation_function, activation_steepness)=(0, 0, 0.00000000000000000000e+00) (0, 0, 0.00000000000000000000e+00) (0, 0, 0.00000000000000000000e+00) (0, 0, 0.00000000000000000000e+00) (0, 0, 0.00000000000000000000e+00) (0, 0, 0.00000000000000000000e+00) (6, 3, 5.00000000000000000000e-01) (6, 3, 5.00000000000000000000e-01) (6, 3, 5.00000000000000000000e-01) (6, 3, 5.00000000000000000000e-01) (0, 3, 0.00000000000000000000e+00) (5, 0, 5.00000000000000000000e-01) (0, 0, 0.00000000000000000000e+00) 
connections (connected_to_neuron, weight)=(0, -1.10000000000000000000e+03) (1, -1.35859997558593750000e+03) (2, -1.10000000000000000000e+03) (3, -1.41267410278320312500e+02) (4, 1.56681381225585937500e+02) (5, 1.11950588226318359375e+00) (0, -1.50000000000000000000e+03) (1, -1.48704003906250000000e+03) (2, -1.07251977539062500000e+03) (3, -2.37524887084960937500e+02) (4, 6.35144042968750000000e+01) (5, 5.99995911121368408203e-01) (0, -1.50000000000000000000e+03) (1, -1.50000000000000000000e+03) (2, -6.94308853149414062500e+01) (3, -7.76531648635864257812e+00) (4, 1.70048923492431640625e+01) (5, 5.08315503597259521484e-01) (0, -1.50000000000000000000e+03) (1, -1.50000000000000000000e+03) (2, -5.52055625915527343750e+01) (3, -4.57469606399536132812e+00) (4, 1.55356321334838867188e+01) (5, 5.93319058418273925781e-01) (6, -1.25560005187988281250e+02) (7, 1.45816154479980468750e+01) (8, 4.32035980224609375000e+01) (9, 4.61451187133789062500e+01) (10, 8.04513573646545410156e-01) 
