FANN_FLO_2.1
num_layers=4
learning_rate=0.450000
connection_rate=1.000000
network_type=0
learning_momentum=0.000000
training_algorithm=2
train_error_function=1
train_stop_function=0
cascade_output_change_fraction=0.010000
quickprop_decay=-0.000100
quickprop_mu=1.750000
rprop_increase_factor=1.200000
rprop_decrease_factor=0.500000
rprop_delta_min=0.000000
rprop_delta_max=50.000000
rprop_delta_zero=0.100000
cascade_output_stagnation_epochs=12
cascade_candidate_change_fraction=0.010000
cascade_candidate_stagnation_epochs=12
cascade_max_out_epochs=150
cascade_min_out_epochs=50
cascade_max_cand_epochs=150
cascade_min_cand_epochs=50
cascade_num_candidate_groups=2
bit_fail_limit=3.49999994039535522461e-01
cascade_candidate_limit=1.00000000000000000000e+03
cascade_weight_multiplier=4.00000005960464477539e-01
cascade_activation_functions_count=10
cascade_activation_functions=3 5 7 8 10 11 14 15 16 17 
cascade_activation_steepnesses_count=4
cascade_activation_steepnesses=2.50000000000000000000e-01 5.00000000000000000000e-01 7.50000000000000000000e-01 1.00000000000000000000e+00 
layer_sizes=7 3 3 2 
scale_included=0
neurons (num_inputs, activation_function, activation_steepness)=(0, 0, 0.00000000000000000000e+00) (0, 0, 0.00000000000000000000e+00) (0, 0, 0.00000000000000000000e+00) (0, 0, 0.00000000000000000000e+00) (0, 0, 0.00000000000000000000e+00) (0, 0, 0.00000000000000000000e+00) (0, 0, 0.00000000000000000000e+00) (7, 3, 5.00000000000000000000e-01) (7, 3, 5.00000000000000000000e-01) (0, 3, 0.00000000000000000000e+00) (3, 3, 5.00000000000000000000e-01) (3, 3, 5.00000000000000000000e-01) (0, 3, 0.00000000000000000000e+00) (3, 0, 5.00000000000000000000e-01) (0, 0, 0.00000000000000000000e+00) 
connections (connected_to_neuron, weight)=(0, -5.21192789077758789062e-01) (1, 6.52342021465301513672e-01) (2, -1.45541906356811523438e-01) (3, 8.28906372189521789551e-02) (4, 4.87088978290557861328e-01) (5, -4.76318866014480590820e-01) (6, 2.51269221305847167969e+00) (0, -1.44394829869270324707e-01) (1, 5.15803873538970947266e-01) (2, -4.15404319763183593750e-01) (3, 1.52588695287704467773e-01) (4, 1.01348325610160827637e-01) (5, -4.81280535459518432617e-01) (6, 4.96674680709838867188e+00) (7, -2.85739207267761230469e+00) (8, -8.46596717834472656250e+00) (9, -4.48294490575790405273e-01) (7, -4.62685436010360717773e-01) (8, 3.07433032989501953125e+00) (9, -2.37477087974548339844e+00) (10, 4.72844332456588745117e-01) (11, 4.05267775058746337891e-02) (12, -1.19033372029662132263e-02) 
