FANN_FLO_2.1
num_layers=4
learning_rate=0.500000
connection_rate=1.000000
network_type=0
learning_momentum=0.000000
training_algorithm=2
train_error_function=1
train_stop_function=0
cascade_output_change_fraction=0.010000
quickprop_decay=-0.000100
quickprop_mu=1.750000
rprop_increase_factor=1.200000
rprop_decrease_factor=0.500000
rprop_delta_min=0.000000
rprop_delta_max=50.000000
rprop_delta_zero=0.100000
cascade_output_stagnation_epochs=12
cascade_candidate_change_fraction=0.010000
cascade_candidate_stagnation_epochs=12
cascade_max_out_epochs=150
cascade_min_out_epochs=50
cascade_max_cand_epochs=150
cascade_min_cand_epochs=50
cascade_num_candidate_groups=2
bit_fail_limit=3.49999994039535522461e-01
cascade_candidate_limit=1.00000000000000000000e+03
cascade_weight_multiplier=4.00000005960464477539e-01
cascade_activation_functions_count=10
cascade_activation_functions=3 5 7 8 10 11 14 15 16 17 
cascade_activation_steepnesses_count=4
cascade_activation_steepnesses=2.50000000000000000000e-01 5.00000000000000000000e-01 7.50000000000000000000e-01 1.00000000000000000000e+00 
layer_sizes=4 5 3 2 
scale_included=0
neurons (num_inputs, activation_function, activation_steepness)=(0, 0, 0.00000000000000000000e+00) (0, 0, 0.00000000000000000000e+00) (0, 0, 0.00000000000000000000e+00) (0, 0, 0.00000000000000000000e+00) (4, 3, 5.00000000000000000000e-01) (4, 3, 5.00000000000000000000e-01) (4, 3, 5.00000000000000000000e-01) (4, 3, 5.00000000000000000000e-01) (0, 3, 0.00000000000000000000e+00) (5, 3, 5.00000000000000000000e-01) (5, 3, 5.00000000000000000000e-01) (0, 3, 0.00000000000000000000e+00) (3, 3, 5.00000000000000000000e-01) (0, 3, 0.00000000000000000000e+00) 
connections (connected_to_neuron, weight)=(0, -7.24178647994995117188e+00) (1, 2.56025815010070800781e+00) (2, -4.32714939117431640625e+00) (3, 4.79663896560668945312e+00) (0, -8.57937514781951904297e-01) (1, -1.88301868438720703125e+01) (2, 2.33171105384826660156e+00) (3, 2.22435665130615234375e+00) (0, 1.50000000000000000000e+03) (1, 4.57179021835327148438e+00) (2, 1.42712487792968750000e+03) (3, 1.68820068359375000000e+02) (0, -5.71139764785766601562e+00) (1, -1.06402406692504882812e+01) (2, 8.73761177062988281250e+00) (3, 2.48542284965515136719e+00) (4, 3.07004470825195312500e+01) (5, 1.66641387939453125000e+01) (6, -5.81303215026855468750e+00) (7, 7.29877758026123046875e+00) (8, -5.49196863174438476562e+00) (4, 7.78770542144775390625e+00) (5, 1.05641107559204101562e+01) (6, -4.06092643737792968750e+00) (7, 5.64275598526000976562e+00) (8, -9.35048580169677734375e-01) (9, -4.76048994064331054688e+00) (10, 2.93137043714523315430e-01) (11, 2.29167866706848144531e+00) 
