FANN_FLO_2.1
num_layers=4
learning_rate=0.450000
connection_rate=1.000000
network_type=0
learning_momentum=0.000000
training_algorithm=2
train_error_function=1
train_stop_function=0
cascade_output_change_fraction=0.010000
quickprop_decay=-0.000100
quickprop_mu=1.750000
rprop_increase_factor=1.200000
rprop_decrease_factor=0.500000
rprop_delta_min=0.000000
rprop_delta_max=50.000000
rprop_delta_zero=0.100000
cascade_output_stagnation_epochs=12
cascade_candidate_change_fraction=0.010000
cascade_candidate_stagnation_epochs=12
cascade_max_out_epochs=150
cascade_min_out_epochs=50
cascade_max_cand_epochs=150
cascade_min_cand_epochs=50
cascade_num_candidate_groups=2
bit_fail_limit=3.49999994039535522461e-01
cascade_candidate_limit=1.00000000000000000000e+03
cascade_weight_multiplier=4.00000005960464477539e-01
cascade_activation_functions_count=10
cascade_activation_functions=3 5 7 8 10 11 14 15 16 17 
cascade_activation_steepnesses_count=4
cascade_activation_steepnesses=2.50000000000000000000e-01 5.00000000000000000000e-01 7.50000000000000000000e-01 1.00000000000000000000e+00 
layer_sizes=7 3 3 2 
scale_included=0
neurons (num_inputs, activation_function, activation_steepness)=(0, 0, 0.00000000000000000000e+00) (0, 0, 0.00000000000000000000e+00) (0, 0, 0.00000000000000000000e+00) (0, 0, 0.00000000000000000000e+00) (0, 0, 0.00000000000000000000e+00) (0, 0, 0.00000000000000000000e+00) (0, 0, 0.00000000000000000000e+00) (7, 3, 5.00000000000000000000e-01) (7, 3, 5.00000000000000000000e-01) (0, 3, 0.00000000000000000000e+00) (3, 3, 5.00000000000000000000e-01) (3, 3, 5.00000000000000000000e-01) (0, 3, 0.00000000000000000000e+00) (3, 0, 5.00000000000000000000e-01) (0, 0, 0.00000000000000000000e+00) 
connections (connected_to_neuron, weight)=(0, 8.24404954910278320312e-02) (1, 1.59887564182281494141e+00) (2, -1.49498796463012695312e+00) (3, 6.91752195358276367188e-01) (4, 1.09113216400146484375e+00) (5, -1.76899862289428710938e+00) (6, 1.68769252300262451172e+00) (0, -1.95854827761650085449e-01) (1, -4.14722770452499389648e-01) (2, 5.10507464408874511719e-01) (3, 3.11313211917877197266e-01) (4, -8.72007161378860473633e-02) (5, -1.15158788859844207764e-01) (6, -9.28194332122802734375e+00) (7, -8.72218894958496093750e+00) (8, -6.23140625000000000000e+02) (9, -9.35008749365806579590e-02) (7, -1.02028017044067382812e+01) (8, 8.66267204284667968750e+00) (9, 3.62219631671905517578e-01) (10, 3.44710723876953125000e+02) (11, 1.37276685237884521484e+00) (12, -3.43621149659156799316e-02) 
