FANN_FLO_2.1
num_layers=3
learning_rate=0.500000
connection_rate=1.000000
network_type=0
learning_momentum=0.000000
training_algorithm=2
train_error_function=1
train_stop_function=0
cascade_output_change_fraction=0.010000
quickprop_decay=-0.000100
quickprop_mu=1.750000
rprop_increase_factor=1.200000
rprop_decrease_factor=0.500000
rprop_delta_min=0.000000
rprop_delta_max=50.000000
rprop_delta_zero=0.100000
cascade_output_stagnation_epochs=12
cascade_candidate_change_fraction=0.010000
cascade_candidate_stagnation_epochs=12
cascade_max_out_epochs=150
cascade_min_out_epochs=50
cascade_max_cand_epochs=150
cascade_min_cand_epochs=50
cascade_num_candidate_groups=2
bit_fail_limit=3.49999994039535522461e-01
cascade_candidate_limit=1.00000000000000000000e+03
cascade_weight_multiplier=4.00000005960464477539e-01
cascade_activation_functions_count=10
cascade_activation_functions=3 5 7 8 10 11 14 15 16 17 
cascade_activation_steepnesses_count=4
cascade_activation_steepnesses=2.50000000000000000000e-01 5.00000000000000000000e-01 7.50000000000000000000e-01 1.00000000000000000000e+00 
layer_sizes=3 5 4 
scale_included=0
neurons (num_inputs, activation_function, activation_steepness)=(0, 0, 0.00000000000000000000e+00) (0, 0, 0.00000000000000000000e+00) (0, 0, 0.00000000000000000000e+00) (3, 3, 5.00000000000000000000e-01) (3, 3, 5.00000000000000000000e-01) (3, 3, 5.00000000000000000000e-01) (3, 3, 5.00000000000000000000e-01) (0, 3, 0.00000000000000000000e+00) (5, 0, 5.00000000000000000000e-01) (5, 0, 5.00000000000000000000e-01) (5, 0, 5.00000000000000000000e-01) (0, 0, 0.00000000000000000000e+00) 
connections (connected_to_neuron, weight)=(0, -3.16521716117858886719e+00) (1, -5.08216559886932373047e-01) (2, 5.42223811149597167969e-01) (0, -1.63336448669433593750e+01) (1, 5.01285934448242187500e+00) (2, 1.01942195892333984375e+01) (0, -1.50000000000000000000e+03) (1, -1.50000000000000000000e+03) (2, -6.46907520294189453125e+00) (0, -1.58204717636108398438e+01) (1, 7.38007259368896484375e+00) (2, 2.19812641143798828125e+01) (3, 3.95723700523376464844e+00) (4, 1.27566313743591308594e+00) (5, 2.28004884719848632812e+00) (6, 1.25487458705902099609e+00) (7, 1.42495870590209960938e+00) (3, 1.06475725173950195312e+01) (4, 5.04847002029418945312e+00) (5, 5.64050912857055664062e+00) (6, 4.90745687484741210938e+00) (7, 5.07990360260009765625e+00) (3, 3.15294265747070312500e+01) (4, 1.53537759780883789062e+01) (5, 1.92565345764160156250e+01) (6, 1.73624877929687500000e+01) (7, 2.13836307525634765625e+01) 
