FANN_FLO_2.1
num_layers=4
learning_rate=0.500000
connection_rate=1.000000
network_type=0
learning_momentum=0.000000
training_algorithm=2
train_error_function=1
train_stop_function=0
cascade_output_change_fraction=0.010000
quickprop_decay=-0.000100
quickprop_mu=1.750000
rprop_increase_factor=1.200000
rprop_decrease_factor=0.500000
rprop_delta_min=0.000000
rprop_delta_max=50.000000
rprop_delta_zero=0.100000
cascade_output_stagnation_epochs=12
cascade_candidate_change_fraction=0.010000
cascade_candidate_stagnation_epochs=12
cascade_max_out_epochs=150
cascade_min_out_epochs=50
cascade_max_cand_epochs=150
cascade_min_cand_epochs=50
cascade_num_candidate_groups=2
bit_fail_limit=3.49999994039535522461e-01
cascade_candidate_limit=1.00000000000000000000e+03
cascade_weight_multiplier=4.00000005960464477539e-01
cascade_activation_functions_count=10
cascade_activation_functions=3 5 7 8 10 11 14 15 16 17 
cascade_activation_steepnesses_count=4
cascade_activation_steepnesses=2.50000000000000000000e-01 5.00000000000000000000e-01 7.50000000000000000000e-01 1.00000000000000000000e+00 
layer_sizes=4 5 5 2 
scale_included=0
neurons (num_inputs, activation_function, activation_steepness)=(0, 0, 0.00000000000000000000e+00) (0, 0, 0.00000000000000000000e+00) (0, 0, 0.00000000000000000000e+00) (0, 0, 0.00000000000000000000e+00) (4, 3, 5.00000000000000000000e-01) (4, 3, 5.00000000000000000000e-01) (4, 3, 5.00000000000000000000e-01) (4, 3, 5.00000000000000000000e-01) (0, 3, 0.00000000000000000000e+00) (5, 3, 5.00000000000000000000e-01) (5, 3, 5.00000000000000000000e-01) (5, 3, 5.00000000000000000000e-01) (5, 3, 5.00000000000000000000e-01) (0, 3, 0.00000000000000000000e+00) (5, 3, 5.00000000000000000000e-01) (0, 3, 0.00000000000000000000e+00) 
connections (connected_to_neuron, weight)=(0, -6.77045898437500000000e+02) (1, -1.50000000000000000000e+03) (2, 1.50000000000000000000e+03) (3, -4.61322212219238281250e+01) (0, -2.94959211349487304688e+00) (1, -6.43040370941162109375e+00) (2, 8.36250782012939453125e-01) (3, 2.17838358879089355469e+00) (0, -4.59730720520019531250e+01) (1, -1.48918432617187500000e+03) (2, 1.49376013183593750000e+03) (3, 1.04299640655517578125e+00) (0, -2.99869394302368164062e+00) (1, -6.50103950500488281250e+00) (2, 9.94775772094726562500e-01) (3, 2.25182318687438964844e+00) (4, -3.18290495872497558594e+00) (5, 1.71237487792968750000e+01) (6, 5.36102354526519775391e-01) (7, 1.71528759002685546875e+01) (8, -6.10415458679199218750e+00) (4, -6.25881719589233398438e+00) (5, 2.67966156005859375000e+01) (6, 7.22171217203140258789e-02) (7, 2.66305770874023437500e+01) (8, -9.32461547851562500000e+00) (4, 1.50000000000000000000e+03) (5, 5.80827941894531250000e+02) (6, 1.50000000000000000000e+03) (7, 9.38517333984375000000e+02) (8, -4.34707412719726562500e+01) (4, -4.16372632980346679688e+00) (5, 1.61823444366455078125e+01) (6, -5.76425865292549133301e-02) (7, 2.28486518859863281250e+01) (8, -6.59351205825805664062e+00) (9, -5.62557160854339599609e-01) (10, -2.62460350990295410156e+00) (11, 5.92150270938873291016e-01) (12, -1.37349998950958251953e+00) (13, 1.69260609149932861328e+00) 
