FANN_FLO_2.1
num_layers=4
learning_rate=0.450000
connection_rate=1.000000
network_type=0
learning_momentum=0.000000
training_algorithm=2
train_error_function=1
train_stop_function=0
cascade_output_change_fraction=0.010000
quickprop_decay=-0.000100
quickprop_mu=1.750000
rprop_increase_factor=1.200000
rprop_decrease_factor=0.500000
rprop_delta_min=0.000000
rprop_delta_max=50.000000
rprop_delta_zero=0.100000
cascade_output_stagnation_epochs=12
cascade_candidate_change_fraction=0.010000
cascade_candidate_stagnation_epochs=12
cascade_max_out_epochs=150
cascade_min_out_epochs=50
cascade_max_cand_epochs=150
cascade_min_cand_epochs=50
cascade_num_candidate_groups=2
bit_fail_limit=3.49999994039535522461e-01
cascade_candidate_limit=1.00000000000000000000e+03
cascade_weight_multiplier=4.00000005960464477539e-01
cascade_activation_functions_count=10
cascade_activation_functions=3 5 7 8 10 11 14 15 16 17 
cascade_activation_steepnesses_count=4
cascade_activation_steepnesses=2.50000000000000000000e-01 5.00000000000000000000e-01 7.50000000000000000000e-01 1.00000000000000000000e+00 
layer_sizes=7 5 5 2 
scale_included=0
neurons (num_inputs, activation_function, activation_steepness)=(0, 0, 0.00000000000000000000e+00) (0, 0, 0.00000000000000000000e+00) (0, 0, 0.00000000000000000000e+00) (0, 0, 0.00000000000000000000e+00) (0, 0, 0.00000000000000000000e+00) (0, 0, 0.00000000000000000000e+00) (0, 0, 0.00000000000000000000e+00) (7, 3, 5.00000000000000000000e-01) (7, 3, 5.00000000000000000000e-01) (7, 3, 5.00000000000000000000e-01) (7, 3, 5.00000000000000000000e-01) (0, 3, 0.00000000000000000000e+00) (5, 3, 5.00000000000000000000e-01) (5, 3, 5.00000000000000000000e-01) (5, 3, 5.00000000000000000000e-01) (5, 3, 5.00000000000000000000e-01) (0, 3, 0.00000000000000000000e+00) (5, 0, 5.00000000000000000000e-01) (0, 0, 0.00000000000000000000e+00) 
connections (connected_to_neuron, weight)=(0, 2.04298689961433410645e-01) (1, 6.49957656860351562500e-02) (2, 3.82781207561492919922e-01) (3, -2.30446204543113708496e-01) (4, -1.13395154476165771484e-01) (5, -2.04660743474960327148e-01) (6, -1.85038220882415771484e+00) (0, -1.50000000000000000000e+03) (1, -6.60468994140625000000e+02) (2, -1.50000000000000000000e+03) (3, 4.15785827636718750000e+02) (4, 1.46050866699218750000e+03) (5, 1.03501306152343750000e+03) (6, 2.62212872505187988281e-01) (0, -3.35356475830078125000e+02) (1, -1.18826513671875000000e+03) (2, 2.60815093994140625000e+02) (3, -1.44023954868316650391e+00) (4, 9.56862426757812500000e+02) (5, 1.50000000000000000000e+03) (6, 5.59759140014648437500e+00) (0, -1.49183361816406250000e+03) (1, -1.89811386108398437500e+02) (2, -9.40939147949218750000e+02) (3, 4.57757771015167236328e-01) (4, 1.27214843750000000000e+03) (5, 1.49959497070312500000e+03) (6, 4.95882606506347656250e+00) (7, -5.22351384162902832031e-01) (8, -5.62952995300292968750e-01) (9, -1.57552748918533325195e-01) (10, -4.75044637918472290039e-01) (11, -3.17492097616195678711e-01) (7, -8.72724354267120361328e-01) (8, -1.21143436431884765625e+00) (9, 1.98419243097305297852e-01) (10, -1.61421120166778564453e+00) (11, -3.66542816162109375000e-01) (7, -3.78986299037933349609e-01) (8, -1.25635635852813720703e+00) (9, -1.68840572237968444824e-01) (10, -1.14682502746582031250e+01) (11, -1.29638707637786865234e+00) (7, 5.28096735477447509766e-01) (8, 4.79722797870635986328e-01) (9, 3.32841038703918457031e-01) (10, 5.80186247825622558594e-01) (11, 2.23036825656890869141e-01) (12, 1.13664358854293823242e-01) (13, 9.21016037464141845703e-02) (14, -2.32850074768066406250e-01) (15, -2.72589251399040222168e-02) (16, -2.65298003796488046646e-04) 
