FANN_FLO_2.1
num_layers=4
learning_rate=0.500000
connection_rate=1.000000
network_type=0
learning_momentum=0.000000
training_algorithm=2
train_error_function=1
train_stop_function=0
cascade_output_change_fraction=0.010000
quickprop_decay=-0.000100
quickprop_mu=1.750000
rprop_increase_factor=1.200000
rprop_decrease_factor=0.500000
rprop_delta_min=0.000000
rprop_delta_max=50.000000
rprop_delta_zero=0.100000
cascade_output_stagnation_epochs=12
cascade_candidate_change_fraction=0.010000
cascade_candidate_stagnation_epochs=12
cascade_max_out_epochs=150
cascade_min_out_epochs=50
cascade_max_cand_epochs=150
cascade_min_cand_epochs=50
cascade_num_candidate_groups=2
bit_fail_limit=3.49999994039535522461e-01
cascade_candidate_limit=1.00000000000000000000e+03
cascade_weight_multiplier=4.00000005960464477539e-01
cascade_activation_functions_count=10
cascade_activation_functions=3 5 7 8 10 11 14 15 16 17 
cascade_activation_steepnesses_count=4
cascade_activation_steepnesses=2.50000000000000000000e-01 5.00000000000000000000e-01 7.50000000000000000000e-01 1.00000000000000000000e+00 
layer_sizes=4 5 5 2 
scale_included=0
neurons (num_inputs, activation_function, activation_steepness)=(0, 0, 0.00000000000000000000e+00) (0, 0, 0.00000000000000000000e+00) (0, 0, 0.00000000000000000000e+00) (0, 0, 0.00000000000000000000e+00) (4, 3, 5.00000000000000000000e-01) (4, 3, 5.00000000000000000000e-01) (4, 3, 5.00000000000000000000e-01) (4, 3, 5.00000000000000000000e-01) (0, 3, 0.00000000000000000000e+00) (5, 3, 5.00000000000000000000e-01) (5, 3, 5.00000000000000000000e-01) (5, 3, 5.00000000000000000000e-01) (5, 3, 5.00000000000000000000e-01) (0, 3, 0.00000000000000000000e+00) (5, 3, 5.00000000000000000000e-01) (0, 3, 0.00000000000000000000e+00) 
connections (connected_to_neuron, weight)=(0, -5.53210163116455078125e+00) (1, -7.11382579803466796875e+00) (2, 7.37402260303497314453e-01) (3, 4.89137554168701171875e+00) (0, -6.44902086257934570312e+00) (1, -5.11950063705444335938e+00) (2, -4.48342204093933105469e-01) (3, 5.72324657440185546875e+00) (0, -8.46629428863525390625e+00) (1, -1.04915618896484375000e+01) (2, 8.73315811157226562500e+00) (3, 1.15056419372558593750e+00) (0, 9.24660861492156982422e-01) (1, -1.30286464691162109375e+01) (2, 1.25961866378784179688e+01) (3, 1.41421413421630859375e+00) (4, 1.83950653076171875000e+01) (5, 1.59483375549316406250e+01) (6, -1.17611610889434814453e+00) (7, -1.18171777725219726562e+01) (8, -1.33438539505004882812e+00) (4, 2.83229427337646484375e+01) (5, -2.62427258491516113281e+00) (6, 2.78000030517578125000e+02) (7, -1.96222324371337890625e+01) (8, 6.64202332496643066406e-01) (4, -3.62286162376403808594e+00) (5, -1.05469102859497070312e+01) (6, -3.02059307098388671875e+01) (7, 5.95525264739990234375e+00) (8, 1.25344419479370117188e+00) (4, 1.19419908523559570312e+01) (5, 2.11227836608886718750e+01) (6, -8.14091682434082031250e-01) (7, -1.08047885894775390625e+01) (8, -2.30866050720214843750e+00) (9, -1.54832518100738525391e+00) (10, 2.16079473495483398438e+00) (11, 2.01095628738403320312e+00) (12, -3.17792606353759765625e+00) (13, 3.66658657789230346680e-01) 
