FANN_FLO_2.1
num_layers=3
learning_rate=0.300000
connection_rate=1.000000
network_type=0
learning_momentum=0.000000
training_algorithm=2
train_error_function=1
train_stop_function=0
cascade_output_change_fraction=0.010000
quickprop_decay=-0.000100
quickprop_mu=1.750000
rprop_increase_factor=1.200000
rprop_decrease_factor=0.500000
rprop_delta_min=0.000000
rprop_delta_max=50.000000
rprop_delta_zero=0.100000
cascade_output_stagnation_epochs=12
cascade_candidate_change_fraction=0.010000
cascade_candidate_stagnation_epochs=12
cascade_max_out_epochs=150
cascade_min_out_epochs=50
cascade_max_cand_epochs=150
cascade_min_cand_epochs=50
cascade_num_candidate_groups=2
bit_fail_limit=3.49999994039535522461e-01
cascade_candidate_limit=1.00000000000000000000e+03
cascade_weight_multiplier=4.00000005960464477539e-01
cascade_activation_functions_count=10
cascade_activation_functions=3 5 7 8 10 11 14 15 16 17 
cascade_activation_steepnesses_count=4
cascade_activation_steepnesses=2.50000000000000000000e-01 5.00000000000000000000e-01 7.50000000000000000000e-01 1.00000000000000000000e+00 
layer_sizes=4 9 2 
scale_included=0
neurons (num_inputs, activation_function, activation_steepness)=(0, 0, 0.00000000000000000000e+00) (0, 0, 0.00000000000000000000e+00) (0, 0, 0.00000000000000000000e+00) (0, 0, 0.00000000000000000000e+00) (4, 3, 5.00000000000000000000e-01) (4, 3, 5.00000000000000000000e-01) (4, 3, 5.00000000000000000000e-01) (4, 3, 5.00000000000000000000e-01) (4, 3, 5.00000000000000000000e-01) (4, 3, 5.00000000000000000000e-01) (4, 3, 5.00000000000000000000e-01) (4, 3, 5.00000000000000000000e-01) (0, 3, 0.00000000000000000000e+00) (9, 3, 5.00000000000000000000e-01) (0, 3, 0.00000000000000000000e+00) 
connections (connected_to_neuron, weight)=(0, -5.31601786613464355469e-01) (1, 1.02218103408813476562e+00) (2, -3.52412724494934082031e+00) (3, 3.18260669708251953125e+01) (0, -1.49883612990379333496e-01) (1, 9.99369397759437561035e-02) (2, -1.18624842166900634766e+00) (3, 2.81982445716857910156e+00) (0, 3.48179377615451812744e-02) (1, -1.24077290296554565430e-01) (2, -5.25286010742187500000e+02) (3, 1.57782539725303649902e-01) (0, 2.64198720455169677734e-01) (1, -2.14335341006517410278e-02) (2, 2.57694542407989501953e-01) (3, -4.85873317718505859375e+00) (0, -1.65917798876762390137e-01) (1, 5.82438558340072631836e-02) (2, -6.31659090518951416016e-01) (3, 6.13993263244628906250e+00) (0, -2.48716354370117187500e-01) (1, 8.06690752506256103516e-02) (2, -3.40630143880844116211e-01) (3, 5.56025457382202148438e+00) (0, -2.32705131173133850098e-01) (1, 8.61205935478210449219e-01) (2, -3.07499027252197265625e+00) (3, 9.46751499176025390625e+00) (0, -4.63262468576431274414e-01) (1, 9.09406006336212158203e-01) (2, -2.91848325729370117188e+00) (3, 2.05501556396484375000e+01) (4, -3.67451101541519165039e-01) (5, -1.20487189292907714844e+00) (6, 1.50000000000000000000e+03) (7, 2.92848014831542968750e+00) (8, -7.36154973506927490234e-01) (9, -1.86800324916839599609e+00) (10, -3.51780325174331665039e-01) (11, -4.23039346933364868164e-01) (12, -3.41309458017349243164e-01) 
