FANN_FLO_2.1
num_layers=3
learning_rate=0.500000
connection_rate=1.000000
network_type=0
learning_momentum=0.000000
training_algorithm=2
train_error_function=1
train_stop_function=0
cascade_output_change_fraction=0.010000
quickprop_decay=-0.000100
quickprop_mu=1.750000
rprop_increase_factor=1.200000
rprop_decrease_factor=0.500000
rprop_delta_min=0.000000
rprop_delta_max=50.000000
rprop_delta_zero=0.100000
cascade_output_stagnation_epochs=12
cascade_candidate_change_fraction=0.010000
cascade_candidate_stagnation_epochs=12
cascade_max_out_epochs=150
cascade_min_out_epochs=50
cascade_max_cand_epochs=150
cascade_min_cand_epochs=50
cascade_num_candidate_groups=2
bit_fail_limit=3.49999994039535522461e-01
cascade_candidate_limit=1.00000000000000000000e+03
cascade_weight_multiplier=4.00000005960464477539e-01
cascade_activation_functions_count=10
cascade_activation_functions=3 5 7 8 10 11 14 15 16 17 
cascade_activation_steepnesses_count=4
cascade_activation_steepnesses=2.50000000000000000000e-01 5.00000000000000000000e-01 7.50000000000000000000e-01 1.00000000000000000000e+00 
layer_sizes=7 9 2 
scale_included=0
neurons (num_inputs, activation_function, activation_steepness)=(0, 0, 0.00000000000000000000e+00) (0, 0, 0.00000000000000000000e+00) (0, 0, 0.00000000000000000000e+00) (0, 0, 0.00000000000000000000e+00) (0, 0, 0.00000000000000000000e+00) (0, 0, 0.00000000000000000000e+00) (0, 0, 0.00000000000000000000e+00) (7, 3, 5.00000000000000000000e-01) (7, 3, 5.00000000000000000000e-01) (7, 3, 5.00000000000000000000e-01) (7, 3, 5.00000000000000000000e-01) (7, 3, 5.00000000000000000000e-01) (7, 3, 5.00000000000000000000e-01) (7, 3, 5.00000000000000000000e-01) (7, 3, 5.00000000000000000000e-01) (0, 3, 0.00000000000000000000e+00) (9, 0, 5.00000000000000000000e-01) (0, 0, 0.00000000000000000000e+00) 
connections (connected_to_neuron, weight)=(0, -3.32130521535873413086e-01) (1, -3.73725533485412597656e-01) (2, -3.92717480659484863281e-01) (3, 1.17597743868827819824e-01) (4, -2.80865788459777832031e-01) (5, 1.09073960781097412109e+00) (6, -7.55810618400573730469e-01) (0, -8.93275856971740722656e-01) (1, -1.03914821147918701172e+00) (2, -4.80608046054840087891e-01) (3, -3.81495833396911621094e-01) (4, -1.98991239070892333984e-01) (5, 7.64403700828552246094e-01) (6, -3.44157338142395019531e-01) (0, -4.38154220581054687500e-01) (1, 7.38594949245452880859e-01) (2, -3.20818662643432617188e-01) (3, -1.05659615993499755859e+00) (4, -2.40411832928657531738e-01) (5, 1.43775796890258789062e+00) (6, -3.54370772838592529297e-01) (0, -4.31636065244674682617e-01) (1, -1.25273323059082031250e+01) (2, 3.13025116920471191406e-01) (3, -2.13797464966773986816e-01) (4, -3.35950881242752075195e-01) (5, 1.22258529663085937500e+01) (6, -1.95956783294677734375e+01) (0, -1.78175494074821472168e-02) (1, -4.57894861698150634766e-01) (2, -8.22023987770080566406e-01) (3, -6.24018251895904541016e-01) (4, -7.73595631122589111328e-01) (5, 1.47552728652954101562e+00) (6, -5.37824749946594238281e-01) (0, -2.45510911941528320312e+00) (1, 7.13400955200195312500e+01) (2, 3.34627037048339843750e+01) (3, -8.13913249969482421875e+00) (4, -2.28606796264648437500e+00) (5, 8.88560119628906250000e+02) (6, -2.07330274581909179688e+00) (0, -3.88219654560089111328e-01) (1, 4.33933258056640625000e-01) (2, 7.88961887359619140625e-01) (3, -2.35524863004684448242e-01) (4, -4.65802371501922607422e-01) (5, 2.59117007255554199219e-01) (6, -4.47396993637084960938e+00) (0, 4.69299554824829101562e-02) (1, -4.23704832792282104492e-02) (2, 6.07297480106353759766e-01) (3, -1.03555820882320404053e-01) (4, -2.25444823503494262695e-01) (5, 5.64813837409019470215e-02) (6, -5.31396245956420898438e+00) (7, -1.98445782065391540527e-01) (8, 1.30920615047216415405e-02) (9, 3.55719700455665588379e-02) (10, 1.64224520325660705566e-01) (11, -1.50498282164335250854e-03) (12, 1.10870031639933586121e-02) (13, -4.92399185895919799805e-01) (14, 4.75404918193817138672e-01) (15, 3.99522576481103897095e-03) 
