FANN_FLO_2.1
num_layers=3
learning_rate=0.400000
connection_rate=1.000000
network_type=0
learning_momentum=0.000000
training_algorithm=2
train_error_function=1
train_stop_function=0
cascade_output_change_fraction=0.010000
quickprop_decay=-0.000100
quickprop_mu=1.750000
rprop_increase_factor=1.200000
rprop_decrease_factor=0.500000
rprop_delta_min=0.000000
rprop_delta_max=50.000000
rprop_delta_zero=0.100000
cascade_output_stagnation_epochs=12
cascade_candidate_change_fraction=0.010000
cascade_candidate_stagnation_epochs=12
cascade_max_out_epochs=150
cascade_min_out_epochs=50
cascade_max_cand_epochs=150
cascade_min_cand_epochs=50
cascade_num_candidate_groups=2
bit_fail_limit=3.49999994039535522461e-01
cascade_candidate_limit=1.00000000000000000000e+03
cascade_weight_multiplier=4.00000005960464477539e-01
cascade_activation_functions_count=10
cascade_activation_functions=3 5 7 8 10 11 14 15 16 17 
cascade_activation_steepnesses_count=4
cascade_activation_steepnesses=2.50000000000000000000e-01 5.00000000000000000000e-01 7.50000000000000000000e-01 1.00000000000000000000e+00 
layer_sizes=6 5 2 
scale_included=0
neurons (num_inputs, activation_function, activation_steepness)=(0, 0, 0.00000000000000000000e+00) (0, 0, 0.00000000000000000000e+00) (0, 0, 0.00000000000000000000e+00) (0, 0, 0.00000000000000000000e+00) (0, 0, 0.00000000000000000000e+00) (0, 0, 0.00000000000000000000e+00) (6, 3, 5.00000000000000000000e-01) (6, 3, 5.00000000000000000000e-01) (6, 3, 5.00000000000000000000e-01) (6, 3, 5.00000000000000000000e-01) (0, 3, 0.00000000000000000000e+00) (5, 0, 5.00000000000000000000e-01) (0, 0, 0.00000000000000000000e+00) 
connections (connected_to_neuron, weight)=(0, -1.50000000000000000000e+03) (1, -1.50000000000000000000e+03) (2, -6.79203844070434570312e+00) (3, -7.71663188934326171875e-01) (4, 1.36256948113441467285e-01) (5, 1.18209451436996459961e-01) (0, -1.50000000000000000000e+03) (1, -1.50000000000000000000e+03) (2, -1.11697559356689453125e+01) (3, -1.37981283664703369141e+00) (4, 3.95416784286499023438e+00) (5, 5.31793311238288879395e-02) (0, -1.50000000000000000000e+03) (1, -1.50000000000000000000e+03) (2, -6.55843210220336914062e+00) (3, -7.14748561382293701172e-01) (4, 9.82560575008392333984e-01) (5, -1.14782482385635375977e-01) (0, -1.50000000000000000000e+03) (1, -1.50000000000000000000e+03) (2, -6.09616374969482421875e+00) (3, -4.41475480794906616211e-01) (4, 1.26226985454559326172e+00) (5, 1.06308482587337493896e-01) (6, 1.04032356262207031250e+02) (7, 1.07768836975097656250e+02) (8, 4.48791313171386718750e+01) (9, 4.48553543090820312500e+01) (10, 9.51544165611267089844e-01) 
