FANN_FLO_2.1
num_layers=3
learning_rate=0.500000
connection_rate=1.000000
network_type=0
learning_momentum=0.000000
training_algorithm=2
train_error_function=1
train_stop_function=0
cascade_output_change_fraction=0.010000
quickprop_decay=-0.000100
quickprop_mu=1.750000
rprop_increase_factor=1.200000
rprop_decrease_factor=0.500000
rprop_delta_min=0.000000
rprop_delta_max=50.000000
rprop_delta_zero=0.100000
cascade_output_stagnation_epochs=12
cascade_candidate_change_fraction=0.010000
cascade_candidate_stagnation_epochs=12
cascade_max_out_epochs=150
cascade_min_out_epochs=50
cascade_max_cand_epochs=150
cascade_min_cand_epochs=50
cascade_num_candidate_groups=2
bit_fail_limit=3.49999994039535522461e-01
cascade_candidate_limit=1.00000000000000000000e+03
cascade_weight_multiplier=4.00000005960464477539e-01
cascade_activation_functions_count=10
cascade_activation_functions=3 5 7 8 10 11 14 15 16 17 
cascade_activation_steepnesses_count=4
cascade_activation_steepnesses=2.50000000000000000000e-01 5.00000000000000000000e-01 7.50000000000000000000e-01 1.00000000000000000000e+00 
layer_sizes=3 5 4 
scale_included=0
neurons (num_inputs, activation_function, activation_steepness)=(0, 0, 0.00000000000000000000e+00) (0, 0, 0.00000000000000000000e+00) (0, 0, 0.00000000000000000000e+00) (3, 3, 5.00000000000000000000e-01) (3, 3, 5.00000000000000000000e-01) (3, 3, 5.00000000000000000000e-01) (3, 3, 5.00000000000000000000e-01) (0, 3, 0.00000000000000000000e+00) (5, 0, 5.00000000000000000000e-01) (5, 0, 5.00000000000000000000e-01) (5, 0, 5.00000000000000000000e-01) (0, 0, 0.00000000000000000000e+00) 
connections (connected_to_neuron, weight)=(0, -2.58518910408020019531e+00) (1, -1.35891819000244140625e+00) (2, 1.19848525524139404297e+00) (0, -9.83575134277343750000e+01) (1, -1.04507690429687500000e+02) (2, -4.75478172302246093750e+00) (0, -3.47185039520263671875e+00) (1, 1.80152881145477294922e+00) (2, 5.26514828205108642578e-01) (0, -1.49498558044433593750e+01) (1, 1.10529279708862304688e+01) (2, 1.56337203979492187500e+01) (3, 3.25507616996765136719e+00) (4, 1.65877902507781982422e+00) (5, 3.40930485725402832031e+00) (6, 8.10330152511596679688e-01) (7, 1.10394811630249023438e+00) (3, 9.88101673126220703125e+00) (4, 3.72926616668701171875e+00) (5, 9.24635028839111328125e+00) (6, 4.03044414520263671875e+00) (7, 4.45512819290161132812e+00) (3, 3.31568832397460937500e+01) (4, 1.07227783203125000000e+01) (5, 2.61959419250488281250e+01) (6, 1.47509441375732421875e+01) (7, 1.98655490875244140625e+01) 
