FANN_FLO_2.1
num_layers=3
learning_rate=0.500000
connection_rate=1.000000
network_type=0
learning_momentum=0.000000
training_algorithm=2
train_error_function=1
train_stop_function=0
cascade_output_change_fraction=0.010000
quickprop_decay=-0.000100
quickprop_mu=1.750000
rprop_increase_factor=1.200000
rprop_decrease_factor=0.500000
rprop_delta_min=0.000000
rprop_delta_max=50.000000
rprop_delta_zero=0.100000
cascade_output_stagnation_epochs=12
cascade_candidate_change_fraction=0.010000
cascade_candidate_stagnation_epochs=12
cascade_max_out_epochs=150
cascade_min_out_epochs=50
cascade_max_cand_epochs=150
cascade_min_cand_epochs=50
cascade_num_candidate_groups=2
bit_fail_limit=3.49999994039535522461e-01
cascade_candidate_limit=1.00000000000000000000e+03
cascade_weight_multiplier=4.00000005960464477539e-01
cascade_activation_functions_count=10
cascade_activation_functions=3 5 7 8 10 11 14 15 16 17 
cascade_activation_steepnesses_count=4
cascade_activation_steepnesses=2.50000000000000000000e-01 5.00000000000000000000e-01 7.50000000000000000000e-01 1.00000000000000000000e+00 
layer_sizes=10 5 2 
scale_included=0
neurons (num_inputs, activation_function, activation_steepness)=(0, 0, 0.00000000000000000000e+00) (0, 0, 0.00000000000000000000e+00) (0, 0, 0.00000000000000000000e+00) (0, 0, 0.00000000000000000000e+00) (0, 0, 0.00000000000000000000e+00) (0, 0, 0.00000000000000000000e+00) (0, 0, 0.00000000000000000000e+00) (0, 0, 0.00000000000000000000e+00) (0, 0, 0.00000000000000000000e+00) (0, 0, 0.00000000000000000000e+00) (10, 3, 5.00000000000000000000e-01) (10, 3, 5.00000000000000000000e-01) (10, 3, 5.00000000000000000000e-01) (10, 3, 5.00000000000000000000e-01) (0, 3, 0.00000000000000000000e+00) (5, 3, 5.00000000000000000000e-01) (0, 3, 0.00000000000000000000e+00) 
connections (connected_to_neuron, weight)=(0, 5.69405257701873779297e-01) (1, 3.56782287359237670898e-01) (2, 3.61175954341888427734e-01) (3, 4.18877840042114257812e-01) (4, 4.14968878030776977539e-01) (5, 3.13984341919422149658e-02) (6, 7.27273881435394287109e-01) (7, -3.65798324346542358398e-02) (8, -3.84113304316997528076e-02) (9, -3.09075087308883666992e-01) (0, -1.94588676095008850098e-01) (1, -1.80467829108238220215e-01) (2, -3.47144156694412231445e-01) (3, -3.51221144199371337891e-01) (4, -1.85691326856613159180e-01) (5, -3.83793801069259643555e-01) (6, -3.78025174140930175781e-01) (7, -5.20131707191467285156e-01) (8, -5.00007092952728271484e-01) (9, 7.14886367321014404297e-01) (0, -3.01429241895675659180e-01) (1, -4.00350302457809448242e-01) (2, -3.15691888332366943359e-01) (3, -2.88427770137786865234e-01) (4, -4.60044711828231811523e-01) (5, -3.97166162729263305664e-01) (6, -1.04037776589393615723e-01) (7, -3.31693679094314575195e-01) (8, -3.89723181724548339844e-01) (9, 7.99878180027008056641e-01) (0, 6.34323596954345703125e-01) (1, 5.09148180484771728516e-01) (2, 2.93399870395660400391e-01) (3, 3.69567126035690307617e-01) (4, 3.36083471775054931641e-01) (5, 2.95523136854171752930e-01) (6, 4.57678645849227905273e-01) (7, 9.73510369658470153809e-02) (8, -8.27887281775474548340e-02) (9, -3.32656472921371459961e-01) (10, 8.70038509368896484375e-01) (11, -2.41622638702392578125e+00) (12, -2.37781453132629394531e+00) (13, 8.65128576755523681641e-01) (14, 2.50288009643554687500e-01) 
