FANN_FLO_2.1
num_layers=4
learning_rate=0.300000
connection_rate=1.000000
network_type=0
learning_momentum=0.000000
training_algorithm=2
train_error_function=1
train_stop_function=0
cascade_output_change_fraction=0.010000
quickprop_decay=-0.000100
quickprop_mu=1.750000
rprop_increase_factor=1.200000
rprop_decrease_factor=0.500000
rprop_delta_min=0.000000
rprop_delta_max=50.000000
rprop_delta_zero=0.100000
cascade_output_stagnation_epochs=12
cascade_candidate_change_fraction=0.010000
cascade_candidate_stagnation_epochs=12
cascade_max_out_epochs=150
cascade_min_out_epochs=50
cascade_max_cand_epochs=150
cascade_min_cand_epochs=50
cascade_num_candidate_groups=2
bit_fail_limit=3.49999994039535522461e-01
cascade_candidate_limit=1.00000000000000000000e+03
cascade_weight_multiplier=4.00000005960464477539e-01
cascade_activation_functions_count=10
cascade_activation_functions=3 5 7 8 10 11 14 15 16 17 
cascade_activation_steepnesses_count=4
cascade_activation_steepnesses=2.50000000000000000000e-01 5.00000000000000000000e-01 7.50000000000000000000e-01 1.00000000000000000000e+00 
layer_sizes=2 5 3 3 
scale_included=0
neurons (num_inputs, activation_function, activation_steepness)=(0, 0, 0.00000000000000000000e+00) (0, 0, 0.00000000000000000000e+00) (2, 3, 5.00000000000000000000e-01) (2, 3, 5.00000000000000000000e-01) (2, 3, 5.00000000000000000000e-01) (2, 3, 5.00000000000000000000e-01) (0, 3, 0.00000000000000000000e+00) (5, 3, 5.00000000000000000000e-01) (5, 3, 5.00000000000000000000e-01) (0, 3, 0.00000000000000000000e+00) (3, 0, 5.00000000000000000000e-01) (3, 0, 5.00000000000000000000e-01) (0, 0, 0.00000000000000000000e+00) 
connections (connected_to_neuron, weight)=(0, -2.86469292640686035156e+00) (1, -3.22541046142578125000e+00) (0, -6.23215055465698242188e+00) (1, -2.35091114044189453125e+00) (0, -7.28398818969726562500e+01) (1, -1.13019549846649169922e+00) (0, -5.01465559005737304688e+00) (1, -1.93641686439514160156e+00) (2, 1.49071276187896728516e+00) (3, 4.60716158151626586914e-01) (4, -2.88679391145706176758e-01) (5, 4.08598333597183227539e-01) (6, 1.11296743154525756836e-01) (2, 1.34960818290710449219e+00) (3, 9.99387800693511962891e-01) (4, 6.09958744049072265625e+00) (5, 1.00181627273559570312e+00) (6, -2.56603193283081054688e+00) (7, 4.05770819634199142456e-03) (8, 2.38499090075492858887e-01) (9, -2.45508015155792236328e-01) (7, -7.43473827838897705078e-01) (8, -6.51014029979705810547e-01) (9, -6.18024468421936035156e-01) 
