FANN_FLO_2.1
num_layers=4
learning_rate=0.500000
connection_rate=1.000000
network_type=0
learning_momentum=0.000000
training_algorithm=2
train_error_function=1
train_stop_function=0
cascade_output_change_fraction=0.010000
quickprop_decay=-0.000100
quickprop_mu=1.750000
rprop_increase_factor=1.200000
rprop_decrease_factor=0.500000
rprop_delta_min=0.000000
rprop_delta_max=50.000000
rprop_delta_zero=0.100000
cascade_output_stagnation_epochs=12
cascade_candidate_change_fraction=0.010000
cascade_candidate_stagnation_epochs=12
cascade_max_out_epochs=150
cascade_min_out_epochs=50
cascade_max_cand_epochs=150
cascade_min_cand_epochs=50
cascade_num_candidate_groups=2
bit_fail_limit=3.49999994039535522461e-01
cascade_candidate_limit=1.00000000000000000000e+03
cascade_weight_multiplier=4.00000005960464477539e-01
cascade_activation_functions_count=10
cascade_activation_functions=3 5 7 8 10 11 14 15 16 17 
cascade_activation_steepnesses_count=4
cascade_activation_steepnesses=2.50000000000000000000e-01 5.00000000000000000000e-01 7.50000000000000000000e-01 1.00000000000000000000e+00 
layer_sizes=4 5 3 2 
scale_included=0
neurons (num_inputs, activation_function, activation_steepness)=(0, 0, 0.00000000000000000000e+00) (0, 0, 0.00000000000000000000e+00) (0, 0, 0.00000000000000000000e+00) (0, 0, 0.00000000000000000000e+00) (4, 3, 5.00000000000000000000e-01) (4, 3, 5.00000000000000000000e-01) (4, 3, 5.00000000000000000000e-01) (4, 3, 5.00000000000000000000e-01) (0, 3, 0.00000000000000000000e+00) (5, 3, 5.00000000000000000000e-01) (5, 3, 5.00000000000000000000e-01) (0, 3, 0.00000000000000000000e+00) (3, 3, 5.00000000000000000000e-01) (0, 3, 0.00000000000000000000e+00) 
connections (connected_to_neuron, weight)=(0, -5.37374305725097656250e+00) (1, -4.18484830856323242188e+00) (2, -1.92832633852958679199e-01) (3, 2.57188320159912109375e+00) (0, -3.31673383712768554688e+00) (1, -7.95269298553466796875e+00) (2, 1.45218753814697265625e+00) (3, 2.71667504310607910156e+00) (0, -3.83405256271362304688e+00) (1, -1.27920227050781250000e+01) (2, 5.01713371276855468750e+00) (3, 3.23103523254394531250e+00) (0, -3.67633247375488281250e+00) (1, -7.76255273818969726562e+00) (2, 1.38939642906188964844e+00) (3, 2.82728075981140136719e+00) (4, 8.32700576782226562500e+01) (5, 6.56066608428955078125e+00) (6, 6.57019042968750000000e+00) (7, 6.61755943298339843750e+00) (8, -9.45006084442138671875e+00) (4, 1.41984519958496093750e+01) (5, 2.40270113945007324219e+00) (6, 3.15731501579284667969e+00) (7, 3.14773535728454589844e+00) (8, -2.37595033645629882812e+00) (9, -5.39290571212768554688e+00) (10, 1.16504895687103271484e+00) (11, 2.03053283691406250000e+00) 
