FANN_FLO_2.1
num_layers=4
learning_rate=0.500000
connection_rate=1.000000
network_type=0
learning_momentum=0.000000
training_algorithm=2
train_error_function=1
train_stop_function=0
cascade_output_change_fraction=0.010000
quickprop_decay=-0.000100
quickprop_mu=1.750000
rprop_increase_factor=1.200000
rprop_decrease_factor=0.500000
rprop_delta_min=0.000000
rprop_delta_max=50.000000
rprop_delta_zero=0.100000
cascade_output_stagnation_epochs=12
cascade_candidate_change_fraction=0.010000
cascade_candidate_stagnation_epochs=12
cascade_max_out_epochs=150
cascade_min_out_epochs=50
cascade_max_cand_epochs=150
cascade_min_cand_epochs=50
cascade_num_candidate_groups=2
bit_fail_limit=3.49999994039535522461e-01
cascade_candidate_limit=1.00000000000000000000e+03
cascade_weight_multiplier=4.00000005960464477539e-01
cascade_activation_functions_count=10
cascade_activation_functions=3 5 7 8 10 11 14 15 16 17 
cascade_activation_steepnesses_count=4
cascade_activation_steepnesses=2.50000000000000000000e-01 5.00000000000000000000e-01 7.50000000000000000000e-01 1.00000000000000000000e+00 
layer_sizes=4 5 5 2 
scale_included=0
neurons (num_inputs, activation_function, activation_steepness)=(0, 0, 0.00000000000000000000e+00) (0, 0, 0.00000000000000000000e+00) (0, 0, 0.00000000000000000000e+00) (0, 0, 0.00000000000000000000e+00) (4, 3, 5.00000000000000000000e-01) (4, 3, 5.00000000000000000000e-01) (4, 3, 5.00000000000000000000e-01) (4, 3, 5.00000000000000000000e-01) (0, 3, 0.00000000000000000000e+00) (5, 3, 5.00000000000000000000e-01) (5, 3, 5.00000000000000000000e-01) (5, 3, 5.00000000000000000000e-01) (5, 3, 5.00000000000000000000e-01) (0, 3, 0.00000000000000000000e+00) (5, 3, 5.00000000000000000000e-01) (0, 3, 0.00000000000000000000e+00) 
connections (connected_to_neuron, weight)=(0, -4.72830200195312500000e+00) (1, -1.30347900390625000000e+01) (2, 4.98300790786743164062e+00) (3, 3.57911038398742675781e+00) (0, -1.39327758789062500000e+03) (1, -2.52184238433837890625e+01) (2, -1.23016748046875000000e+03) (3, 1.57733547687530517578e+00) (0, -6.39739799499511718750e+00) (1, 3.05686682462692260742e-01) (2, -4.97146892547607421875e+00) (3, 5.28689527511596679688e+00) (0, -9.36748218536376953125e+00) (1, -6.79773235321044921875e+00) (2, -9.43209409713745117188e-01) (3, 7.31624937057495117188e+00) (4, 1.05903663635253906250e+01) (5, -2.42506275177001953125e+01) (6, 1.43644199371337890625e+01) (7, 6.05623865127563476562e+00) (8, -6.63821172714233398438e+00) (4, 7.15197219848632812500e+01) (5, 6.50034046173095703125e+00) (6, -3.85850644111633300781e+00) (7, 2.40603141784667968750e+01) (8, -4.59913164377212524414e-03) (4, 1.02334270477294921875e+01) (5, -2.69047241210937500000e+01) (6, 1.43411588668823242188e+01) (7, 9.11986827850341796875e+00) (8, -7.04700803756713867188e+00) (4, 1.00066795349121093750e+01) (5, -2.36433925628662109375e+01) (6, 1.06600332260131835938e+01) (7, 8.27383518218994140625e+00) (8, -5.02475214004516601562e+00) (9, -1.94114649295806884766e+00) (10, 3.67161607742309570312e+00) (11, -2.81990265846252441406e+00) (12, -1.64021825790405273438e+00) (13, 4.27502512931823730469e-01) 
