FANN_FLO_2.1
num_layers=3
learning_rate=0.500000
connection_rate=1.000000
network_type=0
learning_momentum=0.000000
training_algorithm=2
train_error_function=1
train_stop_function=0
cascade_output_change_fraction=0.010000
quickprop_decay=-0.000100
quickprop_mu=1.750000
rprop_increase_factor=1.200000
rprop_decrease_factor=0.500000
rprop_delta_min=0.000000
rprop_delta_max=50.000000
rprop_delta_zero=0.100000
cascade_output_stagnation_epochs=12
cascade_candidate_change_fraction=0.010000
cascade_candidate_stagnation_epochs=12
cascade_max_out_epochs=150
cascade_min_out_epochs=50
cascade_max_cand_epochs=150
cascade_min_cand_epochs=50
cascade_num_candidate_groups=2
bit_fail_limit=3.49999994039535522461e-01
cascade_candidate_limit=1.00000000000000000000e+03
cascade_weight_multiplier=4.00000005960464477539e-01
cascade_activation_functions_count=10
cascade_activation_functions=3 5 7 8 10 11 14 15 16 17 
cascade_activation_steepnesses_count=4
cascade_activation_steepnesses=2.50000000000000000000e-01 5.00000000000000000000e-01 7.50000000000000000000e-01 1.00000000000000000000e+00 
layer_sizes=7 5 2 
scale_included=0
neurons (num_inputs, activation_function, activation_steepness)=(0, 0, 0.00000000000000000000e+00) (0, 0, 0.00000000000000000000e+00) (0, 0, 0.00000000000000000000e+00) (0, 0, 0.00000000000000000000e+00) (0, 0, 0.00000000000000000000e+00) (0, 0, 0.00000000000000000000e+00) (0, 0, 0.00000000000000000000e+00) (7, 3, 5.00000000000000000000e-01) (7, 3, 5.00000000000000000000e-01) (7, 3, 5.00000000000000000000e-01) (7, 3, 5.00000000000000000000e-01) (0, 3, 0.00000000000000000000e+00) (5, 0, 5.00000000000000000000e-01) (0, 0, 0.00000000000000000000e+00) 
connections (connected_to_neuron, weight)=(0, -1.06021070480346679688e+01) (1, -4.95928863525390625000e+02) (2, -2.85201416015625000000e+02) (3, -1.72794294357299804688e+00) (4, -2.59908325195312500000e+02) (5, -5.15800048828125000000e+02) (6, -4.93277668952941894531e-01) (0, 6.32064247131347656250e+00) (1, 3.85631256103515625000e+01) (2, -3.12082916259765625000e+02) (3, 2.63254333496093750000e+02) (4, -1.89089126586914062500e+02) (5, -4.67061462402343750000e+02) (6, -6.15474164485931396484e-01) (0, -1.23348104953765869141e+00) (1, -1.39121544361114501953e+00) (2, -1.29542422294616699219e+00) (3, -1.79214954376220703125e+00) (4, 7.55333375930786132812e+00) (5, -2.19038963317871093750e+00) (6, 2.78266868591308593750e+01) (0, -7.98317849636077880859e-01) (1, 1.48798364257812500000e+03) (2, -1.36580004882812500000e+03) (3, 1.50000000000000000000e+03) (4, 1.50000000000000000000e+03) (5, 1.50000000000000000000e+03) (6, -3.93285959959030151367e-01) (7, 1.05605969238281250000e+03) (8, 1.51657834649085998535e-02) (9, -3.06137595325708389282e-02) (10, 3.59018184244632720947e-02) (11, 1.02214422076940536499e-03) 
