FANN_FLO_2.1
num_layers=3
learning_rate=0.500000
connection_rate=1.000000
network_type=0
learning_momentum=0.000000
training_algorithm=2
train_error_function=1
train_stop_function=0
cascade_output_change_fraction=0.010000
quickprop_decay=-0.000100
quickprop_mu=1.750000
rprop_increase_factor=1.200000
rprop_decrease_factor=0.500000
rprop_delta_min=0.000000
rprop_delta_max=50.000000
rprop_delta_zero=0.100000
cascade_output_stagnation_epochs=12
cascade_candidate_change_fraction=0.010000
cascade_candidate_stagnation_epochs=12
cascade_max_out_epochs=150
cascade_min_out_epochs=50
cascade_max_cand_epochs=150
cascade_min_cand_epochs=50
cascade_num_candidate_groups=2
bit_fail_limit=3.49999994039535522461e-01
cascade_candidate_limit=1.00000000000000000000e+03
cascade_weight_multiplier=4.00000005960464477539e-01
cascade_activation_functions_count=10
cascade_activation_functions=3 5 7 8 10 11 14 15 16 17 
cascade_activation_steepnesses_count=4
cascade_activation_steepnesses=2.50000000000000000000e-01 5.00000000000000000000e-01 7.50000000000000000000e-01 1.00000000000000000000e+00 
layer_sizes=10 5 2 
scale_included=0
neurons (num_inputs, activation_function, activation_steepness)=(0, 0, 0.00000000000000000000e+00) (0, 0, 0.00000000000000000000e+00) (0, 0, 0.00000000000000000000e+00) (0, 0, 0.00000000000000000000e+00) (0, 0, 0.00000000000000000000e+00) (0, 0, 0.00000000000000000000e+00) (0, 0, 0.00000000000000000000e+00) (0, 0, 0.00000000000000000000e+00) (0, 0, 0.00000000000000000000e+00) (0, 0, 0.00000000000000000000e+00) (10, 3, 5.00000000000000000000e-01) (10, 3, 5.00000000000000000000e-01) (10, 3, 5.00000000000000000000e-01) (10, 3, 5.00000000000000000000e-01) (0, 3, 0.00000000000000000000e+00) (5, 3, 5.00000000000000000000e-01) (0, 3, 0.00000000000000000000e+00) 
connections (connected_to_neuron, weight)=(0, 8.83877754211425781250e-01) (1, 8.95916461944580078125e-01) (2, 6.40316784381866455078e-01) (3, 8.70937764644622802734e-01) (4, 5.67685008049011230469e-01) (5, 7.80557274818420410156e-01) (6, 5.94172656536102294922e-01) (7, 8.84805500507354736328e-01) (8, 7.45387136936187744141e-01) (9, -4.76255321502685546875e+00) (0, -5.02953529357910156250e-01) (1, -4.60483551025390625000e-01) (2, -4.50384914875030517578e-01) (3, -7.21892833709716796875e-01) (4, -7.13776111602783203125e-01) (5, -5.26409149169921875000e-01) (6, -4.37580019235610961914e-01) (7, -4.75801169872283935547e-01) (8, -5.09720504283905029297e-01) (9, 7.98064529895782470703e-01) (0, -3.56276184320449829102e-01) (1, -6.40832781791687011719e-01) (2, -5.22939026355743408203e-01) (3, -6.25964105129241943359e-01) (4, -6.72778069972991943359e-01) (5, -5.89504957199096679688e-01) (6, -5.62978744506835937500e-01) (7, -4.50533717870712280273e-01) (8, -3.51354271173477172852e-01) (9, 7.65202283859252929688e-01) (0, -5.09617507457733154297e-01) (1, -3.11725854873657226562e-01) (2, -5.74163258075714111328e-01) (3, -6.51741623878479003906e-02) (4, -2.42448836565017700195e-01) (5, -3.76962929964065551758e-01) (6, -6.00456714630126953125e-01) (7, -4.72988486289978027344e-01) (8, -5.50940215587615966797e-01) (9, 6.92236661911010742188e-01) (10, 1.25456249713897705078e+00) (11, -1.31570839881896972656e+00) (12, -1.35733473300933837891e+00) (13, -1.33894395828247070312e+00) (14, 5.01867532730102539062e-01) 
