FANN_FLO_2.1
num_layers=4
learning_rate=0.500000
connection_rate=1.000000
network_type=0
learning_momentum=0.000000
training_algorithm=2
train_error_function=1
train_stop_function=0
cascade_output_change_fraction=0.010000
quickprop_decay=-0.000100
quickprop_mu=1.750000
rprop_increase_factor=1.200000
rprop_decrease_factor=0.500000
rprop_delta_min=0.000000
rprop_delta_max=50.000000
rprop_delta_zero=0.100000
cascade_output_stagnation_epochs=12
cascade_candidate_change_fraction=0.010000
cascade_candidate_stagnation_epochs=12
cascade_max_out_epochs=150
cascade_min_out_epochs=50
cascade_max_cand_epochs=150
cascade_min_cand_epochs=50
cascade_num_candidate_groups=2
bit_fail_limit=3.49999994039535522461e-01
cascade_candidate_limit=1.00000000000000000000e+03
cascade_weight_multiplier=4.00000005960464477539e-01
cascade_activation_functions_count=10
cascade_activation_functions=3 5 7 8 10 11 14 15 16 17 
cascade_activation_steepnesses_count=4
cascade_activation_steepnesses=2.50000000000000000000e-01 5.00000000000000000000e-01 7.50000000000000000000e-01 1.00000000000000000000e+00 
layer_sizes=4 5 5 2 
scale_included=0
neurons (num_inputs, activation_function, activation_steepness)=(0, 0, 0.00000000000000000000e+00) (0, 0, 0.00000000000000000000e+00) (0, 0, 0.00000000000000000000e+00) (0, 0, 0.00000000000000000000e+00) (4, 3, 5.00000000000000000000e-01) (4, 3, 5.00000000000000000000e-01) (4, 3, 5.00000000000000000000e-01) (4, 3, 5.00000000000000000000e-01) (0, 3, 0.00000000000000000000e+00) (5, 3, 5.00000000000000000000e-01) (5, 3, 5.00000000000000000000e-01) (5, 3, 5.00000000000000000000e-01) (5, 3, 5.00000000000000000000e-01) (0, 3, 0.00000000000000000000e+00) (5, 3, 5.00000000000000000000e-01) (0, 3, 0.00000000000000000000e+00) 
connections (connected_to_neuron, weight)=(0, 7.34737753868103027344e-01) (1, -2.03089008331298828125e+01) (2, 2.40466041564941406250e+01) (3, 9.92674052715301513672e-01) (0, -2.70859098434448242188e+00) (1, -1.91946430206298828125e+01) (2, 4.86893224716186523438e+00) (3, 4.37930870056152343750e+00) (0, -2.97246742248535156250e+00) (1, -6.81493377685546875000e+00) (2, 1.45721888542175292969e+00) (3, 3.03714585304260253906e+00) (0, -2.06171703338623046875e+00) (1, -2.00037994384765625000e+01) (2, 4.57103109359741210938e+00) (3, 3.92885208129882812500e+00) (4, 3.08903846740722656250e+01) (5, 1.50000000000000000000e+03) (6, 1.97813014984130859375e+01) (7, 1.50000000000000000000e+03) (8, -1.19311103820800781250e+01) (4, 3.63409538269042968750e+01) (5, 1.50000000000000000000e+03) (6, -2.42096633911132812500e+01) (7, 1.50000000000000000000e+03) (8, -5.78711080551147460938e+00) (4, -6.52057600021362304688e+00) (5, 3.48665904998779296875e+00) (6, 3.30976600646972656250e+01) (7, -9.89576530456542968750e+00) (8, -4.15044355392456054688e+00) (4, -3.87451291084289550781e+00) (5, 2.14791703224182128906e+00) (6, 2.73798217773437500000e+01) (7, -5.75621080398559570312e+00) (8, -4.91630125045776367188e+00) (9, 1.39736962318420410156e+00) (10, 1.14376425743103027344e+00) (11, -3.80211019515991210938e+00) (12, -1.06102883815765380859e+00) (13, 1.27385416999459266663e-02) 
