FANN_FLO_2.1
num_layers=4
learning_rate=0.300000
connection_rate=1.000000
network_type=0
learning_momentum=0.000000
training_algorithm=2
train_error_function=1
train_stop_function=0
cascade_output_change_fraction=0.010000
quickprop_decay=-0.000100
quickprop_mu=1.750000
rprop_increase_factor=1.200000
rprop_decrease_factor=0.500000
rprop_delta_min=0.000000
rprop_delta_max=50.000000
rprop_delta_zero=0.100000
cascade_output_stagnation_epochs=12
cascade_candidate_change_fraction=0.010000
cascade_candidate_stagnation_epochs=12
cascade_max_out_epochs=150
cascade_min_out_epochs=50
cascade_max_cand_epochs=150
cascade_min_cand_epochs=50
cascade_num_candidate_groups=2
bit_fail_limit=3.49999994039535522461e-01
cascade_candidate_limit=1.00000000000000000000e+03
cascade_weight_multiplier=4.00000005960464477539e-01
cascade_activation_functions_count=10
cascade_activation_functions=3 5 7 8 10 11 14 15 16 17 
cascade_activation_steepnesses_count=4
cascade_activation_steepnesses=2.50000000000000000000e-01 5.00000000000000000000e-01 7.50000000000000000000e-01 1.00000000000000000000e+00 
layer_sizes=2 5 5 3 
scale_included=0
neurons (num_inputs, activation_function, activation_steepness)=(0, 0, 0.00000000000000000000e+00) (0, 0, 0.00000000000000000000e+00) (2, 3, 5.00000000000000000000e-01) (2, 3, 5.00000000000000000000e-01) (2, 3, 5.00000000000000000000e-01) (2, 3, 5.00000000000000000000e-01) (0, 3, 0.00000000000000000000e+00) (5, 3, 5.00000000000000000000e-01) (5, 3, 5.00000000000000000000e-01) (5, 3, 5.00000000000000000000e-01) (5, 3, 5.00000000000000000000e-01) (0, 3, 0.00000000000000000000e+00) (5, 0, 5.00000000000000000000e-01) (5, 0, 5.00000000000000000000e-01) (0, 0, 0.00000000000000000000e+00) 
connections (connected_to_neuron, weight)=(0, -1.24501791000366210938e+01) (1, -5.53631448745727539062e+00) (0, 1.50000000000000000000e+03) (1, -9.60359802246093750000e+02) (0, 4.15301635742187500000e+02) (1, 3.95947098731994628906e-01) (0, -1.15125093460083007812e+01) (1, -4.96904373168945312500e+00) (2, 1.82165515422821044922e+00) (3, 6.60660766601562500000e+02) (4, 1.94067156314849853516e+00) (5, 1.84074342250823974609e+00) (6, -1.19443476200103759766e+00) (2, 1.22568881511688232422e+00) (3, 1.05353271484375000000e+03) (4, -3.31891924142837524414e-01) (5, 1.22449028491973876953e+00) (6, -8.23294460773468017578e-01) (2, 1.30434155464172363281e+00) (3, 1.29333227539062500000e+03) (4, -2.54836630821228027344e+00) (5, 1.19639933109283447266e+00) (6, 5.92976987361907958984e-01) (2, 7.74540424346923828125e-01) (3, 1.29357470703125000000e+03) (4, 6.82407093048095703125e+00) (5, 1.35730838775634765625e+00) (6, -1.77662169933319091797e+00) (7, -4.35904450714588165283e-02) (8, 1.01301953196525573730e-01) (9, 2.14379891753196716309e-01) (10, -1.81433692574501037598e-01) (11, -1.35239601135253906250e-01) (7, -3.95905882120132446289e-01) (8, -5.48976659774780273438e-01) (9, -5.48199117183685302734e-01) (10, -4.01699423789978027344e-01) (11, -4.82341706752777099609e-01) 
