FANN_FLO_2.1
num_layers=3
learning_rate=0.500000
connection_rate=1.000000
network_type=0
learning_momentum=0.000000
training_algorithm=2
train_error_function=1
train_stop_function=0
cascade_output_change_fraction=0.010000
quickprop_decay=-0.000100
quickprop_mu=1.750000
rprop_increase_factor=1.200000
rprop_decrease_factor=0.500000
rprop_delta_min=0.000000
rprop_delta_max=50.000000
rprop_delta_zero=0.100000
cascade_output_stagnation_epochs=12
cascade_candidate_change_fraction=0.010000
cascade_candidate_stagnation_epochs=12
cascade_max_out_epochs=150
cascade_min_out_epochs=50
cascade_max_cand_epochs=150
cascade_min_cand_epochs=50
cascade_num_candidate_groups=2
bit_fail_limit=3.49999994039535522461e-01
cascade_candidate_limit=1.00000000000000000000e+03
cascade_weight_multiplier=4.00000005960464477539e-01
cascade_activation_functions_count=10
cascade_activation_functions=3 5 7 8 10 11 14 15 16 17 
cascade_activation_steepnesses_count=4
cascade_activation_steepnesses=2.50000000000000000000e-01 5.00000000000000000000e-01 7.50000000000000000000e-01 1.00000000000000000000e+00 
layer_sizes=3 9 4 
scale_included=0
neurons (num_inputs, activation_function, activation_steepness)=(0, 0, 0.00000000000000000000e+00) (0, 0, 0.00000000000000000000e+00) (0, 0, 0.00000000000000000000e+00) (3, 3, 5.00000000000000000000e-01) (3, 3, 5.00000000000000000000e-01) (3, 3, 5.00000000000000000000e-01) (3, 3, 5.00000000000000000000e-01) (3, 3, 5.00000000000000000000e-01) (3, 3, 5.00000000000000000000e-01) (3, 3, 5.00000000000000000000e-01) (3, 3, 5.00000000000000000000e-01) (0, 3, 0.00000000000000000000e+00) (9, 0, 5.00000000000000000000e-01) (9, 0, 5.00000000000000000000e-01) (9, 0, 5.00000000000000000000e-01) (0, 0, 0.00000000000000000000e+00) 
connections (connected_to_neuron, weight)=(0, -1.17711658477783203125e+01) (1, 7.50691509246826171875e+00) (2, 6.22379302978515625000e+00) (0, -1.78603696823120117188e+00) (1, -3.77893447875976562500e+00) (2, 8.24326992034912109375e-01) (0, -7.47951126098632812500e+00) (1, 8.05341148376464843750e+00) (2, 5.70331573486328125000e+00) (0, -4.69442272186279296875e+00) (1, 6.46739363670349121094e-01) (2, -6.18905365467071533203e-01) (0, -4.95911407470703125000e+00) (1, 2.16520977020263671875e+00) (2, 5.14441311359405517578e-01) (0, -2.23773121833801269531e+00) (1, -1.06869745254516601562e+00) (2, 8.32217335700988769531e-01) (0, -4.78496217727661132812e+00) (1, 6.21265935897827148438e+00) (2, 6.29698753356933593750e+00) (0, -2.24125075340270996094e+00) (1, -1.46865320205688476562e+00) (2, 3.47242057323455810547e-01) (3, 7.72367894649505615234e-01) (4, 1.90667355060577392578e+00) (5, 9.43793773651123046875e-01) (6, 1.82233774662017822266e+00) (7, 1.45745146274566650391e+00) (8, 1.03117275238037109375e+00) (9, 8.18920075893402099609e-01) (10, 1.62181496620178222656e+00) (11, 5.50182878971099853516e-01) (3, 2.66991972923278808594e+00) (4, 5.71096420288085937500e+00) (5, 4.10346698760986328125e+00) (6, 3.49837899208068847656e+00) (7, 4.49005126953125000000e+00) (8, 4.23742246627807617188e+00) (9, 2.61932206153869628906e+00) (10, 4.23754405975341796875e+00) (11, 2.38085222244262695312e+00) (3, 1.00997200012207031250e+01) (4, 2.00052318572998046875e+01) (5, 1.11003894805908203125e+01) (6, 1.20422716140747070312e+01) (7, 1.31371946334838867188e+01) (8, 1.27820625305175781250e+01) (9, 1.13171873092651367188e+01) (10, 1.27527666091918945312e+01) (11, 1.12542295455932617188e+01) 
