FANN_FLO_2.1
num_layers=3
learning_rate=0.500000
connection_rate=1.000000
network_type=0
learning_momentum=0.000000
training_algorithm=2
train_error_function=1
train_stop_function=0
cascade_output_change_fraction=0.010000
quickprop_decay=-0.000100
quickprop_mu=1.750000
rprop_increase_factor=1.200000
rprop_decrease_factor=0.500000
rprop_delta_min=0.000000
rprop_delta_max=50.000000
rprop_delta_zero=0.100000
cascade_output_stagnation_epochs=12
cascade_candidate_change_fraction=0.010000
cascade_candidate_stagnation_epochs=12
cascade_max_out_epochs=150
cascade_min_out_epochs=50
cascade_max_cand_epochs=150
cascade_min_cand_epochs=50
cascade_num_candidate_groups=2
bit_fail_limit=3.49999994039535522461e-01
cascade_candidate_limit=1.00000000000000000000e+03
cascade_weight_multiplier=4.00000005960464477539e-01
cascade_activation_functions_count=10
cascade_activation_functions=3 5 7 8 10 11 14 15 16 17 
cascade_activation_steepnesses_count=4
cascade_activation_steepnesses=2.50000000000000000000e-01 5.00000000000000000000e-01 7.50000000000000000000e-01 1.00000000000000000000e+00 
layer_sizes=7 5 2 
scale_included=0
neurons (num_inputs, activation_function, activation_steepness)=(0, 0, 0.00000000000000000000e+00) (0, 0, 0.00000000000000000000e+00) (0, 0, 0.00000000000000000000e+00) (0, 0, 0.00000000000000000000e+00) (0, 0, 0.00000000000000000000e+00) (0, 0, 0.00000000000000000000e+00) (0, 0, 0.00000000000000000000e+00) (7, 3, 5.00000000000000000000e-01) (7, 3, 5.00000000000000000000e-01) (7, 3, 5.00000000000000000000e-01) (7, 3, 5.00000000000000000000e-01) (0, 3, 0.00000000000000000000e+00) (5, 0, 5.00000000000000000000e-01) (0, 0, 0.00000000000000000000e+00) 
connections (connected_to_neuron, weight)=(0, 4.95620340108871459961e-01) (1, -1.51270270347595214844e+00) (2, 8.29214572906494140625e-01) (3, -2.43828743696212768555e-01) (4, 1.12479715347290039062e+01) (5, -7.40624809265136718750e+00) (6, 3.32489371299743652344e+00) (0, -1.19763112068176269531e+00) (1, 1.61691343784332275391e+00) (2, -4.25761789083480834961e-02) (3, -2.01069188117980957031e+00) (4, 7.28308320045471191406e-01) (5, -1.23936572265625000000e+03) (6, 3.95330762863159179688e+00) (0, -1.53805136680603027344e+00) (1, 1.61106121540069580078e+00) (2, 8.01281833648681640625e+00) (3, -1.28112888336181640625e+00) (4, -1.63934811949729919434e-01) (5, -1.17897882461547851562e+01) (6, 8.08416306972503662109e-01) (0, -5.20928573608398437500e+01) (1, 2.73750805854797363281e+00) (2, -1.50000000000000000000e+03) (3, -5.17990798950195312500e+01) (4, -2.10348471999168395996e-01) (5, -1.50000000000000000000e+03) (6, -1.70097506046295166016e+00) (7, -1.17379605770111083984e-01) (8, 1.04833790101110935211e-03) (9, -1.49644305929541587830e-02) (10, -2.69860569387674331665e-02) (11, 1.35688498616218566895e-01) 
