FANN_FLO_2.1
num_layers=3
learning_rate=0.500000
connection_rate=1.000000
network_type=0
learning_momentum=0.000000
training_algorithm=2
train_error_function=1
train_stop_function=0
cascade_output_change_fraction=0.010000
quickprop_decay=-0.000100
quickprop_mu=1.750000
rprop_increase_factor=1.200000
rprop_decrease_factor=0.500000
rprop_delta_min=0.000000
rprop_delta_max=50.000000
rprop_delta_zero=0.100000
cascade_output_stagnation_epochs=12
cascade_candidate_change_fraction=0.010000
cascade_candidate_stagnation_epochs=12
cascade_max_out_epochs=150
cascade_min_out_epochs=50
cascade_max_cand_epochs=150
cascade_min_cand_epochs=50
cascade_num_candidate_groups=2
bit_fail_limit=3.49999994039535522461e-01
cascade_candidate_limit=1.00000000000000000000e+03
cascade_weight_multiplier=4.00000005960464477539e-01
cascade_activation_functions_count=10
cascade_activation_functions=3 5 7 8 10 11 14 15 16 17 
cascade_activation_steepnesses_count=4
cascade_activation_steepnesses=2.50000000000000000000e-01 5.00000000000000000000e-01 7.50000000000000000000e-01 1.00000000000000000000e+00 
layer_sizes=10 5 2 
scale_included=0
neurons (num_inputs, activation_function, activation_steepness)=(0, 0, 0.00000000000000000000e+00) (0, 0, 0.00000000000000000000e+00) (0, 0, 0.00000000000000000000e+00) (0, 0, 0.00000000000000000000e+00) (0, 0, 0.00000000000000000000e+00) (0, 0, 0.00000000000000000000e+00) (0, 0, 0.00000000000000000000e+00) (0, 0, 0.00000000000000000000e+00) (0, 0, 0.00000000000000000000e+00) (0, 0, 0.00000000000000000000e+00) (10, 3, 5.00000000000000000000e-01) (10, 3, 5.00000000000000000000e-01) (10, 3, 5.00000000000000000000e-01) (10, 3, 5.00000000000000000000e-01) (0, 3, 0.00000000000000000000e+00) (5, 3, 5.00000000000000000000e-01) (0, 3, 0.00000000000000000000e+00) 
connections (connected_to_neuron, weight)=(0, -7.42735207080841064453e-01) (1, -4.92554187774658203125e-01) (2, -4.85568761825561523438e-01) (3, -4.85536009073257446289e-01) (4, 2.33656451106071472168e-01) (5, -3.79118531942367553711e-01) (6, -5.43272256851196289062e-01) (7, -6.58752918243408203125e-01) (8, -5.48407077789306640625e-01) (9, 1.37492108345031738281e+00) (0, -3.41110199689865112305e-01) (1, -7.20834016799926757812e-01) (2, -5.81680297851562500000e-01) (3, -2.56226718425750732422e-01) (4, -4.14843350648880004883e-01) (5, -9.65460836887359619141e-01) (6, -4.97614741325378417969e-01) (7, -2.53405511379241943359e-01) (8, -2.96976983547210693359e-01) (9, 1.70828843116760253906e+00) (0, -4.01402741670608520508e-01) (1, -4.78620171546936035156e-01) (2, -5.68814277648925781250e-01) (3, 1.45591169595718383789e-01) (4, -2.33865454792976379395e-01) (5, -3.85936915874481201172e-01) (6, -6.70703291893005371094e-01) (7, -5.22827208042144775391e-01) (8, -7.58492469787597656250e-01) (9, 9.69030320644378662109e-01) (0, 1.84060975909233093262e-01) (1, -2.46871829032897949219e-01) (2, -1.33104994893074035645e-01) (3, -9.42458927631378173828e-01) (4, -2.38283252716064453125e+00) (5, -1.46388381719589233398e-01) (6, -9.54558253288269042969e-02) (7, -2.90729016065597534180e-01) (8, -2.00135856866836547852e-01) (9, 1.64506435394287109375e+00) (10, -2.23007082939147949219e+00) (11, -9.32599425315856933594e-01) (12, -4.69349473714828491211e-01) (13, -7.82608509063720703125e-01) (14, 1.55584728717803955078e+00) 
