FANN_FLO_2.1
num_layers=3
learning_rate=0.400000
connection_rate=1.000000
network_type=0
learning_momentum=0.000000
training_algorithm=2
train_error_function=1
train_stop_function=0
cascade_output_change_fraction=0.010000
quickprop_decay=-0.000100
quickprop_mu=1.750000
rprop_increase_factor=1.200000
rprop_decrease_factor=0.500000
rprop_delta_min=0.000000
rprop_delta_max=50.000000
rprop_delta_zero=0.100000
cascade_output_stagnation_epochs=12
cascade_candidate_change_fraction=0.010000
cascade_candidate_stagnation_epochs=12
cascade_max_out_epochs=150
cascade_min_out_epochs=50
cascade_max_cand_epochs=150
cascade_min_cand_epochs=50
cascade_num_candidate_groups=2
bit_fail_limit=3.49999994039535522461e-01
cascade_candidate_limit=1.00000000000000000000e+03
cascade_weight_multiplier=4.00000005960464477539e-01
cascade_activation_functions_count=10
cascade_activation_functions=3 5 7 8 10 11 14 15 16 17 
cascade_activation_steepnesses_count=4
cascade_activation_steepnesses=2.50000000000000000000e-01 5.00000000000000000000e-01 7.50000000000000000000e-01 1.00000000000000000000e+00 
layer_sizes=10 3 2 
scale_included=0
neurons (num_inputs, activation_function, activation_steepness)=(0, 0, 0.00000000000000000000e+00) (0, 0, 0.00000000000000000000e+00) (0, 0, 0.00000000000000000000e+00) (0, 0, 0.00000000000000000000e+00) (0, 0, 0.00000000000000000000e+00) (0, 0, 0.00000000000000000000e+00) (0, 0, 0.00000000000000000000e+00) (0, 0, 0.00000000000000000000e+00) (0, 0, 0.00000000000000000000e+00) (0, 0, 0.00000000000000000000e+00) (10, 3, 5.00000000000000000000e-01) (10, 3, 5.00000000000000000000e-01) (0, 3, 0.00000000000000000000e+00) (3, 3, 5.00000000000000000000e-01) (0, 3, 0.00000000000000000000e+00) 
connections (connected_to_neuron, weight)=(0, -2.19505041837692260742e-01) (1, -2.07979008555412292480e-01) (2, -7.10987076163291931152e-02) (3, -6.14066347479820251465e-02) (4, -7.38480314612388610840e-02) (5, -1.17496132850646972656e-01) (6, -1.62744015455245971680e-01) (7, -9.25519987940788269043e-02) (8, -9.09774079918861389160e-02) (9, -1.84927850961685180664e-01) (0, 4.51788455247879028320e-02) (1, 1.32679194211959838867e-01) (2, 1.24835632741451263428e-01) (3, 1.68446779251098632812e-01) (4, 7.59927630424499511719e-02) (5, 1.87514156103134155273e-01) (6, 1.85935199260711669922e-01) (7, 1.33386030793190002441e-01) (8, 6.84473365545272827148e-02) (9, 8.20375382900238037109e-02) (10, 8.03464800119400024414e-02) (11, 1.67025148868560791016e-01) (12, 1.27412647008895874023e-01) 
