FANN_FLO_2.1
num_layers=3
learning_rate=0.500000
connection_rate=1.000000
network_type=0
learning_momentum=0.000000
training_algorithm=2
train_error_function=1
train_stop_function=0
cascade_output_change_fraction=0.010000
quickprop_decay=-0.000100
quickprop_mu=1.750000
rprop_increase_factor=1.200000
rprop_decrease_factor=0.500000
rprop_delta_min=0.000000
rprop_delta_max=50.000000
rprop_delta_zero=0.100000
cascade_output_stagnation_epochs=12
cascade_candidate_change_fraction=0.010000
cascade_candidate_stagnation_epochs=12
cascade_max_out_epochs=150
cascade_min_out_epochs=50
cascade_max_cand_epochs=150
cascade_min_cand_epochs=50
cascade_num_candidate_groups=2
bit_fail_limit=3.49999994039535522461e-01
cascade_candidate_limit=1.00000000000000000000e+03
cascade_weight_multiplier=4.00000005960464477539e-01
cascade_activation_functions_count=10
cascade_activation_functions=3 5 7 8 10 11 14 15 16 17 
cascade_activation_steepnesses_count=4
cascade_activation_steepnesses=2.50000000000000000000e-01 5.00000000000000000000e-01 7.50000000000000000000e-01 1.00000000000000000000e+00 
layer_sizes=7 9 2 
scale_included=0
neurons (num_inputs, activation_function, activation_steepness)=(0, 0, 0.00000000000000000000e+00) (0, 0, 0.00000000000000000000e+00) (0, 0, 0.00000000000000000000e+00) (0, 0, 0.00000000000000000000e+00) (0, 0, 0.00000000000000000000e+00) (0, 0, 0.00000000000000000000e+00) (0, 0, 0.00000000000000000000e+00) (7, 3, 5.00000000000000000000e-01) (7, 3, 5.00000000000000000000e-01) (7, 3, 5.00000000000000000000e-01) (7, 3, 5.00000000000000000000e-01) (7, 3, 5.00000000000000000000e-01) (7, 3, 5.00000000000000000000e-01) (7, 3, 5.00000000000000000000e-01) (7, 3, 5.00000000000000000000e-01) (0, 3, 0.00000000000000000000e+00) (9, 0, 5.00000000000000000000e-01) (0, 0, 0.00000000000000000000e+00) 
connections (connected_to_neuron, weight)=(0, -1.10244758427143096924e-01) (1, 3.25008571147918701172e-01) (2, 1.30565273761749267578e+00) (3, -4.25548166036605834961e-01) (4, -3.43611299991607666016e-01) (5, -4.54954177141189575195e-01) (6, -3.97647529840469360352e-01) (0, -3.11343222856521606445e-01) (1, 2.77142375707626342773e-01) (2, -6.98144555091857910156e-01) (3, -1.93369649350643157959e-02) (4, 7.49816238880157470703e-01) (5, 5.02724200487136840820e-02) (6, -2.38089412450790405273e-01) (0, -4.50131073594093322754e-02) (1, -1.28216660022735595703e+00) (2, 7.10406973958015441895e-02) (3, -3.83164018392562866211e-01) (4, 5.98442792892456054688e-01) (5, 8.49075615406036376953e-01) (6, 8.35382342338562011719e-01) (0, 4.73801493644714355469e-01) (1, 9.24383997917175292969e-01) (2, 6.30132317543029785156e-01) (3, -5.89051663875579833984e-01) (4, 4.56484854221343994141e-02) (5, -8.77342402935028076172e-01) (6, -9.95541453361511230469e-01) (0, -1.50000000000000000000e+03) (1, -5.91302612304687500000e+02) (2, -1.28091888427734375000e+02) (3, -1.48234533691406250000e+03) (4, -4.34486312866210937500e+01) (5, -1.50000000000000000000e+03) (6, -6.88268899917602539062e-01) (0, -1.50000000000000000000e+03) (1, -9.89838684082031250000e+02) (2, -1.49329666137695312500e+02) (3, -1.48234533691406250000e+03) (4, -6.27121086120605468750e+01) (5, -1.50000000000000000000e+03) (6, -5.89736104011535644531e-01) (0, -1.50000000000000000000e+03) (1, -9.89788513183593750000e+02) (2, -1.49389724731445312500e+02) (3, -1.48234533691406250000e+03) (4, -6.26085777282714843750e+01) (5, -1.50000000000000000000e+03) (6, -5.73076367378234863281e-01) (0, 3.11891078948974609375e-01) (1, -6.86797276139259338379e-02) (2, 7.85483419895172119141e-01) (3, -2.48554915189743041992e-01) (4, -6.99424505233764648438e-01) (5, -1.73088908195495605469e-02) (6, -2.41748261451721191406e+00) (7, -4.03229966759681701660e-02) (8, -1.69459104537963867188e-01) (9, 1.53396427631378173828e-01) (10, 1.71431869268417358398e-01) (11, 1.50000000000000000000e+03) (12, 1.50000000000000000000e+03) (13, 1.50000000000000000000e+03) (14, -1.46864637732505798340e-01) (15, 1.69233884662389755249e-02) 
