FANN_FLO_2.1
num_layers=3
learning_rate=0.300000
connection_rate=1.000000
network_type=0
learning_momentum=0.000000
training_algorithm=2
train_error_function=1
train_stop_function=0
cascade_output_change_fraction=0.010000
quickprop_decay=-0.000100
quickprop_mu=1.750000
rprop_increase_factor=1.200000
rprop_decrease_factor=0.500000
rprop_delta_min=0.000000
rprop_delta_max=50.000000
rprop_delta_zero=0.100000
cascade_output_stagnation_epochs=12
cascade_candidate_change_fraction=0.010000
cascade_candidate_stagnation_epochs=12
cascade_max_out_epochs=150
cascade_min_out_epochs=50
cascade_max_cand_epochs=150
cascade_min_cand_epochs=50
cascade_num_candidate_groups=2
bit_fail_limit=3.49999994039535522461e-01
cascade_candidate_limit=1.00000000000000000000e+03
cascade_weight_multiplier=4.00000005960464477539e-01
cascade_activation_functions_count=10
cascade_activation_functions=3 5 7 8 10 11 14 15 16 17 
cascade_activation_steepnesses_count=4
cascade_activation_steepnesses=2.50000000000000000000e-01 5.00000000000000000000e-01 7.50000000000000000000e-01 1.00000000000000000000e+00 
layer_sizes=4 9 2 
scale_included=0
neurons (num_inputs, activation_function, activation_steepness)=(0, 0, 0.00000000000000000000e+00) (0, 0, 0.00000000000000000000e+00) (0, 0, 0.00000000000000000000e+00) (0, 0, 0.00000000000000000000e+00) (4, 3, 5.00000000000000000000e-01) (4, 3, 5.00000000000000000000e-01) (4, 3, 5.00000000000000000000e-01) (4, 3, 5.00000000000000000000e-01) (4, 3, 5.00000000000000000000e-01) (4, 3, 5.00000000000000000000e-01) (4, 3, 5.00000000000000000000e-01) (4, 3, 5.00000000000000000000e-01) (0, 3, 0.00000000000000000000e+00) (9, 3, 5.00000000000000000000e-01) (0, 3, 0.00000000000000000000e+00) 
connections (connected_to_neuron, weight)=(0, -9.57701563835144042969e-01) (1, 4.34061974287033081055e-01) (2, -6.48528397083282470703e-01) (3, 5.78214406967163085938e+00) (0, 1.40597808361053466797e+00) (1, 2.33869254589080810547e-01) (2, -9.05643367767333984375e+00) (3, -7.10381150245666503906e-01) (0, -4.63901937007904052734e-01) (1, 4.96085375547409057617e-01) (2, -7.59609508514404296875e+00) (3, 5.59749722480773925781e-01) (0, 5.65583646297454833984e-01) (1, 8.08392912149429321289e-02) (2, -3.45733714103698730469e+00) (3, 4.77003633975982666016e-01) (0, 6.71363067626953125000e+00) (1, 1.21436691284179687500e+00) (2, -4.55131835937500000000e+01) (3, 1.22643664479255676270e-01) (0, -6.61519050598144531250e-01) (1, 1.38975933194160461426e-01) (2, -2.61666822433471679688e+00) (3, 3.21659126281738281250e+01) (0, -1.50674641132354736328e-01) (1, 2.64388546347618103027e-02) (2, -2.20069155097007751465e-01) (3, 1.59066915512084960938e+00) (0, -1.30859527587890625000e+01) (1, -1.83682799339294433594e+00) (2, -5.28874063491821289062e+00) (3, -8.50301980972290039062e-01) (4, -5.36978483200073242188e-01) (5, -5.33668518066406250000e+02) (6, -1.14820053100585937500e+02) (7, 5.22485971450805664062e+00) (8, 4.66035156250000000000e+02) (9, -5.25103032588958740234e-01) (10, -7.24361944198608398438e+00) (11, 1.50000000000000000000e+03) (12, 6.85217142105102539062e-01) 
