FANN_FLO_2.1
num_layers=4
learning_rate=0.500000
connection_rate=1.000000
network_type=0
learning_momentum=0.000000
training_algorithm=2
train_error_function=1
train_stop_function=0
cascade_output_change_fraction=0.010000
quickprop_decay=-0.000100
quickprop_mu=1.750000
rprop_increase_factor=1.200000
rprop_decrease_factor=0.500000
rprop_delta_min=0.000000
rprop_delta_max=50.000000
rprop_delta_zero=0.100000
cascade_output_stagnation_epochs=12
cascade_candidate_change_fraction=0.010000
cascade_candidate_stagnation_epochs=12
cascade_max_out_epochs=150
cascade_min_out_epochs=50
cascade_max_cand_epochs=150
cascade_min_cand_epochs=50
cascade_num_candidate_groups=2
bit_fail_limit=3.49999994039535522461e-01
cascade_candidate_limit=1.00000000000000000000e+03
cascade_weight_multiplier=4.00000005960464477539e-01
cascade_activation_functions_count=10
cascade_activation_functions=3 5 7 8 10 11 14 15 16 17 
cascade_activation_steepnesses_count=4
cascade_activation_steepnesses=2.50000000000000000000e-01 5.00000000000000000000e-01 7.50000000000000000000e-01 1.00000000000000000000e+00 
layer_sizes=4 5 3 2 
scale_included=0
neurons (num_inputs, activation_function, activation_steepness)=(0, 0, 0.00000000000000000000e+00) (0, 0, 0.00000000000000000000e+00) (0, 0, 0.00000000000000000000e+00) (0, 0, 0.00000000000000000000e+00) (4, 3, 5.00000000000000000000e-01) (4, 3, 5.00000000000000000000e-01) (4, 3, 5.00000000000000000000e-01) (4, 3, 5.00000000000000000000e-01) (0, 3, 0.00000000000000000000e+00) (5, 3, 5.00000000000000000000e-01) (5, 3, 5.00000000000000000000e-01) (0, 3, 0.00000000000000000000e+00) (3, 3, 5.00000000000000000000e-01) (0, 3, 0.00000000000000000000e+00) 
connections (connected_to_neuron, weight)=(0, -5.79315948486328125000e+00) (1, -7.64010810852050781250e+00) (2, -8.02355468273162841797e-01) (3, 5.13934278488159179688e+00) (0, 3.14936351776123046875e+01) (1, -8.31405181884765625000e+01) (2, 6.92161035537719726562e+00) (3, 3.48950672149658203125e+00) (0, -5.11554241180419921875e+00) (1, -8.71258163452148437500e+00) (2, -1.25359296798706054688e+00) (3, 5.17979812622070312500e+00) (0, -3.14606308937072753906e+00) (1, -9.73177528381347656250e+00) (2, -1.79361045360565185547e+00) (3, 3.94917201995849609375e+00) (4, -3.40800895690917968750e+01) (5, 3.93245673179626464844e+00) (6, -3.11368236541748046875e+01) (7, -4.19766769409179687500e+01) (8, 1.40188369750976562500e+01) (4, 2.12340660095214843750e+01) (5, -2.58139204978942871094e+00) (6, 3.14456539154052734375e+01) (7, 8.01092910766601562500e+00) (8, -9.07682132720947265625e+00) (9, 1.16185355186462402344e+00) (10, -3.15616273880004882812e+00) (11, 1.00127136707305908203e+00) 
