FANN_FLO_2.1
num_layers=3
learning_rate=0.450000
connection_rate=1.000000
network_type=0
learning_momentum=0.000000
training_algorithm=2
train_error_function=1
train_stop_function=0
cascade_output_change_fraction=0.010000
quickprop_decay=-0.000100
quickprop_mu=1.750000
rprop_increase_factor=1.200000
rprop_decrease_factor=0.500000
rprop_delta_min=0.000000
rprop_delta_max=50.000000
rprop_delta_zero=0.100000
cascade_output_stagnation_epochs=12
cascade_candidate_change_fraction=0.010000
cascade_candidate_stagnation_epochs=12
cascade_max_out_epochs=150
cascade_min_out_epochs=50
cascade_max_cand_epochs=150
cascade_min_cand_epochs=50
cascade_num_candidate_groups=2
bit_fail_limit=3.49999994039535522461e-01
cascade_candidate_limit=1.00000000000000000000e+03
cascade_weight_multiplier=4.00000005960464477539e-01
cascade_activation_functions_count=10
cascade_activation_functions=3 5 7 8 10 11 14 15 16 17 
cascade_activation_steepnesses_count=4
cascade_activation_steepnesses=2.50000000000000000000e-01 5.00000000000000000000e-01 7.50000000000000000000e-01 1.00000000000000000000e+00 
layer_sizes=7 5 2 
scale_included=0
neurons (num_inputs, activation_function, activation_steepness)=(0, 0, 0.00000000000000000000e+00) (0, 0, 0.00000000000000000000e+00) (0, 0, 0.00000000000000000000e+00) (0, 0, 0.00000000000000000000e+00) (0, 0, 0.00000000000000000000e+00) (0, 0, 0.00000000000000000000e+00) (0, 0, 0.00000000000000000000e+00) (7, 3, 5.00000000000000000000e-01) (7, 3, 5.00000000000000000000e-01) (7, 3, 5.00000000000000000000e-01) (7, 3, 5.00000000000000000000e-01) (0, 3, 0.00000000000000000000e+00) (5, 0, 5.00000000000000000000e-01) (0, 0, 0.00000000000000000000e+00) 
connections (connected_to_neuron, weight)=(0, -6.98529296875000000000e+02) (1, -1.65038764476776123047e+00) (2, -1.17473388671875000000e+03) (3, 4.59055862426757812500e+01) (4, -1.06330525875091552734e+00) (5, 2.93034782409667968750e+01) (6, -1.56852376461029052734e+00) (0, -1.00872077941894531250e+02) (1, -2.23864793777465820312e-01) (2, 7.42102127075195312500e+01) (3, -4.18002357482910156250e+01) (4, -4.33471381664276123047e-01) (5, 3.93460388183593750000e+01) (6, -6.76524564623832702637e-02) (0, -1.48384918212890625000e+02) (1, -1.02984189987182617188e+00) (2, -6.55097229003906250000e+02) (3, -4.66428279876708984375e+00) (4, -1.25265157222747802734e+00) (5, 2.35406875610351562500e+01) (6, -1.17784070968627929688e+00) (0, -1.48523162841796875000e+02) (1, -1.14262902736663818359e+00) (2, -6.55059997558593750000e+02) (3, -4.72080135345458984375e+00) (4, -1.23794305324554443359e+00) (5, 2.35784034729003906250e+01) (6, -1.18215632438659667969e+00) (7, -7.67714599609375000000e+02) (8, 6.50000000000000000000e+02) (9, 1.98354980468750000000e+02) (10, 1.98354980468750000000e+02) (11, 1.32397376000881195068e-02) 
