FANN_FLO_2.1
num_layers=3
learning_rate=0.500000
connection_rate=1.000000
network_type=0
learning_momentum=0.000000
training_algorithm=2
train_error_function=1
train_stop_function=0
cascade_output_change_fraction=0.010000
quickprop_decay=-0.000100
quickprop_mu=1.750000
rprop_increase_factor=1.200000
rprop_decrease_factor=0.500000
rprop_delta_min=0.000000
rprop_delta_max=50.000000
rprop_delta_zero=0.100000
cascade_output_stagnation_epochs=12
cascade_candidate_change_fraction=0.010000
cascade_candidate_stagnation_epochs=12
cascade_max_out_epochs=150
cascade_min_out_epochs=50
cascade_max_cand_epochs=150
cascade_min_cand_epochs=50
cascade_num_candidate_groups=2
bit_fail_limit=3.49999994039535522461e-01
cascade_candidate_limit=1.00000000000000000000e+03
cascade_weight_multiplier=4.00000005960464477539e-01
cascade_activation_functions_count=10
cascade_activation_functions=3 5 7 8 10 11 14 15 16 17 
cascade_activation_steepnesses_count=4
cascade_activation_steepnesses=2.50000000000000000000e-01 5.00000000000000000000e-01 7.50000000000000000000e-01 1.00000000000000000000e+00 
layer_sizes=7 5 2 
scale_included=0
neurons (num_inputs, activation_function, activation_steepness)=(0, 0, 0.00000000000000000000e+00) (0, 0, 0.00000000000000000000e+00) (0, 0, 0.00000000000000000000e+00) (0, 0, 0.00000000000000000000e+00) (0, 0, 0.00000000000000000000e+00) (0, 0, 0.00000000000000000000e+00) (0, 0, 0.00000000000000000000e+00) (7, 3, 5.00000000000000000000e-01) (7, 3, 5.00000000000000000000e-01) (7, 3, 5.00000000000000000000e-01) (7, 3, 5.00000000000000000000e-01) (0, 3, 0.00000000000000000000e+00) (5, 0, 5.00000000000000000000e-01) (0, 0, 0.00000000000000000000e+00) 
connections (connected_to_neuron, weight)=(0, -2.04066298902034759521e-02) (1, 1.18859164416790008545e-01) (2, -1.80067062377929687500e-01) (3, -1.19434883818030357361e-02) (4, -3.72341796755790710449e-02) (5, 1.07168890535831451416e-01) (6, 2.01536536216735839844e+00) (0, -1.75217664241790771484e+00) (1, -1.71842932701110839844e+00) (2, -6.25701141357421875000e+00) (3, -2.00218772888183593750e+00) (4, 2.82653737068176269531e+00) (5, 2.08213448524475097656e+00) (6, -7.59928405284881591797e-01) (0, 1.06199753284454345703e+00) (1, -6.79647684097290039062e-01) (2, -1.35651254653930664062e+01) (3, -1.57193565368652343750e+00) (4, 1.33031339645385742188e+01) (5, 2.11737704277038574219e+00) (6, -8.63419651985168457031e-01) (0, -1.49969208240509033203e+00) (1, -1.67078363895416259766e+00) (2, -2.99928367137908935547e-01) (3, -1.86734986305236816406e+00) (4, 3.64158177375793457031e+00) (5, 2.33116173744201660156e+00) (6, -4.65034151077270507812e+00) (7, 1.20794691145420074463e-01) (8, -1.32442489266395568848e-02) (9, -2.65022292733192443848e-02) (10, -8.04059300571680068970e-03) (11, -6.79350197315216064453e-02) 
