FANN_FLO_2.1
num_layers=4
learning_rate=0.500000
connection_rate=1.000000
network_type=0
learning_momentum=0.000000
training_algorithm=2
train_error_function=1
train_stop_function=0
cascade_output_change_fraction=0.010000
quickprop_decay=-0.000100
quickprop_mu=1.750000
rprop_increase_factor=1.200000
rprop_decrease_factor=0.500000
rprop_delta_min=0.000000
rprop_delta_max=50.000000
rprop_delta_zero=0.100000
cascade_output_stagnation_epochs=12
cascade_candidate_change_fraction=0.010000
cascade_candidate_stagnation_epochs=12
cascade_max_out_epochs=150
cascade_min_out_epochs=50
cascade_max_cand_epochs=150
cascade_min_cand_epochs=50
cascade_num_candidate_groups=2
bit_fail_limit=3.49999994039535522461e-01
cascade_candidate_limit=1.00000000000000000000e+03
cascade_weight_multiplier=4.00000005960464477539e-01
cascade_activation_functions_count=10
cascade_activation_functions=3 5 7 8 10 11 14 15 16 17 
cascade_activation_steepnesses_count=4
cascade_activation_steepnesses=2.50000000000000000000e-01 5.00000000000000000000e-01 7.50000000000000000000e-01 1.00000000000000000000e+00 
layer_sizes=4 5 3 2 
scale_included=0
neurons (num_inputs, activation_function, activation_steepness)=(0, 0, 0.00000000000000000000e+00) (0, 0, 0.00000000000000000000e+00) (0, 0, 0.00000000000000000000e+00) (0, 0, 0.00000000000000000000e+00) (4, 3, 5.00000000000000000000e-01) (4, 3, 5.00000000000000000000e-01) (4, 3, 5.00000000000000000000e-01) (4, 3, 5.00000000000000000000e-01) (0, 3, 0.00000000000000000000e+00) (5, 3, 5.00000000000000000000e-01) (5, 3, 5.00000000000000000000e-01) (0, 3, 0.00000000000000000000e+00) (3, 3, 5.00000000000000000000e-01) (0, 3, 0.00000000000000000000e+00) 
connections (connected_to_neuron, weight)=(0, -2.53676462173461914062e+00) (1, 8.62390026450157165527e-02) (2, -2.53826063126325607300e-02) (3, 2.60782384872436523438e+00) (0, 2.04796743392944335938e+00) (1, -5.20733690261840820312e+00) (2, 9.58881664276123046875e+00) (3, -2.48158740997314453125e+00) (0, -4.31201934814453125000e+00) (1, -5.65761804580688476562e+00) (2, 2.52370834350585937500e+00) (3, 3.18861627578735351562e+00) (0, -4.32330083847045898438e+00) (1, -6.90254211425781250000e+00) (2, 2.86113548278808593750e+00) (3, 3.02675175666809082031e+00) (4, 6.30251550674438476562e+00) (5, -1.38825130462646484375e+01) (6, 3.92895126342773437500e+00) (7, 6.04408979415893554688e+00) (8, 1.01196932792663574219e+00) (4, 2.73694658279418945312e+00) (5, -1.24661169052124023438e+01) (6, 1.36831970214843750000e+01) (7, 1.08367509841918945312e+01) (8, -6.00158274173736572266e-01) (9, -1.39158177375793457031e+00) (10, -3.46692824363708496094e+00) (11, 2.51772522926330566406e+00) 
