FANN_FLO_2.1
num_layers=3
learning_rate=0.500000
connection_rate=1.000000
network_type=0
learning_momentum=0.000000
training_algorithm=2
train_error_function=1
train_stop_function=0
cascade_output_change_fraction=0.010000
quickprop_decay=-0.000100
quickprop_mu=1.750000
rprop_increase_factor=1.200000
rprop_decrease_factor=0.500000
rprop_delta_min=0.000000
rprop_delta_max=50.000000
rprop_delta_zero=0.100000
cascade_output_stagnation_epochs=12
cascade_candidate_change_fraction=0.010000
cascade_candidate_stagnation_epochs=12
cascade_max_out_epochs=150
cascade_min_out_epochs=50
cascade_max_cand_epochs=150
cascade_min_cand_epochs=50
cascade_num_candidate_groups=2
bit_fail_limit=3.49999994039535522461e-01
cascade_candidate_limit=1.00000000000000000000e+03
cascade_weight_multiplier=4.00000005960464477539e-01
cascade_activation_functions_count=10
cascade_activation_functions=3 5 7 8 10 11 14 15 16 17 
cascade_activation_steepnesses_count=4
cascade_activation_steepnesses=2.50000000000000000000e-01 5.00000000000000000000e-01 7.50000000000000000000e-01 1.00000000000000000000e+00 
layer_sizes=3 5 4 
scale_included=0
neurons (num_inputs, activation_function, activation_steepness)=(0, 0, 0.00000000000000000000e+00) (0, 0, 0.00000000000000000000e+00) (0, 0, 0.00000000000000000000e+00) (3, 3, 5.00000000000000000000e-01) (3, 3, 5.00000000000000000000e-01) (3, 3, 5.00000000000000000000e-01) (3, 3, 5.00000000000000000000e-01) (0, 3, 0.00000000000000000000e+00) (5, 0, 5.00000000000000000000e-01) (5, 0, 5.00000000000000000000e-01) (5, 0, 5.00000000000000000000e-01) (0, 0, 0.00000000000000000000e+00) 
connections (connected_to_neuron, weight)=(0, -3.52603411674499511719e+00) (1, 6.46569490432739257812e-01) (2, 5.89845404028892517090e-02) (0, -1.91331374645233154297e+00) (1, -1.84504783153533935547e+00) (2, 2.84943699836730957031e-01) (0, -1.65591068267822265625e+01) (1, 8.66126632690429687500e+00) (2, 8.86443519592285156250e+00) (0, -1.45961761474609375000e+01) (1, 9.84450244903564453125e+00) (2, 1.90840320587158203125e+01) (3, 3.88170456886291503906e+00) (4, 3.70645546913146972656e+00) (5, 7.74062752723693847656e-01) (6, 1.15807008743286132812e+00) (7, 1.13318312168121337891e+00) (3, 9.35500907897949218750e+00) (4, 1.12908763885498046875e+01) (5, 4.11728477478027343750e+00) (6, 4.44224262237548828125e+00) (7, 4.18866443634033203125e+00) (3, 2.83840618133544921875e+01) (4, 3.63237037658691406250e+01) (5, 1.28572158813476562500e+01) (6, 1.63210277557373046875e+01) (7, 1.77149295806884765625e+01) 
