FANN_FLO_2.1
num_layers=4
learning_rate=0.450000
connection_rate=1.000000
network_type=0
learning_momentum=0.000000
training_algorithm=2
train_error_function=1
train_stop_function=0
cascade_output_change_fraction=0.010000
quickprop_decay=-0.000100
quickprop_mu=1.750000
rprop_increase_factor=1.200000
rprop_decrease_factor=0.500000
rprop_delta_min=0.000000
rprop_delta_max=50.000000
rprop_delta_zero=0.100000
cascade_output_stagnation_epochs=12
cascade_candidate_change_fraction=0.010000
cascade_candidate_stagnation_epochs=12
cascade_max_out_epochs=150
cascade_min_out_epochs=50
cascade_max_cand_epochs=150
cascade_min_cand_epochs=50
cascade_num_candidate_groups=2
bit_fail_limit=3.49999994039535522461e-01
cascade_candidate_limit=1.00000000000000000000e+03
cascade_weight_multiplier=4.00000005960464477539e-01
cascade_activation_functions_count=10
cascade_activation_functions=3 5 7 8 10 11 14 15 16 17 
cascade_activation_steepnesses_count=4
cascade_activation_steepnesses=2.50000000000000000000e-01 5.00000000000000000000e-01 7.50000000000000000000e-01 1.00000000000000000000e+00 
layer_sizes=7 5 5 2 
scale_included=0
neurons (num_inputs, activation_function, activation_steepness)=(0, 0, 0.00000000000000000000e+00) (0, 0, 0.00000000000000000000e+00) (0, 0, 0.00000000000000000000e+00) (0, 0, 0.00000000000000000000e+00) (0, 0, 0.00000000000000000000e+00) (0, 0, 0.00000000000000000000e+00) (0, 0, 0.00000000000000000000e+00) (7, 3, 5.00000000000000000000e-01) (7, 3, 5.00000000000000000000e-01) (7, 3, 5.00000000000000000000e-01) (7, 3, 5.00000000000000000000e-01) (0, 3, 0.00000000000000000000e+00) (5, 3, 5.00000000000000000000e-01) (5, 3, 5.00000000000000000000e-01) (5, 3, 5.00000000000000000000e-01) (5, 3, 5.00000000000000000000e-01) (0, 3, 0.00000000000000000000e+00) (5, 0, 5.00000000000000000000e-01) (0, 0, 0.00000000000000000000e+00) 
connections (connected_to_neuron, weight)=(0, 3.60453414916992187500e+00) (1, 2.86295938491821289062e+00) (2, -6.57351160049438476562e+00) (3, 1.69342368841171264648e-01) (4, 9.77017402648925781250e-01) (5, -7.93372678756713867188e+00) (6, 1.92536354064941406250e+00) (0, 4.31006222963333129883e-01) (1, -7.54175186157226562500e-01) (2, 1.25368249511718750000e+03) (3, 6.39178693294525146484e-01) (4, 5.28235855102539062500e+01) (5, 9.55007690429687500000e+02) (6, 6.95634424686431884766e-01) (0, 2.41312950849533081055e-01) (1, 1.07855844497680664062e+00) (2, -1.18833374977111816406e+00) (3, 3.98989796638488769531e-01) (4, 8.76487374305725097656e-01) (5, -1.35548174381256103516e+00) (6, 8.27894687652587890625e-01) (0, 3.75086851418018341064e-02) (1, 2.37785056233406066895e-01) (2, -2.97141700983047485352e-01) (3, 4.49266359210014343262e-02) (4, 3.64589244127273559570e-01) (5, -3.93901765346527099609e-01) (6, 1.08967220783233642578e+00) (7, 1.47443994140625000000e+03) (8, -9.59194152832031250000e+02) (9, -4.36519546508789062500e+01) (10, -6.46156738281250000000e+02) (11, -5.03702926635742187500e+00) (7, 1.63483589887619018555e-01) (8, -8.68080806732177734375e+00) (9, 9.28407382965087890625e+00) (10, 5.81227445602416992188e+00) (11, -5.91461062431335449219e-01) (7, 1.22867288589477539062e+01) (8, -1.04317319393157958984e+00) (9, -9.33997631072998046875e+00) (10, -8.48445320129394531250e+00) (11, 9.07221734523773193359e-01) (7, 6.37346625328063964844e-01) (8, -8.83809208869934082031e-01) (9, -1.89561080932617187500e+00) (10, -2.25342988967895507812e+00) (11, 6.32040977478027343750e-01) (12, 1.50000000000000000000e+03) (13, -1.00072458386421203613e-01) (14, -4.82184708118438720703e-01) (15, 1.26751708984375000000e+00) (16, 8.39461609721183776855e-02) 
