FANN_FLO_2.1
num_layers=4
learning_rate=0.500000
connection_rate=1.000000
network_type=0
learning_momentum=0.000000
training_algorithm=2
train_error_function=1
train_stop_function=0
cascade_output_change_fraction=0.010000
quickprop_decay=-0.000100
quickprop_mu=1.750000
rprop_increase_factor=1.200000
rprop_decrease_factor=0.500000
rprop_delta_min=0.000000
rprop_delta_max=50.000000
rprop_delta_zero=0.100000
cascade_output_stagnation_epochs=12
cascade_candidate_change_fraction=0.010000
cascade_candidate_stagnation_epochs=12
cascade_max_out_epochs=150
cascade_min_out_epochs=50
cascade_max_cand_epochs=150
cascade_min_cand_epochs=50
cascade_num_candidate_groups=2
bit_fail_limit=3.49999994039535522461e-01
cascade_candidate_limit=1.00000000000000000000e+03
cascade_weight_multiplier=4.00000005960464477539e-01
cascade_activation_functions_count=10
cascade_activation_functions=3 5 7 8 10 11 14 15 16 17 
cascade_activation_steepnesses_count=4
cascade_activation_steepnesses=2.50000000000000000000e-01 5.00000000000000000000e-01 7.50000000000000000000e-01 1.00000000000000000000e+00 
layer_sizes=4 5 5 2 
scale_included=0
neurons (num_inputs, activation_function, activation_steepness)=(0, 0, 0.00000000000000000000e+00) (0, 0, 0.00000000000000000000e+00) (0, 0, 0.00000000000000000000e+00) (0, 0, 0.00000000000000000000e+00) (4, 3, 5.00000000000000000000e-01) (4, 3, 5.00000000000000000000e-01) (4, 3, 5.00000000000000000000e-01) (4, 3, 5.00000000000000000000e-01) (0, 3, 0.00000000000000000000e+00) (5, 3, 5.00000000000000000000e-01) (5, 3, 5.00000000000000000000e-01) (5, 3, 5.00000000000000000000e-01) (5, 3, 5.00000000000000000000e-01) (0, 3, 0.00000000000000000000e+00) (5, 3, 5.00000000000000000000e-01) (0, 3, 0.00000000000000000000e+00) 
connections (connected_to_neuron, weight)=(0, 2.13471245765686035156e+00) (1, -5.88616790771484375000e+01) (2, 2.09953632354736328125e+01) (3, 3.03286314010620117188e+00) (0, -4.40301036834716796875e+00) (1, -1.80413513183593750000e+01) (2, 3.35933732986450195312e+00) (3, 5.46347618103027343750e+00) (0, -3.74047756195068359375e+00) (1, -1.57625026702880859375e+01) (2, 9.90694984793663024902e-02) (3, 6.47415113449096679688e+00) (0, 1.77616271972656250000e+01) (1, -5.91074981689453125000e+01) (2, 8.65232753753662109375e+00) (3, 3.07752108573913574219e+00) (4, -1.28951005935668945312e+01) (5, 9.32207393646240234375e+00) (6, 2.64022464752197265625e+01) (7, -6.74431467056274414062e+00) (8, -4.78481197357177734375e+00) (4, -1.15969972610473632812e+01) (5, 9.72624874114990234375e+00) (6, 2.17059478759765625000e+01) (7, -5.26726484298706054688e+00) (8, -4.17061090469360351562e+00) (4, -1.07720279693603515625e+01) (5, 9.68253040313720703125e+00) (6, 2.07651748657226562500e+01) (7, -5.62156867980957031250e+00) (8, -3.96478772163391113281e+00) (4, -1.12235918045043945312e+01) (5, 9.33225250244140625000e+00) (6, 2.29245872497558593750e+01) (7, -6.21370744705200195312e+00) (8, -4.12501239776611328125e+00) (9, -7.67928779125213623047e-01) (10, -1.45078265666961669922e+00) (11, -1.42167687416076660156e+00) (12, -7.35683798789978027344e-01) (13, 2.15196084976196289062e+00) 
