FANN_FLO_2.1
num_layers=3
learning_rate=0.500000
connection_rate=1.000000
network_type=0
learning_momentum=0.000000
training_algorithm=2
train_error_function=1
train_stop_function=0
cascade_output_change_fraction=0.010000
quickprop_decay=-0.000100
quickprop_mu=1.750000
rprop_increase_factor=1.200000
rprop_decrease_factor=0.500000
rprop_delta_min=0.000000
rprop_delta_max=50.000000
rprop_delta_zero=0.100000
cascade_output_stagnation_epochs=12
cascade_candidate_change_fraction=0.010000
cascade_candidate_stagnation_epochs=12
cascade_max_out_epochs=150
cascade_min_out_epochs=50
cascade_max_cand_epochs=150
cascade_min_cand_epochs=50
cascade_num_candidate_groups=2
bit_fail_limit=3.49999994039535522461e-01
cascade_candidate_limit=1.00000000000000000000e+03
cascade_weight_multiplier=4.00000005960464477539e-01
cascade_activation_functions_count=10
cascade_activation_functions=3 5 7 8 10 11 14 15 16 17 
cascade_activation_steepnesses_count=4
cascade_activation_steepnesses=2.50000000000000000000e-01 5.00000000000000000000e-01 7.50000000000000000000e-01 1.00000000000000000000e+00 
layer_sizes=3 9 4 
scale_included=0
neurons (num_inputs, activation_function, activation_steepness)=(0, 0, 0.00000000000000000000e+00) (0, 0, 0.00000000000000000000e+00) (0, 0, 0.00000000000000000000e+00) (3, 3, 5.00000000000000000000e-01) (3, 3, 5.00000000000000000000e-01) (3, 3, 5.00000000000000000000e-01) (3, 3, 5.00000000000000000000e-01) (3, 3, 5.00000000000000000000e-01) (3, 3, 5.00000000000000000000e-01) (3, 3, 5.00000000000000000000e-01) (3, 3, 5.00000000000000000000e-01) (0, 3, 0.00000000000000000000e+00) (9, 0, 5.00000000000000000000e-01) (9, 0, 5.00000000000000000000e-01) (9, 0, 5.00000000000000000000e-01) (0, 0, 0.00000000000000000000e+00) 
connections (connected_to_neuron, weight)=(0, -6.16387748718261718750e+00) (1, -1.59418061375617980957e-01) (2, 7.60289192199707031250e-01) (0, -3.00270748138427734375e+00) (1, 6.96639597415924072266e-01) (2, 1.27804052829742431641e+00) (0, -6.62362289428710937500e+00) (1, -2.52294063568115234375e+00) (2, 3.12400460243225097656e-01) (0, -3.53094005584716796875e+00) (1, 2.42961549758911132812e+00) (2, 1.20688033103942871094e+00) (0, -2.68306207656860351562e+00) (1, 5.17721891403198242188e-01) (2, 1.52437698841094970703e+00) (0, -1.60397779941558837891e+00) (1, -2.37158107757568359375e+00) (2, 3.44609200954437255859e-01) (0, -2.64421844482421875000e+00) (1, 4.32270956039428710938e+00) (2, 1.25295937061309814453e-01) (0, -6.82313823699951171875e+00) (1, 7.70763301849365234375e+00) (2, 7.81491613388061523438e+00) (3, 1.43908953666687011719e+00) (4, 9.60672259330749511719e-01) (5, 1.82981419563293457031e+00) (6, 8.81710827350616455078e-01) (7, 3.66613596677780151367e-01) (8, 2.57472681999206542969e+00) (9, 2.03404498100280761719e+00) (10, 1.23902045190334320068e-01) (11, 5.14570474624633789062e-01) (3, 3.08868503570556640625e+00) (4, 3.37430977821350097656e+00) (5, 3.60598754882812500000e+00) (6, 3.04980969429016113281e+00) (7, 2.67232155799865722656e+00) (8, 9.31315422058105468750e+00) (9, 3.99915957450866699219e+00) (10, 2.81807279586791992188e+00) (11, 2.24434638023376464844e+00) (3, 9.93061828613281250000e+00) (4, 9.80359458923339843750e+00) (5, 1.09164485931396484375e+01) (6, 1.01345357894897460938e+01) (7, 9.89522933959960937500e+00) (8, 3.03516235351562500000e+01) (9, 9.79042148590087890625e+00) (10, 1.19142599105834960938e+01) (11, 1.18761205673217773438e+01) 
