FANN_FLO_2.1
num_layers=4
learning_rate=0.450000
connection_rate=1.000000
network_type=0
learning_momentum=0.000000
training_algorithm=2
train_error_function=1
train_stop_function=0
cascade_output_change_fraction=0.010000
quickprop_decay=-0.000100
quickprop_mu=1.750000
rprop_increase_factor=1.200000
rprop_decrease_factor=0.500000
rprop_delta_min=0.000000
rprop_delta_max=50.000000
rprop_delta_zero=0.100000
cascade_output_stagnation_epochs=12
cascade_candidate_change_fraction=0.010000
cascade_candidate_stagnation_epochs=12
cascade_max_out_epochs=150
cascade_min_out_epochs=50
cascade_max_cand_epochs=150
cascade_min_cand_epochs=50
cascade_num_candidate_groups=2
bit_fail_limit=3.49999994039535522461e-01
cascade_candidate_limit=1.00000000000000000000e+03
cascade_weight_multiplier=4.00000005960464477539e-01
cascade_activation_functions_count=10
cascade_activation_functions=3 5 7 8 10 11 14 15 16 17 
cascade_activation_steepnesses_count=4
cascade_activation_steepnesses=2.50000000000000000000e-01 5.00000000000000000000e-01 7.50000000000000000000e-01 1.00000000000000000000e+00 
layer_sizes=7 3 3 2 
scale_included=0
neurons (num_inputs, activation_function, activation_steepness)=(0, 0, 0.00000000000000000000e+00) (0, 0, 0.00000000000000000000e+00) (0, 0, 0.00000000000000000000e+00) (0, 0, 0.00000000000000000000e+00) (0, 0, 0.00000000000000000000e+00) (0, 0, 0.00000000000000000000e+00) (0, 0, 0.00000000000000000000e+00) (7, 3, 5.00000000000000000000e-01) (7, 3, 5.00000000000000000000e-01) (0, 3, 0.00000000000000000000e+00) (3, 3, 5.00000000000000000000e-01) (3, 3, 5.00000000000000000000e-01) (0, 3, 0.00000000000000000000e+00) (3, 0, 5.00000000000000000000e-01) (0, 0, 0.00000000000000000000e+00) 
connections (connected_to_neuron, weight)=(0, -2.21796154975891113281e-01) (1, 4.58597868680953979492e-01) (2, -1.51587665081024169922e-01) (3, 9.03530418872833251953e-02) (4, 3.26189249753952026367e-01) (5, -4.03727084398269653320e-01) (6, 3.98425251245498657227e-01) (0, -8.15843224525451660156e-01) (1, -1.70735139399766921997e-02) (2, 2.32343181967735290527e-01) (3, -2.28207111358642578125e-01) (4, -4.79057371616363525391e-01) (5, -2.10919946432113647461e-01) (6, 2.89567680358886718750e+01) (7, -7.69204187393188476562e+00) (8, -1.26010424804687500000e+03) (9, 1.85985291004180908203e+00) (7, 1.00034093856811523438e+01) (8, 1.50413503646850585938e+01) (9, -4.52671432495117187500e+00) (10, -2.67205536365509033203e-01) (11, -5.42940683662891387939e-02) (12, 6.43340796232223510742e-02) 
