FANN_FLO_2.1
num_layers=4
learning_rate=0.300000
connection_rate=1.000000
network_type=0
learning_momentum=0.000000
training_algorithm=2
train_error_function=1
train_stop_function=0
cascade_output_change_fraction=0.010000
quickprop_decay=-0.000100
quickprop_mu=1.750000
rprop_increase_factor=1.200000
rprop_decrease_factor=0.500000
rprop_delta_min=0.000000
rprop_delta_max=50.000000
rprop_delta_zero=0.100000
cascade_output_stagnation_epochs=12
cascade_candidate_change_fraction=0.010000
cascade_candidate_stagnation_epochs=12
cascade_max_out_epochs=150
cascade_min_out_epochs=50
cascade_max_cand_epochs=150
cascade_min_cand_epochs=50
cascade_num_candidate_groups=2
bit_fail_limit=3.49999994039535522461e-01
cascade_candidate_limit=1.00000000000000000000e+03
cascade_weight_multiplier=4.00000005960464477539e-01
cascade_activation_functions_count=10
cascade_activation_functions=3 5 7 8 10 11 14 15 16 17 
cascade_activation_steepnesses_count=4
cascade_activation_steepnesses=2.50000000000000000000e-01 5.00000000000000000000e-01 7.50000000000000000000e-01 1.00000000000000000000e+00 
layer_sizes=2 5 5 3 
scale_included=0
neurons (num_inputs, activation_function, activation_steepness)=(0, 0, 0.00000000000000000000e+00) (0, 0, 0.00000000000000000000e+00) (2, 3, 5.00000000000000000000e-01) (2, 3, 5.00000000000000000000e-01) (2, 3, 5.00000000000000000000e-01) (2, 3, 5.00000000000000000000e-01) (0, 3, 0.00000000000000000000e+00) (5, 3, 5.00000000000000000000e-01) (5, 3, 5.00000000000000000000e-01) (5, 3, 5.00000000000000000000e-01) (5, 3, 5.00000000000000000000e-01) (0, 3, 0.00000000000000000000e+00) (5, 0, 5.00000000000000000000e-01) (5, 0, 5.00000000000000000000e-01) (0, 0, 0.00000000000000000000e+00) 
connections (connected_to_neuron, weight)=(0, -1.18992366790771484375e+01) (1, -1.47644269466400146484e+00) (0, -1.84639797210693359375e+01) (1, -1.19183130264282226562e+01) (0, -6.55128574371337890625e+00) (1, -1.45676910877227783203e+00) (0, -2.04258441925048828125e+01) (1, -1.35210266113281250000e+01) (2, 6.45799636840820312500e-01) (3, 6.91871285438537597656e-01) (4, 8.36891472339630126953e-01) (5, 7.61363565921783447266e-01) (6, -8.88878822326660156250e-01) (2, -7.74530112743377685547e-01) (3, 6.47044062614440917969e-01) (4, 1.60585522651672363281e-01) (5, 2.87413477897644042969e+00) (6, 3.38659584522247314453e-02) (2, -8.93013596534729003906e-01) (3, 7.32644140720367431641e-01) (4, -1.79032266139984130859e-01) (5, 1.29823517799377441406e+00) (6, 1.27964317798614501953e-01) (2, -7.56289530545473098755e-03) (3, 8.35092961788177490234e-01) (4, -1.97458863258361816406e-01) (5, 8.83089363574981689453e-01) (6, -7.34898030757904052734e-01) (7, 3.15104961395263671875e-01) (8, 4.81612347066402435303e-02) (9, 2.05476284027099609375e-02) (10, -2.65430603176355361938e-02) (11, -3.66248816251754760742e-01) (7, -5.46977698802947998047e-01) (8, -4.55353796482086181641e-01) (9, -4.95591074228286743164e-01) (10, -5.20212829113006591797e-01) (11, -4.33530837297439575195e-01) 
