FANN_FLO_2.1
num_layers=3
learning_rate=0.500000
connection_rate=1.000000
network_type=0
learning_momentum=0.000000
training_algorithm=2
train_error_function=1
train_stop_function=0
cascade_output_change_fraction=0.010000
quickprop_decay=-0.000100
quickprop_mu=1.750000
rprop_increase_factor=1.200000
rprop_decrease_factor=0.500000
rprop_delta_min=0.000000
rprop_delta_max=50.000000
rprop_delta_zero=0.100000
cascade_output_stagnation_epochs=12
cascade_candidate_change_fraction=0.010000
cascade_candidate_stagnation_epochs=12
cascade_max_out_epochs=150
cascade_min_out_epochs=50
cascade_max_cand_epochs=150
cascade_min_cand_epochs=50
cascade_num_candidate_groups=2
bit_fail_limit=3.49999994039535522461e-01
cascade_candidate_limit=1.00000000000000000000e+03
cascade_weight_multiplier=4.00000005960464477539e-01
cascade_activation_functions_count=10
cascade_activation_functions=3 5 7 8 10 11 14 15 16 17 
cascade_activation_steepnesses_count=4
cascade_activation_steepnesses=2.50000000000000000000e-01 5.00000000000000000000e-01 7.50000000000000000000e-01 1.00000000000000000000e+00 
layer_sizes=7 9 2 
scale_included=0
neurons (num_inputs, activation_function, activation_steepness)=(0, 0, 0.00000000000000000000e+00) (0, 0, 0.00000000000000000000e+00) (0, 0, 0.00000000000000000000e+00) (0, 0, 0.00000000000000000000e+00) (0, 0, 0.00000000000000000000e+00) (0, 0, 0.00000000000000000000e+00) (0, 0, 0.00000000000000000000e+00) (7, 3, 5.00000000000000000000e-01) (7, 3, 5.00000000000000000000e-01) (7, 3, 5.00000000000000000000e-01) (7, 3, 5.00000000000000000000e-01) (7, 3, 5.00000000000000000000e-01) (7, 3, 5.00000000000000000000e-01) (7, 3, 5.00000000000000000000e-01) (7, 3, 5.00000000000000000000e-01) (0, 3, 0.00000000000000000000e+00) (9, 0, 5.00000000000000000000e-01) (0, 0, 0.00000000000000000000e+00) 
connections (connected_to_neuron, weight)=(0, -3.51251101493835449219e+00) (1, -3.79732102155685424805e-01) (2, 4.72794103622436523438e+00) (3, -2.87505674362182617188e+00) (4, -3.96714663505554199219e+00) (5, 5.62738895416259765625e+00) (6, -4.04889202117919921875e+00) (0, -6.42502546310424804688e-01) (1, -1.72885310649871826172e+00) (2, 1.29525947570800781250e+00) (3, -7.71885573863983154297e-01) (4, -7.82922387123107910156e-01) (5, 9.58655476570129394531e-01) (6, -1.29336878657341003418e-01) (0, -3.70853972434997558594e+00) (1, -1.28784322738647460938e+00) (2, 5.14740753173828125000e+00) (3, -2.31968045234680175781e+00) (4, 1.29853880405426025391e+00) (5, 1.20420432090759277344e+00) (6, -3.97027993202209472656e+00) (0, -9.95837569236755371094e-01) (1, 6.46346509456634521484e-01) (2, -4.85427141189575195312e-01) (3, 3.42387370765209197998e-02) (4, -8.12442839145660400391e-01) (5, -8.55365931987762451172e-01) (6, -1.26738834381103515625e+00) (0, -1.57539951801300048828e+00) (1, -4.49485893249511718750e+01) (2, 4.46229124069213867188e+00) (3, -1.34412014484405517578e+00) (4, -1.42006087303161621094e+00) (5, 4.80423069000244140625e+00) (6, -9.55051004886627197266e-01) (0, 6.82400241494178771973e-02) (1, -3.73197346925735473633e-01) (2, 7.37186908721923828125e-01) (3, -4.06890928745269775391e-01) (4, 2.43574333190917968750e+00) (5, 5.34383296966552734375e-01) (6, 1.82051640003919601440e-02) (0, -3.97967004776000976562e+00) (1, -7.02791333198547363281e-01) (2, 3.53005886077880859375e-01) (3, -1.06614904403686523438e+01) (4, -2.67395853996276855469e-01) (5, -1.67480036616325378418e-02) (6, -5.55934309959411621094e-01) (0, -5.52425861358642578125e+00) (1, -1.35931053161621093750e+01) (2, 1.94383468627929687500e+01) (3, -1.03367137908935546875e+01) (4, -2.84484410285949707031e+00) (5, 9.90772151947021484375e+00) (6, -1.39814603328704833984e+00) (7, 8.57669067382812500000e+00) (8, 1.49577856063842773438e+00) (9, 1.59334480762481689453e+00) (10, -6.73960566520690917969e-01) (11, -1.50000000000000000000e+03) (12, -5.74704036116600036621e-02) (13, 7.28763183593750000000e+02) (14, -5.04886550903320312500e+01) (15, 7.14937597513198852539e-02) 
