FANN_FLO_2.1
num_layers=3
learning_rate=0.500000
connection_rate=1.000000
network_type=0
learning_momentum=0.000000
training_algorithm=2
train_error_function=1
train_stop_function=0
cascade_output_change_fraction=0.010000
quickprop_decay=-0.000100
quickprop_mu=1.750000
rprop_increase_factor=1.200000
rprop_decrease_factor=0.500000
rprop_delta_min=0.000000
rprop_delta_max=50.000000
rprop_delta_zero=0.100000
cascade_output_stagnation_epochs=12
cascade_candidate_change_fraction=0.010000
cascade_candidate_stagnation_epochs=12
cascade_max_out_epochs=150
cascade_min_out_epochs=50
cascade_max_cand_epochs=150
cascade_min_cand_epochs=50
cascade_num_candidate_groups=2
bit_fail_limit=3.49999994039535522461e-01
cascade_candidate_limit=1.00000000000000000000e+03
cascade_weight_multiplier=4.00000005960464477539e-01
cascade_activation_functions_count=10
cascade_activation_functions=3 5 7 8 10 11 14 15 16 17 
cascade_activation_steepnesses_count=4
cascade_activation_steepnesses=2.50000000000000000000e-01 5.00000000000000000000e-01 7.50000000000000000000e-01 1.00000000000000000000e+00 
layer_sizes=10 5 2 
scale_included=0
neurons (num_inputs, activation_function, activation_steepness)=(0, 0, 0.00000000000000000000e+00) (0, 0, 0.00000000000000000000e+00) (0, 0, 0.00000000000000000000e+00) (0, 0, 0.00000000000000000000e+00) (0, 0, 0.00000000000000000000e+00) (0, 0, 0.00000000000000000000e+00) (0, 0, 0.00000000000000000000e+00) (0, 0, 0.00000000000000000000e+00) (0, 0, 0.00000000000000000000e+00) (0, 0, 0.00000000000000000000e+00) (10, 3, 5.00000000000000000000e-01) (10, 3, 5.00000000000000000000e-01) (10, 3, 5.00000000000000000000e-01) (10, 3, 5.00000000000000000000e-01) (0, 3, 0.00000000000000000000e+00) (5, 3, 5.00000000000000000000e-01) (0, 3, 0.00000000000000000000e+00) 
connections (connected_to_neuron, weight)=(0, -2.21060961484909057617e-01) (1, -1.36992260813713073730e-01) (2, -2.62829512357711791992e-01) (3, -3.41532260179519653320e-01) (4, -2.91091680526733398438e-01) (5, -2.03407943248748779297e-01) (6, -5.77262401580810546875e-01) (7, -3.85478317737579345703e-01) (8, -5.02398073673248291016e-01) (9, 5.77448606491088867188e-01) (0, -3.14423233270645141602e-01) (1, -6.26093506813049316406e-01) (2, -2.33400225639343261719e-01) (3, -1.17498159408569335938e-01) (4, -6.74899637699127197266e-01) (5, -3.31650674343109130859e-01) (6, -2.38198667764663696289e-01) (7, -2.00869143009185791016e-01) (8, -6.26324862241744995117e-02) (9, 5.11264383792877197266e-01) (0, 7.20363557338714599609e-01) (1, 5.32743871212005615234e-01) (2, 7.68988311290740966797e-01) (3, 4.98494744300842285156e-01) (4, -6.32060179486870765686e-03) (5, 4.81619954109191894531e-01) (6, 5.88817358016967773438e-01) (7, 2.99663662910461425781e-01) (8, 2.94524848461151123047e-01) (9, -1.90480399131774902344e+00) (0, -1.74055770039558410645e-01) (1, -2.05988854169845581055e-01) (2, -1.55850470066070556641e-01) (3, -4.14025872945785522461e-01) (4, -5.29760122299194335938e-01) (5, -4.01174783706665039062e-01) (6, -1.40942977741360664368e-02) (7, -5.19962310791015625000e-01) (8, -5.43345808982849121094e-01) (9, 5.45169055461883544922e-01) (10, -1.42738163471221923828e+00) (11, -1.14510512351989746094e+00) (12, 1.51199316978454589844e+00) (13, -1.81965160369873046875e+00) (14, 4.53571587800979614258e-01) 
