FANN_FLO_2.1
num_layers=4
learning_rate=0.500000
connection_rate=1.000000
network_type=0
learning_momentum=0.000000
training_algorithm=2
train_error_function=1
train_stop_function=0
cascade_output_change_fraction=0.010000
quickprop_decay=-0.000100
quickprop_mu=1.750000
rprop_increase_factor=1.200000
rprop_decrease_factor=0.500000
rprop_delta_min=0.000000
rprop_delta_max=50.000000
rprop_delta_zero=0.100000
cascade_output_stagnation_epochs=12
cascade_candidate_change_fraction=0.010000
cascade_candidate_stagnation_epochs=12
cascade_max_out_epochs=150
cascade_min_out_epochs=50
cascade_max_cand_epochs=150
cascade_min_cand_epochs=50
cascade_num_candidate_groups=2
bit_fail_limit=3.49999994039535522461e-01
cascade_candidate_limit=1.00000000000000000000e+03
cascade_weight_multiplier=4.00000005960464477539e-01
cascade_activation_functions_count=10
cascade_activation_functions=3 5 7 8 10 11 14 15 16 17 
cascade_activation_steepnesses_count=4
cascade_activation_steepnesses=2.50000000000000000000e-01 5.00000000000000000000e-01 7.50000000000000000000e-01 1.00000000000000000000e+00 
layer_sizes=4 5 5 2 
scale_included=0
neurons (num_inputs, activation_function, activation_steepness)=(0, 0, 0.00000000000000000000e+00) (0, 0, 0.00000000000000000000e+00) (0, 0, 0.00000000000000000000e+00) (0, 0, 0.00000000000000000000e+00) (4, 3, 5.00000000000000000000e-01) (4, 3, 5.00000000000000000000e-01) (4, 3, 5.00000000000000000000e-01) (4, 3, 5.00000000000000000000e-01) (0, 3, 0.00000000000000000000e+00) (5, 3, 5.00000000000000000000e-01) (5, 3, 5.00000000000000000000e-01) (5, 3, 5.00000000000000000000e-01) (5, 3, 5.00000000000000000000e-01) (0, 3, 0.00000000000000000000e+00) (5, 3, 5.00000000000000000000e-01) (0, 3, 0.00000000000000000000e+00) 
connections (connected_to_neuron, weight)=(0, 1.15758538246154785156e+00) (1, -2.14128189086914062500e+01) (2, 8.41900482177734375000e+01) (3, -2.58492141962051391602e-01) (0, 1.66221237182617187500e+00) (1, -1.07687864303588867188e+01) (2, 1.32566738128662109375e+01) (3, -4.96249556541442871094e-01) (0, -3.83484125137329101562e-01) (1, -1.58975477218627929688e+01) (2, 2.54210829734802246094e+00) (3, 4.07065296173095703125e+00) (0, -3.92292451858520507812e+00) (1, -1.15237176418304443359e+00) (2, 1.51574492454528808594e+00) (3, 1.34701037406921386719e+00) (4, -3.25361657142639160156e+00) (5, -1.00922365188598632812e+01) (6, 1.38362026214599609375e+01) (7, 3.14034385681152343750e+01) (8, -7.64211535453796386719e-01) (4, -2.74172711372375488281e+00) (5, -1.13950023651123046875e+01) (6, 1.16001014709472656250e+01) (7, 3.70306396484375000000e+01) (8, -1.21953308582305908203e+00) (4, -3.14169263839721679688e+00) (5, -1.11669607162475585938e+01) (6, 1.24439926147460937500e+01) (7, 3.64802856445312500000e+01) (8, -1.04852688312530517578e+00) (4, -3.95007109642028808594e+00) (5, -9.00860595703125000000e+00) (6, 1.12552547454833984375e+01) (7, 3.07598648071289062500e+01) (8, -4.97222878038883209229e-02) (9, -1.05283021926879882812e+00) (10, -1.52522563934326171875e+00) (11, -2.09439849853515625000e+00) (12, -2.95871254056692123413e-02) (13, 2.43025255203247070312e+00) 
