FANN_FLO_2.1
num_layers=3
learning_rate=0.500000
connection_rate=1.000000
network_type=0
learning_momentum=0.000000
training_algorithm=2
train_error_function=1
train_stop_function=0
cascade_output_change_fraction=0.010000
quickprop_decay=-0.000100
quickprop_mu=1.750000
rprop_increase_factor=1.200000
rprop_decrease_factor=0.500000
rprop_delta_min=0.000000
rprop_delta_max=50.000000
rprop_delta_zero=0.100000
cascade_output_stagnation_epochs=12
cascade_candidate_change_fraction=0.010000
cascade_candidate_stagnation_epochs=12
cascade_max_out_epochs=150
cascade_min_out_epochs=50
cascade_max_cand_epochs=150
cascade_min_cand_epochs=50
cascade_num_candidate_groups=2
bit_fail_limit=3.49999994039535522461e-01
cascade_candidate_limit=1.00000000000000000000e+03
cascade_weight_multiplier=4.00000005960464477539e-01
cascade_activation_functions_count=10
cascade_activation_functions=3 5 7 8 10 11 14 15 16 17 
cascade_activation_steepnesses_count=4
cascade_activation_steepnesses=2.50000000000000000000e-01 5.00000000000000000000e-01 7.50000000000000000000e-01 1.00000000000000000000e+00 
layer_sizes=3 9 4 
scale_included=0
neurons (num_inputs, activation_function, activation_steepness)=(0, 0, 0.00000000000000000000e+00) (0, 0, 0.00000000000000000000e+00) (0, 0, 0.00000000000000000000e+00) (3, 3, 5.00000000000000000000e-01) (3, 3, 5.00000000000000000000e-01) (3, 3, 5.00000000000000000000e-01) (3, 3, 5.00000000000000000000e-01) (3, 3, 5.00000000000000000000e-01) (3, 3, 5.00000000000000000000e-01) (3, 3, 5.00000000000000000000e-01) (3, 3, 5.00000000000000000000e-01) (0, 3, 0.00000000000000000000e+00) (9, 0, 5.00000000000000000000e-01) (9, 0, 5.00000000000000000000e-01) (9, 0, 5.00000000000000000000e-01) (0, 0, 0.00000000000000000000e+00) 
connections (connected_to_neuron, weight)=(0, -3.65864372253417968750e+00) (1, 1.56928330659866333008e-01) (2, 9.40644204616546630859e-01) (0, -6.74391698837280273438e+00) (1, 5.03147888183593750000e+00) (2, 5.24188280105590820312e+00) (0, -1.75856399536132812500e+00) (1, -4.45020484924316406250e+00) (2, 4.72584336996078491211e-01) (0, -4.23615026473999023438e+00) (1, -1.78446257114410400391e+00) (2, 8.44944417476654052734e-01) (0, -4.14234590530395507812e+00) (1, 5.86093854904174804688e+00) (2, 3.46568393707275390625e+00) (0, -4.38927698135375976562e+00) (1, 3.20611763000488281250e+00) (2, 7.64281415939331054688e+00) (0, -3.43280315399169921875e+00) (1, -3.39335012435913085938e+00) (2, 8.87267708778381347656e-01) (0, -3.95145320892333984375e+00) (1, 2.12731933593750000000e+00) (2, 1.11339068412780761719e+00) (3, 1.82019925117492675781e+00) (4, 7.69510090351104736328e-01) (5, 1.45654642581939697266e+00) (6, 1.59075295925140380859e+00) (7, 6.08227908611297607422e-01) (8, 5.23707628250122070312e-01) (9, 1.80176448822021484375e+00) (10, 1.95380127429962158203e+00) (11, 4.84849393367767333984e-01) (3, 6.02840614318847656250e+00) (4, 3.22214031219482421875e+00) (5, 5.20980262756347656250e+00) (6, 3.85605430603027343750e+00) (7, 2.71433234214782714844e+00) (8, 2.16477823257446289062e+00) (9, 4.35455989837646484375e+00) (10, 5.02669048309326171875e+00) (11, 1.86552906036376953125e+00) (3, 1.92815837860107421875e+01) (4, 9.31305789947509765625e+00) (5, 1.79793357849121093750e+01) (6, 1.28195219039916992188e+01) (7, 9.29071140289306640625e+00) (8, 9.23934268951416015625e+00) (9, 1.29495820999145507812e+01) (10, 1.53189029693603515625e+01) (11, 9.83391475677490234375e+00) 
