FANN_FLO_2.1
num_layers=3
learning_rate=0.400000
connection_rate=1.000000
network_type=0
learning_momentum=0.000000
training_algorithm=2
train_error_function=1
train_stop_function=0
cascade_output_change_fraction=0.010000
quickprop_decay=-0.000100
quickprop_mu=1.750000
rprop_increase_factor=1.200000
rprop_decrease_factor=0.500000
rprop_delta_min=0.000000
rprop_delta_max=50.000000
rprop_delta_zero=0.100000
cascade_output_stagnation_epochs=12
cascade_candidate_change_fraction=0.010000
cascade_candidate_stagnation_epochs=12
cascade_max_out_epochs=150
cascade_min_out_epochs=50
cascade_max_cand_epochs=150
cascade_min_cand_epochs=50
cascade_num_candidate_groups=2
bit_fail_limit=3.49999994039535522461e-01
cascade_candidate_limit=1.00000000000000000000e+03
cascade_weight_multiplier=4.00000005960464477539e-01
cascade_activation_functions_count=10
cascade_activation_functions=3 5 7 8 10 11 14 15 16 17 
cascade_activation_steepnesses_count=4
cascade_activation_steepnesses=2.50000000000000000000e-01 5.00000000000000000000e-01 7.50000000000000000000e-01 1.00000000000000000000e+00 
layer_sizes=10 3 2 
scale_included=0
neurons (num_inputs, activation_function, activation_steepness)=(0, 0, 0.00000000000000000000e+00) (0, 0, 0.00000000000000000000e+00) (0, 0, 0.00000000000000000000e+00) (0, 0, 0.00000000000000000000e+00) (0, 0, 0.00000000000000000000e+00) (0, 0, 0.00000000000000000000e+00) (0, 0, 0.00000000000000000000e+00) (0, 0, 0.00000000000000000000e+00) (0, 0, 0.00000000000000000000e+00) (0, 0, 0.00000000000000000000e+00) (10, 3, 5.00000000000000000000e-01) (10, 3, 5.00000000000000000000e-01) (0, 3, 0.00000000000000000000e+00) (3, 3, 5.00000000000000000000e-01) (0, 3, 0.00000000000000000000e+00) 
connections (connected_to_neuron, weight)=(0, 1.63622319698333740234e-01) (1, 1.15764021873474121094e-01) (2, 2.12782919406890869141e-02) (3, 8.03766548633575439453e-02) (4, 4.83352616429328918457e-02) (5, 1.60199761390686035156e-01) (6, 4.80966791510581970215e-02) (7, 1.39137536287307739258e-01) (8, 6.40322715044021606445e-02) (9, 1.30643472075462341309e-01) (0, -8.03745910525321960449e-02) (1, -1.73044413328170776367e-01) (2, -1.78932890295982360840e-01) (3, -1.62015303969383239746e-01) (4, -1.30611896514892578125e-01) (5, -1.58936560153961181641e-01) (6, -8.68551060557365417480e-02) (7, -1.16043329238891601562e-01) (8, -1.52275413274765014648e-01) (9, -1.32320284843444824219e-01) (10, -1.81527987122535705566e-01) (11, -4.15078327059745788574e-02) (12, -5.39717599749565124512e-02) 
