FANN_FLO_2.1
num_layers=3
learning_rate=0.400000
connection_rate=1.000000
network_type=0
learning_momentum=0.000000
training_algorithm=2
train_error_function=1
train_stop_function=0
cascade_output_change_fraction=0.010000
quickprop_decay=-0.000100
quickprop_mu=1.750000
rprop_increase_factor=1.200000
rprop_decrease_factor=0.500000
rprop_delta_min=0.000000
rprop_delta_max=50.000000
rprop_delta_zero=0.100000
cascade_output_stagnation_epochs=12
cascade_candidate_change_fraction=0.010000
cascade_candidate_stagnation_epochs=12
cascade_max_out_epochs=150
cascade_min_out_epochs=50
cascade_max_cand_epochs=150
cascade_min_cand_epochs=50
cascade_num_candidate_groups=2
bit_fail_limit=3.49999994039535522461e-01
cascade_candidate_limit=1.00000000000000000000e+03
cascade_weight_multiplier=4.00000005960464477539e-01
cascade_activation_functions_count=10
cascade_activation_functions=3 5 7 8 10 11 14 15 16 17 
cascade_activation_steepnesses_count=4
cascade_activation_steepnesses=2.50000000000000000000e-01 5.00000000000000000000e-01 7.50000000000000000000e-01 1.00000000000000000000e+00 
layer_sizes=6 5 2 
scale_included=0
neurons (num_inputs, activation_function, activation_steepness)=(0, 0, 0.00000000000000000000e+00) (0, 0, 0.00000000000000000000e+00) (0, 0, 0.00000000000000000000e+00) (0, 0, 0.00000000000000000000e+00) (0, 0, 0.00000000000000000000e+00) (0, 0, 0.00000000000000000000e+00) (6, 3, 5.00000000000000000000e-01) (6, 3, 5.00000000000000000000e-01) (6, 3, 5.00000000000000000000e-01) (6, 3, 5.00000000000000000000e-01) (0, 3, 0.00000000000000000000e+00) (5, 0, 5.00000000000000000000e-01) (0, 0, 0.00000000000000000000e+00) 
connections (connected_to_neuron, weight)=(0, -1.50000000000000000000e+03) (1, -1.50000000000000000000e+03) (2, 1.63278686523437500000e+02) (3, -1.17054092407226562500e+02) (4, -2.37362747192382812500e+02) (5, 1.67571291327476501465e-01) (0, -1.50000000000000000000e+03) (1, -1.50000000000000000000e+03) (2, 2.92172393798828125000e+02) (3, -8.07835693359375000000e+01) (4, 5.12985115051269531250e+01) (5, -4.66110229492187500000e-01) (0, -1.50000000000000000000e+03) (1, -1.50000000000000000000e+03) (2, 6.50074310302734375000e+01) (3, -9.69315147399902343750e+00) (4, 4.23574371337890625000e+01) (5, -5.33413887023925781250e+00) (0, -1.50000000000000000000e+03) (1, -1.50000000000000000000e+03) (2, 1.29767333984375000000e+02) (3, -1.35878204345703125000e+02) (4, -1.86120620727539062500e+02) (5, -2.77195096015930175781e+00) (6, 1.01467857360839843750e+01) (7, 1.46188056468963623047e+00) (8, 5.31569623947143554688e+00) (9, 8.98034477233886718750e+00) (10, 8.28749954700469970703e-01) 
