FANN_FLO_2.1
num_layers=3
learning_rate=0.400000
connection_rate=1.000000
network_type=0
learning_momentum=0.000000
training_algorithm=2
train_error_function=1
train_stop_function=0
cascade_output_change_fraction=0.010000
quickprop_decay=-0.000100
quickprop_mu=1.750000
rprop_increase_factor=1.200000
rprop_decrease_factor=0.500000
rprop_delta_min=0.000000
rprop_delta_max=50.000000
rprop_delta_zero=0.100000
cascade_output_stagnation_epochs=12
cascade_candidate_change_fraction=0.010000
cascade_candidate_stagnation_epochs=12
cascade_max_out_epochs=150
cascade_min_out_epochs=50
cascade_max_cand_epochs=150
cascade_min_cand_epochs=50
cascade_num_candidate_groups=2
bit_fail_limit=3.49999994039535522461e-01
cascade_candidate_limit=1.00000000000000000000e+03
cascade_weight_multiplier=4.00000005960464477539e-01
cascade_activation_functions_count=10
cascade_activation_functions=3 5 7 8 10 11 14 15 16 17 
cascade_activation_steepnesses_count=4
cascade_activation_steepnesses=2.50000000000000000000e-01 5.00000000000000000000e-01 7.50000000000000000000e-01 1.00000000000000000000e+00 
layer_sizes=10 3 2 
scale_included=0
neurons (num_inputs, activation_function, activation_steepness)=(0, 0, 0.00000000000000000000e+00) (0, 0, 0.00000000000000000000e+00) (0, 0, 0.00000000000000000000e+00) (0, 0, 0.00000000000000000000e+00) (0, 0, 0.00000000000000000000e+00) (0, 0, 0.00000000000000000000e+00) (0, 0, 0.00000000000000000000e+00) (0, 0, 0.00000000000000000000e+00) (0, 0, 0.00000000000000000000e+00) (0, 0, 0.00000000000000000000e+00) (10, 3, 5.00000000000000000000e-01) (10, 3, 5.00000000000000000000e-01) (0, 3, 0.00000000000000000000e+00) (3, 3, 5.00000000000000000000e-01) (0, 3, 0.00000000000000000000e+00) 
connections (connected_to_neuron, weight)=(0, -7.15664699673652648926e-02) (1, -5.51781430840492248535e-02) (2, -7.65938088297843933105e-02) (3, -2.03060045838356018066e-01) (4, -1.83562055230140686035e-01) (5, -2.04512059688568115234e-01) (6, -8.34127739071846008301e-02) (7, -1.17256179451942443848e-01) (8, -2.24430486559867858887e-02) (9, -1.28471300005912780762e-01) (0, 5.95446154475212097168e-02) (1, 3.73028814792633056641e-02) (2, 2.12906479835510253906e-01) (3, 9.67976152896881103516e-02) (4, 6.53986334800720214844e-02) (5, 6.01819641888141632080e-02) (6, 8.50684568285942077637e-02) (7, 6.15504421293735504150e-02) (8, 1.17595478892326354980e-01) (9, 1.41853898763656616211e-01) (10, -6.05235770344734191895e-02) (11, -1.53507888317108154297e-01) (12, -2.15489014983177185059e-01) 
