FANN_FLO_2.1
num_layers=3
learning_rate=0.500000
connection_rate=1.000000
network_type=0
learning_momentum=0.000000
training_algorithm=2
train_error_function=1
train_stop_function=0
cascade_output_change_fraction=0.010000
quickprop_decay=-0.000100
quickprop_mu=1.750000
rprop_increase_factor=1.200000
rprop_decrease_factor=0.500000
rprop_delta_min=0.000000
rprop_delta_max=50.000000
rprop_delta_zero=0.100000
cascade_output_stagnation_epochs=12
cascade_candidate_change_fraction=0.010000
cascade_candidate_stagnation_epochs=12
cascade_max_out_epochs=150
cascade_min_out_epochs=50
cascade_max_cand_epochs=150
cascade_min_cand_epochs=50
cascade_num_candidate_groups=2
bit_fail_limit=3.49999994039535522461e-01
cascade_candidate_limit=1.00000000000000000000e+03
cascade_weight_multiplier=4.00000005960464477539e-01
cascade_activation_functions_count=10
cascade_activation_functions=3 5 7 8 10 11 14 15 16 17 
cascade_activation_steepnesses_count=4
cascade_activation_steepnesses=2.50000000000000000000e-01 5.00000000000000000000e-01 7.50000000000000000000e-01 1.00000000000000000000e+00 
layer_sizes=7 9 2 
scale_included=0
neurons (num_inputs, activation_function, activation_steepness)=(0, 0, 0.00000000000000000000e+00) (0, 0, 0.00000000000000000000e+00) (0, 0, 0.00000000000000000000e+00) (0, 0, 0.00000000000000000000e+00) (0, 0, 0.00000000000000000000e+00) (0, 0, 0.00000000000000000000e+00) (0, 0, 0.00000000000000000000e+00) (7, 3, 5.00000000000000000000e-01) (7, 3, 5.00000000000000000000e-01) (7, 3, 5.00000000000000000000e-01) (7, 3, 5.00000000000000000000e-01) (7, 3, 5.00000000000000000000e-01) (7, 3, 5.00000000000000000000e-01) (7, 3, 5.00000000000000000000e-01) (7, 3, 5.00000000000000000000e-01) (0, 3, 0.00000000000000000000e+00) (9, 0, 5.00000000000000000000e-01) (0, 0, 0.00000000000000000000e+00) 
connections (connected_to_neuron, weight)=(0, -8.50176632404327392578e-01) (1, -8.18933471679687500000e+02) (2, -1.57473258972167968750e+01) (3, -1.50000000000000000000e+03) (4, -9.90773856639862060547e-01) (5, -7.36540031433105468750e+00) (6, -7.15339660644531250000e-01) (0, -2.49570950865745544434e-01) (1, -7.32765614986419677734e-01) (2, 9.76194858551025390625e-01) (3, -3.49281102418899536133e-01) (4, -8.84637176990509033203e-01) (5, 1.19205176830291748047e+00) (6, -2.03190112113952636719e+00) (0, 1.62515963893383741379e-03) (1, -9.75744485855102539062e-01) (2, 1.02943885326385498047e+00) (3, -2.73210883140563964844e-01) (4, -3.15119266510009765625e-01) (5, 5.74977457523345947266e-01) (6, -1.51960420608520507812e+00) (0, -9.63483810424804687500e-01) (1, -1.38008752441406250000e+03) (2, -3.16639351844787597656e+00) (3, -1.50000000000000000000e+03) (4, -1.19570255279541015625e+00) (5, -3.72834372520446777344e+00) (6, -1.58310174942016601562e-01) (0, 2.83609981536865234375e+01) (1, 1.48524096679687500000e+03) (2, 1.28415317535400390625e+01) (3, 1.50000000000000000000e+03) (4, 3.58212232589721679688e+00) (5, 6.70069074630737304688e+00) (6, 4.79037314653396606445e-01) (0, 6.80596590042114257812e-01) (1, -4.55128222703933715820e-01) (2, -3.19562511444091796875e+01) (3, -8.47018584609031677246e-02) (4, -6.41871094703674316406e-01) (5, 5.49344606697559356689e-02) (6, -7.54332423210144042969e-01) (0, -1.75516217947006225586e-01) (1, -1.37301295995712280273e-01) (2, 2.00965389609336853027e-01) (3, -3.73571775853633880615e-02) (4, -6.83797299861907958984e-02) (5, 1.72096341848373413086e-01) (6, -3.13109874725341796875e-01) (0, -4.52046966552734375000e+01) (1, -1.38079943847656250000e+03) (2, -2.19092864990234375000e+01) (3, -1.50000000000000000000e+03) (4, -1.85276544094085693359e+00) (5, -5.72044334411621093750e+01) (6, -6.84147238731384277344e-01) (7, 1.50000000000000000000e+03) (8, 3.16858124732971191406e+00) (9, -2.80789643526077270508e-01) (10, 1.50000000000000000000e+03) (11, -4.79727461934089660645e-02) (12, -1.44968638196587562561e-02) (13, -5.67382089793682098389e-02) (14, 1.50000000000000000000e+03) (15, 6.33297860622406005859e-02) 
