FANN_FLO_2.1
num_layers=4
learning_rate=0.300000
connection_rate=1.000000
network_type=0
learning_momentum=0.000000
training_algorithm=2
train_error_function=1
train_stop_function=0
cascade_output_change_fraction=0.010000
quickprop_decay=-0.000100
quickprop_mu=1.750000
rprop_increase_factor=1.200000
rprop_decrease_factor=0.500000
rprop_delta_min=0.000000
rprop_delta_max=50.000000
rprop_delta_zero=0.100000
cascade_output_stagnation_epochs=12
cascade_candidate_change_fraction=0.010000
cascade_candidate_stagnation_epochs=12
cascade_max_out_epochs=150
cascade_min_out_epochs=50
cascade_max_cand_epochs=150
cascade_min_cand_epochs=50
cascade_num_candidate_groups=2
bit_fail_limit=3.49999994039535522461e-01
cascade_candidate_limit=1.00000000000000000000e+03
cascade_weight_multiplier=4.00000005960464477539e-01
cascade_activation_functions_count=10
cascade_activation_functions=3 5 7 8 10 11 14 15 16 17 
cascade_activation_steepnesses_count=4
cascade_activation_steepnesses=2.50000000000000000000e-01 5.00000000000000000000e-01 7.50000000000000000000e-01 1.00000000000000000000e+00 
layer_sizes=2 5 3 3 
scale_included=0
neurons (num_inputs, activation_function, activation_steepness)=(0, 0, 0.00000000000000000000e+00) (0, 0, 0.00000000000000000000e+00) (2, 3, 5.00000000000000000000e-01) (2, 3, 5.00000000000000000000e-01) (2, 3, 5.00000000000000000000e-01) (2, 3, 5.00000000000000000000e-01) (0, 3, 0.00000000000000000000e+00) (5, 3, 5.00000000000000000000e-01) (5, 3, 5.00000000000000000000e-01) (0, 3, 0.00000000000000000000e+00) (3, 0, 5.00000000000000000000e-01) (3, 0, 5.00000000000000000000e-01) (0, 0, 0.00000000000000000000e+00) 
connections (connected_to_neuron, weight)=(0, -1.50000000000000000000e+03) (1, -5.14520835876464843750e+00) (0, -1.50000000000000000000e+03) (1, -1.33407735824584960938e+01) (0, -1.50000000000000000000e+03) (1, -1.45554008483886718750e+01) (0, -1.50000000000000000000e+03) (1, -4.37499761581420898438e+00) (2, 2.61018544435501098633e-01) (3, 1.08216404914855957031e+00) (4, 1.01917612552642822266e+00) (5, 1.08394765853881835938e+00) (6, -2.61124372482299804688e+00) (2, 9.51380252838134765625e-01) (3, 1.56720232963562011719e+00) (4, 3.20149922370910644531e+00) (5, 2.23136568069458007812e+00) (6, 3.81576031446456909180e-01) (7, 2.68929749727249145508e-01) (8, -4.01128977537155151367e-02) (9, -1.48273542523384094238e-01) (7, -1.12229311466217041016e+00) (8, -8.02678585052490234375e-01) (9, -7.01543033123016357422e-01) 
