FANN_FLO_2.1
num_layers=3
learning_rate=0.400000
connection_rate=1.000000
network_type=0
learning_momentum=0.000000
training_algorithm=2
train_error_function=1
train_stop_function=0
cascade_output_change_fraction=0.010000
quickprop_decay=-0.000100
quickprop_mu=1.750000
rprop_increase_factor=1.200000
rprop_decrease_factor=0.500000
rprop_delta_min=0.000000
rprop_delta_max=50.000000
rprop_delta_zero=0.100000
cascade_output_stagnation_epochs=12
cascade_candidate_change_fraction=0.010000
cascade_candidate_stagnation_epochs=12
cascade_max_out_epochs=150
cascade_min_out_epochs=50
cascade_max_cand_epochs=150
cascade_min_cand_epochs=50
cascade_num_candidate_groups=2
bit_fail_limit=3.49999994039535522461e-01
cascade_candidate_limit=1.00000000000000000000e+03
cascade_weight_multiplier=4.00000005960464477539e-01
cascade_activation_functions_count=10
cascade_activation_functions=3 5 7 8 10 11 14 15 16 17 
cascade_activation_steepnesses_count=4
cascade_activation_steepnesses=2.50000000000000000000e-01 5.00000000000000000000e-01 7.50000000000000000000e-01 1.00000000000000000000e+00 
layer_sizes=10 3 2 
scale_included=0
neurons (num_inputs, activation_function, activation_steepness)=(0, 0, 0.00000000000000000000e+00) (0, 0, 0.00000000000000000000e+00) (0, 0, 0.00000000000000000000e+00) (0, 0, 0.00000000000000000000e+00) (0, 0, 0.00000000000000000000e+00) (0, 0, 0.00000000000000000000e+00) (0, 0, 0.00000000000000000000e+00) (0, 0, 0.00000000000000000000e+00) (0, 0, 0.00000000000000000000e+00) (0, 0, 0.00000000000000000000e+00) (10, 3, 5.00000000000000000000e-01) (10, 3, 5.00000000000000000000e-01) (0, 3, 0.00000000000000000000e+00) (3, 3, 5.00000000000000000000e-01) (0, 3, 0.00000000000000000000e+00) 
connections (connected_to_neuron, weight)=(0, -5.25863692164421081543e-02) (1, -2.10171699523925781250e-01) (2, -1.59334599971771240234e-01) (3, -1.85411572456359863281e-01) (4, -4.92341592907905578613e-02) (5, -6.39439001679420471191e-02) (6, -8.57332572340965270996e-02) (7, -5.13265207409858703613e-02) (8, -7.53876343369483947754e-02) (9, -1.82581171393394470215e-01) (0, -2.15711891651153564453e-01) (1, -1.81012287735939025879e-01) (2, -2.15388968586921691895e-01) (3, -1.76441594958305358887e-01) (4, -2.17098981142044067383e-01) (5, -9.54136848449707031250e-02) (6, -1.42815649509429931641e-01) (7, -2.16863781213760375977e-01) (8, -1.08274236321449279785e-01) (9, -1.77954465150833129883e-01) (10, -1.08687520027160644531e-01) (11, -2.89285853505134582520e-02) (12, -6.09604492783546447754e-02) 
