FANN_FLO_2.1
num_layers=4
learning_rate=0.500000
connection_rate=1.000000
network_type=0
learning_momentum=0.000000
training_algorithm=2
train_error_function=1
train_stop_function=0
cascade_output_change_fraction=0.010000
quickprop_decay=-0.000100
quickprop_mu=1.750000
rprop_increase_factor=1.200000
rprop_decrease_factor=0.500000
rprop_delta_min=0.000000
rprop_delta_max=50.000000
rprop_delta_zero=0.100000
cascade_output_stagnation_epochs=12
cascade_candidate_change_fraction=0.010000
cascade_candidate_stagnation_epochs=12
cascade_max_out_epochs=150
cascade_min_out_epochs=50
cascade_max_cand_epochs=150
cascade_min_cand_epochs=50
cascade_num_candidate_groups=2
bit_fail_limit=3.49999994039535522461e-01
cascade_candidate_limit=1.00000000000000000000e+03
cascade_weight_multiplier=4.00000005960464477539e-01
cascade_activation_functions_count=10
cascade_activation_functions=3 5 7 8 10 11 14 15 16 17 
cascade_activation_steepnesses_count=4
cascade_activation_steepnesses=2.50000000000000000000e-01 5.00000000000000000000e-01 7.50000000000000000000e-01 1.00000000000000000000e+00 
layer_sizes=4 5 5 2 
scale_included=0
neurons (num_inputs, activation_function, activation_steepness)=(0, 0, 0.00000000000000000000e+00) (0, 0, 0.00000000000000000000e+00) (0, 0, 0.00000000000000000000e+00) (0, 0, 0.00000000000000000000e+00) (4, 3, 5.00000000000000000000e-01) (4, 3, 5.00000000000000000000e-01) (4, 3, 5.00000000000000000000e-01) (4, 3, 5.00000000000000000000e-01) (0, 3, 0.00000000000000000000e+00) (5, 3, 5.00000000000000000000e-01) (5, 3, 5.00000000000000000000e-01) (5, 3, 5.00000000000000000000e-01) (5, 3, 5.00000000000000000000e-01) (0, 3, 0.00000000000000000000e+00) (5, 3, 5.00000000000000000000e-01) (0, 3, 0.00000000000000000000e+00) 
connections (connected_to_neuron, weight)=(0, -7.52795696258544921875e+00) (1, -1.00630064010620117188e+01) (2, -5.66332340240478515625e-01) (3, 7.78138351440429687500e+00) (0, 1.49801794433593750000e+03) (1, 1.66830200195312500000e+02) (2, 1.50000000000000000000e+03) (3, 1.51882848739624023438e+01) (0, -2.49859929084777832031e+00) (1, -9.58137416839599609375e+00) (2, 2.13991236686706542969e+00) (3, 2.67739629745483398438e+00) (0, 1.49801794433593750000e+03) (1, 1.66737274169921875000e+02) (2, 1.50000000000000000000e+03) (3, 1.52521543502807617188e+01) (4, 2.99675846099853515625e+01) (5, -2.59584212303161621094e+00) (6, -1.57444438934326171875e+01) (7, -2.54558444023132324219e+00) (8, -9.71394479274749755859e-01) (4, 3.66954421997070312500e+01) (5, -2.99787783622741699219e+00) (6, -1.90203971862792968750e+01) (7, -2.99842619895935058594e+00) (8, -1.61573040485382080078e+00) (4, 3.65434989929199218750e+01) (5, -2.97290158271789550781e+00) (6, -1.87662582397460937500e+01) (7, -2.96740555763244628906e+00) (8, -1.67235982418060302734e+00) (4, 3.61765594482421875000e+01) (5, -2.74612951278686523438e+00) (6, -2.37858905792236328125e+01) (7, -2.76125049591064453125e+00) (8, -9.51307773590087890625e-01) (9, -5.06612062454223632812e-01) (10, -6.55189990997314453125e-01) (11, -6.92664980888366699219e-01) (12, -2.37647604942321777344e+00) (13, 2.00211310386657714844e+00) 
