FANN_FLO_2.1
num_layers=3
learning_rate=0.500000
connection_rate=1.000000
network_type=0
learning_momentum=0.000000
training_algorithm=2
train_error_function=1
train_stop_function=0
cascade_output_change_fraction=0.010000
quickprop_decay=-0.000100
quickprop_mu=1.750000
rprop_increase_factor=1.200000
rprop_decrease_factor=0.500000
rprop_delta_min=0.000000
rprop_delta_max=50.000000
rprop_delta_zero=0.100000
cascade_output_stagnation_epochs=12
cascade_candidate_change_fraction=0.010000
cascade_candidate_stagnation_epochs=12
cascade_max_out_epochs=150
cascade_min_out_epochs=50
cascade_max_cand_epochs=150
cascade_min_cand_epochs=50
cascade_num_candidate_groups=2
bit_fail_limit=3.49999994039535522461e-01
cascade_candidate_limit=1.00000000000000000000e+03
cascade_weight_multiplier=4.00000005960464477539e-01
cascade_activation_functions_count=10
cascade_activation_functions=3 5 7 8 10 11 14 15 16 17 
cascade_activation_steepnesses_count=4
cascade_activation_steepnesses=2.50000000000000000000e-01 5.00000000000000000000e-01 7.50000000000000000000e-01 1.00000000000000000000e+00 
layer_sizes=7 5 2 
scale_included=0
neurons (num_inputs, activation_function, activation_steepness)=(0, 0, 0.00000000000000000000e+00) (0, 0, 0.00000000000000000000e+00) (0, 0, 0.00000000000000000000e+00) (0, 0, 0.00000000000000000000e+00) (0, 0, 0.00000000000000000000e+00) (0, 0, 0.00000000000000000000e+00) (0, 0, 0.00000000000000000000e+00) (7, 3, 5.00000000000000000000e-01) (7, 3, 5.00000000000000000000e-01) (7, 3, 5.00000000000000000000e-01) (7, 3, 5.00000000000000000000e-01) (0, 3, 0.00000000000000000000e+00) (5, 0, 5.00000000000000000000e-01) (0, 0, 0.00000000000000000000e+00) 
connections (connected_to_neuron, weight)=(0, -3.69267106056213378906e+00) (1, -3.12753238677978515625e+01) (2, 3.07860984802246093750e+01) (3, -2.87742853164672851562e+00) (4, -4.36694145202636718750e-01) (5, 7.91138648986816406250e-01) (6, 2.19084456562995910645e-01) (0, -2.76435285806655883789e-01) (1, -5.17515678405761718750e+01) (2, 3.85794105529785156250e+01) (3, -1.90327322483062744141e+00) (4, -1.94943800568580627441e-01) (5, 1.55952405929565429688e+00) (6, -1.61144211888313293457e-01) (0, -1.23293905258178710938e+01) (1, 2.96154270172119140625e+01) (2, -1.97919174194335937500e+02) (3, -3.54691429138183593750e+01) (4, -2.29938507080078125000e+00) (5, -9.16223335266113281250e+00) (6, -2.00400757789611816406e+00) (0, 3.81308794021606445312e-02) (1, 3.18901642458513379097e-04) (2, -1.94904021918773651123e-03) (3, 1.49103567004203796387e-01) (4, -2.86810994148254394531e-01) (5, 7.93211534619331359863e-02) (6, -1.30715513229370117188e+00) (7, 1.86261383056640625000e+02) (8, -1.84313507080078125000e+02) (9, 4.20075625181198120117e-01) (10, 5.55602833628654479980e-02) (11, 3.02217714488506317139e-03) 
