FANN_FLO_2.1
num_layers=3
learning_rate=0.500000
connection_rate=1.000000
network_type=0
learning_momentum=0.000000
training_algorithm=2
train_error_function=1
train_stop_function=0
cascade_output_change_fraction=0.010000
quickprop_decay=-0.000100
quickprop_mu=1.750000
rprop_increase_factor=1.200000
rprop_decrease_factor=0.500000
rprop_delta_min=0.000000
rprop_delta_max=50.000000
rprop_delta_zero=0.100000
cascade_output_stagnation_epochs=12
cascade_candidate_change_fraction=0.010000
cascade_candidate_stagnation_epochs=12
cascade_max_out_epochs=150
cascade_min_out_epochs=50
cascade_max_cand_epochs=150
cascade_min_cand_epochs=50
cascade_num_candidate_groups=2
bit_fail_limit=3.49999994039535522461e-01
cascade_candidate_limit=1.00000000000000000000e+03
cascade_weight_multiplier=4.00000005960464477539e-01
cascade_activation_functions_count=10
cascade_activation_functions=3 5 7 8 10 11 14 15 16 17 
cascade_activation_steepnesses_count=4
cascade_activation_steepnesses=2.50000000000000000000e-01 5.00000000000000000000e-01 7.50000000000000000000e-01 1.00000000000000000000e+00 
layer_sizes=10 5 2 
scale_included=0
neurons (num_inputs, activation_function, activation_steepness)=(0, 0, 0.00000000000000000000e+00) (0, 0, 0.00000000000000000000e+00) (0, 0, 0.00000000000000000000e+00) (0, 0, 0.00000000000000000000e+00) (0, 0, 0.00000000000000000000e+00) (0, 0, 0.00000000000000000000e+00) (0, 0, 0.00000000000000000000e+00) (0, 0, 0.00000000000000000000e+00) (0, 0, 0.00000000000000000000e+00) (0, 0, 0.00000000000000000000e+00) (10, 3, 5.00000000000000000000e-01) (10, 3, 5.00000000000000000000e-01) (10, 3, 5.00000000000000000000e-01) (10, 3, 5.00000000000000000000e-01) (0, 3, 0.00000000000000000000e+00) (5, 3, 5.00000000000000000000e-01) (0, 3, 0.00000000000000000000e+00) 
connections (connected_to_neuron, weight)=(0, -4.16420161724090576172e-01) (1, -5.66567480564117431641e-01) (2, -5.03565788269042968750e-01) (3, -5.14358580112457275391e-01) (4, -4.53828305006027221680e-01) (5, -4.83669072389602661133e-01) (6, -4.74753499031066894531e-01) (7, -4.78734314441680908203e-01) (8, -4.69538360834121704102e-01) (9, 1.81450843811035156250e+00) (0, -5.73309063911437988281e-01) (1, -4.94356095790863037109e-01) (2, -4.47739779949188232422e-01) (3, -4.74258333444595336914e-01) (4, -5.22702038288116455078e-01) (5, -4.52492386102676391602e-01) (6, -4.62287157773971557617e-01) (7, -4.43047642707824707031e-01) (8, -4.24786806106567382812e-01) (9, 1.71043288707733154297e+00) (0, 4.91086870431900024414e-01) (1, 4.04423534870147705078e-01) (2, 4.34712022542953491211e-01) (3, 5.07746160030364990234e-01) (4, 6.32390201091766357422e-01) (5, 4.22492980957031250000e-01) (6, 5.04923820495605468750e-01) (7, 6.09121084213256835938e-01) (8, 4.94445472955703735352e-01) (9, 5.29031336307525634766e-01) (0, 4.82799828052520751953e-01) (1, 1.06949537992477416992e-01) (2, 4.96755331754684448242e-01) (3, 9.68559011816978454590e-02) (4, 3.34546029567718505859e-01) (5, 6.49527907371520996094e-01) (6, 6.00866854190826416016e-01) (7, 6.08992457389831542969e-01) (8, 5.60747146606445312500e-01) (9, -4.15194213390350341797e-01) (10, -1.94527232646942138672e+00) (11, -1.48490440845489501953e+00) (12, 7.79256761074066162109e-01) (13, 6.58506512641906738281e-01) (14, 1.13546982407569885254e-01) 
