FANN_FLO_2.1
num_layers=3
learning_rate=0.500000
connection_rate=1.000000
network_type=0
learning_momentum=0.000000
training_algorithm=2
train_error_function=1
train_stop_function=0
cascade_output_change_fraction=0.010000
quickprop_decay=-0.000100
quickprop_mu=1.750000
rprop_increase_factor=1.200000
rprop_decrease_factor=0.500000
rprop_delta_min=0.000000
rprop_delta_max=50.000000
rprop_delta_zero=0.100000
cascade_output_stagnation_epochs=12
cascade_candidate_change_fraction=0.010000
cascade_candidate_stagnation_epochs=12
cascade_max_out_epochs=150
cascade_min_out_epochs=50
cascade_max_cand_epochs=150
cascade_min_cand_epochs=50
cascade_num_candidate_groups=2
bit_fail_limit=3.49999994039535522461e-01
cascade_candidate_limit=1.00000000000000000000e+03
cascade_weight_multiplier=4.00000005960464477539e-01
cascade_activation_functions_count=10
cascade_activation_functions=3 5 7 8 10 11 14 15 16 17 
cascade_activation_steepnesses_count=4
cascade_activation_steepnesses=2.50000000000000000000e-01 5.00000000000000000000e-01 7.50000000000000000000e-01 1.00000000000000000000e+00 
layer_sizes=10 3 2 
scale_included=0
neurons (num_inputs, activation_function, activation_steepness)=(0, 0, 0.00000000000000000000e+00) (0, 0, 0.00000000000000000000e+00) (0, 0, 0.00000000000000000000e+00) (0, 0, 0.00000000000000000000e+00) (0, 0, 0.00000000000000000000e+00) (0, 0, 0.00000000000000000000e+00) (0, 0, 0.00000000000000000000e+00) (0, 0, 0.00000000000000000000e+00) (0, 0, 0.00000000000000000000e+00) (0, 0, 0.00000000000000000000e+00) (10, 3, 5.00000000000000000000e-01) (10, 3, 5.00000000000000000000e-01) (0, 3, 0.00000000000000000000e+00) (3, 3, 5.00000000000000000000e-01) (0, 3, 0.00000000000000000000e+00) 
connections (connected_to_neuron, weight)=(0, -4.98639196157455444336e-01) (1, -4.16389107704162597656e-01) (2, -4.66428101062774658203e-01) (3, -4.24490272998809814453e-01) (4, -3.30483824014663696289e-01) (5, -3.11132907867431640625e-01) (6, -2.31387779116630554199e-01) (7, -3.55079501867294311523e-01) (8, -4.29941773414611816406e-01) (9, 9.13437426090240478516e-01) (0, -2.74420559406280517578e-01) (1, -3.26975107192993164062e-01) (2, -2.96810328960418701172e-01) (3, -2.99923986196517944336e-01) (4, -4.55221295356750488281e-01) (5, -4.56885814666748046875e-01) (6, -5.51423192024230957031e-01) (7, -4.20894026756286621094e-01) (8, -3.45873981714248657227e-01) (9, 8.03859829902648925781e-01) (10, -2.84687590599060058594e+00) (11, -2.76111555099487304688e+00) (12, 1.68046069145202636719e+00) 
