FANN_FLO_2.1
num_layers=3
learning_rate=0.400000
connection_rate=1.000000
network_type=0
learning_momentum=0.000000
training_algorithm=2
train_error_function=1
train_stop_function=0
cascade_output_change_fraction=0.010000
quickprop_decay=-0.000100
quickprop_mu=1.750000
rprop_increase_factor=1.200000
rprop_decrease_factor=0.500000
rprop_delta_min=0.000000
rprop_delta_max=50.000000
rprop_delta_zero=0.100000
cascade_output_stagnation_epochs=12
cascade_candidate_change_fraction=0.010000
cascade_candidate_stagnation_epochs=12
cascade_max_out_epochs=150
cascade_min_out_epochs=50
cascade_max_cand_epochs=150
cascade_min_cand_epochs=50
cascade_num_candidate_groups=2
bit_fail_limit=3.49999994039535522461e-01
cascade_candidate_limit=1.00000000000000000000e+03
cascade_weight_multiplier=4.00000005960464477539e-01
cascade_activation_functions_count=10
cascade_activation_functions=3 5 7 8 10 11 14 15 16 17 
cascade_activation_steepnesses_count=4
cascade_activation_steepnesses=2.50000000000000000000e-01 5.00000000000000000000e-01 7.50000000000000000000e-01 1.00000000000000000000e+00 
layer_sizes=6 5 2 
scale_included=0
neurons (num_inputs, activation_function, activation_steepness)=(0, 0, 0.00000000000000000000e+00) (0, 0, 0.00000000000000000000e+00) (0, 0, 0.00000000000000000000e+00) (0, 0, 0.00000000000000000000e+00) (0, 0, 0.00000000000000000000e+00) (0, 0, 0.00000000000000000000e+00) (6, 3, 5.00000000000000000000e-01) (6, 3, 5.00000000000000000000e-01) (6, 3, 5.00000000000000000000e-01) (6, 3, 5.00000000000000000000e-01) (0, 3, 0.00000000000000000000e+00) (5, 0, 5.00000000000000000000e-01) (0, 0, 0.00000000000000000000e+00) 
connections (connected_to_neuron, weight)=(0, -1.50000000000000000000e+03) (1, -8.11709747314453125000e+01) (2, 9.00682640075683593750e+00) (3, 4.50443625450134277344e-02) (4, 1.05759352445602416992e-01) (5, -1.44623196125030517578e+00) (0, -1.50000000000000000000e+03) (1, -3.28138113021850585938e+00) (2, -5.89692473411560058594e-01) (3, -1.68650615215301513672e+00) (4, 6.74447834491729736328e-01) (5, -8.18756818771362304688e-01) (0, -1.50000000000000000000e+03) (1, -5.90907226562500000000e+02) (2, 9.39508342742919921875e+00) (3, -4.70815114676952362061e-02) (4, 1.79789811372756958008e-01) (5, -1.05001854896545410156e+00) (0, -1.50000000000000000000e+03) (1, -5.91343933105468750000e+02) (2, 1.65018432617187500000e+02) (3, -1.22979104518890380859e+00) (4, -3.45398515462875366211e-01) (5, -3.37763309478759765625e-01) (6, 3.35875358581542968750e+01) (7, 3.55540466308593750000e+00) (8, 2.81580314636230468750e+01) (9, 2.78353519439697265625e+01) (10, 7.20643639564514160156e-01) 
