FANN_FLO_2.1
num_layers=3
learning_rate=0.300000
connection_rate=1.000000
network_type=0
learning_momentum=0.000000
training_algorithm=2
train_error_function=1
train_stop_function=0
cascade_output_change_fraction=0.010000
quickprop_decay=-0.000100
quickprop_mu=1.750000
rprop_increase_factor=1.200000
rprop_decrease_factor=0.500000
rprop_delta_min=0.000000
rprop_delta_max=50.000000
rprop_delta_zero=0.100000
cascade_output_stagnation_epochs=12
cascade_candidate_change_fraction=0.010000
cascade_candidate_stagnation_epochs=12
cascade_max_out_epochs=150
cascade_min_out_epochs=50
cascade_max_cand_epochs=150
cascade_min_cand_epochs=50
cascade_num_candidate_groups=2
bit_fail_limit=3.49999994039535522461e-01
cascade_candidate_limit=1.00000000000000000000e+03
cascade_weight_multiplier=4.00000005960464477539e-01
cascade_activation_functions_count=10
cascade_activation_functions=3 5 7 8 10 11 14 15 16 17 
cascade_activation_steepnesses_count=4
cascade_activation_steepnesses=2.50000000000000000000e-01 5.00000000000000000000e-01 7.50000000000000000000e-01 1.00000000000000000000e+00 
layer_sizes=4 9 2 
scale_included=0
neurons (num_inputs, activation_function, activation_steepness)=(0, 0, 0.00000000000000000000e+00) (0, 0, 0.00000000000000000000e+00) (0, 0, 0.00000000000000000000e+00) (0, 0, 0.00000000000000000000e+00) (4, 3, 5.00000000000000000000e-01) (4, 3, 5.00000000000000000000e-01) (4, 3, 5.00000000000000000000e-01) (4, 3, 5.00000000000000000000e-01) (4, 3, 5.00000000000000000000e-01) (4, 3, 5.00000000000000000000e-01) (4, 3, 5.00000000000000000000e-01) (4, 3, 5.00000000000000000000e-01) (0, 3, 0.00000000000000000000e+00) (9, 3, 5.00000000000000000000e-01) (0, 3, 0.00000000000000000000e+00) 
connections (connected_to_neuron, weight)=(0, -3.05943816900253295898e-01) (1, 1.16117723286151885986e-01) (2, -6.14047110080718994141e-01) (3, 5.44824981689453125000e+00) (0, -9.15648162364959716797e-01) (1, 7.63580560684204101562e-01) (2, -2.93630599975585937500e+00) (3, 2.52314543724060058594e+00) (0, -1.27576783299446105957e-01) (1, -6.98952749371528625488e-03) (2, -3.63355517387390136719e-01) (3, 5.43485212326049804688e+00) (0, -6.13634526729583740234e-01) (1, 4.96531218290328979492e-01) (2, -1.40279924869537353516e+00) (3, 7.99814224243164062500e-01) (0, 1.50000000000000000000e+03) (1, -3.91420471191406250000e+02) (2, 1.49995117187500000000e+03) (3, 5.17922103404998779297e-01) (0, 5.06034374237060546875e+00) (1, 5.60860991477966308594e-01) (2, -3.58633880615234375000e+01) (3, 1.21267370879650115967e-01) (0, 3.06993103027343750000e+00) (1, 6.58904910087585449219e-01) (2, -2.53811416625976562500e+01) (3, 6.14203751087188720703e-01) (0, -2.01617002487182617188e+00) (1, 7.19026625156402587891e-01) (2, -1.28733062744140625000e+00) (3, -4.36808490753173828125e+00) (4, -1.06254363059997558594e+00) (5, -2.03155055642127990723e-01) (6, -3.36339354515075683594e+00) (7, -2.91828811168670654297e-01) (8, 8.36951494216918945312e-01) (9, 3.49824462890625000000e+02) (10, -3.50093231201171875000e+02) (11, -6.94559454917907714844e-01) (12, 4.38143610954284667969e-02) 
