FANN_FLO_2.1
num_layers=3
learning_rate=0.400000
connection_rate=1.000000
network_type=0
learning_momentum=0.000000
training_algorithm=2
train_error_function=1
train_stop_function=0
cascade_output_change_fraction=0.010000
quickprop_decay=-0.000100
quickprop_mu=1.750000
rprop_increase_factor=1.200000
rprop_decrease_factor=0.500000
rprop_delta_min=0.000000
rprop_delta_max=50.000000
rprop_delta_zero=0.100000
cascade_output_stagnation_epochs=12
cascade_candidate_change_fraction=0.010000
cascade_candidate_stagnation_epochs=12
cascade_max_out_epochs=150
cascade_min_out_epochs=50
cascade_max_cand_epochs=150
cascade_min_cand_epochs=50
cascade_num_candidate_groups=2
bit_fail_limit=3.49999994039535522461e-01
cascade_candidate_limit=1.00000000000000000000e+03
cascade_weight_multiplier=4.00000005960464477539e-01
cascade_activation_functions_count=10
cascade_activation_functions=3 5 7 8 10 11 14 15 16 17 
cascade_activation_steepnesses_count=4
cascade_activation_steepnesses=2.50000000000000000000e-01 5.00000000000000000000e-01 7.50000000000000000000e-01 1.00000000000000000000e+00 
layer_sizes=6 5 2 
scale_included=0
neurons (num_inputs, activation_function, activation_steepness)=(0, 0, 0.00000000000000000000e+00) (0, 0, 0.00000000000000000000e+00) (0, 0, 0.00000000000000000000e+00) (0, 0, 0.00000000000000000000e+00) (0, 0, 0.00000000000000000000e+00) (0, 0, 0.00000000000000000000e+00) (6, 3, 5.00000000000000000000e-01) (6, 3, 5.00000000000000000000e-01) (6, 3, 5.00000000000000000000e-01) (6, 3, 5.00000000000000000000e-01) (0, 3, 0.00000000000000000000e+00) (5, 0, 5.00000000000000000000e-01) (0, 0, 0.00000000000000000000e+00) 
connections (connected_to_neuron, weight)=(0, -4.18320465087890625000e+00) (1, -1.12812113761901855469e+00) (2, 2.52548847347497940063e-02) (3, -1.79951655864715576172e+00) (4, 7.03361332416534423828e-01) (5, -9.26522910594940185547e-01) (0, -3.88759002685546875000e+02) (1, -1.44983553886413574219e+00) (2, -6.88385725021362304688e-01) (3, 3.53318601846694946289e-01) (4, -6.08990453183650970459e-02) (5, 2.76865549385547637939e-02) (0, -3.88624511718750000000e+02) (1, -1.90183365345001220703e+00) (2, 5.29887452721595764160e-02) (3, 3.72682780027389526367e-01) (4, 3.29149812459945678711e-02) (5, 7.12300986051559448242e-02) (0, -1.36799597167968750000e+03) (1, 3.35082626342773437500e+00) (2, 6.65262527465820312500e+01) (3, 4.32007133960723876953e-01) (4, -2.36227750778198242188e+00) (5, 1.04154504835605621338e-01) (6, 8.59726309776306152344e-01) (7, 6.65737628936767578125e-01) (8, 6.61288261413574218750e-01) (9, 8.28884601593017578125e-01) (10, 5.12136578559875488281e-01) 
