FANN_FLO_2.1
num_layers=3
learning_rate=0.400000
connection_rate=1.000000
network_type=0
learning_momentum=0.000000
training_algorithm=2
train_error_function=1
train_stop_function=0
cascade_output_change_fraction=0.010000
quickprop_decay=-0.000100
quickprop_mu=1.750000
rprop_increase_factor=1.200000
rprop_decrease_factor=0.500000
rprop_delta_min=0.000000
rprop_delta_max=50.000000
rprop_delta_zero=0.100000
cascade_output_stagnation_epochs=12
cascade_candidate_change_fraction=0.010000
cascade_candidate_stagnation_epochs=12
cascade_max_out_epochs=150
cascade_min_out_epochs=50
cascade_max_cand_epochs=150
cascade_min_cand_epochs=50
cascade_num_candidate_groups=2
bit_fail_limit=3.49999994039535522461e-01
cascade_candidate_limit=1.00000000000000000000e+03
cascade_weight_multiplier=4.00000005960464477539e-01
cascade_activation_functions_count=10
cascade_activation_functions=3 5 7 8 10 11 14 15 16 17 
cascade_activation_steepnesses_count=4
cascade_activation_steepnesses=2.50000000000000000000e-01 5.00000000000000000000e-01 7.50000000000000000000e-01 1.00000000000000000000e+00 
layer_sizes=6 5 2 
scale_included=0
neurons (num_inputs, activation_function, activation_steepness)=(0, 0, 0.00000000000000000000e+00) (0, 0, 0.00000000000000000000e+00) (0, 0, 0.00000000000000000000e+00) (0, 0, 0.00000000000000000000e+00) (0, 0, 0.00000000000000000000e+00) (0, 0, 0.00000000000000000000e+00) (6, 3, 5.00000000000000000000e-01) (6, 3, 5.00000000000000000000e-01) (6, 3, 5.00000000000000000000e-01) (6, 3, 5.00000000000000000000e-01) (0, 3, 0.00000000000000000000e+00) (5, 0, 5.00000000000000000000e-01) (0, 0, 0.00000000000000000000e+00) 
connections (connected_to_neuron, weight)=(0, -1.50000000000000000000e+03) (1, -4.81050140380859375000e+02) (2, 8.28745498657226562500e+01) (3, -1.31122375488281250000e+02) (4, -3.90854919433593750000e+02) (5, -8.50718140602111816406e-01) (0, -1.50000000000000000000e+03) (1, -3.84716094970703125000e+02) (2, 9.89189682006835937500e+01) (3, -7.92827682495117187500e+01) (4, -1.37816345214843750000e+02) (5, 1.71890842914581298828e+00) (0, -1.50000000000000000000e+03) (1, -1.58890161514282226562e+01) (2, 8.65910410881042480469e-01) (3, -3.25634539127349853516e-01) (4, -2.11673641204833984375e+00) (5, 3.74018698930740356445e-01) (0, -1.50000000000000000000e+03) (1, -1.58890161514282226562e+01) (2, 5.01642346382141113281e-01) (3, -5.82046627998352050781e-01) (4, -1.92190814018249511719e+00) (5, 2.35111668705940246582e-01) (6, 2.11625995635986328125e+01) (7, 4.84067630767822265625e+00) (8, 1.06769495010375976562e+01) (9, 1.07648515701293945312e+01) (10, 7.73804605007171630859e-01) 
