FANN_FLO_2.1
num_layers=3
learning_rate=0.500000
connection_rate=1.000000
network_type=0
learning_momentum=0.000000
training_algorithm=2
train_error_function=1
train_stop_function=0
cascade_output_change_fraction=0.010000
quickprop_decay=-0.000100
quickprop_mu=1.750000
rprop_increase_factor=1.200000
rprop_decrease_factor=0.500000
rprop_delta_min=0.000000
rprop_delta_max=50.000000
rprop_delta_zero=0.100000
cascade_output_stagnation_epochs=12
cascade_candidate_change_fraction=0.010000
cascade_candidate_stagnation_epochs=12
cascade_max_out_epochs=150
cascade_min_out_epochs=50
cascade_max_cand_epochs=150
cascade_min_cand_epochs=50
cascade_num_candidate_groups=2
bit_fail_limit=3.49999994039535522461e-01
cascade_candidate_limit=1.00000000000000000000e+03
cascade_weight_multiplier=4.00000005960464477539e-01
cascade_activation_functions_count=10
cascade_activation_functions=3 5 7 8 10 11 14 15 16 17 
cascade_activation_steepnesses_count=4
cascade_activation_steepnesses=2.50000000000000000000e-01 5.00000000000000000000e-01 7.50000000000000000000e-01 1.00000000000000000000e+00 
layer_sizes=3 9 4 
scale_included=0
neurons (num_inputs, activation_function, activation_steepness)=(0, 0, 0.00000000000000000000e+00) (0, 0, 0.00000000000000000000e+00) (0, 0, 0.00000000000000000000e+00) (3, 3, 5.00000000000000000000e-01) (3, 3, 5.00000000000000000000e-01) (3, 3, 5.00000000000000000000e-01) (3, 3, 5.00000000000000000000e-01) (3, 3, 5.00000000000000000000e-01) (3, 3, 5.00000000000000000000e-01) (3, 3, 5.00000000000000000000e-01) (3, 3, 5.00000000000000000000e-01) (0, 3, 0.00000000000000000000e+00) (9, 0, 5.00000000000000000000e-01) (9, 0, 5.00000000000000000000e-01) (9, 0, 5.00000000000000000000e-01) (0, 0, 0.00000000000000000000e+00) 
connections (connected_to_neuron, weight)=(0, -1.05556077957153320312e+01) (1, 5.69384527206420898438e+00) (2, 6.07148122787475585938e+00) (0, -3.93480443954467773438e+00) (1, -2.22267699241638183594e+00) (2, 2.28373706340789794922e-01) (0, -7.79861694335937500000e+02) (1, -9.41379833221435546875e+00) (2, 1.66960537433624267578e+00) (0, -7.50959920883178710938e+00) (1, 7.55607700347900390625e+00) (2, 1.10815858840942382812e+01) (0, -8.54860687255859375000e+00) (1, 8.45921134948730468750e+00) (2, 6.70762157440185546875e+00) (0, -3.39626073837280273438e+00) (1, -5.57453989982604980469e-01) (2, 5.86394011974334716797e-01) (0, -6.23031425476074218750e+00) (1, 1.77745449542999267578e+00) (2, 1.02329933643341064453e+00) (0, -1.67025566101074218750e+00) (1, -3.25191807746887207031e+00) (2, 7.02515423297882080078e-01) (3, 1.22202885150909423828e+00) (4, 1.86165952682495117188e+00) (5, 3.65851461887359619141e-01) (6, 5.80689549446105957031e-01) (7, 9.55264270305633544922e-01) (8, 1.37293386459350585938e+00) (9, 1.77209234237670898438e+00) (10, 2.12267875671386718750e+00) (11, 6.38145446777343750000e-01) (3, 3.81454229354858398438e+00) (4, 4.11962032318115234375e+00) (5, 7.81663477420806884766e-01) (6, 2.56555032730102539062e+00) (7, 3.76696133613586425781e+00) (8, 4.15521955490112304688e+00) (9, 5.05782938003540039062e+00) (10, 7.01010322570800781250e+00) (11, 2.65020012855529785156e+00) (3, 1.25022592544555664062e+01) (4, 1.29482069015502929688e+01) (5, 2.94729900360107421875e+00) (6, 1.15384950637817382812e+01) (7, 1.14450292587280273438e+01) (8, 1.29178543090820312500e+01) (9, 1.50311670303344726562e+01) (10, 2.30842514038085937500e+01) (11, 1.14337062835693359375e+01) 
