FANN_FLO_2.1
num_layers=3
learning_rate=0.400000
connection_rate=1.000000
network_type=0
learning_momentum=0.000000
training_algorithm=2
train_error_function=1
train_stop_function=0
cascade_output_change_fraction=0.010000
quickprop_decay=-0.000100
quickprop_mu=1.750000
rprop_increase_factor=1.200000
rprop_decrease_factor=0.500000
rprop_delta_min=0.000000
rprop_delta_max=50.000000
rprop_delta_zero=0.100000
cascade_output_stagnation_epochs=12
cascade_candidate_change_fraction=0.010000
cascade_candidate_stagnation_epochs=12
cascade_max_out_epochs=150
cascade_min_out_epochs=50
cascade_max_cand_epochs=150
cascade_min_cand_epochs=50
cascade_num_candidate_groups=2
bit_fail_limit=3.49999994039535522461e-01
cascade_candidate_limit=1.00000000000000000000e+03
cascade_weight_multiplier=4.00000005960464477539e-01
cascade_activation_functions_count=10
cascade_activation_functions=3 5 7 8 10 11 14 15 16 17 
cascade_activation_steepnesses_count=4
cascade_activation_steepnesses=2.50000000000000000000e-01 5.00000000000000000000e-01 7.50000000000000000000e-01 1.00000000000000000000e+00 
layer_sizes=6 5 2 
scale_included=0
neurons (num_inputs, activation_function, activation_steepness)=(0, 0, 0.00000000000000000000e+00) (0, 0, 0.00000000000000000000e+00) (0, 0, 0.00000000000000000000e+00) (0, 0, 0.00000000000000000000e+00) (0, 0, 0.00000000000000000000e+00) (0, 0, 0.00000000000000000000e+00) (6, 3, 5.00000000000000000000e-01) (6, 3, 5.00000000000000000000e-01) (6, 3, 5.00000000000000000000e-01) (6, 3, 5.00000000000000000000e-01) (0, 3, 0.00000000000000000000e+00) (5, 0, 5.00000000000000000000e-01) (0, 0, 0.00000000000000000000e+00) 
connections (connected_to_neuron, weight)=(0, -1.50000000000000000000e+03) (1, -1.50000000000000000000e+03) (2, 1.58534652709960937500e+02) (3, 4.38341110944747924805e-01) (4, 1.97672500610351562500e+01) (5, -1.55718107223510742188e+01) (0, -1.50000000000000000000e+03) (1, -1.50000000000000000000e+03) (2, 1.00754020690917968750e+02) (3, 4.61059617996215820312e+00) (4, 4.93463859558105468750e+01) (5, -9.58762454986572265625e+00) (0, -1.50000000000000000000e+03) (1, -1.50000000000000000000e+03) (2, 1.56295639038085937500e+02) (3, 2.14600667357444763184e-01) (4, 2.65639095306396484375e+01) (5, -1.57941703796386718750e+01) (0, -1.50000000000000000000e+03) (1, -1.50000000000000000000e+03) (2, 8.95793380737304687500e+01) (3, 1.30352005362510681152e-01) (4, 4.88685150146484375000e+01) (5, -1.08356857299804687500e+01) (6, 5.35988235473632812500e+01) (7, 1.46352148056030273438e+01) (8, 5.35055847167968750000e+01) (9, 2.36675453186035156250e+01) (10, 8.75522136688232421875e-01) 
