FANN_FLO_2.1
num_layers=4
learning_rate=0.300000
connection_rate=1.000000
network_type=0
learning_momentum=0.000000
training_algorithm=2
train_error_function=1
train_stop_function=0
cascade_output_change_fraction=0.010000
quickprop_decay=-0.000100
quickprop_mu=1.750000
rprop_increase_factor=1.200000
rprop_decrease_factor=0.500000
rprop_delta_min=0.000000
rprop_delta_max=50.000000
rprop_delta_zero=0.100000
cascade_output_stagnation_epochs=12
cascade_candidate_change_fraction=0.010000
cascade_candidate_stagnation_epochs=12
cascade_max_out_epochs=150
cascade_min_out_epochs=50
cascade_max_cand_epochs=150
cascade_min_cand_epochs=50
cascade_num_candidate_groups=2
bit_fail_limit=3.49999994039535522461e-01
cascade_candidate_limit=1.00000000000000000000e+03
cascade_weight_multiplier=4.00000005960464477539e-01
cascade_activation_functions_count=10
cascade_activation_functions=3 5 7 8 10 11 14 15 16 17 
cascade_activation_steepnesses_count=4
cascade_activation_steepnesses=2.50000000000000000000e-01 5.00000000000000000000e-01 7.50000000000000000000e-01 1.00000000000000000000e+00 
layer_sizes=2 5 3 3 
scale_included=0
neurons (num_inputs, activation_function, activation_steepness)=(0, 0, 0.00000000000000000000e+00) (0, 0, 0.00000000000000000000e+00) (2, 3, 5.00000000000000000000e-01) (2, 3, 5.00000000000000000000e-01) (2, 3, 5.00000000000000000000e-01) (2, 3, 5.00000000000000000000e-01) (0, 3, 0.00000000000000000000e+00) (5, 3, 5.00000000000000000000e-01) (5, 3, 5.00000000000000000000e-01) (0, 3, 0.00000000000000000000e+00) (3, 0, 5.00000000000000000000e-01) (3, 0, 5.00000000000000000000e-01) (0, 0, 0.00000000000000000000e+00) 
connections (connected_to_neuron, weight)=(0, -1.50000000000000000000e+03) (1, -3.23804759979248046875e+00) (0, 1.79363870620727539062e+00) (1, 1.48900258541107177734e+00) (0, -1.50000000000000000000e+03) (1, -1.73217332363128662109e+00) (0, -1.50000000000000000000e+03) (1, -3.31476402282714843750e+00) (2, 1.40979397296905517578e+00) (3, -3.35390508174896240234e-01) (4, 6.39741539955139160156e-01) (5, 1.44517719745635986328e+00) (6, -2.12767452001571655273e-01) (2, 1.17312431335449218750e+00) (3, 1.06996238231658935547e+00) (4, 1.15139710903167724609e+00) (5, 1.23339951038360595703e+00) (6, 7.34313428401947021484e-01) (7, 2.62194070965051651001e-02) (8, -1.03869121521711349487e-02) (9, -2.60370168834924697876e-02) (7, -6.82036876678466796875e-01) (8, -5.98940670490264892578e-01) (9, -5.35359203815460205078e-01) 
