FANN_FLO_2.1
num_layers=4
learning_rate=0.500000
connection_rate=1.000000
network_type=0
learning_momentum=0.000000
training_algorithm=2
train_error_function=1
train_stop_function=0
cascade_output_change_fraction=0.010000
quickprop_decay=-0.000100
quickprop_mu=1.750000
rprop_increase_factor=1.200000
rprop_decrease_factor=0.500000
rprop_delta_min=0.000000
rprop_delta_max=50.000000
rprop_delta_zero=0.100000
cascade_output_stagnation_epochs=12
cascade_candidate_change_fraction=0.010000
cascade_candidate_stagnation_epochs=12
cascade_max_out_epochs=150
cascade_min_out_epochs=50
cascade_max_cand_epochs=150
cascade_min_cand_epochs=50
cascade_num_candidate_groups=2
bit_fail_limit=3.49999994039535522461e-01
cascade_candidate_limit=1.00000000000000000000e+03
cascade_weight_multiplier=4.00000005960464477539e-01
cascade_activation_functions_count=10
cascade_activation_functions=3 5 7 8 10 11 14 15 16 17 
cascade_activation_steepnesses_count=4
cascade_activation_steepnesses=2.50000000000000000000e-01 5.00000000000000000000e-01 7.50000000000000000000e-01 1.00000000000000000000e+00 
layer_sizes=4 5 3 2 
scale_included=0
neurons (num_inputs, activation_function, activation_steepness)=(0, 0, 0.00000000000000000000e+00) (0, 0, 0.00000000000000000000e+00) (0, 0, 0.00000000000000000000e+00) (0, 0, 0.00000000000000000000e+00) (4, 3, 5.00000000000000000000e-01) (4, 3, 5.00000000000000000000e-01) (4, 3, 5.00000000000000000000e-01) (4, 3, 5.00000000000000000000e-01) (0, 3, 0.00000000000000000000e+00) (5, 3, 5.00000000000000000000e-01) (5, 3, 5.00000000000000000000e-01) (0, 3, 0.00000000000000000000e+00) (3, 3, 5.00000000000000000000e-01) (0, 3, 0.00000000000000000000e+00) 
connections (connected_to_neuron, weight)=(0, 4.00483751296997070312e+00) (1, -1.05002193450927734375e+01) (2, -1.87992048263549804688e+00) (3, 1.00315582752227783203e+00) (0, -2.82012462615966796875e+00) (1, -6.37955570220947265625e+00) (2, 8.54954957962036132812e-01) (3, 1.97554600238800048828e+00) (0, 3.91088175773620605469e+00) (1, -1.04699411392211914062e+01) (2, 1.98812335729598999023e-01) (3, 1.06144094467163085938e+00) (0, -2.31882214546203613281e+00) (1, -1.04364836215972900391e+00) (2, -6.26749658584594726562e+00) (3, 2.04582524299621582031e+00) (4, -1.58534898757934570312e+01) (5, 5.27541122436523437500e+01) (6, -1.65507965087890625000e+01) (7, 3.57503204345703125000e+01) (8, 8.49803030490875244141e-01) (4, -7.66848182678222656250e+00) (5, 4.18953323364257812500e+01) (6, -1.34274637699127197266e+00) (7, 3.24181823730468750000e+01) (8, -5.85018920898437500000e+00) (9, -3.66655558347702026367e-01) (10, -4.59673738479614257812e+00) (11, 2.67367720603942871094e+00) 
