FANN_FLO_2.1
num_layers=4
learning_rate=0.450000
connection_rate=1.000000
network_type=0
learning_momentum=0.000000
training_algorithm=2
train_error_function=1
train_stop_function=0
cascade_output_change_fraction=0.010000
quickprop_decay=-0.000100
quickprop_mu=1.750000
rprop_increase_factor=1.200000
rprop_decrease_factor=0.500000
rprop_delta_min=0.000000
rprop_delta_max=50.000000
rprop_delta_zero=0.100000
cascade_output_stagnation_epochs=12
cascade_candidate_change_fraction=0.010000
cascade_candidate_stagnation_epochs=12
cascade_max_out_epochs=150
cascade_min_out_epochs=50
cascade_max_cand_epochs=150
cascade_min_cand_epochs=50
cascade_num_candidate_groups=2
bit_fail_limit=3.49999994039535522461e-01
cascade_candidate_limit=1.00000000000000000000e+03
cascade_weight_multiplier=4.00000005960464477539e-01
cascade_activation_functions_count=10
cascade_activation_functions=3 5 7 8 10 11 14 15 16 17 
cascade_activation_steepnesses_count=4
cascade_activation_steepnesses=2.50000000000000000000e-01 5.00000000000000000000e-01 7.50000000000000000000e-01 1.00000000000000000000e+00 
layer_sizes=7 3 3 2 
scale_included=0
neurons (num_inputs, activation_function, activation_steepness)=(0, 0, 0.00000000000000000000e+00) (0, 0, 0.00000000000000000000e+00) (0, 0, 0.00000000000000000000e+00) (0, 0, 0.00000000000000000000e+00) (0, 0, 0.00000000000000000000e+00) (0, 0, 0.00000000000000000000e+00) (0, 0, 0.00000000000000000000e+00) (7, 3, 5.00000000000000000000e-01) (7, 3, 5.00000000000000000000e-01) (0, 3, 0.00000000000000000000e+00) (3, 3, 5.00000000000000000000e-01) (3, 3, 5.00000000000000000000e-01) (0, 3, 0.00000000000000000000e+00) (3, 0, 5.00000000000000000000e-01) (0, 0, 0.00000000000000000000e+00) 
connections (connected_to_neuron, weight)=(0, -1.00737109780311584473e-01) (1, 2.17624723911285400391e-01) (2, 1.46591544151306152344e-01) (3, -2.26000413298606872559e-01) (4, 2.11636990308761596680e-01) (5, -1.72763377428054809570e-01) (6, -5.07129490375518798828e-01) (0, 1.44031390547752380371e-01) (1, 2.20962777733802795410e-01) (2, -5.08389830589294433594e-01) (3, 1.46020069718360900879e-01) (4, 2.18224138021469116211e-01) (5, -3.41870069503784179688e-01) (6, 3.99427890777587890625e-01) (7, -8.21938419342041015625e+00) (8, -9.59973716735839843750e+00) (9, 3.98525595664978027344e+00) (7, -1.16821174621582031250e+01) (8, -1.30170993804931640625e+01) (9, 2.52346682548522949219e+00) (10, -5.07695257663726806641e-01) (11, 5.23494434356689453125e+00) (12, 1.57209523022174835205e-02) 
