FANN_FLO_2.1
num_layers=3
learning_rate=0.500000
connection_rate=1.000000
network_type=0
learning_momentum=0.000000
training_algorithm=2
train_error_function=1
train_stop_function=0
cascade_output_change_fraction=0.010000
quickprop_decay=-0.000100
quickprop_mu=1.750000
rprop_increase_factor=1.200000
rprop_decrease_factor=0.500000
rprop_delta_min=0.000000
rprop_delta_max=50.000000
rprop_delta_zero=0.100000
cascade_output_stagnation_epochs=12
cascade_candidate_change_fraction=0.010000
cascade_candidate_stagnation_epochs=12
cascade_max_out_epochs=150
cascade_min_out_epochs=50
cascade_max_cand_epochs=150
cascade_min_cand_epochs=50
cascade_num_candidate_groups=2
bit_fail_limit=3.49999994039535522461e-01
cascade_candidate_limit=1.00000000000000000000e+03
cascade_weight_multiplier=4.00000005960464477539e-01
cascade_activation_functions_count=10
cascade_activation_functions=3 5 7 8 10 11 14 15 16 17 
cascade_activation_steepnesses_count=4
cascade_activation_steepnesses=2.50000000000000000000e-01 5.00000000000000000000e-01 7.50000000000000000000e-01 1.00000000000000000000e+00 
layer_sizes=10 5 2 
scale_included=0
neurons (num_inputs, activation_function, activation_steepness)=(0, 0, 0.00000000000000000000e+00) (0, 0, 0.00000000000000000000e+00) (0, 0, 0.00000000000000000000e+00) (0, 0, 0.00000000000000000000e+00) (0, 0, 0.00000000000000000000e+00) (0, 0, 0.00000000000000000000e+00) (0, 0, 0.00000000000000000000e+00) (0, 0, 0.00000000000000000000e+00) (0, 0, 0.00000000000000000000e+00) (0, 0, 0.00000000000000000000e+00) (10, 3, 5.00000000000000000000e-01) (10, 3, 5.00000000000000000000e-01) (10, 3, 5.00000000000000000000e-01) (10, 3, 5.00000000000000000000e-01) (0, 3, 0.00000000000000000000e+00) (5, 3, 5.00000000000000000000e-01) (0, 3, 0.00000000000000000000e+00) 
connections (connected_to_neuron, weight)=(0, -3.82708996534347534180e-01) (1, -4.00556176900863647461e-01) (2, -3.78999292850494384766e-01) (3, -4.67302381992340087891e-01) (4, -5.15455782413482666016e-01) (5, -3.42622458934783935547e-01) (6, -3.30723702907562255859e-01) (7, -3.94899487495422363281e-01) (8, -3.31009536981582641602e-01) (9, 1.10560250282287597656e+00) (0, -3.92002016305923461914e-01) (1, -4.37192082405090332031e-01) (2, -3.19318026304244995117e-01) (3, -4.38504368066787719727e-01) (4, -4.42080110311508178711e-01) (5, -4.34766590595245361328e-01) (6, -3.77652525901794433594e-01) (7, -3.57728153467178344727e-01) (8, -4.39056158065795898438e-01) (9, 1.19336926937103271484e+00) (0, 3.98821860551834106445e-01) (1, 2.33076527714729309082e-01) (2, 6.04879915714263916016e-01) (3, 1.94508433341979980469e-01) (4, -1.65147796273231506348e-01) (5, 3.48997622728347778320e-01) (6, 3.33939045667648315430e-01) (7, 4.58391636610031127930e-01) (8, 2.65615463256835937500e-01) (9, 9.94581758975982666016e-01) (0, -4.40390616655349731445e-01) (1, -3.19833546876907348633e-01) (2, -4.94127601385116577148e-01) (3, -2.19969645142555236816e-01) (4, -2.10273906588554382324e-01) (5, -4.72927838563919067383e-01) (6, -5.32757699489593505859e-01) (7, -5.03578960895538330078e-01) (8, -4.30163532495498657227e-01) (9, 1.14159536361694335938e+00) (10, -1.92482435703277587891e+00) (11, -1.93634176254272460938e+00) (12, 1.33540725708007812500e+00) (13, -8.38089287281036376953e-01) (14, 4.09663468599319458008e-01) 
