FANN_FLO_2.1
num_layers=3
learning_rate=0.400000
connection_rate=1.000000
network_type=0
learning_momentum=0.000000
training_algorithm=2
train_error_function=1
train_stop_function=0
cascade_output_change_fraction=0.010000
quickprop_decay=-0.000100
quickprop_mu=1.750000
rprop_increase_factor=1.200000
rprop_decrease_factor=0.500000
rprop_delta_min=0.000000
rprop_delta_max=50.000000
rprop_delta_zero=0.100000
cascade_output_stagnation_epochs=12
cascade_candidate_change_fraction=0.010000
cascade_candidate_stagnation_epochs=12
cascade_max_out_epochs=150
cascade_min_out_epochs=50
cascade_max_cand_epochs=150
cascade_min_cand_epochs=50
cascade_num_candidate_groups=2
bit_fail_limit=3.49999994039535522461e-01
cascade_candidate_limit=1.00000000000000000000e+03
cascade_weight_multiplier=4.00000005960464477539e-01
cascade_activation_functions_count=10
cascade_activation_functions=3 5 7 8 10 11 14 15 16 17 
cascade_activation_steepnesses_count=4
cascade_activation_steepnesses=2.50000000000000000000e-01 5.00000000000000000000e-01 7.50000000000000000000e-01 1.00000000000000000000e+00 
layer_sizes=6 5 2 
scale_included=0
neurons (num_inputs, activation_function, activation_steepness)=(0, 0, 0.00000000000000000000e+00) (0, 0, 0.00000000000000000000e+00) (0, 0, 0.00000000000000000000e+00) (0, 0, 0.00000000000000000000e+00) (0, 0, 0.00000000000000000000e+00) (0, 0, 0.00000000000000000000e+00) (6, 3, 5.00000000000000000000e-01) (6, 3, 5.00000000000000000000e-01) (6, 3, 5.00000000000000000000e-01) (6, 3, 5.00000000000000000000e-01) (0, 3, 0.00000000000000000000e+00) (5, 0, 5.00000000000000000000e-01) (0, 0, 0.00000000000000000000e+00) 
connections (connected_to_neuron, weight)=(0, -1.50000000000000000000e+03) (1, 1.14783620834350585938e+00) (2, 7.95992889404296875000e+01) (3, 1.80143088102340698242e-01) (4, -8.24323272705078125000e+00) (5, -8.57867956161499023438e-01) (0, -1.47500000000000000000e+03) (1, -1.16656570434570312500e+01) (2, -2.06270170211791992188e+00) (3, -5.32571840286254882812e+00) (4, 4.94303941726684570312e-01) (5, 3.84708404541015625000e-01) (0, -1.47500000000000000000e+03) (1, -3.96644020080566406250e+00) (2, 4.48686218261718750000e+00) (3, 3.21610140800476074219e+00) (4, 4.01334762573242187500e+00) (5, -1.74729239940643310547e+00) (0, -4.01375579833984375000e+00) (1, -8.54537427425384521484e-01) (2, 3.21973681449890136719e-01) (3, -1.94791626930236816406e+00) (4, 6.18217527866363525391e-01) (5, -9.12112176418304443359e-01) (6, 7.84785747528076171875e-01) (7, 6.78959488868713378906e-01) (8, 4.47097212076187133789e-01) (9, 7.22184956073760986328e-01) (10, 4.90146338939666748047e-01) 
