FANN_FLO_2.1
num_layers=4
learning_rate=0.500000
connection_rate=1.000000
network_type=0
learning_momentum=0.000000
training_algorithm=2
train_error_function=1
train_stop_function=0
cascade_output_change_fraction=0.010000
quickprop_decay=-0.000100
quickprop_mu=1.750000
rprop_increase_factor=1.200000
rprop_decrease_factor=0.500000
rprop_delta_min=0.000000
rprop_delta_max=50.000000
rprop_delta_zero=0.100000
cascade_output_stagnation_epochs=12
cascade_candidate_change_fraction=0.010000
cascade_candidate_stagnation_epochs=12
cascade_max_out_epochs=150
cascade_min_out_epochs=50
cascade_max_cand_epochs=150
cascade_min_cand_epochs=50
cascade_num_candidate_groups=2
bit_fail_limit=3.49999994039535522461e-01
cascade_candidate_limit=1.00000000000000000000e+03
cascade_weight_multiplier=4.00000005960464477539e-01
cascade_activation_functions_count=10
cascade_activation_functions=3 5 7 8 10 11 14 15 16 17 
cascade_activation_steepnesses_count=4
cascade_activation_steepnesses=2.50000000000000000000e-01 5.00000000000000000000e-01 7.50000000000000000000e-01 1.00000000000000000000e+00 
layer_sizes=4 5 5 2 
scale_included=0
neurons (num_inputs, activation_function, activation_steepness)=(0, 0, 0.00000000000000000000e+00) (0, 0, 0.00000000000000000000e+00) (0, 0, 0.00000000000000000000e+00) (0, 0, 0.00000000000000000000e+00) (4, 3, 5.00000000000000000000e-01) (4, 3, 5.00000000000000000000e-01) (4, 3, 5.00000000000000000000e-01) (4, 3, 5.00000000000000000000e-01) (0, 3, 0.00000000000000000000e+00) (5, 3, 5.00000000000000000000e-01) (5, 3, 5.00000000000000000000e-01) (5, 3, 5.00000000000000000000e-01) (5, 3, 5.00000000000000000000e-01) (0, 3, 0.00000000000000000000e+00) (5, 3, 5.00000000000000000000e-01) (0, 3, 0.00000000000000000000e+00) 
connections (connected_to_neuron, weight)=(0, -4.88144969940185546875e+00) (1, -8.31031799316406250000e+00) (2, 3.11069846153259277344e-01) (3, 5.20812225341796875000e+00) (0, -8.67843806743621826172e-01) (1, -1.31701021194458007812e+01) (2, -1.44146180152893066406e+00) (3, 2.44440197944641113281e+00) (0, -6.34737777709960937500e+00) (1, -3.23882198333740234375e+00) (2, -1.13775599002838134766e+00) (3, 4.76819515228271484375e+00) (0, -1.51368689537048339844e+00) (1, -1.42678337097167968750e+01) (2, 3.56534218788146972656e+00) (3, 2.38718843460083007812e+00) (4, 1.45402050018310546875e+01) (5, -1.36342821121215820312e+01) (6, 1.94737281799316406250e+01) (7, 7.02283763885498046875e+00) (8, -9.86469078063964843750e+00) (4, 1.55354042053222656250e+01) (5, -1.32942342758178710938e+01) (6, 2.03378868103027343750e+01) (7, 5.74615621566772460938e+00) (8, -1.01647377014160156250e+01) (4, 1.61214046478271484375e+01) (5, -1.35618400573730468750e+01) (6, 1.70362129211425781250e+01) (7, 5.75307273864746093750e+00) (8, -9.54685783386230468750e+00) (4, -2.11946353912353515625e+01) (5, 1.52374181747436523438e+01) (6, -1.73460750579833984375e+01) (7, -3.17783713340759277344e+00) (8, 1.09760885238647460938e+01) (9, -1.02095365524291992188e+00) (10, -7.19722747802734375000e-01) (11, -5.31667351722717285156e-01) (12, 2.24798870086669921875e+00) (13, 4.98700141906738281250e-02) 
