FANN_FLO_2.1
num_layers=3
learning_rate=0.300000
connection_rate=1.000000
network_type=0
learning_momentum=0.000000
training_algorithm=2
train_error_function=1
train_stop_function=0
cascade_output_change_fraction=0.010000
quickprop_decay=-0.000100
quickprop_mu=1.750000
rprop_increase_factor=1.200000
rprop_decrease_factor=0.500000
rprop_delta_min=0.000000
rprop_delta_max=50.000000
rprop_delta_zero=0.100000
cascade_output_stagnation_epochs=12
cascade_candidate_change_fraction=0.010000
cascade_candidate_stagnation_epochs=12
cascade_max_out_epochs=150
cascade_min_out_epochs=50
cascade_max_cand_epochs=150
cascade_min_cand_epochs=50
cascade_num_candidate_groups=2
bit_fail_limit=3.49999994039535522461e-01
cascade_candidate_limit=1.00000000000000000000e+03
cascade_weight_multiplier=4.00000005960464477539e-01
cascade_activation_functions_count=10
cascade_activation_functions=3 5 7 8 10 11 14 15 16 17 
cascade_activation_steepnesses_count=4
cascade_activation_steepnesses=2.50000000000000000000e-01 5.00000000000000000000e-01 7.50000000000000000000e-01 1.00000000000000000000e+00 
layer_sizes=4 9 2 
scale_included=0
neurons (num_inputs, activation_function, activation_steepness)=(0, 0, 0.00000000000000000000e+00) (0, 0, 0.00000000000000000000e+00) (0, 0, 0.00000000000000000000e+00) (0, 0, 0.00000000000000000000e+00) (4, 3, 5.00000000000000000000e-01) (4, 3, 5.00000000000000000000e-01) (4, 3, 5.00000000000000000000e-01) (4, 3, 5.00000000000000000000e-01) (4, 3, 5.00000000000000000000e-01) (4, 3, 5.00000000000000000000e-01) (4, 3, 5.00000000000000000000e-01) (4, 3, 5.00000000000000000000e-01) (0, 3, 0.00000000000000000000e+00) (9, 3, 5.00000000000000000000e-01) (0, 3, 0.00000000000000000000e+00) 
connections (connected_to_neuron, weight)=(0, -1.99146553874015808105e-01) (1, 2.19845883548259735107e-02) (2, -2.58542120456695556641e-01) (3, 4.17157268524169921875e+00) (0, 7.10195016860961914062e+00) (1, 1.00870698690414428711e-01) (2, -4.45076828002929687500e+01) (3, 3.23097229003906250000e-01) (0, -8.15292954444885253906e-01) (1, 6.28378868103027343750e-01) (2, -1.37727534770965576172e+00) (3, 7.15331077575683593750e-01) (0, -7.35569536685943603516e-01) (1, 5.38831532001495361328e-01) (2, -2.53662443161010742188e+00) (3, -8.69800329208374023438e-01) (0, -2.67307415008544921875e+01) (1, 5.82170367240905761719e-01) (2, -2.57507419586181640625e+01) (3, 5.57944059371948242188e-01) (0, -3.80911771208047866821e-03) (1, 7.89324715733528137207e-02) (2, -9.67405855655670166016e-01) (3, 7.59097561240196228027e-02) (0, -8.49990010261535644531e-01) (1, 6.03083372116088867188e-01) (2, -1.32877302169799804688e+00) (3, 7.60406792163848876953e-01) (0, -8.31082701683044433594e-01) (1, 6.27566456794738769531e-01) (2, -2.42499470710754394531e+00) (3, 5.05022287368774414062e-01) (4, -4.17488670349121093750e+00) (5, -7.58548736572265625000e+00) (6, -1.74554422497749328613e-01) (7, -1.58903926610946655273e-01) (8, 1.50000000000000000000e+03) (9, -7.69935190677642822266e-01) (10, -2.69954651594161987305e-01) (11, -1.81212902069091796875e-01) (12, 5.51839947700500488281e-01) 
