FANN_FLO_2.1
num_layers=3
learning_rate=0.500000
connection_rate=1.000000
network_type=0
learning_momentum=0.000000
training_algorithm=2
train_error_function=1
train_stop_function=0
cascade_output_change_fraction=0.010000
quickprop_decay=-0.000100
quickprop_mu=1.750000
rprop_increase_factor=1.200000
rprop_decrease_factor=0.500000
rprop_delta_min=0.000000
rprop_delta_max=50.000000
rprop_delta_zero=0.100000
cascade_output_stagnation_epochs=12
cascade_candidate_change_fraction=0.010000
cascade_candidate_stagnation_epochs=12
cascade_max_out_epochs=150
cascade_min_out_epochs=50
cascade_max_cand_epochs=150
cascade_min_cand_epochs=50
cascade_num_candidate_groups=2
bit_fail_limit=3.49999994039535522461e-01
cascade_candidate_limit=1.00000000000000000000e+03
cascade_weight_multiplier=4.00000005960464477539e-01
cascade_activation_functions_count=10
cascade_activation_functions=3 5 7 8 10 11 14 15 16 17 
cascade_activation_steepnesses_count=4
cascade_activation_steepnesses=2.50000000000000000000e-01 5.00000000000000000000e-01 7.50000000000000000000e-01 1.00000000000000000000e+00 
layer_sizes=10 5 2 
scale_included=0
neurons (num_inputs, activation_function, activation_steepness)=(0, 0, 0.00000000000000000000e+00) (0, 0, 0.00000000000000000000e+00) (0, 0, 0.00000000000000000000e+00) (0, 0, 0.00000000000000000000e+00) (0, 0, 0.00000000000000000000e+00) (0, 0, 0.00000000000000000000e+00) (0, 0, 0.00000000000000000000e+00) (0, 0, 0.00000000000000000000e+00) (0, 0, 0.00000000000000000000e+00) (0, 0, 0.00000000000000000000e+00) (10, 3, 5.00000000000000000000e-01) (10, 3, 5.00000000000000000000e-01) (10, 3, 5.00000000000000000000e-01) (10, 3, 5.00000000000000000000e-01) (0, 3, 0.00000000000000000000e+00) (5, 3, 5.00000000000000000000e-01) (0, 3, 0.00000000000000000000e+00) 
connections (connected_to_neuron, weight)=(0, -5.37953853607177734375e-01) (1, -4.38366234302520751953e-01) (2, -5.59058129787445068359e-01) (3, -5.58801889419555664062e-01) (4, -3.72032254934310913086e-01) (5, -5.08047401905059814453e-01) (6, -5.52963733673095703125e-01) (7, -4.79532092809677124023e-01) (8, -5.55442631244659423828e-01) (9, 1.81815969944000244141e+00) (0, 8.08440566062927246094e-01) (1, 5.39283418655395507812e+00) (2, 2.66614603996276855469e+00) (3, 6.32051420211791992188e+00) (4, 2.91076564788818359375e+00) (5, 5.13373613357543945312e+00) (6, 1.24975895881652832031e+00) (7, 4.17935609817504882812e+00) (8, 3.08623623847961425781e+00) (9, -4.84506368637084960938e+00) (0, -5.71100652217864990234e-01) (1, -4.79042619466781616211e-01) (2, -5.03913402557373046875e-01) (3, -4.70242977142333984375e-01) (4, -6.25846683979034423828e-01) (5, -5.73109507560729980469e-01) (6, -5.55275559425354003906e-01) (7, -6.43791973590850830078e-01) (8, -4.25818622112274169922e-01) (9, 2.13487982749938964844e+00) (0, -5.46158194541931152344e-01) (1, -5.92009186744689941406e-01) (2, -5.51871180534362792969e-01) (3, -5.15371203422546386719e-01) (4, -5.60605406761169433594e-01) (5, -5.27945280075073242188e-01) (6, -4.90984052419662475586e-01) (7, -4.99571233987808227539e-01) (8, -5.67737936973571777344e-01) (9, 2.23063921928405761719e+00) (10, -1.16388571262359619141e+00) (11, 1.18558144569396972656e+00) (12, -1.04375267028808593750e+00) (13, -1.42589640617370605469e+00) (14, 3.58135908842086791992e-01) 
