FANN_FLO_2.1
num_layers=3
learning_rate=0.400000
connection_rate=1.000000
network_type=0
learning_momentum=0.000000
training_algorithm=2
train_error_function=1
train_stop_function=0
cascade_output_change_fraction=0.010000
quickprop_decay=-0.000100
quickprop_mu=1.750000
rprop_increase_factor=1.200000
rprop_decrease_factor=0.500000
rprop_delta_min=0.000000
rprop_delta_max=50.000000
rprop_delta_zero=0.100000
cascade_output_stagnation_epochs=12
cascade_candidate_change_fraction=0.010000
cascade_candidate_stagnation_epochs=12
cascade_max_out_epochs=150
cascade_min_out_epochs=50
cascade_max_cand_epochs=150
cascade_min_cand_epochs=50
cascade_num_candidate_groups=2
bit_fail_limit=3.49999994039535522461e-01
cascade_candidate_limit=1.00000000000000000000e+03
cascade_weight_multiplier=4.00000005960464477539e-01
cascade_activation_functions_count=10
cascade_activation_functions=3 5 7 8 10 11 14 15 16 17 
cascade_activation_steepnesses_count=4
cascade_activation_steepnesses=2.50000000000000000000e-01 5.00000000000000000000e-01 7.50000000000000000000e-01 1.00000000000000000000e+00 
layer_sizes=6 5 2 
scale_included=0
neurons (num_inputs, activation_function, activation_steepness)=(0, 0, 0.00000000000000000000e+00) (0, 0, 0.00000000000000000000e+00) (0, 0, 0.00000000000000000000e+00) (0, 0, 0.00000000000000000000e+00) (0, 0, 0.00000000000000000000e+00) (0, 0, 0.00000000000000000000e+00) (6, 3, 5.00000000000000000000e-01) (6, 3, 5.00000000000000000000e-01) (6, 3, 5.00000000000000000000e-01) (6, 3, 5.00000000000000000000e-01) (0, 3, 0.00000000000000000000e+00) (5, 0, 5.00000000000000000000e-01) (0, 0, 0.00000000000000000000e+00) 
connections (connected_to_neuron, weight)=(0, -1.50000000000000000000e+03) (1, -1.50000000000000000000e+03) (2, 1.01112203598022460938e+01) (3, -1.30076171875000000000e+02) (4, -1.48721481323242187500e+02) (5, -5.49916148185729980469e-01) (0, -1.50000000000000000000e+03) (1, -1.50000000000000000000e+03) (2, 5.29198694229125976562e+00) (3, -1.78041885375976562500e+02) (4, -5.41303062438964843750e+00) (5, -9.25059700012207031250e+00) (0, -1.50000000000000000000e+03) (1, -1.50000000000000000000e+03) (2, 5.32420015335083007812e+00) (3, -1.87774108886718750000e+02) (4, 2.08971138000488281250e+01) (5, -3.30632972717285156250e+01) (0, -1.50000000000000000000e+03) (1, -3.42266387939453125000e+01) (2, 1.35530424118041992188e+01) (3, -2.87740993499755859375e+00) (4, 1.09691152572631835938e+01) (5, 4.39212858676910400391e-01) (6, 1.46106786727905273438e+01) (7, 2.44294691085815429688e+00) (8, 1.59470729827880859375e+01) (9, 2.06010270118713378906e+00) (10, 7.25246548652648925781e-01) 
