FANN_FLO_2.1
num_layers=3
learning_rate=0.400000
connection_rate=1.000000
network_type=0
learning_momentum=0.000000
training_algorithm=2
train_error_function=1
train_stop_function=0
cascade_output_change_fraction=0.010000
quickprop_decay=-0.000100
quickprop_mu=1.750000
rprop_increase_factor=1.200000
rprop_decrease_factor=0.500000
rprop_delta_min=0.000000
rprop_delta_max=50.000000
rprop_delta_zero=0.100000
cascade_output_stagnation_epochs=12
cascade_candidate_change_fraction=0.010000
cascade_candidate_stagnation_epochs=12
cascade_max_out_epochs=150
cascade_min_out_epochs=50
cascade_max_cand_epochs=150
cascade_min_cand_epochs=50
cascade_num_candidate_groups=2
bit_fail_limit=3.49999994039535522461e-01
cascade_candidate_limit=1.00000000000000000000e+03
cascade_weight_multiplier=4.00000005960464477539e-01
cascade_activation_functions_count=10
cascade_activation_functions=3 5 7 8 10 11 14 15 16 17 
cascade_activation_steepnesses_count=4
cascade_activation_steepnesses=2.50000000000000000000e-01 5.00000000000000000000e-01 7.50000000000000000000e-01 1.00000000000000000000e+00 
layer_sizes=6 5 2 
scale_included=0
neurons (num_inputs, activation_function, activation_steepness)=(0, 0, 0.00000000000000000000e+00) (0, 0, 0.00000000000000000000e+00) (0, 0, 0.00000000000000000000e+00) (0, 0, 0.00000000000000000000e+00) (0, 0, 0.00000000000000000000e+00) (0, 0, 0.00000000000000000000e+00) (6, 3, 5.00000000000000000000e-01) (6, 3, 5.00000000000000000000e-01) (6, 3, 5.00000000000000000000e-01) (6, 3, 5.00000000000000000000e-01) (0, 3, 0.00000000000000000000e+00) (5, 0, 5.00000000000000000000e-01) (0, 0, 0.00000000000000000000e+00) 
connections (connected_to_neuron, weight)=(0, -1.50000000000000000000e+03) (1, -1.50000000000000000000e+03) (2, 2.54966156005859375000e+02) (3, -6.49169464111328125000e+01) (4, -2.84676940917968750000e+02) (5, 1.12323713302612304688e+00) (0, -6.06261352539062500000e+02) (1, -6.06261352539062500000e+02) (2, 3.47376220703125000000e+02) (3, -3.72679138183593750000e+01) (4, -3.14031250000000000000e+02) (5, -2.54062023013830184937e-02) (0, -1.50000000000000000000e+03) (1, -1.50000000000000000000e+03) (2, 5.83088455200195312500e+01) (3, -4.18080186843872070312e+00) (4, -5.35178833007812500000e+01) (5, 5.34931480884552001953e-01) (0, -1.50000000000000000000e+03) (1, -8.15836425781250000000e+02) (2, 3.45203521728515625000e+02) (3, -3.76384811401367187500e+01) (4, -3.16609313964843750000e+02) (5, -6.09318651258945465088e-02) (6, 1.12771120071411132812e+01) (7, -2.68555760383605957031e-01) (8, 2.35730209350585937500e+01) (9, 8.55678379535675048828e-01) (10, 7.96955168247222900391e-01) 
