FANN_FLO_2.1
num_layers=3
learning_rate=0.500000
connection_rate=1.000000
network_type=0
learning_momentum=0.000000
training_algorithm=2
train_error_function=1
train_stop_function=0
cascade_output_change_fraction=0.010000
quickprop_decay=-0.000100
quickprop_mu=1.750000
rprop_increase_factor=1.200000
rprop_decrease_factor=0.500000
rprop_delta_min=0.000000
rprop_delta_max=50.000000
rprop_delta_zero=0.100000
cascade_output_stagnation_epochs=12
cascade_candidate_change_fraction=0.010000
cascade_candidate_stagnation_epochs=12
cascade_max_out_epochs=150
cascade_min_out_epochs=50
cascade_max_cand_epochs=150
cascade_min_cand_epochs=50
cascade_num_candidate_groups=2
bit_fail_limit=3.49999994039535522461e-01
cascade_candidate_limit=1.00000000000000000000e+03
cascade_weight_multiplier=4.00000005960464477539e-01
cascade_activation_functions_count=10
cascade_activation_functions=3 5 7 8 10 11 14 15 16 17 
cascade_activation_steepnesses_count=4
cascade_activation_steepnesses=2.50000000000000000000e-01 5.00000000000000000000e-01 7.50000000000000000000e-01 1.00000000000000000000e+00 
layer_sizes=10 3 2 
scale_included=0
neurons (num_inputs, activation_function, activation_steepness)=(0, 0, 0.00000000000000000000e+00) (0, 0, 0.00000000000000000000e+00) (0, 0, 0.00000000000000000000e+00) (0, 0, 0.00000000000000000000e+00) (0, 0, 0.00000000000000000000e+00) (0, 0, 0.00000000000000000000e+00) (0, 0, 0.00000000000000000000e+00) (0, 0, 0.00000000000000000000e+00) (0, 0, 0.00000000000000000000e+00) (0, 0, 0.00000000000000000000e+00) (10, 3, 5.00000000000000000000e-01) (10, 3, 5.00000000000000000000e-01) (0, 3, 0.00000000000000000000e+00) (3, 3, 5.00000000000000000000e-01) (0, 3, 0.00000000000000000000e+00) 
connections (connected_to_neuron, weight)=(0, -3.10149908065795898438e-01) (1, -3.40750753879547119141e-01) (2, -6.31966412067413330078e-01) (3, -4.02697771787643432617e-01) (4, -3.84716570377349853516e-01) (5, -3.59780818223953247070e-01) (6, -2.54118233919143676758e-01) (7, -3.38389962911605834961e-01) (8, -3.49740713834762573242e-01) (9, 7.15082108974456787109e-01) (0, -3.99120837450027465820e-01) (1, -4.33467209339141845703e-01) (2, -7.73270279169082641602e-02) (3, -3.14704507589340209961e-01) (4, -3.46048176288604736328e-01) (5, -4.13480639457702636719e-01) (6, -4.99756842851638793945e-01) (7, -3.93947958946228027344e-01) (8, -3.80767732858657836914e-01) (9, 5.99671423435211181641e-01) (10, -2.99231553077697753906e+00) (11, -3.06140303611755371094e+00) (12, 1.64377307891845703125e+00) 
