FANN_FLO_2.1
num_layers=4
learning_rate=0.450000
connection_rate=1.000000
network_type=0
learning_momentum=0.000000
training_algorithm=2
train_error_function=1
train_stop_function=0
cascade_output_change_fraction=0.010000
quickprop_decay=-0.000100
quickprop_mu=1.750000
rprop_increase_factor=1.200000
rprop_decrease_factor=0.500000
rprop_delta_min=0.000000
rprop_delta_max=50.000000
rprop_delta_zero=0.100000
cascade_output_stagnation_epochs=12
cascade_candidate_change_fraction=0.010000
cascade_candidate_stagnation_epochs=12
cascade_max_out_epochs=150
cascade_min_out_epochs=50
cascade_max_cand_epochs=150
cascade_min_cand_epochs=50
cascade_num_candidate_groups=2
bit_fail_limit=3.49999994039535522461e-01
cascade_candidate_limit=1.00000000000000000000e+03
cascade_weight_multiplier=4.00000005960464477539e-01
cascade_activation_functions_count=10
cascade_activation_functions=3 5 7 8 10 11 14 15 16 17 
cascade_activation_steepnesses_count=4
cascade_activation_steepnesses=2.50000000000000000000e-01 5.00000000000000000000e-01 7.50000000000000000000e-01 1.00000000000000000000e+00 
layer_sizes=7 5 3 2 
scale_included=0
neurons (num_inputs, activation_function, activation_steepness)=(0, 0, 0.00000000000000000000e+00) (0, 0, 0.00000000000000000000e+00) (0, 0, 0.00000000000000000000e+00) (0, 0, 0.00000000000000000000e+00) (0, 0, 0.00000000000000000000e+00) (0, 0, 0.00000000000000000000e+00) (0, 0, 0.00000000000000000000e+00) (7, 3, 5.00000000000000000000e-01) (7, 3, 5.00000000000000000000e-01) (7, 3, 5.00000000000000000000e-01) (7, 3, 5.00000000000000000000e-01) (0, 3, 0.00000000000000000000e+00) (5, 3, 5.00000000000000000000e-01) (5, 3, 5.00000000000000000000e-01) (0, 3, 0.00000000000000000000e+00) (3, 0, 5.00000000000000000000e-01) (0, 0, 0.00000000000000000000e+00) 
connections (connected_to_neuron, weight)=(0, 1.24357519671320915222e-02) (1, -3.34992557764053344727e-02) (2, 4.95708972215652465820e-01) (3, 5.44000640511512756348e-02) (4, -5.38784682750701904297e-01) (5, 4.54547703266143798828e-02) (6, -1.84614717960357666016e+00) (0, 1.48484170436859130859e-01) (1, 5.01179657876491546631e-02) (2, 3.16050350666046142578e-01) (3, 9.41911786794662475586e-02) (4, -7.15600311756134033203e-01) (5, 1.91789403557777404785e-01) (6, -3.19456839561462402344e+00) (0, 2.48357057571411132812e-02) (1, 2.21777975559234619141e-01) (2, 8.54925990104675292969e-01) (3, -1.11875645816326141357e-02) (4, -9.97311413288116455078e-01) (5, 1.43624693155288696289e-02) (6, -2.59412431716918945312e+00) (0, 1.29781439900398254395e-01) (1, 4.69050854444503784180e-02) (2, 2.10976943373680114746e-01) (3, -6.11511059105396270752e-03) (4, -3.57174724340438842773e-01) (5, 4.69354465603828430176e-02) (6, -3.54705667495727539062e+00) (7, -1.61097061634063720703e+00) (8, 6.90273106098175048828e-01) (9, 1.04559392929077148438e+01) (10, 1.00404672622680664062e+01) (11, -8.14349746704101562500e+00) (7, 5.39612412452697753906e-01) (8, 5.20299291610717773438e+00) (9, 5.20673036575317382812e+00) (10, -2.14225807189941406250e+01) (11, -2.72686576843261718750e+00) (12, 3.79264764487743377686e-02) (13, 9.87331807613372802734e-01) (14, -4.63246181607246398926e-02) 
