FANN_FLO_2.1
num_layers=4
learning_rate=0.450000
connection_rate=1.000000
network_type=0
learning_momentum=0.000000
training_algorithm=2
train_error_function=1
train_stop_function=0
cascade_output_change_fraction=0.010000
quickprop_decay=-0.000100
quickprop_mu=1.750000
rprop_increase_factor=1.200000
rprop_decrease_factor=0.500000
rprop_delta_min=0.000000
rprop_delta_max=50.000000
rprop_delta_zero=0.100000
cascade_output_stagnation_epochs=12
cascade_candidate_change_fraction=0.010000
cascade_candidate_stagnation_epochs=12
cascade_max_out_epochs=150
cascade_min_out_epochs=50
cascade_max_cand_epochs=150
cascade_min_cand_epochs=50
cascade_num_candidate_groups=2
bit_fail_limit=3.49999994039535522461e-01
cascade_candidate_limit=1.00000000000000000000e+03
cascade_weight_multiplier=4.00000005960464477539e-01
cascade_activation_functions_count=10
cascade_activation_functions=3 5 7 8 10 11 14 15 16 17 
cascade_activation_steepnesses_count=4
cascade_activation_steepnesses=2.50000000000000000000e-01 5.00000000000000000000e-01 7.50000000000000000000e-01 1.00000000000000000000e+00 
layer_sizes=7 3 3 2 
scale_included=0
neurons (num_inputs, activation_function, activation_steepness)=(0, 0, 0.00000000000000000000e+00) (0, 0, 0.00000000000000000000e+00) (0, 0, 0.00000000000000000000e+00) (0, 0, 0.00000000000000000000e+00) (0, 0, 0.00000000000000000000e+00) (0, 0, 0.00000000000000000000e+00) (0, 0, 0.00000000000000000000e+00) (7, 3, 5.00000000000000000000e-01) (7, 3, 5.00000000000000000000e-01) (0, 3, 0.00000000000000000000e+00) (3, 3, 5.00000000000000000000e-01) (3, 3, 5.00000000000000000000e-01) (0, 3, 0.00000000000000000000e+00) (3, 0, 5.00000000000000000000e-01) (0, 0, 0.00000000000000000000e+00) 
connections (connected_to_neuron, weight)=(0, 6.72418773174285888672e-01) (1, 7.07718944549560546875e+00) (2, -5.78628444671630859375e+00) (3, 7.26304650306701660156e-01) (4, 2.32082128524780273438e+00) (5, -3.82159447669982910156e+00) (6, 4.33504134416580200195e-01) (0, 4.40826267004013061523e-01) (1, 2.62269496917724609375e+00) (2, -2.99098801612854003906e+00) (3, 3.58798086643218994141e-01) (4, 1.23203194141387939453e+00) (5, -1.79238069057464599609e+00) (6, 9.08094286918640136719e-01) (7, -1.50000000000000000000e+03) (8, 3.41999511718750000000e+01) (9, -5.71171903610229492188e+00) (7, 6.02074193954467773438e+00) (8, -6.46255340576171875000e+01) (9, 2.05235838890075683594e+00) (10, 2.06593036651611328125e+01) (11, 3.76175977289676666260e-02) (12, 1.28527022898197174072e-02) 
