FANN_FLO_2.1
num_layers=3
learning_rate=0.400000
connection_rate=1.000000
network_type=0
learning_momentum=0.000000
training_algorithm=2
train_error_function=1
train_stop_function=0
cascade_output_change_fraction=0.010000
quickprop_decay=-0.000100
quickprop_mu=1.750000
rprop_increase_factor=1.200000
rprop_decrease_factor=0.500000
rprop_delta_min=0.000000
rprop_delta_max=50.000000
rprop_delta_zero=0.100000
cascade_output_stagnation_epochs=12
cascade_candidate_change_fraction=0.010000
cascade_candidate_stagnation_epochs=12
cascade_max_out_epochs=150
cascade_min_out_epochs=50
cascade_max_cand_epochs=150
cascade_min_cand_epochs=50
cascade_num_candidate_groups=2
bit_fail_limit=3.49999994039535522461e-01
cascade_candidate_limit=1.00000000000000000000e+03
cascade_weight_multiplier=4.00000005960464477539e-01
cascade_activation_functions_count=10
cascade_activation_functions=3 5 7 8 10 11 14 15 16 17 
cascade_activation_steepnesses_count=4
cascade_activation_steepnesses=2.50000000000000000000e-01 5.00000000000000000000e-01 7.50000000000000000000e-01 1.00000000000000000000e+00 
layer_sizes=10 3 2 
scale_included=0
neurons (num_inputs, activation_function, activation_steepness)=(0, 0, 0.00000000000000000000e+00) (0, 0, 0.00000000000000000000e+00) (0, 0, 0.00000000000000000000e+00) (0, 0, 0.00000000000000000000e+00) (0, 0, 0.00000000000000000000e+00) (0, 0, 0.00000000000000000000e+00) (0, 0, 0.00000000000000000000e+00) (0, 0, 0.00000000000000000000e+00) (0, 0, 0.00000000000000000000e+00) (0, 0, 0.00000000000000000000e+00) (10, 3, 5.00000000000000000000e-01) (10, 3, 5.00000000000000000000e-01) (0, 3, 0.00000000000000000000e+00) (3, 3, 5.00000000000000000000e-01) (0, 3, 0.00000000000000000000e+00) 
connections (connected_to_neuron, weight)=(0, -1.69293731451034545898e-01) (1, -1.94973587989807128906e-01) (2, -2.28409096598625183105e-02) (3, -9.55007225275039672852e-02) (4, -5.92781826853752136230e-02) (5, -2.02656254172325134277e-01) (6, -5.65279051661491394043e-02) (7, -9.04630646109580993652e-02) (8, -8.82215872406959533691e-02) (9, -8.31435099244117736816e-02) (0, 9.26903933286666870117e-02) (1, 1.56103789806365966797e-01) (2, 3.54466214776039123535e-02) (3, 1.83961540460586547852e-01) (4, 4.62946370244026184082e-02) (5, 7.28088915348052978516e-02) (6, 1.51547431945800781250e-01) (7, 1.36148169636726379395e-01) (8, 1.96463197469711303711e-01) (9, 4.22721505165100097656e-02) (10, -1.03598222136497497559e-01) (11, -1.26547351479530334473e-01) (12, -1.25084668397903442383e-01) 
