FANN_FLO_2.1
num_layers=4
learning_rate=0.300000
connection_rate=1.000000
network_type=0
learning_momentum=0.000000
training_algorithm=2
train_error_function=1
train_stop_function=0
cascade_output_change_fraction=0.010000
quickprop_decay=-0.000100
quickprop_mu=1.750000
rprop_increase_factor=1.200000
rprop_decrease_factor=0.500000
rprop_delta_min=0.000000
rprop_delta_max=50.000000
rprop_delta_zero=0.100000
cascade_output_stagnation_epochs=12
cascade_candidate_change_fraction=0.010000
cascade_candidate_stagnation_epochs=12
cascade_max_out_epochs=150
cascade_min_out_epochs=50
cascade_max_cand_epochs=150
cascade_min_cand_epochs=50
cascade_num_candidate_groups=2
bit_fail_limit=3.49999994039535522461e-01
cascade_candidate_limit=1.00000000000000000000e+03
cascade_weight_multiplier=4.00000005960464477539e-01
cascade_activation_functions_count=10
cascade_activation_functions=3 5 7 8 10 11 14 15 16 17 
cascade_activation_steepnesses_count=4
cascade_activation_steepnesses=2.50000000000000000000e-01 5.00000000000000000000e-01 7.50000000000000000000e-01 1.00000000000000000000e+00 
layer_sizes=2 5 5 3 
scale_included=0
neurons (num_inputs, activation_function, activation_steepness)=(0, 0, 0.00000000000000000000e+00) (0, 0, 0.00000000000000000000e+00) (2, 3, 5.00000000000000000000e-01) (2, 3, 5.00000000000000000000e-01) (2, 3, 5.00000000000000000000e-01) (2, 3, 5.00000000000000000000e-01) (0, 3, 0.00000000000000000000e+00) (5, 3, 5.00000000000000000000e-01) (5, 3, 5.00000000000000000000e-01) (5, 3, 5.00000000000000000000e-01) (5, 3, 5.00000000000000000000e-01) (0, 3, 0.00000000000000000000e+00) (5, 0, 5.00000000000000000000e-01) (5, 0, 5.00000000000000000000e-01) (0, 0, 0.00000000000000000000e+00) 
connections (connected_to_neuron, weight)=(0, -1.46807575225830078125e+00) (1, -4.53209209442138671875e+00) (0, 3.74010086059570312500e+01) (1, -4.86141264438629150391e-01) (0, 1.47547912597656250000e+01) (1, -6.59915059804916381836e-02) (0, 3.93139266967773437500e+00) (1, 6.50428473949432373047e-01) (2, 3.89890575408935546875e+00) (3, -3.87309694290161132812e+00) (4, 1.60911664366722106934e-01) (5, 6.57558143138885498047e-01) (6, -2.06758007407188415527e-01) (2, 3.82340288162231445312e+00) (3, -7.28357672691345214844e-01) (4, 3.70726376771926879883e-01) (5, 3.27740645408630371094e+00) (6, -5.19614577293395996094e-01) (2, 2.81962418556213378906e+00) (3, -1.11368217468261718750e+01) (4, 5.71340084075927734375e-01) (5, 4.36033964157104492188e+00) (6, -5.07424660027027130127e-02) (2, 3.85425853729248046875e+00) (3, -9.15648841857910156250e+00) (4, 3.08556854724884033203e-01) (5, 4.26672315597534179688e+00) (6, -4.53084826469421386719e-01) (7, 4.57054935395717620850e-02) (8, -5.77339380979537963867e-02) (9, 5.19616067409515380859e-01) (10, -5.77989146113395690918e-02) (11, -2.79881328344345092773e-01) (7, -5.81498324871063232422e-01) (8, -5.54260134696960449219e-01) (9, -5.81634044647216796875e-01) (10, -5.15272974967956542969e-01) (11, -4.89702463150024414062e-01) 
