FANN_FLO_2.1
num_layers=3
learning_rate=0.450000
connection_rate=1.000000
network_type=0
learning_momentum=0.000000
training_algorithm=2
train_error_function=1
train_stop_function=0
cascade_output_change_fraction=0.010000
quickprop_decay=-0.000100
quickprop_mu=1.750000
rprop_increase_factor=1.200000
rprop_decrease_factor=0.500000
rprop_delta_min=0.000000
rprop_delta_max=50.000000
rprop_delta_zero=0.100000
cascade_output_stagnation_epochs=12
cascade_candidate_change_fraction=0.010000
cascade_candidate_stagnation_epochs=12
cascade_max_out_epochs=150
cascade_min_out_epochs=50
cascade_max_cand_epochs=150
cascade_min_cand_epochs=50
cascade_num_candidate_groups=2
bit_fail_limit=3.49999994039535522461e-01
cascade_candidate_limit=1.00000000000000000000e+03
cascade_weight_multiplier=4.00000005960464477539e-01
cascade_activation_functions_count=10
cascade_activation_functions=3 5 7 8 10 11 14 15 16 17 
cascade_activation_steepnesses_count=4
cascade_activation_steepnesses=2.50000000000000000000e-01 5.00000000000000000000e-01 7.50000000000000000000e-01 1.00000000000000000000e+00 
layer_sizes=7 5 2 
scale_included=0
neurons (num_inputs, activation_function, activation_steepness)=(0, 0, 0.00000000000000000000e+00) (0, 0, 0.00000000000000000000e+00) (0, 0, 0.00000000000000000000e+00) (0, 0, 0.00000000000000000000e+00) (0, 0, 0.00000000000000000000e+00) (0, 0, 0.00000000000000000000e+00) (0, 0, 0.00000000000000000000e+00) (7, 3, 5.00000000000000000000e-01) (7, 3, 5.00000000000000000000e-01) (7, 3, 5.00000000000000000000e-01) (7, 3, 5.00000000000000000000e-01) (0, 3, 0.00000000000000000000e+00) (5, 0, 5.00000000000000000000e-01) (0, 0, 0.00000000000000000000e+00) 
connections (connected_to_neuron, weight)=(0, -2.54974067211151123047e-01) (1, -1.07297205924987792969e+00) (2, 1.26634132862091064453e+00) (3, -1.69442206621170043945e-01) (4, -5.66956758499145507812e-01) (5, 7.52060711383819580078e-01) (6, -7.52826273441314697266e-01) (0, 8.58251098543405532837e-03) (1, -4.74033467471599578857e-02) (2, 1.10690927505493164062e+00) (3, -1.23399943113327026367e-01) (4, -2.62476593255996704102e-01) (5, -4.63829964399337768555e-01) (6, -1.29491710662841796875e+00) (0, 1.08055651187896728516e+00) (1, -1.50000000000000000000e+03) (2, 1.50000000000000000000e+03) (3, 8.16663622856140136719e-01) (4, 3.27012756347656250000e+02) (5, 1.50000000000000000000e+03) (6, 6.29724979400634765625e-01) (0, -6.73829555511474609375e-01) (1, 3.46791118383407592773e-01) (2, 3.27199602127075195312e+00) (3, 8.66232253611087799072e-03) (4, -1.08885276317596435547e+00) (5, -1.47021389007568359375e+00) (6, -9.63162899017333984375e-01) (7, 3.49424123764038085938e-01) (8, 2.45708391070365905762e-01) (9, -2.50335931777954101562e-02) (10, -2.52730667591094970703e-01) (11, 9.36707854270935058594e-03) 
