FANN_FLO_2.1
num_layers=3
learning_rate=0.500000
connection_rate=1.000000
network_type=0
learning_momentum=0.000000
training_algorithm=2
train_error_function=1
train_stop_function=0
cascade_output_change_fraction=0.010000
quickprop_decay=-0.000100
quickprop_mu=1.750000
rprop_increase_factor=1.200000
rprop_decrease_factor=0.500000
rprop_delta_min=0.000000
rprop_delta_max=50.000000
rprop_delta_zero=0.100000
cascade_output_stagnation_epochs=12
cascade_candidate_change_fraction=0.010000
cascade_candidate_stagnation_epochs=12
cascade_max_out_epochs=150
cascade_min_out_epochs=50
cascade_max_cand_epochs=150
cascade_min_cand_epochs=50
cascade_num_candidate_groups=2
bit_fail_limit=3.49999994039535522461e-01
cascade_candidate_limit=1.00000000000000000000e+03
cascade_weight_multiplier=4.00000005960464477539e-01
cascade_activation_functions_count=10
cascade_activation_functions=3 5 7 8 10 11 14 15 16 17 
cascade_activation_steepnesses_count=4
cascade_activation_steepnesses=2.50000000000000000000e-01 5.00000000000000000000e-01 7.50000000000000000000e-01 1.00000000000000000000e+00 
layer_sizes=7 5 2 
scale_included=0
neurons (num_inputs, activation_function, activation_steepness)=(0, 0, 0.00000000000000000000e+00) (0, 0, 0.00000000000000000000e+00) (0, 0, 0.00000000000000000000e+00) (0, 0, 0.00000000000000000000e+00) (0, 0, 0.00000000000000000000e+00) (0, 0, 0.00000000000000000000e+00) (0, 0, 0.00000000000000000000e+00) (7, 3, 5.00000000000000000000e-01) (7, 3, 5.00000000000000000000e-01) (7, 3, 5.00000000000000000000e-01) (7, 3, 5.00000000000000000000e-01) (0, 3, 0.00000000000000000000e+00) (5, 0, 5.00000000000000000000e-01) (0, 0, 0.00000000000000000000e+00) 
connections (connected_to_neuron, weight)=(0, 1.83393154293298721313e-02) (1, -3.12885135412216186523e-01) (2, -3.15641835331916809082e-02) (3, -6.66623748838901519775e-03) (4, 6.55260384082794189453e-02) (5, 2.71274030208587646484e-01) (6, -1.59976077079772949219e+00) (0, -4.50313925743103027344e-01) (1, -4.63681928813457489014e-02) (2, -4.97910946607589721680e-01) (3, -1.71224892139434814453e-01) (4, -2.48948216438293457031e-01) (5, 1.26767265796661376953e+00) (6, -3.58185797929763793945e-01) (0, 9.93142414093017578125e+00) (1, 2.56055498123168945312e+00) (2, -1.46918835449218750000e+03) (3, -3.78526359796524047852e-01) (4, -1.92721977233886718750e+01) (5, -8.75055908203125000000e+02) (6, -3.54921191930770874023e-01) (0, -8.87344482421875000000e+02) (1, -2.00803985595703125000e+01) (2, -7.69848144531250000000e+02) (3, -1.84234988689422607422e+00) (4, -9.18072223663330078125e+00) (5, -3.80688659667968750000e+02) (6, -1.72666573524475097656e+00) (7, 9.23963412642478942871e-02) (8, -8.90506580471992492676e-02) (9, -3.97622013092041015625e+00) (10, 1.50000000000000000000e+03) (11, 6.08698371797800064087e-03) 
