FANN_FLO_2.1
num_layers=3
learning_rate=0.500000
connection_rate=1.000000
network_type=0
learning_momentum=0.000000
training_algorithm=2
train_error_function=1
train_stop_function=0
cascade_output_change_fraction=0.010000
quickprop_decay=-0.000100
quickprop_mu=1.750000
rprop_increase_factor=1.200000
rprop_decrease_factor=0.500000
rprop_delta_min=0.000000
rprop_delta_max=50.000000
rprop_delta_zero=0.100000
cascade_output_stagnation_epochs=12
cascade_candidate_change_fraction=0.010000
cascade_candidate_stagnation_epochs=12
cascade_max_out_epochs=150
cascade_min_out_epochs=50
cascade_max_cand_epochs=150
cascade_min_cand_epochs=50
cascade_num_candidate_groups=2
bit_fail_limit=3.49999994039535522461e-01
cascade_candidate_limit=1.00000000000000000000e+03
cascade_weight_multiplier=4.00000005960464477539e-01
cascade_activation_functions_count=10
cascade_activation_functions=3 5 7 8 10 11 14 15 16 17 
cascade_activation_steepnesses_count=4
cascade_activation_steepnesses=2.50000000000000000000e-01 5.00000000000000000000e-01 7.50000000000000000000e-01 1.00000000000000000000e+00 
layer_sizes=3 5 4 
scale_included=0
neurons (num_inputs, activation_function, activation_steepness)=(0, 0, 0.00000000000000000000e+00) (0, 0, 0.00000000000000000000e+00) (0, 0, 0.00000000000000000000e+00) (3, 3, 5.00000000000000000000e-01) (3, 3, 5.00000000000000000000e-01) (3, 3, 5.00000000000000000000e-01) (3, 3, 5.00000000000000000000e-01) (0, 3, 0.00000000000000000000e+00) (5, 0, 5.00000000000000000000e-01) (5, 0, 5.00000000000000000000e-01) (5, 0, 5.00000000000000000000e-01) (0, 0, 0.00000000000000000000e+00) 
connections (connected_to_neuron, weight)=(0, -2.09453659057617187500e+01) (1, 8.00556278228759765625e+00) (2, -4.81540298461914062500e+00) (0, -1.24956932067871093750e+01) (1, 9.47058773040771484375e+00) (2, 6.43697023391723632812e-01) (0, -1.25848329067230224609e+00) (1, -9.64418530464172363281e-01) (2, 2.64928072690963745117e-01) (0, -1.23011960983276367188e+01) (1, 1.43106098175048828125e+01) (2, 6.71128177642822265625e+00) (3, 1.75027549266815185547e+00) (4, 1.26920545101165771484e+00) (5, 5.81799650192260742188e+00) (6, 1.43478643894195556641e+00) (7, 8.25195074081420898438e-01) (3, 4.08186864852905273438e+00) (4, 4.55673646926879882812e+00) (5, 1.69784011840820312500e+01) (6, 4.96799945831298828125e+00) (7, 3.89983916282653808594e+00) (3, 1.17825975418090820312e+01) (4, 1.30963182449340820312e+01) (5, 5.56351699829101562500e+01) (6, 1.53106269836425781250e+01) (7, 1.96828937530517578125e+01) 
