FANN_FLO_2.1
num_layers=3
learning_rate=0.500000
connection_rate=1.000000
network_type=0
learning_momentum=0.000000
training_algorithm=2
train_error_function=1
train_stop_function=0
cascade_output_change_fraction=0.010000
quickprop_decay=-0.000100
quickprop_mu=1.750000
rprop_increase_factor=1.200000
rprop_decrease_factor=0.500000
rprop_delta_min=0.000000
rprop_delta_max=50.000000
rprop_delta_zero=0.100000
cascade_output_stagnation_epochs=12
cascade_candidate_change_fraction=0.010000
cascade_candidate_stagnation_epochs=12
cascade_max_out_epochs=150
cascade_min_out_epochs=50
cascade_max_cand_epochs=150
cascade_min_cand_epochs=50
cascade_num_candidate_groups=2
bit_fail_limit=3.49999994039535522461e-01
cascade_candidate_limit=1.00000000000000000000e+03
cascade_weight_multiplier=4.00000005960464477539e-01
cascade_activation_functions_count=10
cascade_activation_functions=3 5 7 8 10 11 14 15 16 17 
cascade_activation_steepnesses_count=4
cascade_activation_steepnesses=2.50000000000000000000e-01 5.00000000000000000000e-01 7.50000000000000000000e-01 1.00000000000000000000e+00 
layer_sizes=3 9 4 
scale_included=0
neurons (num_inputs, activation_function, activation_steepness)=(0, 0, 0.00000000000000000000e+00) (0, 0, 0.00000000000000000000e+00) (0, 0, 0.00000000000000000000e+00) (3, 3, 5.00000000000000000000e-01) (3, 3, 5.00000000000000000000e-01) (3, 3, 5.00000000000000000000e-01) (3, 3, 5.00000000000000000000e-01) (3, 3, 5.00000000000000000000e-01) (3, 3, 5.00000000000000000000e-01) (3, 3, 5.00000000000000000000e-01) (3, 3, 5.00000000000000000000e-01) (0, 3, 0.00000000000000000000e+00) (9, 0, 5.00000000000000000000e-01) (9, 0, 5.00000000000000000000e-01) (9, 0, 5.00000000000000000000e-01) (0, 0, 0.00000000000000000000e+00) 
connections (connected_to_neuron, weight)=(0, -7.37123346328735351562e+00) (1, 5.03227043151855468750e+00) (2, 1.22934494018554687500e+01) (0, -4.27712583541870117188e+00) (1, 8.35468232631683349609e-01) (2, 2.11142256855964660645e-01) (0, -7.88645315170288085938e+00) (1, 7.07014703750610351562e+00) (2, 6.71738958358764648438e+00) (0, -3.89930605888366699219e+00) (1, 1.55616474151611328125e+00) (2, 8.81540000438690185547e-01) (0, -2.40672826766967773438e+00) (1, -2.55694317817687988281e+00) (2, 9.21067774295806884766e-01) (0, -5.88985109329223632812e+00) (1, 3.99379539489746093750e+00) (2, 2.42306351661682128906e+00) (0, -7.60800838470458984375e+00) (1, -1.88450450897216796875e+01) (2, 2.46898555755615234375e+00) (0, -4.21107435226440429688e+00) (1, -9.44079518318176269531e-01) (2, 4.18639957904815673828e-01) (3, 4.84229028224945068359e-01) (4, 1.77309727668762207031e+00) (5, 6.68212711811065673828e-01) (6, 1.36049509048461914062e+00) (7, 1.88577759265899658203e+00) (8, 7.55156040191650390625e-01) (9, 1.60187602043151855469e+00) (10, 1.55609118938446044922e+00) (11, 9.48245346546173095703e-01) (3, 2.76663255691528320312e+00) (4, 3.63854026794433593750e+00) (5, 3.71277141571044921875e+00) (6, 3.55185961723327636719e+00) (7, 6.45054292678833007812e+00) (8, 3.22706913948059082031e+00) (9, 3.20131206512451171875e+00) (10, 4.47728204727172851562e+00) (11, 2.45417380332946777344e+00) (3, 1.16668357849121093750e+01) (4, 1.10369329452514648438e+01) (5, 1.08891191482543945312e+01) (6, 1.09986143112182617188e+01) (7, 2.16314487457275390625e+01) (8, 1.06272859573364257812e+01) (9, 9.48795700073242187500e+00) (10, 1.37859678268432617188e+01) (11, 1.17429561614990234375e+01) 
