FANN_FLO_2.1
num_layers=3
learning_rate=0.400000
connection_rate=1.000000
network_type=0
learning_momentum=0.000000
training_algorithm=2
train_error_function=1
train_stop_function=0
cascade_output_change_fraction=0.010000
quickprop_decay=-0.000100
quickprop_mu=1.750000
rprop_increase_factor=1.200000
rprop_decrease_factor=0.500000
rprop_delta_min=0.000000
rprop_delta_max=50.000000
rprop_delta_zero=0.100000
cascade_output_stagnation_epochs=12
cascade_candidate_change_fraction=0.010000
cascade_candidate_stagnation_epochs=12
cascade_max_out_epochs=150
cascade_min_out_epochs=50
cascade_max_cand_epochs=150
cascade_min_cand_epochs=50
cascade_num_candidate_groups=2
bit_fail_limit=3.49999994039535522461e-01
cascade_candidate_limit=1.00000000000000000000e+03
cascade_weight_multiplier=4.00000005960464477539e-01
cascade_activation_functions_count=10
cascade_activation_functions=3 5 7 8 10 11 14 15 16 17 
cascade_activation_steepnesses_count=4
cascade_activation_steepnesses=2.50000000000000000000e-01 5.00000000000000000000e-01 7.50000000000000000000e-01 1.00000000000000000000e+00 
layer_sizes=10 3 2 
scale_included=0
neurons (num_inputs, activation_function, activation_steepness)=(0, 0, 0.00000000000000000000e+00) (0, 0, 0.00000000000000000000e+00) (0, 0, 0.00000000000000000000e+00) (0, 0, 0.00000000000000000000e+00) (0, 0, 0.00000000000000000000e+00) (0, 0, 0.00000000000000000000e+00) (0, 0, 0.00000000000000000000e+00) (0, 0, 0.00000000000000000000e+00) (0, 0, 0.00000000000000000000e+00) (0, 0, 0.00000000000000000000e+00) (10, 3, 5.00000000000000000000e-01) (10, 3, 5.00000000000000000000e-01) (0, 3, 0.00000000000000000000e+00) (3, 3, 5.00000000000000000000e-01) (0, 3, 0.00000000000000000000e+00) 
connections (connected_to_neuron, weight)=(0, -7.04069659113883972168e-02) (1, 2.09336504340171813965e-02) (2, 1.01478584110736846924e-01) (3, -3.78375574946403503418e-02) (4, 1.84236645698547363281e-01) (5, -5.33985421061515808105e-02) (6, 2.13491916656494140625e-01) (7, 9.26297158002853393555e-02) (8, 1.42415300011634826660e-01) (9, 2.07673311233520507812e-02) (0, -1.30523249506950378418e-01) (1, 2.66707763075828552246e-02) (2, 1.94097518920898437500e-01) (3, -3.01743224263191223145e-02) (4, 6.98317736387252807617e-02) (5, -7.87236765027046203613e-02) (6, 1.21186152100563049316e-01) (7, 2.05442517995834350586e-01) (8, 8.50916355848312377930e-02) (9, 1.94657862186431884766e-01) (10, 1.75825744867324829102e-01) (11, 1.72028601169586181641e-01) (12, 1.43187418580055236816e-01) 
