FANN_FLO_2.1
num_layers=3
learning_rate=0.500000
connection_rate=1.000000
network_type=0
learning_momentum=0.000000
training_algorithm=2
train_error_function=1
train_stop_function=0
cascade_output_change_fraction=0.010000
quickprop_decay=-0.000100
quickprop_mu=1.750000
rprop_increase_factor=1.200000
rprop_decrease_factor=0.500000
rprop_delta_min=0.000000
rprop_delta_max=50.000000
rprop_delta_zero=0.100000
cascade_output_stagnation_epochs=12
cascade_candidate_change_fraction=0.010000
cascade_candidate_stagnation_epochs=12
cascade_max_out_epochs=150
cascade_min_out_epochs=50
cascade_max_cand_epochs=150
cascade_min_cand_epochs=50
cascade_num_candidate_groups=2
bit_fail_limit=3.49999994039535522461e-01
cascade_candidate_limit=1.00000000000000000000e+03
cascade_weight_multiplier=4.00000005960464477539e-01
cascade_activation_functions_count=10
cascade_activation_functions=3 5 7 8 10 11 14 15 16 17 
cascade_activation_steepnesses_count=4
cascade_activation_steepnesses=2.50000000000000000000e-01 5.00000000000000000000e-01 7.50000000000000000000e-01 1.00000000000000000000e+00 
layer_sizes=7 9 2 
scale_included=0
neurons (num_inputs, activation_function, activation_steepness)=(0, 0, 0.00000000000000000000e+00) (0, 0, 0.00000000000000000000e+00) (0, 0, 0.00000000000000000000e+00) (0, 0, 0.00000000000000000000e+00) (0, 0, 0.00000000000000000000e+00) (0, 0, 0.00000000000000000000e+00) (0, 0, 0.00000000000000000000e+00) (7, 3, 5.00000000000000000000e-01) (7, 3, 5.00000000000000000000e-01) (7, 3, 5.00000000000000000000e-01) (7, 3, 5.00000000000000000000e-01) (7, 3, 5.00000000000000000000e-01) (7, 3, 5.00000000000000000000e-01) (7, 3, 5.00000000000000000000e-01) (7, 3, 5.00000000000000000000e-01) (0, 3, 0.00000000000000000000e+00) (9, 0, 5.00000000000000000000e-01) (0, 0, 0.00000000000000000000e+00) 
connections (connected_to_neuron, weight)=(0, -1.37850847244262695312e+01) (1, -7.75462687015533447266e-01) (2, -4.60537757873535156250e+01) (3, -1.99151229858398437500e+01) (4, -5.31432294845581054688e+00) (5, -1.71138763427734375000e+01) (6, -1.73023152351379394531e+00) (0, -1.16066329181194305420e-01) (1, 4.77241992950439453125e-01) (2, -2.61275529861450195312e-01) (3, -9.60592180490493774414e-02) (4, 2.24581778049468994141e-01) (5, -2.47099950909614562988e-01) (6, 3.14828753471374511719e+00) (0, -2.08043174743652343750e+01) (1, -7.92374730110168457031e-01) (2, 2.54581623077392578125e+01) (3, -4.27544670104980468750e+01) (4, 1.05435962677001953125e+01) (5, 3.15899600982666015625e+01) (6, -7.34922742843627929688e+00) (0, 8.08712989091873168945e-02) (1, 2.50324577093124389648e-01) (2, -5.05636669695377349854e-02) (3, -3.92066627740859985352e-01) (4, 4.11773967742919921875e+00) (5, -1.60116398334503173828e+00) (6, 6.81747376918792724609e-01) (0, -2.20761470794677734375e+01) (1, -1.09592163562774658203e+00) (2, 2.36766567230224609375e+01) (3, -3.65889739990234375000e+01) (4, 1.10394887924194335938e+01) (5, 2.83265495300292968750e+01) (6, -7.43207025527954101562e+00) (0, -1.36825513839721679688e+01) (1, -2.13237404823303222656e+00) (2, -4.60557479858398437500e+01) (3, -1.99678001403808593750e+01) (4, -5.36257314682006835938e+00) (5, -1.70449581146240234375e+01) (6, -9.44770932197570800781e-01) (0, -1.77551212310791015625e+01) (1, -7.19507551193237304688e+00) (2, 3.23005905151367187500e+01) (3, -3.32177429199218750000e+01) (4, 2.17336440086364746094e+00) (5, 8.06215190887451171875e+00) (6, -7.03968143463134765625e+00) (0, -1.36493549346923828125e+01) (1, -1.95449757575988769531e+00) (2, -4.61953926086425781250e+01) (3, -1.99915237426757812500e+01) (4, -5.43522024154663085938e+00) (5, -1.71348075866699218750e+01) (6, -1.04531621932983398438e+00) (7, 1.25000000000000000000e+03) (8, -7.89729356765747070312e-02) (9, -1.07142186164855957031e+00) (10, -9.52188134193420410156e-01) (11, -1.24861478805541992188e-01) (12, 1.25000000000000000000e+03) (13, 1.14080004882812500000e+03) (14, 1.25000000000000000000e+03) (15, 1.03478145599365234375e+00) 
