FANN_FLO_2.1
num_layers=3
learning_rate=0.500000
connection_rate=1.000000
network_type=0
learning_momentum=0.000000
training_algorithm=2
train_error_function=1
train_stop_function=0
cascade_output_change_fraction=0.010000
quickprop_decay=-0.000100
quickprop_mu=1.750000
rprop_increase_factor=1.200000
rprop_decrease_factor=0.500000
rprop_delta_min=0.000000
rprop_delta_max=50.000000
rprop_delta_zero=0.100000
cascade_output_stagnation_epochs=12
cascade_candidate_change_fraction=0.010000
cascade_candidate_stagnation_epochs=12
cascade_max_out_epochs=150
cascade_min_out_epochs=50
cascade_max_cand_epochs=150
cascade_min_cand_epochs=50
cascade_num_candidate_groups=2
bit_fail_limit=3.49999994039535522461e-01
cascade_candidate_limit=1.00000000000000000000e+03
cascade_weight_multiplier=4.00000005960464477539e-01
cascade_activation_functions_count=10
cascade_activation_functions=3 5 7 8 10 11 14 15 16 17 
cascade_activation_steepnesses_count=4
cascade_activation_steepnesses=2.50000000000000000000e-01 5.00000000000000000000e-01 7.50000000000000000000e-01 1.00000000000000000000e+00 
layer_sizes=7 5 2 
scale_included=0
neurons (num_inputs, activation_function, activation_steepness)=(0, 0, 0.00000000000000000000e+00) (0, 0, 0.00000000000000000000e+00) (0, 0, 0.00000000000000000000e+00) (0, 0, 0.00000000000000000000e+00) (0, 0, 0.00000000000000000000e+00) (0, 0, 0.00000000000000000000e+00) (0, 0, 0.00000000000000000000e+00) (7, 3, 5.00000000000000000000e-01) (7, 3, 5.00000000000000000000e-01) (7, 3, 5.00000000000000000000e-01) (7, 3, 5.00000000000000000000e-01) (0, 3, 0.00000000000000000000e+00) (5, 0, 5.00000000000000000000e-01) (0, 0, 0.00000000000000000000e+00) 
connections (connected_to_neuron, weight)=(0, -2.04689071655273437500e+02) (1, -2.71282410621643066406e+00) (2, 1.14321672916412353516e+00) (3, -1.22033176422119140625e+01) (4, -1.50000000000000000000e+03) (5, -1.47917687988281250000e+03) (6, -4.74074810743331909180e-01) (0, 5.47142326831817626953e-01) (1, -2.98252433538436889648e-01) (2, 1.98074519634246826172e-01) (3, -4.39704149961471557617e-01) (4, 4.96348321437835693359e-01) (5, -4.02109026908874511719e-01) (6, -4.44417417049407958984e-01) (0, -5.78952617943286895752e-02) (1, -1.95611715316772460938e-01) (2, 1.07587289810180664062e+00) (3, -2.43749633431434631348e-01) (4, -7.25126042962074279785e-02) (5, -3.99014562368392944336e-01) (6, -8.74644696712493896484e-01) (0, -1.07351429760456085205e-01) (1, -1.72406688332557678223e-01) (2, -2.60868638753890991211e-01) (3, -4.92203272879123687744e-02) (4, 4.05107103288173675537e-02) (5, 3.87693673372268676758e-01) (6, 5.41173100471496582031e-01) (7, 1.50000000000000000000e+03) (8, -1.00954242050647735596e-01) (9, -2.40115206688642501831e-02) (10, -1.22359834611415863037e-01) (11, 1.20601370930671691895e-01) 
