FANN_FLO_2.1
num_layers=3
learning_rate=0.400000
connection_rate=1.000000
network_type=0
learning_momentum=0.000000
training_algorithm=2
train_error_function=1
train_stop_function=0
cascade_output_change_fraction=0.010000
quickprop_decay=-0.000100
quickprop_mu=1.750000
rprop_increase_factor=1.200000
rprop_decrease_factor=0.500000
rprop_delta_min=0.000000
rprop_delta_max=50.000000
rprop_delta_zero=0.100000
cascade_output_stagnation_epochs=12
cascade_candidate_change_fraction=0.010000
cascade_candidate_stagnation_epochs=12
cascade_max_out_epochs=150
cascade_min_out_epochs=50
cascade_max_cand_epochs=150
cascade_min_cand_epochs=50
cascade_num_candidate_groups=2
bit_fail_limit=3.49999994039535522461e-01
cascade_candidate_limit=1.00000000000000000000e+03
cascade_weight_multiplier=4.00000005960464477539e-01
cascade_activation_functions_count=10
cascade_activation_functions=3 5 7 8 10 11 14 15 16 17 
cascade_activation_steepnesses_count=4
cascade_activation_steepnesses=2.50000000000000000000e-01 5.00000000000000000000e-01 7.50000000000000000000e-01 1.00000000000000000000e+00 
layer_sizes=10 3 2 
scale_included=0
neurons (num_inputs, activation_function, activation_steepness)=(0, 0, 0.00000000000000000000e+00) (0, 0, 0.00000000000000000000e+00) (0, 0, 0.00000000000000000000e+00) (0, 0, 0.00000000000000000000e+00) (0, 0, 0.00000000000000000000e+00) (0, 0, 0.00000000000000000000e+00) (0, 0, 0.00000000000000000000e+00) (0, 0, 0.00000000000000000000e+00) (0, 0, 0.00000000000000000000e+00) (0, 0, 0.00000000000000000000e+00) (10, 3, 5.00000000000000000000e-01) (10, 3, 5.00000000000000000000e-01) (0, 3, 0.00000000000000000000e+00) (3, 3, 5.00000000000000000000e-01) (0, 3, 0.00000000000000000000e+00) 
connections (connected_to_neuron, weight)=(0, 6.56797587871551513672e-02) (1, 1.23140037059783935547e-01) (2, 2.10075944662094116211e-01) (3, 1.14691711962223052979e-01) (4, 9.97697710990905761719e-02) (5, 2.16146588325500488281e-01) (6, -2.74380370974540710449e-02) (7, -1.01375199854373931885e-01) (8, -1.92214190959930419922e-01) (9, 1.97623223066329956055e-01) (0, 1.10612988471984863281e-01) (1, 1.85914814472198486328e-01) (2, 1.28408282995223999023e-01) (3, 5.09962290525436401367e-02) (4, 1.89538925886154174805e-01) (5, 1.30965933203697204590e-01) (6, -1.79647341370582580566e-01) (7, -5.40931150317192077637e-02) (8, -1.00701346993446350098e-01) (9, 5.60846775770187377930e-02) (10, 1.21920093894004821777e-01) (11, 2.16292440891265869141e-01) (12, 1.20037235319614410400e-01) 
