FANN_FLO_2.1
num_layers=4
learning_rate=0.500000
connection_rate=1.000000
network_type=0
learning_momentum=0.000000
training_algorithm=2
train_error_function=1
train_stop_function=0
cascade_output_change_fraction=0.010000
quickprop_decay=-0.000100
quickprop_mu=1.750000
rprop_increase_factor=1.200000
rprop_decrease_factor=0.500000
rprop_delta_min=0.000000
rprop_delta_max=50.000000
rprop_delta_zero=0.100000
cascade_output_stagnation_epochs=12
cascade_candidate_change_fraction=0.010000
cascade_candidate_stagnation_epochs=12
cascade_max_out_epochs=150
cascade_min_out_epochs=50
cascade_max_cand_epochs=150
cascade_min_cand_epochs=50
cascade_num_candidate_groups=2
bit_fail_limit=3.49999994039535522461e-01
cascade_candidate_limit=1.00000000000000000000e+03
cascade_weight_multiplier=4.00000005960464477539e-01
cascade_activation_functions_count=10
cascade_activation_functions=3 5 7 8 10 11 14 15 16 17 
cascade_activation_steepnesses_count=4
cascade_activation_steepnesses=2.50000000000000000000e-01 5.00000000000000000000e-01 7.50000000000000000000e-01 1.00000000000000000000e+00 
layer_sizes=4 5 5 2 
scale_included=0
neurons (num_inputs, activation_function, activation_steepness)=(0, 0, 0.00000000000000000000e+00) (0, 0, 0.00000000000000000000e+00) (0, 0, 0.00000000000000000000e+00) (0, 0, 0.00000000000000000000e+00) (4, 3, 5.00000000000000000000e-01) (4, 3, 5.00000000000000000000e-01) (4, 3, 5.00000000000000000000e-01) (4, 3, 5.00000000000000000000e-01) (0, 3, 0.00000000000000000000e+00) (5, 3, 5.00000000000000000000e-01) (5, 3, 5.00000000000000000000e-01) (5, 3, 5.00000000000000000000e-01) (5, 3, 5.00000000000000000000e-01) (0, 3, 0.00000000000000000000e+00) (5, 3, 5.00000000000000000000e-01) (0, 3, 0.00000000000000000000e+00) 
connections (connected_to_neuron, weight)=(0, -2.49375724792480468750e+00) (1, -9.60812854766845703125e+00) (2, -1.83049356937408447266e+00) (3, 1.52265155315399169922e+00) (0, -6.04285764694213867188e+00) (1, -5.88939476013183593750e+00) (2, -1.19430088996887207031e+00) (3, 5.12504386901855468750e+00) (0, 6.61565256118774414062e+00) (1, -1.93941059112548828125e+01) (2, -1.27615728378295898438e+01) (3, 4.63644742965698242188e+00) (0, -1.19777345657348632812e+00) (1, -1.73642845153808593750e+01) (2, 3.45844459533691406250e+00) (3, 4.31491374969482421875e+00) (4, -1.99900722503662109375e+01) (5, 4.63404846191406250000e+01) (6, -6.29557752609252929688e+00) (7, 9.01368045806884765625e+00) (8, -9.69797801971435546875e+00) (4, -2.41974964141845703125e+01) (5, 4.00590171813964843750e+01) (6, -7.35443687438964843750e+00) (7, 1.33747367858886718750e+01) (8, -9.52341270446777343750e+00) (4, -2.79778213500976562500e+01) (5, 4.33336334228515625000e+01) (6, -6.42942667007446289062e+00) (7, 1.00410184860229492188e+01) (8, -9.40846729278564453125e+00) (4, 2.63785672187805175781e+00) (5, -5.31044816970825195312e+00) (6, -5.03428518772125244141e-01) (7, -1.50958395004272460938e+00) (8, 4.25762534141540527344e-01) (9, -9.03216719627380371094e-01) (10, -2.42163157463073730469e+00) (11, -1.47154271602630615234e+00) (12, -6.81703090667724609375e-01) (13, 2.60125637054443359375e+00) 
