FANN_FLO_2.1
num_layers=4
learning_rate=0.450000
connection_rate=1.000000
network_type=0
learning_momentum=0.000000
training_algorithm=2
train_error_function=1
train_stop_function=0
cascade_output_change_fraction=0.010000
quickprop_decay=-0.000100
quickprop_mu=1.750000
rprop_increase_factor=1.200000
rprop_decrease_factor=0.500000
rprop_delta_min=0.000000
rprop_delta_max=50.000000
rprop_delta_zero=0.100000
cascade_output_stagnation_epochs=12
cascade_candidate_change_fraction=0.010000
cascade_candidate_stagnation_epochs=12
cascade_max_out_epochs=150
cascade_min_out_epochs=50
cascade_max_cand_epochs=150
cascade_min_cand_epochs=50
cascade_num_candidate_groups=2
bit_fail_limit=3.49999994039535522461e-01
cascade_candidate_limit=1.00000000000000000000e+03
cascade_weight_multiplier=4.00000005960464477539e-01
cascade_activation_functions_count=10
cascade_activation_functions=3 5 7 8 10 11 14 15 16 17 
cascade_activation_steepnesses_count=4
cascade_activation_steepnesses=2.50000000000000000000e-01 5.00000000000000000000e-01 7.50000000000000000000e-01 1.00000000000000000000e+00 
layer_sizes=7 5 5 2 
scale_included=0
neurons (num_inputs, activation_function, activation_steepness)=(0, 0, 0.00000000000000000000e+00) (0, 0, 0.00000000000000000000e+00) (0, 0, 0.00000000000000000000e+00) (0, 0, 0.00000000000000000000e+00) (0, 0, 0.00000000000000000000e+00) (0, 0, 0.00000000000000000000e+00) (0, 0, 0.00000000000000000000e+00) (7, 3, 5.00000000000000000000e-01) (7, 3, 5.00000000000000000000e-01) (7, 3, 5.00000000000000000000e-01) (7, 3, 5.00000000000000000000e-01) (0, 3, 0.00000000000000000000e+00) (5, 3, 5.00000000000000000000e-01) (5, 3, 5.00000000000000000000e-01) (5, 3, 5.00000000000000000000e-01) (5, 3, 5.00000000000000000000e-01) (0, 3, 0.00000000000000000000e+00) (5, 0, 5.00000000000000000000e-01) (0, 0, 0.00000000000000000000e+00) 
connections (connected_to_neuron, weight)=(0, -4.72463011741638183594e-01) (1, -7.42559432983398437500e-01) (2, 3.17387700080871582031e+00) (3, -7.25107789039611816406e-01) (4, -2.54016518592834472656e-01) (5, -7.00068712234497070312e-01) (6, -6.90165281295776367188e-01) (0, 1.06043048202991485596e-01) (1, -6.02749586105346679688e-01) (2, -6.79059550166130065918e-02) (3, 2.07375526428222656250e-01) (4, -2.00401410460472106934e-01) (5, 1.98919340968132019043e-01) (6, 1.61124207079410552979e-02) (0, 1.50000000000000000000e+03) (1, 1.50000000000000000000e+03) (2, 1.50000000000000000000e+03) (3, 1.50000000000000000000e+03) (4, 1.50000000000000000000e+03) (5, 1.50000000000000000000e+03) (6, 1.50000000000000000000e+03) (0, 4.27421092987060546875e-01) (1, 1.87101274728775024414e-01) (2, 1.55314996838569641113e-01) (3, -1.27128764986991882324e-01) (4, -2.04305782914161682129e-01) (5, -2.78100758790969848633e-01) (6, -3.62282347679138183594e+00) (7, -6.07966613769531250000e+00) (8, 2.82645359039306640625e+01) (9, -3.72886586189270019531e+00) (10, -4.58666294813156127930e-01) (11, -2.07546114921569824219e+00) (7, 5.36153697967529296875e+00) (8, 1.94690837860107421875e+01) (9, -1.16769742965698242188e+00) (10, -9.45253467559814453125e+00) (11, -2.57246947288513183594e+00) (7, 2.94344177246093750000e+01) (8, -1.90040988922119140625e+01) (9, 1.91666150093078613281e+00) (10, 2.69320219755172729492e-01) (11, 1.43201625347137451172e+00) (7, 7.37465359270572662354e-03) (8, 4.57057189941406250000e+00) (9, 5.64901113510131835938e-01) (10, -9.05636399984359741211e-02) (11, -5.70988655090332031250e-01) (12, 6.08601510524749755859e-01) (13, -9.13322567939758300781e-01) (14, -1.82333946228027343750e-01) (15, 2.69654810428619384766e-01) (16, 5.66684491932392120361e-02) 
