FANN_FLO_2.1
num_layers=3
learning_rate=0.400000
connection_rate=1.000000
network_type=0
learning_momentum=0.000000
training_algorithm=2
train_error_function=1
train_stop_function=0
cascade_output_change_fraction=0.010000
quickprop_decay=-0.000100
quickprop_mu=1.750000
rprop_increase_factor=1.200000
rprop_decrease_factor=0.500000
rprop_delta_min=0.000000
rprop_delta_max=50.000000
rprop_delta_zero=0.100000
cascade_output_stagnation_epochs=12
cascade_candidate_change_fraction=0.010000
cascade_candidate_stagnation_epochs=12
cascade_max_out_epochs=150
cascade_min_out_epochs=50
cascade_max_cand_epochs=150
cascade_min_cand_epochs=50
cascade_num_candidate_groups=2
bit_fail_limit=3.49999994039535522461e-01
cascade_candidate_limit=1.00000000000000000000e+03
cascade_weight_multiplier=4.00000005960464477539e-01
cascade_activation_functions_count=10
cascade_activation_functions=3 5 7 8 10 11 14 15 16 17 
cascade_activation_steepnesses_count=4
cascade_activation_steepnesses=2.50000000000000000000e-01 5.00000000000000000000e-01 7.50000000000000000000e-01 1.00000000000000000000e+00 
layer_sizes=6 5 2 
scale_included=0
neurons (num_inputs, activation_function, activation_steepness)=(0, 0, 0.00000000000000000000e+00) (0, 0, 0.00000000000000000000e+00) (0, 0, 0.00000000000000000000e+00) (0, 0, 0.00000000000000000000e+00) (0, 0, 0.00000000000000000000e+00) (0, 0, 0.00000000000000000000e+00) (6, 3, 5.00000000000000000000e-01) (6, 3, 5.00000000000000000000e-01) (6, 3, 5.00000000000000000000e-01) (6, 3, 5.00000000000000000000e-01) (0, 3, 0.00000000000000000000e+00) (5, 0, 5.00000000000000000000e-01) (0, 0, 0.00000000000000000000e+00) 
connections (connected_to_neuron, weight)=(0, -1.50000000000000000000e+03) (1, -1.50000000000000000000e+03) (2, -5.19829273223876953125e+00) (3, -5.28238475322723388672e-01) (4, -1.77119028568267822266e+00) (5, 6.32249712944030761719e-01) (0, -1.50000000000000000000e+03) (1, -1.50000000000000000000e+03) (2, -5.12692594528198242188e+00) (3, -5.79363226890563964844e-01) (4, -1.65756750106811523438e+00) (5, 4.57116901874542236328e-01) (0, -1.50000000000000000000e+03) (1, -1.50000000000000000000e+03) (2, -4.94409275054931640625e+00) (3, -1.00449275970458984375e+00) (4, -1.46793889999389648438e+00) (5, -1.75220146775245666504e-01) (0, -1.50000000000000000000e+03) (1, -1.50000000000000000000e+03) (2, -6.55435323715209960938e+00) (3, -8.78312408924102783203e-01) (4, 2.09743595123291015625e+00) (5, -5.85731565952301025391e-01) (6, 1.04865386962890625000e+02) (7, 1.04119628906250000000e+02) (8, 1.04138214111328125000e+02) (9, 2.00283069610595703125e+01) (10, 9.48767483234405517578e-01) 
