FANN_FLO_2.1
num_layers=3
learning_rate=0.500000
connection_rate=1.000000
network_type=0
learning_momentum=0.000000
training_algorithm=2
train_error_function=1
train_stop_function=0
cascade_output_change_fraction=0.010000
quickprop_decay=-0.000100
quickprop_mu=1.750000
rprop_increase_factor=1.200000
rprop_decrease_factor=0.500000
rprop_delta_min=0.000000
rprop_delta_max=50.000000
rprop_delta_zero=0.100000
cascade_output_stagnation_epochs=12
cascade_candidate_change_fraction=0.010000
cascade_candidate_stagnation_epochs=12
cascade_max_out_epochs=150
cascade_min_out_epochs=50
cascade_max_cand_epochs=150
cascade_min_cand_epochs=50
cascade_num_candidate_groups=2
bit_fail_limit=3.49999994039535522461e-01
cascade_candidate_limit=1.00000000000000000000e+03
cascade_weight_multiplier=4.00000005960464477539e-01
cascade_activation_functions_count=10
cascade_activation_functions=3 5 7 8 10 11 14 15 16 17 
cascade_activation_steepnesses_count=4
cascade_activation_steepnesses=2.50000000000000000000e-01 5.00000000000000000000e-01 7.50000000000000000000e-01 1.00000000000000000000e+00 
layer_sizes=7 5 2 
scale_included=0
neurons (num_inputs, activation_function, activation_steepness)=(0, 0, 0.00000000000000000000e+00) (0, 0, 0.00000000000000000000e+00) (0, 0, 0.00000000000000000000e+00) (0, 0, 0.00000000000000000000e+00) (0, 0, 0.00000000000000000000e+00) (0, 0, 0.00000000000000000000e+00) (0, 0, 0.00000000000000000000e+00) (7, 3, 5.00000000000000000000e-01) (7, 3, 5.00000000000000000000e-01) (7, 3, 5.00000000000000000000e-01) (7, 3, 5.00000000000000000000e-01) (0, 3, 0.00000000000000000000e+00) (5, 0, 5.00000000000000000000e-01) (0, 0, 0.00000000000000000000e+00) 
connections (connected_to_neuron, weight)=(0, -7.97348916530609130859e-02) (1, 1.47755503654479980469e-01) (2, -1.89754322171211242676e-01) (3, 1.43712639808654785156e-01) (4, -9.38710391521453857422e-01) (5, 5.47922849655151367188e-01) (6, -2.71771645545959472656e+00) (0, -3.70391339063644409180e-01) (1, -4.20310556888580322266e-01) (2, 7.70031273365020751953e-01) (3, -4.11756575107574462891e-01) (4, 1.16310767829418182373e-01) (5, 4.06243383884429931641e-01) (6, -2.33031058311462402344e+00) (0, 1.50000000000000000000e+03) (1, 1.50000000000000000000e+03) (2, 1.50000000000000000000e+03) (3, 1.50000000000000000000e+03) (4, 1.50000000000000000000e+03) (5, 1.50000000000000000000e+03) (6, 1.36424884200096130371e-01) (0, 1.87066972255706787109e-01) (1, 1.41550338268280029297e+00) (2, -1.50257694721221923828e+00) (3, 2.04356208443641662598e-01) (4, 5.54602324962615966797e-01) (5, -1.00588393211364746094e+00) (6, 6.73348331451416015625e+00) (7, 7.99370050430297851562e-01) (8, -5.72737216949462890625e-01) (9, 1.47849425673484802246e-01) (10, -3.99675548076629638672e-01) (11, 2.58687645196914672852e-01) 
