FANN_FLO_2.1
num_layers=4
learning_rate=0.450000
connection_rate=1.000000
network_type=0
learning_momentum=0.000000
training_algorithm=2
train_error_function=1
train_stop_function=0
cascade_output_change_fraction=0.010000
quickprop_decay=-0.000100
quickprop_mu=1.750000
rprop_increase_factor=1.200000
rprop_decrease_factor=0.500000
rprop_delta_min=0.000000
rprop_delta_max=50.000000
rprop_delta_zero=0.100000
cascade_output_stagnation_epochs=12
cascade_candidate_change_fraction=0.010000
cascade_candidate_stagnation_epochs=12
cascade_max_out_epochs=150
cascade_min_out_epochs=50
cascade_max_cand_epochs=150
cascade_min_cand_epochs=50
cascade_num_candidate_groups=2
bit_fail_limit=3.49999994039535522461e-01
cascade_candidate_limit=1.00000000000000000000e+03
cascade_weight_multiplier=4.00000005960464477539e-01
cascade_activation_functions_count=10
cascade_activation_functions=3 5 7 8 10 11 14 15 16 17 
cascade_activation_steepnesses_count=4
cascade_activation_steepnesses=2.50000000000000000000e-01 5.00000000000000000000e-01 7.50000000000000000000e-01 1.00000000000000000000e+00 
layer_sizes=7 5 5 2 
scale_included=0
neurons (num_inputs, activation_function, activation_steepness)=(0, 0, 0.00000000000000000000e+00) (0, 0, 0.00000000000000000000e+00) (0, 0, 0.00000000000000000000e+00) (0, 0, 0.00000000000000000000e+00) (0, 0, 0.00000000000000000000e+00) (0, 0, 0.00000000000000000000e+00) (0, 0, 0.00000000000000000000e+00) (7, 3, 5.00000000000000000000e-01) (7, 3, 5.00000000000000000000e-01) (7, 3, 5.00000000000000000000e-01) (7, 3, 5.00000000000000000000e-01) (0, 3, 0.00000000000000000000e+00) (5, 3, 5.00000000000000000000e-01) (5, 3, 5.00000000000000000000e-01) (5, 3, 5.00000000000000000000e-01) (5, 3, 5.00000000000000000000e-01) (0, 3, 0.00000000000000000000e+00) (5, 0, 5.00000000000000000000e-01) (0, 0, 0.00000000000000000000e+00) 
connections (connected_to_neuron, weight)=(0, 8.56651589274406433105e-02) (1, -2.09446266293525695801e-01) (2, -2.46124073863029479980e-01) (3, 1.31978020071983337402e-01) (4, -2.13909029960632324219e+00) (5, 7.00594782829284667969e-01) (6, 4.94806796312332153320e-01) (0, 8.85922312736511230469e-01) (1, -2.91455626487731933594e-01) (2, -1.96381416320800781250e+01) (3, 3.84120464324951171875e-01) (4, 1.59861516952514648438e+01) (5, 2.49338722229003906250e+00) (6, 1.01238024234771728516e+00) (0, 1.69967740774154663086e-01) (1, 1.52114093303680419922e-01) (2, -3.71145486831665039062e-01) (3, 3.60966324806213378906e-01) (4, -5.94925642013549804688e-01) (5, -4.78032499551773071289e-01) (6, 8.89943599700927734375e+00) (0, -6.52819991111755371094e-01) (1, -7.89013087749481201172e-01) (2, 1.38490468263626098633e-01) (3, 4.04633402824401855469e-01) (4, -1.40770584344863891602e-01) (5, 7.32197284698486328125e-01) (6, -2.15646672248840332031e+00) (7, 8.23241821289062500000e+02) (8, 1.50000000000000000000e+03) (9, 1.50000000000000000000e+03) (10, 1.50000000000000000000e+03) (11, 8.94103240966796875000e+00) (7, 1.89524383544921875000e+01) (8, 3.65794539451599121094e+00) (9, -1.23656368255615234375e+00) (10, -7.76036560535430908203e-01) (11, 8.80091041326522827148e-02) (7, -6.69064788818359375000e+01) (8, -9.64442626953125000000e+02) (9, 9.74750137329101562500e+00) (10, -1.50000000000000000000e+03) (11, 1.41695756912231445312e+01) (7, 7.32678756713867187500e+01) (8, -1.33229808807373046875e+01) (9, 7.36895465850830078125e+00) (10, -1.50000000000000000000e+03) (11, -2.57823810577392578125e+01) (12, -1.58123418688774108887e-01) (13, 3.46375763416290283203e-01) (14, 2.30863139033317565918e-01) (15, 4.68920439481735229492e-01) (16, -1.52712658047676086426e-01) 
