FANN_FLO_2.1
num_layers=3
learning_rate=0.500000
connection_rate=1.000000
network_type=0
learning_momentum=0.000000
training_algorithm=2
train_error_function=1
train_stop_function=0
cascade_output_change_fraction=0.010000
quickprop_decay=-0.000100
quickprop_mu=1.750000
rprop_increase_factor=1.200000
rprop_decrease_factor=0.500000
rprop_delta_min=0.000000
rprop_delta_max=50.000000
rprop_delta_zero=0.100000
cascade_output_stagnation_epochs=12
cascade_candidate_change_fraction=0.010000
cascade_candidate_stagnation_epochs=12
cascade_max_out_epochs=150
cascade_min_out_epochs=50
cascade_max_cand_epochs=150
cascade_min_cand_epochs=50
cascade_num_candidate_groups=2
bit_fail_limit=3.49999994039535522461e-01
cascade_candidate_limit=1.00000000000000000000e+03
cascade_weight_multiplier=4.00000005960464477539e-01
cascade_activation_functions_count=10
cascade_activation_functions=3 5 7 8 10 11 14 15 16 17 
cascade_activation_steepnesses_count=4
cascade_activation_steepnesses=2.50000000000000000000e-01 5.00000000000000000000e-01 7.50000000000000000000e-01 1.00000000000000000000e+00 
layer_sizes=7 5 2 
scale_included=0
neurons (num_inputs, activation_function, activation_steepness)=(0, 0, 0.00000000000000000000e+00) (0, 0, 0.00000000000000000000e+00) (0, 0, 0.00000000000000000000e+00) (0, 0, 0.00000000000000000000e+00) (0, 0, 0.00000000000000000000e+00) (0, 0, 0.00000000000000000000e+00) (0, 0, 0.00000000000000000000e+00) (7, 3, 5.00000000000000000000e-01) (7, 3, 5.00000000000000000000e-01) (7, 3, 5.00000000000000000000e-01) (7, 3, 5.00000000000000000000e-01) (0, 3, 0.00000000000000000000e+00) (5, 0, 5.00000000000000000000e-01) (0, 0, 0.00000000000000000000e+00) 
connections (connected_to_neuron, weight)=(0, -1.55675435066223144531e+00) (1, 2.42111873626708984375e+00) (2, -1.43852001953125000000e+03) (3, -2.06036067008972167969e+00) (4, -2.51501584053039550781e+00) (5, -1.24206982421875000000e+03) (6, -2.45223879814147949219e+00) (0, 5.37261515855789184570e-02) (1, -7.20517486333847045898e-02) (2, -3.60868149437010288239e-03) (3, 3.24111059308052062988e-02) (4, -4.00282703340053558350e-02) (5, 3.11727225780487060547e-02) (6, -1.31146979331970214844e+00) (0, 9.86891031265258789062e-01) (1, 4.50240373611450195312e-02) (2, -6.68325927734375000000e+02) (3, -8.54827523231506347656e-01) (4, -4.75370138883590698242e-01) (5, -2.00580047607421875000e+02) (6, -8.45508933067321777344e-01) (0, -1.83000791072845458984e+00) (1, -6.85861158370971679688e+00) (2, -6.45978942871093750000e+02) (3, -2.18119978904724121094e+00) (4, -2.57701826095581054688e+00) (5, 8.82489395141601562500e+00) (6, -2.54361957311630249023e-01) (7, 1.50000000000000000000e+03) (8, 1.02871097624301910400e-01) (9, -4.41803455352783203125e-01) (10, 1.47386379241943359375e+01) (11, -2.65731057152152061462e-03) 
