FANN_FLO_2.1
num_layers=4
learning_rate=0.300000
connection_rate=1.000000
network_type=0
learning_momentum=0.000000
training_algorithm=2
train_error_function=1
train_stop_function=0
cascade_output_change_fraction=0.010000
quickprop_decay=-0.000100
quickprop_mu=1.750000
rprop_increase_factor=1.200000
rprop_decrease_factor=0.500000
rprop_delta_min=0.000000
rprop_delta_max=50.000000
rprop_delta_zero=0.100000
cascade_output_stagnation_epochs=12
cascade_candidate_change_fraction=0.010000
cascade_candidate_stagnation_epochs=12
cascade_max_out_epochs=150
cascade_min_out_epochs=50
cascade_max_cand_epochs=150
cascade_min_cand_epochs=50
cascade_num_candidate_groups=2
bit_fail_limit=3.49999994039535522461e-01
cascade_candidate_limit=1.00000000000000000000e+03
cascade_weight_multiplier=4.00000005960464477539e-01
cascade_activation_functions_count=10
cascade_activation_functions=3 5 7 8 10 11 14 15 16 17 
cascade_activation_steepnesses_count=4
cascade_activation_steepnesses=2.50000000000000000000e-01 5.00000000000000000000e-01 7.50000000000000000000e-01 1.00000000000000000000e+00 
layer_sizes=2 5 5 3 
scale_included=0
neurons (num_inputs, activation_function, activation_steepness)=(0, 0, 0.00000000000000000000e+00) (0, 0, 0.00000000000000000000e+00) (2, 3, 5.00000000000000000000e-01) (2, 3, 5.00000000000000000000e-01) (2, 3, 5.00000000000000000000e-01) (2, 3, 5.00000000000000000000e-01) (0, 3, 0.00000000000000000000e+00) (5, 3, 5.00000000000000000000e-01) (5, 3, 5.00000000000000000000e-01) (5, 3, 5.00000000000000000000e-01) (5, 3, 5.00000000000000000000e-01) (0, 3, 0.00000000000000000000e+00) (5, 0, 5.00000000000000000000e-01) (5, 0, 5.00000000000000000000e-01) (0, 0, 0.00000000000000000000e+00) 
connections (connected_to_neuron, weight)=(0, -4.63783144950866699219e-01) (1, -9.38183426856994628906e-01) (0, -3.22011337280273437500e+01) (1, -2.61962652206420898438e-01) (0, 2.25279474258422851562e+00) (1, 4.77732229232788085938e+00) (0, -6.22363746166229248047e-01) (1, -7.07904458045959472656e-01) (2, 9.50261831283569335938e-01) (3, 9.21206057071685791016e-01) (4, 3.54509264230728149414e-01) (5, 1.01317870616912841797e+00) (6, 3.76610234379768371582e-02) (2, 1.56357571482658386230e-01) (3, -2.68184709548950195312e+00) (4, 5.86564242839813232422e-01) (5, 7.59151816368103027344e-01) (6, 1.02637803554534912109e+00) (2, 9.71808552742004394531e-01) (3, 1.18534445762634277344e+00) (4, -2.09525418281555175781e+00) (5, 6.59665703773498535156e-01) (6, 8.77447798848152160645e-02) (2, 1.68482470512390136719e+00) (3, 8.36693668365478515625e+00) (4, -4.50109443664550781250e+01) (5, 2.12560439109802246094e+00) (6, 1.09216201305389404297e+00) (7, 8.24456289410591125488e-02) (8, -3.03312659263610839844e-01) (9, 3.42451900243759155273e-01) (10, -5.63774956390261650085e-05) (11, -1.31458580493927001953e-01) (7, -4.85549122095108032227e-01) (8, -5.03789782524108886719e-01) (9, -5.07478117942810058594e-01) (10, -9.58336114883422851562e-01) (11, -5.68355858325958251953e-01) 
