FANN_FLO_2.1
num_layers=3
learning_rate=0.450000
connection_rate=1.000000
network_type=0
learning_momentum=0.000000
training_algorithm=2
train_error_function=1
train_stop_function=0
cascade_output_change_fraction=0.010000
quickprop_decay=-0.000100
quickprop_mu=1.750000
rprop_increase_factor=1.200000
rprop_decrease_factor=0.500000
rprop_delta_min=0.000000
rprop_delta_max=50.000000
rprop_delta_zero=0.100000
cascade_output_stagnation_epochs=12
cascade_candidate_change_fraction=0.010000
cascade_candidate_stagnation_epochs=12
cascade_max_out_epochs=150
cascade_min_out_epochs=50
cascade_max_cand_epochs=150
cascade_min_cand_epochs=50
cascade_num_candidate_groups=2
bit_fail_limit=3.49999994039535522461e-01
cascade_candidate_limit=1.00000000000000000000e+03
cascade_weight_multiplier=4.00000005960464477539e-01
cascade_activation_functions_count=10
cascade_activation_functions=3 5 7 8 10 11 14 15 16 17 
cascade_activation_steepnesses_count=4
cascade_activation_steepnesses=2.50000000000000000000e-01 5.00000000000000000000e-01 7.50000000000000000000e-01 1.00000000000000000000e+00 
layer_sizes=7 5 2 
scale_included=0
neurons (num_inputs, activation_function, activation_steepness)=(0, 0, 0.00000000000000000000e+00) (0, 0, 0.00000000000000000000e+00) (0, 0, 0.00000000000000000000e+00) (0, 0, 0.00000000000000000000e+00) (0, 0, 0.00000000000000000000e+00) (0, 0, 0.00000000000000000000e+00) (0, 0, 0.00000000000000000000e+00) (7, 3, 5.00000000000000000000e-01) (7, 3, 5.00000000000000000000e-01) (7, 3, 5.00000000000000000000e-01) (7, 3, 5.00000000000000000000e-01) (0, 3, 0.00000000000000000000e+00) (5, 0, 5.00000000000000000000e-01) (0, 0, 0.00000000000000000000e+00) 
connections (connected_to_neuron, weight)=(0, 2.63900905847549438477e-02) (1, -1.28515958786010742188e-02) (2, -8.91122734174132347107e-04) (3, 5.02923391759395599365e-02) (4, -7.32759460806846618652e-02) (5, 2.46669780462980270386e-02) (6, -5.99333569407463073730e-02) (0, -1.45544862747192382812e+00) (1, 3.66360187530517578125e+00) (2, -1.11116707324981689453e+00) (3, -1.49263954162597656250e+00) (4, -1.53604543209075927734e+00) (5, -5.63262901306152343750e+01) (6, -8.83973598480224609375e-01) (0, -1.71713411808013916016e+00) (1, 3.01397633552551269531e+00) (2, -1.98445510864257812500e+00) (3, -1.75798428058624267578e+00) (4, -2.05187106132507324219e+00) (5, 2.40532493591308593750e+00) (6, -2.35787057876586914062e+00) (0, -1.28952109813690185547e+00) (1, -4.19723796844482421875e+00) (2, 5.38309097290039062500e+00) (3, -8.42910587787628173828e-01) (4, -7.37123787403106689453e-01) (5, 9.71414387226104736328e-01) (6, -9.31821048259735107422e-01) (7, 8.23708474636077880859e-02) (8, 4.18854644522070884705e-04) (9, -6.30325917154550552368e-03) (10, -5.39203548431396484375e+00) (11, -2.99574434757232666016e-02) 
