FANN_FLO_2.1
num_layers=3
learning_rate=0.500000
connection_rate=1.000000
network_type=0
learning_momentum=0.000000
training_algorithm=2
train_error_function=1
train_stop_function=0
cascade_output_change_fraction=0.010000
quickprop_decay=-0.000100
quickprop_mu=1.750000
rprop_increase_factor=1.200000
rprop_decrease_factor=0.500000
rprop_delta_min=0.000000
rprop_delta_max=50.000000
rprop_delta_zero=0.100000
cascade_output_stagnation_epochs=12
cascade_candidate_change_fraction=0.010000
cascade_candidate_stagnation_epochs=12
cascade_max_out_epochs=150
cascade_min_out_epochs=50
cascade_max_cand_epochs=150
cascade_min_cand_epochs=50
cascade_num_candidate_groups=2
bit_fail_limit=3.49999994039535522461e-01
cascade_candidate_limit=1.00000000000000000000e+03
cascade_weight_multiplier=4.00000005960464477539e-01
cascade_activation_functions_count=10
cascade_activation_functions=3 5 7 8 10 11 14 15 16 17 
cascade_activation_steepnesses_count=4
cascade_activation_steepnesses=2.50000000000000000000e-01 5.00000000000000000000e-01 7.50000000000000000000e-01 1.00000000000000000000e+00 
layer_sizes=18 3 2 
scale_included=0
neurons (num_inputs, activation_function, activation_steepness)=(0, 0, 0.00000000000000000000e+00) (0, 0, 0.00000000000000000000e+00) (0, 0, 0.00000000000000000000e+00) (0, 0, 0.00000000000000000000e+00) (0, 0, 0.00000000000000000000e+00) (0, 0, 0.00000000000000000000e+00) (0, 0, 0.00000000000000000000e+00) (0, 0, 0.00000000000000000000e+00) (0, 0, 0.00000000000000000000e+00) (0, 0, 0.00000000000000000000e+00) (0, 0, 0.00000000000000000000e+00) (0, 0, 0.00000000000000000000e+00) (0, 0, 0.00000000000000000000e+00) (0, 0, 0.00000000000000000000e+00) (0, 0, 0.00000000000000000000e+00) (0, 0, 0.00000000000000000000e+00) (0, 0, 0.00000000000000000000e+00) (0, 0, 0.00000000000000000000e+00) (18, 3, 5.00000000000000000000e-01) (18, 3, 5.00000000000000000000e-01) (0, 3, 0.00000000000000000000e+00) (3, 0, 5.00000000000000000000e-01) (0, 0, 0.00000000000000000000e+00) 
connections (connected_to_neuron, weight)=(0, 6.98378920555114746094e-01) (1, 8.72111201286315917969e-01) (2, 8.11185121536254882812e-01) (3, 8.71241152286529541016e-01) (4, 9.80837166309356689453e-01) (5, -1.35807085037231445312e+00) (6, -6.04018092155456542969e-01) (7, -1.01646971702575683594e+00) (8, -3.66382777690887451172e-01) (9, 1.02260899543762207031e+00) (10, 9.41597163677215576172e-01) (11, 8.81415188312530517578e-01) (12, 7.32111513614654541016e-01) (13, 7.41456270217895507812e-01) (14, 5.70742666721343994141e-01) (15, 7.57368445396423339844e-01) (16, 7.51474380493164062500e-01) (17, -4.49069547653198242188e+00) (0, 9.88064587116241455078e-01) (1, 1.03718781471252441406e+00) (2, 8.86057078838348388672e-01) (3, 9.34591591358184814453e-01) (4, 7.78713107109069824219e-01) (5, -5.54670929908752441406e-01) (6, -1.18305265903472900391e+00) (7, -7.22518086433410644531e-01) (8, 1.92672103643417358398e-01) (9, 9.17333841323852539062e-01) (10, 7.06767022609710693359e-01) (11, 9.53916132450103759766e-01) (12, 9.92282152175903320312e-01) (13, 1.05516016483306884766e+00) (14, 9.81317460536956787109e-01) (15, 1.13181483745574951172e+00) (16, 8.52460086345672607422e-01) (17, -2.89906215667724609375e+00) (18, 8.06877899169921875000e+00) (19, 6.64593601226806640625e+00) (20, 1.74392831325531005859e+00) 
