FANN_FLO_2.1
num_layers=4
learning_rate=0.500000
connection_rate=1.000000
network_type=0
learning_momentum=0.000000
training_algorithm=2
train_error_function=1
train_stop_function=0
cascade_output_change_fraction=0.010000
quickprop_decay=-0.000100
quickprop_mu=1.750000
rprop_increase_factor=1.200000
rprop_decrease_factor=0.500000
rprop_delta_min=0.000000
rprop_delta_max=50.000000
rprop_delta_zero=0.100000
cascade_output_stagnation_epochs=12
cascade_candidate_change_fraction=0.010000
cascade_candidate_stagnation_epochs=12
cascade_max_out_epochs=150
cascade_min_out_epochs=50
cascade_max_cand_epochs=150
cascade_min_cand_epochs=50
cascade_num_candidate_groups=2
bit_fail_limit=3.49999994039535522461e-01
cascade_candidate_limit=1.00000000000000000000e+03
cascade_weight_multiplier=4.00000005960464477539e-01
cascade_activation_functions_count=10
cascade_activation_functions=3 5 7 8 10 11 14 15 16 17 
cascade_activation_steepnesses_count=4
cascade_activation_steepnesses=2.50000000000000000000e-01 5.00000000000000000000e-01 7.50000000000000000000e-01 1.00000000000000000000e+00 
layer_sizes=4 5 5 2 
scale_included=0
neurons (num_inputs, activation_function, activation_steepness)=(0, 0, 0.00000000000000000000e+00) (0, 0, 0.00000000000000000000e+00) (0, 0, 0.00000000000000000000e+00) (0, 0, 0.00000000000000000000e+00) (4, 3, 5.00000000000000000000e-01) (4, 3, 5.00000000000000000000e-01) (4, 3, 5.00000000000000000000e-01) (4, 3, 5.00000000000000000000e-01) (0, 3, 0.00000000000000000000e+00) (5, 3, 5.00000000000000000000e-01) (5, 3, 5.00000000000000000000e-01) (5, 3, 5.00000000000000000000e-01) (5, 3, 5.00000000000000000000e-01) (0, 3, 0.00000000000000000000e+00) (5, 3, 5.00000000000000000000e-01) (0, 3, 0.00000000000000000000e+00) 
connections (connected_to_neuron, weight)=(0, -3.72660303115844726562e+00) (1, -4.23850107192993164062e+00) (2, -1.10575430095195770264e-01) (3, 3.36469507217407226562e+00) (0, 3.34634947776794433594e+00) (1, 4.68796968460083007812e+00) (2, -1.95510339736938476562e+00) (3, -2.14434409141540527344e+00) (0, 1.83202803134918212891e+00) (1, 1.14088153839111328125e+01) (2, -2.35355067253112792969e+00) (3, -3.26442003250122070312e+00) (0, -3.75662589073181152344e+00) (1, -4.12992238998413085938e+00) (2, 1.05796726420521736145e-02) (3, 3.29619979858398437500e+00) (4, 6.30183029174804687500e+00) (5, -3.93734908103942871094e+00) (6, -4.98541402816772460938e+00) (7, 6.23002147674560546875e+00) (8, 4.39224869012832641602e-01) (4, 7.81529664993286132812e+00) (5, -4.07355737686157226562e+00) (6, -6.40334272384643554688e+00) (7, 7.87167596817016601562e+00) (8, 3.96726697683334350586e-01) (4, 1.36315507888793945312e+01) (5, -7.27884721755981445312e+00) (6, -8.32681083679199218750e+00) (7, 1.36838579177856445312e+01) (8, 4.10536736249923706055e-01) (4, 1.57180891036987304688e+01) (5, -6.15285778045654296875e+00) (6, -1.18235139846801757812e+01) (7, 1.58172006607055664062e+01) (8, 5.22368550300598144531e-01) (9, 2.11895179748535156250e+00) (10, -1.15171718597412109375e+00) (11, -1.31993186473846435547e+00) (12, -3.85280323028564453125e+00) (13, 2.02260541915893554688e+00) 
