FANN_FLO_2.1
num_layers=3
learning_rate=0.300000
connection_rate=1.000000
network_type=0
learning_momentum=0.000000
training_algorithm=2
train_error_function=1
train_stop_function=0
cascade_output_change_fraction=0.010000
quickprop_decay=-0.000100
quickprop_mu=1.750000
rprop_increase_factor=1.200000
rprop_decrease_factor=0.500000
rprop_delta_min=0.000000
rprop_delta_max=50.000000
rprop_delta_zero=0.100000
cascade_output_stagnation_epochs=12
cascade_candidate_change_fraction=0.010000
cascade_candidate_stagnation_epochs=12
cascade_max_out_epochs=150
cascade_min_out_epochs=50
cascade_max_cand_epochs=150
cascade_min_cand_epochs=50
cascade_num_candidate_groups=2
bit_fail_limit=3.49999994039535522461e-01
cascade_candidate_limit=1.00000000000000000000e+03
cascade_weight_multiplier=4.00000005960464477539e-01
cascade_activation_functions_count=10
cascade_activation_functions=3 5 7 8 10 11 14 15 16 17 
cascade_activation_steepnesses_count=4
cascade_activation_steepnesses=2.50000000000000000000e-01 5.00000000000000000000e-01 7.50000000000000000000e-01 1.00000000000000000000e+00 
layer_sizes=4 9 2 
scale_included=0
neurons (num_inputs, activation_function, activation_steepness)=(0, 0, 0.00000000000000000000e+00) (0, 0, 0.00000000000000000000e+00) (0, 0, 0.00000000000000000000e+00) (0, 0, 0.00000000000000000000e+00) (4, 3, 5.00000000000000000000e-01) (4, 3, 5.00000000000000000000e-01) (4, 3, 5.00000000000000000000e-01) (4, 3, 5.00000000000000000000e-01) (4, 3, 5.00000000000000000000e-01) (4, 3, 5.00000000000000000000e-01) (4, 3, 5.00000000000000000000e-01) (4, 3, 5.00000000000000000000e-01) (0, 3, 0.00000000000000000000e+00) (9, 3, 5.00000000000000000000e-01) (0, 3, 0.00000000000000000000e+00) 
connections (connected_to_neuron, weight)=(0, -5.58851242065429687500e-01) (1, 3.86017978191375732422e-01) (2, -1.07153832912445068359e+00) (3, 2.49920517206192016602e-01) (0, -9.07570242881774902344e-01) (1, 4.23585683107376098633e-01) (2, -9.62535023689270019531e-01) (3, 8.41296863555908203125e+00) (0, 4.24973297119140625000e+00) (1, -1.71576309204101562500e+00) (2, -2.31815032958984375000e+01) (3, -5.20178031921386718750e+00) (0, -4.88142204284667968750e+00) (1, 7.36639738082885742188e-01) (2, -2.67759299278259277344e+00) (3, 2.11537570953369140625e+01) (0, -2.07545250654220581055e-01) (1, 3.24907409958541393280e-03) (2, -4.26229059696197509766e-01) (3, 7.70132637023925781250e+00) (0, -5.66200077533721923828e-01) (1, 3.78792494535446166992e-01) (2, -7.55370497703552246094e-01) (3, -4.38480186462402343750e+00) (0, -6.47644519805908203125e-01) (1, 3.24280709028244018555e-01) (2, -9.91902768611907958984e-01) (3, 3.18542718887329101562e-01) (0, -5.60434222221374511719e-01) (1, 2.75927603244781494141e-01) (2, -1.37628245353698730469e+00) (3, -4.95925396680831909180e-01) (4, -1.78232178092002868652e-01) (5, -3.51663291454315185547e-01) (6, 1.50000000000000000000e+03) (7, -2.02767896652221679688e+00) (8, -2.49043679237365722656e+00) (9, -2.06883132457733154297e-01) (10, -4.76918756961822509766e-01) (11, -6.47788643836975097656e-01) (12, 5.62897026538848876953e-01) 
