FANN_FLO_2.1
num_layers=3
learning_rate=0.500000
connection_rate=1.000000
network_type=0
learning_momentum=0.000000
training_algorithm=2
train_error_function=1
train_stop_function=0
cascade_output_change_fraction=0.010000
quickprop_decay=-0.000100
quickprop_mu=1.750000
rprop_increase_factor=1.200000
rprop_decrease_factor=0.500000
rprop_delta_min=0.000000
rprop_delta_max=50.000000
rprop_delta_zero=0.100000
cascade_output_stagnation_epochs=12
cascade_candidate_change_fraction=0.010000
cascade_candidate_stagnation_epochs=12
cascade_max_out_epochs=150
cascade_min_out_epochs=50
cascade_max_cand_epochs=150
cascade_min_cand_epochs=50
cascade_num_candidate_groups=2
bit_fail_limit=3.49999994039535522461e-01
cascade_candidate_limit=1.00000000000000000000e+03
cascade_weight_multiplier=4.00000005960464477539e-01
cascade_activation_functions_count=10
cascade_activation_functions=3 5 7 8 10 11 14 15 16 17 
cascade_activation_steepnesses_count=4
cascade_activation_steepnesses=2.50000000000000000000e-01 5.00000000000000000000e-01 7.50000000000000000000e-01 1.00000000000000000000e+00 
layer_sizes=7 5 2 
scale_included=0
neurons (num_inputs, activation_function, activation_steepness)=(0, 0, 0.00000000000000000000e+00) (0, 0, 0.00000000000000000000e+00) (0, 0, 0.00000000000000000000e+00) (0, 0, 0.00000000000000000000e+00) (0, 0, 0.00000000000000000000e+00) (0, 0, 0.00000000000000000000e+00) (0, 0, 0.00000000000000000000e+00) (7, 3, 5.00000000000000000000e-01) (7, 3, 5.00000000000000000000e-01) (7, 3, 5.00000000000000000000e-01) (7, 3, 5.00000000000000000000e-01) (0, 3, 0.00000000000000000000e+00) (5, 0, 5.00000000000000000000e-01) (0, 0, 0.00000000000000000000e+00) 
connections (connected_to_neuron, weight)=(0, -4.65068012475967407227e-01) (1, -1.91299712657928466797e+00) (2, -1.88447487354278564453e+00) (3, -3.19776803255081176758e-01) (4, -3.40187668800354003906e-01) (5, 7.19589591026306152344e-01) (6, -2.22516402602195739746e-01) (0, 8.02477672696113586426e-02) (1, -2.58285164833068847656e-01) (2, 7.06632852554321289062e-01) (3, -1.07742868363857269287e-01) (4, -1.95530503988265991211e-01) (5, -1.23527549207210540771e-01) (6, -3.72588181495666503906e+00) (0, -1.07438556849956512451e-01) (1, -3.75418663024902343750e-01) (2, 9.41776752471923828125e-01) (3, -1.21614009141921997070e-01) (4, -8.87763500213623046875e-01) (5, 5.63802301883697509766e-01) (6, -4.47567075490951538086e-01) (0, -4.05493080615997314453e-01) (1, -5.22658824920654296875e-01) (2, -2.10012888908386230469e+00) (3, -1.04698872566223144531e+00) (4, -7.01588630676269531250e+00) (5, 1.20153322219848632812e+01) (6, 1.41945848464965820312e+01) (7, -2.61658057570457458496e-02) (8, -2.48307228088378906250e-01) (9, 2.37686932086944580078e-01) (10, -1.60381402820348739624e-02) (11, 1.53533117845654487610e-02) 
