FANN_FLO_2.1
num_layers=3
learning_rate=0.300000
connection_rate=1.000000
network_type=0
learning_momentum=0.000000
training_algorithm=2
train_error_function=1
train_stop_function=0
cascade_output_change_fraction=0.010000
quickprop_decay=-0.000100
quickprop_mu=1.750000
rprop_increase_factor=1.200000
rprop_decrease_factor=0.500000
rprop_delta_min=0.000000
rprop_delta_max=50.000000
rprop_delta_zero=0.100000
cascade_output_stagnation_epochs=12
cascade_candidate_change_fraction=0.010000
cascade_candidate_stagnation_epochs=12
cascade_max_out_epochs=150
cascade_min_out_epochs=50
cascade_max_cand_epochs=150
cascade_min_cand_epochs=50
cascade_num_candidate_groups=2
bit_fail_limit=3.49999994039535522461e-01
cascade_candidate_limit=1.00000000000000000000e+03
cascade_weight_multiplier=4.00000005960464477539e-01
cascade_activation_functions_count=10
cascade_activation_functions=3 5 7 8 10 11 14 15 16 17 
cascade_activation_steepnesses_count=4
cascade_activation_steepnesses=2.50000000000000000000e-01 5.00000000000000000000e-01 7.50000000000000000000e-01 1.00000000000000000000e+00 
layer_sizes=4 9 2 
scale_included=0
neurons (num_inputs, activation_function, activation_steepness)=(0, 0, 0.00000000000000000000e+00) (0, 0, 0.00000000000000000000e+00) (0, 0, 0.00000000000000000000e+00) (0, 0, 0.00000000000000000000e+00) (4, 3, 5.00000000000000000000e-01) (4, 3, 5.00000000000000000000e-01) (4, 3, 5.00000000000000000000e-01) (4, 3, 5.00000000000000000000e-01) (4, 3, 5.00000000000000000000e-01) (4, 3, 5.00000000000000000000e-01) (4, 3, 5.00000000000000000000e-01) (4, 3, 5.00000000000000000000e-01) (0, 3, 0.00000000000000000000e+00) (9, 3, 5.00000000000000000000e-01) (0, 3, 0.00000000000000000000e+00) 
connections (connected_to_neuron, weight)=(0, 1.96618938446044921875e+01) (1, 7.44980752468109130859e-01) (2, -1.03139305114746093750e+01) (3, 2.66101779937744140625e+01) (0, -2.06945209503173828125e+01) (1, 5.02326130867004394531e-01) (2, -8.00747871398925781250e+00) (3, 1.75605621337890625000e+01) (0, -2.04996180534362792969e+00) (1, 7.21226930618286132812e-01) (2, -4.90547895431518554688e+00) (3, 2.28932342529296875000e+01) (0, 9.43761444091796875000e+00) (1, 4.87580060958862304688e-01) (2, -3.48964385986328125000e+01) (3, -2.47587490081787109375e+01) (0, -5.55250835418701171875e+00) (1, 6.42219662666320800781e-01) (2, -9.46212863922119140625e+00) (3, 4.95746552944183349609e-01) (0, -3.91903138160705566406e+00) (1, 1.26038765907287597656e+00) (2, -5.64041996002197265625e+00) (3, 1.51517782211303710938e+01) (0, -1.53769505023956298828e+00) (1, 1.17466342449188232422e+00) (2, -4.07701730728149414062e+00) (3, 2.67246799468994140625e+01) (0, 1.42274592071771621704e-02) (1, -2.27715610526502132416e-03) (2, 1.72174908220767974854e-02) (3, 4.41040337085723876953e-01) (4, -1.54588363647460937500e+02) (5, 1.50000000000000000000e+03) (6, -1.46039712429046630859e+00) (7, -5.45201420783996582031e-01) (8, 1.50000000000000000000e+03) (9, 7.97441434860229492188e+00) (10, -9.38384592533111572266e-01) (11, 2.22877792358398437500e+02) (12, 1.85288235545158386230e-01) 
