FANN_FLO_2.1
num_layers=3
learning_rate=0.500000
connection_rate=1.000000
network_type=0
learning_momentum=0.000000
training_algorithm=2
train_error_function=1
train_stop_function=0
cascade_output_change_fraction=0.010000
quickprop_decay=-0.000100
quickprop_mu=1.750000
rprop_increase_factor=1.200000
rprop_decrease_factor=0.500000
rprop_delta_min=0.000000
rprop_delta_max=50.000000
rprop_delta_zero=0.100000
cascade_output_stagnation_epochs=12
cascade_candidate_change_fraction=0.010000
cascade_candidate_stagnation_epochs=12
cascade_max_out_epochs=150
cascade_min_out_epochs=50
cascade_max_cand_epochs=150
cascade_min_cand_epochs=50
cascade_num_candidate_groups=2
bit_fail_limit=3.49999994039535522461e-01
cascade_candidate_limit=1.00000000000000000000e+03
cascade_weight_multiplier=4.00000005960464477539e-01
cascade_activation_functions_count=10
cascade_activation_functions=3 5 7 8 10 11 14 15 16 17 
cascade_activation_steepnesses_count=4
cascade_activation_steepnesses=2.50000000000000000000e-01 5.00000000000000000000e-01 7.50000000000000000000e-01 1.00000000000000000000e+00 
layer_sizes=10 3 2 
scale_included=0
neurons (num_inputs, activation_function, activation_steepness)=(0, 0, 0.00000000000000000000e+00) (0, 0, 0.00000000000000000000e+00) (0, 0, 0.00000000000000000000e+00) (0, 0, 0.00000000000000000000e+00) (0, 0, 0.00000000000000000000e+00) (0, 0, 0.00000000000000000000e+00) (0, 0, 0.00000000000000000000e+00) (0, 0, 0.00000000000000000000e+00) (0, 0, 0.00000000000000000000e+00) (0, 0, 0.00000000000000000000e+00) (10, 3, 5.00000000000000000000e-01) (10, 3, 5.00000000000000000000e-01) (0, 3, 0.00000000000000000000e+00) (3, 3, 5.00000000000000000000e-01) (0, 3, 0.00000000000000000000e+00) 
connections (connected_to_neuron, weight)=(0, -6.42742514610290527344e-01) (1, -5.95748603343963623047e-01) (2, -7.96280205249786376953e-01) (3, -6.62379503250122070312e-01) (4, -4.25563603639602661133e-01) (5, -6.69146418571472167969e-01) (6, -8.07390749454498291016e-01) (7, -5.66233813762664794922e-01) (8, -6.23409688472747802734e-01) (9, 2.92378330230712890625e+00) (0, -7.81889498233795166016e-01) (1, -7.79004633426666259766e-01) (2, -3.53544145822525024414e-01) (3, -5.83004474639892578125e-01) (4, -1.35976731777191162109e+00) (5, -6.73337399959564208984e-01) (6, -2.95084267854690551758e-01) (7, -8.44173550605773925781e-01) (8, -7.69524633884429931641e-01) (9, 1.60327541828155517578e+00) (10, -2.23817610740661621094e+00) (11, -1.14691674709320068359e+00) (12, 1.33564281463623046875e+00) 
