FANN_FLO_2.1
num_layers=3
learning_rate=0.300000
connection_rate=1.000000
network_type=0
learning_momentum=0.000000
training_algorithm=2
train_error_function=1
train_stop_function=0
cascade_output_change_fraction=0.010000
quickprop_decay=-0.000100
quickprop_mu=1.750000
rprop_increase_factor=1.200000
rprop_decrease_factor=0.500000
rprop_delta_min=0.000000
rprop_delta_max=50.000000
rprop_delta_zero=0.100000
cascade_output_stagnation_epochs=12
cascade_candidate_change_fraction=0.010000
cascade_candidate_stagnation_epochs=12
cascade_max_out_epochs=150
cascade_min_out_epochs=50
cascade_max_cand_epochs=150
cascade_min_cand_epochs=50
cascade_num_candidate_groups=2
bit_fail_limit=3.49999994039535522461e-01
cascade_candidate_limit=1.00000000000000000000e+03
cascade_weight_multiplier=4.00000005960464477539e-01
cascade_activation_functions_count=10
cascade_activation_functions=3 5 7 8 10 11 14 15 16 17 
cascade_activation_steepnesses_count=4
cascade_activation_steepnesses=2.50000000000000000000e-01 5.00000000000000000000e-01 7.50000000000000000000e-01 1.00000000000000000000e+00 
layer_sizes=4 9 2 
scale_included=0
neurons (num_inputs, activation_function, activation_steepness)=(0, 0, 0.00000000000000000000e+00) (0, 0, 0.00000000000000000000e+00) (0, 0, 0.00000000000000000000e+00) (0, 0, 0.00000000000000000000e+00) (4, 3, 5.00000000000000000000e-01) (4, 3, 5.00000000000000000000e-01) (4, 3, 5.00000000000000000000e-01) (4, 3, 5.00000000000000000000e-01) (4, 3, 5.00000000000000000000e-01) (4, 3, 5.00000000000000000000e-01) (4, 3, 5.00000000000000000000e-01) (4, 3, 5.00000000000000000000e-01) (0, 3, 0.00000000000000000000e+00) (9, 3, 5.00000000000000000000e-01) (0, 3, 0.00000000000000000000e+00) 
connections (connected_to_neuron, weight)=(0, -2.02369093894958496094e+00) (1, 6.13608360290527343750e-01) (2, -9.19687032699584960938e-01) (3, -3.20804834365844726562e+00) (0, -2.17804133892059326172e-01) (1, 3.17900963127613067627e-02) (2, -3.08505803346633911133e-01) (3, 3.50596547126770019531e+00) (0, -1.92283880710601806641e+00) (1, -1.52940118312835693359e+00) (2, -6.99991464614868164062e-01) (3, 1.55858770012855529785e-01) (0, -1.54731023311614990234e+00) (1, 5.32745383679866790771e-02) (2, -6.59100353717803955078e-01) (3, 4.45294036865234375000e+01) (0, -3.77523630857467651367e-01) (1, 1.35441899299621582031e-01) (2, -8.03061604499816894531e-01) (3, 8.27352619171142578125e+00) (0, -1.01724576950073242188e+00) (1, 7.65890896320343017578e-01) (2, -2.01022863388061523438e+00) (3, 4.22221040725708007812e+00) (0, -1.02372789382934570312e+00) (1, 7.78808832168579101562e-01) (2, -2.03342843055725097656e+00) (3, 3.89346790313720703125e+00) (0, -2.13309153914451599121e-02) (1, 1.46344050765037536621e-01) (2, -1.87278902530670166016e+00) (3, 1.15812766551971435547e+00) (4, 4.74217385053634643555e-02) (5, -4.39640712738037109375e+00) (6, -1.50000000000000000000e+03) (7, -1.52082338929176330566e-01) (8, -9.20687794685363769531e-01) (9, -1.48428976535797119141e-01) (10, -1.93675488233566284180e-01) (11, -5.67717254161834716797e-01) (12, 6.20404481887817382812e-01) 
