FANN_FLO_2.1
num_layers=3
learning_rate=0.500000
connection_rate=1.000000
network_type=0
learning_momentum=0.000000
training_algorithm=2
train_error_function=1
train_stop_function=0
cascade_output_change_fraction=0.010000
quickprop_decay=-0.000100
quickprop_mu=1.750000
rprop_increase_factor=1.200000
rprop_decrease_factor=0.500000
rprop_delta_min=0.000000
rprop_delta_max=50.000000
rprop_delta_zero=0.100000
cascade_output_stagnation_epochs=12
cascade_candidate_change_fraction=0.010000
cascade_candidate_stagnation_epochs=12
cascade_max_out_epochs=150
cascade_min_out_epochs=50
cascade_max_cand_epochs=150
cascade_min_cand_epochs=50
cascade_num_candidate_groups=2
bit_fail_limit=3.49999994039535522461e-01
cascade_candidate_limit=1.00000000000000000000e+03
cascade_weight_multiplier=4.00000005960464477539e-01
cascade_activation_functions_count=10
cascade_activation_functions=3 5 7 8 10 11 14 15 16 17 
cascade_activation_steepnesses_count=4
cascade_activation_steepnesses=2.50000000000000000000e-01 5.00000000000000000000e-01 7.50000000000000000000e-01 1.00000000000000000000e+00 
layer_sizes=10 5 2 
scale_included=0
neurons (num_inputs, activation_function, activation_steepness)=(0, 0, 0.00000000000000000000e+00) (0, 0, 0.00000000000000000000e+00) (0, 0, 0.00000000000000000000e+00) (0, 0, 0.00000000000000000000e+00) (0, 0, 0.00000000000000000000e+00) (0, 0, 0.00000000000000000000e+00) (0, 0, 0.00000000000000000000e+00) (0, 0, 0.00000000000000000000e+00) (0, 0, 0.00000000000000000000e+00) (0, 0, 0.00000000000000000000e+00) (10, 3, 5.00000000000000000000e-01) (10, 3, 5.00000000000000000000e-01) (10, 3, 5.00000000000000000000e-01) (10, 3, 5.00000000000000000000e-01) (0, 3, 0.00000000000000000000e+00) (5, 3, 5.00000000000000000000e-01) (0, 3, 0.00000000000000000000e+00) 
connections (connected_to_neuron, weight)=(0, -5.37574708461761474609e-01) (1, -1.68310537934303283691e-01) (2, -5.44036746025085449219e-01) (3, -5.59382200241088867188e-01) (4, -1.89608603715896606445e-01) (5, -1.95677101612091064453e-01) (6, -5.00673353672027587891e-01) (7, -3.40325444936752319336e-01) (8, -5.21888017654418945312e-01) (9, 1.08976984024047851562e+00) (0, -1.67658314108848571777e-01) (1, -7.03627169132232666016e-01) (2, -1.92693293094635009766e-01) (3, -7.28723168373107910156e-01) (4, -5.45160055160522460938e-01) (5, -5.42075991630554199219e-01) (6, -2.22544133663177490234e-01) (7, -6.10479712486267089844e-01) (8, -3.32335799932479858398e-01) (9, 1.84114289283752441406e+00) (0, -3.92616927623748779297e-01) (1, -4.12119537591934204102e-01) (2, -3.70121926069259643555e-01) (3, -1.40600562095642089844e-01) (4, -4.48129653930664062500e-01) (5, -4.98873651027679443359e-01) (6, -3.85162204504013061523e-01) (7, -3.14459532499313354492e-01) (8, -3.68681460618972778320e-01) (9, 6.37855052947998046875e-01) (0, 9.16501104831695556641e-01) (1, 4.66058067977428436279e-02) (2, 5.33450484275817871094e-01) (3, 9.40665975213050842285e-02) (4, 1.89562514424324035645e-01) (5, 8.87841656804084777832e-02) (6, 8.03020715713500976562e-01) (7, 1.61853730678558349609e-01) (8, 1.96074873208999633789e-01) (9, 1.44976675510406494141e-01) (10, -1.28071236610412597656e+00) (11, -1.26743245124816894531e+00) (12, -2.39943981170654296875e+00) (13, 6.41635596752166748047e-01) (14, 1.11032116413116455078e+00) 
