FANN_FLO_2.1
num_layers=4
learning_rate=0.500000
connection_rate=1.000000
network_type=0
learning_momentum=0.000000
training_algorithm=2
train_error_function=1
train_stop_function=0
cascade_output_change_fraction=0.010000
quickprop_decay=-0.000100
quickprop_mu=1.750000
rprop_increase_factor=1.200000
rprop_decrease_factor=0.500000
rprop_delta_min=0.000000
rprop_delta_max=50.000000
rprop_delta_zero=0.100000
cascade_output_stagnation_epochs=12
cascade_candidate_change_fraction=0.010000
cascade_candidate_stagnation_epochs=12
cascade_max_out_epochs=150
cascade_min_out_epochs=50
cascade_max_cand_epochs=150
cascade_min_cand_epochs=50
cascade_num_candidate_groups=2
bit_fail_limit=3.49999994039535522461e-01
cascade_candidate_limit=1.00000000000000000000e+03
cascade_weight_multiplier=4.00000005960464477539e-01
cascade_activation_functions_count=10
cascade_activation_functions=3 5 7 8 10 11 14 15 16 17 
cascade_activation_steepnesses_count=4
cascade_activation_steepnesses=2.50000000000000000000e-01 5.00000000000000000000e-01 7.50000000000000000000e-01 1.00000000000000000000e+00 
layer_sizes=4 5 5 2 
scale_included=0
neurons (num_inputs, activation_function, activation_steepness)=(0, 0, 0.00000000000000000000e+00) (0, 0, 0.00000000000000000000e+00) (0, 0, 0.00000000000000000000e+00) (0, 0, 0.00000000000000000000e+00) (4, 3, 5.00000000000000000000e-01) (4, 3, 5.00000000000000000000e-01) (4, 3, 5.00000000000000000000e-01) (4, 3, 5.00000000000000000000e-01) (0, 3, 0.00000000000000000000e+00) (5, 3, 5.00000000000000000000e-01) (5, 3, 5.00000000000000000000e-01) (5, 3, 5.00000000000000000000e-01) (5, 3, 5.00000000000000000000e-01) (0, 3, 0.00000000000000000000e+00) (5, 3, 5.00000000000000000000e-01) (0, 3, 0.00000000000000000000e+00) 
connections (connected_to_neuron, weight)=(0, -1.50000000000000000000e+03) (1, 4.04905487060546875000e+02) (2, -1.50000000000000000000e+03) (3, 2.49574184417724609375e+00) (0, -1.50000000000000000000e+03) (1, 9.48537597656250000000e+02) (2, -1.50000000000000000000e+03) (3, 6.07777535915374755859e-01) (0, -1.50000000000000000000e+03) (1, 4.35513061523437500000e+02) (2, -1.50000000000000000000e+03) (3, 2.07204341888427734375e+00) (0, -1.03240728378295898438e+01) (1, -1.06654958724975585938e+01) (2, -2.82853579521179199219e+00) (3, 1.04531440734863281250e+01) (4, 4.19347534179687500000e+01) (5, 7.54694900512695312500e+01) (6, 7.70670700073242187500e+00) (7, 8.82869052886962890625e+00) (8, -2.43701696395874023438e+00) (4, 3.26482474803924560547e-01) (5, 5.45722663402557373047e-01) (6, -1.67351320385932922363e-01) (7, -4.40638363361358642578e-01) (8, 1.02560675144195556641e+00) (4, 9.24896163940429687500e+01) (5, 6.41183395385742187500e+01) (6, 3.18285417556762695312e+00) (7, 8.37036323547363281250e+00) (8, -2.11109590530395507812e+00) (4, 3.85471496582031250000e+01) (5, 6.41438369750976562500e+01) (6, 3.24975061416625976562e+00) (7, 9.02517604827880859375e+00) (8, -2.40756940841674804688e+00) (9, -1.78442448377609252930e-01) (10, 5.25780618190765380859e-01) (11, -1.59119081497192382812e+00) (12, -3.03966164588928222656e+00) (13, 2.21558904647827148438e+00) 
