FANN_FLO_2.1
num_layers=4
learning_rate=0.500000
connection_rate=1.000000
network_type=0
learning_momentum=0.000000
training_algorithm=2
train_error_function=1
train_stop_function=0
cascade_output_change_fraction=0.010000
quickprop_decay=-0.000100
quickprop_mu=1.750000
rprop_increase_factor=1.200000
rprop_decrease_factor=0.500000
rprop_delta_min=0.000000
rprop_delta_max=50.000000
rprop_delta_zero=0.100000
cascade_output_stagnation_epochs=12
cascade_candidate_change_fraction=0.010000
cascade_candidate_stagnation_epochs=12
cascade_max_out_epochs=150
cascade_min_out_epochs=50
cascade_max_cand_epochs=150
cascade_min_cand_epochs=50
cascade_num_candidate_groups=2
bit_fail_limit=3.49999994039535522461e-01
cascade_candidate_limit=1.00000000000000000000e+03
cascade_weight_multiplier=4.00000005960464477539e-01
cascade_activation_functions_count=10
cascade_activation_functions=3 5 7 8 10 11 14 15 16 17 
cascade_activation_steepnesses_count=4
cascade_activation_steepnesses=2.50000000000000000000e-01 5.00000000000000000000e-01 7.50000000000000000000e-01 1.00000000000000000000e+00 
layer_sizes=4 5 3 2 
scale_included=0
neurons (num_inputs, activation_function, activation_steepness)=(0, 0, 0.00000000000000000000e+00) (0, 0, 0.00000000000000000000e+00) (0, 0, 0.00000000000000000000e+00) (0, 0, 0.00000000000000000000e+00) (4, 3, 5.00000000000000000000e-01) (4, 3, 5.00000000000000000000e-01) (4, 3, 5.00000000000000000000e-01) (4, 3, 5.00000000000000000000e-01) (0, 3, 0.00000000000000000000e+00) (5, 3, 5.00000000000000000000e-01) (5, 3, 5.00000000000000000000e-01) (0, 3, 0.00000000000000000000e+00) (3, 3, 5.00000000000000000000e-01) (0, 3, 0.00000000000000000000e+00) 
connections (connected_to_neuron, weight)=(0, -3.96877527236938476562e+00) (1, -6.86509013175964355469e-01) (2, -4.22373533248901367188e+00) (3, 2.62260103225708007812e+00) (0, 8.58399963378906250000e+00) (1, -5.58051948547363281250e+01) (2, 2.67281894683837890625e+01) (3, 1.54993140697479248047e+00) (0, 1.17305409908294677734e+00) (1, -2.53124771118164062500e+01) (2, 3.93944668769836425781e+00) (3, 2.94267463684082031250e+00) (0, 1.67519130706787109375e+01) (1, -5.58502693176269531250e+01) (2, 1.39142246246337890625e+01) (3, 1.39515411853790283203e+00) (4, 3.94550285339355468750e+01) (5, 7.41277074813842773438e+00) (6, 1.10333824157714843750e+00) (7, -6.24909019470214843750e+00) (8, -4.92446422576904296875e+00) (4, 4.69510574340820312500e+01) (5, 8.01380538940429687500e+00) (6, 2.05081319808959960938e+00) (7, -7.01489639282226562500e+00) (8, -5.92181348800659179688e+00) (9, -3.88681960105895996094e+00) (10, -1.12760460376739501953e+00) (11, 2.72324490547180175781e+00) 
