FANN_FLO_2.1
num_layers=3
learning_rate=0.500000
connection_rate=1.000000
network_type=0
learning_momentum=0.000000
training_algorithm=2
train_error_function=1
train_stop_function=0
cascade_output_change_fraction=0.010000
quickprop_decay=-0.000100
quickprop_mu=1.750000
rprop_increase_factor=1.200000
rprop_decrease_factor=0.500000
rprop_delta_min=0.000000
rprop_delta_max=50.000000
rprop_delta_zero=0.100000
cascade_output_stagnation_epochs=12
cascade_candidate_change_fraction=0.010000
cascade_candidate_stagnation_epochs=12
cascade_max_out_epochs=150
cascade_min_out_epochs=50
cascade_max_cand_epochs=150
cascade_min_cand_epochs=50
cascade_num_candidate_groups=2
bit_fail_limit=3.49999994039535522461e-01
cascade_candidate_limit=1.00000000000000000000e+03
cascade_weight_multiplier=4.00000005960464477539e-01
cascade_activation_functions_count=10
cascade_activation_functions=3 5 7 8 10 11 14 15 16 17 
cascade_activation_steepnesses_count=4
cascade_activation_steepnesses=2.50000000000000000000e-01 5.00000000000000000000e-01 7.50000000000000000000e-01 1.00000000000000000000e+00 
layer_sizes=3 9 4 
scale_included=0
neurons (num_inputs, activation_function, activation_steepness)=(0, 0, 0.00000000000000000000e+00) (0, 0, 0.00000000000000000000e+00) (0, 0, 0.00000000000000000000e+00) (3, 3, 5.00000000000000000000e-01) (3, 3, 5.00000000000000000000e-01) (3, 3, 5.00000000000000000000e-01) (3, 3, 5.00000000000000000000e-01) (3, 3, 5.00000000000000000000e-01) (3, 3, 5.00000000000000000000e-01) (3, 3, 5.00000000000000000000e-01) (3, 3, 5.00000000000000000000e-01) (0, 3, 0.00000000000000000000e+00) (9, 0, 5.00000000000000000000e-01) (9, 0, 5.00000000000000000000e-01) (9, 0, 5.00000000000000000000e-01) (0, 0, 0.00000000000000000000e+00) 
connections (connected_to_neuron, weight)=(0, -4.53366184234619140625e+00) (1, 5.77118873596191406250e+00) (2, 3.98980712890625000000e+00) (0, -1.02024707794189453125e+01) (1, 4.27746582031250000000e+00) (2, 5.50902700424194335938e+00) (0, -2.18877840042114257812e+00) (1, -3.63870453834533691406e+00) (2, 3.32978129386901855469e-01) (0, -3.52085947990417480469e+00) (1, -1.98922789096832275391e+00) (2, 6.21132850646972656250e-01) (0, -3.57573890686035156250e+00) (1, -3.24926465749740600586e-01) (2, 9.88777220249176025391e-01) (0, -9.10178661346435546875e+00) (1, 6.01244544982910156250e+00) (2, 6.95830678939819335938e+00) (0, -4.78902578353881835938e+00) (1, 3.59957838058471679688e+00) (2, 7.41697025299072265625e+00) (0, -9.83802413940429687500e+00) (1, 4.30569791793823242188e+00) (2, -7.43698835372924804688e-01) (3, 6.99291467666625976562e-01) (4, 1.88115000724792480469e-01) (5, 2.13450717926025390625e+00) (6, 2.53918409347534179688e+00) (7, 8.07159721851348876953e-01) (8, 1.07371723651885986328e+00) (9, 6.70302093029022216797e-01) (10, 2.11945748329162597656e+00) (11, 6.40759229660034179688e-01) (3, 2.97822380065917968750e+00) (4, 2.41140770912170410156e+00) (5, 6.55378389358520507812e+00) (6, 5.61662340164184570312e+00) (7, 4.86509132385253906250e+00) (8, 3.27890658378601074219e+00) (9, 2.53800106048583984375e+00) (10, 3.24372911453247070312e+00) (11, 2.25939750671386718750e+00) (3, 1.03588495254516601562e+01) (4, 9.06988239288330078125e+00) (5, 2.19946384429931640625e+01) (6, 1.63189601898193359375e+01) (7, 1.70684432983398437500e+01) (8, 9.10020637512207031250e+00) (9, 1.04375772476196289062e+01) (10, 8.58787536621093750000e+00) (11, 1.03925495147705078125e+01) 
