FANN_FLO_2.1
num_layers=4
learning_rate=0.500000
connection_rate=1.000000
network_type=0
learning_momentum=0.000000
training_algorithm=2
train_error_function=1
train_stop_function=0
cascade_output_change_fraction=0.010000
quickprop_decay=-0.000100
quickprop_mu=1.750000
rprop_increase_factor=1.200000
rprop_decrease_factor=0.500000
rprop_delta_min=0.000000
rprop_delta_max=50.000000
rprop_delta_zero=0.100000
cascade_output_stagnation_epochs=12
cascade_candidate_change_fraction=0.010000
cascade_candidate_stagnation_epochs=12
cascade_max_out_epochs=150
cascade_min_out_epochs=50
cascade_max_cand_epochs=150
cascade_min_cand_epochs=50
cascade_num_candidate_groups=2
bit_fail_limit=3.49999994039535522461e-01
cascade_candidate_limit=1.00000000000000000000e+03
cascade_weight_multiplier=4.00000005960464477539e-01
cascade_activation_functions_count=10
cascade_activation_functions=3 5 7 8 10 11 14 15 16 17 
cascade_activation_steepnesses_count=4
cascade_activation_steepnesses=2.50000000000000000000e-01 5.00000000000000000000e-01 7.50000000000000000000e-01 1.00000000000000000000e+00 
layer_sizes=4 5 3 2 
scale_included=0
neurons (num_inputs, activation_function, activation_steepness)=(0, 0, 0.00000000000000000000e+00) (0, 0, 0.00000000000000000000e+00) (0, 0, 0.00000000000000000000e+00) (0, 0, 0.00000000000000000000e+00) (4, 3, 5.00000000000000000000e-01) (4, 3, 5.00000000000000000000e-01) (4, 3, 5.00000000000000000000e-01) (4, 3, 5.00000000000000000000e-01) (0, 3, 0.00000000000000000000e+00) (5, 3, 5.00000000000000000000e-01) (5, 3, 5.00000000000000000000e-01) (0, 3, 0.00000000000000000000e+00) (3, 3, 5.00000000000000000000e-01) (0, 3, 0.00000000000000000000e+00) 
connections (connected_to_neuron, weight)=(0, -5.08542394638061523438e+00) (1, -1.49009456634521484375e+01) (2, 3.91467070579528808594e+00) (3, 4.45405817031860351562e+00) (0, -1.20197944641113281250e+01) (1, -1.64144229888916015625e+01) (2, 8.59724712371826171875e+00) (3, 4.03210878372192382812e+00) (0, -4.78840732574462890625e+00) (1, 2.14610442519187927246e-01) (2, -2.34974956512451171875e+00) (3, 3.13107013702392578125e+00) (0, -4.11986198425292968750e+01) (1, -2.38212985992431640625e+01) (2, 5.03920822143554687500e+01) (3, 5.22964715957641601562e-01) (4, 1.12382450103759765625e+01) (5, -1.07649345397949218750e+01) (6, 2.73600921630859375000e+01) (7, -4.60185718536376953125e+00) (8, -8.50477981567382812500e+00) (4, 4.38044023513793945312e+00) (5, -3.59042668342590332031e+00) (6, 1.43159275054931640625e+01) (7, -3.09415173530578613281e+00) (8, -3.83243632316589355469e+00) (9, -2.76615738868713378906e+00) (10, -2.66977453231811523438e+00) (11, 3.12381792068481445312e+00) 
