FANN_FLO_2.1
num_layers=3
learning_rate=0.500000
connection_rate=1.000000
network_type=0
learning_momentum=0.000000
training_algorithm=2
train_error_function=1
train_stop_function=0
cascade_output_change_fraction=0.010000
quickprop_decay=-0.000100
quickprop_mu=1.750000
rprop_increase_factor=1.200000
rprop_decrease_factor=0.500000
rprop_delta_min=0.000000
rprop_delta_max=50.000000
rprop_delta_zero=0.100000
cascade_output_stagnation_epochs=12
cascade_candidate_change_fraction=0.010000
cascade_candidate_stagnation_epochs=12
cascade_max_out_epochs=150
cascade_min_out_epochs=50
cascade_max_cand_epochs=150
cascade_min_cand_epochs=50
cascade_num_candidate_groups=2
bit_fail_limit=3.49999994039535522461e-01
cascade_candidate_limit=1.00000000000000000000e+03
cascade_weight_multiplier=4.00000005960464477539e-01
cascade_activation_functions_count=10
cascade_activation_functions=3 5 7 8 10 11 14 15 16 17 
cascade_activation_steepnesses_count=4
cascade_activation_steepnesses=2.50000000000000000000e-01 5.00000000000000000000e-01 7.50000000000000000000e-01 1.00000000000000000000e+00 
layer_sizes=3 9 4 
scale_included=0
neurons (num_inputs, activation_function, activation_steepness)=(0, 0, 0.00000000000000000000e+00) (0, 0, 0.00000000000000000000e+00) (0, 0, 0.00000000000000000000e+00) (3, 3, 5.00000000000000000000e-01) (3, 3, 5.00000000000000000000e-01) (3, 3, 5.00000000000000000000e-01) (3, 3, 5.00000000000000000000e-01) (3, 3, 5.00000000000000000000e-01) (3, 3, 5.00000000000000000000e-01) (3, 3, 5.00000000000000000000e-01) (3, 3, 5.00000000000000000000e-01) (0, 3, 0.00000000000000000000e+00) (9, 0, 5.00000000000000000000e-01) (9, 0, 5.00000000000000000000e-01) (9, 0, 5.00000000000000000000e-01) (0, 0, 0.00000000000000000000e+00) 
connections (connected_to_neuron, weight)=(0, -6.77686309814453125000e+00) (1, 7.31068563461303710938e+00) (2, 6.89870595932006835938e+00) (0, -3.09306454658508300781e+00) (1, -1.01067245006561279297e+00) (2, 3.28308016061782836914e-01) (0, -2.70250463485717773438e+00) (1, 9.84400272369384765625e-01) (2, 3.99578630924224853516e-01) (0, 1.05658102035522460938e+01) (1, -2.81642705202102661133e-01) (2, 2.51521053314208984375e+01) (0, -6.55674934387207031250e+00) (1, 6.92503356933593750000e+00) (2, 4.73369264602661132812e+00) (0, -1.35471832752227783203e+00) (1, -1.86025822162628173828e+00) (2, 6.75749003887176513672e-01) (0, -7.77253985404968261719e-01) (1, -2.45900559425354003906e+00) (2, 1.15413442254066467285e-01) (0, -4.08417367935180664062e+00) (1, 6.65749168395996093750e+00) (2, -1.99030804634094238281e+00) (3, 2.92373210191726684570e-01) (4, 2.36805391311645507812e+00) (5, 2.44171071052551269531e+00) (6, 2.15320810675621032715e-01) (7, 3.64995701238512992859e-03) (8, 2.39095044136047363281e+00) (9, 1.12539136409759521484e+00) (10, 2.17815136909484863281e+00) (11, 3.83757829666137695312e-01) (3, 1.92595112323760986328e+00) (4, 6.17847633361816406250e+00) (5, 8.11917495727539062500e+00) (6, 1.64244174957275390625e+00) (7, 2.03668570518493652344e+00) (8, 5.73126840591430664062e+00) (9, 5.67869472503662109375e+00) (10, 3.84756779670715332031e+00) (11, 1.28827214241027832031e+00) (3, 7.39394426345825195312e+00) (4, 1.86221122741699218750e+01) (5, 2.81564350128173828125e+01) (6, 7.34950065612792968750e+00) (7, 7.41806411743164062500e+00) (8, 1.89182395935058593750e+01) (9, 1.93339862823486328125e+01) (10, 8.44592380523681640625e+00) (11, 7.35031509399414062500e+00) 
