FANN_FLO_2.1
num_layers=4
learning_rate=0.300000
connection_rate=1.000000
network_type=0
learning_momentum=0.000000
training_algorithm=2
train_error_function=1
train_stop_function=0
cascade_output_change_fraction=0.010000
quickprop_decay=-0.000100
quickprop_mu=1.750000
rprop_increase_factor=1.200000
rprop_decrease_factor=0.500000
rprop_delta_min=0.000000
rprop_delta_max=50.000000
rprop_delta_zero=0.100000
cascade_output_stagnation_epochs=12
cascade_candidate_change_fraction=0.010000
cascade_candidate_stagnation_epochs=12
cascade_max_out_epochs=150
cascade_min_out_epochs=50
cascade_max_cand_epochs=150
cascade_min_cand_epochs=50
cascade_num_candidate_groups=2
bit_fail_limit=3.49999994039535522461e-01
cascade_candidate_limit=1.00000000000000000000e+03
cascade_weight_multiplier=4.00000005960464477539e-01
cascade_activation_functions_count=10
cascade_activation_functions=3 5 7 8 10 11 14 15 16 17 
cascade_activation_steepnesses_count=4
cascade_activation_steepnesses=2.50000000000000000000e-01 5.00000000000000000000e-01 7.50000000000000000000e-01 1.00000000000000000000e+00 
layer_sizes=2 5 3 3 
scale_included=0
neurons (num_inputs, activation_function, activation_steepness)=(0, 0, 0.00000000000000000000e+00) (0, 0, 0.00000000000000000000e+00) (2, 3, 5.00000000000000000000e-01) (2, 3, 5.00000000000000000000e-01) (2, 3, 5.00000000000000000000e-01) (2, 3, 5.00000000000000000000e-01) (0, 3, 0.00000000000000000000e+00) (5, 3, 5.00000000000000000000e-01) (5, 3, 5.00000000000000000000e-01) (0, 3, 0.00000000000000000000e+00) (3, 0, 5.00000000000000000000e-01) (3, 0, 5.00000000000000000000e-01) (0, 0, 0.00000000000000000000e+00) 
connections (connected_to_neuron, weight)=(0, -1.94786584377288818359e+00) (1, -8.45535621047019958496e-02) (0, -8.98048553466796875000e+01) (1, -2.65076780319213867188e+00) (0, -8.98018188476562500000e+01) (1, -2.59392046928405761719e+00) (0, -1.29908466339111328125e+01) (1, -7.88858890533447265625e+00) (2, -2.40967378020286560059e-01) (3, 2.50059819221496582031e+00) (4, 2.51302647590637207031e+00) (5, 9.00445640087127685547e-01) (6, -2.22869962453842163086e-01) (2, -1.12606763839721679688e+00) (3, 1.20150613784790039062e+00) (4, 1.23571050167083740234e+00) (5, 1.46420168876647949219e+00) (6, -1.07176601886749267578e+00) (7, 8.77566486597061157227e-02) (8, 1.00450724363327026367e-01) (9, -1.33011862635612487793e-01) (7, -7.23236501216888427734e-01) (8, -9.55842435359954833984e-01) (9, -6.92288517951965332031e-01) 
