FANN_FLO_2.1
num_layers=3
learning_rate=0.450000
connection_rate=1.000000
network_type=0
learning_momentum=0.000000
training_algorithm=2
train_error_function=1
train_stop_function=0
cascade_output_change_fraction=0.010000
quickprop_decay=-0.000100
quickprop_mu=1.750000
rprop_increase_factor=1.200000
rprop_decrease_factor=0.500000
rprop_delta_min=0.000000
rprop_delta_max=50.000000
rprop_delta_zero=0.100000
cascade_output_stagnation_epochs=12
cascade_candidate_change_fraction=0.010000
cascade_candidate_stagnation_epochs=12
cascade_max_out_epochs=150
cascade_min_out_epochs=50
cascade_max_cand_epochs=150
cascade_min_cand_epochs=50
cascade_num_candidate_groups=2
bit_fail_limit=3.49999994039535522461e-01
cascade_candidate_limit=1.00000000000000000000e+03
cascade_weight_multiplier=4.00000005960464477539e-01
cascade_activation_functions_count=10
cascade_activation_functions=3 5 7 8 10 11 14 15 16 17 
cascade_activation_steepnesses_count=4
cascade_activation_steepnesses=2.50000000000000000000e-01 5.00000000000000000000e-01 7.50000000000000000000e-01 1.00000000000000000000e+00 
layer_sizes=7 5 2 
scale_included=0
neurons (num_inputs, activation_function, activation_steepness)=(0, 0, 0.00000000000000000000e+00) (0, 0, 0.00000000000000000000e+00) (0, 0, 0.00000000000000000000e+00) (0, 0, 0.00000000000000000000e+00) (0, 0, 0.00000000000000000000e+00) (0, 0, 0.00000000000000000000e+00) (0, 0, 0.00000000000000000000e+00) (7, 3, 5.00000000000000000000e-01) (7, 3, 5.00000000000000000000e-01) (7, 3, 5.00000000000000000000e-01) (7, 3, 5.00000000000000000000e-01) (0, 3, 0.00000000000000000000e+00) (5, 0, 5.00000000000000000000e-01) (0, 0, 0.00000000000000000000e+00) 
connections (connected_to_neuron, weight)=(0, -1.78079643249511718750e+01) (1, -9.50929164886474609375e-01) (2, 1.70160064697265625000e+01) (3, -1.54406094551086425781e+00) (4, -4.72981065511703491211e-01) (5, 7.29776906967163085938e+00) (6, 1.08872249722480773926e-01) (0, -2.33072910308837890625e+01) (1, -3.21968913078308105469e+00) (2, 1.50000000000000000000e+03) (3, -1.37494567871093750000e+03) (4, -1.50000000000000000000e+03) (5, 1.78596150875091552734e+00) (6, -3.66378277540206909180e-01) (0, -3.09909296035766601562e+00) (1, -2.46551141142845153809e-01) (2, -1.46394665527343750000e+03) (3, -2.99010848999023437500e+00) (4, -9.15749073028564453125e+00) (5, 6.54826879501342773438e-01) (6, -1.16378247737884521484e-01) (0, 1.27748534083366394043e-01) (1, 4.50246661901473999023e-01) (2, -5.22347807884216308594e-01) (3, 1.11345373094081878662e-01) (4, 1.99479222297668457031e-01) (5, -3.80093336105346679688e-01) (6, 9.87619817256927490234e-01) (7, -3.41560505330562591553e-02) (8, -1.41425561159849166870e-02) (9, 4.92404693603515625000e+02) (10, -8.22128131985664367676e-02) (11, 9.27533805370330810547e-02) 
