FANN_FLO_2.1
num_layers=3
learning_rate=0.500000
connection_rate=1.000000
network_type=0
learning_momentum=0.000000
training_algorithm=2
train_error_function=1
train_stop_function=0
cascade_output_change_fraction=0.010000
quickprop_decay=-0.000100
quickprop_mu=1.750000
rprop_increase_factor=1.200000
rprop_decrease_factor=0.500000
rprop_delta_min=0.000000
rprop_delta_max=50.000000
rprop_delta_zero=0.100000
cascade_output_stagnation_epochs=12
cascade_candidate_change_fraction=0.010000
cascade_candidate_stagnation_epochs=12
cascade_max_out_epochs=150
cascade_min_out_epochs=50
cascade_max_cand_epochs=150
cascade_min_cand_epochs=50
cascade_num_candidate_groups=2
bit_fail_limit=3.49999994039535522461e-01
cascade_candidate_limit=1.00000000000000000000e+03
cascade_weight_multiplier=4.00000005960464477539e-01
cascade_activation_functions_count=10
cascade_activation_functions=3 5 7 8 10 11 14 15 16 17 
cascade_activation_steepnesses_count=4
cascade_activation_steepnesses=2.50000000000000000000e-01 5.00000000000000000000e-01 7.50000000000000000000e-01 1.00000000000000000000e+00 
layer_sizes=3 5 4 
scale_included=0
neurons (num_inputs, activation_function, activation_steepness)=(0, 0, 0.00000000000000000000e+00) (0, 0, 0.00000000000000000000e+00) (0, 0, 0.00000000000000000000e+00) (3, 3, 5.00000000000000000000e-01) (3, 3, 5.00000000000000000000e-01) (3, 3, 5.00000000000000000000e-01) (3, 3, 5.00000000000000000000e-01) (0, 3, 0.00000000000000000000e+00) (5, 0, 5.00000000000000000000e-01) (5, 0, 5.00000000000000000000e-01) (5, 0, 5.00000000000000000000e-01) (0, 0, 0.00000000000000000000e+00) 
connections (connected_to_neuron, weight)=(0, -1.93110442161560058594e+00) (1, -1.92991816997528076172e+00) (2, 2.86382526159286499023e-01) (0, -3.01883106231689453125e+01) (1, 2.17188167572021484375e+01) (2, 2.32701187133789062500e+01) (0, -5.06880140304565429688e+00) (1, 1.84426069259643554688e+00) (2, 1.40990447998046875000e+00) (0, -1.50000000000000000000e+03) (1, 1.22933626174926757812e+01) (2, 2.66677474975585937500e+00) (3, 3.34481167793273925781e+00) (4, 1.04516625404357910156e+00) (5, 2.52594733238220214844e+00) (6, 2.00330877304077148438e+00) (7, 1.48249089717864990234e+00) (3, 1.12005395889282226562e+01) (4, 4.07126235961914062500e+00) (5, 7.65040683746337890625e+00) (6, 3.67604541778564453125e+00) (7, 6.29871225357055664062e+00) (3, 3.39405937194824218750e+01) (4, 1.10893182754516601562e+01) (5, 2.47851142883300781250e+01) (6, 1.21964101791381835938e+01) (7, 2.75709323883056640625e+01) 
