FANN_FLO_2.1
num_layers=3
learning_rate=0.450000
connection_rate=1.000000
network_type=0
learning_momentum=0.000000
training_algorithm=2
train_error_function=1
train_stop_function=0
cascade_output_change_fraction=0.010000
quickprop_decay=-0.000100
quickprop_mu=1.750000
rprop_increase_factor=1.200000
rprop_decrease_factor=0.500000
rprop_delta_min=0.000000
rprop_delta_max=50.000000
rprop_delta_zero=0.100000
cascade_output_stagnation_epochs=12
cascade_candidate_change_fraction=0.010000
cascade_candidate_stagnation_epochs=12
cascade_max_out_epochs=150
cascade_min_out_epochs=50
cascade_max_cand_epochs=150
cascade_min_cand_epochs=50
cascade_num_candidate_groups=2
bit_fail_limit=3.49999994039535522461e-01
cascade_candidate_limit=1.00000000000000000000e+03
cascade_weight_multiplier=4.00000005960464477539e-01
cascade_activation_functions_count=10
cascade_activation_functions=3 5 7 8 10 11 14 15 16 17 
cascade_activation_steepnesses_count=4
cascade_activation_steepnesses=2.50000000000000000000e-01 5.00000000000000000000e-01 7.50000000000000000000e-01 1.00000000000000000000e+00 
layer_sizes=7 5 2 
scale_included=0
neurons (num_inputs, activation_function, activation_steepness)=(0, 0, 0.00000000000000000000e+00) (0, 0, 0.00000000000000000000e+00) (0, 0, 0.00000000000000000000e+00) (0, 0, 0.00000000000000000000e+00) (0, 0, 0.00000000000000000000e+00) (0, 0, 0.00000000000000000000e+00) (0, 0, 0.00000000000000000000e+00) (7, 3, 5.00000000000000000000e-01) (7, 3, 5.00000000000000000000e-01) (7, 3, 5.00000000000000000000e-01) (7, 3, 5.00000000000000000000e-01) (0, 3, 0.00000000000000000000e+00) (5, 0, 5.00000000000000000000e-01) (0, 0, 0.00000000000000000000e+00) 
connections (connected_to_neuron, weight)=(0, 1.50000000000000000000e+03) (1, 9.05516207218170166016e-01) (2, 1.50000000000000000000e+03) (3, -2.42558300495147705078e-01) (4, 3.28242689371109008789e-01) (5, 1.49997717285156250000e+03) (6, 2.90051345825195312500e+01) (0, 1.33879566565155982971e-02) (1, -5.12589752674102783203e-01) (2, 4.83200818300247192383e-01) (3, -1.56428962945938110352e-01) (4, -1.63704589009284973145e-01) (5, 3.46526384353637695312e-01) (6, -3.50955200195312500000e+00) (0, 1.15069575607776641846e-01) (1, 1.69024491310119628906e+00) (2, -1.79360640048980712891e+00) (3, 3.35121423006057739258e-01) (4, 5.74841320514678955078e-01) (5, -8.73528182506561279297e-01) (6, -1.11271023750305175781e+00) (0, -1.28507363796234130859e+00) (1, -3.46944034099578857422e-01) (2, 7.06637371331453323364e-03) (3, -2.49945342540740966797e-01) (4, 4.04874503612518310547e-01) (5, 1.71500086784362792969e+00) (6, -3.94981801509857177734e-01) (7, -8.34301859140396118164e-02) (8, 2.58223390579223632812e+00) (9, 1.58591568470001220703e-01) (10, -4.71868552267551422119e-02) (11, -6.23424164950847625732e-02) 
