FANN_FLO_2.1
num_layers=4
learning_rate=0.300000
connection_rate=1.000000
network_type=0
learning_momentum=0.000000
training_algorithm=2
train_error_function=1
train_stop_function=0
cascade_output_change_fraction=0.010000
quickprop_decay=-0.000100
quickprop_mu=1.750000
rprop_increase_factor=1.200000
rprop_decrease_factor=0.500000
rprop_delta_min=0.000000
rprop_delta_max=50.000000
rprop_delta_zero=0.100000
cascade_output_stagnation_epochs=12
cascade_candidate_change_fraction=0.010000
cascade_candidate_stagnation_epochs=12
cascade_max_out_epochs=150
cascade_min_out_epochs=50
cascade_max_cand_epochs=150
cascade_min_cand_epochs=50
cascade_num_candidate_groups=2
bit_fail_limit=3.49999994039535522461e-01
cascade_candidate_limit=1.00000000000000000000e+03
cascade_weight_multiplier=4.00000005960464477539e-01
cascade_activation_functions_count=10
cascade_activation_functions=3 5 7 8 10 11 14 15 16 17 
cascade_activation_steepnesses_count=4
cascade_activation_steepnesses=2.50000000000000000000e-01 5.00000000000000000000e-01 7.50000000000000000000e-01 1.00000000000000000000e+00 
layer_sizes=2 5 5 3 
scale_included=0
neurons (num_inputs, activation_function, activation_steepness)=(0, 0, 0.00000000000000000000e+00) (0, 0, 0.00000000000000000000e+00) (2, 3, 5.00000000000000000000e-01) (2, 3, 5.00000000000000000000e-01) (2, 3, 5.00000000000000000000e-01) (2, 3, 5.00000000000000000000e-01) (0, 3, 0.00000000000000000000e+00) (5, 3, 5.00000000000000000000e-01) (5, 3, 5.00000000000000000000e-01) (5, 3, 5.00000000000000000000e-01) (5, 3, 5.00000000000000000000e-01) (0, 3, 0.00000000000000000000e+00) (5, 0, 5.00000000000000000000e-01) (5, 0, 5.00000000000000000000e-01) (0, 0, 0.00000000000000000000e+00) 
connections (connected_to_neuron, weight)=(0, -1.10248071289062500000e+03) (1, -4.62576293945312500000e+01) (0, 8.26399993896484375000e+00) (1, 7.85849857330322265625e+00) (0, -1.45527783203125000000e+03) (1, -3.28584938049316406250e+01) (0, -1.45902185058593750000e+03) (1, -4.68835716247558593750e+01) (2, 2.34481811523437500000e+00) (3, 4.96878296136856079102e-01) (4, 3.07009905576705932617e-01) (5, 7.30856418609619140625e-01) (6, -8.42879951000213623047e-01) (2, 2.43508005142211914062e+00) (3, -1.90104637145996093750e+01) (4, 1.54504942893981933594e+00) (5, 1.59580910205841064453e+00) (6, 2.70533233880996704102e-01) (2, 2.11282587051391601562e+00) (3, 3.16649556159973144531e-01) (4, 7.79704451560974121094e-01) (5, 8.01682293415069580078e-01) (6, -2.97972291707992553711e-01) (2, 2.46728515625000000000e+00) (3, 5.95131149291992187500e+01) (4, 7.28673100471496582031e-01) (5, 7.56140232086181640625e-01) (6, 2.53110814094543457031e+00) (7, 5.05097620189189910889e-02) (8, -3.95575165748596191406e-02) (9, 1.22035143431276082993e-03) (10, -3.64994816482067108154e-02) (11, -2.91841453872621059418e-03) (7, -8.07281732559204101562e-01) (8, -8.55208218097686767578e-01) (9, -3.80707025527954101562e-01) (10, -3.56641918420791625977e-01) (11, -2.76509523391723632812e-01) 
