FANN_FLO_2.1
num_layers=4
learning_rate=0.300000
connection_rate=1.000000
network_type=0
learning_momentum=0.000000
training_algorithm=2
train_error_function=1
train_stop_function=0
cascade_output_change_fraction=0.010000
quickprop_decay=-0.000100
quickprop_mu=1.750000
rprop_increase_factor=1.200000
rprop_decrease_factor=0.500000
rprop_delta_min=0.000000
rprop_delta_max=50.000000
rprop_delta_zero=0.100000
cascade_output_stagnation_epochs=12
cascade_candidate_change_fraction=0.010000
cascade_candidate_stagnation_epochs=12
cascade_max_out_epochs=150
cascade_min_out_epochs=50
cascade_max_cand_epochs=150
cascade_min_cand_epochs=50
cascade_num_candidate_groups=2
bit_fail_limit=3.49999994039535522461e-01
cascade_candidate_limit=1.00000000000000000000e+03
cascade_weight_multiplier=4.00000005960464477539e-01
cascade_activation_functions_count=10
cascade_activation_functions=3 5 7 8 10 11 14 15 16 17 
cascade_activation_steepnesses_count=4
cascade_activation_steepnesses=2.50000000000000000000e-01 5.00000000000000000000e-01 7.50000000000000000000e-01 1.00000000000000000000e+00 
layer_sizes=2 5 3 3 
scale_included=0
neurons (num_inputs, activation_function, activation_steepness)=(0, 0, 0.00000000000000000000e+00) (0, 0, 0.00000000000000000000e+00) (2, 3, 5.00000000000000000000e-01) (2, 3, 5.00000000000000000000e-01) (2, 3, 5.00000000000000000000e-01) (2, 3, 5.00000000000000000000e-01) (0, 3, 0.00000000000000000000e+00) (5, 3, 5.00000000000000000000e-01) (5, 3, 5.00000000000000000000e-01) (0, 3, 0.00000000000000000000e+00) (3, 0, 5.00000000000000000000e-01) (3, 0, 5.00000000000000000000e-01) (0, 0, 0.00000000000000000000e+00) 
connections (connected_to_neuron, weight)=(0, -1.50000000000000000000e+03) (1, -4.66923904418945312500e+00) (0, -1.50000000000000000000e+03) (1, -4.44569063186645507812e+00) (0, -1.50000000000000000000e+03) (1, -1.02172851562500000000e+01) (0, 1.27195568084716796875e+01) (1, 6.91506862640380859375e-01) (2, 2.85884529352188110352e-01) (3, 3.22937220335006713867e-01) (4, 8.75913739204406738281e-01) (5, 3.62599539756774902344e+00) (6, 3.68236994743347167969e+00) (2, 1.13702058792114257812e+00) (3, 1.18676590919494628906e+00) (4, 7.51255798339843750000e+00) (5, -9.32533264160156250000e-01) (6, -8.56251955032348632812e-01) (7, -9.77018997073173522949e-02) (8, 1.37237131595611572266e-01) (9, -4.91658167447894811630e-04) (7, -6.37394309043884277344e-01) (8, -1.22813045978546142578e+00) (9, -3.66559505462646484375e-01) 
