FANN_FLO_2.1
num_layers=3
learning_rate=0.500000
connection_rate=1.000000
network_type=0
learning_momentum=0.000000
training_algorithm=2
train_error_function=1
train_stop_function=0
cascade_output_change_fraction=0.010000
quickprop_decay=-0.000100
quickprop_mu=1.750000
rprop_increase_factor=1.200000
rprop_decrease_factor=0.500000
rprop_delta_min=0.000000
rprop_delta_max=50.000000
rprop_delta_zero=0.100000
cascade_output_stagnation_epochs=12
cascade_candidate_change_fraction=0.010000
cascade_candidate_stagnation_epochs=12
cascade_max_out_epochs=150
cascade_min_out_epochs=50
cascade_max_cand_epochs=150
cascade_min_cand_epochs=50
cascade_num_candidate_groups=2
bit_fail_limit=3.49999994039535522461e-01
cascade_candidate_limit=1.00000000000000000000e+03
cascade_weight_multiplier=4.00000005960464477539e-01
cascade_activation_functions_count=10
cascade_activation_functions=3 5 7 8 10 11 14 15 16 17 
cascade_activation_steepnesses_count=4
cascade_activation_steepnesses=2.50000000000000000000e-01 5.00000000000000000000e-01 7.50000000000000000000e-01 1.00000000000000000000e+00 
layer_sizes=3 5 4 
scale_included=0
neurons (num_inputs, activation_function, activation_steepness)=(0, 0, 0.00000000000000000000e+00) (0, 0, 0.00000000000000000000e+00) (0, 0, 0.00000000000000000000e+00) (3, 3, 5.00000000000000000000e-01) (3, 3, 5.00000000000000000000e-01) (3, 3, 5.00000000000000000000e-01) (3, 3, 5.00000000000000000000e-01) (0, 3, 0.00000000000000000000e+00) (5, 0, 5.00000000000000000000e-01) (5, 0, 5.00000000000000000000e-01) (5, 0, 5.00000000000000000000e-01) (0, 0, 0.00000000000000000000e+00) 
connections (connected_to_neuron, weight)=(0, -2.60214710235595703125e+01) (1, 1.16916456222534179688e+01) (2, 1.50073499679565429688e+01) (0, -1.50000000000000000000e+03) (1, -1.45777624511718750000e+03) (2, 1.84529991149902343750e+01) (0, -1.50000000000000000000e+03) (1, -3.80495758056640625000e+02) (2, 1.39510469436645507812e+01) (0, -1.50000000000000000000e+03) (1, 4.22618293762207031250e+00) (2, 1.07789184570312500000e+02) (3, 2.25677466392517089844e+00) (4, 1.95132851600646972656e+00) (5, 1.42708182334899902344e+00) (6, 2.00953197479248046875e+00) (7, 2.19488883018493652344e+00) (3, 8.67611312866210937500e+00) (4, 5.37413120269775390625e+00) (5, 3.68582677841186523438e+00) (6, 5.10440874099731445312e+00) (7, 7.55352640151977539062e+00) (3, 2.47791099548339843750e+01) (4, 1.45012559890747070312e+01) (5, 1.28372583389282226562e+01) (6, 1.56654529571533203125e+01) (7, 3.28787956237792968750e+01) 
