FANN_FLO_2.1
num_layers=4
learning_rate=0.500000
connection_rate=1.000000
network_type=0
learning_momentum=0.000000
training_algorithm=2
train_error_function=1
train_stop_function=0
cascade_output_change_fraction=0.010000
quickprop_decay=-0.000100
quickprop_mu=1.750000
rprop_increase_factor=1.200000
rprop_decrease_factor=0.500000
rprop_delta_min=0.000000
rprop_delta_max=50.000000
rprop_delta_zero=0.100000
cascade_output_stagnation_epochs=12
cascade_candidate_change_fraction=0.010000
cascade_candidate_stagnation_epochs=12
cascade_max_out_epochs=150
cascade_min_out_epochs=50
cascade_max_cand_epochs=150
cascade_min_cand_epochs=50
cascade_num_candidate_groups=2
bit_fail_limit=3.49999994039535522461e-01
cascade_candidate_limit=1.00000000000000000000e+03
cascade_weight_multiplier=4.00000005960464477539e-01
cascade_activation_functions_count=10
cascade_activation_functions=3 5 7 8 10 11 14 15 16 17 
cascade_activation_steepnesses_count=4
cascade_activation_steepnesses=2.50000000000000000000e-01 5.00000000000000000000e-01 7.50000000000000000000e-01 1.00000000000000000000e+00 
layer_sizes=4 5 3 2 
scale_included=0
neurons (num_inputs, activation_function, activation_steepness)=(0, 0, 0.00000000000000000000e+00) (0, 0, 0.00000000000000000000e+00) (0, 0, 0.00000000000000000000e+00) (0, 0, 0.00000000000000000000e+00) (4, 3, 5.00000000000000000000e-01) (4, 3, 5.00000000000000000000e-01) (4, 3, 5.00000000000000000000e-01) (4, 3, 5.00000000000000000000e-01) (0, 3, 0.00000000000000000000e+00) (5, 3, 5.00000000000000000000e-01) (5, 3, 5.00000000000000000000e-01) (0, 3, 0.00000000000000000000e+00) (3, 3, 5.00000000000000000000e-01) (0, 3, 0.00000000000000000000e+00) 
connections (connected_to_neuron, weight)=(0, 9.70796813964843750000e+01) (1, -1.64924026489257812500e+02) (2, 8.95755004882812500000e+01) (3, -1.67132472991943359375e+00) (0, 1.01170558929443359375e+01) (1, -8.85773239135742187500e+01) (2, 7.68113327026367187500e+01) (3, -2.14824482798576354980e-01) (0, 9.84617233276367187500e-01) (1, -1.30715072631835937500e+02) (2, 1.05076873779296875000e+02) (3, -1.47743167877197265625e+01) (0, -4.23000431060791015625e+00) (1, -8.08002948760986328125e+00) (2, 1.29821729660034179688e+00) (3, 3.75826406478881835938e+00) (4, -2.53332924842834472656e+00) (5, -3.74647212028503417969e+00) (6, -4.78268003463745117188e+00) (7, 3.26115989685058593750e+01) (8, -6.33086681365966796875e-01) (4, -6.16363143920898437500e+00) (5, -2.46854543685913085938e+00) (6, -7.27571821212768554688e+00) (7, 3.39492874145507812500e+01) (8, 1.32458567619323730469e+00) (9, -2.55644679069519042969e+00) (10, -2.57222771644592285156e+00) (11, 2.84795665740966796875e+00) 
