FANN_FLO_2.1
num_layers=3
learning_rate=0.500000
connection_rate=1.000000
network_type=0
learning_momentum=0.000000
training_algorithm=2
train_error_function=1
train_stop_function=0
cascade_output_change_fraction=0.010000
quickprop_decay=-0.000100
quickprop_mu=1.750000
rprop_increase_factor=1.200000
rprop_decrease_factor=0.500000
rprop_delta_min=0.000000
rprop_delta_max=50.000000
rprop_delta_zero=0.100000
cascade_output_stagnation_epochs=12
cascade_candidate_change_fraction=0.010000
cascade_candidate_stagnation_epochs=12
cascade_max_out_epochs=150
cascade_min_out_epochs=50
cascade_max_cand_epochs=150
cascade_min_cand_epochs=50
cascade_num_candidate_groups=2
bit_fail_limit=3.49999994039535522461e-01
cascade_candidate_limit=1.00000000000000000000e+03
cascade_weight_multiplier=4.00000005960464477539e-01
cascade_activation_functions_count=10
cascade_activation_functions=3 5 7 8 10 11 14 15 16 17 
cascade_activation_steepnesses_count=4
cascade_activation_steepnesses=2.50000000000000000000e-01 5.00000000000000000000e-01 7.50000000000000000000e-01 1.00000000000000000000e+00 
layer_sizes=3 9 4 
scale_included=0
neurons (num_inputs, activation_function, activation_steepness)=(0, 0, 0.00000000000000000000e+00) (0, 0, 0.00000000000000000000e+00) (0, 0, 0.00000000000000000000e+00) (3, 3, 5.00000000000000000000e-01) (3, 3, 5.00000000000000000000e-01) (3, 3, 5.00000000000000000000e-01) (3, 3, 5.00000000000000000000e-01) (3, 3, 5.00000000000000000000e-01) (3, 3, 5.00000000000000000000e-01) (3, 3, 5.00000000000000000000e-01) (3, 3, 5.00000000000000000000e-01) (0, 3, 0.00000000000000000000e+00) (9, 0, 5.00000000000000000000e-01) (9, 0, 5.00000000000000000000e-01) (9, 0, 5.00000000000000000000e-01) (0, 0, 0.00000000000000000000e+00) 
connections (connected_to_neuron, weight)=(0, -1.18253540992736816406e+00) (1, -2.18841552734375000000e+00) (2, 2.73063808679580688477e-01) (0, -4.24828386306762695312e+00) (1, 3.94703894853591918945e-01) (2, 4.03725355863571166992e-01) (0, -6.34346199035644531250e+00) (1, 5.62676095962524414062e+00) (2, 1.06740884780883789062e+01) (0, -4.49756050109863281250e+00) (1, 6.23870325088500976562e+00) (2, -3.34582716226577758789e-01) (0, -7.10131740570068359375e+00) (1, 3.27516341209411621094e+00) (2, 6.02457463741302490234e-01) (0, -6.40666484832763671875e+00) (1, 8.63704490661621093750e+00) (2, 5.10294437408447265625e+00) (0, -4.29566860198974609375e+00) (1, -1.61779260635375976562e+00) (2, -1.60864368081092834473e-01) (0, -6.93150186538696289062e+00) (1, 2.69923305511474609375e+00) (2, 6.23758459091186523438e+00) (3, 2.59444189071655273438e+00) (4, 1.57333123683929443359e+00) (5, 4.00478512048721313477e-01) (6, 2.03781247138977050781e+00) (7, 1.44936394691467285156e+00) (8, 4.92991685867309570312e-01) (9, 2.44053483009338378906e+00) (10, -3.58090192079544067383e-01) (11, 5.13451457023620605469e-01) (3, 9.57328987121582031250e+00) (4, 5.53266143798828125000e+00) (5, 2.19720602035522460938e+00) (6, 3.87987565994262695312e+00) (7, 2.69966983795166015625e+00) (8, 2.42540526390075683594e+00) (9, 4.97221660614013671875e+00) (10, 2.33566975593566894531e+00) (11, 1.77215147018432617188e+00) (3, 3.17115268707275390625e+01) (4, 1.68056621551513671875e+01) (5, 9.18699741363525390625e+00) (6, 8.71171474456787109375e+00) (7, 9.12558364868164062500e+00) (8, 9.28952980041503906250e+00) (9, 1.58155183792114257812e+01) (10, 9.18365573883056640625e+00) (11, 9.14288234710693359375e+00) 
