FANN_FLO_2.1
num_layers=3
learning_rate=0.300000
connection_rate=1.000000
network_type=0
learning_momentum=0.000000
training_algorithm=2
train_error_function=1
train_stop_function=0
cascade_output_change_fraction=0.010000
quickprop_decay=-0.000100
quickprop_mu=1.750000
rprop_increase_factor=1.200000
rprop_decrease_factor=0.500000
rprop_delta_min=0.000000
rprop_delta_max=50.000000
rprop_delta_zero=0.100000
cascade_output_stagnation_epochs=12
cascade_candidate_change_fraction=0.010000
cascade_candidate_stagnation_epochs=12
cascade_max_out_epochs=150
cascade_min_out_epochs=50
cascade_max_cand_epochs=150
cascade_min_cand_epochs=50
cascade_num_candidate_groups=2
bit_fail_limit=3.49999994039535522461e-01
cascade_candidate_limit=1.00000000000000000000e+03
cascade_weight_multiplier=4.00000005960464477539e-01
cascade_activation_functions_count=10
cascade_activation_functions=3 5 7 8 10 11 14 15 16 17 
cascade_activation_steepnesses_count=4
cascade_activation_steepnesses=2.50000000000000000000e-01 5.00000000000000000000e-01 7.50000000000000000000e-01 1.00000000000000000000e+00 
layer_sizes=4 9 2 
scale_included=0
neurons (num_inputs, activation_function, activation_steepness)=(0, 0, 0.00000000000000000000e+00) (0, 0, 0.00000000000000000000e+00) (0, 0, 0.00000000000000000000e+00) (0, 0, 0.00000000000000000000e+00) (4, 3, 5.00000000000000000000e-01) (4, 3, 5.00000000000000000000e-01) (4, 3, 5.00000000000000000000e-01) (4, 3, 5.00000000000000000000e-01) (4, 3, 5.00000000000000000000e-01) (4, 3, 5.00000000000000000000e-01) (4, 3, 5.00000000000000000000e-01) (4, 3, 5.00000000000000000000e-01) (0, 3, 0.00000000000000000000e+00) (9, 3, 5.00000000000000000000e-01) (0, 3, 0.00000000000000000000e+00) 
connections (connected_to_neuron, weight)=(0, -2.64017701148986816406e-01) (1, 1.80884167551994323730e-01) (2, -2.97329097986221313477e-01) (3, 3.02252382040023803711e-01) (0, 6.03170953691005706787e-02) (1, 7.00631022453308105469e-01) (2, -3.36585259437561035156e+00) (3, 1.27759873867034912109e+00) (0, -1.13500049337744712830e-02) (1, 7.05567598342895507812e-01) (2, -3.10942101478576660156e+00) (3, 1.22950839996337890625e+00) (0, 7.46767669916152954102e-02) (1, 6.73138916492462158203e-01) (2, -3.30729126930236816406e+00) (3, 1.30437099933624267578e+00) (0, -2.97901928424835205078e-01) (1, 2.12779968976974487305e-01) (2, -3.84034335613250732422e-01) (3, 4.26929861307144165039e-01) (0, 5.88554292917251586914e-02) (1, 6.54931128025054931641e-01) (2, -3.08197736740112304688e+00) (3, 1.11474621295928955078e+00) (0, -8.84660556912422180176e-02) (1, 3.26823703944683074951e-02) (2, -2.91635811328887939453e-01) (3, 1.61642122268676757812e+00) (0, 2.16969698667526245117e-01) (1, 1.40066612511873245239e-02) (2, -1.19003588333725929260e-02) (3, -4.28036403656005859375e+00) (4, -3.08931529521942138672e-01) (5, -1.34337738156318664551e-01) (6, -1.08037002384662628174e-01) (7, -8.90569090843200683594e-02) (8, -3.50498795509338378906e-01) (9, -1.50002911686897277832e-01) (10, -4.82274103164672851562e+00) (11, 2.10860872268676757812e+00) (12, -1.24053031206130981445e-01) 
