FANN_FLO_2.1
num_layers=3
learning_rate=0.300000
connection_rate=1.000000
network_type=0
learning_momentum=0.000000
training_algorithm=2
train_error_function=1
train_stop_function=0
cascade_output_change_fraction=0.010000
quickprop_decay=-0.000100
quickprop_mu=1.750000
rprop_increase_factor=1.200000
rprop_decrease_factor=0.500000
rprop_delta_min=0.000000
rprop_delta_max=50.000000
rprop_delta_zero=0.100000
cascade_output_stagnation_epochs=12
cascade_candidate_change_fraction=0.010000
cascade_candidate_stagnation_epochs=12
cascade_max_out_epochs=150
cascade_min_out_epochs=50
cascade_max_cand_epochs=150
cascade_min_cand_epochs=50
cascade_num_candidate_groups=2
bit_fail_limit=3.49999994039535522461e-01
cascade_candidate_limit=1.00000000000000000000e+03
cascade_weight_multiplier=4.00000005960464477539e-01
cascade_activation_functions_count=10
cascade_activation_functions=3 5 7 8 10 11 14 15 16 17 
cascade_activation_steepnesses_count=4
cascade_activation_steepnesses=2.50000000000000000000e-01 5.00000000000000000000e-01 7.50000000000000000000e-01 1.00000000000000000000e+00 
layer_sizes=4 9 2 
scale_included=0
neurons (num_inputs, activation_function, activation_steepness)=(0, 0, 0.00000000000000000000e+00) (0, 0, 0.00000000000000000000e+00) (0, 0, 0.00000000000000000000e+00) (0, 0, 0.00000000000000000000e+00) (4, 3, 5.00000000000000000000e-01) (4, 3, 5.00000000000000000000e-01) (4, 3, 5.00000000000000000000e-01) (4, 3, 5.00000000000000000000e-01) (4, 3, 5.00000000000000000000e-01) (4, 3, 5.00000000000000000000e-01) (4, 3, 5.00000000000000000000e-01) (4, 3, 5.00000000000000000000e-01) (0, 3, 0.00000000000000000000e+00) (9, 3, 5.00000000000000000000e-01) (0, 3, 0.00000000000000000000e+00) 
connections (connected_to_neuron, weight)=(0, -1.43639549612998962402e-01) (1, 3.67372743785381317139e-02) (2, -3.94831031560897827148e-01) (3, 2.88863110542297363281e+00) (0, -9.32158231735229492188e-01) (1, 4.87921148538589477539e-01) (2, -1.58599984645843505859e+00) (3, 3.36497569084167480469e+00) (0, 2.98492193222045898438e-01) (1, 3.07128019630908966064e-02) (2, -3.67280431091785430908e-02) (3, -6.58537101745605468750e+00) (0, -6.54066264629364013672e-01) (1, 2.21407413482666015625e-02) (2, -6.33465349674224853516e-01) (3, 3.71428370475769042969e-01) (0, -1.37786221504211425781e+00) (1, 5.96642792224884033203e-01) (2, -2.15958261489868164062e+00) (3, 2.17475986480712890625e+01) (0, -9.93505001068115234375e-01) (1, 7.41160690784454345703e-01) (2, -1.87306833267211914062e+00) (3, 6.30685615539550781250e+00) (0, -8.21227908134460449219e-01) (1, 7.17483758926391601562e-01) (2, -1.78315198421478271484e+00) (3, 2.22434067726135253906e+00) (0, -7.83439159393310546875e+00) (1, 2.44560446590185165405e-02) (2, 2.80610871315002441406e+00) (3, 1.89796492457389831543e-01) (4, -4.04067516326904296875e+00) (5, -2.42921352386474609375e-01) (6, 1.15037131309509277344e+00) (7, -1.50000000000000000000e+03) (8, -4.73807960748672485352e-01) (9, -2.79649406671524047852e-01) (10, -3.23168516159057617188e-01) (11, -1.50000000000000000000e+03) (12, -3.61346751451492309570e-02) 
