FANN_FLO_2.1
num_layers=4
learning_rate=0.500000
connection_rate=1.000000
network_type=0
learning_momentum=0.000000
training_algorithm=2
train_error_function=1
train_stop_function=0
cascade_output_change_fraction=0.010000
quickprop_decay=-0.000100
quickprop_mu=1.750000
rprop_increase_factor=1.200000
rprop_decrease_factor=0.500000
rprop_delta_min=0.000000
rprop_delta_max=50.000000
rprop_delta_zero=0.100000
cascade_output_stagnation_epochs=12
cascade_candidate_change_fraction=0.010000
cascade_candidate_stagnation_epochs=12
cascade_max_out_epochs=150
cascade_min_out_epochs=50
cascade_max_cand_epochs=150
cascade_min_cand_epochs=50
cascade_num_candidate_groups=2
bit_fail_limit=3.49999994039535522461e-01
cascade_candidate_limit=1.00000000000000000000e+03
cascade_weight_multiplier=4.00000005960464477539e-01
cascade_activation_functions_count=10
cascade_activation_functions=3 5 7 8 10 11 14 15 16 17 
cascade_activation_steepnesses_count=4
cascade_activation_steepnesses=2.50000000000000000000e-01 5.00000000000000000000e-01 7.50000000000000000000e-01 1.00000000000000000000e+00 
layer_sizes=4 5 5 2 
scale_included=0
neurons (num_inputs, activation_function, activation_steepness)=(0, 0, 0.00000000000000000000e+00) (0, 0, 0.00000000000000000000e+00) (0, 0, 0.00000000000000000000e+00) (0, 0, 0.00000000000000000000e+00) (4, 3, 5.00000000000000000000e-01) (4, 3, 5.00000000000000000000e-01) (4, 3, 5.00000000000000000000e-01) (4, 3, 5.00000000000000000000e-01) (0, 3, 0.00000000000000000000e+00) (5, 3, 5.00000000000000000000e-01) (5, 3, 5.00000000000000000000e-01) (5, 3, 5.00000000000000000000e-01) (5, 3, 5.00000000000000000000e-01) (0, 3, 0.00000000000000000000e+00) (5, 3, 5.00000000000000000000e-01) (0, 3, 0.00000000000000000000e+00) 
connections (connected_to_neuron, weight)=(0, -4.63033294677734375000e+00) (1, -6.53295135498046875000e+00) (2, 5.51135063171386718750e-01) (3, 3.71278882026672363281e+00) (0, -4.67194795608520507812e+00) (1, -7.17619657516479492188e+00) (2, 6.79300546646118164062e-01) (3, 3.59883642196655273438e+00) (0, -4.34689807891845703125e+00) (1, -6.37992954254150390625e+00) (2, 3.10043007135391235352e-01) (3, 4.04952096939086914062e+00) (0, -2.79884427785873413086e-01) (1, -2.85279998779296875000e+01) (2, 3.74775505065917968750e+01) (3, 2.43069577217102050781e+00) (4, 1.07219116210937500000e+02) (5, -3.01491485595703125000e+02) (6, 9.47145652770996093750e+00) (7, -1.40000000000000000000e+03) (8, 2.58129626512527465820e-01) (4, 1.24836788177490234375e+01) (5, 1.92898082733154296875e+01) (6, 2.45915088653564453125e+01) (7, -1.84588289260864257812e+00) (8, -1.18720731735229492188e+01) (4, 8.24905967712402343750e+00) (5, 7.40002775192260742188e+00) (6, 2.58917827606201171875e+01) (7, -1.95851540565490722656e+00) (8, -9.28943157196044921875e+00) (4, 1.23072185516357421875e+01) (5, 6.49583005905151367188e+00) (6, 3.00569400787353515625e+01) (7, -2.30384659767150878906e+00) (8, -1.09252977371215820312e+01) (9, -2.52301483154296875000e+01) (10, -1.12784361839294433594e+00) (11, -1.16170060634613037109e+00) (12, -1.99241757392883300781e+00) (13, 2.06182837486267089844e+00) 
