FANN_FLO_2.1
num_layers=4
learning_rate=0.300000
connection_rate=1.000000
network_type=0
learning_momentum=0.000000
training_algorithm=2
train_error_function=1
train_stop_function=0
cascade_output_change_fraction=0.010000
quickprop_decay=-0.000100
quickprop_mu=1.750000
rprop_increase_factor=1.200000
rprop_decrease_factor=0.500000
rprop_delta_min=0.000000
rprop_delta_max=50.000000
rprop_delta_zero=0.100000
cascade_output_stagnation_epochs=12
cascade_candidate_change_fraction=0.010000
cascade_candidate_stagnation_epochs=12
cascade_max_out_epochs=150
cascade_min_out_epochs=50
cascade_max_cand_epochs=150
cascade_min_cand_epochs=50
cascade_num_candidate_groups=2
bit_fail_limit=3.49999994039535522461e-01
cascade_candidate_limit=1.00000000000000000000e+03
cascade_weight_multiplier=4.00000005960464477539e-01
cascade_activation_functions_count=10
cascade_activation_functions=3 5 7 8 10 11 14 15 16 17 
cascade_activation_steepnesses_count=4
cascade_activation_steepnesses=2.50000000000000000000e-01 5.00000000000000000000e-01 7.50000000000000000000e-01 1.00000000000000000000e+00 
layer_sizes=2 5 3 3 
scale_included=0
neurons (num_inputs, activation_function, activation_steepness)=(0, 0, 0.00000000000000000000e+00) (0, 0, 0.00000000000000000000e+00) (2, 3, 5.00000000000000000000e-01) (2, 3, 5.00000000000000000000e-01) (2, 3, 5.00000000000000000000e-01) (2, 3, 5.00000000000000000000e-01) (0, 3, 0.00000000000000000000e+00) (5, 3, 5.00000000000000000000e-01) (5, 3, 5.00000000000000000000e-01) (0, 3, 0.00000000000000000000e+00) (3, 0, 5.00000000000000000000e-01) (3, 0, 5.00000000000000000000e-01) (0, 0, 0.00000000000000000000e+00) 
connections (connected_to_neuron, weight)=(0, 4.22064161300659179688e+00) (1, 9.32234859466552734375e+00) (0, -9.33615303039550781250e+00) (1, -4.07942199707031250000e+00) (0, -5.08122825622558593750e+00) (1, -2.11669254302978515625e+00) (0, -5.40368318557739257812e+00) (1, -2.09026360511779785156e+00) (2, 1.67038989067077636719e+00) (3, 1.66880774497985839844e+00) (4, 1.10459797084331512451e-01) (5, 7.23730698227882385254e-02) (6, -1.60926342010498046875e+00) (2, 3.53901505470275878906e+00) (3, 3.93469429016113281250e+00) (4, 1.63772225379943847656e-01) (5, 1.92696452140808105469e-01) (6, -5.38122653961181640625e+00) (7, 4.09799329936504364014e-02) (8, 1.16181597113609313965e-01) (9, -6.49970099329948425293e-02) (7, -9.55765724182128906250e-01) (8, -9.03449118137359619141e-01) (9, -6.90378904342651367188e-01) 
