FANN_FLO_2.1
num_layers=3
learning_rate=0.400000
connection_rate=1.000000
network_type=0
learning_momentum=0.000000
training_algorithm=2
train_error_function=1
train_stop_function=0
cascade_output_change_fraction=0.010000
quickprop_decay=-0.000100
quickprop_mu=1.750000
rprop_increase_factor=1.200000
rprop_decrease_factor=0.500000
rprop_delta_min=0.000000
rprop_delta_max=50.000000
rprop_delta_zero=0.100000
cascade_output_stagnation_epochs=12
cascade_candidate_change_fraction=0.010000
cascade_candidate_stagnation_epochs=12
cascade_max_out_epochs=150
cascade_min_out_epochs=50
cascade_max_cand_epochs=150
cascade_min_cand_epochs=50
cascade_num_candidate_groups=2
bit_fail_limit=3.49999994039535522461e-01
cascade_candidate_limit=1.00000000000000000000e+03
cascade_weight_multiplier=4.00000005960464477539e-01
cascade_activation_functions_count=10
cascade_activation_functions=3 5 7 8 10 11 14 15 16 17 
cascade_activation_steepnesses_count=4
cascade_activation_steepnesses=2.50000000000000000000e-01 5.00000000000000000000e-01 7.50000000000000000000e-01 1.00000000000000000000e+00 
layer_sizes=10 3 2 
scale_included=0
neurons (num_inputs, activation_function, activation_steepness)=(0, 0, 0.00000000000000000000e+00) (0, 0, 0.00000000000000000000e+00) (0, 0, 0.00000000000000000000e+00) (0, 0, 0.00000000000000000000e+00) (0, 0, 0.00000000000000000000e+00) (0, 0, 0.00000000000000000000e+00) (0, 0, 0.00000000000000000000e+00) (0, 0, 0.00000000000000000000e+00) (0, 0, 0.00000000000000000000e+00) (0, 0, 0.00000000000000000000e+00) (10, 3, 5.00000000000000000000e-01) (10, 3, 5.00000000000000000000e-01) (0, 3, 0.00000000000000000000e+00) (3, 3, 5.00000000000000000000e-01) (0, 3, 0.00000000000000000000e+00) 
connections (connected_to_neuron, weight)=(0, -8.98404642939567565918e-02) (1, -1.12245142459869384766e-01) (2, -9.98347029089927673340e-02) (3, -1.84062123298645019531e-01) (4, -1.04174062609672546387e-01) (5, -4.30700704455375671387e-02) (6, -1.19999922811985015869e-01) (7, -9.68317165970802307129e-02) (8, -3.71358171105384826660e-02) (9, 5.45076429843902587891e-02) (0, 2.79891341924667358398e-02) (1, 8.48695561289787292480e-02) (2, 1.08889982104301452637e-01) (3, 1.68327987194061279297e-01) (4, 2.18938708305358886719e-01) (5, 4.62736487388610839844e-02) (6, 1.49395644664764404297e-01) (7, 1.94326043128967285156e-01) (8, 1.40110760927200317383e-01) (9, -6.69974014163017272949e-02) (10, 2.18440204858779907227e-01) (11, 2.44761630892753601074e-02) (12, 1.85859650373458862305e-01) 
