FANN_FLO_2.1
num_layers=4
learning_rate=0.500000
connection_rate=1.000000
network_type=0
learning_momentum=0.000000
training_algorithm=2
train_error_function=1
train_stop_function=0
cascade_output_change_fraction=0.010000
quickprop_decay=-0.000100
quickprop_mu=1.750000
rprop_increase_factor=1.200000
rprop_decrease_factor=0.500000
rprop_delta_min=0.000000
rprop_delta_max=50.000000
rprop_delta_zero=0.100000
cascade_output_stagnation_epochs=12
cascade_candidate_change_fraction=0.010000
cascade_candidate_stagnation_epochs=12
cascade_max_out_epochs=150
cascade_min_out_epochs=50
cascade_max_cand_epochs=150
cascade_min_cand_epochs=50
cascade_num_candidate_groups=2
bit_fail_limit=3.49999994039535522461e-01
cascade_candidate_limit=1.00000000000000000000e+03
cascade_weight_multiplier=4.00000005960464477539e-01
cascade_activation_functions_count=10
cascade_activation_functions=3 5 7 8 10 11 14 15 16 17 
cascade_activation_steepnesses_count=4
cascade_activation_steepnesses=2.50000000000000000000e-01 5.00000000000000000000e-01 7.50000000000000000000e-01 1.00000000000000000000e+00 
layer_sizes=4 5 3 2 
scale_included=0
neurons (num_inputs, activation_function, activation_steepness)=(0, 0, 0.00000000000000000000e+00) (0, 0, 0.00000000000000000000e+00) (0, 0, 0.00000000000000000000e+00) (0, 0, 0.00000000000000000000e+00) (4, 3, 5.00000000000000000000e-01) (4, 3, 5.00000000000000000000e-01) (4, 3, 5.00000000000000000000e-01) (4, 3, 5.00000000000000000000e-01) (0, 3, 0.00000000000000000000e+00) (5, 3, 5.00000000000000000000e-01) (5, 3, 5.00000000000000000000e-01) (0, 3, 0.00000000000000000000e+00) (3, 3, 5.00000000000000000000e-01) (0, 3, 0.00000000000000000000e+00) 
connections (connected_to_neuron, weight)=(0, -2.21797218322753906250e+01) (1, 2.97264652252197265625e+01) (2, -2.48793792724609375000e+01) (3, 1.16014909744262695312e+01) (0, -5.23180122375488281250e+01) (1, 2.56870822906494140625e+01) (2, 3.61155395507812500000e+01) (3, -2.38895988464355468750e+00) (0, -5.21287040710449218750e+01) (1, 2.89371662139892578125e+01) (2, 2.86348323822021484375e+01) (3, -1.51793336868286132812e+00) (0, -5.12737226486206054688e+00) (1, -7.81592845916748046875e+00) (2, 1.48867106437683105469e+00) (3, 4.17057561874389648438e+00) (4, 5.10231065750122070312e+00) (5, -2.34043076634407043457e-01) (6, -3.35369795560836791992e-01) (7, 2.53258934020996093750e+01) (8, -5.70031547546386718750e+00) (4, 4.19828414916992187500e+00) (5, 3.58667910099029541016e-01) (6, -1.03535044193267822266e+00) (7, 2.17961921691894531250e+01) (8, -4.81706523895263671875e+00) (9, -1.78153765201568603516e+00) (10, -3.24575638771057128906e+00) (11, 2.69280171394348144531e+00) 
