FANN_FLO_2.1
num_layers=3
learning_rate=0.500000
connection_rate=1.000000
network_type=0
learning_momentum=0.000000
training_algorithm=2
train_error_function=1
train_stop_function=0
cascade_output_change_fraction=0.010000
quickprop_decay=-0.000100
quickprop_mu=1.750000
rprop_increase_factor=1.200000
rprop_decrease_factor=0.500000
rprop_delta_min=0.000000
rprop_delta_max=50.000000
rprop_delta_zero=0.100000
cascade_output_stagnation_epochs=12
cascade_candidate_change_fraction=0.010000
cascade_candidate_stagnation_epochs=12
cascade_max_out_epochs=150
cascade_min_out_epochs=50
cascade_max_cand_epochs=150
cascade_min_cand_epochs=50
cascade_num_candidate_groups=2
bit_fail_limit=3.49999994039535522461e-01
cascade_candidate_limit=1.00000000000000000000e+03
cascade_weight_multiplier=4.00000005960464477539e-01
cascade_activation_functions_count=10
cascade_activation_functions=3 5 7 8 10 11 14 15 16 17 
cascade_activation_steepnesses_count=4
cascade_activation_steepnesses=2.50000000000000000000e-01 5.00000000000000000000e-01 7.50000000000000000000e-01 1.00000000000000000000e+00 
layer_sizes=7 9 2 
scale_included=0
neurons (num_inputs, activation_function, activation_steepness)=(0, 0, 0.00000000000000000000e+00) (0, 0, 0.00000000000000000000e+00) (0, 0, 0.00000000000000000000e+00) (0, 0, 0.00000000000000000000e+00) (0, 0, 0.00000000000000000000e+00) (0, 0, 0.00000000000000000000e+00) (0, 0, 0.00000000000000000000e+00) (7, 3, 5.00000000000000000000e-01) (7, 3, 5.00000000000000000000e-01) (7, 3, 5.00000000000000000000e-01) (7, 3, 5.00000000000000000000e-01) (7, 3, 5.00000000000000000000e-01) (7, 3, 5.00000000000000000000e-01) (7, 3, 5.00000000000000000000e-01) (7, 3, 5.00000000000000000000e-01) (0, 3, 0.00000000000000000000e+00) (9, 0, 5.00000000000000000000e-01) (0, 0, 0.00000000000000000000e+00) 
connections (connected_to_neuron, weight)=(0, 7.86264061927795410156e-01) (1, 6.87228500843048095703e-01) (2, -1.10019401550292968750e+02) (3, 8.00892412662506103516e-01) (4, 1.36056365966796875000e+02) (5, 3.55106532573699951172e-01) (6, 5.42946994304656982422e-01) (0, 7.89902627468109130859e-01) (1, -3.41752767562866210938e-01) (2, -7.41923987865447998047e-01) (3, -2.14872285723686218262e-01) (4, 1.83640408515930175781e+00) (5, -1.78289741277694702148e-01) (6, 1.54915153980255126953e-01) (0, 7.17230975627899169922e-01) (1, 7.33067214488983154297e-01) (2, -8.66192199707031250000e+02) (3, 6.32504820823669433594e-01) (4, 1.29282080078125000000e+03) (5, -5.21564900875091552734e-01) (6, 3.01437824964523315430e-01) (0, -7.84316100180149078369e-03) (1, -1.92277163267135620117e-01) (2, 1.08169782161712646484e+00) (3, -1.32074311375617980957e-01) (4, -9.63846504688262939453e-01) (5, -6.93172886967658996582e-02) (6, 7.76249945163726806641e-01) (0, 4.53582972288131713867e-01) (1, 8.29776227474212646484e-01) (2, 1.50000000000000000000e+03) (3, 3.31865966320037841797e-01) (4, 4.17905092239379882812e-01) (5, 5.52957773208618164062e+00) (6, -3.52087378501892089844e+00) (0, 7.51754164695739746094e-01) (1, 6.70739114284515380859e-01) (2, -1.52994827270507812500e+02) (3, 8.37857067584991455078e-01) (4, 1.42751876831054687500e+02) (5, 1.96012228727340698242e-01) (6, 9.50987100601196289062e-01) (0, -2.21031442284584045410e-01) (1, -3.41104120016098022461e-01) (2, 6.48652136325836181641e-01) (3, -2.25719630718231201172e-01) (4, -5.92052102088928222656e-01) (5, -7.43068754673004150391e-03) (6, 4.03478927910327911377e-02) (0, 2.90904253721237182617e-01) (1, 6.77148401737213134766e-01) (2, 1.50000000000000000000e+03) (3, -2.19831123948097229004e-01) (4, 5.29696762561798095703e-01) (5, 1.36992406845092773438e+01) (6, -5.05548858642578125000e+00) (7, -1.52704119682312011719e-01) (8, -2.20342293381690979004e-01) (9, -1.30789726972579956055e-01) (10, -3.67758125066757202148e-01) (11, 2.03883931040763854980e-01) (12, -6.94567710161209106445e-02) (13, 1.36366987228393554688e+00) (14, 1.76306977868080139160e-01) (15, 2.04640045762062072754e-01) 
