FANN_FLO_2.1
num_layers=3
learning_rate=0.300000
connection_rate=1.000000
network_type=0
learning_momentum=0.000000
training_algorithm=2
train_error_function=1
train_stop_function=0
cascade_output_change_fraction=0.010000
quickprop_decay=-0.000100
quickprop_mu=1.750000
rprop_increase_factor=1.200000
rprop_decrease_factor=0.500000
rprop_delta_min=0.000000
rprop_delta_max=50.000000
rprop_delta_zero=0.100000
cascade_output_stagnation_epochs=12
cascade_candidate_change_fraction=0.010000
cascade_candidate_stagnation_epochs=12
cascade_max_out_epochs=150
cascade_min_out_epochs=50
cascade_max_cand_epochs=150
cascade_min_cand_epochs=50
cascade_num_candidate_groups=2
bit_fail_limit=3.49999994039535522461e-01
cascade_candidate_limit=1.00000000000000000000e+03
cascade_weight_multiplier=4.00000005960464477539e-01
cascade_activation_functions_count=10
cascade_activation_functions=3 5 7 8 10 11 14 15 16 17 
cascade_activation_steepnesses_count=4
cascade_activation_steepnesses=2.50000000000000000000e-01 5.00000000000000000000e-01 7.50000000000000000000e-01 1.00000000000000000000e+00 
layer_sizes=4 9 2 
scale_included=0
neurons (num_inputs, activation_function, activation_steepness)=(0, 0, 0.00000000000000000000e+00) (0, 0, 0.00000000000000000000e+00) (0, 0, 0.00000000000000000000e+00) (0, 0, 0.00000000000000000000e+00) (4, 3, 5.00000000000000000000e-01) (4, 3, 5.00000000000000000000e-01) (4, 3, 5.00000000000000000000e-01) (4, 3, 5.00000000000000000000e-01) (4, 3, 5.00000000000000000000e-01) (4, 3, 5.00000000000000000000e-01) (4, 3, 5.00000000000000000000e-01) (4, 3, 5.00000000000000000000e-01) (0, 3, 0.00000000000000000000e+00) (9, 3, 5.00000000000000000000e-01) (0, 3, 0.00000000000000000000e+00) 
connections (connected_to_neuron, weight)=(0, -7.19285756349563598633e-02) (1, 2.58871335536241531372e-02) (2, -1.87793135643005371094e-01) (3, 5.77367007732391357422e-01) (0, -2.35975313186645507812e+00) (1, 7.43494629859924316406e-01) (2, 7.43452608585357666016e-02) (3, 1.27451372146606445312e+00) (0, -1.36682188510894775391e+00) (1, 7.76144683361053466797e-01) (2, -2.11543560028076171875e+00) (3, 4.06642675399780273438e+00) (0, -2.68531233072280883789e-01) (1, 2.84319341182708740234e-01) (2, -1.03267514705657958984e+00) (3, 1.08431243896484375000e+00) (0, -9.08809304237365722656e-02) (1, 1.13563366234302520752e-01) (2, -5.96441864967346191406e-01) (3, 1.56732812523841857910e-01) (0, 3.25155973434448242188e+00) (1, -1.93526840209960937500e+00) (2, 2.35373520851135253906e+00) (3, 2.91987578384578227997e-03) (0, -2.49374970793724060059e-01) (1, 1.47131413221359252930e-01) (2, -7.33563959598541259766e-01) (3, -5.55280745029449462891e-01) (0, -1.13842189311981201172e-01) (1, 2.48266458511352539062e-01) (2, -6.30707383155822753906e-01) (3, 1.07865929603576660156e-01) (4, -1.40321483612060546875e+01) (5, -4.32876385748386383057e-02) (6, -1.90927088260650634766e-01) (7, -2.08869818598031997681e-02) (8, 1.50387680530548095703e+00) (9, 2.69337147474288940430e-01) (10, 1.19887220859527587891e+00) (11, 1.17221999168395996094e+00) (12, 6.95683598518371582031e-01) 
