FANN_FLO_2.1
num_layers=3
learning_rate=0.400000
connection_rate=1.000000
network_type=0
learning_momentum=0.000000
training_algorithm=2
train_error_function=1
train_stop_function=0
cascade_output_change_fraction=0.010000
quickprop_decay=-0.000100
quickprop_mu=1.750000
rprop_increase_factor=1.200000
rprop_decrease_factor=0.500000
rprop_delta_min=0.000000
rprop_delta_max=50.000000
rprop_delta_zero=0.100000
cascade_output_stagnation_epochs=12
cascade_candidate_change_fraction=0.010000
cascade_candidate_stagnation_epochs=12
cascade_max_out_epochs=150
cascade_min_out_epochs=50
cascade_max_cand_epochs=150
cascade_min_cand_epochs=50
cascade_num_candidate_groups=2
bit_fail_limit=3.49999994039535522461e-01
cascade_candidate_limit=1.00000000000000000000e+03
cascade_weight_multiplier=4.00000005960464477539e-01
cascade_activation_functions_count=10
cascade_activation_functions=3 5 7 8 10 11 14 15 16 17 
cascade_activation_steepnesses_count=4
cascade_activation_steepnesses=2.50000000000000000000e-01 5.00000000000000000000e-01 7.50000000000000000000e-01 1.00000000000000000000e+00 
layer_sizes=10 3 2 
scale_included=0
neurons (num_inputs, activation_function, activation_steepness)=(0, 0, 0.00000000000000000000e+00) (0, 0, 0.00000000000000000000e+00) (0, 0, 0.00000000000000000000e+00) (0, 0, 0.00000000000000000000e+00) (0, 0, 0.00000000000000000000e+00) (0, 0, 0.00000000000000000000e+00) (0, 0, 0.00000000000000000000e+00) (0, 0, 0.00000000000000000000e+00) (0, 0, 0.00000000000000000000e+00) (0, 0, 0.00000000000000000000e+00) (10, 3, 5.00000000000000000000e-01) (10, 3, 5.00000000000000000000e-01) (0, 3, 0.00000000000000000000e+00) (3, 3, 5.00000000000000000000e-01) (0, 3, 0.00000000000000000000e+00) 
connections (connected_to_neuron, weight)=(0, -9.12532135844230651855e-02) (1, -1.54481619596481323242e-01) (2, -2.07741215825080871582e-01) (3, -3.10063287615776062012e-02) (4, -1.85292273759841918945e-01) (5, -5.66986575722694396973e-02) (6, -6.15106150507926940918e-02) (7, -1.96017831563949584961e-01) (8, -6.33432194590568542480e-02) (9, -1.07183896005153656006e-01) (0, -1.24405577778816223145e-01) (1, -1.91007256507873535156e-01) (2, -1.78044006228446960449e-01) (3, -1.90294772386550903320e-01) (4, -1.64449945092201232910e-01) (5, -1.88143074512481689453e-01) (6, -1.43181115388870239258e-01) (7, -1.86811506748199462891e-01) (8, -2.15005636215209960938e-01) (9, -2.15926259756088256836e-01) (10, -6.20075389742851257324e-02) (11, -7.62157514691352844238e-02) (12, -1.80581659078598022461e-01) 
