FANN_FLO_2.1
num_layers=3
learning_rate=0.500000
connection_rate=1.000000
network_type=0
learning_momentum=0.000000
training_algorithm=2
train_error_function=1
train_stop_function=0
cascade_output_change_fraction=0.010000
quickprop_decay=-0.000100
quickprop_mu=1.750000
rprop_increase_factor=1.200000
rprop_decrease_factor=0.500000
rprop_delta_min=0.000000
rprop_delta_max=50.000000
rprop_delta_zero=0.100000
cascade_output_stagnation_epochs=12
cascade_candidate_change_fraction=0.010000
cascade_candidate_stagnation_epochs=12
cascade_max_out_epochs=150
cascade_min_out_epochs=50
cascade_max_cand_epochs=150
cascade_min_cand_epochs=50
cascade_num_candidate_groups=2
bit_fail_limit=3.49999994039535522461e-01
cascade_candidate_limit=1.00000000000000000000e+03
cascade_weight_multiplier=4.00000005960464477539e-01
cascade_activation_functions_count=10
cascade_activation_functions=3 5 7 8 10 11 14 15 16 17 
cascade_activation_steepnesses_count=4
cascade_activation_steepnesses=2.50000000000000000000e-01 5.00000000000000000000e-01 7.50000000000000000000e-01 1.00000000000000000000e+00 
layer_sizes=3 5 4 
scale_included=0
neurons (num_inputs, activation_function, activation_steepness)=(0, 0, 0.00000000000000000000e+00) (0, 0, 0.00000000000000000000e+00) (0, 0, 0.00000000000000000000e+00) (3, 3, 5.00000000000000000000e-01) (3, 3, 5.00000000000000000000e-01) (3, 3, 5.00000000000000000000e-01) (3, 3, 5.00000000000000000000e-01) (0, 3, 0.00000000000000000000e+00) (5, 0, 5.00000000000000000000e-01) (5, 0, 5.00000000000000000000e-01) (5, 0, 5.00000000000000000000e-01) (0, 0, 0.00000000000000000000e+00) 
connections (connected_to_neuron, weight)=(0, -4.30219221115112304688e+00) (1, 2.04955935478210449219e+00) (2, 1.03651595115661621094e+00) (0, -1.74110260009765625000e+01) (1, 1.42278585433959960938e+01) (2, 1.39723234176635742188e+01) (0, -3.46632075309753417969e+00) (1, -3.94044131040573120117e-01) (2, 3.19076597690582275391e-01) (0, -1.75720238685607910156e+00) (1, -2.11581277847290039062e+00) (2, 1.19332522153854370117e-01) (3, 2.26450371742248535156e+00) (4, 7.24760770797729492188e-01) (5, 3.29079532623291015625e+00) (6, 2.96325922012329101562e+00) (7, 1.45853483676910400391e+00) (3, 6.57958698272705078125e+00) (4, 4.10411596298217773438e+00) (5, 7.74551630020141601562e+00) (6, 9.83429718017578125000e+00) (7, 5.66782665252685546875e+00) (3, 1.99786319732666015625e+01) (4, 1.41412410736083984375e+01) (5, 2.42415599822998046875e+01) (6, 3.31219596862792968750e+01) (7, 2.30116786956787109375e+01) 
