FANN_FLO_2.1
num_layers=3
learning_rate=0.400000
connection_rate=1.000000
network_type=0
learning_momentum=0.000000
training_algorithm=2
train_error_function=1
train_stop_function=0
cascade_output_change_fraction=0.010000
quickprop_decay=-0.000100
quickprop_mu=1.750000
rprop_increase_factor=1.200000
rprop_decrease_factor=0.500000
rprop_delta_min=0.000000
rprop_delta_max=50.000000
rprop_delta_zero=0.100000
cascade_output_stagnation_epochs=12
cascade_candidate_change_fraction=0.010000
cascade_candidate_stagnation_epochs=12
cascade_max_out_epochs=150
cascade_min_out_epochs=50
cascade_max_cand_epochs=150
cascade_min_cand_epochs=50
cascade_num_candidate_groups=2
bit_fail_limit=3.49999994039535522461e-01
cascade_candidate_limit=1.00000000000000000000e+03
cascade_weight_multiplier=4.00000005960464477539e-01
cascade_activation_functions_count=10
cascade_activation_functions=3 5 7 8 10 11 14 15 16 17 
cascade_activation_steepnesses_count=4
cascade_activation_steepnesses=2.50000000000000000000e-01 5.00000000000000000000e-01 7.50000000000000000000e-01 1.00000000000000000000e+00 
layer_sizes=10 3 2 
scale_included=0
neurons (num_inputs, activation_function, activation_steepness)=(0, 0, 0.00000000000000000000e+00) (0, 0, 0.00000000000000000000e+00) (0, 0, 0.00000000000000000000e+00) (0, 0, 0.00000000000000000000e+00) (0, 0, 0.00000000000000000000e+00) (0, 0, 0.00000000000000000000e+00) (0, 0, 0.00000000000000000000e+00) (0, 0, 0.00000000000000000000e+00) (0, 0, 0.00000000000000000000e+00) (0, 0, 0.00000000000000000000e+00) (10, 3, 5.00000000000000000000e-01) (10, 3, 5.00000000000000000000e-01) (0, 3, 0.00000000000000000000e+00) (3, 3, 5.00000000000000000000e-01) (0, 3, 0.00000000000000000000e+00) 
connections (connected_to_neuron, weight)=(0, -5.58942034840583801270e-02) (1, -1.72615140676498413086e-01) (2, -1.28604635596275329590e-01) (3, -1.68068110942840576172e-01) (4, -1.91882580518722534180e-01) (5, -1.54729813337326049805e-01) (6, -1.32801681756973266602e-01) (7, -2.72484943270683288574e-02) (8, -1.17770172655582427979e-01) (9, -2.02372804284095764160e-01) (0, -7.10561349987983703613e-02) (1, -6.00525662302970886230e-02) (2, -8.36507603526115417480e-02) (3, -2.05061629414558410645e-01) (4, -4.84213307499885559082e-02) (5, -1.69682264328002929688e-01) (6, -2.35832408070564270020e-02) (7, -9.58950072526931762695e-02) (8, -7.67238065600395202637e-02) (9, -7.63540342450141906738e-02) (10, -6.84458240866661071777e-02) (11, -7.02758356928825378418e-02) (12, -1.41015112400054931641e-01) 
