FANN_FLO_2.1
num_layers=3
learning_rate=0.500000
connection_rate=1.000000
network_type=0
learning_momentum=0.000000
training_algorithm=2
train_error_function=1
train_stop_function=0
cascade_output_change_fraction=0.010000
quickprop_decay=-0.000100
quickprop_mu=1.750000
rprop_increase_factor=1.200000
rprop_decrease_factor=0.500000
rprop_delta_min=0.000000
rprop_delta_max=50.000000
rprop_delta_zero=0.100000
cascade_output_stagnation_epochs=12
cascade_candidate_change_fraction=0.010000
cascade_candidate_stagnation_epochs=12
cascade_max_out_epochs=150
cascade_min_out_epochs=50
cascade_max_cand_epochs=150
cascade_min_cand_epochs=50
cascade_num_candidate_groups=2
bit_fail_limit=3.49999994039535522461e-01
cascade_candidate_limit=1.00000000000000000000e+03
cascade_weight_multiplier=4.00000005960464477539e-01
cascade_activation_functions_count=10
cascade_activation_functions=3 5 7 8 10 11 14 15 16 17 
cascade_activation_steepnesses_count=4
cascade_activation_steepnesses=2.50000000000000000000e-01 5.00000000000000000000e-01 7.50000000000000000000e-01 1.00000000000000000000e+00 
layer_sizes=7 9 2 
scale_included=0
neurons (num_inputs, activation_function, activation_steepness)=(0, 0, 0.00000000000000000000e+00) (0, 0, 0.00000000000000000000e+00) (0, 0, 0.00000000000000000000e+00) (0, 0, 0.00000000000000000000e+00) (0, 0, 0.00000000000000000000e+00) (0, 0, 0.00000000000000000000e+00) (0, 0, 0.00000000000000000000e+00) (7, 3, 5.00000000000000000000e-01) (7, 3, 5.00000000000000000000e-01) (7, 3, 5.00000000000000000000e-01) (7, 3, 5.00000000000000000000e-01) (7, 3, 5.00000000000000000000e-01) (7, 3, 5.00000000000000000000e-01) (7, 3, 5.00000000000000000000e-01) (7, 3, 5.00000000000000000000e-01) (0, 3, 0.00000000000000000000e+00) (9, 0, 5.00000000000000000000e-01) (0, 0, 0.00000000000000000000e+00) 
connections (connected_to_neuron, weight)=(0, -4.77665483951568603516e-01) (1, -3.85798990726470947266e-01) (2, 1.02910900115966796875e+01) (3, -9.96039628982543945312e-01) (4, -3.84425544738769531250e+00) (5, -4.56985950469970703125e+00) (6, -2.10518926382064819336e-01) (0, -2.39845013618469238281e+00) (1, -2.63670682907104492188e+00) (2, -7.81841802597045898438e+00) (3, -5.25767669677734375000e+01) (4, -2.56396759033203125000e+02) (5, -2.60933624267578125000e+02) (6, -5.40208935737609863281e-01) (0, -2.64625191688537597656e-01) (1, -8.55752587318420410156e-01) (2, 1.73727822303771972656e+00) (3, 4.43320244550704956055e-01) (4, -1.07098710536956787109e+00) (5, 9.65341389179229736328e-01) (6, -5.18369615077972412109e-01) (0, -9.11131024360656738281e-01) (1, 8.78136307001113891602e-02) (2, -1.11760735511779785156e+00) (3, -1.72090935707092285156e+00) (4, 6.44565200805664062500e+00) (5, -1.38391792774200439453e+00) (6, -2.90962040424346923828e-01) (0, -1.83855903148651123047e+00) (1, -3.22087454795837402344e+00) (2, -7.10559606552124023438e+00) (3, -5.83015823364257812500e+01) (4, -1.21267791748046875000e+02) (5, -2.89419097900390625000e+02) (6, -1.03770506381988525391e+00) (0, 3.75569373369216918945e-01) (1, -7.83467411994934082031e-01) (2, 1.89270663261413574219e+00) (3, -1.95687398314476013184e-01) (4, -2.04972863197326660156e+00) (5, 7.49769091606140136719e-01) (6, -3.00167155265808105469e+00) (0, -6.45914852619171142578e-01) (1, -4.72813785076141357422e-01) (2, -1.34924018383026123047e+00) (3, 4.25653040409088134766e-01) (4, 1.65864968299865722656e+00) (5, 1.43324756622314453125e+00) (6, -1.06807923316955566406e+00) (0, -4.87373208999633789062e+00) (1, -5.43197250366210937500e+00) (2, -4.07891654968261718750e+00) (3, -2.67176208496093750000e+02) (4, -4.83003936767578125000e+02) (5, -7.15516357421875000000e+02) (6, -7.93621897697448730469e-01) (7, -3.74292470514774322510e-02) (8, -7.50000000000000000000e+02) (9, -1.04414513334631919861e-02) (10, -1.02973831817507743835e-02) (11, -4.50000000000000000000e+02) (12, 4.62301783263683319092e-02) (13, 3.83776214599609375000e+02) (14, -1.89361816406250000000e+02) (15, 2.30688359588384628296e-02) 
