FANN_FLO_2.1
num_layers=4
learning_rate=0.500000
connection_rate=1.000000
network_type=0
learning_momentum=0.000000
training_algorithm=2
train_error_function=1
train_stop_function=0
cascade_output_change_fraction=0.010000
quickprop_decay=-0.000100
quickprop_mu=1.750000
rprop_increase_factor=1.200000
rprop_decrease_factor=0.500000
rprop_delta_min=0.000000
rprop_delta_max=50.000000
rprop_delta_zero=0.100000
cascade_output_stagnation_epochs=12
cascade_candidate_change_fraction=0.010000
cascade_candidate_stagnation_epochs=12
cascade_max_out_epochs=150
cascade_min_out_epochs=50
cascade_max_cand_epochs=150
cascade_min_cand_epochs=50
cascade_num_candidate_groups=2
bit_fail_limit=3.49999994039535522461e-01
cascade_candidate_limit=1.00000000000000000000e+03
cascade_weight_multiplier=4.00000005960464477539e-01
cascade_activation_functions_count=10
cascade_activation_functions=3 5 7 8 10 11 14 15 16 17 
cascade_activation_steepnesses_count=4
cascade_activation_steepnesses=2.50000000000000000000e-01 5.00000000000000000000e-01 7.50000000000000000000e-01 1.00000000000000000000e+00 
layer_sizes=4 5 3 2 
scale_included=0
neurons (num_inputs, activation_function, activation_steepness)=(0, 0, 0.00000000000000000000e+00) (0, 0, 0.00000000000000000000e+00) (0, 0, 0.00000000000000000000e+00) (0, 0, 0.00000000000000000000e+00) (4, 3, 5.00000000000000000000e-01) (4, 3, 5.00000000000000000000e-01) (4, 3, 5.00000000000000000000e-01) (4, 3, 5.00000000000000000000e-01) (0, 3, 0.00000000000000000000e+00) (5, 3, 5.00000000000000000000e-01) (5, 3, 5.00000000000000000000e-01) (0, 3, 0.00000000000000000000e+00) (3, 3, 5.00000000000000000000e-01) (0, 3, 0.00000000000000000000e+00) 
connections (connected_to_neuron, weight)=(0, -5.30181026458740234375e+00) (1, 1.82669293880462646484e+00) (2, -2.81193351745605468750e+00) (3, 3.05804920196533203125e+00) (0, -3.79824852943420410156e+00) (1, -6.09709358215332031250e+01) (2, 5.40988044738769531250e+01) (3, 2.95386099815368652344e+00) (0, -5.13520774841308593750e+01) (1, -2.85873546600341796875e+01) (2, 5.58138961791992187500e+01) (3, 1.68808901309967041016e+00) (0, 2.10346326231956481934e-01) (1, -2.26954479217529296875e+01) (2, 4.71920633316040039062e+00) (3, 3.96548795700073242188e+00) (4, -1.09951581954956054688e+01) (5, 5.31640577316284179688e+00) (6, 9.99243259429931640625e+00) (7, -1.53455600738525390625e+01) (8, 1.75290632247924804688e+00) (4, 2.10351829528808593750e+01) (5, 4.10317033529281616211e-01) (6, -9.23717308044433593750e+00) (7, 9.87785434722900390625e+00) (8, -7.81351661682128906250e+00) (9, 1.36967349052429199219e+00) (10, -3.99489831924438476562e+00) (11, 1.72594714164733886719e+00) 
