FANN_FLO_2.1
num_layers=4
learning_rate=0.500000
connection_rate=1.000000
network_type=0
learning_momentum=0.000000
training_algorithm=2
train_error_function=1
train_stop_function=0
cascade_output_change_fraction=0.010000
quickprop_decay=-0.000100
quickprop_mu=1.750000
rprop_increase_factor=1.200000
rprop_decrease_factor=0.500000
rprop_delta_min=0.000000
rprop_delta_max=50.000000
rprop_delta_zero=0.100000
cascade_output_stagnation_epochs=12
cascade_candidate_change_fraction=0.010000
cascade_candidate_stagnation_epochs=12
cascade_max_out_epochs=150
cascade_min_out_epochs=50
cascade_max_cand_epochs=150
cascade_min_cand_epochs=50
cascade_num_candidate_groups=2
bit_fail_limit=3.49999994039535522461e-01
cascade_candidate_limit=1.00000000000000000000e+03
cascade_weight_multiplier=4.00000005960464477539e-01
cascade_activation_functions_count=10
cascade_activation_functions=3 5 7 8 10 11 14 15 16 17 
cascade_activation_steepnesses_count=4
cascade_activation_steepnesses=2.50000000000000000000e-01 5.00000000000000000000e-01 7.50000000000000000000e-01 1.00000000000000000000e+00 
layer_sizes=18 3 3 2 
scale_included=0
neurons (num_inputs, activation_function, activation_steepness)=(0, 0, 0.00000000000000000000e+00) (0, 0, 0.00000000000000000000e+00) (0, 0, 0.00000000000000000000e+00) (0, 0, 0.00000000000000000000e+00) (0, 0, 0.00000000000000000000e+00) (0, 0, 0.00000000000000000000e+00) (0, 0, 0.00000000000000000000e+00) (0, 0, 0.00000000000000000000e+00) (0, 0, 0.00000000000000000000e+00) (0, 0, 0.00000000000000000000e+00) (0, 0, 0.00000000000000000000e+00) (0, 0, 0.00000000000000000000e+00) (0, 0, 0.00000000000000000000e+00) (0, 0, 0.00000000000000000000e+00) (0, 0, 0.00000000000000000000e+00) (0, 0, 0.00000000000000000000e+00) (0, 0, 0.00000000000000000000e+00) (0, 0, 0.00000000000000000000e+00) (18, 3, 5.00000000000000000000e-01) (18, 3, 5.00000000000000000000e-01) (0, 3, 0.00000000000000000000e+00) (3, 3, 5.00000000000000000000e-01) (3, 3, 5.00000000000000000000e-01) (0, 3, 0.00000000000000000000e+00) (3, 0, 5.00000000000000000000e-01) (0, 0, 0.00000000000000000000e+00) 
connections (connected_to_neuron, weight)=(0, 6.16499662399291992188e-01) (1, 9.57651138305664062500e-01) (2, 5.91917395591735839844e-01) (3, 8.86007010936737060547e-01) (4, 6.90750360488891601562e-01) (5, -6.13049745559692382812e-01) (6, -8.75498533248901367188e-01) (7, -8.14328491687774658203e-01) (8, 9.59525853395462036133e-02) (9, 7.36441493034362792969e-01) (10, 8.33177745342254638672e-01) (11, 7.13661134243011474609e-01) (12, 8.88196527957916259766e-01) (13, 8.03559005260467529297e-01) (14, 5.90970635414123535156e-01) (15, 8.15003216266632080078e-01) (16, 7.91926980018615722656e-01) (17, -4.50502395629882812500e+00) (0, 1.68892168998718261719e+00) (1, 8.62300813198089599609e-01) (2, 2.15894079208374023438e+00) (3, 1.45561385154724121094e+00) (4, 1.36733531951904296875e+00) (5, -1.84732544422149658203e+00) (6, -1.28709912300109863281e+00) (7, -1.17619335651397705078e+00) (8, 9.45521332323551177979e-03) (9, 5.47079861164093017578e-01) (10, 1.80048334598541259766e+00) (11, 1.57221889495849609375e+00) (12, 9.47756052017211914062e-01) (13, 1.46738350391387939453e+00) (14, 1.98298060894012451172e+00) (15, 1.36771750450134277344e+00) (16, 1.69546198844909667969e+00) (17, -3.34033465385437011719e+00) (18, 3.74323940277099609375e+00) (19, 1.29103088378906250000e+00) (20, -1.73886489868164062500e+00) (18, 3.90838313102722167969e+00) (19, 1.21264088153839111328e+00) (20, -1.98190319538116455078e+00) (21, 6.07059049606323242188e+00) (22, 7.77579498291015625000e+00) (23, 9.41550433635711669922e-01) 
