FANN_FLO_2.1
num_layers=3
learning_rate=0.500000
connection_rate=1.000000
network_type=0
learning_momentum=0.000000
training_algorithm=2
train_error_function=1
train_stop_function=0
cascade_output_change_fraction=0.010000
quickprop_decay=-0.000100
quickprop_mu=1.750000
rprop_increase_factor=1.200000
rprop_decrease_factor=0.500000
rprop_delta_min=0.000000
rprop_delta_max=50.000000
rprop_delta_zero=0.100000
cascade_output_stagnation_epochs=12
cascade_candidate_change_fraction=0.010000
cascade_candidate_stagnation_epochs=12
cascade_max_out_epochs=150
cascade_min_out_epochs=50
cascade_max_cand_epochs=150
cascade_min_cand_epochs=50
cascade_num_candidate_groups=2
bit_fail_limit=3.49999994039535522461e-01
cascade_candidate_limit=1.00000000000000000000e+03
cascade_weight_multiplier=4.00000005960464477539e-01
cascade_activation_functions_count=10
cascade_activation_functions=3 5 7 8 10 11 14 15 16 17 
cascade_activation_steepnesses_count=4
cascade_activation_steepnesses=2.50000000000000000000e-01 5.00000000000000000000e-01 7.50000000000000000000e-01 1.00000000000000000000e+00 
layer_sizes=7 5 2 
scale_included=0
neurons (num_inputs, activation_function, activation_steepness)=(0, 0, 0.00000000000000000000e+00) (0, 0, 0.00000000000000000000e+00) (0, 0, 0.00000000000000000000e+00) (0, 0, 0.00000000000000000000e+00) (0, 0, 0.00000000000000000000e+00) (0, 0, 0.00000000000000000000e+00) (0, 0, 0.00000000000000000000e+00) (7, 3, 5.00000000000000000000e-01) (7, 3, 5.00000000000000000000e-01) (7, 3, 5.00000000000000000000e-01) (7, 3, 5.00000000000000000000e-01) (0, 3, 0.00000000000000000000e+00) (5, 0, 5.00000000000000000000e-01) (0, 0, 0.00000000000000000000e+00) 
connections (connected_to_neuron, weight)=(0, -1.80116439819335937500e+02) (1, -1.50000000000000000000e+03) (2, -1.50000000000000000000e+03) (3, -2.11296105384826660156e+00) (4, -4.44555358886718750000e+02) (5, 2.75195281982421875000e+02) (6, -1.34336078166961669922e+00) (0, -5.64526796340942382812e+00) (1, -1.48243237304687500000e+03) (2, -1.47444030761718750000e+03) (3, -5.02991294860839843750e+00) (4, -4.53535522460937500000e+02) (5, 5.92633239746093750000e+02) (6, -7.36363172531127929688e+00) (0, 9.14969891309738159180e-02) (1, 2.51764923334121704102e-01) (2, 3.25725674629211425781e-01) (3, -1.08759976923465728760e-01) (4, 5.70729598402976989746e-02) (5, -3.66000115871429443359e-01) (6, 1.26895534992218017578e+00) (0, -6.42188549041748046875e-01) (1, 9.69791126251220703125e+00) (2, 4.64303064346313476562e+00) (3, -1.57370257377624511719e+00) (4, 6.20340585708618164062e+00) (5, -1.14296312332153320312e+01) (6, -4.98961657285690307617e-01) (7, 1.50000000000000000000e+03) (8, 3.28392125666141510010e-02) (9, 8.22337716817855834961e-02) (10, -6.49153962731361389160e-02) (11, -5.05431368947029113770e-03) 
