FANN_FLO_2.1
num_layers=3
learning_rate=0.500000
connection_rate=1.000000
network_type=0
learning_momentum=0.000000
training_algorithm=2
train_error_function=1
train_stop_function=0
cascade_output_change_fraction=0.010000
quickprop_decay=-0.000100
quickprop_mu=1.750000
rprop_increase_factor=1.200000
rprop_decrease_factor=0.500000
rprop_delta_min=0.000000
rprop_delta_max=50.000000
rprop_delta_zero=0.100000
cascade_output_stagnation_epochs=12
cascade_candidate_change_fraction=0.010000
cascade_candidate_stagnation_epochs=12
cascade_max_out_epochs=150
cascade_min_out_epochs=50
cascade_max_cand_epochs=150
cascade_min_cand_epochs=50
cascade_num_candidate_groups=2
bit_fail_limit=3.49999994039535522461e-01
cascade_candidate_limit=1.00000000000000000000e+03
cascade_weight_multiplier=4.00000005960464477539e-01
cascade_activation_functions_count=10
cascade_activation_functions=3 5 7 8 10 11 14 15 16 17 
cascade_activation_steepnesses_count=4
cascade_activation_steepnesses=2.50000000000000000000e-01 5.00000000000000000000e-01 7.50000000000000000000e-01 1.00000000000000000000e+00 
layer_sizes=7 5 2 
scale_included=0
neurons (num_inputs, activation_function, activation_steepness)=(0, 0, 0.00000000000000000000e+00) (0, 0, 0.00000000000000000000e+00) (0, 0, 0.00000000000000000000e+00) (0, 0, 0.00000000000000000000e+00) (0, 0, 0.00000000000000000000e+00) (0, 0, 0.00000000000000000000e+00) (0, 0, 0.00000000000000000000e+00) (7, 3, 5.00000000000000000000e-01) (7, 3, 5.00000000000000000000e-01) (7, 3, 5.00000000000000000000e-01) (7, 3, 5.00000000000000000000e-01) (0, 3, 0.00000000000000000000e+00) (5, 0, 5.00000000000000000000e-01) (0, 0, 0.00000000000000000000e+00) 
connections (connected_to_neuron, weight)=(0, 5.74586331844329833984e-01) (1, 9.89867895841598510742e-02) (2, 4.33157384395599365234e-01) (3, -7.31202721595764160156e-01) (4, -5.94590187072753906250e-01) (5, 2.49972879886627197266e-01) (6, -1.34706354141235351562e+00) (0, 1.15564532577991485596e-01) (1, 8.74259173870086669922e-02) (2, 3.88211071491241455078e-01) (3, -1.16033725440502166748e-01) (4, -5.05570054054260253906e-01) (5, 1.18990555405616760254e-01) (6, -3.79737347364425659180e-01) (0, 8.40937614440917968750e-01) (1, 1.82089157104492187500e+01) (2, -4.02438211441040039062e+00) (3, 4.49460268020629882812e+00) (4, -7.93251037597656250000e+00) (5, 6.85075819492340087891e-01) (6, 5.17361760139465332031e-01) (0, 1.65275365114212036133e-01) (1, -1.73571798950433731079e-03) (2, -1.91018834710121154785e-01) (3, 6.63433298468589782715e-02) (4, -9.52694118022918701172e-02) (5, -1.14593962207436561584e-02) (6, 2.64011693000793457031e+00) (7, -1.82761773467063903809e-01) (8, 1.95576101541519165039e-01) (9, -2.28045061230659484863e-01) (10, 3.43434900045394897461e-01) (11, -1.01043172180652618408e-01) 
