FANN_FLO_2.1
num_layers=4
learning_rate=0.450000
connection_rate=1.000000
network_type=0
learning_momentum=0.000000
training_algorithm=2
train_error_function=1
train_stop_function=0
cascade_output_change_fraction=0.010000
quickprop_decay=-0.000100
quickprop_mu=1.750000
rprop_increase_factor=1.200000
rprop_decrease_factor=0.500000
rprop_delta_min=0.000000
rprop_delta_max=50.000000
rprop_delta_zero=0.100000
cascade_output_stagnation_epochs=12
cascade_candidate_change_fraction=0.010000
cascade_candidate_stagnation_epochs=12
cascade_max_out_epochs=150
cascade_min_out_epochs=50
cascade_max_cand_epochs=150
cascade_min_cand_epochs=50
cascade_num_candidate_groups=2
bit_fail_limit=3.49999994039535522461e-01
cascade_candidate_limit=1.00000000000000000000e+03
cascade_weight_multiplier=4.00000005960464477539e-01
cascade_activation_functions_count=10
cascade_activation_functions=3 5 7 8 10 11 14 15 16 17 
cascade_activation_steepnesses_count=4
cascade_activation_steepnesses=2.50000000000000000000e-01 5.00000000000000000000e-01 7.50000000000000000000e-01 1.00000000000000000000e+00 
layer_sizes=7 5 5 2 
scale_included=0
neurons (num_inputs, activation_function, activation_steepness)=(0, 0, 0.00000000000000000000e+00) (0, 0, 0.00000000000000000000e+00) (0, 0, 0.00000000000000000000e+00) (0, 0, 0.00000000000000000000e+00) (0, 0, 0.00000000000000000000e+00) (0, 0, 0.00000000000000000000e+00) (0, 0, 0.00000000000000000000e+00) (7, 3, 5.00000000000000000000e-01) (7, 3, 5.00000000000000000000e-01) (7, 3, 5.00000000000000000000e-01) (7, 3, 5.00000000000000000000e-01) (0, 3, 0.00000000000000000000e+00) (5, 3, 5.00000000000000000000e-01) (5, 3, 5.00000000000000000000e-01) (5, 3, 5.00000000000000000000e-01) (5, 3, 5.00000000000000000000e-01) (0, 3, 0.00000000000000000000e+00) (5, 0, 5.00000000000000000000e-01) (0, 0, 0.00000000000000000000e+00) 
connections (connected_to_neuron, weight)=(0, 1.50000000000000000000e+03) (1, 1.50000000000000000000e+03) (2, 1.50000000000000000000e+03) (3, -8.95651779174804687500e+01) (4, -2.12981948852539062500e+02) (5, -1.91207519531250000000e+02) (6, 1.52540836334228515625e+01) (0, 3.11172428131103515625e+01) (1, -1.02169303894042968750e+02) (2, 2.59398803710937500000e+02) (3, 1.95514030456542968750e+01) (4, 1.45942794799804687500e+02) (5, 1.21334521484375000000e+03) (6, 3.62029743194580078125e+00) (0, 1.89048995971679687500e+02) (1, -1.44677697753906250000e+03) (2, 1.39271862792968750000e+03) (3, -4.99272583007812500000e+02) (4, -1.17095800781250000000e+03) (5, 1.44760864257812500000e+03) (6, 2.69728279113769531250e+00) (0, 2.45532655715942382812e+00) (1, -1.18603458404541015625e+01) (2, -1.64546325683593750000e+02) (3, 1.03215307617187500000e+03) (4, 2.79336452484130859375e+00) (5, 1.50000000000000000000e+03) (6, 2.18440127372741699219e+00) (7, 4.54218029975891113281e-01) (8, 3.68691742420196533203e-01) (9, 1.46600634765625000000e+03) (10, -1.42615270614624023438e+00) (11, -5.83994448184967041016e-01) (7, -4.11656588315963745117e-01) (8, -5.61094522476196289062e-01) (9, 1.46600634765625000000e+03) (10, -1.24867935180664062500e+01) (11, -2.12420493364334106445e-01) (7, -2.07804632186889648438e+00) (8, -1.04608201980590820312e+00) (9, 1.35408459472656250000e+03) (10, -7.10467300415039062500e+01) (11, -7.32294201850891113281e-01) (7, -9.13549575805664062500e+01) (8, 3.90463142395019531250e+01) (9, 9.37358093261718750000e+02) (10, -3.39996109008789062500e+01) (11, -9.31476402282714843750e+00) (12, 1.30416780710220336914e-01) (13, 6.77002668380737304688e-01) (14, -6.96524500846862792969e-01) (15, 2.95251514762639999390e-02) (16, -2.06791348755359649658e-02) 
