FANN_FLO_2.1
num_layers=4
learning_rate=0.500000
connection_rate=1.000000
network_type=0
learning_momentum=0.000000
training_algorithm=2
train_error_function=1
train_stop_function=0
cascade_output_change_fraction=0.010000
quickprop_decay=-0.000100
quickprop_mu=1.750000
rprop_increase_factor=1.200000
rprop_decrease_factor=0.500000
rprop_delta_min=0.000000
rprop_delta_max=50.000000
rprop_delta_zero=0.100000
cascade_output_stagnation_epochs=12
cascade_candidate_change_fraction=0.010000
cascade_candidate_stagnation_epochs=12
cascade_max_out_epochs=150
cascade_min_out_epochs=50
cascade_max_cand_epochs=150
cascade_min_cand_epochs=50
cascade_num_candidate_groups=2
bit_fail_limit=3.49999994039535522461e-01
cascade_candidate_limit=1.00000000000000000000e+03
cascade_weight_multiplier=4.00000005960464477539e-01
cascade_activation_functions_count=10
cascade_activation_functions=3 5 7 8 10 11 14 15 16 17 
cascade_activation_steepnesses_count=4
cascade_activation_steepnesses=2.50000000000000000000e-01 5.00000000000000000000e-01 7.50000000000000000000e-01 1.00000000000000000000e+00 
layer_sizes=4 5 3 2 
scale_included=0
neurons (num_inputs, activation_function, activation_steepness)=(0, 0, 0.00000000000000000000e+00) (0, 0, 0.00000000000000000000e+00) (0, 0, 0.00000000000000000000e+00) (0, 0, 0.00000000000000000000e+00) (4, 3, 5.00000000000000000000e-01) (4, 3, 5.00000000000000000000e-01) (4, 3, 5.00000000000000000000e-01) (4, 3, 5.00000000000000000000e-01) (0, 3, 0.00000000000000000000e+00) (5, 3, 5.00000000000000000000e-01) (5, 3, 5.00000000000000000000e-01) (0, 3, 0.00000000000000000000e+00) (3, 3, 5.00000000000000000000e-01) (0, 3, 0.00000000000000000000e+00) 
connections (connected_to_neuron, weight)=(0, -1.44058907032012939453e+00) (1, -9.68060493469238281250e+00) (2, 3.36435437202453613281e-01) (3, 6.94017601013183593750e+00) (0, -6.20474481582641601562e+00) (1, -2.72392654418945312500e+01) (2, 3.88060092926025390625e+00) (3, 1.28092393875122070312e+01) (0, -3.95577859878540039062e+00) (1, -2.87285184860229492188e+00) (2, 1.02405059337615966797e+00) (3, 2.77505517005920410156e+00) (0, -1.44392156600952148438e+00) (1, -9.82696342468261718750e+00) (2, 3.23113590478897094727e-01) (3, 2.85646057128906250000e+00) (4, 8.28158569335937500000e+02) (5, -1.34783166503906250000e+03) (6, 2.39620178222656250000e+02) (7, 3.23553039550781250000e+02) (8, -1.50749807357788085938e+01) (4, 4.87672328948974609375e+00) (5, 6.13620996475219726562e+00) (6, 1.78707656860351562500e+01) (7, 4.95477294921875000000e+00) (8, -1.40196819305419921875e+01) (9, 2.78000488281250000000e+01) (10, -4.75750255584716796875e+00) (11, 2.52891039848327636719e+00) 
