FANN_FLO_2.1
num_layers=3
learning_rate=0.500000
connection_rate=1.000000
network_type=0
learning_momentum=0.000000
training_algorithm=2
train_error_function=1
train_stop_function=0
cascade_output_change_fraction=0.010000
quickprop_decay=-0.000100
quickprop_mu=1.750000
rprop_increase_factor=1.200000
rprop_decrease_factor=0.500000
rprop_delta_min=0.000000
rprop_delta_max=50.000000
rprop_delta_zero=0.100000
cascade_output_stagnation_epochs=12
cascade_candidate_change_fraction=0.010000
cascade_candidate_stagnation_epochs=12
cascade_max_out_epochs=150
cascade_min_out_epochs=50
cascade_max_cand_epochs=150
cascade_min_cand_epochs=50
cascade_num_candidate_groups=2
bit_fail_limit=3.49999994039535522461e-01
cascade_candidate_limit=1.00000000000000000000e+03
cascade_weight_multiplier=4.00000005960464477539e-01
cascade_activation_functions_count=10
cascade_activation_functions=3 5 7 8 10 11 14 15 16 17 
cascade_activation_steepnesses_count=4
cascade_activation_steepnesses=2.50000000000000000000e-01 5.00000000000000000000e-01 7.50000000000000000000e-01 1.00000000000000000000e+00 
layer_sizes=10 5 2 
scale_included=0
neurons (num_inputs, activation_function, activation_steepness)=(0, 0, 0.00000000000000000000e+00) (0, 0, 0.00000000000000000000e+00) (0, 0, 0.00000000000000000000e+00) (0, 0, 0.00000000000000000000e+00) (0, 0, 0.00000000000000000000e+00) (0, 0, 0.00000000000000000000e+00) (0, 0, 0.00000000000000000000e+00) (0, 0, 0.00000000000000000000e+00) (0, 0, 0.00000000000000000000e+00) (0, 0, 0.00000000000000000000e+00) (10, 3, 5.00000000000000000000e-01) (10, 3, 5.00000000000000000000e-01) (10, 3, 5.00000000000000000000e-01) (10, 3, 5.00000000000000000000e-01) (0, 3, 0.00000000000000000000e+00) (5, 3, 5.00000000000000000000e-01) (0, 3, 0.00000000000000000000e+00) 
connections (connected_to_neuron, weight)=(0, -3.73145043849945068359e-01) (1, -6.40077769756317138672e-01) (2, -9.33521986007690429688e-01) (3, -5.03149151802062988281e-01) (4, -4.04291957616806030273e-01) (5, -4.65590327978134155273e-01) (6, -1.06921923160552978516e+00) (7, -5.57481288909912109375e-01) (8, -5.23772478103637695312e-01) (9, 2.37333726882934570312e+00) (0, -1.18282616138458251953e+00) (1, -9.17526543140411376953e-01) (2, 1.20519828796386718750e+00) (3, -4.51017260551452636719e-01) (4, -9.64816093444824218750e-01) (5, 2.21611678600311279297e-01) (6, 1.49814173579216003418e-01) (7, -9.92375969886779785156e-01) (8, -9.81409668922424316406e-01) (9, 3.73365372419357299805e-01) (0, -4.11689311265945434570e-01) (1, -2.03565508127212524414e-01) (2, -5.25241613388061523438e-01) (3, -6.92566454410552978516e-01) (4, -7.96383917331695556641e-01) (5, 3.19557517766952514648e-01) (6, -1.80000975728034973145e-01) (7, 3.42865943908691406250e-01) (8, 3.26156854629516601562e-01) (9, 2.88108199834823608398e-01) (0, -9.72513794898986816406e-01) (1, -5.08876204490661621094e-01) (2, -1.66536986827850341797e-01) (3, -6.98215186595916748047e-01) (4, -8.95227134227752685547e-01) (5, -6.55764818191528320312e-01) (6, 7.40834698081016540527e-02) (7, -5.44662296772003173828e-01) (8, -5.32497286796569824219e-01) (9, 1.74463355541229248047e+00) (10, -2.06058764457702636719e+00) (11, 2.75653935968875885010e-02) (12, 2.88273870944976806641e-01) (13, -1.55327391624450683594e+00) (14, 1.26670861244201660156e+00) 
