FANN_FLO_2.1
num_layers=4
learning_rate=0.300000
connection_rate=1.000000
network_type=0
learning_momentum=0.000000
training_algorithm=2
train_error_function=1
train_stop_function=0
cascade_output_change_fraction=0.010000
quickprop_decay=-0.000100
quickprop_mu=1.750000
rprop_increase_factor=1.200000
rprop_decrease_factor=0.500000
rprop_delta_min=0.000000
rprop_delta_max=50.000000
rprop_delta_zero=0.100000
cascade_output_stagnation_epochs=12
cascade_candidate_change_fraction=0.010000
cascade_candidate_stagnation_epochs=12
cascade_max_out_epochs=150
cascade_min_out_epochs=50
cascade_max_cand_epochs=150
cascade_min_cand_epochs=50
cascade_num_candidate_groups=2
bit_fail_limit=3.49999994039535522461e-01
cascade_candidate_limit=1.00000000000000000000e+03
cascade_weight_multiplier=4.00000005960464477539e-01
cascade_activation_functions_count=10
cascade_activation_functions=3 5 7 8 10 11 14 15 16 17 
cascade_activation_steepnesses_count=4
cascade_activation_steepnesses=2.50000000000000000000e-01 5.00000000000000000000e-01 7.50000000000000000000e-01 1.00000000000000000000e+00 
layer_sizes=2 5 5 3 
scale_included=0
neurons (num_inputs, activation_function, activation_steepness)=(0, 0, 0.00000000000000000000e+00) (0, 0, 0.00000000000000000000e+00) (2, 3, 5.00000000000000000000e-01) (2, 3, 5.00000000000000000000e-01) (2, 3, 5.00000000000000000000e-01) (2, 3, 5.00000000000000000000e-01) (0, 3, 0.00000000000000000000e+00) (5, 3, 5.00000000000000000000e-01) (5, 3, 5.00000000000000000000e-01) (5, 3, 5.00000000000000000000e-01) (5, 3, 5.00000000000000000000e-01) (0, 3, 0.00000000000000000000e+00) (5, 0, 5.00000000000000000000e-01) (5, 0, 5.00000000000000000000e-01) (0, 0, 0.00000000000000000000e+00) 
connections (connected_to_neuron, weight)=(0, -1.27716474533081054688e+01) (1, -1.65671813488006591797e+00) (0, -8.27330648899078369141e-01) (1, -1.39474654197692871094e+00) (0, -9.82505619525909423828e-01) (1, -2.90714883804321289062e+00) (0, -1.04482114315032958984e+00) (1, -3.12722349166870117188e+00) (2, 8.27011394500732421875e+00) (3, 9.52712178230285644531e-01) (4, 2.40104198455810546875e+00) (5, 2.38448643684387207031e+00) (6, -2.17448782920837402344e+00) (2, -1.13841247558593750000e+00) (3, 1.41437783837318420410e-01) (4, 8.12675118446350097656e-01) (5, 9.78474974632263183594e-01) (6, 2.04404306411743164062e+00) (2, -5.91415055096149444580e-02) (3, 4.13240462541580200195e-01) (4, 6.14263713359832763672e-01) (5, 5.19811630249023437500e-01) (6, 8.23407053947448730469e-01) (2, 9.01352539658546447754e-02) (3, -2.68068253993988037109e-01) (4, 2.70557665824890136719e+00) (5, 4.57018661499023437500e+00) (6, -1.53351128101348876953e+00) (7, 2.16155916452407836914e-01) (8, -8.90800207853317260742e-02) (9, -2.22631692886352539062e-02) (10, 1.52860641479492187500e-01) (11, -1.73559799790382385254e-01) (7, -3.79961699247360229492e-01) (8, -4.85237687826156616211e-01) (9, -4.88005697727203369141e-01) (10, -6.79656803607940673828e-01) (11, -2.98062384128570556641e-01) 
