FANN_FLO_2.1
num_layers=4
learning_rate=0.500000
connection_rate=1.000000
network_type=0
learning_momentum=0.000000
training_algorithm=2
train_error_function=1
train_stop_function=0
cascade_output_change_fraction=0.010000
quickprop_decay=-0.000100
quickprop_mu=1.750000
rprop_increase_factor=1.200000
rprop_decrease_factor=0.500000
rprop_delta_min=0.000000
rprop_delta_max=50.000000
rprop_delta_zero=0.100000
cascade_output_stagnation_epochs=12
cascade_candidate_change_fraction=0.010000
cascade_candidate_stagnation_epochs=12
cascade_max_out_epochs=150
cascade_min_out_epochs=50
cascade_max_cand_epochs=150
cascade_min_cand_epochs=50
cascade_num_candidate_groups=2
bit_fail_limit=3.49999994039535522461e-01
cascade_candidate_limit=1.00000000000000000000e+03
cascade_weight_multiplier=4.00000005960464477539e-01
cascade_activation_functions_count=10
cascade_activation_functions=3 5 7 8 10 11 14 15 16 17 
cascade_activation_steepnesses_count=4
cascade_activation_steepnesses=2.50000000000000000000e-01 5.00000000000000000000e-01 7.50000000000000000000e-01 1.00000000000000000000e+00 
layer_sizes=4 5 5 2 
scale_included=0
neurons (num_inputs, activation_function, activation_steepness)=(0, 0, 0.00000000000000000000e+00) (0, 0, 0.00000000000000000000e+00) (0, 0, 0.00000000000000000000e+00) (0, 0, 0.00000000000000000000e+00) (4, 3, 5.00000000000000000000e-01) (4, 3, 5.00000000000000000000e-01) (4, 3, 5.00000000000000000000e-01) (4, 3, 5.00000000000000000000e-01) (0, 3, 0.00000000000000000000e+00) (5, 3, 5.00000000000000000000e-01) (5, 3, 5.00000000000000000000e-01) (5, 3, 5.00000000000000000000e-01) (5, 3, 5.00000000000000000000e-01) (0, 3, 0.00000000000000000000e+00) (5, 3, 5.00000000000000000000e-01) (0, 3, 0.00000000000000000000e+00) 
connections (connected_to_neuron, weight)=(0, -4.62566406250000000000e+02) (1, -6.37726478576660156250e+01) (2, 1.91292861938476562500e+02) (3, 8.74359428882598876953e-01) (0, -4.06555938720703125000e+00) (1, -1.02193713188171386719e+00) (2, -2.00108917236328125000e+02) (3, -1.02808628082275390625e+01) (0, -1.06565294265747070312e+01) (1, -1.61819858551025390625e+01) (2, -2.86303591728210449219e+00) (3, 8.24048995971679687500e+00) (0, -3.57867860794067382812e+00) (1, 2.47975373268127441406e+00) (2, -3.39765644073486328125e+00) (3, 1.92367386817932128906e+00) (4, 9.09884521484375000000e+02) (5, 1.50000000000000000000e+03) (6, 1.50000000000000000000e+03) (7, -1.79113655090332031250e+01) (8, 8.77709274291992187500e+01) (4, -7.50316429138183593750e+00) (5, -1.02185878753662109375e+01) (6, 1.04108009338378906250e+02) (7, 1.31223297119140625000e+01) (8, -3.78733921051025390625e+00) (4, 5.52806091308593750000e+02) (5, 1.50000000000000000000e+03) (6, 1.50000000000000000000e+03) (7, -2.25179367065429687500e+01) (8, 1.98555938720703125000e+02) (4, -1.12519512176513671875e+01) (5, 1.32230224609375000000e+01) (6, 1.97415863037109375000e+02) (7, 1.50169572830200195312e+01) (8, -4.01005792617797851562e+00) (9, 9.60104525089263916016e-01) (10, -4.62857627868652343750e+00) (11, 1.02678799629211425781e+00) (12, -1.65146923065185546875e+00) (13, 1.83222377300262451172e+00) 
