FANN_FLO_2.1
num_layers=3
learning_rate=0.500000
connection_rate=1.000000
network_type=0
learning_momentum=0.000000
training_algorithm=2
train_error_function=1
train_stop_function=0
cascade_output_change_fraction=0.010000
quickprop_decay=-0.000100
quickprop_mu=1.750000
rprop_increase_factor=1.200000
rprop_decrease_factor=0.500000
rprop_delta_min=0.000000
rprop_delta_max=50.000000
rprop_delta_zero=0.100000
cascade_output_stagnation_epochs=12
cascade_candidate_change_fraction=0.010000
cascade_candidate_stagnation_epochs=12
cascade_max_out_epochs=150
cascade_min_out_epochs=50
cascade_max_cand_epochs=150
cascade_min_cand_epochs=50
cascade_num_candidate_groups=2
bit_fail_limit=3.49999994039535522461e-01
cascade_candidate_limit=1.00000000000000000000e+03
cascade_weight_multiplier=4.00000005960464477539e-01
cascade_activation_functions_count=10
cascade_activation_functions=3 5 7 8 10 11 14 15 16 17 
cascade_activation_steepnesses_count=4
cascade_activation_steepnesses=2.50000000000000000000e-01 5.00000000000000000000e-01 7.50000000000000000000e-01 1.00000000000000000000e+00 
layer_sizes=7 5 2 
scale_included=0
neurons (num_inputs, activation_function, activation_steepness)=(0, 0, 0.00000000000000000000e+00) (0, 0, 0.00000000000000000000e+00) (0, 0, 0.00000000000000000000e+00) (0, 0, 0.00000000000000000000e+00) (0, 0, 0.00000000000000000000e+00) (0, 0, 0.00000000000000000000e+00) (0, 0, 0.00000000000000000000e+00) (7, 3, 5.00000000000000000000e-01) (7, 3, 5.00000000000000000000e-01) (7, 3, 5.00000000000000000000e-01) (7, 3, 5.00000000000000000000e-01) (0, 3, 0.00000000000000000000e+00) (5, 0, 5.00000000000000000000e-01) (0, 0, 0.00000000000000000000e+00) 
connections (connected_to_neuron, weight)=(0, -1.60719439387321472168e-01) (1, 3.36878418922424316406e-01) (2, 8.06451618671417236328e-01) (3, -4.35415208339691162109e-01) (4, 1.85894846916198730469e+00) (5, 3.50057452917098999023e-01) (6, 2.52363920211791992188e+00) (0, 1.50000000000000000000e+03) (1, 1.50000000000000000000e+03) (2, 1.50000000000000000000e+03) (3, 1.48387573242187500000e+03) (4, 1.50000000000000000000e+03) (5, 1.47000000000000000000e+03) (6, 3.15607428550720214844e-01) (0, -1.81338220834732055664e-01) (1, 1.23920477926731109619e-01) (2, 3.95868252962827682495e-03) (3, 5.96898570656776428223e-02) (4, -1.48726969957351684570e-01) (5, 1.16702161729335784912e-01) (6, 7.20107126235961914062e+00) (0, 3.19814413785934448242e-01) (1, -4.61506664752960205078e-01) (2, -3.70722204446792602539e-01) (3, 2.32958331704139709473e-01) (4, -8.70218694210052490234e-01) (5, -8.82703661918640136719e-02) (6, -5.05622386932373046875e+00) (7, -1.23365305364131927490e-01) (8, 2.42306828498840332031e-01) (9, -2.22083389759063720703e-01) (10, 1.73057485371828079224e-02) (11, 1.09978623688220977783e-01) 
