FANN_FLO_2.1
num_layers=4
learning_rate=0.300000
connection_rate=1.000000
network_type=0
learning_momentum=0.000000
training_algorithm=2
train_error_function=1
train_stop_function=0
cascade_output_change_fraction=0.010000
quickprop_decay=-0.000100
quickprop_mu=1.750000
rprop_increase_factor=1.200000
rprop_decrease_factor=0.500000
rprop_delta_min=0.000000
rprop_delta_max=50.000000
rprop_delta_zero=0.100000
cascade_output_stagnation_epochs=12
cascade_candidate_change_fraction=0.010000
cascade_candidate_stagnation_epochs=12
cascade_max_out_epochs=150
cascade_min_out_epochs=50
cascade_max_cand_epochs=150
cascade_min_cand_epochs=50
cascade_num_candidate_groups=2
bit_fail_limit=3.49999994039535522461e-01
cascade_candidate_limit=1.00000000000000000000e+03
cascade_weight_multiplier=4.00000005960464477539e-01
cascade_activation_functions_count=10
cascade_activation_functions=3 5 7 8 10 11 14 15 16 17 
cascade_activation_steepnesses_count=4
cascade_activation_steepnesses=2.50000000000000000000e-01 5.00000000000000000000e-01 7.50000000000000000000e-01 1.00000000000000000000e+00 
layer_sizes=2 5 5 3 
scale_included=0
neurons (num_inputs, activation_function, activation_steepness)=(0, 0, 0.00000000000000000000e+00) (0, 0, 0.00000000000000000000e+00) (2, 3, 5.00000000000000000000e-01) (2, 3, 5.00000000000000000000e-01) (2, 3, 5.00000000000000000000e-01) (2, 3, 5.00000000000000000000e-01) (0, 3, 0.00000000000000000000e+00) (5, 3, 5.00000000000000000000e-01) (5, 3, 5.00000000000000000000e-01) (5, 3, 5.00000000000000000000e-01) (5, 3, 5.00000000000000000000e-01) (0, 3, 0.00000000000000000000e+00) (5, 0, 5.00000000000000000000e-01) (5, 0, 5.00000000000000000000e-01) (0, 0, 0.00000000000000000000e+00) 
connections (connected_to_neuron, weight)=(0, -1.50000000000000000000e+03) (1, -1.82315731048583984375e+00) (0, -6.89968200683593750000e+02) (1, -1.46782183647155761719e+00) (0, -1.35441863536834716797e+00) (1, -3.09878802299499511719e+00) (0, -1.17138481140136718750e+00) (1, -2.64223670959472656250e+00) (2, 1.16357517242431640625e+00) (3, 1.13733351230621337891e+00) (4, 8.81422460079193115234e-01) (5, 4.10481363534927368164e-01) (6, -1.09843671321868896484e+00) (2, -1.46380364894866943359e+00) (3, -1.51321208477020263672e+00) (4, 1.23923563957214355469e+00) (5, 1.44813096523284912109e+00) (6, 2.75930476188659667969e+00) (2, 5.69501996040344238281e-01) (3, 5.18254518508911132812e-01) (4, 1.65780556201934814453e+00) (5, 8.83644104003906250000e-01) (6, -3.19238841533660888672e-01) (2, 5.87347328662872314453e-01) (3, 1.24100065231323242188e+00) (4, 7.20059275627136230469e-01) (5, 6.71895384788513183594e-01) (6, -1.44100379943847656250e+00) (7, 1.46596491336822509766e-01) (8, -1.37782394886016845703e-01) (9, 5.66315352916717529297e-02) (10, 9.47077646851539611816e-02) (11, -1.25568211078643798828e-01) (7, -4.86377537250518798828e-01) (8, -5.89804053306579589844e-01) (9, -4.72563415765762329102e-01) (10, -5.32163918018341064453e-01) (11, -2.80589252710342407227e-01) 
