FANN_FLO_2.1
num_layers=4
learning_rate=0.450000
connection_rate=1.000000
network_type=0
learning_momentum=0.000000
training_algorithm=2
train_error_function=1
train_stop_function=0
cascade_output_change_fraction=0.010000
quickprop_decay=-0.000100
quickprop_mu=1.750000
rprop_increase_factor=1.200000
rprop_decrease_factor=0.500000
rprop_delta_min=0.000000
rprop_delta_max=50.000000
rprop_delta_zero=0.100000
cascade_output_stagnation_epochs=12
cascade_candidate_change_fraction=0.010000
cascade_candidate_stagnation_epochs=12
cascade_max_out_epochs=150
cascade_min_out_epochs=50
cascade_max_cand_epochs=150
cascade_min_cand_epochs=50
cascade_num_candidate_groups=2
bit_fail_limit=3.49999994039535522461e-01
cascade_candidate_limit=1.00000000000000000000e+03
cascade_weight_multiplier=4.00000005960464477539e-01
cascade_activation_functions_count=10
cascade_activation_functions=3 5 7 8 10 11 14 15 16 17 
cascade_activation_steepnesses_count=4
cascade_activation_steepnesses=2.50000000000000000000e-01 5.00000000000000000000e-01 7.50000000000000000000e-01 1.00000000000000000000e+00 
layer_sizes=7 5 3 2 
scale_included=0
neurons (num_inputs, activation_function, activation_steepness)=(0, 0, 0.00000000000000000000e+00) (0, 0, 0.00000000000000000000e+00) (0, 0, 0.00000000000000000000e+00) (0, 0, 0.00000000000000000000e+00) (0, 0, 0.00000000000000000000e+00) (0, 0, 0.00000000000000000000e+00) (0, 0, 0.00000000000000000000e+00) (7, 3, 5.00000000000000000000e-01) (7, 3, 5.00000000000000000000e-01) (7, 3, 5.00000000000000000000e-01) (7, 3, 5.00000000000000000000e-01) (0, 3, 0.00000000000000000000e+00) (5, 3, 5.00000000000000000000e-01) (5, 3, 5.00000000000000000000e-01) (0, 3, 0.00000000000000000000e+00) (3, 0, 5.00000000000000000000e-01) (0, 0, 0.00000000000000000000e+00) 
connections (connected_to_neuron, weight)=(0, -1.47827320098876953125e+01) (1, 1.59963333606719970703e+00) (2, 1.50000000000000000000e+03) (3, -2.69534282684326171875e+01) (4, 8.80882324218750000000e+02) (5, 1.50000000000000000000e+03) (6, 4.58512592315673828125e+00) (0, 1.10844063758850097656e+00) (1, -2.41277384757995605469e+00) (2, 5.67321443557739257812e+00) (3, 7.00900673866271972656e-01) (4, 1.11844860017299652100e-01) (5, -4.51216411590576171875e+00) (6, -2.47595047950744628906e+00) (0, 1.38780164718627929688e+00) (1, -9.57509458065032958984e-01) (2, 2.35183548927307128906e+00) (3, -9.25421118736267089844e-01) (4, 7.11872339248657226562e-01) (5, -1.76597857475280761719e+00) (6, -1.67022466659545898438e+00) (0, -4.16545689105987548828e-01) (1, -3.57107937335968017578e-01) (2, -6.39054596424102783203e-01) (3, 2.96562552452087402344e-01) (4, 4.00588721036911010742e-01) (5, 3.71884882450103759766e-01) (6, 4.52309179306030273438e+00) (7, -2.50473201274871826172e-01) (8, -7.06727504730224609375e-01) (9, -5.33108055591583251953e-01) (10, -1.11079275608062744141e-01) (11, -3.98352652788162231445e-01) (7, -3.75119388103485107422e-01) (8, 1.06035925447940826416e-01) (9, -5.37022352218627929688e-01) (10, -1.10923349857330322266e+00) (11, -4.39017027616500854492e-01) (12, -1.25871121883392333984e-01) (13, -2.01588630676269531250e-01) (14, 6.72031268477439880371e-02) 
