FANN_FLO_2.1
num_layers=4
learning_rate=0.500000
connection_rate=1.000000
network_type=0
learning_momentum=0.000000
training_algorithm=2
train_error_function=1
train_stop_function=0
cascade_output_change_fraction=0.010000
quickprop_decay=-0.000100
quickprop_mu=1.750000
rprop_increase_factor=1.200000
rprop_decrease_factor=0.500000
rprop_delta_min=0.000000
rprop_delta_max=50.000000
rprop_delta_zero=0.100000
cascade_output_stagnation_epochs=12
cascade_candidate_change_fraction=0.010000
cascade_candidate_stagnation_epochs=12
cascade_max_out_epochs=150
cascade_min_out_epochs=50
cascade_max_cand_epochs=150
cascade_min_cand_epochs=50
cascade_num_candidate_groups=2
bit_fail_limit=3.49999994039535522461e-01
cascade_candidate_limit=1.00000000000000000000e+03
cascade_weight_multiplier=4.00000005960464477539e-01
cascade_activation_functions_count=10
cascade_activation_functions=3 5 7 8 10 11 14 15 16 17 
cascade_activation_steepnesses_count=4
cascade_activation_steepnesses=2.50000000000000000000e-01 5.00000000000000000000e-01 7.50000000000000000000e-01 1.00000000000000000000e+00 
layer_sizes=4 5 3 2 
scale_included=0
neurons (num_inputs, activation_function, activation_steepness)=(0, 0, 0.00000000000000000000e+00) (0, 0, 0.00000000000000000000e+00) (0, 0, 0.00000000000000000000e+00) (0, 0, 0.00000000000000000000e+00) (4, 3, 5.00000000000000000000e-01) (4, 3, 5.00000000000000000000e-01) (4, 3, 5.00000000000000000000e-01) (4, 3, 5.00000000000000000000e-01) (0, 3, 0.00000000000000000000e+00) (5, 3, 5.00000000000000000000e-01) (5, 3, 5.00000000000000000000e-01) (0, 3, 0.00000000000000000000e+00) (3, 3, 5.00000000000000000000e-01) (0, 3, 0.00000000000000000000e+00) 
connections (connected_to_neuron, weight)=(0, -4.51275491714477539062e+00) (1, -7.57116270065307617188e+00) (2, 1.49712324142456054688e+00) (3, 3.16282725334167480469e+00) (0, 3.83991302490234375000e+02) (1, -1.50000000000000000000e+03) (2, 1.50000000000000000000e+03) (3, 6.49123430252075195312e-01) (0, -4.52636289596557617188e+00) (1, -7.59533882141113281250e+00) (2, 1.60215318202972412109e+00) (3, 3.14186453819274902344e+00) (0, 8.96804809570312500000e+02) (1, -1.50000000000000000000e+03) (2, 9.67942687988281250000e+02) (3, -9.41857576370239257812e-01) (4, 3.15320930480957031250e+01) (5, -2.88723468780517578125e+00) (6, 3.04715213775634765625e+01) (7, -1.76523721218109130859e+00) (8, -4.41026353836059570312e+00) (4, 4.76387557983398437500e+01) (5, 1.50000000000000000000e+03) (6, 1.83949279785156250000e+02) (7, 1.28200488281250000000e+03) (8, -2.60707054138183593750e+01) (9, -4.29254674911499023438e+00) (10, 1.71070826053619384766e+00) (11, 3.73886644840240478516e-01) 
