FANN_FLO_2.1
num_layers=4
learning_rate=0.450000
connection_rate=1.000000
network_type=0
learning_momentum=0.000000
training_algorithm=2
train_error_function=1
train_stop_function=0
cascade_output_change_fraction=0.010000
quickprop_decay=-0.000100
quickprop_mu=1.750000
rprop_increase_factor=1.200000
rprop_decrease_factor=0.500000
rprop_delta_min=0.000000
rprop_delta_max=50.000000
rprop_delta_zero=0.100000
cascade_output_stagnation_epochs=12
cascade_candidate_change_fraction=0.010000
cascade_candidate_stagnation_epochs=12
cascade_max_out_epochs=150
cascade_min_out_epochs=50
cascade_max_cand_epochs=150
cascade_min_cand_epochs=50
cascade_num_candidate_groups=2
bit_fail_limit=3.49999994039535522461e-01
cascade_candidate_limit=1.00000000000000000000e+03
cascade_weight_multiplier=4.00000005960464477539e-01
cascade_activation_functions_count=10
cascade_activation_functions=3 5 7 8 10 11 14 15 16 17 
cascade_activation_steepnesses_count=4
cascade_activation_steepnesses=2.50000000000000000000e-01 5.00000000000000000000e-01 7.50000000000000000000e-01 1.00000000000000000000e+00 
layer_sizes=7 5 5 2 
scale_included=0
neurons (num_inputs, activation_function, activation_steepness)=(0, 0, 0.00000000000000000000e+00) (0, 0, 0.00000000000000000000e+00) (0, 0, 0.00000000000000000000e+00) (0, 0, 0.00000000000000000000e+00) (0, 0, 0.00000000000000000000e+00) (0, 0, 0.00000000000000000000e+00) (0, 0, 0.00000000000000000000e+00) (7, 3, 5.00000000000000000000e-01) (7, 3, 5.00000000000000000000e-01) (7, 3, 5.00000000000000000000e-01) (7, 3, 5.00000000000000000000e-01) (0, 3, 0.00000000000000000000e+00) (5, 3, 5.00000000000000000000e-01) (5, 3, 5.00000000000000000000e-01) (5, 3, 5.00000000000000000000e-01) (5, 3, 5.00000000000000000000e-01) (0, 3, 0.00000000000000000000e+00) (5, 0, 5.00000000000000000000e-01) (0, 0, 0.00000000000000000000e+00) 
connections (connected_to_neuron, weight)=(0, 2.17218494415283203125e+01) (1, -3.18593096733093261719e+00) (2, 4.59539756774902343750e+01) (3, -1.79582080841064453125e+01) (4, -1.11163663864135742188e+00) (5, 3.17091827392578125000e+02) (6, -4.53261762857437133789e-01) (0, 1.07914917171001434326e-01) (1, 9.59680974483489990234e-01) (2, -1.08913433551788330078e+00) (3, 5.48335164785385131836e-02) (4, 6.88500180840492248535e-02) (5, -1.80739805102348327637e-01) (6, 4.26974010467529296875e+00) (0, -5.04127323627471923828e-01) (1, 6.49858474731445312500e+00) (2, -4.87166500091552734375e+00) (3, 1.23013667762279510498e-01) (4, -1.49414867162704467773e-01) (5, -4.17237251996994018555e-01) (6, 1.81357002258300781250e+01) (0, -8.67986083030700683594e-02) (1, 1.34663653373718261719e+00) (2, -1.30190551280975341797e+00) (3, 1.35370969772338867188e-01) (4, 5.17326071858406066895e-02) (5, -4.21231746673583984375e-01) (6, 9.74709796905517578125e+00) (7, -2.99338226318359375000e+02) (8, -3.84334301948547363281e+00) (9, -8.57369244098663330078e-01) (10, -1.68989312648773193359e+00) (11, -8.23673307895660400391e-02) (7, 6.61824226379394531250e-01) (8, -4.39905077219009399414e-01) (9, 2.95781791210174560547e-01) (10, -2.90978997945785522461e-01) (11, -3.04096847772598266602e-01) (7, 6.61824226379394531250e-01) (8, -4.46941763162612915039e-01) (9, 3.37784409523010253906e-01) (10, -3.97250860929489135742e-01) (11, -3.14010798931121826172e-01) (7, -1.99338195800781250000e+02) (8, -4.04701328277587890625e+00) (9, -8.47727358341217041016e-01) (10, -1.50507104396820068359e+00) (11, -5.76776266098022460938e-02) (12, 4.55120897293090820312e+00) (13, 7.08875507116317749023e-02) (14, 6.87198936939239501953e-02) (15, 2.30473518371582031250e+00) (16, -4.71962951123714447021e-02) 
