FANN_FLO_2.1
num_layers=3
learning_rate=0.500000
connection_rate=1.000000
network_type=0
learning_momentum=0.000000
training_algorithm=2
train_error_function=1
train_stop_function=0
cascade_output_change_fraction=0.010000
quickprop_decay=-0.000100
quickprop_mu=1.750000
rprop_increase_factor=1.200000
rprop_decrease_factor=0.500000
rprop_delta_min=0.000000
rprop_delta_max=50.000000
rprop_delta_zero=0.100000
cascade_output_stagnation_epochs=12
cascade_candidate_change_fraction=0.010000
cascade_candidate_stagnation_epochs=12
cascade_max_out_epochs=150
cascade_min_out_epochs=50
cascade_max_cand_epochs=150
cascade_min_cand_epochs=50
cascade_num_candidate_groups=2
bit_fail_limit=3.49999994039535522461e-01
cascade_candidate_limit=1.00000000000000000000e+03
cascade_weight_multiplier=4.00000005960464477539e-01
cascade_activation_functions_count=10
cascade_activation_functions=3 5 7 8 10 11 14 15 16 17 
cascade_activation_steepnesses_count=4
cascade_activation_steepnesses=2.50000000000000000000e-01 5.00000000000000000000e-01 7.50000000000000000000e-01 1.00000000000000000000e+00 
layer_sizes=7 5 2 
scale_included=0
neurons (num_inputs, activation_function, activation_steepness)=(0, 0, 0.00000000000000000000e+00) (0, 0, 0.00000000000000000000e+00) (0, 0, 0.00000000000000000000e+00) (0, 0, 0.00000000000000000000e+00) (0, 0, 0.00000000000000000000e+00) (0, 0, 0.00000000000000000000e+00) (0, 0, 0.00000000000000000000e+00) (7, 3, 5.00000000000000000000e-01) (7, 3, 5.00000000000000000000e-01) (7, 3, 5.00000000000000000000e-01) (7, 3, 5.00000000000000000000e-01) (0, 3, 0.00000000000000000000e+00) (5, 0, 5.00000000000000000000e-01) (0, 0, 0.00000000000000000000e+00) 
connections (connected_to_neuron, weight)=(0, -5.20178854465484619141e-01) (1, -1.71488227844238281250e+01) (2, -3.43104338645935058594e+00) (3, -3.86036949157714843750e+01) (4, -1.17908596992492675781e+00) (5, 1.30937948226928710938e+01) (6, -5.36076545715332031250e-01) (0, 2.01826381683349609375e+00) (1, 4.21331100463867187500e+01) (2, -6.91814661026000976562e+00) (3, 2.98452281951904296875e+01) (4, 1.77064096927642822266e+00) (5, -4.94852972030639648438e+00) (6, 2.38438531756401062012e-01) (0, -7.13049620389938354492e-02) (1, 1.34776353836059570312e+00) (2, 5.92918205261230468750e+00) (3, -1.98848617076873779297e+00) (4, -1.88104793429374694824e-01) (5, -4.09075069427490234375e+00) (6, -4.32480716705322265625e+00) (0, -1.57207099255174398422e-03) (1, -1.70118421316146850586e-01) (2, -9.85709846019744873047e-01) (3, 1.16634391248226165771e-01) (4, 3.02098840475082397461e-01) (5, 3.40483516454696655273e-01) (6, 1.20863783359527587891e+00) (7, 8.09682998657226562500e+01) (8, 3.82429845631122589111e-02) (9, -1.34658560156822204590e-01) (10, -1.38881057500839233398e-01) (11, 1.07544153928756713867e-01) 
