FANN_FLO_2.1
num_layers=3
learning_rate=0.500000
connection_rate=1.000000
network_type=0
learning_momentum=0.000000
training_algorithm=2
train_error_function=1
train_stop_function=0
cascade_output_change_fraction=0.010000
quickprop_decay=-0.000100
quickprop_mu=1.750000
rprop_increase_factor=1.200000
rprop_decrease_factor=0.500000
rprop_delta_min=0.000000
rprop_delta_max=50.000000
rprop_delta_zero=0.100000
cascade_output_stagnation_epochs=12
cascade_candidate_change_fraction=0.010000
cascade_candidate_stagnation_epochs=12
cascade_max_out_epochs=150
cascade_min_out_epochs=50
cascade_max_cand_epochs=150
cascade_min_cand_epochs=50
cascade_num_candidate_groups=2
bit_fail_limit=3.49999994039535522461e-01
cascade_candidate_limit=1.00000000000000000000e+03
cascade_weight_multiplier=4.00000005960464477539e-01
cascade_activation_functions_count=10
cascade_activation_functions=3 5 7 8 10 11 14 15 16 17 
cascade_activation_steepnesses_count=4
cascade_activation_steepnesses=2.50000000000000000000e-01 5.00000000000000000000e-01 7.50000000000000000000e-01 1.00000000000000000000e+00 
layer_sizes=7 9 2 
scale_included=0
neurons (num_inputs, activation_function, activation_steepness)=(0, 0, 0.00000000000000000000e+00) (0, 0, 0.00000000000000000000e+00) (0, 0, 0.00000000000000000000e+00) (0, 0, 0.00000000000000000000e+00) (0, 0, 0.00000000000000000000e+00) (0, 0, 0.00000000000000000000e+00) (0, 0, 0.00000000000000000000e+00) (7, 3, 5.00000000000000000000e-01) (7, 3, 5.00000000000000000000e-01) (7, 3, 5.00000000000000000000e-01) (7, 3, 5.00000000000000000000e-01) (7, 3, 5.00000000000000000000e-01) (7, 3, 5.00000000000000000000e-01) (7, 3, 5.00000000000000000000e-01) (7, 3, 5.00000000000000000000e-01) (0, 3, 0.00000000000000000000e+00) (9, 0, 5.00000000000000000000e-01) (0, 0, 0.00000000000000000000e+00) 
connections (connected_to_neuron, weight)=(0, 3.36636096239089965820e-01) (1, -1.31545412540435791016e+00) (2, -6.40601396560668945312e-01) (3, 5.56689985096454620361e-02) (4, -9.50951278209686279297e-01) (5, -5.65662145614624023438e-01) (6, -3.25926393270492553711e-01) (0, -1.09654210507869720459e-01) (1, -3.92996639013290405273e-01) (2, -7.82678484916687011719e-01) (3, 6.03724360466003417969e-01) (4, -1.28461551666259765625e+00) (5, -6.77189409732818603516e-01) (6, -7.95825302600860595703e-01) (0, -1.05177134275436401367e-01) (1, 3.42776030302047729492e-01) (2, -2.25868672132492065430e-01) (3, -4.43124957382678985596e-02) (4, 2.14065194129943847656e-01) (5, -2.35667824745178222656e-01) (6, 3.28024077415466308594e+00) (0, -5.31209487915039062500e+01) (1, -6.01854991912841796875e+00) (2, -6.66402220726013183594e-01) (3, -3.43191337585449218750e+00) (4, -1.33586442470550537109e+00) (5, -7.18557000160217285156e-01) (6, -5.61622798442840576172e-01) (0, 4.40829366445541381836e-01) (1, -3.97348940372467041016e-01) (2, -4.40359562635421752930e-01) (3, -3.88536095619201660156e-01) (4, -2.05741345882415771484e-01) (5, -7.84819245338439941406e-01) (6, -6.30260467529296875000e-01) (0, 3.00006836652755737305e-01) (1, -7.48717010021209716797e-01) (2, -1.16215720772743225098e-01) (3, -6.84826433658599853516e-01) (4, 4.85797494649887084961e-01) (5, -8.08892473578453063965e-02) (6, 6.23498894274234771729e-02) (0, 8.33749890327453613281e-01) (1, -8.16900551319122314453e-01) (2, -9.37807857990264892578e-01) (3, -7.61468887329101562500e-01) (4, 2.56959721446037292480e-02) (5, -9.93418216705322265625e-01) (6, 4.07867336273193359375e+00) (0, 4.99676495790481567383e-01) (1, -6.28067314624786376953e-01) (2, -5.33947527408599853516e-01) (3, -5.06884217262268066406e-01) (4, 2.40622833371162414551e-01) (5, -5.48691451549530029297e-01) (6, -6.80542528629302978516e-01) (7, -2.62805294990539550781e+00) (8, 1.29747807979583740234e+00) (9, -1.25828787684440612793e-01) (10, -1.99432945251464843750e+01) (11, 1.41078794002532958984e+00) (12, 2.43525564670562744141e-01) (13, -2.11106270551681518555e-01) (14, 2.76083230972290039062e-01) (15, 1.30115345120429992676e-01) 
