FANN_FLO_2.1
num_layers=4
learning_rate=0.500000
connection_rate=1.000000
network_type=0
learning_momentum=0.000000
training_algorithm=2
train_error_function=1
train_stop_function=0
cascade_output_change_fraction=0.010000
quickprop_decay=-0.000100
quickprop_mu=1.750000
rprop_increase_factor=1.200000
rprop_decrease_factor=0.500000
rprop_delta_min=0.000000
rprop_delta_max=50.000000
rprop_delta_zero=0.100000
cascade_output_stagnation_epochs=12
cascade_candidate_change_fraction=0.010000
cascade_candidate_stagnation_epochs=12
cascade_max_out_epochs=150
cascade_min_out_epochs=50
cascade_max_cand_epochs=150
cascade_min_cand_epochs=50
cascade_num_candidate_groups=2
bit_fail_limit=3.49999994039535522461e-01
cascade_candidate_limit=1.00000000000000000000e+03
cascade_weight_multiplier=4.00000005960464477539e-01
cascade_activation_functions_count=10
cascade_activation_functions=3 5 7 8 10 11 14 15 16 17 
cascade_activation_steepnesses_count=4
cascade_activation_steepnesses=2.50000000000000000000e-01 5.00000000000000000000e-01 7.50000000000000000000e-01 1.00000000000000000000e+00 
layer_sizes=4 5 3 2 
scale_included=0
neurons (num_inputs, activation_function, activation_steepness)=(0, 0, 0.00000000000000000000e+00) (0, 0, 0.00000000000000000000e+00) (0, 0, 0.00000000000000000000e+00) (0, 0, 0.00000000000000000000e+00) (4, 3, 5.00000000000000000000e-01) (4, 3, 5.00000000000000000000e-01) (4, 3, 5.00000000000000000000e-01) (4, 3, 5.00000000000000000000e-01) (0, 3, 0.00000000000000000000e+00) (5, 3, 5.00000000000000000000e-01) (5, 3, 5.00000000000000000000e-01) (0, 3, 0.00000000000000000000e+00) (3, 3, 5.00000000000000000000e-01) (0, 3, 0.00000000000000000000e+00) 
connections (connected_to_neuron, weight)=(0, -6.06923484802246093750e+00) (1, -1.31345672607421875000e+01) (2, 2.40841507911682128906e+00) (3, 4.60593509674072265625e+00) (0, -6.41309261322021484375e+00) (1, -1.26956157684326171875e+01) (2, 1.85925173759460449219e+00) (3, 4.72227525711059570312e+00) (0, -6.67286968231201171875e+00) (1, 1.49238789081573486328e+00) (2, -6.25051641464233398438e+00) (3, 4.76388025283813476562e+00) (0, -1.50000000000000000000e+03) (1, 1.07851330566406250000e+03) (2, 1.08876953125000000000e+01) (3, 6.37721419334411621094e-01) (4, 1.03411035537719726562e+01) (5, 1.07765111923217773438e+01) (6, 1.32759246826171875000e+01) (7, 1.98082427978515625000e+02) (8, -3.23791122436523437500e+00) (4, 1.31555175781250000000e+01) (5, 1.82029438018798828125e+01) (6, 2.19481811523437500000e+01) (7, -2.63097915649414062500e+01) (8, -5.60346603393554687500e+00) (9, -3.47108888626098632812e+00) (10, -1.30019950866699218750e+00) (11, 2.52773261070251464844e+00) 
