FANN_FLO_2.1
num_layers=4
learning_rate=0.450000
connection_rate=1.000000
network_type=0
learning_momentum=0.000000
training_algorithm=2
train_error_function=1
train_stop_function=0
cascade_output_change_fraction=0.010000
quickprop_decay=-0.000100
quickprop_mu=1.750000
rprop_increase_factor=1.200000
rprop_decrease_factor=0.500000
rprop_delta_min=0.000000
rprop_delta_max=50.000000
rprop_delta_zero=0.100000
cascade_output_stagnation_epochs=12
cascade_candidate_change_fraction=0.010000
cascade_candidate_stagnation_epochs=12
cascade_max_out_epochs=150
cascade_min_out_epochs=50
cascade_max_cand_epochs=150
cascade_min_cand_epochs=50
cascade_num_candidate_groups=2
bit_fail_limit=3.49999994039535522461e-01
cascade_candidate_limit=1.00000000000000000000e+03
cascade_weight_multiplier=4.00000005960464477539e-01
cascade_activation_functions_count=10
cascade_activation_functions=3 5 7 8 10 11 14 15 16 17 
cascade_activation_steepnesses_count=4
cascade_activation_steepnesses=2.50000000000000000000e-01 5.00000000000000000000e-01 7.50000000000000000000e-01 1.00000000000000000000e+00 
layer_sizes=7 5 3 2 
scale_included=0
neurons (num_inputs, activation_function, activation_steepness)=(0, 0, 0.00000000000000000000e+00) (0, 0, 0.00000000000000000000e+00) (0, 0, 0.00000000000000000000e+00) (0, 0, 0.00000000000000000000e+00) (0, 0, 0.00000000000000000000e+00) (0, 0, 0.00000000000000000000e+00) (0, 0, 0.00000000000000000000e+00) (7, 3, 5.00000000000000000000e-01) (7, 3, 5.00000000000000000000e-01) (7, 3, 5.00000000000000000000e-01) (7, 3, 5.00000000000000000000e-01) (0, 3, 0.00000000000000000000e+00) (5, 3, 5.00000000000000000000e-01) (5, 3, 5.00000000000000000000e-01) (0, 3, 0.00000000000000000000e+00) (3, 0, 5.00000000000000000000e-01) (0, 0, 0.00000000000000000000e+00) 
connections (connected_to_neuron, weight)=(0, -9.96984839439392089844e-02) (1, 3.02414476871490478516e-01) (2, -2.35026404261589050293e-01) (3, -3.15554946660995483398e-01) (4, 7.49745666980743408203e-01) (5, 1.49591982364654541016e-01) (6, 1.86467194557189941406e+00) (0, -1.53294880874454975128e-03) (1, 9.30806756019592285156e-01) (2, 5.29083192348480224609e-01) (3, -3.26673299074172973633e-01) (4, 8.54610323905944824219e-01) (5, 1.93720862269401550293e-01) (6, 3.42155575752258300781e-01) (0, -8.65970969200134277344e-01) (1, -4.07882659912109375000e+02) (2, -4.31600036621093750000e+02) (3, -1.51699274778366088867e-01) (4, -5.01017856597900390625e+00) (5, -8.23507690429687500000e+00) (6, 7.47552612304687500000e+02) (0, 1.50183150544762611389e-02) (1, 1.47455847263336181641e+00) (2, 1.46433962509036064148e-02) (3, -3.29104185104370117188e-01) (4, 1.47112405300140380859e+00) (5, -2.06952616572380065918e-01) (6, 5.43339177966117858887e-02) (7, -2.98937129974365234375e+00) (8, -1.25759744644165039062e+00) (9, 4.76814270019531250000e+01) (10, -5.79612636566162109375e+00) (11, 1.53772628307342529297e+00) (7, 1.05360019207000732422e+00) (8, 2.06951096653938293457e-01) (9, 1.50000000000000000000e+03) (10, 1.28664565086364746094e+00) (11, 3.28270840644836425781e+00) (12, 5.68814802169799804688e+00) (13, -1.03962935507297515869e-01) (14, 1.14386029541492462158e-01) 
