FANN_FLO_2.1
num_layers=3
learning_rate=0.400000
connection_rate=1.000000
network_type=0
learning_momentum=0.000000
training_algorithm=2
train_error_function=1
train_stop_function=0
cascade_output_change_fraction=0.010000
quickprop_decay=-0.000100
quickprop_mu=1.750000
rprop_increase_factor=1.200000
rprop_decrease_factor=0.500000
rprop_delta_min=0.000000
rprop_delta_max=50.000000
rprop_delta_zero=0.100000
cascade_output_stagnation_epochs=12
cascade_candidate_change_fraction=0.010000
cascade_candidate_stagnation_epochs=12
cascade_max_out_epochs=150
cascade_min_out_epochs=50
cascade_max_cand_epochs=150
cascade_min_cand_epochs=50
cascade_num_candidate_groups=2
bit_fail_limit=3.49999994039535522461e-01
cascade_candidate_limit=1.00000000000000000000e+03
cascade_weight_multiplier=4.00000005960464477539e-01
cascade_activation_functions_count=10
cascade_activation_functions=3 5 7 8 10 11 14 15 16 17 
cascade_activation_steepnesses_count=4
cascade_activation_steepnesses=2.50000000000000000000e-01 5.00000000000000000000e-01 7.50000000000000000000e-01 1.00000000000000000000e+00 
layer_sizes=6 5 2 
scale_included=0
neurons (num_inputs, activation_function, activation_steepness)=(0, 0, 0.00000000000000000000e+00) (0, 0, 0.00000000000000000000e+00) (0, 0, 0.00000000000000000000e+00) (0, 0, 0.00000000000000000000e+00) (0, 0, 0.00000000000000000000e+00) (0, 0, 0.00000000000000000000e+00) (6, 3, 5.00000000000000000000e-01) (6, 3, 5.00000000000000000000e-01) (6, 3, 5.00000000000000000000e-01) (6, 3, 5.00000000000000000000e-01) (0, 3, 0.00000000000000000000e+00) (5, 0, 5.00000000000000000000e-01) (0, 0, 0.00000000000000000000e+00) 
connections (connected_to_neuron, weight)=(0, -4.25169801712036132812e+00) (1, -8.49338889122009277344e-01) (2, 1.19634613394737243652e-01) (3, -1.72343397140502929688e+00) (4, 3.73669892549514770508e-01) (5, -2.52769529819488525391e-01) (0, -1.46883361816406250000e+03) (1, 2.88234519958496093750e+00) (2, 9.34995803833007812500e+01) (3, -1.95723306387662887573e-02) (4, -1.21503620147705078125e+01) (5, 2.35411012545228004456e-03) (0, -1.12400756835937500000e+03) (1, -1.17914247512817382812e+01) (2, -1.22811210155487060547e+00) (3, -3.25833582878112792969e+00) (4, -2.60040491819381713867e-01) (5, 1.32505548000335693359e+00) (0, -1.40302749633789062500e+02) (1, -4.66582260131835937500e+01) (2, -2.07751922607421875000e+01) (3, -7.91032195091247558594e-01) (4, -5.38333058357238769531e-02) (5, -7.92956650257110595703e-01) (6, 7.20279037952423095703e-01) (7, 4.56675827503204345703e-01) (8, 1.97827887535095214844e+00) (9, -5.53939867019653320312e+00) (10, 4.80305582284927368164e-01) 
