FANN_FLO_2.1
num_layers=3
learning_rate=0.500000
connection_rate=1.000000
network_type=0
learning_momentum=0.000000
training_algorithm=2
train_error_function=1
train_stop_function=0
cascade_output_change_fraction=0.010000
quickprop_decay=-0.000100
quickprop_mu=1.750000
rprop_increase_factor=1.200000
rprop_decrease_factor=0.500000
rprop_delta_min=0.000000
rprop_delta_max=50.000000
rprop_delta_zero=0.100000
cascade_output_stagnation_epochs=12
cascade_candidate_change_fraction=0.010000
cascade_candidate_stagnation_epochs=12
cascade_max_out_epochs=150
cascade_min_out_epochs=50
cascade_max_cand_epochs=150
cascade_min_cand_epochs=50
cascade_num_candidate_groups=2
bit_fail_limit=3.49999994039535522461e-01
cascade_candidate_limit=1.00000000000000000000e+03
cascade_weight_multiplier=4.00000005960464477539e-01
cascade_activation_functions_count=10
cascade_activation_functions=3 5 7 8 10 11 14 15 16 17 
cascade_activation_steepnesses_count=4
cascade_activation_steepnesses=2.50000000000000000000e-01 5.00000000000000000000e-01 7.50000000000000000000e-01 1.00000000000000000000e+00 
layer_sizes=10 5 2 
scale_included=0
neurons (num_inputs, activation_function, activation_steepness)=(0, 0, 0.00000000000000000000e+00) (0, 0, 0.00000000000000000000e+00) (0, 0, 0.00000000000000000000e+00) (0, 0, 0.00000000000000000000e+00) (0, 0, 0.00000000000000000000e+00) (0, 0, 0.00000000000000000000e+00) (0, 0, 0.00000000000000000000e+00) (0, 0, 0.00000000000000000000e+00) (0, 0, 0.00000000000000000000e+00) (0, 0, 0.00000000000000000000e+00) (10, 3, 5.00000000000000000000e-01) (10, 3, 5.00000000000000000000e-01) (10, 3, 5.00000000000000000000e-01) (10, 3, 5.00000000000000000000e-01) (0, 3, 0.00000000000000000000e+00) (5, 3, 5.00000000000000000000e-01) (0, 3, 0.00000000000000000000e+00) 
connections (connected_to_neuron, weight)=(0, 6.03762686252593994141e-01) (1, 5.46300530433654785156e-01) (2, 3.97642999887466430664e-01) (3, 4.57783281803131103516e-01) (4, 9.25245136022567749023e-02) (5, 3.17443341016769409180e-01) (6, 8.95455360412597656250e-01) (7, 4.78778541088104248047e-01) (8, 4.71748948097229003906e-01) (9, 3.84465992450714111328e-01) (0, -4.03873503208160400391e-01) (1, -5.25225818157196044922e-01) (2, -5.07301151752471923828e-01) (3, -5.21522760391235351562e-01) (4, -6.09706103801727294922e-01) (5, -5.04771590232849121094e-01) (6, -5.23288011550903320312e-01) (7, -6.44029498100280761719e-01) (8, -4.77529197931289672852e-01) (9, 1.92327129840850830078e+00) (0, -6.19721531867980957031e-01) (1, -5.59698343276977539062e-01) (2, -5.55178761482238769531e-01) (3, -5.90211927890777587891e-01) (4, -4.44453567266464233398e-01) (5, -6.16156101226806640625e-01) (6, -4.70831304788589477539e-01) (7, -4.53925877809524536133e-01) (8, -5.94880878925323486328e-01) (9, 2.25389528274536132812e+00) (0, 1.50000000000000000000e+03) (1, 1.50000000000000000000e+03) (2, 1.50000000000000000000e+03) (3, 1.50000000000000000000e+03) (4, 1.50000000000000000000e+03) (5, 1.50000000000000000000e+03) (6, 1.50000000000000000000e+03) (7, 1.50000000000000000000e+03) (8, 1.50000000000000000000e+03) (9, 4.02386760711669921875e+00) (10, 8.21361839771270751953e-01) (11, -1.71913862228393554688e+00) (12, -1.67437672615051269531e+00) (13, 3.79014253616333007812e-01) (14, 2.97002434730529785156e-01) 
