FANN_FLO_2.1
num_layers=3
learning_rate=0.500000
connection_rate=1.000000
network_type=0
learning_momentum=0.000000
training_algorithm=2
train_error_function=1
train_stop_function=0
cascade_output_change_fraction=0.010000
quickprop_decay=-0.000100
quickprop_mu=1.750000
rprop_increase_factor=1.200000
rprop_decrease_factor=0.500000
rprop_delta_min=0.000000
rprop_delta_max=50.000000
rprop_delta_zero=0.100000
cascade_output_stagnation_epochs=12
cascade_candidate_change_fraction=0.010000
cascade_candidate_stagnation_epochs=12
cascade_max_out_epochs=150
cascade_min_out_epochs=50
cascade_max_cand_epochs=150
cascade_min_cand_epochs=50
cascade_num_candidate_groups=2
bit_fail_limit=3.49999994039535522461e-01
cascade_candidate_limit=1.00000000000000000000e+03
cascade_weight_multiplier=4.00000005960464477539e-01
cascade_activation_functions_count=10
cascade_activation_functions=3 5 7 8 10 11 14 15 16 17 
cascade_activation_steepnesses_count=4
cascade_activation_steepnesses=2.50000000000000000000e-01 5.00000000000000000000e-01 7.50000000000000000000e-01 1.00000000000000000000e+00 
layer_sizes=10 3 2 
scale_included=0
neurons (num_inputs, activation_function, activation_steepness)=(0, 0, 0.00000000000000000000e+00) (0, 0, 0.00000000000000000000e+00) (0, 0, 0.00000000000000000000e+00) (0, 0, 0.00000000000000000000e+00) (0, 0, 0.00000000000000000000e+00) (0, 0, 0.00000000000000000000e+00) (0, 0, 0.00000000000000000000e+00) (0, 0, 0.00000000000000000000e+00) (0, 0, 0.00000000000000000000e+00) (0, 0, 0.00000000000000000000e+00) (10, 3, 5.00000000000000000000e-01) (10, 3, 5.00000000000000000000e-01) (0, 3, 0.00000000000000000000e+00) (3, 3, 5.00000000000000000000e-01) (0, 3, 0.00000000000000000000e+00) 
connections (connected_to_neuron, weight)=(0, -2.34057441353797912598e-01) (1, -5.10878980159759521484e-01) (2, -2.07081794738769531250e-01) (3, -4.51408803462982177734e-01) (4, -7.73768186569213867188e-01) (5, -2.49988630414009094238e-01) (6, -4.37301009893417358398e-01) (7, -4.56580013036727905273e-01) (8, -4.47102367877960205078e-01) (9, 1.15454816818237304688e+00) (0, -5.29596865177154541016e-01) (1, -4.16835367679595947266e-01) (2, -5.79143941402435302734e-01) (3, -4.55239504575729370117e-01) (4, -1.84733539819717407227e-01) (5, -5.77356338500976562500e-01) (6, -4.24140006303787231445e-01) (7, -4.21048104763031005859e-01) (8, -4.33869749307632446289e-01) (9, 1.32381641864776611328e+00) (10, -1.92788636684417724609e+00) (11, -2.77187824249267578125e+00) (12, 1.56741750240325927734e+00) 
