FANN_FLO_2.1
num_layers=4
learning_rate=0.450000
connection_rate=1.000000
network_type=0
learning_momentum=0.000000
training_algorithm=2
train_error_function=1
train_stop_function=0
cascade_output_change_fraction=0.010000
quickprop_decay=-0.000100
quickprop_mu=1.750000
rprop_increase_factor=1.200000
rprop_decrease_factor=0.500000
rprop_delta_min=0.000000
rprop_delta_max=50.000000
rprop_delta_zero=0.100000
cascade_output_stagnation_epochs=12
cascade_candidate_change_fraction=0.010000
cascade_candidate_stagnation_epochs=12
cascade_max_out_epochs=150
cascade_min_out_epochs=50
cascade_max_cand_epochs=150
cascade_min_cand_epochs=50
cascade_num_candidate_groups=2
bit_fail_limit=3.49999994039535522461e-01
cascade_candidate_limit=1.00000000000000000000e+03
cascade_weight_multiplier=4.00000005960464477539e-01
cascade_activation_functions_count=10
cascade_activation_functions=3 5 7 8 10 11 14 15 16 17 
cascade_activation_steepnesses_count=4
cascade_activation_steepnesses=2.50000000000000000000e-01 5.00000000000000000000e-01 7.50000000000000000000e-01 1.00000000000000000000e+00 
layer_sizes=7 5 5 2 
scale_included=0
neurons (num_inputs, activation_function, activation_steepness)=(0, 0, 0.00000000000000000000e+00) (0, 0, 0.00000000000000000000e+00) (0, 0, 0.00000000000000000000e+00) (0, 0, 0.00000000000000000000e+00) (0, 0, 0.00000000000000000000e+00) (0, 0, 0.00000000000000000000e+00) (0, 0, 0.00000000000000000000e+00) (7, 3, 5.00000000000000000000e-01) (7, 3, 5.00000000000000000000e-01) (7, 3, 5.00000000000000000000e-01) (7, 3, 5.00000000000000000000e-01) (0, 3, 0.00000000000000000000e+00) (5, 3, 5.00000000000000000000e-01) (5, 3, 5.00000000000000000000e-01) (5, 3, 5.00000000000000000000e-01) (5, 3, 5.00000000000000000000e-01) (0, 3, 0.00000000000000000000e+00) (5, 0, 5.00000000000000000000e-01) (0, 0, 0.00000000000000000000e+00) 
connections (connected_to_neuron, weight)=(0, 3.17212080955505371094e+00) (1, -9.39107543945312500000e+02) (2, 5.21963867187500000000e+02) (3, 1.50000000000000000000e+03) (4, -1.49768237304687500000e+03) (5, -2.20151138305664062500e+02) (6, 2.41559410095214843750e+00) (0, 1.35753929615020751953e-01) (1, 9.62212905287742614746e-02) (2, 8.98485071957111358643e-03) (3, -7.17639744281768798828e-01) (4, 3.52524900436401367188e+00) (5, -1.87496876716613769531e+00) (6, 7.12496042251586914062e+00) (0, 1.50000000000000000000e+03) (1, 4.71468017578125000000e+02) (2, 1.50000000000000000000e+03) (3, 1.50000000000000000000e+03) (4, 1.50000000000000000000e+03) (5, 1.50000000000000000000e+03) (6, 6.42370462417602539062e-01) (0, 1.50000000000000000000e+03) (1, 1.41384191894531250000e+03) (2, 1.50000000000000000000e+03) (3, 1.50000000000000000000e+03) (4, 1.50000000000000000000e+03) (5, 1.50000000000000000000e+03) (6, 1.63850653171539306641e+00) (7, -1.43544805049896240234e+00) (8, 2.33813915252685546875e+01) (9, -1.69712567329406738281e+00) (10, -7.20591688156127929688e+00) (11, -1.79110288619995117188e+00) (7, 1.14435903728008270264e-01) (8, -2.92315959930419921875e+00) (9, 3.08968991041183471680e-01) (10, 2.19225078821182250977e-01) (11, 3.13243418931961059570e-01) (7, -1.75775146484375000000e+00) (8, 2.30284538269042968750e+01) (9, -1.64282858371734619141e+00) (10, -6.88790178298950195312e+00) (11, -1.65679562091827392578e+00) (7, -2.20465493202209472656e+00) (8, 6.90298175811767578125e+00) (9, -1.17076587677001953125e+00) (10, -1.21158850193023681641e+00) (11, -1.15726375579833984375e+00) (12, -4.87562656402587890625e-01) (13, 2.88036036491394042969e+00) (14, -1.92601069808006286621e-01) (15, 2.86804556846618652344e-01) (16, 1.04992896318435668945e-01) 
