FANN_FLO_2.1
num_layers=4
learning_rate=0.450000
connection_rate=1.000000
network_type=0
learning_momentum=0.000000
training_algorithm=2
train_error_function=1
train_stop_function=0
cascade_output_change_fraction=0.010000
quickprop_decay=-0.000100
quickprop_mu=1.750000
rprop_increase_factor=1.200000
rprop_decrease_factor=0.500000
rprop_delta_min=0.000000
rprop_delta_max=50.000000
rprop_delta_zero=0.100000
cascade_output_stagnation_epochs=12
cascade_candidate_change_fraction=0.010000
cascade_candidate_stagnation_epochs=12
cascade_max_out_epochs=150
cascade_min_out_epochs=50
cascade_max_cand_epochs=150
cascade_min_cand_epochs=50
cascade_num_candidate_groups=2
bit_fail_limit=3.49999994039535522461e-01
cascade_candidate_limit=1.00000000000000000000e+03
cascade_weight_multiplier=4.00000005960464477539e-01
cascade_activation_functions_count=10
cascade_activation_functions=3 5 7 8 10 11 14 15 16 17 
cascade_activation_steepnesses_count=4
cascade_activation_steepnesses=2.50000000000000000000e-01 5.00000000000000000000e-01 7.50000000000000000000e-01 1.00000000000000000000e+00 
layer_sizes=7 5 5 2 
scale_included=0
neurons (num_inputs, activation_function, activation_steepness)=(0, 0, 0.00000000000000000000e+00) (0, 0, 0.00000000000000000000e+00) (0, 0, 0.00000000000000000000e+00) (0, 0, 0.00000000000000000000e+00) (0, 0, 0.00000000000000000000e+00) (0, 0, 0.00000000000000000000e+00) (0, 0, 0.00000000000000000000e+00) (7, 3, 5.00000000000000000000e-01) (7, 3, 5.00000000000000000000e-01) (7, 3, 5.00000000000000000000e-01) (7, 3, 5.00000000000000000000e-01) (0, 3, 0.00000000000000000000e+00) (5, 3, 5.00000000000000000000e-01) (5, 3, 5.00000000000000000000e-01) (5, 3, 5.00000000000000000000e-01) (5, 3, 5.00000000000000000000e-01) (0, 3, 0.00000000000000000000e+00) (5, 0, 5.00000000000000000000e-01) (0, 0, 0.00000000000000000000e+00) 
connections (connected_to_neuron, weight)=(0, 4.38150875270366668701e-02) (1, 1.72388255596160888672e-01) (2, -3.60579997301101684570e-01) (3, 6.45319521427154541016e-02) (4, 1.27680748701095581055e-02) (5, -3.10946047306060791016e-01) (6, 4.70876646041870117188e+00) (0, 2.24072082519531250000e+02) (1, 1.20308398437500000000e+03) (2, 1.49385437011718750000e+03) (3, 1.01961278915405273438e+00) (4, 1.50000000000000000000e+03) (5, 1.01965427398681640625e+01) (6, 5.47738134860992431641e-01) (0, 4.71991777420043945312e+00) (1, 1.29250317382812500000e+03) (2, 1.49384814453125000000e+03) (3, 6.32662892341613769531e-01) (4, 1.50000000000000000000e+03) (5, 4.49001979827880859375e+00) (6, 6.87086164951324462891e-01) (0, -1.34985849261283874512e-01) (1, 5.29815375804901123047e-01) (2, -3.36936235427856445312e-01) (3, 1.03038996458053588867e-01) (4, 1.67323634028434753418e-01) (5, -2.33983397483825683594e-01) (6, 2.26864188909530639648e-01) (7, -9.15847396850585937500e+00) (8, 4.04153674840927124023e-01) (9, 2.95490235090255737305e-01) (10, -3.28618812561035156250e+00) (11, 3.34593564271926879883e-01) (7, 1.50000000000000000000e+03) (8, 2.07315587997436523438e+00) (9, 2.06103110313415527344e+00) (10, 6.56202650070190429688e+00) (11, 5.14940619468688964844e-01) (7, -1.46546554565429687500e+01) (8, 7.86550790071487426758e-02) (9, 8.54647308588027954102e-02) (10, -2.04539012908935546875e+00) (11, 2.29433357715606689453e-01) (7, -2.31773033142089843750e+01) (8, 6.73107683658599853516e-01) (9, 6.10458374023437500000e-01) (10, -7.45346355438232421875e+00) (11, 5.65861463546752929688e-01) (12, -3.12149107456207275391e-01) (13, -8.28286483883857727051e-02) (14, -7.89363235235214233398e-02) (15, 5.69259643554687500000e+00) (16, 9.58316996693611145020e-02) 
