FANN_FLO_2.1
num_layers=4
learning_rate=0.300000
connection_rate=1.000000
network_type=0
learning_momentum=0.000000
training_algorithm=2
train_error_function=1
train_stop_function=0
cascade_output_change_fraction=0.010000
quickprop_decay=-0.000100
quickprop_mu=1.750000
rprop_increase_factor=1.200000
rprop_decrease_factor=0.500000
rprop_delta_min=0.000000
rprop_delta_max=50.000000
rprop_delta_zero=0.100000
cascade_output_stagnation_epochs=12
cascade_candidate_change_fraction=0.010000
cascade_candidate_stagnation_epochs=12
cascade_max_out_epochs=150
cascade_min_out_epochs=50
cascade_max_cand_epochs=150
cascade_min_cand_epochs=50
cascade_num_candidate_groups=2
bit_fail_limit=3.49999994039535522461e-01
cascade_candidate_limit=1.00000000000000000000e+03
cascade_weight_multiplier=4.00000005960464477539e-01
cascade_activation_functions_count=10
cascade_activation_functions=3 5 7 8 10 11 14 15 16 17 
cascade_activation_steepnesses_count=4
cascade_activation_steepnesses=2.50000000000000000000e-01 5.00000000000000000000e-01 7.50000000000000000000e-01 1.00000000000000000000e+00 
layer_sizes=2 5 3 3 
scale_included=0
neurons (num_inputs, activation_function, activation_steepness)=(0, 0, 0.00000000000000000000e+00) (0, 0, 0.00000000000000000000e+00) (2, 3, 5.00000000000000000000e-01) (2, 3, 5.00000000000000000000e-01) (2, 3, 5.00000000000000000000e-01) (2, 3, 5.00000000000000000000e-01) (0, 3, 0.00000000000000000000e+00) (5, 3, 5.00000000000000000000e-01) (5, 3, 5.00000000000000000000e-01) (0, 3, 0.00000000000000000000e+00) (3, 0, 5.00000000000000000000e-01) (3, 0, 5.00000000000000000000e-01) (0, 0, 0.00000000000000000000e+00) 
connections (connected_to_neuron, weight)=(0, -8.83465528488159179688e-01) (1, -1.26990592479705810547e+00) (0, 6.66173040866851806641e-01) (1, 8.48547756671905517578e-01) (0, -2.14873242378234863281e+00) (1, -4.77453327178955078125e+00) (0, -1.62087548524141311646e-02) (1, -1.29171144962310791016e+00) (2, -4.14531491696834564209e-02) (3, -4.87042188644409179688e+00) (4, 4.78022432327270507812e+00) (5, 1.35851764678955078125e+00) (6, -7.23807036876678466797e-01) (2, 7.00977742671966552734e-01) (3, 7.93947100639343261719e-01) (4, 1.35778546333312988281e+00) (5, 5.52505373954772949219e-01) (6, 5.76458334922790527344e-01) (7, 1.00936099886894226074e-01) (8, -2.99660731106996536255e-02) (9, -3.77415381371974945068e-02) (7, -1.43482637405395507812e+00) (8, -6.83578968048095703125e-01) (9, -6.22561395168304443359e-01) 
