FANN_FLO_2.1
num_layers=4
learning_rate=0.500000
connection_rate=1.000000
network_type=0
learning_momentum=0.000000
training_algorithm=2
train_error_function=1
train_stop_function=0
cascade_output_change_fraction=0.010000
quickprop_decay=-0.000100
quickprop_mu=1.750000
rprop_increase_factor=1.200000
rprop_decrease_factor=0.500000
rprop_delta_min=0.000000
rprop_delta_max=50.000000
rprop_delta_zero=0.100000
cascade_output_stagnation_epochs=12
cascade_candidate_change_fraction=0.010000
cascade_candidate_stagnation_epochs=12
cascade_max_out_epochs=150
cascade_min_out_epochs=50
cascade_max_cand_epochs=150
cascade_min_cand_epochs=50
cascade_num_candidate_groups=2
bit_fail_limit=3.49999994039535522461e-01
cascade_candidate_limit=1.00000000000000000000e+03
cascade_weight_multiplier=4.00000005960464477539e-01
cascade_activation_functions_count=10
cascade_activation_functions=3 5 7 8 10 11 14 15 16 17 
cascade_activation_steepnesses_count=4
cascade_activation_steepnesses=2.50000000000000000000e-01 5.00000000000000000000e-01 7.50000000000000000000e-01 1.00000000000000000000e+00 
layer_sizes=4 5 3 2 
scale_included=0
neurons (num_inputs, activation_function, activation_steepness)=(0, 0, 0.00000000000000000000e+00) (0, 0, 0.00000000000000000000e+00) (0, 0, 0.00000000000000000000e+00) (0, 0, 0.00000000000000000000e+00) (4, 3, 5.00000000000000000000e-01) (4, 3, 5.00000000000000000000e-01) (4, 3, 5.00000000000000000000e-01) (4, 3, 5.00000000000000000000e-01) (0, 3, 0.00000000000000000000e+00) (5, 3, 5.00000000000000000000e-01) (5, 3, 5.00000000000000000000e-01) (0, 3, 0.00000000000000000000e+00) (3, 3, 5.00000000000000000000e-01) (0, 3, 0.00000000000000000000e+00) 
connections (connected_to_neuron, weight)=(0, 3.61336541175842285156e+00) (1, -1.44953393936157226562e+00) (2, 6.04769468307495117188e+00) (3, -3.97160053253173828125e+00) (0, -3.61858558654785156250e+00) (1, -1.03429145812988281250e+01) (2, 1.75129556655883789062e+00) (3, 4.20187425613403320312e+00) (0, -3.54932761192321777344e+00) (1, -9.70114231109619140625e+00) (2, 6.95653378963470458984e-01) (3, 4.28631162643432617188e+00) (0, -3.21535396575927734375e+00) (1, 2.78445076942443847656e+00) (2, 3.61218309402465820312e+00) (3, 1.03005838394165039062e+00) (4, -1.67238750457763671875e+01) (5, 1.01901264190673828125e+01) (6, 5.95149898529052734375e+00) (7, 7.95162200927734375000e+00) (8, -9.86342251300811767578e-01) (4, -1.87998847961425781250e+01) (5, 9.63904094696044921875e+00) (6, 6.39252090454101562500e+00) (7, 9.58355998992919921875e+00) (8, -9.18744981288909912109e-01) (9, -2.29128956794738769531e+00) (10, -2.61271238327026367188e+00) (11, 2.56324267387390136719e+00) 
