FANN_FLO_2.1
num_layers=3
learning_rate=0.450000
connection_rate=1.000000
network_type=0
learning_momentum=0.000000
training_algorithm=2
train_error_function=1
train_stop_function=0
cascade_output_change_fraction=0.010000
quickprop_decay=-0.000100
quickprop_mu=1.750000
rprop_increase_factor=1.200000
rprop_decrease_factor=0.500000
rprop_delta_min=0.000000
rprop_delta_max=50.000000
rprop_delta_zero=0.100000
cascade_output_stagnation_epochs=12
cascade_candidate_change_fraction=0.010000
cascade_candidate_stagnation_epochs=12
cascade_max_out_epochs=150
cascade_min_out_epochs=50
cascade_max_cand_epochs=150
cascade_min_cand_epochs=50
cascade_num_candidate_groups=2
bit_fail_limit=3.49999994039535522461e-01
cascade_candidate_limit=1.00000000000000000000e+03
cascade_weight_multiplier=4.00000005960464477539e-01
cascade_activation_functions_count=10
cascade_activation_functions=3 5 7 8 10 11 14 15 16 17 
cascade_activation_steepnesses_count=4
cascade_activation_steepnesses=2.50000000000000000000e-01 5.00000000000000000000e-01 7.50000000000000000000e-01 1.00000000000000000000e+00 
layer_sizes=7 5 2 
scale_included=0
neurons (num_inputs, activation_function, activation_steepness)=(0, 0, 0.00000000000000000000e+00) (0, 0, 0.00000000000000000000e+00) (0, 0, 0.00000000000000000000e+00) (0, 0, 0.00000000000000000000e+00) (0, 0, 0.00000000000000000000e+00) (0, 0, 0.00000000000000000000e+00) (0, 0, 0.00000000000000000000e+00) (7, 3, 5.00000000000000000000e-01) (7, 3, 5.00000000000000000000e-01) (7, 3, 5.00000000000000000000e-01) (7, 3, 5.00000000000000000000e-01) (0, 3, 0.00000000000000000000e+00) (5, 0, 5.00000000000000000000e-01) (0, 0, 0.00000000000000000000e+00) 
connections (connected_to_neuron, weight)=(0, -2.02991202473640441895e-01) (1, 2.39096045494079589844e-01) (2, -8.11161920428276062012e-02) (3, 2.55637288093566894531e-01) (4, -1.99252796173095703125e+00) (5, 2.23798647522926330566e-01) (6, -1.62991321086883544922e+00) (0, 5.89098818600177764893e-02) (1, 8.92381221055984497070e-02) (2, 1.75189487636089324951e-02) (3, 9.25460085272789001465e-03) (4, -1.28014457225799560547e+00) (5, -1.48760572075843811035e-01) (6, -7.21388161182403564453e-02) (0, -1.27794414758682250977e-01) (1, 9.41744819283485412598e-02) (2, 7.06878975033760070801e-02) (3, -6.22459687292575836182e-02) (4, 4.19456847012042999268e-02) (5, 4.72446531057357788086e-02) (6, 8.85336250066757202148e-02) (0, -4.45796890258789062500e+01) (1, -1.28972912597656250000e+03) (2, -2.60872721672058105469e+00) (3, -4.47191566228866577148e-01) (4, -8.61106365919113159180e-02) (5, 1.04397911071777343750e+02) (6, -5.49695909023284912109e-01) (7, 1.44494056701660156250e+00) (8, -1.53590261936187744141e-01) (9, -1.86505280435085296631e-02) (10, 3.02927246093750000000e+01) (11, 1.82255934923887252808e-02) 
