FANN_FLO_2.1
num_layers=4
learning_rate=0.300000
connection_rate=1.000000
network_type=0
learning_momentum=0.000000
training_algorithm=2
train_error_function=1
train_stop_function=0
cascade_output_change_fraction=0.010000
quickprop_decay=-0.000100
quickprop_mu=1.750000
rprop_increase_factor=1.200000
rprop_decrease_factor=0.500000
rprop_delta_min=0.000000
rprop_delta_max=50.000000
rprop_delta_zero=0.100000
cascade_output_stagnation_epochs=12
cascade_candidate_change_fraction=0.010000
cascade_candidate_stagnation_epochs=12
cascade_max_out_epochs=150
cascade_min_out_epochs=50
cascade_max_cand_epochs=150
cascade_min_cand_epochs=50
cascade_num_candidate_groups=2
bit_fail_limit=3.49999994039535522461e-01
cascade_candidate_limit=1.00000000000000000000e+03
cascade_weight_multiplier=4.00000005960464477539e-01
cascade_activation_functions_count=10
cascade_activation_functions=3 5 7 8 10 11 14 15 16 17 
cascade_activation_steepnesses_count=4
cascade_activation_steepnesses=2.50000000000000000000e-01 5.00000000000000000000e-01 7.50000000000000000000e-01 1.00000000000000000000e+00 
layer_sizes=2 5 5 3 
scale_included=0
neurons (num_inputs, activation_function, activation_steepness)=(0, 0, 0.00000000000000000000e+00) (0, 0, 0.00000000000000000000e+00) (2, 3, 5.00000000000000000000e-01) (2, 3, 5.00000000000000000000e-01) (2, 3, 5.00000000000000000000e-01) (2, 3, 5.00000000000000000000e-01) (0, 3, 0.00000000000000000000e+00) (5, 3, 5.00000000000000000000e-01) (5, 3, 5.00000000000000000000e-01) (5, 3, 5.00000000000000000000e-01) (5, 3, 5.00000000000000000000e-01) (0, 3, 0.00000000000000000000e+00) (5, 0, 5.00000000000000000000e-01) (5, 0, 5.00000000000000000000e-01) (0, 0, 0.00000000000000000000e+00) 
connections (connected_to_neuron, weight)=(0, -8.56118679046630859375e+00) (1, -3.03205609321594238281e+00) (0, -8.56793689727783203125e+00) (1, -2.99871897697448730469e+00) (0, -7.98172473907470703125e-01) (1, 2.05114204436540603638e-02) (0, -8.38218402862548828125e+00) (1, -3.03786396980285644531e+00) (2, 1.88265967369079589844e+00) (3, 1.93753433227539062500e+00) (4, -3.71886372566223144531e-01) (5, 1.97703111171722412109e+00) (6, -7.52883732318878173828e-01) (2, 1.61772692203521728516e+00) (3, 1.57762777805328369141e+00) (4, -2.07459881901741027832e-01) (5, 1.70530402660369873047e+00) (6, -8.45737814903259277344e-01) (2, 1.30082535743713378906e+00) (3, 1.37345623970031738281e+00) (4, 9.33448672294616699219e-02) (5, 1.25440239906311035156e+00) (6, -9.81002487242221832275e-03) (2, 8.63946378231048583984e-01) (3, 9.45041239261627197266e-01) (4, -8.38268280029296875000e-01) (5, 8.31029713153839111328e-01) (6, -8.52201059460639953613e-02) (7, 5.50777018070220947266e-02) (8, 1.11741431057453155518e-01) (9, 1.76917295902967453003e-02) (10, 2.66305898549035191536e-04) (11, -2.67818927764892578125e-01) (7, -4.19137418270111083984e-01) (8, -5.86339652538299560547e-01) (9, -4.26589012145996093750e-01) (10, -5.80537497997283935547e-01) (11, -4.96230453252792358398e-01) 
