FANN_FLO_2.1
num_layers=4
learning_rate=0.500000
connection_rate=1.000000
network_type=0
learning_momentum=0.000000
training_algorithm=2
train_error_function=1
train_stop_function=0
cascade_output_change_fraction=0.010000
quickprop_decay=-0.000100
quickprop_mu=1.750000
rprop_increase_factor=1.200000
rprop_decrease_factor=0.500000
rprop_delta_min=0.000000
rprop_delta_max=50.000000
rprop_delta_zero=0.100000
cascade_output_stagnation_epochs=12
cascade_candidate_change_fraction=0.010000
cascade_candidate_stagnation_epochs=12
cascade_max_out_epochs=150
cascade_min_out_epochs=50
cascade_max_cand_epochs=150
cascade_min_cand_epochs=50
cascade_num_candidate_groups=2
bit_fail_limit=3.49999994039535522461e-01
cascade_candidate_limit=1.00000000000000000000e+03
cascade_weight_multiplier=4.00000005960464477539e-01
cascade_activation_functions_count=10
cascade_activation_functions=3 5 7 8 10 11 14 15 16 17 
cascade_activation_steepnesses_count=4
cascade_activation_steepnesses=2.50000000000000000000e-01 5.00000000000000000000e-01 7.50000000000000000000e-01 1.00000000000000000000e+00 
layer_sizes=4 5 3 2 
scale_included=0
neurons (num_inputs, activation_function, activation_steepness)=(0, 0, 0.00000000000000000000e+00) (0, 0, 0.00000000000000000000e+00) (0, 0, 0.00000000000000000000e+00) (0, 0, 0.00000000000000000000e+00) (4, 3, 5.00000000000000000000e-01) (4, 3, 5.00000000000000000000e-01) (4, 3, 5.00000000000000000000e-01) (4, 3, 5.00000000000000000000e-01) (0, 3, 0.00000000000000000000e+00) (5, 3, 5.00000000000000000000e-01) (5, 3, 5.00000000000000000000e-01) (0, 3, 0.00000000000000000000e+00) (3, 3, 5.00000000000000000000e-01) (0, 3, 0.00000000000000000000e+00) 
connections (connected_to_neuron, weight)=(0, -4.77751874923706054688e+00) (1, -8.29779529571533203125e+00) (2, 5.25154113769531250000e+00) (3, 2.56688213348388671875e+00) (0, -3.74045801162719726562e+00) (1, -8.73682975769042968750e+00) (2, 3.94758677482604980469e+00) (3, 2.52803778648376464844e+00) (0, -3.76337790489196777344e+00) (1, 2.29128456115722656250e+00) (2, -5.72129726409912109375e+00) (3, 2.06098413467407226562e+00) (0, -4.86684799194335937500e+00) (1, -8.22316360473632812500e+00) (2, 5.38687896728515625000e+00) (3, 2.53114390373229980469e+00) (4, -2.57059502601623535156e+00) (5, -6.49070978164672851562e+00) (6, -1.39900627136230468750e+01) (7, -4.36268091201782226562e+00) (8, 4.51576042175292968750e+00) (4, 5.92684650421142578125e+00) (5, 5.62216997146606445312e+00) (6, 2.65828170776367187500e+01) (7, 7.11723279953002929688e+00) (8, -7.59360122680664062500e+00) (9, 1.48504972457885742188e+00) (10, -3.37894248962402343750e+00) (11, 1.06250011920928955078e+00) 
