FANN_FLO_2.1
num_layers=3
learning_rate=0.300000
connection_rate=1.000000
network_type=0
learning_momentum=0.000000
training_algorithm=2
train_error_function=1
train_stop_function=0
cascade_output_change_fraction=0.010000
quickprop_decay=-0.000100
quickprop_mu=1.750000
rprop_increase_factor=1.200000
rprop_decrease_factor=0.500000
rprop_delta_min=0.000000
rprop_delta_max=50.000000
rprop_delta_zero=0.100000
cascade_output_stagnation_epochs=12
cascade_candidate_change_fraction=0.010000
cascade_candidate_stagnation_epochs=12
cascade_max_out_epochs=150
cascade_min_out_epochs=50
cascade_max_cand_epochs=150
cascade_min_cand_epochs=50
cascade_num_candidate_groups=2
bit_fail_limit=3.49999994039535522461e-01
cascade_candidate_limit=1.00000000000000000000e+03
cascade_weight_multiplier=4.00000005960464477539e-01
cascade_activation_functions_count=10
cascade_activation_functions=3 5 7 8 10 11 14 15 16 17 
cascade_activation_steepnesses_count=4
cascade_activation_steepnesses=2.50000000000000000000e-01 5.00000000000000000000e-01 7.50000000000000000000e-01 1.00000000000000000000e+00 
layer_sizes=4 9 2 
scale_included=0
neurons (num_inputs, activation_function, activation_steepness)=(0, 0, 0.00000000000000000000e+00) (0, 0, 0.00000000000000000000e+00) (0, 0, 0.00000000000000000000e+00) (0, 0, 0.00000000000000000000e+00) (4, 3, 5.00000000000000000000e-01) (4, 3, 5.00000000000000000000e-01) (4, 3, 5.00000000000000000000e-01) (4, 3, 5.00000000000000000000e-01) (4, 3, 5.00000000000000000000e-01) (4, 3, 5.00000000000000000000e-01) (4, 3, 5.00000000000000000000e-01) (4, 3, 5.00000000000000000000e-01) (0, 3, 0.00000000000000000000e+00) (9, 3, 5.00000000000000000000e-01) (0, 3, 0.00000000000000000000e+00) 
connections (connected_to_neuron, weight)=(0, -1.02479517459869384766e+00) (1, 6.38609588146209716797e-01) (2, -1.53038108348846435547e+00) (3, 1.15007781982421875000e+00) (0, -4.27146315574645996094e-01) (1, -3.99470359086990356445e-01) (2, 1.17395582199096679688e+01) (3, 1.38874322175979614258e-01) (0, -6.10106408596038818359e-01) (1, 2.38809108734130859375e-01) (2, -3.94215822219848632812e-01) (3, 3.73089385032653808594e+00) (0, 1.49699926757812500000e+03) (1, 1.32525215148925781250e+01) (2, 1.50000000000000000000e+03) (3, 5.68650543689727783203e-01) (0, -1.11887574195861816406e+00) (1, 5.74963390827178955078e-01) (2, 9.28607344627380371094e-01) (3, -1.38364915847778320312e+01) (0, 7.57511079311370849609e-01) (1, -6.16445600986480712891e-01) (2, 1.06882631778717041016e+00) (3, 6.13744661677628755569e-04) (0, -7.32018053531646728516e-02) (1, 1.26641122624278068542e-02) (2, -1.69292181730270385742e-01) (3, 7.67373502254486083984e-01) (0, -1.87974274158477783203e-01) (1, 4.08160760998725891113e-02) (2, -2.80756175518035888672e-01) (3, 2.94737410545349121094e+00) (4, -2.88306862115859985352e-01) (5, -9.50653228759765625000e+01) (6, -1.94083064794540405273e-01) (7, 9.53475799560546875000e+01) (8, 1.98280513286590576172e-01) (9, 1.96571147441864013672e+00) (10, -7.74599456787109375000e+00) (11, -1.83121621608734130859e+00) (12, 6.77325010299682617188e-01) 
