FANN_FLO_2.1
num_layers=4
learning_rate=0.450000
connection_rate=1.000000
network_type=0
learning_momentum=0.000000
training_algorithm=2
train_error_function=1
train_stop_function=0
cascade_output_change_fraction=0.010000
quickprop_decay=-0.000100
quickprop_mu=1.750000
rprop_increase_factor=1.200000
rprop_decrease_factor=0.500000
rprop_delta_min=0.000000
rprop_delta_max=50.000000
rprop_delta_zero=0.100000
cascade_output_stagnation_epochs=12
cascade_candidate_change_fraction=0.010000
cascade_candidate_stagnation_epochs=12
cascade_max_out_epochs=150
cascade_min_out_epochs=50
cascade_max_cand_epochs=150
cascade_min_cand_epochs=50
cascade_num_candidate_groups=2
bit_fail_limit=3.49999994039535522461e-01
cascade_candidate_limit=1.00000000000000000000e+03
cascade_weight_multiplier=4.00000005960464477539e-01
cascade_activation_functions_count=10
cascade_activation_functions=3 5 7 8 10 11 14 15 16 17 
cascade_activation_steepnesses_count=4
cascade_activation_steepnesses=2.50000000000000000000e-01 5.00000000000000000000e-01 7.50000000000000000000e-01 1.00000000000000000000e+00 
layer_sizes=7 5 5 2 
scale_included=0
neurons (num_inputs, activation_function, activation_steepness)=(0, 0, 0.00000000000000000000e+00) (0, 0, 0.00000000000000000000e+00) (0, 0, 0.00000000000000000000e+00) (0, 0, 0.00000000000000000000e+00) (0, 0, 0.00000000000000000000e+00) (0, 0, 0.00000000000000000000e+00) (0, 0, 0.00000000000000000000e+00) (7, 3, 5.00000000000000000000e-01) (7, 3, 5.00000000000000000000e-01) (7, 3, 5.00000000000000000000e-01) (7, 3, 5.00000000000000000000e-01) (0, 3, 0.00000000000000000000e+00) (5, 3, 5.00000000000000000000e-01) (5, 3, 5.00000000000000000000e-01) (5, 3, 5.00000000000000000000e-01) (5, 3, 5.00000000000000000000e-01) (0, 3, 0.00000000000000000000e+00) (5, 0, 5.00000000000000000000e-01) (0, 0, 0.00000000000000000000e+00) 
connections (connected_to_neuron, weight)=(0, 2.04556241631507873535e-01) (1, 7.92751371860504150391e-01) (2, -1.44688546657562255859e-01) (3, 8.77009034156799316406e-02) (4, -1.92715227603912353516e-01) (5, -8.08588147163391113281e-01) (6, 2.84969985485076904297e-01) (0, 2.06576362252235412598e-01) (1, 2.66872495412826538086e-01) (2, -8.35286796092987060547e-01) (3, 2.71776616573333740234e-01) (4, 4.59921091794967651367e-01) (5, -5.41577517986297607422e-01) (6, 4.23693865537643432617e-01) (0, -3.99695448577404022217e-02) (1, 5.88618457317352294922e-01) (2, -7.89689302444458007812e-01) (3, 1.31858780980110168457e-01) (4, 1.02616045624017715454e-02) (5, -5.04214584827423095703e-01) (6, 4.19578105211257934570e-01) (0, -1.69650807976722717285e-01) (1, 4.76112186908721923828e-01) (2, -4.01243299245834350586e-01) (3, 1.34909953922033309937e-02) (4, 5.69857120513916015625e-01) (5, -3.68393927812576293945e-01) (6, 1.23014077544212341309e-01) (7, -3.14749884605407714844e+00) (8, -4.49645423889160156250e+00) (9, 9.96357250213623046875e+00) (10, -6.07658290863037109375e+00) (11, 2.03146152198314666748e-02) (7, -5.13750410079956054688e+00) (8, -5.22609281539916992188e+00) (9, 9.78705787658691406250e+00) (10, -5.80148744583129882812e+00) (11, 8.11966478824615478516e-01) (7, 4.39764690399169921875e+00) (8, 5.76056051254272460938e+00) (9, -3.40538144111633300781e+00) (10, 4.58983421325683593750e+00) (11, 2.56973624229431152344e-01) (7, 4.87444782257080078125e+00) (8, 5.38886356353759765625e+00) (9, -4.19098186492919921875e+00) (10, 4.72853279113769531250e+00) (11, 9.43679362535476684570e-03) (12, 1.81648656725883483887e-01) (13, 2.33656215667724609375e+00) (14, -6.04288466274738311768e-02) (15, -2.38332133740186691284e-02) (16, 8.36195275187492370605e-02) 
