FANN_FLO_2.1
num_layers=4
learning_rate=0.450000
connection_rate=1.000000
network_type=0
learning_momentum=0.000000
training_algorithm=2
train_error_function=1
train_stop_function=0
cascade_output_change_fraction=0.010000
quickprop_decay=-0.000100
quickprop_mu=1.750000
rprop_increase_factor=1.200000
rprop_decrease_factor=0.500000
rprop_delta_min=0.000000
rprop_delta_max=50.000000
rprop_delta_zero=0.100000
cascade_output_stagnation_epochs=12
cascade_candidate_change_fraction=0.010000
cascade_candidate_stagnation_epochs=12
cascade_max_out_epochs=150
cascade_min_out_epochs=50
cascade_max_cand_epochs=150
cascade_min_cand_epochs=50
cascade_num_candidate_groups=2
bit_fail_limit=3.49999994039535522461e-01
cascade_candidate_limit=1.00000000000000000000e+03
cascade_weight_multiplier=4.00000005960464477539e-01
cascade_activation_functions_count=10
cascade_activation_functions=3 5 7 8 10 11 14 15 16 17 
cascade_activation_steepnesses_count=4
cascade_activation_steepnesses=2.50000000000000000000e-01 5.00000000000000000000e-01 7.50000000000000000000e-01 1.00000000000000000000e+00 
layer_sizes=7 5 3 2 
scale_included=0
neurons (num_inputs, activation_function, activation_steepness)=(0, 0, 0.00000000000000000000e+00) (0, 0, 0.00000000000000000000e+00) (0, 0, 0.00000000000000000000e+00) (0, 0, 0.00000000000000000000e+00) (0, 0, 0.00000000000000000000e+00) (0, 0, 0.00000000000000000000e+00) (0, 0, 0.00000000000000000000e+00) (7, 3, 5.00000000000000000000e-01) (7, 3, 5.00000000000000000000e-01) (7, 3, 5.00000000000000000000e-01) (7, 3, 5.00000000000000000000e-01) (0, 3, 0.00000000000000000000e+00) (5, 3, 5.00000000000000000000e-01) (5, 3, 5.00000000000000000000e-01) (0, 3, 0.00000000000000000000e+00) (3, 0, 5.00000000000000000000e-01) (0, 0, 0.00000000000000000000e+00) 
connections (connected_to_neuron, weight)=(0, -2.77513909339904785156e+00) (1, -3.65601577758789062500e+01) (2, 5.06179351806640625000e+02) (3, 2.55289912223815917969e+00) (4, 8.28318176269531250000e+02) (5, 8.28318176269531250000e+02) (6, 6.48193788528442382812e+00) (0, -1.75127148628234863281e-01) (1, -2.59114868164062500000e+02) (2, 5.25176086425781250000e+02) (3, 3.03803038597106933594e+00) (4, 8.53262512207031250000e+02) (5, 8.53776306152343750000e+02) (6, 3.73013877868652343750e+00) (0, 3.34134912490844726562e+00) (1, 1.69739592075347900391e+00) (2, 2.49579124450683593750e+01) (3, 4.07858276367187500000e+00) (4, -2.00298519134521484375e+01) (5, 9.23775959014892578125e+00) (6, 3.59035778045654296875e+00) (0, -2.58704864501953125000e+02) (1, 8.54297485351562500000e+02) (2, 5.06179351806640625000e+02) (3, 1.06765043735504150391e+00) (4, 8.28318176269531250000e+02) (5, 8.28318176269531250000e+02) (6, 5.45938758850097656250e+01) (7, 7.74571299552917480469e-01) (8, 3.71451884508132934570e-01) (9, -4.67512283325195312500e+01) (10, 1.33136653900146484375e+01) (11, 1.56191980838775634766e+00) (7, -9.38609558105468750000e+02) (8, -1.69404617309570312500e+02) (9, 1.45603503417968750000e+03) (10, -3.36492248535156250000e+02) (11, -1.96151161193847656250e+01) (12, -1.37061085551977157593e-02) (13, -1.87274627387523651123e-02) (14, 2.47531831264495849609e-02) 
