FANN_FLO_2.1
num_layers=3
learning_rate=0.500000
connection_rate=1.000000
network_type=0
learning_momentum=0.000000
training_algorithm=2
train_error_function=1
train_stop_function=0
cascade_output_change_fraction=0.010000
quickprop_decay=-0.000100
quickprop_mu=1.750000
rprop_increase_factor=1.200000
rprop_decrease_factor=0.500000
rprop_delta_min=0.000000
rprop_delta_max=50.000000
rprop_delta_zero=0.100000
cascade_output_stagnation_epochs=12
cascade_candidate_change_fraction=0.010000
cascade_candidate_stagnation_epochs=12
cascade_max_out_epochs=150
cascade_min_out_epochs=50
cascade_max_cand_epochs=150
cascade_min_cand_epochs=50
cascade_num_candidate_groups=2
bit_fail_limit=3.49999994039535522461e-01
cascade_candidate_limit=1.00000000000000000000e+03
cascade_weight_multiplier=4.00000005960464477539e-01
cascade_activation_functions_count=10
cascade_activation_functions=3 5 7 8 10 11 14 15 16 17 
cascade_activation_steepnesses_count=4
cascade_activation_steepnesses=2.50000000000000000000e-01 5.00000000000000000000e-01 7.50000000000000000000e-01 1.00000000000000000000e+00 
layer_sizes=3 9 4 
scale_included=0
neurons (num_inputs, activation_function, activation_steepness)=(0, 0, 0.00000000000000000000e+00) (0, 0, 0.00000000000000000000e+00) (0, 0, 0.00000000000000000000e+00) (3, 3, 5.00000000000000000000e-01) (3, 3, 5.00000000000000000000e-01) (3, 3, 5.00000000000000000000e-01) (3, 3, 5.00000000000000000000e-01) (3, 3, 5.00000000000000000000e-01) (3, 3, 5.00000000000000000000e-01) (3, 3, 5.00000000000000000000e-01) (3, 3, 5.00000000000000000000e-01) (0, 3, 0.00000000000000000000e+00) (9, 0, 5.00000000000000000000e-01) (9, 0, 5.00000000000000000000e-01) (9, 0, 5.00000000000000000000e-01) (0, 0, 0.00000000000000000000e+00) 
connections (connected_to_neuron, weight)=(0, -7.56868972778320312500e+01) (1, -4.76481895446777343750e+01) (2, 5.90495491027832031250e+00) (0, -4.66225700378417968750e+01) (1, -9.97247028350830078125e+00) (2, 8.18868827819824218750e+00) (0, -8.16757202148437500000e+00) (1, 5.44110679626464843750e+00) (2, 5.93686389923095703125e+00) (0, -1.47347302246093750000e+03) (1, -1.50000000000000000000e+03) (2, 1.95837688446044921875e+01) (0, -5.25975418090820312500e+00) (1, 3.23891997337341308594e+00) (2, 7.82753515243530273438e+00) (0, -8.27292633056640625000e+00) (1, 2.03144979476928710938e+00) (2, 4.61608123779296875000e+00) (0, -1.85446338653564453125e+01) (1, -4.06207352876663208008e-01) (2, 6.64300394058227539062e+00) (0, -5.34232473373413085938e+00) (1, 1.67929184436798095703e+00) (2, 1.08563556671142578125e+01) (3, 1.52297818660736083984e+00) (4, 1.50955414772033691406e+00) (5, 1.12899243831634521484e+00) (6, 1.23770213127136230469e+00) (7, 8.48812758922576904297e-01) (8, 1.03189563751220703125e+00) (9, 1.36910939216613769531e+00) (10, 7.34715759754180908203e-01) (11, 4.78044807910919189453e-01) (3, 3.90139508247375488281e+00) (4, 3.74241566658020019531e+00) (5, 4.86426401138305664062e+00) (6, 3.11541342735290527344e+00) (7, 2.57101917266845703125e+00) (8, 3.80831217765808105469e+00) (9, 3.58547806739807128906e+00) (10, 2.49770784378051757812e+00) (11, 2.21572113037109375000e+00) (3, 1.26886215209960937500e+01) (4, 1.03212747573852539062e+01) (5, 1.29564189910888671875e+01) (6, 1.01798582077026367188e+01) (7, 1.01746034622192382812e+01) (8, 1.41163444519042968750e+01) (9, 1.11373376846313476562e+01) (10, 1.01409454345703125000e+01) (11, 1.01578588485717773438e+01) 
