FANN_FLO_2.1
num_layers=4
learning_rate=0.450000
connection_rate=1.000000
network_type=0
learning_momentum=0.000000
training_algorithm=2
train_error_function=1
train_stop_function=0
cascade_output_change_fraction=0.010000
quickprop_decay=-0.000100
quickprop_mu=1.750000
rprop_increase_factor=1.200000
rprop_decrease_factor=0.500000
rprop_delta_min=0.000000
rprop_delta_max=50.000000
rprop_delta_zero=0.100000
cascade_output_stagnation_epochs=12
cascade_candidate_change_fraction=0.010000
cascade_candidate_stagnation_epochs=12
cascade_max_out_epochs=150
cascade_min_out_epochs=50
cascade_max_cand_epochs=150
cascade_min_cand_epochs=50
cascade_num_candidate_groups=2
bit_fail_limit=3.49999994039535522461e-01
cascade_candidate_limit=1.00000000000000000000e+03
cascade_weight_multiplier=4.00000005960464477539e-01
cascade_activation_functions_count=10
cascade_activation_functions=3 5 7 8 10 11 14 15 16 17 
cascade_activation_steepnesses_count=4
cascade_activation_steepnesses=2.50000000000000000000e-01 5.00000000000000000000e-01 7.50000000000000000000e-01 1.00000000000000000000e+00 
layer_sizes=7 5 5 2 
scale_included=0
neurons (num_inputs, activation_function, activation_steepness)=(0, 0, 0.00000000000000000000e+00) (0, 0, 0.00000000000000000000e+00) (0, 0, 0.00000000000000000000e+00) (0, 0, 0.00000000000000000000e+00) (0, 0, 0.00000000000000000000e+00) (0, 0, 0.00000000000000000000e+00) (0, 0, 0.00000000000000000000e+00) (7, 3, 5.00000000000000000000e-01) (7, 3, 5.00000000000000000000e-01) (7, 3, 5.00000000000000000000e-01) (7, 3, 5.00000000000000000000e-01) (0, 3, 0.00000000000000000000e+00) (5, 3, 5.00000000000000000000e-01) (5, 3, 5.00000000000000000000e-01) (5, 3, 5.00000000000000000000e-01) (5, 3, 5.00000000000000000000e-01) (0, 3, 0.00000000000000000000e+00) (5, 0, 5.00000000000000000000e-01) (0, 0, 0.00000000000000000000e+00) 
connections (connected_to_neuron, weight)=(0, 4.23240947723388671875e+00) (1, 1.50000000000000000000e+03) (2, 6.66903078556060791016e-01) (3, 3.00608968734741210938e+00) (4, 1.67482936382293701172e+00) (5, -1.79351654052734375000e+02) (6, 2.33111786842346191406e+00) (0, 1.50000000000000000000e+03) (1, 1.50000000000000000000e+03) (2, 1.50000000000000000000e+03) (3, 5.03049682617187500000e+02) (4, -1.50000000000000000000e+03) (5, -1.50000000000000000000e+03) (6, 1.50000000000000000000e+03) (0, 2.07356825470924377441e-01) (1, -1.18605988100171089172e-02) (2, 2.35928297042846679688e-01) (3, 2.10989788174629211426e-01) (4, -2.50445842742919921875e-01) (5, -3.22051644325256347656e-01) (6, 7.44946539402008056641e-01) (0, -2.66978479921817779541e-02) (1, 3.24467450380325317383e-01) (2, -2.74913370609283447266e-01) (3, 3.96300882101058959961e-01) (4, -5.06183815002441406250e+00) (5, -4.55899536609649658203e-01) (6, -3.34368854761123657227e-01) (7, -1.75173258781433105469e+00) (8, 8.17658424377441406250e-01) (9, -1.76053082942962646484e+00) (10, 2.22862930297851562500e+01) (11, -1.61785590648651123047e+00) (7, -2.75858521461486816406e-01) (8, -1.00246496498584747314e-01) (9, 8.95394027233123779297e-01) (10, -3.33120460510253906250e+01) (11, -2.90464639663696289062e-01) (7, 2.44669448584318161011e-02) (8, 3.23002366349101066589e-03) (9, -7.64231443405151367188e-01) (10, -1.44754958152770996094e+00) (11, 1.87075287103652954102e-01) (7, -1.40885734558105468750e+00) (8, -5.44512152671813964844e-01) (9, -1.58005475997924804688e+00) (10, 3.40265350341796875000e+01) (11, -1.60003340244293212891e+00) (12, 4.69210356473922729492e-01) (13, 1.37518763542175292969e-01) (14, -1.06842733919620513916e-01) (15, 5.36302447319030761719e-01) (16, -3.01805585622787475586e-02) 
