FANN_FLO_2.1
num_layers=4
learning_rate=0.450000
connection_rate=1.000000
network_type=0
learning_momentum=0.000000
training_algorithm=2
train_error_function=1
train_stop_function=0
cascade_output_change_fraction=0.010000
quickprop_decay=-0.000100
quickprop_mu=1.750000
rprop_increase_factor=1.200000
rprop_decrease_factor=0.500000
rprop_delta_min=0.000000
rprop_delta_max=50.000000
rprop_delta_zero=0.100000
cascade_output_stagnation_epochs=12
cascade_candidate_change_fraction=0.010000
cascade_candidate_stagnation_epochs=12
cascade_max_out_epochs=150
cascade_min_out_epochs=50
cascade_max_cand_epochs=150
cascade_min_cand_epochs=50
cascade_num_candidate_groups=2
bit_fail_limit=3.49999994039535522461e-01
cascade_candidate_limit=1.00000000000000000000e+03
cascade_weight_multiplier=4.00000005960464477539e-01
cascade_activation_functions_count=10
cascade_activation_functions=3 5 7 8 10 11 14 15 16 17 
cascade_activation_steepnesses_count=4
cascade_activation_steepnesses=2.50000000000000000000e-01 5.00000000000000000000e-01 7.50000000000000000000e-01 1.00000000000000000000e+00 
layer_sizes=7 5 5 2 
scale_included=0
neurons (num_inputs, activation_function, activation_steepness)=(0, 0, 0.00000000000000000000e+00) (0, 0, 0.00000000000000000000e+00) (0, 0, 0.00000000000000000000e+00) (0, 0, 0.00000000000000000000e+00) (0, 0, 0.00000000000000000000e+00) (0, 0, 0.00000000000000000000e+00) (0, 0, 0.00000000000000000000e+00) (7, 3, 5.00000000000000000000e-01) (7, 3, 5.00000000000000000000e-01) (7, 3, 5.00000000000000000000e-01) (7, 3, 5.00000000000000000000e-01) (0, 3, 0.00000000000000000000e+00) (5, 3, 5.00000000000000000000e-01) (5, 3, 5.00000000000000000000e-01) (5, 3, 5.00000000000000000000e-01) (5, 3, 5.00000000000000000000e-01) (0, 3, 0.00000000000000000000e+00) (5, 0, 5.00000000000000000000e-01) (0, 0, 0.00000000000000000000e+00) 
connections (connected_to_neuron, weight)=(0, -1.24758973717689514160e-01) (1, 9.29610900878906250000e+02) (2, 1.50000000000000000000e+03) (3, -9.87529602050781250000e+02) (4, -1.21990148925781250000e+03) (5, -1.19468945312500000000e+03) (6, 4.10425806045532226562e+00) (0, -3.69559049606323242188e-01) (1, 1.83388829231262207031e-01) (2, 7.37955197691917419434e-02) (3, -1.61699727177619934082e-01) (4, -9.85281988978385925293e-02) (5, 6.30563557147979736328e-01) (6, 1.34902200698852539062e+01) (0, -5.52780330181121826172e-01) (1, -6.64944171905517578125e-01) (2, -1.61272168159484863281e+00) (3, -8.41761603951454162598e-02) (4, 8.05371165275573730469e-01) (5, 1.35838043689727783203e+00) (6, 3.79650831222534179688e+00) (0, -1.72457173466682434082e-01) (1, 6.50542438030242919922e-01) (2, 1.16016745567321777344e+00) (3, 9.94471237063407897949e-02) (4, 5.66695295274257659912e-02) (5, 9.42884087562561035156e-01) (6, -6.16251850128173828125e+00) (7, 7.24193975329399108887e-02) (8, -3.29210758209228515625e-01) (9, -1.11492347717285156250e+01) (10, 2.80185509473085403442e-02) (11, -4.39914524555206298828e-01) (7, -2.19593912363052368164e-01) (8, -3.48671972751617431641e-01) (9, -1.05741763114929199219e+00) (10, -2.85195231437683105469e-01) (11, -1.84929236769676208496e-01) (7, -1.73721387982368469238e-01) (8, -2.70220488309860229492e-01) (9, -1.61911499500274658203e+00) (10, 1.16858258843421936035e-01) (11, -2.61557877063751220703e-01) (7, 4.80116866528987884521e-02) (8, -1.31532579660415649414e-01) (9, -1.17628450393676757812e+01) (10, 6.16896040737628936768e-02) (11, -4.01795238256454467773e-01) (12, -4.59680408239364624023e-02) (13, 1.15088775753974914551e-01) (14, 1.08021639287471771240e-01) (15, -6.86165094375610351562e-02) (16, -2.61791571974754333496e-02) 
