FANN_FLO_2.1
num_layers=4
learning_rate=0.500000
connection_rate=1.000000
network_type=0
learning_momentum=0.000000
training_algorithm=2
train_error_function=1
train_stop_function=0
cascade_output_change_fraction=0.010000
quickprop_decay=-0.000100
quickprop_mu=1.750000
rprop_increase_factor=1.200000
rprop_decrease_factor=0.500000
rprop_delta_min=0.000000
rprop_delta_max=50.000000
rprop_delta_zero=0.100000
cascade_output_stagnation_epochs=12
cascade_candidate_change_fraction=0.010000
cascade_candidate_stagnation_epochs=12
cascade_max_out_epochs=150
cascade_min_out_epochs=50
cascade_max_cand_epochs=150
cascade_min_cand_epochs=50
cascade_num_candidate_groups=2
bit_fail_limit=3.49999994039535522461e-01
cascade_candidate_limit=1.00000000000000000000e+03
cascade_weight_multiplier=4.00000005960464477539e-01
cascade_activation_functions_count=10
cascade_activation_functions=3 5 7 8 10 11 14 15 16 17 
cascade_activation_steepnesses_count=4
cascade_activation_steepnesses=2.50000000000000000000e-01 5.00000000000000000000e-01 7.50000000000000000000e-01 1.00000000000000000000e+00 
layer_sizes=4 5 3 2 
scale_included=0
neurons (num_inputs, activation_function, activation_steepness)=(0, 0, 0.00000000000000000000e+00) (0, 0, 0.00000000000000000000e+00) (0, 0, 0.00000000000000000000e+00) (0, 0, 0.00000000000000000000e+00) (4, 3, 5.00000000000000000000e-01) (4, 3, 5.00000000000000000000e-01) (4, 3, 5.00000000000000000000e-01) (4, 3, 5.00000000000000000000e-01) (0, 3, 0.00000000000000000000e+00) (5, 3, 5.00000000000000000000e-01) (5, 3, 5.00000000000000000000e-01) (0, 3, 0.00000000000000000000e+00) (3, 3, 5.00000000000000000000e-01) (0, 3, 0.00000000000000000000e+00) 
connections (connected_to_neuron, weight)=(0, -4.41270303726196289062e+00) (1, -8.56924915313720703125e+00) (2, 1.23273181915283203125e+00) (3, 3.35596680641174316406e+00) (0, -3.80399060249328613281e+00) (1, -2.74427270889282226562e+00) (2, 1.47680795192718505859e+00) (3, 1.42611479759216308594e+00) (0, -4.66633081436157226562e+00) (1, -8.78688430786132812500e+00) (2, 1.31187355518341064453e+00) (3, 3.39272761344909667969e+00) (0, 1.39484704589843750000e+03) (1, 1.42116575241088867188e+01) (2, 1.43400000000000000000e+03) (3, 3.76911664009094238281e+00) (4, 1.30920658111572265625e+01) (5, 1.71038856506347656250e+01) (6, 1.56914234161376953125e+01) (7, -1.69058048725128173828e+00) (8, -4.58379411697387695312e+00) (4, 1.34080004882812500000e+03) (5, 7.92855453491210937500e+01) (6, 1.41240002441406250000e+03) (7, -5.55076904296875000000e+01) (8, -1.33295593261718750000e+02) (9, -5.70886468887329101562e+00) (10, 1.20393383502960205078e+00) (11, 2.13249516487121582031e+00) 
