FANN_FLO_2.1
num_layers=4
learning_rate=0.500000
connection_rate=1.000000
network_type=0
learning_momentum=0.000000
training_algorithm=2
train_error_function=1
train_stop_function=0
cascade_output_change_fraction=0.010000
quickprop_decay=-0.000100
quickprop_mu=1.750000
rprop_increase_factor=1.200000
rprop_decrease_factor=0.500000
rprop_delta_min=0.000000
rprop_delta_max=50.000000
rprop_delta_zero=0.100000
cascade_output_stagnation_epochs=12
cascade_candidate_change_fraction=0.010000
cascade_candidate_stagnation_epochs=12
cascade_max_out_epochs=150
cascade_min_out_epochs=50
cascade_max_cand_epochs=150
cascade_min_cand_epochs=50
cascade_num_candidate_groups=2
bit_fail_limit=3.49999994039535522461e-01
cascade_candidate_limit=1.00000000000000000000e+03
cascade_weight_multiplier=4.00000005960464477539e-01
cascade_activation_functions_count=10
cascade_activation_functions=3 5 7 8 10 11 14 15 16 17 
cascade_activation_steepnesses_count=4
cascade_activation_steepnesses=2.50000000000000000000e-01 5.00000000000000000000e-01 7.50000000000000000000e-01 1.00000000000000000000e+00 
layer_sizes=18 3 3 2 
scale_included=0
neurons (num_inputs, activation_function, activation_steepness)=(0, 0, 0.00000000000000000000e+00) (0, 0, 0.00000000000000000000e+00) (0, 0, 0.00000000000000000000e+00) (0, 0, 0.00000000000000000000e+00) (0, 0, 0.00000000000000000000e+00) (0, 0, 0.00000000000000000000e+00) (0, 0, 0.00000000000000000000e+00) (0, 0, 0.00000000000000000000e+00) (0, 0, 0.00000000000000000000e+00) (0, 0, 0.00000000000000000000e+00) (0, 0, 0.00000000000000000000e+00) (0, 0, 0.00000000000000000000e+00) (0, 0, 0.00000000000000000000e+00) (0, 0, 0.00000000000000000000e+00) (0, 0, 0.00000000000000000000e+00) (0, 0, 0.00000000000000000000e+00) (0, 0, 0.00000000000000000000e+00) (0, 0, 0.00000000000000000000e+00) (18, 3, 5.00000000000000000000e-01) (18, 3, 5.00000000000000000000e-01) (0, 3, 0.00000000000000000000e+00) (3, 3, 5.00000000000000000000e-01) (3, 3, 5.00000000000000000000e-01) (0, 3, 0.00000000000000000000e+00) (3, 0, 5.00000000000000000000e-01) (0, 0, 0.00000000000000000000e+00) 
connections (connected_to_neuron, weight)=(0, 1.42157757282257080078e+00) (1, 1.04469299316406250000e+00) (2, 1.07579648494720458984e+00) (3, 1.16426610946655273438e+00) (4, 7.50116288661956787109e-01) (5, -6.69114530086517333984e-01) (6, -1.21281707286834716797e+00) (7, -8.24274241924285888672e-01) (8, -4.22865033149719238281e-01) (9, 1.11331379413604736328e+00) (10, 1.08275890350341796875e+00) (11, 1.12651741504669189453e+00) (12, 1.03012096881866455078e+00) (13, 1.02841019630432128906e+00) (14, 1.34866285324096679688e+00) (15, 7.39187121391296386719e-01) (16, 1.52024507522583007812e+00) (17, -6.11329078674316406250e+00) (0, 2.79779529571533203125e+01) (1, 9.60315346717834472656e-01) (2, -2.40761947631835937500e+02) (3, -4.44951263427734375000e+02) (4, 5.57432479858398437500e+01) (5, 8.52486511230468750000e+02) (6, -4.88034912109375000000e+02) (7, 5.43965209960937500000e+02) (8, 5.87466773986816406250e+01) (9, 4.60154762268066406250e+01) (10, 4.63264694213867187500e+01) (11, 4.59561996459960937500e+01) (12, 4.18215560913085937500e+01) (13, -9.46159667968750000000e+01) (14, 4.06916351318359375000e+01) (15, -1.02136886596679687500e+02) (16, -1.66835174560546875000e+02) (17, 6.07005233764648437500e+01) (18, 1.50000000000000000000e+03) (19, 2.09146237373352050781e+00) (20, 1.00595176219940185547e+00) (18, 6.30389499664306640625e+00) (19, -1.51437580585479736328e-01) (20, -9.65390920639038085938e-01) (21, 1.19277608394622802734e+00) (22, 1.02882270812988281250e+01) (23, 1.08794987201690673828e+00) 
