FANN_FLO_2.1
num_layers=3
learning_rate=0.450000
connection_rate=1.000000
network_type=0
learning_momentum=0.000000
training_algorithm=2
train_error_function=1
train_stop_function=0
cascade_output_change_fraction=0.010000
quickprop_decay=-0.000100
quickprop_mu=1.750000
rprop_increase_factor=1.200000
rprop_decrease_factor=0.500000
rprop_delta_min=0.000000
rprop_delta_max=50.000000
rprop_delta_zero=0.100000
cascade_output_stagnation_epochs=12
cascade_candidate_change_fraction=0.010000
cascade_candidate_stagnation_epochs=12
cascade_max_out_epochs=150
cascade_min_out_epochs=50
cascade_max_cand_epochs=150
cascade_min_cand_epochs=50
cascade_num_candidate_groups=2
bit_fail_limit=3.49999994039535522461e-01
cascade_candidate_limit=1.00000000000000000000e+03
cascade_weight_multiplier=4.00000005960464477539e-01
cascade_activation_functions_count=10
cascade_activation_functions=3 5 7 8 10 11 14 15 16 17 
cascade_activation_steepnesses_count=4
cascade_activation_steepnesses=2.50000000000000000000e-01 5.00000000000000000000e-01 7.50000000000000000000e-01 1.00000000000000000000e+00 
layer_sizes=7 5 2 
scale_included=0
neurons (num_inputs, activation_function, activation_steepness)=(0, 0, 0.00000000000000000000e+00) (0, 0, 0.00000000000000000000e+00) (0, 0, 0.00000000000000000000e+00) (0, 0, 0.00000000000000000000e+00) (0, 0, 0.00000000000000000000e+00) (0, 0, 0.00000000000000000000e+00) (0, 0, 0.00000000000000000000e+00) (7, 3, 5.00000000000000000000e-01) (7, 3, 5.00000000000000000000e-01) (7, 3, 5.00000000000000000000e-01) (7, 3, 5.00000000000000000000e-01) (0, 3, 0.00000000000000000000e+00) (5, 0, 5.00000000000000000000e-01) (0, 0, 0.00000000000000000000e+00) 
connections (connected_to_neuron, weight)=(0, 1.53133716583251953125e+01) (1, 1.20570964813232421875e+01) (2, -5.76535797119140625000e+01) (3, -7.70974218845367431641e-01) (4, -3.01920108795166015625e+01) (5, 7.57548599243164062500e+01) (6, -3.83723706007003784180e-01) (0, 2.61880683898925781250e+01) (1, 5.74132013320922851562e+00) (2, -1.09034289550781250000e+03) (3, -1.85556137561798095703e+00) (4, -4.12185630798339843750e+01) (5, -1.01356616210937500000e+03) (6, -3.10307592153549194336e-01) (0, -2.27085704803466796875e+01) (1, -6.67096757888793945312e+00) (2, 3.14207801818847656250e+01) (3, -7.53265440464019775391e-01) (4, -4.86207932233810424805e-01) (5, 7.26568579673767089844e-01) (6, -2.73769944906234741211e-01) (0, -6.65784329175949096680e-02) (1, 6.01763069629669189453e-01) (2, -5.06343364715576171875e-01) (3, 1.47309124469757080078e-01) (4, 2.57117539644241333008e-01) (5, -3.76840859651565551758e-01) (6, 1.43511259555816650391e+00) (7, -1.54295377433300018311e-02) (8, 2.78433468192815780640e-02) (9, -1.26328674316406250000e+03) (10, -9.18745920062065124512e-02) (11, 1.23370423913002014160e-01) 
