FANN_FLO_2.1
num_layers=4
learning_rate=0.300000
connection_rate=1.000000
network_type=0
learning_momentum=0.000000
training_algorithm=2
train_error_function=1
train_stop_function=0
cascade_output_change_fraction=0.010000
quickprop_decay=-0.000100
quickprop_mu=1.750000
rprop_increase_factor=1.200000
rprop_decrease_factor=0.500000
rprop_delta_min=0.000000
rprop_delta_max=50.000000
rprop_delta_zero=0.100000
cascade_output_stagnation_epochs=12
cascade_candidate_change_fraction=0.010000
cascade_candidate_stagnation_epochs=12
cascade_max_out_epochs=150
cascade_min_out_epochs=50
cascade_max_cand_epochs=150
cascade_min_cand_epochs=50
cascade_num_candidate_groups=2
bit_fail_limit=3.49999994039535522461e-01
cascade_candidate_limit=1.00000000000000000000e+03
cascade_weight_multiplier=4.00000005960464477539e-01
cascade_activation_functions_count=10
cascade_activation_functions=3 5 7 8 10 11 14 15 16 17 
cascade_activation_steepnesses_count=4
cascade_activation_steepnesses=2.50000000000000000000e-01 5.00000000000000000000e-01 7.50000000000000000000e-01 1.00000000000000000000e+00 
layer_sizes=2 5 3 3 
scale_included=0
neurons (num_inputs, activation_function, activation_steepness)=(0, 0, 0.00000000000000000000e+00) (0, 0, 0.00000000000000000000e+00) (2, 3, 5.00000000000000000000e-01) (2, 3, 5.00000000000000000000e-01) (2, 3, 5.00000000000000000000e-01) (2, 3, 5.00000000000000000000e-01) (0, 3, 0.00000000000000000000e+00) (5, 3, 5.00000000000000000000e-01) (5, 3, 5.00000000000000000000e-01) (0, 3, 0.00000000000000000000e+00) (3, 0, 5.00000000000000000000e-01) (3, 0, 5.00000000000000000000e-01) (0, 0, 0.00000000000000000000e+00) 
connections (connected_to_neuron, weight)=(0, 2.39554119110107421875e+01) (1, 1.20899085998535156250e+01) (0, 3.14344739913940429688e+00) (1, 1.45121228694915771484e+00) (0, 1.48671369552612304688e+01) (1, 2.18815279006958007812e+00) (0, 1.46824645996093750000e+01) (1, 2.23360037803649902344e+00) (2, 3.67612242698669433594e+00) (3, -1.37944734096527099609e+00) (4, -5.87283432483673095703e-01) (5, -1.18035221099853515625e+00) (6, 4.63716030120849609375e-01) (2, 5.65487003326416015625e+00) (3, -9.81134083122014999390e-03) (4, -5.46355676651000976562e+00) (5, -9.53770446777343750000e+00) (6, -2.80908417701721191406e+00) (7, 3.99475619196891784668e-02) (8, 1.02284692227840423584e-01) (9, -3.67318913340568542480e-02) (7, -7.84191310405731201172e-01) (8, -2.56914114952087402344e+00) (9, -6.44438385963439941406e-01) 
