FANN_FLO_2.1
num_layers=4
learning_rate=0.500000
connection_rate=1.000000
network_type=0
learning_momentum=0.000000
training_algorithm=2
train_error_function=1
train_stop_function=0
cascade_output_change_fraction=0.010000
quickprop_decay=-0.000100
quickprop_mu=1.750000
rprop_increase_factor=1.200000
rprop_decrease_factor=0.500000
rprop_delta_min=0.000000
rprop_delta_max=50.000000
rprop_delta_zero=0.100000
cascade_output_stagnation_epochs=12
cascade_candidate_change_fraction=0.010000
cascade_candidate_stagnation_epochs=12
cascade_max_out_epochs=150
cascade_min_out_epochs=50
cascade_max_cand_epochs=150
cascade_min_cand_epochs=50
cascade_num_candidate_groups=2
bit_fail_limit=3.49999994039535522461e-01
cascade_candidate_limit=1.00000000000000000000e+03
cascade_weight_multiplier=4.00000005960464477539e-01
cascade_activation_functions_count=10
cascade_activation_functions=3 5 7 8 10 11 14 15 16 17 
cascade_activation_steepnesses_count=4
cascade_activation_steepnesses=2.50000000000000000000e-01 5.00000000000000000000e-01 7.50000000000000000000e-01 1.00000000000000000000e+00 
layer_sizes=18 3 3 2 
scale_included=0
neurons (num_inputs, activation_function, activation_steepness)=(0, 0, 0.00000000000000000000e+00) (0, 0, 0.00000000000000000000e+00) (0, 0, 0.00000000000000000000e+00) (0, 0, 0.00000000000000000000e+00) (0, 0, 0.00000000000000000000e+00) (0, 0, 0.00000000000000000000e+00) (0, 0, 0.00000000000000000000e+00) (0, 0, 0.00000000000000000000e+00) (0, 0, 0.00000000000000000000e+00) (0, 0, 0.00000000000000000000e+00) (0, 0, 0.00000000000000000000e+00) (0, 0, 0.00000000000000000000e+00) (0, 0, 0.00000000000000000000e+00) (0, 0, 0.00000000000000000000e+00) (0, 0, 0.00000000000000000000e+00) (0, 0, 0.00000000000000000000e+00) (0, 0, 0.00000000000000000000e+00) (0, 0, 0.00000000000000000000e+00) (18, 3, 5.00000000000000000000e-01) (18, 3, 5.00000000000000000000e-01) (0, 3, 0.00000000000000000000e+00) (3, 3, 5.00000000000000000000e-01) (3, 3, 5.00000000000000000000e-01) (0, 3, 0.00000000000000000000e+00) (3, 0, 5.00000000000000000000e-01) (0, 0, 0.00000000000000000000e+00) 
connections (connected_to_neuron, weight)=(0, 7.91883826255798339844e-01) (1, 5.42002975940704345703e-01) (2, 7.31835663318634033203e-01) (3, 7.30311989784240722656e-01) (4, 6.23464703559875488281e-01) (5, -7.02930569648742675781e-01) (6, -8.81152093410491943359e-01) (7, -8.05043756961822509766e-01) (8, -1.83364793658256530762e-01) (9, 6.42164587974548339844e-01) (10, 7.26596832275390625000e-01) (11, 4.39579457044601440430e-01) (12, 6.98262035846710205078e-01) (13, 6.26865565776824951172e-01) (14, 3.93040567636489868164e-01) (15, 5.69791734218597412109e-01) (16, 6.73790574073791503906e-01) (17, -3.48276567459106445312e+00) (0, 7.41923332214355468750e-01) (1, 8.25824677944183349609e-01) (2, 7.76666581630706787109e-01) (3, 8.49511086940765380859e-01) (4, 5.80711960792541503906e-01) (5, -7.13353753089904785156e-01) (6, -3.77183467149734497070e-01) (7, -7.82660782337188720703e-01) (8, 1.98922410607337951660e-01) (9, 7.76237428188323974609e-01) (10, 7.27282047271728515625e-01) (11, 1.08401286602020263672e+00) (12, 7.48969256877899169922e-01) (13, 8.62811505794525146484e-01) (14, 1.24056136608123779297e+00) (15, 8.62519204616546630859e-01) (16, 8.44116866588592529297e-01) (17, -2.68233251571655273438e+00) (18, 2.74964070320129394531e+00) (19, 2.46819496154785156250e+00) (20, -2.33309102058410644531e+00) (18, 3.10946130752563476562e+00) (19, 1.95771861076354980469e+00) (20, -2.57034921646118164062e+00) (21, 5.15238666534423828125e+00) (22, 8.64068126678466796875e+00) (23, 1.90103638172149658203e+00) 
