FANN_FLO_2.1
num_layers=3
learning_rate=0.400000
connection_rate=1.000000
network_type=0
learning_momentum=0.000000
training_algorithm=2
train_error_function=1
train_stop_function=0
cascade_output_change_fraction=0.010000
quickprop_decay=-0.000100
quickprop_mu=1.750000
rprop_increase_factor=1.200000
rprop_decrease_factor=0.500000
rprop_delta_min=0.000000
rprop_delta_max=50.000000
rprop_delta_zero=0.100000
cascade_output_stagnation_epochs=12
cascade_candidate_change_fraction=0.010000
cascade_candidate_stagnation_epochs=12
cascade_max_out_epochs=150
cascade_min_out_epochs=50
cascade_max_cand_epochs=150
cascade_min_cand_epochs=50
cascade_num_candidate_groups=2
bit_fail_limit=3.49999994039535522461e-01
cascade_candidate_limit=1.00000000000000000000e+03
cascade_weight_multiplier=4.00000005960464477539e-01
cascade_activation_functions_count=10
cascade_activation_functions=3 5 7 8 10 11 14 15 16 17 
cascade_activation_steepnesses_count=4
cascade_activation_steepnesses=2.50000000000000000000e-01 5.00000000000000000000e-01 7.50000000000000000000e-01 1.00000000000000000000e+00 
layer_sizes=10 3 2 
scale_included=0
neurons (num_inputs, activation_function, activation_steepness)=(0, 0, 0.00000000000000000000e+00) (0, 0, 0.00000000000000000000e+00) (0, 0, 0.00000000000000000000e+00) (0, 0, 0.00000000000000000000e+00) (0, 0, 0.00000000000000000000e+00) (0, 0, 0.00000000000000000000e+00) (0, 0, 0.00000000000000000000e+00) (0, 0, 0.00000000000000000000e+00) (0, 0, 0.00000000000000000000e+00) (0, 0, 0.00000000000000000000e+00) (10, 3, 5.00000000000000000000e-01) (10, 3, 5.00000000000000000000e-01) (0, 3, 0.00000000000000000000e+00) (3, 3, 5.00000000000000000000e-01) (0, 3, 0.00000000000000000000e+00) 
connections (connected_to_neuron, weight)=(0, -1.53831511735916137695e-01) (1, -1.94214656949043273926e-01) (2, -7.71326646208763122559e-02) (3, -1.16812869906425476074e-01) (4, -2.21604034304618835449e-02) (5, -1.21133014559745788574e-01) (6, -1.77110314369201660156e-01) (7, -5.97954913973808288574e-02) (8, -2.07863941788673400879e-01) (9, -1.06923148036003112793e-01) (0, -1.92313104867935180664e-01) (1, -2.16917604207992553711e-01) (2, -1.34982988238334655762e-01) (3, -1.74941137433052062988e-01) (4, -3.70024964213371276855e-02) (5, -1.63845628499984741211e-01) (6, -2.26445719599723815918e-02) (7, -5.75902834534645080566e-02) (8, -1.71435952186584472656e-01) (9, -8.44720527529716491699e-02) (10, -4.91067096590995788574e-02) (11, -4.56328764557838439941e-02) (12, -1.80043324828147888184e-01) 
