FANN_FLO_2.1
num_layers=3
learning_rate=0.500000
connection_rate=1.000000
network_type=0
learning_momentum=0.000000
training_algorithm=2
train_error_function=1
train_stop_function=0
cascade_output_change_fraction=0.010000
quickprop_decay=-0.000100
quickprop_mu=1.750000
rprop_increase_factor=1.200000
rprop_decrease_factor=0.500000
rprop_delta_min=0.000000
rprop_delta_max=50.000000
rprop_delta_zero=0.100000
cascade_output_stagnation_epochs=12
cascade_candidate_change_fraction=0.010000
cascade_candidate_stagnation_epochs=12
cascade_max_out_epochs=150
cascade_min_out_epochs=50
cascade_max_cand_epochs=150
cascade_min_cand_epochs=50
cascade_num_candidate_groups=2
bit_fail_limit=3.49999994039535522461e-01
cascade_candidate_limit=1.00000000000000000000e+03
cascade_weight_multiplier=4.00000005960464477539e-01
cascade_activation_functions_count=10
cascade_activation_functions=3 5 7 8 10 11 14 15 16 17 
cascade_activation_steepnesses_count=4
cascade_activation_steepnesses=2.50000000000000000000e-01 5.00000000000000000000e-01 7.50000000000000000000e-01 1.00000000000000000000e+00 
layer_sizes=7 9 2 
scale_included=0
neurons (num_inputs, activation_function, activation_steepness)=(0, 0, 0.00000000000000000000e+00) (0, 0, 0.00000000000000000000e+00) (0, 0, 0.00000000000000000000e+00) (0, 0, 0.00000000000000000000e+00) (0, 0, 0.00000000000000000000e+00) (0, 0, 0.00000000000000000000e+00) (0, 0, 0.00000000000000000000e+00) (7, 3, 5.00000000000000000000e-01) (7, 3, 5.00000000000000000000e-01) (7, 3, 5.00000000000000000000e-01) (7, 3, 5.00000000000000000000e-01) (7, 3, 5.00000000000000000000e-01) (7, 3, 5.00000000000000000000e-01) (7, 3, 5.00000000000000000000e-01) (7, 3, 5.00000000000000000000e-01) (0, 3, 0.00000000000000000000e+00) (9, 0, 5.00000000000000000000e-01) (0, 0, 0.00000000000000000000e+00) 
connections (connected_to_neuron, weight)=(0, 3.23142319917678833008e-01) (1, -2.46580228209495544434e-01) (2, -5.32448232173919677734e-01) (3, -4.77860905230045318604e-02) (4, 6.17058873176574707031e-02) (5, -5.52982985973358154297e-01) (6, -3.44906777143478393555e-01) (0, -1.87795219421386718750e+01) (1, -5.16031312942504882812e+00) (2, 2.15434646606445312500e+01) (3, -3.21833648681640625000e+01) (4, 4.59905475378036499023e-01) (5, 3.55764999389648437500e+01) (6, -1.07391583919525146484e+00) (0, -1.17589731216430664062e+01) (1, -2.68457436561584472656e+00) (2, 2.82857284545898437500e+01) (3, -9.89958095550537109375e+00) (4, 5.45433521270751953125e-01) (5, 5.35295772552490234375e+00) (6, -4.32812839746475219727e-01) (0, -8.58687305450439453125e+00) (1, -3.86710929870605468750e+00) (2, 1.82091102600097656250e+01) (3, -2.30187187194824218750e+01) (4, -3.34196805953979492188e-01) (5, 1.90284576416015625000e+01) (6, -1.61059129238128662109e+00) (0, -5.49054324626922607422e-01) (1, -5.37159204483032226562e-01) (2, 1.08553314208984375000e+00) (3, -9.48691368103027343750e-01) (4, -7.81245946884155273438e-01) (5, 1.73946857452392578125e+00) (6, -1.13362646102905273438e+00) (0, -1.50823259353637695312e+01) (1, -3.59273505210876464844e+00) (2, -1.81390228271484375000e+02) (3, -2.26410121917724609375e+01) (4, -1.76482772827148437500e+01) (5, 9.88106346130371093750e+00) (6, -1.17651557922363281250e+00) (0, -2.66666393280029296875e+01) (1, -3.97574591636657714844e+00) (2, -1.09637458801269531250e+02) (3, -1.86017322540283203125e+01) (4, -1.07638130187988281250e+01) (5, -5.07390356063842773438e+00) (6, -1.19192707538604736328e+00) (0, -1.12607412338256835938e+01) (1, -3.70583534240722656250e+00) (2, -8.07953948974609375000e+01) (3, -2.25292797088623046875e+01) (4, -1.05444297790527343750e+01) (5, 1.30255165100097656250e+01) (6, -1.14958810806274414062e+00) (7, 1.11548565328121185303e-02) (8, -1.13658790588378906250e+01) (9, 5.00000000000000000000e+01) (10, 2.65643310546875000000e+00) (11, 1.41014065593481063843e-02) (12, 5.11760009765625000000e+02) (13, 1.00000000000000000000e+02) (14, 6.11760009765625000000e+02) (15, 7.92417023330926895142e-03) 
