FANN_FLO_2.1
num_layers=4
learning_rate=0.450000
connection_rate=1.000000
network_type=0
learning_momentum=0.000000
training_algorithm=2
train_error_function=1
train_stop_function=0
cascade_output_change_fraction=0.010000
quickprop_decay=-0.000100
quickprop_mu=1.750000
rprop_increase_factor=1.200000
rprop_decrease_factor=0.500000
rprop_delta_min=0.000000
rprop_delta_max=50.000000
rprop_delta_zero=0.100000
cascade_output_stagnation_epochs=12
cascade_candidate_change_fraction=0.010000
cascade_candidate_stagnation_epochs=12
cascade_max_out_epochs=150
cascade_min_out_epochs=50
cascade_max_cand_epochs=150
cascade_min_cand_epochs=50
cascade_num_candidate_groups=2
bit_fail_limit=3.49999994039535522461e-01
cascade_candidate_limit=1.00000000000000000000e+03
cascade_weight_multiplier=4.00000005960464477539e-01
cascade_activation_functions_count=10
cascade_activation_functions=3 5 7 8 10 11 14 15 16 17 
cascade_activation_steepnesses_count=4
cascade_activation_steepnesses=2.50000000000000000000e-01 5.00000000000000000000e-01 7.50000000000000000000e-01 1.00000000000000000000e+00 
layer_sizes=7 3 3 2 
scale_included=0
neurons (num_inputs, activation_function, activation_steepness)=(0, 0, 0.00000000000000000000e+00) (0, 0, 0.00000000000000000000e+00) (0, 0, 0.00000000000000000000e+00) (0, 0, 0.00000000000000000000e+00) (0, 0, 0.00000000000000000000e+00) (0, 0, 0.00000000000000000000e+00) (0, 0, 0.00000000000000000000e+00) (7, 3, 5.00000000000000000000e-01) (7, 3, 5.00000000000000000000e-01) (0, 3, 0.00000000000000000000e+00) (3, 3, 5.00000000000000000000e-01) (3, 3, 5.00000000000000000000e-01) (0, 3, 0.00000000000000000000e+00) (3, 0, 5.00000000000000000000e-01) (0, 0, 0.00000000000000000000e+00) 
connections (connected_to_neuron, weight)=(0, -3.32733541727066040039e-02) (1, 5.35101890563964843750e-01) (2, -2.00781002640724182129e-02) (3, 1.14116095006465911865e-01) (4, 1.52709424495697021484e-01) (5, -6.04366302490234375000e-01) (6, -2.83088111877441406250e+00) (0, 2.26660475134849548340e-01) (1, -2.11144238710403442383e-01) (2, -9.83726739883422851562e-01) (3, 3.63649010658264160156e-01) (4, 1.66747584939002990723e-01) (5, -5.27339935302734375000e-01) (6, 3.26783418655395507812e+00) (7, -1.02833759784698486328e+00) (8, -1.17494595050811767578e+00) (9, 4.90492343902587890625e-01) (7, -5.24339675903320312500e+00) (8, -1.10625561523437500000e+03) (9, -2.20034681260585784912e-02) (10, -4.66058142483234405518e-02) (11, 4.12872880697250366211e-01) (12, 2.16411910951137542725e-02) 
