FANN_FLO_2.1
num_layers=4
learning_rate=0.450000
connection_rate=1.000000
network_type=0
learning_momentum=0.000000
training_algorithm=2
train_error_function=1
train_stop_function=0
cascade_output_change_fraction=0.010000
quickprop_decay=-0.000100
quickprop_mu=1.750000
rprop_increase_factor=1.200000
rprop_decrease_factor=0.500000
rprop_delta_min=0.000000
rprop_delta_max=50.000000
rprop_delta_zero=0.100000
cascade_output_stagnation_epochs=12
cascade_candidate_change_fraction=0.010000
cascade_candidate_stagnation_epochs=12
cascade_max_out_epochs=150
cascade_min_out_epochs=50
cascade_max_cand_epochs=150
cascade_min_cand_epochs=50
cascade_num_candidate_groups=2
bit_fail_limit=3.49999994039535522461e-01
cascade_candidate_limit=1.00000000000000000000e+03
cascade_weight_multiplier=4.00000005960464477539e-01
cascade_activation_functions_count=10
cascade_activation_functions=3 5 7 8 10 11 14 15 16 17 
cascade_activation_steepnesses_count=4
cascade_activation_steepnesses=2.50000000000000000000e-01 5.00000000000000000000e-01 7.50000000000000000000e-01 1.00000000000000000000e+00 
layer_sizes=7 5 3 2 
scale_included=0
neurons (num_inputs, activation_function, activation_steepness)=(0, 0, 0.00000000000000000000e+00) (0, 0, 0.00000000000000000000e+00) (0, 0, 0.00000000000000000000e+00) (0, 0, 0.00000000000000000000e+00) (0, 0, 0.00000000000000000000e+00) (0, 0, 0.00000000000000000000e+00) (0, 0, 0.00000000000000000000e+00) (7, 3, 5.00000000000000000000e-01) (7, 3, 5.00000000000000000000e-01) (7, 3, 5.00000000000000000000e-01) (7, 3, 5.00000000000000000000e-01) (0, 3, 0.00000000000000000000e+00) (5, 3, 5.00000000000000000000e-01) (5, 3, 5.00000000000000000000e-01) (0, 3, 0.00000000000000000000e+00) (3, 0, 5.00000000000000000000e-01) (0, 0, 0.00000000000000000000e+00) 
connections (connected_to_neuron, weight)=(0, 1.57277908325195312500e+02) (1, 2.31606430053710937500e+02) (2, -7.84838684082031250000e+02) (3, 9.03228759765625000000e-01) (4, -3.23876708984375000000e+02) (5, -9.72581237792968750000e+02) (6, 6.22755661010742187500e+01) (0, 7.70064147949218750000e+02) (1, 6.33739990234375000000e+02) (2, -1.17437597656250000000e+03) (3, 5.07027709960937500000e+02) (4, -3.24972656250000000000e+02) (5, -8.03450195312500000000e+02) (6, 3.35610847473144531250e+01) (0, 1.04149755859375000000e+03) (1, 7.60185729980468750000e+02) (2, -1.49820434570312500000e+02) (3, 3.15803070068359375000e+02) (4, -1.68690185546875000000e+02) (5, -1.23420861816406250000e+03) (6, 3.91535278320312500000e+02) (0, 3.61423939466476440430e-01) (1, 1.33608198165893554688e+00) (2, -1.55148100852966308594e+00) (3, 3.81120443344116210938e-01) (4, 7.14628875255584716797e-01) (5, -1.23612153530120849609e+00) (6, 5.50530612468719482422e-01) (7, 1.11726737022399902344e+00) (8, 9.29121765136718750000e+02) (9, -6.31200683593750000000e+02) (10, -3.04651550292968750000e+02) (11, 3.19167661666870117188e+00) (7, 1.49895080566406250000e+03) (8, 1.49997741699218750000e+03) (9, 1.49520446777343750000e+03) (10, 5.69861602783203125000e+01) (11, -6.38613605499267578125e+00) (12, 5.18046170473098754883e-02) (13, -1.79974049329757690430e-01) (14, 1.97881281375885009766e-01) 
