FANN_FLO_2.1
num_layers=4
learning_rate=0.300000
connection_rate=1.000000
network_type=0
learning_momentum=0.000000
training_algorithm=2
train_error_function=1
train_stop_function=0
cascade_output_change_fraction=0.010000
quickprop_decay=-0.000100
quickprop_mu=1.750000
rprop_increase_factor=1.200000
rprop_decrease_factor=0.500000
rprop_delta_min=0.000000
rprop_delta_max=50.000000
rprop_delta_zero=0.100000
cascade_output_stagnation_epochs=12
cascade_candidate_change_fraction=0.010000
cascade_candidate_stagnation_epochs=12
cascade_max_out_epochs=150
cascade_min_out_epochs=50
cascade_max_cand_epochs=150
cascade_min_cand_epochs=50
cascade_num_candidate_groups=2
bit_fail_limit=3.49999994039535522461e-01
cascade_candidate_limit=1.00000000000000000000e+03
cascade_weight_multiplier=4.00000005960464477539e-01
cascade_activation_functions_count=10
cascade_activation_functions=3 5 7 8 10 11 14 15 16 17 
cascade_activation_steepnesses_count=4
cascade_activation_steepnesses=2.50000000000000000000e-01 5.00000000000000000000e-01 7.50000000000000000000e-01 1.00000000000000000000e+00 
layer_sizes=2 5 5 3 
scale_included=0
neurons (num_inputs, activation_function, activation_steepness)=(0, 0, 0.00000000000000000000e+00) (0, 0, 0.00000000000000000000e+00) (2, 3, 5.00000000000000000000e-01) (2, 3, 5.00000000000000000000e-01) (2, 3, 5.00000000000000000000e-01) (2, 3, 5.00000000000000000000e-01) (0, 3, 0.00000000000000000000e+00) (5, 3, 5.00000000000000000000e-01) (5, 3, 5.00000000000000000000e-01) (5, 3, 5.00000000000000000000e-01) (5, 3, 5.00000000000000000000e-01) (0, 3, 0.00000000000000000000e+00) (5, 0, 5.00000000000000000000e-01) (5, 0, 5.00000000000000000000e-01) (0, 0, 0.00000000000000000000e+00) 
connections (connected_to_neuron, weight)=(0, 1.50000000000000000000e+03) (1, 1.12329149246215820312e+00) (0, 8.58503055572509765625e+00) (1, 3.47127890586853027344e+00) (0, 1.60755767822265625000e+01) (1, 1.26147317886352539062e+00) (0, 1.20984840393066406250e+00) (1, 2.18935918807983398438e+00) (2, -4.72586780786514282227e-01) (3, -1.91988825798034667969e+00) (4, -8.52423369884490966797e-01) (5, 1.32528245449066162109e+00) (6, 5.58309964835643768311e-02) (2, -1.77216851711273193359e+00) (3, -9.92415249347686767578e-01) (4, -2.27351608276367187500e+02) (5, -4.07008123397827148438e+00) (6, 4.59934979677200317383e-01) (2, 8.78141582012176513672e-01) (3, -6.56230032444000244141e-01) (4, -7.71385610103607177734e-01) (5, -9.56973850727081298828e-01) (6, 4.17019315063953399658e-02) (2, 5.37548589706420898438e+00) (3, -2.40207743644714355469e+00) (4, 5.31529235839843750000e+00) (5, 6.35651350021362304688e-02) (6, 4.68502432107925415039e-01) (7, 7.04498887062072753906e-02) (8, 3.06582391262054443359e-01) (9, -3.06710340082645416260e-02) (10, -1.45102024078369140625e-01) (11, 5.95923792570829391479e-03) (7, -6.83969795703887939453e-01) (8, -2.24865293502807617188e+00) (9, -6.59045815467834472656e-01) (10, -5.38866043090820312500e-01) (11, -5.50482809543609619141e-01) 
