FANN_FLO_2.1
num_layers=4
learning_rate=0.300000
connection_rate=1.000000
network_type=0
learning_momentum=0.000000
training_algorithm=2
train_error_function=1
train_stop_function=0
cascade_output_change_fraction=0.010000
quickprop_decay=-0.000100
quickprop_mu=1.750000
rprop_increase_factor=1.200000
rprop_decrease_factor=0.500000
rprop_delta_min=0.000000
rprop_delta_max=50.000000
rprop_delta_zero=0.100000
cascade_output_stagnation_epochs=12
cascade_candidate_change_fraction=0.010000
cascade_candidate_stagnation_epochs=12
cascade_max_out_epochs=150
cascade_min_out_epochs=50
cascade_max_cand_epochs=150
cascade_min_cand_epochs=50
cascade_num_candidate_groups=2
bit_fail_limit=3.49999994039535522461e-01
cascade_candidate_limit=1.00000000000000000000e+03
cascade_weight_multiplier=4.00000005960464477539e-01
cascade_activation_functions_count=10
cascade_activation_functions=3 5 7 8 10 11 14 15 16 17 
cascade_activation_steepnesses_count=4
cascade_activation_steepnesses=2.50000000000000000000e-01 5.00000000000000000000e-01 7.50000000000000000000e-01 1.00000000000000000000e+00 
layer_sizes=2 5 3 3 
scale_included=0
neurons (num_inputs, activation_function, activation_steepness)=(0, 0, 0.00000000000000000000e+00) (0, 0, 0.00000000000000000000e+00) (2, 3, 5.00000000000000000000e-01) (2, 3, 5.00000000000000000000e-01) (2, 3, 5.00000000000000000000e-01) (2, 3, 5.00000000000000000000e-01) (0, 3, 0.00000000000000000000e+00) (5, 3, 5.00000000000000000000e-01) (5, 3, 5.00000000000000000000e-01) (0, 3, 0.00000000000000000000e+00) (3, 0, 5.00000000000000000000e-01) (3, 0, 5.00000000000000000000e-01) (0, 0, 0.00000000000000000000e+00) 
connections (connected_to_neuron, weight)=(0, 1.15634193420410156250e+01) (1, 2.19939804077148437500e+00) (0, 1.42256240844726562500e+01) (1, 3.14989328384399414062e+00) (0, 7.15021228790283203125e+00) (1, 3.51078438758850097656e+00) (0, 1.53084783554077148438e+01) (1, 3.45677947998046875000e+00) (2, -2.16055467724800109863e-01) (3, -1.16206109523773193359e-01) (4, 1.76595509052276611328e-01) (5, -5.50068855285644531250e-01) (6, 2.37858223915100097656e+00) (2, -2.37931549549102783203e-01) (3, -3.26534104347229003906e+00) (4, 7.57635498046875000000e+00) (5, -3.45672798156738281250e+00) (6, -3.57401323318481445312e+00) (7, 2.88662612438201904297e-02) (8, 1.35557681322097778320e-01) (9, -3.59239876270294189453e-02) (7, -5.24550318717956542969e-01) (8, -3.38198375701904296875e+00) (9, -6.51149332523345947266e-01) 
