FANN_FLO_2.1
num_layers=4
learning_rate=0.300000
connection_rate=1.000000
network_type=0
learning_momentum=0.000000
training_algorithm=2
train_error_function=1
train_stop_function=0
cascade_output_change_fraction=0.010000
quickprop_decay=-0.000100
quickprop_mu=1.750000
rprop_increase_factor=1.200000
rprop_decrease_factor=0.500000
rprop_delta_min=0.000000
rprop_delta_max=50.000000
rprop_delta_zero=0.100000
cascade_output_stagnation_epochs=12
cascade_candidate_change_fraction=0.010000
cascade_candidate_stagnation_epochs=12
cascade_max_out_epochs=150
cascade_min_out_epochs=50
cascade_max_cand_epochs=150
cascade_min_cand_epochs=50
cascade_num_candidate_groups=2
bit_fail_limit=3.49999994039535522461e-01
cascade_candidate_limit=1.00000000000000000000e+03
cascade_weight_multiplier=4.00000005960464477539e-01
cascade_activation_functions_count=10
cascade_activation_functions=3 5 7 8 10 11 14 15 16 17 
cascade_activation_steepnesses_count=4
cascade_activation_steepnesses=2.50000000000000000000e-01 5.00000000000000000000e-01 7.50000000000000000000e-01 1.00000000000000000000e+00 
layer_sizes=2 5 3 3 
scale_included=0
neurons (num_inputs, activation_function, activation_steepness)=(0, 0, 0.00000000000000000000e+00) (0, 0, 0.00000000000000000000e+00) (2, 3, 5.00000000000000000000e-01) (2, 3, 5.00000000000000000000e-01) (2, 3, 5.00000000000000000000e-01) (2, 3, 5.00000000000000000000e-01) (0, 3, 0.00000000000000000000e+00) (5, 3, 5.00000000000000000000e-01) (5, 3, 5.00000000000000000000e-01) (0, 3, 0.00000000000000000000e+00) (3, 0, 5.00000000000000000000e-01) (3, 0, 5.00000000000000000000e-01) (0, 0, 0.00000000000000000000e+00) 
connections (connected_to_neuron, weight)=(0, -6.81204299926757812500e+01) (1, -2.18199467658996582031e+00) (0, -8.19859069824218750000e+02) (1, -2.04735016822814941406e+00) (0, 4.40869331359863281250e+00) (1, 3.93996071815490722656e+00) (0, 1.07897705078125000000e+02) (1, 1.92451894283294677734e+00) (2, 5.64346647262573242188e+00) (3, 2.71248769760131835938e+00) (4, 1.88797390460968017578e+00) (5, -4.71107978820800781250e+01) (6, -4.33664703369140625000e+00) (2, -1.59722137451171875000e+00) (3, -1.58865880966186523438e+00) (4, 6.36501169204711914062e+00) (5, -5.03917312622070312500e+00) (6, 3.16312044858932495117e-01) (7, 1.21720716357231140137e-01) (8, 5.67434076219797134399e-03) (9, -1.23653165996074676514e-01) (7, -1.14582669734954833984e+00) (8, -1.09562623500823974609e+00) (9, -3.53604555130004882812e-01) 
