FANN_FLO_2.1
num_layers=4
learning_rate=0.500000
connection_rate=1.000000
network_type=0
learning_momentum=0.000000
training_algorithm=2
train_error_function=1
train_stop_function=0
cascade_output_change_fraction=0.010000
quickprop_decay=-0.000100
quickprop_mu=1.750000
rprop_increase_factor=1.200000
rprop_decrease_factor=0.500000
rprop_delta_min=0.000000
rprop_delta_max=50.000000
rprop_delta_zero=0.100000
cascade_output_stagnation_epochs=12
cascade_candidate_change_fraction=0.010000
cascade_candidate_stagnation_epochs=12
cascade_max_out_epochs=150
cascade_min_out_epochs=50
cascade_max_cand_epochs=150
cascade_min_cand_epochs=50
cascade_num_candidate_groups=2
bit_fail_limit=3.49999994039535522461e-01
cascade_candidate_limit=1.00000000000000000000e+03
cascade_weight_multiplier=4.00000005960464477539e-01
cascade_activation_functions_count=10
cascade_activation_functions=3 5 7 8 10 11 14 15 16 17 
cascade_activation_steepnesses_count=4
cascade_activation_steepnesses=2.50000000000000000000e-01 5.00000000000000000000e-01 7.50000000000000000000e-01 1.00000000000000000000e+00 
layer_sizes=4 5 5 2 
scale_included=0
neurons (num_inputs, activation_function, activation_steepness)=(0, 0, 0.00000000000000000000e+00) (0, 0, 0.00000000000000000000e+00) (0, 0, 0.00000000000000000000e+00) (0, 0, 0.00000000000000000000e+00) (4, 3, 5.00000000000000000000e-01) (4, 3, 5.00000000000000000000e-01) (4, 3, 5.00000000000000000000e-01) (4, 3, 5.00000000000000000000e-01) (0, 3, 0.00000000000000000000e+00) (5, 3, 5.00000000000000000000e-01) (5, 3, 5.00000000000000000000e-01) (5, 3, 5.00000000000000000000e-01) (5, 3, 5.00000000000000000000e-01) (0, 3, 0.00000000000000000000e+00) (5, 3, 5.00000000000000000000e-01) (0, 3, 0.00000000000000000000e+00) 
connections (connected_to_neuron, weight)=(0, -3.97996091842651367188e+00) (1, -1.17103242874145507812e+00) (2, -3.01269340515136718750e+00) (3, 2.74974942207336425781e+00) (0, -4.14827299118041992188e+00) (1, -4.37518262863159179688e+00) (2, 9.10846173763275146484e-01) (3, 2.76285481452941894531e+00) (0, -8.76259708404541015625e+00) (1, -3.30979180335998535156e+00) (2, 1.84677195549011230469e+00) (3, 1.29757416248321533203e+00) (0, -4.40095949172973632812e+00) (1, 3.98097038269042968750e+00) (2, -6.26436042785644531250e+00) (3, 2.44657349586486816406e+00) (4, -1.52332618832588195801e-01) (5, 3.51069259643554687500e+01) (6, -2.58747119903564453125e+01) (7, 4.80271130800247192383e-01) (8, -9.07555484771728515625e+00) (4, 3.28377580642700195312e+00) (5, 7.13986253738403320312e+00) (6, -7.66322708129882812500e+00) (7, 1.10635719299316406250e+01) (8, -4.69798421859741210938e+00) (4, -1.73747634887695312500e+01) (5, -6.91674041748046875000e+00) (6, 1.55733776092529296875e+01) (7, -7.76627826690673828125e+00) (8, 6.56103277206420898438e+00) (4, -2.46654421091079711914e-01) (5, -1.80382938385009765625e+01) (6, -7.52122436523437500000e+02) (7, -2.43192520141601562500e+01) (8, 2.45471134185791015625e+01) (9, -2.52365541458129882812e+00) (10, -9.12380576133728027344e-01) (11, 3.35921955108642578125e+00) (12, -1.80199301242828369141e+00) (13, 1.15677464008331298828e+00) 
