FANN_FLO_2.1
num_layers=4
learning_rate=0.450000
connection_rate=1.000000
network_type=0
learning_momentum=0.000000
training_algorithm=2
train_error_function=1
train_stop_function=0
cascade_output_change_fraction=0.010000
quickprop_decay=-0.000100
quickprop_mu=1.750000
rprop_increase_factor=1.200000
rprop_decrease_factor=0.500000
rprop_delta_min=0.000000
rprop_delta_max=50.000000
rprop_delta_zero=0.100000
cascade_output_stagnation_epochs=12
cascade_candidate_change_fraction=0.010000
cascade_candidate_stagnation_epochs=12
cascade_max_out_epochs=150
cascade_min_out_epochs=50
cascade_max_cand_epochs=150
cascade_min_cand_epochs=50
cascade_num_candidate_groups=2
bit_fail_limit=3.49999994039535522461e-01
cascade_candidate_limit=1.00000000000000000000e+03
cascade_weight_multiplier=4.00000005960464477539e-01
cascade_activation_functions_count=10
cascade_activation_functions=3 5 7 8 10 11 14 15 16 17 
cascade_activation_steepnesses_count=4
cascade_activation_steepnesses=2.50000000000000000000e-01 5.00000000000000000000e-01 7.50000000000000000000e-01 1.00000000000000000000e+00 
layer_sizes=7 3 3 2 
scale_included=0
neurons (num_inputs, activation_function, activation_steepness)=(0, 0, 0.00000000000000000000e+00) (0, 0, 0.00000000000000000000e+00) (0, 0, 0.00000000000000000000e+00) (0, 0, 0.00000000000000000000e+00) (0, 0, 0.00000000000000000000e+00) (0, 0, 0.00000000000000000000e+00) (0, 0, 0.00000000000000000000e+00) (7, 3, 5.00000000000000000000e-01) (7, 3, 5.00000000000000000000e-01) (0, 3, 0.00000000000000000000e+00) (3, 3, 5.00000000000000000000e-01) (3, 3, 5.00000000000000000000e-01) (0, 3, 0.00000000000000000000e+00) (3, 0, 5.00000000000000000000e-01) (0, 0, 0.00000000000000000000e+00) 
connections (connected_to_neuron, weight)=(0, 3.33023011684417724609e-01) (1, 8.03105682134628295898e-02) (2, -1.29628872871398925781e+00) (3, 5.79142093658447265625e-01) (4, 3.13067078590393066406e-01) (5, -5.59703350067138671875e-01) (6, 2.98021578788757324219e+00) (0, -9.69105139374732971191e-02) (1, 1.43263661861419677734e+00) (2, -5.77885389328002929688e-01) (3, 3.39248001575469970703e-01) (4, 4.89178031682968139648e-01) (5, -1.09388291835784912109e+00) (6, -5.18733215332031250000e+00) (7, -5.49585676193237304688e+00) (8, -5.43970012664794921875e+00) (9, 1.22119414806365966797e+00) (7, -5.83220148086547851562e+00) (8, -5.81352853775024414062e+00) (9, 1.54321420192718505859e+00) (10, 6.09330713748931884766e-01) (11, 2.51335453987121582031e+00) (12, -5.36335166543722152710e-03) 
