FANN_FLO_2.1
num_layers=4
learning_rate=0.500000
connection_rate=1.000000
network_type=0
learning_momentum=0.000000
training_algorithm=2
train_error_function=1
train_stop_function=0
cascade_output_change_fraction=0.010000
quickprop_decay=-0.000100
quickprop_mu=1.750000
rprop_increase_factor=1.200000
rprop_decrease_factor=0.500000
rprop_delta_min=0.000000
rprop_delta_max=50.000000
rprop_delta_zero=0.100000
cascade_output_stagnation_epochs=12
cascade_candidate_change_fraction=0.010000
cascade_candidate_stagnation_epochs=12
cascade_max_out_epochs=150
cascade_min_out_epochs=50
cascade_max_cand_epochs=150
cascade_min_cand_epochs=50
cascade_num_candidate_groups=2
bit_fail_limit=3.49999994039535522461e-01
cascade_candidate_limit=1.00000000000000000000e+03
cascade_weight_multiplier=4.00000005960464477539e-01
cascade_activation_functions_count=10
cascade_activation_functions=3 5 7 8 10 11 14 15 16 17 
cascade_activation_steepnesses_count=4
cascade_activation_steepnesses=2.50000000000000000000e-01 5.00000000000000000000e-01 7.50000000000000000000e-01 1.00000000000000000000e+00 
layer_sizes=4 5 3 2 
scale_included=0
neurons (num_inputs, activation_function, activation_steepness)=(0, 0, 0.00000000000000000000e+00) (0, 0, 0.00000000000000000000e+00) (0, 0, 0.00000000000000000000e+00) (0, 0, 0.00000000000000000000e+00) (4, 3, 5.00000000000000000000e-01) (4, 3, 5.00000000000000000000e-01) (4, 3, 5.00000000000000000000e-01) (4, 3, 5.00000000000000000000e-01) (0, 3, 0.00000000000000000000e+00) (5, 3, 5.00000000000000000000e-01) (5, 3, 5.00000000000000000000e-01) (0, 3, 0.00000000000000000000e+00) (3, 3, 5.00000000000000000000e-01) (0, 3, 0.00000000000000000000e+00) 
connections (connected_to_neuron, weight)=(0, 2.39245891571044921875e+00) (1, 5.23879192769527435303e-02) (2, 3.69161796569824218750e+00) (3, -2.75956273078918457031e+00) (0, -3.63287758827209472656e+00) (1, -1.06391513347625732422e+00) (2, 1.94604861736297607422e+00) (3, 2.54647922515869140625e+00) (0, 4.01092529296875000000e+00) (1, -4.72905778884887695312e+00) (2, 4.79655313491821289062e+00) (3, -2.46882915496826171875e+00) (0, 1.45607173442840576172e+00) (1, -2.54710922241210937500e+01) (2, 2.18719100952148437500e+00) (3, 5.61147308349609375000e+00) (4, -3.50559806823730468750e+00) (5, 9.09293556213378906250e+00) (6, -1.05350542068481445312e+01) (7, 6.73498773574829101562e+00) (8, 9.20490205287933349609e-01) (4, -3.01448702812194824219e+00) (5, 1.08312664031982421875e+01) (6, -1.39875259399414062500e+01) (7, 9.00844383239746093750e+00) (8, 8.62492978572845458984e-01) (9, -1.03917658329010009766e+00) (10, -3.69455933570861816406e+00) (11, 2.44578313827514648438e+00) 
