FANN_FLO_2.1
num_layers=3
learning_rate=0.500000
connection_rate=1.000000
network_type=0
learning_momentum=0.000000
training_algorithm=2
train_error_function=1
train_stop_function=0
cascade_output_change_fraction=0.010000
quickprop_decay=-0.000100
quickprop_mu=1.750000
rprop_increase_factor=1.200000
rprop_decrease_factor=0.500000
rprop_delta_min=0.000000
rprop_delta_max=50.000000
rprop_delta_zero=0.100000
cascade_output_stagnation_epochs=12
cascade_candidate_change_fraction=0.010000
cascade_candidate_stagnation_epochs=12
cascade_max_out_epochs=150
cascade_min_out_epochs=50
cascade_max_cand_epochs=150
cascade_min_cand_epochs=50
cascade_num_candidate_groups=2
bit_fail_limit=3.49999994039535522461e-01
cascade_candidate_limit=1.00000000000000000000e+03
cascade_weight_multiplier=4.00000005960464477539e-01
cascade_activation_functions_count=10
cascade_activation_functions=3 5 7 8 10 11 14 15 16 17 
cascade_activation_steepnesses_count=4
cascade_activation_steepnesses=2.50000000000000000000e-01 5.00000000000000000000e-01 7.50000000000000000000e-01 1.00000000000000000000e+00 
layer_sizes=3 5 4 
scale_included=0
neurons (num_inputs, activation_function, activation_steepness)=(0, 0, 0.00000000000000000000e+00) (0, 0, 0.00000000000000000000e+00) (0, 0, 0.00000000000000000000e+00) (3, 3, 5.00000000000000000000e-01) (3, 3, 5.00000000000000000000e-01) (3, 3, 5.00000000000000000000e-01) (3, 3, 5.00000000000000000000e-01) (0, 3, 0.00000000000000000000e+00) (5, 0, 5.00000000000000000000e-01) (5, 0, 5.00000000000000000000e-01) (5, 0, 5.00000000000000000000e-01) (0, 0, 0.00000000000000000000e+00) 
connections (connected_to_neuron, weight)=(0, -1.50000000000000000000e+03) (1, -2.63142127990722656250e+01) (2, 5.45956687927246093750e+01) (0, -2.92492809295654296875e+01) (1, 6.90942335128784179688e+00) (2, 1.14741430282592773438e+01) (0, -1.50000000000000000000e+03) (1, -1.07432983398437500000e+03) (2, 4.44982566833496093750e+01) (0, -1.55050106048583984375e+01) (1, 9.17446708679199218750e+00) (2, 1.26090774536132812500e+01) (3, 2.26140999794006347656e+00) (4, 1.70295107364654541016e+00) (5, 2.31924676895141601562e+00) (6, 1.36136305332183837891e+00) (7, 1.98011910915374755859e+00) (3, 5.37979888916015625000e+00) (4, 5.50749874114990234375e+00) (5, 6.08288860321044921875e+00) (6, 5.32433366775512695312e+00) (7, 7.12900638580322265625e+00) (3, 1.79273796081542968750e+01) (4, 1.73286952972412109375e+01) (5, 1.73210563659667968750e+01) (6, 1.72376422882080078125e+01) (7, 2.90133571624755859375e+01) 
