FANN_FLO_2.1
num_layers=3
learning_rate=0.400000
connection_rate=1.000000
network_type=0
learning_momentum=0.000000
training_algorithm=2
train_error_function=1
train_stop_function=0
cascade_output_change_fraction=0.010000
quickprop_decay=-0.000100
quickprop_mu=1.750000
rprop_increase_factor=1.200000
rprop_decrease_factor=0.500000
rprop_delta_min=0.000000
rprop_delta_max=50.000000
rprop_delta_zero=0.100000
cascade_output_stagnation_epochs=12
cascade_candidate_change_fraction=0.010000
cascade_candidate_stagnation_epochs=12
cascade_max_out_epochs=150
cascade_min_out_epochs=50
cascade_max_cand_epochs=150
cascade_min_cand_epochs=50
cascade_num_candidate_groups=2
bit_fail_limit=3.49999994039535522461e-01
cascade_candidate_limit=1.00000000000000000000e+03
cascade_weight_multiplier=4.00000005960464477539e-01
cascade_activation_functions_count=10
cascade_activation_functions=3 5 7 8 10 11 14 15 16 17 
cascade_activation_steepnesses_count=4
cascade_activation_steepnesses=2.50000000000000000000e-01 5.00000000000000000000e-01 7.50000000000000000000e-01 1.00000000000000000000e+00 
layer_sizes=6 5 2 
scale_included=0
neurons (num_inputs, activation_function, activation_steepness)=(0, 0, 0.00000000000000000000e+00) (0, 0, 0.00000000000000000000e+00) (0, 0, 0.00000000000000000000e+00) (0, 0, 0.00000000000000000000e+00) (0, 0, 0.00000000000000000000e+00) (0, 0, 0.00000000000000000000e+00) (6, 3, 5.00000000000000000000e-01) (6, 3, 5.00000000000000000000e-01) (6, 3, 5.00000000000000000000e-01) (6, 3, 5.00000000000000000000e-01) (0, 3, 0.00000000000000000000e+00) (5, 0, 5.00000000000000000000e-01) (0, 0, 0.00000000000000000000e+00) 
connections (connected_to_neuron, weight)=(0, -1.50000000000000000000e+03) (1, -4.61332941055297851562e+00) (2, -4.50911521911621093750e-01) (3, -9.10755157470703125000e-01) (4, -4.79793660342693328857e-02) (5, -6.55315399169921875000e-01) (0, -1.50000000000000000000e+03) (1, -6.65360351562500000000e+02) (2, -3.57544541358947753906e-01) (3, -3.11116676330566406250e+01) (4, 2.64957606792449951172e-01) (5, 5.05655668675899505615e-02) (0, -1.50000000000000000000e+03) (1, 1.71142593383789062500e+02) (2, 3.68679547309875488281e+00) (3, -6.69035278320312500000e+02) (4, 1.55130732059478759766e+00) (5, 5.89296281337738037109e-01) (0, -1.50000000000000000000e+03) (1, -7.20717407226562500000e+02) (2, 4.02502584457397460938e+00) (3, -2.66214019775390625000e+02) (4, 8.99485707283020019531e-01) (5, 7.63479888439178466797e-01) (6, 4.73160886764526367188e+00) (7, 8.96849975585937500000e+02) (8, 2.00448900461196899414e-01) (9, 3.41591954231262207031e-01) (10, 5.88784337043762207031e-01) 
