FANN_FLO_2.1
num_layers=3
learning_rate=0.500000
connection_rate=1.000000
network_type=0
learning_momentum=0.000000
training_algorithm=2
train_error_function=1
train_stop_function=0
cascade_output_change_fraction=0.010000
quickprop_decay=-0.000100
quickprop_mu=1.750000
rprop_increase_factor=1.200000
rprop_decrease_factor=0.500000
rprop_delta_min=0.000000
rprop_delta_max=50.000000
rprop_delta_zero=0.100000
cascade_output_stagnation_epochs=12
cascade_candidate_change_fraction=0.010000
cascade_candidate_stagnation_epochs=12
cascade_max_out_epochs=150
cascade_min_out_epochs=50
cascade_max_cand_epochs=150
cascade_min_cand_epochs=50
cascade_num_candidate_groups=2
bit_fail_limit=3.49999994039535522461e-01
cascade_candidate_limit=1.00000000000000000000e+03
cascade_weight_multiplier=4.00000005960464477539e-01
cascade_activation_functions_count=10
cascade_activation_functions=3 5 7 8 10 11 14 15 16 17 
cascade_activation_steepnesses_count=4
cascade_activation_steepnesses=2.50000000000000000000e-01 5.00000000000000000000e-01 7.50000000000000000000e-01 1.00000000000000000000e+00 
layer_sizes=7 9 2 
scale_included=0
neurons (num_inputs, activation_function, activation_steepness)=(0, 0, 0.00000000000000000000e+00) (0, 0, 0.00000000000000000000e+00) (0, 0, 0.00000000000000000000e+00) (0, 0, 0.00000000000000000000e+00) (0, 0, 0.00000000000000000000e+00) (0, 0, 0.00000000000000000000e+00) (0, 0, 0.00000000000000000000e+00) (7, 3, 5.00000000000000000000e-01) (7, 3, 5.00000000000000000000e-01) (7, 3, 5.00000000000000000000e-01) (7, 3, 5.00000000000000000000e-01) (7, 3, 5.00000000000000000000e-01) (7, 3, 5.00000000000000000000e-01) (7, 3, 5.00000000000000000000e-01) (7, 3, 5.00000000000000000000e-01) (0, 3, 0.00000000000000000000e+00) (9, 0, 5.00000000000000000000e-01) (0, 0, 0.00000000000000000000e+00) 
connections (connected_to_neuron, weight)=(0, -2.01122313737869262695e-01) (1, -8.24100971221923828125e-02) (2, -5.95997238159179687500e+00) (3, -1.48116514086723327637e-01) (4, 1.53475081920623779297e+00) (5, 5.69114341735839843750e+01) (6, -3.52471470832824707031e-01) (0, -4.55324220657348632812e+00) (1, -1.23335132598876953125e+01) (2, -6.88175659179687500000e+02) (3, -8.08219623565673828125e+00) (4, 3.80469739437103271484e-01) (5, 1.39595785140991210938e+01) (6, -4.91427689790725708008e-01) (0, -4.07899141311645507812e-01) (1, 5.13406515121459960938e-01) (2, -1.08492481708526611328e+00) (3, -3.35863411426544189453e-01) (4, 6.59300148487091064453e-01) (5, 3.72049063444137573242e-01) (6, 8.10229682922363281250e+00) (0, -7.38446354866027832031e-01) (1, 3.35244506597518920898e-01) (2, -4.60951328277587890625e-01) (3, -5.58647036552429199219e-01) (4, 1.03865442797541618347e-02) (5, -3.61162155866622924805e-01) (6, -1.40365493297576904297e+00) (0, -5.21118164062500000000e-01) (1, 1.49136221408843994141e+00) (2, -1.03395235538482666016e+00) (3, -4.15586769580841064453e-01) (4, 5.01577854156494140625e-01) (5, -2.92888134717941284180e-01) (6, -4.67286080121994018555e-01) (0, -2.81797021627426147461e-01) (1, 1.11109983921051025391e+00) (2, -2.20138818025588989258e-01) (3, -3.40863823890686035156e-01) (4, 1.19642674922943115234e+00) (5, -1.10613751411437988281e+00) (6, -4.99549388885498046875e-01) (0, -6.07828235626220703125e+00) (1, -8.06665878295898437500e+01) (2, 3.51809196472167968750e+01) (3, -1.51627838611602783203e+00) (4, -3.51161575317382812500e+01) (5, 4.31654777526855468750e+01) (6, -1.23423790931701660156e+00) (0, -6.96861982345581054688e+00) (1, -1.71082382202148437500e+01) (2, 4.50685501098632812500e+01) (3, -3.48177528381347656250e+01) (4, -1.01029319763183593750e+01) (5, -4.96930847167968750000e+02) (6, -2.10950350761413574219e+00) (7, 1.70143712311983108521e-02) (8, -3.60110625624656677246e-02) (9, -1.03471890091896057129e-01) (10, -1.22415535151958465576e-01) (11, 9.71066877245903015137e-02) (12, -1.18101276457309722900e-01) (13, -5.32633972167968750000e+00) (14, -8.06076172739267349243e-03) (15, 1.22726105153560638428e-01) 
