FANN_FLO_2.1
num_layers=3
learning_rate=0.500000
connection_rate=1.000000
network_type=0
learning_momentum=0.000000
training_algorithm=2
train_error_function=1
train_stop_function=0
cascade_output_change_fraction=0.010000
quickprop_decay=-0.000100
quickprop_mu=1.750000
rprop_increase_factor=1.200000
rprop_decrease_factor=0.500000
rprop_delta_min=0.000000
rprop_delta_max=50.000000
rprop_delta_zero=0.100000
cascade_output_stagnation_epochs=12
cascade_candidate_change_fraction=0.010000
cascade_candidate_stagnation_epochs=12
cascade_max_out_epochs=150
cascade_min_out_epochs=50
cascade_max_cand_epochs=150
cascade_min_cand_epochs=50
cascade_num_candidate_groups=2
bit_fail_limit=3.49999994039535522461e-01
cascade_candidate_limit=1.00000000000000000000e+03
cascade_weight_multiplier=4.00000005960464477539e-01
cascade_activation_functions_count=10
cascade_activation_functions=3 5 7 8 10 11 14 15 16 17 
cascade_activation_steepnesses_count=4
cascade_activation_steepnesses=2.50000000000000000000e-01 5.00000000000000000000e-01 7.50000000000000000000e-01 1.00000000000000000000e+00 
layer_sizes=7 9 2 
scale_included=0
neurons (num_inputs, activation_function, activation_steepness)=(0, 0, 0.00000000000000000000e+00) (0, 0, 0.00000000000000000000e+00) (0, 0, 0.00000000000000000000e+00) (0, 0, 0.00000000000000000000e+00) (0, 0, 0.00000000000000000000e+00) (0, 0, 0.00000000000000000000e+00) (0, 0, 0.00000000000000000000e+00) (7, 3, 5.00000000000000000000e-01) (7, 3, 5.00000000000000000000e-01) (7, 3, 5.00000000000000000000e-01) (7, 3, 5.00000000000000000000e-01) (7, 3, 5.00000000000000000000e-01) (7, 3, 5.00000000000000000000e-01) (7, 3, 5.00000000000000000000e-01) (7, 3, 5.00000000000000000000e-01) (0, 3, 0.00000000000000000000e+00) (9, 0, 5.00000000000000000000e-01) (0, 0, 0.00000000000000000000e+00) 
connections (connected_to_neuron, weight)=(0, 4.51479434967041015625e-01) (1, -1.44993931055068969727e-01) (2, 4.64062958955764770508e-01) (3, -4.50023204088211059570e-01) (4, -8.09657052159309387207e-02) (5, -2.93137967586517333984e-01) (6, 3.11742186546325683594e-01) (0, -9.64826583862304687500e-01) (1, -1.57742965966463088989e-02) (2, 7.64550328254699707031e-01) (3, -2.83700853586196899414e-01) (4, 1.24635741114616394043e-01) (5, -7.88950979709625244141e-01) (6, -2.13897824287414550781e-01) (0, 1.61764666438102722168e-01) (1, 4.73915845155715942383e-01) (2, 2.68722534179687500000e-01) (3, -4.86072659492492675781e-01) (4, 4.83624398708343505859e-01) (5, -4.81450825929641723633e-01) (6, -2.22279667854309082031e+00) (0, -2.28755054473876953125e+01) (1, 9.80759799480438232422e-01) (2, 1.99983000755310058594e+00) (3, -2.87190794944763183594e-01) (4, -2.77809143066406250000e-01) (5, -2.75109857320785522461e-01) (6, -2.40235388278961181641e-01) (0, -3.20016741752624511719e-01) (1, -1.10631167888641357422e+00) (2, 9.41199004650115966797e-01) (3, -5.22438585758209228516e-01) (4, -1.56883299350738525391e+00) (5, 2.39827370643615722656e+00) (6, -2.34962075948715209961e-01) (0, 2.44155616760253906250e+01) (1, -5.44540822505950927734e-01) (2, -4.04264160156250000000e+02) (3, -3.33733588457107543945e-01) (4, 6.73409342765808105469e-01) (5, -2.73614430427551269531e+00) (6, -5.03567159175872802734e-01) (0, -1.98136910796165466309e-01) (1, -4.45716530084609985352e-01) (2, -2.27629587054252624512e-01) (3, 1.19494564831256866455e-01) (4, 1.06862291693687438965e-01) (5, 3.78232777118682861328e-01) (6, -2.09357529878616333008e-01) (0, -3.15385322570800781250e+01) (1, -7.38411247730255126953e-01) (2, 3.47569313049316406250e+01) (3, -6.03665411472320556641e-01) (4, -7.51257181167602539062e-01) (5, -6.11962413787841796875e+00) (6, -6.53856217861175537109e-01) (7, -2.11297813802957534790e-02) (8, -4.50539588928222656250e-02) (9, -5.49366287887096405029e-02) (10, 1.50000000000000000000e+03) (11, 7.25208595395088195801e-02) (12, -2.27072392590343952179e-03) (13, -1.06993280351161956787e-01) (14, 8.91291046142578125000e+01) (15, 7.40806534886360168457e-02) 
