FANN_FLO_2.1
num_layers=3
learning_rate=0.400000
connection_rate=1.000000
network_type=0
learning_momentum=0.000000
training_algorithm=2
train_error_function=1
train_stop_function=0
cascade_output_change_fraction=0.010000
quickprop_decay=-0.000100
quickprop_mu=1.750000
rprop_increase_factor=1.200000
rprop_decrease_factor=0.500000
rprop_delta_min=0.000000
rprop_delta_max=50.000000
rprop_delta_zero=0.100000
cascade_output_stagnation_epochs=12
cascade_candidate_change_fraction=0.010000
cascade_candidate_stagnation_epochs=12
cascade_max_out_epochs=150
cascade_min_out_epochs=50
cascade_max_cand_epochs=150
cascade_min_cand_epochs=50
cascade_num_candidate_groups=2
bit_fail_limit=3.49999994039535522461e-01
cascade_candidate_limit=1.00000000000000000000e+03
cascade_weight_multiplier=4.00000005960464477539e-01
cascade_activation_functions_count=10
cascade_activation_functions=3 5 7 8 10 11 14 15 16 17 
cascade_activation_steepnesses_count=4
cascade_activation_steepnesses=2.50000000000000000000e-01 5.00000000000000000000e-01 7.50000000000000000000e-01 1.00000000000000000000e+00 
layer_sizes=6 5 2 
scale_included=0
neurons (num_inputs, activation_function, activation_steepness)=(0, 0, 0.00000000000000000000e+00) (0, 0, 0.00000000000000000000e+00) (0, 0, 0.00000000000000000000e+00) (0, 0, 0.00000000000000000000e+00) (0, 0, 0.00000000000000000000e+00) (0, 0, 0.00000000000000000000e+00) (6, 3, 5.00000000000000000000e-01) (6, 3, 5.00000000000000000000e-01) (6, 3, 5.00000000000000000000e-01) (6, 3, 5.00000000000000000000e-01) (0, 3, 0.00000000000000000000e+00) (5, 0, 5.00000000000000000000e-01) (0, 0, 0.00000000000000000000e+00) 
connections (connected_to_neuron, weight)=(0, -5.68035173416137695312e+00) (1, -6.99014723300933837891e-01) (2, 7.10120871663093566895e-02) (3, -1.45294892787933349609e+00) (4, -5.02787828445434570312e-02) (5, -5.58868348598480224609e-01) (0, -1.50000000000000000000e+03) (1, -5.11225271224975585938e+00) (2, -4.99555826187133789062e-01) (3, -3.35235190391540527344e+00) (4, 4.21555727720260620117e-01) (5, 1.05636656284332275391e-01) (0, -1.50000000000000000000e+03) (1, -3.64026756286621093750e+01) (2, -1.93487957119941711426e-01) (3, -8.96180725097656250000e+00) (4, 4.44606602191925048828e-01) (5, 1.27496004104614257812e-01) (0, -1.50000000000000000000e+03) (1, -1.04072680664062500000e+03) (2, 3.28016510009765625000e+01) (3, -5.57170791625976562500e+01) (4, 7.33412325382232666016e-01) (5, 1.47051051259040832520e-01) (6, 1.05044364929199218750e+00) (7, 1.07453298568725585938e+00) (8, 1.13887023925781250000e+00) (9, 1.06971824169158935547e+00) (10, 5.65826535224914550781e-01) 
