FANN_FLO_2.1
num_layers=3
learning_rate=0.300000
connection_rate=1.000000
network_type=0
learning_momentum=0.000000
training_algorithm=2
train_error_function=1
train_stop_function=0
cascade_output_change_fraction=0.010000
quickprop_decay=-0.000100
quickprop_mu=1.750000
rprop_increase_factor=1.200000
rprop_decrease_factor=0.500000
rprop_delta_min=0.000000
rprop_delta_max=50.000000
rprop_delta_zero=0.100000
cascade_output_stagnation_epochs=12
cascade_candidate_change_fraction=0.010000
cascade_candidate_stagnation_epochs=12
cascade_max_out_epochs=150
cascade_min_out_epochs=50
cascade_max_cand_epochs=150
cascade_min_cand_epochs=50
cascade_num_candidate_groups=2
bit_fail_limit=3.49999994039535522461e-01
cascade_candidate_limit=1.00000000000000000000e+03
cascade_weight_multiplier=4.00000005960464477539e-01
cascade_activation_functions_count=10
cascade_activation_functions=3 5 7 8 10 11 14 15 16 17 
cascade_activation_steepnesses_count=4
cascade_activation_steepnesses=2.50000000000000000000e-01 5.00000000000000000000e-01 7.50000000000000000000e-01 1.00000000000000000000e+00 
layer_sizes=4 9 2 
scale_included=0
neurons (num_inputs, activation_function, activation_steepness)=(0, 0, 0.00000000000000000000e+00) (0, 0, 0.00000000000000000000e+00) (0, 0, 0.00000000000000000000e+00) (0, 0, 0.00000000000000000000e+00) (4, 3, 5.00000000000000000000e-01) (4, 3, 5.00000000000000000000e-01) (4, 3, 5.00000000000000000000e-01) (4, 3, 5.00000000000000000000e-01) (4, 3, 5.00000000000000000000e-01) (4, 3, 5.00000000000000000000e-01) (4, 3, 5.00000000000000000000e-01) (4, 3, 5.00000000000000000000e-01) (0, 3, 0.00000000000000000000e+00) (9, 3, 5.00000000000000000000e-01) (0, 3, 0.00000000000000000000e+00) 
connections (connected_to_neuron, weight)=(0, 3.37411046028137207031e-01) (1, -1.69040486216545104980e-01) (2, 1.30733594298362731934e-01) (3, -7.09557819366455078125e+00) (0, -2.27568540722131729126e-02) (1, 8.73919606208801269531e-01) (2, -2.43962097167968750000e+00) (3, 1.10027050971984863281e+00) (0, -9.94212552905082702637e-02) (1, 2.92560517787933349609e-01) (2, 1.81707352399826049805e-01) (3, 2.38238215446472167969e+00) (0, 2.54576921463012695312e-01) (1, 2.71966904401779174805e-01) (2, -4.30216252803802490234e-01) (3, 2.18139433860778808594e+00) (0, 4.57500487565994262695e-01) (1, 9.81124162673950195312e-01) (2, -3.93342161178588867188e+00) (3, 1.15469384193420410156e+00) (0, -4.38103042542934417725e-02) (1, 1.48452013731002807617e-01) (2, -3.70741033554077148438e+00) (3, 5.25480583310127258301e-02) (0, 3.71983945369720458984e-01) (1, 9.55774545669555664062e-01) (2, -3.60416436195373535156e+00) (3, 1.20856225490570068359e+00) (0, 2.60398864746093750000e+01) (1, 2.50779724121093750000e+01) (2, 3.73397827148437500000e-01) (3, 2.29041194915771484375e+01) (4, 1.51768076419830322266e+00) (5, -3.43439608812332153320e-01) (6, -3.97672033309936523438e+00) (7, -2.32976365089416503906e+00) (8, -3.45517158508300781250e-01) (9, -2.31575053185224533081e-02) (10, -3.47737669944763183594e-01) (11, 5.00000000000000000000e+01) (12, -4.21175807714462280273e-01) 
