FANN_FLO_2.1
num_layers=3
learning_rate=0.500000
connection_rate=1.000000
network_type=0
learning_momentum=0.000000
training_algorithm=2
train_error_function=1
train_stop_function=0
cascade_output_change_fraction=0.010000
quickprop_decay=-0.000100
quickprop_mu=1.750000
rprop_increase_factor=1.200000
rprop_decrease_factor=0.500000
rprop_delta_min=0.000000
rprop_delta_max=50.000000
rprop_delta_zero=0.100000
cascade_output_stagnation_epochs=12
cascade_candidate_change_fraction=0.010000
cascade_candidate_stagnation_epochs=12
cascade_max_out_epochs=150
cascade_min_out_epochs=50
cascade_max_cand_epochs=150
cascade_min_cand_epochs=50
cascade_num_candidate_groups=2
bit_fail_limit=3.49999994039535522461e-01
cascade_candidate_limit=1.00000000000000000000e+03
cascade_weight_multiplier=4.00000005960464477539e-01
cascade_activation_functions_count=10
cascade_activation_functions=3 5 7 8 10 11 14 15 16 17 
cascade_activation_steepnesses_count=4
cascade_activation_steepnesses=2.50000000000000000000e-01 5.00000000000000000000e-01 7.50000000000000000000e-01 1.00000000000000000000e+00 
layer_sizes=3 5 4 
scale_included=0
neurons (num_inputs, activation_function, activation_steepness)=(0, 0, 0.00000000000000000000e+00) (0, 0, 0.00000000000000000000e+00) (0, 0, 0.00000000000000000000e+00) (3, 3, 5.00000000000000000000e-01) (3, 3, 5.00000000000000000000e-01) (3, 3, 5.00000000000000000000e-01) (3, 3, 5.00000000000000000000e-01) (0, 3, 0.00000000000000000000e+00) (5, 0, 5.00000000000000000000e-01) (5, 0, 5.00000000000000000000e-01) (5, 0, 5.00000000000000000000e-01) (0, 0, 0.00000000000000000000e+00) 
connections (connected_to_neuron, weight)=(0, -1.25235157012939453125e+01) (1, 7.29029273986816406250e+00) (2, 6.53265666961669921875e+00) (0, -2.70941209793090820312e+00) (1, 3.11166167259216308594e-01) (2, 1.58094003796577453613e-01) (0, -1.08817348480224609375e+01) (1, 9.98825931549072265625e+00) (2, 1.21997261047363281250e+01) (0, -1.91925704479217529297e+00) (1, -2.35673761367797851562e+00) (2, 7.94681429862976074219e-01) (3, 1.29110586643218994141e+00) (4, 4.40392971038818359375e+00) (5, 8.70999872684478759766e-01) (6, 2.86827707290649414062e+00) (7, 9.44669485092163085938e-01) (3, 4.50324058532714843750e+00) (4, 1.15128355026245117188e+01) (5, 4.05114936828613281250e+00) (6, 9.07222175598144531250e+00) (7, 3.54854202270507812500e+00) (3, 1.38508415222167968750e+01) (4, 3.42888221740722656250e+01) (5, 1.56755809783935546875e+01) (6, 3.04356918334960937500e+01) (7, 1.59299430847167968750e+01) 
