FANN_FLO_2.1
num_layers=4
learning_rate=0.500000
connection_rate=1.000000
network_type=0
learning_momentum=0.000000
training_algorithm=2
train_error_function=1
train_stop_function=0
cascade_output_change_fraction=0.010000
quickprop_decay=-0.000100
quickprop_mu=1.750000
rprop_increase_factor=1.200000
rprop_decrease_factor=0.500000
rprop_delta_min=0.000000
rprop_delta_max=50.000000
rprop_delta_zero=0.100000
cascade_output_stagnation_epochs=12
cascade_candidate_change_fraction=0.010000
cascade_candidate_stagnation_epochs=12
cascade_max_out_epochs=150
cascade_min_out_epochs=50
cascade_max_cand_epochs=150
cascade_min_cand_epochs=50
cascade_num_candidate_groups=2
bit_fail_limit=3.49999994039535522461e-01
cascade_candidate_limit=1.00000000000000000000e+03
cascade_weight_multiplier=4.00000005960464477539e-01
cascade_activation_functions_count=10
cascade_activation_functions=3 5 7 8 10 11 14 15 16 17 
cascade_activation_steepnesses_count=4
cascade_activation_steepnesses=2.50000000000000000000e-01 5.00000000000000000000e-01 7.50000000000000000000e-01 1.00000000000000000000e+00 
layer_sizes=4 5 3 2 
scale_included=0
neurons (num_inputs, activation_function, activation_steepness)=(0, 0, 0.00000000000000000000e+00) (0, 0, 0.00000000000000000000e+00) (0, 0, 0.00000000000000000000e+00) (0, 0, 0.00000000000000000000e+00) (4, 3, 5.00000000000000000000e-01) (4, 3, 5.00000000000000000000e-01) (4, 3, 5.00000000000000000000e-01) (4, 3, 5.00000000000000000000e-01) (0, 3, 0.00000000000000000000e+00) (5, 3, 5.00000000000000000000e-01) (5, 3, 5.00000000000000000000e-01) (0, 3, 0.00000000000000000000e+00) (3, 3, 5.00000000000000000000e-01) (0, 3, 0.00000000000000000000e+00) 
connections (connected_to_neuron, weight)=(0, -1.50000000000000000000e+03) (1, -1.41503405761718750000e+03) (2, -1.50000000000000000000e+03) (3, -1.06374275684356689453e+00) (0, -1.84814870357513427734e+00) (1, -4.31638908386230468750e+00) (2, -3.79620099067687988281e+00) (3, 2.92445373535156250000e+00) (0, -1.88832402229309082031e+00) (1, -4.93749475479125976562e+00) (2, -3.06131792068481445312e+00) (3, 2.63310360908508300781e+00) (0, -5.48860549926757812500e+00) (1, 4.84997749328613281250e+00) (2, -1.24794626235961914062e+00) (3, 1.48112285137176513672e+00) (4, 2.40451858520507812500e+02) (5, 8.47870922088623046875e+00) (6, 1.84846611022949218750e+01) (7, 1.18146619796752929688e+01) (8, -8.82702159881591796875e+00) (4, -5.64824581146240234375e+00) (5, 4.26177787780761718750e+00) (6, 5.53320026397705078125e+00) (7, -1.82010197639465332031e+00) (8, -2.57150888442993164062e+00) (9, -5.72862386703491210938e+00) (10, 9.72991287708282470703e-01) (11, 2.61959338188171386719e+00) 
