FANN_FLO_2.1
num_layers=3
learning_rate=0.450000
connection_rate=1.000000
network_type=0
learning_momentum=0.000000
training_algorithm=2
train_error_function=1
train_stop_function=0
cascade_output_change_fraction=0.010000
quickprop_decay=-0.000100
quickprop_mu=1.750000
rprop_increase_factor=1.200000
rprop_decrease_factor=0.500000
rprop_delta_min=0.000000
rprop_delta_max=50.000000
rprop_delta_zero=0.100000
cascade_output_stagnation_epochs=12
cascade_candidate_change_fraction=0.010000
cascade_candidate_stagnation_epochs=12
cascade_max_out_epochs=150
cascade_min_out_epochs=50
cascade_max_cand_epochs=150
cascade_min_cand_epochs=50
cascade_num_candidate_groups=2
bit_fail_limit=3.49999994039535522461e-01
cascade_candidate_limit=1.00000000000000000000e+03
cascade_weight_multiplier=4.00000005960464477539e-01
cascade_activation_functions_count=10
cascade_activation_functions=3 5 7 8 10 11 14 15 16 17 
cascade_activation_steepnesses_count=4
cascade_activation_steepnesses=2.50000000000000000000e-01 5.00000000000000000000e-01 7.50000000000000000000e-01 1.00000000000000000000e+00 
layer_sizes=7 5 2 
scale_included=0
neurons (num_inputs, activation_function, activation_steepness)=(0, 0, 0.00000000000000000000e+00) (0, 0, 0.00000000000000000000e+00) (0, 0, 0.00000000000000000000e+00) (0, 0, 0.00000000000000000000e+00) (0, 0, 0.00000000000000000000e+00) (0, 0, 0.00000000000000000000e+00) (0, 0, 0.00000000000000000000e+00) (7, 3, 5.00000000000000000000e-01) (7, 3, 5.00000000000000000000e-01) (7, 3, 5.00000000000000000000e-01) (7, 3, 5.00000000000000000000e-01) (0, 3, 0.00000000000000000000e+00) (5, 0, 5.00000000000000000000e-01) (0, 0, 0.00000000000000000000e+00) 
connections (connected_to_neuron, weight)=(0, -2.98706893920898437500e+01) (1, 1.99162883758544921875e+01) (2, 3.79228740930557250977e-01) (3, -4.04245109558105468750e+01) (4, 9.81635208129882812500e+01) (5, -3.71860122680664062500e+01) (6, -3.07155966758728027344e-01) (0, 2.72333882749080657959e-02) (1, -1.97944462299346923828e-01) (2, 1.85732975602149963379e-01) (3, 1.13678947091102600098e-01) (4, -4.36689674854278564453e-01) (5, 2.95502245426177978516e-01) (6, -1.69114494323730468750e+00) (0, -1.72695236206054687500e+01) (1, 2.83036308288574218750e+01) (2, -3.26624929904937744141e-01) (3, -1.32831439971923828125e+01) (4, 5.38738281250000000000e+02) (5, -7.26190865039825439453e-01) (6, -3.80277872085571289062e-01) (0, -3.81411194801330566406e-01) (1, 2.30808168649673461914e-01) (2, 3.70475554466247558594e+00) (3, -9.65514421463012695312e-01) (4, 3.17863559722900390625e+00) (5, 1.98641955852508544922e+00) (6, 2.27207922935485839844e+00) (7, 2.33752038329839706421e-02) (8, 1.37376770377159118652e-01) (9, 1.40424016863107681274e-02) (10, -4.99598890542984008789e-01) (11, 4.65732574462890625000e-01) 
