FANN_FLO_2.1
num_layers=4
learning_rate=0.500000
connection_rate=1.000000
network_type=0
learning_momentum=0.000000
training_algorithm=2
train_error_function=1
train_stop_function=0
cascade_output_change_fraction=0.010000
quickprop_decay=-0.000100
quickprop_mu=1.750000
rprop_increase_factor=1.200000
rprop_decrease_factor=0.500000
rprop_delta_min=0.000000
rprop_delta_max=50.000000
rprop_delta_zero=0.100000
cascade_output_stagnation_epochs=12
cascade_candidate_change_fraction=0.010000
cascade_candidate_stagnation_epochs=12
cascade_max_out_epochs=150
cascade_min_out_epochs=50
cascade_max_cand_epochs=150
cascade_min_cand_epochs=50
cascade_num_candidate_groups=2
bit_fail_limit=3.49999994039535522461e-01
cascade_candidate_limit=1.00000000000000000000e+03
cascade_weight_multiplier=4.00000005960464477539e-01
cascade_activation_functions_count=10
cascade_activation_functions=3 5 7 8 10 11 14 15 16 17 
cascade_activation_steepnesses_count=4
cascade_activation_steepnesses=2.50000000000000000000e-01 5.00000000000000000000e-01 7.50000000000000000000e-01 1.00000000000000000000e+00 
layer_sizes=4 5 5 2 
scale_included=0
neurons (num_inputs, activation_function, activation_steepness)=(0, 0, 0.00000000000000000000e+00) (0, 0, 0.00000000000000000000e+00) (0, 0, 0.00000000000000000000e+00) (0, 0, 0.00000000000000000000e+00) (4, 3, 5.00000000000000000000e-01) (4, 3, 5.00000000000000000000e-01) (4, 3, 5.00000000000000000000e-01) (4, 3, 5.00000000000000000000e-01) (0, 3, 0.00000000000000000000e+00) (5, 3, 5.00000000000000000000e-01) (5, 3, 5.00000000000000000000e-01) (5, 3, 5.00000000000000000000e-01) (5, 3, 5.00000000000000000000e-01) (0, 3, 0.00000000000000000000e+00) (5, 3, 5.00000000000000000000e-01) (0, 3, 0.00000000000000000000e+00) 
connections (connected_to_neuron, weight)=(0, -1.60698711872100830078e+00) (1, -1.20239753723144531250e+01) (2, -1.73130595684051513672e+00) (3, 1.21507346630096435547e+00) (0, -2.04101705551147460938e+00) (1, -1.19658918380737304688e+01) (2, 6.34932637214660644531e-01) (3, 3.46286988258361816406e+00) (0, -4.62568569183349609375e+00) (1, -3.76137113571166992188e+00) (2, 3.52780640125274658203e-01) (3, 2.79109072685241699219e+00) (0, 4.17300701141357421875e+00) (1, -1.58390483856201171875e+01) (2, -1.40641784667968750000e+00) (3, 1.37038660049438476562e+00) (4, -1.54629840850830078125e+01) (5, 1.47506818771362304688e+01) (6, 6.70283842086791992188e+00) (7, -2.72897958755493164062e+00) (8, -2.34515810012817382812e+00) (4, -5.53408088684082031250e+01) (5, 4.53600044250488281250e+01) (6, 1.95139465332031250000e+01) (7, -8.84982585906982421875e+00) (8, -8.85549926757812500000e+00) (4, -1.39342432022094726562e+01) (5, 2.18132114410400390625e+01) (6, 7.02239370346069335938e+00) (7, -6.53290891647338867188e+00) (8, -3.30218386650085449219e+00) (4, -4.48357200622558593750e+01) (5, 2.70072250366210937500e+01) (6, 1.93404197692871093750e+01) (7, 9.96936440467834472656e-01) (8, -7.85639572143554687500e+00) (9, 1.84825229644775390625e+00) (10, -2.99541020393371582031e+00) (11, -2.08711957931518554688e+00) (12, -1.21717131137847900391e+00) (13, 2.20362734794616699219e+00) 
