FANN_FLO_2.1
num_layers=3
learning_rate=0.500000
connection_rate=1.000000
network_type=0
learning_momentum=0.000000
training_algorithm=2
train_error_function=1
train_stop_function=0
cascade_output_change_fraction=0.010000
quickprop_decay=-0.000100
quickprop_mu=1.750000
rprop_increase_factor=1.200000
rprop_decrease_factor=0.500000
rprop_delta_min=0.000000
rprop_delta_max=50.000000
rprop_delta_zero=0.100000
cascade_output_stagnation_epochs=12
cascade_candidate_change_fraction=0.010000
cascade_candidate_stagnation_epochs=12
cascade_max_out_epochs=150
cascade_min_out_epochs=50
cascade_max_cand_epochs=150
cascade_min_cand_epochs=50
cascade_num_candidate_groups=2
bit_fail_limit=3.49999994039535522461e-01
cascade_candidate_limit=1.00000000000000000000e+03
cascade_weight_multiplier=4.00000005960464477539e-01
cascade_activation_functions_count=10
cascade_activation_functions=3 5 7 8 10 11 14 15 16 17 
cascade_activation_steepnesses_count=4
cascade_activation_steepnesses=2.50000000000000000000e-01 5.00000000000000000000e-01 7.50000000000000000000e-01 1.00000000000000000000e+00 
layer_sizes=10 5 2 
scale_included=0
neurons (num_inputs, activation_function, activation_steepness)=(0, 0, 0.00000000000000000000e+00) (0, 0, 0.00000000000000000000e+00) (0, 0, 0.00000000000000000000e+00) (0, 0, 0.00000000000000000000e+00) (0, 0, 0.00000000000000000000e+00) (0, 0, 0.00000000000000000000e+00) (0, 0, 0.00000000000000000000e+00) (0, 0, 0.00000000000000000000e+00) (0, 0, 0.00000000000000000000e+00) (0, 0, 0.00000000000000000000e+00) (10, 3, 5.00000000000000000000e-01) (10, 3, 5.00000000000000000000e-01) (10, 3, 5.00000000000000000000e-01) (10, 3, 5.00000000000000000000e-01) (0, 3, 0.00000000000000000000e+00) (5, 3, 5.00000000000000000000e-01) (0, 3, 0.00000000000000000000e+00) 
connections (connected_to_neuron, weight)=(0, -4.31210458278656005859e-01) (1, -6.31007790565490722656e-01) (2, -2.57795006036758422852e-01) (3, -3.94830852746963500977e-01) (4, -6.83090567588806152344e-01) (5, -5.80113708972930908203e-01) (6, -3.72163772583007812500e-01) (7, -2.65816062688827514648e-01) (8, -3.45477283000946044922e-01) (9, 1.36479449272155761719e+00) (0, -4.64275568723678588867e-01) (1, -3.90347748994827270508e-01) (2, -4.89453852176666259766e-01) (3, -3.93799602985382080078e-01) (4, -2.91137234307825565338e-03) (5, -3.89643520116806030273e-01) (6, -4.62976127862930297852e-01) (7, -5.87256729602813720703e-01) (8, -4.63960736989974975586e-01) (9, 8.75833868980407714844e-01) (0, -4.50291574001312255859e-01) (1, -4.25842218101024627686e-02) (2, -6.35205268859863281250e-01) (3, -5.58085799217224121094e-01) (4, 7.62524530291557312012e-02) (5, -1.70115321874618530273e-01) (6, -6.25573098659515380859e-01) (7, -4.97389107942581176758e-01) (8, -4.39309984445571899414e-01) (9, 5.58252871036529541016e-01) (0, -2.28592753410339355469e-01) (1, -3.98161649703979492188e-01) (2, -3.85988533496856689453e-01) (3, -4.47796523571014404297e-01) (4, -8.27757596969604492188e-01) (5, -3.94698113203048706055e-01) (6, -2.49592468142509460449e-01) (7, -3.52565437555313110352e-01) (8, -3.80931884050369262695e-01) (9, 1.03590452671051025391e+00) (10, -1.45588779449462890625e+00) (11, -1.61545956134796142578e+00) (12, -7.49273061752319335938e-01) (13, -1.34744036197662353516e+00) (14, 1.58021438121795654297e+00) 
