FANN_FLO_2.1
num_layers=4
learning_rate=0.500000
connection_rate=1.000000
network_type=0
learning_momentum=0.000000
training_algorithm=2
train_error_function=1
train_stop_function=0
cascade_output_change_fraction=0.010000
quickprop_decay=-0.000100
quickprop_mu=1.750000
rprop_increase_factor=1.200000
rprop_decrease_factor=0.500000
rprop_delta_min=0.000000
rprop_delta_max=50.000000
rprop_delta_zero=0.100000
cascade_output_stagnation_epochs=12
cascade_candidate_change_fraction=0.010000
cascade_candidate_stagnation_epochs=12
cascade_max_out_epochs=150
cascade_min_out_epochs=50
cascade_max_cand_epochs=150
cascade_min_cand_epochs=50
cascade_num_candidate_groups=2
bit_fail_limit=3.49999994039535522461e-01
cascade_candidate_limit=1.00000000000000000000e+03
cascade_weight_multiplier=4.00000005960464477539e-01
cascade_activation_functions_count=10
cascade_activation_functions=3 5 7 8 10 11 14 15 16 17 
cascade_activation_steepnesses_count=4
cascade_activation_steepnesses=2.50000000000000000000e-01 5.00000000000000000000e-01 7.50000000000000000000e-01 1.00000000000000000000e+00 
layer_sizes=18 3 3 2 
scale_included=0
neurons (num_inputs, activation_function, activation_steepness)=(0, 0, 0.00000000000000000000e+00) (0, 0, 0.00000000000000000000e+00) (0, 0, 0.00000000000000000000e+00) (0, 0, 0.00000000000000000000e+00) (0, 0, 0.00000000000000000000e+00) (0, 0, 0.00000000000000000000e+00) (0, 0, 0.00000000000000000000e+00) (0, 0, 0.00000000000000000000e+00) (0, 0, 0.00000000000000000000e+00) (0, 0, 0.00000000000000000000e+00) (0, 0, 0.00000000000000000000e+00) (0, 0, 0.00000000000000000000e+00) (0, 0, 0.00000000000000000000e+00) (0, 0, 0.00000000000000000000e+00) (0, 0, 0.00000000000000000000e+00) (0, 0, 0.00000000000000000000e+00) (0, 0, 0.00000000000000000000e+00) (0, 0, 0.00000000000000000000e+00) (18, 3, 5.00000000000000000000e-01) (18, 3, 5.00000000000000000000e-01) (0, 3, 0.00000000000000000000e+00) (3, 3, 5.00000000000000000000e-01) (3, 3, 5.00000000000000000000e-01) (0, 3, 0.00000000000000000000e+00) (3, 0, 5.00000000000000000000e-01) (0, 0, 0.00000000000000000000e+00) 
connections (connected_to_neuron, weight)=(0, -8.46773433685302734375e+00) (1, 2.00753173828125000000e+01) (2, -7.38903884887695312500e+01) (3, -4.62375593185424804688e+00) (4, 6.76554012298583984375e+00) (5, 2.54126796722412109375e+01) (6, -1.11546058654785156250e+01) (7, 2.82887821197509765625e+01) (8, 1.52809982299804687500e+01) (9, -1.29962707519531250000e+02) (10, 2.77591495513916015625e+01) (11, 4.97518386840820312500e+01) (12, -2.85462665557861328125e+01) (13, 4.22658576965332031250e+01) (14, 5.96496200561523437500e+00) (15, -1.44015288352966308594e+00) (16, -5.15457296371459960938e+00) (17, 6.32257652282714843750e+01) (0, 1.49016451835632324219e+00) (1, 1.81880486011505126953e+00) (2, 2.16949510574340820312e+00) (3, 1.67374801635742187500e+00) (4, 1.12395334243774414062e+00) (5, -1.29736495018005371094e+00) (6, -2.70419359207153320312e+00) (7, -1.14647543430328369141e+00) (8, -1.76492705941200256348e-01) (9, 1.55408477783203125000e+00) (10, 1.46316254138946533203e+00) (11, 1.96653974056243896484e+00) (12, 7.99219787120819091797e-01) (13, 2.57094025611877441406e+00) (14, 1.49246931076049804688e+00) (15, 1.21001231670379638672e+00) (16, 1.86956083774566650391e+00) (17, -6.02029609680175781250e+00) (18, 2.09098291397094726562e+00) (19, 1.50000000000000000000e+03) (20, 1.37693834304809570312e+00) (18, -1.37299549579620361328e+00) (19, 3.53417325019836425781e+00) (20, -1.32129549980163574219e+00) (21, 2.13831686973571777344e+00) (22, 1.10313119888305664062e+01) (23, 1.95770394802093505859e+00) 
