FANN_FLO_2.1
num_layers=3
learning_rate=0.500000
connection_rate=1.000000
network_type=0
learning_momentum=0.000000
training_algorithm=2
train_error_function=1
train_stop_function=0
cascade_output_change_fraction=0.010000
quickprop_decay=-0.000100
quickprop_mu=1.750000
rprop_increase_factor=1.200000
rprop_decrease_factor=0.500000
rprop_delta_min=0.000000
rprop_delta_max=50.000000
rprop_delta_zero=0.100000
cascade_output_stagnation_epochs=12
cascade_candidate_change_fraction=0.010000
cascade_candidate_stagnation_epochs=12
cascade_max_out_epochs=150
cascade_min_out_epochs=50
cascade_max_cand_epochs=150
cascade_min_cand_epochs=50
cascade_num_candidate_groups=2
bit_fail_limit=3.49999994039535522461e-01
cascade_candidate_limit=1.00000000000000000000e+03
cascade_weight_multiplier=4.00000005960464477539e-01
cascade_activation_functions_count=10
cascade_activation_functions=3 5 7 8 10 11 14 15 16 17 
cascade_activation_steepnesses_count=4
cascade_activation_steepnesses=2.50000000000000000000e-01 5.00000000000000000000e-01 7.50000000000000000000e-01 1.00000000000000000000e+00 
layer_sizes=3 5 4 
scale_included=0
neurons (num_inputs, activation_function, activation_steepness)=(0, 0, 0.00000000000000000000e+00) (0, 0, 0.00000000000000000000e+00) (0, 0, 0.00000000000000000000e+00) (3, 3, 5.00000000000000000000e-01) (3, 3, 5.00000000000000000000e-01) (3, 3, 5.00000000000000000000e-01) (3, 3, 5.00000000000000000000e-01) (0, 3, 0.00000000000000000000e+00) (5, 0, 5.00000000000000000000e-01) (5, 0, 5.00000000000000000000e-01) (5, 0, 5.00000000000000000000e-01) (0, 0, 0.00000000000000000000e+00) 
connections (connected_to_neuron, weight)=(0, -1.30116927623748779297e+00) (1, -1.03737413883209228516e+00) (2, 4.15272623300552368164e-01) (0, -5.29073667526245117188e+00) (1, 2.52549839019775390625e+00) (2, -1.24945318698883056641e+00) (0, -1.39461469650268554688e+01) (1, 1.08702030181884765625e+01) (2, 4.39098119735717773438e+00) (0, -1.06048183441162109375e+01) (1, 9.62874603271484375000e+00) (2, 1.16920261383056640625e+01) (3, 5.32041215896606445312e+00) (4, 2.61125659942626953125e+00) (5, 1.07916569709777832031e+00) (6, 9.49912130832672119141e-01) (7, 8.04290771484375000000e-01) (3, 1.67421302795410156250e+01) (4, 5.89444971084594726562e+00) (5, 4.48485469818115234375e+00) (6, 3.77288365364074707031e+00) (7, 3.24540066719055175781e+00) (3, 5.15864982604980468750e+01) (4, 1.84427947998046875000e+01) (5, 1.27524986267089843750e+01) (6, 1.51857824325561523438e+01) (7, 1.45959320068359375000e+01) 
