FANN_FLO_2.1
num_layers=4
learning_rate=0.450000
connection_rate=1.000000
network_type=0
learning_momentum=0.000000
training_algorithm=2
train_error_function=1
train_stop_function=0
cascade_output_change_fraction=0.010000
quickprop_decay=-0.000100
quickprop_mu=1.750000
rprop_increase_factor=1.200000
rprop_decrease_factor=0.500000
rprop_delta_min=0.000000
rprop_delta_max=50.000000
rprop_delta_zero=0.100000
cascade_output_stagnation_epochs=12
cascade_candidate_change_fraction=0.010000
cascade_candidate_stagnation_epochs=12
cascade_max_out_epochs=150
cascade_min_out_epochs=50
cascade_max_cand_epochs=150
cascade_min_cand_epochs=50
cascade_num_candidate_groups=2
bit_fail_limit=3.49999994039535522461e-01
cascade_candidate_limit=1.00000000000000000000e+03
cascade_weight_multiplier=4.00000005960464477539e-01
cascade_activation_functions_count=10
cascade_activation_functions=3 5 7 8 10 11 14 15 16 17 
cascade_activation_steepnesses_count=4
cascade_activation_steepnesses=2.50000000000000000000e-01 5.00000000000000000000e-01 7.50000000000000000000e-01 1.00000000000000000000e+00 
layer_sizes=7 5 5 2 
scale_included=0
neurons (num_inputs, activation_function, activation_steepness)=(0, 0, 0.00000000000000000000e+00) (0, 0, 0.00000000000000000000e+00) (0, 0, 0.00000000000000000000e+00) (0, 0, 0.00000000000000000000e+00) (0, 0, 0.00000000000000000000e+00) (0, 0, 0.00000000000000000000e+00) (0, 0, 0.00000000000000000000e+00) (7, 3, 5.00000000000000000000e-01) (7, 3, 5.00000000000000000000e-01) (7, 3, 5.00000000000000000000e-01) (7, 3, 5.00000000000000000000e-01) (0, 3, 0.00000000000000000000e+00) (5, 3, 5.00000000000000000000e-01) (5, 3, 5.00000000000000000000e-01) (5, 3, 5.00000000000000000000e-01) (5, 3, 5.00000000000000000000e-01) (0, 3, 0.00000000000000000000e+00) (5, 0, 5.00000000000000000000e-01) (0, 0, 0.00000000000000000000e+00) 
connections (connected_to_neuron, weight)=(0, -4.93086159229278564453e-01) (1, 1.15963602066040039062e+00) (2, -5.56820750236511230469e-01) (3, 1.59994021058082580566e-01) (4, 3.51435661315917968750e-01) (5, -5.33277451992034912109e-01) (6, 3.61664056777954101562e+00) (0, -6.23516976833343505859e-01) (1, 1.04462897777557373047e+00) (2, -2.02977284789085388184e-01) (3, 5.90536713600158691406e-01) (4, 6.01542115211486816406e-01) (5, -1.16817951202392578125e+00) (6, 7.01873302459716796875e-01) (0, -5.12524366378784179688e-01) (1, 1.08381676673889160156e+00) (2, -4.47470039129257202148e-01) (3, 3.43981504440307617188e-01) (4, 5.20739316940307617188e-01) (5, -8.92359495162963867188e-01) (6, 3.29637765884399414062e+00) (0, -4.42442782223224639893e-02) (1, -5.13781905174255371094e-01) (2, 4.74615603685379028320e-01) (3, -2.46332883834838867188e-01) (4, -8.48289072513580322266e-01) (5, 1.13147628307342529297e+00) (6, 1.95580253601074218750e+01) (7, -3.31729469299316406250e+01) (8, -6.10094833374023437500e+00) (9, -6.49832439422607421875e+00) (10, 7.52686786651611328125e+00) (11, 1.31165936589241027832e-01) (7, -1.03266845703125000000e+02) (8, -2.26875190734863281250e+01) (9, -1.08863019943237304688e+00) (10, -1.50000000000000000000e+03) (11, 8.52137580513954162598e-02) (7, 5.40594062805175781250e+01) (8, -6.34131317138671875000e+01) (9, -2.94605875015258789062e+00) (10, -1.50000000000000000000e+03) (11, -2.10279244929552078247e-02) (7, 1.69095726013183593750e+01) (8, -1.75126846313476562500e+02) (9, -6.36068701744079589844e-01) (10, -1.50000000000000000000e+03) (11, 1.97810316085815429688e+00) (12, 8.71039405465126037598e-02) (13, 1.50000000000000000000e+03) (14, 1.42447387695312500000e+03) (15, 1.50000000000000000000e+03) (16, 7.84460734575986862183e-03) 
