FANN_FLO_2.1
num_layers=3
learning_rate=0.500000
connection_rate=1.000000
network_type=0
learning_momentum=0.000000
training_algorithm=2
train_error_function=1
train_stop_function=0
cascade_output_change_fraction=0.010000
quickprop_decay=-0.000100
quickprop_mu=1.750000
rprop_increase_factor=1.200000
rprop_decrease_factor=0.500000
rprop_delta_min=0.000000
rprop_delta_max=50.000000
rprop_delta_zero=0.100000
cascade_output_stagnation_epochs=12
cascade_candidate_change_fraction=0.010000
cascade_candidate_stagnation_epochs=12
cascade_max_out_epochs=150
cascade_min_out_epochs=50
cascade_max_cand_epochs=150
cascade_min_cand_epochs=50
cascade_num_candidate_groups=2
bit_fail_limit=3.49999994039535522461e-01
cascade_candidate_limit=1.00000000000000000000e+03
cascade_weight_multiplier=4.00000005960464477539e-01
cascade_activation_functions_count=10
cascade_activation_functions=3 5 7 8 10 11 14 15 16 17 
cascade_activation_steepnesses_count=4
cascade_activation_steepnesses=2.50000000000000000000e-01 5.00000000000000000000e-01 7.50000000000000000000e-01 1.00000000000000000000e+00 
layer_sizes=3 5 4 
scale_included=0
neurons (num_inputs, activation_function, activation_steepness)=(0, 0, 0.00000000000000000000e+00) (0, 0, 0.00000000000000000000e+00) (0, 0, 0.00000000000000000000e+00) (3, 3, 5.00000000000000000000e-01) (3, 3, 5.00000000000000000000e-01) (3, 3, 5.00000000000000000000e-01) (3, 3, 5.00000000000000000000e-01) (0, 3, 0.00000000000000000000e+00) (5, 0, 5.00000000000000000000e-01) (5, 0, 5.00000000000000000000e-01) (5, 0, 5.00000000000000000000e-01) (0, 0, 0.00000000000000000000e+00) 
connections (connected_to_neuron, weight)=(0, -5.40221443176269531250e+01) (1, 1.22476310729980468750e+01) (2, 2.22552452087402343750e+01) (0, -1.50000000000000000000e+03) (1, -1.46959997558593750000e+03) (2, 1.79796848297119140625e+01) (0, -1.50000000000000000000e+03) (1, -4.77559804916381835938e-01) (2, 2.96248874664306640625e+01) (0, -3.69608078002929687500e+01) (1, 1.78340530395507812500e+01) (2, 2.49247913360595703125e+01) (3, 1.15726864337921142578e+00) (4, 2.54649162292480468750e+00) (5, 2.70967555046081542969e+00) (6, 1.14868390560150146484e+00) (7, 2.47584438323974609375e+00) (3, 3.78651094436645507812e+00) (4, 6.67985248565673828125e+00) (5, 7.17648839950561523438e+00) (6, 3.80118560791015625000e+00) (7, 9.41081523895263671875e+00) (3, 1.21822423934936523438e+01) (4, 2.00714855194091796875e+01) (5, 2.30247802734375000000e+01) (6, 1.21051387786865234375e+01) (7, 3.56233367919921875000e+01) 
