FANN_FLO_2.1
num_layers=3
learning_rate=0.500000
connection_rate=1.000000
network_type=0
learning_momentum=0.000000
training_algorithm=2
train_error_function=1
train_stop_function=0
cascade_output_change_fraction=0.010000
quickprop_decay=-0.000100
quickprop_mu=1.750000
rprop_increase_factor=1.200000
rprop_decrease_factor=0.500000
rprop_delta_min=0.000000
rprop_delta_max=50.000000
rprop_delta_zero=0.100000
cascade_output_stagnation_epochs=12
cascade_candidate_change_fraction=0.010000
cascade_candidate_stagnation_epochs=12
cascade_max_out_epochs=150
cascade_min_out_epochs=50
cascade_max_cand_epochs=150
cascade_min_cand_epochs=50
cascade_num_candidate_groups=2
bit_fail_limit=3.49999994039535522461e-01
cascade_candidate_limit=1.00000000000000000000e+03
cascade_weight_multiplier=4.00000005960464477539e-01
cascade_activation_functions_count=10
cascade_activation_functions=3 5 7 8 10 11 14 15 16 17 
cascade_activation_steepnesses_count=4
cascade_activation_steepnesses=2.50000000000000000000e-01 5.00000000000000000000e-01 7.50000000000000000000e-01 1.00000000000000000000e+00 
layer_sizes=10 3 2 
scale_included=0
neurons (num_inputs, activation_function, activation_steepness)=(0, 0, 0.00000000000000000000e+00) (0, 0, 0.00000000000000000000e+00) (0, 0, 0.00000000000000000000e+00) (0, 0, 0.00000000000000000000e+00) (0, 0, 0.00000000000000000000e+00) (0, 0, 0.00000000000000000000e+00) (0, 0, 0.00000000000000000000e+00) (0, 0, 0.00000000000000000000e+00) (0, 0, 0.00000000000000000000e+00) (0, 0, 0.00000000000000000000e+00) (10, 3, 5.00000000000000000000e-01) (10, 3, 5.00000000000000000000e-01) (0, 3, 0.00000000000000000000e+00) (3, 3, 5.00000000000000000000e-01) (0, 3, 0.00000000000000000000e+00) 
connections (connected_to_neuron, weight)=(0, -4.07061249017715454102e-01) (1, -5.10216653347015380859e-01) (2, -4.12632077932357788086e-01) (3, -4.71370279788970947266e-01) (4, -4.99037891626358032227e-01) (5, -5.97069025039672851562e-01) (6, -3.22466701269149780273e-01) (7, -3.78773868083953857422e-01) (8, -3.79608660936355590820e-01) (9, 1.70856523513793945312e+00) (0, 5.19834995269775390625e-01) (1, 2.48716637492179870605e-01) (2, 5.14901161193847656250e-01) (3, 3.88193070888519287109e-01) (4, 2.38753721117973327637e-01) (5, 4.85343039035797119141e-02) (6, 7.00990498065948486328e-01) (7, 5.78789055347442626953e-01) (8, 5.36220908164978027344e-01) (9, -7.19757378101348876953e-01) (10, -3.13461446762084960938e+00) (11, 1.66894805431365966797e+00) (12, 8.80311951041221618652e-02) 
