FANN_FLO_2.1
num_layers=3
learning_rate=0.500000
connection_rate=1.000000
network_type=0
learning_momentum=0.000000
training_algorithm=2
train_error_function=1
train_stop_function=0
cascade_output_change_fraction=0.010000
quickprop_decay=-0.000100
quickprop_mu=1.750000
rprop_increase_factor=1.200000
rprop_decrease_factor=0.500000
rprop_delta_min=0.000000
rprop_delta_max=50.000000
rprop_delta_zero=0.100000
cascade_output_stagnation_epochs=12
cascade_candidate_change_fraction=0.010000
cascade_candidate_stagnation_epochs=12
cascade_max_out_epochs=150
cascade_min_out_epochs=50
cascade_max_cand_epochs=150
cascade_min_cand_epochs=50
cascade_num_candidate_groups=2
bit_fail_limit=3.49999994039535522461e-01
cascade_candidate_limit=1.00000000000000000000e+03
cascade_weight_multiplier=4.00000005960464477539e-01
cascade_activation_functions_count=10
cascade_activation_functions=3 5 7 8 10 11 14 15 16 17 
cascade_activation_steepnesses_count=4
cascade_activation_steepnesses=2.50000000000000000000e-01 5.00000000000000000000e-01 7.50000000000000000000e-01 1.00000000000000000000e+00 
layer_sizes=7 5 2 
scale_included=0
neurons (num_inputs, activation_function, activation_steepness)=(0, 0, 0.00000000000000000000e+00) (0, 0, 0.00000000000000000000e+00) (0, 0, 0.00000000000000000000e+00) (0, 0, 0.00000000000000000000e+00) (0, 0, 0.00000000000000000000e+00) (0, 0, 0.00000000000000000000e+00) (0, 0, 0.00000000000000000000e+00) (7, 3, 5.00000000000000000000e-01) (7, 3, 5.00000000000000000000e-01) (7, 3, 5.00000000000000000000e-01) (7, 3, 5.00000000000000000000e-01) (0, 3, 0.00000000000000000000e+00) (5, 0, 5.00000000000000000000e-01) (0, 0, 0.00000000000000000000e+00) 
connections (connected_to_neuron, weight)=(0, -1.04806911945343017578e+00) (1, -7.90141642093658447266e-01) (2, 2.39415621757507324219e+00) (3, 1.08839786052703857422e+00) (4, 3.87967497110366821289e-01) (5, -1.70008316040039062500e+01) (6, -1.09095315933227539062e+01) (0, 3.36400032043457031250e+01) (1, -4.88457908630371093750e+01) (2, 2.41647839546203613281e+00) (3, -4.53892120361328125000e+02) (4, 2.51150970458984375000e+02) (5, 7.62873744964599609375e+00) (6, -9.07499134540557861328e-01) (0, -1.30250021815299987793e-01) (1, -3.13943833112716674805e-01) (2, 4.61008310317993164062e-01) (3, 3.20445559918880462646e-02) (4, -3.39764356613159179688e-01) (5, 3.47936987876892089844e-01) (6, -1.95893418788909912109e+00) (0, -3.85677397251129150391e-01) (1, -4.57620412111282348633e-01) (2, 3.16264891624450683594e+00) (3, -6.68736839294433593750e+00) (4, -4.28982830047607421875e+00) (5, 1.29661331176757812500e+01) (6, 1.20018720626831054688e+00) (7, 6.01147580891847610474e-03) (8, 5.81803591921925544739e-03) (9, 1.53493404388427734375e-01) (10, -3.08249257504940032959e-02) (11, 1.00789070129394531250e-02) 
