FANN_FLO_2.1
num_layers=4
learning_rate=0.450000
connection_rate=1.000000
network_type=0
learning_momentum=0.000000
training_algorithm=2
train_error_function=1
train_stop_function=0
cascade_output_change_fraction=0.010000
quickprop_decay=-0.000100
quickprop_mu=1.750000
rprop_increase_factor=1.200000
rprop_decrease_factor=0.500000
rprop_delta_min=0.000000
rprop_delta_max=50.000000
rprop_delta_zero=0.100000
cascade_output_stagnation_epochs=12
cascade_candidate_change_fraction=0.010000
cascade_candidate_stagnation_epochs=12
cascade_max_out_epochs=150
cascade_min_out_epochs=50
cascade_max_cand_epochs=150
cascade_min_cand_epochs=50
cascade_num_candidate_groups=2
bit_fail_limit=3.49999994039535522461e-01
cascade_candidate_limit=1.00000000000000000000e+03
cascade_weight_multiplier=4.00000005960464477539e-01
cascade_activation_functions_count=10
cascade_activation_functions=3 5 7 8 10 11 14 15 16 17 
cascade_activation_steepnesses_count=4
cascade_activation_steepnesses=2.50000000000000000000e-01 5.00000000000000000000e-01 7.50000000000000000000e-01 1.00000000000000000000e+00 
layer_sizes=7 3 3 2 
scale_included=0
neurons (num_inputs, activation_function, activation_steepness)=(0, 0, 0.00000000000000000000e+00) (0, 0, 0.00000000000000000000e+00) (0, 0, 0.00000000000000000000e+00) (0, 0, 0.00000000000000000000e+00) (0, 0, 0.00000000000000000000e+00) (0, 0, 0.00000000000000000000e+00) (0, 0, 0.00000000000000000000e+00) (7, 3, 5.00000000000000000000e-01) (7, 3, 5.00000000000000000000e-01) (0, 3, 0.00000000000000000000e+00) (3, 3, 5.00000000000000000000e-01) (3, 3, 5.00000000000000000000e-01) (0, 3, 0.00000000000000000000e+00) (3, 0, 5.00000000000000000000e-01) (0, 0, 0.00000000000000000000e+00) 
connections (connected_to_neuron, weight)=(0, 1.49267895507812500000e+03) (1, 1.76893436908721923828e+00) (2, 1.47486181640625000000e+03) (3, 1.49499279785156250000e+03) (4, 2.83585596084594726562e+00) (5, 1.47486181640625000000e+03) (6, 1.24191589355468750000e+01) (0, -1.41958579421043395996e-01) (1, 5.12004017829895019531e-01) (2, -4.21869337558746337891e-01) (3, -3.56378126889467239380e-03) (4, 3.66803854703903198242e-01) (5, -5.07468104362487792969e-01) (6, 5.24120330810546875000e+00) (7, -9.67594337463378906250e+00) (8, 2.53339529037475585938e+00) (9, -9.70691299438476562500e+00) (7, -2.51080489158630371094e+00) (8, 5.09047927856445312500e+01) (9, -4.94914197921752929688e+00) (10, -1.42950805664062500000e+03) (11, -4.74851697683334350586e-01) (12, 4.85584855079650878906e-01) 
