FANN_FLO_2.1
num_layers=3
learning_rate=0.500000
connection_rate=1.000000
network_type=0
learning_momentum=0.000000
training_algorithm=2
train_error_function=1
train_stop_function=0
cascade_output_change_fraction=0.010000
quickprop_decay=-0.000100
quickprop_mu=1.750000
rprop_increase_factor=1.200000
rprop_decrease_factor=0.500000
rprop_delta_min=0.000000
rprop_delta_max=50.000000
rprop_delta_zero=0.100000
cascade_output_stagnation_epochs=12
cascade_candidate_change_fraction=0.010000
cascade_candidate_stagnation_epochs=12
cascade_max_out_epochs=150
cascade_min_out_epochs=50
cascade_max_cand_epochs=150
cascade_min_cand_epochs=50
cascade_num_candidate_groups=2
bit_fail_limit=3.49999994039535522461e-01
cascade_candidate_limit=1.00000000000000000000e+03
cascade_weight_multiplier=4.00000005960464477539e-01
cascade_activation_functions_count=10
cascade_activation_functions=3 5 7 8 10 11 14 15 16 17 
cascade_activation_steepnesses_count=4
cascade_activation_steepnesses=2.50000000000000000000e-01 5.00000000000000000000e-01 7.50000000000000000000e-01 1.00000000000000000000e+00 
layer_sizes=3 9 4 
scale_included=0
neurons (num_inputs, activation_function, activation_steepness)=(0, 0, 0.00000000000000000000e+00) (0, 0, 0.00000000000000000000e+00) (0, 0, 0.00000000000000000000e+00) (3, 3, 5.00000000000000000000e-01) (3, 3, 5.00000000000000000000e-01) (3, 3, 5.00000000000000000000e-01) (3, 3, 5.00000000000000000000e-01) (3, 3, 5.00000000000000000000e-01) (3, 3, 5.00000000000000000000e-01) (3, 3, 5.00000000000000000000e-01) (3, 3, 5.00000000000000000000e-01) (0, 3, 0.00000000000000000000e+00) (9, 0, 5.00000000000000000000e-01) (9, 0, 5.00000000000000000000e-01) (9, 0, 5.00000000000000000000e-01) (0, 0, 0.00000000000000000000e+00) 
connections (connected_to_neuron, weight)=(0, -1.50000000000000000000e+03) (1, -2.79737030029296875000e+02) (2, -2.15566015243530273438e+00) (0, -1.31441764831542968750e+01) (1, 2.93383914977312088013e-02) (2, 1.49659514427185058594e+00) (0, -1.69738221168518066406e+00) (1, -1.78662335872650146484e+00) (2, 4.35964465141296386719e-02) (0, -2.63828229904174804688e+00) (1, 3.16465115547180175781e+00) (2, 1.06705451011657714844e+00) (0, -7.83947372436523437500e+00) (1, 5.57106685638427734375e+00) (2, 9.28306674957275390625e+00) (0, -1.21404829025268554688e+01) (1, 5.13174915313720703125e+00) (2, 8.96261119842529296875e+00) (0, -6.38859653472900390625e+00) (1, 5.21073627471923828125e+00) (2, 1.10871753692626953125e+01) (0, -8.15176868438720703125e+00) (1, 2.30726265907287597656e+00) (2, 2.54912805557250976562e+00) (3, 9.36409533023834228516e-01) (4, 1.78304445743560791016e+00) (5, 3.84676170349121093750e+00) (6, 2.13411784172058105469e+00) (7, 2.66932219266891479492e-01) (8, 3.18329960107803344727e-01) (9, 3.93339991569519042969e-01) (10, 9.91677343845367431641e-01) (11, 3.45618784427642822266e-01) (3, 2.17135572433471679688e+00) (4, 3.59900379180908203125e+00) (5, 1.16863813400268554688e+01) (6, 4.11899423599243164062e+00) (7, 2.30641603469848632812e+00) (8, 2.85427498817443847656e+00) (9, 2.15222477912902832031e+00) (10, 3.61926269531250000000e+00) (11, 1.67027390003204345703e+00) (3, 6.21543359756469726562e+00) (4, 1.16810331344604492188e+01) (5, 3.73945465087890625000e+01) (6, 1.16049232482910156250e+01) (7, 8.88660907745361328125e+00) (8, 8.91377830505371093750e+00) (9, 8.89975929260253906250e+00) (10, 1.16951627731323242188e+01) (11, 8.92339706420898437500e+00) 
