FANN_FLO_2.1
num_layers=3
learning_rate=0.400000
connection_rate=1.000000
network_type=0
learning_momentum=0.000000
training_algorithm=2
train_error_function=1
train_stop_function=0
cascade_output_change_fraction=0.010000
quickprop_decay=-0.000100
quickprop_mu=1.750000
rprop_increase_factor=1.200000
rprop_decrease_factor=0.500000
rprop_delta_min=0.000000
rprop_delta_max=50.000000
rprop_delta_zero=0.100000
cascade_output_stagnation_epochs=12
cascade_candidate_change_fraction=0.010000
cascade_candidate_stagnation_epochs=12
cascade_max_out_epochs=150
cascade_min_out_epochs=50
cascade_max_cand_epochs=150
cascade_min_cand_epochs=50
cascade_num_candidate_groups=2
bit_fail_limit=3.49999994039535522461e-01
cascade_candidate_limit=1.00000000000000000000e+03
cascade_weight_multiplier=4.00000005960464477539e-01
cascade_activation_functions_count=10
cascade_activation_functions=3 5 7 8 10 11 14 15 16 17 
cascade_activation_steepnesses_count=4
cascade_activation_steepnesses=2.50000000000000000000e-01 5.00000000000000000000e-01 7.50000000000000000000e-01 1.00000000000000000000e+00 
layer_sizes=6 5 2 
scale_included=0
neurons (num_inputs, activation_function, activation_steepness)=(0, 0, 0.00000000000000000000e+00) (0, 0, 0.00000000000000000000e+00) (0, 0, 0.00000000000000000000e+00) (0, 0, 0.00000000000000000000e+00) (0, 0, 0.00000000000000000000e+00) (0, 0, 0.00000000000000000000e+00) (6, 3, 5.00000000000000000000e-01) (6, 3, 5.00000000000000000000e-01) (6, 3, 5.00000000000000000000e-01) (6, 3, 5.00000000000000000000e-01) (0, 3, 0.00000000000000000000e+00) (5, 0, 5.00000000000000000000e-01) (0, 0, 0.00000000000000000000e+00) 
connections (connected_to_neuron, weight)=(0, 8.37896194458007812500e+01) (1, 8.92125015258789062500e+01) (2, 9.28768634796142578125e+00) (3, 3.05794036865234375000e+02) (4, 1.91961536407470703125e+01) (5, 5.71423530578613281250e-01) (0, -1.50000000000000000000e+03) (1, -1.47799707031250000000e+03) (2, 1.32527160644531250000e+02) (3, -1.55222656250000000000e+02) (4, 5.96725044250488281250e+01) (5, 6.50639820098876953125e+00) (0, 1.96987091064453125000e+02) (1, -4.17983322143554687500e+01) (2, 5.66435699462890625000e+01) (3, 6.39263725280761718750e+01) (4, 2.18267232179641723633e-01) (5, -4.20244121551513671875e+00) (0, -1.50000000000000000000e+03) (1, -1.71391544342041015625e+01) (2, 1.24363193511962890625e+01) (3, -1.57532978057861328125e+00) (4, 2.20535831451416015625e+01) (5, -2.48259019851684570312e+00) (6, -2.75307863950729370117e-01) (7, 1.52841794490814208984e+00) (8, -1.32310524582862854004e-01) (9, 1.73346352577209472656e+00) (10, 7.94250071048736572266e-01) 
