FANN_FLO_2.1
num_layers=4
learning_rate=0.500000
connection_rate=1.000000
network_type=0
learning_momentum=0.000000
training_algorithm=2
train_error_function=1
train_stop_function=0
cascade_output_change_fraction=0.010000
quickprop_decay=-0.000100
quickprop_mu=1.750000
rprop_increase_factor=1.200000
rprop_decrease_factor=0.500000
rprop_delta_min=0.000000
rprop_delta_max=50.000000
rprop_delta_zero=0.100000
cascade_output_stagnation_epochs=12
cascade_candidate_change_fraction=0.010000
cascade_candidate_stagnation_epochs=12
cascade_max_out_epochs=150
cascade_min_out_epochs=50
cascade_max_cand_epochs=150
cascade_min_cand_epochs=50
cascade_num_candidate_groups=2
bit_fail_limit=3.49999994039535522461e-01
cascade_candidate_limit=1.00000000000000000000e+03
cascade_weight_multiplier=4.00000005960464477539e-01
cascade_activation_functions_count=10
cascade_activation_functions=3 5 7 8 10 11 14 15 16 17 
cascade_activation_steepnesses_count=4
cascade_activation_steepnesses=2.50000000000000000000e-01 5.00000000000000000000e-01 7.50000000000000000000e-01 1.00000000000000000000e+00 
layer_sizes=4 5 3 2 
scale_included=0
neurons (num_inputs, activation_function, activation_steepness)=(0, 0, 0.00000000000000000000e+00) (0, 0, 0.00000000000000000000e+00) (0, 0, 0.00000000000000000000e+00) (0, 0, 0.00000000000000000000e+00) (4, 3, 5.00000000000000000000e-01) (4, 3, 5.00000000000000000000e-01) (4, 3, 5.00000000000000000000e-01) (4, 3, 5.00000000000000000000e-01) (0, 3, 0.00000000000000000000e+00) (5, 3, 5.00000000000000000000e-01) (5, 3, 5.00000000000000000000e-01) (0, 3, 0.00000000000000000000e+00) (3, 3, 5.00000000000000000000e-01) (0, 3, 0.00000000000000000000e+00) 
connections (connected_to_neuron, weight)=(0, -3.38719201087951660156e+00) (1, -2.14883542060852050781e+00) (2, 1.16283643245697021484e+00) (3, 9.04691398143768310547e-01) (0, -3.31834650039672851562e+00) (1, -2.22368621826171875000e+00) (2, 5.15221178531646728516e-01) (3, 7.12651252746582031250e-01) (0, -3.22116875648498535156e+00) (1, -2.62012004852294921875e+00) (2, 4.88341391086578369141e-01) (3, 8.46597373485565185547e-01) (0, -1.39626228809356689453e+00) (1, 1.16663920879364013672e+00) (2, -1.21206350326538085938e+01) (3, 1.71923649311065673828e+00) (4, 5.78951311111450195312e+00) (5, 5.63199186325073242188e+00) (6, 1.18850727081298828125e+01) (7, 1.01714200973510742188e+01) (8, -2.92830586433410644531e+00) (4, 1.79283657073974609375e+01) (5, 7.66865348815917968750e+00) (6, 1.19689254760742187500e+01) (7, 1.64963302612304687500e+01) (8, -5.69294309616088867188e+00) (9, -2.56946802139282226562e+00) (10, -3.60453462600708007812e+00) (11, 3.72086024284362792969e+00) 
