FANN_FLO_2.1
num_layers=3
learning_rate=0.500000
connection_rate=1.000000
network_type=0
learning_momentum=0.000000
training_algorithm=2
train_error_function=1
train_stop_function=0
cascade_output_change_fraction=0.010000
quickprop_decay=-0.000100
quickprop_mu=1.750000
rprop_increase_factor=1.200000
rprop_decrease_factor=0.500000
rprop_delta_min=0.000000
rprop_delta_max=50.000000
rprop_delta_zero=0.100000
cascade_output_stagnation_epochs=12
cascade_candidate_change_fraction=0.010000
cascade_candidate_stagnation_epochs=12
cascade_max_out_epochs=150
cascade_min_out_epochs=50
cascade_max_cand_epochs=150
cascade_min_cand_epochs=50
cascade_num_candidate_groups=2
bit_fail_limit=3.49999994039535522461e-01
cascade_candidate_limit=1.00000000000000000000e+03
cascade_weight_multiplier=4.00000005960464477539e-01
cascade_activation_functions_count=10
cascade_activation_functions=3 5 7 8 10 11 14 15 16 17 
cascade_activation_steepnesses_count=4
cascade_activation_steepnesses=2.50000000000000000000e-01 5.00000000000000000000e-01 7.50000000000000000000e-01 1.00000000000000000000e+00 
layer_sizes=3 9 4 
scale_included=0
neurons (num_inputs, activation_function, activation_steepness)=(0, 0, 0.00000000000000000000e+00) (0, 0, 0.00000000000000000000e+00) (0, 0, 0.00000000000000000000e+00) (3, 3, 5.00000000000000000000e-01) (3, 3, 5.00000000000000000000e-01) (3, 3, 5.00000000000000000000e-01) (3, 3, 5.00000000000000000000e-01) (3, 3, 5.00000000000000000000e-01) (3, 3, 5.00000000000000000000e-01) (3, 3, 5.00000000000000000000e-01) (3, 3, 5.00000000000000000000e-01) (0, 3, 0.00000000000000000000e+00) (9, 0, 5.00000000000000000000e-01) (9, 0, 5.00000000000000000000e-01) (9, 0, 5.00000000000000000000e-01) (0, 0, 0.00000000000000000000e+00) 
connections (connected_to_neuron, weight)=(0, -6.35759687423706054688e+00) (1, 3.81398415565490722656e+00) (2, -2.88759768009185791016e-01) (0, -5.98806142807006835938e+00) (1, 5.47219371795654296875e+00) (2, 3.90699577331542968750e+00) (0, -3.64447832107543945312e+00) (1, 1.12722352147102355957e-01) (2, 1.08454728126525878906e+00) (0, -2.02837586402893066406e+00) (1, -3.96349978446960449219e+00) (2, 6.50490164756774902344e-01) (0, -7.31268453598022460938e+00) (1, 3.86992216110229492188e+00) (2, 4.99517202377319335938e+00) (0, -3.80960297584533691406e+00) (1, -2.18079352378845214844e+00) (2, 7.60531783103942871094e-01) (0, -5.25392818450927734375e+00) (1, 6.38983869552612304688e+00) (2, 5.22760772705078125000e+00) (0, -4.61434602737426757812e+00) (1, 5.69320964813232421875e+00) (2, 7.26972627639770507812e+00) (3, 1.93777263164520263672e+00) (4, 1.12904906272888183594e+00) (5, 1.75190663337707519531e+00) (6, 2.12698745727539062500e+00) (7, -1.47484555840492248535e-01) (8, 2.56083559989929199219e+00) (9, 6.82630836963653564453e-01) (10, 4.28303241729736328125e-01) (11, 4.83462303876876831055e-01) (3, 2.66116380691528320312e+00) (4, 2.98112225532531738281e+00) (5, 6.62784671783447265625e+00) (6, 6.57629489898681640625e+00) (7, 2.29630589485168457031e+00) (8, 6.19882488250732421875e+00) (9, 2.85160684585571289062e+00) (10, 2.45985841751098632812e+00) (11, 1.32372307777404785156e+00) (3, 8.06346130371093750000e+00) (4, 8.32699489593505859375e+00) (5, 2.06296253204345703125e+01) (6, 2.15278434753417968750e+01) (7, 8.11039447784423828125e+00) (8, 1.97610378265380859375e+01) (9, 9.06579875946044921875e+00) (10, 9.21273994445800781250e+00) (11, 9.29037380218505859375e+00) 
