FANN_FLO_2.1
num_layers=3
learning_rate=0.500000
connection_rate=1.000000
network_type=0
learning_momentum=0.000000
training_algorithm=2
train_error_function=1
train_stop_function=0
cascade_output_change_fraction=0.010000
quickprop_decay=-0.000100
quickprop_mu=1.750000
rprop_increase_factor=1.200000
rprop_decrease_factor=0.500000
rprop_delta_min=0.000000
rprop_delta_max=50.000000
rprop_delta_zero=0.100000
cascade_output_stagnation_epochs=12
cascade_candidate_change_fraction=0.010000
cascade_candidate_stagnation_epochs=12
cascade_max_out_epochs=150
cascade_min_out_epochs=50
cascade_max_cand_epochs=150
cascade_min_cand_epochs=50
cascade_num_candidate_groups=2
bit_fail_limit=3.49999994039535522461e-01
cascade_candidate_limit=1.00000000000000000000e+03
cascade_weight_multiplier=4.00000005960464477539e-01
cascade_activation_functions_count=10
cascade_activation_functions=3 5 7 8 10 11 14 15 16 17 
cascade_activation_steepnesses_count=4
cascade_activation_steepnesses=2.50000000000000000000e-01 5.00000000000000000000e-01 7.50000000000000000000e-01 1.00000000000000000000e+00 
layer_sizes=7 5 2 
scale_included=0
neurons (num_inputs, activation_function, activation_steepness)=(0, 0, 0.00000000000000000000e+00) (0, 0, 0.00000000000000000000e+00) (0, 0, 0.00000000000000000000e+00) (0, 0, 0.00000000000000000000e+00) (0, 0, 0.00000000000000000000e+00) (0, 0, 0.00000000000000000000e+00) (0, 0, 0.00000000000000000000e+00) (7, 3, 5.00000000000000000000e-01) (7, 3, 5.00000000000000000000e-01) (7, 3, 5.00000000000000000000e-01) (7, 3, 5.00000000000000000000e-01) (0, 3, 0.00000000000000000000e+00) (5, 0, 5.00000000000000000000e-01) (0, 0, 0.00000000000000000000e+00) 
connections (connected_to_neuron, weight)=(0, -1.77143821716308593750e+01) (1, -3.13893165588378906250e+01) (2, 1.31327590942382812500e+01) (3, -3.76008796691894531250e+01) (4, -1.59212732315063476562e+01) (5, 5.97219085693359375000e+01) (6, -3.43004167079925537109e-01) (0, -1.04117164611816406250e+01) (1, -1.47229127883911132812e+01) (2, 1.27014493942260742188e+01) (3, -1.51734457015991210938e+01) (4, -1.02042350769042968750e+01) (5, -1.83439590454101562500e+02) (6, -1.06965827941894531250e+00) (0, -1.33967220783233642578e-01) (1, 1.17264002561569213867e-01) (2, -2.42520555853843688965e-01) (3, 2.93462425470352172852e-01) (4, -1.68371021747589111328e+00) (5, 9.93023455142974853516e-01) (6, -3.64561176300048828125e+00) (0, -7.80571639537811279297e-01) (1, 1.86049938201904296875e-02) (2, 3.99455499649047851562e+00) (3, -5.13648366928100585938e+00) (4, -7.13293492794036865234e-01) (5, -2.07351379394531250000e+02) (6, -2.93483614921569824219e-01) (7, -9.03245391845703125000e+01) (8, -1.25000000000000000000e+03) (9, 3.04897332191467285156e+00) (10, 3.67659484863281250000e+02) (11, 1.38117652386426925659e-02) 
