FANN_FLO_2.1
num_layers=4
learning_rate=0.300000
connection_rate=1.000000
network_type=0
learning_momentum=0.000000
training_algorithm=2
train_error_function=1
train_stop_function=0
cascade_output_change_fraction=0.010000
quickprop_decay=-0.000100
quickprop_mu=1.750000
rprop_increase_factor=1.200000
rprop_decrease_factor=0.500000
rprop_delta_min=0.000000
rprop_delta_max=50.000000
rprop_delta_zero=0.100000
cascade_output_stagnation_epochs=12
cascade_candidate_change_fraction=0.010000
cascade_candidate_stagnation_epochs=12
cascade_max_out_epochs=150
cascade_min_out_epochs=50
cascade_max_cand_epochs=150
cascade_min_cand_epochs=50
cascade_num_candidate_groups=2
bit_fail_limit=3.49999994039535522461e-01
cascade_candidate_limit=1.00000000000000000000e+03
cascade_weight_multiplier=4.00000005960464477539e-01
cascade_activation_functions_count=10
cascade_activation_functions=3 5 7 8 10 11 14 15 16 17 
cascade_activation_steepnesses_count=4
cascade_activation_steepnesses=2.50000000000000000000e-01 5.00000000000000000000e-01 7.50000000000000000000e-01 1.00000000000000000000e+00 
layer_sizes=2 5 5 3 
scale_included=0
neurons (num_inputs, activation_function, activation_steepness)=(0, 0, 0.00000000000000000000e+00) (0, 0, 0.00000000000000000000e+00) (2, 3, 5.00000000000000000000e-01) (2, 3, 5.00000000000000000000e-01) (2, 3, 5.00000000000000000000e-01) (2, 3, 5.00000000000000000000e-01) (0, 3, 0.00000000000000000000e+00) (5, 3, 5.00000000000000000000e-01) (5, 3, 5.00000000000000000000e-01) (5, 3, 5.00000000000000000000e-01) (5, 3, 5.00000000000000000000e-01) (0, 3, 0.00000000000000000000e+00) (5, 0, 5.00000000000000000000e-01) (5, 0, 5.00000000000000000000e-01) (0, 0, 0.00000000000000000000e+00) 
connections (connected_to_neuron, weight)=(0, 8.71060943603515625000e+00) (1, 1.78517513275146484375e+01) (0, -3.67841987609863281250e+01) (1, 2.19108968973159790039e-01) (0, 7.40983057022094726562e+00) (1, 2.56951828002929687500e+01) (0, 1.44312019348144531250e+01) (1, 6.75281763076782226562e+00) (2, 7.32811570167541503906e-01) (3, 8.60315680503845214844e-01) (4, 6.84736669063568115234e-01) (5, -3.12941789627075195312e-01) (6, -1.26002445816993713379e-01) (2, 3.79500895738601684570e-01) (3, -8.66237640380859375000e-01) (4, 5.18343508243560791016e-01) (5, -1.73513603210449218750e+00) (6, 7.26201593875885009766e-01) (2, 3.55597043037414550781e+00) (3, 5.54376780986785888672e-01) (4, 5.95639824867248535156e-01) (5, 3.78702014684677124023e-01) (6, -1.47612738609313964844e+00) (2, -7.41751398891210556030e-03) (3, 4.11639833450317382812e+00) (4, 8.35527181625366210938e-02) (5, -2.07719516754150390625e+00) (6, -1.01926743984222412109e+00) (7, 7.72382691502571105957e-03) (8, -1.68653577566146850586e-01) (9, -4.46222648024559020996e-02) (10, 4.05064195394515991211e-01) (11, -2.38388642668724060059e-01) (7, -3.21942567825317382812e-01) (8, -5.08053481578826904297e-01) (9, -5.60321688652038574219e-01) (10, -8.98852229118347167969e-01) (11, -3.25455218553543090820e-02) 
