FANN_FLO_2.1
num_layers=4
learning_rate=0.500000
connection_rate=1.000000
network_type=0
learning_momentum=0.000000
training_algorithm=2
train_error_function=1
train_stop_function=0
cascade_output_change_fraction=0.010000
quickprop_decay=-0.000100
quickprop_mu=1.750000
rprop_increase_factor=1.200000
rprop_decrease_factor=0.500000
rprop_delta_min=0.000000
rprop_delta_max=50.000000
rprop_delta_zero=0.100000
cascade_output_stagnation_epochs=12
cascade_candidate_change_fraction=0.010000
cascade_candidate_stagnation_epochs=12
cascade_max_out_epochs=150
cascade_min_out_epochs=50
cascade_max_cand_epochs=150
cascade_min_cand_epochs=50
cascade_num_candidate_groups=2
bit_fail_limit=3.49999994039535522461e-01
cascade_candidate_limit=1.00000000000000000000e+03
cascade_weight_multiplier=4.00000005960464477539e-01
cascade_activation_functions_count=10
cascade_activation_functions=3 5 7 8 10 11 14 15 16 17 
cascade_activation_steepnesses_count=4
cascade_activation_steepnesses=2.50000000000000000000e-01 5.00000000000000000000e-01 7.50000000000000000000e-01 1.00000000000000000000e+00 
layer_sizes=4 5 5 2 
scale_included=0
neurons (num_inputs, activation_function, activation_steepness)=(0, 0, 0.00000000000000000000e+00) (0, 0, 0.00000000000000000000e+00) (0, 0, 0.00000000000000000000e+00) (0, 0, 0.00000000000000000000e+00) (4, 3, 5.00000000000000000000e-01) (4, 3, 5.00000000000000000000e-01) (4, 3, 5.00000000000000000000e-01) (4, 3, 5.00000000000000000000e-01) (0, 3, 0.00000000000000000000e+00) (5, 3, 5.00000000000000000000e-01) (5, 3, 5.00000000000000000000e-01) (5, 3, 5.00000000000000000000e-01) (5, 3, 5.00000000000000000000e-01) (0, 3, 0.00000000000000000000e+00) (5, 3, 5.00000000000000000000e-01) (0, 3, 0.00000000000000000000e+00) 
connections (connected_to_neuron, weight)=(0, 2.23566317558288574219e+00) (1, -2.16224908828735351562e+00) (2, 3.27508068084716796875e+00) (3, 3.55373680591583251953e-01) (0, -4.54960012435913085938e+00) (1, -6.14291620254516601562e+00) (2, 1.23764395713806152344e+00) (3, 3.81649184226989746094e+00) (0, 2.20015144348144531250e+00) (1, -2.12791061401367187500e+00) (2, 2.73068404197692871094e+00) (3, 4.15690243244171142578e-01) (0, -7.94592142105102539062e-01) (1, -4.24779129028320312500e+01) (2, 4.05951042175292968750e+01) (3, 4.08630084991455078125e+00) (4, -2.47432017326354980469e+00) (5, 2.16565113067626953125e+01) (6, -2.48439526557922363281e+00) (7, 3.49207744002342224121e-02) (8, -2.24494004249572753906e+00) (4, 1.12127180099487304688e+01) (5, -4.55452362060546875000e+02) (6, 5.91489648818969726562e+00) (7, 1.49335205078125000000e+03) (8, 4.02088910341262817383e-01) (4, 6.34775042533874511719e-01) (5, -4.57751808166503906250e+01) (6, 4.25867199897766113281e-01) (7, 1.49336218261718750000e+03) (8, -7.09050714969635009766e-01) (4, -5.15770912170410156250e+00) (5, 3.38941478729248046875e+00) (6, -1.53608465194702148438e+00) (7, 1.35349531173706054688e+01) (8, -7.23051023483276367188e+00) (9, -5.56009435653686523438e+00) (10, 2.31108021736145019531e+00) (11, 7.97594130039215087891e-01) (12, 1.04941272735595703125e+00) (13, -8.38403105735778808594e-01) 
