FANN_FLO_2.1
num_layers=4
learning_rate=0.300000
connection_rate=1.000000
network_type=0
learning_momentum=0.000000
training_algorithm=2
train_error_function=1
train_stop_function=0
cascade_output_change_fraction=0.010000
quickprop_decay=-0.000100
quickprop_mu=1.750000
rprop_increase_factor=1.200000
rprop_decrease_factor=0.500000
rprop_delta_min=0.000000
rprop_delta_max=50.000000
rprop_delta_zero=0.100000
cascade_output_stagnation_epochs=12
cascade_candidate_change_fraction=0.010000
cascade_candidate_stagnation_epochs=12
cascade_max_out_epochs=150
cascade_min_out_epochs=50
cascade_max_cand_epochs=150
cascade_min_cand_epochs=50
cascade_num_candidate_groups=2
bit_fail_limit=3.49999994039535522461e-01
cascade_candidate_limit=1.00000000000000000000e+03
cascade_weight_multiplier=4.00000005960464477539e-01
cascade_activation_functions_count=10
cascade_activation_functions=3 5 7 8 10 11 14 15 16 17 
cascade_activation_steepnesses_count=4
cascade_activation_steepnesses=2.50000000000000000000e-01 5.00000000000000000000e-01 7.50000000000000000000e-01 1.00000000000000000000e+00 
layer_sizes=2 5 5 3 
scale_included=0
neurons (num_inputs, activation_function, activation_steepness)=(0, 0, 0.00000000000000000000e+00) (0, 0, 0.00000000000000000000e+00) (2, 3, 5.00000000000000000000e-01) (2, 3, 5.00000000000000000000e-01) (2, 3, 5.00000000000000000000e-01) (2, 3, 5.00000000000000000000e-01) (0, 3, 0.00000000000000000000e+00) (5, 3, 5.00000000000000000000e-01) (5, 3, 5.00000000000000000000e-01) (5, 3, 5.00000000000000000000e-01) (5, 3, 5.00000000000000000000e-01) (0, 3, 0.00000000000000000000e+00) (5, 0, 5.00000000000000000000e-01) (5, 0, 5.00000000000000000000e-01) (0, 0, 0.00000000000000000000e+00) 
connections (connected_to_neuron, weight)=(0, -1.34022846221923828125e+01) (1, 9.02497917413711547852e-02) (0, -1.12325716018676757812e+01) (1, -1.40661895275115966797e-01) (0, -8.79935073852539062500e+00) (1, -6.05963325500488281250e+00) (0, 1.06977453231811523438e+01) (1, 7.31422454118728637695e-02) (2, 4.59278726577758789062e+00) (3, 1.98495066165924072266e+00) (4, -1.44154357910156250000e+02) (5, -5.42028856277465820312e+00) (6, 3.13420295715332031250e-02) (2, 2.82369732856750488281e-01) (3, 6.04358434677124023438e-01) (4, -1.47180948257446289062e+01) (5, -5.60039806365966796875e+00) (6, 7.87951946258544921875e-01) (2, 1.94071614742279052734e+00) (3, 6.79109668731689453125e+00) (4, -6.35836410522460937500e+00) (5, -1.41983642578125000000e+02) (6, 8.90065908432006835938e-01) (2, 1.09791129827499389648e-01) (3, 3.30730855464935302734e-01) (4, -1.21638708114624023438e+01) (5, -1.25271403789520263672e+00) (6, 2.66082864254713058472e-02) (7, 2.21515074372291564941e-02) (8, 5.89572591707110404968e-04) (9, 4.26934063434600830078e-02) (10, 5.28033897280693054199e-02) (11, -4.22939509153366088867e-02) (7, -1.08181655406951904297e+00) (8, -1.67328977584838867188e+00) (9, -1.42185425758361816406e+00) (10, -5.10767996311187744141e-01) (11, -4.30336445569992065430e-02) 
