FANN_FLO_2.1
num_layers=3
learning_rate=0.500000
connection_rate=1.000000
network_type=0
learning_momentum=0.000000
training_algorithm=2
train_error_function=1
train_stop_function=0
cascade_output_change_fraction=0.010000
quickprop_decay=-0.000100
quickprop_mu=1.750000
rprop_increase_factor=1.200000
rprop_decrease_factor=0.500000
rprop_delta_min=0.000000
rprop_delta_max=50.000000
rprop_delta_zero=0.100000
cascade_output_stagnation_epochs=12
cascade_candidate_change_fraction=0.010000
cascade_candidate_stagnation_epochs=12
cascade_max_out_epochs=150
cascade_min_out_epochs=50
cascade_max_cand_epochs=150
cascade_min_cand_epochs=50
cascade_num_candidate_groups=2
bit_fail_limit=3.49999994039535522461e-01
cascade_candidate_limit=1.00000000000000000000e+03
cascade_weight_multiplier=4.00000005960464477539e-01
cascade_activation_functions_count=10
cascade_activation_functions=3 5 7 8 10 11 14 15 16 17 
cascade_activation_steepnesses_count=4
cascade_activation_steepnesses=2.50000000000000000000e-01 5.00000000000000000000e-01 7.50000000000000000000e-01 1.00000000000000000000e+00 
layer_sizes=7 5 2 
scale_included=0
neurons (num_inputs, activation_function, activation_steepness)=(0, 0, 0.00000000000000000000e+00) (0, 0, 0.00000000000000000000e+00) (0, 0, 0.00000000000000000000e+00) (0, 0, 0.00000000000000000000e+00) (0, 0, 0.00000000000000000000e+00) (0, 0, 0.00000000000000000000e+00) (0, 0, 0.00000000000000000000e+00) (7, 3, 5.00000000000000000000e-01) (7, 3, 5.00000000000000000000e-01) (7, 3, 5.00000000000000000000e-01) (7, 3, 5.00000000000000000000e-01) (0, 3, 0.00000000000000000000e+00) (5, 0, 5.00000000000000000000e-01) (0, 0, 0.00000000000000000000e+00) 
connections (connected_to_neuron, weight)=(0, -2.80138244628906250000e+01) (1, -8.53800714015960693359e-01) (2, 5.36983581542968750000e+02) (3, -5.14610412597656250000e+02) (4, -6.71416580677032470703e-01) (5, 3.80728530883789062500e+01) (6, -5.37141501903533935547e-01) (0, -5.71107578277587890625e+00) (1, -1.30522370338439941406e+00) (2, -2.22303604125976562500e+02) (3, 4.78875970840454101562e+00) (4, -4.37209188938140869141e-01) (5, 1.09430313110351562500e+00) (6, -9.56294953823089599609e-01) (0, -4.50717777013778686523e-01) (1, -6.12560749053955078125e-01) (2, 6.01270914077758789062e+00) (3, -3.05875072479248046875e+01) (4, -2.64574110507965087891e-01) (5, -1.24058666229248046875e+01) (6, -4.54846024513244628906e-01) (0, 1.32559388875961303711e-02) (1, -2.34259501099586486816e-01) (2, -5.67764192819595336914e-02) (3, -1.54709145426750183105e-01) (4, 6.93748295307159423828e-01) (5, -3.16265881061553955078e-01) (6, 1.48905467987060546875e+00) (7, -4.05588150024414062500e-02) (8, -1.03481421247124671936e-02) (9, -2.59720981121063232422e-02) (10, -4.75951395928859710693e-02) (11, 5.74515797197818756104e-02) 
