FANN_FLO_2.1
num_layers=3
learning_rate=0.400000
connection_rate=1.000000
network_type=0
learning_momentum=0.000000
training_algorithm=2
train_error_function=1
train_stop_function=0
cascade_output_change_fraction=0.010000
quickprop_decay=-0.000100
quickprop_mu=1.750000
rprop_increase_factor=1.200000
rprop_decrease_factor=0.500000
rprop_delta_min=0.000000
rprop_delta_max=50.000000
rprop_delta_zero=0.100000
cascade_output_stagnation_epochs=12
cascade_candidate_change_fraction=0.010000
cascade_candidate_stagnation_epochs=12
cascade_max_out_epochs=150
cascade_min_out_epochs=50
cascade_max_cand_epochs=150
cascade_min_cand_epochs=50
cascade_num_candidate_groups=2
bit_fail_limit=3.49999994039535522461e-01
cascade_candidate_limit=1.00000000000000000000e+03
cascade_weight_multiplier=4.00000005960464477539e-01
cascade_activation_functions_count=10
cascade_activation_functions=3 5 7 8 10 11 14 15 16 17 
cascade_activation_steepnesses_count=4
cascade_activation_steepnesses=2.50000000000000000000e-01 5.00000000000000000000e-01 7.50000000000000000000e-01 1.00000000000000000000e+00 
layer_sizes=10 3 2 
scale_included=0
neurons (num_inputs, activation_function, activation_steepness)=(0, 0, 0.00000000000000000000e+00) (0, 0, 0.00000000000000000000e+00) (0, 0, 0.00000000000000000000e+00) (0, 0, 0.00000000000000000000e+00) (0, 0, 0.00000000000000000000e+00) (0, 0, 0.00000000000000000000e+00) (0, 0, 0.00000000000000000000e+00) (0, 0, 0.00000000000000000000e+00) (0, 0, 0.00000000000000000000e+00) (0, 0, 0.00000000000000000000e+00) (10, 3, 5.00000000000000000000e-01) (10, 3, 5.00000000000000000000e-01) (0, 3, 0.00000000000000000000e+00) (3, 3, 5.00000000000000000000e-01) (0, 3, 0.00000000000000000000e+00) 
connections (connected_to_neuron, weight)=(0, -1.69453531503677368164e-01) (1, -7.52335414290428161621e-02) (2, -8.37181732058525085449e-02) (3, -1.78591251373291015625e-01) (4, -1.38785481452941894531e-01) (5, -1.74444377422332763672e-01) (6, -1.33454054594039916992e-01) (7, -1.59944951534271240234e-01) (8, -1.67713046073913574219e-01) (9, -1.58570587635040283203e-01) (0, -1.13179504871368408203e-01) (1, -9.28897187113761901855e-02) (2, -1.40977308154106140137e-01) (3, -1.86748981475830078125e-01) (4, -1.19142808020114898682e-01) (5, -5.26654347777366638184e-02) (6, -1.58186301589012145996e-01) (7, -1.67104452848434448242e-01) (8, -2.07683786749839782715e-01) (9, -3.70267555117607116699e-02) (10, -1.02714285254478454590e-01) (11, -8.75305458903312683105e-02) (12, -1.66161820292472839355e-01) 
