FANN_FLO_2.1
num_layers=3
learning_rate=0.500000
connection_rate=1.000000
network_type=0
learning_momentum=0.000000
training_algorithm=2
train_error_function=1
train_stop_function=0
cascade_output_change_fraction=0.010000
quickprop_decay=-0.000100
quickprop_mu=1.750000
rprop_increase_factor=1.200000
rprop_decrease_factor=0.500000
rprop_delta_min=0.000000
rprop_delta_max=50.000000
rprop_delta_zero=0.100000
cascade_output_stagnation_epochs=12
cascade_candidate_change_fraction=0.010000
cascade_candidate_stagnation_epochs=12
cascade_max_out_epochs=150
cascade_min_out_epochs=50
cascade_max_cand_epochs=150
cascade_min_cand_epochs=50
cascade_num_candidate_groups=2
bit_fail_limit=3.49999994039535522461e-01
cascade_candidate_limit=1.00000000000000000000e+03
cascade_weight_multiplier=4.00000005960464477539e-01
cascade_activation_functions_count=10
cascade_activation_functions=3 5 7 8 10 11 14 15 16 17 
cascade_activation_steepnesses_count=4
cascade_activation_steepnesses=2.50000000000000000000e-01 5.00000000000000000000e-01 7.50000000000000000000e-01 1.00000000000000000000e+00 
layer_sizes=10 5 2 
scale_included=0
neurons (num_inputs, activation_function, activation_steepness)=(0, 0, 0.00000000000000000000e+00) (0, 0, 0.00000000000000000000e+00) (0, 0, 0.00000000000000000000e+00) (0, 0, 0.00000000000000000000e+00) (0, 0, 0.00000000000000000000e+00) (0, 0, 0.00000000000000000000e+00) (0, 0, 0.00000000000000000000e+00) (0, 0, 0.00000000000000000000e+00) (0, 0, 0.00000000000000000000e+00) (0, 0, 0.00000000000000000000e+00) (10, 3, 5.00000000000000000000e-01) (10, 3, 5.00000000000000000000e-01) (10, 3, 5.00000000000000000000e-01) (10, 3, 5.00000000000000000000e-01) (0, 3, 0.00000000000000000000e+00) (5, 3, 5.00000000000000000000e-01) (0, 3, 0.00000000000000000000e+00) 
connections (connected_to_neuron, weight)=(0, -6.86055779457092285156e-01) (1, -6.62646889686584472656e-01) (2, -7.52971768379211425781e-01) (3, -4.83608901500701904297e-01) (4, 2.40743890404701232910e-01) (5, -1.11930835247039794922e+00) (6, -5.26091814041137695312e-01) (7, -5.95049917697906494141e-01) (8, -4.52917903661727905273e-01) (9, 1.51193773746490478516e+00) (0, -3.46471618652343750000e+02) (1, 1.15546875000000000000e+01) (2, 5.57924003601074218750e+01) (3, -2.17171931266784667969e+00) (4, -2.28636336326599121094e+00) (5, -1.12529456615447998047e+00) (6, -2.22872543334960937500e+02) (7, 8.90169906616210937500e+00) (8, 2.08460494995117187500e+02) (9, 1.15057492256164550781e+00) (0, -2.81361746788024902344e+00) (1, 3.48756713867187500000e+01) (2, -1.76964187622070312500e+01) (3, -3.15475535392761230469e+00) (4, -5.32268285751342773438e+00) (5, -2.98022041320800781250e+01) (6, 5.58954467773437500000e+01) (7, 2.35756397247314453125e+01) (8, -4.04260215759277343750e+01) (9, 6.77528858184814453125e-01) (0, -6.50721848011016845703e-01) (1, -5.83847522735595703125e-01) (2, -5.93963265419006347656e-01) (3, -7.53391146659851074219e-01) (4, -9.75111305713653564453e-01) (5, -5.50894141197204589844e-01) (6, -6.48126006126403808594e-01) (7, -6.32950365543365478516e-01) (8, -7.29676544666290283203e-01) (9, 2.76289725303649902344e+00) (10, -1.07817220687866210938e+00) (11, 4.59031015634536743164e-03) (12, 1.88060048967599868774e-02) (13, -2.16805863380432128906e+00) (14, 1.21497213840484619141e+00) 
