FANN_FLO_2.1
num_layers=4
learning_rate=0.500000
connection_rate=1.000000
network_type=0
learning_momentum=0.000000
training_algorithm=2
train_error_function=1
train_stop_function=0
cascade_output_change_fraction=0.010000
quickprop_decay=-0.000100
quickprop_mu=1.750000
rprop_increase_factor=1.200000
rprop_decrease_factor=0.500000
rprop_delta_min=0.000000
rprop_delta_max=50.000000
rprop_delta_zero=0.100000
cascade_output_stagnation_epochs=12
cascade_candidate_change_fraction=0.010000
cascade_candidate_stagnation_epochs=12
cascade_max_out_epochs=150
cascade_min_out_epochs=50
cascade_max_cand_epochs=150
cascade_min_cand_epochs=50
cascade_num_candidate_groups=2
bit_fail_limit=3.49999994039535522461e-01
cascade_candidate_limit=1.00000000000000000000e+03
cascade_weight_multiplier=4.00000005960464477539e-01
cascade_activation_functions_count=10
cascade_activation_functions=3 5 7 8 10 11 14 15 16 17 
cascade_activation_steepnesses_count=4
cascade_activation_steepnesses=2.50000000000000000000e-01 5.00000000000000000000e-01 7.50000000000000000000e-01 1.00000000000000000000e+00 
layer_sizes=4 5 5 2 
scale_included=0
neurons (num_inputs, activation_function, activation_steepness)=(0, 0, 0.00000000000000000000e+00) (0, 0, 0.00000000000000000000e+00) (0, 0, 0.00000000000000000000e+00) (0, 0, 0.00000000000000000000e+00) (4, 3, 5.00000000000000000000e-01) (4, 3, 5.00000000000000000000e-01) (4, 3, 5.00000000000000000000e-01) (4, 3, 5.00000000000000000000e-01) (0, 3, 0.00000000000000000000e+00) (5, 3, 5.00000000000000000000e-01) (5, 3, 5.00000000000000000000e-01) (5, 3, 5.00000000000000000000e-01) (5, 3, 5.00000000000000000000e-01) (0, 3, 0.00000000000000000000e+00) (5, 3, 5.00000000000000000000e-01) (0, 3, 0.00000000000000000000e+00) 
connections (connected_to_neuron, weight)=(0, 3.36451363563537597656e+00) (1, 2.41466569900512695312e+00) (2, 1.37796938419342041016e+00) (3, -2.64464521408081054688e+00) (0, -1.18500602245330810547e+00) (1, -1.55061836242675781250e+01) (2, 2.46441793441772460938e+00) (3, 3.31120061874389648438e+00) (0, 1.50000000000000000000e+03) (1, 1.32782876491546630859e+00) (2, 1.50000000000000000000e+03) (3, 3.55374717712402343750e+00) (0, -5.05169773101806640625e+00) (1, -4.92246246337890625000e+00) (2, 2.86073058843612670898e-01) (3, 3.53136825561523437500e+00) (4, -8.78894710540771484375e+00) (5, 2.46593618392944335938e+00) (6, -1.68275630474090576172e+00) (7, 4.77440872192382812500e+01) (8, -1.58339440822601318359e+00) (4, -3.72876334190368652344e+00) (5, 4.04695844650268554688e+00) (6, -1.92105248570442199707e-01) (7, 3.11193847656250000000e+01) (8, -5.21496415138244628906e-01) (4, -9.58165931701660156250e+00) (5, 3.54995989799499511719e+00) (6, -3.25957238674163818359e-02) (7, 3.62957954406738281250e+01) (8, -6.05417132377624511719e-01) (4, -8.65296840667724609375e+00) (5, 3.07373785972595214844e+00) (6, -1.56135165691375732422e+00) (7, 4.50631980895996093750e+01) (8, -1.39190542697906494141e+00) (9, -2.05207490921020507812e+00) (10, 2.58755683898925781250e-01) (11, -1.32119011878967285156e+00) (12, -1.36562180519104003906e+00) (13, 2.25696897506713867188e+00) 
