FANN_FLO_2.1
num_layers=3
learning_rate=0.300000
connection_rate=1.000000
network_type=0
learning_momentum=0.000000
training_algorithm=2
train_error_function=1
train_stop_function=0
cascade_output_change_fraction=0.010000
quickprop_decay=-0.000100
quickprop_mu=1.750000
rprop_increase_factor=1.200000
rprop_decrease_factor=0.500000
rprop_delta_min=0.000000
rprop_delta_max=50.000000
rprop_delta_zero=0.100000
cascade_output_stagnation_epochs=12
cascade_candidate_change_fraction=0.010000
cascade_candidate_stagnation_epochs=12
cascade_max_out_epochs=150
cascade_min_out_epochs=50
cascade_max_cand_epochs=150
cascade_min_cand_epochs=50
cascade_num_candidate_groups=2
bit_fail_limit=3.49999994039535522461e-01
cascade_candidate_limit=1.00000000000000000000e+03
cascade_weight_multiplier=4.00000005960464477539e-01
cascade_activation_functions_count=10
cascade_activation_functions=3 5 7 8 10 11 14 15 16 17 
cascade_activation_steepnesses_count=4
cascade_activation_steepnesses=2.50000000000000000000e-01 5.00000000000000000000e-01 7.50000000000000000000e-01 1.00000000000000000000e+00 
layer_sizes=4 9 2 
scale_included=0
neurons (num_inputs, activation_function, activation_steepness)=(0, 0, 0.00000000000000000000e+00) (0, 0, 0.00000000000000000000e+00) (0, 0, 0.00000000000000000000e+00) (0, 0, 0.00000000000000000000e+00) (4, 3, 5.00000000000000000000e-01) (4, 3, 5.00000000000000000000e-01) (4, 3, 5.00000000000000000000e-01) (4, 3, 5.00000000000000000000e-01) (4, 3, 5.00000000000000000000e-01) (4, 3, 5.00000000000000000000e-01) (4, 3, 5.00000000000000000000e-01) (4, 3, 5.00000000000000000000e-01) (0, 3, 0.00000000000000000000e+00) (9, 3, 5.00000000000000000000e-01) (0, 3, 0.00000000000000000000e+00) 
connections (connected_to_neuron, weight)=(0, 1.49999975585937500000e+03) (1, 1.49999975585937500000e+03) (2, 1.50000000000000000000e+03) (3, 6.03685975074768066406e-01) (0, 3.13735753297805786133e-02) (1, -4.85536754131317138672e-02) (2, 8.90756964683532714844e-01) (3, -1.30468833446502685547e+00) (0, -2.06306546926498413086e-01) (1, 1.12584121525287628174e-01) (2, -3.47463190555572509766e-01) (3, 2.93842720985412597656e+00) (0, -1.10163852572441101074e-01) (1, 1.67741179466247558594e-02) (2, -1.56098708510398864746e-01) (3, 1.68837559223175048828e+00) (0, -3.20370584726333618164e-01) (1, 8.18265080451965332031e-01) (2, -1.76065993309020996094e+00) (3, 5.94518244266510009766e-01) (0, -5.07275342941284179688e-01) (1, -1.32596337795257568359e+00) (2, -2.50638484954833984375e+01) (3, 1.00830607116222381592e-01) (0, -3.51476252079010009766e-01) (1, 8.68758559226989746094e-01) (2, -4.57864403724670410156e-01) (3, 5.84863543510437011719e-01) (0, -7.34684705734252929688e-01) (1, 5.75301110744476318359e-01) (2, -1.19755303859710693359e+00) (3, 7.88249135017395019531e-01) (4, 2.47314229607582092285e-01) (5, 1.34308099746704101562e+00) (6, -1.33275079727172851562e+00) (7, -6.87151193618774414062e+00) (8, 8.35835486650466918945e-02) (9, 1.50000000000000000000e+03) (10, 8.54706689715385437012e-02) (11, -1.32904440164566040039e-01) (12, 2.58385658264160156250e-01) 
