FANN_FLO_2.1
num_layers=3
learning_rate=0.500000
connection_rate=1.000000
network_type=0
learning_momentum=0.000000
training_algorithm=2
train_error_function=1
train_stop_function=0
cascade_output_change_fraction=0.010000
quickprop_decay=-0.000100
quickprop_mu=1.750000
rprop_increase_factor=1.200000
rprop_decrease_factor=0.500000
rprop_delta_min=0.000000
rprop_delta_max=50.000000
rprop_delta_zero=0.100000
cascade_output_stagnation_epochs=12
cascade_candidate_change_fraction=0.010000
cascade_candidate_stagnation_epochs=12
cascade_max_out_epochs=150
cascade_min_out_epochs=50
cascade_max_cand_epochs=150
cascade_min_cand_epochs=50
cascade_num_candidate_groups=2
bit_fail_limit=3.49999994039535522461e-01
cascade_candidate_limit=1.00000000000000000000e+03
cascade_weight_multiplier=4.00000005960464477539e-01
cascade_activation_functions_count=10
cascade_activation_functions=3 5 7 8 10 11 14 15 16 17 
cascade_activation_steepnesses_count=4
cascade_activation_steepnesses=2.50000000000000000000e-01 5.00000000000000000000e-01 7.50000000000000000000e-01 1.00000000000000000000e+00 
layer_sizes=3 9 4 
scale_included=0
neurons (num_inputs, activation_function, activation_steepness)=(0, 0, 0.00000000000000000000e+00) (0, 0, 0.00000000000000000000e+00) (0, 0, 0.00000000000000000000e+00) (3, 3, 5.00000000000000000000e-01) (3, 3, 5.00000000000000000000e-01) (3, 3, 5.00000000000000000000e-01) (3, 3, 5.00000000000000000000e-01) (3, 3, 5.00000000000000000000e-01) (3, 3, 5.00000000000000000000e-01) (3, 3, 5.00000000000000000000e-01) (3, 3, 5.00000000000000000000e-01) (0, 3, 0.00000000000000000000e+00) (9, 0, 5.00000000000000000000e-01) (9, 0, 5.00000000000000000000e-01) (9, 0, 5.00000000000000000000e-01) (0, 0, 0.00000000000000000000e+00) 
connections (connected_to_neuron, weight)=(0, -3.61057734489440917969e+00) (1, -2.03624629974365234375e+00) (2, 4.60238486528396606445e-01) (0, -1.20685539245605468750e+01) (1, 4.28490018844604492188e+00) (2, 9.38675308227539062500e+00) (0, -3.88004755973815917969e+00) (1, -2.50272471457719802856e-02) (2, 7.85744249820709228516e-01) (0, -5.12766778469085693359e-01) (1, -5.84835529327392578125e+00) (2, 1.71233043670654296875e+01) (0, -8.43457698822021484375e+00) (1, 3.91254329681396484375e+00) (2, 9.86681079864501953125e+00) (0, -2.04548692703247070312e+00) (1, 4.89680385589599609375e+00) (2, -5.36060273647308349609e-01) (0, -1.28687119483947753906e+00) (1, -2.86923956871032714844e+00) (2, 5.23786664009094238281e-01) (0, -1.16122446060180664062e+01) (1, 5.58314895629882812500e+00) (2, 4.04691090807318687439e-03) (3, 2.44371056556701660156e+00) (4, 9.57051366567611694336e-02) (5, 1.78428149223327636719e+00) (6, -3.08362096548080444336e-01) (7, 1.55922204256057739258e-01) (8, 3.15089511871337890625e+00) (9, 2.39967370033264160156e+00) (10, 1.38971996307373046875e+00) (11, 1.24656349420547485352e-01) (3, 5.71281480789184570312e+00) (4, 2.37980294227600097656e+00) (5, 5.82265520095825195312e+00) (6, 1.38354718685150146484e+00) (7, 1.95359647274017333984e+00) (8, 5.79106855392456054688e+00) (9, 7.64973306655883789062e+00) (10, 2.64573335647583007812e+00) (11, 1.52307331562042236328e+00) (3, 1.74049568176269531250e+01) (4, 8.17225265502929687500e+00) (5, 1.91416015625000000000e+01) (6, 8.38575744628906250000e+00) (7, 8.43007564544677734375e+00) (8, 1.42018098831176757812e+01) (9, 2.53077411651611328125e+01) (10, 7.76927518844604492188e+00) (11, 8.29414463043212890625e+00) 
