FANN_FLO_2.1
num_layers=4
learning_rate=0.450000
connection_rate=1.000000
network_type=0
learning_momentum=0.000000
training_algorithm=2
train_error_function=1
train_stop_function=0
cascade_output_change_fraction=0.010000
quickprop_decay=-0.000100
quickprop_mu=1.750000
rprop_increase_factor=1.200000
rprop_decrease_factor=0.500000
rprop_delta_min=0.000000
rprop_delta_max=50.000000
rprop_delta_zero=0.100000
cascade_output_stagnation_epochs=12
cascade_candidate_change_fraction=0.010000
cascade_candidate_stagnation_epochs=12
cascade_max_out_epochs=150
cascade_min_out_epochs=50
cascade_max_cand_epochs=150
cascade_min_cand_epochs=50
cascade_num_candidate_groups=2
bit_fail_limit=3.49999994039535522461e-01
cascade_candidate_limit=1.00000000000000000000e+03
cascade_weight_multiplier=4.00000005960464477539e-01
cascade_activation_functions_count=10
cascade_activation_functions=3 5 7 8 10 11 14 15 16 17 
cascade_activation_steepnesses_count=4
cascade_activation_steepnesses=2.50000000000000000000e-01 5.00000000000000000000e-01 7.50000000000000000000e-01 1.00000000000000000000e+00 
layer_sizes=7 5 5 2 
scale_included=0
neurons (num_inputs, activation_function, activation_steepness)=(0, 0, 0.00000000000000000000e+00) (0, 0, 0.00000000000000000000e+00) (0, 0, 0.00000000000000000000e+00) (0, 0, 0.00000000000000000000e+00) (0, 0, 0.00000000000000000000e+00) (0, 0, 0.00000000000000000000e+00) (0, 0, 0.00000000000000000000e+00) (7, 3, 5.00000000000000000000e-01) (7, 3, 5.00000000000000000000e-01) (7, 3, 5.00000000000000000000e-01) (7, 3, 5.00000000000000000000e-01) (0, 3, 0.00000000000000000000e+00) (5, 3, 5.00000000000000000000e-01) (5, 3, 5.00000000000000000000e-01) (5, 3, 5.00000000000000000000e-01) (5, 3, 5.00000000000000000000e-01) (0, 3, 0.00000000000000000000e+00) (5, 0, 5.00000000000000000000e-01) (0, 0, 0.00000000000000000000e+00) 
connections (connected_to_neuron, weight)=(0, 7.33358025550842285156e-01) (1, 2.13894438743591308594e+00) (2, -2.73617410659790039062e+00) (3, 6.86354100704193115234e-01) (4, 1.37985658645629882812e+00) (5, -2.15865921974182128906e+00) (6, 1.60601651668548583984e+00) (0, 3.25763911008834838867e-01) (1, 1.34520351886749267578e+00) (2, -9.47093665599822998047e-01) (3, 2.39049196243286132812e-01) (4, 4.02724951505661010742e-01) (5, -1.21588861942291259766e+00) (6, 7.57352173328399658203e-01) (0, 4.56706702709197998047e-01) (1, 1.63453745841979980469e+00) (2, -1.76635670661926269531e+00) (3, 5.25244057178497314453e-01) (4, 1.08293032646179199219e+00) (5, -1.75816118717193603516e+00) (6, 1.05460894107818603516e+00) (0, 5.92025279998779296875e-01) (1, 2.44556331634521484375e+00) (2, -2.83255362510681152344e+00) (3, 8.25759947299957275391e-01) (4, 1.31303048133850097656e+00) (5, -2.32633829116821289062e+00) (6, 1.58670890331268310547e+00) (7, -4.46146726608276367188e+00) (8, -4.11061614751815795898e-01) (9, -4.32982015609741210938e+00) (10, -6.39460945129394531250e+00) (11, 1.99574577808380126953e+00) (7, -1.07236719131469726562e+00) (8, 3.52501344680786132812e+00) (9, -2.36853766441345214844e+00) (10, -7.93338000774383544922e-01) (11, -1.07856094837188720703e+00) (7, -3.02686262130737304688e+00) (8, -8.84824097156524658203e-01) (9, -1.11313641071319580078e+00) (10, -4.05680201947689056396e-02) (11, 1.70521092414855957031e+00) (7, 8.39210987091064453125e-01) (8, -6.37055635452270507812e-02) (9, -2.07863599061965942383e-01) (10, -2.53446173667907714844e+00) (11, -2.39592090249061584473e-01) (12, 3.51308178901672363281e+00) (13, -2.55410999059677124023e-01) (14, -1.49087405204772949219e+00) (15, 1.10262525081634521484e+00) (16, -1.29683902487158775330e-02) 
