FANN_FLO_2.1
num_layers=4
learning_rate=0.500000
connection_rate=1.000000
network_type=0
learning_momentum=0.000000
training_algorithm=2
train_error_function=1
train_stop_function=0
cascade_output_change_fraction=0.010000
quickprop_decay=-0.000100
quickprop_mu=1.750000
rprop_increase_factor=1.200000
rprop_decrease_factor=0.500000
rprop_delta_min=0.000000
rprop_delta_max=50.000000
rprop_delta_zero=0.100000
cascade_output_stagnation_epochs=12
cascade_candidate_change_fraction=0.010000
cascade_candidate_stagnation_epochs=12
cascade_max_out_epochs=150
cascade_min_out_epochs=50
cascade_max_cand_epochs=150
cascade_min_cand_epochs=50
cascade_num_candidate_groups=2
bit_fail_limit=3.49999994039535522461e-01
cascade_candidate_limit=1.00000000000000000000e+03
cascade_weight_multiplier=4.00000005960464477539e-01
cascade_activation_functions_count=10
cascade_activation_functions=3 5 7 8 10 11 14 15 16 17 
cascade_activation_steepnesses_count=4
cascade_activation_steepnesses=2.50000000000000000000e-01 5.00000000000000000000e-01 7.50000000000000000000e-01 1.00000000000000000000e+00 
layer_sizes=4 5 5 2 
scale_included=0
neurons (num_inputs, activation_function, activation_steepness)=(0, 0, 0.00000000000000000000e+00) (0, 0, 0.00000000000000000000e+00) (0, 0, 0.00000000000000000000e+00) (0, 0, 0.00000000000000000000e+00) (4, 3, 5.00000000000000000000e-01) (4, 3, 5.00000000000000000000e-01) (4, 3, 5.00000000000000000000e-01) (4, 3, 5.00000000000000000000e-01) (0, 3, 0.00000000000000000000e+00) (5, 3, 5.00000000000000000000e-01) (5, 3, 5.00000000000000000000e-01) (5, 3, 5.00000000000000000000e-01) (5, 3, 5.00000000000000000000e-01) (0, 3, 0.00000000000000000000e+00) (5, 3, 5.00000000000000000000e-01) (0, 3, 0.00000000000000000000e+00) 
connections (connected_to_neuron, weight)=(0, 3.89681196212768554688e+00) (1, 5.15612220764160156250e+00) (2, -1.85814595222473144531e+00) (3, -2.96856713294982910156e+00) (0, 4.76090860366821289062e+00) (1, -2.67108869552612304688e+00) (2, -2.55865764617919921875e+00) (3, -1.64814889430999755859e+00) (0, 3.38019537925720214844e+00) (1, 4.61175251007080078125e+00) (2, 7.13928759098052978516e-01) (3, -4.09061956405639648438e+00) (0, 2.42141187191009521484e-01) (1, 9.80846118927001953125e+00) (2, -3.75588059425354003906e+00) (3, -3.91045403480529785156e+00) (4, -5.70692598819732666016e-01) (5, 3.92130687832832336426e-02) (6, -1.02544765472412109375e+01) (7, 4.77552795410156250000e+00) (8, 4.56778287887573242188e+00) (4, -6.83120250701904296875e-01) (5, 9.44008976221084594727e-02) (6, -5.81938552856445312500e+00) (7, -1.22296094894409179688e+00) (8, 1.61569929122924804688e+00) (4, 1.48289282226562500000e+03) (5, 1.50000000000000000000e+03) (6, 1.48675964355468750000e+03) (7, -1.28060562133789062500e+02) (8, 9.99684524536132812500e+00) (4, -4.23457294702529907227e-01) (5, 1.09650783240795135498e-01) (6, -1.05311965942382812500e+01) (7, 4.99625539779663085938e+00) (8, 4.43114042282104492188e+00) (9, -4.50568342208862304688e+00) (10, 4.39758396148681640625e+00) (11, 1.81953239440917968750e+00) (12, -4.83743572235107421875e+00) (13, 1.80851233005523681641e+00) 
