FANN_FLO_2.1
num_layers=3
learning_rate=0.500000
connection_rate=1.000000
network_type=0
learning_momentum=0.000000
training_algorithm=2
train_error_function=1
train_stop_function=0
cascade_output_change_fraction=0.010000
quickprop_decay=-0.000100
quickprop_mu=1.750000
rprop_increase_factor=1.200000
rprop_decrease_factor=0.500000
rprop_delta_min=0.000000
rprop_delta_max=50.000000
rprop_delta_zero=0.100000
cascade_output_stagnation_epochs=12
cascade_candidate_change_fraction=0.010000
cascade_candidate_stagnation_epochs=12
cascade_max_out_epochs=150
cascade_min_out_epochs=50
cascade_max_cand_epochs=150
cascade_min_cand_epochs=50
cascade_num_candidate_groups=2
bit_fail_limit=3.49999994039535522461e-01
cascade_candidate_limit=1.00000000000000000000e+03
cascade_weight_multiplier=4.00000005960464477539e-01
cascade_activation_functions_count=10
cascade_activation_functions=3 5 7 8 10 11 14 15 16 17 
cascade_activation_steepnesses_count=4
cascade_activation_steepnesses=2.50000000000000000000e-01 5.00000000000000000000e-01 7.50000000000000000000e-01 1.00000000000000000000e+00 
layer_sizes=3 5 4 
scale_included=0
neurons (num_inputs, activation_function, activation_steepness)=(0, 0, 0.00000000000000000000e+00) (0, 0, 0.00000000000000000000e+00) (0, 0, 0.00000000000000000000e+00) (3, 3, 5.00000000000000000000e-01) (3, 3, 5.00000000000000000000e-01) (3, 3, 5.00000000000000000000e-01) (3, 3, 5.00000000000000000000e-01) (0, 3, 0.00000000000000000000e+00) (5, 0, 5.00000000000000000000e-01) (5, 0, 5.00000000000000000000e-01) (5, 0, 5.00000000000000000000e-01) (0, 0, 0.00000000000000000000e+00) 
connections (connected_to_neuron, weight)=(0, -3.10508441925048828125e+00) (1, 9.42645847797393798828e-01) (2, -3.37016314268112182617e-01) (0, -1.11507596969604492188e+01) (1, 9.14545726776123046875e+00) (2, 3.83974194526672363281e+00) (0, -1.03110628128051757812e+01) (1, 1.18597688674926757812e+01) (2, 8.66631126403808593750e+00) (0, -1.37938308715820312500e+00) (1, -1.53080546855926513672e+00) (2, 4.45685088634490966797e-01) (3, 3.89900422096252441406e+00) (4, 1.11971056461334228516e+00) (5, 1.06786620616912841797e+00) (6, 4.21723747253417968750e+00) (7, 6.27442777156829833984e-01) (3, 9.51637458801269531250e+00) (4, 4.14203310012817382812e+00) (5, 4.73147583007812500000e+00) (6, 1.31289615631103515625e+01) (7, 2.75058460235595703125e+00) (3, 2.88914871215820312500e+01) (4, 1.33601121902465820312e+01) (5, 1.49448461532592773438e+01) (6, 4.24804382324218750000e+01) (7, 1.48336925506591796875e+01) 
