FANN_FLO_2.1
num_layers=3
learning_rate=0.500000
connection_rate=1.000000
network_type=0
learning_momentum=0.000000
training_algorithm=2
train_error_function=1
train_stop_function=0
cascade_output_change_fraction=0.010000
quickprop_decay=-0.000100
quickprop_mu=1.750000
rprop_increase_factor=1.200000
rprop_decrease_factor=0.500000
rprop_delta_min=0.000000
rprop_delta_max=50.000000
rprop_delta_zero=0.100000
cascade_output_stagnation_epochs=12
cascade_candidate_change_fraction=0.010000
cascade_candidate_stagnation_epochs=12
cascade_max_out_epochs=150
cascade_min_out_epochs=50
cascade_max_cand_epochs=150
cascade_min_cand_epochs=50
cascade_num_candidate_groups=2
bit_fail_limit=3.49999994039535522461e-01
cascade_candidate_limit=1.00000000000000000000e+03
cascade_weight_multiplier=4.00000005960464477539e-01
cascade_activation_functions_count=10
cascade_activation_functions=3 5 7 8 10 11 14 15 16 17 
cascade_activation_steepnesses_count=4
cascade_activation_steepnesses=2.50000000000000000000e-01 5.00000000000000000000e-01 7.50000000000000000000e-01 1.00000000000000000000e+00 
layer_sizes=3 9 4 
scale_included=0
neurons (num_inputs, activation_function, activation_steepness)=(0, 0, 0.00000000000000000000e+00) (0, 0, 0.00000000000000000000e+00) (0, 0, 0.00000000000000000000e+00) (3, 3, 5.00000000000000000000e-01) (3, 3, 5.00000000000000000000e-01) (3, 3, 5.00000000000000000000e-01) (3, 3, 5.00000000000000000000e-01) (3, 3, 5.00000000000000000000e-01) (3, 3, 5.00000000000000000000e-01) (3, 3, 5.00000000000000000000e-01) (3, 3, 5.00000000000000000000e-01) (0, 3, 0.00000000000000000000e+00) (9, 0, 5.00000000000000000000e-01) (9, 0, 5.00000000000000000000e-01) (9, 0, 5.00000000000000000000e-01) (0, 0, 0.00000000000000000000e+00) 
connections (connected_to_neuron, weight)=(0, -7.69482946395874023438e+00) (1, 6.41453742980957031250e+00) (2, 7.55776357650756835938e+00) (0, -9.38923263549804687500e+00) (1, 4.39450311660766601562e+00) (2, 7.12906408309936523438e+00) (0, -6.27724504470825195312e+00) (1, -4.51850175857543945312e+00) (2, 1.47395741939544677734e+00) (0, -1.13516735839843750000e+03) (1, -1.50000000000000000000e+03) (2, 2.02040433883666992188e+00) (0, -1.44482297897338867188e+01) (1, 1.81645393371582031250e+00) (2, 7.36342763900756835938e+00) (0, -6.38459873199462890625e+00) (1, -1.11372852325439453125e+01) (2, 4.00539550781250000000e+01) (0, -7.61647319793701171875e+00) (1, -8.71087312698364257812e-01) (2, 1.20890951156616210938e+00) (0, -1.44945117187500000000e+03) (1, -1.50000000000000000000e+03) (2, 3.38526391983032226562e+00) (3, 8.09641420841217041016e-01) (4, 1.26232349872589111328e+00) (5, 1.43576097488403320312e+00) (6, 1.12522983551025390625e+00) (7, 7.28107988834381103516e-01) (8, 7.58096396923065185547e-01) (9, 2.91526699066162109375e+00) (10, 7.13344514369964599609e-01) (11, 7.46182382106781005859e-01) (3, 3.66530537605285644531e+00) (4, 4.93465471267700195312e+00) (5, 4.65773677825927734375e+00) (6, 3.20461058616638183594e+00) (7, 3.28940820693969726562e+00) (8, 2.41880869865417480469e+00) (9, 6.24059677124023437500e+00) (10, 1.22824358940124511719e+00) (11, 2.43304753303527832031e+00) (3, 1.07895193099975585938e+01) (4, 1.53054695129394531250e+01) (5, 1.58152732849121093750e+01) (6, 1.08568000793457031250e+01) (7, 1.27542819976806640625e+01) (8, 1.01087551116943359375e+01) (9, 1.70245246887207031250e+01) (10, 2.76767325401306152344e+00) (11, 1.20658979415893554688e+01) 
