FANN_FLO_2.1
num_layers=3
learning_rate=0.400000
connection_rate=1.000000
network_type=0
learning_momentum=0.000000
training_algorithm=2
train_error_function=1
train_stop_function=0
cascade_output_change_fraction=0.010000
quickprop_decay=-0.000100
quickprop_mu=1.750000
rprop_increase_factor=1.200000
rprop_decrease_factor=0.500000
rprop_delta_min=0.000000
rprop_delta_max=50.000000
rprop_delta_zero=0.100000
cascade_output_stagnation_epochs=12
cascade_candidate_change_fraction=0.010000
cascade_candidate_stagnation_epochs=12
cascade_max_out_epochs=150
cascade_min_out_epochs=50
cascade_max_cand_epochs=150
cascade_min_cand_epochs=50
cascade_num_candidate_groups=2
bit_fail_limit=3.49999994039535522461e-01
cascade_candidate_limit=1.00000000000000000000e+03
cascade_weight_multiplier=4.00000005960464477539e-01
cascade_activation_functions_count=10
cascade_activation_functions=3 5 7 8 10 11 14 15 16 17 
cascade_activation_steepnesses_count=4
cascade_activation_steepnesses=2.50000000000000000000e-01 5.00000000000000000000e-01 7.50000000000000000000e-01 1.00000000000000000000e+00 
layer_sizes=10 3 2 
scale_included=0
neurons (num_inputs, activation_function, activation_steepness)=(0, 0, 0.00000000000000000000e+00) (0, 0, 0.00000000000000000000e+00) (0, 0, 0.00000000000000000000e+00) (0, 0, 0.00000000000000000000e+00) (0, 0, 0.00000000000000000000e+00) (0, 0, 0.00000000000000000000e+00) (0, 0, 0.00000000000000000000e+00) (0, 0, 0.00000000000000000000e+00) (0, 0, 0.00000000000000000000e+00) (0, 0, 0.00000000000000000000e+00) (10, 3, 5.00000000000000000000e-01) (10, 3, 5.00000000000000000000e-01) (0, 3, 0.00000000000000000000e+00) (3, 3, 5.00000000000000000000e-01) (0, 3, 0.00000000000000000000e+00) 
connections (connected_to_neuron, weight)=(0, -1.27696096897125244141e-01) (1, -1.44231587648391723633e-01) (2, -1.98616743087768554688e-01) (3, -2.25607231259346008301e-02) (4, -8.89434888958930969238e-02) (5, -1.80978789925575256348e-01) (6, -7.60056003928184509277e-02) (7, -1.06085464358329772949e-01) (8, -9.15026739239692687988e-02) (9, 1.09163388609886169434e-01) (0, -6.92803189158439636230e-02) (1, -6.04565814137458801270e-02) (2, -1.44790172576904296875e-01) (3, -1.17160715162754058838e-01) (4, -9.43597182631492614746e-02) (5, -1.94408282637596130371e-01) (6, -1.23199984431266784668e-01) (7, -1.69858574867248535156e-01) (8, -2.27097794413566589355e-02) (9, 3.97841781377792358398e-02) (10, 2.11634635925292968750e-01) (11, 2.16341644525527954102e-01) (12, 1.63931310176849365234e-01) 
