FANN_FLO_2.1
num_layers=3
learning_rate=0.500000
connection_rate=1.000000
network_type=0
learning_momentum=0.000000
training_algorithm=2
train_error_function=1
train_stop_function=0
cascade_output_change_fraction=0.010000
quickprop_decay=-0.000100
quickprop_mu=1.750000
rprop_increase_factor=1.200000
rprop_decrease_factor=0.500000
rprop_delta_min=0.000000
rprop_delta_max=50.000000
rprop_delta_zero=0.100000
cascade_output_stagnation_epochs=12
cascade_candidate_change_fraction=0.010000
cascade_candidate_stagnation_epochs=12
cascade_max_out_epochs=150
cascade_min_out_epochs=50
cascade_max_cand_epochs=150
cascade_min_cand_epochs=50
cascade_num_candidate_groups=2
bit_fail_limit=3.49999994039535522461e-01
cascade_candidate_limit=1.00000000000000000000e+03
cascade_weight_multiplier=4.00000005960464477539e-01
cascade_activation_functions_count=10
cascade_activation_functions=3 5 7 8 10 11 14 15 16 17 
cascade_activation_steepnesses_count=4
cascade_activation_steepnesses=2.50000000000000000000e-01 5.00000000000000000000e-01 7.50000000000000000000e-01 1.00000000000000000000e+00 
layer_sizes=7 9 2 
scale_included=0
neurons (num_inputs, activation_function, activation_steepness)=(0, 0, 0.00000000000000000000e+00) (0, 0, 0.00000000000000000000e+00) (0, 0, 0.00000000000000000000e+00) (0, 0, 0.00000000000000000000e+00) (0, 0, 0.00000000000000000000e+00) (0, 0, 0.00000000000000000000e+00) (0, 0, 0.00000000000000000000e+00) (7, 3, 5.00000000000000000000e-01) (7, 3, 5.00000000000000000000e-01) (7, 3, 5.00000000000000000000e-01) (7, 3, 5.00000000000000000000e-01) (7, 3, 5.00000000000000000000e-01) (7, 3, 5.00000000000000000000e-01) (7, 3, 5.00000000000000000000e-01) (7, 3, 5.00000000000000000000e-01) (0, 3, 0.00000000000000000000e+00) (9, 0, 5.00000000000000000000e-01) (0, 0, 0.00000000000000000000e+00) 
connections (connected_to_neuron, weight)=(0, 4.56635192871093750000e+02) (1, -2.82677276611328125000e+02) (2, 9.74553649902343750000e+02) (3, -3.76055501401424407959e-02) (4, -4.70334321260452270508e-01) (5, -9.13489318847656250000e+02) (6, 2.26486712694168090820e-01) (0, 1.31887182593345642090e-01) (1, -2.11667641997337341309e-01) (2, -2.61623811721801757812e+00) (3, 2.58177137374877929688e+00) (4, -9.53958570957183837891e-01) (5, 1.50000000000000000000e+03) (6, 2.02012562751770019531e+00) (0, -1.28059921264648437500e+02) (1, -1.43270935058593750000e+03) (2, -1.00233909606933593750e+02) (3, 1.83504447340965270996e-01) (4, -8.52973747253417968750e+00) (5, 1.31130157470703125000e+02) (6, -2.34972722828388214111e-02) (0, 2.02561721205711364746e-01) (1, -2.02140688896179199219e-01) (2, 3.10857892036437988281e-01) (3, -1.78770065307617187500e-01) (4, 1.79211109876632690430e-01) (5, -1.15890778601169586182e-01) (6, 3.41747313737869262695e-01) (0, -4.73121523857116699219e-01) (1, -1.90650672912597656250e+01) (2, 1.51960115432739257812e+01) (3, 4.36131581664085388184e-02) (4, 2.98711776733398437500e-01) (5, -3.68446052074432373047e-01) (6, -1.87096863985061645508e-01) (0, 2.31647625565528869629e-01) (1, -1.40693962574005126953e+00) (2, -2.65007019042968750000e+00) (3, 4.84404897689819335938e+00) (4, -8.65380883216857910156e-01) (5, 1.50000000000000000000e+03) (6, 7.51648902893066406250e+00) (0, 3.82117080688476562500e+01) (1, 1.50000000000000000000e+03) (2, 9.63227172851562500000e+02) (3, 6.71694099903106689453e-01) (4, 1.50717277526855468750e+01) (5, -2.06031295776367187500e+02) (6, 3.19282382726669311523e-01) (0, 8.89331772923469543457e-02) (1, -8.18462610244750976562e-01) (2, 1.35509908199310302734e+00) (3, 1.58050024509429931641e+00) (4, -8.40507924556732177734e-01) (5, 1.50000000000000000000e+03) (6, 4.21541166305541992188e+00) (7, 2.27442034520208835602e-03) (8, 1.37368338182568550110e-02) (9, -5.05015754699707031250e+01) (10, 5.39224110543727874756e-02) (11, -2.47121695429086685181e-02) (12, 2.36832574009895324707e-02) (13, -1.48135855793952941895e-01) (14, 2.91891284286975860596e-02) (15, 5.86000159382820129395e-02) 
