FANN_FLO_2.1
num_layers=4
learning_rate=0.500000
connection_rate=1.000000
network_type=0
learning_momentum=0.000000
training_algorithm=2
train_error_function=1
train_stop_function=0
cascade_output_change_fraction=0.010000
quickprop_decay=-0.000100
quickprop_mu=1.750000
rprop_increase_factor=1.200000
rprop_decrease_factor=0.500000
rprop_delta_min=0.000000
rprop_delta_max=50.000000
rprop_delta_zero=0.100000
cascade_output_stagnation_epochs=12
cascade_candidate_change_fraction=0.010000
cascade_candidate_stagnation_epochs=12
cascade_max_out_epochs=150
cascade_min_out_epochs=50
cascade_max_cand_epochs=150
cascade_min_cand_epochs=50
cascade_num_candidate_groups=2
bit_fail_limit=3.49999994039535522461e-01
cascade_candidate_limit=1.00000000000000000000e+03
cascade_weight_multiplier=4.00000005960464477539e-01
cascade_activation_functions_count=10
cascade_activation_functions=3 5 7 8 10 11 14 15 16 17 
cascade_activation_steepnesses_count=4
cascade_activation_steepnesses=2.50000000000000000000e-01 5.00000000000000000000e-01 7.50000000000000000000e-01 1.00000000000000000000e+00 
layer_sizes=18 3 3 2 
scale_included=0
neurons (num_inputs, activation_function, activation_steepness)=(0, 0, 0.00000000000000000000e+00) (0, 0, 0.00000000000000000000e+00) (0, 0, 0.00000000000000000000e+00) (0, 0, 0.00000000000000000000e+00) (0, 0, 0.00000000000000000000e+00) (0, 0, 0.00000000000000000000e+00) (0, 0, 0.00000000000000000000e+00) (0, 0, 0.00000000000000000000e+00) (0, 0, 0.00000000000000000000e+00) (0, 0, 0.00000000000000000000e+00) (0, 0, 0.00000000000000000000e+00) (0, 0, 0.00000000000000000000e+00) (0, 0, 0.00000000000000000000e+00) (0, 0, 0.00000000000000000000e+00) (0, 0, 0.00000000000000000000e+00) (0, 0, 0.00000000000000000000e+00) (0, 0, 0.00000000000000000000e+00) (0, 0, 0.00000000000000000000e+00) (18, 3, 5.00000000000000000000e-01) (18, 3, 5.00000000000000000000e-01) (0, 3, 0.00000000000000000000e+00) (3, 3, 5.00000000000000000000e-01) (3, 3, 5.00000000000000000000e-01) (0, 3, 0.00000000000000000000e+00) (3, 0, 5.00000000000000000000e-01) (0, 0, 0.00000000000000000000e+00) 
connections (connected_to_neuron, weight)=(0, 9.33858692646026611328e-01) (1, 7.92853713035583496094e-01) (2, 8.55076253414154052734e-01) (3, 8.93669366836547851562e-01) (4, 8.89238655567169189453e-01) (5, -1.01409518718719482422e+00) (6, -7.22602307796478271484e-01) (7, -1.17049407958984375000e+00) (8, 1.28347054123878479004e-01) (9, 9.23389732837677001953e-01) (10, 9.23812031745910644531e-01) (11, 7.36523151397705078125e-01) (12, 1.18584704399108886719e+00) (13, 4.62724775075912475586e-01) (14, 1.11538016796112060547e+00) (15, 8.49389791488647460938e-01) (16, 7.28175103664398193359e-01) (17, -5.14119482040405273438e+00) (0, 1.34438896179199218750e+00) (1, 1.13335895538330078125e+00) (2, 1.97968959808349609375e+00) (3, 1.08582174777984619141e+00) (4, 1.07168948650360107422e+00) (5, -6.12707614898681640625e-01) (6, -2.03772521018981933594e+00) (7, -9.69521403312683105469e-01) (8, 2.64304965734481811523e-01) (9, 9.39595699310302734375e-01) (10, 1.86410784721374511719e+00) (11, 1.07805526256561279297e+00) (12, 8.67027878761291503906e-01) (13, 1.87371456623077392578e+00) (14, 1.59903800487518310547e+00) (15, 1.08460950851440429688e+00) (16, 1.87547290325164794922e+00) (17, -3.44638347625732421875e+00) (18, 4.09068870544433593750e+00) (19, 2.04433321952819824219e+00) (20, -3.20991301536560058594e+00) (18, 3.42328524589538574219e+00) (19, 2.40085268020629882812e+00) (20, -2.04737544059753417969e+00) (21, 7.25785017013549804688e+00) (22, 5.67332458496093750000e+00) (23, 1.95100247859954833984e+00) 
