FANN_FLO_2.1
num_layers=3
learning_rate=0.500000
connection_rate=1.000000
network_type=0
learning_momentum=0.000000
training_algorithm=2
train_error_function=1
train_stop_function=0
cascade_output_change_fraction=0.010000
quickprop_decay=-0.000100
quickprop_mu=1.750000
rprop_increase_factor=1.200000
rprop_decrease_factor=0.500000
rprop_delta_min=0.000000
rprop_delta_max=50.000000
rprop_delta_zero=0.100000
cascade_output_stagnation_epochs=12
cascade_candidate_change_fraction=0.010000
cascade_candidate_stagnation_epochs=12
cascade_max_out_epochs=150
cascade_min_out_epochs=50
cascade_max_cand_epochs=150
cascade_min_cand_epochs=50
cascade_num_candidate_groups=2
bit_fail_limit=3.49999994039535522461e-01
cascade_candidate_limit=1.00000000000000000000e+03
cascade_weight_multiplier=4.00000005960464477539e-01
cascade_activation_functions_count=10
cascade_activation_functions=3 5 7 8 10 11 14 15 16 17 
cascade_activation_steepnesses_count=4
cascade_activation_steepnesses=2.50000000000000000000e-01 5.00000000000000000000e-01 7.50000000000000000000e-01 1.00000000000000000000e+00 
layer_sizes=3 9 4 
scale_included=0
neurons (num_inputs, activation_function, activation_steepness)=(0, 0, 0.00000000000000000000e+00) (0, 0, 0.00000000000000000000e+00) (0, 0, 0.00000000000000000000e+00) (3, 3, 5.00000000000000000000e-01) (3, 3, 5.00000000000000000000e-01) (3, 3, 5.00000000000000000000e-01) (3, 3, 5.00000000000000000000e-01) (3, 3, 5.00000000000000000000e-01) (3, 3, 5.00000000000000000000e-01) (3, 3, 5.00000000000000000000e-01) (3, 3, 5.00000000000000000000e-01) (0, 3, 0.00000000000000000000e+00) (9, 0, 5.00000000000000000000e-01) (9, 0, 5.00000000000000000000e-01) (9, 0, 5.00000000000000000000e-01) (0, 0, 0.00000000000000000000e+00) 
connections (connected_to_neuron, weight)=(0, -1.50000000000000000000e+03) (1, -3.55557617187500000000e+02) (2, 1.45936065673828125000e+02) (0, -7.59461688995361328125e+00) (1, 5.16797161102294921875e+00) (2, 7.21899652481079101562e+00) (0, -1.50000000000000000000e+03) (1, -1.49921875000000000000e+03) (2, 3.06797618865966796875e+01) (0, -9.69118881225585937500e+00) (1, 3.67864561080932617188e+00) (2, 6.30723285675048828125e+00) (0, -1.25470628738403320312e+01) (1, 5.32308697700500488281e-01) (2, 5.03787374496459960938e+00) (0, -6.18627166748046875000e+00) (1, 4.93810892105102539062e+00) (2, 8.05057430267333984375e+00) (0, -7.65688781738281250000e+01) (1, -1.95975074768066406250e+01) (2, 2.06309677124023437500e+02) (0, -1.50000000000000000000e+03) (1, -1.50000000000000000000e+03) (2, 7.33497083187103271484e-01) (3, 2.27556872367858886719e+00) (4, 7.27479636669158935547e-01) (5, 1.59236729145050048828e+00) (6, 1.20600962638854980469e+00) (7, 1.65386533737182617188e+00) (8, 6.72514557838439941406e-01) (9, 5.29278218746185302734e-01) (10, 5.75980007648468017578e-01) (11, 7.13519990444183349609e-01) (3, 5.16830492019653320312e+00) (4, 3.05926609039306640625e+00) (5, 3.11717224121093750000e+00) (6, 4.82618236541748046875e+00) (7, 5.43763875961303710938e+00) (8, 2.38920164108276367188e+00) (9, 2.02735304832458496094e+00) (10, 2.73641467094421386719e+00) (11, 2.02897763252258300781e+00) (3, 1.65410537719726562500e+01) (4, 1.02040567398071289062e+01) (5, 1.07428722381591796875e+01) (6, 1.35542640686035156250e+01) (7, 1.73703727722167968750e+01) (8, 1.09929504394531250000e+01) (9, 7.44490718841552734375e+00) (10, 5.53307867050170898438e+00) (11, 9.53372097015380859375e+00) 
