FANN_FLO_2.1
num_layers=3
learning_rate=0.300000
connection_rate=1.000000
network_type=0
learning_momentum=0.000000
training_algorithm=2
train_error_function=1
train_stop_function=0
cascade_output_change_fraction=0.010000
quickprop_decay=-0.000100
quickprop_mu=1.750000
rprop_increase_factor=1.200000
rprop_decrease_factor=0.500000
rprop_delta_min=0.000000
rprop_delta_max=50.000000
rprop_delta_zero=0.100000
cascade_output_stagnation_epochs=12
cascade_candidate_change_fraction=0.010000
cascade_candidate_stagnation_epochs=12
cascade_max_out_epochs=150
cascade_min_out_epochs=50
cascade_max_cand_epochs=150
cascade_min_cand_epochs=50
cascade_num_candidate_groups=2
bit_fail_limit=3.49999994039535522461e-01
cascade_candidate_limit=1.00000000000000000000e+03
cascade_weight_multiplier=4.00000005960464477539e-01
cascade_activation_functions_count=10
cascade_activation_functions=3 5 7 8 10 11 14 15 16 17 
cascade_activation_steepnesses_count=4
cascade_activation_steepnesses=2.50000000000000000000e-01 5.00000000000000000000e-01 7.50000000000000000000e-01 1.00000000000000000000e+00 
layer_sizes=4 9 2 
scale_included=0
neurons (num_inputs, activation_function, activation_steepness)=(0, 0, 0.00000000000000000000e+00) (0, 0, 0.00000000000000000000e+00) (0, 0, 0.00000000000000000000e+00) (0, 0, 0.00000000000000000000e+00) (4, 3, 5.00000000000000000000e-01) (4, 3, 5.00000000000000000000e-01) (4, 3, 5.00000000000000000000e-01) (4, 3, 5.00000000000000000000e-01) (4, 3, 5.00000000000000000000e-01) (4, 3, 5.00000000000000000000e-01) (4, 3, 5.00000000000000000000e-01) (4, 3, 5.00000000000000000000e-01) (0, 3, 0.00000000000000000000e+00) (9, 3, 5.00000000000000000000e-01) (0, 3, 0.00000000000000000000e+00) 
connections (connected_to_neuron, weight)=(0, -1.51491701602935791016e+00) (1, 9.32763040065765380859e-01) (2, -3.04373669624328613281e+00) (3, 1.22375669479370117188e+01) (0, -1.48758482933044433594e+00) (1, 7.46695518493652343750e-01) (2, -2.70153164863586425781e+00) (3, 1.34982395172119140625e+01) (0, -1.36364305019378662109e+00) (1, 6.90297663211822509766e-01) (2, -2.76247096061706542969e+00) (3, 1.28699045181274414062e+01) (0, -1.93224978446960449219e+00) (1, 8.99592757225036621094e-01) (2, -3.12302494049072265625e+00) (3, 1.05153226852416992188e+01) (0, -5.69067478179931640625e+00) (1, -1.20872996747493743896e-01) (2, -4.26831722259521484375e+00) (3, -1.44809141755104064941e-01) (0, -1.52942490577697753906e+00) (1, 9.17523264884948730469e-01) (2, -3.10298466682434082031e+00) (3, 1.42123804092407226562e+01) (0, -1.62952870130538940430e-01) (1, 3.02808955311775207520e-02) (2, -3.23709011077880859375e-01) (3, 3.50479936599731445312e+00) (0, -1.07888281345367431641e+00) (1, 1.47507071495056152344e+00) (2, -4.17509536743164062500e+01) (3, -1.62754654884338378906e-01) (4, -1.03738628327846527100e-01) (5, -5.82717396318912506104e-02) (6, -1.19181670248508453369e-01) (7, -6.22978620231151580811e-02) (8, -1.50000000000000000000e+03) (9, -9.70234349370002746582e-02) (10, -4.73752021789550781250e+00) (11, -1.50000000000000000000e+03) (12, 5.10139882564544677734e-01) 
