FANN_FLO_2.1
num_layers=3
learning_rate=0.300000
connection_rate=1.000000
network_type=0
learning_momentum=0.000000
training_algorithm=2
train_error_function=1
train_stop_function=0
cascade_output_change_fraction=0.010000
quickprop_decay=-0.000100
quickprop_mu=1.750000
rprop_increase_factor=1.200000
rprop_decrease_factor=0.500000
rprop_delta_min=0.000000
rprop_delta_max=50.000000
rprop_delta_zero=0.100000
cascade_output_stagnation_epochs=12
cascade_candidate_change_fraction=0.010000
cascade_candidate_stagnation_epochs=12
cascade_max_out_epochs=150
cascade_min_out_epochs=50
cascade_max_cand_epochs=150
cascade_min_cand_epochs=50
cascade_num_candidate_groups=2
bit_fail_limit=3.49999994039535522461e-01
cascade_candidate_limit=1.00000000000000000000e+03
cascade_weight_multiplier=4.00000005960464477539e-01
cascade_activation_functions_count=10
cascade_activation_functions=3 5 7 8 10 11 14 15 16 17 
cascade_activation_steepnesses_count=4
cascade_activation_steepnesses=2.50000000000000000000e-01 5.00000000000000000000e-01 7.50000000000000000000e-01 1.00000000000000000000e+00 
layer_sizes=4 9 2 
scale_included=0
neurons (num_inputs, activation_function, activation_steepness)=(0, 0, 0.00000000000000000000e+00) (0, 0, 0.00000000000000000000e+00) (0, 0, 0.00000000000000000000e+00) (0, 0, 0.00000000000000000000e+00) (4, 3, 5.00000000000000000000e-01) (4, 3, 5.00000000000000000000e-01) (4, 3, 5.00000000000000000000e-01) (4, 3, 5.00000000000000000000e-01) (4, 3, 5.00000000000000000000e-01) (4, 3, 5.00000000000000000000e-01) (4, 3, 5.00000000000000000000e-01) (4, 3, 5.00000000000000000000e-01) (0, 3, 0.00000000000000000000e+00) (9, 3, 5.00000000000000000000e-01) (0, 3, 0.00000000000000000000e+00) 
connections (connected_to_neuron, weight)=(0, -2.58691012859344482422e-01) (1, 4.41610179841518402100e-02) (2, -5.23896992206573486328e-01) (3, 8.46738052368164062500e+00) (0, -8.62391352653503417969e-01) (1, 4.36480313539505004883e-01) (2, -1.10430920124053955078e+00) (3, 1.60887563228607177734e+00) (0, -8.07143032550811767578e-01) (1, 4.06178116798400878906e-01) (2, -5.97405016422271728516e-01) (3, 3.92557501792907714844e+00) (0, -8.08251738548278808594e-01) (1, 4.74181711673736572266e-01) (2, -1.23889851570129394531e+00) (3, 1.88381135463714599609e+00) (0, -1.68224781751632690430e-01) (1, 2.85817086696624755859e-02) (2, -3.53759407997131347656e-01) (3, 2.08913969993591308594e+00) (0, -7.85243332386016845703e-01) (1, 4.71060276031494140625e-01) (2, -9.13946032524108886719e-01) (3, 2.29310798645019531250e+00) (0, -6.87542796134948730469e-01) (1, 3.71436715126037597656e-01) (2, -9.14022564888000488281e-01) (3, 2.86557197570800781250e+00) (0, -8.35229516029357910156e-01) (1, 3.64346295595169067383e-01) (2, -1.13381409645080566406e+00) (3, 2.64193248748779296875e+00) (4, -1.43274366855621337891e+00) (5, -1.20260015130043029785e-01) (6, -8.26296582818031311035e-02) (7, -7.87543952465057373047e-02) (8, -7.66896820068359375000e+00) (9, -7.25789219141006469727e-02) (10, -8.10481756925582885742e-02) (11, -1.06347858905792236328e-01) (12, 6.49273037910461425781e-01) 
