FANN_FLO_2.1
num_layers=3
learning_rate=0.500000
connection_rate=1.000000
network_type=0
learning_momentum=0.000000
training_algorithm=2
train_error_function=1
train_stop_function=0
cascade_output_change_fraction=0.010000
quickprop_decay=-0.000100
quickprop_mu=1.750000
rprop_increase_factor=1.200000
rprop_decrease_factor=0.500000
rprop_delta_min=0.000000
rprop_delta_max=50.000000
rprop_delta_zero=0.100000
cascade_output_stagnation_epochs=12
cascade_candidate_change_fraction=0.010000
cascade_candidate_stagnation_epochs=12
cascade_max_out_epochs=150
cascade_min_out_epochs=50
cascade_max_cand_epochs=150
cascade_min_cand_epochs=50
cascade_num_candidate_groups=2
bit_fail_limit=3.49999994039535522461e-01
cascade_candidate_limit=1.00000000000000000000e+03
cascade_weight_multiplier=4.00000005960464477539e-01
cascade_activation_functions_count=10
cascade_activation_functions=3 5 7 8 10 11 14 15 16 17 
cascade_activation_steepnesses_count=4
cascade_activation_steepnesses=2.50000000000000000000e-01 5.00000000000000000000e-01 7.50000000000000000000e-01 1.00000000000000000000e+00 
layer_sizes=10 3 2 
scale_included=0
neurons (num_inputs, activation_function, activation_steepness)=(0, 0, 0.00000000000000000000e+00) (0, 0, 0.00000000000000000000e+00) (0, 0, 0.00000000000000000000e+00) (0, 0, 0.00000000000000000000e+00) (0, 0, 0.00000000000000000000e+00) (0, 0, 0.00000000000000000000e+00) (0, 0, 0.00000000000000000000e+00) (0, 0, 0.00000000000000000000e+00) (0, 0, 0.00000000000000000000e+00) (0, 0, 0.00000000000000000000e+00) (10, 3, 5.00000000000000000000e-01) (10, 3, 5.00000000000000000000e-01) (0, 3, 0.00000000000000000000e+00) (3, 3, 5.00000000000000000000e-01) (0, 3, 0.00000000000000000000e+00) 
connections (connected_to_neuron, weight)=(0, -9.22949731349945068359e-01) (1, -6.51183009147644042969e-01) (2, 1.47799309343099594116e-02) (3, -3.65269780158996582031e-01) (4, -3.80202531814575195312e-02) (5, -3.25023144483566284180e-01) (6, -4.37985122203826904297e-01) (7, -2.78014063835144042969e-01) (8, -5.80596864223480224609e-01) (9, 6.95790946483612060547e-01) (0, -4.87358346581459045410e-02) (1, -3.15464526414871215820e-01) (2, -7.64159917831420898438e-01) (3, -5.35478651523590087891e-01) (4, -6.57604038715362548828e-01) (5, -5.11414766311645507812e-01) (6, -3.79775196313858032227e-01) (7, -6.03747725486755371094e-01) (8, -3.43817263841629028320e-01) (9, 1.50378763675689697266e+00) (10, -2.24326300621032714844e+00) (11, -2.65506863594055175781e+00) (12, 1.53591918945312500000e+00) 
