FANN_FLO_2.1
num_layers=3
learning_rate=0.500000
connection_rate=1.000000
network_type=0
learning_momentum=0.000000
training_algorithm=2
train_error_function=1
train_stop_function=0
cascade_output_change_fraction=0.010000
quickprop_decay=-0.000100
quickprop_mu=1.750000
rprop_increase_factor=1.200000
rprop_decrease_factor=0.500000
rprop_delta_min=0.000000
rprop_delta_max=50.000000
rprop_delta_zero=0.100000
cascade_output_stagnation_epochs=12
cascade_candidate_change_fraction=0.010000
cascade_candidate_stagnation_epochs=12
cascade_max_out_epochs=150
cascade_min_out_epochs=50
cascade_max_cand_epochs=150
cascade_min_cand_epochs=50
cascade_num_candidate_groups=2
bit_fail_limit=3.49999994039535522461e-01
cascade_candidate_limit=1.00000000000000000000e+03
cascade_weight_multiplier=4.00000005960464477539e-01
cascade_activation_functions_count=10
cascade_activation_functions=3 5 7 8 10 11 14 15 16 17 
cascade_activation_steepnesses_count=4
cascade_activation_steepnesses=2.50000000000000000000e-01 5.00000000000000000000e-01 7.50000000000000000000e-01 1.00000000000000000000e+00 
layer_sizes=3 9 4 
scale_included=0
neurons (num_inputs, activation_function, activation_steepness)=(0, 0, 0.00000000000000000000e+00) (0, 0, 0.00000000000000000000e+00) (0, 0, 0.00000000000000000000e+00) (3, 3, 5.00000000000000000000e-01) (3, 3, 5.00000000000000000000e-01) (3, 3, 5.00000000000000000000e-01) (3, 3, 5.00000000000000000000e-01) (3, 3, 5.00000000000000000000e-01) (3, 3, 5.00000000000000000000e-01) (3, 3, 5.00000000000000000000e-01) (3, 3, 5.00000000000000000000e-01) (0, 3, 0.00000000000000000000e+00) (9, 0, 5.00000000000000000000e-01) (9, 0, 5.00000000000000000000e-01) (9, 0, 5.00000000000000000000e-01) (0, 0, 0.00000000000000000000e+00) 
connections (connected_to_neuron, weight)=(0, -9.87331676483154296875e+00) (1, 5.53449487686157226562e+00) (2, 1.87011280059814453125e+01) (0, -5.86440992355346679688e+00) (1, -4.45129776000976562500e+00) (2, 1.81947517395019531250e+00) (0, -5.54396486282348632812e+00) (1, 8.28208208084106445312e-01) (2, 2.34068846702575683594e+00) (0, -7.77832746505737304688e+00) (1, -1.14753160476684570312e+01) (2, 1.25609958171844482422e+00) (0, -4.35742378234863281250e+00) (1, 1.97403836250305175781e+00) (2, 2.24683618545532226562e+00) (0, -6.41600990295410156250e+00) (1, -1.25453698635101318359e+00) (2, 1.35391283035278320312e+00) (0, -8.14823055267333984375e+00) (1, 5.80369758605957031250e+00) (2, 5.63346719741821289062e+00) (0, -7.82621812820434570312e+00) (1, 7.78115320205688476562e+00) (2, 8.26338005065917968750e+00) (3, 7.09577322006225585938e-01) (4, 1.55733954906463623047e+00) (5, 1.30274784564971923828e+00) (6, 1.67515456676483154297e+00) (7, 1.33137261867523193359e+00) (8, 2.02188658714294433594e+00) (9, 6.94725394248962402344e-01) (10, 7.63130784034729003906e-01) (11, 3.14497023820877075195e-01) (3, 2.28950023651123046875e+00) (4, 4.85779476165771484375e+00) (5, 3.81596302986145019531e+00) (6, 4.31743669509887695312e+00) (7, 4.12809324264526367188e+00) (8, 4.69378042221069335938e+00) (9, 2.69849252700805664062e+00) (10, 2.80876207351684570312e+00) (11, 2.31928205490112304688e+00) (3, 9.44380092620849609375e+00) (4, 1.45872945785522460938e+01) (5, 1.43497838973999023438e+01) (6, 1.25565690994262695312e+01) (7, 9.34873676300048828125e+00) (8, 1.48868799209594726562e+01) (9, 1.00213193893432617188e+01) (10, 1.10635309219360351562e+01) (11, 9.28763294219970703125e+00) 
