FANN_FLO_2.1
num_layers=3
learning_rate=0.500000
connection_rate=1.000000
network_type=0
learning_momentum=0.000000
training_algorithm=2
train_error_function=1
train_stop_function=0
cascade_output_change_fraction=0.010000
quickprop_decay=-0.000100
quickprop_mu=1.750000
rprop_increase_factor=1.200000
rprop_decrease_factor=0.500000
rprop_delta_min=0.000000
rprop_delta_max=50.000000
rprop_delta_zero=0.100000
cascade_output_stagnation_epochs=12
cascade_candidate_change_fraction=0.010000
cascade_candidate_stagnation_epochs=12
cascade_max_out_epochs=150
cascade_min_out_epochs=50
cascade_max_cand_epochs=150
cascade_min_cand_epochs=50
cascade_num_candidate_groups=2
bit_fail_limit=3.49999994039535522461e-01
cascade_candidate_limit=1.00000000000000000000e+03
cascade_weight_multiplier=4.00000005960464477539e-01
cascade_activation_functions_count=10
cascade_activation_functions=3 5 7 8 10 11 14 15 16 17 
cascade_activation_steepnesses_count=4
cascade_activation_steepnesses=2.50000000000000000000e-01 5.00000000000000000000e-01 7.50000000000000000000e-01 1.00000000000000000000e+00 
layer_sizes=7 5 2 
scale_included=0
neurons (num_inputs, activation_function, activation_steepness)=(0, 0, 0.00000000000000000000e+00) (0, 0, 0.00000000000000000000e+00) (0, 0, 0.00000000000000000000e+00) (0, 0, 0.00000000000000000000e+00) (0, 0, 0.00000000000000000000e+00) (0, 0, 0.00000000000000000000e+00) (0, 0, 0.00000000000000000000e+00) (7, 3, 5.00000000000000000000e-01) (7, 3, 5.00000000000000000000e-01) (7, 3, 5.00000000000000000000e-01) (7, 3, 5.00000000000000000000e-01) (0, 3, 0.00000000000000000000e+00) (5, 0, 5.00000000000000000000e-01) (0, 0, 0.00000000000000000000e+00) 
connections (connected_to_neuron, weight)=(0, -1.79515615105628967285e-01) (1, -9.45603132247924804688e-01) (2, -5.78185915946960449219e-01) (3, 2.06612527370452880859e-01) (4, -1.57938823103904724121e-02) (5, 9.17216122150421142578e-01) (6, 6.38286113739013671875e-01) (0, -6.50994157791137695312e+00) (1, -4.90400344133377075195e-02) (2, 7.95232057571411132812e+00) (3, -6.71254301071166992188e+00) (4, -1.16466140747070312500e+00) (5, 1.01529779434204101562e+01) (6, -3.93359750509262084961e-01) (0, -7.74614959955215454102e-02) (1, -4.65018570423126220703e-01) (2, 4.65809345245361328125e-01) (3, -1.61461994051933288574e-01) (4, -3.30829918384552001953e-01) (5, 5.29891133308410644531e-01) (6, -2.04786229133605957031e+00) (0, 1.51922538876533508301e-01) (1, 8.81884872913360595703e-01) (2, 4.37333911657333374023e-01) (3, -5.84984064102172851562e-01) (4, 2.78550446033477783203e-01) (5, -7.64073371887207031250e-01) (6, -1.13588653504848480225e-01) (7, -1.19132965803146362305e-01) (8, -2.58436817675828933716e-02) (9, 7.39750623703002929688e-01) (10, -8.30168575048446655273e-02) (11, 9.17373299598693847656e-02) 
