FANN_FLO_2.1
num_layers=4
learning_rate=0.450000
connection_rate=1.000000
network_type=0
learning_momentum=0.000000
training_algorithm=2
train_error_function=1
train_stop_function=0
cascade_output_change_fraction=0.010000
quickprop_decay=-0.000100
quickprop_mu=1.750000
rprop_increase_factor=1.200000
rprop_decrease_factor=0.500000
rprop_delta_min=0.000000
rprop_delta_max=50.000000
rprop_delta_zero=0.100000
cascade_output_stagnation_epochs=12
cascade_candidate_change_fraction=0.010000
cascade_candidate_stagnation_epochs=12
cascade_max_out_epochs=150
cascade_min_out_epochs=50
cascade_max_cand_epochs=150
cascade_min_cand_epochs=50
cascade_num_candidate_groups=2
bit_fail_limit=3.49999994039535522461e-01
cascade_candidate_limit=1.00000000000000000000e+03
cascade_weight_multiplier=4.00000005960464477539e-01
cascade_activation_functions_count=10
cascade_activation_functions=3 5 7 8 10 11 14 15 16 17 
cascade_activation_steepnesses_count=4
cascade_activation_steepnesses=2.50000000000000000000e-01 5.00000000000000000000e-01 7.50000000000000000000e-01 1.00000000000000000000e+00 
layer_sizes=7 5 3 2 
scale_included=0
neurons (num_inputs, activation_function, activation_steepness)=(0, 0, 0.00000000000000000000e+00) (0, 0, 0.00000000000000000000e+00) (0, 0, 0.00000000000000000000e+00) (0, 0, 0.00000000000000000000e+00) (0, 0, 0.00000000000000000000e+00) (0, 0, 0.00000000000000000000e+00) (0, 0, 0.00000000000000000000e+00) (7, 3, 5.00000000000000000000e-01) (7, 3, 5.00000000000000000000e-01) (7, 3, 5.00000000000000000000e-01) (7, 3, 5.00000000000000000000e-01) (0, 3, 0.00000000000000000000e+00) (5, 3, 5.00000000000000000000e-01) (5, 3, 5.00000000000000000000e-01) (0, 3, 0.00000000000000000000e+00) (3, 0, 5.00000000000000000000e-01) (0, 0, 0.00000000000000000000e+00) 
connections (connected_to_neuron, weight)=(0, -1.65433377027511596680e-01) (1, 2.65677690505981445312e-01) (2, -5.49380958080291748047e-01) (3, 4.31837663054466247559e-02) (4, 5.20978808403015136719e-01) (5, 5.24069033563137054443e-02) (6, -1.10945689678192138672e+00) (0, -3.40975284576416015625e-01) (1, 3.35166156291961669922e-01) (2, -1.50000000000000000000e+03) (3, -3.84444999694824218750e+00) (4, -2.66242414712905883789e-01) (5, -1.50000000000000000000e+03) (6, -1.09322154894471168518e-02) (0, 7.51565017700195312500e+01) (1, 1.50000000000000000000e+03) (2, 1.50000000000000000000e+03) (3, 1.50000000000000000000e+03) (4, 1.50000000000000000000e+03) (5, 1.50000000000000000000e+03) (6, -3.90746980905532836914e-01) (0, 2.36943125724792480469e-01) (1, 4.42969650030136108398e-01) (2, -2.82422333955764770508e-01) (3, 1.97866842150688171387e-01) (4, -5.34169226884841918945e-02) (5, -6.72319173812866210938e-01) (6, 3.88262331485748291016e-01) (7, -6.44266033172607421875e+00) (8, 7.04116394042968750000e+02) (9, -3.26707571744918823242e-01) (10, -5.16147279739379882812e+00) (11, 1.82073819637298583984e+00) (7, 2.24122558593750000000e+02) (8, 8.84676086425781250000e+02) (9, -2.15066871643066406250e+01) (10, 5.21964311599731445312e+00) (11, -2.15898780822753906250e+01) (12, 4.51870918273925781250e+00) (13, 9.86448749899864196777e-02) (14, -9.84278544783592224121e-02) 
