FANN_FLO_2.1
num_layers=3
learning_rate=0.450000
connection_rate=1.000000
network_type=0
learning_momentum=0.000000
training_algorithm=2
train_error_function=1
train_stop_function=0
cascade_output_change_fraction=0.010000
quickprop_decay=-0.000100
quickprop_mu=1.750000
rprop_increase_factor=1.200000
rprop_decrease_factor=0.500000
rprop_delta_min=0.000000
rprop_delta_max=50.000000
rprop_delta_zero=0.100000
cascade_output_stagnation_epochs=12
cascade_candidate_change_fraction=0.010000
cascade_candidate_stagnation_epochs=12
cascade_max_out_epochs=150
cascade_min_out_epochs=50
cascade_max_cand_epochs=150
cascade_min_cand_epochs=50
cascade_num_candidate_groups=2
bit_fail_limit=3.49999994039535522461e-01
cascade_candidate_limit=1.00000000000000000000e+03
cascade_weight_multiplier=4.00000005960464477539e-01
cascade_activation_functions_count=10
cascade_activation_functions=3 5 7 8 10 11 14 15 16 17 
cascade_activation_steepnesses_count=4
cascade_activation_steepnesses=2.50000000000000000000e-01 5.00000000000000000000e-01 7.50000000000000000000e-01 1.00000000000000000000e+00 
layer_sizes=7 5 2 
scale_included=0
neurons (num_inputs, activation_function, activation_steepness)=(0, 0, 0.00000000000000000000e+00) (0, 0, 0.00000000000000000000e+00) (0, 0, 0.00000000000000000000e+00) (0, 0, 0.00000000000000000000e+00) (0, 0, 0.00000000000000000000e+00) (0, 0, 0.00000000000000000000e+00) (0, 0, 0.00000000000000000000e+00) (7, 3, 5.00000000000000000000e-01) (7, 3, 5.00000000000000000000e-01) (7, 3, 5.00000000000000000000e-01) (7, 3, 5.00000000000000000000e-01) (0, 3, 0.00000000000000000000e+00) (5, 0, 5.00000000000000000000e-01) (0, 0, 0.00000000000000000000e+00) 
connections (connected_to_neuron, weight)=(0, 1.45200000000000000000e+03) (1, -1.50000000000000000000e+03) (2, 1.50000000000000000000e+03) (3, 1.03906140136718750000e+03) (4, -1.50000000000000000000e+03) (5, 6.90800048828125000000e+02) (6, 2.32992124557495117188e+00) (0, -1.47840002441406250000e+03) (1, 1.34080004882812500000e+03) (2, -1.31580004882812500000e+03) (3, -1.86360621452331542969e+00) (4, 1.34080004882812500000e+03) (5, -1.05000000000000000000e+03) (6, 2.38926574587821960449e-01) (0, 1.08914489746093750000e+02) (1, -1.45276708984375000000e+03) (2, 7.48753051757812500000e+02) (3, 2.55362653732299804688e+00) (4, -1.45510766601562500000e+03) (5, 1.16387237548828125000e+02) (6, 6.42479583621025085449e-02) (0, 4.48244905471801757812e+00) (1, 9.35099029541015625000e+00) (2, 3.05654754638671875000e+01) (3, -2.00349211692810058594e+00) (4, -5.29685363769531250000e+01) (5, -1.50000000000000000000e+03) (6, -7.02046453952789306641e-01) (7, 1.39396758750081062317e-02) (8, 7.81400012783706188202e-05) (9, 5.63229247927665710449e-03) (10, 3.74127458781003952026e-03) (11, 4.65390924364328384399e-03) 
