FANN_FLO_2.1
num_layers=3
learning_rate=0.500000
connection_rate=1.000000
network_type=0
learning_momentum=0.000000
training_algorithm=2
train_error_function=1
train_stop_function=0
cascade_output_change_fraction=0.010000
quickprop_decay=-0.000100
quickprop_mu=1.750000
rprop_increase_factor=1.200000
rprop_decrease_factor=0.500000
rprop_delta_min=0.000000
rprop_delta_max=50.000000
rprop_delta_zero=0.100000
cascade_output_stagnation_epochs=12
cascade_candidate_change_fraction=0.010000
cascade_candidate_stagnation_epochs=12
cascade_max_out_epochs=150
cascade_min_out_epochs=50
cascade_max_cand_epochs=150
cascade_min_cand_epochs=50
cascade_num_candidate_groups=2
bit_fail_limit=3.49999994039535522461e-01
cascade_candidate_limit=1.00000000000000000000e+03
cascade_weight_multiplier=4.00000005960464477539e-01
cascade_activation_functions_count=10
cascade_activation_functions=3 5 7 8 10 11 14 15 16 17 
cascade_activation_steepnesses_count=4
cascade_activation_steepnesses=2.50000000000000000000e-01 5.00000000000000000000e-01 7.50000000000000000000e-01 1.00000000000000000000e+00 
layer_sizes=3 9 4 
scale_included=0
neurons (num_inputs, activation_function, activation_steepness)=(0, 0, 0.00000000000000000000e+00) (0, 0, 0.00000000000000000000e+00) (0, 0, 0.00000000000000000000e+00) (3, 3, 5.00000000000000000000e-01) (3, 3, 5.00000000000000000000e-01) (3, 3, 5.00000000000000000000e-01) (3, 3, 5.00000000000000000000e-01) (3, 3, 5.00000000000000000000e-01) (3, 3, 5.00000000000000000000e-01) (3, 3, 5.00000000000000000000e-01) (3, 3, 5.00000000000000000000e-01) (0, 3, 0.00000000000000000000e+00) (9, 0, 5.00000000000000000000e-01) (9, 0, 5.00000000000000000000e-01) (9, 0, 5.00000000000000000000e-01) (0, 0, 0.00000000000000000000e+00) 
connections (connected_to_neuron, weight)=(0, -5.08047103881835937500e+00) (1, 1.79426741600036621094e+00) (2, 8.36311280727386474609e-01) (0, -9.80596065521240234375e-01) (1, -3.85134887695312500000e+00) (2, -4.49050441384315490723e-02) (0, -4.22546052932739257812e+00) (1, -2.07646751403808593750e+00) (2, 5.38994371891021728516e-01) (0, -8.47850418090820312500e+00) (1, 8.05767631530761718750e+00) (2, 7.76758527755737304688e+00) (0, -9.38704776763916015625e+00) (1, 6.07580566406250000000e+00) (2, 4.97142171859741210938e+00) (0, -4.16989040374755859375e+00) (1, -3.83967533707618713379e-02) (2, 6.14425301551818847656e-01) (0, -5.43170404434204101562e+00) (1, 4.20831298828125000000e+00) (2, 8.66079711914062500000e+00) (0, -2.58978271484375000000e+00) (1, -3.57758831977844238281e+00) (2, 5.33339142799377441406e-01) (3, 2.39544987678527832031e+00) (4, 1.40353411436080932617e-01) (5, 2.14799737930297851562e+00) (6, 5.72655379772186279297e-01) (7, 7.15353965759277343750e-01) (8, 1.23747718334197998047e+00) (9, 8.30526649951934814453e-01) (10, 2.01376080513000488281e+00) (11, 6.09567523002624511719e-01) (3, 5.01707315444946289062e+00) (4, 3.80379486083984375000e+00) (5, 4.92707920074462890625e+00) (6, 3.54663944244384765625e+00) (7, 3.63534855842590332031e+00) (8, 4.17022609710693359375e+00) (9, 2.77721309661865234375e+00) (10, 5.17648363113403320312e+00) (11, 2.31198620796203613281e+00) (3, 1.51002798080444335938e+01) (4, 1.53714675903320312500e+01) (5, 1.61890163421630859375e+01) (6, 1.01454830169677734375e+01) (7, 1.24849128723144531250e+01) (8, 1.30462999343872070312e+01) (9, 1.20629405975341796875e+01) (10, 1.53236818313598632812e+01) (11, 1.06329441070556640625e+01) 
