FANN_FLO_2.1
num_layers=3
learning_rate=0.500000
connection_rate=1.000000
network_type=0
learning_momentum=0.000000
training_algorithm=2
train_error_function=1
train_stop_function=0
cascade_output_change_fraction=0.010000
quickprop_decay=-0.000100
quickprop_mu=1.750000
rprop_increase_factor=1.200000
rprop_decrease_factor=0.500000
rprop_delta_min=0.000000
rprop_delta_max=50.000000
rprop_delta_zero=0.100000
cascade_output_stagnation_epochs=12
cascade_candidate_change_fraction=0.010000
cascade_candidate_stagnation_epochs=12
cascade_max_out_epochs=150
cascade_min_out_epochs=50
cascade_max_cand_epochs=150
cascade_min_cand_epochs=50
cascade_num_candidate_groups=2
bit_fail_limit=3.49999994039535522461e-01
cascade_candidate_limit=1.00000000000000000000e+03
cascade_weight_multiplier=4.00000005960464477539e-01
cascade_activation_functions_count=10
cascade_activation_functions=3 5 7 8 10 11 14 15 16 17 
cascade_activation_steepnesses_count=4
cascade_activation_steepnesses=2.50000000000000000000e-01 5.00000000000000000000e-01 7.50000000000000000000e-01 1.00000000000000000000e+00 
layer_sizes=10 3 2 
scale_included=0
neurons (num_inputs, activation_function, activation_steepness)=(0, 0, 0.00000000000000000000e+00) (0, 0, 0.00000000000000000000e+00) (0, 0, 0.00000000000000000000e+00) (0, 0, 0.00000000000000000000e+00) (0, 0, 0.00000000000000000000e+00) (0, 0, 0.00000000000000000000e+00) (0, 0, 0.00000000000000000000e+00) (0, 0, 0.00000000000000000000e+00) (0, 0, 0.00000000000000000000e+00) (0, 0, 0.00000000000000000000e+00) (10, 3, 5.00000000000000000000e-01) (10, 3, 5.00000000000000000000e-01) (0, 3, 0.00000000000000000000e+00) (3, 3, 5.00000000000000000000e-01) (0, 3, 0.00000000000000000000e+00) 
connections (connected_to_neuron, weight)=(0, -6.97192013263702392578e-01) (1, -5.92439532279968261719e-01) (2, -6.51878356933593750000e-01) (3, -5.98774611949920654297e-01) (4, -6.58558070659637451172e-01) (5, -6.99092090129852294922e-01) (6, -6.95524454116821289062e-01) (7, -7.46745586395263671875e-01) (8, -7.74201095104217529297e-01) (9, 2.81679892539978027344e+00) (0, -7.09243714809417724609e-01) (1, -7.51365959644317626953e-01) (2, -7.15979039669036865234e-01) (3, -6.48512303829193115234e-01) (4, -7.53726005554199218750e-01) (5, -6.46671652793884277344e-01) (6, -7.29140520095825195312e-01) (7, -5.97594439983367919922e-01) (8, -6.27929806709289550781e-01) (9, 2.57968425750732421875e+00) (10, -1.42363023757934570312e+00) (11, -1.53644764423370361328e+00) (12, 1.21160411834716796875e+00) 
