FANN_FLO_2.1
num_layers=4
learning_rate=0.300000
connection_rate=1.000000
network_type=0
learning_momentum=0.000000
training_algorithm=2
train_error_function=1
train_stop_function=0
cascade_output_change_fraction=0.010000
quickprop_decay=-0.000100
quickprop_mu=1.750000
rprop_increase_factor=1.200000
rprop_decrease_factor=0.500000
rprop_delta_min=0.000000
rprop_delta_max=50.000000
rprop_delta_zero=0.100000
cascade_output_stagnation_epochs=12
cascade_candidate_change_fraction=0.010000
cascade_candidate_stagnation_epochs=12
cascade_max_out_epochs=150
cascade_min_out_epochs=50
cascade_max_cand_epochs=150
cascade_min_cand_epochs=50
cascade_num_candidate_groups=2
bit_fail_limit=3.49999994039535522461e-01
cascade_candidate_limit=1.00000000000000000000e+03
cascade_weight_multiplier=4.00000005960464477539e-01
cascade_activation_functions_count=10
cascade_activation_functions=3 5 7 8 10 11 14 15 16 17 
cascade_activation_steepnesses_count=4
cascade_activation_steepnesses=2.50000000000000000000e-01 5.00000000000000000000e-01 7.50000000000000000000e-01 1.00000000000000000000e+00 
layer_sizes=2 5 5 3 
scale_included=0
neurons (num_inputs, activation_function, activation_steepness)=(0, 0, 0.00000000000000000000e+00) (0, 0, 0.00000000000000000000e+00) (2, 3, 5.00000000000000000000e-01) (2, 3, 5.00000000000000000000e-01) (2, 3, 5.00000000000000000000e-01) (2, 3, 5.00000000000000000000e-01) (0, 3, 0.00000000000000000000e+00) (5, 3, 5.00000000000000000000e-01) (5, 3, 5.00000000000000000000e-01) (5, 3, 5.00000000000000000000e-01) (5, 3, 5.00000000000000000000e-01) (0, 3, 0.00000000000000000000e+00) (5, 0, 5.00000000000000000000e-01) (5, 0, 5.00000000000000000000e-01) (0, 0, 0.00000000000000000000e+00) 
connections (connected_to_neuron, weight)=(0, -1.31252133846282958984e+00) (1, -4.01289796829223632812e+00) (0, -2.18122982978820800781e+00) (1, -5.78327322006225585938e+00) (0, -1.19784414768218994141e+00) (1, -3.89849305152893066406e+00) (0, -1.24536871910095214844e+00) (1, -4.13470602035522460938e+00) (2, 9.50043857097625732422e-01) (3, 2.32066798210144042969e+00) (4, 9.13632035255432128906e-01) (5, 9.43291366100311279297e-01) (6, -1.77791893482208251953e-01) (2, 3.00785843282938003540e-02) (3, 2.19771671295166015625e+00) (4, -4.46998208761215209961e-01) (5, -1.35088264942169189453e-01) (6, 5.06524205207824707031e-01) (2, 1.62173950672149658203e+00) (3, 3.34146547317504882812e+00) (4, 1.65989816188812255859e+00) (5, 8.15095722675323486328e-01) (6, -1.65185797214508056641e+00) (2, -1.49141088128089904785e-01) (3, 4.73211765289306640625e+00) (4, -3.85755634307861328125e+00) (5, -2.81708151102066040039e-01) (6, 2.46757999062538146973e-01) (7, 6.42290189862251281738e-02) (8, -4.07960601150989532471e-02) (9, 4.14100646972656250000e-01) (10, -1.64319649338722229004e-02) (11, -1.76367983222007751465e-01) (7, -2.61782437562942504883e-01) (8, -7.64009833335876464844e-01) (9, -8.30252885818481445312e-01) (10, -7.86148428916931152344e-01) (11, -2.29961022734642028809e-01) 
