FANN_FLO_2.1
num_layers=3
learning_rate=0.450000
connection_rate=1.000000
network_type=0
learning_momentum=0.000000
training_algorithm=2
train_error_function=1
train_stop_function=0
cascade_output_change_fraction=0.010000
quickprop_decay=-0.000100
quickprop_mu=1.750000
rprop_increase_factor=1.200000
rprop_decrease_factor=0.500000
rprop_delta_min=0.000000
rprop_delta_max=50.000000
rprop_delta_zero=0.100000
cascade_output_stagnation_epochs=12
cascade_candidate_change_fraction=0.010000
cascade_candidate_stagnation_epochs=12
cascade_max_out_epochs=150
cascade_min_out_epochs=50
cascade_max_cand_epochs=150
cascade_min_cand_epochs=50
cascade_num_candidate_groups=2
bit_fail_limit=3.49999994039535522461e-01
cascade_candidate_limit=1.00000000000000000000e+03
cascade_weight_multiplier=4.00000005960464477539e-01
cascade_activation_functions_count=10
cascade_activation_functions=3 5 7 8 10 11 14 15 16 17 
cascade_activation_steepnesses_count=4
cascade_activation_steepnesses=2.50000000000000000000e-01 5.00000000000000000000e-01 7.50000000000000000000e-01 1.00000000000000000000e+00 
layer_sizes=7 5 2 
scale_included=0
neurons (num_inputs, activation_function, activation_steepness)=(0, 0, 0.00000000000000000000e+00) (0, 0, 0.00000000000000000000e+00) (0, 0, 0.00000000000000000000e+00) (0, 0, 0.00000000000000000000e+00) (0, 0, 0.00000000000000000000e+00) (0, 0, 0.00000000000000000000e+00) (0, 0, 0.00000000000000000000e+00) (7, 3, 5.00000000000000000000e-01) (7, 3, 5.00000000000000000000e-01) (7, 3, 5.00000000000000000000e-01) (7, 3, 5.00000000000000000000e-01) (0, 3, 0.00000000000000000000e+00) (5, 0, 5.00000000000000000000e-01) (0, 0, 0.00000000000000000000e+00) 
connections (connected_to_neuron, weight)=(0, 2.49078811645507812500e+02) (1, -3.09161071777343750000e+02) (2, -9.14148406982421875000e+01) (3, -5.45957092285156250000e+02) (4, 3.14820983886718750000e+02) (5, -8.94706054687500000000e+02) (6, 6.34140148758888244629e-02) (0, -6.51138610839843750000e+01) (1, -3.55636954307556152344e+00) (2, 7.84352188110351562500e+01) (3, -5.82180643081665039062e+00) (4, -5.44715881347656250000e+00) (5, -2.12239766120910644531e+00) (6, -1.49659407138824462891e+00) (0, -2.59621858596801757812e-01) (1, 2.13769763708114624023e-01) (2, -1.34977504611015319824e-01) (3, 3.07803660631179809570e-01) (4, -6.07886731624603271484e-01) (5, 1.20302975177764892578e-01) (6, -2.43826293945312500000e+00) (0, 3.39239776611328125000e+02) (1, 3.42951721191406250000e+02) (2, 7.88748962402343750000e+02) (3, 4.12236022949218750000e+02) (4, 7.75846130371093750000e+02) (5, 1.49000830078125000000e+03) (6, -2.06623792648315429688e+00) (7, -4.83206176757812500000e+01) (8, 1.25317415222525596619e-03) (9, 1.66044163703918457031e+00) (10, 9.82141471467912197113e-04) (11, -1.57230067998170852661e-03) 
