FANN_FLO_2.1
num_layers=3
learning_rate=0.500000
connection_rate=1.000000
network_type=0
learning_momentum=0.000000
training_algorithm=2
train_error_function=1
train_stop_function=0
cascade_output_change_fraction=0.010000
quickprop_decay=-0.000100
quickprop_mu=1.750000
rprop_increase_factor=1.200000
rprop_decrease_factor=0.500000
rprop_delta_min=0.000000
rprop_delta_max=50.000000
rprop_delta_zero=0.100000
cascade_output_stagnation_epochs=12
cascade_candidate_change_fraction=0.010000
cascade_candidate_stagnation_epochs=12
cascade_max_out_epochs=150
cascade_min_out_epochs=50
cascade_max_cand_epochs=150
cascade_min_cand_epochs=50
cascade_num_candidate_groups=2
bit_fail_limit=3.49999994039535522461e-01
cascade_candidate_limit=1.00000000000000000000e+03
cascade_weight_multiplier=4.00000005960464477539e-01
cascade_activation_functions_count=10
cascade_activation_functions=3 5 7 8 10 11 14 15 16 17 
cascade_activation_steepnesses_count=4
cascade_activation_steepnesses=2.50000000000000000000e-01 5.00000000000000000000e-01 7.50000000000000000000e-01 1.00000000000000000000e+00 
layer_sizes=10 5 2 
scale_included=0
neurons (num_inputs, activation_function, activation_steepness)=(0, 0, 0.00000000000000000000e+00) (0, 0, 0.00000000000000000000e+00) (0, 0, 0.00000000000000000000e+00) (0, 0, 0.00000000000000000000e+00) (0, 0, 0.00000000000000000000e+00) (0, 0, 0.00000000000000000000e+00) (0, 0, 0.00000000000000000000e+00) (0, 0, 0.00000000000000000000e+00) (0, 0, 0.00000000000000000000e+00) (0, 0, 0.00000000000000000000e+00) (10, 3, 5.00000000000000000000e-01) (10, 3, 5.00000000000000000000e-01) (10, 3, 5.00000000000000000000e-01) (10, 3, 5.00000000000000000000e-01) (0, 3, 0.00000000000000000000e+00) (5, 3, 5.00000000000000000000e-01) (0, 3, 0.00000000000000000000e+00) 
connections (connected_to_neuron, weight)=(0, -1.79013431072235107422e-01) (1, -1.35107350349426269531e+00) (2, -3.80458205938339233398e-01) (3, -2.92386949062347412109e-01) (4, -1.14075469970703125000e+00) (5, -1.12203872203826904297e+00) (6, -3.15293163061141967773e-01) (7, -4.06089961528778076172e-01) (8, -8.38983356952667236328e-01) (9, 1.19114980101585388184e-01) (0, 1.50000000000000000000e+03) (1, 1.50000000000000000000e+03) (2, 1.50000000000000000000e+03) (3, 1.50000000000000000000e+03) (4, 1.50000000000000000000e+03) (5, 1.50000000000000000000e+03) (6, 1.50000000000000000000e+03) (7, 1.50000000000000000000e+03) (8, 1.50000000000000000000e+03) (9, 2.17900514602661132812e+00) (0, 4.91803705692291259766e-01) (1, -1.71786680817604064941e-01) (2, 6.17955088615417480469e-01) (3, 9.36023533344268798828e-01) (4, -3.36389034986495971680e-01) (5, 5.56707799434661865234e-01) (6, 7.79916465282440185547e-01) (7, 4.53620254993438720703e-01) (8, 5.95533370971679687500e-01) (9, 1.66871458292007446289e-01) (0, -6.02674782276153564453e-01) (1, -6.13527894020080566406e-01) (2, -5.58777153491973876953e-01) (3, -5.49816846847534179688e-01) (4, -6.44431829452514648438e-01) (5, -5.43342709541320800781e-01) (6, -5.27239501476287841797e-01) (7, -6.08317553997039794922e-01) (8, -5.16361773014068603516e-01) (9, 2.33433628082275390625e+00) (10, -8.51241469383239746094e-01) (11, 2.65745788812637329102e-01) (12, 8.67524087429046630859e-01) (13, -2.84094429016113281250e+00) (14, 2.64575332403182983398e-01) 
