FANN_FLO_2.1
num_layers=3
learning_rate=0.450000
connection_rate=1.000000
network_type=0
learning_momentum=0.000000
training_algorithm=2
train_error_function=1
train_stop_function=0
cascade_output_change_fraction=0.010000
quickprop_decay=-0.000100
quickprop_mu=1.750000
rprop_increase_factor=1.200000
rprop_decrease_factor=0.500000
rprop_delta_min=0.000000
rprop_delta_max=50.000000
rprop_delta_zero=0.100000
cascade_output_stagnation_epochs=12
cascade_candidate_change_fraction=0.010000
cascade_candidate_stagnation_epochs=12
cascade_max_out_epochs=150
cascade_min_out_epochs=50
cascade_max_cand_epochs=150
cascade_min_cand_epochs=50
cascade_num_candidate_groups=2
bit_fail_limit=3.49999994039535522461e-01
cascade_candidate_limit=1.00000000000000000000e+03
cascade_weight_multiplier=4.00000005960464477539e-01
cascade_activation_functions_count=10
cascade_activation_functions=3 5 7 8 10 11 14 15 16 17 
cascade_activation_steepnesses_count=4
cascade_activation_steepnesses=2.50000000000000000000e-01 5.00000000000000000000e-01 7.50000000000000000000e-01 1.00000000000000000000e+00 
layer_sizes=7 5 2 
scale_included=0
neurons (num_inputs, activation_function, activation_steepness)=(0, 0, 0.00000000000000000000e+00) (0, 0, 0.00000000000000000000e+00) (0, 0, 0.00000000000000000000e+00) (0, 0, 0.00000000000000000000e+00) (0, 0, 0.00000000000000000000e+00) (0, 0, 0.00000000000000000000e+00) (0, 0, 0.00000000000000000000e+00) (7, 3, 5.00000000000000000000e-01) (7, 3, 5.00000000000000000000e-01) (7, 3, 5.00000000000000000000e-01) (7, 3, 5.00000000000000000000e-01) (0, 3, 0.00000000000000000000e+00) (5, 0, 5.00000000000000000000e-01) (0, 0, 0.00000000000000000000e+00) 
connections (connected_to_neuron, weight)=(0, 6.68795481324195861816e-02) (1, -2.45911568403244018555e-01) (2, 1.63541889190673828125e+00) (3, -3.30645084381103515625e-01) (4, -2.48224943876266479492e-01) (5, -5.27696192264556884766e-01) (6, -8.85215461254119873047e-01) (0, 6.73034740611910820007e-03) (1, -6.49981945753097534180e-02) (2, 1.25107371807098388672e+00) (3, -3.10871273279190063477e-01) (4, -1.75790712237358093262e-01) (5, -4.22577440738677978516e-01) (6, -1.62204980850219726562e+00) (0, -2.49550133943557739258e-01) (1, -2.73717105388641357422e-01) (2, 1.11049902439117431641e+00) (3, -2.09160208702087402344e-01) (4, -3.44776183366775512695e-01) (5, 2.21639364957809448242e-01) (6, -2.46542620658874511719e+00) (0, -5.15411198139190673828e-01) (1, -1.23018097877502441406e+00) (2, 3.04082608222961425781e+00) (3, -6.82494103908538818359e-01) (4, -1.14956843852996826172e+00) (5, 9.10813629627227783203e-01) (6, -1.25401341915130615234e+00) (7, 1.84727832674980163574e-01) (8, -1.90803915262222290039e-01) (9, -2.28845626115798950195e-01) (10, 2.17772230505943298340e-01) (11, 1.01345703005790710449e-02) 
