FANN_FLO_2.1
num_layers=3
learning_rate=0.400000
connection_rate=1.000000
network_type=0
learning_momentum=0.000000
training_algorithm=2
train_error_function=1
train_stop_function=0
cascade_output_change_fraction=0.010000
quickprop_decay=-0.000100
quickprop_mu=1.750000
rprop_increase_factor=1.200000
rprop_decrease_factor=0.500000
rprop_delta_min=0.000000
rprop_delta_max=50.000000
rprop_delta_zero=0.100000
cascade_output_stagnation_epochs=12
cascade_candidate_change_fraction=0.010000
cascade_candidate_stagnation_epochs=12
cascade_max_out_epochs=150
cascade_min_out_epochs=50
cascade_max_cand_epochs=150
cascade_min_cand_epochs=50
cascade_num_candidate_groups=2
bit_fail_limit=3.49999994039535522461e-01
cascade_candidate_limit=1.00000000000000000000e+03
cascade_weight_multiplier=4.00000005960464477539e-01
cascade_activation_functions_count=10
cascade_activation_functions=3 5 7 8 10 11 14 15 16 17 
cascade_activation_steepnesses_count=4
cascade_activation_steepnesses=2.50000000000000000000e-01 5.00000000000000000000e-01 7.50000000000000000000e-01 1.00000000000000000000e+00 
layer_sizes=6 5 2 
scale_included=0
neurons (num_inputs, activation_function, activation_steepness)=(0, 0, 0.00000000000000000000e+00) (0, 0, 0.00000000000000000000e+00) (0, 0, 0.00000000000000000000e+00) (0, 0, 0.00000000000000000000e+00) (0, 0, 0.00000000000000000000e+00) (0, 0, 0.00000000000000000000e+00) (6, 3, 5.00000000000000000000e-01) (6, 3, 5.00000000000000000000e-01) (6, 3, 5.00000000000000000000e-01) (6, 3, 5.00000000000000000000e-01) (0, 3, 0.00000000000000000000e+00) (5, 0, 5.00000000000000000000e-01) (0, 0, 0.00000000000000000000e+00) 
connections (connected_to_neuron, weight)=(0, -1.50000000000000000000e+03) (1, -1.50000000000000000000e+03) (2, -4.11878871917724609375e+00) (3, -8.96029591560363769531e-01) (4, -3.38675212860107421875e+00) (5, 2.56033033132553100586e-01) (0, -1.50000000000000000000e+03) (1, -1.50000000000000000000e+03) (2, -4.60196971893310546875e+00) (3, -1.06100749969482421875e+00) (4, -2.84270691871643066406e+00) (5, 3.20123732089996337891e-01) (0, -1.50000000000000000000e+03) (1, -3.80555295944213867188e+00) (2, -8.63411545753479003906e-01) (3, -9.07631754875183105469e-01) (4, -2.69045352935791015625e-01) (5, 7.13079571723937988281e-02) (0, -1.50000000000000000000e+03) (1, -1.50000000000000000000e+03) (2, -5.40700960159301757812e+00) (3, -9.69011592864990234375e+00) (4, 1.45679367065429687500e+02) (5, -2.18982267379760742188e+00) (6, 1.91879165649414062500e+02) (7, 1.12323371887207031250e+02) (8, 6.60124492645263671875e+00) (9, 1.09306979179382324219e+00) (10, 7.61138558387756347656e-01) 
