FANN_FLO_2.1
num_layers=3
learning_rate=0.500000
connection_rate=1.000000
network_type=0
learning_momentum=0.000000
training_algorithm=2
train_error_function=1
train_stop_function=0
cascade_output_change_fraction=0.010000
quickprop_decay=-0.000100
quickprop_mu=1.750000
rprop_increase_factor=1.200000
rprop_decrease_factor=0.500000
rprop_delta_min=0.000000
rprop_delta_max=50.000000
rprop_delta_zero=0.100000
cascade_output_stagnation_epochs=12
cascade_candidate_change_fraction=0.010000
cascade_candidate_stagnation_epochs=12
cascade_max_out_epochs=150
cascade_min_out_epochs=50
cascade_max_cand_epochs=150
cascade_min_cand_epochs=50
cascade_num_candidate_groups=2
bit_fail_limit=3.49999994039535522461e-01
cascade_candidate_limit=1.00000000000000000000e+03
cascade_weight_multiplier=4.00000005960464477539e-01
cascade_activation_functions_count=10
cascade_activation_functions=3 5 7 8 10 11 14 15 16 17 
cascade_activation_steepnesses_count=4
cascade_activation_steepnesses=2.50000000000000000000e-01 5.00000000000000000000e-01 7.50000000000000000000e-01 1.00000000000000000000e+00 
layer_sizes=7 9 2 
scale_included=0
neurons (num_inputs, activation_function, activation_steepness)=(0, 0, 0.00000000000000000000e+00) (0, 0, 0.00000000000000000000e+00) (0, 0, 0.00000000000000000000e+00) (0, 0, 0.00000000000000000000e+00) (0, 0, 0.00000000000000000000e+00) (0, 0, 0.00000000000000000000e+00) (0, 0, 0.00000000000000000000e+00) (7, 3, 5.00000000000000000000e-01) (7, 3, 5.00000000000000000000e-01) (7, 3, 5.00000000000000000000e-01) (7, 3, 5.00000000000000000000e-01) (7, 3, 5.00000000000000000000e-01) (7, 3, 5.00000000000000000000e-01) (7, 3, 5.00000000000000000000e-01) (7, 3, 5.00000000000000000000e-01) (0, 3, 0.00000000000000000000e+00) (9, 0, 5.00000000000000000000e-01) (0, 0, 0.00000000000000000000e+00) 
connections (connected_to_neuron, weight)=(0, -6.02773129940032958984e-01) (1, -3.20583045482635498047e-01) (2, 1.13574731349945068359e+00) (3, -3.16146105527877807617e-01) (4, 5.51954269409179687500e-01) (5, -3.96167069673538208008e-01) (6, -3.99542957544326782227e-01) (0, -6.37538003921508789062e+00) (1, -4.84926414489746093750e+00) (2, -8.85929138183593750000e+02) (3, -1.54550299048423767090e-01) (4, 3.60593914985656738281e-01) (5, -5.17331004142761230469e-01) (6, -3.29198479652404785156e-01) (0, 9.58017073571681976318e-03) (1, -2.24328830838203430176e-01) (2, -1.01456135511398315430e-01) (3, 8.20510834455490112305e-02) (4, -8.39639827609062194824e-02) (5, 1.40853688120841979980e-01) (6, 4.45901036262512207031e-01) (0, -3.39317321777343750000e-01) (1, -3.19976150989532470703e-01) (2, 9.67164814472198486328e-01) (3, -2.55979329347610473633e-01) (4, 3.91729384660720825195e-01) (5, -4.28980380296707153320e-01) (6, -6.45492076873779296875e-01) (0, 1.75170645117759704590e-01) (1, -1.16802737116813659668e-01) (2, -2.22698044776916503906e+00) (3, -7.07787811756134033203e-01) (4, -1.04223995208740234375e+01) (5, -8.09174925088882446289e-02) (6, -2.10216283798217773438e-01) (0, -6.74849304199218750000e+02) (1, -6.05830526351928710938e+00) (2, -1.50000000000000000000e+03) (3, -6.17687940597534179688e-01) (4, 3.78420495986938476562e+00) (5, -1.01478564739227294922e+00) (6, -1.01329028606414794922e+00) (0, -4.39995348453521728516e-01) (1, -3.48929017782211303711e-01) (2, 9.26149070262908935547e-01) (3, -6.88044905662536621094e-01) (4, 1.12802529335021972656e+00) (5, -9.80449378490447998047e-01) (6, -1.02126109600067138672e+00) (0, -1.82283564936369657516e-03) (1, -3.57086062431335449219e-01) (2, -2.71613657474517822266e-01) (3, 2.30551930144429206848e-03) (4, 1.04212746024131774902e-01) (5, 2.14060619473457336426e-01) (6, 4.14554625749588012695e-01) (7, 1.81547012180089950562e-02) (8, 7.54810852050781250000e+02) (9, 1.18855357170104980469e-01) (10, -5.56471385061740875244e-02) (11, 7.90308713912963867188e-02) (12, 1.50000000000000000000e+03) (13, 2.72828023880720138550e-02) (14, -1.23773679137229919434e-01) (15, 1.15083688870072364807e-02) 
