FANN_FLO_2.1
num_layers=3
learning_rate=0.500000
connection_rate=1.000000
network_type=0
learning_momentum=0.000000
training_algorithm=2
train_error_function=1
train_stop_function=0
cascade_output_change_fraction=0.010000
quickprop_decay=-0.000100
quickprop_mu=1.750000
rprop_increase_factor=1.200000
rprop_decrease_factor=0.500000
rprop_delta_min=0.000000
rprop_delta_max=50.000000
rprop_delta_zero=0.100000
cascade_output_stagnation_epochs=12
cascade_candidate_change_fraction=0.010000
cascade_candidate_stagnation_epochs=12
cascade_max_out_epochs=150
cascade_min_out_epochs=50
cascade_max_cand_epochs=150
cascade_min_cand_epochs=50
cascade_num_candidate_groups=2
bit_fail_limit=3.49999994039535522461e-01
cascade_candidate_limit=1.00000000000000000000e+03
cascade_weight_multiplier=4.00000005960464477539e-01
cascade_activation_functions_count=10
cascade_activation_functions=3 5 7 8 10 11 14 15 16 17 
cascade_activation_steepnesses_count=4
cascade_activation_steepnesses=2.50000000000000000000e-01 5.00000000000000000000e-01 7.50000000000000000000e-01 1.00000000000000000000e+00 
layer_sizes=7 5 2 
scale_included=0
neurons (num_inputs, activation_function, activation_steepness)=(0, 0, 0.00000000000000000000e+00) (0, 0, 0.00000000000000000000e+00) (0, 0, 0.00000000000000000000e+00) (0, 0, 0.00000000000000000000e+00) (0, 0, 0.00000000000000000000e+00) (0, 0, 0.00000000000000000000e+00) (0, 0, 0.00000000000000000000e+00) (7, 3, 5.00000000000000000000e-01) (7, 3, 5.00000000000000000000e-01) (7, 3, 5.00000000000000000000e-01) (7, 3, 5.00000000000000000000e-01) (0, 3, 0.00000000000000000000e+00) (5, 0, 5.00000000000000000000e-01) (0, 0, 0.00000000000000000000e+00) 
connections (connected_to_neuron, weight)=(0, -2.15273628234863281250e+01) (1, -1.05351505279541015625e+01) (2, 3.07187385559082031250e+01) (3, -5.89096298217773437500e+01) (4, -1.05502548217773437500e+01) (5, 7.39376754760742187500e+01) (6, -3.94210517406463623047e-01) (0, -1.78327575325965881348e-01) (1, 1.80184900760650634766e-01) (2, -1.88141256570816040039e-01) (3, 2.70495533943176269531e-01) (4, -1.08964002132415771484e+00) (5, 5.61894178390502929688e-01) (6, -3.05957078933715820312e+00) (0, -7.15161323547363281250e+00) (1, -9.35597515106201171875e+00) (2, 2.48819828033447265625e+01) (3, -5.01067466735839843750e+01) (4, -9.23080444335937500000e+00) (5, 2.40656337738037109375e+01) (6, -7.87669360637664794922e-01) (0, -7.29597997665405273438e+00) (1, -9.20088481903076171875e+00) (2, 2.48980503082275390625e+01) (3, -5.00740127563476562500e+01) (4, -9.35476303100585937500e+00) (5, 2.41422367095947265625e+01) (6, -7.79057860374450683594e-01) (7, -1.43683490753173828125e+01) (8, 2.59112143516540527344e+00) (9, -1.27315834164619445801e-01) (10, -1.33175209164619445801e-01) (11, 1.20644094422459602356e-02) 
