FANN_FLO_2.1
num_layers=3
learning_rate=0.500000
connection_rate=1.000000
network_type=0
learning_momentum=0.000000
training_algorithm=2
train_error_function=1
train_stop_function=0
cascade_output_change_fraction=0.010000
quickprop_decay=-0.000100
quickprop_mu=1.750000
rprop_increase_factor=1.200000
rprop_decrease_factor=0.500000
rprop_delta_min=0.000000
rprop_delta_max=50.000000
rprop_delta_zero=0.100000
cascade_output_stagnation_epochs=12
cascade_candidate_change_fraction=0.010000
cascade_candidate_stagnation_epochs=12
cascade_max_out_epochs=150
cascade_min_out_epochs=50
cascade_max_cand_epochs=150
cascade_min_cand_epochs=50
cascade_num_candidate_groups=2
bit_fail_limit=3.49999994039535522461e-01
cascade_candidate_limit=1.00000000000000000000e+03
cascade_weight_multiplier=4.00000005960464477539e-01
cascade_activation_functions_count=10
cascade_activation_functions=3 5 7 8 10 11 14 15 16 17 
cascade_activation_steepnesses_count=4
cascade_activation_steepnesses=2.50000000000000000000e-01 5.00000000000000000000e-01 7.50000000000000000000e-01 1.00000000000000000000e+00 
layer_sizes=7 5 2 
scale_included=0
neurons (num_inputs, activation_function, activation_steepness)=(0, 0, 0.00000000000000000000e+00) (0, 0, 0.00000000000000000000e+00) (0, 0, 0.00000000000000000000e+00) (0, 0, 0.00000000000000000000e+00) (0, 0, 0.00000000000000000000e+00) (0, 0, 0.00000000000000000000e+00) (0, 0, 0.00000000000000000000e+00) (7, 3, 5.00000000000000000000e-01) (7, 3, 5.00000000000000000000e-01) (7, 3, 5.00000000000000000000e-01) (7, 3, 5.00000000000000000000e-01) (0, 3, 0.00000000000000000000e+00) (5, 0, 5.00000000000000000000e-01) (0, 0, 0.00000000000000000000e+00) 
connections (connected_to_neuron, weight)=(0, -5.93053512573242187500e+01) (1, -2.44493198394775390625e+01) (2, 1.98988151550292968750e+01) (3, -1.88927497863769531250e+01) (4, -3.32749438285827636719e+00) (5, 3.93160133361816406250e+01) (6, -4.85618293285369873047e-01) (0, -1.01102210581302642822e-01) (1, 2.54095613956451416016e-01) (2, -1.70303449034690856934e-01) (3, -5.08351065218448638916e-02) (4, 2.39445924758911132812e-01) (5, -2.23283797502517700195e-01) (6, 2.77918839454650878906e+00) (0, -1.96978164672851562500e+02) (1, -4.28007926940917968750e+01) (2, 2.17224166870117187500e+02) (3, -1.97007331848144531250e+01) (4, -1.67674398422241210938e+00) (5, 5.45369758605957031250e+01) (6, -9.09059882164001464844e-01) (0, -3.24085617065429687500e+01) (1, -1.05867834091186523438e+01) (2, 3.09404048919677734375e+01) (3, -4.45307636260986328125e+00) (4, -1.22446572780609130859e+00) (5, 7.27496957778930664062e+00) (6, -7.19765722751617431641e-01) (7, 4.79418258666992187500e+01) (8, -2.63546239584684371948e-02) (9, -4.79542884826660156250e+01) (10, -1.50000000000000000000e+03) (11, 3.59979867935180664062e-02) 
