FANN_FLO_2.1
num_layers=4
learning_rate=0.300000
connection_rate=1.000000
network_type=0
learning_momentum=0.000000
training_algorithm=2
train_error_function=1
train_stop_function=0
cascade_output_change_fraction=0.010000
quickprop_decay=-0.000100
quickprop_mu=1.750000
rprop_increase_factor=1.200000
rprop_decrease_factor=0.500000
rprop_delta_min=0.000000
rprop_delta_max=50.000000
rprop_delta_zero=0.100000
cascade_output_stagnation_epochs=12
cascade_candidate_change_fraction=0.010000
cascade_candidate_stagnation_epochs=12
cascade_max_out_epochs=150
cascade_min_out_epochs=50
cascade_max_cand_epochs=150
cascade_min_cand_epochs=50
cascade_num_candidate_groups=2
bit_fail_limit=3.49999994039535522461e-01
cascade_candidate_limit=1.00000000000000000000e+03
cascade_weight_multiplier=4.00000005960464477539e-01
cascade_activation_functions_count=10
cascade_activation_functions=3 5 7 8 10 11 14 15 16 17 
cascade_activation_steepnesses_count=4
cascade_activation_steepnesses=2.50000000000000000000e-01 5.00000000000000000000e-01 7.50000000000000000000e-01 1.00000000000000000000e+00 
layer_sizes=2 5 5 3 
scale_included=0
neurons (num_inputs, activation_function, activation_steepness)=(0, 0, 0.00000000000000000000e+00) (0, 0, 0.00000000000000000000e+00) (2, 3, 5.00000000000000000000e-01) (2, 3, 5.00000000000000000000e-01) (2, 3, 5.00000000000000000000e-01) (2, 3, 5.00000000000000000000e-01) (0, 3, 0.00000000000000000000e+00) (5, 3, 5.00000000000000000000e-01) (5, 3, 5.00000000000000000000e-01) (5, 3, 5.00000000000000000000e-01) (5, 3, 5.00000000000000000000e-01) (0, 3, 0.00000000000000000000e+00) (5, 0, 5.00000000000000000000e-01) (5, 0, 5.00000000000000000000e-01) (0, 0, 0.00000000000000000000e+00) 
connections (connected_to_neuron, weight)=(0, -7.99492692947387695312e+00) (1, -2.45319747924804687500e+00) (0, -4.93330717086791992188e+00) (1, -9.41944181919097900391e-01) (0, -5.16223049163818359375e+00) (1, -1.13034427165985107422e+00) (0, -5.00815820693969726562e+00) (1, -9.77281510829925537109e-01) (2, 1.84197592735290527344e+00) (3, 3.71089249849319458008e-01) (4, 4.16657090187072753906e-01) (5, 3.62914294004440307617e-01) (6, -5.27514874935150146484e-01) (2, 2.54132747650146484375e+00) (3, 6.01854324340820312500e-01) (4, 5.24701476097106933594e-01) (5, 5.90067386627197265625e-01) (6, -1.61863350868225097656e+00) (2, 2.40589380264282226562e+00) (3, 3.80096465349197387695e-01) (4, 2.88637340068817138672e-01) (5, 2.48836368322372436523e-01) (6, -3.84176261723041534424e-02) (2, 2.66812133789062500000e+00) (3, 2.36798495054244995117e-01) (4, 2.35381245613098144531e-01) (5, 2.33835101127624511719e-01) (6, -7.71847486495971679688e-01) (7, -4.12974180653691291809e-03) (8, 2.35803112387657165527e-01) (9, -4.14743945002555847168e-02) (10, -1.57011691480875015259e-02) (11, -2.34408065676689147949e-01) (7, -5.73355495929718017578e-01) (8, -6.01073980331420898438e-01) (9, -4.97742235660552978516e-01) (10, -5.87575554847717285156e-01) (11, -3.00210684537887573242e-01) 
