FANN_FLO_2.1
num_layers=3
learning_rate=0.500000
connection_rate=1.000000
network_type=0
learning_momentum=0.000000
training_algorithm=2
train_error_function=1
train_stop_function=0
cascade_output_change_fraction=0.010000
quickprop_decay=-0.000100
quickprop_mu=1.750000
rprop_increase_factor=1.200000
rprop_decrease_factor=0.500000
rprop_delta_min=0.000000
rprop_delta_max=50.000000
rprop_delta_zero=0.100000
cascade_output_stagnation_epochs=12
cascade_candidate_change_fraction=0.010000
cascade_candidate_stagnation_epochs=12
cascade_max_out_epochs=150
cascade_min_out_epochs=50
cascade_max_cand_epochs=150
cascade_min_cand_epochs=50
cascade_num_candidate_groups=2
bit_fail_limit=3.49999994039535522461e-01
cascade_candidate_limit=1.00000000000000000000e+03
cascade_weight_multiplier=4.00000005960464477539e-01
cascade_activation_functions_count=10
cascade_activation_functions=3 5 7 8 10 11 14 15 16 17 
cascade_activation_steepnesses_count=4
cascade_activation_steepnesses=2.50000000000000000000e-01 5.00000000000000000000e-01 7.50000000000000000000e-01 1.00000000000000000000e+00 
layer_sizes=7 5 2 
scale_included=0
neurons (num_inputs, activation_function, activation_steepness)=(0, 0, 0.00000000000000000000e+00) (0, 0, 0.00000000000000000000e+00) (0, 0, 0.00000000000000000000e+00) (0, 0, 0.00000000000000000000e+00) (0, 0, 0.00000000000000000000e+00) (0, 0, 0.00000000000000000000e+00) (0, 0, 0.00000000000000000000e+00) (7, 3, 5.00000000000000000000e-01) (7, 3, 5.00000000000000000000e-01) (7, 3, 5.00000000000000000000e-01) (7, 3, 5.00000000000000000000e-01) (0, 3, 0.00000000000000000000e+00) (5, 0, 5.00000000000000000000e-01) (0, 0, 0.00000000000000000000e+00) 
connections (connected_to_neuron, weight)=(0, -2.20232639312744140625e+01) (1, 1.62400513887405395508e-01) (2, 1.33154277801513671875e+01) (3, -3.46089668273925781250e+01) (4, -1.95681762695312500000e+00) (5, -1.30923355102539062500e+02) (6, -9.49442505836486816406e-01) (0, -3.03497200012207031250e+01) (1, -7.95857384800910949707e-02) (2, -1.13138397216796875000e+02) (3, -3.08604774475097656250e+01) (4, -1.97507500648498535156e+00) (5, -9.84340576171875000000e+02) (6, -1.05092477798461914062e+00) (0, -4.49975242614746093750e+01) (1, 3.52128118276596069336e-01) (2, -3.27350006103515625000e+01) (3, -5.14616851806640625000e+01) (4, -2.28610301017761230469e+00) (5, 4.58882217407226562500e+01) (6, -2.21677303314208984375e+00) (0, 5.23652136325836181641e-02) (1, -5.83761781454086303711e-02) (2, 4.70609366893768310547e-02) (3, -1.16223674267530441284e-02) (4, -1.84361112769693136215e-03) (5, 3.02479527890682220459e-02) (6, -7.21937298774719238281e-01) (7, -7.31467285156250000000e+01) (8, 0.00000000000000000000e+00) (9, 1.92614746093750000000e+01) (10, 1.42330110073089599609e-01) (11, -4.10883016884326934814e-02) 
