FANN_FLO_2.1
num_layers=3
learning_rate=0.500000
connection_rate=1.000000
network_type=0
learning_momentum=0.000000
training_algorithm=2
train_error_function=1
train_stop_function=0
cascade_output_change_fraction=0.010000
quickprop_decay=-0.000100
quickprop_mu=1.750000
rprop_increase_factor=1.200000
rprop_decrease_factor=0.500000
rprop_delta_min=0.000000
rprop_delta_max=50.000000
rprop_delta_zero=0.100000
cascade_output_stagnation_epochs=12
cascade_candidate_change_fraction=0.010000
cascade_candidate_stagnation_epochs=12
cascade_max_out_epochs=150
cascade_min_out_epochs=50
cascade_max_cand_epochs=150
cascade_min_cand_epochs=50
cascade_num_candidate_groups=2
bit_fail_limit=3.49999994039535522461e-01
cascade_candidate_limit=1.00000000000000000000e+03
cascade_weight_multiplier=4.00000005960464477539e-01
cascade_activation_functions_count=10
cascade_activation_functions=3 5 7 8 10 11 14 15 16 17 
cascade_activation_steepnesses_count=4
cascade_activation_steepnesses=2.50000000000000000000e-01 5.00000000000000000000e-01 7.50000000000000000000e-01 1.00000000000000000000e+00 
layer_sizes=3 9 4 
scale_included=0
neurons (num_inputs, activation_function, activation_steepness)=(0, 0, 0.00000000000000000000e+00) (0, 0, 0.00000000000000000000e+00) (0, 0, 0.00000000000000000000e+00) (3, 3, 5.00000000000000000000e-01) (3, 3, 5.00000000000000000000e-01) (3, 3, 5.00000000000000000000e-01) (3, 3, 5.00000000000000000000e-01) (3, 3, 5.00000000000000000000e-01) (3, 3, 5.00000000000000000000e-01) (3, 3, 5.00000000000000000000e-01) (3, 3, 5.00000000000000000000e-01) (0, 3, 0.00000000000000000000e+00) (9, 0, 5.00000000000000000000e-01) (9, 0, 5.00000000000000000000e-01) (9, 0, 5.00000000000000000000e-01) (0, 0, 0.00000000000000000000e+00) 
connections (connected_to_neuron, weight)=(0, -4.18694543838500976562e+00) (1, 3.67883384227752685547e-01) (2, 5.07419645786285400391e-01) (0, -4.32509326934814453125e+00) (1, 4.96099710464477539062e+00) (2, 2.97424769401550292969e+00) (0, -5.96593236923217773438e+00) (1, 7.94915008544921875000e+00) (2, 8.69257450103759765625e+00) (0, -4.20704412460327148438e+00) (1, -1.91013503074645996094e+00) (2, 3.61150234937667846680e-01) (0, -4.36853075027465820312e+00) (1, 5.20334005355834960938e+00) (2, -1.21449232101440429688e+00) (0, -1.34769141674041748047e+00) (1, -2.47518825531005859375e+00) (2, 5.33735871315002441406e-01) (0, -3.70384240150451660156e+00) (1, 5.58750295639038085938e+00) (2, 3.24318075180053710938e+00) (0, -3.04055047035217285156e+00) (1, 8.66242289543151855469e-01) (2, 2.06590509414672851562e+00) (3, 2.07177424430847167969e+00) (4, 3.61952066421508789062e-01) (5, 5.83155512809753417969e-01) (6, 2.33338022232055664062e+00) (7, 2.05108785629272460938e+00) (8, 2.32195401191711425781e+00) (9, 5.45552849769592285156e-01) (10, 1.71915695071220397949e-01) (11, 3.73041987419128417969e-01) (3, 5.15324926376342773438e+00) (4, 2.41626167297363281250e+00) (5, 1.80532145500183105469e+00) (6, 5.22411918640136718750e+00) (7, 3.08425712585449218750e+00) (8, 8.20581722259521484375e+00) (9, 2.25862526893615722656e+00) (10, 4.43426179885864257812e+00) (11, 1.60101735591888427734e+00) (3, 1.57590036392211914062e+01) (4, 7.79576206207275390625e+00) (5, 7.86433839797973632812e+00) (6, 1.59554538726806640625e+01) (7, 7.66358566284179687500e+00) (8, 2.76401596069335937500e+01) (9, 7.78224182128906250000e+00) (10, 1.68307704925537109375e+01) (11, 7.96885299682617187500e+00) 
