FANN_FLO_2.1
num_layers=3
learning_rate=0.500000
connection_rate=1.000000
network_type=0
learning_momentum=0.000000
training_algorithm=2
train_error_function=1
train_stop_function=0
cascade_output_change_fraction=0.010000
quickprop_decay=-0.000100
quickprop_mu=1.750000
rprop_increase_factor=1.200000
rprop_decrease_factor=0.500000
rprop_delta_min=0.000000
rprop_delta_max=50.000000
rprop_delta_zero=0.100000
cascade_output_stagnation_epochs=12
cascade_candidate_change_fraction=0.010000
cascade_candidate_stagnation_epochs=12
cascade_max_out_epochs=150
cascade_min_out_epochs=50
cascade_max_cand_epochs=150
cascade_min_cand_epochs=50
cascade_num_candidate_groups=2
bit_fail_limit=3.49999994039535522461e-01
cascade_candidate_limit=1.00000000000000000000e+03
cascade_weight_multiplier=4.00000005960464477539e-01
cascade_activation_functions_count=10
cascade_activation_functions=3 5 7 8 10 11 14 15 16 17 
cascade_activation_steepnesses_count=4
cascade_activation_steepnesses=2.50000000000000000000e-01 5.00000000000000000000e-01 7.50000000000000000000e-01 1.00000000000000000000e+00 
layer_sizes=3 9 4 
scale_included=0
neurons (num_inputs, activation_function, activation_steepness)=(0, 0, 0.00000000000000000000e+00) (0, 0, 0.00000000000000000000e+00) (0, 0, 0.00000000000000000000e+00) (3, 3, 5.00000000000000000000e-01) (3, 3, 5.00000000000000000000e-01) (3, 3, 5.00000000000000000000e-01) (3, 3, 5.00000000000000000000e-01) (3, 3, 5.00000000000000000000e-01) (3, 3, 5.00000000000000000000e-01) (3, 3, 5.00000000000000000000e-01) (3, 3, 5.00000000000000000000e-01) (0, 3, 0.00000000000000000000e+00) (9, 0, 5.00000000000000000000e-01) (9, 0, 5.00000000000000000000e-01) (9, 0, 5.00000000000000000000e-01) (0, 0, 0.00000000000000000000e+00) 
connections (connected_to_neuron, weight)=(0, -3.26372742652893066406e+00) (1, -2.63437062501907348633e-01) (2, 1.08325672149658203125e+00) (0, -2.55181026458740234375e+00) (1, -6.16728019714355468750e+00) (2, 1.27287244796752929688e+00) (0, -4.39983129501342773438e+00) (1, 2.58042740821838378906e+00) (2, 2.06737384200096130371e-01) (0, -6.60797548294067382812e+00) (1, 8.16557025909423828125e+00) (2, 6.97416210174560546875e+00) (0, -6.92025566101074218750e+00) (1, 7.21415519714355468750e+00) (2, 5.62259292602539062500e+00) (0, -2.92730760574340820312e+00) (1, -2.36083960533142089844e+00) (2, 8.15210700035095214844e-01) (0, 4.46679592132568359375e+00) (1, 3.41062879562377929688e+00) (2, 7.52442789077758789062e+00) (0, -9.03017616271972656250e+00) (1, 6.34635257720947265625e+00) (2, 5.64480543136596679688e+00) (3, 2.07978987693786621094e+00) (4, 1.54606103897094726562e+00) (5, 2.17797422409057617188e+00) (6, 6.93270087242126464844e-01) (7, 6.47110641002655029297e-01) (8, 2.66062045097351074219e+00) (9, 3.38004857301712036133e-01) (10, 4.52533334493637084961e-01) (11, 3.31812560558319091797e-01) (3, 7.14796113967895507812e+00) (4, 4.49358797073364257812e+00) (5, 4.65053987503051757812e+00) (6, 2.46794819831848144531e+00) (7, 2.36631703376770019531e+00) (8, 6.65766716003417968750e+00) (9, 1.41358876228332519531e+00) (10, 2.67269086837768554688e+00) (11, 1.77049040794372558594e+00) (3, 2.33342876434326171875e+01) (4, 1.53273811340332031250e+01) (5, 1.35859918594360351562e+01) (6, 7.92745876312255859375e+00) (7, 7.88486528396606445312e+00) (8, 2.10487003326416015625e+01) (9, 7.30405044555664062500e+00) (10, 8.15775775909423828125e+00) (11, 8.82636165618896484375e+00) 
