FANN_FLO_2.1
num_layers=4
learning_rate=0.500000
connection_rate=1.000000
network_type=0
learning_momentum=0.000000
training_algorithm=2
train_error_function=1
train_stop_function=0
cascade_output_change_fraction=0.010000
quickprop_decay=-0.000100
quickprop_mu=1.750000
rprop_increase_factor=1.200000
rprop_decrease_factor=0.500000
rprop_delta_min=0.000000
rprop_delta_max=50.000000
rprop_delta_zero=0.100000
cascade_output_stagnation_epochs=12
cascade_candidate_change_fraction=0.010000
cascade_candidate_stagnation_epochs=12
cascade_max_out_epochs=150
cascade_min_out_epochs=50
cascade_max_cand_epochs=150
cascade_min_cand_epochs=50
cascade_num_candidate_groups=2
bit_fail_limit=3.49999994039535522461e-01
cascade_candidate_limit=1.00000000000000000000e+03
cascade_weight_multiplier=4.00000005960464477539e-01
cascade_activation_functions_count=10
cascade_activation_functions=3 5 7 8 10 11 14 15 16 17 
cascade_activation_steepnesses_count=4
cascade_activation_steepnesses=2.50000000000000000000e-01 5.00000000000000000000e-01 7.50000000000000000000e-01 1.00000000000000000000e+00 
layer_sizes=4 5 3 2 
scale_included=0
neurons (num_inputs, activation_function, activation_steepness)=(0, 0, 0.00000000000000000000e+00) (0, 0, 0.00000000000000000000e+00) (0, 0, 0.00000000000000000000e+00) (0, 0, 0.00000000000000000000e+00) (4, 3, 5.00000000000000000000e-01) (4, 3, 5.00000000000000000000e-01) (4, 3, 5.00000000000000000000e-01) (4, 3, 5.00000000000000000000e-01) (0, 3, 0.00000000000000000000e+00) (5, 3, 5.00000000000000000000e-01) (5, 3, 5.00000000000000000000e-01) (0, 3, 0.00000000000000000000e+00) (3, 3, 5.00000000000000000000e-01) (0, 3, 0.00000000000000000000e+00) 
connections (connected_to_neuron, weight)=(0, 6.12214994430541992188e+00) (1, 6.26060819625854492188e+00) (2, 1.46418058872222900391e+00) (3, -6.98444271087646484375e+00) (0, 4.47776746749877929688e+00) (1, 3.56346797943115234375e+00) (2, 1.63244771957397460938e+00) (3, -5.08728361129760742188e+00) (0, -1.44857849121093750000e+02) (1, 6.45798568725585937500e+01) (2, 4.47761001586914062500e+01) (3, -3.29620933532714843750e+01) (0, 8.65311527252197265625e+00) (1, 1.45411500930786132812e+01) (2, 1.82720792293548583984e+00) (3, -7.60480737686157226562e+00) (4, -8.92398548126220703125e+00) (5, -3.49530887603759765625e+00) (6, 1.29080004882812500000e+03) (7, 3.95457386970520019531e+00) (8, 1.05757558345794677734e+00) (4, -2.03797435760498046875e+01) (5, -1.31489944458007812500e+00) (6, 1.29080004882812500000e+03) (7, 6.22479724884033203125e+00) (8, 2.99244976043701171875e+00) (9, -2.35173702239990234375e+00) (10, -2.65988254547119140625e+00) (11, 2.05017781257629394531e+00) 
