FANN_FLO_2.1
num_layers=4
learning_rate=0.500000
connection_rate=1.000000
network_type=0
learning_momentum=0.000000
training_algorithm=2
train_error_function=1
train_stop_function=0
cascade_output_change_fraction=0.010000
quickprop_decay=-0.000100
quickprop_mu=1.750000
rprop_increase_factor=1.200000
rprop_decrease_factor=0.500000
rprop_delta_min=0.000000
rprop_delta_max=50.000000
rprop_delta_zero=0.100000
cascade_output_stagnation_epochs=12
cascade_candidate_change_fraction=0.010000
cascade_candidate_stagnation_epochs=12
cascade_max_out_epochs=150
cascade_min_out_epochs=50
cascade_max_cand_epochs=150
cascade_min_cand_epochs=50
cascade_num_candidate_groups=2
bit_fail_limit=3.49999994039535522461e-01
cascade_candidate_limit=1.00000000000000000000e+03
cascade_weight_multiplier=4.00000005960464477539e-01
cascade_activation_functions_count=10
cascade_activation_functions=3 5 7 8 10 11 14 15 16 17 
cascade_activation_steepnesses_count=4
cascade_activation_steepnesses=2.50000000000000000000e-01 5.00000000000000000000e-01 7.50000000000000000000e-01 1.00000000000000000000e+00 
layer_sizes=4 5 3 2 
scale_included=0
neurons (num_inputs, activation_function, activation_steepness)=(0, 0, 0.00000000000000000000e+00) (0, 0, 0.00000000000000000000e+00) (0, 0, 0.00000000000000000000e+00) (0, 0, 0.00000000000000000000e+00) (4, 3, 5.00000000000000000000e-01) (4, 3, 5.00000000000000000000e-01) (4, 3, 5.00000000000000000000e-01) (4, 3, 5.00000000000000000000e-01) (0, 3, 0.00000000000000000000e+00) (5, 3, 5.00000000000000000000e-01) (5, 3, 5.00000000000000000000e-01) (0, 3, 0.00000000000000000000e+00) (3, 3, 5.00000000000000000000e-01) (0, 3, 0.00000000000000000000e+00) 
connections (connected_to_neuron, weight)=(0, -9.25795173645019531250e+00) (1, -1.41535625457763671875e+01) (2, 1.94628417491912841797e+00) (3, 6.91775703430175781250e+00) (0, -2.60270118713378906250e+01) (1, 5.00759696960449218750e+01) (2, -8.56539764404296875000e+01) (3, 2.37624144554138183594e+00) (0, 1.49981286621093750000e+03) (1, 4.70484972000122070312e+00) (2, 1.50000000000000000000e+03) (3, 5.13133478164672851562e+00) (0, -8.04250717163085937500e+00) (1, -7.15914297103881835938e+00) (2, 2.02450782060623168945e-01) (3, 7.14653491973876953125e+00) (4, 1.15895214080810546875e+01) (5, 6.28684043884277343750e+01) (6, -9.12687969207763671875e+00) (7, 2.79673709869384765625e+01) (8, -1.50461757183074951172e+00) (4, 2.31067752838134765625e+00) (5, 4.74349136352539062500e+01) (6, -6.39020967483520507812e+00) (7, 2.11967067718505859375e+01) (8, -1.04047620296478271484e+00) (9, -2.22199153900146484375e+00) (10, -2.01626729965209960938e+00) (11, 2.02515721321105957031e+00) 
