FANN_FLO_2.1
num_layers=4
learning_rate=0.300000
connection_rate=1.000000
network_type=0
learning_momentum=0.000000
training_algorithm=2
train_error_function=1
train_stop_function=0
cascade_output_change_fraction=0.010000
quickprop_decay=-0.000100
quickprop_mu=1.750000
rprop_increase_factor=1.200000
rprop_decrease_factor=0.500000
rprop_delta_min=0.000000
rprop_delta_max=50.000000
rprop_delta_zero=0.100000
cascade_output_stagnation_epochs=12
cascade_candidate_change_fraction=0.010000
cascade_candidate_stagnation_epochs=12
cascade_max_out_epochs=150
cascade_min_out_epochs=50
cascade_max_cand_epochs=150
cascade_min_cand_epochs=50
cascade_num_candidate_groups=2
bit_fail_limit=3.49999994039535522461e-01
cascade_candidate_limit=1.00000000000000000000e+03
cascade_weight_multiplier=4.00000005960464477539e-01
cascade_activation_functions_count=10
cascade_activation_functions=3 5 7 8 10 11 14 15 16 17 
cascade_activation_steepnesses_count=4
cascade_activation_steepnesses=2.50000000000000000000e-01 5.00000000000000000000e-01 7.50000000000000000000e-01 1.00000000000000000000e+00 
layer_sizes=2 5 3 3 
scale_included=0
neurons (num_inputs, activation_function, activation_steepness)=(0, 0, 0.00000000000000000000e+00) (0, 0, 0.00000000000000000000e+00) (2, 3, 5.00000000000000000000e-01) (2, 3, 5.00000000000000000000e-01) (2, 3, 5.00000000000000000000e-01) (2, 3, 5.00000000000000000000e-01) (0, 3, 0.00000000000000000000e+00) (5, 3, 5.00000000000000000000e-01) (5, 3, 5.00000000000000000000e-01) (0, 3, 0.00000000000000000000e+00) (3, 0, 5.00000000000000000000e-01) (3, 0, 5.00000000000000000000e-01) (0, 0, 0.00000000000000000000e+00) 
connections (connected_to_neuron, weight)=(0, -1.38329668045043945312e+01) (1, -1.44423913955688476562e+00) (0, -1.51967248916625976562e+01) (1, -1.80261087417602539062e+00) (0, -1.51833133697509765625e+01) (1, -1.78542757034301757812e+00) (0, -1.51863813400268554688e+01) (1, -1.76267218589782714844e+00) (2, 7.87233889102935791016e-01) (3, 6.68588519096374511719e-01) (4, 6.30354642868041992188e-01) (5, 9.73851323127746582031e-01) (6, 2.49480515718460083008e-01) (2, 8.66051435470581054688e-01) (3, 8.75127911567687988281e-01) (4, 9.21016037464141845703e-01) (5, 1.00506341457366943359e+00) (6, -1.37005233764648437500e+00) (7, -3.64134740084409713745e-03) (8, 2.10166260600090026855e-01) (9, -1.88044816255569458008e-01) (7, -8.14923942089080810547e-01) (8, -9.95953798294067382812e-01) (9, -4.06511664390563964844e-01) 
