FANN_FLO_2.1
num_layers=3
learning_rate=0.500000
connection_rate=1.000000
network_type=0
learning_momentum=0.000000
training_algorithm=2
train_error_function=1
train_stop_function=0
cascade_output_change_fraction=0.010000
quickprop_decay=-0.000100
quickprop_mu=1.750000
rprop_increase_factor=1.200000
rprop_decrease_factor=0.500000
rprop_delta_min=0.000000
rprop_delta_max=50.000000
rprop_delta_zero=0.100000
cascade_output_stagnation_epochs=12
cascade_candidate_change_fraction=0.010000
cascade_candidate_stagnation_epochs=12
cascade_max_out_epochs=150
cascade_min_out_epochs=50
cascade_max_cand_epochs=150
cascade_min_cand_epochs=50
cascade_num_candidate_groups=2
bit_fail_limit=3.49999994039535522461e-01
cascade_candidate_limit=1.00000000000000000000e+03
cascade_weight_multiplier=4.00000005960464477539e-01
cascade_activation_functions_count=10
cascade_activation_functions=3 5 7 8 10 11 14 15 16 17 
cascade_activation_steepnesses_count=4
cascade_activation_steepnesses=2.50000000000000000000e-01 5.00000000000000000000e-01 7.50000000000000000000e-01 1.00000000000000000000e+00 
layer_sizes=7 9 2 
scale_included=0
neurons (num_inputs, activation_function, activation_steepness)=(0, 0, 0.00000000000000000000e+00) (0, 0, 0.00000000000000000000e+00) (0, 0, 0.00000000000000000000e+00) (0, 0, 0.00000000000000000000e+00) (0, 0, 0.00000000000000000000e+00) (0, 0, 0.00000000000000000000e+00) (0, 0, 0.00000000000000000000e+00) (7, 3, 5.00000000000000000000e-01) (7, 3, 5.00000000000000000000e-01) (7, 3, 5.00000000000000000000e-01) (7, 3, 5.00000000000000000000e-01) (7, 3, 5.00000000000000000000e-01) (7, 3, 5.00000000000000000000e-01) (7, 3, 5.00000000000000000000e-01) (7, 3, 5.00000000000000000000e-01) (0, 3, 0.00000000000000000000e+00) (9, 0, 5.00000000000000000000e-01) (0, 0, 0.00000000000000000000e+00) 
connections (connected_to_neuron, weight)=(0, -9.56130445003509521484e-01) (1, -6.78822815418243408203e-01) (2, 1.81398344039916992188e+00) (3, -6.88722431659698486328e-01) (4, -7.24084138870239257812e-01) (5, 9.47344183921813964844e-01) (6, -7.45588660240173339844e-01) (0, -1.36213684082031250000e+01) (1, -4.01274174451828002930e-01) (2, -4.19797658920288085938e+00) (3, -1.02045071125030517578e+00) (4, -1.71198215484619140625e+01) (5, -1.12779617309570312500e+01) (6, -6.41494765877723693848e-02) (0, 2.80919761657714843750e+01) (1, -1.41582179069519042969e+00) (2, -1.75911087036132812500e+02) (3, -2.32241912841796875000e+02) (4, 1.00120422363281250000e+02) (5, 8.56896591186523437500e+01) (6, -1.07991611957550048828e+00) (0, 3.11898767948150634766e-01) (1, -2.29386806488037109375e-01) (2, -5.10839283466339111328e-01) (3, -6.17590397596359252930e-02) (4, 6.06451891362667083740e-02) (5, -5.15101730823516845703e-01) (6, -1.55063137412071228027e-01) (0, 2.80973777770996093750e+01) (1, -1.32816386222839355469e+00) (2, -1.76086257934570312500e+02) (3, -2.32124359130859375000e+02) (4, 1.00181289672851562500e+02) (5, 8.57630538940429687500e+01) (6, -1.03687703609466552734e+00) (0, 3.59746780395507812500e+01) (1, -1.24020504951477050781e+00) (2, -1.52775955200195312500e+02) (3, -2.78516571044921875000e+02) (4, 9.83947296142578125000e+01) (5, 4.41670417785644531250e+01) (6, -1.14980161190032958984e+00) (0, -2.80589964240789413452e-02) (1, -9.76255163550376892090e-02) (2, -7.10400402545928955078e-01) (3, -2.37851643562316894531e+00) (4, -2.57670521736145019531e-01) (5, -1.10321712493896484375e+01) (6, -1.61772504448890686035e-01) (0, -1.74263858795166015625e+01) (1, -1.09304630756378173828e+00) (2, 1.14609634876251220703e+00) (3, -5.70540809631347656250e+00) (4, 3.54328751564025878906e-02) (5, -5.22425651550292968750e-01) (6, -7.45852530002593994141e-01) (7, -7.40268230438232421875e-01) (8, 8.50000000000000000000e+02) (9, -8.88538574218750000000e+02) (10, 1.09686488285660743713e-02) (11, -8.88538574218750000000e+02) (12, -8.79999923706054687500e+00) (13, 3.55580210685729980469e-01) (14, 9.00000000000000000000e+02) (15, 7.97847472131252288818e-03) 
