FANN_FLO_2.1
num_layers=4
learning_rate=0.300000
connection_rate=1.000000
network_type=0
learning_momentum=0.000000
training_algorithm=2
train_error_function=1
train_stop_function=0
cascade_output_change_fraction=0.010000
quickprop_decay=-0.000100
quickprop_mu=1.750000
rprop_increase_factor=1.200000
rprop_decrease_factor=0.500000
rprop_delta_min=0.000000
rprop_delta_max=50.000000
rprop_delta_zero=0.100000
cascade_output_stagnation_epochs=12
cascade_candidate_change_fraction=0.010000
cascade_candidate_stagnation_epochs=12
cascade_max_out_epochs=150
cascade_min_out_epochs=50
cascade_max_cand_epochs=150
cascade_min_cand_epochs=50
cascade_num_candidate_groups=2
bit_fail_limit=3.49999994039535522461e-01
cascade_candidate_limit=1.00000000000000000000e+03
cascade_weight_multiplier=4.00000005960464477539e-01
cascade_activation_functions_count=10
cascade_activation_functions=3 5 7 8 10 11 14 15 16 17 
cascade_activation_steepnesses_count=4
cascade_activation_steepnesses=2.50000000000000000000e-01 5.00000000000000000000e-01 7.50000000000000000000e-01 1.00000000000000000000e+00 
layer_sizes=2 5 5 3 
scale_included=0
neurons (num_inputs, activation_function, activation_steepness)=(0, 0, 0.00000000000000000000e+00) (0, 0, 0.00000000000000000000e+00) (2, 3, 5.00000000000000000000e-01) (2, 3, 5.00000000000000000000e-01) (2, 3, 5.00000000000000000000e-01) (2, 3, 5.00000000000000000000e-01) (0, 3, 0.00000000000000000000e+00) (5, 3, 5.00000000000000000000e-01) (5, 3, 5.00000000000000000000e-01) (5, 3, 5.00000000000000000000e-01) (5, 3, 5.00000000000000000000e-01) (0, 3, 0.00000000000000000000e+00) (5, 0, 5.00000000000000000000e-01) (5, 0, 5.00000000000000000000e-01) (0, 0, 0.00000000000000000000e+00) 
connections (connected_to_neuron, weight)=(0, -1.15363354492187500000e+03) (1, 4.76329421997070312500e+00) (0, -2.30238819122314453125e+00) (1, -5.98801994323730468750e+00) (0, 1.50000000000000000000e+03) (1, 2.68163061141967773438e+00) (0, -7.33978881835937500000e+01) (1, -1.99085006713867187500e+01) (2, 6.53143525123596191406e-02) (3, -6.56555128097534179688e+00) (4, -2.52252727746963500977e-01) (5, 5.56643295288085937500e+00) (6, -5.41813790798187255859e-01) (2, -5.75917959213256835938e-01) (3, 4.45104408264160156250e+01) (4, 1.39388024806976318359e+00) (5, -1.87916240692138671875e+01) (6, -1.23297981917858123779e-01) (2, -8.76714661717414855957e-02) (3, 2.80164313316345214844e+00) (4, 1.41459971666336059570e-01) (5, 4.30767631530761718750e+00) (6, -5.02456545829772949219e-01) (2, -2.67152875661849975586e-01) (3, 5.59691238403320312500e+00) (4, 2.22386837005615234375e-01) (5, 7.08531066775321960449e-02) (6, -7.49040365219116210938e-01) (7, 1.09798058867454528809e-01) (8, 1.77074354141950607300e-02) (9, 1.11432060599327087402e-01) (10, 1.04614757001399993896e-01) (11, -2.56955146789550781250e-01) (7, -4.93915021419525146484e-01) (8, -4.56834524869918823242e-01) (9, -6.96291148662567138672e-01) (10, -6.39146089553833007812e-01) (11, -3.96856755018234252930e-01) 
