FANN_FLO_2.1
num_layers=3
learning_rate=0.300000
connection_rate=1.000000
network_type=0
learning_momentum=0.000000
training_algorithm=2
train_error_function=1
train_stop_function=0
cascade_output_change_fraction=0.010000
quickprop_decay=-0.000100
quickprop_mu=1.750000
rprop_increase_factor=1.200000
rprop_decrease_factor=0.500000
rprop_delta_min=0.000000
rprop_delta_max=50.000000
rprop_delta_zero=0.100000
cascade_output_stagnation_epochs=12
cascade_candidate_change_fraction=0.010000
cascade_candidate_stagnation_epochs=12
cascade_max_out_epochs=150
cascade_min_out_epochs=50
cascade_max_cand_epochs=150
cascade_min_cand_epochs=50
cascade_num_candidate_groups=2
bit_fail_limit=3.49999994039535522461e-01
cascade_candidate_limit=1.00000000000000000000e+03
cascade_weight_multiplier=4.00000005960464477539e-01
cascade_activation_functions_count=10
cascade_activation_functions=3 5 7 8 10 11 14 15 16 17 
cascade_activation_steepnesses_count=4
cascade_activation_steepnesses=2.50000000000000000000e-01 5.00000000000000000000e-01 7.50000000000000000000e-01 1.00000000000000000000e+00 
layer_sizes=4 9 2 
scale_included=0
neurons (num_inputs, activation_function, activation_steepness)=(0, 0, 0.00000000000000000000e+00) (0, 0, 0.00000000000000000000e+00) (0, 0, 0.00000000000000000000e+00) (0, 0, 0.00000000000000000000e+00) (4, 3, 5.00000000000000000000e-01) (4, 3, 5.00000000000000000000e-01) (4, 3, 5.00000000000000000000e-01) (4, 3, 5.00000000000000000000e-01) (4, 3, 5.00000000000000000000e-01) (4, 3, 5.00000000000000000000e-01) (4, 3, 5.00000000000000000000e-01) (4, 3, 5.00000000000000000000e-01) (0, 3, 0.00000000000000000000e+00) (9, 3, 5.00000000000000000000e-01) (0, 3, 0.00000000000000000000e+00) 
connections (connected_to_neuron, weight)=(0, 1.97259843349456787109e+00) (1, -3.13049927353858947754e-02) (2, -7.29699850082397460938e+00) (3, 1.96772202849388122559e-01) (0, -1.36948180198669433594e+00) (1, 5.97519695758819580078e-01) (2, -1.87585246562957763672e+00) (3, 1.18094263076782226562e+01) (0, -7.96730220317840576172e-01) (1, 5.09271621704101562500e-01) (2, -1.52486777305603027344e+00) (3, 9.39374160766601562500e+00) (0, 1.49999987792968750000e+03) (1, 1.49999987792968750000e+03) (2, 1.48569653320312500000e+03) (3, 1.58532881736755371094e+00) (0, -9.27794277667999267578e-02) (1, 3.77196401357650756836e-01) (2, -5.78364515304565429688e+00) (3, 9.19238281250000000000e+00) (0, -2.05941867828369140625e+01) (1, 6.65820419788360595703e-01) (2, -7.20099830627441406250e+00) (3, 2.66614984720945358276e-02) (0, -1.32920160889625549316e-01) (1, 2.43535116314888000488e-02) (2, -2.28323325514793395996e-01) (3, 2.51318049430847167969e+00) (0, -8.74861240386962890625e-01) (1, 5.51174759864807128906e-01) (2, -1.23337554931640625000e+00) (3, 3.77895355224609375000e+00) (4, -5.12055270373821258545e-02) (5, -1.50643333792686462402e-01) (6, -3.04717361927032470703e-01) (7, 5.68429470062255859375e-01) (8, -2.18162402510643005371e-01) (9, -1.50000000000000000000e+03) (10, -5.78764200210571289062e+00) (11, -3.19290697574615478516e-01) (12, 7.10349738597869873047e-01) 
