FANN_FLO_2.1
num_layers=4
learning_rate=0.300000
connection_rate=1.000000
network_type=0
learning_momentum=0.000000
training_algorithm=2
train_error_function=1
train_stop_function=0
cascade_output_change_fraction=0.010000
quickprop_decay=-0.000100
quickprop_mu=1.750000
rprop_increase_factor=1.200000
rprop_decrease_factor=0.500000
rprop_delta_min=0.000000
rprop_delta_max=50.000000
rprop_delta_zero=0.100000
cascade_output_stagnation_epochs=12
cascade_candidate_change_fraction=0.010000
cascade_candidate_stagnation_epochs=12
cascade_max_out_epochs=150
cascade_min_out_epochs=50
cascade_max_cand_epochs=150
cascade_min_cand_epochs=50
cascade_num_candidate_groups=2
bit_fail_limit=3.49999994039535522461e-01
cascade_candidate_limit=1.00000000000000000000e+03
cascade_weight_multiplier=4.00000005960464477539e-01
cascade_activation_functions_count=10
cascade_activation_functions=3 5 7 8 10 11 14 15 16 17 
cascade_activation_steepnesses_count=4
cascade_activation_steepnesses=2.50000000000000000000e-01 5.00000000000000000000e-01 7.50000000000000000000e-01 1.00000000000000000000e+00 
layer_sizes=2 5 5 3 
scale_included=0
neurons (num_inputs, activation_function, activation_steepness)=(0, 0, 0.00000000000000000000e+00) (0, 0, 0.00000000000000000000e+00) (2, 3, 5.00000000000000000000e-01) (2, 3, 5.00000000000000000000e-01) (2, 3, 5.00000000000000000000e-01) (2, 3, 5.00000000000000000000e-01) (0, 3, 0.00000000000000000000e+00) (5, 3, 5.00000000000000000000e-01) (5, 3, 5.00000000000000000000e-01) (5, 3, 5.00000000000000000000e-01) (5, 3, 5.00000000000000000000e-01) (0, 3, 0.00000000000000000000e+00) (5, 0, 5.00000000000000000000e-01) (5, 0, 5.00000000000000000000e-01) (0, 0, 0.00000000000000000000e+00) 
connections (connected_to_neuron, weight)=(0, 2.48096609115600585938e+00) (1, 4.78899806737899780273e-01) (0, -3.48142594099044799805e-01) (1, 1.78393757343292236328e+00) (0, -3.12832832336425781250e+01) (1, -1.25067102909088134766e+00) (0, -2.59328436851501464844e+00) (1, -3.14152538776397705078e-01) (2, -6.25201523303985595703e-01) (3, 2.40349963307380676270e-01) (4, 1.31051039695739746094e+00) (5, 2.88292765617370605469e-01) (6, -1.21715925633907318115e-01) (2, -5.83254516124725341797e-01) (3, 1.47007759660482406616e-02) (4, 1.29489493370056152344e+00) (5, 1.53136610984802246094e-01) (6, -6.36802315711975097656e-02) (2, -2.12711286544799804688e+00) (3, 1.81139335036277770996e-01) (4, 3.53267288208007812500e+00) (5, 3.94805520772933959961e-01) (6, -3.57625067234039306641e-01) (2, -7.58498477935791015625e+00) (3, -5.51292240619659423828e-01) (4, 2.12787485122680664062e+00) (5, 7.07606300711631774902e-02) (6, -5.99058866500854492188e-01) (7, 4.01577688753604888916e-02) (8, -1.77522338926792144775e-02) (9, 8.46703350543975830078e-02) (10, -1.01454228162765502930e-01) (11, -5.91919571161270141602e-02) (7, -5.97661495208740234375e-01) (8, -5.32156705856323242188e-01) (9, -7.49780058860778808594e-01) (10, -8.01636815071105957031e-01) (11, -3.14275622367858886719e-01) 
