FANN_FLO_2.1
num_layers=3
learning_rate=0.450000
connection_rate=1.000000
network_type=0
learning_momentum=0.000000
training_algorithm=2
train_error_function=1
train_stop_function=0
cascade_output_change_fraction=0.010000
quickprop_decay=-0.000100
quickprop_mu=1.750000
rprop_increase_factor=1.200000
rprop_decrease_factor=0.500000
rprop_delta_min=0.000000
rprop_delta_max=50.000000
rprop_delta_zero=0.100000
cascade_output_stagnation_epochs=12
cascade_candidate_change_fraction=0.010000
cascade_candidate_stagnation_epochs=12
cascade_max_out_epochs=150
cascade_min_out_epochs=50
cascade_max_cand_epochs=150
cascade_min_cand_epochs=50
cascade_num_candidate_groups=2
bit_fail_limit=3.49999994039535522461e-01
cascade_candidate_limit=1.00000000000000000000e+03
cascade_weight_multiplier=4.00000005960464477539e-01
cascade_activation_functions_count=10
cascade_activation_functions=3 5 7 8 10 11 14 15 16 17 
cascade_activation_steepnesses_count=4
cascade_activation_steepnesses=2.50000000000000000000e-01 5.00000000000000000000e-01 7.50000000000000000000e-01 1.00000000000000000000e+00 
layer_sizes=7 5 2 
scale_included=0
neurons (num_inputs, activation_function, activation_steepness)=(0, 0, 0.00000000000000000000e+00) (0, 0, 0.00000000000000000000e+00) (0, 0, 0.00000000000000000000e+00) (0, 0, 0.00000000000000000000e+00) (0, 0, 0.00000000000000000000e+00) (0, 0, 0.00000000000000000000e+00) (0, 0, 0.00000000000000000000e+00) (7, 3, 5.00000000000000000000e-01) (7, 3, 5.00000000000000000000e-01) (7, 3, 5.00000000000000000000e-01) (7, 3, 5.00000000000000000000e-01) (0, 3, 0.00000000000000000000e+00) (5, 0, 5.00000000000000000000e-01) (0, 0, 0.00000000000000000000e+00) 
connections (connected_to_neuron, weight)=(0, -2.56017483770847320557e-02) (1, 1.50000000000000000000e+03) (2, 1.09928173828125000000e+03) (3, -1.08176437377929687500e+02) (4, -1.08831436157226562500e+02) (5, -1.37000207519531250000e+03) (6, 2.62840632349252700806e-02) (0, -2.59553508758544921875e+01) (1, -1.50000000000000000000e+03) (2, -1.40727961063385009766e+00) (3, 2.20118675231933593750e+01) (4, 5.18902091979980468750e+01) (5, 6.95962677001953125000e+01) (6, -2.72641754150390625000e+00) (0, 2.98738420009613037109e-01) (1, 1.50000000000000000000e+03) (2, 6.35598602294921875000e+01) (3, -5.12533950805664062500e+00) (4, -5.12314844131469726562e+00) (5, -8.78438049316406250000e+02) (6, -8.76470282673835754395e-02) (0, -9.50664095580577850342e-03) (1, -1.51399224996566772461e-01) (2, -7.21442222595214843750e-01) (3, -2.76283035054802894592e-03) (4, -4.49949167668819427490e-02) (5, 6.39742791652679443359e-01) (6, -8.18735241889953613281e-01) (7, -1.75153948366641998291e-02) (8, 4.64959014892578125000e+02) (9, -1.15782255306839942932e-02) (10, -5.10398000478744506836e-02) (11, 4.99009266495704650879e-02) 
