FANN_FLO_2.1
num_layers=4
learning_rate=0.500000
connection_rate=1.000000
network_type=0
learning_momentum=0.000000
training_algorithm=2
train_error_function=1
train_stop_function=0
cascade_output_change_fraction=0.010000
quickprop_decay=-0.000100
quickprop_mu=1.750000
rprop_increase_factor=1.200000
rprop_decrease_factor=0.500000
rprop_delta_min=0.000000
rprop_delta_max=50.000000
rprop_delta_zero=0.100000
cascade_output_stagnation_epochs=12
cascade_candidate_change_fraction=0.010000
cascade_candidate_stagnation_epochs=12
cascade_max_out_epochs=150
cascade_min_out_epochs=50
cascade_max_cand_epochs=150
cascade_min_cand_epochs=50
cascade_num_candidate_groups=2
bit_fail_limit=3.49999994039535522461e-01
cascade_candidate_limit=1.00000000000000000000e+03
cascade_weight_multiplier=4.00000005960464477539e-01
cascade_activation_functions_count=10
cascade_activation_functions=3 5 7 8 10 11 14 15 16 17 
cascade_activation_steepnesses_count=4
cascade_activation_steepnesses=2.50000000000000000000e-01 5.00000000000000000000e-01 7.50000000000000000000e-01 1.00000000000000000000e+00 
layer_sizes=4 5 5 2 
scale_included=0
neurons (num_inputs, activation_function, activation_steepness)=(0, 0, 0.00000000000000000000e+00) (0, 0, 0.00000000000000000000e+00) (0, 0, 0.00000000000000000000e+00) (0, 0, 0.00000000000000000000e+00) (4, 3, 5.00000000000000000000e-01) (4, 3, 5.00000000000000000000e-01) (4, 3, 5.00000000000000000000e-01) (4, 3, 5.00000000000000000000e-01) (0, 3, 0.00000000000000000000e+00) (5, 3, 5.00000000000000000000e-01) (5, 3, 5.00000000000000000000e-01) (5, 3, 5.00000000000000000000e-01) (5, 3, 5.00000000000000000000e-01) (0, 3, 0.00000000000000000000e+00) (5, 3, 5.00000000000000000000e-01) (0, 3, 0.00000000000000000000e+00) 
connections (connected_to_neuron, weight)=(0, -1.26218104362487792969e+00) (1, -1.21488456726074218750e+01) (2, -1.11120454967021942139e-02) (3, 1.83351969718933105469e+00) (0, -1.92525339126586914062e+00) (1, -1.48793020248413085938e+01) (2, 3.43784666061401367188e+00) (3, 3.68773818016052246094e+00) (0, -4.64653587341308593750e+00) (1, -2.55875945091247558594e+00) (2, -1.08258104324340820312e+00) (3, 2.95079803466796875000e+00) (0, -2.60118293762207031250e+00) (1, -1.40158205032348632812e+01) (2, 2.94688296318054199219e+00) (3, 4.29799985885620117188e+00) (4, -2.43920650482177734375e+01) (5, 7.05699920654296875000e+00) (6, 1.90172767639160156250e+01) (7, 2.01140403747558593750e+01) (8, -9.61305046081542968750e+00) (4, -1.83390941619873046875e+01) (5, 7.44655466079711914062e+00) (6, 1.58675022125244140625e+01) (7, 1.40268144607543945312e+01) (8, -7.68504095077514648438e+00) (4, -2.87864055633544921875e+01) (5, 1.09681472778320312500e+01) (6, 2.59796504974365234375e+01) (7, 1.67975177764892578125e+01) (8, -1.07202425003051757812e+01) (4, -1.50000000000000000000e+03) (5, -3.92070808410644531250e+01) (6, -4.64566898345947265625e+00) (7, -3.92664146423339843750e+01) (8, 6.25364494323730468750e+00) (9, -1.36020445823669433594e+00) (10, -9.84100461006164550781e-01) (11, -2.26723289489746093750e+00) (12, -1.93323999643325805664e-01) (13, 2.38227057456970214844e+00) 
