FANN_FLO_2.1
num_layers=3
learning_rate=0.500000
connection_rate=1.000000
network_type=0
learning_momentum=0.000000
training_algorithm=2
train_error_function=1
train_stop_function=0
cascade_output_change_fraction=0.010000
quickprop_decay=-0.000100
quickprop_mu=1.750000
rprop_increase_factor=1.200000
rprop_decrease_factor=0.500000
rprop_delta_min=0.000000
rprop_delta_max=50.000000
rprop_delta_zero=0.100000
cascade_output_stagnation_epochs=12
cascade_candidate_change_fraction=0.010000
cascade_candidate_stagnation_epochs=12
cascade_max_out_epochs=150
cascade_min_out_epochs=50
cascade_max_cand_epochs=150
cascade_min_cand_epochs=50
cascade_num_candidate_groups=2
bit_fail_limit=3.49999994039535522461e-01
cascade_candidate_limit=1.00000000000000000000e+03
cascade_weight_multiplier=4.00000005960464477539e-01
cascade_activation_functions_count=10
cascade_activation_functions=3 5 7 8 10 11 14 15 16 17 
cascade_activation_steepnesses_count=4
cascade_activation_steepnesses=2.50000000000000000000e-01 5.00000000000000000000e-01 7.50000000000000000000e-01 1.00000000000000000000e+00 
layer_sizes=10 3 2 
scale_included=0
neurons (num_inputs, activation_function, activation_steepness)=(0, 0, 0.00000000000000000000e+00) (0, 0, 0.00000000000000000000e+00) (0, 0, 0.00000000000000000000e+00) (0, 0, 0.00000000000000000000e+00) (0, 0, 0.00000000000000000000e+00) (0, 0, 0.00000000000000000000e+00) (0, 0, 0.00000000000000000000e+00) (0, 0, 0.00000000000000000000e+00) (0, 0, 0.00000000000000000000e+00) (0, 0, 0.00000000000000000000e+00) (10, 3, 5.00000000000000000000e-01) (10, 3, 5.00000000000000000000e-01) (0, 3, 0.00000000000000000000e+00) (3, 3, 5.00000000000000000000e-01) (0, 3, 0.00000000000000000000e+00) 
connections (connected_to_neuron, weight)=(0, -5.48539817333221435547e-01) (1, -7.98897504806518554688e-01) (2, -6.10864639282226562500e-01) (3, -7.65334963798522949219e-01) (4, 2.68310546875000000000e-01) (5, -4.42544609308242797852e-01) (6, -9.15690064430236816406e-01) (7, -8.66468429565429687500e-01) (8, -4.19534474611282348633e-01) (9, 1.07647788524627685547e+00) (0, -5.48145294189453125000e-01) (1, -5.50909221172332763672e-01) (2, -5.40743172168731689453e-01) (3, -5.31244277954101562500e-01) (4, -6.29631042480468750000e-01) (5, -5.81050217151641845703e-01) (6, -4.86583501100540161133e-01) (7, -5.47622263431549072266e-01) (8, -5.69776177406311035156e-01) (9, 2.17933249473571777344e+00) (10, -6.61404192447662353516e-01) (11, -3.08145356178283691406e+00) (12, 1.43580996990203857422e+00) 
