FANN_FLO_2.1
num_layers=4
learning_rate=0.300000
connection_rate=1.000000
network_type=0
learning_momentum=0.000000
training_algorithm=2
train_error_function=1
train_stop_function=0
cascade_output_change_fraction=0.010000
quickprop_decay=-0.000100
quickprop_mu=1.750000
rprop_increase_factor=1.200000
rprop_decrease_factor=0.500000
rprop_delta_min=0.000000
rprop_delta_max=50.000000
rprop_delta_zero=0.100000
cascade_output_stagnation_epochs=12
cascade_candidate_change_fraction=0.010000
cascade_candidate_stagnation_epochs=12
cascade_max_out_epochs=150
cascade_min_out_epochs=50
cascade_max_cand_epochs=150
cascade_min_cand_epochs=50
cascade_num_candidate_groups=2
bit_fail_limit=3.49999994039535522461e-01
cascade_candidate_limit=1.00000000000000000000e+03
cascade_weight_multiplier=4.00000005960464477539e-01
cascade_activation_functions_count=10
cascade_activation_functions=3 5 7 8 10 11 14 15 16 17 
cascade_activation_steepnesses_count=4
cascade_activation_steepnesses=2.50000000000000000000e-01 5.00000000000000000000e-01 7.50000000000000000000e-01 1.00000000000000000000e+00 
layer_sizes=2 5 3 3 
scale_included=0
neurons (num_inputs, activation_function, activation_steepness)=(0, 0, 0.00000000000000000000e+00) (0, 0, 0.00000000000000000000e+00) (2, 3, 5.00000000000000000000e-01) (2, 3, 5.00000000000000000000e-01) (2, 3, 5.00000000000000000000e-01) (2, 3, 5.00000000000000000000e-01) (0, 3, 0.00000000000000000000e+00) (5, 3, 5.00000000000000000000e-01) (5, 3, 5.00000000000000000000e-01) (0, 3, 0.00000000000000000000e+00) (3, 0, 5.00000000000000000000e-01) (3, 0, 5.00000000000000000000e-01) (0, 0, 0.00000000000000000000e+00) 
connections (connected_to_neuron, weight)=(0, -1.50000000000000000000e+03) (1, -1.50000596046447753906e+00) (0, -1.50000000000000000000e+03) (1, -1.43083453178405761719e+00) (0, -1.50000000000000000000e+03) (1, -1.38490438461303710938e+00) (0, -1.50000000000000000000e+03) (1, -1.30601310729980468750e+00) (2, 7.19362735748291015625e-01) (3, 1.38910996913909912109e+00) (4, 1.42388904094696044922e+00) (5, 2.92647004127502441406e-01) (6, -1.36498475074768066406e+00) (2, 3.35218811035156250000e+01) (3, 3.35820922851562500000e+01) (4, 3.36097106933593750000e+01) (5, 6.73553991317749023438e+00) (6, 1.37335503101348876953e+00) (7, 2.27567069232463836670e-02) (8, -9.68278720974922180176e-02) (9, 6.43172934651374816895e-02) (7, -7.62382209300994873047e-01) (8, -6.18289589881896972656e-01) (9, -4.63509976863861083984e-01) 
