FANN_FLO_2.1
num_layers=3
learning_rate=0.400000
connection_rate=1.000000
network_type=0
learning_momentum=0.000000
training_algorithm=2
train_error_function=1
train_stop_function=0
cascade_output_change_fraction=0.010000
quickprop_decay=-0.000100
quickprop_mu=1.750000
rprop_increase_factor=1.200000
rprop_decrease_factor=0.500000
rprop_delta_min=0.000000
rprop_delta_max=50.000000
rprop_delta_zero=0.100000
cascade_output_stagnation_epochs=12
cascade_candidate_change_fraction=0.010000
cascade_candidate_stagnation_epochs=12
cascade_max_out_epochs=150
cascade_min_out_epochs=50
cascade_max_cand_epochs=150
cascade_min_cand_epochs=50
cascade_num_candidate_groups=2
bit_fail_limit=3.49999994039535522461e-01
cascade_candidate_limit=1.00000000000000000000e+03
cascade_weight_multiplier=4.00000005960464477539e-01
cascade_activation_functions_count=10
cascade_activation_functions=3 5 7 8 10 11 14 15 16 17 
cascade_activation_steepnesses_count=4
cascade_activation_steepnesses=2.50000000000000000000e-01 5.00000000000000000000e-01 7.50000000000000000000e-01 1.00000000000000000000e+00 
layer_sizes=6 5 2 
scale_included=0
neurons (num_inputs, activation_function, activation_steepness)=(0, 0, 0.00000000000000000000e+00) (0, 0, 0.00000000000000000000e+00) (0, 0, 0.00000000000000000000e+00) (0, 0, 0.00000000000000000000e+00) (0, 0, 0.00000000000000000000e+00) (0, 0, 0.00000000000000000000e+00) (6, 3, 5.00000000000000000000e-01) (6, 3, 5.00000000000000000000e-01) (6, 3, 5.00000000000000000000e-01) (6, 3, 5.00000000000000000000e-01) (0, 3, 0.00000000000000000000e+00) (5, 0, 5.00000000000000000000e-01) (0, 0, 0.00000000000000000000e+00) 
connections (connected_to_neuron, weight)=(0, -1.50000000000000000000e+03) (1, -1.50000000000000000000e+03) (2, 3.89542388916015625000e+02) (3, -3.77484741210937500000e+01) (4, -7.92356796264648437500e+01) (5, 9.10341560840606689453e-01) (0, -1.50000000000000000000e+03) (1, -1.50000000000000000000e+03) (2, 1.30827621459960937500e+02) (3, 8.61745738983154296875e+00) (4, -1.14940292358398437500e+02) (5, 3.12336039543151855469e+00) (0, -1.50000000000000000000e+03) (1, -1.50000000000000000000e+03) (2, 1.07052658081054687500e+02) (3, -1.38410367965698242188e+01) (4, -2.23350234985351562500e+02) (5, 6.17006182670593261719e-01) (0, -1.50000000000000000000e+03) (1, -1.50000000000000000000e+03) (2, 1.31735900878906250000e+02) (3, -2.51613163948059082031e+00) (4, -1.78254867553710937500e+02) (5, 2.99225306510925292969e+00) (6, 1.44463944435119628906e+00) (7, 3.73879966735839843750e+01) (8, 5.65829324722290039062e+00) (9, 9.14436111450195312500e+01) (10, 8.20382475852966308594e-01) 
