FANN_FLO_2.1
num_layers=4
learning_rate=0.300000
connection_rate=1.000000
network_type=0
learning_momentum=0.000000
training_algorithm=2
train_error_function=1
train_stop_function=0
cascade_output_change_fraction=0.010000
quickprop_decay=-0.000100
quickprop_mu=1.750000
rprop_increase_factor=1.200000
rprop_decrease_factor=0.500000
rprop_delta_min=0.000000
rprop_delta_max=50.000000
rprop_delta_zero=0.100000
cascade_output_stagnation_epochs=12
cascade_candidate_change_fraction=0.010000
cascade_candidate_stagnation_epochs=12
cascade_max_out_epochs=150
cascade_min_out_epochs=50
cascade_max_cand_epochs=150
cascade_min_cand_epochs=50
cascade_num_candidate_groups=2
bit_fail_limit=3.49999994039535522461e-01
cascade_candidate_limit=1.00000000000000000000e+03
cascade_weight_multiplier=4.00000005960464477539e-01
cascade_activation_functions_count=10
cascade_activation_functions=3 5 7 8 10 11 14 15 16 17 
cascade_activation_steepnesses_count=4
cascade_activation_steepnesses=2.50000000000000000000e-01 5.00000000000000000000e-01 7.50000000000000000000e-01 1.00000000000000000000e+00 
layer_sizes=2 5 5 3 
scale_included=0
neurons (num_inputs, activation_function, activation_steepness)=(0, 0, 0.00000000000000000000e+00) (0, 0, 0.00000000000000000000e+00) (2, 3, 5.00000000000000000000e-01) (2, 3, 5.00000000000000000000e-01) (2, 3, 5.00000000000000000000e-01) (2, 3, 5.00000000000000000000e-01) (0, 3, 0.00000000000000000000e+00) (5, 3, 5.00000000000000000000e-01) (5, 3, 5.00000000000000000000e-01) (5, 3, 5.00000000000000000000e-01) (5, 3, 5.00000000000000000000e-01) (0, 3, 0.00000000000000000000e+00) (5, 0, 5.00000000000000000000e-01) (5, 0, 5.00000000000000000000e-01) (0, 0, 0.00000000000000000000e+00) 
connections (connected_to_neuron, weight)=(0, 5.35916481018066406250e+01) (1, -1.00721128284931182861e-01) (0, -3.40452766418457031250e+00) (1, -3.61488103866577148438e+00) (0, -1.87179431915283203125e+01) (1, -6.96323585510253906250e+00) (0, -1.52711887359619140625e+01) (1, -3.99577569961547851562e+00) (2, -1.58140674233436584473e-01) (3, -5.26722049713134765625e+00) (4, 4.60956859588623046875e+00) (5, 2.91803479194641113281e+00) (6, -1.99920678138732910156e+00) (2, 4.40931051969528198242e-01) (3, 1.27618864178657531738e-01) (4, 2.26952719688415527344e+00) (5, 1.85487985610961914062e+00) (6, 2.45144024491310119629e-01) (2, -4.05084013938903808594e-01) (3, -1.00993194580078125000e+01) (4, 4.22326087951660156250e-01) (5, 5.37186384201049804688e-01) (6, -1.16645218804478645325e-02) (2, 1.04120589792728424072e-01) (3, -5.58134174346923828125e+00) (4, 1.11456079483032226562e+01) (5, -4.09238243103027343750e+00) (6, -1.13683235645294189453e+00) (7, 1.07040867209434509277e-01) (8, 3.46182323992252349854e-02) (9, -7.68883228302001953125e-02) (10, -1.32053241133689880371e-01) (11, -5.72272390127182006836e-02) (7, -7.94765532016754150391e-01) (8, -4.64199900627136230469e-01) (9, -1.19846284389495849609e+00) (10, -4.99375075101852416992e-01) (11, -3.26657593250274658203e-01) 
