FANN_FLO_2.1
num_layers=4
learning_rate=0.500000
connection_rate=1.000000
network_type=0
learning_momentum=0.000000
training_algorithm=2
train_error_function=1
train_stop_function=0
cascade_output_change_fraction=0.010000
quickprop_decay=-0.000100
quickprop_mu=1.750000
rprop_increase_factor=1.200000
rprop_decrease_factor=0.500000
rprop_delta_min=0.000000
rprop_delta_max=50.000000
rprop_delta_zero=0.100000
cascade_output_stagnation_epochs=12
cascade_candidate_change_fraction=0.010000
cascade_candidate_stagnation_epochs=12
cascade_max_out_epochs=150
cascade_min_out_epochs=50
cascade_max_cand_epochs=150
cascade_min_cand_epochs=50
cascade_num_candidate_groups=2
bit_fail_limit=3.49999994039535522461e-01
cascade_candidate_limit=1.00000000000000000000e+03
cascade_weight_multiplier=4.00000005960464477539e-01
cascade_activation_functions_count=10
cascade_activation_functions=3 5 7 8 10 11 14 15 16 17 
cascade_activation_steepnesses_count=4
cascade_activation_steepnesses=2.50000000000000000000e-01 5.00000000000000000000e-01 7.50000000000000000000e-01 1.00000000000000000000e+00 
layer_sizes=4 5 3 2 
scale_included=0
neurons (num_inputs, activation_function, activation_steepness)=(0, 0, 0.00000000000000000000e+00) (0, 0, 0.00000000000000000000e+00) (0, 0, 0.00000000000000000000e+00) (0, 0, 0.00000000000000000000e+00) (4, 3, 5.00000000000000000000e-01) (4, 3, 5.00000000000000000000e-01) (4, 3, 5.00000000000000000000e-01) (4, 3, 5.00000000000000000000e-01) (0, 3, 0.00000000000000000000e+00) (5, 3, 5.00000000000000000000e-01) (5, 3, 5.00000000000000000000e-01) (0, 3, 0.00000000000000000000e+00) (3, 3, 5.00000000000000000000e-01) (0, 3, 0.00000000000000000000e+00) 
connections (connected_to_neuron, weight)=(0, -9.15681171417236328125e+00) (1, -1.38712310791015625000e+01) (2, 2.81141757965087890625e+00) (3, 1.25609226226806640625e+01) (0, -1.57436466217041015625e+00) (1, -1.25794296264648437500e+01) (2, -7.39280283451080322266e-02) (3, 3.05303525924682617188e+00) (0, 3.70380935668945312500e+01) (1, 4.46345520019531250000e+00) (2, 1.91200923919677734375e+00) (3, -2.03878688812255859375e+00) (0, 1.48051477050781250000e+03) (1, -8.46242904663085937500e+00) (2, 4.97935409545898437500e+01) (3, 3.49972987174987792969e+00) (4, 2.20812034606933593750e+01) (5, 8.26058673858642578125e+00) (6, 8.37888538837432861328e-01) (7, 1.96270430088043212891e+00) (8, -6.23144865036010742188e+00) (4, 4.89013610839843750000e+02) (5, 1.04047900390625000000e+03) (6, 1.39542163085937500000e+03) (7, 1.27483642578125000000e+03) (8, 4.49456691741943359375e+00) (9, -4.33266782760620117188e+00) (10, 7.93990433216094970703e-01) (11, 1.32712948322296142578e+00) 
