FANN_FLO_2.1
num_layers=4
learning_rate=0.500000
connection_rate=1.000000
network_type=0
learning_momentum=0.000000
training_algorithm=2
train_error_function=1
train_stop_function=0
cascade_output_change_fraction=0.010000
quickprop_decay=-0.000100
quickprop_mu=1.750000
rprop_increase_factor=1.200000
rprop_decrease_factor=0.500000
rprop_delta_min=0.000000
rprop_delta_max=50.000000
rprop_delta_zero=0.100000
cascade_output_stagnation_epochs=12
cascade_candidate_change_fraction=0.010000
cascade_candidate_stagnation_epochs=12
cascade_max_out_epochs=150
cascade_min_out_epochs=50
cascade_max_cand_epochs=150
cascade_min_cand_epochs=50
cascade_num_candidate_groups=2
bit_fail_limit=3.49999994039535522461e-01
cascade_candidate_limit=1.00000000000000000000e+03
cascade_weight_multiplier=4.00000005960464477539e-01
cascade_activation_functions_count=10
cascade_activation_functions=3 5 7 8 10 11 14 15 16 17 
cascade_activation_steepnesses_count=4
cascade_activation_steepnesses=2.50000000000000000000e-01 5.00000000000000000000e-01 7.50000000000000000000e-01 1.00000000000000000000e+00 
layer_sizes=4 5 5 2 
scale_included=0
neurons (num_inputs, activation_function, activation_steepness)=(0, 0, 0.00000000000000000000e+00) (0, 0, 0.00000000000000000000e+00) (0, 0, 0.00000000000000000000e+00) (0, 0, 0.00000000000000000000e+00) (4, 3, 5.00000000000000000000e-01) (4, 3, 5.00000000000000000000e-01) (4, 3, 5.00000000000000000000e-01) (4, 3, 5.00000000000000000000e-01) (0, 3, 0.00000000000000000000e+00) (5, 3, 5.00000000000000000000e-01) (5, 3, 5.00000000000000000000e-01) (5, 3, 5.00000000000000000000e-01) (5, 3, 5.00000000000000000000e-01) (0, 3, 0.00000000000000000000e+00) (5, 3, 5.00000000000000000000e-01) (0, 3, 0.00000000000000000000e+00) 
connections (connected_to_neuron, weight)=(0, -4.41382408142089843750e+00) (1, 4.19126808643341064453e-01) (2, -2.98116183280944824219e+00) (3, 3.33158278465270996094e+00) (0, -7.72144317626953125000e-01) (1, -5.14687385559082031250e+01) (2, 2.06821403503417968750e+01) (3, 8.79670083522796630859e-01) (0, 5.23939180374145507812e+00) (1, -6.56187210083007812500e+01) (2, 4.88311100006103515625e+00) (3, 8.47022116184234619141e-01) (0, 4.90174722671508789062e+00) (1, -6.30696372985839843750e+01) (2, 7.06370019912719726562e+00) (3, 7.87173688411712646484e-01) (4, 2.28471546173095703125e+01) (5, 2.49574222564697265625e+01) (6, -6.87821149826049804688e-01) (7, -4.31696605682373046875e+00) (8, -7.76166534423828125000e+00) (4, 2.30381832122802734375e+01) (5, 2.39604740142822265625e+01) (6, 1.80596232414245605469e-01) (7, -2.89951729774475097656e+00) (8, -7.84630441665649414062e+00) (4, 6.09682750701904296875e+00) (5, -7.99439623951911926270e-02) (6, -7.45163619518280029297e-01) (7, 4.38230872154235839844e-01) (8, 5.25299012660980224609e-01) (4, 3.06997203826904296875e+01) (5, 2.83549137115478515625e+01) (6, -6.61380243301391601562e+00) (7, 2.80134201049804687500e-01) (8, -1.02169456481933593750e+01) (9, -1.57448434829711914062e+00) (10, -1.50487303733825683594e+00) (11, 6.13068938255310058594e-02) (12, -1.64906144142150878906e+00) (13, 2.46400117874145507812e+00) 
