FANN_FLO_2.1
num_layers=4
learning_rate=0.500000
connection_rate=1.000000
network_type=0
learning_momentum=0.000000
training_algorithm=2
train_error_function=1
train_stop_function=0
cascade_output_change_fraction=0.010000
quickprop_decay=-0.000100
quickprop_mu=1.750000
rprop_increase_factor=1.200000
rprop_decrease_factor=0.500000
rprop_delta_min=0.000000
rprop_delta_max=50.000000
rprop_delta_zero=0.100000
cascade_output_stagnation_epochs=12
cascade_candidate_change_fraction=0.010000
cascade_candidate_stagnation_epochs=12
cascade_max_out_epochs=150
cascade_min_out_epochs=50
cascade_max_cand_epochs=150
cascade_min_cand_epochs=50
cascade_num_candidate_groups=2
bit_fail_limit=3.49999994039535522461e-01
cascade_candidate_limit=1.00000000000000000000e+03
cascade_weight_multiplier=4.00000005960464477539e-01
cascade_activation_functions_count=10
cascade_activation_functions=3 5 7 8 10 11 14 15 16 17 
cascade_activation_steepnesses_count=4
cascade_activation_steepnesses=2.50000000000000000000e-01 5.00000000000000000000e-01 7.50000000000000000000e-01 1.00000000000000000000e+00 
layer_sizes=4 5 3 2 
scale_included=0
neurons (num_inputs, activation_function, activation_steepness)=(0, 0, 0.00000000000000000000e+00) (0, 0, 0.00000000000000000000e+00) (0, 0, 0.00000000000000000000e+00) (0, 0, 0.00000000000000000000e+00) (4, 3, 5.00000000000000000000e-01) (4, 3, 5.00000000000000000000e-01) (4, 3, 5.00000000000000000000e-01) (4, 3, 5.00000000000000000000e-01) (0, 3, 0.00000000000000000000e+00) (5, 3, 5.00000000000000000000e-01) (5, 3, 5.00000000000000000000e-01) (0, 3, 0.00000000000000000000e+00) (3, 3, 5.00000000000000000000e-01) (0, 3, 0.00000000000000000000e+00) 
connections (connected_to_neuron, weight)=(0, -3.75793504714965820312e+00) (1, 1.28132438659667968750e+00) (2, -3.68125152587890625000e+00) (3, 2.74946141242980957031e+00) (0, 6.05823707580566406250e+00) (1, -5.02093696594238281250e+01) (2, -1.27075719833374023438e+01) (3, -1.02760457992553710938e+00) (0, -3.60004615783691406250e+00) (1, -4.23820781707763671875e+00) (2, -1.75364363193511962891e+00) (3, 2.77833724021911621094e+00) (0, -6.60576915740966796875e+00) (1, -8.60404968261718750000e+01) (2, 1.68457221984863281250e+01) (3, -2.41197562217712402344e+00) (4, 1.37205533981323242188e+01) (5, -1.41778707504272460938e-01) (6, 1.76206264495849609375e+01) (7, 4.67795655131340026855e-02) (8, -7.20601224899291992188e+00) (4, 1.10037279129028320312e+01) (5, -7.76692628860473632812e-01) (6, 1.67749385833740234375e+01) (7, -2.28118240833282470703e-01) (8, -6.08241796493530273438e+00) (9, -2.43994235992431640625e+00) (10, -2.33743762969970703125e+00) (11, 2.43474292755126953125e+00) 
