FANN_FLO_2.1
num_layers=3
learning_rate=0.450000
connection_rate=1.000000
network_type=0
learning_momentum=0.000000
training_algorithm=2
train_error_function=1
train_stop_function=0
cascade_output_change_fraction=0.010000
quickprop_decay=-0.000100
quickprop_mu=1.750000
rprop_increase_factor=1.200000
rprop_decrease_factor=0.500000
rprop_delta_min=0.000000
rprop_delta_max=50.000000
rprop_delta_zero=0.100000
cascade_output_stagnation_epochs=12
cascade_candidate_change_fraction=0.010000
cascade_candidate_stagnation_epochs=12
cascade_max_out_epochs=150
cascade_min_out_epochs=50
cascade_max_cand_epochs=150
cascade_min_cand_epochs=50
cascade_num_candidate_groups=2
bit_fail_limit=3.49999994039535522461e-01
cascade_candidate_limit=1.00000000000000000000e+03
cascade_weight_multiplier=4.00000005960464477539e-01
cascade_activation_functions_count=10
cascade_activation_functions=3 5 7 8 10 11 14 15 16 17 
cascade_activation_steepnesses_count=4
cascade_activation_steepnesses=2.50000000000000000000e-01 5.00000000000000000000e-01 7.50000000000000000000e-01 1.00000000000000000000e+00 
layer_sizes=7 5 2 
scale_included=0
neurons (num_inputs, activation_function, activation_steepness)=(0, 0, 0.00000000000000000000e+00) (0, 0, 0.00000000000000000000e+00) (0, 0, 0.00000000000000000000e+00) (0, 0, 0.00000000000000000000e+00) (0, 0, 0.00000000000000000000e+00) (0, 0, 0.00000000000000000000e+00) (0, 0, 0.00000000000000000000e+00) (7, 3, 5.00000000000000000000e-01) (7, 3, 5.00000000000000000000e-01) (7, 3, 5.00000000000000000000e-01) (7, 3, 5.00000000000000000000e-01) (0, 3, 0.00000000000000000000e+00) (5, 0, 5.00000000000000000000e-01) (0, 0, 0.00000000000000000000e+00) 
connections (connected_to_neuron, weight)=(0, -6.20082855224609375000e-01) (1, -1.83764964342117309570e-01) (2, 9.01927828788757324219e-01) (3, -8.78862738609313964844e-01) (4, 5.04492402076721191406e-01) (5, 4.95491743087768554688e+00) (6, -1.30962966918945312500e+02) (0, 4.01500821113586425781e-01) (1, -5.94319343566894531250e+00) (2, -1.33379516601562500000e+02) (3, 2.57133692502975463867e-01) (4, -1.16906003952026367188e+01) (5, 1.13865417480468750000e+02) (6, 2.55267262458801269531e-01) (0, -5.84045946598052978516e-01) (1, -2.18577891588211059570e-01) (2, 9.82795298099517822266e-01) (3, -7.65342533588409423828e-01) (4, 6.22691392898559570312e-01) (5, 7.23866894841194152832e-02) (6, -6.94083154201507568359e-01) (0, -1.24975240230560302734e+00) (1, 4.87599484622478485107e-02) (2, 2.16626770019531250000e+02) (3, -7.62426137924194335938e+00) (4, 1.85865764617919921875e+01) (5, 4.98986750841140747070e-01) (6, -3.44066963195800781250e+01) (7, -3.53264692239463329315e-03) (8, 1.11481901258230209351e-02) (9, -1.16454744711518287659e-02) (10, -3.24212193489074707031e-01) (11, 3.28229725360870361328e-01) 
