FANN_FLO_2.1
num_layers=4
learning_rate=0.300000
connection_rate=1.000000
network_type=0
learning_momentum=0.000000
training_algorithm=2
train_error_function=1
train_stop_function=0
cascade_output_change_fraction=0.010000
quickprop_decay=-0.000100
quickprop_mu=1.750000
rprop_increase_factor=1.200000
rprop_decrease_factor=0.500000
rprop_delta_min=0.000000
rprop_delta_max=50.000000
rprop_delta_zero=0.100000
cascade_output_stagnation_epochs=12
cascade_candidate_change_fraction=0.010000
cascade_candidate_stagnation_epochs=12
cascade_max_out_epochs=150
cascade_min_out_epochs=50
cascade_max_cand_epochs=150
cascade_min_cand_epochs=50
cascade_num_candidate_groups=2
bit_fail_limit=3.49999994039535522461e-01
cascade_candidate_limit=1.00000000000000000000e+03
cascade_weight_multiplier=4.00000005960464477539e-01
cascade_activation_functions_count=10
cascade_activation_functions=3 5 7 8 10 11 14 15 16 17 
cascade_activation_steepnesses_count=4
cascade_activation_steepnesses=2.50000000000000000000e-01 5.00000000000000000000e-01 7.50000000000000000000e-01 1.00000000000000000000e+00 
layer_sizes=2 5 5 3 
scale_included=0
neurons (num_inputs, activation_function, activation_steepness)=(0, 0, 0.00000000000000000000e+00) (0, 0, 0.00000000000000000000e+00) (2, 3, 5.00000000000000000000e-01) (2, 3, 5.00000000000000000000e-01) (2, 3, 5.00000000000000000000e-01) (2, 3, 5.00000000000000000000e-01) (0, 3, 0.00000000000000000000e+00) (5, 3, 5.00000000000000000000e-01) (5, 3, 5.00000000000000000000e-01) (5, 3, 5.00000000000000000000e-01) (5, 3, 5.00000000000000000000e-01) (0, 3, 0.00000000000000000000e+00) (5, 0, 5.00000000000000000000e-01) (5, 0, 5.00000000000000000000e-01) (0, 0, 0.00000000000000000000e+00) 
connections (connected_to_neuron, weight)=(0, -6.03709280490875244141e-01) (1, -4.55051332712173461914e-01) (0, 1.36629569530487060547e+00) (1, 2.86363601684570312500e+00) (0, -4.51605468988418579102e-01) (1, -1.75851527601480484009e-02) (0, 3.78074955940246582031e+00) (1, 1.32945209741592407227e-01) (2, 6.65019989013671875000e-01) (3, -4.78685808181762695312e+00) (4, 7.82401978969573974609e-01) (5, 1.31027889251708984375e+01) (6, 6.37848615646362304688e-01) (2, 6.99838280677795410156e-01) (3, -1.65357220172882080078e+00) (4, 3.45852255821228027344e-01) (5, -1.14096844196319580078e+00) (6, 1.40985324978828430176e-01) (2, 8.34523141384124755859e-01) (3, -3.60597515106201171875e+00) (4, 2.82130688428878784180e-01) (5, -9.73195493221282958984e-01) (6, 1.43035620450973510742e-01) (2, 6.02372527122497558594e-01) (3, -4.84788608551025390625e+00) (4, 5.06967842578887939453e-01) (5, -2.00697588920593261719e+00) (6, 3.02111804485321044922e-01) (7, -1.80465891957283020020e-01) (8, 2.71691560745239257812e-01) (9, 9.90530475974082946777e-02) (10, 2.90798842906951904297e-01) (11, -6.89708292484283447266e-02) (7, -6.83410942554473876953e-01) (8, -7.84982144832611083984e-01) (9, -8.13993155956268310547e-01) (10, -9.07028079032897949219e-01) (11, -6.49663150310516357422e-01) 
