FANN_FLO_2.1
num_layers=3
learning_rate=0.300000
connection_rate=1.000000
network_type=0
learning_momentum=0.000000
training_algorithm=2
train_error_function=1
train_stop_function=0
cascade_output_change_fraction=0.010000
quickprop_decay=-0.000100
quickprop_mu=1.750000
rprop_increase_factor=1.200000
rprop_decrease_factor=0.500000
rprop_delta_min=0.000000
rprop_delta_max=50.000000
rprop_delta_zero=0.100000
cascade_output_stagnation_epochs=12
cascade_candidate_change_fraction=0.010000
cascade_candidate_stagnation_epochs=12
cascade_max_out_epochs=150
cascade_min_out_epochs=50
cascade_max_cand_epochs=150
cascade_min_cand_epochs=50
cascade_num_candidate_groups=2
bit_fail_limit=3.49999994039535522461e-01
cascade_candidate_limit=1.00000000000000000000e+03
cascade_weight_multiplier=4.00000005960464477539e-01
cascade_activation_functions_count=10
cascade_activation_functions=3 5 7 8 10 11 14 15 16 17 
cascade_activation_steepnesses_count=4
cascade_activation_steepnesses=2.50000000000000000000e-01 5.00000000000000000000e-01 7.50000000000000000000e-01 1.00000000000000000000e+00 
layer_sizes=4 9 2 
scale_included=0
neurons (num_inputs, activation_function, activation_steepness)=(0, 0, 0.00000000000000000000e+00) (0, 0, 0.00000000000000000000e+00) (0, 0, 0.00000000000000000000e+00) (0, 0, 0.00000000000000000000e+00) (4, 3, 5.00000000000000000000e-01) (4, 3, 5.00000000000000000000e-01) (4, 3, 5.00000000000000000000e-01) (4, 3, 5.00000000000000000000e-01) (4, 3, 5.00000000000000000000e-01) (4, 3, 5.00000000000000000000e-01) (4, 3, 5.00000000000000000000e-01) (4, 3, 5.00000000000000000000e-01) (0, 3, 0.00000000000000000000e+00) (9, 3, 5.00000000000000000000e-01) (0, 3, 0.00000000000000000000e+00) 
connections (connected_to_neuron, weight)=(0, -2.19597131013870239258e-01) (1, 2.73710470646619796753e-02) (2, 6.20264932513236999512e-02) (3, 1.26201450824737548828e+00) (0, -2.12383818626403808594e+00) (1, 5.57200133800506591797e-01) (2, -5.73261342942714691162e-02) (3, -8.61593544483184814453e-01) (0, -1.24958097934722900391e+00) (1, 7.49911129474639892578e-01) (2, -2.13395380973815917969e+00) (3, 1.11170520782470703125e+01) (0, -1.83298492431640625000e+00) (1, 6.08067810535430908203e-01) (2, -5.80929294228553771973e-02) (3, -1.82613265514373779297e+00) (0, -1.02999396622180938721e-01) (1, 4.03663665056228637695e-02) (2, -4.83997493982315063477e-01) (3, 2.36116480827331542969e+00) (0, -5.50691604614257812500e+00) (1, 3.65554690361022949219e-01) (2, -1.65178661346435546875e+01) (3, 2.45816215872764587402e-01) (0, -2.56479203701019287109e-01) (1, 1.46624073386192321777e-01) (2, -6.47081553936004638672e-01) (3, 2.82993006706237792969e+00) (0, -9.09171819686889648438e-01) (1, 6.36130273342132568359e-01) (2, -3.07260084152221679688e+00) (3, 8.45645713806152343750e+00) (4, -3.73148727416992187500e+00) (5, 4.11071419715881347656e-01) (6, -2.24750071763992309570e-01) (7, 2.38944873213768005371e-01) (8, -3.58441925048828125000e+00) (9, -4.00000000000000000000e+02) (10, -1.12321302294731140137e-01) (11, -1.11575938761234283447e-01) (12, 6.49886429309844970703e-01) 
