FANN_FLO_2.1
num_layers=4
learning_rate=0.300000
connection_rate=1.000000
network_type=0
learning_momentum=0.000000
training_algorithm=2
train_error_function=1
train_stop_function=0
cascade_output_change_fraction=0.010000
quickprop_decay=-0.000100
quickprop_mu=1.750000
rprop_increase_factor=1.200000
rprop_decrease_factor=0.500000
rprop_delta_min=0.000000
rprop_delta_max=50.000000
rprop_delta_zero=0.100000
cascade_output_stagnation_epochs=12
cascade_candidate_change_fraction=0.010000
cascade_candidate_stagnation_epochs=12
cascade_max_out_epochs=150
cascade_min_out_epochs=50
cascade_max_cand_epochs=150
cascade_min_cand_epochs=50
cascade_num_candidate_groups=2
bit_fail_limit=3.49999994039535522461e-01
cascade_candidate_limit=1.00000000000000000000e+03
cascade_weight_multiplier=4.00000005960464477539e-01
cascade_activation_functions_count=10
cascade_activation_functions=3 5 7 8 10 11 14 15 16 17 
cascade_activation_steepnesses_count=4
cascade_activation_steepnesses=2.50000000000000000000e-01 5.00000000000000000000e-01 7.50000000000000000000e-01 1.00000000000000000000e+00 
layer_sizes=2 5 3 3 
scale_included=0
neurons (num_inputs, activation_function, activation_steepness)=(0, 0, 0.00000000000000000000e+00) (0, 0, 0.00000000000000000000e+00) (2, 3, 5.00000000000000000000e-01) (2, 3, 5.00000000000000000000e-01) (2, 3, 5.00000000000000000000e-01) (2, 3, 5.00000000000000000000e-01) (0, 3, 0.00000000000000000000e+00) (5, 3, 5.00000000000000000000e-01) (5, 3, 5.00000000000000000000e-01) (0, 3, 0.00000000000000000000e+00) (3, 0, 5.00000000000000000000e-01) (3, 0, 5.00000000000000000000e-01) (0, 0, 0.00000000000000000000e+00) 
connections (connected_to_neuron, weight)=(0, -1.05135083007812500000e+03) (1, 7.76281261444091796875e+00) (0, 3.26194024085998535156e+00) (1, 6.33028173446655273438e+00) (0, 4.11073875427246093750e+00) (1, 8.37354469299316406250e+00) (0, -4.78167495727539062500e+01) (1, -7.78420805931091308594e-01) (2, -2.49322220683097839355e-01) (3, -2.55826890468597412109e-01) (4, -4.19416284561157226562e+00) (5, 2.35032105445861816406e+00) (6, 7.38761663436889648438e-01) (2, -1.02094678878784179688e+01) (3, -9.91297721862792968750e+00) (4, -1.02902631759643554688e+01) (5, 9.52602920532226562500e+01) (6, 2.24316787719726562500e+00) (7, -3.84274795651435852051e-02) (8, -5.72781115770339965820e-02) (9, 2.94470041990280151367e-02) (7, -1.06975281238555908203e+00) (8, -7.01346933841705322266e-01) (9, -6.28233253955841064453e-01) 
