FANN_FLO_2.1
num_layers=4
learning_rate=0.500000
connection_rate=1.000000
network_type=0
learning_momentum=0.000000
training_algorithm=2
train_error_function=1
train_stop_function=0
cascade_output_change_fraction=0.010000
quickprop_decay=-0.000100
quickprop_mu=1.750000
rprop_increase_factor=1.200000
rprop_decrease_factor=0.500000
rprop_delta_min=0.000000
rprop_delta_max=50.000000
rprop_delta_zero=0.100000
cascade_output_stagnation_epochs=12
cascade_candidate_change_fraction=0.010000
cascade_candidate_stagnation_epochs=12
cascade_max_out_epochs=150
cascade_min_out_epochs=50
cascade_max_cand_epochs=150
cascade_min_cand_epochs=50
cascade_num_candidate_groups=2
bit_fail_limit=3.49999994039535522461e-01
cascade_candidate_limit=1.00000000000000000000e+03
cascade_weight_multiplier=4.00000005960464477539e-01
cascade_activation_functions_count=10
cascade_activation_functions=3 5 7 8 10 11 14 15 16 17 
cascade_activation_steepnesses_count=4
cascade_activation_steepnesses=2.50000000000000000000e-01 5.00000000000000000000e-01 7.50000000000000000000e-01 1.00000000000000000000e+00 
layer_sizes=4 5 5 2 
scale_included=0
neurons (num_inputs, activation_function, activation_steepness)=(0, 0, 0.00000000000000000000e+00) (0, 0, 0.00000000000000000000e+00) (0, 0, 0.00000000000000000000e+00) (0, 0, 0.00000000000000000000e+00) (4, 3, 5.00000000000000000000e-01) (4, 3, 5.00000000000000000000e-01) (4, 3, 5.00000000000000000000e-01) (4, 3, 5.00000000000000000000e-01) (0, 3, 0.00000000000000000000e+00) (5, 3, 5.00000000000000000000e-01) (5, 3, 5.00000000000000000000e-01) (5, 3, 5.00000000000000000000e-01) (5, 3, 5.00000000000000000000e-01) (0, 3, 0.00000000000000000000e+00) (5, 3, 5.00000000000000000000e-01) (0, 3, 0.00000000000000000000e+00) 
connections (connected_to_neuron, weight)=(0, 1.60120701789855957031e+00) (1, 7.29796350002288818359e-01) (2, 4.01992464065551757812e+00) (3, -2.75650477409362792969e+00) (0, -1.47459268569946289062e+00) (1, -4.95117396116256713867e-01) (2, -4.51119804382324218750e+00) (3, 2.55602860450744628906e+00) (0, -3.50117057561874389648e-01) (1, -1.02915678024291992188e+01) (2, 2.12006044387817382812e+00) (3, 1.09468662738800048828e+00) (0, 4.84518432617187500000e+00) (1, -3.60408663749694824219e+00) (2, 7.02135801315307617188e-01) (3, -3.03131771087646484375e+00) (4, -1.56418335437774658203e+00) (5, 1.00999460220336914062e+01) (6, 9.75571441650390625000e+00) (7, -1.30913553237915039062e+01) (8, -1.13557986915111541748e-01) (4, -1.84476530551910400391e+00) (5, 1.10285921096801757812e+01) (6, 2.00341205596923828125e+01) (7, -2.14245738983154296875e+01) (8, 6.98152840137481689453e-01) (4, -3.09782624244689941406e+00) (5, 8.58020401000976562500e+00) (6, 7.54854488372802734375e+00) (7, -9.68332386016845703125e+00) (8, -1.91072136163711547852e-01) (4, -1.86055970191955566406e+00) (5, 8.23561096191406250000e+00) (6, -7.37617301940917968750e+00) (7, 1.91697978973388671875e+01) (8, -2.13530850410461425781e+00) (9, -8.53423297405242919922e-01) (10, -3.21721243858337402344e+00) (11, -8.87139320373535156250e-01) (12, -5.77667772769927978516e-01) (13, 3.16343307495117187500e+00) 
