FANN_FLO_2.1
num_layers=4
learning_rate=0.500000
connection_rate=1.000000
network_type=0
learning_momentum=0.000000
training_algorithm=2
train_error_function=1
train_stop_function=0
cascade_output_change_fraction=0.010000
quickprop_decay=-0.000100
quickprop_mu=1.750000
rprop_increase_factor=1.200000
rprop_decrease_factor=0.500000
rprop_delta_min=0.000000
rprop_delta_max=50.000000
rprop_delta_zero=0.100000
cascade_output_stagnation_epochs=12
cascade_candidate_change_fraction=0.010000
cascade_candidate_stagnation_epochs=12
cascade_max_out_epochs=150
cascade_min_out_epochs=50
cascade_max_cand_epochs=150
cascade_min_cand_epochs=50
cascade_num_candidate_groups=2
bit_fail_limit=3.49999994039535522461e-01
cascade_candidate_limit=1.00000000000000000000e+03
cascade_weight_multiplier=4.00000005960464477539e-01
cascade_activation_functions_count=10
cascade_activation_functions=3 5 7 8 10 11 14 15 16 17 
cascade_activation_steepnesses_count=4
cascade_activation_steepnesses=2.50000000000000000000e-01 5.00000000000000000000e-01 7.50000000000000000000e-01 1.00000000000000000000e+00 
layer_sizes=4 5 3 2 
scale_included=0
neurons (num_inputs, activation_function, activation_steepness)=(0, 0, 0.00000000000000000000e+00) (0, 0, 0.00000000000000000000e+00) (0, 0, 0.00000000000000000000e+00) (0, 0, 0.00000000000000000000e+00) (4, 3, 5.00000000000000000000e-01) (4, 3, 5.00000000000000000000e-01) (4, 3, 5.00000000000000000000e-01) (4, 3, 5.00000000000000000000e-01) (0, 3, 0.00000000000000000000e+00) (5, 3, 5.00000000000000000000e-01) (5, 3, 5.00000000000000000000e-01) (0, 3, 0.00000000000000000000e+00) (3, 3, 5.00000000000000000000e-01) (0, 3, 0.00000000000000000000e+00) 
connections (connected_to_neuron, weight)=(0, -6.55417585372924804688e+00) (1, 5.35597896575927734375e+00) (2, -3.24220323562622070312e+00) (3, 2.24000906944274902344e+00) (0, 2.41566681861877441406e+00) (1, -2.47294578552246093750e+01) (2, 6.41011857986450195312e+00) (3, 2.93208718299865722656e+00) (0, -2.73931431770324707031e+00) (1, -5.42772388458251953125e+00) (2, -2.17069482803344726562e+00) (3, 2.55699706077575683594e+00) (0, -2.63196706771850585938e+00) (1, -5.14728498458862304688e+00) (2, -3.15775895118713378906e+00) (3, 2.74647378921508789062e+00) (4, 9.68559074401855468750e+00) (5, 2.21003627777099609375e+00) (6, 1.22539796829223632812e+01) (7, 6.30980968475341796875e+00) (8, -4.47270011901855468750e+00) (4, 2.04967803955078125000e+01) (5, 3.54646277427673339844e+00) (6, 1.43914451599121093750e+01) (7, 2.72504329681396484375e+01) (8, -1.00546550750732421875e+01) (9, -6.61655962467193603516e-02) (10, -4.53516149520874023438e+00) (11, 2.38107132911682128906e+00) 
