FANN_FLO_2.1
num_layers=4
learning_rate=0.450000
connection_rate=1.000000
network_type=0
learning_momentum=0.000000
training_algorithm=2
train_error_function=1
train_stop_function=0
cascade_output_change_fraction=0.010000
quickprop_decay=-0.000100
quickprop_mu=1.750000
rprop_increase_factor=1.200000
rprop_decrease_factor=0.500000
rprop_delta_min=0.000000
rprop_delta_max=50.000000
rprop_delta_zero=0.100000
cascade_output_stagnation_epochs=12
cascade_candidate_change_fraction=0.010000
cascade_candidate_stagnation_epochs=12
cascade_max_out_epochs=150
cascade_min_out_epochs=50
cascade_max_cand_epochs=150
cascade_min_cand_epochs=50
cascade_num_candidate_groups=2
bit_fail_limit=3.49999994039535522461e-01
cascade_candidate_limit=1.00000000000000000000e+03
cascade_weight_multiplier=4.00000005960464477539e-01
cascade_activation_functions_count=10
cascade_activation_functions=3 5 7 8 10 11 14 15 16 17 
cascade_activation_steepnesses_count=4
cascade_activation_steepnesses=2.50000000000000000000e-01 5.00000000000000000000e-01 7.50000000000000000000e-01 1.00000000000000000000e+00 
layer_sizes=7 5 5 2 
scale_included=0
neurons (num_inputs, activation_function, activation_steepness)=(0, 0, 0.00000000000000000000e+00) (0, 0, 0.00000000000000000000e+00) (0, 0, 0.00000000000000000000e+00) (0, 0, 0.00000000000000000000e+00) (0, 0, 0.00000000000000000000e+00) (0, 0, 0.00000000000000000000e+00) (0, 0, 0.00000000000000000000e+00) (7, 3, 5.00000000000000000000e-01) (7, 3, 5.00000000000000000000e-01) (7, 3, 5.00000000000000000000e-01) (7, 3, 5.00000000000000000000e-01) (0, 3, 0.00000000000000000000e+00) (5, 3, 5.00000000000000000000e-01) (5, 3, 5.00000000000000000000e-01) (5, 3, 5.00000000000000000000e-01) (5, 3, 5.00000000000000000000e-01) (0, 3, 0.00000000000000000000e+00) (5, 0, 5.00000000000000000000e-01) (0, 0, 0.00000000000000000000e+00) 
connections (connected_to_neuron, weight)=(0, -1.16501327514648437500e+02) (1, -3.52196563720703125000e+02) (2, -2.21095947265625000000e+02) (3, -3.60631469726562500000e+02) (4, -3.51045867919921875000e+02) (5, 2.43822311401367187500e+02) (6, 1.79416680335998535156e+00) (0, -3.50651383399963378906e+00) (1, -2.90749263763427734375e+00) (2, 8.19581699371337890625e+00) (3, -2.31334137916564941406e+00) (4, 1.10033702850341796875e+01) (5, 2.56678314208984375000e+01) (6, 3.75482290983200073242e-01) (0, -1.39350976943969726562e+01) (1, 8.87447178363800048828e-01) (2, 5.84816818237304687500e+01) (3, -2.58423492431640625000e+02) (4, 2.09581446647644042969e+00) (5, -2.39136848449707031250e+01) (6, 5.81772387027740478516e-01) (0, -4.92308158874511718750e+01) (1, -1.35207962036132812500e+02) (2, -2.21095581054687500000e+02) (3, -3.60681488037109375000e+02) (4, -3.51044586181640625000e+02) (5, 2.43714767456054687500e+02) (6, 1.79293489456176757812e+00) (7, 1.50000000000000000000e+03) (8, -1.44053184986114501953e+00) (9, 1.42079736328125000000e+03) (10, 1.50000000000000000000e+03) (11, -5.62611675262451171875e+00) (7, 1.50000000000000000000e+03) (8, 1.00622062683105468750e+01) (9, 1.07720117187500000000e+03) (10, 1.50000000000000000000e+03) (11, 1.40544567108154296875e+01) (7, 1.50000000000000000000e+03) (8, 4.53312158584594726562e+00) (9, 9.56410583496093750000e+02) (10, 1.50000000000000000000e+03) (11, -2.12403297424316406250e+00) (7, 1.50000000000000000000e+03) (8, 7.02908086776733398438e+00) (9, 1.07720117187500000000e+03) (10, 1.50000000000000000000e+03) (11, -1.64495353698730468750e+01) (12, 1.14876329898834228516e+00) (13, -6.86217248439788818359e-02) (14, 3.73734608292579650879e-02) (15, -4.55469238281250000000e+02) (16, 9.14616882801055908203e-02) 
