FANN_FLO_2.1
num_layers=3
learning_rate=0.500000
connection_rate=1.000000
network_type=0
learning_momentum=0.000000
training_algorithm=2
train_error_function=1
train_stop_function=0
cascade_output_change_fraction=0.010000
quickprop_decay=-0.000100
quickprop_mu=1.750000
rprop_increase_factor=1.200000
rprop_decrease_factor=0.500000
rprop_delta_min=0.000000
rprop_delta_max=50.000000
rprop_delta_zero=0.100000
cascade_output_stagnation_epochs=12
cascade_candidate_change_fraction=0.010000
cascade_candidate_stagnation_epochs=12
cascade_max_out_epochs=150
cascade_min_out_epochs=50
cascade_max_cand_epochs=150
cascade_min_cand_epochs=50
cascade_num_candidate_groups=2
bit_fail_limit=3.49999994039535522461e-01
cascade_candidate_limit=1.00000000000000000000e+03
cascade_weight_multiplier=4.00000005960464477539e-01
cascade_activation_functions_count=10
cascade_activation_functions=3 5 7 8 10 11 14 15 16 17 
cascade_activation_steepnesses_count=4
cascade_activation_steepnesses=2.50000000000000000000e-01 5.00000000000000000000e-01 7.50000000000000000000e-01 1.00000000000000000000e+00 
layer_sizes=7 9 2 
scale_included=0
neurons (num_inputs, activation_function, activation_steepness)=(0, 0, 0.00000000000000000000e+00) (0, 0, 0.00000000000000000000e+00) (0, 0, 0.00000000000000000000e+00) (0, 0, 0.00000000000000000000e+00) (0, 0, 0.00000000000000000000e+00) (0, 0, 0.00000000000000000000e+00) (0, 0, 0.00000000000000000000e+00) (7, 3, 5.00000000000000000000e-01) (7, 3, 5.00000000000000000000e-01) (7, 3, 5.00000000000000000000e-01) (7, 3, 5.00000000000000000000e-01) (7, 3, 5.00000000000000000000e-01) (7, 3, 5.00000000000000000000e-01) (7, 3, 5.00000000000000000000e-01) (7, 3, 5.00000000000000000000e-01) (0, 3, 0.00000000000000000000e+00) (9, 0, 5.00000000000000000000e-01) (0, 0, 0.00000000000000000000e+00) 
connections (connected_to_neuron, weight)=(0, 7.89444961547851562500e+01) (1, -1.49650524902343750000e+03) (2, 6.04850402832031250000e+02) (3, 1.90881286621093750000e+02) (4, -1.37231738281250000000e+03) (5, 7.75768661499023437500e+01) (6, -1.09615337848663330078e+00) (0, 1.58480262756347656250e+00) (1, 5.88688230514526367188e+00) (2, 1.47359997558593750000e+03) (3, 8.53047668933868408203e-01) (4, 1.27645080566406250000e+02) (5, 1.43832006835937500000e+03) (6, 1.88820228576660156250e+01) (0, 1.43420910835266113281e+00) (1, -1.20682306587696075439e-01) (2, 1.00178942871093750000e+03) (3, 9.34475660324096679688e-01) (4, -2.48673057556152343750e+00) (5, 7.96923156738281250000e+02) (6, 4.50740623474121093750e+00) (0, -7.86772966384887695312e-01) (1, 1.32820007324218750000e+03) (2, -7.86070373535156250000e+02) (3, -4.42885093688964843750e+01) (4, 1.42067993164062500000e+03) (5, -4.36713684082031250000e+02) (6, 1.76322191953659057617e-01) (0, -4.43058538436889648438e+00) (1, 1.34771142578125000000e+03) (2, -1.25999182128906250000e+03) (3, -1.06678939819335937500e+02) (4, -2.09307434082031250000e+02) (5, -8.43142822265625000000e+02) (6, 8.38764786720275878906e-01) (0, 7.92134552001953125000e+01) (1, -1.49549475097656250000e+03) (2, 6.61517944335937500000e+02) (3, 1.91464843750000000000e+02) (4, -1.06000634765625000000e+03) (5, 7.90193939208984375000e+01) (6, -9.43617343902587890625e-01) (0, -4.79532909393310546875e+00) (1, 1.17820007324218750000e+03) (2, -7.01726562500000000000e+02) (3, -1.08633590698242187500e+02) (4, 1.89856887817382812500e+02) (5, -8.13031311035156250000e+01) (6, 1.10994048416614532471e-01) (0, 3.77463746070861816406e+00) (1, 9.12859058380126953125e+00) (2, 1.16536096191406250000e+03) (3, 3.21388196945190429688e+00) (4, 1.21126135253906250000e+03) (5, 1.21126135253906250000e+03) (6, 1.93655357360839843750e+01) (7, 1.47821831703186035156e+00) (8, 9.45983231067657470703e-02) (9, 3.45131069421768188477e-01) (10, -1.06235340237617492676e-01) (11, 4.75746169686317443848e-02) (12, 1.47821831703186035156e+00) (13, -5.32872855663299560547e-01) (14, 1.12391542643308639526e-02) (15, 2.56876766681671142578e-01) 
