FANN_FLO_2.1
num_layers=4
learning_rate=0.500000
connection_rate=1.000000
network_type=0
learning_momentum=0.000000
training_algorithm=2
train_error_function=1
train_stop_function=0
cascade_output_change_fraction=0.010000
quickprop_decay=-0.000100
quickprop_mu=1.750000
rprop_increase_factor=1.200000
rprop_decrease_factor=0.500000
rprop_delta_min=0.000000
rprop_delta_max=50.000000
rprop_delta_zero=0.100000
cascade_output_stagnation_epochs=12
cascade_candidate_change_fraction=0.010000
cascade_candidate_stagnation_epochs=12
cascade_max_out_epochs=150
cascade_min_out_epochs=50
cascade_max_cand_epochs=150
cascade_min_cand_epochs=50
cascade_num_candidate_groups=2
bit_fail_limit=3.49999994039535522461e-01
cascade_candidate_limit=1.00000000000000000000e+03
cascade_weight_multiplier=4.00000005960464477539e-01
cascade_activation_functions_count=10
cascade_activation_functions=3 5 7 8 10 11 14 15 16 17 
cascade_activation_steepnesses_count=4
cascade_activation_steepnesses=2.50000000000000000000e-01 5.00000000000000000000e-01 7.50000000000000000000e-01 1.00000000000000000000e+00 
layer_sizes=4 5 5 2 
scale_included=0
neurons (num_inputs, activation_function, activation_steepness)=(0, 0, 0.00000000000000000000e+00) (0, 0, 0.00000000000000000000e+00) (0, 0, 0.00000000000000000000e+00) (0, 0, 0.00000000000000000000e+00) (4, 3, 5.00000000000000000000e-01) (4, 3, 5.00000000000000000000e-01) (4, 3, 5.00000000000000000000e-01) (4, 3, 5.00000000000000000000e-01) (0, 3, 0.00000000000000000000e+00) (5, 3, 5.00000000000000000000e-01) (5, 3, 5.00000000000000000000e-01) (5, 3, 5.00000000000000000000e-01) (5, 3, 5.00000000000000000000e-01) (0, 3, 0.00000000000000000000e+00) (5, 3, 5.00000000000000000000e-01) (0, 3, 0.00000000000000000000e+00) 
connections (connected_to_neuron, weight)=(0, -3.78641462326049804688e+00) (1, -2.52397232055664062500e+01) (2, 2.09048533439636230469e+00) (3, 5.87979412078857421875e+00) (0, -1.96564507484436035156e+00) (1, -1.22124958038330078125e+01) (2, 1.55074730515480041504e-01) (3, 3.53474974632263183594e+00) (0, -8.07364940643310546875e+00) (1, -8.00152969360351562500e+00) (2, 7.88379311561584472656e-01) (3, 6.38911867141723632812e+00) (0, 6.83955967426300048828e-01) (1, -1.92486019134521484375e+01) (2, 6.86061954498291015625e+00) (3, 3.91559314727783203125e+00) (4, 4.30911827087402343750e+00) (5, 5.38152265548706054688e+00) (6, 3.88272857666015625000e+01) (7, -5.04698801040649414062e+00) (8, -5.68562507629394531250e+00) (4, 1.50000000000000000000e+03) (5, 8.00071350097656250000e+02) (6, 1.48500000000000000000e+03) (7, 1.43400000000000000000e+03) (8, 3.42530703544616699219e+00) (4, 2.88413619995117187500e+00) (5, 5.55257940292358398438e+00) (6, 2.99501743316650390625e+01) (7, -1.28249132633209228516e+00) (8, -5.94336414337158203125e+00) (4, -1.09031343460083007812e+00) (5, -1.32206356525421142578e+00) (6, -5.85786724090576171875e+00) (7, 1.09809339046478271484e+00) (8, 4.20180469751358032227e-01) (9, -5.51869928836822509766e-01) (10, 9.29164230823516845703e-01) (11, -3.77558159828186035156e+00) (12, 2.68291085958480834961e-01) (13, 1.18163919448852539062e+00) 
