FANN_FLO_2.1
num_layers=4
learning_rate=0.450000
connection_rate=1.000000
network_type=0
learning_momentum=0.000000
training_algorithm=2
train_error_function=1
train_stop_function=0
cascade_output_change_fraction=0.010000
quickprop_decay=-0.000100
quickprop_mu=1.750000
rprop_increase_factor=1.200000
rprop_decrease_factor=0.500000
rprop_delta_min=0.000000
rprop_delta_max=50.000000
rprop_delta_zero=0.100000
cascade_output_stagnation_epochs=12
cascade_candidate_change_fraction=0.010000
cascade_candidate_stagnation_epochs=12
cascade_max_out_epochs=150
cascade_min_out_epochs=50
cascade_max_cand_epochs=150
cascade_min_cand_epochs=50
cascade_num_candidate_groups=2
bit_fail_limit=3.49999994039535522461e-01
cascade_candidate_limit=1.00000000000000000000e+03
cascade_weight_multiplier=4.00000005960464477539e-01
cascade_activation_functions_count=10
cascade_activation_functions=3 5 7 8 10 11 14 15 16 17 
cascade_activation_steepnesses_count=4
cascade_activation_steepnesses=2.50000000000000000000e-01 5.00000000000000000000e-01 7.50000000000000000000e-01 1.00000000000000000000e+00 
layer_sizes=7 3 3 2 
scale_included=0
neurons (num_inputs, activation_function, activation_steepness)=(0, 0, 0.00000000000000000000e+00) (0, 0, 0.00000000000000000000e+00) (0, 0, 0.00000000000000000000e+00) (0, 0, 0.00000000000000000000e+00) (0, 0, 0.00000000000000000000e+00) (0, 0, 0.00000000000000000000e+00) (0, 0, 0.00000000000000000000e+00) (7, 3, 5.00000000000000000000e-01) (7, 3, 5.00000000000000000000e-01) (0, 3, 0.00000000000000000000e+00) (3, 3, 5.00000000000000000000e-01) (3, 3, 5.00000000000000000000e-01) (0, 3, 0.00000000000000000000e+00) (3, 0, 5.00000000000000000000e-01) (0, 0, 0.00000000000000000000e+00) 
connections (connected_to_neuron, weight)=(0, 2.47532293200492858887e-01) (1, 4.79338020086288452148e-01) (2, -1.02378332614898681641e+00) (3, 3.10629755258560180664e-01) (4, 4.83802825212478637695e-01) (5, -1.03965723514556884766e+00) (6, 6.82531261444091796875e+00) (0, -2.46788859367370605469e-01) (1, 5.10928392410278320312e-01) (2, -3.58602076768875122070e-01) (3, -5.02494692802429199219e-01) (4, 1.39137268066406250000e+00) (5, -6.92377150058746337891e-01) (6, 9.77926254272460937500e-01) (7, -1.50000000000000000000e+03) (8, -1.50000000000000000000e+03) (9, -1.05575406551361083984e+00) (7, -9.60025787353515625000e+01) (8, -2.87909164428710937500e+01) (9, 2.77440547943115234375e+00) (10, 7.38296569824218750000e+02) (11, -4.59686011075973510742e-01) (12, 1.95901114493608474731e-02) 
