FANN_FLO_2.1
num_layers=3
learning_rate=0.450000
connection_rate=1.000000
network_type=0
learning_momentum=0.000000
training_algorithm=2
train_error_function=1
train_stop_function=0
cascade_output_change_fraction=0.010000
quickprop_decay=-0.000100
quickprop_mu=1.750000
rprop_increase_factor=1.200000
rprop_decrease_factor=0.500000
rprop_delta_min=0.000000
rprop_delta_max=50.000000
rprop_delta_zero=0.100000
cascade_output_stagnation_epochs=12
cascade_candidate_change_fraction=0.010000
cascade_candidate_stagnation_epochs=12
cascade_max_out_epochs=150
cascade_min_out_epochs=50
cascade_max_cand_epochs=150
cascade_min_cand_epochs=50
cascade_num_candidate_groups=2
bit_fail_limit=3.49999994039535522461e-01
cascade_candidate_limit=1.00000000000000000000e+03
cascade_weight_multiplier=4.00000005960464477539e-01
cascade_activation_functions_count=10
cascade_activation_functions=3 5 7 8 10 11 14 15 16 17 
cascade_activation_steepnesses_count=4
cascade_activation_steepnesses=2.50000000000000000000e-01 5.00000000000000000000e-01 7.50000000000000000000e-01 1.00000000000000000000e+00 
layer_sizes=7 5 2 
scale_included=0
neurons (num_inputs, activation_function, activation_steepness)=(0, 0, 0.00000000000000000000e+00) (0, 0, 0.00000000000000000000e+00) (0, 0, 0.00000000000000000000e+00) (0, 0, 0.00000000000000000000e+00) (0, 0, 0.00000000000000000000e+00) (0, 0, 0.00000000000000000000e+00) (0, 0, 0.00000000000000000000e+00) (7, 3, 5.00000000000000000000e-01) (7, 3, 5.00000000000000000000e-01) (7, 3, 5.00000000000000000000e-01) (7, 3, 5.00000000000000000000e-01) (0, 3, 0.00000000000000000000e+00) (5, 0, 5.00000000000000000000e-01) (0, 0, 0.00000000000000000000e+00) 
connections (connected_to_neuron, weight)=(0, -8.33006680011749267578e-01) (1, -3.55749815702438354492e-01) (2, 1.13886213302612304688e+00) (3, 1.08660664409399032593e-03) (4, 1.77169039845466613770e-01) (5, -2.27630846202373504639e-02) (6, -4.30235338211059570312e+00) (0, 4.99501019716262817383e-01) (1, -2.39077389240264892578e-01) (2, 3.16395616531372070312e+00) (3, -6.84411227703094482422e-01) (4, 3.11048936843872070312e+00) (5, -1.77303862571716308594e+00) (6, -2.77308702468872070312e+00) (0, -4.42246466875076293945e-01) (1, 8.58836621046066284180e-03) (2, -1.42447888851165771484e+00) (3, -4.67951953411102294922e-01) (4, 1.27929180860519409180e-01) (5, 4.82199877500534057617e-01) (6, -4.24227684736251831055e-01) (0, -3.19581121206283569336e-01) (1, -5.86097612977027893066e-02) (2, -1.38515178114175796509e-02) (3, -2.65623599290847778320e-01) (4, 3.25679987668991088867e-01) (5, 2.80549556016921997070e-01) (6, -1.85765460133552551270e-01) (7, 7.31428116559982299805e-02) (8, -6.04113817214965820312e-01) (9, 1.80903449654579162598e-03) (10, -2.06073969602584838867e-02) (11, 6.17160618305206298828e-01) 
