FANN_FLO_2.1
num_layers=3
learning_rate=0.400000
connection_rate=1.000000
network_type=0
learning_momentum=0.000000
training_algorithm=2
train_error_function=1
train_stop_function=0
cascade_output_change_fraction=0.010000
quickprop_decay=-0.000100
quickprop_mu=1.750000
rprop_increase_factor=1.200000
rprop_decrease_factor=0.500000
rprop_delta_min=0.000000
rprop_delta_max=50.000000
rprop_delta_zero=0.100000
cascade_output_stagnation_epochs=12
cascade_candidate_change_fraction=0.010000
cascade_candidate_stagnation_epochs=12
cascade_max_out_epochs=150
cascade_min_out_epochs=50
cascade_max_cand_epochs=150
cascade_min_cand_epochs=50
cascade_num_candidate_groups=2
bit_fail_limit=3.49999994039535522461e-01
cascade_candidate_limit=1.00000000000000000000e+03
cascade_weight_multiplier=4.00000005960464477539e-01
cascade_activation_functions_count=10
cascade_activation_functions=3 5 7 8 10 11 14 15 16 17 
cascade_activation_steepnesses_count=4
cascade_activation_steepnesses=2.50000000000000000000e-01 5.00000000000000000000e-01 7.50000000000000000000e-01 1.00000000000000000000e+00 
layer_sizes=6 5 2 
scale_included=0
neurons (num_inputs, activation_function, activation_steepness)=(0, 0, 0.00000000000000000000e+00) (0, 0, 0.00000000000000000000e+00) (0, 0, 0.00000000000000000000e+00) (0, 0, 0.00000000000000000000e+00) (0, 0, 0.00000000000000000000e+00) (0, 0, 0.00000000000000000000e+00) (6, 3, 5.00000000000000000000e-01) (6, 3, 5.00000000000000000000e-01) (6, 3, 5.00000000000000000000e-01) (6, 3, 5.00000000000000000000e-01) (0, 3, 0.00000000000000000000e+00) (5, 0, 5.00000000000000000000e-01) (0, 0, 0.00000000000000000000e+00) 
connections (connected_to_neuron, weight)=(0, 3.04126464843750000000e+02) (1, -1.27963403320312500000e+03) (2, -4.05235565185546875000e+02) (3, -1.11800872802734375000e+02) (4, -9.06396806240081787109e-01) (5, 1.39061912894248962402e-01) (0, -1.50000000000000000000e+03) (1, -1.41005767822265625000e+02) (2, 1.02244997024536132812e+01) (3, -6.39531135559082031250e+01) (4, -3.76405310630798339844e+00) (5, 4.26765754818916320801e-02) (0, -1.50000000000000000000e+03) (1, -8.15072143554687500000e+02) (2, 9.85768795013427734375e+00) (3, -1.15611068725585937500e+02) (4, -2.46126461029052734375e+00) (5, 2.43326753377914428711e-01) (0, -1.50000000000000000000e+03) (1, -2.00417724609375000000e+02) (2, -3.86325836181640625000e+01) (3, -6.34746459960937500000e+02) (4, -1.12930871546268463135e-02) (5, 4.96662527322769165039e-01) (6, 1.05036422610282897949e-01) (7, 1.26640689373016357422e+00) (8, 1.14650940895080566406e+00) (9, 4.09059435129165649414e-01) (10, 6.34120285511016845703e-01) 
