FANN_FLO_2.1
num_layers=3
learning_rate=0.500000
connection_rate=1.000000
network_type=0
learning_momentum=0.000000
training_algorithm=2
train_error_function=1
train_stop_function=0
cascade_output_change_fraction=0.010000
quickprop_decay=-0.000100
quickprop_mu=1.750000
rprop_increase_factor=1.200000
rprop_decrease_factor=0.500000
rprop_delta_min=0.000000
rprop_delta_max=50.000000
rprop_delta_zero=0.100000
cascade_output_stagnation_epochs=12
cascade_candidate_change_fraction=0.010000
cascade_candidate_stagnation_epochs=12
cascade_max_out_epochs=150
cascade_min_out_epochs=50
cascade_max_cand_epochs=150
cascade_min_cand_epochs=50
cascade_num_candidate_groups=2
bit_fail_limit=3.49999994039535522461e-01
cascade_candidate_limit=1.00000000000000000000e+03
cascade_weight_multiplier=4.00000005960464477539e-01
cascade_activation_functions_count=10
cascade_activation_functions=3 5 7 8 10 11 14 15 16 17 
cascade_activation_steepnesses_count=4
cascade_activation_steepnesses=2.50000000000000000000e-01 5.00000000000000000000e-01 7.50000000000000000000e-01 1.00000000000000000000e+00 
layer_sizes=10 3 2 
scale_included=0
neurons (num_inputs, activation_function, activation_steepness)=(0, 0, 0.00000000000000000000e+00) (0, 0, 0.00000000000000000000e+00) (0, 0, 0.00000000000000000000e+00) (0, 0, 0.00000000000000000000e+00) (0, 0, 0.00000000000000000000e+00) (0, 0, 0.00000000000000000000e+00) (0, 0, 0.00000000000000000000e+00) (0, 0, 0.00000000000000000000e+00) (0, 0, 0.00000000000000000000e+00) (0, 0, 0.00000000000000000000e+00) (10, 3, 5.00000000000000000000e-01) (10, 3, 5.00000000000000000000e-01) (0, 3, 0.00000000000000000000e+00) (3, 3, 5.00000000000000000000e-01) (0, 3, 0.00000000000000000000e+00) 
connections (connected_to_neuron, weight)=(0, -4.33833062648773193359e-01) (1, -9.87630724906921386719e-01) (2, -4.73111450672149658203e-01) (3, -8.75324904918670654297e-01) (4, -3.57370734214782714844e-01) (5, -5.38035213947296142578e-01) (6, -3.54735106229782104492e-01) (7, -8.92275571823120117188e-01) (8, -4.26934272050857543945e-01) (9, 2.40520954132080078125e+00) (0, 7.91097164154052734375e-01) (1, -5.85540413856506347656e-01) (2, 6.55667185783386230469e-01) (3, -3.27114254236221313477e-01) (4, 8.93398046493530273438e-01) (5, 5.35396218299865722656e-01) (6, 9.69362854957580566406e-01) (7, -3.15716803073883056641e-01) (8, 7.78055787086486816406e-01) (9, -4.80932384729385375977e-01) (10, -2.68895077705383300781e+00) (11, 1.31492197513580322266e+00) (12, 1.63558080792427062988e-01) 
