FANN_FLO_2.1
num_layers=4
learning_rate=0.300000
connection_rate=1.000000
network_type=0
learning_momentum=0.000000
training_algorithm=2
train_error_function=1
train_stop_function=0
cascade_output_change_fraction=0.010000
quickprop_decay=-0.000100
quickprop_mu=1.750000
rprop_increase_factor=1.200000
rprop_decrease_factor=0.500000
rprop_delta_min=0.000000
rprop_delta_max=50.000000
rprop_delta_zero=0.100000
cascade_output_stagnation_epochs=12
cascade_candidate_change_fraction=0.010000
cascade_candidate_stagnation_epochs=12
cascade_max_out_epochs=150
cascade_min_out_epochs=50
cascade_max_cand_epochs=150
cascade_min_cand_epochs=50
cascade_num_candidate_groups=2
bit_fail_limit=3.49999994039535522461e-01
cascade_candidate_limit=1.00000000000000000000e+03
cascade_weight_multiplier=4.00000005960464477539e-01
cascade_activation_functions_count=10
cascade_activation_functions=3 5 7 8 10 11 14 15 16 17 
cascade_activation_steepnesses_count=4
cascade_activation_steepnesses=2.50000000000000000000e-01 5.00000000000000000000e-01 7.50000000000000000000e-01 1.00000000000000000000e+00 
layer_sizes=2 5 5 3 
scale_included=0
neurons (num_inputs, activation_function, activation_steepness)=(0, 0, 0.00000000000000000000e+00) (0, 0, 0.00000000000000000000e+00) (2, 3, 5.00000000000000000000e-01) (2, 3, 5.00000000000000000000e-01) (2, 3, 5.00000000000000000000e-01) (2, 3, 5.00000000000000000000e-01) (0, 3, 0.00000000000000000000e+00) (5, 3, 5.00000000000000000000e-01) (5, 3, 5.00000000000000000000e-01) (5, 3, 5.00000000000000000000e-01) (5, 3, 5.00000000000000000000e-01) (0, 3, 0.00000000000000000000e+00) (5, 0, 5.00000000000000000000e-01) (5, 0, 5.00000000000000000000e-01) (0, 0, 0.00000000000000000000e+00) 
connections (connected_to_neuron, weight)=(0, -7.47372817993164062500e+00) (1, -1.95141673088073730469e+00) (0, -7.55419349670410156250e+00) (1, -1.88685894012451171875e+00) (0, -5.92954349517822265625e+00) (1, -8.77071678638458251953e-01) (0, -7.58290863037109375000e+00) (1, -2.08092355728149414062e+00) (2, 1.12162959575653076172e+00) (3, 9.61293816566467285156e-01) (4, 3.79879474639892578125e-01) (5, 1.03011202812194824219e+00) (6, -1.40043628215789794922e+00) (2, 6.80628716945648193359e-01) (3, 6.90644741058349609375e-01) (4, 3.71581107378005981445e-01) (5, 6.67618691921234130859e-01) (6, 6.38071745634078979492e-02) (2, 7.47002124786376953125e-01) (3, 7.56916940212249755859e-01) (4, 2.87462890148162841797e-01) (5, 8.78542482852935791016e-01) (6, -4.38837289810180664062e-01) (2, 1.11899685859680175781e+00) (3, 7.36217260360717773438e-01) (4, 1.84899106621742248535e-01) (5, 7.78325974941253662109e-01) (6, -1.39503455162048339844e+00) (7, 1.03262148797512054443e-01) (8, -8.96576121449470520020e-02) (9, 4.92629073560237884521e-02) (10, 1.20491102337837219238e-01) (11, -2.33752235770225524902e-01) (7, -6.65102839469909667969e-01) (8, -5.23830413818359375000e-01) (9, -4.62460696697235107422e-01) (10, -6.31408333778381347656e-01) (11, -4.12534296512603759766e-01) 
