FANN_FLO_2.1
num_layers=4
learning_rate=0.300000
connection_rate=1.000000
network_type=0
learning_momentum=0.000000
training_algorithm=2
train_error_function=1
train_stop_function=0
cascade_output_change_fraction=0.010000
quickprop_decay=-0.000100
quickprop_mu=1.750000
rprop_increase_factor=1.200000
rprop_decrease_factor=0.500000
rprop_delta_min=0.000000
rprop_delta_max=50.000000
rprop_delta_zero=0.100000
cascade_output_stagnation_epochs=12
cascade_candidate_change_fraction=0.010000
cascade_candidate_stagnation_epochs=12
cascade_max_out_epochs=150
cascade_min_out_epochs=50
cascade_max_cand_epochs=150
cascade_min_cand_epochs=50
cascade_num_candidate_groups=2
bit_fail_limit=3.49999994039535522461e-01
cascade_candidate_limit=1.00000000000000000000e+03
cascade_weight_multiplier=4.00000005960464477539e-01
cascade_activation_functions_count=10
cascade_activation_functions=3 5 7 8 10 11 14 15 16 17 
cascade_activation_steepnesses_count=4
cascade_activation_steepnesses=2.50000000000000000000e-01 5.00000000000000000000e-01 7.50000000000000000000e-01 1.00000000000000000000e+00 
layer_sizes=2 5 3 3 
scale_included=0
neurons (num_inputs, activation_function, activation_steepness)=(0, 0, 0.00000000000000000000e+00) (0, 0, 0.00000000000000000000e+00) (2, 3, 5.00000000000000000000e-01) (2, 3, 5.00000000000000000000e-01) (2, 3, 5.00000000000000000000e-01) (2, 3, 5.00000000000000000000e-01) (0, 3, 0.00000000000000000000e+00) (5, 3, 5.00000000000000000000e-01) (5, 3, 5.00000000000000000000e-01) (0, 3, 0.00000000000000000000e+00) (3, 0, 5.00000000000000000000e-01) (3, 0, 5.00000000000000000000e-01) (0, 0, 0.00000000000000000000e+00) 
connections (connected_to_neuron, weight)=(0, 3.23758149147033691406e+00) (1, 4.11440277099609375000e+00) (0, 3.72626376152038574219e+00) (1, 5.59192705154418945312e+00) (0, 4.80053482055664062500e+01) (1, -9.82287502288818359375e+00) (0, 1.57789478302001953125e+01) (1, 3.52665615081787109375e+00) (2, 1.67999994754791259766e+00) (3, -1.42592334747314453125e+01) (4, -1.50000000000000000000e+03) (5, -7.36432170867919921875e+00) (6, 1.73336946964263916016e+00) (2, -6.64535770192742347717e-03) (3, -7.93554544448852539062e-01) (4, -1.50000000000000000000e+03) (5, 5.59071063995361328125e-01) (6, 3.18225950002670288086e-01) (7, -4.99691776931285858154e-02) (8, -5.99429849535226821899e-03) (9, -1.96201354265213012695e-02) (7, -1.03644573688507080078e+00) (8, -1.06344950199127197266e+00) (9, -8.47551763057708740234e-01) 
