FANN_FLO_2.1
num_layers=3
learning_rate=0.450000
connection_rate=1.000000
network_type=0
learning_momentum=0.000000
training_algorithm=2
train_error_function=1
train_stop_function=0
cascade_output_change_fraction=0.010000
quickprop_decay=-0.000100
quickprop_mu=1.750000
rprop_increase_factor=1.200000
rprop_decrease_factor=0.500000
rprop_delta_min=0.000000
rprop_delta_max=50.000000
rprop_delta_zero=0.100000
cascade_output_stagnation_epochs=12
cascade_candidate_change_fraction=0.010000
cascade_candidate_stagnation_epochs=12
cascade_max_out_epochs=150
cascade_min_out_epochs=50
cascade_max_cand_epochs=150
cascade_min_cand_epochs=50
cascade_num_candidate_groups=2
bit_fail_limit=3.49999994039535522461e-01
cascade_candidate_limit=1.00000000000000000000e+03
cascade_weight_multiplier=4.00000005960464477539e-01
cascade_activation_functions_count=10
cascade_activation_functions=3 5 7 8 10 11 14 15 16 17 
cascade_activation_steepnesses_count=4
cascade_activation_steepnesses=2.50000000000000000000e-01 5.00000000000000000000e-01 7.50000000000000000000e-01 1.00000000000000000000e+00 
layer_sizes=7 5 2 
scale_included=0
neurons (num_inputs, activation_function, activation_steepness)=(0, 0, 0.00000000000000000000e+00) (0, 0, 0.00000000000000000000e+00) (0, 0, 0.00000000000000000000e+00) (0, 0, 0.00000000000000000000e+00) (0, 0, 0.00000000000000000000e+00) (0, 0, 0.00000000000000000000e+00) (0, 0, 0.00000000000000000000e+00) (7, 3, 5.00000000000000000000e-01) (7, 3, 5.00000000000000000000e-01) (7, 3, 5.00000000000000000000e-01) (7, 3, 5.00000000000000000000e-01) (0, 3, 0.00000000000000000000e+00) (5, 0, 5.00000000000000000000e-01) (0, 0, 0.00000000000000000000e+00) 
connections (connected_to_neuron, weight)=(0, -5.16157805919647216797e-01) (1, -8.40134918689727783203e-01) (2, 3.05203437805175781250e-01) (3, -5.81154048442840576172e-01) (4, 1.06168425083160400391e+00) (5, 6.15710437297821044922e-01) (6, 3.89981079101562500000e+00) (0, -3.86820435523986816406e-01) (1, -1.97938010096549987793e-01) (2, -2.97185091767460107803e-04) (3, -3.22097301483154296875e-01) (4, 4.51734691858291625977e-01) (5, 5.78969359397888183594e-01) (6, -1.08250781893730163574e-01) (0, -4.65288087725639343262e-02) (1, 7.84569561481475830078e-01) (2, 5.08915185928344726562e-01) (3, -6.01105749607086181641e-01) (4, 6.75436079502105712891e-01) (5, -5.20002543926239013672e-01) (6, -2.16711306571960449219e+00) (0, 1.71278998255729675293e-01) (1, -7.98884451389312744141e-01) (2, -4.55122888088226318359e-01) (3, -9.01353135704994201660e-02) (4, -1.84491664171218872070e-01) (5, 6.10238432884216308594e-01) (6, 4.49968099594116210938e+00) (7, 1.27548947930335998535e-01) (8, -1.39374300837516784668e-01) (9, -1.16157822310924530029e-01) (10, -1.14688441157341003418e-01) (11, 1.26012444496154785156e-01) 
