FANN_FLO_2.1
num_layers=3
learning_rate=0.500000
connection_rate=1.000000
network_type=0
learning_momentum=0.000000
training_algorithm=2
train_error_function=1
train_stop_function=0
cascade_output_change_fraction=0.010000
quickprop_decay=-0.000100
quickprop_mu=1.750000
rprop_increase_factor=1.200000
rprop_decrease_factor=0.500000
rprop_delta_min=0.000000
rprop_delta_max=50.000000
rprop_delta_zero=0.100000
cascade_output_stagnation_epochs=12
cascade_candidate_change_fraction=0.010000
cascade_candidate_stagnation_epochs=12
cascade_max_out_epochs=150
cascade_min_out_epochs=50
cascade_max_cand_epochs=150
cascade_min_cand_epochs=50
cascade_num_candidate_groups=2
bit_fail_limit=3.49999994039535522461e-01
cascade_candidate_limit=1.00000000000000000000e+03
cascade_weight_multiplier=4.00000005960464477539e-01
cascade_activation_functions_count=10
cascade_activation_functions=3 5 7 8 10 11 14 15 16 17 
cascade_activation_steepnesses_count=4
cascade_activation_steepnesses=2.50000000000000000000e-01 5.00000000000000000000e-01 7.50000000000000000000e-01 1.00000000000000000000e+00 
layer_sizes=10 5 2 
scale_included=0
neurons (num_inputs, activation_function, activation_steepness)=(0, 0, 0.00000000000000000000e+00) (0, 0, 0.00000000000000000000e+00) (0, 0, 0.00000000000000000000e+00) (0, 0, 0.00000000000000000000e+00) (0, 0, 0.00000000000000000000e+00) (0, 0, 0.00000000000000000000e+00) (0, 0, 0.00000000000000000000e+00) (0, 0, 0.00000000000000000000e+00) (0, 0, 0.00000000000000000000e+00) (0, 0, 0.00000000000000000000e+00) (10, 3, 5.00000000000000000000e-01) (10, 3, 5.00000000000000000000e-01) (10, 3, 5.00000000000000000000e-01) (10, 3, 5.00000000000000000000e-01) (0, 3, 0.00000000000000000000e+00) (5, 3, 5.00000000000000000000e-01) (0, 3, 0.00000000000000000000e+00) 
connections (connected_to_neuron, weight)=(0, -1.45219668745994567871e-01) (1, -2.11690917611122131348e-01) (2, 7.51944482326507568359e-01) (3, 1.92267015576362609863e-01) (4, -2.73116302490234375000e+00) (5, -2.06766515970230102539e-01) (6, -6.63658022880554199219e-01) (7, -5.06587326526641845703e-01) (8, -1.57161855697631835938e+00) (9, 4.63635116815567016602e-01) (0, -4.01790440082550048828e-01) (1, -2.75165051221847534180e-01) (2, 3.21023404598236083984e-01) (3, -5.05865812301635742188e-01) (4, -1.58666920661926269531e+00) (5, -3.45179259777069091797e-01) (6, -7.09785878658294677734e-01) (7, -8.70299458503723144531e-01) (8, -5.32739043235778808594e-01) (9, 5.37015676498413085938e-01) (0, -6.31079494953155517578e-01) (1, -6.20043933391571044922e-01) (2, -7.23506033420562744141e-01) (3, -6.03425562381744384766e-01) (4, -5.82505643367767333984e-01) (5, -5.91242551803588867188e-01) (6, -6.61824345588684082031e-01) (7, -6.38293862342834472656e-01) (8, -5.19486367702484130859e-01) (9, 2.81313705444335937500e+00) (0, -8.50635528564453125000e-01) (1, -9.16670858860015869141e-01) (2, -6.41134977340698242188e-01) (3, -8.41077923774719238281e-01) (4, -3.21249634027481079102e-01) (5, -9.84282791614532470703e-01) (6, -5.50197780132293701172e-01) (7, -6.57428979873657226562e-01) (8, -1.01908934116363525391e+00) (9, 7.85844087600708007812e-01) (10, -1.76389589905738830566e-01) (11, -1.93717628717422485352e-01) (12, -2.40348196029663085938e+00) (13, -1.40091109275817871094e+00) (14, 1.36963033676147460938e+00) 
