FANN_FLO_2.1
num_layers=3
learning_rate=0.500000
connection_rate=1.000000
network_type=0
learning_momentum=0.000000
training_algorithm=2
train_error_function=1
train_stop_function=0
cascade_output_change_fraction=0.010000
quickprop_decay=-0.000100
quickprop_mu=1.750000
rprop_increase_factor=1.200000
rprop_decrease_factor=0.500000
rprop_delta_min=0.000000
rprop_delta_max=50.000000
rprop_delta_zero=0.100000
cascade_output_stagnation_epochs=12
cascade_candidate_change_fraction=0.010000
cascade_candidate_stagnation_epochs=12
cascade_max_out_epochs=150
cascade_min_out_epochs=50
cascade_max_cand_epochs=150
cascade_min_cand_epochs=50
cascade_num_candidate_groups=2
bit_fail_limit=3.49999994039535522461e-01
cascade_candidate_limit=1.00000000000000000000e+03
cascade_weight_multiplier=4.00000005960464477539e-01
cascade_activation_functions_count=10
cascade_activation_functions=3 5 7 8 10 11 14 15 16 17 
cascade_activation_steepnesses_count=4
cascade_activation_steepnesses=2.50000000000000000000e-01 5.00000000000000000000e-01 7.50000000000000000000e-01 1.00000000000000000000e+00 
layer_sizes=10 3 2 
scale_included=0
neurons (num_inputs, activation_function, activation_steepness)=(0, 0, 0.00000000000000000000e+00) (0, 0, 0.00000000000000000000e+00) (0, 0, 0.00000000000000000000e+00) (0, 0, 0.00000000000000000000e+00) (0, 0, 0.00000000000000000000e+00) (0, 0, 0.00000000000000000000e+00) (0, 0, 0.00000000000000000000e+00) (0, 0, 0.00000000000000000000e+00) (0, 0, 0.00000000000000000000e+00) (0, 0, 0.00000000000000000000e+00) (10, 3, 5.00000000000000000000e-01) (10, 3, 5.00000000000000000000e-01) (0, 3, 0.00000000000000000000e+00) (3, 3, 5.00000000000000000000e-01) (0, 3, 0.00000000000000000000e+00) 
connections (connected_to_neuron, weight)=(0, -7.01100707054138183594e-01) (1, -8.09766352176666259766e-03) (2, -9.56669032573699951172e-01) (3, -3.68646122515201568604e-02) (4, 5.62462449073791503906e-01) (5, -3.14060151576995849609e-01) (6, -9.37824785709381103516e-01) (7, -5.84743022918701171875e-01) (8, -4.89665567874908447266e-01) (9, 6.65400326251983642578e-01) (0, -2.80077487230300903320e-01) (1, -4.11023229360580444336e-01) (2, -2.57026404142379760742e-01) (3, -3.94600898027420043945e-01) (4, -4.70970809459686279297e-01) (5, -3.55377167463302612305e-01) (6, -2.51489311456680297852e-01) (7, -3.14085692167282104492e-01) (8, -3.26172053813934326172e-01) (9, 4.98600900173187255859e-01) (10, -8.68230462074279785156e-01) (11, -5.71665477752685546875e+00) (12, 1.74054682254791259766e+00) 
