FANN_FLO_2.1
num_layers=3
learning_rate=0.500000
connection_rate=1.000000
network_type=0
learning_momentum=0.000000
training_algorithm=2
train_error_function=1
train_stop_function=0
cascade_output_change_fraction=0.010000
quickprop_decay=-0.000100
quickprop_mu=1.750000
rprop_increase_factor=1.200000
rprop_decrease_factor=0.500000
rprop_delta_min=0.000000
rprop_delta_max=50.000000
rprop_delta_zero=0.100000
cascade_output_stagnation_epochs=12
cascade_candidate_change_fraction=0.010000
cascade_candidate_stagnation_epochs=12
cascade_max_out_epochs=150
cascade_min_out_epochs=50
cascade_max_cand_epochs=150
cascade_min_cand_epochs=50
cascade_num_candidate_groups=2
bit_fail_limit=3.49999994039535522461e-01
cascade_candidate_limit=1.00000000000000000000e+03
cascade_weight_multiplier=4.00000005960464477539e-01
cascade_activation_functions_count=10
cascade_activation_functions=3 5 7 8 10 11 14 15 16 17 
cascade_activation_steepnesses_count=4
cascade_activation_steepnesses=2.50000000000000000000e-01 5.00000000000000000000e-01 7.50000000000000000000e-01 1.00000000000000000000e+00 
layer_sizes=7 9 2 
scale_included=0
neurons (num_inputs, activation_function, activation_steepness)=(0, 0, 0.00000000000000000000e+00) (0, 0, 0.00000000000000000000e+00) (0, 0, 0.00000000000000000000e+00) (0, 0, 0.00000000000000000000e+00) (0, 0, 0.00000000000000000000e+00) (0, 0, 0.00000000000000000000e+00) (0, 0, 0.00000000000000000000e+00) (7, 3, 5.00000000000000000000e-01) (7, 3, 5.00000000000000000000e-01) (7, 3, 5.00000000000000000000e-01) (7, 3, 5.00000000000000000000e-01) (7, 3, 5.00000000000000000000e-01) (7, 3, 5.00000000000000000000e-01) (7, 3, 5.00000000000000000000e-01) (7, 3, 5.00000000000000000000e-01) (0, 3, 0.00000000000000000000e+00) (9, 0, 5.00000000000000000000e-01) (0, 0, 0.00000000000000000000e+00) 
connections (connected_to_neuron, weight)=(0, 2.00735359191894531250e+01) (1, 4.07749414443969726562e+00) (2, 9.19895858764648437500e+01) (3, -1.84013867378234863281e+00) (4, 2.20898590087890625000e+01) (5, 1.48859573364257812500e+02) (6, 5.60990534722805023193e-02) (0, -3.40826928615570068359e-01) (1, 5.42288482189178466797e-01) (2, 3.59818935394287109375e-01) (3, -5.07148265838623046875e-01) (4, -5.14697790145874023438e-01) (5, 1.28486919403076171875e+00) (6, -1.21040493249893188477e-01) (0, 1.63635234832763671875e+01) (1, -2.19641555786132812500e+02) (2, 2.61335601806640625000e+02) (3, -4.45812940597534179688e+00) (4, -3.89628723144531250000e+02) (5, -9.82306152343750000000e+02) (6, -5.26655495166778564453e-01) (0, 1.63393344879150390625e+01) (1, -2.19679550170898437500e+02) (2, 2.61409942626953125000e+02) (3, -4.47085428237915039062e+00) (4, -3.89596191406250000000e+02) (5, -9.82275756835937500000e+02) (6, -5.97174108028411865234e-01) (0, -2.89463787078857421875e+01) (1, 6.89085960388183593750e+00) (2, -1.31945275878906250000e+03) (3, -6.06410980224609375000e+00) (4, 4.50663108825683593750e+01) (5, 4.70570404052734375000e+02) (6, -3.53563934564590454102e-01) (0, -8.40325927734375000000e+00) (1, 1.47343301773071289062e+00) (2, 2.57120060920715332031e+00) (3, -4.86018121242523193359e-01) (4, 1.27463072538375854492e-01) (5, 2.66240295410156250000e+02) (6, -1.97103768587112426758e-01) (0, -1.12045307159423828125e+01) (1, 3.91964874267578125000e+02) (2, -3.82575622558593750000e+02) (3, -1.99230420589447021484e+00) (4, 7.56658081054687500000e+02) (5, 6.81787658691406250000e+02) (6, -3.36855709552764892578e-01) (0, -8.82531926035881042480e-02) (1, -8.60444962978363037109e-01) (2, 8.27953100204467773438e-01) (3, -6.47019028663635253906e-01) (4, -2.60816144943237304688e+00) (5, 3.19609284400939941406e+00) (6, -3.27186405658721923828e-01) (7, -3.53071896824985742569e-04) (8, -2.25116908550262451172e-02) (9, 6.61413371562957763672e-02) (10, 6.61413371562957763672e-02) (11, -1.28058781847357749939e-02) (12, 3.82327381521463394165e-03) (13, -7.88563396781682968140e-03) (14, 1.90380230545997619629e-01) (15, 2.52727735787630081177e-02) 
