FANN_FLO_2.1
num_layers=3
learning_rate=0.500000
connection_rate=1.000000
network_type=0
learning_momentum=0.000000
training_algorithm=2
train_error_function=1
train_stop_function=0
cascade_output_change_fraction=0.010000
quickprop_decay=-0.000100
quickprop_mu=1.750000
rprop_increase_factor=1.200000
rprop_decrease_factor=0.500000
rprop_delta_min=0.000000
rprop_delta_max=50.000000
rprop_delta_zero=0.100000
cascade_output_stagnation_epochs=12
cascade_candidate_change_fraction=0.010000
cascade_candidate_stagnation_epochs=12
cascade_max_out_epochs=150
cascade_min_out_epochs=50
cascade_max_cand_epochs=150
cascade_min_cand_epochs=50
cascade_num_candidate_groups=2
bit_fail_limit=3.49999994039535522461e-01
cascade_candidate_limit=1.00000000000000000000e+03
cascade_weight_multiplier=4.00000005960464477539e-01
cascade_activation_functions_count=10
cascade_activation_functions=3 5 7 8 10 11 14 15 16 17 
cascade_activation_steepnesses_count=4
cascade_activation_steepnesses=2.50000000000000000000e-01 5.00000000000000000000e-01 7.50000000000000000000e-01 1.00000000000000000000e+00 
layer_sizes=10 3 2 
scale_included=0
neurons (num_inputs, activation_function, activation_steepness)=(0, 0, 0.00000000000000000000e+00) (0, 0, 0.00000000000000000000e+00) (0, 0, 0.00000000000000000000e+00) (0, 0, 0.00000000000000000000e+00) (0, 0, 0.00000000000000000000e+00) (0, 0, 0.00000000000000000000e+00) (0, 0, 0.00000000000000000000e+00) (0, 0, 0.00000000000000000000e+00) (0, 0, 0.00000000000000000000e+00) (0, 0, 0.00000000000000000000e+00) (10, 3, 5.00000000000000000000e-01) (10, 3, 5.00000000000000000000e-01) (0, 3, 0.00000000000000000000e+00) (3, 3, 5.00000000000000000000e-01) (0, 3, 0.00000000000000000000e+00) 
connections (connected_to_neuron, weight)=(0, -7.17713415622711181641e-01) (1, -7.03372061252593994141e-01) (2, -7.52097547054290771484e-01) (3, -7.56990790367126464844e-01) (4, -7.42940366268157958984e-01) (5, -6.06059014797210693359e-01) (6, -7.06300675868988037109e-01) (7, -7.09043979644775390625e-01) (8, -7.96524167060852050781e-01) (9, 2.25677776336669921875e+00) (0, -6.47938311100006103516e-01) (1, -6.97353541851043701172e-01) (2, -6.37842833995819091797e-01) (3, -6.13902211189270019531e-01) (4, -6.06561243534088134766e-01) (5, -7.42237329483032226562e-01) (6, -6.76559984683990478516e-01) (7, -6.94965779781341552734e-01) (8, -6.20094656944274902344e-01) (9, 2.98732399940490722656e+00) (10, -1.60057508945465087891e+00) (11, -1.51481330394744873047e+00) (12, 1.21349692344665527344e+00) 
