FANN_FLO_2.1
num_layers=3
learning_rate=0.500000
connection_rate=1.000000
network_type=0
learning_momentum=0.000000
training_algorithm=2
train_error_function=1
train_stop_function=0
cascade_output_change_fraction=0.010000
quickprop_decay=-0.000100
quickprop_mu=1.750000
rprop_increase_factor=1.200000
rprop_decrease_factor=0.500000
rprop_delta_min=0.000000
rprop_delta_max=50.000000
rprop_delta_zero=0.100000
cascade_output_stagnation_epochs=12
cascade_candidate_change_fraction=0.010000
cascade_candidate_stagnation_epochs=12
cascade_max_out_epochs=150
cascade_min_out_epochs=50
cascade_max_cand_epochs=150
cascade_min_cand_epochs=50
cascade_num_candidate_groups=2
bit_fail_limit=3.49999994039535522461e-01
cascade_candidate_limit=1.00000000000000000000e+03
cascade_weight_multiplier=4.00000005960464477539e-01
cascade_activation_functions_count=10
cascade_activation_functions=3 5 7 8 10 11 14 15 16 17 
cascade_activation_steepnesses_count=4
cascade_activation_steepnesses=2.50000000000000000000e-01 5.00000000000000000000e-01 7.50000000000000000000e-01 1.00000000000000000000e+00 
layer_sizes=10 5 2 
scale_included=0
neurons (num_inputs, activation_function, activation_steepness)=(0, 0, 0.00000000000000000000e+00) (0, 0, 0.00000000000000000000e+00) (0, 0, 0.00000000000000000000e+00) (0, 0, 0.00000000000000000000e+00) (0, 0, 0.00000000000000000000e+00) (0, 0, 0.00000000000000000000e+00) (0, 0, 0.00000000000000000000e+00) (0, 0, 0.00000000000000000000e+00) (0, 0, 0.00000000000000000000e+00) (0, 0, 0.00000000000000000000e+00) (10, 3, 5.00000000000000000000e-01) (10, 3, 5.00000000000000000000e-01) (10, 3, 5.00000000000000000000e-01) (10, 3, 5.00000000000000000000e-01) (0, 3, 0.00000000000000000000e+00) (5, 3, 5.00000000000000000000e-01) (0, 3, 0.00000000000000000000e+00) 
connections (connected_to_neuron, weight)=(0, -8.50931644439697265625e-01) (1, -5.85270702838897705078e-01) (2, -8.48046123981475830078e-01) (3, -7.97903358936309814453e-01) (4, -7.42070794105529785156e-01) (5, -8.98919403553009033203e-01) (6, -8.11630964279174804688e-01) (7, -7.80635237693786621094e-01) (8, -8.40080916881561279297e-01) (9, 3.97606563568115234375e+00) (0, -5.39969921112060546875e-01) (1, -8.42189550399780273438e-01) (2, -6.29084169864654541016e-01) (3, -5.88054239749908447266e-01) (4, -6.09524130821228027344e-01) (5, -5.88790178298950195312e-01) (6, -6.85328722000122070312e-01) (7, -5.94049215316772460938e-01) (8, -5.68129479885101318359e-01) (9, 2.04830813407897949219e+00) (0, -1.04657578468322753906e+00) (1, -1.26864850521087646484e+00) (2, -4.79925483465194702148e-01) (3, -1.32527196407318115234e+00) (4, -1.12272560596466064453e+00) (5, -1.01928603649139404297e+00) (6, -7.07047939300537109375e-01) (7, -1.31814670562744140625e+00) (8, -8.48371267318725585938e-01) (9, 1.54883980751037597656e+00) (0, -1.02376548767089843750e+02) (1, 8.28146133422851562500e+01) (2, 1.60681396484375000000e+02) (3, 1.21690330505371093750e+01) (4, -8.98204284667968750000e+02) (5, 8.05841751098632812500e+01) (6, 8.99492340087890625000e+01) (7, 3.36141090393066406250e+01) (8, 4.15838384628295898438e+00) (9, 7.63169169425964355469e-01) (10, -1.26889848709106445312e+00) (11, -1.36072015762329101562e+00) (12, -8.57653915882110595703e-01) (13, 1.05317821726202964783e-02) (14, 1.23641514778137207031e+00) 
