FANN_FLO_2.1
num_layers=4
learning_rate=0.500000
connection_rate=1.000000
network_type=0
learning_momentum=0.000000
training_algorithm=2
train_error_function=1
train_stop_function=0
cascade_output_change_fraction=0.010000
quickprop_decay=-0.000100
quickprop_mu=1.750000
rprop_increase_factor=1.200000
rprop_decrease_factor=0.500000
rprop_delta_min=0.000000
rprop_delta_max=50.000000
rprop_delta_zero=0.100000
cascade_output_stagnation_epochs=12
cascade_candidate_change_fraction=0.010000
cascade_candidate_stagnation_epochs=12
cascade_max_out_epochs=150
cascade_min_out_epochs=50
cascade_max_cand_epochs=150
cascade_min_cand_epochs=50
cascade_num_candidate_groups=2
bit_fail_limit=3.49999994039535522461e-01
cascade_candidate_limit=1.00000000000000000000e+03
cascade_weight_multiplier=4.00000005960464477539e-01
cascade_activation_functions_count=10
cascade_activation_functions=3 5 7 8 10 11 14 15 16 17 
cascade_activation_steepnesses_count=4
cascade_activation_steepnesses=2.50000000000000000000e-01 5.00000000000000000000e-01 7.50000000000000000000e-01 1.00000000000000000000e+00 
layer_sizes=4 5 5 2 
scale_included=0
neurons (num_inputs, activation_function, activation_steepness)=(0, 0, 0.00000000000000000000e+00) (0, 0, 0.00000000000000000000e+00) (0, 0, 0.00000000000000000000e+00) (0, 0, 0.00000000000000000000e+00) (4, 3, 5.00000000000000000000e-01) (4, 3, 5.00000000000000000000e-01) (4, 3, 5.00000000000000000000e-01) (4, 3, 5.00000000000000000000e-01) (0, 3, 0.00000000000000000000e+00) (5, 3, 5.00000000000000000000e-01) (5, 3, 5.00000000000000000000e-01) (5, 3, 5.00000000000000000000e-01) (5, 3, 5.00000000000000000000e-01) (0, 3, 0.00000000000000000000e+00) (5, 3, 5.00000000000000000000e-01) (0, 3, 0.00000000000000000000e+00) 
connections (connected_to_neuron, weight)=(0, -3.88221120834350585938e+00) (1, -4.50790452957153320312e+00) (2, -5.57561993598937988281e-01) (3, 3.32540631294250488281e+00) (0, -8.65401184082031250000e+02) (1, -1.50000000000000000000e+03) (2, -1.04620458984375000000e+03) (3, 6.76865756511688232422e-01) (0, 5.23814797401428222656e-01) (1, -2.30336971282958984375e+01) (2, 3.75384979248046875000e+01) (3, 5.31707465648651123047e-01) (0, -3.76860475540161132812e+00) (1, -3.83280444145202636719e+00) (2, -1.85175135731697082520e-01) (3, 2.55350184440612792969e+00) (4, 7.37000131607055664062e+00) (5, 1.50000000000000000000e+03) (6, -6.15986919403076171875e+00) (7, 6.69738922119140625000e+01) (8, -5.78543949127197265625e+00) (4, 2.98052482604980468750e+01) (5, -4.22888603210449218750e+01) (6, -9.26004695892333984375e+00) (7, 1.53040523529052734375e+01) (8, -2.36886215209960937500e+00) (4, 1.67463569641113281250e+01) (5, -2.95024471282958984375e+01) (6, -2.73388242721557617188e+00) (7, 1.41294498443603515625e+01) (8, -4.71227455139160156250e+00) (4, -1.21927862167358398438e+01) (5, -6.25365417480468750000e+02) (6, 6.66035366058349609375e+00) (7, -2.57258758544921875000e+01) (8, 6.44016265869140625000e+00) (9, 1.06823158264160156250e+00) (10, -5.49156618118286132812e+00) (11, -2.46597766876220703125e-01) (12, -2.75742232799530029297e-01) (13, 2.45946836471557617188e+00) 
