FANN_FLO_2.1
num_layers=4
learning_rate=0.300000
connection_rate=1.000000
network_type=0
learning_momentum=0.000000
training_algorithm=2
train_error_function=1
train_stop_function=0
cascade_output_change_fraction=0.010000
quickprop_decay=-0.000100
quickprop_mu=1.750000
rprop_increase_factor=1.200000
rprop_decrease_factor=0.500000
rprop_delta_min=0.000000
rprop_delta_max=50.000000
rprop_delta_zero=0.100000
cascade_output_stagnation_epochs=12
cascade_candidate_change_fraction=0.010000
cascade_candidate_stagnation_epochs=12
cascade_max_out_epochs=150
cascade_min_out_epochs=50
cascade_max_cand_epochs=150
cascade_min_cand_epochs=50
cascade_num_candidate_groups=2
bit_fail_limit=3.49999994039535522461e-01
cascade_candidate_limit=1.00000000000000000000e+03
cascade_weight_multiplier=4.00000005960464477539e-01
cascade_activation_functions_count=10
cascade_activation_functions=3 5 7 8 10 11 14 15 16 17 
cascade_activation_steepnesses_count=4
cascade_activation_steepnesses=2.50000000000000000000e-01 5.00000000000000000000e-01 7.50000000000000000000e-01 1.00000000000000000000e+00 
layer_sizes=2 5 3 3 
scale_included=0
neurons (num_inputs, activation_function, activation_steepness)=(0, 0, 0.00000000000000000000e+00) (0, 0, 0.00000000000000000000e+00) (2, 3, 5.00000000000000000000e-01) (2, 3, 5.00000000000000000000e-01) (2, 3, 5.00000000000000000000e-01) (2, 3, 5.00000000000000000000e-01) (0, 3, 0.00000000000000000000e+00) (5, 3, 5.00000000000000000000e-01) (5, 3, 5.00000000000000000000e-01) (0, 3, 0.00000000000000000000e+00) (3, 0, 5.00000000000000000000e-01) (3, 0, 5.00000000000000000000e-01) (0, 0, 0.00000000000000000000e+00) 
connections (connected_to_neuron, weight)=(0, -1.50000000000000000000e+03) (1, -1.43520510196685791016e+00) (0, -1.50000000000000000000e+03) (1, -1.43289732933044433594e+00) (0, -1.50000000000000000000e+03) (1, -1.41237258911132812500e+00) (0, -1.50000000000000000000e+03) (1, -1.29106140136718750000e+00) (2, 1.29448664188385009766e+00) (3, 1.03713178634643554688e+00) (4, 1.26397085189819335938e+00) (5, 1.06144189834594726562e+00) (6, -2.34163904190063476562e+00) (2, 1.50370073318481445312e+00) (3, 9.36522305011749267578e-01) (4, 1.59952056407928466797e+00) (5, 8.39648902416229248047e-01) (6, -1.37032425403594970703e+00) (7, 1.96290060877799987793e-01) (8, 2.28241868317127227783e-02) (9, -2.01527819037437438965e-01) (7, -8.38273823261260986328e-01) (8, -7.42645680904388427734e-01) (9, -8.02886545658111572266e-01) 
