FANN_FLO_2.1
num_layers=3
learning_rate=0.500000
connection_rate=1.000000
network_type=0
learning_momentum=0.000000
training_algorithm=2
train_error_function=1
train_stop_function=0
cascade_output_change_fraction=0.010000
quickprop_decay=-0.000100
quickprop_mu=1.750000
rprop_increase_factor=1.200000
rprop_decrease_factor=0.500000
rprop_delta_min=0.000000
rprop_delta_max=50.000000
rprop_delta_zero=0.100000
cascade_output_stagnation_epochs=12
cascade_candidate_change_fraction=0.010000
cascade_candidate_stagnation_epochs=12
cascade_max_out_epochs=150
cascade_min_out_epochs=50
cascade_max_cand_epochs=150
cascade_min_cand_epochs=50
cascade_num_candidate_groups=2
bit_fail_limit=3.49999994039535522461e-01
cascade_candidate_limit=1.00000000000000000000e+03
cascade_weight_multiplier=4.00000005960464477539e-01
cascade_activation_functions_count=10
cascade_activation_functions=3 5 7 8 10 11 14 15 16 17 
cascade_activation_steepnesses_count=4
cascade_activation_steepnesses=2.50000000000000000000e-01 5.00000000000000000000e-01 7.50000000000000000000e-01 1.00000000000000000000e+00 
layer_sizes=10 5 2 
scale_included=0
neurons (num_inputs, activation_function, activation_steepness)=(0, 0, 0.00000000000000000000e+00) (0, 0, 0.00000000000000000000e+00) (0, 0, 0.00000000000000000000e+00) (0, 0, 0.00000000000000000000e+00) (0, 0, 0.00000000000000000000e+00) (0, 0, 0.00000000000000000000e+00) (0, 0, 0.00000000000000000000e+00) (0, 0, 0.00000000000000000000e+00) (0, 0, 0.00000000000000000000e+00) (0, 0, 0.00000000000000000000e+00) (10, 3, 5.00000000000000000000e-01) (10, 3, 5.00000000000000000000e-01) (10, 3, 5.00000000000000000000e-01) (10, 3, 5.00000000000000000000e-01) (0, 3, 0.00000000000000000000e+00) (5, 3, 5.00000000000000000000e-01) (0, 3, 0.00000000000000000000e+00) 
connections (connected_to_neuron, weight)=(0, -2.23687216639518737793e-01) (1, -4.44228887557983398438e-01) (2, -9.66869413852691650391e-01) (3, -3.61261188983917236328e-01) (4, 4.15218025445938110352e-01) (5, -4.03165489435195922852e-01) (6, -5.74936032295227050781e-01) (7, -1.31904110312461853027e-01) (8, -8.45452070236206054688e-01) (9, 4.90262597799301147461e-01) (0, -2.40656033158302307129e-01) (1, -2.87924587726593017578e-01) (2, -3.80280435085296630859e-01) (3, -1.79019242525100708008e-01) (4, -1.80643117427825927734e+00) (5, -2.20702543854713439941e-01) (6, -2.64741867780685424805e-01) (7, -5.82734763622283935547e-01) (8, -3.04913192987442016602e-01) (9, 1.76256835460662841797e+00) (0, -5.98209261894226074219e-01) (1, -5.31859695911407470703e-01) (2, -3.06490451097488403320e-01) (3, -6.24998629093170166016e-01) (4, -4.68421541154384613037e-02) (5, -5.70518970489501953125e-01) (6, -4.40731555223464965820e-01) (7, -3.90332460403442382812e-01) (8, -3.77335816621780395508e-01) (9, 1.19073021411895751953e+00) (0, -2.29946956038475036621e-01) (1, -3.49686682224273681641e-01) (2, -7.37506628036499023438e-01) (3, -2.50649243593215942383e-01) (4, 5.20729422569274902344e-01) (5, -4.53457087278366088867e-01) (6, -8.27645897865295410156e-01) (7, -6.19452178478240966797e-01) (8, -6.78341090679168701172e-01) (9, 5.62763154506683349609e-01) (10, -6.36532783508300781250e-01) (11, -1.20321679115295410156e+00) (12, -2.52434372901916503906e+00) (13, -4.86674815416336059570e-01) (14, 1.55704629421234130859e+00) 
