FANN_FLO_2.1
num_layers=3
learning_rate=0.500000
connection_rate=1.000000
network_type=0
learning_momentum=0.000000
training_algorithm=2
train_error_function=1
train_stop_function=0
cascade_output_change_fraction=0.010000
quickprop_decay=-0.000100
quickprop_mu=1.750000
rprop_increase_factor=1.200000
rprop_decrease_factor=0.500000
rprop_delta_min=0.000000
rprop_delta_max=50.000000
rprop_delta_zero=0.100000
cascade_output_stagnation_epochs=12
cascade_candidate_change_fraction=0.010000
cascade_candidate_stagnation_epochs=12
cascade_max_out_epochs=150
cascade_min_out_epochs=50
cascade_max_cand_epochs=150
cascade_min_cand_epochs=50
cascade_num_candidate_groups=2
bit_fail_limit=3.49999994039535522461e-01
cascade_candidate_limit=1.00000000000000000000e+03
cascade_weight_multiplier=4.00000005960464477539e-01
cascade_activation_functions_count=10
cascade_activation_functions=3 5 7 8 10 11 14 15 16 17 
cascade_activation_steepnesses_count=4
cascade_activation_steepnesses=2.50000000000000000000e-01 5.00000000000000000000e-01 7.50000000000000000000e-01 1.00000000000000000000e+00 
layer_sizes=10 3 2 
scale_included=0
neurons (num_inputs, activation_function, activation_steepness)=(0, 0, 0.00000000000000000000e+00) (0, 0, 0.00000000000000000000e+00) (0, 0, 0.00000000000000000000e+00) (0, 0, 0.00000000000000000000e+00) (0, 0, 0.00000000000000000000e+00) (0, 0, 0.00000000000000000000e+00) (0, 0, 0.00000000000000000000e+00) (0, 0, 0.00000000000000000000e+00) (0, 0, 0.00000000000000000000e+00) (0, 0, 0.00000000000000000000e+00) (10, 3, 5.00000000000000000000e-01) (10, 3, 5.00000000000000000000e-01) (0, 3, 0.00000000000000000000e+00) (3, 3, 5.00000000000000000000e-01) (0, 3, 0.00000000000000000000e+00) 
connections (connected_to_neuron, weight)=(0, -6.15590393543243408203e-01) (1, 2.58421078324317932129e-02) (2, -9.11951482295989990234e-01) (3, -9.57972943782806396484e-01) (4, 6.43224343657493591309e-02) (5, -8.08982193470001220703e-01) (6, -7.67581284046173095703e-01) (7, -9.04123544692993164062e-01) (8, -7.84461677074432373047e-01) (9, 2.39644336700439453125e+00) (0, -6.02663695812225341797e-01) (1, -1.68555080890655517578e+00) (2, -1.18492677807807922363e-01) (3, -2.15256199240684509277e-01) (4, -1.64665305614471435547e+00) (5, -3.99553924798965454102e-01) (6, -3.55386972427368164062e-01) (7, -2.39908069372177124023e-01) (8, -3.50354462862014770508e-01) (9, 2.27541017532348632812e+00) (10, -1.96310257911682128906e+00) (11, -1.25597119331359863281e+00) (12, 1.24857425689697265625e+00) 
