FANN_FLO_2.1
num_layers=3
learning_rate=0.400000
connection_rate=1.000000
network_type=0
learning_momentum=0.000000
training_algorithm=2
train_error_function=1
train_stop_function=0
cascade_output_change_fraction=0.010000
quickprop_decay=-0.000100
quickprop_mu=1.750000
rprop_increase_factor=1.200000
rprop_decrease_factor=0.500000
rprop_delta_min=0.000000
rprop_delta_max=50.000000
rprop_delta_zero=0.100000
cascade_output_stagnation_epochs=12
cascade_candidate_change_fraction=0.010000
cascade_candidate_stagnation_epochs=12
cascade_max_out_epochs=150
cascade_min_out_epochs=50
cascade_max_cand_epochs=150
cascade_min_cand_epochs=50
cascade_num_candidate_groups=2
bit_fail_limit=3.49999994039535522461e-01
cascade_candidate_limit=1.00000000000000000000e+03
cascade_weight_multiplier=4.00000005960464477539e-01
cascade_activation_functions_count=10
cascade_activation_functions=3 5 7 8 10 11 14 15 16 17 
cascade_activation_steepnesses_count=4
cascade_activation_steepnesses=2.50000000000000000000e-01 5.00000000000000000000e-01 7.50000000000000000000e-01 1.00000000000000000000e+00 
layer_sizes=6 5 2 
scale_included=0
neurons (num_inputs, activation_function, activation_steepness)=(0, 0, 0.00000000000000000000e+00) (0, 0, 0.00000000000000000000e+00) (0, 0, 0.00000000000000000000e+00) (0, 0, 0.00000000000000000000e+00) (0, 0, 0.00000000000000000000e+00) (0, 0, 0.00000000000000000000e+00) (6, 3, 5.00000000000000000000e-01) (6, 3, 5.00000000000000000000e-01) (6, 3, 5.00000000000000000000e-01) (6, 3, 5.00000000000000000000e-01) (0, 3, 0.00000000000000000000e+00) (5, 0, 5.00000000000000000000e-01) (0, 0, 0.00000000000000000000e+00) 
connections (connected_to_neuron, weight)=(0, -1.50000000000000000000e+03) (1, -1.42091320800781250000e+03) (2, -4.12967910766601562500e+01) (3, -9.74092483520507812500e+01) (4, 6.90996789932250976562e+00) (5, 2.24467545747756958008e-01) (0, 1.50000000000000000000e+03) (1, -6.89805664062500000000e+02) (2, 6.08980407714843750000e+01) (3, 3.75290641784667968750e+01) (4, 6.36139750480651855469e-01) (5, 2.05674171447753906250e-01) (0, -1.50000000000000000000e+03) (1, -9.58354553222656250000e+02) (2, 1.35525047779083251953e+00) (3, -2.47724761962890625000e+02) (4, 7.62761917114257812500e+01) (5, 1.71459779143333435059e-01) (0, -1.50000000000000000000e+03) (1, -1.50000000000000000000e+03) (2, -3.79486083984375000000e+02) (3, -1.49498474121093750000e+03) (4, 5.39803161621093750000e+02) (5, -2.92277604341506958008e-01) (6, 3.77761101722717285156e+00) (7, -3.71550410985946655273e-01) (8, 1.40121293067932128906e+00) (9, 2.20080807805061340332e-01) (10, 9.16798174381256103516e-01) 
