FANN_FLO_2.1
num_layers=3
learning_rate=0.500000
connection_rate=1.000000
network_type=0
learning_momentum=0.000000
training_algorithm=2
train_error_function=1
train_stop_function=0
cascade_output_change_fraction=0.010000
quickprop_decay=-0.000100
quickprop_mu=1.750000
rprop_increase_factor=1.200000
rprop_decrease_factor=0.500000
rprop_delta_min=0.000000
rprop_delta_max=50.000000
rprop_delta_zero=0.100000
cascade_output_stagnation_epochs=12
cascade_candidate_change_fraction=0.010000
cascade_candidate_stagnation_epochs=12
cascade_max_out_epochs=150
cascade_min_out_epochs=50
cascade_max_cand_epochs=150
cascade_min_cand_epochs=50
cascade_num_candidate_groups=2
bit_fail_limit=3.49999994039535522461e-01
cascade_candidate_limit=1.00000000000000000000e+03
cascade_weight_multiplier=4.00000005960464477539e-01
cascade_activation_functions_count=10
cascade_activation_functions=3 5 7 8 10 11 14 15 16 17 
cascade_activation_steepnesses_count=4
cascade_activation_steepnesses=2.50000000000000000000e-01 5.00000000000000000000e-01 7.50000000000000000000e-01 1.00000000000000000000e+00 
layer_sizes=10 5 2 
scale_included=0
neurons (num_inputs, activation_function, activation_steepness)=(0, 0, 0.00000000000000000000e+00) (0, 0, 0.00000000000000000000e+00) (0, 0, 0.00000000000000000000e+00) (0, 0, 0.00000000000000000000e+00) (0, 0, 0.00000000000000000000e+00) (0, 0, 0.00000000000000000000e+00) (0, 0, 0.00000000000000000000e+00) (0, 0, 0.00000000000000000000e+00) (0, 0, 0.00000000000000000000e+00) (0, 0, 0.00000000000000000000e+00) (10, 3, 5.00000000000000000000e-01) (10, 3, 5.00000000000000000000e-01) (10, 3, 5.00000000000000000000e-01) (10, 3, 5.00000000000000000000e-01) (0, 3, 0.00000000000000000000e+00) (5, 3, 5.00000000000000000000e-01) (0, 3, 0.00000000000000000000e+00) 
connections (connected_to_neuron, weight)=(0, -3.56472194194793701172e-01) (1, -4.69006150960922241211e-01) (2, -3.06257009506225585938e-01) (3, -1.40268936753273010254e-01) (4, -5.14507532119750976562e-01) (5, -4.08034056425094604492e-01) (6, -4.62212979793548583984e-01) (7, -2.69838005304336547852e-01) (8, -4.30119663476943969727e-01) (9, 7.58336424827575683594e-01) (0, -4.38194721937179565430e-01) (1, -3.11664521694183349609e-01) (2, -5.01304328441619873047e-01) (3, -3.84758025407791137695e-01) (4, -1.35037183761596679688e-01) (5, -4.70006614923477172852e-01) (6, -3.59445661306381225586e-01) (7, -3.92189055681228637695e-01) (8, -4.24955964088439941406e-01) (9, 8.39948058128356933594e-01) (0, -2.91221946477890014648e-01) (1, -4.14528071880340576172e-01) (2, -3.39551717042922973633e-01) (3, -5.14378607273101806641e-01) (4, -3.71332705020904541016e-01) (5, -2.62023568153381347656e-01) (6, -3.22675198316574096680e-01) (7, -4.73713964223861694336e-01) (8, -4.01203244924545288086e-01) (9, 8.24064970016479492188e-01) (0, -3.76663982868194580078e-01) (1, -3.53347480297088623047e-01) (2, -3.23973119258880615234e-01) (3, -5.07733583450317382812e-01) (4, -4.68041628599166870117e-01) (5, -4.06278461217880249023e-01) (6, -3.68534654378890991211e-01) (7, -4.15734499692916870117e-01) (8, -1.90737426280975341797e-01) (9, 8.65124881267547607422e-01) (10, -1.42772603034973144531e+00) (11, -1.45207989215850830078e+00) (12, -1.36618065834045410156e+00) (13, -1.42985391616821289062e+00) (14, 1.67716240882873535156e+00) 
