FANN_FLO_2.1
num_layers=3
learning_rate=0.500000
connection_rate=1.000000
network_type=0
learning_momentum=0.000000
training_algorithm=2
train_error_function=1
train_stop_function=0
cascade_output_change_fraction=0.010000
quickprop_decay=-0.000100
quickprop_mu=1.750000
rprop_increase_factor=1.200000
rprop_decrease_factor=0.500000
rprop_delta_min=0.000000
rprop_delta_max=50.000000
rprop_delta_zero=0.100000
cascade_output_stagnation_epochs=12
cascade_candidate_change_fraction=0.010000
cascade_candidate_stagnation_epochs=12
cascade_max_out_epochs=150
cascade_min_out_epochs=50
cascade_max_cand_epochs=150
cascade_min_cand_epochs=50
cascade_num_candidate_groups=2
bit_fail_limit=3.49999994039535522461e-01
cascade_candidate_limit=1.00000000000000000000e+03
cascade_weight_multiplier=4.00000005960464477539e-01
cascade_activation_functions_count=10
cascade_activation_functions=3 5 7 8 10 11 14 15 16 17 
cascade_activation_steepnesses_count=4
cascade_activation_steepnesses=2.50000000000000000000e-01 5.00000000000000000000e-01 7.50000000000000000000e-01 1.00000000000000000000e+00 
layer_sizes=7 9 2 
scale_included=0
neurons (num_inputs, activation_function, activation_steepness)=(0, 0, 0.00000000000000000000e+00) (0, 0, 0.00000000000000000000e+00) (0, 0, 0.00000000000000000000e+00) (0, 0, 0.00000000000000000000e+00) (0, 0, 0.00000000000000000000e+00) (0, 0, 0.00000000000000000000e+00) (0, 0, 0.00000000000000000000e+00) (7, 3, 5.00000000000000000000e-01) (7, 3, 5.00000000000000000000e-01) (7, 3, 5.00000000000000000000e-01) (7, 3, 5.00000000000000000000e-01) (7, 3, 5.00000000000000000000e-01) (7, 3, 5.00000000000000000000e-01) (7, 3, 5.00000000000000000000e-01) (7, 3, 5.00000000000000000000e-01) (0, 3, 0.00000000000000000000e+00) (9, 0, 5.00000000000000000000e-01) (0, 0, 0.00000000000000000000e+00) 
connections (connected_to_neuron, weight)=(0, 5.91335222125053405762e-02) (1, 5.11975646018981933594e-01) (2, 1.19675576686859130859e-01) (3, -2.04402670264244079590e-01) (4, 1.31802037358283996582e-01) (5, -4.03899163007736206055e-01) (6, -2.43607854843139648438e+00) (0, 2.47370553016662597656e+00) (1, 2.89387792348861694336e-01) (2, 1.50000000000000000000e+03) (3, 2.61920481920242309570e-01) (4, 1.52225112915039062500e+01) (5, 1.50000000000000000000e+03) (6, 2.72170543670654296875e-01) (0, -4.46644859313964843750e+01) (1, -2.14666575193405151367e-01) (2, -1.50000000000000000000e+03) (3, -5.69216430187225341797e-01) (4, -1.15505588054656982422e+00) (5, -1.50000000000000000000e+03) (6, -4.59778249263763427734e-01) (0, -2.59947657585144042969e+00) (1, -1.81954920291900634766e+00) (2, 1.50000000000000000000e+03) (3, -5.14152765274047851562e-01) (4, -3.67612630128860473633e-01) (5, 1.50000000000000000000e+03) (6, -5.61330497264862060547e-01) (0, -2.08459014892578125000e+01) (1, -3.36100625991821289062e+00) (2, -1.50000000000000000000e+03) (3, -6.93759202957153320312e-01) (4, -8.94387817382812500000e+00) (5, -1.50000000000000000000e+03) (6, -4.52842950820922851562e-01) (0, 5.60226105153560638428e-02) (1, 7.56806790828704833984e-01) (2, 1.83334305882453918457e-01) (3, -5.58569282293319702148e-02) (4, -1.46279469132423400879e-01) (5, -4.44676429033279418945e-01) (6, -2.75296831130981445312e+00) (0, -8.71089935302734375000e+00) (1, -1.14314532279968261719e+00) (2, -1.50000000000000000000e+03) (3, -5.50204515457153320312e-01) (4, -1.46225202083587646484e+00) (5, -1.50000000000000000000e+03) (6, -4.22615468502044677734e-01) (0, -2.85121750831604003906e+00) (1, -1.64042592048645019531e-01) (2, -1.50000000000000000000e+03) (3, -4.98053640127182006836e-01) (4, -4.71918284893035888672e-01) (5, -1.50000000000000000000e+03) (6, -4.00159537792205810547e-01) (7, -5.27496576309204101562e-01) (8, -9.73203554749488830566e-02) (9, 1.50000000000000000000e+03) (10, -9.03420429676771163940e-03) (11, 1.50000000000000000000e+03) (12, 5.28055131435394287109e-01) (13, 1.50000000000000000000e+03) (14, 1.50000000000000000000e+03) (15, 1.07739098370075225830e-01) 
