FANN_FLO_2.1
num_layers=4
learning_rate=0.450000
connection_rate=1.000000
network_type=0
learning_momentum=0.000000
training_algorithm=2
train_error_function=1
train_stop_function=0
cascade_output_change_fraction=0.010000
quickprop_decay=-0.000100
quickprop_mu=1.750000
rprop_increase_factor=1.200000
rprop_decrease_factor=0.500000
rprop_delta_min=0.000000
rprop_delta_max=50.000000
rprop_delta_zero=0.100000
cascade_output_stagnation_epochs=12
cascade_candidate_change_fraction=0.010000
cascade_candidate_stagnation_epochs=12
cascade_max_out_epochs=150
cascade_min_out_epochs=50
cascade_max_cand_epochs=150
cascade_min_cand_epochs=50
cascade_num_candidate_groups=2
bit_fail_limit=3.49999994039535522461e-01
cascade_candidate_limit=1.00000000000000000000e+03
cascade_weight_multiplier=4.00000005960464477539e-01
cascade_activation_functions_count=10
cascade_activation_functions=3 5 7 8 10 11 14 15 16 17 
cascade_activation_steepnesses_count=4
cascade_activation_steepnesses=2.50000000000000000000e-01 5.00000000000000000000e-01 7.50000000000000000000e-01 1.00000000000000000000e+00 
layer_sizes=7 5 5 2 
scale_included=0
neurons (num_inputs, activation_function, activation_steepness)=(0, 0, 0.00000000000000000000e+00) (0, 0, 0.00000000000000000000e+00) (0, 0, 0.00000000000000000000e+00) (0, 0, 0.00000000000000000000e+00) (0, 0, 0.00000000000000000000e+00) (0, 0, 0.00000000000000000000e+00) (0, 0, 0.00000000000000000000e+00) (7, 3, 5.00000000000000000000e-01) (7, 3, 5.00000000000000000000e-01) (7, 3, 5.00000000000000000000e-01) (7, 3, 5.00000000000000000000e-01) (0, 3, 0.00000000000000000000e+00) (5, 3, 5.00000000000000000000e-01) (5, 3, 5.00000000000000000000e-01) (5, 3, 5.00000000000000000000e-01) (5, 3, 5.00000000000000000000e-01) (0, 3, 0.00000000000000000000e+00) (5, 0, 5.00000000000000000000e-01) (0, 0, 0.00000000000000000000e+00) 
connections (connected_to_neuron, weight)=(0, -1.33349450683593750000e+03) (1, -1.33349450683593750000e+03) (2, -1.44252587890625000000e+03) (3, -1.12462475585937500000e+03) (4, -1.12468713378906250000e+03) (5, -1.35919995117187500000e+03) (6, 5.28157949447631835938e+00) (0, -2.55889770507812500000e+02) (1, -5.88766296386718750000e+02) (2, -1.50000000000000000000e+03) (3, 8.56551742553710937500e+01) (4, 8.37624130249023437500e+01) (5, -1.50000000000000000000e+03) (6, 3.23888182640075683594e+00) (0, 7.18645172119140625000e+01) (1, -3.41734361648559570312e+00) (2, -1.50000000000000000000e+03) (3, -7.05284912109375000000e+02) (4, -1.06582775115966796875e+01) (5, -1.50000000000000000000e+03) (6, 2.01549835205078125000e+01) (0, -2.10526519775390625000e+02) (1, -1.69611091613769531250e+01) (2, -1.50000000000000000000e+03) (3, 3.11971191406250000000e+02) (4, -2.14853179931640625000e+02) (5, -1.50000000000000000000e+03) (6, 7.74542748928070068359e-01) (7, 1.50000000000000000000e+03) (8, 1.50000000000000000000e+03) (9, 1.50000000000000000000e+03) (10, 1.44892932128906250000e+03) (11, -5.64144551753997802734e-01) (7, 1.50000000000000000000e+03) (8, 1.50000000000000000000e+03) (9, 1.50000000000000000000e+03) (10, 1.42600512695312500000e+03) (11, -3.08750295639038085938e+00) (7, 1.50000000000000000000e+03) (8, 1.50000000000000000000e+03) (9, 1.50000000000000000000e+03) (10, 1.50000000000000000000e+03) (11, -2.11281156539916992188e+00) (7, 1.50000000000000000000e+03) (8, 1.50000000000000000000e+03) (9, 1.50000000000000000000e+03) (10, 1.44892932128906250000e+03) (11, -6.43623888492584228516e-01) (12, 3.48597280681133270264e-02) (13, 1.84784698486328125000e+00) (14, -8.79382252693176269531e-01) (15, 3.59817929565906524658e-02) (16, -1.92754215095192193985e-03) 
