FANN_FLO_2.1
num_layers=4
learning_rate=0.500000
connection_rate=1.000000
network_type=0
learning_momentum=0.000000
training_algorithm=2
train_error_function=1
train_stop_function=0
cascade_output_change_fraction=0.010000
quickprop_decay=-0.000100
quickprop_mu=1.750000
rprop_increase_factor=1.200000
rprop_decrease_factor=0.500000
rprop_delta_min=0.000000
rprop_delta_max=50.000000
rprop_delta_zero=0.100000
cascade_output_stagnation_epochs=12
cascade_candidate_change_fraction=0.010000
cascade_candidate_stagnation_epochs=12
cascade_max_out_epochs=150
cascade_min_out_epochs=50
cascade_max_cand_epochs=150
cascade_min_cand_epochs=50
cascade_num_candidate_groups=2
bit_fail_limit=3.49999994039535522461e-01
cascade_candidate_limit=1.00000000000000000000e+03
cascade_weight_multiplier=4.00000005960464477539e-01
cascade_activation_functions_count=10
cascade_activation_functions=3 5 7 8 10 11 14 15 16 17 
cascade_activation_steepnesses_count=4
cascade_activation_steepnesses=2.50000000000000000000e-01 5.00000000000000000000e-01 7.50000000000000000000e-01 1.00000000000000000000e+00 
layer_sizes=4 5 5 2 
scale_included=0
neurons (num_inputs, activation_function, activation_steepness)=(0, 0, 0.00000000000000000000e+00) (0, 0, 0.00000000000000000000e+00) (0, 0, 0.00000000000000000000e+00) (0, 0, 0.00000000000000000000e+00) (4, 3, 5.00000000000000000000e-01) (4, 3, 5.00000000000000000000e-01) (4, 3, 5.00000000000000000000e-01) (4, 3, 5.00000000000000000000e-01) (0, 3, 0.00000000000000000000e+00) (5, 3, 5.00000000000000000000e-01) (5, 3, 5.00000000000000000000e-01) (5, 3, 5.00000000000000000000e-01) (5, 3, 5.00000000000000000000e-01) (0, 3, 0.00000000000000000000e+00) (5, 3, 5.00000000000000000000e-01) (0, 3, 0.00000000000000000000e+00) 
connections (connected_to_neuron, weight)=(0, -6.95369958877563476562e+00) (1, -9.40927982330322265625e+00) (2, 8.09216082096099853516e-01) (3, 5.82134485244750976562e+00) (0, -4.48804235458374023438e+00) (1, -2.87510561943054199219e+00) (2, -1.99731171131134033203e+00) (3, 2.73352241516113281250e+00) (0, -4.48504877090454101562e+00) (1, -1.51252973079681396484e+00) (2, -3.53249406814575195312e+00) (3, 3.21462035179138183594e+00) (0, -4.69079494476318359375e+00) (1, -2.43848705291748046875e+00) (2, -2.62269425392150878906e+00) (3, 3.06952977180480957031e+00) (4, -1.77134952545166015625e+01) (5, -1.10974531173706054688e+01) (6, -9.42860221862792968750e+00) (7, -1.39371519088745117188e+01) (8, 7.37650918960571289062e+00) (4, 4.24389923095703125000e+02) (5, 6.10774755477905273438e-01) (6, -2.10724145174026489258e-01) (7, -2.94442486763000488281e+00) (8, -1.18563594818115234375e+01) (4, 3.37856063842773437500e+01) (5, 2.25877914428710937500e+01) (6, 9.58789157867431640625e+00) (7, 7.29282712936401367188e+00) (8, -1.03974981307983398438e+01) (4, 6.01925325393676757812e+00) (5, -4.41414928436279296875e+00) (6, -2.37764015197753906250e+01) (7, -3.29156875610351562500e+00) (8, -1.34258344769477844238e-01) (9, 4.98784393072128295898e-01) (10, 1.12362039089202880859e+00) (11, -3.65104556083679199219e+00) (12, 6.26951026916503906250e+00) (13, 2.79970467090606689453e-01) 
