FANN_FLO_2.1
num_layers=3
learning_rate=0.300000
connection_rate=1.000000
network_type=0
learning_momentum=0.000000
training_algorithm=2
train_error_function=1
train_stop_function=0
cascade_output_change_fraction=0.010000
quickprop_decay=-0.000100
quickprop_mu=1.750000
rprop_increase_factor=1.200000
rprop_decrease_factor=0.500000
rprop_delta_min=0.000000
rprop_delta_max=50.000000
rprop_delta_zero=0.100000
cascade_output_stagnation_epochs=12
cascade_candidate_change_fraction=0.010000
cascade_candidate_stagnation_epochs=12
cascade_max_out_epochs=150
cascade_min_out_epochs=50
cascade_max_cand_epochs=150
cascade_min_cand_epochs=50
cascade_num_candidate_groups=2
bit_fail_limit=3.49999994039535522461e-01
cascade_candidate_limit=1.00000000000000000000e+03
cascade_weight_multiplier=4.00000005960464477539e-01
cascade_activation_functions_count=10
cascade_activation_functions=3 5 7 8 10 11 14 15 16 17 
cascade_activation_steepnesses_count=4
cascade_activation_steepnesses=2.50000000000000000000e-01 5.00000000000000000000e-01 7.50000000000000000000e-01 1.00000000000000000000e+00 
layer_sizes=4 9 2 
scale_included=0
neurons (num_inputs, activation_function, activation_steepness)=(0, 0, 0.00000000000000000000e+00) (0, 0, 0.00000000000000000000e+00) (0, 0, 0.00000000000000000000e+00) (0, 0, 0.00000000000000000000e+00) (4, 3, 5.00000000000000000000e-01) (4, 3, 5.00000000000000000000e-01) (4, 3, 5.00000000000000000000e-01) (4, 3, 5.00000000000000000000e-01) (4, 3, 5.00000000000000000000e-01) (4, 3, 5.00000000000000000000e-01) (4, 3, 5.00000000000000000000e-01) (4, 3, 5.00000000000000000000e-01) (0, 3, 0.00000000000000000000e+00) (9, 3, 5.00000000000000000000e-01) (0, 3, 0.00000000000000000000e+00) 
connections (connected_to_neuron, weight)=(0, -9.84420120716094970703e-01) (1, 7.50833094120025634766e-01) (2, -2.41271543502807617188e+00) (3, 9.37508773803710937500e+00) (0, -1.27817821502685546875e+00) (1, 6.49878799915313720703e-01) (2, -1.40565097332000732422e+00) (3, 1.02107744216918945312e+01) (0, -2.63588935136795043945e-01) (1, 9.43032354116439819336e-02) (2, -2.72421687841415405273e-01) (3, 1.11429700627923011780e-02) (0, -1.18661001324653625488e-01) (1, 3.06159686297178268433e-02) (2, -1.74016699194908142090e-01) (3, 7.63623774051666259766e-01) (0, 2.97993477433919906616e-02) (1, -6.46806648001074790955e-03) (2, 5.57937443256378173828e-01) (3, -1.43258273601531982422e+00) (0, -1.07208788394927978516e+00) (1, 3.21597635746002197266e-01) (2, -1.70665931701660156250e+00) (3, 2.67279796600341796875e+01) (0, -8.48352730274200439453e-01) (1, 6.42806231975555419922e-01) (2, -1.53133857250213623047e+00) (3, 4.58766555786132812500e+00) (0, -2.70438700914382934570e-01) (1, 1.57034844160079956055e-01) (2, -2.94951528310775756836e-01) (3, 2.61060023307800292969e+00) (4, -3.55376824736595153809e-02) (5, 1.78227871656417846680e-02) (6, 2.47054505348205566406e+00) (7, -1.21887912750244140625e+01) (8, 1.85286211967468261719e+00) (9, -1.35875418782234191895e-01) (10, -8.59416648745536804199e-02) (11, -6.72479212284088134766e-01) (12, 9.63253434747457504272e-03) 
