FANN_FLO_2.1
num_layers=3
learning_rate=0.300000
connection_rate=1.000000
network_type=0
learning_momentum=0.000000
training_algorithm=2
train_error_function=1
train_stop_function=0
cascade_output_change_fraction=0.010000
quickprop_decay=-0.000100
quickprop_mu=1.750000
rprop_increase_factor=1.200000
rprop_decrease_factor=0.500000
rprop_delta_min=0.000000
rprop_delta_max=50.000000
rprop_delta_zero=0.100000
cascade_output_stagnation_epochs=12
cascade_candidate_change_fraction=0.010000
cascade_candidate_stagnation_epochs=12
cascade_max_out_epochs=150
cascade_min_out_epochs=50
cascade_max_cand_epochs=150
cascade_min_cand_epochs=50
cascade_num_candidate_groups=2
bit_fail_limit=3.49999994039535522461e-01
cascade_candidate_limit=1.00000000000000000000e+03
cascade_weight_multiplier=4.00000005960464477539e-01
cascade_activation_functions_count=10
cascade_activation_functions=3 5 7 8 10 11 14 15 16 17 
cascade_activation_steepnesses_count=4
cascade_activation_steepnesses=2.50000000000000000000e-01 5.00000000000000000000e-01 7.50000000000000000000e-01 1.00000000000000000000e+00 
layer_sizes=4 9 2 
scale_included=0
neurons (num_inputs, activation_function, activation_steepness)=(0, 0, 0.00000000000000000000e+00) (0, 0, 0.00000000000000000000e+00) (0, 0, 0.00000000000000000000e+00) (0, 0, 0.00000000000000000000e+00) (4, 3, 5.00000000000000000000e-01) (4, 3, 5.00000000000000000000e-01) (4, 3, 5.00000000000000000000e-01) (4, 3, 5.00000000000000000000e-01) (4, 3, 5.00000000000000000000e-01) (4, 3, 5.00000000000000000000e-01) (4, 3, 5.00000000000000000000e-01) (4, 3, 5.00000000000000000000e-01) (0, 3, 0.00000000000000000000e+00) (9, 3, 5.00000000000000000000e-01) (0, 3, 0.00000000000000000000e+00) 
connections (connected_to_neuron, weight)=(0, -1.38804638385772705078e+00) (1, 9.20391738414764404297e-01) (2, -2.17112779617309570312e+00) (3, 7.25913238525390625000e+00) (0, 2.30541810393333435059e-01) (1, -4.28851358592510223389e-02) (2, 5.46660959720611572266e-01) (3, -7.99741649627685546875e+00) (0, -1.94677996635437011719e+00) (1, 8.16081464290618896484e-01) (2, -7.92708933353424072266e-01) (3, 6.33810472488403320312e+00) (0, -1.37512350082397460938e+00) (1, 8.73566806316375732422e-01) (2, -7.07357764244079589844e-01) (3, 3.42411041259765625000e+00) (0, -1.44907557964324951172e+00) (1, 9.35764431953430175781e-01) (2, -9.77476239204406738281e-01) (3, 4.47041940689086914062e+00) (0, -1.69878140091896057129e-01) (1, 6.91114813089370727539e-02) (2, -1.34979617595672607422e+00) (3, 6.44139766693115234375e+00) (0, -2.97836571931838989258e-01) (1, 3.89749519526958465576e-02) (2, -3.15414220094680786133e-01) (3, 3.65905117988586425781e+00) (0, -1.85401391983032226562e+00) (1, 6.63099288940429687500e-01) (2, -6.67661428451538085938e-01) (3, 3.63065290451049804688e+00) (4, -3.62761974334716796875e-01) (5, 1.70910787582397460938e+00) (6, -2.53721296787261962891e-01) (7, -3.14263463020324707031e-01) (8, -3.85633438825607299805e-01) (9, -1.00376498699188232422e+00) (10, -3.52520656585693359375e+00) (11, -1.70868262648582458496e-01) (12, -1.49111390113830566406e-01) 
