FANN_FLO_2.1
num_layers=4
learning_rate=0.450000
connection_rate=1.000000
network_type=0
learning_momentum=0.000000
training_algorithm=2
train_error_function=1
train_stop_function=0
cascade_output_change_fraction=0.010000
quickprop_decay=-0.000100
quickprop_mu=1.750000
rprop_increase_factor=1.200000
rprop_decrease_factor=0.500000
rprop_delta_min=0.000000
rprop_delta_max=50.000000
rprop_delta_zero=0.100000
cascade_output_stagnation_epochs=12
cascade_candidate_change_fraction=0.010000
cascade_candidate_stagnation_epochs=12
cascade_max_out_epochs=150
cascade_min_out_epochs=50
cascade_max_cand_epochs=150
cascade_min_cand_epochs=50
cascade_num_candidate_groups=2
bit_fail_limit=3.49999994039535522461e-01
cascade_candidate_limit=1.00000000000000000000e+03
cascade_weight_multiplier=4.00000005960464477539e-01
cascade_activation_functions_count=10
cascade_activation_functions=3 5 7 8 10 11 14 15 16 17 
cascade_activation_steepnesses_count=4
cascade_activation_steepnesses=2.50000000000000000000e-01 5.00000000000000000000e-01 7.50000000000000000000e-01 1.00000000000000000000e+00 
layer_sizes=7 5 5 2 
scale_included=0
neurons (num_inputs, activation_function, activation_steepness)=(0, 0, 0.00000000000000000000e+00) (0, 0, 0.00000000000000000000e+00) (0, 0, 0.00000000000000000000e+00) (0, 0, 0.00000000000000000000e+00) (0, 0, 0.00000000000000000000e+00) (0, 0, 0.00000000000000000000e+00) (0, 0, 0.00000000000000000000e+00) (7, 3, 5.00000000000000000000e-01) (7, 3, 5.00000000000000000000e-01) (7, 3, 5.00000000000000000000e-01) (7, 3, 5.00000000000000000000e-01) (0, 3, 0.00000000000000000000e+00) (5, 3, 5.00000000000000000000e-01) (5, 3, 5.00000000000000000000e-01) (5, 3, 5.00000000000000000000e-01) (5, 3, 5.00000000000000000000e-01) (0, 3, 0.00000000000000000000e+00) (5, 0, 5.00000000000000000000e-01) (0, 0, 0.00000000000000000000e+00) 
connections (connected_to_neuron, weight)=(0, 4.33555889129638671875e+00) (1, 1.49998718261718750000e+03) (2, 1.50000000000000000000e+03) (3, -1.15276916503906250000e+03) (4, -1.73394958496093750000e+02) (5, -7.20416015625000000000e+02) (6, 5.56268751621246337891e-01) (0, 4.53830432891845703125e+00) (1, 8.91664733886718750000e+02) (2, -8.97828247070312500000e+02) (3, -1.15505590820312500000e+03) (4, 1.24803369140625000000e+03) (5, -5.14399841308593750000e+02) (6, 8.31303894519805908203e-01) (0, -2.60226190090179443359e-01) (1, 6.47692565917968750000e+02) (2, -4.03494834899902343750e+01) (3, -1.16470739746093750000e+03) (4, 1.50000000000000000000e+03) (5, -3.35483612060546875000e+02) (6, 1.04454851150512695312e+00) (0, -1.37063865661621093750e+01) (1, -1.50000000000000000000e+03) (2, -5.26013061523437500000e+02) (3, -1.14910900878906250000e+03) (4, 1.50000000000000000000e+03) (5, -2.75038543701171875000e+02) (6, 4.39018666744232177734e-01) (7, -1.64505910873413085938e+00) (8, -5.14962768554687500000e+00) (9, -3.80102181434631347656e+00) (10, 4.47007805109024047852e-01) (11, -9.02811050415039062500e-01) (7, 1.11794281005859375000e+00) (8, 1.68649363517761230469e+00) (9, -5.57608842849731445312e+00) (10, 2.56460279226303100586e-01) (11, -4.85166013240814208984e-01) (7, 8.39493811130523681641e-01) (8, 5.46469748020172119141e-01) (9, -1.13647210597991943359e+00) (10, 2.93474167585372924805e-01) (11, -4.61712986230850219727e-01) (7, -1.07616508007049560547e+00) (8, -3.31058616638183593750e+01) (9, -6.77304220199584960938e+00) (10, 2.69175124168395996094e+00) (11, -7.95031487941741943359e-01) (12, -2.18918994069099426270e-02) (13, 8.18927586078643798828e-02) (14, 2.62877140194177627563e-02) (15, -1.86210013926029205322e-02) (16, -1.86214339919388294220e-03) 
