FANN_FLO_2.1
num_layers=4
learning_rate=0.300000
connection_rate=1.000000
network_type=0
learning_momentum=0.000000
training_algorithm=2
train_error_function=1
train_stop_function=0
cascade_output_change_fraction=0.010000
quickprop_decay=-0.000100
quickprop_mu=1.750000
rprop_increase_factor=1.200000
rprop_decrease_factor=0.500000
rprop_delta_min=0.000000
rprop_delta_max=50.000000
rprop_delta_zero=0.100000
cascade_output_stagnation_epochs=12
cascade_candidate_change_fraction=0.010000
cascade_candidate_stagnation_epochs=12
cascade_max_out_epochs=150
cascade_min_out_epochs=50
cascade_max_cand_epochs=150
cascade_min_cand_epochs=50
cascade_num_candidate_groups=2
bit_fail_limit=3.49999994039535522461e-01
cascade_candidate_limit=1.00000000000000000000e+03
cascade_weight_multiplier=4.00000005960464477539e-01
cascade_activation_functions_count=10
cascade_activation_functions=3 5 7 8 10 11 14 15 16 17 
cascade_activation_steepnesses_count=4
cascade_activation_steepnesses=2.50000000000000000000e-01 5.00000000000000000000e-01 7.50000000000000000000e-01 1.00000000000000000000e+00 
layer_sizes=2 5 5 3 
scale_included=0
neurons (num_inputs, activation_function, activation_steepness)=(0, 0, 0.00000000000000000000e+00) (0, 0, 0.00000000000000000000e+00) (2, 3, 5.00000000000000000000e-01) (2, 3, 5.00000000000000000000e-01) (2, 3, 5.00000000000000000000e-01) (2, 3, 5.00000000000000000000e-01) (0, 3, 0.00000000000000000000e+00) (5, 3, 5.00000000000000000000e-01) (5, 3, 5.00000000000000000000e-01) (5, 3, 5.00000000000000000000e-01) (5, 3, 5.00000000000000000000e-01) (0, 3, 0.00000000000000000000e+00) (5, 0, 5.00000000000000000000e-01) (5, 0, 5.00000000000000000000e-01) (0, 0, 0.00000000000000000000e+00) 
connections (connected_to_neuron, weight)=(0, -2.82841062545776367188e+00) (1, -4.42705154418945312500e+00) (0, -3.11880469322204589844e+00) (1, -4.60021114349365234375e+00) (0, -1.21346397399902343750e+01) (1, -4.80407387018203735352e-01) (0, -1.91988010406494140625e+01) (1, -2.36946034431457519531e+00) (2, 7.92556405067443847656e-01) (3, 8.29016208648681640625e-01) (4, 4.90785598754882812500e-01) (5, 5.76433718204498291016e-01) (6, -7.08902299404144287109e-01) (2, 7.43813991546630859375e-01) (3, 6.39117300510406494141e-01) (4, 1.02435207366943359375e+00) (5, 1.40626454353332519531e+00) (6, -1.34505343437194824219e+00) (2, 9.66681659221649169922e-01) (3, 9.37559247016906738281e-01) (4, 3.55068981647491455078e-01) (5, 2.22664880752563476562e+00) (6, -1.53422251343727111816e-01) (2, 8.94702553749084472656e-01) (3, 9.29397225379943847656e-01) (4, 4.90451037883758544922e-01) (5, 2.39032626152038574219e+00) (6, -8.25752973556518554688e-01) (7, -8.43025743961334228516e-02) (8, 1.05343319475650787354e-01) (9, 4.86945025622844696045e-02) (10, 1.42030581831932067871e-01) (11, -2.09326565265655517578e-01) (7, -6.16168797016143798828e-01) (8, -5.99418699741363525391e-01) (9, -4.48266863822937011719e-01) (10, -4.83073920011520385742e-01) (11, -4.21794891357421875000e-01) 
