FANN_FLO_2.1
num_layers=3
learning_rate=0.500000
connection_rate=1.000000
network_type=0
learning_momentum=0.000000
training_algorithm=2
train_error_function=1
train_stop_function=0
cascade_output_change_fraction=0.010000
quickprop_decay=-0.000100
quickprop_mu=1.750000
rprop_increase_factor=1.200000
rprop_decrease_factor=0.500000
rprop_delta_min=0.000000
rprop_delta_max=50.000000
rprop_delta_zero=0.100000
cascade_output_stagnation_epochs=12
cascade_candidate_change_fraction=0.010000
cascade_candidate_stagnation_epochs=12
cascade_max_out_epochs=150
cascade_min_out_epochs=50
cascade_max_cand_epochs=150
cascade_min_cand_epochs=50
cascade_num_candidate_groups=2
bit_fail_limit=3.49999994039535522461e-01
cascade_candidate_limit=1.00000000000000000000e+03
cascade_weight_multiplier=4.00000005960464477539e-01
cascade_activation_functions_count=10
cascade_activation_functions=3 5 7 8 10 11 14 15 16 17 
cascade_activation_steepnesses_count=4
cascade_activation_steepnesses=2.50000000000000000000e-01 5.00000000000000000000e-01 7.50000000000000000000e-01 1.00000000000000000000e+00 
layer_sizes=3 5 4 
scale_included=0
neurons (num_inputs, activation_function, activation_steepness)=(0, 0, 0.00000000000000000000e+00) (0, 0, 0.00000000000000000000e+00) (0, 0, 0.00000000000000000000e+00) (3, 3, 5.00000000000000000000e-01) (3, 3, 5.00000000000000000000e-01) (3, 3, 5.00000000000000000000e-01) (3, 3, 5.00000000000000000000e-01) (0, 3, 0.00000000000000000000e+00) (5, 0, 5.00000000000000000000e-01) (5, 0, 5.00000000000000000000e-01) (5, 0, 5.00000000000000000000e-01) (0, 0, 0.00000000000000000000e+00) 
connections (connected_to_neuron, weight)=(0, -2.54347968101501464844e+00) (1, -3.88724654912948608398e-01) (2, 6.03237390518188476562e-01) (0, -1.50000000000000000000e+03) (1, -1.50000000000000000000e+03) (2, -4.27600812911987304688e+00) (0, -1.68644123077392578125e+01) (1, 8.37287425994873046875e+00) (2, 7.69024133682250976562e+00) (0, -1.42432985305786132812e+01) (1, 1.11392660140991210938e+01) (2, 1.40314731597900390625e+01) (3, 4.71765899658203125000e+00) (4, 1.77741575241088867188e+00) (5, 1.45233714580535888672e+00) (6, 1.12170493602752685547e+00) (7, 1.01334071159362792969e+00) (3, 1.30438098907470703125e+01) (4, 4.33274316787719726562e+00) (5, 4.37206840515136718750e+00) (6, 4.86297750473022460938e+00) (7, 4.40649175643920898438e+00) (3, 4.14365959167480468750e+01) (4, 1.24027814865112304688e+01) (5, 1.37797012329101562500e+01) (6, 1.51894407272338867188e+01) (7, 2.03267097473144531250e+01) 
