FANN_FLO_2.1
num_layers=3
learning_rate=0.500000
connection_rate=1.000000
network_type=0
learning_momentum=0.000000
training_algorithm=2
train_error_function=1
train_stop_function=0
cascade_output_change_fraction=0.010000
quickprop_decay=-0.000100
quickprop_mu=1.750000
rprop_increase_factor=1.200000
rprop_decrease_factor=0.500000
rprop_delta_min=0.000000
rprop_delta_max=50.000000
rprop_delta_zero=0.100000
cascade_output_stagnation_epochs=12
cascade_candidate_change_fraction=0.010000
cascade_candidate_stagnation_epochs=12
cascade_max_out_epochs=150
cascade_min_out_epochs=50
cascade_max_cand_epochs=150
cascade_min_cand_epochs=50
cascade_num_candidate_groups=2
bit_fail_limit=3.49999994039535522461e-01
cascade_candidate_limit=1.00000000000000000000e+03
cascade_weight_multiplier=4.00000005960464477539e-01
cascade_activation_functions_count=10
cascade_activation_functions=3 5 7 8 10 11 14 15 16 17 
cascade_activation_steepnesses_count=4
cascade_activation_steepnesses=2.50000000000000000000e-01 5.00000000000000000000e-01 7.50000000000000000000e-01 1.00000000000000000000e+00 
layer_sizes=10 5 2 
scale_included=0
neurons (num_inputs, activation_function, activation_steepness)=(0, 0, 0.00000000000000000000e+00) (0, 0, 0.00000000000000000000e+00) (0, 0, 0.00000000000000000000e+00) (0, 0, 0.00000000000000000000e+00) (0, 0, 0.00000000000000000000e+00) (0, 0, 0.00000000000000000000e+00) (0, 0, 0.00000000000000000000e+00) (0, 0, 0.00000000000000000000e+00) (0, 0, 0.00000000000000000000e+00) (0, 0, 0.00000000000000000000e+00) (10, 3, 5.00000000000000000000e-01) (10, 3, 5.00000000000000000000e-01) (10, 3, 5.00000000000000000000e-01) (10, 3, 5.00000000000000000000e-01) (0, 3, 0.00000000000000000000e+00) (5, 3, 5.00000000000000000000e-01) (0, 3, 0.00000000000000000000e+00) 
connections (connected_to_neuron, weight)=(0, 2.30093803256750106812e-02) (1, -1.50885009765625000000e+00) (2, 2.63018155097961425781e+00) (3, -9.10086929798126220703e-01) (4, -2.07815527915954589844e+00) (5, 4.29759830236434936523e-01) (6, 5.37495613098144531250e+00) (7, -7.91896104812622070312e-01) (8, 3.34323501586914062500e+00) (9, -1.27335608005523681641e+00) (0, -1.92893338203430175781e+00) (1, 8.79164810180664062500e+01) (2, -1.57630783081054687500e+02) (3, -9.51292693614959716797e-01) (4, -5.10654449462890625000e+00) (5, -7.71054267883300781250e+00) (6, 1.16500473022460937500e+02) (7, -1.23362140655517578125e+01) (8, -1.50000000000000000000e+03) (9, 1.96107923984527587891e+00) (0, -6.94014430046081542969e-01) (1, 8.57044029235839843750e+00) (2, 6.67891621589660644531e-01) (3, 1.31674215197563171387e-01) (4, -3.93561887741088867188e+00) (5, -2.04026961326599121094e+00) (6, -3.29732574462890625000e+02) (7, -2.57228517532348632812e+00) (8, -2.79308868408203125000e+02) (9, 9.43284630775451660156e-01) (0, -8.97362947463989257812e-01) (1, -1.00495517253875732422e+00) (2, -7.18554019927978515625e-01) (3, -9.56591904163360595703e-01) (4, -9.32774066925048828125e-01) (5, -9.29933428764343261719e-01) (6, -5.89894175529479980469e-01) (7, -1.01792132854461669922e+00) (8, -6.52365624904632568359e-01) (9, 3.52236390113830566406e+00) (10, 2.33788713812828063965e-01) (11, -1.27533081054687500000e+02) (12, -1.28760498046875000000e+03) (13, -2.30861616134643554688e+00) (14, 7.76867687702178955078e-01) 
