FANN_FLO_2.1
num_layers=4
learning_rate=0.450000
connection_rate=1.000000
network_type=0
learning_momentum=0.000000
training_algorithm=2
train_error_function=1
train_stop_function=0
cascade_output_change_fraction=0.010000
quickprop_decay=-0.000100
quickprop_mu=1.750000
rprop_increase_factor=1.200000
rprop_decrease_factor=0.500000
rprop_delta_min=0.000000
rprop_delta_max=50.000000
rprop_delta_zero=0.100000
cascade_output_stagnation_epochs=12
cascade_candidate_change_fraction=0.010000
cascade_candidate_stagnation_epochs=12
cascade_max_out_epochs=150
cascade_min_out_epochs=50
cascade_max_cand_epochs=150
cascade_min_cand_epochs=50
cascade_num_candidate_groups=2
bit_fail_limit=3.49999994039535522461e-01
cascade_candidate_limit=1.00000000000000000000e+03
cascade_weight_multiplier=4.00000005960464477539e-01
cascade_activation_functions_count=10
cascade_activation_functions=3 5 7 8 10 11 14 15 16 17 
cascade_activation_steepnesses_count=4
cascade_activation_steepnesses=2.50000000000000000000e-01 5.00000000000000000000e-01 7.50000000000000000000e-01 1.00000000000000000000e+00 
layer_sizes=7 5 3 2 
scale_included=0
neurons (num_inputs, activation_function, activation_steepness)=(0, 0, 0.00000000000000000000e+00) (0, 0, 0.00000000000000000000e+00) (0, 0, 0.00000000000000000000e+00) (0, 0, 0.00000000000000000000e+00) (0, 0, 0.00000000000000000000e+00) (0, 0, 0.00000000000000000000e+00) (0, 0, 0.00000000000000000000e+00) (7, 3, 5.00000000000000000000e-01) (7, 3, 5.00000000000000000000e-01) (7, 3, 5.00000000000000000000e-01) (7, 3, 5.00000000000000000000e-01) (0, 3, 0.00000000000000000000e+00) (5, 3, 5.00000000000000000000e-01) (5, 3, 5.00000000000000000000e-01) (0, 3, 0.00000000000000000000e+00) (3, 0, 5.00000000000000000000e-01) (0, 0, 0.00000000000000000000e+00) 
connections (connected_to_neuron, weight)=(0, 3.83127288818359375000e+02) (1, 1.43517553710937500000e+03) (2, 1.50000000000000000000e+03) (3, 1.43517553710937500000e+03) (4, 1.43614013671875000000e+03) (5, 1.50000000000000000000e+03) (6, 2.55038380622863769531e+00) (0, -2.74342575073242187500e+01) (1, -4.77650604248046875000e+01) (2, -1.28672180175781250000e+03) (3, 6.92463934421539306641e-01) (4, 6.88705778121948242188e+00) (5, 9.66012939453125000000e+02) (6, 1.26028442382812500000e+00) (0, 3.47814500331878662109e-01) (1, 2.65428304672241210938e-01) (2, -3.99192005395889282227e-01) (3, -6.16622120141983032227e-02) (4, 5.31996071338653564453e-01) (5, -6.79643154144287109375e-01) (6, -3.86708766222000122070e-01) (0, 3.64584851264953613281e+00) (1, -1.58944249153137207031e-01) (2, -6.17715606689453125000e+01) (3, 1.51948139071464538574e-01) (4, 6.13271117210388183594e-01) (5, -2.33548393249511718750e+01) (6, 1.01727111816406250000e+02) (7, 5.51219749450683593750e+00) (8, -1.19336318969726562500e+01) (9, -1.81134376525878906250e+01) (10, 6.57358360290527343750e+00) (11, 1.02757608890533447266e+00) (7, 1.49801879882812500000e+03) (8, 8.74460786581039428711e-02) (9, -4.66049156188964843750e+01) (10, -1.44862036132812500000e+03) (11, -6.56031191349029541016e-01) (12, 2.32075750827789306641e-01) (13, -6.50575533509254455566e-02) (14, 7.20714405179023742676e-02) 
