FANN_FLO_2.1
num_layers=3
learning_rate=0.500000
connection_rate=1.000000
network_type=0
learning_momentum=0.000000
training_algorithm=2
train_error_function=1
train_stop_function=0
cascade_output_change_fraction=0.010000
quickprop_decay=-0.000100
quickprop_mu=1.750000
rprop_increase_factor=1.200000
rprop_decrease_factor=0.500000
rprop_delta_min=0.000000
rprop_delta_max=50.000000
rprop_delta_zero=0.100000
cascade_output_stagnation_epochs=12
cascade_candidate_change_fraction=0.010000
cascade_candidate_stagnation_epochs=12
cascade_max_out_epochs=150
cascade_min_out_epochs=50
cascade_max_cand_epochs=150
cascade_min_cand_epochs=50
cascade_num_candidate_groups=2
bit_fail_limit=3.49999994039535522461e-01
cascade_candidate_limit=1.00000000000000000000e+03
cascade_weight_multiplier=4.00000005960464477539e-01
cascade_activation_functions_count=10
cascade_activation_functions=3 5 7 8 10 11 14 15 16 17 
cascade_activation_steepnesses_count=4
cascade_activation_steepnesses=2.50000000000000000000e-01 5.00000000000000000000e-01 7.50000000000000000000e-01 1.00000000000000000000e+00 
layer_sizes=3 9 4 
scale_included=0
neurons (num_inputs, activation_function, activation_steepness)=(0, 0, 0.00000000000000000000e+00) (0, 0, 0.00000000000000000000e+00) (0, 0, 0.00000000000000000000e+00) (3, 3, 5.00000000000000000000e-01) (3, 3, 5.00000000000000000000e-01) (3, 3, 5.00000000000000000000e-01) (3, 3, 5.00000000000000000000e-01) (3, 3, 5.00000000000000000000e-01) (3, 3, 5.00000000000000000000e-01) (3, 3, 5.00000000000000000000e-01) (3, 3, 5.00000000000000000000e-01) (0, 3, 0.00000000000000000000e+00) (9, 0, 5.00000000000000000000e-01) (9, 0, 5.00000000000000000000e-01) (9, 0, 5.00000000000000000000e-01) (0, 0, 0.00000000000000000000e+00) 
connections (connected_to_neuron, weight)=(0, -3.21473979949951171875e+00) (1, -1.27852082252502441406e-01) (2, 8.49811744689941406250e+00) (0, -8.04117393493652343750e+00) (1, -1.78802919387817382812e+00) (2, 2.26009464263916015625e+00) (0, -2.68562436103820800781e+00) (1, 5.56670236587524414062e+00) (2, 2.57187604904174804688e-01) (0, -3.22229409217834472656e+00) (1, 1.58688950538635253906e+00) (2, 1.47548055648803710938e+00) (0, -4.21533823013305664062e+00) (1, 5.47871887683868408203e-01) (2, 1.89979541301727294922e+00) (0, -1.83424739837646484375e+01) (1, -6.90126276016235351562e+00) (2, -2.26467537879943847656e+00) (0, -2.11184620857238769531e+00) (1, -3.15768766403198242188e+00) (2, 9.47926282882690429688e-01) (0, -6.10937309265136718750e+00) (1, 3.45423316955566406250e+00) (2, 7.00590562820434570312e+00) (3, 1.10353343188762664795e-01) (4, 1.63845896720886230469e+00) (5, 3.14361596107482910156e+00) (6, 1.95490503311157226562e+00) (7, 9.48628544807434082031e-01) (8, 1.26004970073699951172e+00) (9, 2.40141248703002929688e+00) (10, -1.18105804920196533203e+00) (11, 2.20468655228614807129e-01) (3, 1.33213639259338378906e+00) (4, 3.99803209304809570312e+00) (5, 4.40810203552246093750e+00) (6, 4.53356552124023437500e+00) (7, 4.08890295028686523438e+00) (8, 2.66343069076538085938e+00) (9, 7.52898740768432617188e+00) (10, 2.49757099151611328125e+00) (11, 1.58483350276947021484e+00) (3, 8.48512172698974609375e+00) (4, 1.26067399978637695312e+01) (5, 1.15695457458496093750e+01) (6, 1.37291316986083984375e+01) (7, 1.37909765243530273438e+01) (8, 7.92619085311889648438e+00) (9, 2.44727764129638671875e+01) (10, 8.65892601013183593750e+00) (11, 8.36466503143310546875e+00) 
