FANN_FLO_2.1
num_layers=4
learning_rate=0.300000
connection_rate=1.000000
network_type=0
learning_momentum=0.000000
training_algorithm=2
train_error_function=1
train_stop_function=0
cascade_output_change_fraction=0.010000
quickprop_decay=-0.000100
quickprop_mu=1.750000
rprop_increase_factor=1.200000
rprop_decrease_factor=0.500000
rprop_delta_min=0.000000
rprop_delta_max=50.000000
rprop_delta_zero=0.100000
cascade_output_stagnation_epochs=12
cascade_candidate_change_fraction=0.010000
cascade_candidate_stagnation_epochs=12
cascade_max_out_epochs=150
cascade_min_out_epochs=50
cascade_max_cand_epochs=150
cascade_min_cand_epochs=50
cascade_num_candidate_groups=2
bit_fail_limit=3.49999994039535522461e-01
cascade_candidate_limit=1.00000000000000000000e+03
cascade_weight_multiplier=4.00000005960464477539e-01
cascade_activation_functions_count=10
cascade_activation_functions=3 5 7 8 10 11 14 15 16 17 
cascade_activation_steepnesses_count=4
cascade_activation_steepnesses=2.50000000000000000000e-01 5.00000000000000000000e-01 7.50000000000000000000e-01 1.00000000000000000000e+00 
layer_sizes=2 5 5 3 
scale_included=0
neurons (num_inputs, activation_function, activation_steepness)=(0, 0, 0.00000000000000000000e+00) (0, 0, 0.00000000000000000000e+00) (2, 3, 5.00000000000000000000e-01) (2, 3, 5.00000000000000000000e-01) (2, 3, 5.00000000000000000000e-01) (2, 3, 5.00000000000000000000e-01) (0, 3, 0.00000000000000000000e+00) (5, 3, 5.00000000000000000000e-01) (5, 3, 5.00000000000000000000e-01) (5, 3, 5.00000000000000000000e-01) (5, 3, 5.00000000000000000000e-01) (0, 3, 0.00000000000000000000e+00) (5, 0, 5.00000000000000000000e-01) (5, 0, 5.00000000000000000000e-01) (0, 0, 0.00000000000000000000e+00) 
connections (connected_to_neuron, weight)=(0, -1.54727668762207031250e+01) (1, -7.64487457275390625000e+00) (0, -5.31448459625244140625e+00) (1, -9.99487459659576416016e-01) (0, -5.14222192764282226562e+00) (1, -8.10654282569885253906e-01) (0, -3.79791736602783203125e+00) (1, -3.56109738349914550781e+00) (2, 1.90589928627014160156e+00) (3, 3.91547650098800659180e-01) (4, 2.08461314439773559570e-01) (5, -7.60944187641143798828e-01) (6, -8.21888819336891174316e-02) (2, 3.63053822517395019531e+00) (3, -1.24109101295471191406e+00) (4, -1.24084258079528808594e+00) (5, 2.71118193864822387695e-01) (6, -2.01969206333160400391e-01) (2, -1.23770296573638916016e+00) (3, -1.29442822933197021484e+00) (4, -1.01847028732299804688e+00) (5, 2.54201203584671020508e-01) (6, -7.29728415608406066895e-02) (2, 1.12263286113739013672e+00) (3, 4.31840658187866210938e-01) (4, 1.28537699580192565918e-01) (5, -3.12651968002319335938e+00) (6, -8.14033523201942443848e-02) (7, 1.44983492791652679443e-02) (8, -5.38883656263351440430e-02) (9, -9.59257662296295166016e-01) (10, 1.97008550167083740234e-01) (11, 1.62886939942836761475e-02) (7, -7.10879743099212646484e-01) (8, -7.14441061019897460938e-01) (9, 1.32753241062164306641e+00) (10, -1.18856537342071533203e+00) (11, -5.93613982200622558594e-01) 
