FANN_FLO_2.1
num_layers=4
learning_rate=0.450000
connection_rate=1.000000
network_type=0
learning_momentum=0.000000
training_algorithm=2
train_error_function=1
train_stop_function=0
cascade_output_change_fraction=0.010000
quickprop_decay=-0.000100
quickprop_mu=1.750000
rprop_increase_factor=1.200000
rprop_decrease_factor=0.500000
rprop_delta_min=0.000000
rprop_delta_max=50.000000
rprop_delta_zero=0.100000
cascade_output_stagnation_epochs=12
cascade_candidate_change_fraction=0.010000
cascade_candidate_stagnation_epochs=12
cascade_max_out_epochs=150
cascade_min_out_epochs=50
cascade_max_cand_epochs=150
cascade_min_cand_epochs=50
cascade_num_candidate_groups=2
bit_fail_limit=3.49999994039535522461e-01
cascade_candidate_limit=1.00000000000000000000e+03
cascade_weight_multiplier=4.00000005960464477539e-01
cascade_activation_functions_count=10
cascade_activation_functions=3 5 7 8 10 11 14 15 16 17 
cascade_activation_steepnesses_count=4
cascade_activation_steepnesses=2.50000000000000000000e-01 5.00000000000000000000e-01 7.50000000000000000000e-01 1.00000000000000000000e+00 
layer_sizes=7 5 5 2 
scale_included=0
neurons (num_inputs, activation_function, activation_steepness)=(0, 0, 0.00000000000000000000e+00) (0, 0, 0.00000000000000000000e+00) (0, 0, 0.00000000000000000000e+00) (0, 0, 0.00000000000000000000e+00) (0, 0, 0.00000000000000000000e+00) (0, 0, 0.00000000000000000000e+00) (0, 0, 0.00000000000000000000e+00) (7, 3, 5.00000000000000000000e-01) (7, 3, 5.00000000000000000000e-01) (7, 3, 5.00000000000000000000e-01) (7, 3, 5.00000000000000000000e-01) (0, 3, 0.00000000000000000000e+00) (5, 3, 5.00000000000000000000e-01) (5, 3, 5.00000000000000000000e-01) (5, 3, 5.00000000000000000000e-01) (5, 3, 5.00000000000000000000e-01) (0, 3, 0.00000000000000000000e+00) (5, 0, 5.00000000000000000000e-01) (0, 0, 0.00000000000000000000e+00) 
connections (connected_to_neuron, weight)=(0, 1.48399121093750000000e+03) (1, 1.50000000000000000000e+03) (2, -1.50000000000000000000e+03) (3, 1.02085443115234375000e+03) (4, 1.50000000000000000000e+03) (5, -1.50000000000000000000e+03) (6, 1.49556811523437500000e+03) (0, -7.39762112498283386230e-02) (1, 6.19148135185241699219e-01) (2, 1.23000276088714599609e+00) (3, -6.87983751296997070312e-01) (4, 3.53525066375732421875e+00) (5, -2.44050979614257812500e-01) (6, 2.04404401779174804688e+00) (0, -4.24741178750991821289e-01) (1, -1.08396053314208984375e+00) (2, 8.94229125976562500000e+00) (3, -9.83443677425384521484e-01) (4, 3.68749809265136718750e+00) (5, 3.41655683517456054688e+00) (6, -5.86849975585937500000e+00) (0, -1.14024184644222259521e-01) (1, 5.31147062778472900391e-01) (2, 6.50967001914978027344e-01) (3, -2.07660749554634094238e-01) (4, 6.45311057567596435547e-01) (5, 9.37042310833930969238e-02) (6, 1.97753272950649261475e-02) (7, 4.65709358453750610352e-01) (8, 1.02397680282592773438e+01) (9, -5.30727577209472656250e+00) (10, 3.27677822113037109375e+00) (11, 3.38960528373718261719e-01) (7, 1.58195868134498596191e-01) (8, -2.59671764373779296875e+01) (9, 1.70060145854949951172e+00) (10, 1.90274848937988281250e+01) (11, 1.89523816108703613281e-01) (7, -1.02889990806579589844e+00) (8, 8.14254820346832275391e-01) (9, 3.36245560646057128906e+00) (10, -1.58362913131713867188e+00) (11, -4.88412666320800781250e+00) (7, 1.61260020732879638672e+00) (8, 5.66081523895263671875e+00) (9, -8.68784904479980468750e+00) (10, 3.13228750228881835938e+00) (11, 1.09183049201965332031e+00) (12, -7.91835039854049682617e-02) (13, 7.73626756668090820312e+00) (14, 5.76114356517791748047e-01) (15, -7.04146251082420349121e-02) (16, 9.67196971178054809570e-02) 
