FANN_FLO_2.1
num_layers=3
learning_rate=0.450000
connection_rate=1.000000
network_type=0
learning_momentum=0.000000
training_algorithm=2
train_error_function=1
train_stop_function=0
cascade_output_change_fraction=0.010000
quickprop_decay=-0.000100
quickprop_mu=1.750000
rprop_increase_factor=1.200000
rprop_decrease_factor=0.500000
rprop_delta_min=0.000000
rprop_delta_max=50.000000
rprop_delta_zero=0.100000
cascade_output_stagnation_epochs=12
cascade_candidate_change_fraction=0.010000
cascade_candidate_stagnation_epochs=12
cascade_max_out_epochs=150
cascade_min_out_epochs=50
cascade_max_cand_epochs=150
cascade_min_cand_epochs=50
cascade_num_candidate_groups=2
bit_fail_limit=3.49999994039535522461e-01
cascade_candidate_limit=1.00000000000000000000e+03
cascade_weight_multiplier=4.00000005960464477539e-01
cascade_activation_functions_count=10
cascade_activation_functions=3 5 7 8 10 11 14 15 16 17 
cascade_activation_steepnesses_count=4
cascade_activation_steepnesses=2.50000000000000000000e-01 5.00000000000000000000e-01 7.50000000000000000000e-01 1.00000000000000000000e+00 
layer_sizes=7 5 2 
scale_included=0
neurons (num_inputs, activation_function, activation_steepness)=(0, 0, 0.00000000000000000000e+00) (0, 0, 0.00000000000000000000e+00) (0, 0, 0.00000000000000000000e+00) (0, 0, 0.00000000000000000000e+00) (0, 0, 0.00000000000000000000e+00) (0, 0, 0.00000000000000000000e+00) (0, 0, 0.00000000000000000000e+00) (7, 3, 5.00000000000000000000e-01) (7, 3, 5.00000000000000000000e-01) (7, 3, 5.00000000000000000000e-01) (7, 3, 5.00000000000000000000e-01) (0, 3, 0.00000000000000000000e+00) (5, 0, 5.00000000000000000000e-01) (0, 0, 0.00000000000000000000e+00) 
connections (connected_to_neuron, weight)=(0, 3.14701293945312500000e+02) (1, 1.50000000000000000000e+03) (2, 1.50674011230468750000e+02) (3, 6.40501037597656250000e+02) (4, 1.50000000000000000000e+03) (5, 1.46736486816406250000e+03) (6, -7.34509706497192382812e-01) (0, 1.50000000000000000000e+03) (1, -1.50000000000000000000e+03) (2, 1.50000000000000000000e+03) (3, 1.44080981445312500000e+03) (4, -1.50000000000000000000e+03) (5, 1.50000000000000000000e+03) (6, 7.49556522350758314133e-04) (0, 2.07203231811523437500e+02) (1, -1.40839746093750000000e+03) (2, 5.44841796875000000000e+02) (3, 1.56024608612060546875e+01) (4, -1.40839746093750000000e+03) (5, 3.04681060791015625000e+02) (6, -7.48805642127990722656e-01) (0, -8.15976867675781250000e+01) (1, 1.50000000000000000000e+03) (2, -1.30659167480468750000e+03) (3, -1.28963680267333984375e+01) (4, 1.50000000000000000000e+03) (5, -1.47891369628906250000e+03) (6, -9.15603816509246826172e-01) (7, -1.81205337867140769958e-03) (8, 3.50170955061912536621e-03) (9, -1.99674682617187500000e+01) (10, -5.25019690394401550293e-02) (11, 6.57418593764305114746e-02) 
