FANN_FLO_2.1
num_layers=3
learning_rate=0.500000
connection_rate=1.000000
network_type=0
learning_momentum=0.000000
training_algorithm=2
train_error_function=1
train_stop_function=0
cascade_output_change_fraction=0.010000
quickprop_decay=-0.000100
quickprop_mu=1.750000
rprop_increase_factor=1.200000
rprop_decrease_factor=0.500000
rprop_delta_min=0.000000
rprop_delta_max=50.000000
rprop_delta_zero=0.100000
cascade_output_stagnation_epochs=12
cascade_candidate_change_fraction=0.010000
cascade_candidate_stagnation_epochs=12
cascade_max_out_epochs=150
cascade_min_out_epochs=50
cascade_max_cand_epochs=150
cascade_min_cand_epochs=50
cascade_num_candidate_groups=2
bit_fail_limit=3.49999994039535522461e-01
cascade_candidate_limit=1.00000000000000000000e+03
cascade_weight_multiplier=4.00000005960464477539e-01
cascade_activation_functions_count=10
cascade_activation_functions=3 5 7 8 10 11 14 15 16 17 
cascade_activation_steepnesses_count=4
cascade_activation_steepnesses=2.50000000000000000000e-01 5.00000000000000000000e-01 7.50000000000000000000e-01 1.00000000000000000000e+00 
layer_sizes=7 5 2 
scale_included=0
neurons (num_inputs, activation_function, activation_steepness)=(0, 0, 0.00000000000000000000e+00) (0, 0, 0.00000000000000000000e+00) (0, 0, 0.00000000000000000000e+00) (0, 0, 0.00000000000000000000e+00) (0, 0, 0.00000000000000000000e+00) (0, 0, 0.00000000000000000000e+00) (0, 0, 0.00000000000000000000e+00) (7, 3, 5.00000000000000000000e-01) (7, 3, 5.00000000000000000000e-01) (7, 3, 5.00000000000000000000e-01) (7, 3, 5.00000000000000000000e-01) (0, 3, 0.00000000000000000000e+00) (5, 0, 5.00000000000000000000e-01) (0, 0, 0.00000000000000000000e+00) 
connections (connected_to_neuron, weight)=(0, -7.41681814193725585938e-01) (1, -6.32348537445068359375e-01) (2, 1.30528199672698974609e+00) (3, -5.38645088672637939453e-01) (4, 6.26916661858558654785e-02) (5, 9.65950846672058105469e-01) (6, -4.56122219562530517578e-01) (0, -2.89805263280868530273e-01) (1, -2.60499835014343261719e-01) (2, 1.00006234645843505859e+00) (3, -4.19285714626312255859e-01) (4, 3.31527069211006164551e-02) (5, 6.81708455085754394531e-02) (6, -2.85749793052673339844e-01) (0, -3.03142696619033813477e-01) (1, -4.01488333940505981445e-01) (2, 3.33262413740158081055e-01) (3, -2.92295515537261962891e-01) (4, 4.22441750764846801758e-01) (5, 2.67500370740890502930e-01) (6, -2.72439688444137573242e-01) (0, 1.04971550405025482178e-01) (1, -8.27316641807556152344e-01) (2, -3.75349745154380798340e-02) (3, -1.22342121601104736328e+00) (4, 2.49300403594970703125e+01) (5, -2.16630196571350097656e+00) (6, -7.69877862930297851562e+00) (7, 2.46576834470033645630e-02) (8, -2.59592719376087188721e-02) (9, -3.65506112575531005859e-02) (10, -1.06953233480453491211e-01) (11, 1.23210370540618896484e-01) 
