FANN_FLO_2.1
num_layers=4
learning_rate=0.500000
connection_rate=1.000000
network_type=0
learning_momentum=0.000000
training_algorithm=2
train_error_function=1
train_stop_function=0
cascade_output_change_fraction=0.010000
quickprop_decay=-0.000100
quickprop_mu=1.750000
rprop_increase_factor=1.200000
rprop_decrease_factor=0.500000
rprop_delta_min=0.000000
rprop_delta_max=50.000000
rprop_delta_zero=0.100000
cascade_output_stagnation_epochs=12
cascade_candidate_change_fraction=0.010000
cascade_candidate_stagnation_epochs=12
cascade_max_out_epochs=150
cascade_min_out_epochs=50
cascade_max_cand_epochs=150
cascade_min_cand_epochs=50
cascade_num_candidate_groups=2
bit_fail_limit=3.49999994039535522461e-01
cascade_candidate_limit=1.00000000000000000000e+03
cascade_weight_multiplier=4.00000005960464477539e-01
cascade_activation_functions_count=10
cascade_activation_functions=3 5 7 8 10 11 14 15 16 17 
cascade_activation_steepnesses_count=4
cascade_activation_steepnesses=2.50000000000000000000e-01 5.00000000000000000000e-01 7.50000000000000000000e-01 1.00000000000000000000e+00 
layer_sizes=4 5 3 2 
scale_included=0
neurons (num_inputs, activation_function, activation_steepness)=(0, 0, 0.00000000000000000000e+00) (0, 0, 0.00000000000000000000e+00) (0, 0, 0.00000000000000000000e+00) (0, 0, 0.00000000000000000000e+00) (4, 3, 5.00000000000000000000e-01) (4, 3, 5.00000000000000000000e-01) (4, 3, 5.00000000000000000000e-01) (4, 3, 5.00000000000000000000e-01) (0, 3, 0.00000000000000000000e+00) (5, 3, 5.00000000000000000000e-01) (5, 3, 5.00000000000000000000e-01) (0, 3, 0.00000000000000000000e+00) (3, 3, 5.00000000000000000000e-01) (0, 3, 0.00000000000000000000e+00) 
connections (connected_to_neuron, weight)=(0, -7.80276441574096679688e+00) (1, -1.70573978424072265625e+01) (2, -3.30874085426330566406e-01) (3, 1.05599088668823242188e+01) (0, 6.71821737289428710938e+00) (1, 7.85012912750244140625e+00) (2, 1.50000000000000000000e+03) (3, 1.51184976100921630859e-01) (0, 9.53747844696044921875e+00) (1, -3.07664227485656738281e+00) (2, -6.99246168136596679688e+00) (3, -1.43160808086395263672e+00) (0, -4.82257223129272460938e+00) (1, -5.62965011596679687500e+00) (2, 4.69447469711303710938e+00) (3, 2.01063036918640136719e+00) (4, 2.67733535766601562500e+01) (5, -2.50671076774597167969e+00) (6, -1.19857025146484375000e+01) (7, 4.03013610839843750000e+00) (8, -1.31310790777206420898e-01) (4, 2.85919075012207031250e+01) (5, -2.49640631675720214844e+00) (6, -1.28431215286254882812e+01) (7, 3.38325858116149902344e+00) (8, -9.55131351947784423828e-02) (9, -7.19074130058288574219e-01) (10, -3.53514909744262695312e+00) (11, 2.03256893157958984375e+00) 
