FANN_FLO_2.1
num_layers=3
learning_rate=0.500000
connection_rate=1.000000
network_type=0
learning_momentum=0.000000
training_algorithm=2
train_error_function=1
train_stop_function=0
cascade_output_change_fraction=0.010000
quickprop_decay=-0.000100
quickprop_mu=1.750000
rprop_increase_factor=1.200000
rprop_decrease_factor=0.500000
rprop_delta_min=0.000000
rprop_delta_max=50.000000
rprop_delta_zero=0.100000
cascade_output_stagnation_epochs=12
cascade_candidate_change_fraction=0.010000
cascade_candidate_stagnation_epochs=12
cascade_max_out_epochs=150
cascade_min_out_epochs=50
cascade_max_cand_epochs=150
cascade_min_cand_epochs=50
cascade_num_candidate_groups=2
bit_fail_limit=3.49999994039535522461e-01
cascade_candidate_limit=1.00000000000000000000e+03
cascade_weight_multiplier=4.00000005960464477539e-01
cascade_activation_functions_count=10
cascade_activation_functions=3 5 7 8 10 11 14 15 16 17 
cascade_activation_steepnesses_count=4
cascade_activation_steepnesses=2.50000000000000000000e-01 5.00000000000000000000e-01 7.50000000000000000000e-01 1.00000000000000000000e+00 
layer_sizes=7 5 2 
scale_included=0
neurons (num_inputs, activation_function, activation_steepness)=(0, 0, 0.00000000000000000000e+00) (0, 0, 0.00000000000000000000e+00) (0, 0, 0.00000000000000000000e+00) (0, 0, 0.00000000000000000000e+00) (0, 0, 0.00000000000000000000e+00) (0, 0, 0.00000000000000000000e+00) (0, 0, 0.00000000000000000000e+00) (7, 3, 5.00000000000000000000e-01) (7, 3, 5.00000000000000000000e-01) (7, 3, 5.00000000000000000000e-01) (7, 3, 5.00000000000000000000e-01) (0, 3, 0.00000000000000000000e+00) (5, 0, 5.00000000000000000000e-01) (0, 0, 0.00000000000000000000e+00) 
connections (connected_to_neuron, weight)=(0, -1.58380642533302307129e-01) (1, 1.06229865550994873047e+00) (2, 5.41484773159027099609e-01) (3, -3.96979391574859619141e-01) (4, 5.65707623958587646484e-01) (5, -1.40126085281372070312e+00) (6, -5.82842290401458740234e-01) (0, 7.28577077388763427734e-02) (1, -9.77772057056427001953e-01) (2, 1.07772365212440490723e-01) (3, 6.06211088597774505615e-02) (4, 1.00857906043529510498e-01) (5, 5.01589298248291015625e-01) (6, 3.02887707948684692383e-01) (0, 1.11263239383697509766e+00) (1, -3.15922660827636718750e+01) (2, 2.64111843109130859375e+01) (3, -9.25769954919815063477e-02) (4, -4.24860954284667968750e+00) (5, 1.30323390960693359375e+01) (6, 6.00009584426879882812e+00) (0, -1.28652751445770263672e+00) (1, 2.10284495353698730469e+00) (2, 7.94541645050048828125e+00) (3, -1.93453085422515869141e+00) (4, 6.67585790157318115234e-01) (5, -5.59870529174804687500e+00) (6, -1.05653610229492187500e+01) (7, -1.59936890006065368652e-01) (8, -1.67142644524574279785e-01) (9, -1.01607413962483406067e-02) (10, -6.88447430729866027832e-03) (11, 1.76279336214065551758e-01) 
