FANN_FLO_2.1
num_layers=3
learning_rate=0.500000
connection_rate=1.000000
network_type=0
learning_momentum=0.000000
training_algorithm=2
train_error_function=1
train_stop_function=0
cascade_output_change_fraction=0.010000
quickprop_decay=-0.000100
quickprop_mu=1.750000
rprop_increase_factor=1.200000
rprop_decrease_factor=0.500000
rprop_delta_min=0.000000
rprop_delta_max=50.000000
rprop_delta_zero=0.100000
cascade_output_stagnation_epochs=12
cascade_candidate_change_fraction=0.010000
cascade_candidate_stagnation_epochs=12
cascade_max_out_epochs=150
cascade_min_out_epochs=50
cascade_max_cand_epochs=150
cascade_min_cand_epochs=50
cascade_num_candidate_groups=2
bit_fail_limit=3.49999994039535522461e-01
cascade_candidate_limit=1.00000000000000000000e+03
cascade_weight_multiplier=4.00000005960464477539e-01
cascade_activation_functions_count=10
cascade_activation_functions=3 5 7 8 10 11 14 15 16 17 
cascade_activation_steepnesses_count=4
cascade_activation_steepnesses=2.50000000000000000000e-01 5.00000000000000000000e-01 7.50000000000000000000e-01 1.00000000000000000000e+00 
layer_sizes=10 5 2 
scale_included=0
neurons (num_inputs, activation_function, activation_steepness)=(0, 0, 0.00000000000000000000e+00) (0, 0, 0.00000000000000000000e+00) (0, 0, 0.00000000000000000000e+00) (0, 0, 0.00000000000000000000e+00) (0, 0, 0.00000000000000000000e+00) (0, 0, 0.00000000000000000000e+00) (0, 0, 0.00000000000000000000e+00) (0, 0, 0.00000000000000000000e+00) (0, 0, 0.00000000000000000000e+00) (0, 0, 0.00000000000000000000e+00) (10, 3, 5.00000000000000000000e-01) (10, 3, 5.00000000000000000000e-01) (10, 3, 5.00000000000000000000e-01) (10, 3, 5.00000000000000000000e-01) (0, 3, 0.00000000000000000000e+00) (5, 3, 5.00000000000000000000e-01) (0, 3, 0.00000000000000000000e+00) 
connections (connected_to_neuron, weight)=(0, -7.03792512416839599609e-01) (1, 2.84647762775421142578e-01) (2, -6.58760607242584228516e-01) (3, -1.45770639181137084961e-01) (4, -4.93999838829040527344e-01) (5, -6.32257640361785888672e-01) (6, -4.38553512096405029297e-01) (7, -4.23315137624740600586e-01) (8, -5.20693063735961914062e-01) (9, 1.33493518829345703125e+00) (0, 1.07628786563873291016e+00) (1, -1.18290734291076660156e+00) (2, 5.08306860923767089844e-01) (3, 2.03944492340087890625e+00) (4, -1.43218934535980224609e+00) (5, 4.42308038473129272461e-01) (6, 8.64094913005828857422e-01) (7, 7.02026188373565673828e-01) (8, 4.78521615266799926758e-01) (9, 4.59729880094528198242e-01) (0, -3.03684771060943603516e-01) (1, -6.27840340137481689453e-01) (2, -3.48985433578491210938e-01) (3, -3.28473597764968872070e-01) (4, -5.19067049026489257812e-01) (5, -3.72494399547576904297e-01) (6, -3.26274842023849487305e-01) (7, -3.81503820419311523438e-01) (8, -3.59162658452987670898e-01) (9, 1.12688004970550537109e+00) (0, -4.25208479166030883789e-01) (1, -7.30697661638259887695e-02) (2, -2.66374379396438598633e-01) (3, -4.39926117658615112305e-01) (4, -1.46519377827644348145e-01) (5, -2.91502624750137329102e-01) (6, -9.20123696327209472656e-01) (7, -2.98651456832885742188e-01) (8, -3.72759312391281127930e-01) (9, 4.57154363393783569336e-01) (10, -6.50474905967712402344e-01) (11, 6.88055634498596191406e-01) (12, -4.06935453414916992188e+00) (13, -1.02528512477874755859e-01) (14, 1.05228137969970703125e+00) 
