FANN_FLO_2.1
num_layers=3
learning_rate=0.450000
connection_rate=1.000000
network_type=0
learning_momentum=0.000000
training_algorithm=2
train_error_function=1
train_stop_function=0
cascade_output_change_fraction=0.010000
quickprop_decay=-0.000100
quickprop_mu=1.750000
rprop_increase_factor=1.200000
rprop_decrease_factor=0.500000
rprop_delta_min=0.000000
rprop_delta_max=50.000000
rprop_delta_zero=0.100000
cascade_output_stagnation_epochs=12
cascade_candidate_change_fraction=0.010000
cascade_candidate_stagnation_epochs=12
cascade_max_out_epochs=150
cascade_min_out_epochs=50
cascade_max_cand_epochs=150
cascade_min_cand_epochs=50
cascade_num_candidate_groups=2
bit_fail_limit=3.49999994039535522461e-01
cascade_candidate_limit=1.00000000000000000000e+03
cascade_weight_multiplier=4.00000005960464477539e-01
cascade_activation_functions_count=10
cascade_activation_functions=3 5 7 8 10 11 14 15 16 17 
cascade_activation_steepnesses_count=4
cascade_activation_steepnesses=2.50000000000000000000e-01 5.00000000000000000000e-01 7.50000000000000000000e-01 1.00000000000000000000e+00 
layer_sizes=7 5 2 
scale_included=0
neurons (num_inputs, activation_function, activation_steepness)=(0, 0, 0.00000000000000000000e+00) (0, 0, 0.00000000000000000000e+00) (0, 0, 0.00000000000000000000e+00) (0, 0, 0.00000000000000000000e+00) (0, 0, 0.00000000000000000000e+00) (0, 0, 0.00000000000000000000e+00) (0, 0, 0.00000000000000000000e+00) (7, 3, 5.00000000000000000000e-01) (7, 3, 5.00000000000000000000e-01) (7, 3, 5.00000000000000000000e-01) (7, 3, 5.00000000000000000000e-01) (0, 3, 0.00000000000000000000e+00) (5, 0, 5.00000000000000000000e-01) (0, 0, 0.00000000000000000000e+00) 
connections (connected_to_neuron, weight)=(0, -2.34696674346923828125e+01) (1, 8.02613925933837890625e+00) (2, -9.79205627441406250000e+01) (3, -6.56312346458435058594e-01) (4, 1.40150749683380126953e+00) (5, 8.76397399902343750000e+01) (6, -7.52064824104309082031e-01) (0, 3.40150706470012664795e-02) (1, -2.54040747880935668945e-01) (2, 2.18996286392211914062e-01) (3, 1.16342201828956604004e-01) (4, -2.06595361232757568359e-01) (5, 1.61119773983955383301e-01) (6, -4.43487453460693359375e+00) (0, -2.23854646086692810059e-01) (1, 1.49046691894531250000e+03) (2, -1.49266809082031250000e+03) (3, -5.11915743350982666016e-01) (4, 1.03258028030395507812e+01) (5, -1.33708825683593750000e+03) (6, -1.64693877100944519043e-01) (0, -1.64084959030151367188e+00) (1, -2.37031388282775878906e+00) (2, 6.40758562088012695312e+00) (3, -1.97266268730163574219e+00) (4, -1.04880752563476562500e+01) (5, 9.46020412445068359375e+00) (6, -1.94635081291198730469e+00) (7, -2.54689231514930725098e-02) (8, 4.38821345567703247070e-01) (9, 2.60178148746490478516e-02) (10, -9.48027223348617553711e-02) (11, -7.78363505378365516663e-03) 
