FANN_FLO_2.1
num_layers=3
learning_rate=0.400000
connection_rate=1.000000
network_type=0
learning_momentum=0.000000
training_algorithm=2
train_error_function=1
train_stop_function=0
cascade_output_change_fraction=0.010000
quickprop_decay=-0.000100
quickprop_mu=1.750000
rprop_increase_factor=1.200000
rprop_decrease_factor=0.500000
rprop_delta_min=0.000000
rprop_delta_max=50.000000
rprop_delta_zero=0.100000
cascade_output_stagnation_epochs=12
cascade_candidate_change_fraction=0.010000
cascade_candidate_stagnation_epochs=12
cascade_max_out_epochs=150
cascade_min_out_epochs=50
cascade_max_cand_epochs=150
cascade_min_cand_epochs=50
cascade_num_candidate_groups=2
bit_fail_limit=3.49999994039535522461e-01
cascade_candidate_limit=1.00000000000000000000e+03
cascade_weight_multiplier=4.00000005960464477539e-01
cascade_activation_functions_count=10
cascade_activation_functions=3 5 7 8 10 11 14 15 16 17 
cascade_activation_steepnesses_count=4
cascade_activation_steepnesses=2.50000000000000000000e-01 5.00000000000000000000e-01 7.50000000000000000000e-01 1.00000000000000000000e+00 
layer_sizes=6 5 2 
scale_included=0
neurons (num_inputs, activation_function, activation_steepness)=(0, 0, 0.00000000000000000000e+00) (0, 0, 0.00000000000000000000e+00) (0, 0, 0.00000000000000000000e+00) (0, 0, 0.00000000000000000000e+00) (0, 0, 0.00000000000000000000e+00) (0, 0, 0.00000000000000000000e+00) (6, 3, 5.00000000000000000000e-01) (6, 3, 5.00000000000000000000e-01) (6, 3, 5.00000000000000000000e-01) (6, 3, 5.00000000000000000000e-01) (0, 3, 0.00000000000000000000e+00) (5, 0, 5.00000000000000000000e-01) (0, 0, 0.00000000000000000000e+00) 
connections (connected_to_neuron, weight)=(0, -1.42708349609375000000e+03) (1, -1.43222448730468750000e+03) (2, 8.65757751464843750000e+01) (3, -5.19614013671875000000e+02) (4, 1.35146033763885498047e+00) (5, 9.11804735660552978516e-01) (0, 1.01488113403320312500e+01) (1, 7.47820587158203125000e+01) (2, 5.78659296035766601562e-01) (3, 1.47366607666015625000e+02) (4, 6.09559416770935058594e-01) (5, 2.41007395088672637939e-02) (0, -1.40274560546875000000e+03) (1, -1.43222448730468750000e+03) (2, 2.09852528572082519531e+00) (3, -6.99079895019531250000e+01) (4, -1.44017200469970703125e+01) (5, -2.04787746071815490723e-01) (0, -1.42708349609375000000e+03) (1, -4.42807722091674804688e+00) (2, -2.65418857336044311523e-01) (3, -7.23012745380401611328e-01) (4, -7.62908756732940673828e-02) (5, 2.27051824331283569336e-02) (6, 3.94527077674865722656e-01) (7, -6.14655952453613281250e+01) (8, 1.85308322906494140625e+01) (9, 5.77090215682983398438e+00) (10, 7.38383233547210693359e-01) 
