FANN_FLO_2.1
num_layers=3
learning_rate=0.300000
connection_rate=1.000000
network_type=0
learning_momentum=0.000000
training_algorithm=2
train_error_function=1
train_stop_function=0
cascade_output_change_fraction=0.010000
quickprop_decay=-0.000100
quickprop_mu=1.750000
rprop_increase_factor=1.200000
rprop_decrease_factor=0.500000
rprop_delta_min=0.000000
rprop_delta_max=50.000000
rprop_delta_zero=0.100000
cascade_output_stagnation_epochs=12
cascade_candidate_change_fraction=0.010000
cascade_candidate_stagnation_epochs=12
cascade_max_out_epochs=150
cascade_min_out_epochs=50
cascade_max_cand_epochs=150
cascade_min_cand_epochs=50
cascade_num_candidate_groups=2
bit_fail_limit=3.49999994039535522461e-01
cascade_candidate_limit=1.00000000000000000000e+03
cascade_weight_multiplier=4.00000005960464477539e-01
cascade_activation_functions_count=10
cascade_activation_functions=3 5 7 8 10 11 14 15 16 17 
cascade_activation_steepnesses_count=4
cascade_activation_steepnesses=2.50000000000000000000e-01 5.00000000000000000000e-01 7.50000000000000000000e-01 1.00000000000000000000e+00 
layer_sizes=4 9 2 
scale_included=0
neurons (num_inputs, activation_function, activation_steepness)=(0, 0, 0.00000000000000000000e+00) (0, 0, 0.00000000000000000000e+00) (0, 0, 0.00000000000000000000e+00) (0, 0, 0.00000000000000000000e+00) (4, 3, 5.00000000000000000000e-01) (4, 3, 5.00000000000000000000e-01) (4, 3, 5.00000000000000000000e-01) (4, 3, 5.00000000000000000000e-01) (4, 3, 5.00000000000000000000e-01) (4, 3, 5.00000000000000000000e-01) (4, 3, 5.00000000000000000000e-01) (4, 3, 5.00000000000000000000e-01) (0, 3, 0.00000000000000000000e+00) (9, 3, 5.00000000000000000000e-01) (0, 3, 0.00000000000000000000e+00) 
connections (connected_to_neuron, weight)=(0, -1.08736658096313476562e+00) (1, 7.57873594760894775391e-01) (2, -2.07591152191162109375e+00) (3, 6.90124082565307617188e+00) (0, 3.44423890113830566406e+00) (1, -8.24014127254486083984e-01) (2, -9.71250438690185546875e+00) (3, -5.83032250404357910156e-01) (0, -5.85397958755493164062e-01) (1, 2.65879452228546142578e-01) (2, -2.82692909240722656250e+00) (3, 1.96956233978271484375e+01) (0, -1.81867092847824096680e-01) (1, 1.81042309850454330444e-02) (2, -1.05855017900466918945e-01) (3, 2.50430989265441894531e+00) (0, 3.05766048431396484375e+01) (1, -1.53711628913879394531e+00) (2, -1.58263717651367187500e+02) (3, 3.72347474098205566406e-01) (0, -1.32298445701599121094e+00) (1, 5.31542599201202392578e-01) (2, -2.83414888381958007812e+00) (3, 2.64488258361816406250e+01) (0, -2.84663170576095581055e-01) (1, 1.34869992733001708984e-01) (2, -1.74123287200927734375e+00) (3, 7.50432300567626953125e+00) (0, 9.24401760101318359375e+00) (1, 5.31831622123718261719e-01) (2, -6.05186843872070312500e+01) (3, -2.45884377509355545044e-02) (4, -4.85589951276779174805e-01) (5, -1.39258712530136108398e-01) (6, -4.33502376079559326172e-01) (7, -3.83711671829223632812e+00) (8, 3.70464265346527099609e-01) (9, -2.95110017061233520508e-01) (10, -1.13781762123107910156e+00) (11, -4.05134141445159912109e-01) (12, 6.52997732162475585938e-01) 
