FANN_FLO_2.1
num_layers=3
learning_rate=0.500000
connection_rate=1.000000
network_type=0
learning_momentum=0.000000
training_algorithm=2
train_error_function=1
train_stop_function=0
cascade_output_change_fraction=0.010000
quickprop_decay=-0.000100
quickprop_mu=1.750000
rprop_increase_factor=1.200000
rprop_decrease_factor=0.500000
rprop_delta_min=0.000000
rprop_delta_max=50.000000
rprop_delta_zero=0.100000
cascade_output_stagnation_epochs=12
cascade_candidate_change_fraction=0.010000
cascade_candidate_stagnation_epochs=12
cascade_max_out_epochs=150
cascade_min_out_epochs=50
cascade_max_cand_epochs=150
cascade_min_cand_epochs=50
cascade_num_candidate_groups=2
bit_fail_limit=3.49999994039535522461e-01
cascade_candidate_limit=1.00000000000000000000e+03
cascade_weight_multiplier=4.00000005960464477539e-01
cascade_activation_functions_count=10
cascade_activation_functions=3 5 7 8 10 11 14 15 16 17 
cascade_activation_steepnesses_count=4
cascade_activation_steepnesses=2.50000000000000000000e-01 5.00000000000000000000e-01 7.50000000000000000000e-01 1.00000000000000000000e+00 
layer_sizes=10 3 2 
scale_included=0
neurons (num_inputs, activation_function, activation_steepness)=(0, 0, 0.00000000000000000000e+00) (0, 0, 0.00000000000000000000e+00) (0, 0, 0.00000000000000000000e+00) (0, 0, 0.00000000000000000000e+00) (0, 0, 0.00000000000000000000e+00) (0, 0, 0.00000000000000000000e+00) (0, 0, 0.00000000000000000000e+00) (0, 0, 0.00000000000000000000e+00) (0, 0, 0.00000000000000000000e+00) (0, 0, 0.00000000000000000000e+00) (10, 3, 5.00000000000000000000e-01) (10, 3, 5.00000000000000000000e-01) (0, 3, 0.00000000000000000000e+00) (3, 3, 5.00000000000000000000e-01) (0, 3, 0.00000000000000000000e+00) 
connections (connected_to_neuron, weight)=(0, -3.55319559574127197266e-01) (1, -3.84686499834060668945e-01) (2, -4.32996720075607299805e-01) (3, -5.50604104995727539062e-01) (4, -1.14761674404144287109e+00) (5, -3.69315922260284423828e-01) (6, -1.69796407222747802734e-01) (7, -7.85541720688343048096e-03) (8, -3.38306188583374023438e-01) (9, 1.40091848373413085938e+00) (0, -4.42368179559707641602e-01) (1, -4.65794324874877929688e-01) (2, -3.83249849081039428711e-01) (3, -3.07534664869308471680e-01) (4, 1.76390856504440307617e-01) (5, -4.74565386772155761719e-01) (6, -5.65994620323181152344e-01) (7, -7.78506159782409667969e-01) (8, -4.41058367490768432617e-01) (9, 9.78198289871215820312e-01) (10, -2.00891137123107910156e+00) (11, -3.02232694625854492188e+00) (12, 1.68133044242858886719e+00) 
