FANN_FLO_2.1
num_layers=4
learning_rate=0.450000
connection_rate=1.000000
network_type=0
learning_momentum=0.000000
training_algorithm=2
train_error_function=1
train_stop_function=0
cascade_output_change_fraction=0.010000
quickprop_decay=-0.000100
quickprop_mu=1.750000
rprop_increase_factor=1.200000
rprop_decrease_factor=0.500000
rprop_delta_min=0.000000
rprop_delta_max=50.000000
rprop_delta_zero=0.100000
cascade_output_stagnation_epochs=12
cascade_candidate_change_fraction=0.010000
cascade_candidate_stagnation_epochs=12
cascade_max_out_epochs=150
cascade_min_out_epochs=50
cascade_max_cand_epochs=150
cascade_min_cand_epochs=50
cascade_num_candidate_groups=2
bit_fail_limit=3.49999994039535522461e-01
cascade_candidate_limit=1.00000000000000000000e+03
cascade_weight_multiplier=4.00000005960464477539e-01
cascade_activation_functions_count=10
cascade_activation_functions=3 5 7 8 10 11 14 15 16 17 
cascade_activation_steepnesses_count=4
cascade_activation_steepnesses=2.50000000000000000000e-01 5.00000000000000000000e-01 7.50000000000000000000e-01 1.00000000000000000000e+00 
layer_sizes=7 5 3 2 
scale_included=0
neurons (num_inputs, activation_function, activation_steepness)=(0, 0, 0.00000000000000000000e+00) (0, 0, 0.00000000000000000000e+00) (0, 0, 0.00000000000000000000e+00) (0, 0, 0.00000000000000000000e+00) (0, 0, 0.00000000000000000000e+00) (0, 0, 0.00000000000000000000e+00) (0, 0, 0.00000000000000000000e+00) (7, 3, 5.00000000000000000000e-01) (7, 3, 5.00000000000000000000e-01) (7, 3, 5.00000000000000000000e-01) (7, 3, 5.00000000000000000000e-01) (0, 3, 0.00000000000000000000e+00) (5, 3, 5.00000000000000000000e-01) (5, 3, 5.00000000000000000000e-01) (0, 3, 0.00000000000000000000e+00) (3, 0, 5.00000000000000000000e-01) (0, 0, 0.00000000000000000000e+00) 
connections (connected_to_neuron, weight)=(0, -7.38615465164184570312e+00) (1, 9.73539257049560546875e+00) (2, -1.86356216669082641602e-01) (3, 2.37560129165649414062e+00) (4, 6.66879558563232421875e+00) (5, 2.98148840665817260742e-01) (6, 1.70437312126159667969e+00) (0, 1.41801550292968750000e+03) (1, -1.20381994628906250000e+03) (2, 2.77383661270141601562e+00) (3, 1.71557044982910156250e+00) (4, -4.73162841796875000000e+01) (5, -6.60086631774902343750e+00) (6, 1.23552906513214111328e+00) (0, 6.53967590332031250000e+02) (1, -1.85210510253906250000e+02) (2, 1.37910091876983642578e+00) (3, 2.22349786758422851562e+00) (4, -4.19067291259765625000e+02) (5, 4.23625488281250000000e+02) (6, 1.64954280853271484375e+00) (0, 1.48893786621093750000e+03) (1, -1.37631640625000000000e+03) (2, 2.25773882865905761719e+00) (3, 2.22988748550415039062e+00) (4, -1.35545837402343750000e+03) (5, 3.81916992187500000000e+02) (6, 1.61529862880706787109e+00) (7, 2.07556915283203125000e+00) (8, -3.28835546970367431641e-01) (9, 1.33485674858093261719e+00) (10, -1.50000000000000000000e+03) (11, -4.95547115802764892578e-01) (7, 5.99071502685546875000e-01) (8, -5.96679353713989257812e+00) (9, -1.73424232006072998047e+00) (10, -1.50000000000000000000e+03) (11, -6.18303120136260986328e-01) (12, -3.28638516366481781006e-02) (13, -1.59038938581943511963e-02) (14, 4.13572266697883605957e-02) 
