FANN_FLO_2.1
num_layers=3
learning_rate=0.500000
connection_rate=1.000000
network_type=0
learning_momentum=0.000000
training_algorithm=2
train_error_function=1
train_stop_function=0
cascade_output_change_fraction=0.010000
quickprop_decay=-0.000100
quickprop_mu=1.750000
rprop_increase_factor=1.200000
rprop_decrease_factor=0.500000
rprop_delta_min=0.000000
rprop_delta_max=50.000000
rprop_delta_zero=0.100000
cascade_output_stagnation_epochs=12
cascade_candidate_change_fraction=0.010000
cascade_candidate_stagnation_epochs=12
cascade_max_out_epochs=150
cascade_min_out_epochs=50
cascade_max_cand_epochs=150
cascade_min_cand_epochs=50
cascade_num_candidate_groups=2
bit_fail_limit=3.49999994039535522461e-01
cascade_candidate_limit=1.00000000000000000000e+03
cascade_weight_multiplier=4.00000005960464477539e-01
cascade_activation_functions_count=10
cascade_activation_functions=3 5 7 8 10 11 14 15 16 17 
cascade_activation_steepnesses_count=4
cascade_activation_steepnesses=2.50000000000000000000e-01 5.00000000000000000000e-01 7.50000000000000000000e-01 1.00000000000000000000e+00 
layer_sizes=10 5 2 
scale_included=0
neurons (num_inputs, activation_function, activation_steepness)=(0, 0, 0.00000000000000000000e+00) (0, 0, 0.00000000000000000000e+00) (0, 0, 0.00000000000000000000e+00) (0, 0, 0.00000000000000000000e+00) (0, 0, 0.00000000000000000000e+00) (0, 0, 0.00000000000000000000e+00) (0, 0, 0.00000000000000000000e+00) (0, 0, 0.00000000000000000000e+00) (0, 0, 0.00000000000000000000e+00) (0, 0, 0.00000000000000000000e+00) (10, 3, 5.00000000000000000000e-01) (10, 3, 5.00000000000000000000e-01) (10, 3, 5.00000000000000000000e-01) (10, 3, 5.00000000000000000000e-01) (0, 3, 0.00000000000000000000e+00) (5, 3, 5.00000000000000000000e-01) (0, 3, 0.00000000000000000000e+00) 
connections (connected_to_neuron, weight)=(0, -2.61249035596847534180e-01) (1, -3.45241487026214599609e-01) (2, -3.55150133371353149414e-01) (3, -3.92676204442977905273e-01) (4, -4.03984516859054565430e-01) (5, -4.58854198455810546875e-01) (6, -3.24541330337524414062e-01) (7, -4.60414499044418334961e-01) (8, -3.64043742418289184570e-01) (9, 1.13785576820373535156e+00) (0, 4.92004752159118652344e-01) (1, 4.45284813642501831055e-01) (2, 5.45414447784423828125e-01) (3, 3.63760262727737426758e-01) (4, 4.06593114137649536133e-01) (5, 3.85370969772338867188e-01) (6, 4.20471578836441040039e-01) (7, 3.35346281528472900391e-01) (8, 4.32872593402862548828e-01) (9, -1.51233148574829101562e+00) (0, 4.48747843503952026367e-01) (1, 4.92662280797958374023e-01) (2, 4.87782090902328491211e-01) (3, 2.98285126686096191406e-01) (4, 5.73105752468109130859e-01) (5, 2.89551079273223876953e-01) (6, 3.63267302513122558594e-01) (7, 2.30251461267471313477e-01) (8, 4.67622518539428710938e-01) (9, -1.38725137710571289062e+00) (0, -4.20674413442611694336e-01) (1, -3.43227148056030273438e-01) (2, -3.08450102806091308594e-01) (3, -4.51540648937225341797e-01) (4, -2.55122214555740356445e-01) (5, -3.70175331830978393555e-01) (6, -4.36103343963623046875e-01) (7, -4.35222208499908447266e-01) (8, -3.93783509731292724609e-01) (9, 1.15284454822540283203e+00) (10, -1.61313998699188232422e+00) (11, 9.95744228363037109375e-01) (12, 8.43406081199645996094e-01) (13, -1.63287293910980224609e+00) (14, 8.99027213454246520996e-02) 
