FANN_FLO_2.1
num_layers=3
learning_rate=0.450000
connection_rate=1.000000
network_type=0
learning_momentum=0.000000
training_algorithm=2
train_error_function=1
train_stop_function=0
cascade_output_change_fraction=0.010000
quickprop_decay=-0.000100
quickprop_mu=1.750000
rprop_increase_factor=1.200000
rprop_decrease_factor=0.500000
rprop_delta_min=0.000000
rprop_delta_max=50.000000
rprop_delta_zero=0.100000
cascade_output_stagnation_epochs=12
cascade_candidate_change_fraction=0.010000
cascade_candidate_stagnation_epochs=12
cascade_max_out_epochs=150
cascade_min_out_epochs=50
cascade_max_cand_epochs=150
cascade_min_cand_epochs=50
cascade_num_candidate_groups=2
bit_fail_limit=3.49999994039535522461e-01
cascade_candidate_limit=1.00000000000000000000e+03
cascade_weight_multiplier=4.00000005960464477539e-01
cascade_activation_functions_count=10
cascade_activation_functions=3 5 7 8 10 11 14 15 16 17 
cascade_activation_steepnesses_count=4
cascade_activation_steepnesses=2.50000000000000000000e-01 5.00000000000000000000e-01 7.50000000000000000000e-01 1.00000000000000000000e+00 
layer_sizes=7 5 2 
scale_included=0
neurons (num_inputs, activation_function, activation_steepness)=(0, 0, 0.00000000000000000000e+00) (0, 0, 0.00000000000000000000e+00) (0, 0, 0.00000000000000000000e+00) (0, 0, 0.00000000000000000000e+00) (0, 0, 0.00000000000000000000e+00) (0, 0, 0.00000000000000000000e+00) (0, 0, 0.00000000000000000000e+00) (7, 3, 5.00000000000000000000e-01) (7, 3, 5.00000000000000000000e-01) (7, 3, 5.00000000000000000000e-01) (7, 3, 5.00000000000000000000e-01) (0, 3, 0.00000000000000000000e+00) (5, 0, 5.00000000000000000000e-01) (0, 0, 0.00000000000000000000e+00) 
connections (connected_to_neuron, weight)=(0, 1.95391163229942321777e-01) (1, 1.35339891910552978516e+00) (2, -2.55007243156433105469e+00) (3, 2.10237801074981689453e-02) (4, 6.16481244564056396484e-01) (5, -7.93183565139770507812e-01) (6, -1.93579828739166259766e+00) (0, -3.79414021968841552734e-01) (1, 5.26920497417449951172e-01) (2, -1.46065175533294677734e+00) (3, -2.18244001269340515137e-01) (4, 6.82494401931762695312e-01) (5, 3.03408473730087280273e-01) (6, 6.52880811691284179688e+00) (0, -7.43528175354003906250e+00) (1, -1.22449511718750000000e+03) (2, 1.00528094482421875000e+03) (3, -1.22614240646362304688e+01) (4, -1.47646301269531250000e+03) (5, 1.01953973388671875000e+03) (6, -2.90126681327819824219e+00) (0, -6.28313124179840087891e-01) (1, 9.78622817993164062500e+00) (2, -3.40670180320739746094e+00) (3, -1.06997478008270263672e+00) (4, 8.81955146789550781250e+00) (5, -1.00583353042602539062e+01) (6, 5.06300747394561767578e-01) (7, 1.71374216675758361816e-01) (8, -1.80712953209877014160e-01) (9, 2.38921875000000000000e+02) (10, -1.49389028549194335938e-01) (11, 1.72114729881286621094e-01) 
