FANN_FLO_2.1
num_layers=4
learning_rate=0.500000
connection_rate=1.000000
network_type=0
learning_momentum=0.000000
training_algorithm=2
train_error_function=1
train_stop_function=0
cascade_output_change_fraction=0.010000
quickprop_decay=-0.000100
quickprop_mu=1.750000
rprop_increase_factor=1.200000
rprop_decrease_factor=0.500000
rprop_delta_min=0.000000
rprop_delta_max=50.000000
rprop_delta_zero=0.100000
cascade_output_stagnation_epochs=12
cascade_candidate_change_fraction=0.010000
cascade_candidate_stagnation_epochs=12
cascade_max_out_epochs=150
cascade_min_out_epochs=50
cascade_max_cand_epochs=150
cascade_min_cand_epochs=50
cascade_num_candidate_groups=2
bit_fail_limit=3.49999994039535522461e-01
cascade_candidate_limit=1.00000000000000000000e+03
cascade_weight_multiplier=4.00000005960464477539e-01
cascade_activation_functions_count=10
cascade_activation_functions=3 5 7 8 10 11 14 15 16 17 
cascade_activation_steepnesses_count=4
cascade_activation_steepnesses=2.50000000000000000000e-01 5.00000000000000000000e-01 7.50000000000000000000e-01 1.00000000000000000000e+00 
layer_sizes=4 5 3 2 
scale_included=0
neurons (num_inputs, activation_function, activation_steepness)=(0, 0, 0.00000000000000000000e+00) (0, 0, 0.00000000000000000000e+00) (0, 0, 0.00000000000000000000e+00) (0, 0, 0.00000000000000000000e+00) (4, 3, 5.00000000000000000000e-01) (4, 3, 5.00000000000000000000e-01) (4, 3, 5.00000000000000000000e-01) (4, 3, 5.00000000000000000000e-01) (0, 3, 0.00000000000000000000e+00) (5, 3, 5.00000000000000000000e-01) (5, 3, 5.00000000000000000000e-01) (0, 3, 0.00000000000000000000e+00) (3, 3, 5.00000000000000000000e-01) (0, 3, 0.00000000000000000000e+00) 
connections (connected_to_neuron, weight)=(0, 3.20916604995727539062e+00) (1, -2.85619640350341796875e+01) (2, -8.16958141326904296875e+00) (3, 1.02647256851196289062e+00) (0, -4.30348539352416992188e+00) (1, -5.64286518096923828125e+00) (2, 1.76096928119659423828e+00) (3, 2.32886242866516113281e+00) (0, 8.69969272613525390625e+00) (1, -1.54181785583496093750e+01) (2, -3.04180786132812500000e+02) (3, 1.13902556896209716797e+00) (0, -9.37617480754852294922e-01) (1, -2.85032119750976562500e+01) (2, 6.03578472137451171875e+00) (3, 1.17536807060241699219e+00) (4, -3.06844758987426757812e+00) (5, -2.72341179847717285156e+00) (6, 2.92237233370542526245e-02) (7, 1.39337229728698730469e+00) (8, 3.32358211278915405273e-01) (4, 1.64534473419189453125e+01) (5, 4.32516975402832031250e+01) (6, -1.53486356735229492188e+01) (7, -6.99170970916748046875e+00) (8, -6.24193859100341796875e+00) (9, 1.11884546279907226562e+00) (10, -3.70141220092773437500e+00) (11, 1.26197969913482666016e+00) 
