FANN_FLO_2.1
num_layers=3
learning_rate=0.500000
connection_rate=1.000000
network_type=0
learning_momentum=0.000000
training_algorithm=2
train_error_function=1
train_stop_function=0
cascade_output_change_fraction=0.010000
quickprop_decay=-0.000100
quickprop_mu=1.750000
rprop_increase_factor=1.200000
rprop_decrease_factor=0.500000
rprop_delta_min=0.000000
rprop_delta_max=50.000000
rprop_delta_zero=0.100000
cascade_output_stagnation_epochs=12
cascade_candidate_change_fraction=0.010000
cascade_candidate_stagnation_epochs=12
cascade_max_out_epochs=150
cascade_min_out_epochs=50
cascade_max_cand_epochs=150
cascade_min_cand_epochs=50
cascade_num_candidate_groups=2
bit_fail_limit=3.49999994039535522461e-01
cascade_candidate_limit=1.00000000000000000000e+03
cascade_weight_multiplier=4.00000005960464477539e-01
cascade_activation_functions_count=10
cascade_activation_functions=3 5 7 8 10 11 14 15 16 17 
cascade_activation_steepnesses_count=4
cascade_activation_steepnesses=2.50000000000000000000e-01 5.00000000000000000000e-01 7.50000000000000000000e-01 1.00000000000000000000e+00 
layer_sizes=7 9 2 
scale_included=0
neurons (num_inputs, activation_function, activation_steepness)=(0, 0, 0.00000000000000000000e+00) (0, 0, 0.00000000000000000000e+00) (0, 0, 0.00000000000000000000e+00) (0, 0, 0.00000000000000000000e+00) (0, 0, 0.00000000000000000000e+00) (0, 0, 0.00000000000000000000e+00) (0, 0, 0.00000000000000000000e+00) (7, 3, 5.00000000000000000000e-01) (7, 3, 5.00000000000000000000e-01) (7, 3, 5.00000000000000000000e-01) (7, 3, 5.00000000000000000000e-01) (7, 3, 5.00000000000000000000e-01) (7, 3, 5.00000000000000000000e-01) (7, 3, 5.00000000000000000000e-01) (7, 3, 5.00000000000000000000e-01) (0, 3, 0.00000000000000000000e+00) (9, 0, 5.00000000000000000000e-01) (0, 0, 0.00000000000000000000e+00) 
connections (connected_to_neuron, weight)=(0, 8.95867496728897094727e-02) (1, 4.77909058332443237305e-01) (2, 7.93123617768287658691e-02) (3, -2.07989320158958435059e-01) (4, 2.79109440743923187256e-02) (5, -3.41649055480957031250e-01) (6, -1.31138217449188232422e+00) (0, -2.82355416566133499146e-02) (1, -5.87248623371124267578e-01) (2, -3.74099940061569213867e-01) (3, -7.07150340080261230469e-01) (4, -1.61292953491210937500e+02) (5, 2.82616525888442993164e-01) (6, -4.76988494396209716797e-01) (0, -7.33789920806884765625e-01) (1, -1.28236070275306701660e-01) (2, -8.73946905136108398438e-01) (3, -7.37102508544921875000e-01) (4, 1.76985114812850952148e-01) (5, 1.13523292541503906250e+00) (6, -5.75816690921783447266e-01) (0, -2.25212275981903076172e-01) (1, 1.55937835574150085449e-01) (2, -3.65050405263900756836e-01) (3, -2.24367827177047729492e-01) (4, -3.73711362481117248535e-02) (5, 2.59441405534744262695e-01) (6, -2.48558506369590759277e-01) (0, 3.82693529129028320312e-01) (1, -8.17295387387275695801e-02) (2, 5.65210878849029541016e-01) (3, -8.68426501750946044922e-01) (4, 2.38242673873901367188e+00) (5, -1.10200858116149902344e+00) (6, 4.28011608123779296875e+00) (0, -2.37254932522773742676e-01) (1, -5.95860302448272705078e-01) (2, -1.47756919264793395996e-01) (3, 1.03558182716369628906e-01) (4, 2.55269795656204223633e-01) (5, 2.74489551782608032227e-01) (6, 2.78826165199279785156e+00) (0, 3.30068282783031463623e-02) (1, -2.28273525834083557129e-01) (2, -4.30229157209396362305e-01) (3, -3.85538607835769653320e-01) (4, 2.70629316568374633789e-01) (5, 4.93893712759017944336e-01) (6, -4.54181492328643798828e-01) (0, -6.52100145816802978516e-01) (1, -1.66714832186698913574e-01) (2, -8.53966474533081054688e-01) (3, -4.73618835210800170898e-01) (4, 2.74887025356292724609e-01) (5, 7.64349937438964843750e-01) (6, -6.08501255512237548828e-01) (7, -1.80269196629524230957e-01) (8, -1.68127746582031250000e+01) (9, -9.64612662792205810547e-02) (10, 2.04187154769897460938e-01) (11, -3.52096706628799438477e-01) (12, -2.01436951756477355957e-01) (13, 1.79115571081638336182e-02) (14, 5.28839491307735443115e-02) (15, 5.37518024444580078125e-01) 
