FANN_FLO_2.1
num_layers=4
learning_rate=0.450000
connection_rate=1.000000
network_type=0
learning_momentum=0.000000
training_algorithm=2
train_error_function=1
train_stop_function=0
cascade_output_change_fraction=0.010000
quickprop_decay=-0.000100
quickprop_mu=1.750000
rprop_increase_factor=1.200000
rprop_decrease_factor=0.500000
rprop_delta_min=0.000000
rprop_delta_max=50.000000
rprop_delta_zero=0.100000
cascade_output_stagnation_epochs=12
cascade_candidate_change_fraction=0.010000
cascade_candidate_stagnation_epochs=12
cascade_max_out_epochs=150
cascade_min_out_epochs=50
cascade_max_cand_epochs=150
cascade_min_cand_epochs=50
cascade_num_candidate_groups=2
bit_fail_limit=3.49999994039535522461e-01
cascade_candidate_limit=1.00000000000000000000e+03
cascade_weight_multiplier=4.00000005960464477539e-01
cascade_activation_functions_count=10
cascade_activation_functions=3 5 7 8 10 11 14 15 16 17 
cascade_activation_steepnesses_count=4
cascade_activation_steepnesses=2.50000000000000000000e-01 5.00000000000000000000e-01 7.50000000000000000000e-01 1.00000000000000000000e+00 
layer_sizes=7 5 3 2 
scale_included=0
neurons (num_inputs, activation_function, activation_steepness)=(0, 0, 0.00000000000000000000e+00) (0, 0, 0.00000000000000000000e+00) (0, 0, 0.00000000000000000000e+00) (0, 0, 0.00000000000000000000e+00) (0, 0, 0.00000000000000000000e+00) (0, 0, 0.00000000000000000000e+00) (0, 0, 0.00000000000000000000e+00) (7, 3, 5.00000000000000000000e-01) (7, 3, 5.00000000000000000000e-01) (7, 3, 5.00000000000000000000e-01) (7, 3, 5.00000000000000000000e-01) (0, 3, 0.00000000000000000000e+00) (5, 3, 5.00000000000000000000e-01) (5, 3, 5.00000000000000000000e-01) (0, 3, 0.00000000000000000000e+00) (3, 0, 5.00000000000000000000e-01) (0, 0, 0.00000000000000000000e+00) 
connections (connected_to_neuron, weight)=(0, 2.16081678867340087891e-01) (1, -4.78124260902404785156e-01) (2, 6.81435883045196533203e-01) (3, 8.49431216716766357422e-01) (4, -2.25177669525146484375e+00) (5, 1.09972786903381347656e+00) (6, 5.42585754394531250000e+00) (0, -1.85180874541401863098e-03) (1, -1.14559069275856018066e-01) (2, 4.37490254640579223633e-01) (3, 4.42831039428710937500e-01) (4, -1.05239355564117431641e+00) (5, 3.31106305122375488281e-01) (6, -4.66140985488891601562e+00) (0, 1.28716498613357543945e-01) (1, 4.60590660572052001953e-01) (2, -2.43001699447631835938e+00) (3, 1.57720053195953369141e+00) (4, -1.42845475673675537109e+00) (5, 1.46237373352050781250e+00) (6, 1.58912241458892822266e+00) (0, -1.38104543685913085938e+01) (1, -1.50000000000000000000e+03) (2, -3.13477015495300292969e+00) (3, -1.50000000000000000000e+03) (4, -1.50000000000000000000e+03) (5, -1.50000000000000000000e+03) (6, -6.31924095153808593750e+01) (7, 1.02977085113525390625e+01) (8, -1.50000000000000000000e+03) (9, 6.34170959472656250000e+02) (10, 1.50000000000000000000e+03) (11, 1.73747643828392028809e-01) (7, 2.64161324501037597656e+00) (8, 2.59891986846923828125e+01) (9, -2.62878055572509765625e+01) (10, 1.50000000000000000000e+03) (11, -2.08343595266342163086e-01) (12, -6.82145804166793823242e-02) (13, -7.97255933284759521484e-02) (14, 8.15913602709770202637e-02) 
