FANN_FLO_2.1
num_layers=4
learning_rate=0.500000
connection_rate=1.000000
network_type=0
learning_momentum=0.000000
training_algorithm=2
train_error_function=1
train_stop_function=0
cascade_output_change_fraction=0.010000
quickprop_decay=-0.000100
quickprop_mu=1.750000
rprop_increase_factor=1.200000
rprop_decrease_factor=0.500000
rprop_delta_min=0.000000
rprop_delta_max=50.000000
rprop_delta_zero=0.100000
cascade_output_stagnation_epochs=12
cascade_candidate_change_fraction=0.010000
cascade_candidate_stagnation_epochs=12
cascade_max_out_epochs=150
cascade_min_out_epochs=50
cascade_max_cand_epochs=150
cascade_min_cand_epochs=50
cascade_num_candidate_groups=2
bit_fail_limit=3.49999994039535522461e-01
cascade_candidate_limit=1.00000000000000000000e+03
cascade_weight_multiplier=4.00000005960464477539e-01
cascade_activation_functions_count=10
cascade_activation_functions=3 5 7 8 10 11 14 15 16 17 
cascade_activation_steepnesses_count=4
cascade_activation_steepnesses=2.50000000000000000000e-01 5.00000000000000000000e-01 7.50000000000000000000e-01 1.00000000000000000000e+00 
layer_sizes=4 5 3 2 
scale_included=0
neurons (num_inputs, activation_function, activation_steepness)=(0, 0, 0.00000000000000000000e+00) (0, 0, 0.00000000000000000000e+00) (0, 0, 0.00000000000000000000e+00) (0, 0, 0.00000000000000000000e+00) (4, 3, 5.00000000000000000000e-01) (4, 3, 5.00000000000000000000e-01) (4, 3, 5.00000000000000000000e-01) (4, 3, 5.00000000000000000000e-01) (0, 3, 0.00000000000000000000e+00) (5, 3, 5.00000000000000000000e-01) (5, 3, 5.00000000000000000000e-01) (0, 3, 0.00000000000000000000e+00) (3, 3, 5.00000000000000000000e-01) (0, 3, 0.00000000000000000000e+00) 
connections (connected_to_neuron, weight)=(0, -3.41285347938537597656e+00) (1, -7.60986089706420898438e+00) (2, 1.48570263385772705078e+00) (3, 2.29949688911437988281e+00) (0, -5.73400592803955078125e+00) (1, -3.34718632698059082031e+00) (2, 1.15216195583343505859e+00) (3, 2.68643569946289062500e+00) (0, -2.09235715866088867188e+00) (1, -4.90525960922241210938e+00) (2, -2.89768743515014648438e+00) (3, 2.66854810714721679688e+00) (0, -2.52605962753295898438e+00) (1, -1.02172365188598632812e+01) (2, 2.15985083580017089844e+00) (3, 3.00249242782592773438e+00) (4, 2.44837522506713867188e+00) (5, 9.42441642284393310547e-01) (6, -4.15991783142089843750e+01) (7, 5.11599922180175781250e+01) (8, 1.46944010257720947266e+00) (4, 6.47271060943603515625e+00) (5, 2.34768829345703125000e+01) (6, 6.90267515182495117188e+00) (7, 7.10749912261962890625e+00) (8, -6.56643772125244140625e+00) (9, 4.42813444137573242188e+00) (10, -5.63266324996948242188e+00) (11, -1.04259073734283447266e+00) 
