FANN_FLO_2.1
num_layers=3
learning_rate=0.500000
connection_rate=1.000000
network_type=0
learning_momentum=0.000000
training_algorithm=2
train_error_function=1
train_stop_function=0
cascade_output_change_fraction=0.010000
quickprop_decay=-0.000100
quickprop_mu=1.750000
rprop_increase_factor=1.200000
rprop_decrease_factor=0.500000
rprop_delta_min=0.000000
rprop_delta_max=50.000000
rprop_delta_zero=0.100000
cascade_output_stagnation_epochs=12
cascade_candidate_change_fraction=0.010000
cascade_candidate_stagnation_epochs=12
cascade_max_out_epochs=150
cascade_min_out_epochs=50
cascade_max_cand_epochs=150
cascade_min_cand_epochs=50
cascade_num_candidate_groups=2
bit_fail_limit=3.49999994039535522461e-01
cascade_candidate_limit=1.00000000000000000000e+03
cascade_weight_multiplier=4.00000005960464477539e-01
cascade_activation_functions_count=10
cascade_activation_functions=3 5 7 8 10 11 14 15 16 17 
cascade_activation_steepnesses_count=4
cascade_activation_steepnesses=2.50000000000000000000e-01 5.00000000000000000000e-01 7.50000000000000000000e-01 1.00000000000000000000e+00 
layer_sizes=7 9 2 
scale_included=0
neurons (num_inputs, activation_function, activation_steepness)=(0, 0, 0.00000000000000000000e+00) (0, 0, 0.00000000000000000000e+00) (0, 0, 0.00000000000000000000e+00) (0, 0, 0.00000000000000000000e+00) (0, 0, 0.00000000000000000000e+00) (0, 0, 0.00000000000000000000e+00) (0, 0, 0.00000000000000000000e+00) (7, 3, 5.00000000000000000000e-01) (7, 3, 5.00000000000000000000e-01) (7, 3, 5.00000000000000000000e-01) (7, 3, 5.00000000000000000000e-01) (7, 3, 5.00000000000000000000e-01) (7, 3, 5.00000000000000000000e-01) (7, 3, 5.00000000000000000000e-01) (7, 3, 5.00000000000000000000e-01) (0, 3, 0.00000000000000000000e+00) (9, 0, 5.00000000000000000000e-01) (0, 0, 0.00000000000000000000e+00) 
connections (connected_to_neuron, weight)=(0, -1.21477317810058593750e+02) (1, -2.10131454467773437500e+00) (2, -8.52500610351562500000e+01) (3, -3.09896240234375000000e+01) (4, -9.90919494628906250000e+00) (5, -1.30483598709106445312e+01) (6, 2.23561808466911315918e-01) (0, 4.13936264812946319580e-02) (1, -2.21022367477416992188e-02) (2, -2.36396864056587219238e-01) (3, -1.25342741608619689941e-01) (4, 9.96378213167190551758e-02) (5, -2.58899591863155364990e-02) (6, -1.77617222070693969727e-01) (0, -2.14883470535278320312e+00) (1, -1.50643205642700195312e+00) (2, 5.27187347412109375000e-01) (3, -6.80145680904388427734e-01) (4, -1.27772998809814453125e+00) (5, 2.13245272636413574219e+00) (6, -1.15370714664459228516e+00) (0, 1.68487474322319030762e-01) (1, -4.16485927999019622803e-02) (2, 4.41179543733596801758e-01) (3, -9.70826447010040283203e-02) (4, -8.68127308785915374756e-03) (5, -2.71256834268569946289e-01) (6, -2.44356304407119750977e-01) (0, -2.34621334075927734375e+00) (1, -2.58965992927551269531e+00) (2, 4.11930322647094726562e+00) (3, -1.84069836139678955078e+00) (4, 2.59756118059158325195e-01) (5, 2.19149017333984375000e+00) (6, -1.13408935070037841797e+00) (0, -6.43539249897003173828e-01) (1, -8.89033436775207519531e-01) (2, 3.55733633041381835938e+00) (3, -2.53874568939208984375e+01) (4, -1.30337333679199218750e+00) (5, -9.24395740032196044922e-01) (6, -1.82043647766113281250e+00) (0, -1.18984508514404296875e+01) (1, -1.58251667022705078125e+00) (2, -5.34559440612792968750e+01) (3, -1.73275470733642578125e+00) (4, -1.64629125595092773438e+00) (5, 1.89773452281951904297e+00) (6, -7.44992434978485107422e-01) (0, 1.06366492807865142822e-01) (1, 1.23497098684310913086e-01) (2, 2.10071995854377746582e-01) (3, -1.56754449009895324707e-01) (4, -9.96987149119377136230e-02) (5, -1.52823746204376220703e-01) (6, -4.73011523485183715820e-01) (7, 1.50000000000000000000e+03) (8, 2.75128297507762908936e-02) (9, 8.97726669311523437500e+01) (10, 3.78026776015758514404e-02) (11, -3.06537890434265136719e+00) (12, -1.63091301918029785156e+00) (13, -9.80922363281250000000e+02) (14, -3.62543091177940368652e-02) (15, -1.56578049063682556152e-03) 
