FANN_FLO_2.1
num_layers=3
learning_rate=0.500000
connection_rate=1.000000
network_type=0
learning_momentum=0.000000
training_algorithm=2
train_error_function=1
train_stop_function=0
cascade_output_change_fraction=0.010000
quickprop_decay=-0.000100
quickprop_mu=1.750000
rprop_increase_factor=1.200000
rprop_decrease_factor=0.500000
rprop_delta_min=0.000000
rprop_delta_max=50.000000
rprop_delta_zero=0.100000
cascade_output_stagnation_epochs=12
cascade_candidate_change_fraction=0.010000
cascade_candidate_stagnation_epochs=12
cascade_max_out_epochs=150
cascade_min_out_epochs=50
cascade_max_cand_epochs=150
cascade_min_cand_epochs=50
cascade_num_candidate_groups=2
bit_fail_limit=3.49999994039535522461e-01
cascade_candidate_limit=1.00000000000000000000e+03
cascade_weight_multiplier=4.00000005960464477539e-01
cascade_activation_functions_count=10
cascade_activation_functions=3 5 7 8 10 11 14 15 16 17 
cascade_activation_steepnesses_count=4
cascade_activation_steepnesses=2.50000000000000000000e-01 5.00000000000000000000e-01 7.50000000000000000000e-01 1.00000000000000000000e+00 
layer_sizes=7 5 2 
scale_included=0
neurons (num_inputs, activation_function, activation_steepness)=(0, 0, 0.00000000000000000000e+00) (0, 0, 0.00000000000000000000e+00) (0, 0, 0.00000000000000000000e+00) (0, 0, 0.00000000000000000000e+00) (0, 0, 0.00000000000000000000e+00) (0, 0, 0.00000000000000000000e+00) (0, 0, 0.00000000000000000000e+00) (7, 3, 5.00000000000000000000e-01) (7, 3, 5.00000000000000000000e-01) (7, 3, 5.00000000000000000000e-01) (7, 3, 5.00000000000000000000e-01) (0, 3, 0.00000000000000000000e+00) (5, 0, 5.00000000000000000000e-01) (0, 0, 0.00000000000000000000e+00) 
connections (connected_to_neuron, weight)=(0, -1.06595098972320556641e+00) (1, 1.19281852245330810547e+00) (2, 3.63325614929199218750e+01) (3, -2.13046574592590332031e+00) (4, 5.16407203674316406250e+00) (5, -6.24141740798950195312e+00) (6, -9.03094005584716796875e+00) (0, -1.53731524944305419922e-01) (1, 1.32785093784332275391e+00) (2, -3.62021088600158691406e+00) (3, -4.93084788322448730469e-01) (4, -2.08615636825561523438e+00) (5, 2.59415984153747558594e+00) (6, -1.40775287151336669922e+00) (0, -1.64982900023460388184e-02) (1, -8.87833952903747558594e-01) (2, 7.37947896122932434082e-02) (3, -1.64212867617607116699e-01) (4, -9.80000048875808715820e-02) (5, 7.26189255714416503906e-01) (6, -2.34695658087730407715e-01) (0, -1.46575361490249633789e-01) (1, -1.01278388500213623047e+00) (2, 5.82224011421203613281e-01) (3, -1.79019458591938018799e-02) (4, -7.51722335815429687500e-01) (5, 1.14519226551055908203e+00) (6, -1.18402004241943359375e+00) (7, -1.02825038135051727295e-01) (8, -9.32346284389495849609e-02) (9, -3.56717675924301147461e-01) (10, 3.30992490053176879883e-01) (11, 1.18236579000949859619e-01) 
