FANN_FLO_2.1
num_layers=3
learning_rate=0.500000
connection_rate=1.000000
network_type=0
learning_momentum=0.000000
training_algorithm=2
train_error_function=1
train_stop_function=0
cascade_output_change_fraction=0.010000
quickprop_decay=-0.000100
quickprop_mu=1.750000
rprop_increase_factor=1.200000
rprop_decrease_factor=0.500000
rprop_delta_min=0.000000
rprop_delta_max=50.000000
rprop_delta_zero=0.100000
cascade_output_stagnation_epochs=12
cascade_candidate_change_fraction=0.010000
cascade_candidate_stagnation_epochs=12
cascade_max_out_epochs=150
cascade_min_out_epochs=50
cascade_max_cand_epochs=150
cascade_min_cand_epochs=50
cascade_num_candidate_groups=2
bit_fail_limit=3.49999994039535522461e-01
cascade_candidate_limit=1.00000000000000000000e+03
cascade_weight_multiplier=4.00000005960464477539e-01
cascade_activation_functions_count=10
cascade_activation_functions=3 5 7 8 10 11 14 15 16 17 
cascade_activation_steepnesses_count=4
cascade_activation_steepnesses=2.50000000000000000000e-01 5.00000000000000000000e-01 7.50000000000000000000e-01 1.00000000000000000000e+00 
layer_sizes=10 3 2 
scale_included=0
neurons (num_inputs, activation_function, activation_steepness)=(0, 0, 0.00000000000000000000e+00) (0, 0, 0.00000000000000000000e+00) (0, 0, 0.00000000000000000000e+00) (0, 0, 0.00000000000000000000e+00) (0, 0, 0.00000000000000000000e+00) (0, 0, 0.00000000000000000000e+00) (0, 0, 0.00000000000000000000e+00) (0, 0, 0.00000000000000000000e+00) (0, 0, 0.00000000000000000000e+00) (0, 0, 0.00000000000000000000e+00) (10, 3, 5.00000000000000000000e-01) (10, 3, 5.00000000000000000000e-01) (0, 3, 0.00000000000000000000e+00) (3, 3, 5.00000000000000000000e-01) (0, 3, 0.00000000000000000000e+00) 
connections (connected_to_neuron, weight)=(0, 4.16243284940719604492e-01) (1, 4.11388128995895385742e-01) (2, 5.16643404960632324219e-01) (3, 3.77739667892456054688e-01) (4, 4.42703604698181152344e-01) (5, 5.54601967334747314453e-01) (6, 5.21838426589965820312e-01) (7, 4.55690830945968627930e-01) (8, 4.76892441511154174805e-01) (9, -1.20308125019073486328e+00) (0, -5.26164412498474121094e-01) (1, -5.46591699123382568359e-01) (2, -4.19549733400344848633e-01) (3, -5.00899016857147216797e-01) (4, -4.98060435056686401367e-01) (5, -4.30607825517654418945e-01) (6, -4.81568753719329833984e-01) (7, -4.63172644376754760742e-01) (8, -4.68022435903549194336e-01) (9, 1.89113461971282958984e+00) (10, 1.79043662548065185547e+00) (11, -2.48834657669067382812e+00) (12, -1.84469640254974365234e-01) 
