FANN_FLO_2.1
num_layers=4
learning_rate=0.450000
connection_rate=1.000000
network_type=0
learning_momentum=0.000000
training_algorithm=2
train_error_function=1
train_stop_function=0
cascade_output_change_fraction=0.010000
quickprop_decay=-0.000100
quickprop_mu=1.750000
rprop_increase_factor=1.200000
rprop_decrease_factor=0.500000
rprop_delta_min=0.000000
rprop_delta_max=50.000000
rprop_delta_zero=0.100000
cascade_output_stagnation_epochs=12
cascade_candidate_change_fraction=0.010000
cascade_candidate_stagnation_epochs=12
cascade_max_out_epochs=150
cascade_min_out_epochs=50
cascade_max_cand_epochs=150
cascade_min_cand_epochs=50
cascade_num_candidate_groups=2
bit_fail_limit=3.49999994039535522461e-01
cascade_candidate_limit=1.00000000000000000000e+03
cascade_weight_multiplier=4.00000005960464477539e-01
cascade_activation_functions_count=10
cascade_activation_functions=3 5 7 8 10 11 14 15 16 17 
cascade_activation_steepnesses_count=4
cascade_activation_steepnesses=2.50000000000000000000e-01 5.00000000000000000000e-01 7.50000000000000000000e-01 1.00000000000000000000e+00 
layer_sizes=7 3 3 2 
scale_included=0
neurons (num_inputs, activation_function, activation_steepness)=(0, 0, 0.00000000000000000000e+00) (0, 0, 0.00000000000000000000e+00) (0, 0, 0.00000000000000000000e+00) (0, 0, 0.00000000000000000000e+00) (0, 0, 0.00000000000000000000e+00) (0, 0, 0.00000000000000000000e+00) (0, 0, 0.00000000000000000000e+00) (7, 3, 5.00000000000000000000e-01) (7, 3, 5.00000000000000000000e-01) (0, 3, 0.00000000000000000000e+00) (3, 3, 5.00000000000000000000e-01) (3, 3, 5.00000000000000000000e-01) (0, 3, 0.00000000000000000000e+00) (3, 0, 5.00000000000000000000e-01) (0, 0, 0.00000000000000000000e+00) 
connections (connected_to_neuron, weight)=(0, -1.07964187860488891602e-01) (1, 4.62815731763839721680e-01) (2, -3.39510232210159301758e-01) (3, -1.56237602233886718750e-01) (4, 3.60019922256469726562e-01) (5, -1.85673370957374572754e-01) (6, -5.54031059145927429199e-02) (0, 1.85825243592262268066e-01) (1, 5.65666732788085937500e+01) (2, 1.22325954437255859375e+01) (3, 4.34832839965820312500e+01) (4, -8.15800048828125000000e+02) (5, -1.74744384765625000000e+02) (6, -3.98974037170410156250e+00) (7, -1.24412202835083007812e+01) (8, 7.00000000000000000000e+02) (9, -1.64341521263122558594e+00) (7, 1.00296944379806518555e-01) (8, 1.20609472656250000000e+03) (9, -2.60387420654296875000e-01) (10, 7.92114436626434326172e-01) (11, 8.21983143687248229980e-02) (12, -2.55255457013845443726e-02) 
