FANN_FLO_2.1
num_layers=3
learning_rate=0.400000
connection_rate=1.000000
network_type=0
learning_momentum=0.000000
training_algorithm=2
train_error_function=1
train_stop_function=0
cascade_output_change_fraction=0.010000
quickprop_decay=-0.000100
quickprop_mu=1.750000
rprop_increase_factor=1.200000
rprop_decrease_factor=0.500000
rprop_delta_min=0.000000
rprop_delta_max=50.000000
rprop_delta_zero=0.100000
cascade_output_stagnation_epochs=12
cascade_candidate_change_fraction=0.010000
cascade_candidate_stagnation_epochs=12
cascade_max_out_epochs=150
cascade_min_out_epochs=50
cascade_max_cand_epochs=150
cascade_min_cand_epochs=50
cascade_num_candidate_groups=2
bit_fail_limit=3.49999994039535522461e-01
cascade_candidate_limit=1.00000000000000000000e+03
cascade_weight_multiplier=4.00000005960464477539e-01
cascade_activation_functions_count=10
cascade_activation_functions=3 5 7 8 10 11 14 15 16 17 
cascade_activation_steepnesses_count=4
cascade_activation_steepnesses=2.50000000000000000000e-01 5.00000000000000000000e-01 7.50000000000000000000e-01 1.00000000000000000000e+00 
layer_sizes=6 5 2 
scale_included=0
neurons (num_inputs, activation_function, activation_steepness)=(0, 0, 0.00000000000000000000e+00) (0, 0, 0.00000000000000000000e+00) (0, 0, 0.00000000000000000000e+00) (0, 0, 0.00000000000000000000e+00) (0, 0, 0.00000000000000000000e+00) (0, 0, 0.00000000000000000000e+00) (6, 3, 5.00000000000000000000e-01) (6, 3, 5.00000000000000000000e-01) (6, 3, 5.00000000000000000000e-01) (6, 3, 5.00000000000000000000e-01) (0, 3, 0.00000000000000000000e+00) (5, 0, 5.00000000000000000000e-01) (0, 0, 0.00000000000000000000e+00) 
connections (connected_to_neuron, weight)=(0, -1.36117849349975585938e+01) (1, -9.75532627105712890625e+00) (2, -1.03587794303894042969e+00) (3, -1.72414332628250122070e-01) (4, -6.27915084362030029297e-01) (5, 6.03670597076416015625e-01) (0, 8.43952560424804687500e+00) (1, -5.80349636077880859375e+00) (2, 7.05077052116394042969e-01) (3, 6.69035539031028747559e-02) (4, -6.03394269943237304688e+00) (5, 4.27342623472213745117e-01) (0, -1.50000000000000000000e+03) (1, -2.50207328796386718750e+01) (2, 1.02546954154968261719e+00) (3, -4.21315990388393402100e-02) (4, -5.17766761779785156250e+00) (5, 3.36021602153778076172e-01) (0, -1.50000000000000000000e+03) (1, -3.34524002075195312500e+01) (2, 2.19455242156982421875e+00) (3, -1.43344211578369140625e+00) (4, -1.29207534790039062500e+01) (5, 5.98013353347778320312e+00) (6, -1.18010959625244140625e+01) (7, 1.05563616752624511719e+00) (8, 1.45796976089477539062e+01) (9, 4.17891235351562500000e+02) (10, 1.00330972671508789062e+00) 
