FANN_FLO_2.1
num_layers=3
learning_rate=0.500000
connection_rate=1.000000
network_type=0
learning_momentum=0.000000
training_algorithm=2
train_error_function=1
train_stop_function=0
cascade_output_change_fraction=0.010000
quickprop_decay=-0.000100
quickprop_mu=1.750000
rprop_increase_factor=1.200000
rprop_decrease_factor=0.500000
rprop_delta_min=0.000000
rprop_delta_max=50.000000
rprop_delta_zero=0.100000
cascade_output_stagnation_epochs=12
cascade_candidate_change_fraction=0.010000
cascade_candidate_stagnation_epochs=12
cascade_max_out_epochs=150
cascade_min_out_epochs=50
cascade_max_cand_epochs=150
cascade_min_cand_epochs=50
cascade_num_candidate_groups=2
bit_fail_limit=3.49999994039535522461e-01
cascade_candidate_limit=1.00000000000000000000e+03
cascade_weight_multiplier=4.00000005960464477539e-01
cascade_activation_functions_count=10
cascade_activation_functions=3 5 7 8 10 11 14 15 16 17 
cascade_activation_steepnesses_count=4
cascade_activation_steepnesses=2.50000000000000000000e-01 5.00000000000000000000e-01 7.50000000000000000000e-01 1.00000000000000000000e+00 
layer_sizes=3 5 4 
scale_included=0
neurons (num_inputs, activation_function, activation_steepness)=(0, 0, 0.00000000000000000000e+00) (0, 0, 0.00000000000000000000e+00) (0, 0, 0.00000000000000000000e+00) (3, 3, 5.00000000000000000000e-01) (3, 3, 5.00000000000000000000e-01) (3, 3, 5.00000000000000000000e-01) (3, 3, 5.00000000000000000000e-01) (0, 3, 0.00000000000000000000e+00) (5, 0, 5.00000000000000000000e-01) (5, 0, 5.00000000000000000000e-01) (5, 0, 5.00000000000000000000e-01) (0, 0, 0.00000000000000000000e+00) 
connections (connected_to_neuron, weight)=(0, -1.88452587127685546875e+01) (1, 7.72887659072875976562e+00) (2, -5.59588718414306640625e+00) (0, -8.72590160369873046875e+00) (1, 9.71133518218994140625e+00) (2, 5.79603242874145507812e+00) (0, -1.33437228202819824219e+00) (1, -1.10356616973876953125e+00) (2, 3.28148156404495239258e-01) (0, -1.40092849731445312500e+01) (1, 9.97872734069824218750e+00) (2, 1.92103648185729980469e+00) (3, 2.14206290245056152344e+00) (4, 1.50965178012847900391e+00) (5, 5.33921670913696289062e+00) (6, 1.27873528003692626953e+00) (7, 6.52141332626342773438e-01) (3, 4.56978559494018554688e+00) (4, 5.57275772094726562500e+00) (5, 1.61332416534423828125e+01) (6, 4.40500736236572265625e+00) (7, 3.40876054763793945312e+00) (3, 1.43015222549438476562e+01) (4, 1.80486640930175781250e+01) (5, 5.17704010009765625000e+01) (6, 1.35289468765258789062e+01) (7, 1.66290302276611328125e+01) 
