FANN_FLO_2.1
num_layers=3
learning_rate=0.300000
connection_rate=1.000000
network_type=0
learning_momentum=0.000000
training_algorithm=2
train_error_function=1
train_stop_function=0
cascade_output_change_fraction=0.010000
quickprop_decay=-0.000100
quickprop_mu=1.750000
rprop_increase_factor=1.200000
rprop_decrease_factor=0.500000
rprop_delta_min=0.000000
rprop_delta_max=50.000000
rprop_delta_zero=0.100000
cascade_output_stagnation_epochs=12
cascade_candidate_change_fraction=0.010000
cascade_candidate_stagnation_epochs=12
cascade_max_out_epochs=150
cascade_min_out_epochs=50
cascade_max_cand_epochs=150
cascade_min_cand_epochs=50
cascade_num_candidate_groups=2
bit_fail_limit=3.49999994039535522461e-01
cascade_candidate_limit=1.00000000000000000000e+03
cascade_weight_multiplier=4.00000005960464477539e-01
cascade_activation_functions_count=10
cascade_activation_functions=3 5 7 8 10 11 14 15 16 17 
cascade_activation_steepnesses_count=4
cascade_activation_steepnesses=2.50000000000000000000e-01 5.00000000000000000000e-01 7.50000000000000000000e-01 1.00000000000000000000e+00 
layer_sizes=4 9 2 
scale_included=0
neurons (num_inputs, activation_function, activation_steepness)=(0, 0, 0.00000000000000000000e+00) (0, 0, 0.00000000000000000000e+00) (0, 0, 0.00000000000000000000e+00) (0, 0, 0.00000000000000000000e+00) (4, 3, 5.00000000000000000000e-01) (4, 3, 5.00000000000000000000e-01) (4, 3, 5.00000000000000000000e-01) (4, 3, 5.00000000000000000000e-01) (4, 3, 5.00000000000000000000e-01) (4, 3, 5.00000000000000000000e-01) (4, 3, 5.00000000000000000000e-01) (4, 3, 5.00000000000000000000e-01) (0, 3, 0.00000000000000000000e+00) (9, 3, 5.00000000000000000000e-01) (0, 3, 0.00000000000000000000e+00) 
connections (connected_to_neuron, weight)=(0, 2.11663665771484375000e+01) (1, -1.89728498458862304688e+00) (2, -1.09013153076171875000e+02) (3, -1.95276215672492980957e-02) (0, -8.11291933059692382812e-01) (1, 5.69516301155090332031e-01) (2, -1.02587962150573730469e+00) (3, 9.70049023628234863281e-01) (0, -7.95763015747070312500e-01) (1, 5.45275270938873291016e-01) (2, -9.65866327285766601562e-01) (3, 1.21429109573364257812e+00) (0, -9.35483694076538085938e-01) (1, 4.80869978666305541992e-01) (2, -2.84335106611251831055e-01) (3, 6.11408829689025878906e-01) (0, -2.80213743448257446289e-01) (1, 4.64146062731742858887e-02) (2, -4.99675422906875610352e-01) (3, 3.66787362098693847656e+00) (0, -1.04874503612518310547e+00) (1, 4.20449942350387573242e-01) (2, -4.45183962583541870117e-01) (3, 2.57481265068054199219e+00) (0, -2.13882625102996826172e-01) (1, 4.10430096089839935303e-02) (2, -4.72743302583694458008e-01) (3, 6.61317873001098632812e+00) (0, -9.12560105323791503906e-01) (1, 5.45410871505737304688e-01) (2, -6.79150760173797607422e-01) (3, 6.77401602268218994141e-01) (4, -1.50000000000000000000e+03) (5, -1.40451326966285705566e-01) (6, -9.69201400876045227051e-02) (7, -1.16355709731578826904e-01) (8, -4.60793495178222656250e+00) (9, -2.41056978702545166016e-01) (10, -2.34819197654724121094e+00) (11, -7.13758170604705810547e-02) (12, 8.82418990135192871094e-01) 
