FANN_FLO_2.1
num_layers=3
learning_rate=0.500000
connection_rate=1.000000
network_type=0
learning_momentum=0.000000
training_algorithm=2
train_error_function=1
train_stop_function=0
cascade_output_change_fraction=0.010000
quickprop_decay=-0.000100
quickprop_mu=1.750000
rprop_increase_factor=1.200000
rprop_decrease_factor=0.500000
rprop_delta_min=0.000000
rprop_delta_max=50.000000
rprop_delta_zero=0.100000
cascade_output_stagnation_epochs=12
cascade_candidate_change_fraction=0.010000
cascade_candidate_stagnation_epochs=12
cascade_max_out_epochs=150
cascade_min_out_epochs=50
cascade_max_cand_epochs=150
cascade_min_cand_epochs=50
cascade_num_candidate_groups=2
bit_fail_limit=3.49999994039535522461e-01
cascade_candidate_limit=1.00000000000000000000e+03
cascade_weight_multiplier=4.00000005960464477539e-01
cascade_activation_functions_count=10
cascade_activation_functions=3 5 7 8 10 11 14 15 16 17 
cascade_activation_steepnesses_count=4
cascade_activation_steepnesses=2.50000000000000000000e-01 5.00000000000000000000e-01 7.50000000000000000000e-01 1.00000000000000000000e+00 
layer_sizes=7 5 2 
scale_included=0
neurons (num_inputs, activation_function, activation_steepness)=(0, 0, 0.00000000000000000000e+00) (0, 0, 0.00000000000000000000e+00) (0, 0, 0.00000000000000000000e+00) (0, 0, 0.00000000000000000000e+00) (0, 0, 0.00000000000000000000e+00) (0, 0, 0.00000000000000000000e+00) (0, 0, 0.00000000000000000000e+00) (7, 3, 5.00000000000000000000e-01) (7, 3, 5.00000000000000000000e-01) (7, 3, 5.00000000000000000000e-01) (7, 3, 5.00000000000000000000e-01) (0, 3, 0.00000000000000000000e+00) (5, 0, 5.00000000000000000000e-01) (0, 0, 0.00000000000000000000e+00) 
connections (connected_to_neuron, weight)=(0, -2.06593017578125000000e+01) (1, -3.95875167846679687500e+00) (2, -8.10435867309570312500e+01) (3, -8.91647491455078125000e+01) (4, -2.42459716796875000000e+01) (5, 1.16714317321777343750e+02) (6, -6.04930102825164794922e-01) (0, -4.20752487182617187500e+01) (1, -5.56880331039428710938e+00) (2, 7.63628540039062500000e+01) (3, -2.10305480957031250000e+02) (4, -4.67929039001464843750e+01) (5, 1.53180816650390625000e+02) (6, -7.11807727813720703125e-01) (0, -4.47917175292968750000e+00) (1, -4.99957799911499023438e-01) (2, -5.25801467895507812500e+00) (3, -1.74903503417968750000e+02) (4, -2.85122776031494140625e+00) (5, -1.41355255126953125000e+02) (6, 1.46409481763839721680e-01) (0, 1.16333223879337310791e-01) (1, 2.14828610420227050781e-01) (2, -4.00985687971115112305e-01) (3, -6.77964240312576293945e-02) (4, 4.47500139474868774414e-01) (5, -4.09543514251708984375e-01) (6, 2.76184654235839843750e+00) (7, 3.21090698242187500000e+02) (8, -9.44196581840515136719e-02) (9, 2.10312896728515625000e+02) (10, -7.01781436800956726074e-02) (11, 7.87593498826026916504e-02) 
