FANN_FLO_2.1
num_layers=3
learning_rate=0.500000
connection_rate=1.000000
network_type=0
learning_momentum=0.000000
training_algorithm=2
train_error_function=1
train_stop_function=0
cascade_output_change_fraction=0.010000
quickprop_decay=-0.000100
quickprop_mu=1.750000
rprop_increase_factor=1.200000
rprop_decrease_factor=0.500000
rprop_delta_min=0.000000
rprop_delta_max=50.000000
rprop_delta_zero=0.100000
cascade_output_stagnation_epochs=12
cascade_candidate_change_fraction=0.010000
cascade_candidate_stagnation_epochs=12
cascade_max_out_epochs=150
cascade_min_out_epochs=50
cascade_max_cand_epochs=150
cascade_min_cand_epochs=50
cascade_num_candidate_groups=2
bit_fail_limit=3.49999994039535522461e-01
cascade_candidate_limit=1.00000000000000000000e+03
cascade_weight_multiplier=4.00000005960464477539e-01
cascade_activation_functions_count=10
cascade_activation_functions=3 5 7 8 10 11 14 15 16 17 
cascade_activation_steepnesses_count=4
cascade_activation_steepnesses=2.50000000000000000000e-01 5.00000000000000000000e-01 7.50000000000000000000e-01 1.00000000000000000000e+00 
layer_sizes=10 5 2 
scale_included=0
neurons (num_inputs, activation_function, activation_steepness)=(0, 0, 0.00000000000000000000e+00) (0, 0, 0.00000000000000000000e+00) (0, 0, 0.00000000000000000000e+00) (0, 0, 0.00000000000000000000e+00) (0, 0, 0.00000000000000000000e+00) (0, 0, 0.00000000000000000000e+00) (0, 0, 0.00000000000000000000e+00) (0, 0, 0.00000000000000000000e+00) (0, 0, 0.00000000000000000000e+00) (0, 0, 0.00000000000000000000e+00) (10, 3, 5.00000000000000000000e-01) (10, 3, 5.00000000000000000000e-01) (10, 3, 5.00000000000000000000e-01) (10, 3, 5.00000000000000000000e-01) (0, 3, 0.00000000000000000000e+00) (5, 3, 5.00000000000000000000e-01) (0, 3, 0.00000000000000000000e+00) 
connections (connected_to_neuron, weight)=(0, -4.95812952518463134766e-01) (1, -3.31265002489089965820e-01) (2, -3.90628904104232788086e-01) (3, -4.07928705215454101562e-01) (4, -9.16500836610794067383e-02) (5, -2.76470243930816650391e-01) (6, -2.68274039030075073242e-01) (7, -2.82826483249664306641e-01) (8, -3.66822332143783569336e-01) (9, 4.10863384604454040527e-02) (0, 3.67759704589843750000e-01) (1, 4.20697778463363647461e-01) (2, 1.02009105682373046875e+00) (3, 2.38452956080436706543e-01) (4, -3.10884565114974975586e-01) (5, 5.56785643100738525391e-01) (6, 2.90850806050002574921e-03) (7, 2.13093474507331848145e-01) (8, 3.90294730663299560547e-01) (9, 3.42899113893508911133e-01) (0, 2.03432351350784301758e-01) (1, 5.03649175167083740234e-01) (2, 1.09830904006958007812e+00) (3, 1.08783230185508728027e-01) (4, -9.96546521782875061035e-02) (5, 6.10847651958465576172e-01) (6, 2.56397217512130737305e-01) (7, -2.52128869295120239258e-01) (8, 3.80242228507995605469e-01) (9, 7.48185515403747558594e-01) (0, -3.46553057432174682617e-01) (1, -3.43122154474258422852e-01) (2, -2.27655053138732910156e-01) (3, -3.59844416379928588867e-01) (4, -4.73028689622879028320e-01) (5, -3.30815494060516357422e-01) (6, -4.09397393465042114258e-01) (7, -4.08727377653121948242e-01) (8, -3.25880616903305053711e-01) (9, 8.70362579822540283203e-01) (10, -3.27935844659805297852e-01) (11, 1.16078054904937744141e+00) (12, 3.05560857057571411133e-01) (13, -4.80084466934204101562e+00) (14, 3.59854191541671752930e-01) 
