FANN_FLO_2.1
num_layers=3
learning_rate=0.500000
connection_rate=1.000000
network_type=0
learning_momentum=0.000000
training_algorithm=2
train_error_function=1
train_stop_function=0
cascade_output_change_fraction=0.010000
quickprop_decay=-0.000100
quickprop_mu=1.750000
rprop_increase_factor=1.200000
rprop_decrease_factor=0.500000
rprop_delta_min=0.000000
rprop_delta_max=50.000000
rprop_delta_zero=0.100000
cascade_output_stagnation_epochs=12
cascade_candidate_change_fraction=0.010000
cascade_candidate_stagnation_epochs=12
cascade_max_out_epochs=150
cascade_min_out_epochs=50
cascade_max_cand_epochs=150
cascade_min_cand_epochs=50
cascade_num_candidate_groups=2
bit_fail_limit=3.49999994039535522461e-01
cascade_candidate_limit=1.00000000000000000000e+03
cascade_weight_multiplier=4.00000005960464477539e-01
cascade_activation_functions_count=10
cascade_activation_functions=3 5 7 8 10 11 14 15 16 17 
cascade_activation_steepnesses_count=4
cascade_activation_steepnesses=2.50000000000000000000e-01 5.00000000000000000000e-01 7.50000000000000000000e-01 1.00000000000000000000e+00 
layer_sizes=3 5 4 
scale_included=0
neurons (num_inputs, activation_function, activation_steepness)=(0, 0, 0.00000000000000000000e+00) (0, 0, 0.00000000000000000000e+00) (0, 0, 0.00000000000000000000e+00) (3, 3, 5.00000000000000000000e-01) (3, 3, 5.00000000000000000000e-01) (3, 3, 5.00000000000000000000e-01) (3, 3, 5.00000000000000000000e-01) (0, 3, 0.00000000000000000000e+00) (5, 0, 5.00000000000000000000e-01) (5, 0, 5.00000000000000000000e-01) (5, 0, 5.00000000000000000000e-01) (0, 0, 0.00000000000000000000e+00) 
connections (connected_to_neuron, weight)=(0, -1.74990260601043701172e+00) (1, -2.28335070610046386719e+00) (2, 1.02380558848381042480e-01) (0, -3.03941321372985839844e+00) (1, -6.12293899059295654297e-01) (2, 7.10116803646087646484e-01) (0, -3.65152001380920410156e+00) (1, 1.84809708595275878906e+00) (2, 7.85251975059509277344e-01) (0, -9.09351158142089843750e+00) (1, 8.58611869812011718750e+00) (2, 7.35552644729614257812e+00) (3, 3.20997047424316406250e+00) (4, 2.85227704048156738281e+00) (5, 2.91980314254760742188e+00) (6, 9.06625151634216308594e-01) (7, 9.89384889602661132812e-01) (3, 9.25145530700683593750e+00) (4, 8.06136512756347656250e+00) (5, 7.49428844451904296875e+00) (6, 4.80240249633789062500e+00) (7, 4.29235363006591796875e+00) (3, 3.06318778991699218750e+01) (4, 2.60218429565429687500e+01) (5, 2.19152202606201171875e+01) (6, 1.58682546615600585938e+01) (7, 1.97122039794921875000e+01) 
