FANN_FLO_2.1
num_layers=4
learning_rate=0.450000
connection_rate=1.000000
network_type=0
learning_momentum=0.000000
training_algorithm=2
train_error_function=1
train_stop_function=0
cascade_output_change_fraction=0.010000
quickprop_decay=-0.000100
quickprop_mu=1.750000
rprop_increase_factor=1.200000
rprop_decrease_factor=0.500000
rprop_delta_min=0.000000
rprop_delta_max=50.000000
rprop_delta_zero=0.100000
cascade_output_stagnation_epochs=12
cascade_candidate_change_fraction=0.010000
cascade_candidate_stagnation_epochs=12
cascade_max_out_epochs=150
cascade_min_out_epochs=50
cascade_max_cand_epochs=150
cascade_min_cand_epochs=50
cascade_num_candidate_groups=2
bit_fail_limit=3.49999994039535522461e-01
cascade_candidate_limit=1.00000000000000000000e+03
cascade_weight_multiplier=4.00000005960464477539e-01
cascade_activation_functions_count=10
cascade_activation_functions=3 5 7 8 10 11 14 15 16 17 
cascade_activation_steepnesses_count=4
cascade_activation_steepnesses=2.50000000000000000000e-01 5.00000000000000000000e-01 7.50000000000000000000e-01 1.00000000000000000000e+00 
layer_sizes=7 5 3 2 
scale_included=0
neurons (num_inputs, activation_function, activation_steepness)=(0, 0, 0.00000000000000000000e+00) (0, 0, 0.00000000000000000000e+00) (0, 0, 0.00000000000000000000e+00) (0, 0, 0.00000000000000000000e+00) (0, 0, 0.00000000000000000000e+00) (0, 0, 0.00000000000000000000e+00) (0, 0, 0.00000000000000000000e+00) (7, 3, 5.00000000000000000000e-01) (7, 3, 5.00000000000000000000e-01) (7, 3, 5.00000000000000000000e-01) (7, 3, 5.00000000000000000000e-01) (0, 3, 0.00000000000000000000e+00) (5, 3, 5.00000000000000000000e-01) (5, 3, 5.00000000000000000000e-01) (0, 3, 0.00000000000000000000e+00) (3, 0, 5.00000000000000000000e-01) (0, 0, 0.00000000000000000000e+00) 
connections (connected_to_neuron, weight)=(0, 1.66508603096008300781e+00) (1, -5.48011958599090576172e-01) (2, -9.88245308399200439453e-01) (3, -1.18649804592132568359e+00) (4, 2.72042900323867797852e-01) (5, 6.21195614337921142578e-01) (6, 2.41179347038269042969e+00) (0, 5.15267960727214813232e-02) (1, -3.63118052482604980469e-02) (2, 1.28419923782348632812e+00) (3, -1.32669389247894287109e-01) (4, 3.43182921409606933594e-01) (5, -9.40434634685516357422e-01) (6, -1.05537116527557373047e-01) (0, 1.62065714597702026367e-01) (1, -3.01742643117904663086e-01) (2, 1.20524799823760986328e+00) (3, -4.66501057147979736328e-01) (4, 3.00052762031555175781e+00) (5, -2.44708865880966186523e-01) (6, -2.18334138393402099609e-01) (0, 3.02932649850845336914e-01) (1, 2.66006320714950561523e-01) (2, 7.47968971729278564453e-01) (3, -2.48266179114580154419e-02) (4, -3.77555966377258300781e-01) (5, -5.86545348167419433594e-01) (6, 8.58874857425689697266e-01) (7, 5.02310800552368164062e+00) (8, 3.51244235038757324219e+00) (9, -1.51366968154907226562e+01) (10, 1.36152958869934082031e+00) (11, 1.32397368550300598145e-01) (7, -1.50000000000000000000e+03) (8, -1.50000000000000000000e+03) (9, -6.41525924205780029297e-01) (10, -1.50000000000000000000e+03) (11, -1.42136752605438232422e+00) (12, 1.23684632778167724609e+00) (13, -1.56273990869522094727e-01) (14, 8.97983182221651077271e-03) 
