FANN_FLO_2.1
num_layers=4
learning_rate=0.450000
connection_rate=1.000000
network_type=0
learning_momentum=0.000000
training_algorithm=2
train_error_function=1
train_stop_function=0
cascade_output_change_fraction=0.010000
quickprop_decay=-0.000100
quickprop_mu=1.750000
rprop_increase_factor=1.200000
rprop_decrease_factor=0.500000
rprop_delta_min=0.000000
rprop_delta_max=50.000000
rprop_delta_zero=0.100000
cascade_output_stagnation_epochs=12
cascade_candidate_change_fraction=0.010000
cascade_candidate_stagnation_epochs=12
cascade_max_out_epochs=150
cascade_min_out_epochs=50
cascade_max_cand_epochs=150
cascade_min_cand_epochs=50
cascade_num_candidate_groups=2
bit_fail_limit=3.49999994039535522461e-01
cascade_candidate_limit=1.00000000000000000000e+03
cascade_weight_multiplier=4.00000005960464477539e-01
cascade_activation_functions_count=10
cascade_activation_functions=3 5 7 8 10 11 14 15 16 17 
cascade_activation_steepnesses_count=4
cascade_activation_steepnesses=2.50000000000000000000e-01 5.00000000000000000000e-01 7.50000000000000000000e-01 1.00000000000000000000e+00 
layer_sizes=7 5 5 2 
scale_included=0
neurons (num_inputs, activation_function, activation_steepness)=(0, 0, 0.00000000000000000000e+00) (0, 0, 0.00000000000000000000e+00) (0, 0, 0.00000000000000000000e+00) (0, 0, 0.00000000000000000000e+00) (0, 0, 0.00000000000000000000e+00) (0, 0, 0.00000000000000000000e+00) (0, 0, 0.00000000000000000000e+00) (7, 3, 5.00000000000000000000e-01) (7, 3, 5.00000000000000000000e-01) (7, 3, 5.00000000000000000000e-01) (7, 3, 5.00000000000000000000e-01) (0, 3, 0.00000000000000000000e+00) (5, 3, 5.00000000000000000000e-01) (5, 3, 5.00000000000000000000e-01) (5, 3, 5.00000000000000000000e-01) (5, 3, 5.00000000000000000000e-01) (0, 3, 0.00000000000000000000e+00) (5, 0, 5.00000000000000000000e-01) (0, 0, 0.00000000000000000000e+00) 
connections (connected_to_neuron, weight)=(0, -1.34975695800781250000e+03) (1, 2.14332092285156250000e+02) (2, -1.49048828125000000000e+03) (3, 3.68781311035156250000e+02) (4, 1.49673315429687500000e+03) (5, 7.48526550292968750000e+02) (6, 5.05339384078979492188e+00) (0, -1.04762670898437500000e+03) (1, -1.49067956542968750000e+03) (2, 9.12423217773437500000e+02) (3, 1.49999987792968750000e+03) (4, 5.08474395751953125000e+02) (5, 1.35883166503906250000e+03) (6, 5.39283466339111328125e+00) (0, -1.24851647949218750000e+03) (1, -1.49101562500000000000e+03) (2, 1.47854016113281250000e+03) (3, 1.49999865722656250000e+03) (4, 7.96400268554687500000e+02) (5, 1.41493652343750000000e+03) (6, 3.02021408081054687500e+00) (0, 6.03467102050781250000e+01) (1, -1.32550430297851562500e+01) (2, 1.81389694213867187500e+02) (3, -4.39110412597656250000e+01) (4, -2.06119251251220703125e+01) (5, -1.54442077636718750000e+02) (6, 4.61198234558105468750e+00) (7, 5.95820861816406250000e+02) (8, -2.98891276121139526367e-01) (9, -5.97326278686523437500e-01) (10, 1.51859951019287109375e+00) (11, -3.19713652133941650391e-01) (7, -6.02584457397460937500e+00) (8, -7.96294569969177246094e-01) (9, -8.69270980358123779297e-01) (10, 5.65926265716552734375e+00) (11, -9.23947155475616455078e-01) (7, -6.99640274047851562500e+01) (8, -2.05429267883300781250e+00) (9, -1.88589591979980468750e+01) (10, -5.81893615722656250000e+01) (11, -1.46670711040496826172e+00) (7, -1.57930898666381835938e+00) (8, -2.47879505157470703125e-01) (9, -9.68646164983510971069e-03) (10, 6.86854243278503417969e-01) (11, -1.20784573256969451904e-01) (12, -7.53343999385833740234e-02) (13, -9.88250672817230224609e-02) (14, 7.41057825088500976562e+00) (15, 1.45728364586830139160e-01) (16, 6.51583075523376464844e-02) 
