FANN_FLO_2.1
num_layers=3
learning_rate=0.500000
connection_rate=1.000000
network_type=0
learning_momentum=0.000000
training_algorithm=2
train_error_function=1
train_stop_function=0
cascade_output_change_fraction=0.010000
quickprop_decay=-0.000100
quickprop_mu=1.750000
rprop_increase_factor=1.200000
rprop_decrease_factor=0.500000
rprop_delta_min=0.000000
rprop_delta_max=50.000000
rprop_delta_zero=0.100000
cascade_output_stagnation_epochs=12
cascade_candidate_change_fraction=0.010000
cascade_candidate_stagnation_epochs=12
cascade_max_out_epochs=150
cascade_min_out_epochs=50
cascade_max_cand_epochs=150
cascade_min_cand_epochs=50
cascade_num_candidate_groups=2
bit_fail_limit=3.49999994039535522461e-01
cascade_candidate_limit=1.00000000000000000000e+03
cascade_weight_multiplier=4.00000005960464477539e-01
cascade_activation_functions_count=10
cascade_activation_functions=3 5 7 8 10 11 14 15 16 17 
cascade_activation_steepnesses_count=4
cascade_activation_steepnesses=2.50000000000000000000e-01 5.00000000000000000000e-01 7.50000000000000000000e-01 1.00000000000000000000e+00 
layer_sizes=7 5 2 
scale_included=0
neurons (num_inputs, activation_function, activation_steepness)=(0, 0, 0.00000000000000000000e+00) (0, 0, 0.00000000000000000000e+00) (0, 0, 0.00000000000000000000e+00) (0, 0, 0.00000000000000000000e+00) (0, 0, 0.00000000000000000000e+00) (0, 0, 0.00000000000000000000e+00) (0, 0, 0.00000000000000000000e+00) (7, 3, 5.00000000000000000000e-01) (7, 3, 5.00000000000000000000e-01) (7, 3, 5.00000000000000000000e-01) (7, 3, 5.00000000000000000000e-01) (0, 3, 0.00000000000000000000e+00) (5, 0, 5.00000000000000000000e-01) (0, 0, 0.00000000000000000000e+00) 
connections (connected_to_neuron, weight)=(0, 9.88039195537567138672e-01) (1, -1.31933045387268066406e+00) (2, -1.97794461250305175781e+00) (3, -1.55503302812576293945e-01) (4, -5.50511956214904785156e-01) (5, -1.28177833557128906250e+00) (6, -6.67564928531646728516e-01) (0, 2.88725781440734863281e+00) (1, 5.94736137390136718750e+01) (2, -1.85678039550781250000e+02) (3, -1.02855453491210937500e+01) (4, -9.59484863281250000000e+01) (5, -8.58865600585937500000e+02) (6, -5.73521280288696289062e+00) (0, 1.13755881786346435547e-01) (1, 9.88802686333656311035e-02) (2, 4.47835743427276611328e-01) (3, -2.52596735954284667969e-02) (4, -6.01998567581176757812e-01) (5, -6.03440478444099426270e-02) (6, -4.74140375852584838867e-01) (0, 5.65268695354461669922e-01) (1, -3.45498025417327880859e-01) (2, 9.65861320495605468750e-01) (3, -5.16969859600067138672e-01) (4, -3.71414124965667724609e-01) (5, -4.18881505727767944336e-01) (6, -8.79905894398689270020e-02) (7, 7.98900574445724487305e-02) (8, -1.35176345825195312500e+02) (9, 2.69586116075515747070e-01) (10, -2.70722061395645141602e-01) (11, 6.32196152582764625549e-03) 
