FANN_FLO_2.1
num_layers=3
learning_rate=0.500000
connection_rate=1.000000
network_type=0
learning_momentum=0.000000
training_algorithm=2
train_error_function=1
train_stop_function=0
cascade_output_change_fraction=0.010000
quickprop_decay=-0.000100
quickprop_mu=1.750000
rprop_increase_factor=1.200000
rprop_decrease_factor=0.500000
rprop_delta_min=0.000000
rprop_delta_max=50.000000
rprop_delta_zero=0.100000
cascade_output_stagnation_epochs=12
cascade_candidate_change_fraction=0.010000
cascade_candidate_stagnation_epochs=12
cascade_max_out_epochs=150
cascade_min_out_epochs=50
cascade_max_cand_epochs=150
cascade_min_cand_epochs=50
cascade_num_candidate_groups=2
bit_fail_limit=3.49999994039535522461e-01
cascade_candidate_limit=1.00000000000000000000e+03
cascade_weight_multiplier=4.00000005960464477539e-01
cascade_activation_functions_count=10
cascade_activation_functions=3 5 7 8 10 11 14 15 16 17 
cascade_activation_steepnesses_count=4
cascade_activation_steepnesses=2.50000000000000000000e-01 5.00000000000000000000e-01 7.50000000000000000000e-01 1.00000000000000000000e+00 
layer_sizes=3 5 4 
scale_included=0
neurons (num_inputs, activation_function, activation_steepness)=(0, 0, 0.00000000000000000000e+00) (0, 0, 0.00000000000000000000e+00) (0, 0, 0.00000000000000000000e+00) (3, 3, 5.00000000000000000000e-01) (3, 3, 5.00000000000000000000e-01) (3, 3, 5.00000000000000000000e-01) (3, 3, 5.00000000000000000000e-01) (0, 3, 0.00000000000000000000e+00) (5, 0, 5.00000000000000000000e-01) (5, 0, 5.00000000000000000000e-01) (5, 0, 5.00000000000000000000e-01) (0, 0, 0.00000000000000000000e+00) 
connections (connected_to_neuron, weight)=(0, -1.46549568176269531250e+01) (1, 6.15434312820434570312e+00) (2, 7.51909112930297851562e+00) (0, -1.45563564300537109375e+01) (1, 1.42924375534057617188e+01) (2, 1.16881847381591796875e+01) (0, -1.35467472076416015625e+01) (1, 3.04352045059204101562e+00) (2, 7.77672305703163146973e-02) (0, -1.75319147109985351562e+00) (1, -1.29857087135314941406e+00) (2, 9.52534005045890808105e-02) (3, 7.62488782405853271484e-01) (4, 1.50559818744659423828e+00) (5, 2.57370328903198242188e+00) (6, 4.53059816360473632812e+00) (7, 1.21502578258514404297e+00) (3, 4.59457826614379882812e+00) (4, 5.09791946411132812500e+00) (5, 5.26420307159423828125e+00) (6, 1.36224126815795898438e+01) (7, 4.65541172027587890625e+00) (3, 1.38918743133544921875e+01) (4, 1.77416706085205078125e+01) (5, 1.62001609802246093750e+01) (6, 4.34022064208984375000e+01) (7, 1.98254394531250000000e+01) 
