FANN_FLO_2.1
num_layers=3
learning_rate=0.400000
connection_rate=1.000000
network_type=0
learning_momentum=0.000000
training_algorithm=2
train_error_function=1
train_stop_function=0
cascade_output_change_fraction=0.010000
quickprop_decay=-0.000100
quickprop_mu=1.750000
rprop_increase_factor=1.200000
rprop_decrease_factor=0.500000
rprop_delta_min=0.000000
rprop_delta_max=50.000000
rprop_delta_zero=0.100000
cascade_output_stagnation_epochs=12
cascade_candidate_change_fraction=0.010000
cascade_candidate_stagnation_epochs=12
cascade_max_out_epochs=150
cascade_min_out_epochs=50
cascade_max_cand_epochs=150
cascade_min_cand_epochs=50
cascade_num_candidate_groups=2
bit_fail_limit=3.49999994039535522461e-01
cascade_candidate_limit=1.00000000000000000000e+03
cascade_weight_multiplier=4.00000005960464477539e-01
cascade_activation_functions_count=10
cascade_activation_functions=3 5 7 8 10 11 14 15 16 17 
cascade_activation_steepnesses_count=4
cascade_activation_steepnesses=2.50000000000000000000e-01 5.00000000000000000000e-01 7.50000000000000000000e-01 1.00000000000000000000e+00 
layer_sizes=10 3 2 
scale_included=0
neurons (num_inputs, activation_function, activation_steepness)=(0, 0, 0.00000000000000000000e+00) (0, 0, 0.00000000000000000000e+00) (0, 0, 0.00000000000000000000e+00) (0, 0, 0.00000000000000000000e+00) (0, 0, 0.00000000000000000000e+00) (0, 0, 0.00000000000000000000e+00) (0, 0, 0.00000000000000000000e+00) (0, 0, 0.00000000000000000000e+00) (0, 0, 0.00000000000000000000e+00) (0, 0, 0.00000000000000000000e+00) (10, 3, 5.00000000000000000000e-01) (10, 3, 5.00000000000000000000e-01) (0, 3, 0.00000000000000000000e+00) (3, 3, 5.00000000000000000000e-01) (0, 3, 0.00000000000000000000e+00) 
connections (connected_to_neuron, weight)=(0, 8.34909528493881225586e-02) (1, 2.06295773386955261230e-02) (2, 7.51159116625785827637e-02) (3, 3.92402708530426025391e-02) (4, 4.88361865282058715820e-02) (5, 1.78073197603225708008e-01) (6, 1.92526042461395263672e-01) (7, 1.41602337360382080078e-01) (8, 5.21827936172485351562e-02) (9, 8.96802693605422973633e-02) (0, -7.28893354535102844238e-02) (1, -2.78026387095451354980e-02) (2, -9.44912955164909362793e-02) (3, -1.90686345100402832031e-01) (4, -1.63753822445869445801e-01) (5, -4.18216660618782043457e-02) (6, -1.41654387116432189941e-01) (7, -1.70769572257995605469e-01) (8, -2.01734960079193115234e-01) (9, -1.97960659861564636230e-01) (10, -1.62082076072692871094e-01) (11, -6.69017210602760314941e-02) (12, -2.16930851340293884277e-01) 
