FANN_FLO_2.1
num_layers=4
learning_rate=0.500000
connection_rate=1.000000
network_type=0
learning_momentum=0.000000
training_algorithm=2
train_error_function=1
train_stop_function=0
cascade_output_change_fraction=0.010000
quickprop_decay=-0.000100
quickprop_mu=1.750000
rprop_increase_factor=1.200000
rprop_decrease_factor=0.500000
rprop_delta_min=0.000000
rprop_delta_max=50.000000
rprop_delta_zero=0.100000
cascade_output_stagnation_epochs=12
cascade_candidate_change_fraction=0.010000
cascade_candidate_stagnation_epochs=12
cascade_max_out_epochs=150
cascade_min_out_epochs=50
cascade_max_cand_epochs=150
cascade_min_cand_epochs=50
cascade_num_candidate_groups=2
bit_fail_limit=3.49999994039535522461e-01
cascade_candidate_limit=1.00000000000000000000e+03
cascade_weight_multiplier=4.00000005960464477539e-01
cascade_activation_functions_count=10
cascade_activation_functions=3 5 7 8 10 11 14 15 16 17 
cascade_activation_steepnesses_count=4
cascade_activation_steepnesses=2.50000000000000000000e-01 5.00000000000000000000e-01 7.50000000000000000000e-01 1.00000000000000000000e+00 
layer_sizes=4 5 5 2 
scale_included=0
neurons (num_inputs, activation_function, activation_steepness)=(0, 0, 0.00000000000000000000e+00) (0, 0, 0.00000000000000000000e+00) (0, 0, 0.00000000000000000000e+00) (0, 0, 0.00000000000000000000e+00) (4, 3, 5.00000000000000000000e-01) (4, 3, 5.00000000000000000000e-01) (4, 3, 5.00000000000000000000e-01) (4, 3, 5.00000000000000000000e-01) (0, 3, 0.00000000000000000000e+00) (5, 3, 5.00000000000000000000e-01) (5, 3, 5.00000000000000000000e-01) (5, 3, 5.00000000000000000000e-01) (5, 3, 5.00000000000000000000e-01) (0, 3, 0.00000000000000000000e+00) (5, 3, 5.00000000000000000000e-01) (0, 3, 0.00000000000000000000e+00) 
connections (connected_to_neuron, weight)=(0, 3.28186225891113281250e+00) (1, 8.02123308181762695312e-01) (2, 5.22210025787353515625e+00) (3, -5.38155460357666015625e+00) (0, 5.80794429779052734375e+00) (1, 3.53082799911499023438e+00) (2, 1.77028512954711914062e+00) (3, -7.63102626800537109375e+00) (0, 7.66126728057861328125e+00) (1, 3.97039866447448730469e+00) (2, -3.20161008834838867188e+00) (3, -4.83041620254516601562e+00) (0, 6.07018661499023437500e+00) (1, 6.18820428848266601562e+00) (2, 1.88570845127105712891e+00) (3, -7.62522172927856445312e+00) (4, -1.11988317966461181641e+00) (5, -1.47275328636169433594e+00) (6, -9.07956898212432861328e-01) (7, -3.78878378868103027344e+00) (8, 1.55097877979278564453e+00) (4, -1.86391353607177734375e+00) (5, -9.23704326152801513672e-01) (6, 3.17859935760498046875e+01) (7, -1.00150191783905029297e+00) (8, -4.45072746276855468750e+00) (4, -1.15761637687683105469e+00) (5, -1.23374128341674804688e+00) (6, -9.96132910251617431641e-01) (7, -3.95469999313354492188e+00) (8, 1.59728503227233886719e+00) (4, -6.05169057846069335938e-01) (5, -1.11046767234802246094e+00) (6, -1.46011734008789062500e+00) (7, -2.02708969116210937500e+01) (8, 6.78514099121093750000e+00) (9, -1.65511548519134521484e+00) (10, -8.24393868446350097656e-01) (11, -1.65009808540344238281e+00) (12, -2.54947805404663085938e+00) (13, 3.03360867500305175781e+00) 
