FANN_FLO_2.1
num_layers=4
learning_rate=0.500000
connection_rate=1.000000
network_type=0
learning_momentum=0.000000
training_algorithm=2
train_error_function=1
train_stop_function=0
cascade_output_change_fraction=0.010000
quickprop_decay=-0.000100
quickprop_mu=1.750000
rprop_increase_factor=1.200000
rprop_decrease_factor=0.500000
rprop_delta_min=0.000000
rprop_delta_max=50.000000
rprop_delta_zero=0.100000
cascade_output_stagnation_epochs=12
cascade_candidate_change_fraction=0.010000
cascade_candidate_stagnation_epochs=12
cascade_max_out_epochs=150
cascade_min_out_epochs=50
cascade_max_cand_epochs=150
cascade_min_cand_epochs=50
cascade_num_candidate_groups=2
bit_fail_limit=3.49999994039535522461e-01
cascade_candidate_limit=1.00000000000000000000e+03
cascade_weight_multiplier=4.00000005960464477539e-01
cascade_activation_functions_count=10
cascade_activation_functions=3 5 7 8 10 11 14 15 16 17 
cascade_activation_steepnesses_count=4
cascade_activation_steepnesses=2.50000000000000000000e-01 5.00000000000000000000e-01 7.50000000000000000000e-01 1.00000000000000000000e+00 
layer_sizes=4 5 5 2 
scale_included=0
neurons (num_inputs, activation_function, activation_steepness)=(0, 0, 0.00000000000000000000e+00) (0, 0, 0.00000000000000000000e+00) (0, 0, 0.00000000000000000000e+00) (0, 0, 0.00000000000000000000e+00) (4, 3, 5.00000000000000000000e-01) (4, 3, 5.00000000000000000000e-01) (4, 3, 5.00000000000000000000e-01) (4, 3, 5.00000000000000000000e-01) (0, 3, 0.00000000000000000000e+00) (5, 3, 5.00000000000000000000e-01) (5, 3, 5.00000000000000000000e-01) (5, 3, 5.00000000000000000000e-01) (5, 3, 5.00000000000000000000e-01) (0, 3, 0.00000000000000000000e+00) (5, 3, 5.00000000000000000000e-01) (0, 3, 0.00000000000000000000e+00) 
connections (connected_to_neuron, weight)=(0, -1.26651315689086914062e+01) (1, -3.18198184967041015625e+01) (2, 3.21494221687316894531e+00) (3, 1.43504142761230468750e+01) (0, -7.10992717742919921875e+00) (1, -1.23674958944320678711e-01) (2, -2.70433878898620605469e+00) (3, 4.74868297576904296875e+00) (0, -2.21710052490234375000e+01) (1, -8.46514225006103515625e+00) (2, 5.78608036041259765625e+00) (3, 9.35282325744628906250e+00) (0, -7.08763599395751953125e+00) (1, -1.77593111991882324219e-01) (2, -2.96590447425842285156e+00) (3, 4.72926044464111328125e+00) (4, 5.62606000900268554688e+00) (5, 6.05232334136962890625e+00) (6, -3.15486121177673339844e+00) (7, 4.95173931121826171875e+00) (8, -2.55495595932006835938e+00) (4, 1.50000000000000000000e+03) (5, -1.14642477035522460938e+00) (6, 1.75202514648437500000e+02) (7, -1.12763154506683349609e+00) (8, 4.93268907070159912109e-01) (4, 5.94636344909667968750e+00) (5, 6.63805580139160156250e+00) (6, -5.05801582336425781250e+00) (7, 5.82761526107788085938e+00) (8, -3.21894741058349609375e+00) (4, 6.25616598129272460938e+00) (5, 6.52758884429931640625e+00) (6, -4.58430814743041992188e+00) (7, 6.50649499893188476562e+00) (8, -3.21403121948242187500e+00) (9, -1.75735324621200561523e-01) (10, 3.30756306648254394531e+00) (11, -8.91663610935211181641e-01) (12, -5.45170974731445312500e+00) (13, 9.08971667289733886719e-01) 
