FANN_FLO_2.1
num_layers=3
learning_rate=0.400000
connection_rate=1.000000
network_type=0
learning_momentum=0.000000
training_algorithm=2
train_error_function=1
train_stop_function=0
cascade_output_change_fraction=0.010000
quickprop_decay=-0.000100
quickprop_mu=1.750000
rprop_increase_factor=1.200000
rprop_decrease_factor=0.500000
rprop_delta_min=0.000000
rprop_delta_max=50.000000
rprop_delta_zero=0.100000
cascade_output_stagnation_epochs=12
cascade_candidate_change_fraction=0.010000
cascade_candidate_stagnation_epochs=12
cascade_max_out_epochs=150
cascade_min_out_epochs=50
cascade_max_cand_epochs=150
cascade_min_cand_epochs=50
cascade_num_candidate_groups=2
bit_fail_limit=3.49999994039535522461e-01
cascade_candidate_limit=1.00000000000000000000e+03
cascade_weight_multiplier=4.00000005960464477539e-01
cascade_activation_functions_count=10
cascade_activation_functions=3 5 7 8 10 11 14 15 16 17 
cascade_activation_steepnesses_count=4
cascade_activation_steepnesses=2.50000000000000000000e-01 5.00000000000000000000e-01 7.50000000000000000000e-01 1.00000000000000000000e+00 
layer_sizes=6 5 2 
scale_included=0
neurons (num_inputs, activation_function, activation_steepness)=(0, 0, 0.00000000000000000000e+00) (0, 0, 0.00000000000000000000e+00) (0, 0, 0.00000000000000000000e+00) (0, 0, 0.00000000000000000000e+00) (0, 0, 0.00000000000000000000e+00) (0, 0, 0.00000000000000000000e+00) (6, 3, 5.00000000000000000000e-01) (6, 3, 5.00000000000000000000e-01) (6, 3, 5.00000000000000000000e-01) (6, 3, 5.00000000000000000000e-01) (0, 3, 0.00000000000000000000e+00) (5, 0, 5.00000000000000000000e-01) (0, 0, 0.00000000000000000000e+00) 
connections (connected_to_neuron, weight)=(0, -1.50000000000000000000e+03) (1, -1.05035241699218750000e+03) (2, -7.14942216873168945312e+00) (3, -1.03898277282714843750e+02) (4, 1.97875130176544189453e+00) (5, -4.69628190994262695312e+00) (0, -1.50000000000000000000e+03) (1, -6.68147563934326171875e+00) (2, -8.40522825717926025391e-01) (3, -8.92143428325653076172e-01) (4, -4.92169231176376342773e-01) (5, 1.07290774583816528320e-01) (0, -1.50000000000000000000e+03) (1, -1.19225610351562500000e+03) (2, 6.23491144180297851562e+00) (3, -1.71231460571289062500e+02) (4, 1.07562577724456787109e+00) (5, -6.50517883300781250000e+01) (0, -1.50000000000000000000e+03) (1, -8.05584655761718750000e+02) (2, 6.04863023757934570312e+00) (3, -1.14419975280761718750e+02) (4, 1.68154132366180419922e+00) (5, -1.84917755126953125000e+01) (6, 4.99448919296264648438e+00) (7, 1.02288827896118164062e+01) (8, 1.07458486557006835938e+01) (9, 5.28730487823486328125e+00) (10, 7.68151342868804931641e-01) 
