FANN_FLO_2.1
num_layers=4
learning_rate=0.300000
connection_rate=1.000000
network_type=0
learning_momentum=0.000000
training_algorithm=2
train_error_function=1
train_stop_function=0
cascade_output_change_fraction=0.010000
quickprop_decay=-0.000100
quickprop_mu=1.750000
rprop_increase_factor=1.200000
rprop_decrease_factor=0.500000
rprop_delta_min=0.000000
rprop_delta_max=50.000000
rprop_delta_zero=0.100000
cascade_output_stagnation_epochs=12
cascade_candidate_change_fraction=0.010000
cascade_candidate_stagnation_epochs=12
cascade_max_out_epochs=150
cascade_min_out_epochs=50
cascade_max_cand_epochs=150
cascade_min_cand_epochs=50
cascade_num_candidate_groups=2
bit_fail_limit=3.49999994039535522461e-01
cascade_candidate_limit=1.00000000000000000000e+03
cascade_weight_multiplier=4.00000005960464477539e-01
cascade_activation_functions_count=10
cascade_activation_functions=3 5 7 8 10 11 14 15 16 17 
cascade_activation_steepnesses_count=4
cascade_activation_steepnesses=2.50000000000000000000e-01 5.00000000000000000000e-01 7.50000000000000000000e-01 1.00000000000000000000e+00 
layer_sizes=2 5 3 3 
scale_included=0
neurons (num_inputs, activation_function, activation_steepness)=(0, 0, 0.00000000000000000000e+00) (0, 0, 0.00000000000000000000e+00) (2, 3, 5.00000000000000000000e-01) (2, 3, 5.00000000000000000000e-01) (2, 3, 5.00000000000000000000e-01) (2, 3, 5.00000000000000000000e-01) (0, 3, 0.00000000000000000000e+00) (5, 3, 5.00000000000000000000e-01) (5, 3, 5.00000000000000000000e-01) (0, 3, 0.00000000000000000000e+00) (3, 0, 5.00000000000000000000e-01) (3, 0, 5.00000000000000000000e-01) (0, 0, 0.00000000000000000000e+00) 
connections (connected_to_neuron, weight)=(0, 8.40262889862060546875e+00) (1, 7.14478349685668945312e+00) (0, -2.99623908996582031250e+01) (1, 8.49760830402374267578e-01) (0, 7.77515220642089843750e+00) (1, 1.78699600696563720703e+00) (0, 4.22443008422851562500e+01) (1, 4.61738497018814086914e-01) (2, 1.60909676551818847656e+00) (3, 4.14371681213378906250e+00) (4, 5.57752561569213867188e+00) (5, -1.68047256469726562500e+01) (6, -3.54880475997924804688e+00) (2, 8.43189430236816406250e+00) (3, 2.78463989496231079102e-01) (4, -4.58695381879806518555e-01) (5, -6.83687973022460937500e+00) (6, -3.06355953216552734375e+00) (7, 1.70109406113624572754e-01) (8, 2.92099788784980773926e-02) (9, -1.41342878341674804688e-01) (7, -1.02155148983001708984e+00) (8, -8.61818790435791015625e-01) (9, -6.76825582981109619141e-01) 
