FANN_FLO_2.1
num_layers=3
learning_rate=0.500000
connection_rate=1.000000
network_type=0
learning_momentum=0.000000
training_algorithm=2
train_error_function=1
train_stop_function=0
cascade_output_change_fraction=0.010000
quickprop_decay=-0.000100
quickprop_mu=1.750000
rprop_increase_factor=1.200000
rprop_decrease_factor=0.500000
rprop_delta_min=0.000000
rprop_delta_max=50.000000
rprop_delta_zero=0.100000
cascade_output_stagnation_epochs=12
cascade_candidate_change_fraction=0.010000
cascade_candidate_stagnation_epochs=12
cascade_max_out_epochs=150
cascade_min_out_epochs=50
cascade_max_cand_epochs=150
cascade_min_cand_epochs=50
cascade_num_candidate_groups=2
bit_fail_limit=3.49999994039535522461e-01
cascade_candidate_limit=1.00000000000000000000e+03
cascade_weight_multiplier=4.00000005960464477539e-01
cascade_activation_functions_count=10
cascade_activation_functions=3 5 7 8 10 11 14 15 16 17 
cascade_activation_steepnesses_count=4
cascade_activation_steepnesses=2.50000000000000000000e-01 5.00000000000000000000e-01 7.50000000000000000000e-01 1.00000000000000000000e+00 
layer_sizes=3 9 4 
scale_included=0
neurons (num_inputs, activation_function, activation_steepness)=(0, 0, 0.00000000000000000000e+00) (0, 0, 0.00000000000000000000e+00) (0, 0, 0.00000000000000000000e+00) (3, 3, 5.00000000000000000000e-01) (3, 3, 5.00000000000000000000e-01) (3, 3, 5.00000000000000000000e-01) (3, 3, 5.00000000000000000000e-01) (3, 3, 5.00000000000000000000e-01) (3, 3, 5.00000000000000000000e-01) (3, 3, 5.00000000000000000000e-01) (3, 3, 5.00000000000000000000e-01) (0, 3, 0.00000000000000000000e+00) (9, 0, 5.00000000000000000000e-01) (9, 0, 5.00000000000000000000e-01) (9, 0, 5.00000000000000000000e-01) (0, 0, 0.00000000000000000000e+00) 
connections (connected_to_neuron, weight)=(0, -8.39877796173095703125e+00) (1, -2.85591125488281250000e+00) (2, 5.29907703399658203125e-01) (0, -1.68646979331970214844e+00) (1, 2.62099575996398925781e+00) (2, 1.73796474933624267578e+00) (0, -7.42574310302734375000e+00) (1, 3.90833544731140136719e+00) (2, 4.98314142227172851562e+00) (0, -7.82405138015747070312e+00) (1, 5.34827518463134765625e+00) (2, 8.62892436981201171875e+00) (0, -1.81454598903656005859e+00) (1, 2.51441812515258789062e+00) (2, 2.15985488891601562500e+00) (0, -1.98723757266998291016e+00) (1, -2.61042451858520507812e+00) (2, 2.17356845736503601074e-01) (0, -5.42722940444946289062e+00) (1, 1.47569930553436279297e+00) (2, 2.74917268753051757812e+00) (0, -1.02344188690185546875e+01) (1, 6.50523185729980468750e-01) (2, 1.70902681350708007812e+00) (3, 2.11466574668884277344e+00) (4, 7.36453294754028320312e-01) (5, 8.20764243602752685547e-01) (6, 6.64179325103759765625e-01) (7, 5.93658089637756347656e-01) (8, 2.78512001037597656250e+00) (9, 8.87433469295501708984e-01) (10, 1.68180227279663085938e+00) (11, 4.82976436614990234375e-01) (3, 4.55714464187622070312e+00) (4, 2.92307543754577636719e+00) (5, 2.65454101562500000000e+00) (6, 2.43833017349243164062e+00) (7, 2.40817975997924804688e+00) (8, 8.86114501953125000000e+00) (9, 4.05004596710205078125e+00) (10, 4.04055929183959960938e+00) (11, 1.72579526901245117188e+00) (3, 1.37692584991455078125e+01) (4, 1.07538499832153320312e+01) (5, 7.95177602767944335938e+00) (6, 7.01362895965576171875e+00) (7, 1.07471456527709960938e+01) (8, 2.93059101104736328125e+01) (9, 1.30108280181884765625e+01) (10, 1.28304138183593750000e+01) (11, 7.93891096115112304688e+00) 
