FANN_FLO_2.1
num_layers=4
learning_rate=0.300000
connection_rate=1.000000
network_type=0
learning_momentum=0.000000
training_algorithm=2
train_error_function=1
train_stop_function=0
cascade_output_change_fraction=0.010000
quickprop_decay=-0.000100
quickprop_mu=1.750000
rprop_increase_factor=1.200000
rprop_decrease_factor=0.500000
rprop_delta_min=0.000000
rprop_delta_max=50.000000
rprop_delta_zero=0.100000
cascade_output_stagnation_epochs=12
cascade_candidate_change_fraction=0.010000
cascade_candidate_stagnation_epochs=12
cascade_max_out_epochs=150
cascade_min_out_epochs=50
cascade_max_cand_epochs=150
cascade_min_cand_epochs=50
cascade_num_candidate_groups=2
bit_fail_limit=3.49999994039535522461e-01
cascade_candidate_limit=1.00000000000000000000e+03
cascade_weight_multiplier=4.00000005960464477539e-01
cascade_activation_functions_count=10
cascade_activation_functions=3 5 7 8 10 11 14 15 16 17 
cascade_activation_steepnesses_count=4
cascade_activation_steepnesses=2.50000000000000000000e-01 5.00000000000000000000e-01 7.50000000000000000000e-01 1.00000000000000000000e+00 
layer_sizes=2 5 5 3 
scale_included=0
neurons (num_inputs, activation_function, activation_steepness)=(0, 0, 0.00000000000000000000e+00) (0, 0, 0.00000000000000000000e+00) (2, 3, 5.00000000000000000000e-01) (2, 3, 5.00000000000000000000e-01) (2, 3, 5.00000000000000000000e-01) (2, 3, 5.00000000000000000000e-01) (0, 3, 0.00000000000000000000e+00) (5, 3, 5.00000000000000000000e-01) (5, 3, 5.00000000000000000000e-01) (5, 3, 5.00000000000000000000e-01) (5, 3, 5.00000000000000000000e-01) (0, 3, 0.00000000000000000000e+00) (5, 0, 5.00000000000000000000e-01) (5, 0, 5.00000000000000000000e-01) (0, 0, 0.00000000000000000000e+00) 
connections (connected_to_neuron, weight)=(0, -7.67708003520965576172e-01) (1, -3.10562896728515625000e+00) (0, 5.15464973449707031250e+00) (1, -1.39285302162170410156e+00) (0, 7.22070932388305664062e+00) (1, -5.02353131771087646484e-01) (0, 6.61246728897094726562e+00) (1, -5.33595561981201171875e-01) (2, -7.37802028656005859375e-01) (3, -2.22023510932922363281e+00) (4, -1.27250397205352783203e+00) (5, -8.33631992340087890625e-01) (6, 3.95440198481082916260e-02) (2, 1.85297441482543945312e+00) (3, -4.52380061149597167969e-01) (4, -1.18850016593933105469e+00) (5, -1.14483082294464111328e+00) (6, -2.41670861840248107910e-01) (2, -1.28009271621704101562e+00) (3, -1.94560244679450988770e-01) (4, -1.65998959541320800781e+00) (5, -1.12616181373596191406e+00) (6, -9.57531556487083435059e-02) (2, -2.28865027427673339844e+00) (3, -1.06045758724212646484e+00) (4, -1.53564357757568359375e+00) (5, -1.05605936050415039062e+00) (6, 6.84033110737800598145e-02) (7, 6.20090961456298828125e-02) (8, 3.09558212757110595703e-01) (9, 3.18175166845321655273e-01) (10, 1.02932296693325042725e-01) (11, -3.66238832473754882812e-01) (7, -8.68117451667785644531e-01) (8, -8.05506348609924316406e-01) (9, -8.18469703197479248047e-01) (10, -6.88596129417419433594e-01) (11, -7.20619380474090576172e-01) 
