FANN_FLO_2.1
num_layers=3
learning_rate=0.500000
connection_rate=1.000000
network_type=0
learning_momentum=0.000000
training_algorithm=2
train_error_function=1
train_stop_function=0
cascade_output_change_fraction=0.010000
quickprop_decay=-0.000100
quickprop_mu=1.750000
rprop_increase_factor=1.200000
rprop_decrease_factor=0.500000
rprop_delta_min=0.000000
rprop_delta_max=50.000000
rprop_delta_zero=0.100000
cascade_output_stagnation_epochs=12
cascade_candidate_change_fraction=0.010000
cascade_candidate_stagnation_epochs=12
cascade_max_out_epochs=150
cascade_min_out_epochs=50
cascade_max_cand_epochs=150
cascade_min_cand_epochs=50
cascade_num_candidate_groups=2
bit_fail_limit=3.49999994039535522461e-01
cascade_candidate_limit=1.00000000000000000000e+03
cascade_weight_multiplier=4.00000005960464477539e-01
cascade_activation_functions_count=10
cascade_activation_functions=3 5 7 8 10 11 14 15 16 17 
cascade_activation_steepnesses_count=4
cascade_activation_steepnesses=2.50000000000000000000e-01 5.00000000000000000000e-01 7.50000000000000000000e-01 1.00000000000000000000e+00 
layer_sizes=3 9 4 
scale_included=0
neurons (num_inputs, activation_function, activation_steepness)=(0, 0, 0.00000000000000000000e+00) (0, 0, 0.00000000000000000000e+00) (0, 0, 0.00000000000000000000e+00) (3, 3, 5.00000000000000000000e-01) (3, 3, 5.00000000000000000000e-01) (3, 3, 5.00000000000000000000e-01) (3, 3, 5.00000000000000000000e-01) (3, 3, 5.00000000000000000000e-01) (3, 3, 5.00000000000000000000e-01) (3, 3, 5.00000000000000000000e-01) (3, 3, 5.00000000000000000000e-01) (0, 3, 0.00000000000000000000e+00) (9, 0, 5.00000000000000000000e-01) (9, 0, 5.00000000000000000000e-01) (9, 0, 5.00000000000000000000e-01) (0, 0, 0.00000000000000000000e+00) 
connections (connected_to_neuron, weight)=(0, -3.86007881164550781250e+00) (1, -7.60292625427246093750e+00) (2, 3.48681896924972534180e-01) (0, -7.46807193756103515625e+00) (1, 5.71299695968627929688e+00) (2, 5.35960865020751953125e+00) (0, -8.80142402648925781250e+00) (1, 3.87454056739807128906e+00) (2, 5.75837278366088867188e+00) (0, -5.49837017059326171875e+00) (1, -5.24010705947875976562e+00) (2, 1.91699075698852539062e+00) (0, -5.08608341217041015625e+00) (1, 1.29010677337646484375e+00) (2, 1.15392076969146728516e+00) (0, -5.99896907806396484375e+00) (1, 6.91623592376708984375e+00) (2, 9.22385120391845703125e+00) (0, -7.52000188827514648438e+00) (1, 7.08963489532470703125e+00) (2, 7.91514635086059570312e+00) (0, -4.08705472946166992188e+00) (1, -1.11800241470336914062e+00) (2, 1.11217010021209716797e+00) (3, 1.86205720901489257812e+00) (4, 1.10166108608245849609e+00) (5, 3.02048414945602416992e-01) (6, 1.66288220882415771484e+00) (7, 2.26536083221435546875e+00) (8, 5.45626699924468994141e-01) (9, 6.09542608261108398438e-01) (10, 2.18173027038574218750e+00) (11, 5.46446025371551513672e-01) (3, 4.97555351257324218750e+00) (4, 3.17618894577026367188e+00) (5, 2.54940414428710937500e+00) (6, 4.41634988784790039062e+00) (7, 5.28204536437988281250e+00) (8, 2.40858745574951171875e+00) (9, 2.75692987442016601562e+00) (10, 6.16221046447753906250e+00) (11, 1.99699604511260986328e+00) (3, 1.61072120666503906250e+01) (4, 8.39402484893798828125e+00) (5, 8.70052623748779296875e+00) (6, 1.40959978103637695312e+01) (7, 1.64235725402832031250e+01) (8, 1.03802213668823242188e+01) (9, 9.42963314056396484375e+00) (10, 1.93522663116455078125e+01) (11, 9.95227336883544921875e+00) 
