FANN_FLO_2.1
num_layers=3
learning_rate=0.500000
connection_rate=1.000000
network_type=0
learning_momentum=0.000000
training_algorithm=2
train_error_function=1
train_stop_function=0
cascade_output_change_fraction=0.010000
quickprop_decay=-0.000100
quickprop_mu=1.750000
rprop_increase_factor=1.200000
rprop_decrease_factor=0.500000
rprop_delta_min=0.000000
rprop_delta_max=50.000000
rprop_delta_zero=0.100000
cascade_output_stagnation_epochs=12
cascade_candidate_change_fraction=0.010000
cascade_candidate_stagnation_epochs=12
cascade_max_out_epochs=150
cascade_min_out_epochs=50
cascade_max_cand_epochs=150
cascade_min_cand_epochs=50
cascade_num_candidate_groups=2
bit_fail_limit=3.49999994039535522461e-01
cascade_candidate_limit=1.00000000000000000000e+03
cascade_weight_multiplier=4.00000005960464477539e-01
cascade_activation_functions_count=10
cascade_activation_functions=3 5 7 8 10 11 14 15 16 17 
cascade_activation_steepnesses_count=4
cascade_activation_steepnesses=2.50000000000000000000e-01 5.00000000000000000000e-01 7.50000000000000000000e-01 1.00000000000000000000e+00 
layer_sizes=7 9 2 
scale_included=0
neurons (num_inputs, activation_function, activation_steepness)=(0, 0, 0.00000000000000000000e+00) (0, 0, 0.00000000000000000000e+00) (0, 0, 0.00000000000000000000e+00) (0, 0, 0.00000000000000000000e+00) (0, 0, 0.00000000000000000000e+00) (0, 0, 0.00000000000000000000e+00) (0, 0, 0.00000000000000000000e+00) (7, 3, 5.00000000000000000000e-01) (7, 3, 5.00000000000000000000e-01) (7, 3, 5.00000000000000000000e-01) (7, 3, 5.00000000000000000000e-01) (7, 3, 5.00000000000000000000e-01) (7, 3, 5.00000000000000000000e-01) (7, 3, 5.00000000000000000000e-01) (7, 3, 5.00000000000000000000e-01) (0, 3, 0.00000000000000000000e+00) (9, 0, 5.00000000000000000000e-01) (0, 0, 0.00000000000000000000e+00) 
connections (connected_to_neuron, weight)=(0, -1.53081357479095458984e-01) (1, -3.73459577560424804688e-01) (2, 2.75538235902786254883e-01) (3, -1.21386528015136718750e-01) (4, -7.01036378741264343262e-02) (5, 7.68173277378082275391e-01) (6, 4.76285874843597412109e-01) (0, -2.69106000661849975586e-01) (1, -6.62404671311378479004e-02) (2, -3.65437650680541992188e+00) (3, -6.41542822122573852539e-02) (4, -1.09701022505760192871e-01) (5, -7.21323668956756591797e-01) (6, -5.34046851098537445068e-02) (0, 3.69106084108352661133e-01) (1, 4.37947481870651245117e-01) (2, 1.40083873271942138672e+00) (3, 4.07887279987335205078e-01) (4, 4.92975443601608276367e-01) (5, -8.51094841957092285156e-01) (6, 3.79862934350967407227e-01) (0, -2.67127960920333862305e-01) (1, -1.05290241539478302002e-01) (2, 9.92873609066009521484e-01) (3, -2.82744050025939941406e-01) (4, -5.43327867984771728516e-01) (5, 5.10388016700744628906e-01) (6, -1.92636716365814208984e+00) (0, -2.93189495801925659180e-01) (1, -2.81568503379821777344e+00) (2, 1.65412235260009765625e+00) (3, -1.01743888854980468750e+00) (4, -2.81459927558898925781e+00) (5, 4.06536912918090820312e+00) (6, -2.43472146987915039062e+00) (0, -1.34441241621971130371e-01) (1, -2.77144670486450195312e-01) (2, -8.39759930968284606934e-02) (3, -1.54298588633537292480e-01) (4, -3.11132930219173431396e-02) (5, 2.90205962955951690674e-02) (6, -9.93436127901077270508e-02) (0, -2.28282320313155651093e-03) (1, -2.10485532879829406738e-01) (2, 6.82414352893829345703e-01) (3, -1.20914675295352935791e-01) (4, -4.21096831560134887695e-02) (5, -4.13275286555290222168e-02) (6, -5.34810256958007812500e+00) (0, 7.11862981319427490234e-01) (1, 8.96748661994934082031e-01) (2, -4.81883466243743896484e-01) (3, 5.47068238258361816406e-01) (4, 1.10883319377899169922e+00) (5, 2.02502517700195312500e+01) (6, 8.98924171924591064453e-01) (7, -1.69062428176403045654e-02) (8, 8.31623282283544540405e-03) (9, 3.30439984798431396484e-01) (10, 2.74420261383056640625e-01) (11, -7.90852867066860198975e-03) (12, -1.74642559140920639038e-02) (13, -3.03775757551193237305e-01) (14, -2.22799628973007202148e-01) (15, -9.17919576168060302734e-02) 
