FANN_FLO_2.1
num_layers=4
learning_rate=0.500000
connection_rate=1.000000
network_type=0
learning_momentum=0.000000
training_algorithm=2
train_error_function=1
train_stop_function=0
cascade_output_change_fraction=0.010000
quickprop_decay=-0.000100
quickprop_mu=1.750000
rprop_increase_factor=1.200000
rprop_decrease_factor=0.500000
rprop_delta_min=0.000000
rprop_delta_max=50.000000
rprop_delta_zero=0.100000
cascade_output_stagnation_epochs=12
cascade_candidate_change_fraction=0.010000
cascade_candidate_stagnation_epochs=12
cascade_max_out_epochs=150
cascade_min_out_epochs=50
cascade_max_cand_epochs=150
cascade_min_cand_epochs=50
cascade_num_candidate_groups=2
bit_fail_limit=3.49999994039535522461e-01
cascade_candidate_limit=1.00000000000000000000e+03
cascade_weight_multiplier=4.00000005960464477539e-01
cascade_activation_functions_count=10
cascade_activation_functions=3 5 7 8 10 11 14 15 16 17 
cascade_activation_steepnesses_count=4
cascade_activation_steepnesses=2.50000000000000000000e-01 5.00000000000000000000e-01 7.50000000000000000000e-01 1.00000000000000000000e+00 
layer_sizes=4 5 5 2 
scale_included=0
neurons (num_inputs, activation_function, activation_steepness)=(0, 0, 0.00000000000000000000e+00) (0, 0, 0.00000000000000000000e+00) (0, 0, 0.00000000000000000000e+00) (0, 0, 0.00000000000000000000e+00) (4, 3, 5.00000000000000000000e-01) (4, 3, 5.00000000000000000000e-01) (4, 3, 5.00000000000000000000e-01) (4, 3, 5.00000000000000000000e-01) (0, 3, 0.00000000000000000000e+00) (5, 3, 5.00000000000000000000e-01) (5, 3, 5.00000000000000000000e-01) (5, 3, 5.00000000000000000000e-01) (5, 3, 5.00000000000000000000e-01) (0, 3, 0.00000000000000000000e+00) (5, 3, 5.00000000000000000000e-01) (0, 3, 0.00000000000000000000e+00) 
connections (connected_to_neuron, weight)=(0, -4.69629096984863281250e+00) (1, 1.59459805488586425781e+00) (2, -4.46181678771972656250e+00) (3, 3.36997556686401367188e+00) (0, -4.70676183700561523438e+00) (1, -8.14149951934814453125e+00) (2, 5.03824710845947265625e-01) (3, 3.32389402389526367188e+00) (0, -5.62097406387329101562e+00) (1, -6.80258035659790039062e+00) (2, -1.35703909397125244141e+00) (3, 4.40813350677490234375e+00) (0, 1.50000000000000000000e+03) (1, -3.43843865394592285156e+00) (2, 1.50000000000000000000e+03) (3, 1.20159304141998291016e+00) (4, 1.05606613159179687500e+01) (5, 1.04566307067871093750e+01) (6, 8.60787677764892578125e+00) (7, -1.44556951522827148438e+00) (8, -3.64490771293640136719e+00) (4, 1.20747852325439453125e+01) (5, 1.19071969985961914062e+01) (6, 7.94230890274047851562e+00) (7, -1.50678253173828125000e+00) (8, -3.60023260116577148438e+00) (4, 1.13447179794311523438e+01) (5, 1.63858795166015625000e+00) (6, 2.61721439361572265625e+01) (7, -1.18162500858306884766e+00) (8, -4.79451417922973632812e+00) (4, 1.11100454330444335938e+01) (5, 1.65041232109069824219e+00) (6, 2.54357032775878906250e+01) (7, -1.21398615837097167969e+00) (8, -4.77018213272094726562e+00) (9, -1.59271204471588134766e+00) (10, -1.59788930416107177734e+00) (11, -9.59393739700317382812e-01) (12, -1.00394666194915771484e+00) (13, 2.86944317817687988281e+00) 
