FANN_FLO_2.1
num_layers=3
learning_rate=0.400000
connection_rate=1.000000
network_type=0
learning_momentum=0.000000
training_algorithm=2
train_error_function=1
train_stop_function=0
cascade_output_change_fraction=0.010000
quickprop_decay=-0.000100
quickprop_mu=1.750000
rprop_increase_factor=1.200000
rprop_decrease_factor=0.500000
rprop_delta_min=0.000000
rprop_delta_max=50.000000
rprop_delta_zero=0.100000
cascade_output_stagnation_epochs=12
cascade_candidate_change_fraction=0.010000
cascade_candidate_stagnation_epochs=12
cascade_max_out_epochs=150
cascade_min_out_epochs=50
cascade_max_cand_epochs=150
cascade_min_cand_epochs=50
cascade_num_candidate_groups=2
bit_fail_limit=3.49999994039535522461e-01
cascade_candidate_limit=1.00000000000000000000e+03
cascade_weight_multiplier=4.00000005960464477539e-01
cascade_activation_functions_count=10
cascade_activation_functions=3 5 7 8 10 11 14 15 16 17 
cascade_activation_steepnesses_count=4
cascade_activation_steepnesses=2.50000000000000000000e-01 5.00000000000000000000e-01 7.50000000000000000000e-01 1.00000000000000000000e+00 
layer_sizes=6 5 2 
scale_included=0
neurons (num_inputs, activation_function, activation_steepness)=(0, 0, 0.00000000000000000000e+00) (0, 0, 0.00000000000000000000e+00) (0, 0, 0.00000000000000000000e+00) (0, 0, 0.00000000000000000000e+00) (0, 0, 0.00000000000000000000e+00) (0, 0, 0.00000000000000000000e+00) (6, 3, 5.00000000000000000000e-01) (6, 3, 5.00000000000000000000e-01) (6, 3, 5.00000000000000000000e-01) (6, 3, 5.00000000000000000000e-01) (0, 3, 0.00000000000000000000e+00) (5, 0, 5.00000000000000000000e-01) (0, 0, 0.00000000000000000000e+00) 
connections (connected_to_neuron, weight)=(0, -1.50000000000000000000e+03) (1, -1.50000000000000000000e+03) (2, -5.91582298278808593750e+00) (3, -1.36714911460876464844e+00) (4, -1.97661316394805908203e+00) (5, 3.59673202037811279297e-01) (0, -1.50000000000000000000e+03) (1, -1.50000000000000000000e+03) (2, -5.76289701461791992188e+00) (3, -1.08988177776336669922e+00) (4, -2.01943612098693847656e+00) (5, 6.89374446868896484375e-01) (0, 1.50000000000000000000e+03) (1, -2.11621928215026855469e+00) (2, -2.28971366882324218750e+01) (3, -9.73023319244384765625e+00) (4, -5.71128845214843750000e+00) (5, 1.22515082359313964844e+00) (0, -1.50000000000000000000e+03) (1, -1.50000000000000000000e+03) (2, -7.75906705856323242188e+00) (3, -1.45053386688232421875e+00) (4, 3.55742238461971282959e-02) (5, 1.63585633039474487305e-01) (6, 3.39601440429687500000e+01) (7, 3.40249900817871093750e+01) (8, -1.58616423606872558594e+00) (9, 1.83930664062500000000e+02) (10, 2.34241080284118652344e+00) 
