FANN_FLO_2.1
num_layers=3
learning_rate=0.500000
connection_rate=1.000000
network_type=0
learning_momentum=0.000000
training_algorithm=2
train_error_function=1
train_stop_function=0
cascade_output_change_fraction=0.010000
quickprop_decay=-0.000100
quickprop_mu=1.750000
rprop_increase_factor=1.200000
rprop_decrease_factor=0.500000
rprop_delta_min=0.000000
rprop_delta_max=50.000000
rprop_delta_zero=0.100000
cascade_output_stagnation_epochs=12
cascade_candidate_change_fraction=0.010000
cascade_candidate_stagnation_epochs=12
cascade_max_out_epochs=150
cascade_min_out_epochs=50
cascade_max_cand_epochs=150
cascade_min_cand_epochs=50
cascade_num_candidate_groups=2
bit_fail_limit=3.49999994039535522461e-01
cascade_candidate_limit=1.00000000000000000000e+03
cascade_weight_multiplier=4.00000005960464477539e-01
cascade_activation_functions_count=10
cascade_activation_functions=3 5 7 8 10 11 14 15 16 17 
cascade_activation_steepnesses_count=4
cascade_activation_steepnesses=2.50000000000000000000e-01 5.00000000000000000000e-01 7.50000000000000000000e-01 1.00000000000000000000e+00 
layer_sizes=7 5 2 
scale_included=0
neurons (num_inputs, activation_function, activation_steepness)=(0, 0, 0.00000000000000000000e+00) (0, 0, 0.00000000000000000000e+00) (0, 0, 0.00000000000000000000e+00) (0, 0, 0.00000000000000000000e+00) (0, 0, 0.00000000000000000000e+00) (0, 0, 0.00000000000000000000e+00) (0, 0, 0.00000000000000000000e+00) (7, 3, 5.00000000000000000000e-01) (7, 3, 5.00000000000000000000e-01) (7, 3, 5.00000000000000000000e-01) (7, 3, 5.00000000000000000000e-01) (0, 3, 0.00000000000000000000e+00) (5, 0, 5.00000000000000000000e-01) (0, 0, 0.00000000000000000000e+00) 
connections (connected_to_neuron, weight)=(0, -1.01363933086395263672e+00) (1, -1.85737264156341552734e+00) (2, 1.34805953502655029297e+00) (3, -4.13961768150329589844e-01) (4, -1.06549835205078125000e+00) (5, 4.70176267623901367188e+00) (6, 8.57421010732650756836e-02) (0, -3.33049327135086059570e-01) (1, 8.42342163085937500000e+02) (2, -8.64282226562500000000e+02) (3, -6.50545425415039062500e+01) (4, 1.50000000000000000000e+03) (5, -1.75822296142578125000e+01) (6, 1.35776214599609375000e+01) (0, -9.64232146739959716797e-01) (1, -1.29985198378562927246e-01) (2, 2.05271935462951660156e+00) (3, -3.04396897554397583008e-01) (4, 6.68886542320251464844e-01) (5, 4.90186929702758789062e-01) (6, 6.47492885589599609375e+00) (0, -4.18832808732986450195e-01) (1, -2.68100261688232421875e+00) (2, 2.71053910255432128906e+00) (3, -3.30160140991210937500e-01) (4, -2.94172549247741699219e+00) (5, 5.64728212356567382812e+00) (6, -3.00792264938354492188e+00) (7, -1.95736944675445556641e-01) (8, -9.34913475066423416138e-03) (9, -1.62426903843879699707e-02) (10, 2.12290331721305847168e-01) (11, 3.19214425981044769287e-02) 
