FANN_FLO_2.1
num_layers=3
learning_rate=0.500000
connection_rate=1.000000
network_type=0
learning_momentum=0.000000
training_algorithm=2
train_error_function=1
train_stop_function=0
cascade_output_change_fraction=0.010000
quickprop_decay=-0.000100
quickprop_mu=1.750000
rprop_increase_factor=1.200000
rprop_decrease_factor=0.500000
rprop_delta_min=0.000000
rprop_delta_max=50.000000
rprop_delta_zero=0.100000
cascade_output_stagnation_epochs=12
cascade_candidate_change_fraction=0.010000
cascade_candidate_stagnation_epochs=12
cascade_max_out_epochs=150
cascade_min_out_epochs=50
cascade_max_cand_epochs=150
cascade_min_cand_epochs=50
cascade_num_candidate_groups=2
bit_fail_limit=3.49999994039535522461e-01
cascade_candidate_limit=1.00000000000000000000e+03
cascade_weight_multiplier=4.00000005960464477539e-01
cascade_activation_functions_count=10
cascade_activation_functions=3 5 7 8 10 11 14 15 16 17 
cascade_activation_steepnesses_count=4
cascade_activation_steepnesses=2.50000000000000000000e-01 5.00000000000000000000e-01 7.50000000000000000000e-01 1.00000000000000000000e+00 
layer_sizes=10 5 2 
scale_included=0
neurons (num_inputs, activation_function, activation_steepness)=(0, 0, 0.00000000000000000000e+00) (0, 0, 0.00000000000000000000e+00) (0, 0, 0.00000000000000000000e+00) (0, 0, 0.00000000000000000000e+00) (0, 0, 0.00000000000000000000e+00) (0, 0, 0.00000000000000000000e+00) (0, 0, 0.00000000000000000000e+00) (0, 0, 0.00000000000000000000e+00) (0, 0, 0.00000000000000000000e+00) (0, 0, 0.00000000000000000000e+00) (10, 3, 5.00000000000000000000e-01) (10, 3, 5.00000000000000000000e-01) (10, 3, 5.00000000000000000000e-01) (10, 3, 5.00000000000000000000e-01) (0, 3, 0.00000000000000000000e+00) (5, 3, 5.00000000000000000000e-01) (0, 3, 0.00000000000000000000e+00) 
connections (connected_to_neuron, weight)=(0, -4.76054459810256958008e-01) (1, -4.31207716464996337891e-01) (2, -4.07035052776336669922e-01) (3, -1.44433602690696716309e-01) (4, -1.65737330913543701172e-01) (5, -6.42833888530731201172e-01) (6, -4.26540225744247436523e-01) (7, -6.16668045520782470703e-01) (8, -5.01408576965332031250e-01) (9, 1.36838400363922119141e+00) (0, -5.01104712486267089844e-01) (1, -2.75578439235687255859e-01) (2, -4.14222389459609985352e-01) (3, -7.22780048847198486328e-01) (4, -4.69694823026657104492e-01) (5, -2.42821171879768371582e-01) (6, -3.27457875013351440430e-01) (7, -4.50408756732940673828e-01) (8, -3.70853811502456665039e-01) (9, 1.43278694152832031250e+00) (0, -4.39634561538696289062e-01) (1, -3.49408358335494995117e-01) (2, -2.45332539081573486328e-01) (3, -8.09013903141021728516e-01) (4, -5.92265546321868896484e-01) (5, -3.12031179666519165039e-01) (6, -4.06610101461410522461e-01) (7, -2.87978857755661010742e-01) (8, -2.79446750879287719727e-01) (9, 1.40518319606781005859e+00) (0, 3.53385627269744873047e-01) (1, 5.98716735839843750000e-01) (2, 6.97872638702392578125e-01) (3, -1.38946861028671264648e-01) (4, 4.34201478958129882812e-01) (5, 5.33758878707885742188e-01) (6, 5.54822802543640136719e-01) (7, 3.57577383518218994141e-01) (8, 5.00848472118377685547e-01) (9, -9.37517583370208740234e-01) (10, -1.23524308204650878906e+00) (11, -1.16651654243469238281e+00) (12, -1.20378446578979492188e+00) (13, 1.23930692672729492188e+00) (14, 4.79942649602890014648e-01) 
