FANN_FLO_2.1
num_layers=4
learning_rate=0.450000
connection_rate=1.000000
network_type=0
learning_momentum=0.000000
training_algorithm=2
train_error_function=1
train_stop_function=0
cascade_output_change_fraction=0.010000
quickprop_decay=-0.000100
quickprop_mu=1.750000
rprop_increase_factor=1.200000
rprop_decrease_factor=0.500000
rprop_delta_min=0.000000
rprop_delta_max=50.000000
rprop_delta_zero=0.100000
cascade_output_stagnation_epochs=12
cascade_candidate_change_fraction=0.010000
cascade_candidate_stagnation_epochs=12
cascade_max_out_epochs=150
cascade_min_out_epochs=50
cascade_max_cand_epochs=150
cascade_min_cand_epochs=50
cascade_num_candidate_groups=2
bit_fail_limit=3.49999994039535522461e-01
cascade_candidate_limit=1.00000000000000000000e+03
cascade_weight_multiplier=4.00000005960464477539e-01
cascade_activation_functions_count=10
cascade_activation_functions=3 5 7 8 10 11 14 15 16 17 
cascade_activation_steepnesses_count=4
cascade_activation_steepnesses=2.50000000000000000000e-01 5.00000000000000000000e-01 7.50000000000000000000e-01 1.00000000000000000000e+00 
layer_sizes=7 5 5 2 
scale_included=0
neurons (num_inputs, activation_function, activation_steepness)=(0, 0, 0.00000000000000000000e+00) (0, 0, 0.00000000000000000000e+00) (0, 0, 0.00000000000000000000e+00) (0, 0, 0.00000000000000000000e+00) (0, 0, 0.00000000000000000000e+00) (0, 0, 0.00000000000000000000e+00) (0, 0, 0.00000000000000000000e+00) (7, 3, 5.00000000000000000000e-01) (7, 3, 5.00000000000000000000e-01) (7, 3, 5.00000000000000000000e-01) (7, 3, 5.00000000000000000000e-01) (0, 3, 0.00000000000000000000e+00) (5, 3, 5.00000000000000000000e-01) (5, 3, 5.00000000000000000000e-01) (5, 3, 5.00000000000000000000e-01) (5, 3, 5.00000000000000000000e-01) (0, 3, 0.00000000000000000000e+00) (5, 0, 5.00000000000000000000e-01) (0, 0, 0.00000000000000000000e+00) 
connections (connected_to_neuron, weight)=(0, 2.25186634063720703125e+00) (1, 1.50000000000000000000e+03) (2, 1.47558264160156250000e+03) (3, 1.28555309772491455078e+00) (4, 1.50000000000000000000e+03) (5, 1.44028137207031250000e+03) (6, -4.48024064302444458008e-01) (0, 2.06293988227844238281e+00) (1, 1.50000000000000000000e+03) (2, 1.45116503906250000000e+03) (3, 6.41032361984252929688e+00) (4, 1.50000000000000000000e+03) (5, 8.03652770996093750000e+02) (6, 4.55263090133666992188e+00) (0, 2.67836475372314453125e+00) (1, 1.50000000000000000000e+03) (2, 1.45116503906250000000e+03) (3, 1.94694888591766357422e+00) (4, 1.50000000000000000000e+03) (5, 1.36612402343750000000e+03) (6, 1.77210128307342529297e+00) (0, 6.14911079406738281250e-01) (1, -6.72988319396972656250e+00) (2, 5.84974408149719238281e-01) (3, 5.46582460403442382812e-01) (4, -1.54911565780639648438e+00) (5, 5.45563876628875732422e-01) (6, -7.11008453369140625000e+00) (7, -1.46573205566406250000e+03) (8, -1.23847770690917968750e+01) (9, -1.48519897460937500000e+03) (10, 1.03707275390625000000e+03) (11, -5.28959751129150390625e+00) (7, 1.24413993835449218750e+02) (8, -7.72620439529418945312e-01) (9, -1.38661224365234375000e+02) (10, 1.11132217407226562500e+02) (11, -1.81664481759071350098e-01) (7, -3.51440368652343750000e+02) (8, 3.67816120386123657227e-01) (9, -8.63398818969726562500e+01) (10, 5.81402221679687500000e+02) (11, 4.70194250345230102539e-01) (7, -3.38173278808593750000e+02) (8, -5.20655930042266845703e-01) (9, -8.06165466308593750000e+01) (10, 2.67060394287109375000e+02) (11, -9.19529378414154052734e-01) (12, 1.50000000000000000000e+03) (13, 6.92904964089393615723e-02) (14, 1.69426937103271484375e+01) (15, 1.50000000000000000000e+03) (16, 3.45875509083271026611e-02) 
