FANN_FLO_2.1
num_layers=4
learning_rate=0.450000
connection_rate=1.000000
network_type=0
learning_momentum=0.000000
training_algorithm=2
train_error_function=1
train_stop_function=0
cascade_output_change_fraction=0.010000
quickprop_decay=-0.000100
quickprop_mu=1.750000
rprop_increase_factor=1.200000
rprop_decrease_factor=0.500000
rprop_delta_min=0.000000
rprop_delta_max=50.000000
rprop_delta_zero=0.100000
cascade_output_stagnation_epochs=12
cascade_candidate_change_fraction=0.010000
cascade_candidate_stagnation_epochs=12
cascade_max_out_epochs=150
cascade_min_out_epochs=50
cascade_max_cand_epochs=150
cascade_min_cand_epochs=50
cascade_num_candidate_groups=2
bit_fail_limit=3.49999994039535522461e-01
cascade_candidate_limit=1.00000000000000000000e+03
cascade_weight_multiplier=4.00000005960464477539e-01
cascade_activation_functions_count=10
cascade_activation_functions=3 5 7 8 10 11 14 15 16 17 
cascade_activation_steepnesses_count=4
cascade_activation_steepnesses=2.50000000000000000000e-01 5.00000000000000000000e-01 7.50000000000000000000e-01 1.00000000000000000000e+00 
layer_sizes=7 5 3 2 
scale_included=0
neurons (num_inputs, activation_function, activation_steepness)=(0, 0, 0.00000000000000000000e+00) (0, 0, 0.00000000000000000000e+00) (0, 0, 0.00000000000000000000e+00) (0, 0, 0.00000000000000000000e+00) (0, 0, 0.00000000000000000000e+00) (0, 0, 0.00000000000000000000e+00) (0, 0, 0.00000000000000000000e+00) (7, 3, 5.00000000000000000000e-01) (7, 3, 5.00000000000000000000e-01) (7, 3, 5.00000000000000000000e-01) (7, 3, 5.00000000000000000000e-01) (0, 3, 0.00000000000000000000e+00) (5, 3, 5.00000000000000000000e-01) (5, 3, 5.00000000000000000000e-01) (0, 3, 0.00000000000000000000e+00) (3, 0, 5.00000000000000000000e-01) (0, 0, 0.00000000000000000000e+00) 
connections (connected_to_neuron, weight)=(0, 2.28380680084228515625e+00) (1, 2.79860687255859375000e+00) (2, -1.29696178436279296875e+00) (3, 2.53040385246276855469e+00) (4, -5.60004568099975585938e+00) (5, -1.04446196556091308594e+00) (6, 7.97666692733764648438e+00) (0, 8.07682922363281250000e+02) (1, -4.57034339904785156250e+01) (2, -3.37854095458984375000e+02) (3, 4.43711727857589721680e-02) (4, -6.90220153808593750000e+02) (5, -6.90220153808593750000e+02) (6, 4.41443586349487304688e+00) (0, -4.18128192424774169922e-01) (1, -3.58818843960762023926e-02) (2, -1.17028959095478057861e-01) (3, 4.63219225406646728516e-01) (4, -4.88525182008743286133e-01) (5, 5.98827660083770751953e-01) (6, -2.78129005432128906250e+00) (0, 1.42989948391914367676e-01) (1, 8.26897263526916503906e-01) (2, -1.69604468345642089844e+00) (3, 4.05678749084472656250e-01) (4, -3.86122703552246093750e-01) (5, 5.49772858619689941406e-01) (6, 1.45113062858581542969e+00) (7, 1.74656414985656738281e+00) (8, 2.39559754729270935059e-01) (9, -3.39824256896972656250e+01) (10, -2.77542680501937866211e-01) (11, 7.84150075912475585938e+00) (7, -3.25707077980041503906e+00) (8, -5.32448112964630126953e-01) (9, 2.23711986541748046875e+01) (10, -5.13779592514038085938e+00) (11, -1.98394060134887695312e+00) (12, -2.66690433025360107422e-01) (13, -2.71537572145462036133e-01) (14, 2.76040166616439819336e-01) 
