FANN_FLO_2.1
num_layers=4
learning_rate=0.450000
connection_rate=1.000000
network_type=0
learning_momentum=0.000000
training_algorithm=2
train_error_function=1
train_stop_function=0
cascade_output_change_fraction=0.010000
quickprop_decay=-0.000100
quickprop_mu=1.750000
rprop_increase_factor=1.200000
rprop_decrease_factor=0.500000
rprop_delta_min=0.000000
rprop_delta_max=50.000000
rprop_delta_zero=0.100000
cascade_output_stagnation_epochs=12
cascade_candidate_change_fraction=0.010000
cascade_candidate_stagnation_epochs=12
cascade_max_out_epochs=150
cascade_min_out_epochs=50
cascade_max_cand_epochs=150
cascade_min_cand_epochs=50
cascade_num_candidate_groups=2
bit_fail_limit=3.49999994039535522461e-01
cascade_candidate_limit=1.00000000000000000000e+03
cascade_weight_multiplier=4.00000005960464477539e-01
cascade_activation_functions_count=10
cascade_activation_functions=3 5 7 8 10 11 14 15 16 17 
cascade_activation_steepnesses_count=4
cascade_activation_steepnesses=2.50000000000000000000e-01 5.00000000000000000000e-01 7.50000000000000000000e-01 1.00000000000000000000e+00 
layer_sizes=7 5 3 2 
scale_included=0
neurons (num_inputs, activation_function, activation_steepness)=(0, 0, 0.00000000000000000000e+00) (0, 0, 0.00000000000000000000e+00) (0, 0, 0.00000000000000000000e+00) (0, 0, 0.00000000000000000000e+00) (0, 0, 0.00000000000000000000e+00) (0, 0, 0.00000000000000000000e+00) (0, 0, 0.00000000000000000000e+00) (7, 3, 5.00000000000000000000e-01) (7, 3, 5.00000000000000000000e-01) (7, 3, 5.00000000000000000000e-01) (7, 3, 5.00000000000000000000e-01) (0, 3, 0.00000000000000000000e+00) (5, 3, 5.00000000000000000000e-01) (5, 3, 5.00000000000000000000e-01) (0, 3, 0.00000000000000000000e+00) (3, 0, 5.00000000000000000000e-01) (0, 0, 0.00000000000000000000e+00) 
connections (connected_to_neuron, weight)=(0, 1.50000000000000000000e+03) (1, 1.50000000000000000000e+03) (2, 1.50000000000000000000e+03) (3, 1.37100784301757812500e+02) (4, 1.50000000000000000000e+03) (5, 1.50000000000000000000e+03) (6, 7.37578659057617187500e+01) (0, 1.50000000000000000000e+03) (1, 1.50000000000000000000e+03) (2, 1.50000000000000000000e+03) (3, 4.24148025512695312500e+01) (4, 1.50000000000000000000e+03) (5, 1.50000000000000000000e+03) (6, 2.53860092163085937500e+00) (0, 7.26385593414306640625e-01) (1, -8.90092253684997558594e-01) (2, -1.44980230331420898438e+01) (3, 3.89600634574890136719e+00) (4, -1.39194321632385253906e+00) (5, 9.42124366760253906250e+00) (6, -1.69297122955322265625e+01) (0, -1.50000000000000000000e+03) (1, -1.50000000000000000000e+03) (2, -1.50000000000000000000e+03) (3, -1.06906530761718750000e+03) (4, -1.50000000000000000000e+03) (5, -1.50000000000000000000e+03) (6, 1.20104753971099853516e+00) (7, -4.25999388098716735840e-02) (8, -8.72926879882812500000e+02) (9, 8.63370544433593750000e+02) (10, 1.50000000000000000000e+03) (11, -5.04782915115356445312e-01) (7, -1.08084155273437500000e+03) (8, -9.98224487304687500000e+02) (9, 1.45417077636718750000e+03) (10, 1.50000000000000000000e+03) (11, -3.33773589134216308594e+00) (12, 3.99145111083984375000e+02) (13, 1.50000000000000000000e+03) (14, 1.42081053927540779114e-02) 
