FANN_FLO_2.1
num_layers=3
learning_rate=0.500000
connection_rate=1.000000
network_type=0
learning_momentum=0.000000
training_algorithm=2
train_error_function=1
train_stop_function=0
cascade_output_change_fraction=0.010000
quickprop_decay=-0.000100
quickprop_mu=1.750000
rprop_increase_factor=1.200000
rprop_decrease_factor=0.500000
rprop_delta_min=0.000000
rprop_delta_max=50.000000
rprop_delta_zero=0.100000
cascade_output_stagnation_epochs=12
cascade_candidate_change_fraction=0.010000
cascade_candidate_stagnation_epochs=12
cascade_max_out_epochs=150
cascade_min_out_epochs=50
cascade_max_cand_epochs=150
cascade_min_cand_epochs=50
cascade_num_candidate_groups=2
bit_fail_limit=3.49999994039535522461e-01
cascade_candidate_limit=1.00000000000000000000e+03
cascade_weight_multiplier=4.00000005960464477539e-01
cascade_activation_functions_count=10
cascade_activation_functions=3 5 7 8 10 11 14 15 16 17 
cascade_activation_steepnesses_count=4
cascade_activation_steepnesses=2.50000000000000000000e-01 5.00000000000000000000e-01 7.50000000000000000000e-01 1.00000000000000000000e+00 
layer_sizes=3 9 4 
scale_included=0
neurons (num_inputs, activation_function, activation_steepness)=(0, 0, 0.00000000000000000000e+00) (0, 0, 0.00000000000000000000e+00) (0, 0, 0.00000000000000000000e+00) (3, 3, 5.00000000000000000000e-01) (3, 3, 5.00000000000000000000e-01) (3, 3, 5.00000000000000000000e-01) (3, 3, 5.00000000000000000000e-01) (3, 3, 5.00000000000000000000e-01) (3, 3, 5.00000000000000000000e-01) (3, 3, 5.00000000000000000000e-01) (3, 3, 5.00000000000000000000e-01) (0, 3, 0.00000000000000000000e+00) (9, 0, 5.00000000000000000000e-01) (9, 0, 5.00000000000000000000e-01) (9, 0, 5.00000000000000000000e-01) (0, 0, 0.00000000000000000000e+00) 
connections (connected_to_neuron, weight)=(0, -8.99651718139648437500e+00) (1, 7.08941984176635742188e+00) (2, 5.00827789306640625000e+00) (0, -1.44059038162231445312e+00) (1, -1.61226248741149902344e+00) (2, 1.71716973185539245605e-01) (0, -6.06801319122314453125e+00) (1, 1.33040416240692138672e+00) (2, 2.07001018524169921875e+00) (0, -4.68624258041381835938e+00) (1, 2.65676736831665039062e+00) (2, 7.94381141662597656250e-01) (0, -7.70197582244873046875e+00) (1, 8.00587081909179687500e+00) (2, 1.12640542984008789062e+01) (0, -8.74538135528564453125e+00) (1, 2.12021321058273315430e-01) (2, -7.14685246348381042480e-02) (0, -7.71367073059082031250e+00) (1, 8.22905826568603515625e+00) (2, 6.84428310394287109375e+00) (0, -5.06415069580078125000e+02) (1, -8.51133270263671875000e+01) (2, -1.55571861267089843750e+01) (3, 9.43158388137817382812e-01) (4, 3.63612699508666992188e+00) (5, 7.02141225337982177734e-01) (6, 1.46920061111450195312e+00) (7, 4.88452613353729248047e-01) (8, 1.12844955921173095703e+00) (9, 8.06345343589782714844e-01) (10, 1.10157859325408935547e+00) (11, 5.70661187171936035156e-01) (3, 3.32937002182006835938e+00) (4, 1.16332616806030273438e+01) (5, 3.06376838684082031250e+00) (6, 3.39730691909790039062e+00) (7, 2.31608128547668457031e+00) (8, 3.28059339523315429688e+00) (9, 3.05575251579284667969e+00) (10, 1.82990682125091552734e+00) (11, 2.12105536460876464844e+00) (3, 1.00519485473632812500e+01) (4, 3.67755432128906250000e+01) (5, 1.02536096572875976562e+01) (6, 1.02812967300415039062e+01) (7, 9.93815231323242187500e+00) (8, 1.03274154663085937500e+01) (9, 9.98188972473144531250e+00) (10, 5.71934318542480468750e+00) (11, 1.00448131561279296875e+01) 
