FANN_FLO_2.1
num_layers=3
learning_rate=0.500000
connection_rate=1.000000
network_type=0
learning_momentum=0.000000
training_algorithm=2
train_error_function=1
train_stop_function=0
cascade_output_change_fraction=0.010000
quickprop_decay=-0.000100
quickprop_mu=1.750000
rprop_increase_factor=1.200000
rprop_decrease_factor=0.500000
rprop_delta_min=0.000000
rprop_delta_max=50.000000
rprop_delta_zero=0.100000
cascade_output_stagnation_epochs=12
cascade_candidate_change_fraction=0.010000
cascade_candidate_stagnation_epochs=12
cascade_max_out_epochs=150
cascade_min_out_epochs=50
cascade_max_cand_epochs=150
cascade_min_cand_epochs=50
cascade_num_candidate_groups=2
bit_fail_limit=3.49999994039535522461e-01
cascade_candidate_limit=1.00000000000000000000e+03
cascade_weight_multiplier=4.00000005960464477539e-01
cascade_activation_functions_count=10
cascade_activation_functions=3 5 7 8 10 11 14 15 16 17 
cascade_activation_steepnesses_count=4
cascade_activation_steepnesses=2.50000000000000000000e-01 5.00000000000000000000e-01 7.50000000000000000000e-01 1.00000000000000000000e+00 
layer_sizes=10 3 2 
scale_included=0
neurons (num_inputs, activation_function, activation_steepness)=(0, 0, 0.00000000000000000000e+00) (0, 0, 0.00000000000000000000e+00) (0, 0, 0.00000000000000000000e+00) (0, 0, 0.00000000000000000000e+00) (0, 0, 0.00000000000000000000e+00) (0, 0, 0.00000000000000000000e+00) (0, 0, 0.00000000000000000000e+00) (0, 0, 0.00000000000000000000e+00) (0, 0, 0.00000000000000000000e+00) (0, 0, 0.00000000000000000000e+00) (10, 3, 5.00000000000000000000e-01) (10, 3, 5.00000000000000000000e-01) (0, 3, 0.00000000000000000000e+00) (3, 3, 5.00000000000000000000e-01) (0, 3, 0.00000000000000000000e+00) 
connections (connected_to_neuron, weight)=(0, 7.45055258274078369141e-01) (1, 9.23629999160766601562e-01) (2, 6.03657245635986328125e-01) (3, 9.27115917205810546875e-01) (4, -4.21245634555816650391e-01) (5, 5.99598824977874755859e-01) (6, 4.21617299318313598633e-01) (7, 9.48794960975646972656e-01) (8, 6.71315312385559082031e-01) (9, -3.34734511375427246094e+00) (0, 8.76945436000823974609e-01) (1, 8.15374791622161865234e-01) (2, 8.94034922122955322266e-01) (3, 7.36317276954650878906e-01) (4, 1.08597421646118164062e+00) (5, 7.85046041011810302734e-01) (6, 1.00062179565429687500e+00) (7, 8.07493388652801513672e-01) (8, 9.41454112529754638672e-01) (9, -3.29527020454406738281e+00) (10, 5.88463902473449707031e-01) (11, 2.06986808776855468750e+00) (12, -1.55715644359588623047e+00) 
