FANN_FLO_2.1
num_layers=4
learning_rate=0.450000
connection_rate=1.000000
network_type=0
learning_momentum=0.000000
training_algorithm=2
train_error_function=1
train_stop_function=0
cascade_output_change_fraction=0.010000
quickprop_decay=-0.000100
quickprop_mu=1.750000
rprop_increase_factor=1.200000
rprop_decrease_factor=0.500000
rprop_delta_min=0.000000
rprop_delta_max=50.000000
rprop_delta_zero=0.100000
cascade_output_stagnation_epochs=12
cascade_candidate_change_fraction=0.010000
cascade_candidate_stagnation_epochs=12
cascade_max_out_epochs=150
cascade_min_out_epochs=50
cascade_max_cand_epochs=150
cascade_min_cand_epochs=50
cascade_num_candidate_groups=2
bit_fail_limit=3.49999994039535522461e-01
cascade_candidate_limit=1.00000000000000000000e+03
cascade_weight_multiplier=4.00000005960464477539e-01
cascade_activation_functions_count=10
cascade_activation_functions=3 5 7 8 10 11 14 15 16 17 
cascade_activation_steepnesses_count=4
cascade_activation_steepnesses=2.50000000000000000000e-01 5.00000000000000000000e-01 7.50000000000000000000e-01 1.00000000000000000000e+00 
layer_sizes=7 5 3 2 
scale_included=0
neurons (num_inputs, activation_function, activation_steepness)=(0, 0, 0.00000000000000000000e+00) (0, 0, 0.00000000000000000000e+00) (0, 0, 0.00000000000000000000e+00) (0, 0, 0.00000000000000000000e+00) (0, 0, 0.00000000000000000000e+00) (0, 0, 0.00000000000000000000e+00) (0, 0, 0.00000000000000000000e+00) (7, 3, 5.00000000000000000000e-01) (7, 3, 5.00000000000000000000e-01) (7, 3, 5.00000000000000000000e-01) (7, 3, 5.00000000000000000000e-01) (0, 3, 0.00000000000000000000e+00) (5, 3, 5.00000000000000000000e-01) (5, 3, 5.00000000000000000000e-01) (0, 3, 0.00000000000000000000e+00) (3, 0, 5.00000000000000000000e-01) (0, 0, 0.00000000000000000000e+00) 
connections (connected_to_neuron, weight)=(0, -3.58010345458984375000e+02) (1, 1.38463610839843750000e+03) (2, 1.34557678222656250000e+03) (3, -8.06181884765625000000e+02) (4, 7.50162780761718750000e+02) (5, 1.50000000000000000000e+03) (6, 2.77077412605285644531e+00) (0, 1.50000000000000000000e+03) (1, 1.50000000000000000000e+03) (2, -2.15532989501953125000e+02) (3, 1.22658483886718750000e+03) (4, 1.50000000000000000000e+03) (5, 3.16371826171875000000e+02) (6, 5.31440496444702148438e+00) (0, -6.85115600585937500000e+02) (1, 1.30218127441406250000e+03) (2, 8.51723510742187500000e+02) (3, -1.46358752441406250000e+03) (4, -1.50000000000000000000e+03) (5, 1.50000000000000000000e+03) (6, 4.66360926628112792969e-01) (0, -4.55103027343750000000e+02) (1, 1.50000000000000000000e+03) (2, -1.50000000000000000000e+03) (3, -6.60977539062500000000e+02) (4, 1.50000000000000000000e+03) (5, 7.15800048828125000000e+02) (6, 1.53483557701110839844e+00) (7, -2.92402958869934082031e+00) (8, -2.88127839565277099609e-01) (9, 2.28061497211456298828e-01) (10, -6.90924048423767089844e-01) (11, -4.62473332881927490234e-01) (7, 8.09726655483245849609e-01) (8, -8.77363502979278564453e-01) (9, 3.46941328048706054688e+00) (10, -2.05334711074829101562e+00) (11, -8.58802735805511474609e-01) (12, 6.68646320700645446777e-02) (13, -1.33242830634117126465e-02) (14, 1.08317928388714790344e-02) 
