FANN_FLO_2.1
num_layers=3
learning_rate=0.300000
connection_rate=1.000000
network_type=0
learning_momentum=0.000000
training_algorithm=2
train_error_function=1
train_stop_function=0
cascade_output_change_fraction=0.010000
quickprop_decay=-0.000100
quickprop_mu=1.750000
rprop_increase_factor=1.200000
rprop_decrease_factor=0.500000
rprop_delta_min=0.000000
rprop_delta_max=50.000000
rprop_delta_zero=0.100000
cascade_output_stagnation_epochs=12
cascade_candidate_change_fraction=0.010000
cascade_candidate_stagnation_epochs=12
cascade_max_out_epochs=150
cascade_min_out_epochs=50
cascade_max_cand_epochs=150
cascade_min_cand_epochs=50
cascade_num_candidate_groups=2
bit_fail_limit=3.49999994039535522461e-01
cascade_candidate_limit=1.00000000000000000000e+03
cascade_weight_multiplier=4.00000005960464477539e-01
cascade_activation_functions_count=10
cascade_activation_functions=3 5 7 8 10 11 14 15 16 17 
cascade_activation_steepnesses_count=4
cascade_activation_steepnesses=2.50000000000000000000e-01 5.00000000000000000000e-01 7.50000000000000000000e-01 1.00000000000000000000e+00 
layer_sizes=4 9 2 
scale_included=0
neurons (num_inputs, activation_function, activation_steepness)=(0, 0, 0.00000000000000000000e+00) (0, 0, 0.00000000000000000000e+00) (0, 0, 0.00000000000000000000e+00) (0, 0, 0.00000000000000000000e+00) (4, 3, 5.00000000000000000000e-01) (4, 3, 5.00000000000000000000e-01) (4, 3, 5.00000000000000000000e-01) (4, 3, 5.00000000000000000000e-01) (4, 3, 5.00000000000000000000e-01) (4, 3, 5.00000000000000000000e-01) (4, 3, 5.00000000000000000000e-01) (4, 3, 5.00000000000000000000e-01) (0, 3, 0.00000000000000000000e+00) (9, 3, 5.00000000000000000000e-01) (0, 3, 0.00000000000000000000e+00) 
connections (connected_to_neuron, weight)=(0, -1.12741196155548095703e+00) (1, 7.54511296749114990234e-01) (2, -1.29679512977600097656e+00) (3, 1.76865589618682861328e+00) (0, -1.19553968310356140137e-01) (1, 1.29115171730518341064e-02) (2, -2.14429050683975219727e-02) (3, 2.51633703708648681641e-01) (0, -6.41211196780204772949e-02) (1, 1.46022468805313110352e-01) (2, -9.71664965152740478516e-01) (3, 1.21264171600341796875e+00) (0, -1.01318776607513427734e+00) (1, 5.60855925083160400391e-01) (2, -1.79473102092742919922e+00) (3, 1.10823326110839843750e+01) (0, -5.33129163086414337158e-02) (1, 3.72894108295440673828e-02) (2, -4.76727485656738281250e-01) (3, 1.03660297393798828125e+00) (0, -1.50846850872039794922e+00) (1, 6.86911821365356445312e-01) (2, -3.84775787591934204102e-01) (3, 2.78597950935363769531e+00) (0, -4.49311524629592895508e-01) (1, 1.34193345904350280762e-01) (2, -2.03650385141372680664e-01) (3, 4.14412058889865875244e-02) (0, -1.73569726943969726562e+00) (1, -7.38092780113220214844e-01) (2, 8.24435520172119140625e+00) (3, -5.17029225826263427734e-01) (4, -8.82809907197952270508e-02) (5, -1.03682250976562500000e+01) (6, -2.88458883762359619141e-01) (7, -1.16887025535106658936e-01) (8, -3.51803040504455566406e+00) (9, -8.57866853475570678711e-02) (10, 6.62093937397003173828e-01) (11, 1.09974285587668418884e-02) (12, 1.33521080017089843750e+00) 
