FANN_FLO_2.1
num_layers=3
learning_rate=0.400000
connection_rate=1.000000
network_type=0
learning_momentum=0.000000
training_algorithm=2
train_error_function=1
train_stop_function=0
cascade_output_change_fraction=0.010000
quickprop_decay=-0.000100
quickprop_mu=1.750000
rprop_increase_factor=1.200000
rprop_decrease_factor=0.500000
rprop_delta_min=0.000000
rprop_delta_max=50.000000
rprop_delta_zero=0.100000
cascade_output_stagnation_epochs=12
cascade_candidate_change_fraction=0.010000
cascade_candidate_stagnation_epochs=12
cascade_max_out_epochs=150
cascade_min_out_epochs=50
cascade_max_cand_epochs=150
cascade_min_cand_epochs=50
cascade_num_candidate_groups=2
bit_fail_limit=3.49999994039535522461e-01
cascade_candidate_limit=1.00000000000000000000e+03
cascade_weight_multiplier=4.00000005960464477539e-01
cascade_activation_functions_count=10
cascade_activation_functions=3 5 7 8 10 11 14 15 16 17 
cascade_activation_steepnesses_count=4
cascade_activation_steepnesses=2.50000000000000000000e-01 5.00000000000000000000e-01 7.50000000000000000000e-01 1.00000000000000000000e+00 
layer_sizes=10 3 2 
scale_included=0
neurons (num_inputs, activation_function, activation_steepness)=(0, 0, 0.00000000000000000000e+00) (0, 0, 0.00000000000000000000e+00) (0, 0, 0.00000000000000000000e+00) (0, 0, 0.00000000000000000000e+00) (0, 0, 0.00000000000000000000e+00) (0, 0, 0.00000000000000000000e+00) (0, 0, 0.00000000000000000000e+00) (0, 0, 0.00000000000000000000e+00) (0, 0, 0.00000000000000000000e+00) (0, 0, 0.00000000000000000000e+00) (10, 3, 5.00000000000000000000e-01) (10, 3, 5.00000000000000000000e-01) (0, 3, 0.00000000000000000000e+00) (3, 3, 5.00000000000000000000e-01) (0, 3, 0.00000000000000000000e+00) 
connections (connected_to_neuron, weight)=(0, -1.62313818931579589844e-01) (1, -7.86291733384132385254e-02) (2, -5.08037582039833068848e-02) (3, -1.47663339972496032715e-01) (4, -7.05805346369743347168e-02) (5, -1.49586930871009826660e-01) (6, -4.43522557616233825684e-02) (7, -2.07081928849220275879e-01) (8, -1.50019705295562744141e-01) (9, -2.06054076552391052246e-02) (0, 2.55703330039978027344e-02) (1, 2.05122947692871093750e-01) (2, 2.10155636072158813477e-01) (3, 6.48648962378501892090e-02) (4, 5.80820329487323760986e-02) (5, 1.94030821323394775391e-01) (6, 4.89284321665763854980e-02) (7, 2.17072099447250366211e-01) (8, 2.10564672946929931641e-01) (9, 1.92892313003540039062e-01) (10, -8.47277566790580749512e-02) (11, -1.78217351436614990234e-01) (12, -8.77199098467826843262e-02) 
