FANN_FLO_2.1
num_layers=3
learning_rate=0.300000
connection_rate=1.000000
network_type=0
learning_momentum=0.000000
training_algorithm=2
train_error_function=1
train_stop_function=0
cascade_output_change_fraction=0.010000
quickprop_decay=-0.000100
quickprop_mu=1.750000
rprop_increase_factor=1.200000
rprop_decrease_factor=0.500000
rprop_delta_min=0.000000
rprop_delta_max=50.000000
rprop_delta_zero=0.100000
cascade_output_stagnation_epochs=12
cascade_candidate_change_fraction=0.010000
cascade_candidate_stagnation_epochs=12
cascade_max_out_epochs=150
cascade_min_out_epochs=50
cascade_max_cand_epochs=150
cascade_min_cand_epochs=50
cascade_num_candidate_groups=2
bit_fail_limit=3.49999994039535522461e-01
cascade_candidate_limit=1.00000000000000000000e+03
cascade_weight_multiplier=4.00000005960464477539e-01
cascade_activation_functions_count=10
cascade_activation_functions=3 5 7 8 10 11 14 15 16 17 
cascade_activation_steepnesses_count=4
cascade_activation_steepnesses=2.50000000000000000000e-01 5.00000000000000000000e-01 7.50000000000000000000e-01 1.00000000000000000000e+00 
layer_sizes=4 9 2 
scale_included=0
neurons (num_inputs, activation_function, activation_steepness)=(0, 0, 0.00000000000000000000e+00) (0, 0, 0.00000000000000000000e+00) (0, 0, 0.00000000000000000000e+00) (0, 0, 0.00000000000000000000e+00) (4, 3, 5.00000000000000000000e-01) (4, 3, 5.00000000000000000000e-01) (4, 3, 5.00000000000000000000e-01) (4, 3, 5.00000000000000000000e-01) (4, 3, 5.00000000000000000000e-01) (4, 3, 5.00000000000000000000e-01) (4, 3, 5.00000000000000000000e-01) (4, 3, 5.00000000000000000000e-01) (0, 3, 0.00000000000000000000e+00) (9, 3, 5.00000000000000000000e-01) (0, 3, 0.00000000000000000000e+00) 
connections (connected_to_neuron, weight)=(0, -1.33203148841857910156e-01) (1, 3.27611178159713745117e-01) (2, -4.17083454132080078125e+00) (3, 3.18439507484436035156e+00) (0, -3.92573148012161254883e-01) (1, 2.50958710908889770508e-01) (2, -9.75000381469726562500e-01) (3, 4.79351043701171875000e+00) (0, -1.15024231374263763428e-01) (1, 1.65657643228769302368e-02) (2, -1.46803319454193115234e-01) (3, 1.10870182514190673828e+00) (0, -2.03420639038085937500e-01) (1, 2.70772194862365722656e+00) (2, -7.68000488281250000000e+01) (3, 1.53062999248504638672e-01) (0, -2.80532211065292358398e-01) (1, 1.24128669500350952148e-01) (2, -1.08456814289093017578e+00) (3, 8.01628971099853515625e+00) (0, -5.63066244125366210938e-01) (1, 3.36014002561569213867e-01) (2, -9.34419989585876464844e-01) (3, 4.52517938613891601562e+00) (0, -8.86376321315765380859e-01) (1, 6.59116446971893310547e-01) (2, -2.54820513725280761719e+00) (3, 6.07475423812866210938e+00) (0, -4.67894363403320312500e+00) (1, 6.51845633983612060547e-02) (2, -3.06627750396728515625e+00) (3, 2.38922104239463806152e-01) (4, -5.49011588096618652344e-01) (5, -1.26468628644943237305e-01) (6, -8.16451358795166015625e+00) (7, 1.50000000000000000000e+03) (8, -5.69847166538238525391e-01) (9, -1.42228364944458007812e-01) (10, -1.53734400868415832520e-01) (11, -1.50000000000000000000e+03) (12, 8.89582455158233642578e-01) 
