FANN_FLO_2.1
num_layers=4
learning_rate=0.450000
connection_rate=1.000000
network_type=0
learning_momentum=0.000000
training_algorithm=2
train_error_function=1
train_stop_function=0
cascade_output_change_fraction=0.010000
quickprop_decay=-0.000100
quickprop_mu=1.750000
rprop_increase_factor=1.200000
rprop_decrease_factor=0.500000
rprop_delta_min=0.000000
rprop_delta_max=50.000000
rprop_delta_zero=0.100000
cascade_output_stagnation_epochs=12
cascade_candidate_change_fraction=0.010000
cascade_candidate_stagnation_epochs=12
cascade_max_out_epochs=150
cascade_min_out_epochs=50
cascade_max_cand_epochs=150
cascade_min_cand_epochs=50
cascade_num_candidate_groups=2
bit_fail_limit=3.49999994039535522461e-01
cascade_candidate_limit=1.00000000000000000000e+03
cascade_weight_multiplier=4.00000005960464477539e-01
cascade_activation_functions_count=10
cascade_activation_functions=3 5 7 8 10 11 14 15 16 17 
cascade_activation_steepnesses_count=4
cascade_activation_steepnesses=2.50000000000000000000e-01 5.00000000000000000000e-01 7.50000000000000000000e-01 1.00000000000000000000e+00 
layer_sizes=7 5 3 2 
scale_included=0
neurons (num_inputs, activation_function, activation_steepness)=(0, 0, 0.00000000000000000000e+00) (0, 0, 0.00000000000000000000e+00) (0, 0, 0.00000000000000000000e+00) (0, 0, 0.00000000000000000000e+00) (0, 0, 0.00000000000000000000e+00) (0, 0, 0.00000000000000000000e+00) (0, 0, 0.00000000000000000000e+00) (7, 3, 5.00000000000000000000e-01) (7, 3, 5.00000000000000000000e-01) (7, 3, 5.00000000000000000000e-01) (7, 3, 5.00000000000000000000e-01) (0, 3, 0.00000000000000000000e+00) (5, 3, 5.00000000000000000000e-01) (5, 3, 5.00000000000000000000e-01) (0, 3, 0.00000000000000000000e+00) (3, 0, 5.00000000000000000000e-01) (0, 0, 0.00000000000000000000e+00) 
connections (connected_to_neuron, weight)=(0, 3.14350652694702148438e+00) (1, 7.06422984600067138672e-01) (2, -1.59317617416381835938e+01) (3, 1.60015785694122314453e+00) (4, 1.11667823791503906250e+00) (5, 7.50438165664672851562e+00) (6, 1.15053009986877441406e+00) (0, 7.90071904659271240234e-01) (1, 1.23572909832000732422e+00) (2, -1.89391577243804931641e+00) (3, 7.91860640048980712891e-01) (4, 9.29499208927154541016e-01) (5, -1.98213589191436767578e+00) (6, 1.02613401412963867188e+00) (0, 1.49999816894531250000e+03) (1, 1.49989892578125000000e+03) (2, 1.49999645996093750000e+03) (3, 1.49999719238281250000e+03) (4, 1.50000000000000000000e+03) (5, 1.49998767089843750000e+03) (6, 1.72954094409942626953e+00) (0, 7.63846039772033691406e-01) (1, 1.59240102767944335938e+00) (2, -2.65714454650878906250e+00) (3, 8.96449267864227294922e-01) (4, 1.50593721866607666016e+00) (5, -2.30708718299865722656e+00) (6, 1.15800404548645019531e+00) (7, 4.24806976318359375000e+00) (8, 5.52104997634887695312e+00) (9, -5.54554605484008789062e+00) (10, -6.46126985549926757812e+00) (11, -2.54802751541137695312e+00) (7, -1.22445926666259765625e+01) (8, -1.06412563323974609375e+01) (9, 5.07954692840576171875e+00) (10, 3.27786102294921875000e+01) (11, 1.58070766925811767578e+00) (12, 3.13393497467041015625e+00) (13, 1.32613509893417358398e-01) (14, -1.40692725777626037598e-01) 
