FANN_FLO_2.1
num_layers=4
learning_rate=0.500000
connection_rate=1.000000
network_type=0
learning_momentum=0.000000
training_algorithm=2
train_error_function=1
train_stop_function=0
cascade_output_change_fraction=0.010000
quickprop_decay=-0.000100
quickprop_mu=1.750000
rprop_increase_factor=1.200000
rprop_decrease_factor=0.500000
rprop_delta_min=0.000000
rprop_delta_max=50.000000
rprop_delta_zero=0.100000
cascade_output_stagnation_epochs=12
cascade_candidate_change_fraction=0.010000
cascade_candidate_stagnation_epochs=12
cascade_max_out_epochs=150
cascade_min_out_epochs=50
cascade_max_cand_epochs=150
cascade_min_cand_epochs=50
cascade_num_candidate_groups=2
bit_fail_limit=3.49999994039535522461e-01
cascade_candidate_limit=1.00000000000000000000e+03
cascade_weight_multiplier=4.00000005960464477539e-01
cascade_activation_functions_count=10
cascade_activation_functions=3 5 7 8 10 11 14 15 16 17 
cascade_activation_steepnesses_count=4
cascade_activation_steepnesses=2.50000000000000000000e-01 5.00000000000000000000e-01 7.50000000000000000000e-01 1.00000000000000000000e+00 
layer_sizes=4 5 5 2 
scale_included=0
neurons (num_inputs, activation_function, activation_steepness)=(0, 0, 0.00000000000000000000e+00) (0, 0, 0.00000000000000000000e+00) (0, 0, 0.00000000000000000000e+00) (0, 0, 0.00000000000000000000e+00) (4, 3, 5.00000000000000000000e-01) (4, 3, 5.00000000000000000000e-01) (4, 3, 5.00000000000000000000e-01) (4, 3, 5.00000000000000000000e-01) (0, 3, 0.00000000000000000000e+00) (5, 3, 5.00000000000000000000e-01) (5, 3, 5.00000000000000000000e-01) (5, 3, 5.00000000000000000000e-01) (5, 3, 5.00000000000000000000e-01) (0, 3, 0.00000000000000000000e+00) (5, 3, 5.00000000000000000000e-01) (0, 3, 0.00000000000000000000e+00) 
connections (connected_to_neuron, weight)=(0, 1.94310933351516723633e-01) (1, -2.34852619171142578125e+01) (2, 2.31069016456604003906e+00) (3, 7.06245303153991699219e-01) (0, -3.52303647994995117188e+00) (1, -2.51788830757141113281e+00) (2, -1.69707345962524414062e+00) (3, 2.41920757293701171875e+00) (0, -5.95524501800537109375e+00) (1, -1.73486576080322265625e+01) (2, 3.58738923072814941406e+00) (3, 3.39900541305541992188e+00) (0, -3.25734424591064453125e+00) (1, -3.12606334686279296875e+00) (2, -8.57712447643280029297e-01) (3, 2.25459909439086914062e+00) (4, 5.40963792800903320312e+00) (5, 3.41698417663574218750e+01) (6, -1.18649415969848632812e+01) (7, 1.40464210510253906250e+01) (8, -9.27059841156005859375e+00) (4, 5.67086172103881835938e+00) (5, 3.28120918273925781250e+01) (6, -1.10746746063232421875e+01) (7, 1.30987234115600585938e+01) (8, -8.88162136077880859375e+00) (4, -2.26848983764648437500e+00) (5, -8.13360786437988281250e+00) (6, 3.89498043060302734375e+00) (7, -1.72707653045654296875e+00) (8, 2.35422164201736450195e-01) (4, -2.91669631004333496094e+00) (5, -8.10110092163085937500e+00) (6, 4.61910057067871093750e+00) (7, -1.92978501319885253906e+00) (8, 3.49644243717193603516e-01) (9, -1.98123753070831298828e+00) (10, -2.42431974411010742188e+00) (11, -8.53623986244201660156e-01) (12, 1.19179832935333251953e+00) (13, 2.09995841979980468750e+00) 
