FANN_FLO_2.1
num_layers=3
learning_rate=0.500000
connection_rate=1.000000
network_type=0
learning_momentum=0.000000
training_algorithm=2
train_error_function=1
train_stop_function=0
cascade_output_change_fraction=0.010000
quickprop_decay=-0.000100
quickprop_mu=1.750000
rprop_increase_factor=1.200000
rprop_decrease_factor=0.500000
rprop_delta_min=0.000000
rprop_delta_max=50.000000
rprop_delta_zero=0.100000
cascade_output_stagnation_epochs=12
cascade_candidate_change_fraction=0.010000
cascade_candidate_stagnation_epochs=12
cascade_max_out_epochs=150
cascade_min_out_epochs=50
cascade_max_cand_epochs=150
cascade_min_cand_epochs=50
cascade_num_candidate_groups=2
bit_fail_limit=3.49999994039535522461e-01
cascade_candidate_limit=1.00000000000000000000e+03
cascade_weight_multiplier=4.00000005960464477539e-01
cascade_activation_functions_count=10
cascade_activation_functions=3 5 7 8 10 11 14 15 16 17 
cascade_activation_steepnesses_count=4
cascade_activation_steepnesses=2.50000000000000000000e-01 5.00000000000000000000e-01 7.50000000000000000000e-01 1.00000000000000000000e+00 
layer_sizes=7 5 2 
scale_included=0
neurons (num_inputs, activation_function, activation_steepness)=(0, 0, 0.00000000000000000000e+00) (0, 0, 0.00000000000000000000e+00) (0, 0, 0.00000000000000000000e+00) (0, 0, 0.00000000000000000000e+00) (0, 0, 0.00000000000000000000e+00) (0, 0, 0.00000000000000000000e+00) (0, 0, 0.00000000000000000000e+00) (7, 3, 5.00000000000000000000e-01) (7, 3, 5.00000000000000000000e-01) (7, 3, 5.00000000000000000000e-01) (7, 3, 5.00000000000000000000e-01) (0, 3, 0.00000000000000000000e+00) (5, 0, 5.00000000000000000000e-01) (0, 0, 0.00000000000000000000e+00) 
connections (connected_to_neuron, weight)=(0, -3.57467353343963623047e-01) (1, -2.32214808464050292969e-01) (2, -5.64379155635833740234e-01) (3, -3.87117266654968261719e-02) (4, 5.52548468112945556641e-01) (5, 4.29886698722839355469e-01) (6, 3.01118135452270507812e+00) (0, 1.50000000000000000000e+03) (1, 1.50000000000000000000e+03) (2, 1.50000000000000000000e+03) (3, 9.47803878784179687500e+01) (4, 1.50000000000000000000e+03) (5, 1.50000000000000000000e+03) (6, 3.63480091094970703125e-01) (0, 2.48157644271850585938e+00) (1, -1.16554868221282958984e+00) (2, 2.99230551719665527344e+00) (3, -1.48730182647705078125e+00) (4, 3.08153688907623291016e-01) (5, -2.73564004898071289062e+00) (6, -5.67968416213989257812e+00) (0, -1.53116214275360107422e+00) (1, -1.79586327075958251953e+00) (2, 5.37742996215820312500e+00) (3, -2.31038713455200195312e+00) (4, 2.81695246696472167969e-01) (5, 9.71532762050628662109e-01) (6, -2.16690158843994140625e+00) (7, -1.08615234494209289551e-01) (8, -1.11514301970601081848e-02) (9, -9.06971544027328491211e-02) (10, -1.86701435595750808716e-02) (11, 1.24361783266067504883e-01) 
