FANN_FLO_2.1
num_layers=4
learning_rate=0.300000
connection_rate=1.000000
network_type=0
learning_momentum=0.000000
training_algorithm=2
train_error_function=1
train_stop_function=0
cascade_output_change_fraction=0.010000
quickprop_decay=-0.000100
quickprop_mu=1.750000
rprop_increase_factor=1.200000
rprop_decrease_factor=0.500000
rprop_delta_min=0.000000
rprop_delta_max=50.000000
rprop_delta_zero=0.100000
cascade_output_stagnation_epochs=12
cascade_candidate_change_fraction=0.010000
cascade_candidate_stagnation_epochs=12
cascade_max_out_epochs=150
cascade_min_out_epochs=50
cascade_max_cand_epochs=150
cascade_min_cand_epochs=50
cascade_num_candidate_groups=2
bit_fail_limit=3.49999994039535522461e-01
cascade_candidate_limit=1.00000000000000000000e+03
cascade_weight_multiplier=4.00000005960464477539e-01
cascade_activation_functions_count=10
cascade_activation_functions=3 5 7 8 10 11 14 15 16 17 
cascade_activation_steepnesses_count=4
cascade_activation_steepnesses=2.50000000000000000000e-01 5.00000000000000000000e-01 7.50000000000000000000e-01 1.00000000000000000000e+00 
layer_sizes=2 5 3 3 
scale_included=0
neurons (num_inputs, activation_function, activation_steepness)=(0, 0, 0.00000000000000000000e+00) (0, 0, 0.00000000000000000000e+00) (2, 3, 5.00000000000000000000e-01) (2, 3, 5.00000000000000000000e-01) (2, 3, 5.00000000000000000000e-01) (2, 3, 5.00000000000000000000e-01) (0, 3, 0.00000000000000000000e+00) (5, 3, 5.00000000000000000000e-01) (5, 3, 5.00000000000000000000e-01) (0, 3, 0.00000000000000000000e+00) (3, 0, 5.00000000000000000000e-01) (3, 0, 5.00000000000000000000e-01) (0, 0, 0.00000000000000000000e+00) 
connections (connected_to_neuron, weight)=(0, 5.16600656509399414062e+00) (1, 1.14448995590209960938e+01) (0, -3.77770843505859375000e+02) (1, -1.27123427391052246094e+00) (0, -5.36707019805908203125e+00) (1, -1.78500521183013916016e+00) (0, 6.23402166366577148438e+00) (1, 2.46190786361694335938e+00) (2, 1.37383806705474853516e+00) (3, 5.68060874938964843750e-01) (4, 7.09401428699493408203e-01) (5, -2.88609170913696289062e+00) (6, -1.50562620162963867188e+00) (2, 3.74802184104919433594e+00) (3, -8.55379343032836914062e-01) (4, -5.72789967060089111328e-01) (5, -4.09312963485717773438e+00) (6, -1.51298880577087402344e-01) (7, 1.19548730552196502686e-01) (8, 1.70058477669954299927e-02) (9, -6.10448159277439117432e-02) (7, -8.38645935058593750000e-01) (8, -1.09197127819061279297e+00) (9, -7.75472819805145263672e-01) 
