FANN_FLO_2.1
num_layers=4
learning_rate=0.450000
connection_rate=1.000000
network_type=0
learning_momentum=0.000000
training_algorithm=2
train_error_function=1
train_stop_function=0
cascade_output_change_fraction=0.010000
quickprop_decay=-0.000100
quickprop_mu=1.750000
rprop_increase_factor=1.200000
rprop_decrease_factor=0.500000
rprop_delta_min=0.000000
rprop_delta_max=50.000000
rprop_delta_zero=0.100000
cascade_output_stagnation_epochs=12
cascade_candidate_change_fraction=0.010000
cascade_candidate_stagnation_epochs=12
cascade_max_out_epochs=150
cascade_min_out_epochs=50
cascade_max_cand_epochs=150
cascade_min_cand_epochs=50
cascade_num_candidate_groups=2
bit_fail_limit=3.49999994039535522461e-01
cascade_candidate_limit=1.00000000000000000000e+03
cascade_weight_multiplier=4.00000005960464477539e-01
cascade_activation_functions_count=10
cascade_activation_functions=3 5 7 8 10 11 14 15 16 17 
cascade_activation_steepnesses_count=4
cascade_activation_steepnesses=2.50000000000000000000e-01 5.00000000000000000000e-01 7.50000000000000000000e-01 1.00000000000000000000e+00 
layer_sizes=7 5 5 2 
scale_included=0
neurons (num_inputs, activation_function, activation_steepness)=(0, 0, 0.00000000000000000000e+00) (0, 0, 0.00000000000000000000e+00) (0, 0, 0.00000000000000000000e+00) (0, 0, 0.00000000000000000000e+00) (0, 0, 0.00000000000000000000e+00) (0, 0, 0.00000000000000000000e+00) (0, 0, 0.00000000000000000000e+00) (7, 3, 5.00000000000000000000e-01) (7, 3, 5.00000000000000000000e-01) (7, 3, 5.00000000000000000000e-01) (7, 3, 5.00000000000000000000e-01) (0, 3, 0.00000000000000000000e+00) (5, 3, 5.00000000000000000000e-01) (5, 3, 5.00000000000000000000e-01) (5, 3, 5.00000000000000000000e-01) (5, 3, 5.00000000000000000000e-01) (0, 3, 0.00000000000000000000e+00) (5, 0, 5.00000000000000000000e-01) (0, 0, 0.00000000000000000000e+00) 
connections (connected_to_neuron, weight)=(0, 3.48733633756637573242e-01) (1, 3.51917035877704620361e-02) (2, -2.88157075643539428711e-01) (3, 4.35768067836761474609e-02) (4, 7.11312830448150634766e-01) (5, -9.26623880863189697266e-01) (6, 1.03711879253387451172e+00) (0, -7.25208473205566406250e+00) (1, -1.42523742675781250000e+03) (2, -2.05500061035156250000e+02) (3, -8.80615234375000000000e+02) (4, -6.73856689453125000000e+02) (5, -3.64050354003906250000e+02) (6, 1.65171527862548828125e+01) (0, -4.52589538574218750000e+02) (1, -1.36310461425781250000e+03) (2, 1.50000000000000000000e+03) (3, -3.54737510681152343750e+01) (4, -1.44395324707031250000e+03) (5, 1.50000000000000000000e+03) (6, 6.99377202987670898438e+00) (0, 2.57032606750726699829e-02) (1, 6.17849715054035186768e-02) (2, -3.09763371944427490234e-01) (3, -4.12975251674652099609e-01) (4, 8.53130161762237548828e-01) (5, -2.13160574436187744141e-01) (6, 9.34024691581726074219e-01) (7, -4.03916549682617187500e+00) (8, 1.50000000000000000000e+03) (9, 1.29468619823455810547e+00) (10, -5.26892614364624023438e+00) (11, -1.15181714296340942383e-01) (7, -4.44219186902046203613e-02) (8, 1.50000000000000000000e+03) (9, -4.88848745822906494141e-01) (10, -1.00860558450222015381e-01) (11, -2.36440137028694152832e-01) (7, -2.35045537352561950684e-01) (8, 1.50000000000000000000e+03) (9, 1.00664162635803222656e+00) (10, -3.61180216073989868164e-01) (11, -3.50176662206649780273e-01) (7, -5.10916233062744140625e-01) (8, 1.50000000000000000000e+03) (9, -4.68154489994049072266e-01) (10, -2.26276963949203491211e-01) (11, -3.15077245235443115234e-01) (12, 2.62147724628448486328e-01) (13, 9.93578955531120300293e-02) (14, -1.00180685520172119141e-01) (15, 7.13560730218887329102e-02) (16, -2.09669098258018493652e-02) 
