FANN_FLO_2.1
num_layers=4
learning_rate=0.450000
connection_rate=1.000000
network_type=0
learning_momentum=0.000000
training_algorithm=2
train_error_function=1
train_stop_function=0
cascade_output_change_fraction=0.010000
quickprop_decay=-0.000100
quickprop_mu=1.750000
rprop_increase_factor=1.200000
rprop_decrease_factor=0.500000
rprop_delta_min=0.000000
rprop_delta_max=50.000000
rprop_delta_zero=0.100000
cascade_output_stagnation_epochs=12
cascade_candidate_change_fraction=0.010000
cascade_candidate_stagnation_epochs=12
cascade_max_out_epochs=150
cascade_min_out_epochs=50
cascade_max_cand_epochs=150
cascade_min_cand_epochs=50
cascade_num_candidate_groups=2
bit_fail_limit=3.49999994039535522461e-01
cascade_candidate_limit=1.00000000000000000000e+03
cascade_weight_multiplier=4.00000005960464477539e-01
cascade_activation_functions_count=10
cascade_activation_functions=3 5 7 8 10 11 14 15 16 17 
cascade_activation_steepnesses_count=4
cascade_activation_steepnesses=2.50000000000000000000e-01 5.00000000000000000000e-01 7.50000000000000000000e-01 1.00000000000000000000e+00 
layer_sizes=7 5 3 2 
scale_included=0
neurons (num_inputs, activation_function, activation_steepness)=(0, 0, 0.00000000000000000000e+00) (0, 0, 0.00000000000000000000e+00) (0, 0, 0.00000000000000000000e+00) (0, 0, 0.00000000000000000000e+00) (0, 0, 0.00000000000000000000e+00) (0, 0, 0.00000000000000000000e+00) (0, 0, 0.00000000000000000000e+00) (7, 3, 5.00000000000000000000e-01) (7, 3, 5.00000000000000000000e-01) (7, 3, 5.00000000000000000000e-01) (7, 3, 5.00000000000000000000e-01) (0, 3, 0.00000000000000000000e+00) (5, 3, 5.00000000000000000000e-01) (5, 3, 5.00000000000000000000e-01) (0, 3, 0.00000000000000000000e+00) (3, 0, 5.00000000000000000000e-01) (0, 0, 0.00000000000000000000e+00) 
connections (connected_to_neuron, weight)=(0, 1.50000000000000000000e+03) (1, -1.80951904296875000000e+02) (2, 8.59890441894531250000e+02) (3, 5.89136474609375000000e+02) (4, 1.49179089355468750000e+03) (5, -4.30490142822265625000e+02) (6, -1.47359497070312500000e+02) (0, 1.50000000000000000000e+03) (1, -2.22860809326171875000e+02) (2, 8.08247924804687500000e+02) (3, 1.50000000000000000000e+03) (4, 1.48361938476562500000e+03) (5, 1.26683837890625000000e+03) (6, 3.85259918212890625000e+02) (0, 1.05400012207031250000e+03) (1, -8.48688415527343750000e+02) (2, -5.18400878906250000000e+01) (3, -9.70310607910156250000e+02) (4, 1.45788623046875000000e+03) (5, -4.21070159912109375000e+02) (6, -2.03181854248046875000e+02) (0, -2.89495117187500000000e+02) (1, -8.69814025878906250000e+02) (2, -5.29442932128906250000e+02) (3, 2.06958068847656250000e+02) (4, 8.29833618164062500000e+02) (5, -6.90293701171875000000e+02) (6, 3.07476615905761718750e+00) (7, -4.71690386533737182617e-01) (8, -1.59892842173576354980e-01) (9, -2.71703171730041503906e+00) (10, -1.50000000000000000000e+03) (11, -1.14698387682437896729e-01) (7, -3.16854619979858398438e+00) (8, -3.08038973808288574219e+00) (9, 1.08119096755981445312e+01) (10, 1.50000000000000000000e+03) (11, -3.03097367286682128906e+00) (12, 1.56338334083557128906e-01) (13, -5.46662881970405578613e-03) (14, 1.34894493967294692993e-02) 
