FANN_FLO_2.1
num_layers=3
learning_rate=0.450000
connection_rate=1.000000
network_type=0
learning_momentum=0.000000
training_algorithm=2
train_error_function=1
train_stop_function=0
cascade_output_change_fraction=0.010000
quickprop_decay=-0.000100
quickprop_mu=1.750000
rprop_increase_factor=1.200000
rprop_decrease_factor=0.500000
rprop_delta_min=0.000000
rprop_delta_max=50.000000
rprop_delta_zero=0.100000
cascade_output_stagnation_epochs=12
cascade_candidate_change_fraction=0.010000
cascade_candidate_stagnation_epochs=12
cascade_max_out_epochs=150
cascade_min_out_epochs=50
cascade_max_cand_epochs=150
cascade_min_cand_epochs=50
cascade_num_candidate_groups=2
bit_fail_limit=3.49999994039535522461e-01
cascade_candidate_limit=1.00000000000000000000e+03
cascade_weight_multiplier=4.00000005960464477539e-01
cascade_activation_functions_count=10
cascade_activation_functions=3 5 7 8 10 11 14 15 16 17 
cascade_activation_steepnesses_count=4
cascade_activation_steepnesses=2.50000000000000000000e-01 5.00000000000000000000e-01 7.50000000000000000000e-01 1.00000000000000000000e+00 
layer_sizes=7 5 2 
scale_included=0
neurons (num_inputs, activation_function, activation_steepness)=(0, 0, 0.00000000000000000000e+00) (0, 0, 0.00000000000000000000e+00) (0, 0, 0.00000000000000000000e+00) (0, 0, 0.00000000000000000000e+00) (0, 0, 0.00000000000000000000e+00) (0, 0, 0.00000000000000000000e+00) (0, 0, 0.00000000000000000000e+00) (7, 3, 5.00000000000000000000e-01) (7, 3, 5.00000000000000000000e-01) (7, 3, 5.00000000000000000000e-01) (7, 3, 5.00000000000000000000e-01) (0, 3, 0.00000000000000000000e+00) (5, 0, 5.00000000000000000000e-01) (0, 0, 0.00000000000000000000e+00) 
connections (connected_to_neuron, weight)=(0, -1.82714894413948059082e-01) (1, -3.88213276863098144531e-01) (2, -1.12570926547050476074e-01) (3, -8.39226320385932922363e-03) (4, 7.01927989721298217773e-02) (5, 5.33868312835693359375e-01) (6, -1.36721277236938476562e+00) (0, -1.76847696304321289062e+00) (1, 1.18286085128784179688e+00) (2, 1.59314131736755371094e+00) (3, -2.01104331016540527344e+00) (4, -3.91730159521102905273e-01) (5, 2.39461994171142578125e+00) (6, -3.12964153289794921875e+00) (0, -1.59880489110946655273e-01) (1, -7.16360092163085937500e-01) (2, 3.05022418498992919922e-01) (3, -7.20265358686447143555e-02) (4, 2.91936881840229034424e-02) (5, 5.34183263778686523438e-01) (6, -1.38579189777374267578e-01) (0, -1.88681900501251220703e-01) (1, -1.93736612796783447266e+00) (2, 2.66352009773254394531e+00) (3, -5.52511885762214660645e-02) (4, 3.23468685150146484375e+00) (5, -3.14781284332275390625e+00) (6, 1.12340764999389648438e+01) (7, -7.59362041950225830078e-01) (8, -7.33430683612823486328e-02) (9, 7.41940200328826904297e-01) (10, -2.99108713865280151367e-01) (11, 3.15572619438171386719e-01) 
