FANN_FLO_2.1
num_layers=4
learning_rate=0.500000
connection_rate=1.000000
network_type=0
learning_momentum=0.000000
training_algorithm=2
train_error_function=1
train_stop_function=0
cascade_output_change_fraction=0.010000
quickprop_decay=-0.000100
quickprop_mu=1.750000
rprop_increase_factor=1.200000
rprop_decrease_factor=0.500000
rprop_delta_min=0.000000
rprop_delta_max=50.000000
rprop_delta_zero=0.100000
cascade_output_stagnation_epochs=12
cascade_candidate_change_fraction=0.010000
cascade_candidate_stagnation_epochs=12
cascade_max_out_epochs=150
cascade_min_out_epochs=50
cascade_max_cand_epochs=150
cascade_min_cand_epochs=50
cascade_num_candidate_groups=2
bit_fail_limit=3.49999994039535522461e-01
cascade_candidate_limit=1.00000000000000000000e+03
cascade_weight_multiplier=4.00000005960464477539e-01
cascade_activation_functions_count=10
cascade_activation_functions=3 5 7 8 10 11 14 15 16 17 
cascade_activation_steepnesses_count=4
cascade_activation_steepnesses=2.50000000000000000000e-01 5.00000000000000000000e-01 7.50000000000000000000e-01 1.00000000000000000000e+00 
layer_sizes=4 5 3 2 
scale_included=0
neurons (num_inputs, activation_function, activation_steepness)=(0, 0, 0.00000000000000000000e+00) (0, 0, 0.00000000000000000000e+00) (0, 0, 0.00000000000000000000e+00) (0, 0, 0.00000000000000000000e+00) (4, 3, 5.00000000000000000000e-01) (4, 3, 5.00000000000000000000e-01) (4, 3, 5.00000000000000000000e-01) (4, 3, 5.00000000000000000000e-01) (0, 3, 0.00000000000000000000e+00) (5, 3, 5.00000000000000000000e-01) (5, 3, 5.00000000000000000000e-01) (0, 3, 0.00000000000000000000e+00) (3, 3, 5.00000000000000000000e-01) (0, 3, 0.00000000000000000000e+00) 
connections (connected_to_neuron, weight)=(0, -4.05861711502075195312e+00) (1, -4.89433336257934570312e+00) (2, 9.41562771797180175781e-01) (3, 2.73637032508850097656e+00) (0, 3.24442327022552490234e-01) (1, -2.33039932250976562500e+01) (2, 4.63252687454223632812e+00) (3, 3.39275932312011718750e+00) (0, -4.00130462646484375000e+00) (1, -4.94440841674804687500e+00) (2, 8.13659965991973876953e-01) (3, 2.76736879348754882812e+00) (0, 1.62140727043151855469e-02) (1, -2.22581653594970703125e+01) (2, 1.20333547592163085938e+01) (3, 4.26639890670776367188e+00) (4, 8.63687610626220703125e+00) (5, 8.29198169708251953125e+00) (6, 3.60461578369140625000e+01) (7, -1.04438180923461914062e+01) (8, -2.38038325309753417969e+00) (4, 2.41148777008056640625e+01) (5, -2.95767235755920410156e+00) (6, 2.41106033325195312500e+01) (7, 2.84715580940246582031e+00) (8, -1.22504281997680664062e+01) (9, -4.18400716781616210938e+00) (10, -1.13850271701812744141e+00) (11, 2.96971440315246582031e+00) 
