FANN_FLO_2.1
num_layers=3
learning_rate=0.500000
connection_rate=1.000000
network_type=0
learning_momentum=0.000000
training_algorithm=2
train_error_function=1
train_stop_function=0
cascade_output_change_fraction=0.010000
quickprop_decay=-0.000100
quickprop_mu=1.750000
rprop_increase_factor=1.200000
rprop_decrease_factor=0.500000
rprop_delta_min=0.000000
rprop_delta_max=50.000000
rprop_delta_zero=0.100000
cascade_output_stagnation_epochs=12
cascade_candidate_change_fraction=0.010000
cascade_candidate_stagnation_epochs=12
cascade_max_out_epochs=150
cascade_min_out_epochs=50
cascade_max_cand_epochs=150
cascade_min_cand_epochs=50
cascade_num_candidate_groups=2
bit_fail_limit=3.49999994039535522461e-01
cascade_candidate_limit=1.00000000000000000000e+03
cascade_weight_multiplier=4.00000005960464477539e-01
cascade_activation_functions_count=10
cascade_activation_functions=3 5 7 8 10 11 14 15 16 17 
cascade_activation_steepnesses_count=4
cascade_activation_steepnesses=2.50000000000000000000e-01 5.00000000000000000000e-01 7.50000000000000000000e-01 1.00000000000000000000e+00 
layer_sizes=7 9 2 
scale_included=0
neurons (num_inputs, activation_function, activation_steepness)=(0, 0, 0.00000000000000000000e+00) (0, 0, 0.00000000000000000000e+00) (0, 0, 0.00000000000000000000e+00) (0, 0, 0.00000000000000000000e+00) (0, 0, 0.00000000000000000000e+00) (0, 0, 0.00000000000000000000e+00) (0, 0, 0.00000000000000000000e+00) (7, 3, 5.00000000000000000000e-01) (7, 3, 5.00000000000000000000e-01) (7, 3, 5.00000000000000000000e-01) (7, 3, 5.00000000000000000000e-01) (7, 3, 5.00000000000000000000e-01) (7, 3, 5.00000000000000000000e-01) (7, 3, 5.00000000000000000000e-01) (7, 3, 5.00000000000000000000e-01) (0, 3, 0.00000000000000000000e+00) (9, 0, 5.00000000000000000000e-01) (0, 0, 0.00000000000000000000e+00) 
connections (connected_to_neuron, weight)=(0, -3.91598254442214965820e-01) (1, -3.06137591600418090820e-01) (2, 5.10236859321594238281e-01) (3, -1.53655767440795898438e-01) (4, 4.59472090005874633789e-01) (5, -3.76801490783691406250e-01) (6, 2.29031150229275226593e-03) (0, -4.86874294281005859375e+00) (1, 6.20192170143127441406e-01) (2, 5.33183717727661132812e+00) (3, -3.94556760787963867188e-01) (4, 1.49890875816345214844e+00) (5, -4.36081796884536743164e-01) (6, -1.25288021564483642578e+00) (0, -1.03019438683986663818e-01) (1, -1.44413673877716064453e+00) (2, 4.57956075668334960938e+00) (3, -1.43053042888641357422e+00) (4, -2.01228122711181640625e+01) (5, -2.12889051437377929688e+00) (6, -1.14073669910430908203e+00) (0, -4.53978395462036132812e+00) (1, -4.62706446647644042969e-01) (2, 1.33342676162719726562e+01) (3, -1.05106735229492187500e+02) (4, 2.92470188140869140625e+01) (5, 1.00531129837036132812e+01) (6, -1.19335997104644775391e+00) (0, 7.66088366508483886719e-02) (1, 3.09875893592834472656e+00) (2, 7.79487133026123046875e-01) (3, -1.37955951690673828125e+00) (4, -3.50155906677246093750e+01) (5, -2.72276234626770019531e+00) (6, -8.43534290790557861328e-01) (0, -1.14192105829715728760e-01) (1, -8.85118842124938964844e-02) (2, 1.22333534061908721924e-01) (3, 1.53109729290008544922e-01) (4, -2.98591762781143188477e-01) (5, 2.68031716346740722656e-01) (6, -7.13000357151031494141e-01) (0, 6.05784296989440917969e-01) (1, -2.51836585998535156250e+00) (2, 2.25579166412353515625e+00) (3, -2.50034999847412109375e+00) (4, -3.90402908325195312500e+01) (5, -2.67193198204040527344e+00) (6, 2.60232591629028320312e+00) (0, -1.38442230224609375000e+00) (1, -5.36988139152526855469e-01) (2, -3.71359109878540039062e-01) (3, -1.62635117769241333008e-01) (4, 7.17238068580627441406e-01) (5, 1.25935161113739013672e+00) (6, 1.13695507049560546875e+01) (7, 1.39304593205451965332e-01) (8, -1.03427082300186157227e-01) (9, -1.48818701505661010742e-01) (10, 7.49438354492187500000e+02) (11, -1.31352355957031250000e+02) (12, 1.74051851034164428711e-01) (13, -1.36293725585937500000e+03) (14, -8.44534784555435180664e-02) (15, 1.56921502202749252319e-02) 
