FANN_FLO_2.1
num_layers=3
learning_rate=0.400000
connection_rate=1.000000
network_type=0
learning_momentum=0.000000
training_algorithm=2
train_error_function=1
train_stop_function=0
cascade_output_change_fraction=0.010000
quickprop_decay=-0.000100
quickprop_mu=1.750000
rprop_increase_factor=1.200000
rprop_decrease_factor=0.500000
rprop_delta_min=0.000000
rprop_delta_max=50.000000
rprop_delta_zero=0.100000
cascade_output_stagnation_epochs=12
cascade_candidate_change_fraction=0.010000
cascade_candidate_stagnation_epochs=12
cascade_max_out_epochs=150
cascade_min_out_epochs=50
cascade_max_cand_epochs=150
cascade_min_cand_epochs=50
cascade_num_candidate_groups=2
bit_fail_limit=3.49999994039535522461e-01
cascade_candidate_limit=1.00000000000000000000e+03
cascade_weight_multiplier=4.00000005960464477539e-01
cascade_activation_functions_count=10
cascade_activation_functions=3 5 7 8 10 11 14 15 16 17 
cascade_activation_steepnesses_count=4
cascade_activation_steepnesses=2.50000000000000000000e-01 5.00000000000000000000e-01 7.50000000000000000000e-01 1.00000000000000000000e+00 
layer_sizes=6 5 2 
scale_included=0
neurons (num_inputs, activation_function, activation_steepness)=(0, 0, 0.00000000000000000000e+00) (0, 0, 0.00000000000000000000e+00) (0, 0, 0.00000000000000000000e+00) (0, 0, 0.00000000000000000000e+00) (0, 0, 0.00000000000000000000e+00) (0, 0, 0.00000000000000000000e+00) (6, 3, 5.00000000000000000000e-01) (6, 3, 5.00000000000000000000e-01) (6, 3, 5.00000000000000000000e-01) (6, 3, 5.00000000000000000000e-01) (0, 3, 0.00000000000000000000e+00) (5, 0, 5.00000000000000000000e-01) (0, 0, 0.00000000000000000000e+00) 
connections (connected_to_neuron, weight)=(0, -8.47129898071289062500e+01) (1, -5.11307907104492187500e+00) (2, -5.43291866779327392578e-01) (3, -1.73191797733306884766e+00) (4, 6.39082193374633789062e-01) (5, -1.58240091800689697266e+00) (0, -1.66092834472656250000e+01) (1, -1.40376389026641845703e+00) (2, -1.57368049025535583496e-01) (3, -1.42344629764556884766e+00) (4, -5.61720013618469238281e-01) (5, -4.84465695917606353760e-02) (0, 7.10672736167907714844e-01) (1, -1.70813488960266113281e+00) (2, -3.77467632293701171875e+00) (3, -6.36120557785034179688e-01) (4, -5.63318252563476562500e+00) (5, -1.82557737827301025391e+00) (0, -2.37804961204528808594e+00) (1, -3.49102050065994262695e-01) (2, 1.16370208561420440674e-02) (3, -1.15315365791320800781e+00) (4, 2.53321472555398941040e-02) (5, -1.01934421062469482422e+00) (6, 4.19467878341674804688e+00) (7, 8.69676291942596435547e-01) (8, -1.79154944419860839844e+00) (9, 1.10258197784423828125e+00) (10, 4.55598324537277221680e-01) 
