FANN_FLO_2.1
num_layers=3
learning_rate=0.400000
connection_rate=1.000000
network_type=0
learning_momentum=0.000000
training_algorithm=2
train_error_function=1
train_stop_function=0
cascade_output_change_fraction=0.010000
quickprop_decay=-0.000100
quickprop_mu=1.750000
rprop_increase_factor=1.200000
rprop_decrease_factor=0.500000
rprop_delta_min=0.000000
rprop_delta_max=50.000000
rprop_delta_zero=0.100000
cascade_output_stagnation_epochs=12
cascade_candidate_change_fraction=0.010000
cascade_candidate_stagnation_epochs=12
cascade_max_out_epochs=150
cascade_min_out_epochs=50
cascade_max_cand_epochs=150
cascade_min_cand_epochs=50
cascade_num_candidate_groups=2
bit_fail_limit=3.49999994039535522461e-01
cascade_candidate_limit=1.00000000000000000000e+03
cascade_weight_multiplier=4.00000005960464477539e-01
cascade_activation_functions_count=10
cascade_activation_functions=3 5 7 8 10 11 14 15 16 17 
cascade_activation_steepnesses_count=4
cascade_activation_steepnesses=2.50000000000000000000e-01 5.00000000000000000000e-01 7.50000000000000000000e-01 1.00000000000000000000e+00 
layer_sizes=6 5 2 
scale_included=0
neurons (num_inputs, activation_function, activation_steepness)=(0, 0, 0.00000000000000000000e+00) (0, 0, 0.00000000000000000000e+00) (0, 0, 0.00000000000000000000e+00) (0, 0, 0.00000000000000000000e+00) (0, 0, 0.00000000000000000000e+00) (0, 0, 0.00000000000000000000e+00) (6, 3, 5.00000000000000000000e-01) (6, 3, 5.00000000000000000000e-01) (6, 3, 5.00000000000000000000e-01) (6, 3, 5.00000000000000000000e-01) (0, 3, 0.00000000000000000000e+00) (5, 0, 5.00000000000000000000e-01) (0, 0, 0.00000000000000000000e+00) 
connections (connected_to_neuron, weight)=(0, -4.00943542480468750000e+02) (1, -9.61940460205078125000e+01) (2, -9.37604980468750000000e+01) (3, 4.64177036285400390625e+00) (4, 2.40572643280029296875e+00) (5, -3.03321741521358489990e-02) (0, -1.50000000000000000000e+03) (1, -4.99845764160156250000e+02) (2, 6.17249107360839843750e+01) (3, -8.76068847656250000000e+02) (4, 2.27683424949645996094e+00) (5, -3.87154102325439453125e-01) (0, -1.50000000000000000000e+03) (1, -5.71906555175781250000e+02) (2, -3.91048669815063476562e+00) (3, -6.96568222045898437500e+01) (4, 6.65352344512939453125e-01) (5, -1.80420148372650146484e+00) (0, -1.50000000000000000000e+03) (1, -3.33615851402282714844e+00) (2, -3.87858480215072631836e-01) (3, -1.38396847248077392578e+00) (4, 1.43644466996192932129e-01) (5, -2.47772678732872009277e-01) (6, 7.19056777954101562500e+01) (7, 3.18461775779724121094e-01) (8, 2.70743250846862792969e+00) (9, 3.30410122871398925781e+00) (10, 6.08822286128997802734e-01) 
