FANN_FLO_2.1
num_layers=3
learning_rate=0.500000
connection_rate=1.000000
network_type=0
learning_momentum=0.000000
training_algorithm=2
train_error_function=1
train_stop_function=0
cascade_output_change_fraction=0.010000
quickprop_decay=-0.000100
quickprop_mu=1.750000
rprop_increase_factor=1.200000
rprop_decrease_factor=0.500000
rprop_delta_min=0.000000
rprop_delta_max=50.000000
rprop_delta_zero=0.100000
cascade_output_stagnation_epochs=12
cascade_candidate_change_fraction=0.010000
cascade_candidate_stagnation_epochs=12
cascade_max_out_epochs=150
cascade_min_out_epochs=50
cascade_max_cand_epochs=150
cascade_min_cand_epochs=50
cascade_num_candidate_groups=2
bit_fail_limit=3.49999994039535522461e-01
cascade_candidate_limit=1.00000000000000000000e+03
cascade_weight_multiplier=4.00000005960464477539e-01
cascade_activation_functions_count=10
cascade_activation_functions=3 5 7 8 10 11 14 15 16 17 
cascade_activation_steepnesses_count=4
cascade_activation_steepnesses=2.50000000000000000000e-01 5.00000000000000000000e-01 7.50000000000000000000e-01 1.00000000000000000000e+00 
layer_sizes=7 9 2 
scale_included=0
neurons (num_inputs, activation_function, activation_steepness)=(0, 0, 0.00000000000000000000e+00) (0, 0, 0.00000000000000000000e+00) (0, 0, 0.00000000000000000000e+00) (0, 0, 0.00000000000000000000e+00) (0, 0, 0.00000000000000000000e+00) (0, 0, 0.00000000000000000000e+00) (0, 0, 0.00000000000000000000e+00) (7, 3, 5.00000000000000000000e-01) (7, 3, 5.00000000000000000000e-01) (7, 3, 5.00000000000000000000e-01) (7, 3, 5.00000000000000000000e-01) (7, 3, 5.00000000000000000000e-01) (7, 3, 5.00000000000000000000e-01) (7, 3, 5.00000000000000000000e-01) (7, 3, 5.00000000000000000000e-01) (0, 3, 0.00000000000000000000e+00) (9, 0, 5.00000000000000000000e-01) (0, 0, 0.00000000000000000000e+00) 
connections (connected_to_neuron, weight)=(0, -4.86779174804687500000e+01) (1, -3.77629971504211425781e+00) (2, 5.53643264770507812500e+01) (3, -4.86949462890625000000e+01) (4, -1.70885419845581054688e+00) (5, -4.10379371643066406250e+01) (6, -2.16416642069816589355e-01) (0, -3.44077415466308593750e+01) (1, -2.35076179504394531250e+01) (2, -6.74615097045898437500e+01) (3, -3.43291282653808593750e+01) (4, -3.27179884910583496094e+00) (5, 4.27993927001953125000e+01) (6, -1.17924785614013671875e+00) (0, -3.42430992126464843750e+01) (1, -2.36347198486328125000e+01) (2, -1.02315902709960937500e+02) (3, -3.43634567260742187500e+01) (4, -3.12180042266845703125e+00) (5, 4.30268249511718750000e+01) (6, -1.05888617038726806641e+00) (0, -2.29882240295410156250e+01) (1, -1.56601667404174804688e+01) (2, -6.48358703613281250000e+02) (3, -2.29974060058593750000e+01) (4, -1.56258430480957031250e+01) (5, 4.41309127807617187500e+01) (6, -7.13639020919799804688e-01) (0, -1.35619029998779296875e+01) (1, 5.70283365249633789062e+00) (2, -1.50000000000000000000e+03) (3, -1.33875446319580078125e+01) (4, -9.60565388202667236328e-01) (5, -1.61716899871826171875e+01) (6, -1.13847196102142333984e+00) (0, -3.43707008361816406250e+01) (1, -2.35389747619628906250e+01) (2, -1.02427505493164062500e+02) (3, -3.44153976440429687500e+01) (4, -3.14247345924377441406e+00) (5, 4.31037902832031250000e+01) (6, -1.01603639125823974609e+00) (0, -3.42537879943847656250e+01) (1, -2.36606559753417968750e+01) (2, -1.44045455932617187500e+02) (3, -3.43249855041503906250e+01) (4, -3.19031763076782226562e+00) (5, 1.34121532440185546875e+01) (6, -1.15830028057098388672e+00) (0, -1.35174694061279296875e+01) (1, 5.72576761245727539062e+00) (2, -1.50000000000000000000e+03) (3, -1.33512516021728515625e+01) (4, -9.22921061515808105469e-01) (5, -1.61262454986572265625e+01) (6, -1.09144771099090576172e+00) (7, 2.73172180175781250000e+02) (8, -7.33206481933593750000e+01) (9, -7.33206481933593750000e+01) (10, 7.53416259765625000000e+02) (11, -1.50000000000000000000e+03) (12, -7.33206481933593750000e+01) (13, 3.26679351806640625000e+02) (14, -1.50000000000000000000e+03) (15, 1.82695258408784866333e-02) 
