FANN_FLO_2.1
num_layers=3
learning_rate=0.300000
connection_rate=1.000000
network_type=0
learning_momentum=0.000000
training_algorithm=2
train_error_function=1
train_stop_function=0
cascade_output_change_fraction=0.010000
quickprop_decay=-0.000100
quickprop_mu=1.750000
rprop_increase_factor=1.200000
rprop_decrease_factor=0.500000
rprop_delta_min=0.000000
rprop_delta_max=50.000000
rprop_delta_zero=0.100000
cascade_output_stagnation_epochs=12
cascade_candidate_change_fraction=0.010000
cascade_candidate_stagnation_epochs=12
cascade_max_out_epochs=150
cascade_min_out_epochs=50
cascade_max_cand_epochs=150
cascade_min_cand_epochs=50
cascade_num_candidate_groups=2
bit_fail_limit=3.49999994039535522461e-01
cascade_candidate_limit=1.00000000000000000000e+03
cascade_weight_multiplier=4.00000005960464477539e-01
cascade_activation_functions_count=10
cascade_activation_functions=3 5 7 8 10 11 14 15 16 17 
cascade_activation_steepnesses_count=4
cascade_activation_steepnesses=2.50000000000000000000e-01 5.00000000000000000000e-01 7.50000000000000000000e-01 1.00000000000000000000e+00 
layer_sizes=4 9 2 
scale_included=0
neurons (num_inputs, activation_function, activation_steepness)=(0, 0, 0.00000000000000000000e+00) (0, 0, 0.00000000000000000000e+00) (0, 0, 0.00000000000000000000e+00) (0, 0, 0.00000000000000000000e+00) (4, 3, 5.00000000000000000000e-01) (4, 3, 5.00000000000000000000e-01) (4, 3, 5.00000000000000000000e-01) (4, 3, 5.00000000000000000000e-01) (4, 3, 5.00000000000000000000e-01) (4, 3, 5.00000000000000000000e-01) (4, 3, 5.00000000000000000000e-01) (4, 3, 5.00000000000000000000e-01) (0, 3, 0.00000000000000000000e+00) (9, 3, 5.00000000000000000000e-01) (0, 3, 0.00000000000000000000e+00) 
connections (connected_to_neuron, weight)=(0, -6.79741978645324707031e-01) (1, 5.12917220592498779297e-01) (2, -1.20547592639923095703e+00) (3, 1.84832882881164550781e+00) (0, -7.96831905841827392578e-01) (1, 5.29746174812316894531e-01) (2, -9.81615364551544189453e-01) (3, 8.01308095455169677734e-01) (0, -7.59021461009979248047e-01) (1, 6.80343270301818847656e-01) (2, -1.85679447650909423828e+00) (3, 1.25947034358978271484e+00) (0, -8.11151683330535888672e-01) (1, 4.97923076152801513672e-01) (2, -1.29735147953033447266e+00) (3, 7.04211235046386718750e+00) (0, -1.66223362088203430176e-01) (1, 2.94402763247489929199e-02) (2, -3.35636377334594726562e-01) (3, 3.60460066795349121094e+00) (0, -1.07959508895874023438e+00) (1, 3.93486499786376953125e-01) (2, -1.40298402309417724609e+00) (3, 1.30974407196044921875e+01) (0, -7.66744613647460937500e-01) (1, 6.65464580059051513672e-01) (2, -1.82816779613494873047e+00) (3, 1.99706149101257324219e+00) (0, -8.04582297801971435547e-01) (1, 5.84633231163024902344e-01) (2, -1.20391428470611572266e+00) (3, 9.15689289569854736328e-01) (4, -1.14293113350868225098e-01) (5, -1.14950694143772125244e-01) (6, -8.88869315385818481445e-02) (7, -7.68206417560577392578e-02) (8, -4.74731492996215820312e+00) (9, -2.85809278488159179688e-01) (10, -3.87500450015068054199e-02) (11, -1.85591146349906921387e-01) (12, 8.38439106941223144531e-01) 
