FANN_FLO_2.1
num_layers=3
learning_rate=0.500000
connection_rate=1.000000
network_type=0
learning_momentum=0.000000
training_algorithm=2
train_error_function=1
train_stop_function=0
cascade_output_change_fraction=0.010000
quickprop_decay=-0.000100
quickprop_mu=1.750000
rprop_increase_factor=1.200000
rprop_decrease_factor=0.500000
rprop_delta_min=0.000000
rprop_delta_max=50.000000
rprop_delta_zero=0.100000
cascade_output_stagnation_epochs=12
cascade_candidate_change_fraction=0.010000
cascade_candidate_stagnation_epochs=12
cascade_max_out_epochs=150
cascade_min_out_epochs=50
cascade_max_cand_epochs=150
cascade_min_cand_epochs=50
cascade_num_candidate_groups=2
bit_fail_limit=3.49999994039535522461e-01
cascade_candidate_limit=1.00000000000000000000e+03
cascade_weight_multiplier=4.00000005960464477539e-01
cascade_activation_functions_count=10
cascade_activation_functions=3 5 7 8 10 11 14 15 16 17 
cascade_activation_steepnesses_count=4
cascade_activation_steepnesses=2.50000000000000000000e-01 5.00000000000000000000e-01 7.50000000000000000000e-01 1.00000000000000000000e+00 
layer_sizes=10 5 2 
scale_included=0
neurons (num_inputs, activation_function, activation_steepness)=(0, 0, 0.00000000000000000000e+00) (0, 0, 0.00000000000000000000e+00) (0, 0, 0.00000000000000000000e+00) (0, 0, 0.00000000000000000000e+00) (0, 0, 0.00000000000000000000e+00) (0, 0, 0.00000000000000000000e+00) (0, 0, 0.00000000000000000000e+00) (0, 0, 0.00000000000000000000e+00) (0, 0, 0.00000000000000000000e+00) (0, 0, 0.00000000000000000000e+00) (10, 3, 5.00000000000000000000e-01) (10, 3, 5.00000000000000000000e-01) (10, 3, 5.00000000000000000000e-01) (10, 3, 5.00000000000000000000e-01) (0, 3, 0.00000000000000000000e+00) (5, 3, 5.00000000000000000000e-01) (0, 3, 0.00000000000000000000e+00) 
connections (connected_to_neuron, weight)=(0, -3.95738959312438964844e-01) (1, -4.67647373676300048828e-01) (2, -2.59791433811187744141e-01) (3, -3.95100921392440795898e-01) (4, -3.07177037000656127930e-01) (5, -3.62302273511886596680e-01) (6, -3.15574645996093750000e-01) (7, -4.57082629203796386719e-01) (8, -3.04322719573974609375e-01) (9, 6.26881003379821777344e-01) (0, -3.59072417020797729492e-01) (1, -2.39359751343727111816e-01) (2, -4.56952959299087524414e-01) (3, -3.12822729349136352539e-01) (4, -4.40561592578887939453e-01) (5, -3.25415581464767456055e-01) (6, -4.32180464267730712891e-01) (7, -3.13824355602264404297e-01) (8, -4.58850979804992675781e-01) (9, 7.40143597126007080078e-01) (0, -3.89838904142379760742e-01) (1, -6.78976833820343017578e-01) (2, -3.35234463214874267578e-01) (3, -3.75735819339752197266e-01) (4, -3.35247933864593505859e-01) (5, -4.12863284349441528320e-01) (6, -3.84708553552627563477e-01) (7, -2.98726052045822143555e-01) (8, -3.72062563896179199219e-01) (9, 1.11241841316223144531e+00) (0, -3.26530635356903076172e-01) (1, -5.68447932600975036621e-02) (2, -4.74169939756393432617e-01) (3, -4.84514147043228149414e-01) (4, -4.10373151302337646484e-01) (5, -4.43826049566268920898e-01) (6, -3.78384023904800415039e-01) (7, -4.73233342170715332031e-01) (8, -4.40009891986846923828e-01) (9, 1.08430516719818115234e+00) (10, -1.68428909778594970703e+00) (11, -8.27705800533294677734e-01) (12, -1.65346407890319824219e+00) (13, -1.36689090728759765625e+00) (14, 1.72252523899078369141e+00) 
