FANN_FLO_2.1
num_layers=4
learning_rate=0.450000
connection_rate=1.000000
network_type=0
learning_momentum=0.000000
training_algorithm=2
train_error_function=1
train_stop_function=0
cascade_output_change_fraction=0.010000
quickprop_decay=-0.000100
quickprop_mu=1.750000
rprop_increase_factor=1.200000
rprop_decrease_factor=0.500000
rprop_delta_min=0.000000
rprop_delta_max=50.000000
rprop_delta_zero=0.100000
cascade_output_stagnation_epochs=12
cascade_candidate_change_fraction=0.010000
cascade_candidate_stagnation_epochs=12
cascade_max_out_epochs=150
cascade_min_out_epochs=50
cascade_max_cand_epochs=150
cascade_min_cand_epochs=50
cascade_num_candidate_groups=2
bit_fail_limit=3.49999994039535522461e-01
cascade_candidate_limit=1.00000000000000000000e+03
cascade_weight_multiplier=4.00000005960464477539e-01
cascade_activation_functions_count=10
cascade_activation_functions=3 5 7 8 10 11 14 15 16 17 
cascade_activation_steepnesses_count=4
cascade_activation_steepnesses=2.50000000000000000000e-01 5.00000000000000000000e-01 7.50000000000000000000e-01 1.00000000000000000000e+00 
layer_sizes=7 5 3 2 
scale_included=0
neurons (num_inputs, activation_function, activation_steepness)=(0, 0, 0.00000000000000000000e+00) (0, 0, 0.00000000000000000000e+00) (0, 0, 0.00000000000000000000e+00) (0, 0, 0.00000000000000000000e+00) (0, 0, 0.00000000000000000000e+00) (0, 0, 0.00000000000000000000e+00) (0, 0, 0.00000000000000000000e+00) (7, 3, 5.00000000000000000000e-01) (7, 3, 5.00000000000000000000e-01) (7, 3, 5.00000000000000000000e-01) (7, 3, 5.00000000000000000000e-01) (0, 3, 0.00000000000000000000e+00) (5, 3, 5.00000000000000000000e-01) (5, 3, 5.00000000000000000000e-01) (0, 3, 0.00000000000000000000e+00) (3, 0, 5.00000000000000000000e-01) (0, 0, 0.00000000000000000000e+00) 
connections (connected_to_neuron, weight)=(0, 6.14537000656127929688e-02) (1, 4.73846584558486938477e-01) (2, 1.12963354587554931641e+00) (3, -4.64613407850265502930e-01) (4, -2.37087517976760864258e-01) (5, 7.78486311435699462891e-01) (6, -2.18641147613525390625e+01) (0, -2.93855965137481689453e-01) (1, 1.14093220233917236328e+00) (2, 2.96481281518936157227e-01) (3, -2.02695131301879882812e-02) (4, 4.61114019155502319336e-01) (5, -1.95816826820373535156e+00) (6, -1.49175586700439453125e+01) (0, 1.65960937738418579102e-01) (1, -4.03267955780029296875e+00) (2, 2.21431708335876464844e+00) (3, 3.44102144241333007812e-01) (4, -5.56152582168579101562e+00) (5, 4.93955326080322265625e+00) (6, 8.99078083038330078125e+00) (0, 3.61058652400970458984e-01) (1, 1.01770639419555664062e+00) (2, -2.01987814903259277344e+00) (3, 3.35348039865493774414e-01) (4, 9.52908933162689208984e-01) (5, -3.17351939156651496887e-03) (6, 1.87909877300262451172e+00) (7, -1.26576269531250000000e+03) (8, -2.74681053161621093750e+01) (9, -3.76752258300781250000e+02) (10, 7.39289462566375732422e-01) (11, -8.27438926696777343750e+00) (7, -1.27842485904693603516e-01) (8, -1.65825840085744857788e-02) (9, 3.90395551919937133789e-01) (10, 5.02408862113952636719e-01) (11, -1.73426225781440734863e-01) (12, -1.97860355377197265625e+01) (13, 1.29143446683883666992e-01) (14, -6.08536377549171447754e-02) 
