FANN_FLO_2.1
num_layers=4
learning_rate=0.500000
connection_rate=1.000000
network_type=0
learning_momentum=0.000000
training_algorithm=2
train_error_function=1
train_stop_function=0
cascade_output_change_fraction=0.010000
quickprop_decay=-0.000100
quickprop_mu=1.750000
rprop_increase_factor=1.200000
rprop_decrease_factor=0.500000
rprop_delta_min=0.000000
rprop_delta_max=50.000000
rprop_delta_zero=0.100000
cascade_output_stagnation_epochs=12
cascade_candidate_change_fraction=0.010000
cascade_candidate_stagnation_epochs=12
cascade_max_out_epochs=150
cascade_min_out_epochs=50
cascade_max_cand_epochs=150
cascade_min_cand_epochs=50
cascade_num_candidate_groups=2
bit_fail_limit=3.49999994039535522461e-01
cascade_candidate_limit=1.00000000000000000000e+03
cascade_weight_multiplier=4.00000005960464477539e-01
cascade_activation_functions_count=10
cascade_activation_functions=3 5 7 8 10 11 14 15 16 17 
cascade_activation_steepnesses_count=4
cascade_activation_steepnesses=2.50000000000000000000e-01 5.00000000000000000000e-01 7.50000000000000000000e-01 1.00000000000000000000e+00 
layer_sizes=4 5 5 2 
scale_included=0
neurons (num_inputs, activation_function, activation_steepness)=(0, 0, 0.00000000000000000000e+00) (0, 0, 0.00000000000000000000e+00) (0, 0, 0.00000000000000000000e+00) (0, 0, 0.00000000000000000000e+00) (4, 3, 5.00000000000000000000e-01) (4, 3, 5.00000000000000000000e-01) (4, 3, 5.00000000000000000000e-01) (4, 3, 5.00000000000000000000e-01) (0, 3, 0.00000000000000000000e+00) (5, 3, 5.00000000000000000000e-01) (5, 3, 5.00000000000000000000e-01) (5, 3, 5.00000000000000000000e-01) (5, 3, 5.00000000000000000000e-01) (0, 3, 0.00000000000000000000e+00) (5, 3, 5.00000000000000000000e-01) (0, 3, 0.00000000000000000000e+00) 
connections (connected_to_neuron, weight)=(0, -9.07695434570312500000e+02) (1, -1.50000000000000000000e+03) (2, -1.50000000000000000000e+03) (3, 4.30742084980010986328e-01) (0, -6.74593400955200195312e+00) (1, -1.50000000000000000000e+03) (2, -1.50000000000000000000e+03) (3, 1.01208284497261047363e-01) (0, -1.11422924804687500000e+03) (1, -1.50000000000000000000e+03) (2, -1.50000000000000000000e+03) (3, -1.46981406211853027344e+00) (0, -7.19433641433715820312e+00) (1, -3.31635808944702148438e+00) (2, -3.64144825935363769531e+00) (3, 5.86078834533691406250e+00) (4, -1.21930313110351562500e+00) (5, -2.90923297405242919922e-01) (6, 8.92285287380218505859e-01) (7, 3.81318879127502441406e+00) (8, 1.61901712417602539062e-01) (4, -1.88877248764038085938e+00) (5, -2.05174465179443359375e+01) (6, 8.31276130676269531250e+00) (7, 2.03814010620117187500e+01) (8, -6.22470140457153320312e+00) (4, 2.10516326904296875000e+02) (5, 1.50000000000000000000e+03) (6, 3.00211200714111328125e+01) (7, 2.22802848815917968750e+01) (8, -4.19135951995849609375e+00) (4, 8.81272506713867187500e+01) (5, 1.50000000000000000000e+03) (6, 7.27348403930664062500e+01) (7, 2.33673858642578125000e+01) (8, -4.29739236831665039062e+00) (9, 1.79680061340332031250e+00) (10, 7.92431592941284179688e-01) (11, -5.05871415138244628906e-01) (12, -5.67906713485717773438e+00) (13, 1.48659825325012207031e+00) 
