FANN_FLO_2.1
num_layers=4
learning_rate=0.500000
connection_rate=1.000000
network_type=0
learning_momentum=0.000000
training_algorithm=2
train_error_function=1
train_stop_function=0
cascade_output_change_fraction=0.010000
quickprop_decay=-0.000100
quickprop_mu=1.750000
rprop_increase_factor=1.200000
rprop_decrease_factor=0.500000
rprop_delta_min=0.000000
rprop_delta_max=50.000000
rprop_delta_zero=0.100000
cascade_output_stagnation_epochs=12
cascade_candidate_change_fraction=0.010000
cascade_candidate_stagnation_epochs=12
cascade_max_out_epochs=150
cascade_min_out_epochs=50
cascade_max_cand_epochs=150
cascade_min_cand_epochs=50
cascade_num_candidate_groups=2
bit_fail_limit=3.49999994039535522461e-01
cascade_candidate_limit=1.00000000000000000000e+03
cascade_weight_multiplier=4.00000005960464477539e-01
cascade_activation_functions_count=10
cascade_activation_functions=3 5 7 8 10 11 14 15 16 17 
cascade_activation_steepnesses_count=4
cascade_activation_steepnesses=2.50000000000000000000e-01 5.00000000000000000000e-01 7.50000000000000000000e-01 1.00000000000000000000e+00 
layer_sizes=4 5 3 2 
scale_included=0
neurons (num_inputs, activation_function, activation_steepness)=(0, 0, 0.00000000000000000000e+00) (0, 0, 0.00000000000000000000e+00) (0, 0, 0.00000000000000000000e+00) (0, 0, 0.00000000000000000000e+00) (4, 3, 5.00000000000000000000e-01) (4, 3, 5.00000000000000000000e-01) (4, 3, 5.00000000000000000000e-01) (4, 3, 5.00000000000000000000e-01) (0, 3, 0.00000000000000000000e+00) (5, 3, 5.00000000000000000000e-01) (5, 3, 5.00000000000000000000e-01) (0, 3, 0.00000000000000000000e+00) (3, 3, 5.00000000000000000000e-01) (0, 3, 0.00000000000000000000e+00) 
connections (connected_to_neuron, weight)=(0, -7.92666015625000000000e+02) (1, -1.14769030761718750000e+03) (2, -3.35662322998046875000e+02) (3, -4.53864135742187500000e+01) (0, -1.74317226409912109375e+01) (1, 2.47308624267578125000e+02) (2, -1.32991912841796875000e+02) (3, -2.10807476043701171875e+01) (0, -1.50000000000000000000e+03) (1, -1.50000000000000000000e+03) (2, -1.50000000000000000000e+03) (3, 6.17803955078125000000e+01) (0, -7.92610473632812500000e+02) (1, -1.14754187011718750000e+03) (2, -3.35835968017578125000e+02) (3, -4.52908630371093750000e+01) (4, -4.55741455078125000000e+02) (5, -2.93748259544372558594e+00) (6, 3.15415054559707641602e-01) (7, -4.55674713134765625000e+02) (8, 1.21337163448333740234e+00) (4, -3.87711578369140625000e+02) (5, -2.97967600822448730469e+00) (6, 2.88803726434707641602e-01) (7, -3.87726409912109375000e+02) (8, 1.09623730182647705078e+00) (9, -1.64887261390686035156e+00) (10, -3.24900007247924804688e+00) (11, 1.77387440204620361328e+00) 
