FANN_FLO_2.1
num_layers=4
learning_rate=0.500000
connection_rate=1.000000
network_type=0
learning_momentum=0.000000
training_algorithm=2
train_error_function=1
train_stop_function=0
cascade_output_change_fraction=0.010000
quickprop_decay=-0.000100
quickprop_mu=1.750000
rprop_increase_factor=1.200000
rprop_decrease_factor=0.500000
rprop_delta_min=0.000000
rprop_delta_max=50.000000
rprop_delta_zero=0.100000
cascade_output_stagnation_epochs=12
cascade_candidate_change_fraction=0.010000
cascade_candidate_stagnation_epochs=12
cascade_max_out_epochs=150
cascade_min_out_epochs=50
cascade_max_cand_epochs=150
cascade_min_cand_epochs=50
cascade_num_candidate_groups=2
bit_fail_limit=3.49999994039535522461e-01
cascade_candidate_limit=1.00000000000000000000e+03
cascade_weight_multiplier=4.00000005960464477539e-01
cascade_activation_functions_count=10
cascade_activation_functions=3 5 7 8 10 11 14 15 16 17 
cascade_activation_steepnesses_count=4
cascade_activation_steepnesses=2.50000000000000000000e-01 5.00000000000000000000e-01 7.50000000000000000000e-01 1.00000000000000000000e+00 
layer_sizes=4 5 3 2 
scale_included=0
neurons (num_inputs, activation_function, activation_steepness)=(0, 0, 0.00000000000000000000e+00) (0, 0, 0.00000000000000000000e+00) (0, 0, 0.00000000000000000000e+00) (0, 0, 0.00000000000000000000e+00) (4, 3, 5.00000000000000000000e-01) (4, 3, 5.00000000000000000000e-01) (4, 3, 5.00000000000000000000e-01) (4, 3, 5.00000000000000000000e-01) (0, 3, 0.00000000000000000000e+00) (5, 3, 5.00000000000000000000e-01) (5, 3, 5.00000000000000000000e-01) (0, 3, 0.00000000000000000000e+00) (3, 3, 5.00000000000000000000e-01) (0, 3, 0.00000000000000000000e+00) 
connections (connected_to_neuron, weight)=(0, 2.09583497047424316406e+00) (1, -1.87317752838134765625e+01) (2, 1.48506603240966796875e+01) (3, 2.44228553771972656250e+00) (0, -4.42186546325683593750e+00) (1, -5.55238866806030273438e+00) (2, -1.63722187280654907227e-01) (3, 3.47049427032470703125e+00) (0, -3.15497528076171875000e+02) (1, -1.75173492431640625000e+01) (2, 2.28196929931640625000e+02) (3, 2.33776092529296875000e+00) (0, -1.30259326171875000000e+03) (1, -1.05878990173339843750e+02) (2, -2.15339080810546875000e+02) (3, -5.59223890304565429688e+00) (4, -7.27645826339721679688e+00) (5, 3.88743820190429687500e+01) (6, -3.96228575706481933594e+00) (7, -4.15165954589843750000e+02) (8, -9.12596881389617919922e-01) (4, -1.12450809478759765625e+01) (5, 6.40336761474609375000e+01) (6, -7.63124132156372070312e+00) (7, -8.86456359863281250000e+02) (8, -2.06101846694946289062e+00) (9, -1.25858378410339355469e+00) (10, -3.22836446762084960938e+00) (11, 2.25326895713806152344e+00) 
