FANN_FLO_2.1
num_layers=3
learning_rate=0.500000
connection_rate=1.000000
network_type=0
learning_momentum=0.000000
training_algorithm=2
train_error_function=1
train_stop_function=0
cascade_output_change_fraction=0.010000
quickprop_decay=-0.000100
quickprop_mu=1.750000
rprop_increase_factor=1.200000
rprop_decrease_factor=0.500000
rprop_delta_min=0.000000
rprop_delta_max=50.000000
rprop_delta_zero=0.100000
cascade_output_stagnation_epochs=12
cascade_candidate_change_fraction=0.010000
cascade_candidate_stagnation_epochs=12
cascade_max_out_epochs=150
cascade_min_out_epochs=50
cascade_max_cand_epochs=150
cascade_min_cand_epochs=50
cascade_num_candidate_groups=2
bit_fail_limit=3.49999994039535522461e-01
cascade_candidate_limit=1.00000000000000000000e+03
cascade_weight_multiplier=4.00000005960464477539e-01
cascade_activation_functions_count=10
cascade_activation_functions=3 5 7 8 10 11 14 15 16 17 
cascade_activation_steepnesses_count=4
cascade_activation_steepnesses=2.50000000000000000000e-01 5.00000000000000000000e-01 7.50000000000000000000e-01 1.00000000000000000000e+00 
layer_sizes=10 3 2 
scale_included=0
neurons (num_inputs, activation_function, activation_steepness)=(0, 0, 0.00000000000000000000e+00) (0, 0, 0.00000000000000000000e+00) (0, 0, 0.00000000000000000000e+00) (0, 0, 0.00000000000000000000e+00) (0, 0, 0.00000000000000000000e+00) (0, 0, 0.00000000000000000000e+00) (0, 0, 0.00000000000000000000e+00) (0, 0, 0.00000000000000000000e+00) (0, 0, 0.00000000000000000000e+00) (0, 0, 0.00000000000000000000e+00) (10, 3, 5.00000000000000000000e-01) (10, 3, 5.00000000000000000000e-01) (0, 3, 0.00000000000000000000e+00) (3, 3, 5.00000000000000000000e-01) (0, 3, 0.00000000000000000000e+00) 
connections (connected_to_neuron, weight)=(0, -7.80887961387634277344e-01) (1, 1.70757099986076354980e-01) (2, -6.98822557926177978516e-01) (3, -3.69823545217514038086e-01) (4, 4.97676491737365722656e-01) (5, -5.75201869010925292969e-01) (6, -7.60089457035064697266e-01) (7, -6.15378081798553466797e-01) (8, -8.19714486598968505859e-01) (9, 1.13958454132080078125e+00) (0, -9.54342186450958251953e-02) (1, -9.87454593181610107422e-01) (2, -2.02972859144210815430e-01) (3, -5.53250133991241455078e-01) (4, -1.16380989551544189453e+00) (5, -3.19065093994140625000e-01) (6, -1.06627754867076873779e-01) (7, -3.28609168529510498047e-01) (8, -1.08062304556369781494e-01) (9, 1.29325449466705322266e+00) (10, -2.23051810264587402344e+00) (11, -2.52482962608337402344e+00) (12, 1.56229019165039062500e+00) 
