FANN_FLO_2.1
num_layers=3
learning_rate=0.450000
connection_rate=1.000000
network_type=0
learning_momentum=0.000000
training_algorithm=2
train_error_function=1
train_stop_function=0
cascade_output_change_fraction=0.010000
quickprop_decay=-0.000100
quickprop_mu=1.750000
rprop_increase_factor=1.200000
rprop_decrease_factor=0.500000
rprop_delta_min=0.000000
rprop_delta_max=50.000000
rprop_delta_zero=0.100000
cascade_output_stagnation_epochs=12
cascade_candidate_change_fraction=0.010000
cascade_candidate_stagnation_epochs=12
cascade_max_out_epochs=150
cascade_min_out_epochs=50
cascade_max_cand_epochs=150
cascade_min_cand_epochs=50
cascade_num_candidate_groups=2
bit_fail_limit=3.49999994039535522461e-01
cascade_candidate_limit=1.00000000000000000000e+03
cascade_weight_multiplier=4.00000005960464477539e-01
cascade_activation_functions_count=10
cascade_activation_functions=3 5 7 8 10 11 14 15 16 17 
cascade_activation_steepnesses_count=4
cascade_activation_steepnesses=2.50000000000000000000e-01 5.00000000000000000000e-01 7.50000000000000000000e-01 1.00000000000000000000e+00 
layer_sizes=7 5 2 
scale_included=0
neurons (num_inputs, activation_function, activation_steepness)=(0, 0, 0.00000000000000000000e+00) (0, 0, 0.00000000000000000000e+00) (0, 0, 0.00000000000000000000e+00) (0, 0, 0.00000000000000000000e+00) (0, 0, 0.00000000000000000000e+00) (0, 0, 0.00000000000000000000e+00) (0, 0, 0.00000000000000000000e+00) (7, 3, 5.00000000000000000000e-01) (7, 3, 5.00000000000000000000e-01) (7, 3, 5.00000000000000000000e-01) (7, 3, 5.00000000000000000000e-01) (0, 3, 0.00000000000000000000e+00) (5, 0, 5.00000000000000000000e-01) (0, 0, 0.00000000000000000000e+00) 
connections (connected_to_neuron, weight)=(0, -2.58798956871032714844e-01) (1, -8.46113711595535278320e-02) (2, -3.52980285882949829102e-01) (3, -2.47850075364112854004e-01) (4, 3.24590764939785003662e-02) (5, 8.67007672786712646484e-01) (6, -2.44588926434516906738e-01) (0, -9.96572673320770263672e-02) (1, -6.19180858135223388672e-01) (2, 6.75164222717285156250e-01) (3, -1.97535991668701171875e-01) (4, -2.42436304688453674316e-01) (5, 4.40640002489089965820e-01) (6, -1.71696650981903076172e+00) (0, -2.29590129852294921875e+00) (1, -7.60381364822387695312e+00) (2, 8.77379512786865234375e+00) (3, -3.98468780517578125000e+00) (4, -3.95413088798522949219e+00) (5, 9.26974678039550781250e+00) (6, -8.65805530548095703125e+00) (0, -1.18857780471444129944e-02) (1, -2.07375347614288330078e-01) (2, 1.51988565921783447266e+00) (3, -1.99658289551734924316e-01) (4, -3.34327638149261474609e-01) (5, -7.27109730243682861328e-01) (6, -1.18429012596607208252e-01) (7, -3.59068997204303741455e-02) (8, 7.03333079814910888672e-01) (9, -9.18231606483459472656e-02) (10, -4.06470485031604766846e-02) (11, 1.71190910041332244873e-02) 
