FANN_FLO_2.1
num_layers=3
learning_rate=0.500000
connection_rate=1.000000
network_type=0
learning_momentum=0.000000
training_algorithm=2
train_error_function=1
train_stop_function=0
cascade_output_change_fraction=0.010000
quickprop_decay=-0.000100
quickprop_mu=1.750000
rprop_increase_factor=1.200000
rprop_decrease_factor=0.500000
rprop_delta_min=0.000000
rprop_delta_max=50.000000
rprop_delta_zero=0.100000
cascade_output_stagnation_epochs=12
cascade_candidate_change_fraction=0.010000
cascade_candidate_stagnation_epochs=12
cascade_max_out_epochs=150
cascade_min_out_epochs=50
cascade_max_cand_epochs=150
cascade_min_cand_epochs=50
cascade_num_candidate_groups=2
bit_fail_limit=3.49999994039535522461e-01
cascade_candidate_limit=1.00000000000000000000e+03
cascade_weight_multiplier=4.00000005960464477539e-01
cascade_activation_functions_count=10
cascade_activation_functions=3 5 7 8 10 11 14 15 16 17 
cascade_activation_steepnesses_count=4
cascade_activation_steepnesses=2.50000000000000000000e-01 5.00000000000000000000e-01 7.50000000000000000000e-01 1.00000000000000000000e+00 
layer_sizes=3 5 4 
scale_included=0
neurons (num_inputs, activation_function, activation_steepness)=(0, 0, 0.00000000000000000000e+00) (0, 0, 0.00000000000000000000e+00) (0, 0, 0.00000000000000000000e+00) (3, 3, 5.00000000000000000000e-01) (3, 3, 5.00000000000000000000e-01) (3, 3, 5.00000000000000000000e-01) (3, 3, 5.00000000000000000000e-01) (0, 3, 0.00000000000000000000e+00) (5, 0, 5.00000000000000000000e-01) (5, 0, 5.00000000000000000000e-01) (5, 0, 5.00000000000000000000e-01) (0, 0, 0.00000000000000000000e+00) 
connections (connected_to_neuron, weight)=(0, -2.97668051719665527344e+00) (1, 7.62549817562103271484e-01) (2, -2.26813718676567077637e-01) (0, -1.30149996280670166016e+00) (1, -1.52439999580383300781e+00) (2, 3.64970088005065917969e-01) (0, -1.28282890319824218750e+01) (1, 1.62073574066162109375e+01) (2, 9.37635517120361328125e+00) (0, -2.12083606719970703125e+01) (1, 1.39420213699340820312e+01) (2, 8.50955963134765625000e+00) (3, 3.96945548057556152344e+00) (4, 4.01991653442382812500e+00) (5, 1.04435992240905761719e+00) (6, 1.11217844486236572266e+00) (7, 8.17436993122100830078e-01) (3, 1.04108457565307617188e+01) (4, 1.22233705520629882812e+01) (5, 4.44226884841918945312e+00) (6, 3.66198873519897460938e+00) (7, 3.52638006210327148438e+00) (3, 3.07003269195556640625e+01) (4, 4.18860435485839843750e+01) (5, 1.51969242095947265625e+01) (6, 1.24792366027832031250e+01) (7, 1.60319042205810546875e+01) 
