FANN_FLO_2.1
num_layers=3
learning_rate=0.500000
connection_rate=1.000000
network_type=0
learning_momentum=0.000000
training_algorithm=2
train_error_function=1
train_stop_function=0
cascade_output_change_fraction=0.010000
quickprop_decay=-0.000100
quickprop_mu=1.750000
rprop_increase_factor=1.200000
rprop_decrease_factor=0.500000
rprop_delta_min=0.000000
rprop_delta_max=50.000000
rprop_delta_zero=0.100000
cascade_output_stagnation_epochs=12
cascade_candidate_change_fraction=0.010000
cascade_candidate_stagnation_epochs=12
cascade_max_out_epochs=150
cascade_min_out_epochs=50
cascade_max_cand_epochs=150
cascade_min_cand_epochs=50
cascade_num_candidate_groups=2
bit_fail_limit=3.49999994039535522461e-01
cascade_candidate_limit=1.00000000000000000000e+03
cascade_weight_multiplier=4.00000005960464477539e-01
cascade_activation_functions_count=10
cascade_activation_functions=3 5 7 8 10 11 14 15 16 17 
cascade_activation_steepnesses_count=4
cascade_activation_steepnesses=2.50000000000000000000e-01 5.00000000000000000000e-01 7.50000000000000000000e-01 1.00000000000000000000e+00 
layer_sizes=3 5 4 
scale_included=0
neurons (num_inputs, activation_function, activation_steepness)=(0, 0, 0.00000000000000000000e+00) (0, 0, 0.00000000000000000000e+00) (0, 0, 0.00000000000000000000e+00) (3, 3, 5.00000000000000000000e-01) (3, 3, 5.00000000000000000000e-01) (3, 3, 5.00000000000000000000e-01) (3, 3, 5.00000000000000000000e-01) (0, 3, 0.00000000000000000000e+00) (5, 0, 5.00000000000000000000e-01) (5, 0, 5.00000000000000000000e-01) (5, 0, 5.00000000000000000000e-01) (0, 0, 0.00000000000000000000e+00) 
connections (connected_to_neuron, weight)=(0, -1.25616992187500000000e+03) (1, -1.38563879394531250000e+03) (2, 6.90685331821441650391e-01) (0, -2.58495473861694335938e+00) (1, -8.64493787288665771484e-01) (2, 9.18262600898742675781e-01) (0, -4.48978328704833984375e+00) (1, 2.35594320297241210938e+00) (2, 1.42516887187957763672e+00) (0, -1.91390743255615234375e+01) (1, 1.40494623184204101562e+01) (2, 2.08948345184326171875e+01) (3, 1.87962257862091064453e+00) (4, 3.81223750114440917969e+00) (5, 2.58397078514099121094e+00) (6, 9.01003897190093994141e-01) (7, 9.97355103492736816406e-01) (3, 4.53177976608276367188e+00) (4, 1.08151187896728515625e+01) (5, 7.86323595046997070312e+00) (6, 4.22904205322265625000e+00) (7, 4.09358692169189453125e+00) (3, 1.21820487976074218750e+01) (4, 3.64215316772460937500e+01) (5, 2.23238334655761718750e+01) (6, 1.40978126525878906250e+01) (7, 1.92572994232177734375e+01) 
