FANN_FLO_2.1
num_layers=3
learning_rate=0.500000
connection_rate=1.000000
network_type=0
learning_momentum=0.000000
training_algorithm=2
train_error_function=1
train_stop_function=0
cascade_output_change_fraction=0.010000
quickprop_decay=-0.000100
quickprop_mu=1.750000
rprop_increase_factor=1.200000
rprop_decrease_factor=0.500000
rprop_delta_min=0.000000
rprop_delta_max=50.000000
rprop_delta_zero=0.100000
cascade_output_stagnation_epochs=12
cascade_candidate_change_fraction=0.010000
cascade_candidate_stagnation_epochs=12
cascade_max_out_epochs=150
cascade_min_out_epochs=50
cascade_max_cand_epochs=150
cascade_min_cand_epochs=50
cascade_num_candidate_groups=2
bit_fail_limit=3.49999994039535522461e-01
cascade_candidate_limit=1.00000000000000000000e+03
cascade_weight_multiplier=4.00000005960464477539e-01
cascade_activation_functions_count=10
cascade_activation_functions=3 5 7 8 10 11 14 15 16 17 
cascade_activation_steepnesses_count=4
cascade_activation_steepnesses=2.50000000000000000000e-01 5.00000000000000000000e-01 7.50000000000000000000e-01 1.00000000000000000000e+00 
layer_sizes=10 5 2 
scale_included=0
neurons (num_inputs, activation_function, activation_steepness)=(0, 0, 0.00000000000000000000e+00) (0, 0, 0.00000000000000000000e+00) (0, 0, 0.00000000000000000000e+00) (0, 0, 0.00000000000000000000e+00) (0, 0, 0.00000000000000000000e+00) (0, 0, 0.00000000000000000000e+00) (0, 0, 0.00000000000000000000e+00) (0, 0, 0.00000000000000000000e+00) (0, 0, 0.00000000000000000000e+00) (0, 0, 0.00000000000000000000e+00) (10, 3, 5.00000000000000000000e-01) (10, 3, 5.00000000000000000000e-01) (10, 3, 5.00000000000000000000e-01) (10, 3, 5.00000000000000000000e-01) (0, 3, 0.00000000000000000000e+00) (5, 3, 5.00000000000000000000e-01) (0, 3, 0.00000000000000000000e+00) 
connections (connected_to_neuron, weight)=(0, -2.86879062652587890625e-01) (1, -5.90334355831146240234e-01) (2, -5.03493882715702056885e-02) (3, -3.54538351297378540039e-01) (4, -2.63656497001647949219e-01) (5, -3.41553390026092529297e-01) (6, -3.57415139675140380859e-01) (7, -4.90150570869445800781e-01) (8, -3.55361342430114746094e-01) (9, 6.19559288024902343750e-01) (0, -4.32389944791793823242e-01) (1, -4.59196865558624267578e-01) (2, -1.62381589412689208984e-01) (3, -2.47859641909599304199e-01) (4, -3.19058120250701904297e-01) (5, -2.40320041775703430176e-01) (6, -3.57863873243331909180e-01) (7, -4.39675718545913696289e-01) (8, -4.87933605909347534180e-01) (9, 6.39868795871734619141e-01) (0, -3.73449295759201049805e-01) (1, -2.36673757433891296387e-01) (2, -4.24514949321746826172e-01) (3, -3.02825421094894409180e-01) (4, -4.68139916658401489258e-01) (5, -3.54447215795516967773e-01) (6, -4.22185003757476806641e-01) (7, -3.11793118715286254883e-01) (8, -3.17637711763381958008e-01) (9, 7.29789137840270996094e-01) (0, -3.83958190679550170898e-01) (1, -3.25339227914810180664e-01) (2, -5.32803356647491455078e-01) (3, -3.18141311407089233398e-01) (4, -2.83913135528564453125e-01) (5, -3.39256942272186279297e-01) (6, -3.26747477054595947266e-01) (7, -2.79890626668930053711e-01) (8, -2.87964195013046264648e-01) (9, 4.85802501440048217773e-01) (10, -1.10352933406829833984e+00) (11, -1.05366396903991699219e+00) (12, -2.14708185195922851562e+00) (13, -2.03208041191101074219e+00) (14, 1.79211282730102539062e+00) 
