FANN_FLO_2.1
num_layers=3
learning_rate=0.500000
connection_rate=1.000000
network_type=0
learning_momentum=0.000000
training_algorithm=2
train_error_function=1
train_stop_function=0
cascade_output_change_fraction=0.010000
quickprop_decay=-0.000100
quickprop_mu=1.750000
rprop_increase_factor=1.200000
rprop_decrease_factor=0.500000
rprop_delta_min=0.000000
rprop_delta_max=50.000000
rprop_delta_zero=0.100000
cascade_output_stagnation_epochs=12
cascade_candidate_change_fraction=0.010000
cascade_candidate_stagnation_epochs=12
cascade_max_out_epochs=150
cascade_min_out_epochs=50
cascade_max_cand_epochs=150
cascade_min_cand_epochs=50
cascade_num_candidate_groups=2
bit_fail_limit=3.49999994039535522461e-01
cascade_candidate_limit=1.00000000000000000000e+03
cascade_weight_multiplier=4.00000005960464477539e-01
cascade_activation_functions_count=10
cascade_activation_functions=3 5 7 8 10 11 14 15 16 17 
cascade_activation_steepnesses_count=4
cascade_activation_steepnesses=2.50000000000000000000e-01 5.00000000000000000000e-01 7.50000000000000000000e-01 1.00000000000000000000e+00 
layer_sizes=10 5 2 
scale_included=0
neurons (num_inputs, activation_function, activation_steepness)=(0, 0, 0.00000000000000000000e+00) (0, 0, 0.00000000000000000000e+00) (0, 0, 0.00000000000000000000e+00) (0, 0, 0.00000000000000000000e+00) (0, 0, 0.00000000000000000000e+00) (0, 0, 0.00000000000000000000e+00) (0, 0, 0.00000000000000000000e+00) (0, 0, 0.00000000000000000000e+00) (0, 0, 0.00000000000000000000e+00) (0, 0, 0.00000000000000000000e+00) (10, 3, 5.00000000000000000000e-01) (10, 3, 5.00000000000000000000e-01) (10, 3, 5.00000000000000000000e-01) (10, 3, 5.00000000000000000000e-01) (0, 3, 0.00000000000000000000e+00) (5, 3, 5.00000000000000000000e-01) (0, 3, 0.00000000000000000000e+00) 
connections (connected_to_neuron, weight)=(0, 4.35192823410034179688e-01) (1, 3.96399378776550292969e-01) (2, 3.29277783632278442383e-01) (3, 7.39578902721405029297e-01) (4, 5.02417027950286865234e-01) (5, 5.69441914558410644531e-01) (6, 4.00937378406524658203e-01) (7, 6.59071207046508789062e-01) (8, 5.79141795635223388672e-01) (9, -2.57741594314575195312e+00) (0, -3.04721981287002563477e-01) (1, -5.82827627658843994141e-01) (2, -3.61487388610839843750e-01) (3, -4.76997017860412597656e-01) (4, -1.46443918347358703613e-01) (5, -4.87522572278976440430e-01) (6, -4.85503166913986206055e-01) (7, -4.32182133197784423828e-01) (8, -2.02444314956665039062e-01) (9, 2.60723888874053955078e-01) (0, -3.66837590932846069336e-01) (1, -3.40546160936355590820e-01) (2, -4.66245949268341064453e-01) (3, -2.82440245151519775391e-01) (4, -4.25036638975143432617e-01) (5, -3.23449939489364624023e-01) (6, -4.15647238492965698242e-01) (7, -2.78522878885269165039e-01) (8, -3.36376160383224487305e-01) (9, 2.35866457223892211914e-01) (0, 6.52928233146667480469e-01) (1, 6.33459925651550292969e-01) (2, 4.14469003677368164062e-01) (3, 5.33144652843475341797e-01) (4, 5.23341655731201171875e-01) (5, 5.97477853298187255859e-01) (6, 4.30276423692703247070e-01) (7, 6.25381648540496826172e-01) (8, 6.65565431118011474609e-01) (9, -2.95991587638854980469e+00) (10, 8.06834161281585693359e-01) (11, -1.25504386425018310547e+00) (12, -2.98597741127014160156e+00) (13, 8.62398624420166015625e-01) (14, 1.44726142287254333496e-01) 
