FANN_FLO_2.1
num_layers=4
learning_rate=0.450000
connection_rate=1.000000
network_type=0
learning_momentum=0.000000
training_algorithm=2
train_error_function=1
train_stop_function=0
cascade_output_change_fraction=0.010000
quickprop_decay=-0.000100
quickprop_mu=1.750000
rprop_increase_factor=1.200000
rprop_decrease_factor=0.500000
rprop_delta_min=0.000000
rprop_delta_max=50.000000
rprop_delta_zero=0.100000
cascade_output_stagnation_epochs=12
cascade_candidate_change_fraction=0.010000
cascade_candidate_stagnation_epochs=12
cascade_max_out_epochs=150
cascade_min_out_epochs=50
cascade_max_cand_epochs=150
cascade_min_cand_epochs=50
cascade_num_candidate_groups=2
bit_fail_limit=3.49999994039535522461e-01
cascade_candidate_limit=1.00000000000000000000e+03
cascade_weight_multiplier=4.00000005960464477539e-01
cascade_activation_functions_count=10
cascade_activation_functions=3 5 7 8 10 11 14 15 16 17 
cascade_activation_steepnesses_count=4
cascade_activation_steepnesses=2.50000000000000000000e-01 5.00000000000000000000e-01 7.50000000000000000000e-01 1.00000000000000000000e+00 
layer_sizes=7 3 3 2 
scale_included=0
neurons (num_inputs, activation_function, activation_steepness)=(0, 0, 0.00000000000000000000e+00) (0, 0, 0.00000000000000000000e+00) (0, 0, 0.00000000000000000000e+00) (0, 0, 0.00000000000000000000e+00) (0, 0, 0.00000000000000000000e+00) (0, 0, 0.00000000000000000000e+00) (0, 0, 0.00000000000000000000e+00) (7, 3, 5.00000000000000000000e-01) (7, 3, 5.00000000000000000000e-01) (0, 3, 0.00000000000000000000e+00) (3, 3, 5.00000000000000000000e-01) (3, 3, 5.00000000000000000000e-01) (0, 3, 0.00000000000000000000e+00) (3, 0, 5.00000000000000000000e-01) (0, 0, 0.00000000000000000000e+00) 
connections (connected_to_neuron, weight)=(0, -7.92388767004013061523e-02) (1, -3.02558001130819320679e-02) (2, -4.19237375259399414062e-01) (3, 1.07337869703769683838e-01) (4, 3.09019058942794799805e-01) (5, 2.73938030004501342773e-02) (6, -7.38558620214462280273e-02) (0, 2.05341905355453491211e-01) (1, 8.65745469927787780762e-02) (2, -3.62220965325832366943e-02) (3, -8.54248628020286560059e-02) (4, 2.05295860767364501953e-01) (5, -3.08163434267044067383e-01) (6, -1.94039106369018554688e+00) (7, -9.21132278442382812500e+00) (8, -1.22692975997924804688e+01) (9, 2.31729030609130859375e+00) (7, -1.56105911731719970703e+00) (8, -6.56904935836791992188e-01) (9, 2.16823720932006835938e+00) (10, 4.53328561782836914062e+00) (11, -1.05699077248573303223e-01) (12, 7.23438933491706848145e-02) 
