FANN_FLO_2.1
num_layers=4
learning_rate=0.450000
connection_rate=1.000000
network_type=0
learning_momentum=0.000000
training_algorithm=2
train_error_function=1
train_stop_function=0
cascade_output_change_fraction=0.010000
quickprop_decay=-0.000100
quickprop_mu=1.750000
rprop_increase_factor=1.200000
rprop_decrease_factor=0.500000
rprop_delta_min=0.000000
rprop_delta_max=50.000000
rprop_delta_zero=0.100000
cascade_output_stagnation_epochs=12
cascade_candidate_change_fraction=0.010000
cascade_candidate_stagnation_epochs=12
cascade_max_out_epochs=150
cascade_min_out_epochs=50
cascade_max_cand_epochs=150
cascade_min_cand_epochs=50
cascade_num_candidate_groups=2
bit_fail_limit=3.49999994039535522461e-01
cascade_candidate_limit=1.00000000000000000000e+03
cascade_weight_multiplier=4.00000005960464477539e-01
cascade_activation_functions_count=10
cascade_activation_functions=3 5 7 8 10 11 14 15 16 17 
cascade_activation_steepnesses_count=4
cascade_activation_steepnesses=2.50000000000000000000e-01 5.00000000000000000000e-01 7.50000000000000000000e-01 1.00000000000000000000e+00 
layer_sizes=7 5 3 2 
scale_included=0
neurons (num_inputs, activation_function, activation_steepness)=(0, 0, 0.00000000000000000000e+00) (0, 0, 0.00000000000000000000e+00) (0, 0, 0.00000000000000000000e+00) (0, 0, 0.00000000000000000000e+00) (0, 0, 0.00000000000000000000e+00) (0, 0, 0.00000000000000000000e+00) (0, 0, 0.00000000000000000000e+00) (7, 3, 5.00000000000000000000e-01) (7, 3, 5.00000000000000000000e-01) (7, 3, 5.00000000000000000000e-01) (7, 3, 5.00000000000000000000e-01) (0, 3, 0.00000000000000000000e+00) (5, 3, 5.00000000000000000000e-01) (5, 3, 5.00000000000000000000e-01) (0, 3, 0.00000000000000000000e+00) (3, 0, 5.00000000000000000000e-01) (0, 0, 0.00000000000000000000e+00) 
connections (connected_to_neuron, weight)=(0, 6.73911094665527343750e-01) (1, 9.29237127304077148438e-01) (2, 4.31951045989990234375e-01) (3, 2.11027413606643676758e-01) (4, -4.64987039566040039062e-01) (5, -1.38167822360992431641e+00) (6, -1.41484987735748291016e+00) (0, -3.91148090362548828125e-01) (1, 1.11624866724014282227e-01) (2, -5.20944297313690185547e-01) (3, 4.17834579944610595703e-01) (4, -6.73098802566528320312e-01) (5, 8.87400925159454345703e-01) (6, 3.51492673158645629883e-01) (0, 1.50000000000000000000e+03) (1, -2.35539947509765625000e+02) (2, 1.50000000000000000000e+03) (3, 4.31062906980514526367e-01) (4, 1.49701599121093750000e+03) (5, 1.50000000000000000000e+03) (6, 2.81827497482299804688e+00) (0, 7.39357421875000000000e+02) (1, -3.75853637695312500000e+02) (2, 1.50000000000000000000e+03) (3, 3.56129533611238002777e-03) (4, 1.49940698242187500000e+03) (5, 1.50000000000000000000e+03) (6, 8.17800140380859375000e+00) (7, 1.50000000000000000000e+03) (8, 1.50000000000000000000e+03) (9, 4.47225284576416015625e+00) (10, 1.01871550083160400391e+00) (11, 1.14507257938385009766e-01) (7, -3.18578052520751953125e+00) (8, -3.05758571624755859375e+00) (9, 2.55025911331176757812e+00) (10, 2.67758727073669433594e+00) (11, -4.17838543653488159180e-01) (12, 1.45183056592941284180e-01) (13, -1.74768462777137756348e-01) (14, 1.01914517581462860107e-02) 
