FANN_FLO_2.1
num_layers=3
learning_rate=0.500000
connection_rate=1.000000
network_type=0
learning_momentum=0.000000
training_algorithm=2
train_error_function=1
train_stop_function=0
cascade_output_change_fraction=0.010000
quickprop_decay=-0.000100
quickprop_mu=1.750000
rprop_increase_factor=1.200000
rprop_decrease_factor=0.500000
rprop_delta_min=0.000000
rprop_delta_max=50.000000
rprop_delta_zero=0.100000
cascade_output_stagnation_epochs=12
cascade_candidate_change_fraction=0.010000
cascade_candidate_stagnation_epochs=12
cascade_max_out_epochs=150
cascade_min_out_epochs=50
cascade_max_cand_epochs=150
cascade_min_cand_epochs=50
cascade_num_candidate_groups=2
bit_fail_limit=3.49999994039535522461e-01
cascade_candidate_limit=1.00000000000000000000e+03
cascade_weight_multiplier=4.00000005960464477539e-01
cascade_activation_functions_count=10
cascade_activation_functions=3 5 7 8 10 11 14 15 16 17 
cascade_activation_steepnesses_count=4
cascade_activation_steepnesses=2.50000000000000000000e-01 5.00000000000000000000e-01 7.50000000000000000000e-01 1.00000000000000000000e+00 
layer_sizes=10 3 2 
scale_included=0
neurons (num_inputs, activation_function, activation_steepness)=(0, 0, 0.00000000000000000000e+00) (0, 0, 0.00000000000000000000e+00) (0, 0, 0.00000000000000000000e+00) (0, 0, 0.00000000000000000000e+00) (0, 0, 0.00000000000000000000e+00) (0, 0, 0.00000000000000000000e+00) (0, 0, 0.00000000000000000000e+00) (0, 0, 0.00000000000000000000e+00) (0, 0, 0.00000000000000000000e+00) (0, 0, 0.00000000000000000000e+00) (10, 3, 5.00000000000000000000e-01) (10, 3, 5.00000000000000000000e-01) (0, 3, 0.00000000000000000000e+00) (3, 3, 5.00000000000000000000e-01) (0, 3, 0.00000000000000000000e+00) 
connections (connected_to_neuron, weight)=(0, 5.28284132480621337891e-01) (1, 5.42768180370330810547e-01) (2, 1.00796556472778320312e+00) (3, 4.73799258470535278320e-01) (4, -1.88766509294509887695e-01) (5, 5.37494897842407226562e-01) (6, 5.22354066371917724609e-01) (7, 5.03811180591583251953e-01) (8, 5.59905469417572021484e-01) (9, -8.82320284843444824219e-01) (0, -5.04716396331787109375e-01) (1, -5.33699095249176025391e-01) (2, -3.28676193952560424805e-01) (3, -5.07394075393676757812e-01) (4, -7.48983442783355712891e-01) (5, -5.24669110774993896484e-01) (6, -5.46934306621551513672e-01) (7, -5.00183284282684326172e-01) (8, -5.18997669219970703125e-01) (9, 2.01262569427490234375e+00) (10, 1.34299540519714355469e+00) (11, -2.77257204055786132812e+00) (12, 9.14647579193115234375e-02) 
