FANN_FLO_2.1
num_layers=4
learning_rate=0.450000
connection_rate=1.000000
network_type=0
learning_momentum=0.000000
training_algorithm=2
train_error_function=1
train_stop_function=0
cascade_output_change_fraction=0.010000
quickprop_decay=-0.000100
quickprop_mu=1.750000
rprop_increase_factor=1.200000
rprop_decrease_factor=0.500000
rprop_delta_min=0.000000
rprop_delta_max=50.000000
rprop_delta_zero=0.100000
cascade_output_stagnation_epochs=12
cascade_candidate_change_fraction=0.010000
cascade_candidate_stagnation_epochs=12
cascade_max_out_epochs=150
cascade_min_out_epochs=50
cascade_max_cand_epochs=150
cascade_min_cand_epochs=50
cascade_num_candidate_groups=2
bit_fail_limit=3.49999994039535522461e-01
cascade_candidate_limit=1.00000000000000000000e+03
cascade_weight_multiplier=4.00000005960464477539e-01
cascade_activation_functions_count=10
cascade_activation_functions=3 5 7 8 10 11 14 15 16 17 
cascade_activation_steepnesses_count=4
cascade_activation_steepnesses=2.50000000000000000000e-01 5.00000000000000000000e-01 7.50000000000000000000e-01 1.00000000000000000000e+00 
layer_sizes=7 5 5 2 
scale_included=0
neurons (num_inputs, activation_function, activation_steepness)=(0, 0, 0.00000000000000000000e+00) (0, 0, 0.00000000000000000000e+00) (0, 0, 0.00000000000000000000e+00) (0, 0, 0.00000000000000000000e+00) (0, 0, 0.00000000000000000000e+00) (0, 0, 0.00000000000000000000e+00) (0, 0, 0.00000000000000000000e+00) (7, 3, 5.00000000000000000000e-01) (7, 3, 5.00000000000000000000e-01) (7, 3, 5.00000000000000000000e-01) (7, 3, 5.00000000000000000000e-01) (0, 3, 0.00000000000000000000e+00) (5, 3, 5.00000000000000000000e-01) (5, 3, 5.00000000000000000000e-01) (5, 3, 5.00000000000000000000e-01) (5, 3, 5.00000000000000000000e-01) (0, 3, 0.00000000000000000000e+00) (5, 0, 5.00000000000000000000e-01) (0, 0, 0.00000000000000000000e+00) 
connections (connected_to_neuron, weight)=(0, 3.75457823276519775391e-01) (1, 1.27072882652282714844e+00) (2, -1.94817578792572021484e+00) (3, 1.54003709554672241211e-01) (4, 7.55045533180236816406e-01) (5, -8.96210372447967529297e-01) (6, 3.92953419685363769531e+00) (0, 1.80923660278320312500e+02) (1, -1.46859545898437500000e+03) (2, -1.50000000000000000000e+03) (3, -5.66093200683593750000e+02) (4, -1.50000000000000000000e+03) (5, -1.50000000000000000000e+03) (6, 5.57005882263183593750e+00) (0, 1.49999011230468750000e+03) (1, -1.07740869140625000000e+03) (2, -1.50000000000000000000e+03) (3, 7.70437805175781250000e+02) (4, -1.50000000000000000000e+03) (5, -1.50000000000000000000e+03) (6, 2.94216799736022949219e+00) (0, 3.41653823852539062500e+00) (1, 1.50000000000000000000e+03) (2, 1.50000000000000000000e+03) (3, 2.96795520782470703125e+01) (4, 1.50000000000000000000e+03) (5, 1.50000000000000000000e+03) (6, 1.39528203010559082031e+00) (7, 5.15935791015625000000e+02) (8, 1.50000000000000000000e+03) (9, -1.50000000000000000000e+03) (10, 1.49999987792968750000e+03) (11, -6.12274408340454101562e+00) (7, -6.40742980957031250000e+02) (8, 1.50000000000000000000e+03) (9, 1.50000000000000000000e+03) (10, 6.55538024902343750000e+02) (11, -3.62107205390930175781e+00) (7, -1.16692100524902343750e+02) (8, 1.50000000000000000000e+03) (9, 1.50000000000000000000e+03) (10, 7.05538024902343750000e+02) (11, -5.80042488873004913330e-02) (7, 5.15967651367187500000e+02) (8, 1.50000000000000000000e+03) (9, -1.50000000000000000000e+03) (10, 1.49999987792968750000e+03) (11, -6.10163545608520507812e+00) (12, -5.09798553466796875000e+02) (13, 1.01958917236328125000e+03) (14, 7.88910686969757080078e-02) (15, -5.09800140380859375000e+02) (16, -4.73554693162441253662e-02) 
