FANN_FLO_2.1
num_layers=4
learning_rate=0.450000
connection_rate=1.000000
network_type=0
learning_momentum=0.000000
training_algorithm=2
train_error_function=1
train_stop_function=0
cascade_output_change_fraction=0.010000
quickprop_decay=-0.000100
quickprop_mu=1.750000
rprop_increase_factor=1.200000
rprop_decrease_factor=0.500000
rprop_delta_min=0.000000
rprop_delta_max=50.000000
rprop_delta_zero=0.100000
cascade_output_stagnation_epochs=12
cascade_candidate_change_fraction=0.010000
cascade_candidate_stagnation_epochs=12
cascade_max_out_epochs=150
cascade_min_out_epochs=50
cascade_max_cand_epochs=150
cascade_min_cand_epochs=50
cascade_num_candidate_groups=2
bit_fail_limit=3.49999994039535522461e-01
cascade_candidate_limit=1.00000000000000000000e+03
cascade_weight_multiplier=4.00000005960464477539e-01
cascade_activation_functions_count=10
cascade_activation_functions=3 5 7 8 10 11 14 15 16 17 
cascade_activation_steepnesses_count=4
cascade_activation_steepnesses=2.50000000000000000000e-01 5.00000000000000000000e-01 7.50000000000000000000e-01 1.00000000000000000000e+00 
layer_sizes=7 5 5 2 
scale_included=0
neurons (num_inputs, activation_function, activation_steepness)=(0, 0, 0.00000000000000000000e+00) (0, 0, 0.00000000000000000000e+00) (0, 0, 0.00000000000000000000e+00) (0, 0, 0.00000000000000000000e+00) (0, 0, 0.00000000000000000000e+00) (0, 0, 0.00000000000000000000e+00) (0, 0, 0.00000000000000000000e+00) (7, 3, 5.00000000000000000000e-01) (7, 3, 5.00000000000000000000e-01) (7, 3, 5.00000000000000000000e-01) (7, 3, 5.00000000000000000000e-01) (0, 3, 0.00000000000000000000e+00) (5, 3, 5.00000000000000000000e-01) (5, 3, 5.00000000000000000000e-01) (5, 3, 5.00000000000000000000e-01) (5, 3, 5.00000000000000000000e-01) (0, 3, 0.00000000000000000000e+00) (5, 0, 5.00000000000000000000e-01) (0, 0, 0.00000000000000000000e+00) 
connections (connected_to_neuron, weight)=(0, -1.99985382080078125000e+02) (1, -2.11569000244140625000e+02) (2, -1.50000000000000000000e+03) (3, -3.72726135253906250000e+01) (4, -7.33219575881958007812e+00) (5, -1.50000000000000000000e+03) (6, -9.90020370483398437500e+00) (0, 7.95441329479217529297e-01) (1, 5.69361567497253417969e-01) (2, -1.40406584739685058594e+00) (3, 3.10189247131347656250e-01) (4, 3.39334577322006225586e-01) (5, -7.22584545612335205078e-01) (6, 1.95251345634460449219e+00) (0, 7.74349749088287353516e-01) (1, 1.50000000000000000000e+03) (2, -1.29848937988281250000e+03) (3, 9.35208206176757812500e+01) (4, 1.23666857910156250000e+03) (5, -1.17894726562500000000e+03) (6, 1.56315755844116210938e+00) (0, 2.53650341182947158813e-02) (1, 3.95262777805328369141e-01) (2, -4.46867674589157104492e-01) (3, 3.39405536651611328125e-02) (4, 1.55845269560813903809e-01) (5, -1.91299483180046081543e-01) (6, 2.07679343223571777344e+00) (7, 2.04288744926452636719e+00) (8, -8.45560953021049499512e-02) (9, -2.02225163578987121582e-01) (10, -2.67172455787658691406e+00) (11, -1.56696081161499023438e-01) (7, 6.93680238723754882812e+00) (8, -1.55474931001663208008e-01) (9, 2.34379041939973831177e-02) (10, -3.57723021507263183594e+00) (11, -7.01593309640884399414e-02) (7, 1.39470505714416503906e+00) (8, 6.29668593406677246094e-01) (9, -8.99143338203430175781e-01) (10, -2.83881831169128417969e+00) (11, 8.26359272003173828125e-01) (7, -8.89892637729644775391e-01) (8, -1.81371521949768066406e+00) (9, -1.39320981502532958984e+00) (10, -8.27680975198745727539e-02) (11, -1.76970005035400390625e+00) (12, 3.66785198450088500977e-01) (13, 6.18702173233032226562e-01) (14, 9.35071706771850585938e-01) (15, -1.68456211090087890625e+01) (16, -8.74144211411476135254e-03) 
