FANN_FLO_2.1
num_layers=3
learning_rate=0.400000
connection_rate=1.000000
network_type=0
learning_momentum=0.000000
training_algorithm=2
train_error_function=1
train_stop_function=0
cascade_output_change_fraction=0.010000
quickprop_decay=-0.000100
quickprop_mu=1.750000
rprop_increase_factor=1.200000
rprop_decrease_factor=0.500000
rprop_delta_min=0.000000
rprop_delta_max=50.000000
rprop_delta_zero=0.100000
cascade_output_stagnation_epochs=12
cascade_candidate_change_fraction=0.010000
cascade_candidate_stagnation_epochs=12
cascade_max_out_epochs=150
cascade_min_out_epochs=50
cascade_max_cand_epochs=150
cascade_min_cand_epochs=50
cascade_num_candidate_groups=2
bit_fail_limit=3.49999994039535522461e-01
cascade_candidate_limit=1.00000000000000000000e+03
cascade_weight_multiplier=4.00000005960464477539e-01
cascade_activation_functions_count=10
cascade_activation_functions=3 5 7 8 10 11 14 15 16 17 
cascade_activation_steepnesses_count=4
cascade_activation_steepnesses=2.50000000000000000000e-01 5.00000000000000000000e-01 7.50000000000000000000e-01 1.00000000000000000000e+00 
layer_sizes=6 5 2 
scale_included=0
neurons (num_inputs, activation_function, activation_steepness)=(0, 0, 0.00000000000000000000e+00) (0, 0, 0.00000000000000000000e+00) (0, 0, 0.00000000000000000000e+00) (0, 0, 0.00000000000000000000e+00) (0, 0, 0.00000000000000000000e+00) (0, 0, 0.00000000000000000000e+00) (6, 3, 5.00000000000000000000e-01) (6, 3, 5.00000000000000000000e-01) (6, 3, 5.00000000000000000000e-01) (6, 3, 5.00000000000000000000e-01) (0, 3, 0.00000000000000000000e+00) (5, 0, 5.00000000000000000000e-01) (0, 0, 0.00000000000000000000e+00) 
connections (connected_to_neuron, weight)=(0, -1.50000000000000000000e+03) (1, -1.50000000000000000000e+03) (2, 4.16117858886718750000e+01) (3, -3.22773361206054687500e+01) (4, -1.04343688488006591797e+00) (5, 5.18855690956115722656e-01) (0, -1.50000000000000000000e+03) (1, -1.50000000000000000000e+03) (2, -2.34775066375732421875e+01) (3, 6.70522987842559814453e-01) (4, 3.17446041107177734375e+00) (5, 5.02577543258666992188e-01) (0, -1.50000000000000000000e+03) (1, -1.50000000000000000000e+03) (2, -7.42939575195312500000e+02) (3, -1.09189895629882812500e+02) (4, 3.88264822959899902344e+00) (5, 9.64467108249664306641e-01) (0, -1.50000000000000000000e+03) (1, -1.50000000000000000000e+03) (2, -6.04673576354980468750e+01) (3, -4.22055435180664062500e+00) (4, 3.71170544624328613281e+00) (5, 8.91955852508544921875e-01) (6, 1.48916244506835937500e+01) (7, 5.88268280029296875000e+01) (8, 5.01808319091796875000e+01) (9, 5.01639099121093750000e+01) (10, 7.96374261379241943359e-01) 
