FANN_FLO_2.1
num_layers=4
learning_rate=0.300000
connection_rate=1.000000
network_type=0
learning_momentum=0.000000
training_algorithm=2
train_error_function=1
train_stop_function=0
cascade_output_change_fraction=0.010000
quickprop_decay=-0.000100
quickprop_mu=1.750000
rprop_increase_factor=1.200000
rprop_decrease_factor=0.500000
rprop_delta_min=0.000000
rprop_delta_max=50.000000
rprop_delta_zero=0.100000
cascade_output_stagnation_epochs=12
cascade_candidate_change_fraction=0.010000
cascade_candidate_stagnation_epochs=12
cascade_max_out_epochs=150
cascade_min_out_epochs=50
cascade_max_cand_epochs=150
cascade_min_cand_epochs=50
cascade_num_candidate_groups=2
bit_fail_limit=3.49999994039535522461e-01
cascade_candidate_limit=1.00000000000000000000e+03
cascade_weight_multiplier=4.00000005960464477539e-01
cascade_activation_functions_count=10
cascade_activation_functions=3 5 7 8 10 11 14 15 16 17 
cascade_activation_steepnesses_count=4
cascade_activation_steepnesses=2.50000000000000000000e-01 5.00000000000000000000e-01 7.50000000000000000000e-01 1.00000000000000000000e+00 
layer_sizes=2 5 5 3 
scale_included=0
neurons (num_inputs, activation_function, activation_steepness)=(0, 0, 0.00000000000000000000e+00) (0, 0, 0.00000000000000000000e+00) (2, 3, 5.00000000000000000000e-01) (2, 3, 5.00000000000000000000e-01) (2, 3, 5.00000000000000000000e-01) (2, 3, 5.00000000000000000000e-01) (0, 3, 0.00000000000000000000e+00) (5, 3, 5.00000000000000000000e-01) (5, 3, 5.00000000000000000000e-01) (5, 3, 5.00000000000000000000e-01) (5, 3, 5.00000000000000000000e-01) (0, 3, 0.00000000000000000000e+00) (5, 0, 5.00000000000000000000e-01) (5, 0, 5.00000000000000000000e-01) (0, 0, 0.00000000000000000000e+00) 
connections (connected_to_neuron, weight)=(0, -7.64493608474731445312e+00) (1, -1.37894058227539062500e+00) (0, -9.37695407867431640625e+00) (1, -3.30919837951660156250e+00) (0, -8.00944805145263671875e+00) (1, -2.94780206680297851562e+00) (0, -8.71785354614257812500e+00) (1, -2.61076641082763671875e+00) (2, 3.67233186960220336914e-01) (3, 4.93826389312744140625e-01) (4, 9.59868907928466796875e-01) (5, 1.24396347999572753906e+00) (6, 7.88064837455749511719e-01) (2, 2.22224876284599304199e-01) (3, 2.02709603309631347656e+00) (4, 3.71846139430999755859e-01) (5, 7.69223749637603759766e-01) (6, -3.70360225439071655273e-01) (2, 2.52940475940704345703e-01) (3, 3.52584767341613769531e+00) (4, 2.73279160261154174805e-01) (5, 9.18202161788940429688e-01) (6, -1.27635979652404785156e+00) (2, 7.18851089477539062500e-01) (3, 1.28299272060394287109e+00) (4, 1.03637874126434326172e+00) (5, 1.14855110645294189453e+00) (6, -1.45823574066162109375e+00) (7, -9.03644114732742309570e-02) (8, 3.51741947233676910400e-02) (9, 1.60563722252845764160e-01) (10, 2.66998130828142166138e-02) (11, -2.00917199254035949707e-01) (7, -4.19487595558166503906e-01) (8, -4.70573246479034423828e-01) (9, -5.16421198844909667969e-01) (10, -5.73853194713592529297e-01) (11, -5.07260739803314208984e-01) 
