FANN_FLO_2.1
num_layers=3
learning_rate=0.500000
connection_rate=1.000000
network_type=0
learning_momentum=0.000000
training_algorithm=2
train_error_function=1
train_stop_function=0
cascade_output_change_fraction=0.010000
quickprop_decay=-0.000100
quickprop_mu=1.750000
rprop_increase_factor=1.200000
rprop_decrease_factor=0.500000
rprop_delta_min=0.000000
rprop_delta_max=50.000000
rprop_delta_zero=0.100000
cascade_output_stagnation_epochs=12
cascade_candidate_change_fraction=0.010000
cascade_candidate_stagnation_epochs=12
cascade_max_out_epochs=150
cascade_min_out_epochs=50
cascade_max_cand_epochs=150
cascade_min_cand_epochs=50
cascade_num_candidate_groups=2
bit_fail_limit=3.49999994039535522461e-01
cascade_candidate_limit=1.00000000000000000000e+03
cascade_weight_multiplier=4.00000005960464477539e-01
cascade_activation_functions_count=10
cascade_activation_functions=3 5 7 8 10 11 14 15 16 17 
cascade_activation_steepnesses_count=4
cascade_activation_steepnesses=2.50000000000000000000e-01 5.00000000000000000000e-01 7.50000000000000000000e-01 1.00000000000000000000e+00 
layer_sizes=3 9 4 
scale_included=0
neurons (num_inputs, activation_function, activation_steepness)=(0, 0, 0.00000000000000000000e+00) (0, 0, 0.00000000000000000000e+00) (0, 0, 0.00000000000000000000e+00) (3, 3, 5.00000000000000000000e-01) (3, 3, 5.00000000000000000000e-01) (3, 3, 5.00000000000000000000e-01) (3, 3, 5.00000000000000000000e-01) (3, 3, 5.00000000000000000000e-01) (3, 3, 5.00000000000000000000e-01) (3, 3, 5.00000000000000000000e-01) (3, 3, 5.00000000000000000000e-01) (0, 3, 0.00000000000000000000e+00) (9, 0, 5.00000000000000000000e-01) (9, 0, 5.00000000000000000000e-01) (9, 0, 5.00000000000000000000e-01) (0, 0, 0.00000000000000000000e+00) 
connections (connected_to_neuron, weight)=(0, -3.15835452079772949219e+00) (1, -1.44030094146728515625e+00) (2, 1.07820950448513031006e-01) (0, -6.39793586730957031250e+00) (1, 8.40485000610351562500e+00) (2, 1.92142629623413085938e+00) (0, -4.04846334457397460938e+00) (1, 9.63979065418243408203e-01) (2, -5.56673288345336914062e-01) (0, -1.28490030765533447266e+00) (1, -3.27567291259765625000e+00) (2, 4.29309129714965820312e-01) (0, -1.15902442932128906250e+01) (1, 7.72321844100952148438e+00) (2, -2.78454482555389404297e-01) (0, -8.78619253635406494141e-01) (1, -1.30309057235717773438e+00) (2, 9.20925021171569824219e-01) (0, -8.83835029602050781250e+00) (1, 7.51660871505737304688e+00) (2, 1.11702499389648437500e+01) (0, -7.48370456695556640625e+00) (1, 4.97372293472290039062e+00) (2, 4.19769096374511718750e+00) (3, 3.37703180313110351562e+00) (4, 1.29686200618743896484e+00) (5, 2.26047921180725097656e+00) (6, 3.45781230926513671875e+00) (7, 1.08497345447540283203e+00) (8, -1.70364236831665039062e+00) (9, 6.74096167087554931641e-01) (10, 3.88817429542541503906e-01) (11, 8.22640955448150634766e-01) (3, 5.83911943435668945312e+00) (4, 3.38400602340698242188e+00) (5, 5.91043806076049804688e+00) (6, 6.27536678314208984375e+00) (7, 2.87170338630676269531e+00) (8, 3.09719634056091308594e+00) (9, 2.87865018844604492188e+00) (10, 2.67761230468750000000e+00) (11, 2.59169411659240722656e+00) (3, 1.58389062881469726562e+01) (4, 8.81963539123535156250e+00) (5, 1.92396259307861328125e+01) (6, 1.80488204956054687500e+01) (7, 8.71797847747802734375e+00) (8, 1.58306770324707031250e+01) (9, 1.20667018890380859375e+01) (10, 8.66658401489257812500e+00) (11, 1.20182867050170898438e+01) 
