FANN_FLO_2.1
num_layers=3
learning_rate=0.500000
connection_rate=1.000000
network_type=0
learning_momentum=0.000000
training_algorithm=2
train_error_function=1
train_stop_function=0
cascade_output_change_fraction=0.010000
quickprop_decay=-0.000100
quickprop_mu=1.750000
rprop_increase_factor=1.200000
rprop_decrease_factor=0.500000
rprop_delta_min=0.000000
rprop_delta_max=50.000000
rprop_delta_zero=0.100000
cascade_output_stagnation_epochs=12
cascade_candidate_change_fraction=0.010000
cascade_candidate_stagnation_epochs=12
cascade_max_out_epochs=150
cascade_min_out_epochs=50
cascade_max_cand_epochs=150
cascade_min_cand_epochs=50
cascade_num_candidate_groups=2
bit_fail_limit=3.49999994039535522461e-01
cascade_candidate_limit=1.00000000000000000000e+03
cascade_weight_multiplier=4.00000005960464477539e-01
cascade_activation_functions_count=10
cascade_activation_functions=3 5 7 8 10 11 14 15 16 17 
cascade_activation_steepnesses_count=4
cascade_activation_steepnesses=2.50000000000000000000e-01 5.00000000000000000000e-01 7.50000000000000000000e-01 1.00000000000000000000e+00 
layer_sizes=10 3 2 
scale_included=0
neurons (num_inputs, activation_function, activation_steepness)=(0, 0, 0.00000000000000000000e+00) (0, 0, 0.00000000000000000000e+00) (0, 0, 0.00000000000000000000e+00) (0, 0, 0.00000000000000000000e+00) (0, 0, 0.00000000000000000000e+00) (0, 0, 0.00000000000000000000e+00) (0, 0, 0.00000000000000000000e+00) (0, 0, 0.00000000000000000000e+00) (0, 0, 0.00000000000000000000e+00) (0, 0, 0.00000000000000000000e+00) (10, 3, 5.00000000000000000000e-01) (10, 3, 5.00000000000000000000e-01) (0, 3, 0.00000000000000000000e+00) (3, 3, 5.00000000000000000000e-01) (0, 3, 0.00000000000000000000e+00) 
connections (connected_to_neuron, weight)=(0, -6.34791374206542968750e-01) (1, -4.71949726343154907227e-01) (2, -1.33077144622802734375e+00) (3, -9.28606510162353515625e-01) (4, -3.21495413780212402344e-01) (5, -2.13461086153984069824e-01) (6, -8.60449373722076416016e-01) (7, -3.44563245773315429688e-01) (8, -6.07608735561370849609e-01) (9, 1.06527304649353027344e+00) (0, -6.04780018329620361328e-01) (1, -7.74300754070281982422e-01) (2, -3.86666089296340942383e-01) (3, -6.15577220916748046875e-01) (4, -6.57917320728302001953e-01) (5, -8.53083133697509765625e-01) (6, -5.47167539596557617188e-01) (7, -7.83303081989288330078e-01) (8, -6.83572828769683837891e-01) (9, 2.73240756988525390625e+00) (10, -1.33513391017913818359e+00) (11, -2.25013804435729980469e+00) (12, 1.20617949962615966797e+00) 
