FANN_FLO_2.1
num_layers=3
learning_rate=0.450000
connection_rate=1.000000
network_type=0
learning_momentum=0.000000
training_algorithm=2
train_error_function=1
train_stop_function=0
cascade_output_change_fraction=0.010000
quickprop_decay=-0.000100
quickprop_mu=1.750000
rprop_increase_factor=1.200000
rprop_decrease_factor=0.500000
rprop_delta_min=0.000000
rprop_delta_max=50.000000
rprop_delta_zero=0.100000
cascade_output_stagnation_epochs=12
cascade_candidate_change_fraction=0.010000
cascade_candidate_stagnation_epochs=12
cascade_max_out_epochs=150
cascade_min_out_epochs=50
cascade_max_cand_epochs=150
cascade_min_cand_epochs=50
cascade_num_candidate_groups=2
bit_fail_limit=3.49999994039535522461e-01
cascade_candidate_limit=1.00000000000000000000e+03
cascade_weight_multiplier=4.00000005960464477539e-01
cascade_activation_functions_count=10
cascade_activation_functions=3 5 7 8 10 11 14 15 16 17 
cascade_activation_steepnesses_count=4
cascade_activation_steepnesses=2.50000000000000000000e-01 5.00000000000000000000e-01 7.50000000000000000000e-01 1.00000000000000000000e+00 
layer_sizes=7 5 2 
scale_included=0
neurons (num_inputs, activation_function, activation_steepness)=(0, 0, 0.00000000000000000000e+00) (0, 0, 0.00000000000000000000e+00) (0, 0, 0.00000000000000000000e+00) (0, 0, 0.00000000000000000000e+00) (0, 0, 0.00000000000000000000e+00) (0, 0, 0.00000000000000000000e+00) (0, 0, 0.00000000000000000000e+00) (7, 3, 5.00000000000000000000e-01) (7, 3, 5.00000000000000000000e-01) (7, 3, 5.00000000000000000000e-01) (7, 3, 5.00000000000000000000e-01) (0, 3, 0.00000000000000000000e+00) (5, 0, 5.00000000000000000000e-01) (0, 0, 0.00000000000000000000e+00) 
connections (connected_to_neuron, weight)=(0, -6.95893704891204833984e-01) (1, 1.53005331754684448242e-01) (2, -8.77141416072845458984e-01) (3, -7.09659278392791748047e-01) (4, -5.69900274276733398438e-01) (5, -2.42813014984130859375e+00) (6, -6.62979185581207275391e-01) (0, 2.99472004175186157227e-01) (1, -9.08411741256713867188e-02) (2, -8.27969372272491455078e-01) (3, -9.09600555896759033203e-02) (4, 3.87785613536834716797e-01) (5, -9.45985198020935058594e-01) (6, 1.81764221191406250000e+01) (0, -4.49261605739593505859e-01) (1, 2.91587424278259277344e+00) (2, -8.78869354724884033203e-01) (3, -2.09256365895271301270e-01) (4, -1.51240701675415039062e+01) (5, -5.02805769443511962891e-01) (6, -3.54698508977890014648e-01) (0, -3.61037075519561767578e-01) (1, 3.11111271381378173828e-01) (2, -2.00640529394149780273e-01) (3, 3.79039645195007324219e-01) (4, -8.76456439495086669922e-01) (5, 2.11089715361595153809e-01) (6, -1.95117902755737304688e+00) (7, 2.68767118453979492188e+00) (8, -2.31930110603570938110e-02) (9, -2.56525397300720214844e-01) (10, 2.15292382240295410156e+00) (11, 1.42237460240721702576e-02) 
