FANN_FLO_2.1
num_layers=4
learning_rate=0.500000
connection_rate=1.000000
network_type=0
learning_momentum=0.000000
training_algorithm=2
train_error_function=1
train_stop_function=0
cascade_output_change_fraction=0.010000
quickprop_decay=-0.000100
quickprop_mu=1.750000
rprop_increase_factor=1.200000
rprop_decrease_factor=0.500000
rprop_delta_min=0.000000
rprop_delta_max=50.000000
rprop_delta_zero=0.100000
cascade_output_stagnation_epochs=12
cascade_candidate_change_fraction=0.010000
cascade_candidate_stagnation_epochs=12
cascade_max_out_epochs=150
cascade_min_out_epochs=50
cascade_max_cand_epochs=150
cascade_min_cand_epochs=50
cascade_num_candidate_groups=2
bit_fail_limit=3.49999994039535522461e-01
cascade_candidate_limit=1.00000000000000000000e+03
cascade_weight_multiplier=4.00000005960464477539e-01
cascade_activation_functions_count=10
cascade_activation_functions=3 5 7 8 10 11 14 15 16 17 
cascade_activation_steepnesses_count=4
cascade_activation_steepnesses=2.50000000000000000000e-01 5.00000000000000000000e-01 7.50000000000000000000e-01 1.00000000000000000000e+00 
layer_sizes=4 5 5 2 
scale_included=0
neurons (num_inputs, activation_function, activation_steepness)=(0, 0, 0.00000000000000000000e+00) (0, 0, 0.00000000000000000000e+00) (0, 0, 0.00000000000000000000e+00) (0, 0, 0.00000000000000000000e+00) (4, 3, 5.00000000000000000000e-01) (4, 3, 5.00000000000000000000e-01) (4, 3, 5.00000000000000000000e-01) (4, 3, 5.00000000000000000000e-01) (0, 3, 0.00000000000000000000e+00) (5, 3, 5.00000000000000000000e-01) (5, 3, 5.00000000000000000000e-01) (5, 3, 5.00000000000000000000e-01) (5, 3, 5.00000000000000000000e-01) (0, 3, 0.00000000000000000000e+00) (5, 3, 5.00000000000000000000e-01) (0, 3, 0.00000000000000000000e+00) 
connections (connected_to_neuron, weight)=(0, -9.07390258789062500000e+02) (1, -9.31732177734375000000e+00) (2, -1.16057470703125000000e+03) (3, 1.32783126831054687500e+00) (0, -4.27776718139648437500e+00) (1, -6.14940452575683593750e+00) (2, -3.13872337341308593750e-01) (3, 2.69673180580139160156e+00) (0, -6.89689941406250000000e+02) (1, -2.61625946044921875000e+02) (2, 1.50000000000000000000e+03) (3, 1.04261600971221923828e+00) (0, 1.79376387596130371094e+00) (1, -1.50000000000000000000e+03) (2, 1.50000000000000000000e+03) (3, -2.18719005584716796875e+00) (4, 3.40192077636718750000e+02) (5, 1.78995056152343750000e+01) (6, 2.13733501434326171875e+01) (7, 1.94344067573547363281e+00) (8, -8.84947478771209716797e-01) (4, -3.63079948425292968750e+01) (5, 3.58261985778808593750e+01) (6, 1.01600480079650878906e+00) (7, -7.32098400592803955078e-01) (8, -2.66764855384826660156e+00) (4, 1.11952865600585937500e+02) (5, 1.05056009292602539062e+01) (6, 2.61267089843750000000e+01) (7, 3.43287429809570312500e+01) (8, 1.35191127657890319824e-01) (4, 2.87654479980468750000e+02) (5, 1.26040477752685546875e+01) (6, 8.92748641967773437500e+00) (7, 8.91819396972656250000e+02) (8, 2.60087214410305023193e-02) (9, -5.03100454807281494141e-01) (10, -5.58300113677978515625e+00) (11, 1.21716427803039550781e+00) (12, 1.25546514987945556641e+00) (13, 1.29696440696716308594e+00) 
