FANN_FLO_2.1
num_layers=4
learning_rate=0.450000
connection_rate=1.000000
network_type=0
learning_momentum=0.000000
training_algorithm=2
train_error_function=1
train_stop_function=0
cascade_output_change_fraction=0.010000
quickprop_decay=-0.000100
quickprop_mu=1.750000
rprop_increase_factor=1.200000
rprop_decrease_factor=0.500000
rprop_delta_min=0.000000
rprop_delta_max=50.000000
rprop_delta_zero=0.100000
cascade_output_stagnation_epochs=12
cascade_candidate_change_fraction=0.010000
cascade_candidate_stagnation_epochs=12
cascade_max_out_epochs=150
cascade_min_out_epochs=50
cascade_max_cand_epochs=150
cascade_min_cand_epochs=50
cascade_num_candidate_groups=2
bit_fail_limit=3.49999994039535522461e-01
cascade_candidate_limit=1.00000000000000000000e+03
cascade_weight_multiplier=4.00000005960464477539e-01
cascade_activation_functions_count=10
cascade_activation_functions=3 5 7 8 10 11 14 15 16 17 
cascade_activation_steepnesses_count=4
cascade_activation_steepnesses=2.50000000000000000000e-01 5.00000000000000000000e-01 7.50000000000000000000e-01 1.00000000000000000000e+00 
layer_sizes=7 5 5 2 
scale_included=0
neurons (num_inputs, activation_function, activation_steepness)=(0, 0, 0.00000000000000000000e+00) (0, 0, 0.00000000000000000000e+00) (0, 0, 0.00000000000000000000e+00) (0, 0, 0.00000000000000000000e+00) (0, 0, 0.00000000000000000000e+00) (0, 0, 0.00000000000000000000e+00) (0, 0, 0.00000000000000000000e+00) (7, 3, 5.00000000000000000000e-01) (7, 3, 5.00000000000000000000e-01) (7, 3, 5.00000000000000000000e-01) (7, 3, 5.00000000000000000000e-01) (0, 3, 0.00000000000000000000e+00) (5, 3, 5.00000000000000000000e-01) (5, 3, 5.00000000000000000000e-01) (5, 3, 5.00000000000000000000e-01) (5, 3, 5.00000000000000000000e-01) (0, 3, 0.00000000000000000000e+00) (5, 0, 5.00000000000000000000e-01) (0, 0, 0.00000000000000000000e+00) 
connections (connected_to_neuron, weight)=(0, 5.24867713451385498047e-01) (1, -1.17888653278350830078e+00) (2, 2.53284096717834472656e-01) (3, 7.13664233684539794922e-01) (4, -1.33152163028717041016e+00) (5, 5.17599403858184814453e-01) (6, -7.80884122848510742188e+00) (0, 1.57583403587341308594e+00) (1, 4.02572235107421875000e+02) (2, 1.34571014404296875000e+02) (3, 3.27966308593750000000e+01) (4, 1.65960216522216796875e+01) (5, -3.99176574707031250000e+02) (6, 6.91954803466796875000e+01) (0, -1.49547741699218750000e+03) (1, -1.21305969238281250000e+03) (2, -1.50000000000000000000e+03) (3, 4.26885948181152343750e+01) (4, 1.50000000000000000000e+03) (5, -1.46255993652343750000e+03) (6, -6.29768798828125000000e+02) (0, 7.53207336425781250000e+02) (1, 1.32033935546875000000e+03) (2, 1.49049597167968750000e+03) (3, 1.79860870361328125000e+02) (4, 1.41384729003906250000e+03) (5, 1.49049597167968750000e+03) (6, 5.78740358352661132812e+00) (7, -4.39253082275390625000e+01) (8, 6.51162958145141601562e+00) (9, 4.00000000000000000000e+02) (10, 4.89690351486206054688e+00) (11, 9.04638171195983886719e-01) (7, 1.10216217041015625000e+01) (8, 4.78189706802368164062e-01) (9, 1.50000000000000000000e+03) (10, -2.77056837081909179688e+00) (11, 1.15066654980182647705e-02) (7, -7.86413860321044921875e+00) (8, 5.09876251220703125000e+00) (9, 4.75000000000000000000e+02) (10, -2.33883738517761230469e+00) (11, -1.88563418388366699219e+00) (7, 2.50894412994384765625e+01) (8, -3.08391904830932617188e+00) (9, 4.00000000000000000000e+02) (10, -7.22496557235717773438e+00) (11, -7.27315843105316162109e-01) (12, -4.59483377635478973389e-02) (13, 8.40035140514373779297e-01) (14, 3.57147608883678913116e-03) (15, -7.89079725742340087891e-01) (16, -2.74816229939460754395e-02) 
