FANN_FLO_2.1
num_layers=3
learning_rate=0.500000
connection_rate=1.000000
network_type=0
learning_momentum=0.000000
training_algorithm=2
train_error_function=1
train_stop_function=0
cascade_output_change_fraction=0.010000
quickprop_decay=-0.000100
quickprop_mu=1.750000
rprop_increase_factor=1.200000
rprop_decrease_factor=0.500000
rprop_delta_min=0.000000
rprop_delta_max=50.000000
rprop_delta_zero=0.100000
cascade_output_stagnation_epochs=12
cascade_candidate_change_fraction=0.010000
cascade_candidate_stagnation_epochs=12
cascade_max_out_epochs=150
cascade_min_out_epochs=50
cascade_max_cand_epochs=150
cascade_min_cand_epochs=50
cascade_num_candidate_groups=2
bit_fail_limit=3.49999994039535522461e-01
cascade_candidate_limit=1.00000000000000000000e+03
cascade_weight_multiplier=4.00000005960464477539e-01
cascade_activation_functions_count=10
cascade_activation_functions=3 5 7 8 10 11 14 15 16 17 
cascade_activation_steepnesses_count=4
cascade_activation_steepnesses=2.50000000000000000000e-01 5.00000000000000000000e-01 7.50000000000000000000e-01 1.00000000000000000000e+00 
layer_sizes=10 5 2 
scale_included=0
neurons (num_inputs, activation_function, activation_steepness)=(0, 0, 0.00000000000000000000e+00) (0, 0, 0.00000000000000000000e+00) (0, 0, 0.00000000000000000000e+00) (0, 0, 0.00000000000000000000e+00) (0, 0, 0.00000000000000000000e+00) (0, 0, 0.00000000000000000000e+00) (0, 0, 0.00000000000000000000e+00) (0, 0, 0.00000000000000000000e+00) (0, 0, 0.00000000000000000000e+00) (0, 0, 0.00000000000000000000e+00) (10, 3, 5.00000000000000000000e-01) (10, 3, 5.00000000000000000000e-01) (10, 3, 5.00000000000000000000e-01) (10, 3, 5.00000000000000000000e-01) (0, 3, 0.00000000000000000000e+00) (5, 3, 5.00000000000000000000e-01) (0, 3, 0.00000000000000000000e+00) 
connections (connected_to_neuron, weight)=(0, -1.27190423011779785156e+00) (1, -2.59377002716064453125e-01) (2, -2.93706983327865600586e-01) (3, -5.21180391311645507812e-01) (4, -3.59772145748138427734e-01) (5, -1.02552264928817749023e-01) (6, -1.45258116722106933594e+00) (7, -1.09905987977981567383e-01) (8, 1.04464852809906005859e+00) (9, 3.97908121347427368164e-01) (0, -5.66798686981201171875e-01) (1, -2.65877634286880493164e-01) (2, -5.10726094245910644531e-01) (3, -4.20683622360229492188e-01) (4, -1.14708721637725830078e+00) (5, -5.70136785507202148438e-01) (6, -5.13561546802520751953e-01) (7, 1.21989893913269042969e+00) (8, -9.43882688879966735840e-02) (9, 5.17880976200103759766e-01) (0, -1.95767357945442199707e-01) (1, -6.49989604949951171875e-01) (2, -1.45218372344970703125e-01) (3, -2.53281235694885253906e-01) (4, -2.16760665178298950195e-01) (5, -3.92647445201873779297e-01) (6, -7.55011379718780517578e-01) (7, -4.76468175649642944336e-01) (8, -3.50288987159729003906e-01) (9, 6.90833568572998046875e-01) (0, -4.74122285842895507812e-01) (1, -1.98165178298950195312e-01) (2, -5.89170932769775390625e-01) (3, -4.59545284509658813477e-01) (4, -4.69153255224227905273e-01) (5, -3.71433794498443603516e-01) (6, -2.25272178649902343750e-02) (7, -4.44510489702224731445e-01) (8, -5.18144905567169189453e-01) (9, 1.14815402030944824219e+00) (10, -2.08127379417419433594e-01) (11, -1.93366989493370056152e-01) (12, -2.44262933731079101562e+00) (13, -2.68351244926452636719e+00) (14, 1.69475746154785156250e+00) 
