FANN_FLO_2.1
num_layers=3
learning_rate=0.500000
connection_rate=1.000000
network_type=0
learning_momentum=0.000000
training_algorithm=2
train_error_function=1
train_stop_function=0
cascade_output_change_fraction=0.010000
quickprop_decay=-0.000100
quickprop_mu=1.750000
rprop_increase_factor=1.200000
rprop_decrease_factor=0.500000
rprop_delta_min=0.000000
rprop_delta_max=50.000000
rprop_delta_zero=0.100000
cascade_output_stagnation_epochs=12
cascade_candidate_change_fraction=0.010000
cascade_candidate_stagnation_epochs=12
cascade_max_out_epochs=150
cascade_min_out_epochs=50
cascade_max_cand_epochs=150
cascade_min_cand_epochs=50
cascade_num_candidate_groups=2
bit_fail_limit=3.49999994039535522461e-01
cascade_candidate_limit=1.00000000000000000000e+03
cascade_weight_multiplier=4.00000005960464477539e-01
cascade_activation_functions_count=10
cascade_activation_functions=3 5 7 8 10 11 14 15 16 17 
cascade_activation_steepnesses_count=4
cascade_activation_steepnesses=2.50000000000000000000e-01 5.00000000000000000000e-01 7.50000000000000000000e-01 1.00000000000000000000e+00 
layer_sizes=7 9 2 
scale_included=0
neurons (num_inputs, activation_function, activation_steepness)=(0, 0, 0.00000000000000000000e+00) (0, 0, 0.00000000000000000000e+00) (0, 0, 0.00000000000000000000e+00) (0, 0, 0.00000000000000000000e+00) (0, 0, 0.00000000000000000000e+00) (0, 0, 0.00000000000000000000e+00) (0, 0, 0.00000000000000000000e+00) (7, 3, 5.00000000000000000000e-01) (7, 3, 5.00000000000000000000e-01) (7, 3, 5.00000000000000000000e-01) (7, 3, 5.00000000000000000000e-01) (7, 3, 5.00000000000000000000e-01) (7, 3, 5.00000000000000000000e-01) (7, 3, 5.00000000000000000000e-01) (7, 3, 5.00000000000000000000e-01) (0, 3, 0.00000000000000000000e+00) (9, 0, 5.00000000000000000000e-01) (0, 0, 0.00000000000000000000e+00) 
connections (connected_to_neuron, weight)=(0, 1.43533277511596679688e+00) (1, 9.33860093355178833008e-02) (2, -1.05129981040954589844e+00) (3, -1.39949524402618408203e+00) (4, 1.09395539760589599609e+00) (5, -2.44056630134582519531e+00) (6, 1.26168519258499145508e-01) (0, 1.20261752605438232422e+00) (1, 5.70188581943511962891e-01) (2, 4.74594665527343750000e+02) (3, 6.44450008869171142578e-01) (4, 1.95308193564414978027e-01) (5, -4.48854904174804687500e+01) (6, -8.32045853137969970703e-01) (0, -1.42897772789001464844e+00) (1, 8.49730777740478515625e+00) (2, -4.11970233917236328125e+00) (3, -1.59491205215454101562e+00) (4, 5.49213647842407226562e+00) (5, -3.42065310478210449219e+00) (6, -4.11792248487472534180e-02) (0, -2.80366729736328125000e+02) (1, -2.27135086059570312500e+00) (2, -1.04758514404296875000e+02) (3, -8.65235149860382080078e-01) (4, -1.28574526309967041016e+00) (5, 2.22057209014892578125e+01) (6, -8.37694585323333740234e-01) (0, -4.74530578613281250000e+02) (1, -3.10222291946411132812e+00) (2, 8.70411682128906250000e+01) (3, -3.31581205129623413086e-01) (4, -1.21530294418334960938e+00) (5, 3.39176635742187500000e+01) (6, -6.27494752407073974609e-01) (0, -1.66505294799804687500e+02) (1, -1.04892158508300781250e+00) (2, 1.66600341796875000000e+02) (3, -5.72433710098266601562e-01) (4, -6.60662591457366943359e-01) (5, 8.60420894622802734375e+00) (6, -6.83720111846923828125e-01) (0, 3.12375807762145996094e+00) (1, 6.55654239654541015625e+00) (2, -2.10419826507568359375e+01) (3, -1.30920374393463134766e+00) (4, 3.26538252830505371094e+00) (5, -1.09689817428588867188e+01) (6, -3.12742650508880615234e-01) (0, -1.49316951632499694824e-01) (1, -7.36395299434661865234e-01) (2, 8.10923755168914794922e-01) (3, -2.44555659592151641846e-02) (4, -5.47633647918701171875e-01) (5, 6.10311806201934814453e-01) (6, -2.35250759124755859375e+00) (7, -2.43769641965627670288e-02) (8, -1.12419556826353073120e-02) (9, -4.59037758409976959229e-02) (10, 5.95062255859375000000e+02) (11, -5.95096069335937500000e+02) (12, 2.45745137333869934082e-01) (13, 2.90809720754623413086e-02) (14, 3.10015767812728881836e-01) (15, 6.46081566810607910156e-02) 
