FANN_FLO_2.1
num_layers=4
learning_rate=0.300000
connection_rate=1.000000
network_type=0
learning_momentum=0.000000
training_algorithm=2
train_error_function=1
train_stop_function=0
cascade_output_change_fraction=0.010000
quickprop_decay=-0.000100
quickprop_mu=1.750000
rprop_increase_factor=1.200000
rprop_decrease_factor=0.500000
rprop_delta_min=0.000000
rprop_delta_max=50.000000
rprop_delta_zero=0.100000
cascade_output_stagnation_epochs=12
cascade_candidate_change_fraction=0.010000
cascade_candidate_stagnation_epochs=12
cascade_max_out_epochs=150
cascade_min_out_epochs=50
cascade_max_cand_epochs=150
cascade_min_cand_epochs=50
cascade_num_candidate_groups=2
bit_fail_limit=3.49999994039535522461e-01
cascade_candidate_limit=1.00000000000000000000e+03
cascade_weight_multiplier=4.00000005960464477539e-01
cascade_activation_functions_count=10
cascade_activation_functions=3 5 7 8 10 11 14 15 16 17 
cascade_activation_steepnesses_count=4
cascade_activation_steepnesses=2.50000000000000000000e-01 5.00000000000000000000e-01 7.50000000000000000000e-01 1.00000000000000000000e+00 
layer_sizes=2 5 5 3 
scale_included=0
neurons (num_inputs, activation_function, activation_steepness)=(0, 0, 0.00000000000000000000e+00) (0, 0, 0.00000000000000000000e+00) (2, 3, 5.00000000000000000000e-01) (2, 3, 5.00000000000000000000e-01) (2, 3, 5.00000000000000000000e-01) (2, 3, 5.00000000000000000000e-01) (0, 3, 0.00000000000000000000e+00) (5, 3, 5.00000000000000000000e-01) (5, 3, 5.00000000000000000000e-01) (5, 3, 5.00000000000000000000e-01) (5, 3, 5.00000000000000000000e-01) (0, 3, 0.00000000000000000000e+00) (5, 0, 5.00000000000000000000e-01) (5, 0, 5.00000000000000000000e-01) (0, 0, 0.00000000000000000000e+00) 
connections (connected_to_neuron, weight)=(0, -7.15781784057617187500e+00) (1, -9.19278240203857421875e+00) (0, 1.08936433792114257812e+01) (1, 1.02246034145355224609e+00) (0, -7.15854120254516601562e+00) (1, -8.93997955322265625000e+00) (0, 4.73461580276489257812e+00) (1, 6.97862982749938964844e-01) (2, 1.76006376743316650391e+00) (3, -1.15216732025146484375e+00) (4, 2.78528332710266113281e-01) (5, 9.16593253612518310547e-01) (6, -5.53753077983856201172e-02) (2, 6.16742014884948730469e-01) (3, -1.37507286071777343750e+01) (4, 5.21122574806213378906e-01) (5, 1.71842880249023437500e+01) (6, -2.82171893119812011719e+00) (2, 1.38834500312805175781e+00) (3, -9.88004386425018310547e-01) (4, 5.80363094806671142578e-01) (5, 2.05167794227600097656e+00) (6, -7.82230049371719360352e-02) (2, 1.02933633327484130859e+00) (3, -6.55704212188720703125e+00) (4, 9.80454444885253906250e-01) (5, 4.43853950500488281250e+00) (6, -2.21513688564300537109e-01) (7, -8.81373733282089233398e-02) (8, 1.91238299012184143066e-01) (9, -9.19360294938087463379e-02) (10, 2.56195306777954101562e-01) (11, -8.99564474821090698242e-02) (7, -4.77321803569793701172e-01) (8, -8.30702364444732666016e-01) (9, -4.90209877490997314453e-01) (10, -1.19241011142730712891e+00) (11, -4.99146312475204467773e-01) 
