FANN_FLO_2.1
num_layers=4
learning_rate=0.500000
connection_rate=1.000000
network_type=0
learning_momentum=0.000000
training_algorithm=2
train_error_function=1
train_stop_function=0
cascade_output_change_fraction=0.010000
quickprop_decay=-0.000100
quickprop_mu=1.750000
rprop_increase_factor=1.200000
rprop_decrease_factor=0.500000
rprop_delta_min=0.000000
rprop_delta_max=50.000000
rprop_delta_zero=0.100000
cascade_output_stagnation_epochs=12
cascade_candidate_change_fraction=0.010000
cascade_candidate_stagnation_epochs=12
cascade_max_out_epochs=150
cascade_min_out_epochs=50
cascade_max_cand_epochs=150
cascade_min_cand_epochs=50
cascade_num_candidate_groups=2
bit_fail_limit=3.49999994039535522461e-01
cascade_candidate_limit=1.00000000000000000000e+03
cascade_weight_multiplier=4.00000005960464477539e-01
cascade_activation_functions_count=10
cascade_activation_functions=3 5 7 8 10 11 14 15 16 17 
cascade_activation_steepnesses_count=4
cascade_activation_steepnesses=2.50000000000000000000e-01 5.00000000000000000000e-01 7.50000000000000000000e-01 1.00000000000000000000e+00 
layer_sizes=4 5 3 2 
scale_included=0
neurons (num_inputs, activation_function, activation_steepness)=(0, 0, 0.00000000000000000000e+00) (0, 0, 0.00000000000000000000e+00) (0, 0, 0.00000000000000000000e+00) (0, 0, 0.00000000000000000000e+00) (4, 3, 5.00000000000000000000e-01) (4, 3, 5.00000000000000000000e-01) (4, 3, 5.00000000000000000000e-01) (4, 3, 5.00000000000000000000e-01) (0, 3, 0.00000000000000000000e+00) (5, 3, 5.00000000000000000000e-01) (5, 3, 5.00000000000000000000e-01) (0, 3, 0.00000000000000000000e+00) (3, 3, 5.00000000000000000000e-01) (0, 3, 0.00000000000000000000e+00) 
connections (connected_to_neuron, weight)=(0, 3.30796766281127929688e+00) (1, -4.76081752777099609375e+00) (2, 4.06325292587280273438e+00) (3, -1.58825170993804931641e+00) (0, -7.96624243259429931641e-01) (1, -1.21882295608520507812e+01) (2, -1.81288629770278930664e-01) (3, 3.83241033554077148438e+00) (0, -2.64294409751892089844e+00) (1, -5.57749330997467041016e-01) (2, -1.46853297948837280273e-01) (3, 1.95699954032897949219e+00) (0, 2.07201614975929260254e-01) (1, -1.31951866149902343750e+01) (2, 3.18121343851089477539e-01) (3, 2.23476934432983398438e+00) (4, -1.54950351715087890625e+01) (5, 1.07939910888671875000e+01) (6, 1.53230819702148437500e+01) (7, 4.69951915740966796875e+00) (8, -1.67268264293670654297e+00) (4, -7.02484941482543945312e+00) (5, 5.39166641235351562500e+00) (6, 5.22845792770385742188e+00) (7, 2.66519665718078613281e+00) (8, 1.92463234066963195801e-01) (9, -4.87901878356933593750e+00) (10, 2.74201273918151855469e-01) (11, 2.33146715164184570312e+00) 
