FANN_FLO_2.1
num_layers=4
learning_rate=0.300000
connection_rate=1.000000
network_type=0
learning_momentum=0.000000
training_algorithm=2
train_error_function=1
train_stop_function=0
cascade_output_change_fraction=0.010000
quickprop_decay=-0.000100
quickprop_mu=1.750000
rprop_increase_factor=1.200000
rprop_decrease_factor=0.500000
rprop_delta_min=0.000000
rprop_delta_max=50.000000
rprop_delta_zero=0.100000
cascade_output_stagnation_epochs=12
cascade_candidate_change_fraction=0.010000
cascade_candidate_stagnation_epochs=12
cascade_max_out_epochs=150
cascade_min_out_epochs=50
cascade_max_cand_epochs=150
cascade_min_cand_epochs=50
cascade_num_candidate_groups=2
bit_fail_limit=3.49999994039535522461e-01
cascade_candidate_limit=1.00000000000000000000e+03
cascade_weight_multiplier=4.00000005960464477539e-01
cascade_activation_functions_count=10
cascade_activation_functions=3 5 7 8 10 11 14 15 16 17 
cascade_activation_steepnesses_count=4
cascade_activation_steepnesses=2.50000000000000000000e-01 5.00000000000000000000e-01 7.50000000000000000000e-01 1.00000000000000000000e+00 
layer_sizes=2 5 5 3 
scale_included=0
neurons (num_inputs, activation_function, activation_steepness)=(0, 0, 0.00000000000000000000e+00) (0, 0, 0.00000000000000000000e+00) (2, 3, 5.00000000000000000000e-01) (2, 3, 5.00000000000000000000e-01) (2, 3, 5.00000000000000000000e-01) (2, 3, 5.00000000000000000000e-01) (0, 3, 0.00000000000000000000e+00) (5, 3, 5.00000000000000000000e-01) (5, 3, 5.00000000000000000000e-01) (5, 3, 5.00000000000000000000e-01) (5, 3, 5.00000000000000000000e-01) (0, 3, 0.00000000000000000000e+00) (5, 0, 5.00000000000000000000e-01) (5, 0, 5.00000000000000000000e-01) (0, 0, 0.00000000000000000000e+00) 
connections (connected_to_neuron, weight)=(0, -1.44435491561889648438e+01) (1, -7.93621683120727539062e+00) (0, -1.53661260604858398438e+01) (1, -8.08861255645751953125e+00) (0, 7.26698255538940429688e+00) (1, 7.36328506469726562500e+00) (0, -1.11235809326171875000e+01) (1, -6.13917255401611328125e+00) (2, 7.56430268287658691406e-01) (3, 7.30585038661956787109e-01) (4, -7.70916223526000976562e+00) (5, 1.26605653762817382812e+01) (6, -1.90593194961547851562e+00) (2, 7.29381501674652099609e-01) (3, 7.75111317634582519531e-01) (4, -2.65978366136550903320e-01) (5, 7.44190359115600585938e+00) (6, -3.01227378845214843750e+00) (2, -1.96277880668640136719e+00) (3, -1.90684318542480468750e+00) (4, 2.31299839019775390625e+01) (5, -3.53282523155212402344e+00) (6, -1.15816879272460937500e+00) (2, 5.20282864570617675781e-01) (3, 6.05307877063751220703e-01) (4, -1.07484817504882812500e+00) (5, 4.84564036130905151367e-01) (6, 1.15053415298461914062e+00) (7, 4.98850084841251373291e-02) (8, 1.77993342280387878418e-01) (9, -3.40702123939990997314e-02) (10, -1.42339736223220825195e-01) (11, -8.58829468488693237305e-02) (7, -5.91512978076934814453e-01) (8, -6.22401535511016845703e-01) (9, -7.79760062694549560547e-01) (10, -4.59191739559173583984e-01) (11, -2.99887865781784057617e-01) 
