FANN_FLO_2.1
num_layers=4
learning_rate=0.450000
connection_rate=1.000000
network_type=0
learning_momentum=0.000000
training_algorithm=2
train_error_function=1
train_stop_function=0
cascade_output_change_fraction=0.010000
quickprop_decay=-0.000100
quickprop_mu=1.750000
rprop_increase_factor=1.200000
rprop_decrease_factor=0.500000
rprop_delta_min=0.000000
rprop_delta_max=50.000000
rprop_delta_zero=0.100000
cascade_output_stagnation_epochs=12
cascade_candidate_change_fraction=0.010000
cascade_candidate_stagnation_epochs=12
cascade_max_out_epochs=150
cascade_min_out_epochs=50
cascade_max_cand_epochs=150
cascade_min_cand_epochs=50
cascade_num_candidate_groups=2
bit_fail_limit=3.49999994039535522461e-01
cascade_candidate_limit=1.00000000000000000000e+03
cascade_weight_multiplier=4.00000005960464477539e-01
cascade_activation_functions_count=10
cascade_activation_functions=3 5 7 8 10 11 14 15 16 17 
cascade_activation_steepnesses_count=4
cascade_activation_steepnesses=2.50000000000000000000e-01 5.00000000000000000000e-01 7.50000000000000000000e-01 1.00000000000000000000e+00 
layer_sizes=7 5 3 2 
scale_included=0
neurons (num_inputs, activation_function, activation_steepness)=(0, 0, 0.00000000000000000000e+00) (0, 0, 0.00000000000000000000e+00) (0, 0, 0.00000000000000000000e+00) (0, 0, 0.00000000000000000000e+00) (0, 0, 0.00000000000000000000e+00) (0, 0, 0.00000000000000000000e+00) (0, 0, 0.00000000000000000000e+00) (7, 3, 5.00000000000000000000e-01) (7, 3, 5.00000000000000000000e-01) (7, 3, 5.00000000000000000000e-01) (7, 3, 5.00000000000000000000e-01) (0, 3, 0.00000000000000000000e+00) (5, 3, 5.00000000000000000000e-01) (5, 3, 5.00000000000000000000e-01) (0, 3, 0.00000000000000000000e+00) (3, 0, 5.00000000000000000000e-01) (0, 0, 0.00000000000000000000e+00) 
connections (connected_to_neuron, weight)=(0, -3.22418421506881713867e-01) (1, 3.19687247276306152344e-01) (2, -1.33410918712615966797e+00) (3, 2.30795085430145263672e-01) (4, 5.63587129116058349609e-01) (5, 1.52006551623344421387e-01) (6, 9.92227613925933837891e-01) (0, -1.18182331323623657227e-01) (1, -7.74367228150367736816e-02) (2, -1.42849373817443847656e+00) (3, 3.81689667701721191406e-01) (4, 3.41357141733169555664e-01) (5, 6.22358679771423339844e-01) (6, 4.80886602401733398438e+00) (0, -2.02425476163625717163e-02) (1, 1.68522492051124572754e-01) (2, 1.62507009506225585938e+00) (3, 3.61037880182266235352e-01) (4, -1.66337168216705322266e+00) (5, 8.43095332384109497070e-02) (6, -6.54032230377197265625e+00) (0, 2.08946883678436279297e-01) (1, 8.61411213874816894531e-01) (2, 4.55134153366088867188e-01) (3, 6.38725841417908668518e-03) (4, -7.05587327480316162109e-01) (5, -6.49604141712188720703e-01) (6, -2.43902540206909179688e+00) (7, -4.52605247497558593750e+00) (8, -6.84858858585357666016e-01) (9, 7.77516007423400878906e-01) (10, -2.07570120692253112793e-01) (11, -3.42786967754364013672e-01) (7, 1.62736147642135620117e-01) (8, -4.45605188608169555664e-01) (9, -4.87434959411621093750e+00) (10, -4.77477088570594787598e-02) (11, 2.96193212270736694336e-01) (12, -5.68367123603820800781e-01) (13, -6.19155228137969970703e-01) (14, 3.19689303636550903320e-01) 
