FANN_FLO_2.1
num_layers=4
learning_rate=0.300000
connection_rate=1.000000
network_type=0
learning_momentum=0.000000
training_algorithm=2
train_error_function=1
train_stop_function=0
cascade_output_change_fraction=0.010000
quickprop_decay=-0.000100
quickprop_mu=1.750000
rprop_increase_factor=1.200000
rprop_decrease_factor=0.500000
rprop_delta_min=0.000000
rprop_delta_max=50.000000
rprop_delta_zero=0.100000
cascade_output_stagnation_epochs=12
cascade_candidate_change_fraction=0.010000
cascade_candidate_stagnation_epochs=12
cascade_max_out_epochs=150
cascade_min_out_epochs=50
cascade_max_cand_epochs=150
cascade_min_cand_epochs=50
cascade_num_candidate_groups=2
bit_fail_limit=3.49999994039535522461e-01
cascade_candidate_limit=1.00000000000000000000e+03
cascade_weight_multiplier=4.00000005960464477539e-01
cascade_activation_functions_count=10
cascade_activation_functions=3 5 7 8 10 11 14 15 16 17 
cascade_activation_steepnesses_count=4
cascade_activation_steepnesses=2.50000000000000000000e-01 5.00000000000000000000e-01 7.50000000000000000000e-01 1.00000000000000000000e+00 
layer_sizes=2 5 3 3 
scale_included=0
neurons (num_inputs, activation_function, activation_steepness)=(0, 0, 0.00000000000000000000e+00) (0, 0, 0.00000000000000000000e+00) (2, 3, 5.00000000000000000000e-01) (2, 3, 5.00000000000000000000e-01) (2, 3, 5.00000000000000000000e-01) (2, 3, 5.00000000000000000000e-01) (0, 3, 0.00000000000000000000e+00) (5, 3, 5.00000000000000000000e-01) (5, 3, 5.00000000000000000000e-01) (0, 3, 0.00000000000000000000e+00) (3, 0, 5.00000000000000000000e-01) (3, 0, 5.00000000000000000000e-01) (0, 0, 0.00000000000000000000e+00) 
connections (connected_to_neuron, weight)=(0, -9.78491306304931640625e+00) (1, -5.40601253509521484375e+00) (0, -1.22079048156738281250e+01) (1, -5.66681289672851562500e+00) (0, 2.99877643585205078125e+00) (1, 6.67446422576904296875e+00) (0, -8.71292663574218750000e+02) (1, 2.29670214653015136719e+00) (2, -1.80559301376342773438e+00) (3, 1.64323878288269042969e+00) (4, 8.43891203403472900391e-01) (5, 2.18849867582321166992e-01) (6, 5.88459908962249755859e-01) (2, 7.39376306533813476562e-01) (3, 7.57701301574707031250e+00) (4, 9.11837673187255859375e+00) (5, -9.23204040527343750000e+00) (6, -2.99539852142333984375e+00) (7, -4.45225574076175689697e-02) (8, 7.12832435965538024902e-02) (9, 1.16877499967813491821e-02) (7, -8.28408896923065185547e-01) (8, -1.27299296855926513672e+00) (9, -4.49810892343521118164e-01) 
