FANN_FLO_2.1
num_layers=4
learning_rate=0.500000
connection_rate=1.000000
network_type=0
learning_momentum=0.000000
training_algorithm=2
train_error_function=1
train_stop_function=0
cascade_output_change_fraction=0.010000
quickprop_decay=-0.000100
quickprop_mu=1.750000
rprop_increase_factor=1.200000
rprop_decrease_factor=0.500000
rprop_delta_min=0.000000
rprop_delta_max=50.000000
rprop_delta_zero=0.100000
cascade_output_stagnation_epochs=12
cascade_candidate_change_fraction=0.010000
cascade_candidate_stagnation_epochs=12
cascade_max_out_epochs=150
cascade_min_out_epochs=50
cascade_max_cand_epochs=150
cascade_min_cand_epochs=50
cascade_num_candidate_groups=2
bit_fail_limit=3.49999994039535522461e-01
cascade_candidate_limit=1.00000000000000000000e+03
cascade_weight_multiplier=4.00000005960464477539e-01
cascade_activation_functions_count=10
cascade_activation_functions=3 5 7 8 10 11 14 15 16 17 
cascade_activation_steepnesses_count=4
cascade_activation_steepnesses=2.50000000000000000000e-01 5.00000000000000000000e-01 7.50000000000000000000e-01 1.00000000000000000000e+00 
layer_sizes=4 5 3 2 
scale_included=0
neurons (num_inputs, activation_function, activation_steepness)=(0, 0, 0.00000000000000000000e+00) (0, 0, 0.00000000000000000000e+00) (0, 0, 0.00000000000000000000e+00) (0, 0, 0.00000000000000000000e+00) (4, 3, 5.00000000000000000000e-01) (4, 3, 5.00000000000000000000e-01) (4, 3, 5.00000000000000000000e-01) (4, 3, 5.00000000000000000000e-01) (0, 3, 0.00000000000000000000e+00) (5, 3, 5.00000000000000000000e-01) (5, 3, 5.00000000000000000000e-01) (0, 3, 0.00000000000000000000e+00) (3, 3, 5.00000000000000000000e-01) (0, 3, 0.00000000000000000000e+00) 
connections (connected_to_neuron, weight)=(0, -4.61991024017333984375e+00) (1, 8.92359256744384765625e-01) (2, -6.19678735733032226562e+00) (3, 4.23165082931518554688e+00) (0, 6.76281881332397460938e+00) (1, 1.21555910110473632812e+01) (2, -8.65848636627197265625e+00) (3, -4.40962648391723632812e+00) (0, 8.19197082519531250000e+00) (1, 1.06274814605712890625e+01) (2, -1.00247859954833984375e+01) (3, -3.96640086174011230469e+00) (0, 6.93881034851074218750e+00) (1, 1.08624248504638671875e+01) (2, -8.35958003997802734375e+00) (3, -3.97219562530517578125e+00) (4, 1.80638217926025390625e+01) (5, -4.21804809570312500000e+00) (6, -3.11394238471984863281e+00) (7, -2.99730372428894042969e+00) (8, 2.28346228599548339844e+00) (4, 2.10208702087402343750e+01) (5, -3.59242463111877441406e+00) (6, -3.32556986808776855469e+00) (7, -2.02034091949462890625e+00) (8, 1.92881852388381958008e-01) (9, -3.69996857643127441406e+00) (10, -1.10410451889038085938e+00) (11, 2.50957655906677246094e+00) 
