FANN_FLO_2.1
num_layers=3
learning_rate=0.500000
connection_rate=1.000000
network_type=0
learning_momentum=0.000000
training_algorithm=2
train_error_function=1
train_stop_function=0
cascade_output_change_fraction=0.010000
quickprop_decay=-0.000100
quickprop_mu=1.750000
rprop_increase_factor=1.200000
rprop_decrease_factor=0.500000
rprop_delta_min=0.000000
rprop_delta_max=50.000000
rprop_delta_zero=0.100000
cascade_output_stagnation_epochs=12
cascade_candidate_change_fraction=0.010000
cascade_candidate_stagnation_epochs=12
cascade_max_out_epochs=150
cascade_min_out_epochs=50
cascade_max_cand_epochs=150
cascade_min_cand_epochs=50
cascade_num_candidate_groups=2
bit_fail_limit=3.49999994039535522461e-01
cascade_candidate_limit=1.00000000000000000000e+03
cascade_weight_multiplier=4.00000005960464477539e-01
cascade_activation_functions_count=10
cascade_activation_functions=3 5 7 8 10 11 14 15 16 17 
cascade_activation_steepnesses_count=4
cascade_activation_steepnesses=2.50000000000000000000e-01 5.00000000000000000000e-01 7.50000000000000000000e-01 1.00000000000000000000e+00 
layer_sizes=10 5 2 
scale_included=0
neurons (num_inputs, activation_function, activation_steepness)=(0, 0, 0.00000000000000000000e+00) (0, 0, 0.00000000000000000000e+00) (0, 0, 0.00000000000000000000e+00) (0, 0, 0.00000000000000000000e+00) (0, 0, 0.00000000000000000000e+00) (0, 0, 0.00000000000000000000e+00) (0, 0, 0.00000000000000000000e+00) (0, 0, 0.00000000000000000000e+00) (0, 0, 0.00000000000000000000e+00) (0, 0, 0.00000000000000000000e+00) (10, 3, 5.00000000000000000000e-01) (10, 3, 5.00000000000000000000e-01) (10, 3, 5.00000000000000000000e-01) (10, 3, 5.00000000000000000000e-01) (0, 3, 0.00000000000000000000e+00) (5, 3, 5.00000000000000000000e-01) (0, 3, 0.00000000000000000000e+00) 
connections (connected_to_neuron, weight)=(0, -2.79491931200027465820e-01) (1, -5.47790050506591796875e-01) (2, -3.04933577775955200195e-01) (3, -3.63865047693252563477e-01) (4, 1.16790726780891418457e-01) (5, -2.88338720798492431641e-01) (6, -3.80661666393280029297e-01) (7, -5.17724275588989257812e-01) (8, -3.81694674491882324219e-01) (9, 5.21168351173400878906e-01) (0, -3.35297137498855590820e-01) (1, -6.75925970077514648438e-01) (2, -3.34898293018341064453e-01) (3, -4.86765116453170776367e-01) (4, 2.21657350659370422363e-01) (5, -4.97383743524551391602e-01) (6, -3.52351665496826171875e-01) (7, -6.41640782356262207031e-01) (8, -4.10071730613708496094e-01) (9, 1.62688338756561279297e+00) (0, 1.07011795043945312500e-01) (1, -7.41284251213073730469e-01) (2, 3.88574391603469848633e-01) (3, -6.69355571269989013672e-01) (4, -2.67623686790466308594e+00) (5, 4.19570356607437133789e-01) (6, 3.16945195198059082031e-01) (7, -2.35426783561706542969e-01) (8, 4.36142921447753906250e-01) (9, 5.46670198440551757812e-01) (0, 5.13339459896087646484e-01) (1, -3.96996200084686279297e-01) (2, 5.73708236217498779297e-01) (3, 5.49592524766921997070e-02) (4, 8.67569088935852050781e-01) (5, 4.21131670475006103516e-01) (6, 3.84216815233230590820e-01) (7, -2.10573583841323852539e-01) (8, 4.06777620315551757812e-01) (9, -5.86727142333984375000e-01) (10, -2.95453262329101562500e+00) (11, -1.26506614685058593750e+00) (12, -4.55501765012741088867e-01) (13, 1.80606520175933837891e+00) (14, 3.57822567224502563477e-01) 
