FANN_FLO_2.1
num_layers=4
learning_rate=0.300000
connection_rate=1.000000
network_type=0
learning_momentum=0.000000
training_algorithm=2
train_error_function=1
train_stop_function=0
cascade_output_change_fraction=0.010000
quickprop_decay=-0.000100
quickprop_mu=1.750000
rprop_increase_factor=1.200000
rprop_decrease_factor=0.500000
rprop_delta_min=0.000000
rprop_delta_max=50.000000
rprop_delta_zero=0.100000
cascade_output_stagnation_epochs=12
cascade_candidate_change_fraction=0.010000
cascade_candidate_stagnation_epochs=12
cascade_max_out_epochs=150
cascade_min_out_epochs=50
cascade_max_cand_epochs=150
cascade_min_cand_epochs=50
cascade_num_candidate_groups=2
bit_fail_limit=3.49999994039535522461e-01
cascade_candidate_limit=1.00000000000000000000e+03
cascade_weight_multiplier=4.00000005960464477539e-01
cascade_activation_functions_count=10
cascade_activation_functions=3 5 7 8 10 11 14 15 16 17 
cascade_activation_steepnesses_count=4
cascade_activation_steepnesses=2.50000000000000000000e-01 5.00000000000000000000e-01 7.50000000000000000000e-01 1.00000000000000000000e+00 
layer_sizes=2 5 5 3 
scale_included=0
neurons (num_inputs, activation_function, activation_steepness)=(0, 0, 0.00000000000000000000e+00) (0, 0, 0.00000000000000000000e+00) (2, 3, 5.00000000000000000000e-01) (2, 3, 5.00000000000000000000e-01) (2, 3, 5.00000000000000000000e-01) (2, 3, 5.00000000000000000000e-01) (0, 3, 0.00000000000000000000e+00) (5, 3, 5.00000000000000000000e-01) (5, 3, 5.00000000000000000000e-01) (5, 3, 5.00000000000000000000e-01) (5, 3, 5.00000000000000000000e-01) (0, 3, 0.00000000000000000000e+00) (5, 0, 5.00000000000000000000e-01) (5, 0, 5.00000000000000000000e-01) (0, 0, 0.00000000000000000000e+00) 
connections (connected_to_neuron, weight)=(0, -7.37520408630371093750e+00) (1, -1.78711521625518798828e+00) (0, -7.39973163604736328125e+00) (1, -1.77985334396362304688e+00) (0, -7.36016845703125000000e+00) (1, -1.82094669342041015625e+00) (0, -7.45873785018920898438e+00) (1, -1.82275176048278808594e+00) (2, 6.89204037189483642578e-01) (3, 6.87994539737701416016e-01) (4, 7.64592945575714111328e-01) (5, 7.86105573177337646484e-01) (6, -1.24466836452484130859e+00) (2, 6.82002842426300048828e-01) (3, 2.68240988254547119141e-01) (4, 5.39746046066284179688e-01) (5, 3.35377961397171020508e-01) (6, -4.93688061833381652832e-02) (2, 8.02238881587982177734e-01) (3, 7.30408370494842529297e-01) (4, 8.05429995059967041016e-01) (5, 7.56279349327087402344e-01) (6, -1.23639261722564697266e+00) (2, 5.04733383655548095703e-01) (3, 6.72940313816070556641e-01) (4, 5.36985993385314941406e-01) (5, 7.01572179794311523438e-01) (6, -8.18853139877319335938e-01) (7, 1.32541790604591369629e-01) (8, -6.26741498708724975586e-02) (9, 9.45218950510025024414e-02) (10, 5.78491725027561187744e-02) (11, -2.60667651891708374023e-01) (7, -5.81516504287719726562e-01) (8, -5.58110594749450683594e-01) (9, -6.11921072006225585938e-01) (10, -5.43643772602081298828e-01) (11, -4.52446192502975463867e-01) 
