FANN_FLO_2.1
num_layers=3
learning_rate=0.500000
connection_rate=1.000000
network_type=0
learning_momentum=0.000000
training_algorithm=2
train_error_function=1
train_stop_function=0
cascade_output_change_fraction=0.010000
quickprop_decay=-0.000100
quickprop_mu=1.750000
rprop_increase_factor=1.200000
rprop_decrease_factor=0.500000
rprop_delta_min=0.000000
rprop_delta_max=50.000000
rprop_delta_zero=0.100000
cascade_output_stagnation_epochs=12
cascade_candidate_change_fraction=0.010000
cascade_candidate_stagnation_epochs=12
cascade_max_out_epochs=150
cascade_min_out_epochs=50
cascade_max_cand_epochs=150
cascade_min_cand_epochs=50
cascade_num_candidate_groups=2
bit_fail_limit=3.49999994039535522461e-01
cascade_candidate_limit=1.00000000000000000000e+03
cascade_weight_multiplier=4.00000005960464477539e-01
cascade_activation_functions_count=10
cascade_activation_functions=3 5 7 8 10 11 14 15 16 17 
cascade_activation_steepnesses_count=4
cascade_activation_steepnesses=2.50000000000000000000e-01 5.00000000000000000000e-01 7.50000000000000000000e-01 1.00000000000000000000e+00 
layer_sizes=10 3 2 
scale_included=0
neurons (num_inputs, activation_function, activation_steepness)=(0, 0, 0.00000000000000000000e+00) (0, 0, 0.00000000000000000000e+00) (0, 0, 0.00000000000000000000e+00) (0, 0, 0.00000000000000000000e+00) (0, 0, 0.00000000000000000000e+00) (0, 0, 0.00000000000000000000e+00) (0, 0, 0.00000000000000000000e+00) (0, 0, 0.00000000000000000000e+00) (0, 0, 0.00000000000000000000e+00) (0, 0, 0.00000000000000000000e+00) (10, 3, 5.00000000000000000000e-01) (10, 3, 5.00000000000000000000e-01) (0, 3, 0.00000000000000000000e+00) (3, 3, 5.00000000000000000000e-01) (0, 3, 0.00000000000000000000e+00) 
connections (connected_to_neuron, weight)=(0, -3.93677830696105957031e-01) (1, -3.39195936918258666992e-01) (2, -2.24523574113845825195e-01) (3, -3.64422887563705444336e-01) (4, -3.88344466686248779297e-01) (5, -5.62621772289276123047e-01) (6, -3.88304680585861206055e-01) (7, -4.63984936475753784180e-01) (8, -4.62273389101028442383e-01) (9, 1.16685068607330322266e+00) (0, -3.72204154729843139648e-01) (1, -4.60382193326950073242e-01) (2, -5.24019420146942138672e-01) (3, -4.17735934257507324219e-01) (4, -3.61786812543869018555e-01) (5, -2.48605981469154357910e-01) (6, -3.70365679264068603516e-01) (7, -3.65230679512023925781e-01) (8, -3.22930932044982910156e-01) (9, 1.00528359413146972656e+00) (10, -2.47156691551208496094e+00) (11, -2.73991537094116210938e+00) (12, 1.77254366874694824219e+00) 
