FANN_FLO_2.1
num_layers=4
learning_rate=0.500000
connection_rate=1.000000
network_type=0
learning_momentum=0.000000
training_algorithm=2
train_error_function=1
train_stop_function=0
cascade_output_change_fraction=0.010000
quickprop_decay=-0.000100
quickprop_mu=1.750000
rprop_increase_factor=1.200000
rprop_decrease_factor=0.500000
rprop_delta_min=0.000000
rprop_delta_max=50.000000
rprop_delta_zero=0.100000
cascade_output_stagnation_epochs=12
cascade_candidate_change_fraction=0.010000
cascade_candidate_stagnation_epochs=12
cascade_max_out_epochs=150
cascade_min_out_epochs=50
cascade_max_cand_epochs=150
cascade_min_cand_epochs=50
cascade_num_candidate_groups=2
bit_fail_limit=3.49999994039535522461e-01
cascade_candidate_limit=1.00000000000000000000e+03
cascade_weight_multiplier=4.00000005960464477539e-01
cascade_activation_functions_count=10
cascade_activation_functions=3 5 7 8 10 11 14 15 16 17 
cascade_activation_steepnesses_count=4
cascade_activation_steepnesses=2.50000000000000000000e-01 5.00000000000000000000e-01 7.50000000000000000000e-01 1.00000000000000000000e+00 
layer_sizes=18 3 3 2 
scale_included=0
neurons (num_inputs, activation_function, activation_steepness)=(0, 0, 0.00000000000000000000e+00) (0, 0, 0.00000000000000000000e+00) (0, 0, 0.00000000000000000000e+00) (0, 0, 0.00000000000000000000e+00) (0, 0, 0.00000000000000000000e+00) (0, 0, 0.00000000000000000000e+00) (0, 0, 0.00000000000000000000e+00) (0, 0, 0.00000000000000000000e+00) (0, 0, 0.00000000000000000000e+00) (0, 0, 0.00000000000000000000e+00) (0, 0, 0.00000000000000000000e+00) (0, 0, 0.00000000000000000000e+00) (0, 0, 0.00000000000000000000e+00) (0, 0, 0.00000000000000000000e+00) (0, 0, 0.00000000000000000000e+00) (0, 0, 0.00000000000000000000e+00) (0, 0, 0.00000000000000000000e+00) (0, 0, 0.00000000000000000000e+00) (18, 3, 5.00000000000000000000e-01) (18, 3, 5.00000000000000000000e-01) (0, 3, 0.00000000000000000000e+00) (3, 3, 5.00000000000000000000e-01) (3, 3, 5.00000000000000000000e-01) (0, 3, 0.00000000000000000000e+00) (3, 0, 5.00000000000000000000e-01) (0, 0, 0.00000000000000000000e+00) 
connections (connected_to_neuron, weight)=(0, 1.01560759544372558594e+00) (1, 1.10373294353485107422e+00) (2, 7.62069523334503173828e-01) (3, 1.14206039905548095703e+00) (4, 7.76282310485839843750e-01) (5, -7.07743644714355468750e-01) (6, -1.21033453941345214844e+00) (7, -1.12930262088775634766e+00) (8, 2.24548488855361938477e-01) (9, 7.24770784378051757812e-01) (10, 8.12477409839630126953e-01) (11, 1.15800487995147705078e+00) (12, 7.85348534584045410156e-01) (13, 9.24165725708007812500e-01) (14, 9.02074694633483886719e-01) (15, 9.43652033805847167969e-01) (16, 8.97061347961425781250e-01) (17, -3.20988297462463378906e+00) (0, 2.68807189941406250000e+02) (1, -9.56931381225585937500e+01) (2, 3.15161926269531250000e+02) (3, 1.32775106430053710938e+01) (4, 1.23256645202636718750e+02) (5, 1.01310554504394531250e+02) (6, 2.51525283813476562500e+02) (7, 1.47339697265625000000e+03) (8, 2.12340793609619140625e+01) (9, 3.24244995117187500000e+01) (10, -1.04541854858398437500e+01) (11, -1.04140424728393554688e+01) (12, 6.64772720336914062500e+01) (13, -1.04882011413574218750e+01) (14, -1.96686801910400390625e+01) (15, -1.86882266998291015625e+01) (16, -9.05199432373046875000e+00) (17, 7.70055532455444335938e+00) (18, 1.48500000000000000000e+03) (19, 2.02515554428100585938e+00) (20, 1.68454170227050781250e+00) (18, 4.55739116668701171875e+00) (19, -1.64163589477539062500e+00) (20, -1.55372488498687744141e+00) (21, 1.81254875659942626953e+00) (22, 1.15433874130249023438e+01) (23, 1.66666507720947265625e+00) 
