FANN_FLO_2.1
num_layers=4
learning_rate=0.450000
connection_rate=1.000000
network_type=0
learning_momentum=0.000000
training_algorithm=2
train_error_function=1
train_stop_function=0
cascade_output_change_fraction=0.010000
quickprop_decay=-0.000100
quickprop_mu=1.750000
rprop_increase_factor=1.200000
rprop_decrease_factor=0.500000
rprop_delta_min=0.000000
rprop_delta_max=50.000000
rprop_delta_zero=0.100000
cascade_output_stagnation_epochs=12
cascade_candidate_change_fraction=0.010000
cascade_candidate_stagnation_epochs=12
cascade_max_out_epochs=150
cascade_min_out_epochs=50
cascade_max_cand_epochs=150
cascade_min_cand_epochs=50
cascade_num_candidate_groups=2
bit_fail_limit=3.49999994039535522461e-01
cascade_candidate_limit=1.00000000000000000000e+03
cascade_weight_multiplier=4.00000005960464477539e-01
cascade_activation_functions_count=10
cascade_activation_functions=3 5 7 8 10 11 14 15 16 17 
cascade_activation_steepnesses_count=4
cascade_activation_steepnesses=2.50000000000000000000e-01 5.00000000000000000000e-01 7.50000000000000000000e-01 1.00000000000000000000e+00 
layer_sizes=7 3 3 2 
scale_included=0
neurons (num_inputs, activation_function, activation_steepness)=(0, 0, 0.00000000000000000000e+00) (0, 0, 0.00000000000000000000e+00) (0, 0, 0.00000000000000000000e+00) (0, 0, 0.00000000000000000000e+00) (0, 0, 0.00000000000000000000e+00) (0, 0, 0.00000000000000000000e+00) (0, 0, 0.00000000000000000000e+00) (7, 3, 5.00000000000000000000e-01) (7, 3, 5.00000000000000000000e-01) (0, 3, 0.00000000000000000000e+00) (3, 3, 5.00000000000000000000e-01) (3, 3, 5.00000000000000000000e-01) (0, 3, 0.00000000000000000000e+00) (3, 0, 5.00000000000000000000e-01) (0, 0, 0.00000000000000000000e+00) 
connections (connected_to_neuron, weight)=(0, -3.71751010417938232422e-01) (1, 1.12527859210968017578e+00) (2, -5.27356028556823730469e-01) (3, 4.45482760667800903320e-01) (4, 7.07957267761230468750e-01) (5, -1.08731794357299804688e+00) (6, -8.98436307907104492188e-01) (0, -1.10637063980102539062e+01) (1, 1.91223258972167968750e+01) (2, -2.44160985946655273438e+00) (3, -1.92891526967287063599e-02) (4, 1.12823517993092536926e-02) (5, -8.63364458084106445312e-01) (6, 4.39231681823730468750e+01) (7, 3.83018159866333007812e+00) (8, -3.93488550186157226562e+00) (9, -3.12416404485702514648e-01) (7, -1.61349658966064453125e+01) (8, 7.81841802597045898438e+00) (9, -1.76544678211212158203e+00) (10, 1.06498245149850845337e-02) (11, 1.15472996234893798828e+00) (12, 3.71879804879426956177e-03) 
