FANN_FLO_2.1
num_layers=3
learning_rate=0.500000
connection_rate=1.000000
network_type=0
learning_momentum=0.000000
training_algorithm=2
train_error_function=1
train_stop_function=0
cascade_output_change_fraction=0.010000
quickprop_decay=-0.000100
quickprop_mu=1.750000
rprop_increase_factor=1.200000
rprop_decrease_factor=0.500000
rprop_delta_min=0.000000
rprop_delta_max=50.000000
rprop_delta_zero=0.100000
cascade_output_stagnation_epochs=12
cascade_candidate_change_fraction=0.010000
cascade_candidate_stagnation_epochs=12
cascade_max_out_epochs=150
cascade_min_out_epochs=50
cascade_max_cand_epochs=150
cascade_min_cand_epochs=50
cascade_num_candidate_groups=2
bit_fail_limit=3.49999994039535522461e-01
cascade_candidate_limit=1.00000000000000000000e+03
cascade_weight_multiplier=4.00000005960464477539e-01
cascade_activation_functions_count=10
cascade_activation_functions=3 5 7 8 10 11 14 15 16 17 
cascade_activation_steepnesses_count=4
cascade_activation_steepnesses=2.50000000000000000000e-01 5.00000000000000000000e-01 7.50000000000000000000e-01 1.00000000000000000000e+00 
layer_sizes=7 9 2 
scale_included=0
neurons (num_inputs, activation_function, activation_steepness)=(0, 0, 0.00000000000000000000e+00) (0, 0, 0.00000000000000000000e+00) (0, 0, 0.00000000000000000000e+00) (0, 0, 0.00000000000000000000e+00) (0, 0, 0.00000000000000000000e+00) (0, 0, 0.00000000000000000000e+00) (0, 0, 0.00000000000000000000e+00) (7, 3, 5.00000000000000000000e-01) (7, 3, 5.00000000000000000000e-01) (7, 3, 5.00000000000000000000e-01) (7, 3, 5.00000000000000000000e-01) (7, 3, 5.00000000000000000000e-01) (7, 3, 5.00000000000000000000e-01) (7, 3, 5.00000000000000000000e-01) (7, 3, 5.00000000000000000000e-01) (0, 3, 0.00000000000000000000e+00) (9, 0, 5.00000000000000000000e-01) (0, 0, 0.00000000000000000000e+00) 
connections (connected_to_neuron, weight)=(0, 2.80518919229507446289e-01) (1, -4.73262816667556762695e-01) (2, 1.15577578544616699219e+00) (3, -4.73351448774337768555e-01) (4, -1.58643932342529296875e+01) (5, 3.60428601503372192383e-01) (6, -3.56631428003311157227e-01) (0, 1.74003849029541015625e+01) (1, -1.73445999622344970703e+00) (2, 4.42966003417968750000e+01) (3, -1.23482823371887207031e+00) (4, -1.44172619628906250000e+03) (5, 6.62578613281250000000e+02) (6, -1.77907574176788330078e+00) (0, 1.80283188819885253906e-02) (1, -6.07564091682434082031e-01) (2, 1.56955635547637939453e+00) (3, -4.29794400930404663086e-01) (4, -1.25091814994812011719e+00) (5, 5.17817497253417968750e-01) (6, -1.26749491691589355469e+00) (0, 1.77863812446594238281e+00) (1, -6.20949685573577880859e-01) (2, 5.59890365600585937500e+00) (3, -8.23055282235145568848e-02) (4, -1.43652722167968750000e+03) (5, 2.76779663085937500000e+02) (6, -1.39250242710113525391e+00) (0, -1.22583115100860595703e+00) (1, -2.62367516756057739258e-01) (2, -4.63452186584472656250e+01) (3, -3.10810565948486328125e-01) (4, 4.31757316589355468750e+01) (5, 1.08772253990173339844e+00) (6, 6.36852800846099853516e-01) (0, 1.84647293090820312500e+01) (1, -8.51632595062255859375e-01) (2, 4.31346817016601562500e+01) (3, -4.70388948917388916016e-01) (4, -1.44408691406250000000e+03) (5, 6.58531677246093750000e+02) (6, -8.61131548881530761719e-01) (0, 1.78337898254394531250e+01) (1, -8.83778214454650878906e-01) (2, 4.37167015075683593750e+01) (3, -5.77759206295013427734e-01) (4, -1.44172619628906250000e+03) (5, 6.59775085449218750000e+02) (6, -8.72379481792449951172e-01) (0, -2.35358744859695434570e-01) (1, -2.42660939693450927734e-01) (2, 7.34665766358375549316e-02) (3, -5.66852867603302001953e-01) (4, 1.22603106498718261719e+00) (5, -7.76530623435974121094e-01) (6, -4.21707344055175781250e+00) (7, -4.71629172563552856445e-01) (8, -1.83860468864440917969e+00) (9, -3.33835035562515258789e-02) (10, 1.50000000000000000000e+03) (11, -2.24088765680789947510e-02) (12, 8.44953918457031250000e+01) (13, -1.83860468864440917969e+00) (14, 1.30072431638836860657e-02) (15, 3.13977785408496856689e-02) 
