FANN_FLO_2.1
num_layers=3
learning_rate=0.450000
connection_rate=1.000000
network_type=0
learning_momentum=0.000000
training_algorithm=2
train_error_function=1
train_stop_function=0
cascade_output_change_fraction=0.010000
quickprop_decay=-0.000100
quickprop_mu=1.750000
rprop_increase_factor=1.200000
rprop_decrease_factor=0.500000
rprop_delta_min=0.000000
rprop_delta_max=50.000000
rprop_delta_zero=0.100000
cascade_output_stagnation_epochs=12
cascade_candidate_change_fraction=0.010000
cascade_candidate_stagnation_epochs=12
cascade_max_out_epochs=150
cascade_min_out_epochs=50
cascade_max_cand_epochs=150
cascade_min_cand_epochs=50
cascade_num_candidate_groups=2
bit_fail_limit=3.49999994039535522461e-01
cascade_candidate_limit=1.00000000000000000000e+03
cascade_weight_multiplier=4.00000005960464477539e-01
cascade_activation_functions_count=10
cascade_activation_functions=3 5 7 8 10 11 14 15 16 17 
cascade_activation_steepnesses_count=4
cascade_activation_steepnesses=2.50000000000000000000e-01 5.00000000000000000000e-01 7.50000000000000000000e-01 1.00000000000000000000e+00 
layer_sizes=7 5 2 
scale_included=0
neurons (num_inputs, activation_function, activation_steepness)=(0, 0, 0.00000000000000000000e+00) (0, 0, 0.00000000000000000000e+00) (0, 0, 0.00000000000000000000e+00) (0, 0, 0.00000000000000000000e+00) (0, 0, 0.00000000000000000000e+00) (0, 0, 0.00000000000000000000e+00) (0, 0, 0.00000000000000000000e+00) (7, 3, 5.00000000000000000000e-01) (7, 3, 5.00000000000000000000e-01) (7, 3, 5.00000000000000000000e-01) (7, 3, 5.00000000000000000000e-01) (0, 3, 0.00000000000000000000e+00) (5, 0, 5.00000000000000000000e-01) (0, 0, 0.00000000000000000000e+00) 
connections (connected_to_neuron, weight)=(0, -4.39942330121994018555e-01) (1, -1.42829740047454833984e+00) (2, -1.41039121150970458984e+00) (3, -7.53915071487426757812e-01) (4, 2.23393869400024414062e+00) (5, 1.33951008319854736328e+00) (6, -8.60722899436950683594e-01) (0, -4.98951507568359375000e+02) (1, -6.19313049316406250000e+02) (2, 1.49350378417968750000e+03) (3, -8.26917907714843750000e+02) (4, -1.45812756347656250000e+03) (5, 1.49162841796875000000e+03) (6, -1.08836591243743896484e+00) (0, -5.74172180175781250000e+02) (1, -6.31597534179687500000e+02) (2, 1.48501477050781250000e+03) (3, -4.81177246093750000000e+02) (4, -1.45828955078125000000e+03) (5, 1.49127661132812500000e+03) (6, -1.33163928985595703125e+00) (0, 2.32413828372955322266e-01) (1, -3.88275645673274993896e-02) (2, 4.77090239524841308594e-01) (3, -2.58758187294006347656e-01) (4, 1.48661673069000244141e-01) (5, -4.66733723878860473633e-01) (6, -6.77572071552276611328e-01) (7, -4.55834642052650451660e-02) (8, 3.15915489196777343750e+01) (9, -1.31578758358955383301e-01) (10, -4.67963255941867828369e-02) (11, 4.94884699583053588867e-02) 
