FANN_FLO_2.1
num_layers=3
learning_rate=0.500000
connection_rate=1.000000
network_type=0
learning_momentum=0.000000
training_algorithm=2
train_error_function=1
train_stop_function=0
cascade_output_change_fraction=0.010000
quickprop_decay=-0.000100
quickprop_mu=1.750000
rprop_increase_factor=1.200000
rprop_decrease_factor=0.500000
rprop_delta_min=0.000000
rprop_delta_max=50.000000
rprop_delta_zero=0.100000
cascade_output_stagnation_epochs=12
cascade_candidate_change_fraction=0.010000
cascade_candidate_stagnation_epochs=12
cascade_max_out_epochs=150
cascade_min_out_epochs=50
cascade_max_cand_epochs=150
cascade_min_cand_epochs=50
cascade_num_candidate_groups=2
bit_fail_limit=3.49999994039535522461e-01
cascade_candidate_limit=1.00000000000000000000e+03
cascade_weight_multiplier=4.00000005960464477539e-01
cascade_activation_functions_count=10
cascade_activation_functions=3 5 7 8 10 11 14 15 16 17 
cascade_activation_steepnesses_count=4
cascade_activation_steepnesses=2.50000000000000000000e-01 5.00000000000000000000e-01 7.50000000000000000000e-01 1.00000000000000000000e+00 
layer_sizes=7 5 2 
scale_included=0
neurons (num_inputs, activation_function, activation_steepness)=(0, 0, 0.00000000000000000000e+00) (0, 0, 0.00000000000000000000e+00) (0, 0, 0.00000000000000000000e+00) (0, 0, 0.00000000000000000000e+00) (0, 0, 0.00000000000000000000e+00) (0, 0, 0.00000000000000000000e+00) (0, 0, 0.00000000000000000000e+00) (7, 3, 5.00000000000000000000e-01) (7, 3, 5.00000000000000000000e-01) (7, 3, 5.00000000000000000000e-01) (7, 3, 5.00000000000000000000e-01) (0, 3, 0.00000000000000000000e+00) (5, 0, 5.00000000000000000000e-01) (0, 0, 0.00000000000000000000e+00) 
connections (connected_to_neuron, weight)=(0, 1.06740616261959075928e-01) (1, -4.13433551788330078125e-01) (2, -5.29215276241302490234e-01) (3, -2.35763955861330032349e-02) (4, 3.38637888431549072266e-01) (5, 3.47751051187515258789e-01) (6, 9.08163845539093017578e-01) (0, 2.70502656698226928711e-01) (1, 3.38782131671905517578e-01) (2, 6.96230351924896240234e-01) (3, -6.61873340606689453125e-01) (4, 4.01720777153968811035e-02) (5, -4.53121155500411987305e-01) (6, -1.11631727218627929688e+00) (0, 1.23809106647968292236e-01) (1, 3.22535037994384765625e-02) (2, 5.69084346294403076172e-01) (3, -1.77013501524925231934e-01) (4, 1.14655448123812675476e-03) (5, -4.43743079900741577148e-01) (6, -1.46493601799011230469e+00) (0, -2.76204071044921875000e+02) (1, 2.99841400146484375000e+02) (2, 4.96170043945312500000e+00) (3, -2.42069467902183532715e-01) (4, -3.15530212402343750000e+02) (5, 2.04051681518554687500e+02) (6, -3.87178778648376464844e-01) (7, -1.21582143008708953857e-01) (8, -7.27796405553817749023e-02) (9, -5.96103779971599578857e-02) (10, -3.07834091186523437500e+01) (11, 1.31170958280563354492e-01) 
