FANN_FLO_2.1
num_layers=4
learning_rate=0.300000
connection_rate=1.000000
network_type=0
learning_momentum=0.000000
training_algorithm=2
train_error_function=1
train_stop_function=0
cascade_output_change_fraction=0.010000
quickprop_decay=-0.000100
quickprop_mu=1.750000
rprop_increase_factor=1.200000
rprop_decrease_factor=0.500000
rprop_delta_min=0.000000
rprop_delta_max=50.000000
rprop_delta_zero=0.100000
cascade_output_stagnation_epochs=12
cascade_candidate_change_fraction=0.010000
cascade_candidate_stagnation_epochs=12
cascade_max_out_epochs=150
cascade_min_out_epochs=50
cascade_max_cand_epochs=150
cascade_min_cand_epochs=50
cascade_num_candidate_groups=2
bit_fail_limit=3.49999994039535522461e-01
cascade_candidate_limit=1.00000000000000000000e+03
cascade_weight_multiplier=4.00000005960464477539e-01
cascade_activation_functions_count=10
cascade_activation_functions=3 5 7 8 10 11 14 15 16 17 
cascade_activation_steepnesses_count=4
cascade_activation_steepnesses=2.50000000000000000000e-01 5.00000000000000000000e-01 7.50000000000000000000e-01 1.00000000000000000000e+00 
layer_sizes=2 5 5 3 
scale_included=0
neurons (num_inputs, activation_function, activation_steepness)=(0, 0, 0.00000000000000000000e+00) (0, 0, 0.00000000000000000000e+00) (2, 3, 5.00000000000000000000e-01) (2, 3, 5.00000000000000000000e-01) (2, 3, 5.00000000000000000000e-01) (2, 3, 5.00000000000000000000e-01) (0, 3, 0.00000000000000000000e+00) (5, 3, 5.00000000000000000000e-01) (5, 3, 5.00000000000000000000e-01) (5, 3, 5.00000000000000000000e-01) (5, 3, 5.00000000000000000000e-01) (0, 3, 0.00000000000000000000e+00) (5, 0, 5.00000000000000000000e-01) (5, 0, 5.00000000000000000000e-01) (0, 0, 0.00000000000000000000e+00) 
connections (connected_to_neuron, weight)=(0, -1.50000000000000000000e+03) (1, -3.92728161811828613281e+00) (0, -1.50000000000000000000e+03) (1, 9.88227272033691406250e+00) (0, -1.50000000000000000000e+03) (1, -6.80716514587402343750e+00) (0, -1.50000000000000000000e+03) (1, -7.06625604629516601562e+00) (2, 1.04117310047149658203e+00) (3, 2.92329549789428710938e-01) (4, 1.11770963668823242188e+00) (5, 1.20441758632659912109e+00) (6, 4.75276932120323181152e-02) (2, 1.75094401836395263672e+00) (3, 1.10622072219848632812e+00) (4, 8.67586195468902587891e-01) (5, 8.81139218807220458984e-01) (6, 2.80136656761169433594e+00) (2, 1.54777958989143371582e-01) (3, -1.08320647850632667542e-02) (4, 3.09025025367736816406e+00) (5, 3.06051492691040039062e+00) (6, -1.83883085846900939941e-01) (2, 1.21328830718994140625e-01) (3, -3.93823720514774322510e-02) (4, 1.97844612598419189453e+00) (5, 1.97474515438079833984e+00) (6, -1.27398341894149780273e-01) (7, 4.48258370161056518555e-02) (8, -1.21098980307579040527e-01) (9, 4.96413409709930419922e-02) (10, 3.43533277511596679688e-01) (11, -2.93939650058746337891e-01) (7, -4.37548130750656127930e-01) (8, -3.37611794471740722656e-01) (9, -4.58008736371994018555e-01) (10, -5.20622313022613525391e-01) (11, -2.68533468246459960938e-01) 
