FANN_FLO_2.1
num_layers=3
learning_rate=0.500000
connection_rate=1.000000
network_type=0
learning_momentum=0.000000
training_algorithm=2
train_error_function=1
train_stop_function=0
cascade_output_change_fraction=0.010000
quickprop_decay=-0.000100
quickprop_mu=1.750000
rprop_increase_factor=1.200000
rprop_decrease_factor=0.500000
rprop_delta_min=0.000000
rprop_delta_max=50.000000
rprop_delta_zero=0.100000
cascade_output_stagnation_epochs=12
cascade_candidate_change_fraction=0.010000
cascade_candidate_stagnation_epochs=12
cascade_max_out_epochs=150
cascade_min_out_epochs=50
cascade_max_cand_epochs=150
cascade_min_cand_epochs=50
cascade_num_candidate_groups=2
bit_fail_limit=3.49999994039535522461e-01
cascade_candidate_limit=1.00000000000000000000e+03
cascade_weight_multiplier=4.00000005960464477539e-01
cascade_activation_functions_count=10
cascade_activation_functions=3 5 7 8 10 11 14 15 16 17 
cascade_activation_steepnesses_count=4
cascade_activation_steepnesses=2.50000000000000000000e-01 5.00000000000000000000e-01 7.50000000000000000000e-01 1.00000000000000000000e+00 
layer_sizes=10 3 2 
scale_included=0
neurons (num_inputs, activation_function, activation_steepness)=(0, 0, 0.00000000000000000000e+00) (0, 0, 0.00000000000000000000e+00) (0, 0, 0.00000000000000000000e+00) (0, 0, 0.00000000000000000000e+00) (0, 0, 0.00000000000000000000e+00) (0, 0, 0.00000000000000000000e+00) (0, 0, 0.00000000000000000000e+00) (0, 0, 0.00000000000000000000e+00) (0, 0, 0.00000000000000000000e+00) (0, 0, 0.00000000000000000000e+00) (10, 3, 5.00000000000000000000e-01) (10, 3, 5.00000000000000000000e-01) (0, 3, 0.00000000000000000000e+00) (3, 3, 5.00000000000000000000e-01) (0, 3, 0.00000000000000000000e+00) 
connections (connected_to_neuron, weight)=(0, -1.25414520502090454102e-01) (1, -3.21202576160430908203e-01) (2, -3.15020114183425903320e-01) (3, -2.38945186138153076172e-01) (4, -1.05526936054229736328e+00) (5, -2.64014035463333129883e-01) (6, -1.32360696792602539062e-01) (7, -2.13479608297348022461e-01) (8, -1.79799497127532958984e-01) (9, 4.88449722528457641602e-01) (0, -4.81197446584701538086e-01) (1, -3.52821171283721923828e-01) (2, -3.09184044599533081055e-01) (3, -3.64876866340637207031e-01) (4, 2.34020069241523742676e-01) (5, -3.77778947353363037109e-01) (6, -5.05979299545288085938e-01) (7, -3.92078012228012084961e-01) (8, -4.29327696561813354492e-01) (9, 3.35082918405532836914e-01) (10, -2.98914694786071777344e+00) (11, -4.19140005111694335938e+00) (12, 1.86500179767608642578e+00) 
