FANN_FLO_2.1
num_layers=4
learning_rate=0.450000
connection_rate=1.000000
network_type=0
learning_momentum=0.000000
training_algorithm=2
train_error_function=1
train_stop_function=0
cascade_output_change_fraction=0.010000
quickprop_decay=-0.000100
quickprop_mu=1.750000
rprop_increase_factor=1.200000
rprop_decrease_factor=0.500000
rprop_delta_min=0.000000
rprop_delta_max=50.000000
rprop_delta_zero=0.100000
cascade_output_stagnation_epochs=12
cascade_candidate_change_fraction=0.010000
cascade_candidate_stagnation_epochs=12
cascade_max_out_epochs=150
cascade_min_out_epochs=50
cascade_max_cand_epochs=150
cascade_min_cand_epochs=50
cascade_num_candidate_groups=2
bit_fail_limit=3.49999994039535522461e-01
cascade_candidate_limit=1.00000000000000000000e+03
cascade_weight_multiplier=4.00000005960464477539e-01
cascade_activation_functions_count=10
cascade_activation_functions=3 5 7 8 10 11 14 15 16 17 
cascade_activation_steepnesses_count=4
cascade_activation_steepnesses=2.50000000000000000000e-01 5.00000000000000000000e-01 7.50000000000000000000e-01 1.00000000000000000000e+00 
layer_sizes=7 5 5 2 
scale_included=0
neurons (num_inputs, activation_function, activation_steepness)=(0, 0, 0.00000000000000000000e+00) (0, 0, 0.00000000000000000000e+00) (0, 0, 0.00000000000000000000e+00) (0, 0, 0.00000000000000000000e+00) (0, 0, 0.00000000000000000000e+00) (0, 0, 0.00000000000000000000e+00) (0, 0, 0.00000000000000000000e+00) (7, 3, 5.00000000000000000000e-01) (7, 3, 5.00000000000000000000e-01) (7, 3, 5.00000000000000000000e-01) (7, 3, 5.00000000000000000000e-01) (0, 3, 0.00000000000000000000e+00) (5, 3, 5.00000000000000000000e-01) (5, 3, 5.00000000000000000000e-01) (5, 3, 5.00000000000000000000e-01) (5, 3, 5.00000000000000000000e-01) (0, 3, 0.00000000000000000000e+00) (5, 0, 5.00000000000000000000e-01) (0, 0, 0.00000000000000000000e+00) 
connections (connected_to_neuron, weight)=(0, 3.14717739820480346680e-02) (1, 3.87231737375259399414e-01) (2, -3.92203062772750854492e-01) (3, 3.34157586097717285156e-01) (4, 3.65590810775756835938e-01) (5, -6.48234844207763671875e-01) (6, 3.32854926586151123047e-01) (0, 2.26623658090829849243e-02) (1, -5.96111536026000976562e-01) (2, 4.87810403108596801758e-01) (3, 4.64969947934150695801e-02) (4, -3.68554115295410156250e-01) (5, 4.10926818847656250000e-01) (6, -4.84070920944213867188e+00) (0, 2.25641815185546875000e+02) (1, 3.70240051269531250000e+02) (2, -5.41720825195312500000e+02) (3, 1.34535241699218750000e+03) (4, 4.43626105785369873047e-01) (5, -1.50000000000000000000e+03) (6, 1.04023361206054687500e+00) (0, -1.48362834006547927856e-02) (1, 1.02172839641571044922e+00) (2, 1.50000000000000000000e+03) (3, 1.78416594862937927246e-01) (4, 3.72043788433074951172e-01) (5, 1.50000000000000000000e+03) (6, 2.23104572296142578125e+00) (7, -2.67128139734268188477e-01) (8, 7.82810926437377929688e+00) (9, 1.73438474535942077637e-01) (10, -3.27702105045318603516e-01) (11, -3.12366962432861328125e-01) (7, -2.70382404327392578125e+00) (8, 3.38225479125976562500e+01) (9, -7.40924151614308357239e-04) (10, -3.01692277193069458008e-01) (11, -4.66896623373031616211e-01) (7, 1.32034330368041992188e+01) (8, -5.02009658813476562500e+01) (9, 5.22418498992919921875e-01) (10, 1.09440016746520996094e+00) (11, 1.02854943275451660156e+00) (7, -5.86765468120574951172e-01) (8, 9.17875099182128906250e+00) (9, 1.19960807263851165771e-01) (10, -4.06915813684463500977e-01) (11, -3.85939747095108032227e-01) (12, 1.63584709167480468750e-01) (13, -2.11507976055145263672e-01) (14, -2.61686980724334716797e-01) (15, 4.00273293256759643555e-01) (16, 1.32586583495140075684e-01) 
