FANN_FLO_2.1
num_layers=3
learning_rate=0.500000
connection_rate=1.000000
network_type=0
learning_momentum=0.000000
training_algorithm=2
train_error_function=1
train_stop_function=0
cascade_output_change_fraction=0.010000
quickprop_decay=-0.000100
quickprop_mu=1.750000
rprop_increase_factor=1.200000
rprop_decrease_factor=0.500000
rprop_delta_min=0.000000
rprop_delta_max=50.000000
rprop_delta_zero=0.100000
cascade_output_stagnation_epochs=12
cascade_candidate_change_fraction=0.010000
cascade_candidate_stagnation_epochs=12
cascade_max_out_epochs=150
cascade_min_out_epochs=50
cascade_max_cand_epochs=150
cascade_min_cand_epochs=50
cascade_num_candidate_groups=2
bit_fail_limit=3.49999994039535522461e-01
cascade_candidate_limit=1.00000000000000000000e+03
cascade_weight_multiplier=4.00000005960464477539e-01
cascade_activation_functions_count=10
cascade_activation_functions=3 5 7 8 10 11 14 15 16 17 
cascade_activation_steepnesses_count=4
cascade_activation_steepnesses=2.50000000000000000000e-01 5.00000000000000000000e-01 7.50000000000000000000e-01 1.00000000000000000000e+00 
layer_sizes=3 5 4 
scale_included=0
neurons (num_inputs, activation_function, activation_steepness)=(0, 0, 0.00000000000000000000e+00) (0, 0, 0.00000000000000000000e+00) (0, 0, 0.00000000000000000000e+00) (3, 3, 5.00000000000000000000e-01) (3, 3, 5.00000000000000000000e-01) (3, 3, 5.00000000000000000000e-01) (3, 3, 5.00000000000000000000e-01) (0, 3, 0.00000000000000000000e+00) (5, 0, 5.00000000000000000000e-01) (5, 0, 5.00000000000000000000e-01) (5, 0, 5.00000000000000000000e-01) (0, 0, 0.00000000000000000000e+00) 
connections (connected_to_neuron, weight)=(0, -2.77830982208251953125e+00) (1, 2.04550288617610931396e-02) (2, 1.81107431650161743164e-01) (0, -1.31960439682006835938e+01) (1, 1.35149917602539062500e+01) (2, 1.30472154617309570312e+01) (0, -3.73034858703613281250e+00) (1, 2.60159540176391601562e+00) (2, 9.57398355007171630859e-01) (0, -1.70202004909515380859e+00) (1, -2.22811985015869140625e+00) (2, 5.69568932056427001953e-01) (3, 3.89154624938964843750e+00) (4, 5.57501435279846191406e-01) (5, 2.35092616081237792969e+00) (6, 2.75153756141662597656e+00) (7, 9.07624721527099609375e-01) (3, 9.68881797790527343750e+00) (4, 4.34789466857910156250e+00) (5, 6.52713680267333984375e+00) (6, 9.57353878021240234375e+00) (7, 3.38551974296569824219e+00) (3, 3.01312828063964843750e+01) (4, 1.40806598663330078125e+01) (5, 1.97067508697509765625e+01) (6, 3.25155487060546875000e+01) (7, 1.67503910064697265625e+01) 
