FANN_FLO_2.1
num_layers=4
learning_rate=0.300000
connection_rate=1.000000
network_type=0
learning_momentum=0.000000
training_algorithm=2
train_error_function=1
train_stop_function=0
cascade_output_change_fraction=0.010000
quickprop_decay=-0.000100
quickprop_mu=1.750000
rprop_increase_factor=1.200000
rprop_decrease_factor=0.500000
rprop_delta_min=0.000000
rprop_delta_max=50.000000
rprop_delta_zero=0.100000
cascade_output_stagnation_epochs=12
cascade_candidate_change_fraction=0.010000
cascade_candidate_stagnation_epochs=12
cascade_max_out_epochs=150
cascade_min_out_epochs=50
cascade_max_cand_epochs=150
cascade_min_cand_epochs=50
cascade_num_candidate_groups=2
bit_fail_limit=3.49999994039535522461e-01
cascade_candidate_limit=1.00000000000000000000e+03
cascade_weight_multiplier=4.00000005960464477539e-01
cascade_activation_functions_count=10
cascade_activation_functions=3 5 7 8 10 11 14 15 16 17 
cascade_activation_steepnesses_count=4
cascade_activation_steepnesses=2.50000000000000000000e-01 5.00000000000000000000e-01 7.50000000000000000000e-01 1.00000000000000000000e+00 
layer_sizes=2 5 5 3 
scale_included=0
neurons (num_inputs, activation_function, activation_steepness)=(0, 0, 0.00000000000000000000e+00) (0, 0, 0.00000000000000000000e+00) (2, 3, 5.00000000000000000000e-01) (2, 3, 5.00000000000000000000e-01) (2, 3, 5.00000000000000000000e-01) (2, 3, 5.00000000000000000000e-01) (0, 3, 0.00000000000000000000e+00) (5, 3, 5.00000000000000000000e-01) (5, 3, 5.00000000000000000000e-01) (5, 3, 5.00000000000000000000e-01) (5, 3, 5.00000000000000000000e-01) (0, 3, 0.00000000000000000000e+00) (5, 0, 5.00000000000000000000e-01) (5, 0, 5.00000000000000000000e-01) (0, 0, 0.00000000000000000000e+00) 
connections (connected_to_neuron, weight)=(0, 4.99846076965332031250e+01) (1, 7.79389321804046630859e-01) (0, 2.61042537689208984375e+01) (1, 7.49195218086242675781e-01) (0, -1.95469275116920471191e-01) (1, -1.27371215820312500000e+00) (0, 7.60727465152740478516e-01) (1, 6.82934880256652832031e-01) (2, -6.95816934108734130859e-01) (3, -6.57204210758209228516e-01) (4, 1.66848301887512207031e-01) (5, -1.83815300464630126953e+00) (6, 3.48506420850753784180e-01) (2, 6.72450363636016845703e-02) (3, 3.16826373338699340820e-01) (4, 1.27012997865676879883e-01) (5, -6.62359893321990966797e-01) (6, 9.08365696668624877930e-02) (2, -1.34071171283721923828e+00) (3, -1.31395852565765380859e+00) (4, 4.82552617788314819336e-01) (5, -1.63254594802856445312e+00) (6, 3.53223174810409545898e-01) (2, 1.31473827362060546875e+00) (3, 1.59411752223968505859e+00) (4, 7.01069310307502746582e-02) (5, -1.39214932918548583984e+00) (6, 8.68353992700576782227e-02) (7, 1.21817246079444885254e-01) (8, 4.42312564700841903687e-03) (9, 2.83757179975509643555e-01) (10, -9.73706543445587158203e-02) (11, -1.18192039430141448975e-01) (7, -6.56856596469879150391e-01) (8, -4.92035716772079467773e-01) (9, -1.19569325447082519531e+00) (10, -4.54748868942260742188e-01) (11, -5.96366226673126220703e-01) 
