FANN_FLO_2.1
num_layers=3
learning_rate=0.500000
connection_rate=1.000000
network_type=0
learning_momentum=0.000000
training_algorithm=2
train_error_function=1
train_stop_function=0
cascade_output_change_fraction=0.010000
quickprop_decay=-0.000100
quickprop_mu=1.750000
rprop_increase_factor=1.200000
rprop_decrease_factor=0.500000
rprop_delta_min=0.000000
rprop_delta_max=50.000000
rprop_delta_zero=0.100000
cascade_output_stagnation_epochs=12
cascade_candidate_change_fraction=0.010000
cascade_candidate_stagnation_epochs=12
cascade_max_out_epochs=150
cascade_min_out_epochs=50
cascade_max_cand_epochs=150
cascade_min_cand_epochs=50
cascade_num_candidate_groups=2
bit_fail_limit=3.49999994039535522461e-01
cascade_candidate_limit=1.00000000000000000000e+03
cascade_weight_multiplier=4.00000005960464477539e-01
cascade_activation_functions_count=10
cascade_activation_functions=3 5 7 8 10 11 14 15 16 17 
cascade_activation_steepnesses_count=4
cascade_activation_steepnesses=2.50000000000000000000e-01 5.00000000000000000000e-01 7.50000000000000000000e-01 1.00000000000000000000e+00 
layer_sizes=3 9 4 
scale_included=0
neurons (num_inputs, activation_function, activation_steepness)=(0, 0, 0.00000000000000000000e+00) (0, 0, 0.00000000000000000000e+00) (0, 0, 0.00000000000000000000e+00) (3, 3, 5.00000000000000000000e-01) (3, 3, 5.00000000000000000000e-01) (3, 3, 5.00000000000000000000e-01) (3, 3, 5.00000000000000000000e-01) (3, 3, 5.00000000000000000000e-01) (3, 3, 5.00000000000000000000e-01) (3, 3, 5.00000000000000000000e-01) (3, 3, 5.00000000000000000000e-01) (0, 3, 0.00000000000000000000e+00) (9, 0, 5.00000000000000000000e-01) (9, 0, 5.00000000000000000000e-01) (9, 0, 5.00000000000000000000e-01) (0, 0, 0.00000000000000000000e+00) 
connections (connected_to_neuron, weight)=(0, -1.02104291915893554688e+01) (1, -2.53506153821945190430e-01) (2, 2.47937440872192382812e+00) (0, -7.21110153198242187500e+00) (1, 5.94590520858764648438e+00) (2, 5.02713394165039062500e+00) (0, -8.66894226074218750000e+01) (1, -1.56147756576538085938e+01) (2, 1.39229190349578857422e+00) (0, -2.47714161872863769531e+00) (1, -2.55369925498962402344e+00) (2, 1.17203481495380401611e-01) (0, -5.90411329269409179688e+00) (1, 5.60439252853393554688e+00) (2, 7.26590394973754882812e+00) (0, -5.70218038558959960938e+00) (1, 2.79674959182739257812e+00) (2, 1.06073312759399414062e+01) (0, -6.55623769760131835938e+00) (1, 3.11247324943542480469e+00) (2, 4.38812923431396484375e+00) (0, -6.11804962158203125000e+00) (1, 1.77153468132019042969e+00) (2, 2.48213958740234375000e+00) (3, 1.03858852386474609375e+00) (4, 8.83750319480895996094e-01) (5, 1.51232802867889404297e+00) (6, 3.37106370925903320312e+00) (7, 6.51351928710937500000e-01) (8, 6.39228343963623046875e-01) (9, 6.14133179187774658203e-01) (10, 1.36958789825439453125e+00) (11, 5.38786590099334716797e-01) (3, 3.46515536308288574219e+00) (4, 3.22772431373596191406e+00) (5, 2.93228268623352050781e+00) (6, 9.59223365783691406250e+00) (7, 2.17455697059631347656e+00) (8, 2.37553524971008300781e+00) (9, 2.09376978874206542969e+00) (10, 4.48794364929199218750e+00) (11, 2.37552452087402343750e+00) (3, 1.22828292846679687500e+01) (4, 8.75030231475830078125e+00) (5, 8.40650939941406250000e+00) (6, 3.05931816101074218750e+01) (7, 8.70640563964843750000e+00) (8, 9.72620201110839843750e+00) (9, 8.80548191070556640625e+00) (10, 1.26931943893432617188e+01) (11, 9.73037528991699218750e+00) 
