FANN_FLO_2.1
num_layers=4
learning_rate=0.300000
connection_rate=1.000000
network_type=0
learning_momentum=0.000000
training_algorithm=2
train_error_function=1
train_stop_function=0
cascade_output_change_fraction=0.010000
quickprop_decay=-0.000100
quickprop_mu=1.750000
rprop_increase_factor=1.200000
rprop_decrease_factor=0.500000
rprop_delta_min=0.000000
rprop_delta_max=50.000000
rprop_delta_zero=0.100000
cascade_output_stagnation_epochs=12
cascade_candidate_change_fraction=0.010000
cascade_candidate_stagnation_epochs=12
cascade_max_out_epochs=150
cascade_min_out_epochs=50
cascade_max_cand_epochs=150
cascade_min_cand_epochs=50
cascade_num_candidate_groups=2
bit_fail_limit=3.49999994039535522461e-01
cascade_candidate_limit=1.00000000000000000000e+03
cascade_weight_multiplier=4.00000005960464477539e-01
cascade_activation_functions_count=10
cascade_activation_functions=3 5 7 8 10 11 14 15 16 17 
cascade_activation_steepnesses_count=4
cascade_activation_steepnesses=2.50000000000000000000e-01 5.00000000000000000000e-01 7.50000000000000000000e-01 1.00000000000000000000e+00 
layer_sizes=2 5 5 3 
scale_included=0
neurons (num_inputs, activation_function, activation_steepness)=(0, 0, 0.00000000000000000000e+00) (0, 0, 0.00000000000000000000e+00) (2, 3, 5.00000000000000000000e-01) (2, 3, 5.00000000000000000000e-01) (2, 3, 5.00000000000000000000e-01) (2, 3, 5.00000000000000000000e-01) (0, 3, 0.00000000000000000000e+00) (5, 3, 5.00000000000000000000e-01) (5, 3, 5.00000000000000000000e-01) (5, 3, 5.00000000000000000000e-01) (5, 3, 5.00000000000000000000e-01) (0, 3, 0.00000000000000000000e+00) (5, 0, 5.00000000000000000000e-01) (5, 0, 5.00000000000000000000e-01) (0, 0, 0.00000000000000000000e+00) 
connections (connected_to_neuron, weight)=(0, -4.56758422851562500000e+02) (1, -9.05893445014953613281e-01) (0, -3.39036026000976562500e+01) (1, -7.66781759262084960938e+00) (0, -8.04600753784179687500e+01) (1, -5.81031703948974609375e+00) (0, -6.45692214965820312500e+01) (1, -8.05553817749023437500e+00) (2, 5.64549624919891357422e-01) (3, -5.12216424942016601562e+00) (4, 1.21681630611419677734e-01) (5, 3.68479877710342407227e-01) (6, 6.35389447212219238281e-01) (2, 7.99946129322052001953e-01) (3, 5.63183844089508056641e-01) (4, 5.28715014457702636719e-01) (5, 5.48989117145538330078e-01) (6, -4.86203618347644805908e-02) (2, 2.03500232696533203125e+01) (3, 5.44755280017852783203e-01) (4, 7.81516551971435546875e-01) (5, 8.69036078453063964844e-01) (6, -8.66971015930175781250e+00) (2, 3.94781947135925292969e+00) (3, 3.49226117134094238281e-01) (4, 4.69008177518844604492e-01) (5, 5.85845172405242919922e-01) (6, -1.52914774417877197266e+00) (7, 3.42693105340003967285e-02) (8, -5.95059394836425781250e-02) (9, 2.77843922376632690430e-01) (10, -1.48060500621795654297e-01) (11, -9.12549644708633422852e-02) (7, -1.69113242626190185547e+00) (8, 1.12700092792510986328e+00) (9, -2.20331430435180664062e+00) (10, -3.30629259347915649414e-01) (11, -4.58437532186508178711e-01) 
