FANN_FLO_2.1
num_layers=4
learning_rate=0.450000
connection_rate=1.000000
network_type=0
learning_momentum=0.000000
training_algorithm=2
train_error_function=1
train_stop_function=0
cascade_output_change_fraction=0.010000
quickprop_decay=-0.000100
quickprop_mu=1.750000
rprop_increase_factor=1.200000
rprop_decrease_factor=0.500000
rprop_delta_min=0.000000
rprop_delta_max=50.000000
rprop_delta_zero=0.100000
cascade_output_stagnation_epochs=12
cascade_candidate_change_fraction=0.010000
cascade_candidate_stagnation_epochs=12
cascade_max_out_epochs=150
cascade_min_out_epochs=50
cascade_max_cand_epochs=150
cascade_min_cand_epochs=50
cascade_num_candidate_groups=2
bit_fail_limit=3.49999994039535522461e-01
cascade_candidate_limit=1.00000000000000000000e+03
cascade_weight_multiplier=4.00000005960464477539e-01
cascade_activation_functions_count=10
cascade_activation_functions=3 5 7 8 10 11 14 15 16 17 
cascade_activation_steepnesses_count=4
cascade_activation_steepnesses=2.50000000000000000000e-01 5.00000000000000000000e-01 7.50000000000000000000e-01 1.00000000000000000000e+00 
layer_sizes=7 3 3 2 
scale_included=0
neurons (num_inputs, activation_function, activation_steepness)=(0, 0, 0.00000000000000000000e+00) (0, 0, 0.00000000000000000000e+00) (0, 0, 0.00000000000000000000e+00) (0, 0, 0.00000000000000000000e+00) (0, 0, 0.00000000000000000000e+00) (0, 0, 0.00000000000000000000e+00) (0, 0, 0.00000000000000000000e+00) (7, 3, 5.00000000000000000000e-01) (7, 3, 5.00000000000000000000e-01) (0, 3, 0.00000000000000000000e+00) (3, 3, 5.00000000000000000000e-01) (3, 3, 5.00000000000000000000e-01) (0, 3, 0.00000000000000000000e+00) (3, 0, 5.00000000000000000000e-01) (0, 0, 0.00000000000000000000e+00) 
connections (connected_to_neuron, weight)=(0, 9.36556160449981689453e-02) (1, 1.72529220581054687500e+00) (2, -2.36771821975708007812e+00) (3, 1.23449122905731201172e+00) (4, 2.38527727127075195312e+00) (5, -2.94196319580078125000e+00) (6, -6.61772823333740234375e+00) (0, 5.64403564453125000000e+02) (1, 6.35268371582031250000e+02) (2, 6.67720397949218750000e+02) (3, -1.34707006835937500000e+03) (4, 6.08130615234375000000e+02) (5, -9.30000427246093750000e+02) (6, 2.19254925847053527832e-01) (7, -3.93884658813476562500e+00) (8, -2.32113409042358398438e+00) (9, -1.22019076347351074219e+00) (7, -1.02718889713287353516e+00) (8, 1.55192598700523376465e-01) (9, 2.22319159656763076782e-02) (10, 5.56878745555877685547e-01) (11, -8.18554535508155822754e-02) (12, 3.54121476411819458008e-02) 
