FANN_FLO_2.1
num_layers=3
learning_rate=0.500000
connection_rate=1.000000
network_type=0
learning_momentum=0.000000
training_algorithm=2
train_error_function=1
train_stop_function=0
cascade_output_change_fraction=0.010000
quickprop_decay=-0.000100
quickprop_mu=1.750000
rprop_increase_factor=1.200000
rprop_decrease_factor=0.500000
rprop_delta_min=0.000000
rprop_delta_max=50.000000
rprop_delta_zero=0.100000
cascade_output_stagnation_epochs=12
cascade_candidate_change_fraction=0.010000
cascade_candidate_stagnation_epochs=12
cascade_max_out_epochs=150
cascade_min_out_epochs=50
cascade_max_cand_epochs=150
cascade_min_cand_epochs=50
cascade_num_candidate_groups=2
bit_fail_limit=3.49999994039535522461e-01
cascade_candidate_limit=1.00000000000000000000e+03
cascade_weight_multiplier=4.00000005960464477539e-01
cascade_activation_functions_count=10
cascade_activation_functions=3 5 7 8 10 11 14 15 16 17 
cascade_activation_steepnesses_count=4
cascade_activation_steepnesses=2.50000000000000000000e-01 5.00000000000000000000e-01 7.50000000000000000000e-01 1.00000000000000000000e+00 
layer_sizes=10 5 2 
scale_included=0
neurons (num_inputs, activation_function, activation_steepness)=(0, 0, 0.00000000000000000000e+00) (0, 0, 0.00000000000000000000e+00) (0, 0, 0.00000000000000000000e+00) (0, 0, 0.00000000000000000000e+00) (0, 0, 0.00000000000000000000e+00) (0, 0, 0.00000000000000000000e+00) (0, 0, 0.00000000000000000000e+00) (0, 0, 0.00000000000000000000e+00) (0, 0, 0.00000000000000000000e+00) (0, 0, 0.00000000000000000000e+00) (10, 3, 5.00000000000000000000e-01) (10, 3, 5.00000000000000000000e-01) (10, 3, 5.00000000000000000000e-01) (10, 3, 5.00000000000000000000e-01) (0, 3, 0.00000000000000000000e+00) (5, 3, 5.00000000000000000000e-01) (0, 3, 0.00000000000000000000e+00) 
connections (connected_to_neuron, weight)=(0, -4.16715085506439208984e-01) (1, -5.64027726650238037109e-01) (2, -2.44311749935150146484e-01) (3, -3.68618577718734741211e-01) (4, -4.59442436695098876953e-01) (5, -3.67561995983123779297e-01) (6, -3.52498710155487060547e-01) (7, -4.72585648298263549805e-01) (8, -4.14888769388198852539e-01) (9, 1.44647324085235595703e+00) (0, -2.82065123319625854492e-01) (1, -1.20270289480686187744e-01) (2, -7.58581906557083129883e-02) (3, -3.02304863929748535156e-01) (4, -1.51827478408813476562e+00) (5, -1.81306764483451843262e-01) (6, 2.11498569697141647339e-02) (7, -3.61128717660903930664e-01) (8, -1.40375256538391113281e-01) (9, 6.29212975502014160156e-01) (0, 4.02371674776077270508e-01) (1, 3.01342487335205078125e-01) (2, 7.61831521987915039062e-01) (3, 5.49191355705261230469e-01) (4, -5.01774668693542480469e-01) (5, 6.08250617980957031250e-01) (6, 6.60138428211212158203e-01) (7, 3.21066975593566894531e-01) (8, 5.05252897739410400391e-01) (9, -9.17647659778594970703e-01) (0, 3.90613853931427001953e-01) (1, 2.25215405225753784180e-01) (2, 8.19970309734344482422e-01) (3, 3.34123641252517700195e-01) (4, 7.26483687758445739746e-02) (5, 3.33206683397293090820e-01) (6, 6.98971390724182128906e-01) (7, 2.65185058116912841797e-01) (8, 4.82665002346038818359e-01) (9, -8.35431098937988281250e-01) (10, -2.44496536254882812500e+00) (11, -9.73041057586669921875e-01) (12, 1.49805831909179687500e+00) (13, 3.23988497257232666016e-01) (14, -3.92460543662309646606e-03) 
