FANN_FLO_2.1
num_layers=3
learning_rate=0.450000
connection_rate=1.000000
network_type=0
learning_momentum=0.000000
training_algorithm=2
train_error_function=1
train_stop_function=0
cascade_output_change_fraction=0.010000
quickprop_decay=-0.000100
quickprop_mu=1.750000
rprop_increase_factor=1.200000
rprop_decrease_factor=0.500000
rprop_delta_min=0.000000
rprop_delta_max=50.000000
rprop_delta_zero=0.100000
cascade_output_stagnation_epochs=12
cascade_candidate_change_fraction=0.010000
cascade_candidate_stagnation_epochs=12
cascade_max_out_epochs=150
cascade_min_out_epochs=50
cascade_max_cand_epochs=150
cascade_min_cand_epochs=50
cascade_num_candidate_groups=2
bit_fail_limit=3.49999994039535522461e-01
cascade_candidate_limit=1.00000000000000000000e+03
cascade_weight_multiplier=4.00000005960464477539e-01
cascade_activation_functions_count=10
cascade_activation_functions=3 5 7 8 10 11 14 15 16 17 
cascade_activation_steepnesses_count=4
cascade_activation_steepnesses=2.50000000000000000000e-01 5.00000000000000000000e-01 7.50000000000000000000e-01 1.00000000000000000000e+00 
layer_sizes=7 5 2 
scale_included=0
neurons (num_inputs, activation_function, activation_steepness)=(0, 0, 0.00000000000000000000e+00) (0, 0, 0.00000000000000000000e+00) (0, 0, 0.00000000000000000000e+00) (0, 0, 0.00000000000000000000e+00) (0, 0, 0.00000000000000000000e+00) (0, 0, 0.00000000000000000000e+00) (0, 0, 0.00000000000000000000e+00) (7, 3, 5.00000000000000000000e-01) (7, 3, 5.00000000000000000000e-01) (7, 3, 5.00000000000000000000e-01) (7, 3, 5.00000000000000000000e-01) (0, 3, 0.00000000000000000000e+00) (5, 0, 5.00000000000000000000e-01) (0, 0, 0.00000000000000000000e+00) 
connections (connected_to_neuron, weight)=(0, -3.96453404426574707031e+00) (1, -2.97353601455688476562e+00) (2, 1.04145879745483398438e+01) (3, -4.19176826477050781250e+01) (4, -3.19800823926925659180e-01) (5, 7.79163694381713867188e+00) (6, -7.74005115032196044922e-01) (0, -8.14191055297851562500e+00) (1, -2.34496092796325683594e+00) (2, 6.37039995193481445312e+00) (3, -1.02589721679687500000e+01) (4, -2.40198874473571777344e+00) (5, 1.40045261383056640625e+01) (6, -9.86100018024444580078e-01) (0, -6.38371258974075317383e-02) (1, 5.84665596485137939453e-01) (2, 3.27342247962951660156e+00) (3, -1.30511569976806640625e+00) (4, 4.31053924560546875000e+00) (5, 2.00542759895324707031e+00) (6, 1.32443034648895263672e+00) (0, -1.43151655793190002441e-01) (1, -3.03633272647857666016e-01) (2, 4.49386954307556152344e-01) (3, -5.28772287070751190186e-02) (4, -3.95468235015869140625e-01) (5, 3.75451266765594482422e-01) (6, -1.21495699882507324219e+00) (7, 1.39566612243652343750e+01) (8, -1.77705039978027343750e+01) (9, -1.49342048168182373047e+00) (10, 2.37646818161010742188e-01) (11, 1.52586007118225097656e+00) 
