FANN_FLO_2.1
num_layers=3
learning_rate=0.500000
connection_rate=1.000000
network_type=0
learning_momentum=0.000000
training_algorithm=2
train_error_function=1
train_stop_function=0
cascade_output_change_fraction=0.010000
quickprop_decay=-0.000100
quickprop_mu=1.750000
rprop_increase_factor=1.200000
rprop_decrease_factor=0.500000
rprop_delta_min=0.000000
rprop_delta_max=50.000000
rprop_delta_zero=0.100000
cascade_output_stagnation_epochs=12
cascade_candidate_change_fraction=0.010000
cascade_candidate_stagnation_epochs=12
cascade_max_out_epochs=150
cascade_min_out_epochs=50
cascade_max_cand_epochs=150
cascade_min_cand_epochs=50
cascade_num_candidate_groups=2
bit_fail_limit=3.49999994039535522461e-01
cascade_candidate_limit=1.00000000000000000000e+03
cascade_weight_multiplier=4.00000005960464477539e-01
cascade_activation_functions_count=10
cascade_activation_functions=3 5 7 8 10 11 14 15 16 17 
cascade_activation_steepnesses_count=4
cascade_activation_steepnesses=2.50000000000000000000e-01 5.00000000000000000000e-01 7.50000000000000000000e-01 1.00000000000000000000e+00 
layer_sizes=10 3 2 
scale_included=0
neurons (num_inputs, activation_function, activation_steepness)=(0, 0, 0.00000000000000000000e+00) (0, 0, 0.00000000000000000000e+00) (0, 0, 0.00000000000000000000e+00) (0, 0, 0.00000000000000000000e+00) (0, 0, 0.00000000000000000000e+00) (0, 0, 0.00000000000000000000e+00) (0, 0, 0.00000000000000000000e+00) (0, 0, 0.00000000000000000000e+00) (0, 0, 0.00000000000000000000e+00) (0, 0, 0.00000000000000000000e+00) (10, 3, 5.00000000000000000000e-01) (10, 3, 5.00000000000000000000e-01) (0, 3, 0.00000000000000000000e+00) (3, 3, 5.00000000000000000000e-01) (0, 3, 0.00000000000000000000e+00) 
connections (connected_to_neuron, weight)=(0, 1.47189408540725708008e-01) (1, -6.56353607773780822754e-02) (2, 6.05227887630462646484e-01) (3, 4.16360974311828613281e-01) (4, -2.13811658322811126709e-02) (5, 4.98705863952636718750e-01) (6, 6.33324563503265380859e-01) (7, 4.33082908391952514648e-01) (8, 5.69822072982788085938e-01) (9, -3.57958257198333740234e-01) (0, -4.92745876312255859375e-01) (1, -5.73557376861572265625e-01) (2, -3.21086734533309936523e-01) (3, -3.78659605979919433594e-01) (4, -5.51025092601776123047e-01) (5, -3.71249198913574218750e-01) (6, -3.16541016101837158203e-01) (7, -3.99428844451904296875e-01) (8, -3.43199938535690307617e-01) (9, 1.47158491611480712891e+00) (10, 1.67381739616394042969e+00) (11, -3.56473469734191894531e+00) (12, 1.37360453605651855469e-01) 
