FANN_FLO_2.1
num_layers=3
learning_rate=0.500000
connection_rate=1.000000
network_type=0
learning_momentum=0.000000
training_algorithm=2
train_error_function=1
train_stop_function=0
cascade_output_change_fraction=0.010000
quickprop_decay=-0.000100
quickprop_mu=1.750000
rprop_increase_factor=1.200000
rprop_decrease_factor=0.500000
rprop_delta_min=0.000000
rprop_delta_max=50.000000
rprop_delta_zero=0.100000
cascade_output_stagnation_epochs=12
cascade_candidate_change_fraction=0.010000
cascade_candidate_stagnation_epochs=12
cascade_max_out_epochs=150
cascade_min_out_epochs=50
cascade_max_cand_epochs=150
cascade_min_cand_epochs=50
cascade_num_candidate_groups=2
bit_fail_limit=3.49999994039535522461e-01
cascade_candidate_limit=1.00000000000000000000e+03
cascade_weight_multiplier=4.00000005960464477539e-01
cascade_activation_functions_count=10
cascade_activation_functions=3 5 7 8 10 11 14 15 16 17 
cascade_activation_steepnesses_count=4
cascade_activation_steepnesses=2.50000000000000000000e-01 5.00000000000000000000e-01 7.50000000000000000000e-01 1.00000000000000000000e+00 
layer_sizes=7 5 2 
scale_included=0
neurons (num_inputs, activation_function, activation_steepness)=(0, 0, 0.00000000000000000000e+00) (0, 0, 0.00000000000000000000e+00) (0, 0, 0.00000000000000000000e+00) (0, 0, 0.00000000000000000000e+00) (0, 0, 0.00000000000000000000e+00) (0, 0, 0.00000000000000000000e+00) (0, 0, 0.00000000000000000000e+00) (7, 3, 5.00000000000000000000e-01) (7, 3, 5.00000000000000000000e-01) (7, 3, 5.00000000000000000000e-01) (7, 3, 5.00000000000000000000e-01) (0, 3, 0.00000000000000000000e+00) (5, 0, 5.00000000000000000000e-01) (0, 0, 0.00000000000000000000e+00) 
connections (connected_to_neuron, weight)=(0, 3.71581107378005981445e-01) (1, -3.14093589782714843750e+00) (2, 1.96443634033203125000e+01) (3, -3.33153564453125000000e+02) (4, -4.72422480583190917969e-01) (5, -1.94922411441802978516e+00) (6, -6.32547914981842041016e-01) (0, 1.43006285652518272400e-02) (1, 1.00605897605419158936e-01) (2, -4.19061854481697082520e-02) (3, -6.21572583913803100586e-02) (4, 3.18914442323148250580e-03) (5, -4.36985045671463012695e-02) (6, 1.41548824310302734375e+00) (0, -5.49261629581451416016e-01) (1, -3.98120671510696411133e-01) (2, 5.54082766175270080566e-02) (3, -4.06008541584014892578e-01) (4, 5.60512900352478027344e-01) (5, 7.54960119724273681641e-01) (6, -3.33724111318588256836e-01) (0, -6.34305715560913085938e-01) (1, -5.63685119152069091797e-01) (2, 6.64184692382812500000e+02) (3, -3.70602190494537353516e-01) (4, 2.01781392097473144531e-01) (5, 1.24701988697052001953e+00) (6, -1.12552845478057861328e+00) (7, 8.00250411033630371094e-01) (8, -1.04129888117313385010e-01) (9, -5.72124794125556945801e-02) (10, -6.70147943310439586639e-04) (11, 1.04815460741519927979e-01) 
