FANN_FLO_2.1
num_layers=3
learning_rate=0.500000
connection_rate=1.000000
network_type=0
learning_momentum=0.000000
training_algorithm=2
train_error_function=1
train_stop_function=0
cascade_output_change_fraction=0.010000
quickprop_decay=-0.000100
quickprop_mu=1.750000
rprop_increase_factor=1.200000
rprop_decrease_factor=0.500000
rprop_delta_min=0.000000
rprop_delta_max=50.000000
rprop_delta_zero=0.100000
cascade_output_stagnation_epochs=12
cascade_candidate_change_fraction=0.010000
cascade_candidate_stagnation_epochs=12
cascade_max_out_epochs=150
cascade_min_out_epochs=50
cascade_max_cand_epochs=150
cascade_min_cand_epochs=50
cascade_num_candidate_groups=2
bit_fail_limit=3.49999994039535522461e-01
cascade_candidate_limit=1.00000000000000000000e+03
cascade_weight_multiplier=4.00000005960464477539e-01
cascade_activation_functions_count=10
cascade_activation_functions=3 5 7 8 10 11 14 15 16 17 
cascade_activation_steepnesses_count=4
cascade_activation_steepnesses=2.50000000000000000000e-01 5.00000000000000000000e-01 7.50000000000000000000e-01 1.00000000000000000000e+00 
layer_sizes=7 9 2 
scale_included=0
neurons (num_inputs, activation_function, activation_steepness)=(0, 0, 0.00000000000000000000e+00) (0, 0, 0.00000000000000000000e+00) (0, 0, 0.00000000000000000000e+00) (0, 0, 0.00000000000000000000e+00) (0, 0, 0.00000000000000000000e+00) (0, 0, 0.00000000000000000000e+00) (0, 0, 0.00000000000000000000e+00) (7, 3, 5.00000000000000000000e-01) (7, 3, 5.00000000000000000000e-01) (7, 3, 5.00000000000000000000e-01) (7, 3, 5.00000000000000000000e-01) (7, 3, 5.00000000000000000000e-01) (7, 3, 5.00000000000000000000e-01) (7, 3, 5.00000000000000000000e-01) (7, 3, 5.00000000000000000000e-01) (0, 3, 0.00000000000000000000e+00) (9, 0, 5.00000000000000000000e-01) (0, 0, 0.00000000000000000000e+00) 
connections (connected_to_neuron, weight)=(0, -1.92901104688644409180e-01) (1, -1.44498515129089355469e+00) (2, 1.47192692756652832031e+00) (3, -6.22271776199340820312e-01) (4, -5.92803239822387695312e-01) (5, 1.34668374061584472656e+00) (6, -8.57702672481536865234e-01) (0, -4.18516427278518676758e-01) (1, -4.14874345064163208008e-01) (2, 7.17854976654052734375e-01) (3, -1.88694939017295837402e-01) (4, 1.27546638250350952148e-01) (5, 1.61041766405105590820e-01) (6, 1.16001617908477783203e+00) (0, -1.93507671356201171875e-01) (1, 1.91975608468055725098e-01) (2, -1.60337895154953002930e-01) (3, 2.39651381969451904297e-01) (4, -4.05154377222061157227e-01) (5, -1.57171681523323059082e-01) (6, -2.53331589698791503906e+00) (0, 1.09985494613647460938e+00) (1, -1.06986892223358154297e+00) (2, -4.16898536682128906250e+00) (3, -8.77011239528656005859e-01) (4, -7.21289992332458496094e-01) (5, 1.67457735538482666016e+00) (6, -1.79658722877502441406e+00) (0, 1.12399268150329589844e+00) (1, -1.01203572750091552734e+00) (2, -1.58470466732978820801e-01) (3, -9.47051823139190673828e-01) (4, -1.92229282855987548828e+00) (5, -2.01565757393836975098e-01) (6, -6.41315042972564697266e-01) (0, -7.35881614685058593750e+00) (1, 1.43341171741485595703e+00) (2, 5.55408000946044921875e+00) (3, -7.90157735347747802734e-01) (4, 1.31784820556640625000e+00) (5, -1.97253882884979248047e-01) (6, -2.29684770107269287109e-01) (0, -6.76376056671142578125e+00) (1, -1.22639602661132812500e+02) (2, 4.15989130735397338867e-01) (3, -1.27340281009674072266e+00) (4, -2.67769775390625000000e+01) (5, 9.23271954059600830078e-01) (6, -1.68337866663932800293e-01) (0, -5.15033155679702758789e-02) (1, -6.38660478591918945312e+00) (2, 4.86818218231201171875e+00) (3, -6.73757195472717285156e-01) (4, -3.18909019231796264648e-01) (5, 1.73974835872650146484e+00) (6, -9.19976949691772460938e-01) (7, 1.78704336285591125488e-01) (8, -5.10923527181148529053e-02) (9, 1.09315896034240722656e+00) (10, 9.12881493568420410156e-01) (11, -9.50120761990547180176e-03) (12, -6.35423790663480758667e-03) (13, -1.25000000000000000000e+03) (14, -5.85255492478609085083e-03) (15, 3.95474676042795181274e-03) 
