FANN_FLO_2.1
num_layers=4
learning_rate=0.300000
connection_rate=1.000000
network_type=0
learning_momentum=0.000000
training_algorithm=2
train_error_function=1
train_stop_function=0
cascade_output_change_fraction=0.010000
quickprop_decay=-0.000100
quickprop_mu=1.750000
rprop_increase_factor=1.200000
rprop_decrease_factor=0.500000
rprop_delta_min=0.000000
rprop_delta_max=50.000000
rprop_delta_zero=0.100000
cascade_output_stagnation_epochs=12
cascade_candidate_change_fraction=0.010000
cascade_candidate_stagnation_epochs=12
cascade_max_out_epochs=150
cascade_min_out_epochs=50
cascade_max_cand_epochs=150
cascade_min_cand_epochs=50
cascade_num_candidate_groups=2
bit_fail_limit=3.49999994039535522461e-01
cascade_candidate_limit=1.00000000000000000000e+03
cascade_weight_multiplier=4.00000005960464477539e-01
cascade_activation_functions_count=10
cascade_activation_functions=3 5 7 8 10 11 14 15 16 17 
cascade_activation_steepnesses_count=4
cascade_activation_steepnesses=2.50000000000000000000e-01 5.00000000000000000000e-01 7.50000000000000000000e-01 1.00000000000000000000e+00 
layer_sizes=2 5 3 3 
scale_included=0
neurons (num_inputs, activation_function, activation_steepness)=(0, 0, 0.00000000000000000000e+00) (0, 0, 0.00000000000000000000e+00) (2, 3, 5.00000000000000000000e-01) (2, 3, 5.00000000000000000000e-01) (2, 3, 5.00000000000000000000e-01) (2, 3, 5.00000000000000000000e-01) (0, 3, 0.00000000000000000000e+00) (5, 3, 5.00000000000000000000e-01) (5, 3, 5.00000000000000000000e-01) (0, 3, 0.00000000000000000000e+00) (3, 0, 5.00000000000000000000e-01) (3, 0, 5.00000000000000000000e-01) (0, 0, 0.00000000000000000000e+00) 
connections (connected_to_neuron, weight)=(0, -1.50000000000000000000e+03) (1, -4.16152620315551757812e+00) (0, -1.50000000000000000000e+03) (1, -3.77843213081359863281e+00) (0, -1.50000000000000000000e+03) (1, -5.41353750228881835938e+00) (0, -1.50000000000000000000e+03) (1, -3.71555018424987792969e+00) (2, 4.91173893213272094727e-01) (3, 4.28512811660766601562e-01) (4, 3.27754706144332885742e-01) (5, 2.92259305715560913086e-01) (6, 1.66073217988014221191e-01) (2, 1.23535513877868652344e+00) (3, 1.51237475872039794922e+00) (4, 8.97640347480773925781e-01) (5, 1.15989160537719726562e+00) (6, -2.89939546585083007812e+00) (7, -1.19206793606281280518e-01) (8, 2.32414886355400085449e-01) (9, -1.02053575217723846436e-01) (7, -7.76302576065063476562e-01) (8, -9.72475051879882812500e-01) (9, -7.83831119537353515625e-01) 
