FANN_FLO_2.1
num_layers=3
learning_rate=0.400000
connection_rate=1.000000
network_type=0
learning_momentum=0.000000
training_algorithm=2
train_error_function=1
train_stop_function=0
cascade_output_change_fraction=0.010000
quickprop_decay=-0.000100
quickprop_mu=1.750000
rprop_increase_factor=1.200000
rprop_decrease_factor=0.500000
rprop_delta_min=0.000000
rprop_delta_max=50.000000
rprop_delta_zero=0.100000
cascade_output_stagnation_epochs=12
cascade_candidate_change_fraction=0.010000
cascade_candidate_stagnation_epochs=12
cascade_max_out_epochs=150
cascade_min_out_epochs=50
cascade_max_cand_epochs=150
cascade_min_cand_epochs=50
cascade_num_candidate_groups=2
bit_fail_limit=3.49999994039535522461e-01
cascade_candidate_limit=1.00000000000000000000e+03
cascade_weight_multiplier=4.00000005960464477539e-01
cascade_activation_functions_count=10
cascade_activation_functions=3 5 7 8 10 11 14 15 16 17 
cascade_activation_steepnesses_count=4
cascade_activation_steepnesses=2.50000000000000000000e-01 5.00000000000000000000e-01 7.50000000000000000000e-01 1.00000000000000000000e+00 
layer_sizes=10 3 2 
scale_included=0
neurons (num_inputs, activation_function, activation_steepness)=(0, 0, 0.00000000000000000000e+00) (0, 0, 0.00000000000000000000e+00) (0, 0, 0.00000000000000000000e+00) (0, 0, 0.00000000000000000000e+00) (0, 0, 0.00000000000000000000e+00) (0, 0, 0.00000000000000000000e+00) (0, 0, 0.00000000000000000000e+00) (0, 0, 0.00000000000000000000e+00) (0, 0, 0.00000000000000000000e+00) (0, 0, 0.00000000000000000000e+00) (10, 3, 5.00000000000000000000e-01) (10, 3, 5.00000000000000000000e-01) (0, 3, 0.00000000000000000000e+00) (3, 3, 5.00000000000000000000e-01) (0, 3, 0.00000000000000000000e+00) 
connections (connected_to_neuron, weight)=(0, 1.31115406751632690430e-01) (1, 1.50895655155181884766e-01) (2, 1.69930607080459594727e-01) (3, 5.16096428036689758301e-02) (4, 3.56980711221694946289e-02) (5, 3.67545709013938903809e-02) (6, 5.25390133261680603027e-02) (7, 1.36724665760993957520e-01) (8, 3.95288765430450439453e-02) (9, 6.68834149837493896484e-02) (0, 1.38402238488197326660e-01) (1, 9.41115096211433410645e-02) (2, 4.82090860605239868164e-02) (3, 3.81777435541152954102e-02) (4, 1.47266238927841186523e-01) (5, 4.26220521330833435059e-02) (6, 1.68422967195510864258e-01) (7, 1.08636960387229919434e-01) (8, 4.25376221537590026855e-02) (9, 2.55195647478103637695e-02) (10, -1.97548091411590576172e-01) (11, -1.84190481901168823242e-01) (12, -6.88819065690040588379e-02) 
