FANN_FLO_2.1
num_layers=4
learning_rate=0.300000
connection_rate=1.000000
network_type=0
learning_momentum=0.000000
training_algorithm=2
train_error_function=1
train_stop_function=0
cascade_output_change_fraction=0.010000
quickprop_decay=-0.000100
quickprop_mu=1.750000
rprop_increase_factor=1.200000
rprop_decrease_factor=0.500000
rprop_delta_min=0.000000
rprop_delta_max=50.000000
rprop_delta_zero=0.100000
cascade_output_stagnation_epochs=12
cascade_candidate_change_fraction=0.010000
cascade_candidate_stagnation_epochs=12
cascade_max_out_epochs=150
cascade_min_out_epochs=50
cascade_max_cand_epochs=150
cascade_min_cand_epochs=50
cascade_num_candidate_groups=2
bit_fail_limit=3.49999994039535522461e-01
cascade_candidate_limit=1.00000000000000000000e+03
cascade_weight_multiplier=4.00000005960464477539e-01
cascade_activation_functions_count=10
cascade_activation_functions=3 5 7 8 10 11 14 15 16 17 
cascade_activation_steepnesses_count=4
cascade_activation_steepnesses=2.50000000000000000000e-01 5.00000000000000000000e-01 7.50000000000000000000e-01 1.00000000000000000000e+00 
layer_sizes=2 5 3 3 
scale_included=0
neurons (num_inputs, activation_function, activation_steepness)=(0, 0, 0.00000000000000000000e+00) (0, 0, 0.00000000000000000000e+00) (2, 3, 5.00000000000000000000e-01) (2, 3, 5.00000000000000000000e-01) (2, 3, 5.00000000000000000000e-01) (2, 3, 5.00000000000000000000e-01) (0, 3, 0.00000000000000000000e+00) (5, 3, 5.00000000000000000000e-01) (5, 3, 5.00000000000000000000e-01) (0, 3, 0.00000000000000000000e+00) (3, 0, 5.00000000000000000000e-01) (3, 0, 5.00000000000000000000e-01) (0, 0, 0.00000000000000000000e+00) 
connections (connected_to_neuron, weight)=(0, -1.23899908065795898438e+01) (1, -8.25911998748779296875e-01) (0, -1.29327383041381835938e+01) (1, -9.52757358551025390625e-01) (0, -7.55839109420776367188e-01) (1, 1.64396047592163085938e+00) (0, -1.48693752288818359375e+01) (1, -1.66662526130676269531e+00) (2, 4.66326653957366943359e-01) (3, 4.42863881587982177734e-01) (4, -6.85405312106013298035e-03) (5, 4.13272768259048461914e-01) (6, -2.54095979034900665283e-02) (2, 7.66559362411499023438e-01) (3, 8.49243044853210449219e-01) (4, -1.62923431396484375000e+00) (5, 2.69534349441528320312e+00) (6, 7.83714354038238525391e-02) (7, -7.01835891231894493103e-03) (8, 2.31744423508644104004e-01) (9, -2.14541956782341003418e-01) (7, -4.82701212167739868164e-01) (8, -1.36220872402191162109e+00) (9, -4.32934701442718505859e-01) 
