FANN_FLO_2.1
num_layers=3
learning_rate=0.400000
connection_rate=1.000000
network_type=0
learning_momentum=0.000000
training_algorithm=2
train_error_function=1
train_stop_function=0
cascade_output_change_fraction=0.010000
quickprop_decay=-0.000100
quickprop_mu=1.750000
rprop_increase_factor=1.200000
rprop_decrease_factor=0.500000
rprop_delta_min=0.000000
rprop_delta_max=50.000000
rprop_delta_zero=0.100000
cascade_output_stagnation_epochs=12
cascade_candidate_change_fraction=0.010000
cascade_candidate_stagnation_epochs=12
cascade_max_out_epochs=150
cascade_min_out_epochs=50
cascade_max_cand_epochs=150
cascade_min_cand_epochs=50
cascade_num_candidate_groups=2
bit_fail_limit=3.49999994039535522461e-01
cascade_candidate_limit=1.00000000000000000000e+03
cascade_weight_multiplier=4.00000005960464477539e-01
cascade_activation_functions_count=10
cascade_activation_functions=3 5 7 8 10 11 14 15 16 17 
cascade_activation_steepnesses_count=4
cascade_activation_steepnesses=2.50000000000000000000e-01 5.00000000000000000000e-01 7.50000000000000000000e-01 1.00000000000000000000e+00 
layer_sizes=6 5 2 
scale_included=0
neurons (num_inputs, activation_function, activation_steepness)=(0, 0, 0.00000000000000000000e+00) (0, 0, 0.00000000000000000000e+00) (0, 0, 0.00000000000000000000e+00) (0, 0, 0.00000000000000000000e+00) (0, 0, 0.00000000000000000000e+00) (0, 0, 0.00000000000000000000e+00) (6, 3, 5.00000000000000000000e-01) (6, 3, 5.00000000000000000000e-01) (6, 3, 5.00000000000000000000e-01) (6, 3, 5.00000000000000000000e-01) (0, 3, 0.00000000000000000000e+00) (5, 0, 5.00000000000000000000e-01) (0, 0, 0.00000000000000000000e+00) 
connections (connected_to_neuron, weight)=(0, -2.61398834228515625000e+02) (1, -3.25573364257812500000e+02) (2, 1.46078324317932128906e+00) (3, 2.03867053985595703125e+01) (4, 5.72429733276367187500e+01) (5, -4.06232208013534545898e-01) (0, -1.50000000000000000000e+03) (1, -3.33600616455078125000e+02) (2, 1.43232429027557373047e+00) (3, -1.95412814617156982422e+00) (4, 5.58325576782226562500e+01) (5, -1.12361706793308258057e-01) (0, -1.50000000000000000000e+03) (1, -1.46652709960937500000e+03) (2, -4.53533081054687500000e+02) (3, -7.49338134765625000000e+02) (4, 3.42420697212219238281e-01) (5, -1.35717105865478515625e+01) (0, -1.50000000000000000000e+03) (1, -7.38782787322998046875e+00) (2, -1.37262308597564697266e+00) (3, -4.54048442840576171875e+00) (4, 1.80337107181549072266e+00) (5, -9.91767525672912597656e-01) (6, 2.79785171151161193848e-02) (7, 9.15152907371520996094e-01) (8, 4.49349939823150634766e-01) (9, 2.66754627227783203125e+00) (10, 7.29150235652923583984e-01) 
