FANN_FLO_2.1
num_layers=4
learning_rate=0.450000
connection_rate=1.000000
network_type=0
learning_momentum=0.000000
training_algorithm=2
train_error_function=1
train_stop_function=0
cascade_output_change_fraction=0.010000
quickprop_decay=-0.000100
quickprop_mu=1.750000
rprop_increase_factor=1.200000
rprop_decrease_factor=0.500000
rprop_delta_min=0.000000
rprop_delta_max=50.000000
rprop_delta_zero=0.100000
cascade_output_stagnation_epochs=12
cascade_candidate_change_fraction=0.010000
cascade_candidate_stagnation_epochs=12
cascade_max_out_epochs=150
cascade_min_out_epochs=50
cascade_max_cand_epochs=150
cascade_min_cand_epochs=50
cascade_num_candidate_groups=2
bit_fail_limit=3.49999994039535522461e-01
cascade_candidate_limit=1.00000000000000000000e+03
cascade_weight_multiplier=4.00000005960464477539e-01
cascade_activation_functions_count=10
cascade_activation_functions=3 5 7 8 10 11 14 15 16 17 
cascade_activation_steepnesses_count=4
cascade_activation_steepnesses=2.50000000000000000000e-01 5.00000000000000000000e-01 7.50000000000000000000e-01 1.00000000000000000000e+00 
layer_sizes=7 5 3 2 
scale_included=0
neurons (num_inputs, activation_function, activation_steepness)=(0, 0, 0.00000000000000000000e+00) (0, 0, 0.00000000000000000000e+00) (0, 0, 0.00000000000000000000e+00) (0, 0, 0.00000000000000000000e+00) (0, 0, 0.00000000000000000000e+00) (0, 0, 0.00000000000000000000e+00) (0, 0, 0.00000000000000000000e+00) (7, 3, 5.00000000000000000000e-01) (7, 3, 5.00000000000000000000e-01) (7, 3, 5.00000000000000000000e-01) (7, 3, 5.00000000000000000000e-01) (0, 3, 0.00000000000000000000e+00) (5, 3, 5.00000000000000000000e-01) (5, 3, 5.00000000000000000000e-01) (0, 3, 0.00000000000000000000e+00) (3, 0, 5.00000000000000000000e-01) (0, 0, 0.00000000000000000000e+00) 
connections (connected_to_neuron, weight)=(0, 7.18471780419349670410e-02) (1, 3.10176789760589599609e-01) (2, -7.65077650547027587891e-01) (3, 1.00240960717201232910e-01) (4, 4.57956790924072265625e-01) (5, -3.51619094610214233398e-01) (6, 1.13197600841522216797e+00) (0, -4.42149974405765533447e-02) (1, 4.91917848587036132812e-01) (2, -5.73560118675231933594e-01) (3, 8.91597867012023925781e-02) (4, 5.37569761276245117188e-01) (5, -5.26660919189453125000e-01) (6, 7.45451569557189941406e-01) (0, 1.43950553610920906067e-02) (1, 4.51218932867050170898e-01) (2, 1.88596129417419433594e-01) (3, -2.61531651020050048828e-01) (4, -4.10730093717575073242e-01) (5, -1.66586622595787048340e-01) (6, -6.03089928627014160156e-02) (0, -7.23902893066406250000e+00) (1, -3.31272661685943603516e-01) (2, -1.21112716674804687500e+02) (3, -1.80049991607666015625e+00) (4, -9.68228653073310852051e-02) (5, 1.70256607055664062500e+02) (6, -2.27345168590545654297e-01) (7, -3.80014181137084960938e+00) (8, -1.55160248279571533203e+00) (9, -3.18083477020263671875e+00) (10, 8.22059265136718750000e+02) (11, 5.20477533340454101562e-01) (7, -6.39408340454101562500e+01) (8, -5.12449598312377929688e+00) (9, -3.41658416748046875000e+02) (10, -1.49041503906250000000e+03) (11, 4.60067462921142578125e+00) (12, 1.37691065669059753418e-01) (13, 1.50000000000000000000e+03) (14, -9.66746732592582702637e-02) 
