FANN_FLO_2.1
num_layers=4
learning_rate=0.500000
connection_rate=1.000000
network_type=0
learning_momentum=0.000000
training_algorithm=2
train_error_function=1
train_stop_function=0
cascade_output_change_fraction=0.010000
quickprop_decay=-0.000100
quickprop_mu=1.750000
rprop_increase_factor=1.200000
rprop_decrease_factor=0.500000
rprop_delta_min=0.000000
rprop_delta_max=50.000000
rprop_delta_zero=0.100000
cascade_output_stagnation_epochs=12
cascade_candidate_change_fraction=0.010000
cascade_candidate_stagnation_epochs=12
cascade_max_out_epochs=150
cascade_min_out_epochs=50
cascade_max_cand_epochs=150
cascade_min_cand_epochs=50
cascade_num_candidate_groups=2
bit_fail_limit=3.49999994039535522461e-01
cascade_candidate_limit=1.00000000000000000000e+03
cascade_weight_multiplier=4.00000005960464477539e-01
cascade_activation_functions_count=10
cascade_activation_functions=3 5 7 8 10 11 14 15 16 17 
cascade_activation_steepnesses_count=4
cascade_activation_steepnesses=2.50000000000000000000e-01 5.00000000000000000000e-01 7.50000000000000000000e-01 1.00000000000000000000e+00 
layer_sizes=4 5 3 2 
scale_included=0
neurons (num_inputs, activation_function, activation_steepness)=(0, 0, 0.00000000000000000000e+00) (0, 0, 0.00000000000000000000e+00) (0, 0, 0.00000000000000000000e+00) (0, 0, 0.00000000000000000000e+00) (4, 3, 5.00000000000000000000e-01) (4, 3, 5.00000000000000000000e-01) (4, 3, 5.00000000000000000000e-01) (4, 3, 5.00000000000000000000e-01) (0, 3, 0.00000000000000000000e+00) (5, 3, 5.00000000000000000000e-01) (5, 3, 5.00000000000000000000e-01) (0, 3, 0.00000000000000000000e+00) (3, 3, 5.00000000000000000000e-01) (0, 3, 0.00000000000000000000e+00) 
connections (connected_to_neuron, weight)=(0, -3.43546128273010253906e+00) (1, -8.56368064880371093750e+00) (2, 9.70818579196929931641e-01) (3, 3.95902013778686523438e+00) (0, -3.29360866546630859375e+00) (1, -6.80924844741821289062e+00) (2, -5.44972717761993408203e-01) (3, 2.91649031639099121094e+00) (0, -5.89720106124877929688e+00) (1, -6.63524150848388671875e+00) (2, 8.70361924171447753906e-01) (3, 3.97048878669738769531e+00) (0, -4.96604347229003906250e+00) (1, -7.46426725387573242188e+00) (2, 2.41420650482177734375e+00) (3, 3.10263347625732421875e+00) (4, 4.94108676910400390625e+00) (5, 6.88290596008300781250e+00) (6, 2.92031841278076171875e+01) (7, 6.78366136550903320312e+00) (8, -7.48254871368408203125e+00) (4, 1.50000000000000000000e+03) (5, 1.35585986328125000000e+03) (6, 1.50000000000000000000e+03) (7, 1.50000000000000000000e+03) (8, -2.06436233520507812500e+02) (9, -5.89633274078369140625e+00) (10, 1.57666110992431640625e+00) (11, 2.10979747772216796875e+00) 
