FANN_FLO_2.1
num_layers=3
learning_rate=0.500000
connection_rate=1.000000
network_type=0
learning_momentum=0.000000
training_algorithm=2
train_error_function=1
train_stop_function=0
cascade_output_change_fraction=0.010000
quickprop_decay=-0.000100
quickprop_mu=1.750000
rprop_increase_factor=1.200000
rprop_decrease_factor=0.500000
rprop_delta_min=0.000000
rprop_delta_max=50.000000
rprop_delta_zero=0.100000
cascade_output_stagnation_epochs=12
cascade_candidate_change_fraction=0.010000
cascade_candidate_stagnation_epochs=12
cascade_max_out_epochs=150
cascade_min_out_epochs=50
cascade_max_cand_epochs=150
cascade_min_cand_epochs=50
cascade_num_candidate_groups=2
bit_fail_limit=3.49999994039535522461e-01
cascade_candidate_limit=1.00000000000000000000e+03
cascade_weight_multiplier=4.00000005960464477539e-01
cascade_activation_functions_count=10
cascade_activation_functions=3 5 7 8 10 11 14 15 16 17 
cascade_activation_steepnesses_count=4
cascade_activation_steepnesses=2.50000000000000000000e-01 5.00000000000000000000e-01 7.50000000000000000000e-01 1.00000000000000000000e+00 
layer_sizes=7 5 2 
scale_included=0
neurons (num_inputs, activation_function, activation_steepness)=(0, 0, 0.00000000000000000000e+00) (0, 0, 0.00000000000000000000e+00) (0, 0, 0.00000000000000000000e+00) (0, 0, 0.00000000000000000000e+00) (0, 0, 0.00000000000000000000e+00) (0, 0, 0.00000000000000000000e+00) (0, 0, 0.00000000000000000000e+00) (7, 3, 5.00000000000000000000e-01) (7, 3, 5.00000000000000000000e-01) (7, 3, 5.00000000000000000000e-01) (7, 3, 5.00000000000000000000e-01) (0, 3, 0.00000000000000000000e+00) (5, 0, 5.00000000000000000000e-01) (0, 0, 0.00000000000000000000e+00) 
connections (connected_to_neuron, weight)=(0, -1.52283370494842529297e+00) (1, -6.62261009216308593750e-01) (2, -1.50000000000000000000e+03) (3, 1.50000000000000000000e+03) (4, 1.50000000000000000000e+03) (5, 2.09477996826171875000e+02) (6, -5.17169237136840820312e-01) (0, -3.87867808341979980469e-01) (1, -3.69249701499938964844e-01) (2, 4.27767634391784667969e-01) (3, 1.92909240722656250000e-01) (4, -4.45799589157104492188e-01) (5, 6.55005991458892822266e-01) (6, -1.83453965187072753906e+00) (0, 1.36454299926757812500e+02) (1, -2.05132579803466796875e+00) (2, 1.50000000000000000000e+03) (3, -1.35596633911132812500e+02) (4, -1.44248425292968750000e+03) (5, -1.22538925170898437500e+02) (6, -1.53765332698822021484e+00) (0, -2.96651184558868408203e-01) (1, 3.33198398351669311523e-01) (2, -7.53976464271545410156e-01) (3, -3.67201566696166992188e-01) (4, -4.99004095792770385742e-01) (5, 1.65503334999084472656e+00) (6, -2.03838539123535156250e+00) (7, 1.71525962650775909424e-03) (8, 1.46615386009216308594e-01) (9, -7.96564668416976928711e-03) (10, -1.42281517386436462402e-01) (11, 1.13964779302477836609e-02) 
