FANN_FLO_2.1
num_layers=3
learning_rate=0.500000
connection_rate=1.000000
network_type=0
learning_momentum=0.000000
training_algorithm=2
train_error_function=1
train_stop_function=0
cascade_output_change_fraction=0.010000
quickprop_decay=-0.000100
quickprop_mu=1.750000
rprop_increase_factor=1.200000
rprop_decrease_factor=0.500000
rprop_delta_min=0.000000
rprop_delta_max=50.000000
rprop_delta_zero=0.100000
cascade_output_stagnation_epochs=12
cascade_candidate_change_fraction=0.010000
cascade_candidate_stagnation_epochs=12
cascade_max_out_epochs=150
cascade_min_out_epochs=50
cascade_max_cand_epochs=150
cascade_min_cand_epochs=50
cascade_num_candidate_groups=2
bit_fail_limit=3.49999994039535522461e-01
cascade_candidate_limit=1.00000000000000000000e+03
cascade_weight_multiplier=4.00000005960464477539e-01
cascade_activation_functions_count=10
cascade_activation_functions=3 5 7 8 10 11 14 15 16 17 
cascade_activation_steepnesses_count=4
cascade_activation_steepnesses=2.50000000000000000000e-01 5.00000000000000000000e-01 7.50000000000000000000e-01 1.00000000000000000000e+00 
layer_sizes=10 5 2 
scale_included=0
neurons (num_inputs, activation_function, activation_steepness)=(0, 0, 0.00000000000000000000e+00) (0, 0, 0.00000000000000000000e+00) (0, 0, 0.00000000000000000000e+00) (0, 0, 0.00000000000000000000e+00) (0, 0, 0.00000000000000000000e+00) (0, 0, 0.00000000000000000000e+00) (0, 0, 0.00000000000000000000e+00) (0, 0, 0.00000000000000000000e+00) (0, 0, 0.00000000000000000000e+00) (0, 0, 0.00000000000000000000e+00) (10, 3, 5.00000000000000000000e-01) (10, 3, 5.00000000000000000000e-01) (10, 3, 5.00000000000000000000e-01) (10, 3, 5.00000000000000000000e-01) (0, 3, 0.00000000000000000000e+00) (5, 3, 5.00000000000000000000e-01) (0, 3, 0.00000000000000000000e+00) 
connections (connected_to_neuron, weight)=(0, -4.18927490711212158203e-01) (1, -4.40231233835220336914e-01) (2, -4.89475756883621215820e-01) (3, -4.67481106519699096680e-01) (4, -8.05015444755554199219e-01) (5, -4.69006329774856567383e-01) (6, -4.42913293838500976562e-01) (7, -4.32010650634765625000e-01) (8, -4.90771114826202392578e-01) (9, 1.88847172260284423828e+00) (0, 7.36624836921691894531e-01) (1, 8.06452512741088867188e-01) (2, 7.76041030883789062500e-01) (3, 2.76844114065170288086e-01) (4, -4.49736595153808593750e-01) (5, 1.97273612022399902344e-01) (6, 6.63527131080627441406e-01) (7, 6.05202734470367431641e-01) (8, 1.95411860942840576172e-01) (9, -9.68510657548904418945e-03) (0, 8.64099800586700439453e-01) (1, 8.30426037311553955078e-01) (2, 5.42227268218994140625e-01) (3, 1.57581090927124023438e-01) (4, -3.20405215024948120117e-01) (5, 2.13599532842636108398e-01) (6, 6.73089206218719482422e-01) (7, 7.30011582374572753906e-01) (8, 7.42962956428527832031e-02) (9, 2.64950580894947052002e-02) (0, -4.71619933843612670898e-01) (1, -4.23796772956848144531e-01) (2, -4.37719672918319702148e-01) (3, -5.77931225299835205078e-01) (4, -4.50701445341110229492e-01) (5, -5.78005850315093994141e-01) (6, -4.73713368177413940430e-01) (7, -4.74803984165191650391e-01) (8, -6.04617118835449218750e-01) (9, 1.97063958644866943359e+00) (10, -1.68841695785522460938e+00) (11, 5.63731968402862548828e-01) (12, 5.77238202095031738281e-01) (13, -1.72289800643920898438e+00) (14, 4.61547136306762695312e-01) 
