FANN_FLO_2.1
num_layers=3
learning_rate=0.500000
connection_rate=1.000000
network_type=0
learning_momentum=0.000000
training_algorithm=2
train_error_function=1
train_stop_function=0
cascade_output_change_fraction=0.010000
quickprop_decay=-0.000100
quickprop_mu=1.750000
rprop_increase_factor=1.200000
rprop_decrease_factor=0.500000
rprop_delta_min=0.000000
rprop_delta_max=50.000000
rprop_delta_zero=0.100000
cascade_output_stagnation_epochs=12
cascade_candidate_change_fraction=0.010000
cascade_candidate_stagnation_epochs=12
cascade_max_out_epochs=150
cascade_min_out_epochs=50
cascade_max_cand_epochs=150
cascade_min_cand_epochs=50
cascade_num_candidate_groups=2
bit_fail_limit=3.49999994039535522461e-01
cascade_candidate_limit=1.00000000000000000000e+03
cascade_weight_multiplier=4.00000005960464477539e-01
cascade_activation_functions_count=10
cascade_activation_functions=3 5 7 8 10 11 14 15 16 17 
cascade_activation_steepnesses_count=4
cascade_activation_steepnesses=2.50000000000000000000e-01 5.00000000000000000000e-01 7.50000000000000000000e-01 1.00000000000000000000e+00 
layer_sizes=10 3 2 
scale_included=0
neurons (num_inputs, activation_function, activation_steepness)=(0, 0, 0.00000000000000000000e+00) (0, 0, 0.00000000000000000000e+00) (0, 0, 0.00000000000000000000e+00) (0, 0, 0.00000000000000000000e+00) (0, 0, 0.00000000000000000000e+00) (0, 0, 0.00000000000000000000e+00) (0, 0, 0.00000000000000000000e+00) (0, 0, 0.00000000000000000000e+00) (0, 0, 0.00000000000000000000e+00) (0, 0, 0.00000000000000000000e+00) (10, 3, 5.00000000000000000000e-01) (10, 3, 5.00000000000000000000e-01) (0, 3, 0.00000000000000000000e+00) (3, 3, 5.00000000000000000000e-01) (0, 3, 0.00000000000000000000e+00) 
connections (connected_to_neuron, weight)=(0, -2.41378411650657653809e-01) (1, -4.55730259418487548828e-01) (2, -5.34718692302703857422e-01) (3, -2.62854188680648803711e-01) (4, -1.91081881523132324219e-01) (5, -6.07607543468475341797e-01) (6, -4.43830132484436035156e-01) (7, -6.46732270717620849609e-01) (8, -5.54978609085083007812e-01) (9, 1.19495368003845214844e+00) (0, -6.11418068408966064453e-01) (1, -4.29634571075439453125e-01) (2, -2.92251080274581909180e-01) (3, -7.08176791667938232422e-01) (4, -6.24150693416595458984e-01) (5, -3.15630078315734863281e-01) (6, -3.92085313796997070312e-01) (7, -2.79491066932678222656e-01) (8, -2.90815711021423339844e-01) (9, 1.40560758113861083984e+00) (10, -2.47717857360839843750e+00) (11, -2.17535686492919921875e+00) (12, 1.57922482490539550781e+00) 
