FANN_FLO_2.1
num_layers=3
learning_rate=0.500000
connection_rate=1.000000
network_type=0
learning_momentum=0.000000
training_algorithm=2
train_error_function=1
train_stop_function=0
cascade_output_change_fraction=0.010000
quickprop_decay=-0.000100
quickprop_mu=1.750000
rprop_increase_factor=1.200000
rprop_decrease_factor=0.500000
rprop_delta_min=0.000000
rprop_delta_max=50.000000
rprop_delta_zero=0.100000
cascade_output_stagnation_epochs=12
cascade_candidate_change_fraction=0.010000
cascade_candidate_stagnation_epochs=12
cascade_max_out_epochs=150
cascade_min_out_epochs=50
cascade_max_cand_epochs=150
cascade_min_cand_epochs=50
cascade_num_candidate_groups=2
bit_fail_limit=3.49999994039535522461e-01
cascade_candidate_limit=1.00000000000000000000e+03
cascade_weight_multiplier=4.00000005960464477539e-01
cascade_activation_functions_count=10
cascade_activation_functions=3 5 7 8 10 11 14 15 16 17 
cascade_activation_steepnesses_count=4
cascade_activation_steepnesses=2.50000000000000000000e-01 5.00000000000000000000e-01 7.50000000000000000000e-01 1.00000000000000000000e+00 
layer_sizes=3 9 4 
scale_included=0
neurons (num_inputs, activation_function, activation_steepness)=(0, 0, 0.00000000000000000000e+00) (0, 0, 0.00000000000000000000e+00) (0, 0, 0.00000000000000000000e+00) (3, 3, 5.00000000000000000000e-01) (3, 3, 5.00000000000000000000e-01) (3, 3, 5.00000000000000000000e-01) (3, 3, 5.00000000000000000000e-01) (3, 3, 5.00000000000000000000e-01) (3, 3, 5.00000000000000000000e-01) (3, 3, 5.00000000000000000000e-01) (3, 3, 5.00000000000000000000e-01) (0, 3, 0.00000000000000000000e+00) (9, 0, 5.00000000000000000000e-01) (9, 0, 5.00000000000000000000e-01) (9, 0, 5.00000000000000000000e-01) (0, 0, 0.00000000000000000000e+00) 
connections (connected_to_neuron, weight)=(0, -4.64628458023071289062e+00) (1, 1.02801847457885742188e+00) (2, 2.66798406839370727539e-01) (0, -4.90467023849487304688e+00) (1, 3.15658020973205566406e+00) (2, 8.97750186920166015625e+00) (0, -5.94947385787963867188e+00) (1, -5.42675590515136718750e+00) (2, 1.53572404384613037109e+00) (0, -5.58766889572143554688e+00) (1, 6.52704620361328125000e+00) (2, 5.01498413085937500000e+00) (0, -7.49584197998046875000e+00) (1, 3.00722980499267578125e+00) (2, 4.29817152023315429688e+00) (0, -3.97700214385986328125e+00) (1, -1.46997618675231933594e+00) (2, 1.40783917903900146484e+00) (0, -6.50977039337158203125e+00) (1, 4.65441513061523437500e+00) (2, 4.85142183303833007812e+00) (0, -3.49122023582458496094e+00) (1, -6.38080835342407226562e+00) (2, 5.99312558770179748535e-02) (3, 2.31919169425964355469e+00) (4, 6.50090336799621582031e-01) (5, 1.58174836635589599609e+00) (6, 8.37390661239624023438e-01) (7, 6.97742640972137451172e-01) (8, 1.64770770072937011719e+00) (9, 1.02820360660552978516e+00) (10, 1.72314333915710449219e+00) (11, 4.74603831768035888672e-01) (3, 5.27906799316406250000e+00) (4, 2.25016236305236816406e+00) (5, 4.10377883911132812500e+00) (6, 2.77666354179382324219e+00) (7, 2.90540146827697753906e+00) (8, 5.37900447845458984375e+00) (9, 3.93431758880615234375e+00) (10, 4.60482788085937500000e+00) (11, 2.17167305946350097656e+00) (3, 1.51946678161621093750e+01) (4, 1.03257255554199218750e+01) (5, 1.27824096679687500000e+01) (6, 9.48037052154541015625e+00) (7, 1.16009550094604492188e+01) (8, 1.74024505615234375000e+01) (9, 9.53183650970458984375e+00) (10, 1.56844911575317382812e+01) (11, 1.01550731658935546875e+01) 
