FANN_FLO_2.1
num_layers=3
learning_rate=0.450000
connection_rate=1.000000
network_type=0
learning_momentum=0.000000
training_algorithm=2
train_error_function=1
train_stop_function=0
cascade_output_change_fraction=0.010000
quickprop_decay=-0.000100
quickprop_mu=1.750000
rprop_increase_factor=1.200000
rprop_decrease_factor=0.500000
rprop_delta_min=0.000000
rprop_delta_max=50.000000
rprop_delta_zero=0.100000
cascade_output_stagnation_epochs=12
cascade_candidate_change_fraction=0.010000
cascade_candidate_stagnation_epochs=12
cascade_max_out_epochs=150
cascade_min_out_epochs=50
cascade_max_cand_epochs=150
cascade_min_cand_epochs=50
cascade_num_candidate_groups=2
bit_fail_limit=3.49999994039535522461e-01
cascade_candidate_limit=1.00000000000000000000e+03
cascade_weight_multiplier=4.00000005960464477539e-01
cascade_activation_functions_count=10
cascade_activation_functions=3 5 7 8 10 11 14 15 16 17 
cascade_activation_steepnesses_count=4
cascade_activation_steepnesses=2.50000000000000000000e-01 5.00000000000000000000e-01 7.50000000000000000000e-01 1.00000000000000000000e+00 
layer_sizes=7 5 2 
scale_included=0
neurons (num_inputs, activation_function, activation_steepness)=(0, 0, 0.00000000000000000000e+00) (0, 0, 0.00000000000000000000e+00) (0, 0, 0.00000000000000000000e+00) (0, 0, 0.00000000000000000000e+00) (0, 0, 0.00000000000000000000e+00) (0, 0, 0.00000000000000000000e+00) (0, 0, 0.00000000000000000000e+00) (7, 3, 5.00000000000000000000e-01) (7, 3, 5.00000000000000000000e-01) (7, 3, 5.00000000000000000000e-01) (7, 3, 5.00000000000000000000e-01) (0, 3, 0.00000000000000000000e+00) (5, 0, 5.00000000000000000000e-01) (0, 0, 0.00000000000000000000e+00) 
connections (connected_to_neuron, weight)=(0, -6.36738967895507812500e+00) (1, 1.27688720822334289551e-01) (2, 4.05348777770996093750e+00) (3, 4.84339356422424316406e-01) (4, 1.49000513553619384766e+00) (5, 4.94506645202636718750e+00) (6, 5.84403574466705322266e-01) (0, -1.38929426670074462891e+00) (1, -1.31538406014442443848e-01) (2, 5.88818550109863281250e-01) (3, 4.40793335437774658203e-02) (4, -3.34979295730590820312e-01) (5, 2.94674777984619140625e+00) (6, 4.90165084600448608398e-01) (0, -5.96731758117675781250e+00) (1, 3.92999053001403808594e-01) (2, 3.65120744705200195312e+00) (3, 4.77699041366577148438e-01) (4, 1.11723852157592773438e+00) (5, 4.68488550186157226562e+00) (6, 5.48791468143463134766e-01) (0, -1.05257682800292968750e+01) (1, 8.05211603641510009766e-01) (2, 6.64523267745971679688e+00) (3, 9.31975245475769042969e-01) (4, 1.79321539402008056641e+00) (5, 8.00492858886718750000e+00) (6, 1.82753062248229980469e+00) (7, -1.91653308868408203125e+01) (8, 1.34989881515502929688e+00) (9, -1.86997337341308593750e+01) (10, 3.65063400268554687500e+01) (11, 5.14930374920368194580e-02) 
