FANN_FLO_2.1
num_layers=4
learning_rate=0.500000
connection_rate=1.000000
network_type=0
learning_momentum=0.000000
training_algorithm=2
train_error_function=1
train_stop_function=0
cascade_output_change_fraction=0.010000
quickprop_decay=-0.000100
quickprop_mu=1.750000
rprop_increase_factor=1.200000
rprop_decrease_factor=0.500000
rprop_delta_min=0.000000
rprop_delta_max=50.000000
rprop_delta_zero=0.100000
cascade_output_stagnation_epochs=12
cascade_candidate_change_fraction=0.010000
cascade_candidate_stagnation_epochs=12
cascade_max_out_epochs=150
cascade_min_out_epochs=50
cascade_max_cand_epochs=150
cascade_min_cand_epochs=50
cascade_num_candidate_groups=2
bit_fail_limit=3.49999994039535522461e-01
cascade_candidate_limit=1.00000000000000000000e+03
cascade_weight_multiplier=4.00000005960464477539e-01
cascade_activation_functions_count=10
cascade_activation_functions=3 5 7 8 10 11 14 15 16 17 
cascade_activation_steepnesses_count=4
cascade_activation_steepnesses=2.50000000000000000000e-01 5.00000000000000000000e-01 7.50000000000000000000e-01 1.00000000000000000000e+00 
layer_sizes=4 5 5 2 
scale_included=0
neurons (num_inputs, activation_function, activation_steepness)=(0, 0, 0.00000000000000000000e+00) (0, 0, 0.00000000000000000000e+00) (0, 0, 0.00000000000000000000e+00) (0, 0, 0.00000000000000000000e+00) (4, 3, 5.00000000000000000000e-01) (4, 3, 5.00000000000000000000e-01) (4, 3, 5.00000000000000000000e-01) (4, 3, 5.00000000000000000000e-01) (0, 3, 0.00000000000000000000e+00) (5, 3, 5.00000000000000000000e-01) (5, 3, 5.00000000000000000000e-01) (5, 3, 5.00000000000000000000e-01) (5, 3, 5.00000000000000000000e-01) (0, 3, 0.00000000000000000000e+00) (5, 3, 5.00000000000000000000e-01) (0, 3, 0.00000000000000000000e+00) 
connections (connected_to_neuron, weight)=(0, -5.59932899475097656250e+00) (1, -3.73807811737060546875e+00) (2, -3.34432053565979003906e+00) (3, 5.26534271240234375000e+00) (0, 3.88279571533203125000e+02) (1, 1.48635632324218750000e+03) (2, 1.50000000000000000000e+03) (3, 3.34574556350708007812e+00) (0, -1.79568433761596679688e+00) (1, -4.35065917968750000000e+01) (2, 2.85292873382568359375e+01) (3, 2.92443203926086425781e+00) (0, -6.92623853683471679688e-01) (1, -3.41700378417968750000e+02) (2, 2.23447204589843750000e+02) (3, 3.34582781791687011719e+00) (4, 1.90156383514404296875e+01) (5, -2.21838522702455520630e-02) (6, 2.50925827026367187500e+00) (7, 1.68738498687744140625e+01) (8, -6.04244947433471679688e+00) (4, 2.47233161926269531250e+01) (5, -2.94840097427368164062e+00) (6, 2.81612706184387207031e+00) (7, -1.94053173065185546875e+01) (8, -5.02242040634155273438e+00) (4, 2.81591053009033203125e+01) (5, -2.03816866874694824219e+00) (6, 4.26682853698730468750e+00) (7, -3.70317697525024414062e-02) (8, -6.97462320327758789062e+00) (4, -6.16559076309204101562e+00) (5, -2.45881527662277221680e-01) (6, 1.68323844671249389648e-01) (7, -5.27154493331909179688e+00) (8, 6.51313483715057373047e-01) (9, -6.40354394912719726562e-01) (10, -9.83892902731895446777e-02) (11, -3.51221179962158203125e+00) (12, 4.94550347328186035156e-01) (13, 1.95479750633239746094e+00) 
