FANN_FLO_2.1
num_layers=3
learning_rate=0.400000
connection_rate=1.000000
network_type=0
learning_momentum=0.000000
training_algorithm=2
train_error_function=1
train_stop_function=0
cascade_output_change_fraction=0.010000
quickprop_decay=-0.000100
quickprop_mu=1.750000
rprop_increase_factor=1.200000
rprop_decrease_factor=0.500000
rprop_delta_min=0.000000
rprop_delta_max=50.000000
rprop_delta_zero=0.100000
cascade_output_stagnation_epochs=12
cascade_candidate_change_fraction=0.010000
cascade_candidate_stagnation_epochs=12
cascade_max_out_epochs=150
cascade_min_out_epochs=50
cascade_max_cand_epochs=150
cascade_min_cand_epochs=50
cascade_num_candidate_groups=2
bit_fail_limit=3.49999994039535522461e-01
cascade_candidate_limit=1.00000000000000000000e+03
cascade_weight_multiplier=4.00000005960464477539e-01
cascade_activation_functions_count=10
cascade_activation_functions=3 5 7 8 10 11 14 15 16 17 
cascade_activation_steepnesses_count=4
cascade_activation_steepnesses=2.50000000000000000000e-01 5.00000000000000000000e-01 7.50000000000000000000e-01 1.00000000000000000000e+00 
layer_sizes=6 5 2 
scale_included=0
neurons (num_inputs, activation_function, activation_steepness)=(0, 0, 0.00000000000000000000e+00) (0, 0, 0.00000000000000000000e+00) (0, 0, 0.00000000000000000000e+00) (0, 0, 0.00000000000000000000e+00) (0, 0, 0.00000000000000000000e+00) (0, 0, 0.00000000000000000000e+00) (6, 3, 5.00000000000000000000e-01) (6, 3, 5.00000000000000000000e-01) (6, 3, 5.00000000000000000000e-01) (6, 3, 5.00000000000000000000e-01) (0, 3, 0.00000000000000000000e+00) (5, 0, 5.00000000000000000000e-01) (0, 0, 0.00000000000000000000e+00) 
connections (connected_to_neuron, weight)=(0, -9.90816497802734375000e+01) (1, -1.66324920654296875000e+01) (2, 2.33705595135688781738e-01) (3, -1.09947574138641357422e+00) (4, -8.64694023132324218750e+00) (5, 2.01935386657714843750e+00) (0, -1.18737968444824218750e+02) (1, -2.37431659698486328125e+01) (2, 7.73302733898162841797e-01) (3, -3.17696261405944824219e+00) (4, -9.03496551513671875000e+00) (5, 1.11256957054138183594e+00) (0, -8.87136535644531250000e+01) (1, -1.49211235046386718750e+01) (2, 5.99396109580993652344e-01) (3, -1.49445593357086181641e+00) (4, -6.84480428695678710938e+00) (5, 5.61620891094207763672e-01) (0, -1.38318505859375000000e+03) (1, -3.88855194091796875000e+02) (2, 1.27794021606445312500e+02) (3, -5.16740989685058593750e+00) (4, -2.86228847503662109375e+01) (5, 7.02750802040100097656e-01) (6, 3.04015197753906250000e+01) (7, 5.87048645019531250000e+02) (8, 5.61935768127441406250e+01) (9, 4.08775854110717773438e+00) (10, 5.92407345771789550781e-01) 
