FANN_FLO_2.1
num_layers=4
learning_rate=0.300000
connection_rate=1.000000
network_type=0
learning_momentum=0.000000
training_algorithm=2
train_error_function=1
train_stop_function=0
cascade_output_change_fraction=0.010000
quickprop_decay=-0.000100
quickprop_mu=1.750000
rprop_increase_factor=1.200000
rprop_decrease_factor=0.500000
rprop_delta_min=0.000000
rprop_delta_max=50.000000
rprop_delta_zero=0.100000
cascade_output_stagnation_epochs=12
cascade_candidate_change_fraction=0.010000
cascade_candidate_stagnation_epochs=12
cascade_max_out_epochs=150
cascade_min_out_epochs=50
cascade_max_cand_epochs=150
cascade_min_cand_epochs=50
cascade_num_candidate_groups=2
bit_fail_limit=3.49999994039535522461e-01
cascade_candidate_limit=1.00000000000000000000e+03
cascade_weight_multiplier=4.00000005960464477539e-01
cascade_activation_functions_count=10
cascade_activation_functions=3 5 7 8 10 11 14 15 16 17 
cascade_activation_steepnesses_count=4
cascade_activation_steepnesses=2.50000000000000000000e-01 5.00000000000000000000e-01 7.50000000000000000000e-01 1.00000000000000000000e+00 
layer_sizes=2 5 5 3 
scale_included=0
neurons (num_inputs, activation_function, activation_steepness)=(0, 0, 0.00000000000000000000e+00) (0, 0, 0.00000000000000000000e+00) (2, 3, 5.00000000000000000000e-01) (2, 3, 5.00000000000000000000e-01) (2, 3, 5.00000000000000000000e-01) (2, 3, 5.00000000000000000000e-01) (0, 3, 0.00000000000000000000e+00) (5, 3, 5.00000000000000000000e-01) (5, 3, 5.00000000000000000000e-01) (5, 3, 5.00000000000000000000e-01) (5, 3, 5.00000000000000000000e-01) (0, 3, 0.00000000000000000000e+00) (5, 0, 5.00000000000000000000e-01) (5, 0, 5.00000000000000000000e-01) (0, 0, 0.00000000000000000000e+00) 
connections (connected_to_neuron, weight)=(0, 1.26374053955078125000e+00) (1, 1.80071496963500976562e+00) (0, -1.10371801757812500000e+03) (1, -3.43050919473171234131e-02) (0, -9.57126235961914062500e+01) (1, -6.69030141830444335938e+00) (0, -1.17371118164062500000e+03) (1, -2.45560809969902038574e-01) (2, -1.46408379077911376953e+00) (3, 2.01908588409423828125e-01) (4, 3.67755979299545288086e-01) (5, 5.61541199684143066406e-01) (6, 1.78570464253425598145e-01) (2, -1.43124926090240478516e+00) (3, 5.06420314311981201172e-01) (4, 3.35818797349929809570e-01) (5, 4.20031189918518066406e-01) (6, 3.62112104892730712891e-01) (2, -7.24792003631591796875e-01) (3, 4.97853070497512817383e-01) (4, 6.58396303653717041016e-01) (5, 5.27380228042602539062e-01) (6, 4.23092752695083618164e-01) (2, -3.13135242462158203125e+00) (3, 1.93648850917816162109e+00) (4, 6.96498203277587890625e+00) (5, 9.04316782951354980469e-01) (6, -1.90892741084098815918e-01) (7, -3.64391952753067016602e-02) (8, 8.10537394136190414429e-03) (9, -6.65391236543655395508e-02) (10, 1.81970983743667602539e-01) (11, -1.12837068736553192139e-01) (7, -5.96506237983703613281e-01) (8, -5.91141700744628906250e-01) (9, -6.08141660690307617188e-01) (10, -5.32170236110687255859e-01) (11, -3.99420529603958129883e-01) 
