FANN_FLO_2.1
num_layers=4
learning_rate=0.500000
connection_rate=1.000000
network_type=0
learning_momentum=0.000000
training_algorithm=2
train_error_function=1
train_stop_function=0
cascade_output_change_fraction=0.010000
quickprop_decay=-0.000100
quickprop_mu=1.750000
rprop_increase_factor=1.200000
rprop_decrease_factor=0.500000
rprop_delta_min=0.000000
rprop_delta_max=50.000000
rprop_delta_zero=0.100000
cascade_output_stagnation_epochs=12
cascade_candidate_change_fraction=0.010000
cascade_candidate_stagnation_epochs=12
cascade_max_out_epochs=150
cascade_min_out_epochs=50
cascade_max_cand_epochs=150
cascade_min_cand_epochs=50
cascade_num_candidate_groups=2
bit_fail_limit=3.49999994039535522461e-01
cascade_candidate_limit=1.00000000000000000000e+03
cascade_weight_multiplier=4.00000005960464477539e-01
cascade_activation_functions_count=10
cascade_activation_functions=3 5 7 8 10 11 14 15 16 17 
cascade_activation_steepnesses_count=4
cascade_activation_steepnesses=2.50000000000000000000e-01 5.00000000000000000000e-01 7.50000000000000000000e-01 1.00000000000000000000e+00 
layer_sizes=4 5 5 2 
scale_included=0
neurons (num_inputs, activation_function, activation_steepness)=(0, 0, 0.00000000000000000000e+00) (0, 0, 0.00000000000000000000e+00) (0, 0, 0.00000000000000000000e+00) (0, 0, 0.00000000000000000000e+00) (4, 3, 5.00000000000000000000e-01) (4, 3, 5.00000000000000000000e-01) (4, 3, 5.00000000000000000000e-01) (4, 3, 5.00000000000000000000e-01) (0, 3, 0.00000000000000000000e+00) (5, 3, 5.00000000000000000000e-01) (5, 3, 5.00000000000000000000e-01) (5, 3, 5.00000000000000000000e-01) (5, 3, 5.00000000000000000000e-01) (0, 3, 0.00000000000000000000e+00) (5, 3, 5.00000000000000000000e-01) (0, 3, 0.00000000000000000000e+00) 
connections (connected_to_neuron, weight)=(0, -5.61603498458862304688e+00) (1, -5.75329875946044921875e+00) (2, 1.05345106124877929688e+00) (3, 2.25436615943908691406e+00) (0, -6.60100841522216796875e+00) (1, 8.38225555419921875000e+00) (2, -1.46499576568603515625e+01) (3, 4.73199415206909179688e+00) (0, -1.73727178573608398438e+00) (1, -1.99903450012207031250e+01) (2, 1.82198321819305419922e+00) (3, 5.85092687606811523438e+00) (0, -6.14857816696166992188e+00) (1, -3.76444292068481445312e+00) (2, 9.08384263515472412109e-01) (3, 3.52225470542907714844e+00) (4, 6.24211120605468750000e+00) (5, -1.09723269939422607422e+00) (6, -1.11143183708190917969e+00) (7, -5.23986816406250000000e+00) (8, 2.05334186553955078125e-01) (4, 5.21943712234497070312e+00) (5, 9.90552234649658203125e+00) (6, 6.08348989486694335938e+00) (7, 3.27121429443359375000e+01) (8, -8.89528465270996093750e+00) (4, 5.98961067199707031250e+00) (5, 7.74121713638305664062e+00) (6, 5.39110136032104492188e+00) (7, 2.68134078979492187500e+01) (8, -7.40400552749633789062e+00) (4, 3.47948122024536132812e+00) (5, 7.72132587432861328125e+00) (6, 3.86294221878051757812e+00) (7, 2.67033519744873046875e+01) (8, -6.99662208557128906250e+00) (9, 1.56951916217803955078e+00) (10, -2.77349162101745605469e+00) (11, -8.32783222198486328125e-01) (12, -4.59935903549194335938e-01) (13, 1.61395049095153808594e+00) 
