FANN_FLO_2.1
num_layers=3
learning_rate=0.500000
connection_rate=1.000000
network_type=0
learning_momentum=0.000000
training_algorithm=2
train_error_function=1
train_stop_function=0
cascade_output_change_fraction=0.010000
quickprop_decay=-0.000100
quickprop_mu=1.750000
rprop_increase_factor=1.200000
rprop_decrease_factor=0.500000
rprop_delta_min=0.000000
rprop_delta_max=50.000000
rprop_delta_zero=0.100000
cascade_output_stagnation_epochs=12
cascade_candidate_change_fraction=0.010000
cascade_candidate_stagnation_epochs=12
cascade_max_out_epochs=150
cascade_min_out_epochs=50
cascade_max_cand_epochs=150
cascade_min_cand_epochs=50
cascade_num_candidate_groups=2
bit_fail_limit=3.49999994039535522461e-01
cascade_candidate_limit=1.00000000000000000000e+03
cascade_weight_multiplier=4.00000005960464477539e-01
cascade_activation_functions_count=10
cascade_activation_functions=3 5 7 8 10 11 14 15 16 17 
cascade_activation_steepnesses_count=4
cascade_activation_steepnesses=2.50000000000000000000e-01 5.00000000000000000000e-01 7.50000000000000000000e-01 1.00000000000000000000e+00 
layer_sizes=10 5 2 
scale_included=0
neurons (num_inputs, activation_function, activation_steepness)=(0, 0, 0.00000000000000000000e+00) (0, 0, 0.00000000000000000000e+00) (0, 0, 0.00000000000000000000e+00) (0, 0, 0.00000000000000000000e+00) (0, 0, 0.00000000000000000000e+00) (0, 0, 0.00000000000000000000e+00) (0, 0, 0.00000000000000000000e+00) (0, 0, 0.00000000000000000000e+00) (0, 0, 0.00000000000000000000e+00) (0, 0, 0.00000000000000000000e+00) (10, 3, 5.00000000000000000000e-01) (10, 3, 5.00000000000000000000e-01) (10, 3, 5.00000000000000000000e-01) (10, 3, 5.00000000000000000000e-01) (0, 3, 0.00000000000000000000e+00) (5, 3, 5.00000000000000000000e-01) (0, 3, 0.00000000000000000000e+00) 
connections (connected_to_neuron, weight)=(0, 5.31662488356232643127e-04) (1, -3.53943616151809692383e-01) (2, -1.95729017257690429688e-01) (3, -5.38485944271087646484e-01) (4, -1.76286733150482177734e+00) (5, 1.54855683445930480957e-01) (6, -1.22449710965156555176e-01) (7, -9.01216506958007812500e-01) (8, -7.44844451546669006348e-02) (9, 1.10841417312622070312e+00) (0, -6.12671792507171630859e-01) (1, -5.61810016632080078125e-01) (2, -5.90758979320526123047e-01) (3, -1.05238482356071472168e-02) (4, -6.93927466869354248047e-01) (5, -3.92630845308303833008e-01) (6, -4.59301233291625976562e-01) (7, -2.85981714725494384766e-01) (8, -3.76582503318786621094e-01) (9, 7.59054481983184814453e-01) (0, -1.11300861835479736328e+00) (1, -2.53943949937820434570e-01) (2, -9.08497631549835205078e-01) (3, -3.58847051858901977539e-01) (4, -7.15335160493850708008e-02) (5, -3.39121967554092407227e-01) (6, -1.12189102172851562500e+00) (7, 4.10439223051071166992e-01) (8, -3.79865020513534545898e-01) (9, 1.05185258388519287109e+00) (0, -1.62454515695571899414e-01) (1, -6.29733026027679443359e-01) (2, -2.33639389276504516602e-01) (3, -8.77289950847625732422e-01) (4, -2.64063596725463867188e-01) (5, -7.91174650192260742188e-01) (6, -2.05347880721092224121e-01) (7, -1.10031890869140625000e+00) (8, -6.81144893169403076172e-01) (9, 2.36109924316406250000e+00) (10, -3.41394096612930297852e-01) (11, -1.41839194297790527344e+00) (12, -1.06923949718475341797e+00) (13, -1.66272187232971191406e+00) (14, 1.50766873359680175781e+00) 
