FANN_FLO_2.1
num_layers=4
learning_rate=0.300000
connection_rate=1.000000
network_type=0
learning_momentum=0.000000
training_algorithm=2
train_error_function=1
train_stop_function=0
cascade_output_change_fraction=0.010000
quickprop_decay=-0.000100
quickprop_mu=1.750000
rprop_increase_factor=1.200000
rprop_decrease_factor=0.500000
rprop_delta_min=0.000000
rprop_delta_max=50.000000
rprop_delta_zero=0.100000
cascade_output_stagnation_epochs=12
cascade_candidate_change_fraction=0.010000
cascade_candidate_stagnation_epochs=12
cascade_max_out_epochs=150
cascade_min_out_epochs=50
cascade_max_cand_epochs=150
cascade_min_cand_epochs=50
cascade_num_candidate_groups=2
bit_fail_limit=3.49999994039535522461e-01
cascade_candidate_limit=1.00000000000000000000e+03
cascade_weight_multiplier=4.00000005960464477539e-01
cascade_activation_functions_count=10
cascade_activation_functions=3 5 7 8 10 11 14 15 16 17 
cascade_activation_steepnesses_count=4
cascade_activation_steepnesses=2.50000000000000000000e-01 5.00000000000000000000e-01 7.50000000000000000000e-01 1.00000000000000000000e+00 
layer_sizes=2 5 5 3 
scale_included=0
neurons (num_inputs, activation_function, activation_steepness)=(0, 0, 0.00000000000000000000e+00) (0, 0, 0.00000000000000000000e+00) (2, 3, 5.00000000000000000000e-01) (2, 3, 5.00000000000000000000e-01) (2, 3, 5.00000000000000000000e-01) (2, 3, 5.00000000000000000000e-01) (0, 3, 0.00000000000000000000e+00) (5, 3, 5.00000000000000000000e-01) (5, 3, 5.00000000000000000000e-01) (5, 3, 5.00000000000000000000e-01) (5, 3, 5.00000000000000000000e-01) (0, 3, 0.00000000000000000000e+00) (5, 0, 5.00000000000000000000e-01) (5, 0, 5.00000000000000000000e-01) (0, 0, 0.00000000000000000000e+00) 
connections (connected_to_neuron, weight)=(0, -5.97426748275756835938e+00) (1, -1.16001451015472412109e+00) (0, -1.06498947143554687500e+01) (1, -4.23573923110961914062e+00) (0, -1.06720619201660156250e+01) (1, -2.32915592193603515625e+00) (0, -5.93380212783813476562e+00) (1, -1.31230890750885009766e+00) (2, 8.37691366672515869141e-01) (3, 1.37993812561035156250e+00) (4, 1.53186583518981933594e+00) (5, 1.24827122688293457031e+00) (6, -2.26275062561035156250e+00) (2, -9.96429100632667541504e-02) (3, 9.86167848110198974609e-01) (4, 8.86610329151153564453e-01) (5, -1.59016847610473632812e-01) (6, -2.04868525266647338867e-01) (2, 4.62067037820816040039e-01) (3, 6.14757001399993896484e-01) (4, 5.69232523441314697266e-01) (5, 4.90313678979873657227e-01) (6, 3.40465724468231201172e-01) (2, 1.24059349298477172852e-01) (3, 3.17650032043457031250e+00) (4, 1.29022800922393798828e+00) (5, 2.71045744419097900391e-01) (6, -8.38779926300048828125e-01) (7, 1.85156881809234619141e-01) (8, -8.29161703586578369141e-02) (9, -8.89654085040092468262e-02) (10, 5.89435249567031860352e-02) (11, -1.58004015684127807617e-01) (7, -6.16515755653381347656e-01) (8, -5.92044830322265625000e-01) (9, -5.37329971790313720703e-01) (10, -4.49222058057785034180e-01) (11, -4.25621449947357177734e-01) 
