FANN_FLO_2.1
num_layers=4
learning_rate=0.500000
connection_rate=1.000000
network_type=0
learning_momentum=0.000000
training_algorithm=2
train_error_function=1
train_stop_function=0
cascade_output_change_fraction=0.010000
quickprop_decay=-0.000100
quickprop_mu=1.750000
rprop_increase_factor=1.200000
rprop_decrease_factor=0.500000
rprop_delta_min=0.000000
rprop_delta_max=50.000000
rprop_delta_zero=0.100000
cascade_output_stagnation_epochs=12
cascade_candidate_change_fraction=0.010000
cascade_candidate_stagnation_epochs=12
cascade_max_out_epochs=150
cascade_min_out_epochs=50
cascade_max_cand_epochs=150
cascade_min_cand_epochs=50
cascade_num_candidate_groups=2
bit_fail_limit=3.49999994039535522461e-01
cascade_candidate_limit=1.00000000000000000000e+03
cascade_weight_multiplier=4.00000005960464477539e-01
cascade_activation_functions_count=10
cascade_activation_functions=3 5 7 8 10 11 14 15 16 17 
cascade_activation_steepnesses_count=4
cascade_activation_steepnesses=2.50000000000000000000e-01 5.00000000000000000000e-01 7.50000000000000000000e-01 1.00000000000000000000e+00 
layer_sizes=4 5 5 2 
scale_included=0
neurons (num_inputs, activation_function, activation_steepness)=(0, 0, 0.00000000000000000000e+00) (0, 0, 0.00000000000000000000e+00) (0, 0, 0.00000000000000000000e+00) (0, 0, 0.00000000000000000000e+00) (4, 3, 5.00000000000000000000e-01) (4, 3, 5.00000000000000000000e-01) (4, 3, 5.00000000000000000000e-01) (4, 3, 5.00000000000000000000e-01) (0, 3, 0.00000000000000000000e+00) (5, 3, 5.00000000000000000000e-01) (5, 3, 5.00000000000000000000e-01) (5, 3, 5.00000000000000000000e-01) (5, 3, 5.00000000000000000000e-01) (0, 3, 0.00000000000000000000e+00) (5, 3, 5.00000000000000000000e-01) (0, 3, 0.00000000000000000000e+00) 
connections (connected_to_neuron, weight)=(0, -3.28240895271301269531e+00) (1, -8.87503528594970703125e+00) (2, 1.97684061527252197266e+00) (3, 3.07203340530395507812e+00) (0, -3.23116564750671386719e+00) (1, -8.88205814361572265625e+00) (2, 1.95186185836791992188e+00) (3, 3.04796957969665527344e+00) (0, 4.09996032714843750000e+01) (1, -1.35472900390625000000e+03) (2, 1.50000000000000000000e+03) (3, 2.07001233100891113281e+00) (0, -1.26033382415771484375e+01) (1, -3.21491165161132812500e+01) (2, 2.03569297790527343750e+01) (3, 3.12035846710205078125e+00) (4, 1.69805183410644531250e+01) (5, 1.70016899108886718750e+01) (6, -1.83971095085144042969e+00) (7, -1.03377676010131835938e+00) (8, -5.23196697235107421875e+00) (4, 3.77821183204650878906e+00) (5, 9.70521736145019531250e+00) (6, 2.43249778747558593750e+01) (7, 1.47008923339843750000e+03) (8, -2.49423866271972656250e+01) (4, 4.45999694824218750000e+02) (5, 4.45935211181640625000e+02) (6, 1.50000000000000000000e+03) (7, 1.57880065917968750000e+02) (8, 1.91360893249511718750e+01) (4, 1.31008434295654296875e+01) (5, 1.89322700500488281250e+01) (6, 1.59213483333587646484e+00) (7, -7.09992065429687500000e+01) (8, -8.18157863616943359375e+00) (9, -5.23911714553833007812e+00) (10, 1.28452229499816894531e+00) (11, 3.31098645925521850586e-01) (12, -1.41817167401313781738e-01) (13, 1.36307859420776367188e+00) 
