FANN_FLO_2.1
num_layers=4
learning_rate=0.500000
connection_rate=1.000000
network_type=0
learning_momentum=0.000000
training_algorithm=2
train_error_function=1
train_stop_function=0
cascade_output_change_fraction=0.010000
quickprop_decay=-0.000100
quickprop_mu=1.750000
rprop_increase_factor=1.200000
rprop_decrease_factor=0.500000
rprop_delta_min=0.000000
rprop_delta_max=50.000000
rprop_delta_zero=0.100000
cascade_output_stagnation_epochs=12
cascade_candidate_change_fraction=0.010000
cascade_candidate_stagnation_epochs=12
cascade_max_out_epochs=150
cascade_min_out_epochs=50
cascade_max_cand_epochs=150
cascade_min_cand_epochs=50
cascade_num_candidate_groups=2
bit_fail_limit=3.49999994039535522461e-01
cascade_candidate_limit=1.00000000000000000000e+03
cascade_weight_multiplier=4.00000005960464477539e-01
cascade_activation_functions_count=10
cascade_activation_functions=3 5 7 8 10 11 14 15 16 17 
cascade_activation_steepnesses_count=4
cascade_activation_steepnesses=2.50000000000000000000e-01 5.00000000000000000000e-01 7.50000000000000000000e-01 1.00000000000000000000e+00 
layer_sizes=4 5 3 2 
scale_included=0
neurons (num_inputs, activation_function, activation_steepness)=(0, 0, 0.00000000000000000000e+00) (0, 0, 0.00000000000000000000e+00) (0, 0, 0.00000000000000000000e+00) (0, 0, 0.00000000000000000000e+00) (4, 3, 5.00000000000000000000e-01) (4, 3, 5.00000000000000000000e-01) (4, 3, 5.00000000000000000000e-01) (4, 3, 5.00000000000000000000e-01) (0, 3, 0.00000000000000000000e+00) (5, 3, 5.00000000000000000000e-01) (5, 3, 5.00000000000000000000e-01) (0, 3, 0.00000000000000000000e+00) (3, 3, 5.00000000000000000000e-01) (0, 3, 0.00000000000000000000e+00) 
connections (connected_to_neuron, weight)=(0, -1.79979572296142578125e+01) (1, -1.96031723022460937500e+01) (2, -4.87545490264892578125e+00) (3, 1.65245933532714843750e+01) (0, 1.50000000000000000000e+03) (1, -2.86408843994140625000e+02) (2, 1.50000000000000000000e+03) (3, 4.76723623275756835938e+00) (0, -5.86200561523437500000e+02) (1, 1.20650781250000000000e+03) (2, -1.91333053588867187500e+02) (3, 3.16226291656494140625e+00) (0, -2.82940277099609375000e+02) (1, 7.55394531250000000000e+02) (2, 1.04303817749023437500e+01) (3, 7.17651546001434326172e-02) (4, 4.74763031005859375000e+01) (5, -1.12518453598022460938e+00) (6, 1.64128577709197998047e+00) (7, -2.01732888817787170410e-01) (8, -9.00807138532400131226e-03) (4, 1.90979995727539062500e+02) (5, -3.03972101211547851562e+00) (6, 1.31043601036071777344e+00) (7, -2.17379736900329589844e+00) (8, -3.11849385499954223633e-01) (9, -1.22671329975128173828e+00) (10, -3.37154293060302734375e+00) (11, 2.36968421936035156250e+00) 
