FANN_FLO_2.1
num_layers=3
learning_rate=0.500000
connection_rate=1.000000
network_type=0
learning_momentum=0.000000
training_algorithm=2
train_error_function=1
train_stop_function=0
cascade_output_change_fraction=0.010000
quickprop_decay=-0.000100
quickprop_mu=1.750000
rprop_increase_factor=1.200000
rprop_decrease_factor=0.500000
rprop_delta_min=0.000000
rprop_delta_max=50.000000
rprop_delta_zero=0.100000
cascade_output_stagnation_epochs=12
cascade_candidate_change_fraction=0.010000
cascade_candidate_stagnation_epochs=12
cascade_max_out_epochs=150
cascade_min_out_epochs=50
cascade_max_cand_epochs=150
cascade_min_cand_epochs=50
cascade_num_candidate_groups=2
bit_fail_limit=3.49999994039535522461e-01
cascade_candidate_limit=1.00000000000000000000e+03
cascade_weight_multiplier=4.00000005960464477539e-01
cascade_activation_functions_count=10
cascade_activation_functions=3 5 7 8 10 11 14 15 16 17 
cascade_activation_steepnesses_count=4
cascade_activation_steepnesses=2.50000000000000000000e-01 5.00000000000000000000e-01 7.50000000000000000000e-01 1.00000000000000000000e+00 
layer_sizes=3 5 4 
scale_included=0
neurons (num_inputs, activation_function, activation_steepness)=(0, 0, 0.00000000000000000000e+00) (0, 0, 0.00000000000000000000e+00) (0, 0, 0.00000000000000000000e+00) (3, 3, 5.00000000000000000000e-01) (3, 3, 5.00000000000000000000e-01) (3, 3, 5.00000000000000000000e-01) (3, 3, 5.00000000000000000000e-01) (0, 3, 0.00000000000000000000e+00) (5, 0, 5.00000000000000000000e-01) (5, 0, 5.00000000000000000000e-01) (5, 0, 5.00000000000000000000e-01) (0, 0, 0.00000000000000000000e+00) 
connections (connected_to_neuron, weight)=(0, -2.09553871154785156250e+01) (1, 9.59351444244384765625e+00) (2, 1.83242893218994140625e+01) (0, -1.50000000000000000000e+03) (1, -1.44500000000000000000e+03) (2, 8.56655597686767578125e+00) (0, -1.50000000000000000000e+03) (1, -1.50000000000000000000e+03) (2, 1.33431921005249023438e+01) (0, -2.43704295158386230469e+00) (1, -2.77915298938751220703e-01) (2, 7.45600223541259765625e-01) (3, 8.58503282070159912109e-01) (4, 9.90790903568267822266e-01) (5, 8.80993902683258056641e-01) (6, 5.65754890441894531250e+00) (7, 1.73375654220581054688e+00) (3, 5.40721368789672851562e+00) (4, 2.77985620498657226562e+00) (5, 1.50815272331237792969e+00) (6, 1.48230743408203125000e+01) (7, 6.38424634933471679688e+00) (3, 1.78394317626953125000e+01) (4, 8.36712837219238281250e+00) (5, 7.36478948593139648438e+00) (6, 4.46213264465332031250e+01) (7, 2.65083160400390625000e+01) 
