FANN_FLO_2.1
num_layers=3
learning_rate=0.500000
connection_rate=1.000000
network_type=0
learning_momentum=0.000000
training_algorithm=2
train_error_function=1
train_stop_function=0
cascade_output_change_fraction=0.010000
quickprop_decay=-0.000100
quickprop_mu=1.750000
rprop_increase_factor=1.200000
rprop_decrease_factor=0.500000
rprop_delta_min=0.000000
rprop_delta_max=50.000000
rprop_delta_zero=0.100000
cascade_output_stagnation_epochs=12
cascade_candidate_change_fraction=0.010000
cascade_candidate_stagnation_epochs=12
cascade_max_out_epochs=150
cascade_min_out_epochs=50
cascade_max_cand_epochs=150
cascade_min_cand_epochs=50
cascade_num_candidate_groups=2
bit_fail_limit=3.49999994039535522461e-01
cascade_candidate_limit=1.00000000000000000000e+03
cascade_weight_multiplier=4.00000005960464477539e-01
cascade_activation_functions_count=10
cascade_activation_functions=3 5 7 8 10 11 14 15 16 17 
cascade_activation_steepnesses_count=4
cascade_activation_steepnesses=2.50000000000000000000e-01 5.00000000000000000000e-01 7.50000000000000000000e-01 1.00000000000000000000e+00 
layer_sizes=3 9 4 
scale_included=0
neurons (num_inputs, activation_function, activation_steepness)=(0, 0, 0.00000000000000000000e+00) (0, 0, 0.00000000000000000000e+00) (0, 0, 0.00000000000000000000e+00) (3, 3, 5.00000000000000000000e-01) (3, 3, 5.00000000000000000000e-01) (3, 3, 5.00000000000000000000e-01) (3, 3, 5.00000000000000000000e-01) (3, 3, 5.00000000000000000000e-01) (3, 3, 5.00000000000000000000e-01) (3, 3, 5.00000000000000000000e-01) (3, 3, 5.00000000000000000000e-01) (0, 3, 0.00000000000000000000e+00) (9, 0, 5.00000000000000000000e-01) (9, 0, 5.00000000000000000000e-01) (9, 0, 5.00000000000000000000e-01) (0, 0, 0.00000000000000000000e+00) 
connections (connected_to_neuron, weight)=(0, -6.85949802398681640625e+00) (1, 6.87935113906860351562e+00) (2, 4.91455936431884765625e+00) (0, -3.55524992942810058594e+00) (1, 1.74984204769134521484e+00) (2, 6.29764318466186523438e-01) (0, -1.99731111526489257812e+00) (1, -3.89188623428344726562e+00) (2, 6.86917364597320556641e-01) (0, -4.57832288742065429688e+00) (1, 7.10275590419769287109e-01) (2, -2.58361529558897018433e-02) (0, -4.20347833633422851562e+00) (1, 2.20789408683776855469e+00) (2, 8.06996154785156250000e+00) (0, -4.63675546646118164062e+00) (1, 7.71117019653320312500e+00) (2, 4.11535644531250000000e+00) (0, -6.21352005004882812500e+00) (1, 3.67444968223571777344e+00) (2, 3.85884356498718261719e+00) (0, -2.44596505165100097656e+00) (1, -1.47836136817932128906e+00) (2, 7.28689193725585937500e-01) (3, 5.65144538879394531250e-01) (4, 1.68709361553192138672e+00) (5, 1.48553800582885742188e+00) (6, 1.89424502849578857422e+00) (7, 6.09136521816253662109e-01) (8, 5.77246785163879394531e-01) (9, 4.12614792585372924805e-01) (10, 2.83316421508789062500e+00) (11, 4.17900323867797851562e-01) (3, 2.40149378776550292969e+00) (4, 4.66720438003540039062e+00) (5, 5.48864746093750000000e+00) (6, 4.44385099411010742188e+00) (7, 1.98908114433288574219e+00) (8, 2.32272100448608398438e+00) (9, 2.43044757843017578125e+00) (10, 7.89660310745239257812e+00) (11, 1.92403185367584228516e+00) (3, 8.20651531219482421875e+00) (4, 1.39601163864135742188e+01) (5, 1.92458915710449218750e+01) (6, 1.37883510589599609375e+01) (7, 8.55342674255371093750e+00) (8, 8.23849964141845703125e+00) (9, 8.27070331573486328125e+00) (10, 2.50162181854248046875e+01) (11, 8.59919929504394531250e+00) 
