FANN_FLO_2.1
num_layers=4
learning_rate=0.500000
connection_rate=1.000000
network_type=0
learning_momentum=0.000000
training_algorithm=2
train_error_function=1
train_stop_function=0
cascade_output_change_fraction=0.010000
quickprop_decay=-0.000100
quickprop_mu=1.750000
rprop_increase_factor=1.200000
rprop_decrease_factor=0.500000
rprop_delta_min=0.000000
rprop_delta_max=50.000000
rprop_delta_zero=0.100000
cascade_output_stagnation_epochs=12
cascade_candidate_change_fraction=0.010000
cascade_candidate_stagnation_epochs=12
cascade_max_out_epochs=150
cascade_min_out_epochs=50
cascade_max_cand_epochs=150
cascade_min_cand_epochs=50
cascade_num_candidate_groups=2
bit_fail_limit=3.49999994039535522461e-01
cascade_candidate_limit=1.00000000000000000000e+03
cascade_weight_multiplier=4.00000005960464477539e-01
cascade_activation_functions_count=10
cascade_activation_functions=3 5 7 8 10 11 14 15 16 17 
cascade_activation_steepnesses_count=4
cascade_activation_steepnesses=2.50000000000000000000e-01 5.00000000000000000000e-01 7.50000000000000000000e-01 1.00000000000000000000e+00 
layer_sizes=4 5 5 2 
scale_included=0
neurons (num_inputs, activation_function, activation_steepness)=(0, 0, 0.00000000000000000000e+00) (0, 0, 0.00000000000000000000e+00) (0, 0, 0.00000000000000000000e+00) (0, 0, 0.00000000000000000000e+00) (4, 3, 5.00000000000000000000e-01) (4, 3, 5.00000000000000000000e-01) (4, 3, 5.00000000000000000000e-01) (4, 3, 5.00000000000000000000e-01) (0, 3, 0.00000000000000000000e+00) (5, 3, 5.00000000000000000000e-01) (5, 3, 5.00000000000000000000e-01) (5, 3, 5.00000000000000000000e-01) (5, 3, 5.00000000000000000000e-01) (0, 3, 0.00000000000000000000e+00) (5, 3, 5.00000000000000000000e-01) (0, 3, 0.00000000000000000000e+00) 
connections (connected_to_neuron, weight)=(0, -5.25641393661499023438e+00) (1, -2.82693839073181152344e+00) (2, -2.15060186386108398438e+00) (3, 4.63150167465209960938e+00) (0, -5.11694526672363281250e+00) (1, -8.81219100952148437500e+00) (2, 5.91667056083679199219e-01) (3, 4.50468683242797851562e+00) (0, -5.16059970855712890625e+00) (1, -8.58940982818603515625e+00) (2, 4.66313093900680541992e-01) (3, 4.54068040847778320312e+00) (0, -5.16616487503051757812e+00) (1, -8.29474830627441406250e+00) (2, 2.45683237910270690918e-01) (3, 4.60360240936279296875e+00) (4, 9.69422721862792968750e+00) (5, 9.57020378112792968750e+00) (6, 9.56106185913085937500e+00) (7, 9.40088844299316406250e+00) (8, -8.39045143127441406250e+00) (4, 9.51079368591308593750e+00) (5, 9.49056339263916015625e+00) (6, 9.57129573822021484375e+00) (7, 9.43494796752929687500e+00) (8, -8.32179260253906250000e+00) (4, 9.36082363128662109375e+00) (5, 9.41437911987304687500e+00) (6, 9.58470630645751953125e+00) (7, 9.37882995605468750000e+00) (8, -8.21539592742919921875e+00) (4, 9.45004367828369140625e+00) (5, 9.37331295013427734375e+00) (6, 9.43645477294921875000e+00) (7, 9.43499755859375000000e+00) (8, -8.22872161865234375000e+00) (9, -1.44186103343963623047e+00) (10, -6.76069140434265136719e-01) (11, -6.81453406810760498047e-01) (12, -1.45608365535736083984e+00) (13, 2.01511764526367187500e+00) 
