FANN_FLO_2.1
num_layers=3
learning_rate=0.400000
connection_rate=1.000000
network_type=0
learning_momentum=0.000000
training_algorithm=2
train_error_function=1
train_stop_function=0
cascade_output_change_fraction=0.010000
quickprop_decay=-0.000100
quickprop_mu=1.750000
rprop_increase_factor=1.200000
rprop_decrease_factor=0.500000
rprop_delta_min=0.000000
rprop_delta_max=50.000000
rprop_delta_zero=0.100000
cascade_output_stagnation_epochs=12
cascade_candidate_change_fraction=0.010000
cascade_candidate_stagnation_epochs=12
cascade_max_out_epochs=150
cascade_min_out_epochs=50
cascade_max_cand_epochs=150
cascade_min_cand_epochs=50
cascade_num_candidate_groups=2
bit_fail_limit=3.49999994039535522461e-01
cascade_candidate_limit=1.00000000000000000000e+03
cascade_weight_multiplier=4.00000005960464477539e-01
cascade_activation_functions_count=10
cascade_activation_functions=3 5 7 8 10 11 14 15 16 17 
cascade_activation_steepnesses_count=4
cascade_activation_steepnesses=2.50000000000000000000e-01 5.00000000000000000000e-01 7.50000000000000000000e-01 1.00000000000000000000e+00 
layer_sizes=6 5 2 
scale_included=0
neurons (num_inputs, activation_function, activation_steepness)=(0, 0, 0.00000000000000000000e+00) (0, 0, 0.00000000000000000000e+00) (0, 0, 0.00000000000000000000e+00) (0, 0, 0.00000000000000000000e+00) (0, 0, 0.00000000000000000000e+00) (0, 0, 0.00000000000000000000e+00) (6, 3, 5.00000000000000000000e-01) (6, 3, 5.00000000000000000000e-01) (6, 3, 5.00000000000000000000e-01) (6, 3, 5.00000000000000000000e-01) (0, 3, 0.00000000000000000000e+00) (5, 0, 5.00000000000000000000e-01) (0, 0, 0.00000000000000000000e+00) 
connections (connected_to_neuron, weight)=(0, -1.50000000000000000000e+03) (1, -3.37952613830566406250e+00) (2, -3.11429071426391601562e+00) (3, -1.93205249309539794922e+00) (4, -8.39233589172363281250e+00) (5, -4.80328127741813659668e-02) (0, -1.50000000000000000000e+03) (1, 5.47990951538085937500e+01) (2, 2.46107730865478515625e+01) (3, 3.21432560682296752930e-01) (4, -5.54827880859375000000e+00) (5, 9.39867943525314331055e-02) (0, -4.05317258834838867188e+00) (1, -7.73356020450592041016e-01) (2, 3.07943314313888549805e-01) (3, -2.37294363975524902344e+00) (4, 5.30173301696777343750e-01) (5, -5.66009104251861572266e-01) (0, -5.61806793212890625000e+01) (1, -1.81226463317871093750e+01) (2, 6.07068121433258056641e-01) (3, -2.73807811737060546875e+00) (4, 3.57737541198730468750e+00) (5, 3.45226955413818359375e+00) (6, 6.84028148651123046875e-01) (7, 9.63396549224853515625e-01) (8, 5.55521488189697265625e-01) (9, 6.15021407604217529297e-01) (10, 4.59253549575805664062e-01) 
