FANN_FLO_2.1
num_layers=4
learning_rate=0.300000
connection_rate=1.000000
network_type=0
learning_momentum=0.000000
training_algorithm=2
train_error_function=1
train_stop_function=0
cascade_output_change_fraction=0.010000
quickprop_decay=-0.000100
quickprop_mu=1.750000
rprop_increase_factor=1.200000
rprop_decrease_factor=0.500000
rprop_delta_min=0.000000
rprop_delta_max=50.000000
rprop_delta_zero=0.100000
cascade_output_stagnation_epochs=12
cascade_candidate_change_fraction=0.010000
cascade_candidate_stagnation_epochs=12
cascade_max_out_epochs=150
cascade_min_out_epochs=50
cascade_max_cand_epochs=150
cascade_min_cand_epochs=50
cascade_num_candidate_groups=2
bit_fail_limit=3.49999994039535522461e-01
cascade_candidate_limit=1.00000000000000000000e+03
cascade_weight_multiplier=4.00000005960464477539e-01
cascade_activation_functions_count=10
cascade_activation_functions=3 5 7 8 10 11 14 15 16 17 
cascade_activation_steepnesses_count=4
cascade_activation_steepnesses=2.50000000000000000000e-01 5.00000000000000000000e-01 7.50000000000000000000e-01 1.00000000000000000000e+00 
layer_sizes=2 5 5 3 
scale_included=0
neurons (num_inputs, activation_function, activation_steepness)=(0, 0, 0.00000000000000000000e+00) (0, 0, 0.00000000000000000000e+00) (2, 3, 5.00000000000000000000e-01) (2, 3, 5.00000000000000000000e-01) (2, 3, 5.00000000000000000000e-01) (2, 3, 5.00000000000000000000e-01) (0, 3, 0.00000000000000000000e+00) (5, 3, 5.00000000000000000000e-01) (5, 3, 5.00000000000000000000e-01) (5, 3, 5.00000000000000000000e-01) (5, 3, 5.00000000000000000000e-01) (0, 3, 0.00000000000000000000e+00) (5, 0, 5.00000000000000000000e-01) (5, 0, 5.00000000000000000000e-01) (0, 0, 0.00000000000000000000e+00) 
connections (connected_to_neuron, weight)=(0, -9.09577465057373046875e+00) (1, -2.96293449401855468750e+00) (0, -4.02194118499755859375e+00) (1, -9.66891646385192871094e-01) (0, -8.98781299591064453125e+00) (1, -2.91680765151977539062e+00) (0, -9.02477169036865234375e+00) (1, -3.50990724563598632812e+00) (2, 8.91545236110687255859e-01) (3, 2.92580723762512207031e-01) (4, 1.04365158081054687500e+00) (5, 9.70440566539764404297e-01) (6, 9.86531302332878112793e-02) (2, 2.39879012107849121094e+00) (3, -5.37010133266448974609e-01) (4, 2.32723760604858398438e+00) (5, 1.41027247905731201172e+00) (6, -1.73992645740509033203e+00) (2, 3.12301039695739746094e-01) (3, 1.06950886547565460205e-01) (4, 3.24319422245025634766e-01) (5, 5.17689168453216552734e-01) (6, -3.13828252255916595459e-02) (2, 1.39370298385620117188e+00) (3, 2.17817798256874084473e-01) (4, 1.35105156898498535156e+00) (5, 1.75869560241699218750e+00) (6, 7.37483426928520202637e-02) (7, -5.67690050229430198669e-03) (8, 1.49548947811126708984e-01) (9, -6.27997741103172302246e-02) (10, 4.95163053274154663086e-02) (11, -2.20911264419555664062e-01) (7, -5.76931476593017578125e-01) (8, -7.30859994888305664062e-01) (9, -4.62845593690872192383e-01) (10, -4.80300486087799072266e-01) (11, -3.11683714389801025391e-01) 
