FANN_FLO_2.1
num_layers=4
learning_rate=0.500000
connection_rate=1.000000
network_type=0
learning_momentum=0.000000
training_algorithm=2
train_error_function=1
train_stop_function=0
cascade_output_change_fraction=0.010000
quickprop_decay=-0.000100
quickprop_mu=1.750000
rprop_increase_factor=1.200000
rprop_decrease_factor=0.500000
rprop_delta_min=0.000000
rprop_delta_max=50.000000
rprop_delta_zero=0.100000
cascade_output_stagnation_epochs=12
cascade_candidate_change_fraction=0.010000
cascade_candidate_stagnation_epochs=12
cascade_max_out_epochs=150
cascade_min_out_epochs=50
cascade_max_cand_epochs=150
cascade_min_cand_epochs=50
cascade_num_candidate_groups=2
bit_fail_limit=3.49999994039535522461e-01
cascade_candidate_limit=1.00000000000000000000e+03
cascade_weight_multiplier=4.00000005960464477539e-01
cascade_activation_functions_count=10
cascade_activation_functions=3 5 7 8 10 11 14 15 16 17 
cascade_activation_steepnesses_count=4
cascade_activation_steepnesses=2.50000000000000000000e-01 5.00000000000000000000e-01 7.50000000000000000000e-01 1.00000000000000000000e+00 
layer_sizes=4 5 5 2 
scale_included=0
neurons (num_inputs, activation_function, activation_steepness)=(0, 0, 0.00000000000000000000e+00) (0, 0, 0.00000000000000000000e+00) (0, 0, 0.00000000000000000000e+00) (0, 0, 0.00000000000000000000e+00) (4, 3, 5.00000000000000000000e-01) (4, 3, 5.00000000000000000000e-01) (4, 3, 5.00000000000000000000e-01) (4, 3, 5.00000000000000000000e-01) (0, 3, 0.00000000000000000000e+00) (5, 3, 5.00000000000000000000e-01) (5, 3, 5.00000000000000000000e-01) (5, 3, 5.00000000000000000000e-01) (5, 3, 5.00000000000000000000e-01) (0, 3, 0.00000000000000000000e+00) (5, 3, 5.00000000000000000000e-01) (0, 3, 0.00000000000000000000e+00) 
connections (connected_to_neuron, weight)=(0, -4.39575386047363281250e+00) (1, -3.28698086738586425781e+00) (2, 1.43484556674957275391e+00) (3, 2.52564811706542968750e+00) (0, -2.18300557136535644531e+00) (1, -1.06020870208740234375e+01) (2, 1.81883788108825683594e+00) (3, 2.65675711631774902344e+00) (0, -4.19234609603881835938e+00) (1, -3.33906435966491699219e+00) (2, -1.07008111476898193359e+00) (3, 3.08845829963684082031e+00) (0, -2.99491405487060546875e+00) (1, -1.00153636932373046875e+01) (2, 1.62746763229370117188e+00) (3, 3.77568554878234863281e+00) (4, 3.75105309486389160156e+00) (5, 4.52133131027221679688e+00) (6, 1.02846889495849609375e+01) (7, 7.73836851119995117188e+00) (8, -2.08180642127990722656e+00) (4, -5.76180696487426757812e+00) (5, -1.43125116825103759766e+00) (6, -6.45534133911132812500e+00) (7, -1.52937650680541992188e+00) (8, 1.61101818084716796875e+00) (4, 4.32440710067749023438e+00) (5, 7.82265901565551757812e+00) (6, 1.24950571060180664062e+01) (7, 1.75475711822509765625e+01) (8, -9.68932342529296875000e+00) (4, 1.38794813156127929688e+01) (5, 1.23716796875000000000e+03) (6, 1.69337501525878906250e+01) (7, 4.56195793151855468750e+01) (8, -1.32583084106445312500e+02) (9, 6.10257446765899658203e-01) (10, 7.37744510173797607422e-01) (11, -5.91280031204223632812e+00) (12, 1.54163825511932373047e+00) (13, 1.50563621520996093750e+00) 
