FANN_FLO_2.1
num_layers=4
learning_rate=0.300000
connection_rate=1.000000
network_type=0
learning_momentum=0.000000
training_algorithm=2
train_error_function=1
train_stop_function=0
cascade_output_change_fraction=0.010000
quickprop_decay=-0.000100
quickprop_mu=1.750000
rprop_increase_factor=1.200000
rprop_decrease_factor=0.500000
rprop_delta_min=0.000000
rprop_delta_max=50.000000
rprop_delta_zero=0.100000
cascade_output_stagnation_epochs=12
cascade_candidate_change_fraction=0.010000
cascade_candidate_stagnation_epochs=12
cascade_max_out_epochs=150
cascade_min_out_epochs=50
cascade_max_cand_epochs=150
cascade_min_cand_epochs=50
cascade_num_candidate_groups=2
bit_fail_limit=3.49999994039535522461e-01
cascade_candidate_limit=1.00000000000000000000e+03
cascade_weight_multiplier=4.00000005960464477539e-01
cascade_activation_functions_count=10
cascade_activation_functions=3 5 7 8 10 11 14 15 16 17 
cascade_activation_steepnesses_count=4
cascade_activation_steepnesses=2.50000000000000000000e-01 5.00000000000000000000e-01 7.50000000000000000000e-01 1.00000000000000000000e+00 
layer_sizes=2 5 5 3 
scale_included=0
neurons (num_inputs, activation_function, activation_steepness)=(0, 0, 0.00000000000000000000e+00) (0, 0, 0.00000000000000000000e+00) (2, 3, 5.00000000000000000000e-01) (2, 3, 5.00000000000000000000e-01) (2, 3, 5.00000000000000000000e-01) (2, 3, 5.00000000000000000000e-01) (0, 3, 0.00000000000000000000e+00) (5, 3, 5.00000000000000000000e-01) (5, 3, 5.00000000000000000000e-01) (5, 3, 5.00000000000000000000e-01) (5, 3, 5.00000000000000000000e-01) (0, 3, 0.00000000000000000000e+00) (5, 0, 5.00000000000000000000e-01) (5, 0, 5.00000000000000000000e-01) (0, 0, 0.00000000000000000000e+00) 
connections (connected_to_neuron, weight)=(0, -1.01933546066284179688e+01) (1, -3.94102954864501953125e+00) (0, -9.37102603912353515625e+00) (1, -3.50871896743774414062e+00) (0, -6.53293609619140625000e+00) (1, -1.75714528560638427734e+00) (0, -8.68094730377197265625e+00) (1, -3.11724615097045898438e+00) (2, 1.26774060726165771484e+00) (3, 1.11839962005615234375e+00) (4, 6.46466076374053955078e-01) (5, 9.43855047225952148438e-01) (6, -9.47039127349853515625e-01) (2, 4.48167294263839721680e-01) (3, 4.53847676515579223633e-01) (4, 2.56843149662017822266e-01) (5, 5.70820331573486328125e-01) (6, -2.90440618991851806641e-02) (2, 6.15224063396453857422e-01) (3, 4.71348702907562255859e-01) (4, 4.23685401678085327148e-01) (5, 4.20384287834167480469e-01) (6, -1.74765378236770629883e-01) (2, 6.28392815589904785156e-01) (3, 5.19350767135620117188e-01) (4, 3.35742890834808349609e-01) (5, 4.67077344655990600586e-01) (6, -8.76530855894088745117e-02) (7, 1.41814947128295898438e-01) (8, 9.77947041392326354980e-02) (9, 1.18707738816738128662e-01) (10, 9.45700034499168395996e-02) (11, -3.92902284860610961914e-01) (7, -4.73984628915786743164e-01) (8, -4.00008320808410644531e-01) (9, -3.66869837045669555664e-01) (10, -5.05039751529693603516e-01) (11, -5.25372803211212158203e-01) 
