FANN_FLO_2.1
num_layers=3
learning_rate=0.400000
connection_rate=1.000000
network_type=0
learning_momentum=0.000000
training_algorithm=2
train_error_function=1
train_stop_function=0
cascade_output_change_fraction=0.010000
quickprop_decay=-0.000100
quickprop_mu=1.750000
rprop_increase_factor=1.200000
rprop_decrease_factor=0.500000
rprop_delta_min=0.000000
rprop_delta_max=50.000000
rprop_delta_zero=0.100000
cascade_output_stagnation_epochs=12
cascade_candidate_change_fraction=0.010000
cascade_candidate_stagnation_epochs=12
cascade_max_out_epochs=150
cascade_min_out_epochs=50
cascade_max_cand_epochs=150
cascade_min_cand_epochs=50
cascade_num_candidate_groups=2
bit_fail_limit=3.49999994039535522461e-01
cascade_candidate_limit=1.00000000000000000000e+03
cascade_weight_multiplier=4.00000005960464477539e-01
cascade_activation_functions_count=10
cascade_activation_functions=3 5 7 8 10 11 14 15 16 17 
cascade_activation_steepnesses_count=4
cascade_activation_steepnesses=2.50000000000000000000e-01 5.00000000000000000000e-01 7.50000000000000000000e-01 1.00000000000000000000e+00 
layer_sizes=6 5 2 
scale_included=0
neurons (num_inputs, activation_function, activation_steepness)=(0, 0, 0.00000000000000000000e+00) (0, 0, 0.00000000000000000000e+00) (0, 0, 0.00000000000000000000e+00) (0, 0, 0.00000000000000000000e+00) (0, 0, 0.00000000000000000000e+00) (0, 0, 0.00000000000000000000e+00) (6, 3, 5.00000000000000000000e-01) (6, 3, 5.00000000000000000000e-01) (6, 3, 5.00000000000000000000e-01) (6, 3, 5.00000000000000000000e-01) (0, 3, 0.00000000000000000000e+00) (5, 0, 5.00000000000000000000e-01) (0, 0, 0.00000000000000000000e+00) 
connections (connected_to_neuron, weight)=(0, -5.25787963867187500000e+01) (1, -1.11147155761718750000e+01) (2, -1.46345221996307373047e+00) (3, -2.91055035591125488281e+00) (4, -1.00611963272094726562e+01) (5, 2.82114028930664062500e-01) (0, -3.41571838378906250000e+02) (1, -7.66800231933593750000e+01) (2, 1.99203857421875000000e+02) (3, -4.19560003280639648438e+00) (4, -1.16589736938476562500e+01) (5, 2.55440139770507812500e+00) (0, -9.29798355102539062500e+01) (1, -2.18433914184570312500e+01) (2, 5.29052913188934326172e-01) (3, -2.37038016319274902344e+00) (4, -8.79556846618652343750e+00) (5, 1.84890961647033691406e+00) (0, -3.06140708923339843750e+01) (1, -7.91346931457519531250e+00) (2, -1.36146461963653564453e+00) (3, -5.24961799383163452148e-02) (4, -5.07178306579589843750e+00) (5, 1.81975260376930236816e-01) (6, -1.50221496582031250000e+02) (7, 1.21022391319274902344e+00) (8, 6.68709472656250000000e+02) (9, -6.75227594375610351562e+00) (10, 5.60743868350982666016e-01) 
