FANN_FLO_2.1
num_layers=3
learning_rate=0.500000
connection_rate=1.000000
network_type=0
learning_momentum=0.000000
training_algorithm=2
train_error_function=1
train_stop_function=0
cascade_output_change_fraction=0.010000
quickprop_decay=-0.000100
quickprop_mu=1.750000
rprop_increase_factor=1.200000
rprop_decrease_factor=0.500000
rprop_delta_min=0.000000
rprop_delta_max=50.000000
rprop_delta_zero=0.100000
cascade_output_stagnation_epochs=12
cascade_candidate_change_fraction=0.010000
cascade_candidate_stagnation_epochs=12
cascade_max_out_epochs=150
cascade_min_out_epochs=50
cascade_max_cand_epochs=150
cascade_min_cand_epochs=50
cascade_num_candidate_groups=2
bit_fail_limit=3.49999994039535522461e-01
cascade_candidate_limit=1.00000000000000000000e+03
cascade_weight_multiplier=4.00000005960464477539e-01
cascade_activation_functions_count=10
cascade_activation_functions=3 5 7 8 10 11 14 15 16 17 
cascade_activation_steepnesses_count=4
cascade_activation_steepnesses=2.50000000000000000000e-01 5.00000000000000000000e-01 7.50000000000000000000e-01 1.00000000000000000000e+00 
layer_sizes=10 5 2 
scale_included=0
neurons (num_inputs, activation_function, activation_steepness)=(0, 0, 0.00000000000000000000e+00) (0, 0, 0.00000000000000000000e+00) (0, 0, 0.00000000000000000000e+00) (0, 0, 0.00000000000000000000e+00) (0, 0, 0.00000000000000000000e+00) (0, 0, 0.00000000000000000000e+00) (0, 0, 0.00000000000000000000e+00) (0, 0, 0.00000000000000000000e+00) (0, 0, 0.00000000000000000000e+00) (0, 0, 0.00000000000000000000e+00) (10, 3, 5.00000000000000000000e-01) (10, 3, 5.00000000000000000000e-01) (10, 3, 5.00000000000000000000e-01) (10, 3, 5.00000000000000000000e-01) (0, 3, 0.00000000000000000000e+00) (5, 3, 5.00000000000000000000e-01) (0, 3, 0.00000000000000000000e+00) 
connections (connected_to_neuron, weight)=(0, -4.81024742126464843750e-01) (1, -3.03763866424560546875e-01) (2, -3.19758355617523193359e-01) (3, -4.16976064443588256836e-01) (4, -7.46298015117645263672e-01) (5, -4.18815553188323974609e-01) (6, -4.72446292638778686523e-01) (7, -3.03379207849502563477e-01) (8, -4.14276093244552612305e-01) (9, 8.71846437454223632812e-01) (0, 4.74395424127578735352e-01) (1, 9.54985260963439941406e-01) (2, 3.73274445533752441406e-01) (3, 4.84237223863601684570e-01) (4, 3.64177674055099487305e-01) (5, 5.43959558010101318359e-01) (6, 3.09482097625732421875e-01) (7, 1.08982157707214355469e+00) (8, 6.68948590755462646484e-01) (9, -2.70664191246032714844e+00) (0, 7.73809790611267089844e-01) (1, 7.77950763702392578125e-01) (2, 4.43807542324066162109e-01) (3, 8.08501958847045898438e-01) (4, 3.86380195617675781250e-01) (5, 9.42540645599365234375e-01) (6, 3.85710775852203369141e-01) (7, 6.13131940364837646484e-01) (8, 5.74799656867980957031e-01) (9, -3.32501316070556640625e+00) (0, -3.47505807876586914062e-01) (1, -3.33851635456085205078e-01) (2, -7.65996038913726806641e-01) (3, -4.71214979887008666992e-01) (4, -2.92844831943511962891e-01) (5, -3.47667187452316284180e-01) (6, -6.96233630180358886719e-01) (7, -3.77051055431365966797e-01) (8, -4.32687789201736450195e-01) (9, 7.52524852752685546875e-01) (10, -1.48028218746185302734e+00) (11, 6.63886904716491699219e-01) (12, 8.45142006874084472656e-01) (13, -1.58562123775482177734e+00) (14, 8.37228894233703613281e-02) 
