FANN_FLO_2.1
num_layers=3
learning_rate=0.450000
connection_rate=1.000000
network_type=0
learning_momentum=0.000000
training_algorithm=2
train_error_function=1
train_stop_function=0
cascade_output_change_fraction=0.010000
quickprop_decay=-0.000100
quickprop_mu=1.750000
rprop_increase_factor=1.200000
rprop_decrease_factor=0.500000
rprop_delta_min=0.000000
rprop_delta_max=50.000000
rprop_delta_zero=0.100000
cascade_output_stagnation_epochs=12
cascade_candidate_change_fraction=0.010000
cascade_candidate_stagnation_epochs=12
cascade_max_out_epochs=150
cascade_min_out_epochs=50
cascade_max_cand_epochs=150
cascade_min_cand_epochs=50
cascade_num_candidate_groups=2
bit_fail_limit=3.49999994039535522461e-01
cascade_candidate_limit=1.00000000000000000000e+03
cascade_weight_multiplier=4.00000005960464477539e-01
cascade_activation_functions_count=10
cascade_activation_functions=3 5 7 8 10 11 14 15 16 17 
cascade_activation_steepnesses_count=4
cascade_activation_steepnesses=2.50000000000000000000e-01 5.00000000000000000000e-01 7.50000000000000000000e-01 1.00000000000000000000e+00 
layer_sizes=7 5 2 
scale_included=0
neurons (num_inputs, activation_function, activation_steepness)=(0, 0, 0.00000000000000000000e+00) (0, 0, 0.00000000000000000000e+00) (0, 0, 0.00000000000000000000e+00) (0, 0, 0.00000000000000000000e+00) (0, 0, 0.00000000000000000000e+00) (0, 0, 0.00000000000000000000e+00) (0, 0, 0.00000000000000000000e+00) (7, 3, 5.00000000000000000000e-01) (7, 3, 5.00000000000000000000e-01) (7, 3, 5.00000000000000000000e-01) (7, 3, 5.00000000000000000000e-01) (0, 3, 0.00000000000000000000e+00) (5, 0, 5.00000000000000000000e-01) (0, 0, 0.00000000000000000000e+00) 
connections (connected_to_neuron, weight)=(0, 9.71764922142028808594e-02) (1, 1.02603763341903686523e-01) (2, 5.42382955551147460938e-01) (3, -1.59131526947021484375e-01) (4, -4.03685361146926879883e-01) (5, -1.73192530870437622070e-01) (6, -2.75117707252502441406e+00) (0, -1.59584653377532958984e+00) (1, 3.18852925300598144531e+00) (2, -2.75189375877380371094e+00) (3, 7.93056666851043701172e-01) (4, 2.42684364318847656250e+01) (5, -1.56112337112426757812e+01) (6, 3.99533677101135253906e+00) (0, 1.50000000000000000000e+03) (1, 1.50000000000000000000e+03) (2, 1.50000000000000000000e+03) (3, 1.50000000000000000000e+03) (4, 1.50000000000000000000e+03) (5, 1.50000000000000000000e+03) (6, -5.39157204329967498779e-02) (0, -1.50882887840270996094e+00) (1, 2.01857590675354003906e+00) (2, -3.34674525260925292969e+00) (3, -8.66124555468559265137e-02) (4, 3.14490771293640136719e+00) (5, 1.14318750798702239990e-01) (6, 1.20334701538085937500e+01) (7, -1.42976239323616027832e-01) (8, -4.45255726575851440430e-01) (9, 3.30598711967468261719e-01) (10, -1.25020638108253479004e-01) (11, 2.59937971830368041992e-01) 
