FANN_FLO_2.1
num_layers=3
learning_rate=0.450000
connection_rate=1.000000
network_type=0
learning_momentum=0.000000
training_algorithm=2
train_error_function=1
train_stop_function=0
cascade_output_change_fraction=0.010000
quickprop_decay=-0.000100
quickprop_mu=1.750000
rprop_increase_factor=1.200000
rprop_decrease_factor=0.500000
rprop_delta_min=0.000000
rprop_delta_max=50.000000
rprop_delta_zero=0.100000
cascade_output_stagnation_epochs=12
cascade_candidate_change_fraction=0.010000
cascade_candidate_stagnation_epochs=12
cascade_max_out_epochs=150
cascade_min_out_epochs=50
cascade_max_cand_epochs=150
cascade_min_cand_epochs=50
cascade_num_candidate_groups=2
bit_fail_limit=3.49999994039535522461e-01
cascade_candidate_limit=1.00000000000000000000e+03
cascade_weight_multiplier=4.00000005960464477539e-01
cascade_activation_functions_count=10
cascade_activation_functions=3 5 7 8 10 11 14 15 16 17 
cascade_activation_steepnesses_count=4
cascade_activation_steepnesses=2.50000000000000000000e-01 5.00000000000000000000e-01 7.50000000000000000000e-01 1.00000000000000000000e+00 
layer_sizes=7 5 2 
scale_included=0
neurons (num_inputs, activation_function, activation_steepness)=(0, 0, 0.00000000000000000000e+00) (0, 0, 0.00000000000000000000e+00) (0, 0, 0.00000000000000000000e+00) (0, 0, 0.00000000000000000000e+00) (0, 0, 0.00000000000000000000e+00) (0, 0, 0.00000000000000000000e+00) (0, 0, 0.00000000000000000000e+00) (7, 3, 5.00000000000000000000e-01) (7, 3, 5.00000000000000000000e-01) (7, 3, 5.00000000000000000000e-01) (7, 3, 5.00000000000000000000e-01) (0, 3, 0.00000000000000000000e+00) (5, 0, 5.00000000000000000000e-01) (0, 0, 0.00000000000000000000e+00) 
connections (connected_to_neuron, weight)=(0, 4.10323739051818847656e-01) (1, -3.34205716848373413086e-01) (2, 8.52508127689361572266e-01) (3, -4.46442872285842895508e-01) (4, 2.03090572357177734375e+00) (5, -1.07005250453948974609e+00) (6, -4.85712647438049316406e-01) (0, 1.76700553894042968750e+01) (1, -1.81186866760253906250e+01) (2, -6.10900939941406250000e+02) (3, 1.98267955780029296875e+01) (4, -1.02109169006347656250e+02) (5, -6.94475021362304687500e+01) (6, -6.61233961582183837891e-01) (0, -1.36787166595458984375e+01) (1, -5.43690395355224609375e+00) (2, 2.77754516601562500000e+01) (3, -3.15205097198486328125e+01) (4, -6.50540237426757812500e+01) (5, 8.56552963256835937500e+01) (6, -1.98092043399810791016e-01) (0, -1.39400684833526611328e+00) (1, -1.36892521381378173828e+00) (2, -6.25149040222167968750e+01) (3, 3.78450131416320800781e+00) (4, -3.19679141044616699219e+00) (5, -3.81446380615234375000e+01) (6, -1.19055008888244628906e+00) (7, -6.14184677600860595703e-01) (8, 1.25000000000000000000e+03) (9, 1.08989328145980834961e-02) (10, -5.68216552734375000000e+01) (11, 6.22959375381469726562e-01) 
