FANN_FLO_2.1
num_layers=3
learning_rate=0.400000
connection_rate=1.000000
network_type=0
learning_momentum=0.000000
training_algorithm=2
train_error_function=1
train_stop_function=0
cascade_output_change_fraction=0.010000
quickprop_decay=-0.000100
quickprop_mu=1.750000
rprop_increase_factor=1.200000
rprop_decrease_factor=0.500000
rprop_delta_min=0.000000
rprop_delta_max=50.000000
rprop_delta_zero=0.100000
cascade_output_stagnation_epochs=12
cascade_candidate_change_fraction=0.010000
cascade_candidate_stagnation_epochs=12
cascade_max_out_epochs=150
cascade_min_out_epochs=50
cascade_max_cand_epochs=150
cascade_min_cand_epochs=50
cascade_num_candidate_groups=2
bit_fail_limit=3.49999994039535522461e-01
cascade_candidate_limit=1.00000000000000000000e+03
cascade_weight_multiplier=4.00000005960464477539e-01
cascade_activation_functions_count=10
cascade_activation_functions=3 5 7 8 10 11 14 15 16 17 
cascade_activation_steepnesses_count=4
cascade_activation_steepnesses=2.50000000000000000000e-01 5.00000000000000000000e-01 7.50000000000000000000e-01 1.00000000000000000000e+00 
layer_sizes=6 5 2 
scale_included=0
neurons (num_inputs, activation_function, activation_steepness)=(0, 0, 0.00000000000000000000e+00) (0, 0, 0.00000000000000000000e+00) (0, 0, 0.00000000000000000000e+00) (0, 0, 0.00000000000000000000e+00) (0, 0, 0.00000000000000000000e+00) (0, 0, 0.00000000000000000000e+00) (6, 3, 5.00000000000000000000e-01) (6, 3, 5.00000000000000000000e-01) (6, 3, 5.00000000000000000000e-01) (6, 3, 5.00000000000000000000e-01) (0, 3, 0.00000000000000000000e+00) (5, 0, 5.00000000000000000000e-01) (0, 0, 0.00000000000000000000e+00) 
connections (connected_to_neuron, weight)=(0, -1.50000000000000000000e+03) (1, -1.00519488525390625000e+03) (2, 1.43554489135742187500e+02) (3, -3.90310821533203125000e+01) (4, 5.27913780212402343750e+01) (5, 9.88035857677459716797e-01) (0, -1.50000000000000000000e+03) (1, -1.45776843261718750000e+03) (2, 2.37808013916015625000e+02) (3, -3.27623443603515625000e+01) (4, 1.33733720779418945312e+01) (5, -1.68356466293334960938e+00) (0, -1.50000000000000000000e+03) (1, -4.32030143737792968750e+01) (2, 1.74537200927734375000e+01) (3, -1.43900990486145019531e+00) (4, 1.30604219436645507812e+00) (5, -1.87741851806640625000e+00) (0, -1.50000000000000000000e+03) (1, -1.87769489288330078125e+01) (2, -2.03307747840881347656e+00) (3, -4.89017295837402343750e+00) (4, 5.45479822158813476562e+00) (5, -1.22613966464996337891e+00) (6, 3.23737678527832031250e+01) (7, 3.27959327697753906250e+01) (8, 8.59563350677490234375e+00) (9, 2.54922437667846679688e+00) (10, 7.19357669353485107422e-01) 
