FANN_FLO_2.1
num_layers=4
learning_rate=0.450000
connection_rate=1.000000
network_type=0
learning_momentum=0.000000
training_algorithm=2
train_error_function=1
train_stop_function=0
cascade_output_change_fraction=0.010000
quickprop_decay=-0.000100
quickprop_mu=1.750000
rprop_increase_factor=1.200000
rprop_decrease_factor=0.500000
rprop_delta_min=0.000000
rprop_delta_max=50.000000
rprop_delta_zero=0.100000
cascade_output_stagnation_epochs=12
cascade_candidate_change_fraction=0.010000
cascade_candidate_stagnation_epochs=12
cascade_max_out_epochs=150
cascade_min_out_epochs=50
cascade_max_cand_epochs=150
cascade_min_cand_epochs=50
cascade_num_candidate_groups=2
bit_fail_limit=3.49999994039535522461e-01
cascade_candidate_limit=1.00000000000000000000e+03
cascade_weight_multiplier=4.00000005960464477539e-01
cascade_activation_functions_count=10
cascade_activation_functions=3 5 7 8 10 11 14 15 16 17 
cascade_activation_steepnesses_count=4
cascade_activation_steepnesses=2.50000000000000000000e-01 5.00000000000000000000e-01 7.50000000000000000000e-01 1.00000000000000000000e+00 
layer_sizes=7 3 3 2 
scale_included=0
neurons (num_inputs, activation_function, activation_steepness)=(0, 0, 0.00000000000000000000e+00) (0, 0, 0.00000000000000000000e+00) (0, 0, 0.00000000000000000000e+00) (0, 0, 0.00000000000000000000e+00) (0, 0, 0.00000000000000000000e+00) (0, 0, 0.00000000000000000000e+00) (0, 0, 0.00000000000000000000e+00) (7, 3, 5.00000000000000000000e-01) (7, 3, 5.00000000000000000000e-01) (0, 3, 0.00000000000000000000e+00) (3, 3, 5.00000000000000000000e-01) (3, 3, 5.00000000000000000000e-01) (0, 3, 0.00000000000000000000e+00) (3, 0, 5.00000000000000000000e-01) (0, 0, 0.00000000000000000000e+00) 
connections (connected_to_neuron, weight)=(0, 5.22520303726196289062e-01) (1, 4.03380966186523437500e+00) (2, -2.26208992004394531250e+01) (3, 3.26225370168685913086e-01) (4, 3.85364532470703125000e+00) (5, 5.30568170547485351562e+00) (6, -4.79865550994873046875e-01) (0, 1.91585663706064224243e-02) (1, 1.27222150564193725586e-01) (2, 1.52495115995407104492e-01) (3, -2.03402832150459289551e-01) (4, 1.19699323177337646484e+00) (5, -6.31309568881988525391e-01) (6, 1.45685696601867675781e+00) (7, -4.71606045961380004883e-01) (8, 1.05162036418914794922e+00) (9, -2.44962260127067565918e-01) (7, 4.31186580657958984375e+00) (8, -1.24308309555053710938e+01) (9, 4.90622639656066894531e-01) (10, 1.35357782244682312012e-01) (11, 9.15658092498779296875e+00) (12, -7.05805942416191101074e-02) 
