FANN_FLO_2.1
num_layers=3
learning_rate=0.500000
connection_rate=1.000000
network_type=0
learning_momentum=0.000000
training_algorithm=2
train_error_function=1
train_stop_function=0
cascade_output_change_fraction=0.010000
quickprop_decay=-0.000100
quickprop_mu=1.750000
rprop_increase_factor=1.200000
rprop_decrease_factor=0.500000
rprop_delta_min=0.000000
rprop_delta_max=50.000000
rprop_delta_zero=0.100000
cascade_output_stagnation_epochs=12
cascade_candidate_change_fraction=0.010000
cascade_candidate_stagnation_epochs=12
cascade_max_out_epochs=150
cascade_min_out_epochs=50
cascade_max_cand_epochs=150
cascade_min_cand_epochs=50
cascade_num_candidate_groups=2
bit_fail_limit=3.49999994039535522461e-01
cascade_candidate_limit=1.00000000000000000000e+03
cascade_weight_multiplier=4.00000005960464477539e-01
cascade_activation_functions_count=10
cascade_activation_functions=3 5 7 8 10 11 14 15 16 17 
cascade_activation_steepnesses_count=4
cascade_activation_steepnesses=2.50000000000000000000e-01 5.00000000000000000000e-01 7.50000000000000000000e-01 1.00000000000000000000e+00 
layer_sizes=3 9 4 
scale_included=0
neurons (num_inputs, activation_function, activation_steepness)=(0, 0, 0.00000000000000000000e+00) (0, 0, 0.00000000000000000000e+00) (0, 0, 0.00000000000000000000e+00) (3, 3, 5.00000000000000000000e-01) (3, 3, 5.00000000000000000000e-01) (3, 3, 5.00000000000000000000e-01) (3, 3, 5.00000000000000000000e-01) (3, 3, 5.00000000000000000000e-01) (3, 3, 5.00000000000000000000e-01) (3, 3, 5.00000000000000000000e-01) (3, 3, 5.00000000000000000000e-01) (0, 3, 0.00000000000000000000e+00) (9, 0, 5.00000000000000000000e-01) (9, 0, 5.00000000000000000000e-01) (9, 0, 5.00000000000000000000e-01) (0, 0, 0.00000000000000000000e+00) 
connections (connected_to_neuron, weight)=(0, -2.18424534797668457031e+00) (1, -3.68484592437744140625e+00) (2, 8.24234485626220703125e-01) (0, -1.01852045059204101562e+01) (1, 5.22431707382202148438e+00) (2, 6.72111940383911132812e+00) (0, -7.89213991165161132812e+00) (1, 5.88074827194213867188e+00) (2, 7.38434267044067382812e+00) (0, 3.21306496858596801758e-01) (1, -3.18500971794128417969e+00) (2, 1.01442556381225585938e+01) (0, -6.46946334838867187500e+00) (1, 6.26044940948486328125e+00) (2, 7.49316549301147460938e+00) (0, -9.59452056884765625000e+00) (1, 3.44190979003906250000e+00) (2, -2.11332058906555175781e+00) (0, -9.73925304412841796875e+00) (1, 5.07049703598022460938e+00) (2, 8.41281473636627197266e-01) (0, -2.59311151504516601562e+00) (1, -8.15085351467132568359e-01) (2, 4.70253139734268188477e-01) (3, 2.24634671211242675781e+00) (4, 2.50174999237060546875e-01) (5, 7.12239205837249755859e-01) (6, 6.27047598361968994141e-01) (7, 6.45120024681091308594e-01) (8, 1.72872996330261230469e+00) (9, 1.10804140567779541016e+00) (10, 2.84430050849914550781e+00) (11, 5.44463813304901123047e-01) (3, 6.45761060714721679688e+00) (4, 2.71477484703063964844e+00) (5, 2.58879017829895019531e+00) (6, 2.20150732994079589844e+00) (7, 2.33640646934509277344e+00) (8, 2.93340396881103515625e+00) (9, 2.83248567581176757812e+00) (10, 8.96884250640869140625e+00) (11, 2.24301934242248535156e+00) (3, 2.06030941009521484375e+01) (4, 9.35821819305419921875e+00) (5, 9.24002075195312500000e+00) (6, 9.02334594726562500000e+00) (7, 8.22570800781250000000e+00) (8, 8.27638339996337890625e+00) (9, 8.62372684478759765625e+00) (10, 2.87984619140625000000e+01) (11, 9.12320899963378906250e+00) 
