FANN_FLO_2.1
num_layers=3
learning_rate=0.300000
connection_rate=1.000000
network_type=0
learning_momentum=0.000000
training_algorithm=2
train_error_function=1
train_stop_function=0
cascade_output_change_fraction=0.010000
quickprop_decay=-0.000100
quickprop_mu=1.750000
rprop_increase_factor=1.200000
rprop_decrease_factor=0.500000
rprop_delta_min=0.000000
rprop_delta_max=50.000000
rprop_delta_zero=0.100000
cascade_output_stagnation_epochs=12
cascade_candidate_change_fraction=0.010000
cascade_candidate_stagnation_epochs=12
cascade_max_out_epochs=150
cascade_min_out_epochs=50
cascade_max_cand_epochs=150
cascade_min_cand_epochs=50
cascade_num_candidate_groups=2
bit_fail_limit=3.49999994039535522461e-01
cascade_candidate_limit=1.00000000000000000000e+03
cascade_weight_multiplier=4.00000005960464477539e-01
cascade_activation_functions_count=10
cascade_activation_functions=3 5 7 8 10 11 14 15 16 17 
cascade_activation_steepnesses_count=4
cascade_activation_steepnesses=2.50000000000000000000e-01 5.00000000000000000000e-01 7.50000000000000000000e-01 1.00000000000000000000e+00 
layer_sizes=4 9 2 
scale_included=0
neurons (num_inputs, activation_function, activation_steepness)=(0, 0, 0.00000000000000000000e+00) (0, 0, 0.00000000000000000000e+00) (0, 0, 0.00000000000000000000e+00) (0, 0, 0.00000000000000000000e+00) (4, 3, 5.00000000000000000000e-01) (4, 3, 5.00000000000000000000e-01) (4, 3, 5.00000000000000000000e-01) (4, 3, 5.00000000000000000000e-01) (4, 3, 5.00000000000000000000e-01) (4, 3, 5.00000000000000000000e-01) (4, 3, 5.00000000000000000000e-01) (4, 3, 5.00000000000000000000e-01) (0, 3, 0.00000000000000000000e+00) (9, 3, 5.00000000000000000000e-01) (0, 3, 0.00000000000000000000e+00) 
connections (connected_to_neuron, weight)=(0, 1.16220653057098388672e+00) (1, 3.70737388730049133301e-02) (2, -5.17017984390258789062e+00) (3, 9.68572741840034723282e-04) (0, 2.50254344940185546875e+00) (1, 5.94977080821990966797e-01) (2, -1.93218708038330078125e+01) (3, 4.35762584209442138672e-01) (0, -5.48386633396148681641e-01) (1, 1.54288604855537414551e-01) (2, -1.09554648399353027344e+00) (3, 1.46857309341430664062e+01) (0, -2.54767704010009765625e+00) (1, 7.41069197654724121094e-01) (2, -1.01875698566436767578e+00) (3, -7.53449618816375732422e-01) (0, -2.07608252763748168945e-01) (1, 2.29897908866405487061e-02) (2, 5.59628941118717193604e-02) (3, 8.80232095718383789062e-01) (0, -1.21242173016071319580e-01) (1, 3.96550334990024566650e-02) (2, -5.76109826564788818359e-01) (3, 3.38576102256774902344e+00) (0, -2.48353743553161621094e+00) (1, 1.01266479492187500000e+00) (2, -1.24864947795867919922e+00) (3, 1.63740119934082031250e+01) (0, -1.30805134773254394531e+00) (1, 9.47154581546783447266e-01) (2, -2.54064607620239257812e+00) (3, 9.24293708801269531250e+00) (4, 1.22480884194374084473e-01) (5, 1.48349842056632041931e-02) (6, -4.74279671907424926758e-01) (7, 1.80014684796333312988e-01) (8, -3.32969903945922851562e+00) (9, -3.28492355346679687500e+00) (10, -1.55263185501098632812e-01) (11, -5.13865530490875244141e-01) (12, 9.85991477966308593750e-01) 
