FANN_FLO_2.1
num_layers=4
learning_rate=0.300000
connection_rate=1.000000
network_type=0
learning_momentum=0.000000
training_algorithm=2
train_error_function=1
train_stop_function=0
cascade_output_change_fraction=0.010000
quickprop_decay=-0.000100
quickprop_mu=1.750000
rprop_increase_factor=1.200000
rprop_decrease_factor=0.500000
rprop_delta_min=0.000000
rprop_delta_max=50.000000
rprop_delta_zero=0.100000
cascade_output_stagnation_epochs=12
cascade_candidate_change_fraction=0.010000
cascade_candidate_stagnation_epochs=12
cascade_max_out_epochs=150
cascade_min_out_epochs=50
cascade_max_cand_epochs=150
cascade_min_cand_epochs=50
cascade_num_candidate_groups=2
bit_fail_limit=3.49999994039535522461e-01
cascade_candidate_limit=1.00000000000000000000e+03
cascade_weight_multiplier=4.00000005960464477539e-01
cascade_activation_functions_count=10
cascade_activation_functions=3 5 7 8 10 11 14 15 16 17 
cascade_activation_steepnesses_count=4
cascade_activation_steepnesses=2.50000000000000000000e-01 5.00000000000000000000e-01 7.50000000000000000000e-01 1.00000000000000000000e+00 
layer_sizes=2 5 3 3 
scale_included=0
neurons (num_inputs, activation_function, activation_steepness)=(0, 0, 0.00000000000000000000e+00) (0, 0, 0.00000000000000000000e+00) (2, 3, 5.00000000000000000000e-01) (2, 3, 5.00000000000000000000e-01) (2, 3, 5.00000000000000000000e-01) (2, 3, 5.00000000000000000000e-01) (0, 3, 0.00000000000000000000e+00) (5, 3, 5.00000000000000000000e-01) (5, 3, 5.00000000000000000000e-01) (0, 3, 0.00000000000000000000e+00) (3, 0, 5.00000000000000000000e-01) (3, 0, 5.00000000000000000000e-01) (0, 0, 0.00000000000000000000e+00) 
connections (connected_to_neuron, weight)=(0, -2.87604656219482421875e+01) (1, -3.30526590347290039062e-01) (0, -1.25328922271728515625e+01) (1, -7.49068880081176757812e+00) (0, -2.89934997558593750000e+01) (1, -2.78317797929048538208e-02) (0, -1.28019261360168457031e+00) (1, 2.28678300976753234863e-01) (2, 1.83865427970886230469e+00) (3, 2.28350830078125000000e+00) (4, 7.89094090461730957031e-01) (5, -2.13579082489013671875e+00) (6, -8.29073131084442138672e-01) (2, 3.82791662216186523438e+00) (3, -5.82436442375183105469e-01) (4, 5.36182045936584472656e-01) (5, -1.64899373054504394531e+00) (6, -1.11866235733032226562e+00) (7, 2.49990612268447875977e-01) (8, -1.07892706990242004395e-01) (9, -1.47023871541023254395e-01) (7, -1.07471239566802978516e+00) (8, -1.00341665744781494141e+00) (9, -4.51673060655593872070e-01) 
