FANN_FLO_2.1
num_layers=3
learning_rate=0.400000
connection_rate=1.000000
network_type=0
learning_momentum=0.000000
training_algorithm=2
train_error_function=1
train_stop_function=0
cascade_output_change_fraction=0.010000
quickprop_decay=-0.000100
quickprop_mu=1.750000
rprop_increase_factor=1.200000
rprop_decrease_factor=0.500000
rprop_delta_min=0.000000
rprop_delta_max=50.000000
rprop_delta_zero=0.100000
cascade_output_stagnation_epochs=12
cascade_candidate_change_fraction=0.010000
cascade_candidate_stagnation_epochs=12
cascade_max_out_epochs=150
cascade_min_out_epochs=50
cascade_max_cand_epochs=150
cascade_min_cand_epochs=50
cascade_num_candidate_groups=2
bit_fail_limit=3.49999994039535522461e-01
cascade_candidate_limit=1.00000000000000000000e+03
cascade_weight_multiplier=4.00000005960464477539e-01
cascade_activation_functions_count=10
cascade_activation_functions=3 5 7 8 10 11 14 15 16 17 
cascade_activation_steepnesses_count=4
cascade_activation_steepnesses=2.50000000000000000000e-01 5.00000000000000000000e-01 7.50000000000000000000e-01 1.00000000000000000000e+00 
layer_sizes=6 5 2 
scale_included=0
neurons (num_inputs, activation_function, activation_steepness)=(0, 0, 0.00000000000000000000e+00) (0, 0, 0.00000000000000000000e+00) (0, 0, 0.00000000000000000000e+00) (0, 0, 0.00000000000000000000e+00) (0, 0, 0.00000000000000000000e+00) (0, 0, 0.00000000000000000000e+00) (6, 3, 5.00000000000000000000e-01) (6, 3, 5.00000000000000000000e-01) (6, 3, 5.00000000000000000000e-01) (6, 3, 5.00000000000000000000e-01) (0, 3, 0.00000000000000000000e+00) (5, 0, 5.00000000000000000000e-01) (0, 0, 0.00000000000000000000e+00) 
connections (connected_to_neuron, weight)=(0, -9.81616516113281250000e+01) (1, 3.71146850585937500000e+01) (2, 1.33643364906311035156e+00) (3, 4.49262857437133789062e-01) (4, -1.17987012863159179688e+01) (5, 5.27177035808563232422e-01) (0, -1.50000000000000000000e+03) (1, -3.18581981658935546875e+01) (2, -4.15025770664215087891e-01) (3, -1.55604588985443115234e+00) (4, -1.93125712871551513672e+00) (5, 9.28734302520751953125e-01) (0, -1.50000000000000000000e+03) (1, -1.49572906494140625000e+01) (2, -3.72354298830032348633e-01) (3, -1.20041859149932861328e+00) (4, -3.45629024505615234375e+00) (5, 7.05193996429443359375e-01) (0, -8.15800048828125000000e+02) (1, -1.41100559234619140625e+01) (2, 5.74632525444030761719e-01) (3, -9.75114941596984863281e-01) (4, -4.49973058700561523438e+00) (5, 4.39887732267379760742e-01) (6, 1.05615034699440002441e-01) (7, 5.03401222229003906250e+01) (8, 1.09288696289062500000e+02) (9, -1.16351163387298583984e+00) (10, 7.25206255912780761719e-01) 
