FANN_FLO_2.1
num_layers=4
learning_rate=0.500000
connection_rate=1.000000
network_type=0
learning_momentum=0.000000
training_algorithm=2
train_error_function=1
train_stop_function=0
cascade_output_change_fraction=0.010000
quickprop_decay=-0.000100
quickprop_mu=1.750000
rprop_increase_factor=1.200000
rprop_decrease_factor=0.500000
rprop_delta_min=0.000000
rprop_delta_max=50.000000
rprop_delta_zero=0.100000
cascade_output_stagnation_epochs=12
cascade_candidate_change_fraction=0.010000
cascade_candidate_stagnation_epochs=12
cascade_max_out_epochs=150
cascade_min_out_epochs=50
cascade_max_cand_epochs=150
cascade_min_cand_epochs=50
cascade_num_candidate_groups=2
bit_fail_limit=3.49999994039535522461e-01
cascade_candidate_limit=1.00000000000000000000e+03
cascade_weight_multiplier=4.00000005960464477539e-01
cascade_activation_functions_count=10
cascade_activation_functions=3 5 7 8 10 11 14 15 16 17 
cascade_activation_steepnesses_count=4
cascade_activation_steepnesses=2.50000000000000000000e-01 5.00000000000000000000e-01 7.50000000000000000000e-01 1.00000000000000000000e+00 
layer_sizes=4 5 3 2 
scale_included=0
neurons (num_inputs, activation_function, activation_steepness)=(0, 0, 0.00000000000000000000e+00) (0, 0, 0.00000000000000000000e+00) (0, 0, 0.00000000000000000000e+00) (0, 0, 0.00000000000000000000e+00) (4, 3, 5.00000000000000000000e-01) (4, 3, 5.00000000000000000000e-01) (4, 3, 5.00000000000000000000e-01) (4, 3, 5.00000000000000000000e-01) (0, 3, 0.00000000000000000000e+00) (5, 3, 5.00000000000000000000e-01) (5, 3, 5.00000000000000000000e-01) (0, 3, 0.00000000000000000000e+00) (3, 3, 5.00000000000000000000e-01) (0, 3, 0.00000000000000000000e+00) 
connections (connected_to_neuron, weight)=(0, -4.12046957015991210938e+00) (1, -2.81336927413940429688e+00) (2, -3.99093484878540039062e+00) (3, 3.48991656303405761719e+00) (0, -4.35245895385742187500e+00) (1, -7.02386236190795898438e+00) (2, 3.51473402976989746094e+00) (3, 1.89279675483703613281e+00) (0, -4.35693788528442382812e+00) (1, -3.88514661788940429688e+00) (2, -2.16306734085083007812e+00) (3, 3.06864786148071289062e+00) (0, -4.42532253265380859375e+00) (1, -6.30908966064453125000e+00) (2, 2.69133090972900390625e+00) (3, 1.93818390369415283203e+00) (4, -3.44749307632446289062e+00) (5, 1.66324005126953125000e+01) (6, 6.47647142410278320312e-01) (7, 7.68282852172851562500e+01) (8, -3.44503474235534667969e+00) (4, 2.62045612335205078125e+01) (5, 5.22026634216308593750e+00) (6, 9.38721370697021484375e+00) (7, 5.13105583190917968750e+00) (8, -5.14002752304077148438e+00) (9, 2.86777591705322265625e+00) (10, -6.87120962142944335938e+00) (11, 1.83327519893646240234e+00) 
