FANN_FLO_2.1
num_layers=3
learning_rate=0.450000
connection_rate=1.000000
network_type=0
learning_momentum=0.000000
training_algorithm=2
train_error_function=1
train_stop_function=0
cascade_output_change_fraction=0.010000
quickprop_decay=-0.000100
quickprop_mu=1.750000
rprop_increase_factor=1.200000
rprop_decrease_factor=0.500000
rprop_delta_min=0.000000
rprop_delta_max=50.000000
rprop_delta_zero=0.100000
cascade_output_stagnation_epochs=12
cascade_candidate_change_fraction=0.010000
cascade_candidate_stagnation_epochs=12
cascade_max_out_epochs=150
cascade_min_out_epochs=50
cascade_max_cand_epochs=150
cascade_min_cand_epochs=50
cascade_num_candidate_groups=2
bit_fail_limit=3.49999994039535522461e-01
cascade_candidate_limit=1.00000000000000000000e+03
cascade_weight_multiplier=4.00000005960464477539e-01
cascade_activation_functions_count=10
cascade_activation_functions=3 5 7 8 10 11 14 15 16 17 
cascade_activation_steepnesses_count=4
cascade_activation_steepnesses=2.50000000000000000000e-01 5.00000000000000000000e-01 7.50000000000000000000e-01 1.00000000000000000000e+00 
layer_sizes=7 5 2 
scale_included=0
neurons (num_inputs, activation_function, activation_steepness)=(0, 0, 0.00000000000000000000e+00) (0, 0, 0.00000000000000000000e+00) (0, 0, 0.00000000000000000000e+00) (0, 0, 0.00000000000000000000e+00) (0, 0, 0.00000000000000000000e+00) (0, 0, 0.00000000000000000000e+00) (0, 0, 0.00000000000000000000e+00) (7, 3, 5.00000000000000000000e-01) (7, 3, 5.00000000000000000000e-01) (7, 3, 5.00000000000000000000e-01) (7, 3, 5.00000000000000000000e-01) (0, 3, 0.00000000000000000000e+00) (5, 0, 5.00000000000000000000e-01) (0, 0, 0.00000000000000000000e+00) 
connections (connected_to_neuron, weight)=(0, -1.81774109601974487305e-01) (1, 2.69603163003921508789e-01) (2, 1.06970620155334472656e+00) (3, -3.63852143287658691406e-01) (4, -2.70939171314239501953e-01) (5, -2.35809031873941421509e-02) (6, -5.97009229660034179688e+00) (0, 1.15537338256835937500e+02) (1, 3.69907531738281250000e+01) (2, -1.50000000000000000000e+03) (3, -1.50000000000000000000e+03) (4, -1.50000000000000000000e+03) (5, -1.50000000000000000000e+03) (6, -6.78706359863281250000e+00) (0, 1.80003607273101806641e+00) (1, 3.00003108978271484375e+01) (2, -1.50000000000000000000e+03) (3, -1.50000000000000000000e+03) (4, -1.50000000000000000000e+03) (5, -1.50000000000000000000e+03) (6, -3.95181626081466674805e-01) (0, 5.29534146189689636230e-02) (1, -1.23384982347488403320e-01) (2, 7.75668263435363769531e-01) (3, -1.84965357184410095215e-01) (4, -1.19938001036643981934e-01) (5, -7.24063115194439888000e-03) (6, -5.69151163101196289062e+00) (7, -3.38864266872406005859e-01) (8, 1.50000000000000000000e+03) (9, 1.50000000000000000000e+03) (10, 3.37318748235702514648e-01) (11, 1.05927577242255210876e-02) 
