FANN_FLO_2.1
num_layers=4
learning_rate=0.500000
connection_rate=1.000000
network_type=0
learning_momentum=0.000000
training_algorithm=2
train_error_function=1
train_stop_function=0
cascade_output_change_fraction=0.010000
quickprop_decay=-0.000100
quickprop_mu=1.750000
rprop_increase_factor=1.200000
rprop_decrease_factor=0.500000
rprop_delta_min=0.000000
rprop_delta_max=50.000000
rprop_delta_zero=0.100000
cascade_output_stagnation_epochs=12
cascade_candidate_change_fraction=0.010000
cascade_candidate_stagnation_epochs=12
cascade_max_out_epochs=150
cascade_min_out_epochs=50
cascade_max_cand_epochs=150
cascade_min_cand_epochs=50
cascade_num_candidate_groups=2
bit_fail_limit=3.49999994039535522461e-01
cascade_candidate_limit=1.00000000000000000000e+03
cascade_weight_multiplier=4.00000005960464477539e-01
cascade_activation_functions_count=10
cascade_activation_functions=3 5 7 8 10 11 14 15 16 17 
cascade_activation_steepnesses_count=4
cascade_activation_steepnesses=2.50000000000000000000e-01 5.00000000000000000000e-01 7.50000000000000000000e-01 1.00000000000000000000e+00 
layer_sizes=4 5 3 2 
scale_included=0
neurons (num_inputs, activation_function, activation_steepness)=(0, 0, 0.00000000000000000000e+00) (0, 0, 0.00000000000000000000e+00) (0, 0, 0.00000000000000000000e+00) (0, 0, 0.00000000000000000000e+00) (4, 3, 5.00000000000000000000e-01) (4, 3, 5.00000000000000000000e-01) (4, 3, 5.00000000000000000000e-01) (4, 3, 5.00000000000000000000e-01) (0, 3, 0.00000000000000000000e+00) (5, 3, 5.00000000000000000000e-01) (5, 3, 5.00000000000000000000e-01) (0, 3, 0.00000000000000000000e+00) (3, 3, 5.00000000000000000000e-01) (0, 3, 0.00000000000000000000e+00) 
connections (connected_to_neuron, weight)=(0, -4.68726110458374023438e+00) (1, -7.08614158630371093750e+00) (2, 9.68537712097167968750e+00) (3, 1.62431406974792480469e+00) (0, -9.29232180118560791016e-01) (1, -1.06882066726684570312e+01) (2, -2.89412766695022583008e-01) (3, 2.64442563056945800781e+00) (0, -5.64603948593139648438e+00) (1, -6.16978883743286132812e+00) (2, 3.89021426439285278320e-01) (3, 3.35456442832946777344e+00) (0, -8.30871224403381347656e-01) (1, -1.06459226608276367188e+01) (2, -3.51461839675903320312e+00) (3, 4.48139190673828125000e+00) (4, 1.50000000000000000000e+03) (5, -3.83433013916015625000e+02) (6, -8.02855468750000000000e+02) (7, -3.36098907470703125000e+02) (8, -2.36312847137451171875e+01) (4, 1.08415966033935546875e+01) (5, 7.94276094436645507812e+00) (6, 1.50000000000000000000e+03) (7, 8.32642936706542968750e+00) (8, -1.38998703002929687500e+02) (9, 1.42541265487670898438e+00) (10, -3.90861630439758300781e+00) (11, 5.70961356163024902344e-01) 
