FANN_FLO_2.1
num_layers=3
learning_rate=0.400000
connection_rate=1.000000
network_type=0
learning_momentum=0.000000
training_algorithm=2
train_error_function=1
train_stop_function=0
cascade_output_change_fraction=0.010000
quickprop_decay=-0.000100
quickprop_mu=1.750000
rprop_increase_factor=1.200000
rprop_decrease_factor=0.500000
rprop_delta_min=0.000000
rprop_delta_max=50.000000
rprop_delta_zero=0.100000
cascade_output_stagnation_epochs=12
cascade_candidate_change_fraction=0.010000
cascade_candidate_stagnation_epochs=12
cascade_max_out_epochs=150
cascade_min_out_epochs=50
cascade_max_cand_epochs=150
cascade_min_cand_epochs=50
cascade_num_candidate_groups=2
bit_fail_limit=3.49999994039535522461e-01
cascade_candidate_limit=1.00000000000000000000e+03
cascade_weight_multiplier=4.00000005960464477539e-01
cascade_activation_functions_count=10
cascade_activation_functions=3 5 7 8 10 11 14 15 16 17 
cascade_activation_steepnesses_count=4
cascade_activation_steepnesses=2.50000000000000000000e-01 5.00000000000000000000e-01 7.50000000000000000000e-01 1.00000000000000000000e+00 
layer_sizes=10 3 2 
scale_included=0
neurons (num_inputs, activation_function, activation_steepness)=(0, 0, 0.00000000000000000000e+00) (0, 0, 0.00000000000000000000e+00) (0, 0, 0.00000000000000000000e+00) (0, 0, 0.00000000000000000000e+00) (0, 0, 0.00000000000000000000e+00) (0, 0, 0.00000000000000000000e+00) (0, 0, 0.00000000000000000000e+00) (0, 0, 0.00000000000000000000e+00) (0, 0, 0.00000000000000000000e+00) (0, 0, 0.00000000000000000000e+00) (10, 3, 5.00000000000000000000e-01) (10, 3, 5.00000000000000000000e-01) (0, 3, 0.00000000000000000000e+00) (3, 3, 5.00000000000000000000e-01) (0, 3, 0.00000000000000000000e+00) 
connections (connected_to_neuron, weight)=(0, -8.01655128598213195801e-02) (1, -2.19759047031402587891e-01) (2, -1.43945366144180297852e-01) (3, -1.19205750524997711182e-01) (4, -1.39208406209945678711e-01) (5, -6.35593906044960021973e-02) (6, -8.96686092019081115723e-02) (7, -2.13561564683914184570e-01) (8, -1.10374376177787780762e-01) (9, -2.17890366911888122559e-02) (0, 5.46313077211380004883e-02) (1, 1.94575190544128417969e-01) (2, 2.19341158866882324219e-01) (3, 1.86063021421432495117e-01) (4, 2.06448733806610107422e-01) (5, 1.35792180895805358887e-01) (6, 5.10771796107292175293e-02) (7, 2.06730455160140991211e-01) (8, 1.52559965848922729492e-01) (9, 6.89963847398757934570e-02) (10, -8.31087604165077209473e-02) (11, -1.57585665583610534668e-01) (12, -2.35419645905494689941e-02) 
