FANN_FLO_2.1
num_layers=3
learning_rate=0.300000
connection_rate=1.000000
network_type=0
learning_momentum=0.000000
training_algorithm=2
train_error_function=1
train_stop_function=0
cascade_output_change_fraction=0.010000
quickprop_decay=-0.000100
quickprop_mu=1.750000
rprop_increase_factor=1.200000
rprop_decrease_factor=0.500000
rprop_delta_min=0.000000
rprop_delta_max=50.000000
rprop_delta_zero=0.100000
cascade_output_stagnation_epochs=12
cascade_candidate_change_fraction=0.010000
cascade_candidate_stagnation_epochs=12
cascade_max_out_epochs=150
cascade_min_out_epochs=50
cascade_max_cand_epochs=150
cascade_min_cand_epochs=50
cascade_num_candidate_groups=2
bit_fail_limit=3.49999994039535522461e-01
cascade_candidate_limit=1.00000000000000000000e+03
cascade_weight_multiplier=4.00000005960464477539e-01
cascade_activation_functions_count=10
cascade_activation_functions=3 5 7 8 10 11 14 15 16 17 
cascade_activation_steepnesses_count=4
cascade_activation_steepnesses=2.50000000000000000000e-01 5.00000000000000000000e-01 7.50000000000000000000e-01 1.00000000000000000000e+00 
layer_sizes=4 9 2 
scale_included=0
neurons (num_inputs, activation_function, activation_steepness)=(0, 0, 0.00000000000000000000e+00) (0, 0, 0.00000000000000000000e+00) (0, 0, 0.00000000000000000000e+00) (0, 0, 0.00000000000000000000e+00) (4, 3, 5.00000000000000000000e-01) (4, 3, 5.00000000000000000000e-01) (4, 3, 5.00000000000000000000e-01) (4, 3, 5.00000000000000000000e-01) (4, 3, 5.00000000000000000000e-01) (4, 3, 5.00000000000000000000e-01) (4, 3, 5.00000000000000000000e-01) (4, 3, 5.00000000000000000000e-01) (0, 3, 0.00000000000000000000e+00) (9, 3, 5.00000000000000000000e-01) (0, 3, 0.00000000000000000000e+00) 
connections (connected_to_neuron, weight)=(0, -6.30124390125274658203e-01) (1, 3.15007627010345458984e-01) (2, -8.81808102130889892578e-01) (3, 1.05305433273315429688e+00) (0, -1.42212510108947753906e+00) (1, 9.16099309921264648438e-01) (2, -2.25081443786621093750e+00) (3, 1.29617619514465332031e+00) (0, -3.62614097595214843750e+01) (1, 1.36410787701606750488e-01) (2, -1.03110527992248535156e+00) (3, 6.00601077079772949219e-01) (0, 4.13841247558593750000e+01) (1, -6.24914979934692382812e+00) (2, -1.56903991699218750000e+02) (3, -3.88476513326168060303e-02) (0, -1.00676431655883789062e+01) (1, 5.94278335571289062500e+00) (2, -1.27164665222167968750e+02) (3, 1.21487654745578765869e-01) (0, -1.43038463592529296875e+00) (1, 9.08361017704010009766e-01) (2, -2.43906641006469726562e+00) (3, 1.21554255485534667969e+00) (0, -1.49010539054870605469e-01) (1, 2.52073146402835845947e-02) (2, -2.93036192655563354492e-01) (3, 3.22167253494262695312e+00) (0, -1.46666061878204345703e+00) (1, 8.91683161258697509766e-01) (2, -1.65697932243347167969e+00) (3, 3.94497346878051757812e+00) (4, -1.97772279381752014160e-01) (5, -6.43154904246330261230e-02) (6, 1.50000000000000000000e+03) (7, -1.34319543838500976562e-01) (8, 1.50000000000000000000e+03) (9, -1.05889074504375457764e-01) (10, -5.21803045272827148438e+00) (11, -1.80304855108261108398e-01) (12, 6.67648553848266601562e-01) 
