FANN_FLO_2.1
num_layers=3
learning_rate=0.500000
connection_rate=1.000000
network_type=0
learning_momentum=0.000000
training_algorithm=2
train_error_function=1
train_stop_function=0
cascade_output_change_fraction=0.010000
quickprop_decay=-0.000100
quickprop_mu=1.750000
rprop_increase_factor=1.200000
rprop_decrease_factor=0.500000
rprop_delta_min=0.000000
rprop_delta_max=50.000000
rprop_delta_zero=0.100000
cascade_output_stagnation_epochs=12
cascade_candidate_change_fraction=0.010000
cascade_candidate_stagnation_epochs=12
cascade_max_out_epochs=150
cascade_min_out_epochs=50
cascade_max_cand_epochs=150
cascade_min_cand_epochs=50
cascade_num_candidate_groups=2
bit_fail_limit=3.49999994039535522461e-01
cascade_candidate_limit=1.00000000000000000000e+03
cascade_weight_multiplier=4.00000005960464477539e-01
cascade_activation_functions_count=10
cascade_activation_functions=3 5 7 8 10 11 14 15 16 17 
cascade_activation_steepnesses_count=4
cascade_activation_steepnesses=2.50000000000000000000e-01 5.00000000000000000000e-01 7.50000000000000000000e-01 1.00000000000000000000e+00 
layer_sizes=7 9 2 
scale_included=0
neurons (num_inputs, activation_function, activation_steepness)=(0, 0, 0.00000000000000000000e+00) (0, 0, 0.00000000000000000000e+00) (0, 0, 0.00000000000000000000e+00) (0, 0, 0.00000000000000000000e+00) (0, 0, 0.00000000000000000000e+00) (0, 0, 0.00000000000000000000e+00) (0, 0, 0.00000000000000000000e+00) (7, 3, 5.00000000000000000000e-01) (7, 3, 5.00000000000000000000e-01) (7, 3, 5.00000000000000000000e-01) (7, 3, 5.00000000000000000000e-01) (7, 3, 5.00000000000000000000e-01) (7, 3, 5.00000000000000000000e-01) (7, 3, 5.00000000000000000000e-01) (7, 3, 5.00000000000000000000e-01) (0, 3, 0.00000000000000000000e+00) (9, 0, 5.00000000000000000000e-01) (0, 0, 0.00000000000000000000e+00) 
connections (connected_to_neuron, weight)=(0, -3.01664084196090698242e-01) (1, 3.09625267982482910156e-01) (2, -2.17209771275520324707e-01) (3, -1.61143824458122253418e-01) (4, 4.88210111856460571289e-01) (5, -5.74756860733032226562e-01) (6, -2.80622631311416625977e-01) (0, 5.66027045249938964844e-01) (1, 7.99401462078094482422e-01) (2, -8.07940483093261718750e+00) (3, 8.97704288363456726074e-02) (4, -5.63990592956542968750e-01) (5, -3.15675830841064453125e+00) (6, -3.39985638856887817383e-01) (0, -2.10536196827888488770e-01) (1, 2.62061476707458496094e-01) (2, 1.49312973022460937500e-01) (3, -1.77857443690299987793e-01) (4, 2.74847894906997680664e-01) (5, -3.48575919866561889648e-01) (6, -2.42044046521186828613e-01) (0, -2.83764332532882690430e-01) (1, 1.40778675675392150879e-01) (2, 8.08761835098266601562e-01) (3, -2.06775858998298645020e-01) (4, -4.14607644081115722656e-01) (5, 4.93250414729118347168e-02) (6, -1.17317116260528564453e+00) (0, -5.89656710624694824219e-01) (1, -8.67960870265960693359e-01) (2, 2.55230879783630371094e+00) (3, -8.37323963642120361328e-01) (4, -2.58666229248046875000e+00) (5, 2.51882982254028320312e+00) (6, -1.27198453992605209351e-02) (0, -2.91813194751739501953e-01) (1, 6.95558726787567138672e-01) (2, -1.10447978973388671875e+00) (3, -1.17677763104438781738e-01) (4, 1.25761699676513671875e+00) (5, -1.60610154271125793457e-01) (6, -4.27031660079956054688e+00) (0, -4.12139147520065307617e-01) (1, -8.92496407032012939453e-01) (2, 6.90126609802246093750e+00) (3, -4.03576880693435668945e-01) (4, 1.09224176406860351562e+00) (5, 2.00642395019531250000e+00) (6, -1.53527528047561645508e-01) (0, 4.04908925294876098633e-01) (1, 1.53237228393554687500e+01) (2, 5.99009895324707031250e+00) (3, 3.91416162252426147461e-01) (4, 1.75755062103271484375e+01) (5, 1.32083160400390625000e+02) (6, 8.01902008056640625000e+00) (7, -3.00308912992477416992e-02) (8, -4.58747506141662597656e-01) (9, 6.41500875353813171387e-02) (10, -3.10307890176773071289e-01) (11, 2.35267996788024902344e-01) (12, -7.78123810887336730957e-02) (13, -4.88523751497268676758e-01) (14, 2.66370117664337158203e-01) (15, 2.87660449743270874023e-01) 
