FANN_FLO_2.1
num_layers=3
learning_rate=0.500000
connection_rate=1.000000
network_type=0
learning_momentum=0.000000
training_algorithm=2
train_error_function=1
train_stop_function=0
cascade_output_change_fraction=0.010000
quickprop_decay=-0.000100
quickprop_mu=1.750000
rprop_increase_factor=1.200000
rprop_decrease_factor=0.500000
rprop_delta_min=0.000000
rprop_delta_max=50.000000
rprop_delta_zero=0.100000
cascade_output_stagnation_epochs=12
cascade_candidate_change_fraction=0.010000
cascade_candidate_stagnation_epochs=12
cascade_max_out_epochs=150
cascade_min_out_epochs=50
cascade_max_cand_epochs=150
cascade_min_cand_epochs=50
cascade_num_candidate_groups=2
bit_fail_limit=3.49999994039535522461e-01
cascade_candidate_limit=1.00000000000000000000e+03
cascade_weight_multiplier=4.00000005960464477539e-01
cascade_activation_functions_count=10
cascade_activation_functions=3 5 7 8 10 11 14 15 16 17 
cascade_activation_steepnesses_count=4
cascade_activation_steepnesses=2.50000000000000000000e-01 5.00000000000000000000e-01 7.50000000000000000000e-01 1.00000000000000000000e+00 
layer_sizes=10 5 2 
scale_included=0
neurons (num_inputs, activation_function, activation_steepness)=(0, 0, 0.00000000000000000000e+00) (0, 0, 0.00000000000000000000e+00) (0, 0, 0.00000000000000000000e+00) (0, 0, 0.00000000000000000000e+00) (0, 0, 0.00000000000000000000e+00) (0, 0, 0.00000000000000000000e+00) (0, 0, 0.00000000000000000000e+00) (0, 0, 0.00000000000000000000e+00) (0, 0, 0.00000000000000000000e+00) (0, 0, 0.00000000000000000000e+00) (10, 3, 5.00000000000000000000e-01) (10, 3, 5.00000000000000000000e-01) (10, 3, 5.00000000000000000000e-01) (10, 3, 5.00000000000000000000e-01) (0, 3, 0.00000000000000000000e+00) (5, 3, 5.00000000000000000000e-01) (0, 3, 0.00000000000000000000e+00) 
connections (connected_to_neuron, weight)=(0, -4.05839532613754272461e-01) (1, -5.74175357818603515625e-01) (2, -3.56587588787078857422e-01) (3, -6.44137382507324218750e-01) (4, -6.81498408317565917969e-01) (5, -3.98950010538101196289e-01) (6, -4.45970863103866577148e-01) (7, -5.67458570003509521484e-01) (8, -4.58476245403289794922e-01) (9, 2.60332131385803222656e+00) (0, 7.37401783466339111328e-01) (1, 6.96924269199371337891e-01) (2, 6.18013203144073486328e-01) (3, 3.54476630687713623047e-01) (4, 3.62979650497436523438e-01) (5, 4.53441590070724487305e-01) (6, 5.17728805541992187500e-01) (7, 2.58112192153930664062e-01) (8, 3.77492219209671020508e-01) (9, -1.38853406906127929688e+00) (0, -4.64732110500335693359e-01) (1, -4.55920875072479248047e-01) (2, -4.07513499259948730469e-01) (3, -4.98690128326416015625e-01) (4, -6.09007060527801513672e-01) (5, -4.26624685525894165039e-01) (6, -5.84623456001281738281e-01) (7, -6.39189660549163818359e-01) (8, -4.51118171215057373047e-01) (9, 2.58071804046630859375e+00) (0, -3.28239232301712036133e-01) (1, -2.74246335029602050781e-01) (2, -3.90380948781967163086e-01) (3, -5.21894395351409912109e-01) (4, -4.51117962598800659180e-01) (5, -5.90288043022155761719e-01) (6, -4.59845602512359619141e-01) (7, -6.05831444263458251953e-01) (8, -5.44890046119689941406e-01) (9, 1.33223986625671386719e+00) (10, -6.29862725734710693359e-01) (11, 1.50919699668884277344e+00) (12, -4.12134826183319091797e-01) (13, -1.79861176013946533203e+00) (14, 1.49660497903823852539e-01) 
