FANN_FLO_2.1
num_layers=4
learning_rate=0.500000
connection_rate=1.000000
network_type=0
learning_momentum=0.000000
training_algorithm=2
train_error_function=1
train_stop_function=0
cascade_output_change_fraction=0.010000
quickprop_decay=-0.000100
quickprop_mu=1.750000
rprop_increase_factor=1.200000
rprop_decrease_factor=0.500000
rprop_delta_min=0.000000
rprop_delta_max=50.000000
rprop_delta_zero=0.100000
cascade_output_stagnation_epochs=12
cascade_candidate_change_fraction=0.010000
cascade_candidate_stagnation_epochs=12
cascade_max_out_epochs=150
cascade_min_out_epochs=50
cascade_max_cand_epochs=150
cascade_min_cand_epochs=50
cascade_num_candidate_groups=2
bit_fail_limit=3.49999994039535522461e-01
cascade_candidate_limit=1.00000000000000000000e+03
cascade_weight_multiplier=4.00000005960464477539e-01
cascade_activation_functions_count=10
cascade_activation_functions=3 5 7 8 10 11 14 15 16 17 
cascade_activation_steepnesses_count=4
cascade_activation_steepnesses=2.50000000000000000000e-01 5.00000000000000000000e-01 7.50000000000000000000e-01 1.00000000000000000000e+00 
layer_sizes=4 5 5 2 
scale_included=0
neurons (num_inputs, activation_function, activation_steepness)=(0, 0, 0.00000000000000000000e+00) (0, 0, 0.00000000000000000000e+00) (0, 0, 0.00000000000000000000e+00) (0, 0, 0.00000000000000000000e+00) (4, 3, 5.00000000000000000000e-01) (4, 3, 5.00000000000000000000e-01) (4, 3, 5.00000000000000000000e-01) (4, 3, 5.00000000000000000000e-01) (0, 3, 0.00000000000000000000e+00) (5, 3, 5.00000000000000000000e-01) (5, 3, 5.00000000000000000000e-01) (5, 3, 5.00000000000000000000e-01) (5, 3, 5.00000000000000000000e-01) (0, 3, 0.00000000000000000000e+00) (5, 3, 5.00000000000000000000e-01) (0, 3, 0.00000000000000000000e+00) 
connections (connected_to_neuron, weight)=(0, -3.65800048828125000000e+02) (1, 1.97520660400390625000e+02) (2, -4.31600036621093750000e+02) (3, 1.47641258239746093750e+01) (0, -1.50000000000000000000e+03) (1, -6.66538146972656250000e+02) (2, -1.43580908203125000000e+03) (3, 1.05853033065795898438e+01) (0, -1.16295935058593750000e+03) (1, -5.43817901611328125000e+01) (2, -1.13619091796875000000e+03) (3, 1.48017988204956054688e+01) (0, -3.65800048828125000000e+02) (1, 1.97591308593750000000e+02) (2, -4.31600036621093750000e+02) (3, 1.46692543029785156250e+01) (4, -3.73414840698242187500e+01) (5, 3.83391754150390625000e+02) (6, 3.42418785095214843750e+01) (7, -3.73505172729492187500e+01) (8, 1.02040201425552368164e-01) (4, -3.73062057495117187500e+01) (5, 2.08389907836914062500e+02) (6, 1.12844604492187500000e+02) (7, -3.74417037963867187500e+01) (8, -2.86155253648757934570e-01) (4, -3.74736251831054687500e+01) (5, -4.47929763793945312500e+00) (6, 1.33848983764648437500e+02) (7, -3.74391403198242187500e+01) (8, 7.55035042762756347656e-01) (4, 1.28505416870117187500e+02) (5, 4.42828552246093750000e+02) (6, 1.33285369873046875000e+02) (7, 1.28671310424804687500e+02) (8, 1.24020852148532867432e-01) (9, -1.52914905548095703125e+00) (10, -1.07450604438781738281e+00) (11, -2.12785291671752929688e+00) (12, -1.03596389293670654297e+00) (13, 2.77482509613037109375e+00) 
