FANN_FLO_2.1
num_layers=3
learning_rate=0.400000
connection_rate=1.000000
network_type=0
learning_momentum=0.000000
training_algorithm=2
train_error_function=1
train_stop_function=0
cascade_output_change_fraction=0.010000
quickprop_decay=-0.000100
quickprop_mu=1.750000
rprop_increase_factor=1.200000
rprop_decrease_factor=0.500000
rprop_delta_min=0.000000
rprop_delta_max=50.000000
rprop_delta_zero=0.100000
cascade_output_stagnation_epochs=12
cascade_candidate_change_fraction=0.010000
cascade_candidate_stagnation_epochs=12
cascade_max_out_epochs=150
cascade_min_out_epochs=50
cascade_max_cand_epochs=150
cascade_min_cand_epochs=50
cascade_num_candidate_groups=2
bit_fail_limit=3.49999994039535522461e-01
cascade_candidate_limit=1.00000000000000000000e+03
cascade_weight_multiplier=4.00000005960464477539e-01
cascade_activation_functions_count=10
cascade_activation_functions=3 5 7 8 10 11 14 15 16 17 
cascade_activation_steepnesses_count=4
cascade_activation_steepnesses=2.50000000000000000000e-01 5.00000000000000000000e-01 7.50000000000000000000e-01 1.00000000000000000000e+00 
layer_sizes=6 5 2 
scale_included=0
neurons (num_inputs, activation_function, activation_steepness)=(0, 0, 0.00000000000000000000e+00) (0, 0, 0.00000000000000000000e+00) (0, 0, 0.00000000000000000000e+00) (0, 0, 0.00000000000000000000e+00) (0, 0, 0.00000000000000000000e+00) (0, 0, 0.00000000000000000000e+00) (6, 3, 5.00000000000000000000e-01) (6, 3, 5.00000000000000000000e-01) (6, 3, 5.00000000000000000000e-01) (6, 3, 5.00000000000000000000e-01) (0, 3, 0.00000000000000000000e+00) (5, 0, 5.00000000000000000000e-01) (0, 0, 0.00000000000000000000e+00) 
connections (connected_to_neuron, weight)=(0, -1.50000000000000000000e+03) (1, -1.50000000000000000000e+03) (2, -1.08798779296875000000e+03) (3, -2.58389953613281250000e+02) (4, 3.50162048339843750000e+01) (5, 5.37433087825775146484e-01) (0, -1.50000000000000000000e+03) (1, -1.50000000000000000000e+03) (2, -1.76475834846496582031e+00) (3, -9.73336505889892578125e+00) (4, 1.98138821125030517578e+00) (5, 1.50741472840309143066e-01) (0, -1.50000000000000000000e+03) (1, -1.50000000000000000000e+03) (2, -1.08809277343750000000e+03) (3, -2.58391510009765625000e+02) (4, 3.50030670166015625000e+01) (5, 5.64423322677612304688e-01) (0, -1.50000000000000000000e+03) (1, -1.50000000000000000000e+03) (2, -1.04088720703125000000e+03) (3, -1.84693054199218750000e+02) (4, 1.31116928100585937500e+02) (5, 7.44684755802154541016e-01) (6, 2.09692192077636718750e+01) (7, 4.81059379577636718750e+01) (8, 8.85339927673339843750e+00) (9, 1.99403762817382812500e+01) (10, 8.02947640419006347656e-01) 
