FANN_FLO_2.1
num_layers=3
learning_rate=0.300000
connection_rate=1.000000
network_type=0
learning_momentum=0.000000
training_algorithm=2
train_error_function=1
train_stop_function=0
cascade_output_change_fraction=0.010000
quickprop_decay=-0.000100
quickprop_mu=1.750000
rprop_increase_factor=1.200000
rprop_decrease_factor=0.500000
rprop_delta_min=0.000000
rprop_delta_max=50.000000
rprop_delta_zero=0.100000
cascade_output_stagnation_epochs=12
cascade_candidate_change_fraction=0.010000
cascade_candidate_stagnation_epochs=12
cascade_max_out_epochs=150
cascade_min_out_epochs=50
cascade_max_cand_epochs=150
cascade_min_cand_epochs=50
cascade_num_candidate_groups=2
bit_fail_limit=3.49999994039535522461e-01
cascade_candidate_limit=1.00000000000000000000e+03
cascade_weight_multiplier=4.00000005960464477539e-01
cascade_activation_functions_count=10
cascade_activation_functions=3 5 7 8 10 11 14 15 16 17 
cascade_activation_steepnesses_count=4
cascade_activation_steepnesses=2.50000000000000000000e-01 5.00000000000000000000e-01 7.50000000000000000000e-01 1.00000000000000000000e+00 
layer_sizes=4 9 2 
scale_included=0
neurons (num_inputs, activation_function, activation_steepness)=(0, 0, 0.00000000000000000000e+00) (0, 0, 0.00000000000000000000e+00) (0, 0, 0.00000000000000000000e+00) (0, 0, 0.00000000000000000000e+00) (4, 3, 5.00000000000000000000e-01) (4, 3, 5.00000000000000000000e-01) (4, 3, 5.00000000000000000000e-01) (4, 3, 5.00000000000000000000e-01) (4, 3, 5.00000000000000000000e-01) (4, 3, 5.00000000000000000000e-01) (4, 3, 5.00000000000000000000e-01) (4, 3, 5.00000000000000000000e-01) (0, 3, 0.00000000000000000000e+00) (9, 3, 5.00000000000000000000e-01) (0, 3, 0.00000000000000000000e+00) 
connections (connected_to_neuron, weight)=(0, -1.62007200717926025391e+00) (1, 4.77101325988769531250e-01) (2, -2.48910784721374511719e+00) (3, 3.96227722167968750000e+01) (0, -1.33920848369598388672e+00) (1, 2.22687214612960815430e-01) (2, -2.71956777572631835938e+00) (3, 4.21497421264648437500e+01) (0, -2.47585439682006835938e+00) (1, 4.84851866960525512695e-01) (2, -5.27602958679199218750e+00) (3, 4.87996025085449218750e+01) (0, 1.50000000000000000000e+03) (1, -1.50000000000000000000e+03) (2, -2.67139556884765625000e+02) (3, -6.79072631835937500000e+02) (0, -7.61477708816528320312e+00) (1, 1.21505784988403320312e+00) (2, -1.27313070297241210938e+01) (3, 1.00774772644042968750e+02) (0, -1.85237336158752441406e+00) (1, 3.49891453981399536133e-01) (2, -3.79142403602600097656e+00) (3, 4.62755889892578125000e+01) (0, -1.87249708175659179688e+00) (1, 8.69732439517974853516e-01) (2, -6.53447103500366210938e+00) (3, 4.32542304992675781250e+01) (0, -1.71814632415771484375e+00) (1, 7.41897344589233398438e-01) (2, -3.38634848594665527344e+00) (3, 2.36679916381835937500e+01) (4, -6.46837830543518066406e-01) (5, -6.20684564113616943359e-01) (6, -1.15984940528869628906e+00) (7, 1.50000000000000000000e+03) (8, -1.94831728935241699219e+00) (9, -8.07385325431823730469e-01) (10, 3.76175530254840850830e-02) (11, -4.13576632738113403320e-01) (12, 3.61077755689620971680e-01) 
