FANN_FLO_2.1
num_layers=3
learning_rate=0.500000
connection_rate=1.000000
network_type=0
learning_momentum=0.000000
training_algorithm=2
train_error_function=1
train_stop_function=0
cascade_output_change_fraction=0.010000
quickprop_decay=-0.000100
quickprop_mu=1.750000
rprop_increase_factor=1.200000
rprop_decrease_factor=0.500000
rprop_delta_min=0.000000
rprop_delta_max=50.000000
rprop_delta_zero=0.100000
cascade_output_stagnation_epochs=12
cascade_candidate_change_fraction=0.010000
cascade_candidate_stagnation_epochs=12
cascade_max_out_epochs=150
cascade_min_out_epochs=50
cascade_max_cand_epochs=150
cascade_min_cand_epochs=50
cascade_num_candidate_groups=2
bit_fail_limit=3.49999994039535522461e-01
cascade_candidate_limit=1.00000000000000000000e+03
cascade_weight_multiplier=4.00000005960464477539e-01
cascade_activation_functions_count=10
cascade_activation_functions=3 5 7 8 10 11 14 15 16 17 
cascade_activation_steepnesses_count=4
cascade_activation_steepnesses=2.50000000000000000000e-01 5.00000000000000000000e-01 7.50000000000000000000e-01 1.00000000000000000000e+00 
layer_sizes=3 9 4 
scale_included=0
neurons (num_inputs, activation_function, activation_steepness)=(0, 0, 0.00000000000000000000e+00) (0, 0, 0.00000000000000000000e+00) (0, 0, 0.00000000000000000000e+00) (3, 3, 5.00000000000000000000e-01) (3, 3, 5.00000000000000000000e-01) (3, 3, 5.00000000000000000000e-01) (3, 3, 5.00000000000000000000e-01) (3, 3, 5.00000000000000000000e-01) (3, 3, 5.00000000000000000000e-01) (3, 3, 5.00000000000000000000e-01) (3, 3, 5.00000000000000000000e-01) (0, 3, 0.00000000000000000000e+00) (9, 0, 5.00000000000000000000e-01) (9, 0, 5.00000000000000000000e-01) (9, 0, 5.00000000000000000000e-01) (0, 0, 0.00000000000000000000e+00) 
connections (connected_to_neuron, weight)=(0, -3.34495687484741210938e+00) (1, 1.34448313713073730469e+00) (2, 1.01584064960479736328e+00) (0, -1.66530966758728027344e+00) (1, -2.50350904464721679688e+00) (2, 4.90983992815017700195e-01) (0, -8.18390083312988281250e+00) (1, 1.05120086669921875000e+01) (2, 1.08945693969726562500e+01) (0, -2.61744546890258789062e+00) (1, -8.76546382904052734375e-01) (2, 9.51300501823425292969e-01) (0, -4.14453697204589843750e+01) (1, -1.48434181213378906250e+01) (2, 2.62793755531311035156e+00) (0, -8.83589363098144531250e+00) (1, 9.42007446289062500000e+00) (2, 6.28581905364990234375e+00) (0, -3.13902664184570312500e+00) (1, 2.89825606346130371094e+00) (2, 1.98410585522651672363e-01) (0, -3.90622806549072265625e+00) (1, 3.87042373418807983398e-01) (2, 1.05431306362152099609e+00) (3, 4.68574583530426025391e-01) (4, 3.18073582649230957031e+00) (5, 5.91118693351745605469e-01) (6, 1.11977279186248779297e+00) (7, 1.09397196769714355469e+00) (8, 3.32193344831466674805e-01) (9, 2.51960659027099609375e+00) (10, 1.24724209308624267578e+00) (11, 4.78681921958923339844e-01) (3, 2.99002361297607421875e+00) (4, 9.23708915710449218750e+00) (5, 2.05014872550964355469e+00) (6, 4.58163452148437500000e+00) (7, 1.38425135612487792969e+00) (8, 2.47531890869140625000e+00) (9, 5.35529994964599609375e+00) (10, 3.23983573913574218750e+00) (11, 2.74466323852539062500e+00) (3, 1.09137058258056640625e+01) (4, 2.98469181060791015625e+01) (5, 1.08545551300048828125e+01) (6, 1.37331295013427734375e+01) (7, 5.11887168884277343750e+00) (8, 1.06657409667968750000e+01) (9, 1.12092494964599609375e+01) (10, 1.10369424819946289062e+01) (11, 1.07949943542480468750e+01) 
