FANN_FLO_2.1
num_layers=3
learning_rate=0.500000
connection_rate=1.000000
network_type=0
learning_momentum=0.000000
training_algorithm=2
train_error_function=1
train_stop_function=0
cascade_output_change_fraction=0.010000
quickprop_decay=-0.000100
quickprop_mu=1.750000
rprop_increase_factor=1.200000
rprop_decrease_factor=0.500000
rprop_delta_min=0.000000
rprop_delta_max=50.000000
rprop_delta_zero=0.100000
cascade_output_stagnation_epochs=12
cascade_candidate_change_fraction=0.010000
cascade_candidate_stagnation_epochs=12
cascade_max_out_epochs=150
cascade_min_out_epochs=50
cascade_max_cand_epochs=150
cascade_min_cand_epochs=50
cascade_num_candidate_groups=2
bit_fail_limit=3.49999994039535522461e-01
cascade_candidate_limit=1.00000000000000000000e+03
cascade_weight_multiplier=4.00000005960464477539e-01
cascade_activation_functions_count=10
cascade_activation_functions=3 5 7 8 10 11 14 15 16 17 
cascade_activation_steepnesses_count=4
cascade_activation_steepnesses=2.50000000000000000000e-01 5.00000000000000000000e-01 7.50000000000000000000e-01 1.00000000000000000000e+00 
layer_sizes=7 5 2 
scale_included=0
neurons (num_inputs, activation_function, activation_steepness)=(0, 0, 0.00000000000000000000e+00) (0, 0, 0.00000000000000000000e+00) (0, 0, 0.00000000000000000000e+00) (0, 0, 0.00000000000000000000e+00) (0, 0, 0.00000000000000000000e+00) (0, 0, 0.00000000000000000000e+00) (0, 0, 0.00000000000000000000e+00) (7, 3, 5.00000000000000000000e-01) (7, 3, 5.00000000000000000000e-01) (7, 3, 5.00000000000000000000e-01) (7, 3, 5.00000000000000000000e-01) (0, 3, 0.00000000000000000000e+00) (5, 0, 5.00000000000000000000e-01) (0, 0, 0.00000000000000000000e+00) 
connections (connected_to_neuron, weight)=(0, 1.39632800292968750000e+03) (1, 1.39632800292968750000e+03) (2, 1.29080004882812500000e+03) (3, -1.49042456054687500000e+03) (4, -1.19151668548583984375e+01) (5, 1.29080004882812500000e+03) (6, -4.48062038421630859375e+00) (0, -2.17285543680191040039e-01) (1, -1.00230526924133300781e+00) (2, 3.16979885101318359375e-01) (3, 4.12043452262878417969e-01) (4, -2.46130108833312988281e-01) (5, 5.61020314693450927734e-01) (6, -6.17030322551727294922e-01) (0, 4.82250899076461791992e-01) (1, -1.42170846462249755859e-01) (2, -1.80398374795913696289e-01) (3, -4.32891368865966796875e-01) (4, 3.32577967643737792969e+00) (5, -2.50340700149536132812e+00) (6, -2.68202304840087890625e+00) (0, -2.55864650011062622070e-01) (1, 1.48270323872566223145e-01) (2, 8.61433804035186767578e-01) (3, -3.89396905899047851562e-01) (4, 1.47150671482086181641e+00) (5, -1.82272386550903320312e+00) (6, 4.81840610504150390625e+00) (7, 2.83224228769540786743e-03) (8, -9.18254703283309936523e-02) (9, -2.81797815114259719849e-02) (10, -7.87876918911933898926e-02) (11, 1.14674761891365051270e-01) 
