FANN_FLO_2.1
num_layers=3
learning_rate=0.400000
connection_rate=1.000000
network_type=0
learning_momentum=0.000000
training_algorithm=2
train_error_function=1
train_stop_function=0
cascade_output_change_fraction=0.010000
quickprop_decay=-0.000100
quickprop_mu=1.750000
rprop_increase_factor=1.200000
rprop_decrease_factor=0.500000
rprop_delta_min=0.000000
rprop_delta_max=50.000000
rprop_delta_zero=0.100000
cascade_output_stagnation_epochs=12
cascade_candidate_change_fraction=0.010000
cascade_candidate_stagnation_epochs=12
cascade_max_out_epochs=150
cascade_min_out_epochs=50
cascade_max_cand_epochs=150
cascade_min_cand_epochs=50
cascade_num_candidate_groups=2
bit_fail_limit=3.49999994039535522461e-01
cascade_candidate_limit=1.00000000000000000000e+03
cascade_weight_multiplier=4.00000005960464477539e-01
cascade_activation_functions_count=10
cascade_activation_functions=3 5 7 8 10 11 14 15 16 17 
cascade_activation_steepnesses_count=4
cascade_activation_steepnesses=2.50000000000000000000e-01 5.00000000000000000000e-01 7.50000000000000000000e-01 1.00000000000000000000e+00 
layer_sizes=10 3 2 
scale_included=0
neurons (num_inputs, activation_function, activation_steepness)=(0, 0, 0.00000000000000000000e+00) (0, 0, 0.00000000000000000000e+00) (0, 0, 0.00000000000000000000e+00) (0, 0, 0.00000000000000000000e+00) (0, 0, 0.00000000000000000000e+00) (0, 0, 0.00000000000000000000e+00) (0, 0, 0.00000000000000000000e+00) (0, 0, 0.00000000000000000000e+00) (0, 0, 0.00000000000000000000e+00) (0, 0, 0.00000000000000000000e+00) (10, 3, 5.00000000000000000000e-01) (10, 3, 5.00000000000000000000e-01) (0, 3, 0.00000000000000000000e+00) (3, 3, 5.00000000000000000000e-01) (0, 3, 0.00000000000000000000e+00) 
connections (connected_to_neuron, weight)=(0, -1.04327499866485595703e-01) (1, -1.01728364825248718262e-01) (2, -9.99368205666542053223e-02) (3, -2.19135329127311706543e-01) (4, -1.24394468963146209717e-01) (5, -1.55651897192001342773e-01) (6, -1.89941555261611938477e-01) (7, -1.21430121362209320068e-01) (8, -2.08938211202621459961e-01) (9, -1.21691741049289703369e-01) (0, -1.07149325311183929443e-01) (1, -1.80547237396240234375e-01) (2, -2.24643573164939880371e-02) (3, -1.30842030048370361328e-01) (4, -9.42033305764198303223e-02) (5, -2.05078452825546264648e-01) (6, -2.07487642765045166016e-01) (7, -1.44980788230895996094e-01) (8, -1.69983789324760437012e-01) (9, -4.09193411469459533691e-02) (10, 9.37756001949310302734e-02) (11, 3.20179462432861328125e-02) (12, 1.75957977771759033203e-01) 
