FANN_FLO_2.1
num_layers=4
learning_rate=0.450000
connection_rate=1.000000
network_type=0
learning_momentum=0.000000
training_algorithm=2
train_error_function=1
train_stop_function=0
cascade_output_change_fraction=0.010000
quickprop_decay=-0.000100
quickprop_mu=1.750000
rprop_increase_factor=1.200000
rprop_decrease_factor=0.500000
rprop_delta_min=0.000000
rprop_delta_max=50.000000
rprop_delta_zero=0.100000
cascade_output_stagnation_epochs=12
cascade_candidate_change_fraction=0.010000
cascade_candidate_stagnation_epochs=12
cascade_max_out_epochs=150
cascade_min_out_epochs=50
cascade_max_cand_epochs=150
cascade_min_cand_epochs=50
cascade_num_candidate_groups=2
bit_fail_limit=3.49999994039535522461e-01
cascade_candidate_limit=1.00000000000000000000e+03
cascade_weight_multiplier=4.00000005960464477539e-01
cascade_activation_functions_count=10
cascade_activation_functions=3 5 7 8 10 11 14 15 16 17 
cascade_activation_steepnesses_count=4
cascade_activation_steepnesses=2.50000000000000000000e-01 5.00000000000000000000e-01 7.50000000000000000000e-01 1.00000000000000000000e+00 
layer_sizes=7 5 5 2 
scale_included=0
neurons (num_inputs, activation_function, activation_steepness)=(0, 0, 0.00000000000000000000e+00) (0, 0, 0.00000000000000000000e+00) (0, 0, 0.00000000000000000000e+00) (0, 0, 0.00000000000000000000e+00) (0, 0, 0.00000000000000000000e+00) (0, 0, 0.00000000000000000000e+00) (0, 0, 0.00000000000000000000e+00) (7, 3, 5.00000000000000000000e-01) (7, 3, 5.00000000000000000000e-01) (7, 3, 5.00000000000000000000e-01) (7, 3, 5.00000000000000000000e-01) (0, 3, 0.00000000000000000000e+00) (5, 3, 5.00000000000000000000e-01) (5, 3, 5.00000000000000000000e-01) (5, 3, 5.00000000000000000000e-01) (5, 3, 5.00000000000000000000e-01) (0, 3, 0.00000000000000000000e+00) (5, 0, 5.00000000000000000000e-01) (0, 0, 0.00000000000000000000e+00) 
connections (connected_to_neuron, weight)=(0, -1.23528991699218750000e+03) (1, -1.95673942565917968750e+01) (2, 1.40871398925781250000e+03) (3, -1.34686047363281250000e+03) (4, -3.63382873535156250000e+01) (5, 1.38441796875000000000e+03) (6, 2.15229558944702148438e+00) (0, -5.45506591796875000000e+02) (1, 8.74814629554748535156e-01) (2, 1.49131872558593750000e+03) (3, -4.56030120849609375000e+01) (4, 4.94557380676269531250e-01) (5, 1.49798840332031250000e+03) (6, 1.02778494358062744141e+00) (0, -6.97501586914062500000e+02) (1, 1.80625629425048828125e+01) (2, 9.01392822265625000000e+02) (3, -1.01488494873046875000e+03) (4, -3.27589172363281250000e+02) (5, -4.59684173583984375000e+02) (6, 2.03426384925842285156e+00) (0, -6.89683471679687500000e+02) (1, 3.09283673763275146484e-01) (2, 8.92727722167968750000e+02) (3, -1.26268640136718750000e+03) (4, -2.96747192382812500000e+02) (5, -5.03879699707031250000e+02) (6, 5.01759052276611328125e-01) (7, 1.47000000000000000000e+03) (8, -3.31171512603759765625e-01) (9, 1.49967956542968750000e+03) (10, 1.50000000000000000000e+03) (11, -2.26948961615562438965e-01) (7, 2.03261352539062500000e+02) (8, -1.63390707969665527344e+00) (9, 3.31660705566406250000e+02) (10, 1.50000000000000000000e+03) (11, -1.56356954574584960938e+00) (7, 2.03261352539062500000e+02) (8, -7.44063758850097656250e+00) (9, 2.81660583496093750000e+02) (10, 1.50000000000000000000e+03) (11, -7.57716512680053710938e+00) (7, 1.47000000000000000000e+03) (8, -5.78559637069702148438e-01) (9, 1.49967956542968750000e+03) (10, 1.50000000000000000000e+03) (11, -6.86539590358734130859e-01) (12, -6.03489167988300323486e-02) (13, 5.86203411221504211426e-02) (14, 9.31977748870849609375e+00) (15, -8.27901810407638549805e-03) (16, 2.93218437582254409790e-02) 
