FANN_FLO_2.1
num_layers=4
learning_rate=0.450000
connection_rate=1.000000
network_type=0
learning_momentum=0.000000
training_algorithm=2
train_error_function=1
train_stop_function=0
cascade_output_change_fraction=0.010000
quickprop_decay=-0.000100
quickprop_mu=1.750000
rprop_increase_factor=1.200000
rprop_decrease_factor=0.500000
rprop_delta_min=0.000000
rprop_delta_max=50.000000
rprop_delta_zero=0.100000
cascade_output_stagnation_epochs=12
cascade_candidate_change_fraction=0.010000
cascade_candidate_stagnation_epochs=12
cascade_max_out_epochs=150
cascade_min_out_epochs=50
cascade_max_cand_epochs=150
cascade_min_cand_epochs=50
cascade_num_candidate_groups=2
bit_fail_limit=3.49999994039535522461e-01
cascade_candidate_limit=1.00000000000000000000e+03
cascade_weight_multiplier=4.00000005960464477539e-01
cascade_activation_functions_count=10
cascade_activation_functions=3 5 7 8 10 11 14 15 16 17 
cascade_activation_steepnesses_count=4
cascade_activation_steepnesses=2.50000000000000000000e-01 5.00000000000000000000e-01 7.50000000000000000000e-01 1.00000000000000000000e+00 
layer_sizes=7 5 5 2 
scale_included=0
neurons (num_inputs, activation_function, activation_steepness)=(0, 0, 0.00000000000000000000e+00) (0, 0, 0.00000000000000000000e+00) (0, 0, 0.00000000000000000000e+00) (0, 0, 0.00000000000000000000e+00) (0, 0, 0.00000000000000000000e+00) (0, 0, 0.00000000000000000000e+00) (0, 0, 0.00000000000000000000e+00) (7, 3, 5.00000000000000000000e-01) (7, 3, 5.00000000000000000000e-01) (7, 3, 5.00000000000000000000e-01) (7, 3, 5.00000000000000000000e-01) (0, 3, 0.00000000000000000000e+00) (5, 3, 5.00000000000000000000e-01) (5, 3, 5.00000000000000000000e-01) (5, 3, 5.00000000000000000000e-01) (5, 3, 5.00000000000000000000e-01) (0, 3, 0.00000000000000000000e+00) (5, 0, 5.00000000000000000000e-01) (0, 0, 0.00000000000000000000e+00) 
connections (connected_to_neuron, weight)=(0, 1.50000000000000000000e+03) (1, 1.50000000000000000000e+03) (2, 1.50000000000000000000e+03) (3, 1.50000000000000000000e+03) (4, -7.00809776782989501953e-01) (5, 1.50000000000000000000e+03) (6, -2.08449274301528930664e-01) (0, 1.50000000000000000000e+03) (1, 1.50000000000000000000e+03) (2, 1.50000000000000000000e+03) (3, 1.50000000000000000000e+03) (4, -8.16557347774505615234e-01) (5, 1.50000000000000000000e+03) (6, -1.24347783625125885010e-01) (0, 1.50000000000000000000e+03) (1, 1.50000000000000000000e+03) (2, 1.50000000000000000000e+03) (3, 1.50000000000000000000e+03) (4, 1.61698997020721435547e+00) (5, 1.50000000000000000000e+03) (6, -1.99438646435737609863e-01) (0, 1.50000000000000000000e+03) (1, 1.50000000000000000000e+03) (2, 1.50000000000000000000e+03) (3, 1.50000000000000000000e+03) (4, 2.17742919921875000000e+00) (5, 1.50000000000000000000e+03) (6, -1.87788620591163635254e-01) (7, 1.49999987792968750000e+03) (8, 1.49999987792968750000e+03) (9, 1.49999987792968750000e+03) (10, 1.49999987792968750000e+03) (11, -1.08266448974609375000e+00) (7, 1.49225402832031250000e+03) (8, 1.06809338378906250000e+03) (9, 9.60628479003906250000e+02) (10, 9.76165283203125000000e+02) (11, 8.08669328689575195312e-02) (7, 1.49999987792968750000e+03) (8, 1.49999987792968750000e+03) (9, 1.34301037597656250000e+03) (10, 1.39142382812500000000e+03) (11, -8.00933480262756347656e-01) (7, 1.49225402832031250000e+03) (8, 1.18873400878906250000e+03) (9, 1.15061877441406250000e+03) (10, 1.15850866699218750000e+03) (11, -3.61072868108749389648e-01) (12, -2.90509350597858428955e-02) (13, 8.61190706491470336914e-02) (14, -5.66179640591144561768e-02) (15, 3.43799479305744171143e-02) (16, -1.92031227052211761475e-02) 
