FANN_FLO_2.1
num_layers=3
learning_rate=0.500000
connection_rate=1.000000
network_type=0
learning_momentum=0.000000
training_algorithm=2
train_error_function=1
train_stop_function=0
cascade_output_change_fraction=0.010000
quickprop_decay=-0.000100
quickprop_mu=1.750000
rprop_increase_factor=1.200000
rprop_decrease_factor=0.500000
rprop_delta_min=0.000000
rprop_delta_max=50.000000
rprop_delta_zero=0.100000
cascade_output_stagnation_epochs=12
cascade_candidate_change_fraction=0.010000
cascade_candidate_stagnation_epochs=12
cascade_max_out_epochs=150
cascade_min_out_epochs=50
cascade_max_cand_epochs=150
cascade_min_cand_epochs=50
cascade_num_candidate_groups=2
bit_fail_limit=3.49999994039535522461e-01
cascade_candidate_limit=1.00000000000000000000e+03
cascade_weight_multiplier=4.00000005960464477539e-01
cascade_activation_functions_count=10
cascade_activation_functions=3 5 7 8 10 11 14 15 16 17 
cascade_activation_steepnesses_count=4
cascade_activation_steepnesses=2.50000000000000000000e-01 5.00000000000000000000e-01 7.50000000000000000000e-01 1.00000000000000000000e+00 
layer_sizes=7 5 2 
scale_included=0
neurons (num_inputs, activation_function, activation_steepness)=(0, 0, 0.00000000000000000000e+00) (0, 0, 0.00000000000000000000e+00) (0, 0, 0.00000000000000000000e+00) (0, 0, 0.00000000000000000000e+00) (0, 0, 0.00000000000000000000e+00) (0, 0, 0.00000000000000000000e+00) (0, 0, 0.00000000000000000000e+00) (7, 3, 5.00000000000000000000e-01) (7, 3, 5.00000000000000000000e-01) (7, 3, 5.00000000000000000000e-01) (7, 3, 5.00000000000000000000e-01) (0, 3, 0.00000000000000000000e+00) (5, 0, 5.00000000000000000000e-01) (0, 0, 0.00000000000000000000e+00) 
connections (connected_to_neuron, weight)=(0, 2.51245379447937011719e-01) (1, 3.54916512966156005859e-01) (2, 2.78797447681427001953e-01) (3, -5.68887218832969665527e-02) (4, -1.34508475661277770996e-01) (5, -5.74324250221252441406e-01) (6, -9.19397361576557159424e-03) (0, -7.49247193336486816406e-01) (1, -1.10848748683929443359e+00) (2, 3.43513061523437500000e+02) (3, -1.49676000976562500000e+03) (4, -1.49222399902343750000e+03) (5, -1.50000000000000000000e+03) (6, -5.60250520706176757812e-01) (0, -1.83902621269226074219e-01) (1, -5.26703298091888427734e-01) (2, -8.54192115366458892822e-03) (3, -2.17256341129541397095e-02) (4, 2.54136949777603149414e-01) (5, 5.39580285549163818359e-01) (6, -6.16832114756107330322e-02) (0, -3.44824850559234619141e-01) (1, 4.08271372318267822266e-01) (2, 6.08752489089965820312e-01) (3, -2.35324501991271972656e-01) (4, -9.53896045684814453125e-02) (5, 1.31013482809066772461e-01) (6, -7.42028903961181640625e+00) (7, 2.92936056852340698242e-01) (8, 6.34984069824218750000e+02) (9, 2.91507154703140258789e-01) (10, -7.84624293446540832520e-02) (11, -2.77909696102142333984e-01) 
