FANN_FLO_2.1
num_layers=3
learning_rate=0.500000
connection_rate=1.000000
network_type=0
learning_momentum=0.000000
training_algorithm=2
train_error_function=1
train_stop_function=0
cascade_output_change_fraction=0.010000
quickprop_decay=-0.000100
quickprop_mu=1.750000
rprop_increase_factor=1.200000
rprop_decrease_factor=0.500000
rprop_delta_min=0.000000
rprop_delta_max=50.000000
rprop_delta_zero=0.100000
cascade_output_stagnation_epochs=12
cascade_candidate_change_fraction=0.010000
cascade_candidate_stagnation_epochs=12
cascade_max_out_epochs=150
cascade_min_out_epochs=50
cascade_max_cand_epochs=150
cascade_min_cand_epochs=50
cascade_num_candidate_groups=2
bit_fail_limit=3.49999994039535522461e-01
cascade_candidate_limit=1.00000000000000000000e+03
cascade_weight_multiplier=4.00000005960464477539e-01
cascade_activation_functions_count=10
cascade_activation_functions=3 5 7 8 10 11 14 15 16 17 
cascade_activation_steepnesses_count=4
cascade_activation_steepnesses=2.50000000000000000000e-01 5.00000000000000000000e-01 7.50000000000000000000e-01 1.00000000000000000000e+00 
layer_sizes=3 9 4 
scale_included=0
neurons (num_inputs, activation_function, activation_steepness)=(0, 0, 0.00000000000000000000e+00) (0, 0, 0.00000000000000000000e+00) (0, 0, 0.00000000000000000000e+00) (3, 3, 5.00000000000000000000e-01) (3, 3, 5.00000000000000000000e-01) (3, 3, 5.00000000000000000000e-01) (3, 3, 5.00000000000000000000e-01) (3, 3, 5.00000000000000000000e-01) (3, 3, 5.00000000000000000000e-01) (3, 3, 5.00000000000000000000e-01) (3, 3, 5.00000000000000000000e-01) (0, 3, 0.00000000000000000000e+00) (9, 0, 5.00000000000000000000e-01) (9, 0, 5.00000000000000000000e-01) (9, 0, 5.00000000000000000000e-01) (0, 0, 0.00000000000000000000e+00) 
connections (connected_to_neuron, weight)=(0, -3.94603705406188964844e+00) (1, -6.74826920032501220703e-01) (2, 5.50301134586334228516e-01) (0, -4.31795549392700195312e+00) (1, 5.73132658004760742188e+00) (2, 5.73934125900268554688e+00) (0, -4.12912082672119140625e+00) (1, 5.77204847335815429688e+00) (2, 5.43928813934326171875e+00) (0, -2.32758903503417968750e+00) (1, 7.09581077098846435547e-01) (2, 1.00744903087615966797e+00) (0, -1.31993806362152099609e+00) (1, -3.78283023834228515625e+00) (2, 1.06372630596160888672e+00) (0, -2.79016304016113281250e+00) (1, -2.26071524620056152344e+00) (2, 7.08692431449890136719e-01) (0, -2.40005493164062500000e+00) (1, 4.30534005165100097656e-01) (2, 1.84461307525634765625e+00) (0, -2.21075487136840820312e+00) (1, 3.49161577224731445312e+00) (2, -2.79218524694442749023e-01) (3, 2.34344863891601562500e+00) (4, 1.85164272785186767578e-01) (5, 1.85416743159294128418e-01) (6, 1.52594673633575439453e+00) (7, 1.45673418045043945312e+00) (8, 2.04314279556274414062e+00) (9, 2.58001476526260375977e-01) (10, 2.57662463188171386719e+00) (11, 2.35135927796363830566e-01) (3, 4.78461408615112304688e+00) (4, 2.01496458053588867188e+00) (5, 1.33164048194885253906e+00) (6, 4.83582210540771484375e+00) (7, 5.52929830551147460938e+00) (8, 5.46943569183349609375e+00) (9, 3.75622010231018066406e+00) (10, 5.38690280914306640625e+00) (11, 1.14665913581848144531e+00) (3, 1.54028263092041015625e+01) (4, 6.85466098785400390625e+00) (5, 7.32145547866821289062e+00) (6, 1.42791385650634765625e+01) (7, 2.05396728515625000000e+01) (8, 1.59606075286865234375e+01) (9, 1.43105678558349609375e+01) (10, 1.53528938293457031250e+01) (11, 6.42068719863891601562e+00) 
