FANN_FLO_2.1
num_layers=4
learning_rate=0.500000
connection_rate=1.000000
network_type=0
learning_momentum=0.000000
training_algorithm=2
train_error_function=1
train_stop_function=0
cascade_output_change_fraction=0.010000
quickprop_decay=-0.000100
quickprop_mu=1.750000
rprop_increase_factor=1.200000
rprop_decrease_factor=0.500000
rprop_delta_min=0.000000
rprop_delta_max=50.000000
rprop_delta_zero=0.100000
cascade_output_stagnation_epochs=12
cascade_candidate_change_fraction=0.010000
cascade_candidate_stagnation_epochs=12
cascade_max_out_epochs=150
cascade_min_out_epochs=50
cascade_max_cand_epochs=150
cascade_min_cand_epochs=50
cascade_num_candidate_groups=2
bit_fail_limit=3.49999994039535522461e-01
cascade_candidate_limit=1.00000000000000000000e+03
cascade_weight_multiplier=4.00000005960464477539e-01
cascade_activation_functions_count=10
cascade_activation_functions=3 5 7 8 10 11 14 15 16 17 
cascade_activation_steepnesses_count=4
cascade_activation_steepnesses=2.50000000000000000000e-01 5.00000000000000000000e-01 7.50000000000000000000e-01 1.00000000000000000000e+00 
layer_sizes=18 3 3 2 
scale_included=0
neurons (num_inputs, activation_function, activation_steepness)=(0, 0, 0.00000000000000000000e+00) (0, 0, 0.00000000000000000000e+00) (0, 0, 0.00000000000000000000e+00) (0, 0, 0.00000000000000000000e+00) (0, 0, 0.00000000000000000000e+00) (0, 0, 0.00000000000000000000e+00) (0, 0, 0.00000000000000000000e+00) (0, 0, 0.00000000000000000000e+00) (0, 0, 0.00000000000000000000e+00) (0, 0, 0.00000000000000000000e+00) (0, 0, 0.00000000000000000000e+00) (0, 0, 0.00000000000000000000e+00) (0, 0, 0.00000000000000000000e+00) (0, 0, 0.00000000000000000000e+00) (0, 0, 0.00000000000000000000e+00) (0, 0, 0.00000000000000000000e+00) (0, 0, 0.00000000000000000000e+00) (0, 0, 0.00000000000000000000e+00) (18, 3, 5.00000000000000000000e-01) (18, 3, 5.00000000000000000000e-01) (0, 3, 0.00000000000000000000e+00) (3, 3, 5.00000000000000000000e-01) (3, 3, 5.00000000000000000000e-01) (0, 3, 0.00000000000000000000e+00) (3, 0, 5.00000000000000000000e-01) (0, 0, 0.00000000000000000000e+00) 
connections (connected_to_neuron, weight)=(0, 3.09866368770599365234e-01) (1, 5.85116982460021972656e-01) (2, 5.78697085380554199219e-01) (3, 6.18703424930572509766e-01) (4, 6.49787962436676025391e-01) (5, -6.65359258651733398438e-01) (6, -8.03166866302490234375e-01) (7, -1.79462981224060058594e+00) (8, 2.48258910141885280609e-03) (9, 1.12503945827484130859e+00) (10, 1.41680210828781127930e-01) (11, 4.79433774948120117188e-01) (12, 5.07308185100555419922e-01) (13, 7.67166852951049804688e-01) (14, 6.98993384838104248047e-01) (15, 3.90641152858734130859e-01) (16, 8.44335258007049560547e-01) (17, -3.43244338035583496094e+00) (0, 1.10252475738525390625e+00) (1, 8.17095339298248291016e-01) (2, 9.98473286628723144531e-01) (3, 7.90669441223144531250e-01) (4, 1.06831347942352294922e+00) (5, -1.00955426692962646484e+00) (6, -9.66572165489196777344e-01) (7, -6.28345310688018798828e-01) (8, -7.87817034870386123657e-03) (9, 7.57887244224548339844e-01) (10, 1.11482059955596923828e+00) (11, 9.93256270885467529297e-01) (12, 1.03045403957366943359e+00) (13, 1.01614069938659667969e+00) (14, 9.13406848907470703125e-01) (15, 8.45896005630493164062e-01) (16, 9.95105147361755371094e-01) (17, -3.99380493164062500000e+00) (18, 1.58172428607940673828e+00) (19, 2.72018027305603027344e+00) (20, -1.88257229328155517578e+00) (18, 1.43751811981201171875e+00) (19, 3.24419188499450683594e+00) (20, -1.83694970607757568359e+00) (21, 6.78752088546752929688e+00) (22, 5.61063528060913085938e+00) (23, 2.25471448898315429688e+00) 
