FANN_FLO_2.1
num_layers=4
learning_rate=0.450000
connection_rate=1.000000
network_type=0
learning_momentum=0.000000
training_algorithm=2
train_error_function=1
train_stop_function=0
cascade_output_change_fraction=0.010000
quickprop_decay=-0.000100
quickprop_mu=1.750000
rprop_increase_factor=1.200000
rprop_decrease_factor=0.500000
rprop_delta_min=0.000000
rprop_delta_max=50.000000
rprop_delta_zero=0.100000
cascade_output_stagnation_epochs=12
cascade_candidate_change_fraction=0.010000
cascade_candidate_stagnation_epochs=12
cascade_max_out_epochs=150
cascade_min_out_epochs=50
cascade_max_cand_epochs=150
cascade_min_cand_epochs=50
cascade_num_candidate_groups=2
bit_fail_limit=3.49999994039535522461e-01
cascade_candidate_limit=1.00000000000000000000e+03
cascade_weight_multiplier=4.00000005960464477539e-01
cascade_activation_functions_count=10
cascade_activation_functions=3 5 7 8 10 11 14 15 16 17 
cascade_activation_steepnesses_count=4
cascade_activation_steepnesses=2.50000000000000000000e-01 5.00000000000000000000e-01 7.50000000000000000000e-01 1.00000000000000000000e+00 
layer_sizes=7 5 5 2 
scale_included=0
neurons (num_inputs, activation_function, activation_steepness)=(0, 0, 0.00000000000000000000e+00) (0, 0, 0.00000000000000000000e+00) (0, 0, 0.00000000000000000000e+00) (0, 0, 0.00000000000000000000e+00) (0, 0, 0.00000000000000000000e+00) (0, 0, 0.00000000000000000000e+00) (0, 0, 0.00000000000000000000e+00) (7, 3, 5.00000000000000000000e-01) (7, 3, 5.00000000000000000000e-01) (7, 3, 5.00000000000000000000e-01) (7, 3, 5.00000000000000000000e-01) (0, 3, 0.00000000000000000000e+00) (5, 3, 5.00000000000000000000e-01) (5, 3, 5.00000000000000000000e-01) (5, 3, 5.00000000000000000000e-01) (5, 3, 5.00000000000000000000e-01) (0, 3, 0.00000000000000000000e+00) (5, 0, 5.00000000000000000000e-01) (0, 0, 0.00000000000000000000e+00) 
connections (connected_to_neuron, weight)=(0, -2.23802179098129272461e-01) (1, -4.04989235103130340576e-02) (2, -9.93582755327224731445e-02) (3, -4.91920411586761474609e-02) (4, 1.31951749324798583984e-01) (5, 2.57389098405838012695e-01) (6, 2.90486961603164672852e-02) (0, -3.80745343863964080811e-02) (1, 1.07551030814647674561e-02) (2, 4.01022285223007202148e-01) (3, -2.20034450292587280273e-01) (4, 1.72185413539409637451e-02) (5, 5.31437397003173828125e-02) (6, -3.53008657693862915039e-01) (0, 5.12292943894863128662e-02) (1, 1.58633261919021606445e-01) (2, -8.28583911061286926270e-02) (3, -4.15127165615558624268e-02) (4, 8.33021700382232666016e-02) (5, -1.41636237502098083496e-01) (6, 2.93705761432647705078e-01) (0, 1.20159275829792022705e-02) (1, 5.40598593652248382568e-02) (2, -7.07882493734359741211e-02) (3, -2.72981133311986923218e-02) (4, 8.91817957162857055664e-02) (5, -3.66507135331630706787e-02) (6, 4.56766694784164428711e-01) (7, -4.46735191345214843750e+00) (8, 6.54670381546020507812e+00) (9, -1.87454833984375000000e+01) (10, -8.44948828220367431641e-01) (11, 2.76501011848449707031e+00) (7, 1.02390778064727783203e+00) (8, -1.50490260124206542969e+00) (9, 3.66434478759765625000e+00) (10, -2.58749485015869140625e-01) (11, -3.99060040712356567383e-01) (7, -6.38371659442782402039e-03) (8, 3.25448006391525268555e-01) (9, -8.42208325862884521484e-01) (10, 1.18348889052867889404e-01) (11, 2.13737994432449340820e-01) (7, -1.05503630638122558594e+00) (8, -3.65421247482299804688e+00) (9, 8.02101969718933105469e-01) (10, -3.96656942367553710938e+00) (11, -1.05938315391540527344e-01) (12, 2.75139951705932617188e+00) (13, 8.27100053429603576660e-02) (14, -5.80507703125476837158e-02) (15, 2.38369897007942199707e-01) (16, -4.71101179718971252441e-02) 
