FANN_FLO_2.1
num_layers=4
learning_rate=0.450000
connection_rate=1.000000
network_type=0
learning_momentum=0.000000
training_algorithm=2
train_error_function=1
train_stop_function=0
cascade_output_change_fraction=0.010000
quickprop_decay=-0.000100
quickprop_mu=1.750000
rprop_increase_factor=1.200000
rprop_decrease_factor=0.500000
rprop_delta_min=0.000000
rprop_delta_max=50.000000
rprop_delta_zero=0.100000
cascade_output_stagnation_epochs=12
cascade_candidate_change_fraction=0.010000
cascade_candidate_stagnation_epochs=12
cascade_max_out_epochs=150
cascade_min_out_epochs=50
cascade_max_cand_epochs=150
cascade_min_cand_epochs=50
cascade_num_candidate_groups=2
bit_fail_limit=3.49999994039535522461e-01
cascade_candidate_limit=1.00000000000000000000e+03
cascade_weight_multiplier=4.00000005960464477539e-01
cascade_activation_functions_count=10
cascade_activation_functions=3 5 7 8 10 11 14 15 16 17 
cascade_activation_steepnesses_count=4
cascade_activation_steepnesses=2.50000000000000000000e-01 5.00000000000000000000e-01 7.50000000000000000000e-01 1.00000000000000000000e+00 
layer_sizes=7 5 3 2 
scale_included=0
neurons (num_inputs, activation_function, activation_steepness)=(0, 0, 0.00000000000000000000e+00) (0, 0, 0.00000000000000000000e+00) (0, 0, 0.00000000000000000000e+00) (0, 0, 0.00000000000000000000e+00) (0, 0, 0.00000000000000000000e+00) (0, 0, 0.00000000000000000000e+00) (0, 0, 0.00000000000000000000e+00) (7, 3, 5.00000000000000000000e-01) (7, 3, 5.00000000000000000000e-01) (7, 3, 5.00000000000000000000e-01) (7, 3, 5.00000000000000000000e-01) (0, 3, 0.00000000000000000000e+00) (5, 3, 5.00000000000000000000e-01) (5, 3, 5.00000000000000000000e-01) (0, 3, 0.00000000000000000000e+00) (3, 0, 5.00000000000000000000e-01) (0, 0, 0.00000000000000000000e+00) 
connections (connected_to_neuron, weight)=(0, 2.59984701871871948242e-01) (1, 1.71963500976562500000e+00) (2, 3.21056425571441650391e-01) (3, 1.44710734486579895020e-01) (4, 4.30528014898300170898e-01) (5, -2.73694705963134765625e+00) (6, 3.62519621849060058594e-01) (0, 8.05113390088081359863e-02) (1, 1.68264400959014892578e+00) (2, 3.22713494300842285156e-01) (3, 2.26219445466995239258e-01) (4, 4.01527822017669677734e-01) (5, -2.49959468841552734375e+00) (6, 4.07911539077758789062e-01) (0, -1.38894334435462951660e-01) (1, 1.27983152866363525391e-01) (2, -6.32474064826965332031e-01) (3, -2.00775399804115295410e-01) (4, 6.45873188972473144531e-01) (5, 1.80277034640312194824e-01) (6, 1.26540958881378173828e-01) (0, 3.88015985488891601562e-01) (1, 1.22388219833374023438e+00) (2, 2.86092162132263183594e-01) (3, 2.30936318635940551758e-01) (4, 4.12451446056365966797e-01) (5, -2.46832489967346191406e+00) (6, 2.99839824438095092773e-01) (7, 2.91389155387878417969e+00) (8, 2.39786529541015625000e+00) (9, 2.93367404937744140625e+01) (10, 1.16952371597290039062e+00) (11, -1.11895856857299804688e+01) (7, 8.25286293029785156250e+00) (8, -1.89994335174560546875e+01) (9, 3.23981323242187500000e+01) (10, 2.37350997924804687500e+01) (11, -8.63927078247070312500e+00) (12, -1.31816212087869644165e-02) (13, -3.08698505163192749023e-01) (14, 3.31829041242599487305e-01) 
