FANN_FLO_2.1
num_layers=4
learning_rate=0.450000
connection_rate=1.000000
network_type=0
learning_momentum=0.000000
training_algorithm=2
train_error_function=1
train_stop_function=0
cascade_output_change_fraction=0.010000
quickprop_decay=-0.000100
quickprop_mu=1.750000
rprop_increase_factor=1.200000
rprop_decrease_factor=0.500000
rprop_delta_min=0.000000
rprop_delta_max=50.000000
rprop_delta_zero=0.100000
cascade_output_stagnation_epochs=12
cascade_candidate_change_fraction=0.010000
cascade_candidate_stagnation_epochs=12
cascade_max_out_epochs=150
cascade_min_out_epochs=50
cascade_max_cand_epochs=150
cascade_min_cand_epochs=50
cascade_num_candidate_groups=2
bit_fail_limit=3.49999994039535522461e-01
cascade_candidate_limit=1.00000000000000000000e+03
cascade_weight_multiplier=4.00000005960464477539e-01
cascade_activation_functions_count=10
cascade_activation_functions=3 5 7 8 10 11 14 15 16 17 
cascade_activation_steepnesses_count=4
cascade_activation_steepnesses=2.50000000000000000000e-01 5.00000000000000000000e-01 7.50000000000000000000e-01 1.00000000000000000000e+00 
layer_sizes=7 3 3 2 
scale_included=0
neurons (num_inputs, activation_function, activation_steepness)=(0, 0, 0.00000000000000000000e+00) (0, 0, 0.00000000000000000000e+00) (0, 0, 0.00000000000000000000e+00) (0, 0, 0.00000000000000000000e+00) (0, 0, 0.00000000000000000000e+00) (0, 0, 0.00000000000000000000e+00) (0, 0, 0.00000000000000000000e+00) (7, 3, 5.00000000000000000000e-01) (7, 3, 5.00000000000000000000e-01) (0, 3, 0.00000000000000000000e+00) (3, 3, 5.00000000000000000000e-01) (3, 3, 5.00000000000000000000e-01) (0, 3, 0.00000000000000000000e+00) (3, 0, 5.00000000000000000000e-01) (0, 0, 0.00000000000000000000e+00) 
connections (connected_to_neuron, weight)=(0, -7.33082219958305358887e-02) (1, 8.31709802150726318359e-01) (2, 3.42601984739303588867e-01) (3, -2.25111782550811767578e-01) (4, -3.49641591310501098633e-01) (5, -2.14622214436531066895e-01) (6, -5.98774862289428710938e+00) (0, -1.49030603027343750000e+03) (1, 2.23592834472656250000e+02) (2, -1.50000000000000000000e+03) (3, -5.18351018428802490234e-01) (4, 1.50000000000000000000e+03) (5, -1.35641027832031250000e+03) (6, 1.13371334075927734375e+01) (7, -1.48459434509277343750e+00) (8, -1.20675563812255859375e+00) (9, 1.65412080287933349609e+00) (7, 1.29942016601562500000e+03) (8, 4.47414588928222656250e+01) (9, 4.71251726150512695312e+00) (10, 9.08776000142097473145e-02) (11, -3.75635698437690734863e-02) (12, -9.27573628723621368408e-03) 
