FANN_FLO_2.1
num_layers=3
learning_rate=0.450000
connection_rate=1.000000
network_type=0
learning_momentum=0.000000
training_algorithm=2
train_error_function=1
train_stop_function=0
cascade_output_change_fraction=0.010000
quickprop_decay=-0.000100
quickprop_mu=1.750000
rprop_increase_factor=1.200000
rprop_decrease_factor=0.500000
rprop_delta_min=0.000000
rprop_delta_max=50.000000
rprop_delta_zero=0.100000
cascade_output_stagnation_epochs=12
cascade_candidate_change_fraction=0.010000
cascade_candidate_stagnation_epochs=12
cascade_max_out_epochs=150
cascade_min_out_epochs=50
cascade_max_cand_epochs=150
cascade_min_cand_epochs=50
cascade_num_candidate_groups=2
bit_fail_limit=3.49999994039535522461e-01
cascade_candidate_limit=1.00000000000000000000e+03
cascade_weight_multiplier=4.00000005960464477539e-01
cascade_activation_functions_count=10
cascade_activation_functions=3 5 7 8 10 11 14 15 16 17 
cascade_activation_steepnesses_count=4
cascade_activation_steepnesses=2.50000000000000000000e-01 5.00000000000000000000e-01 7.50000000000000000000e-01 1.00000000000000000000e+00 
layer_sizes=7 5 2 
scale_included=0
neurons (num_inputs, activation_function, activation_steepness)=(0, 0, 0.00000000000000000000e+00) (0, 0, 0.00000000000000000000e+00) (0, 0, 0.00000000000000000000e+00) (0, 0, 0.00000000000000000000e+00) (0, 0, 0.00000000000000000000e+00) (0, 0, 0.00000000000000000000e+00) (0, 0, 0.00000000000000000000e+00) (7, 3, 5.00000000000000000000e-01) (7, 3, 5.00000000000000000000e-01) (7, 3, 5.00000000000000000000e-01) (7, 3, 5.00000000000000000000e-01) (0, 3, 0.00000000000000000000e+00) (5, 0, 5.00000000000000000000e-01) (0, 0, 0.00000000000000000000e+00) 
connections (connected_to_neuron, weight)=(0, -3.51857304573059082031e-01) (1, 8.74112486839294433594e-01) (2, -2.95116513967514038086e-01) (3, -2.47346803545951843262e-01) (4, 1.20569801330566406250e+00) (5, -9.62591946125030517578e-01) (6, 5.76949179172515869141e-01) (0, -2.97924309968948364258e-01) (1, -5.93732452392578125000e+00) (2, 5.28085994720458984375e+00) (3, -1.25157940387725830078e+00) (4, -2.19126653671264648438e+00) (5, 3.33953070640563964844e+00) (6, -1.22445797920227050781e+00) (0, -2.99849491119384765625e+01) (1, -9.50576782226562500000e+02) (2, 1.49030322265625000000e+03) (3, -1.50000000000000000000e+03) (4, -3.16762417554855346680e-01) (5, 1.29763037109375000000e+03) (6, -1.33256524801254272461e-01) (0, 2.08618361502885818481e-02) (1, 1.50154876708984375000e+00) (2, -1.50742053985595703125e+00) (3, -2.83174484968185424805e-01) (4, 1.05732390657067298889e-02) (5, 2.17779010534286499023e-01) (6, -1.57187330722808837891e+00) (7, -1.60926848649978637695e-01) (8, 5.05618214607238769531e-01) (9, 1.19593128561973571777e-01) (10, 1.38249605894088745117e-01) (11, 4.22196723520755767822e-02) 
