FANN_FLO_2.1
num_layers=3
learning_rate=0.500000
connection_rate=1.000000
network_type=0
learning_momentum=0.000000
training_algorithm=2
train_error_function=1
train_stop_function=0
cascade_output_change_fraction=0.010000
quickprop_decay=-0.000100
quickprop_mu=1.750000
rprop_increase_factor=1.200000
rprop_decrease_factor=0.500000
rprop_delta_min=0.000000
rprop_delta_max=50.000000
rprop_delta_zero=0.100000
cascade_output_stagnation_epochs=12
cascade_candidate_change_fraction=0.010000
cascade_candidate_stagnation_epochs=12
cascade_max_out_epochs=150
cascade_min_out_epochs=50
cascade_max_cand_epochs=150
cascade_min_cand_epochs=50
cascade_num_candidate_groups=2
bit_fail_limit=3.49999994039535522461e-01
cascade_candidate_limit=1.00000000000000000000e+03
cascade_weight_multiplier=4.00000005960464477539e-01
cascade_activation_functions_count=10
cascade_activation_functions=3 5 7 8 10 11 14 15 16 17 
cascade_activation_steepnesses_count=4
cascade_activation_steepnesses=2.50000000000000000000e-01 5.00000000000000000000e-01 7.50000000000000000000e-01 1.00000000000000000000e+00 
layer_sizes=10 5 2 
scale_included=0
neurons (num_inputs, activation_function, activation_steepness)=(0, 0, 0.00000000000000000000e+00) (0, 0, 0.00000000000000000000e+00) (0, 0, 0.00000000000000000000e+00) (0, 0, 0.00000000000000000000e+00) (0, 0, 0.00000000000000000000e+00) (0, 0, 0.00000000000000000000e+00) (0, 0, 0.00000000000000000000e+00) (0, 0, 0.00000000000000000000e+00) (0, 0, 0.00000000000000000000e+00) (0, 0, 0.00000000000000000000e+00) (10, 3, 5.00000000000000000000e-01) (10, 3, 5.00000000000000000000e-01) (10, 3, 5.00000000000000000000e-01) (10, 3, 5.00000000000000000000e-01) (0, 3, 0.00000000000000000000e+00) (5, 3, 5.00000000000000000000e-01) (0, 3, 0.00000000000000000000e+00) 
connections (connected_to_neuron, weight)=(0, -3.47264677286148071289e-01) (1, -3.62431704998016357422e-01) (2, -2.59845912456512451172e-01) (3, -5.38820326328277587891e-01) (4, -7.71597862243652343750e-01) (5, -4.07709062099456787109e-01) (6, -2.83192247152328491211e-01) (7, -3.44078272581100463867e-01) (8, -3.12558770179748535156e-01) (9, 1.11969912052154541016e+00) (0, -4.80360925197601318359e-01) (1, -4.21705931425094604492e-01) (2, -5.46934306621551513672e-01) (3, -3.44598263502120971680e-01) (4, -1.02890215814113616943e-01) (5, -4.40599650144577026367e-01) (6, -4.53915923833847045898e-01) (7, -4.77862209081649780273e-01) (8, -4.92846608161926269531e-01) (9, 1.19204819202423095703e+00) (0, -4.29050803184509277344e-01) (1, -3.54680359363555908203e-01) (2, -3.11230093240737915039e-01) (3, -3.71624052524566650391e-01) (4, -6.12814903259277343750e-01) (5, -4.38774913549423217773e-01) (6, -2.89459317922592163086e-01) (7, -3.69619250297546386719e-01) (8, -4.33449447154998779297e-01) (9, 1.03991436958312988281e+00) (0, -3.78074467182159423828e-01) (1, -4.04986292123794555664e-01) (2, -3.83010685443878173828e-01) (3, -4.18917447328567504883e-01) (4, -5.86300015449523925781e-01) (5, -3.60830157995223999023e-01) (6, -5.11602759361267089844e-01) (7, -4.18328583240509033203e-01) (8, -2.28079304099082946777e-01) (9, 1.16227269172668457031e+00) (10, -9.33017373085021972656e-01) (11, -2.27683973312377929688e+00) (12, -8.81363511085510253906e-01) (13, -9.07979547977447509766e-01) (14, 1.67051684856414794922e+00) 
