FANN_FLO_2.1
num_layers=3
learning_rate=0.400000
connection_rate=1.000000
network_type=0
learning_momentum=0.000000
training_algorithm=2
train_error_function=1
train_stop_function=0
cascade_output_change_fraction=0.010000
quickprop_decay=-0.000100
quickprop_mu=1.750000
rprop_increase_factor=1.200000
rprop_decrease_factor=0.500000
rprop_delta_min=0.000000
rprop_delta_max=50.000000
rprop_delta_zero=0.100000
cascade_output_stagnation_epochs=12
cascade_candidate_change_fraction=0.010000
cascade_candidate_stagnation_epochs=12
cascade_max_out_epochs=150
cascade_min_out_epochs=50
cascade_max_cand_epochs=150
cascade_min_cand_epochs=50
cascade_num_candidate_groups=2
bit_fail_limit=3.49999994039535522461e-01
cascade_candidate_limit=1.00000000000000000000e+03
cascade_weight_multiplier=4.00000005960464477539e-01
cascade_activation_functions_count=10
cascade_activation_functions=3 5 7 8 10 11 14 15 16 17 
cascade_activation_steepnesses_count=4
cascade_activation_steepnesses=2.50000000000000000000e-01 5.00000000000000000000e-01 7.50000000000000000000e-01 1.00000000000000000000e+00 
layer_sizes=10 3 2 
scale_included=0
neurons (num_inputs, activation_function, activation_steepness)=(0, 0, 0.00000000000000000000e+00) (0, 0, 0.00000000000000000000e+00) (0, 0, 0.00000000000000000000e+00) (0, 0, 0.00000000000000000000e+00) (0, 0, 0.00000000000000000000e+00) (0, 0, 0.00000000000000000000e+00) (0, 0, 0.00000000000000000000e+00) (0, 0, 0.00000000000000000000e+00) (0, 0, 0.00000000000000000000e+00) (0, 0, 0.00000000000000000000e+00) (10, 3, 5.00000000000000000000e-01) (10, 3, 5.00000000000000000000e-01) (0, 3, 0.00000000000000000000e+00) (3, 3, 5.00000000000000000000e-01) (0, 3, 0.00000000000000000000e+00) 
connections (connected_to_neuron, weight)=(0, 1.92978918552398681641e-01) (1, 2.07509011030197143555e-01) (2, -2.85090729594230651855e-02) (3, -2.94178202748298645020e-02) (4, -1.57593503594398498535e-01) (5, -2.02080532908439636230e-02) (6, -6.05090484023094177246e-02) (7, -6.58878013491630554199e-02) (8, -6.58081844449043273926e-02) (9, 2.60249376296997070312e-02) (0, -8.15326347947120666504e-02) (1, -3.74257341027259826660e-02) (2, 1.79668128490447998047e-01) (3, 1.68248683214187622070e-01) (4, 2.11181014776229858398e-01) (5, 8.76545608043670654297e-02) (6, 2.64956429600715637207e-02) (7, 2.05760300159454345703e-02) (8, 2.29480043053627014160e-02) (9, -8.92848744988441467285e-02) (10, 1.54203623533248901367e-01) (11, 8.84380862116813659668e-02) (12, 8.19680988788604736328e-02) 
