FANN_FLO_2.1
num_layers=3
learning_rate=0.500000
connection_rate=1.000000
network_type=0
learning_momentum=0.000000
training_algorithm=2
train_error_function=1
train_stop_function=0
cascade_output_change_fraction=0.010000
quickprop_decay=-0.000100
quickprop_mu=1.750000
rprop_increase_factor=1.200000
rprop_decrease_factor=0.500000
rprop_delta_min=0.000000
rprop_delta_max=50.000000
rprop_delta_zero=0.100000
cascade_output_stagnation_epochs=12
cascade_candidate_change_fraction=0.010000
cascade_candidate_stagnation_epochs=12
cascade_max_out_epochs=150
cascade_min_out_epochs=50
cascade_max_cand_epochs=150
cascade_min_cand_epochs=50
cascade_num_candidate_groups=2
bit_fail_limit=3.49999994039535522461e-01
cascade_candidate_limit=1.00000000000000000000e+03
cascade_weight_multiplier=4.00000005960464477539e-01
cascade_activation_functions_count=10
cascade_activation_functions=3 5 7 8 10 11 14 15 16 17 
cascade_activation_steepnesses_count=4
cascade_activation_steepnesses=2.50000000000000000000e-01 5.00000000000000000000e-01 7.50000000000000000000e-01 1.00000000000000000000e+00 
layer_sizes=3 5 4 
scale_included=0
neurons (num_inputs, activation_function, activation_steepness)=(0, 0, 0.00000000000000000000e+00) (0, 0, 0.00000000000000000000e+00) (0, 0, 0.00000000000000000000e+00) (3, 3, 5.00000000000000000000e-01) (3, 3, 5.00000000000000000000e-01) (3, 3, 5.00000000000000000000e-01) (3, 3, 5.00000000000000000000e-01) (0, 3, 0.00000000000000000000e+00) (5, 0, 5.00000000000000000000e-01) (5, 0, 5.00000000000000000000e-01) (5, 0, 5.00000000000000000000e-01) (0, 0, 0.00000000000000000000e+00) 
connections (connected_to_neuron, weight)=(0, -2.56429600715637207031e+00) (1, -3.14707756042480468750e-01) (2, 6.52975618839263916016e-01) (0, -1.19185466766357421875e+01) (1, 1.15247488021850585938e+01) (2, 1.29578933715820312500e+01) (0, -3.36495804786682128906e+00) (1, 2.38964247703552246094e+00) (2, 7.41753041744232177734e-01) (0, -1.76764786243438720703e+00) (1, -2.44751858711242675781e+00) (2, 5.42955636978149414062e-01) (3, 3.56440949440002441406e+00) (4, 5.29682040214538574219e-01) (5, 2.52270507812500000000e+00) (6, 3.12445831298828125000e+00) (7, 1.06158065795898437500e+00) (3, 9.78836250305175781250e+00) (4, 3.18238353729248046875e+00) (5, 7.66552686691284179688e+00) (6, 8.90765094757080078125e+00) (7, 3.90472173690795898438e+00) (3, 3.18165130615234375000e+01) (4, 1.25845708847045898438e+01) (5, 2.23343791961669921875e+01) (6, 2.92890987396240234375e+01) (7, 1.67722568511962890625e+01) 
