FANN_FLO_2.1
num_layers=3
learning_rate=0.500000
connection_rate=1.000000
network_type=0
learning_momentum=0.000000
training_algorithm=2
train_error_function=1
train_stop_function=0
cascade_output_change_fraction=0.010000
quickprop_decay=-0.000100
quickprop_mu=1.750000
rprop_increase_factor=1.200000
rprop_decrease_factor=0.500000
rprop_delta_min=0.000000
rprop_delta_max=50.000000
rprop_delta_zero=0.100000
cascade_output_stagnation_epochs=12
cascade_candidate_change_fraction=0.010000
cascade_candidate_stagnation_epochs=12
cascade_max_out_epochs=150
cascade_min_out_epochs=50
cascade_max_cand_epochs=150
cascade_min_cand_epochs=50
cascade_num_candidate_groups=2
bit_fail_limit=3.49999994039535522461e-01
cascade_candidate_limit=1.00000000000000000000e+03
cascade_weight_multiplier=4.00000005960464477539e-01
cascade_activation_functions_count=10
cascade_activation_functions=3 5 7 8 10 11 14 15 16 17 
cascade_activation_steepnesses_count=4
cascade_activation_steepnesses=2.50000000000000000000e-01 5.00000000000000000000e-01 7.50000000000000000000e-01 1.00000000000000000000e+00 
layer_sizes=10 3 2 
scale_included=0
neurons (num_inputs, activation_function, activation_steepness)=(0, 0, 0.00000000000000000000e+00) (0, 0, 0.00000000000000000000e+00) (0, 0, 0.00000000000000000000e+00) (0, 0, 0.00000000000000000000e+00) (0, 0, 0.00000000000000000000e+00) (0, 0, 0.00000000000000000000e+00) (0, 0, 0.00000000000000000000e+00) (0, 0, 0.00000000000000000000e+00) (0, 0, 0.00000000000000000000e+00) (0, 0, 0.00000000000000000000e+00) (10, 3, 5.00000000000000000000e-01) (10, 3, 5.00000000000000000000e-01) (0, 3, 0.00000000000000000000e+00) (3, 3, 5.00000000000000000000e-01) (0, 3, 0.00000000000000000000e+00) 
connections (connected_to_neuron, weight)=(0, -5.77456772327423095703e-01) (1, -6.51348888874053955078e-01) (2, -3.04091215133666992188e-01) (3, -6.30832135677337646484e-01) (4, -6.35967731475830078125e-01) (5, -6.26809298992156982422e-01) (6, -4.63963210582733154297e-01) (7, -5.03283858299255371094e-01) (8, -5.87764859199523925781e-01) (9, 1.96742177009582519531e+00) (0, -5.25440692901611328125e-01) (1, -4.69229787588119506836e-01) (2, -7.86968052387237548828e-01) (3, -5.48272013664245605469e-01) (4, -4.28547114133834838867e-01) (5, -5.20850598812103271484e-01) (6, -6.33881390094757080078e-01) (7, -6.47204637527465820312e-01) (8, -5.27028262615203857422e-01) (9, 2.09546017646789550781e+00) (10, -1.76222467422485351562e+00) (11, -1.80321574211120605469e+00) (12, 1.36700201034545898438e+00) 
