FANN_FLO_2.1
num_layers=3
learning_rate=0.500000
connection_rate=1.000000
network_type=0
learning_momentum=0.000000
training_algorithm=2
train_error_function=1
train_stop_function=0
cascade_output_change_fraction=0.010000
quickprop_decay=-0.000100
quickprop_mu=1.750000
rprop_increase_factor=1.200000
rprop_decrease_factor=0.500000
rprop_delta_min=0.000000
rprop_delta_max=50.000000
rprop_delta_zero=0.100000
cascade_output_stagnation_epochs=12
cascade_candidate_change_fraction=0.010000
cascade_candidate_stagnation_epochs=12
cascade_max_out_epochs=150
cascade_min_out_epochs=50
cascade_max_cand_epochs=150
cascade_min_cand_epochs=50
cascade_num_candidate_groups=2
bit_fail_limit=3.49999994039535522461e-01
cascade_candidate_limit=1.00000000000000000000e+03
cascade_weight_multiplier=4.00000005960464477539e-01
cascade_activation_functions_count=10
cascade_activation_functions=3 5 7 8 10 11 14 15 16 17 
cascade_activation_steepnesses_count=4
cascade_activation_steepnesses=2.50000000000000000000e-01 5.00000000000000000000e-01 7.50000000000000000000e-01 1.00000000000000000000e+00 
layer_sizes=10 3 2 
scale_included=0
neurons (num_inputs, activation_function, activation_steepness)=(0, 0, 0.00000000000000000000e+00) (0, 0, 0.00000000000000000000e+00) (0, 0, 0.00000000000000000000e+00) (0, 0, 0.00000000000000000000e+00) (0, 0, 0.00000000000000000000e+00) (0, 0, 0.00000000000000000000e+00) (0, 0, 0.00000000000000000000e+00) (0, 0, 0.00000000000000000000e+00) (0, 0, 0.00000000000000000000e+00) (0, 0, 0.00000000000000000000e+00) (10, 3, 5.00000000000000000000e-01) (10, 3, 5.00000000000000000000e-01) (0, 3, 0.00000000000000000000e+00) (3, 3, 5.00000000000000000000e-01) (0, 3, 0.00000000000000000000e+00) 
connections (connected_to_neuron, weight)=(0, -3.46398025751113891602e-01) (1, -3.77367258071899414062e-01) (2, -3.29908698797225952148e-01) (3, -4.97158139944076538086e-01) (4, -4.08932954072952270508e-01) (5, -4.24266695976257324219e-01) (6, -5.23341774940490722656e-01) (7, -4.41844999790191650391e-01) (8, -4.55132752656936645508e-01) (9, 1.09927129745483398438e+00) (0, -4.40526306629180908203e-01) (1, -5.32168507575988769531e-01) (2, -4.48138236999511718750e-01) (3, -3.41071516275405883789e-01) (4, -3.75293552875518798828e-01) (5, -4.95355963706970214844e-01) (6, -3.12486916780471801758e-01) (7, -4.26435828208923339844e-01) (8, -3.38968455791473388672e-01) (9, 9.00734424591064453125e-01) (10, -2.50792646408081054688e+00) (11, -2.61365127563476562500e+00) (12, 1.51949405670166015625e+00) 
