FANN_FLO_2.1
num_layers=3
learning_rate=0.500000
connection_rate=1.000000
network_type=0
learning_momentum=0.000000
training_algorithm=2
train_error_function=1
train_stop_function=0
cascade_output_change_fraction=0.010000
quickprop_decay=-0.000100
quickprop_mu=1.750000
rprop_increase_factor=1.200000
rprop_decrease_factor=0.500000
rprop_delta_min=0.000000
rprop_delta_max=50.000000
rprop_delta_zero=0.100000
cascade_output_stagnation_epochs=12
cascade_candidate_change_fraction=0.010000
cascade_candidate_stagnation_epochs=12
cascade_max_out_epochs=150
cascade_min_out_epochs=50
cascade_max_cand_epochs=150
cascade_min_cand_epochs=50
cascade_num_candidate_groups=2
bit_fail_limit=3.49999994039535522461e-01
cascade_candidate_limit=1.00000000000000000000e+03
cascade_weight_multiplier=4.00000005960464477539e-01
cascade_activation_functions_count=10
cascade_activation_functions=3 5 7 8 10 11 14 15 16 17 
cascade_activation_steepnesses_count=4
cascade_activation_steepnesses=2.50000000000000000000e-01 5.00000000000000000000e-01 7.50000000000000000000e-01 1.00000000000000000000e+00 
layer_sizes=7 5 2 
scale_included=0
neurons (num_inputs, activation_function, activation_steepness)=(0, 0, 0.00000000000000000000e+00) (0, 0, 0.00000000000000000000e+00) (0, 0, 0.00000000000000000000e+00) (0, 0, 0.00000000000000000000e+00) (0, 0, 0.00000000000000000000e+00) (0, 0, 0.00000000000000000000e+00) (0, 0, 0.00000000000000000000e+00) (7, 3, 5.00000000000000000000e-01) (7, 3, 5.00000000000000000000e-01) (7, 3, 5.00000000000000000000e-01) (7, 3, 5.00000000000000000000e-01) (0, 3, 0.00000000000000000000e+00) (5, 0, 5.00000000000000000000e-01) (0, 0, 0.00000000000000000000e+00) 
connections (connected_to_neuron, weight)=(0, -6.95190200805664062500e+01) (1, -9.83734607696533203125e-01) (2, -7.71780090332031250000e+01) (3, -1.62147350311279296875e+01) (4, 1.23415231704711914062e+01) (5, -5.45781860351562500000e+02) (6, -2.73160189390182495117e-01) (0, 9.03489303588867187500e+01) (1, -4.26008796691894531250e+01) (2, -2.44410171508789062500e+02) (3, -2.12637466430664062500e+02) (4, -2.40613505244255065918e-01) (5, 1.46221603393554687500e+02) (6, -1.22254490852355957031e+00) (0, -2.81247043609619140625e+01) (1, -2.33072614669799804688e+00) (2, -5.00428466796875000000e+01) (3, 2.26535968780517578125e+01) (4, 2.66387710571289062500e+01) (5, -2.97892456054687500000e+02) (6, -7.94033825397491455078e-01) (0, -2.25862922668457031250e+01) (1, 7.32704758644104003906e-01) (2, -1.10162182617187500000e+03) (3, 1.60624828338623046875e+01) (4, 4.44035491943359375000e+01) (5, -7.58454406738281250000e+02) (6, -8.39276164770126342773e-02) (7, -2.40718627929687500000e+02) (8, -1.38368558883666992188e+00) (9, 1.00000000000000000000e+02) (10, -4.63006319478154182434e-03) (11, 2.10364405065774917603e-02) 
