FANN_FLO_2.1
num_layers=4
learning_rate=0.500000
connection_rate=1.000000
network_type=0
learning_momentum=0.000000
training_algorithm=2
train_error_function=1
train_stop_function=0
cascade_output_change_fraction=0.010000
quickprop_decay=-0.000100
quickprop_mu=1.750000
rprop_increase_factor=1.200000
rprop_decrease_factor=0.500000
rprop_delta_min=0.000000
rprop_delta_max=50.000000
rprop_delta_zero=0.100000
cascade_output_stagnation_epochs=12
cascade_candidate_change_fraction=0.010000
cascade_candidate_stagnation_epochs=12
cascade_max_out_epochs=150
cascade_min_out_epochs=50
cascade_max_cand_epochs=150
cascade_min_cand_epochs=50
cascade_num_candidate_groups=2
bit_fail_limit=3.49999994039535522461e-01
cascade_candidate_limit=1.00000000000000000000e+03
cascade_weight_multiplier=4.00000005960464477539e-01
cascade_activation_functions_count=10
cascade_activation_functions=3 5 7 8 10 11 14 15 16 17 
cascade_activation_steepnesses_count=4
cascade_activation_steepnesses=2.50000000000000000000e-01 5.00000000000000000000e-01 7.50000000000000000000e-01 1.00000000000000000000e+00 
layer_sizes=4 5 3 2 
scale_included=0
neurons (num_inputs, activation_function, activation_steepness)=(0, 0, 0.00000000000000000000e+00) (0, 0, 0.00000000000000000000e+00) (0, 0, 0.00000000000000000000e+00) (0, 0, 0.00000000000000000000e+00) (4, 3, 5.00000000000000000000e-01) (4, 3, 5.00000000000000000000e-01) (4, 3, 5.00000000000000000000e-01) (4, 3, 5.00000000000000000000e-01) (0, 3, 0.00000000000000000000e+00) (5, 3, 5.00000000000000000000e-01) (5, 3, 5.00000000000000000000e-01) (0, 3, 0.00000000000000000000e+00) (3, 3, 5.00000000000000000000e-01) (0, 3, 0.00000000000000000000e+00) 
connections (connected_to_neuron, weight)=(0, -6.70058202743530273438e+00) (1, -6.36898040771484375000e+00) (2, 6.61992371082305908203e-01) (3, 2.74667572975158691406e+00) (0, -6.61910867691040039062e+00) (1, -8.93946743011474609375e+00) (2, 1.73653340339660644531e+00) (3, 5.07425642013549804688e+00) (0, -6.43909120559692382812e+00) (1, 2.76824498176574707031e+00) (2, 5.94867050647735595703e-01) (3, 2.60087919235229492188e+00) (0, -4.91959142684936523438e+00) (1, 1.25609409809112548828e+00) (2, 7.42322444915771484375e+00) (3, -1.48318484425544738770e-01) (4, -1.30877599716186523438e+01) (5, 1.88655185699462890625e+01) (6, 1.22078924179077148438e+01) (7, -6.84121131896972656250e+00) (8, -3.90115857124328613281e+00) (4, -3.80916175842285156250e+01) (5, 3.55704879760742187500e+01) (6, 2.29197692871093750000e+01) (7, -1.46260251998901367188e+01) (8, -6.46601343154907226562e+00) (9, -2.53770518302917480469e+00) (10, -2.30290460586547851562e+00) (11, 2.60116982460021972656e+00) 
