FANN_FLO_2.1
num_layers=3
learning_rate=0.500000
connection_rate=1.000000
network_type=0
learning_momentum=0.000000
training_algorithm=2
train_error_function=1
train_stop_function=0
cascade_output_change_fraction=0.010000
quickprop_decay=-0.000100
quickprop_mu=1.750000
rprop_increase_factor=1.200000
rprop_decrease_factor=0.500000
rprop_delta_min=0.000000
rprop_delta_max=50.000000
rprop_delta_zero=0.100000
cascade_output_stagnation_epochs=12
cascade_candidate_change_fraction=0.010000
cascade_candidate_stagnation_epochs=12
cascade_max_out_epochs=150
cascade_min_out_epochs=50
cascade_max_cand_epochs=150
cascade_min_cand_epochs=50
cascade_num_candidate_groups=2
bit_fail_limit=3.49999994039535522461e-01
cascade_candidate_limit=1.00000000000000000000e+03
cascade_weight_multiplier=4.00000005960464477539e-01
cascade_activation_functions_count=10
cascade_activation_functions=3 5 7 8 10 11 14 15 16 17 
cascade_activation_steepnesses_count=4
cascade_activation_steepnesses=2.50000000000000000000e-01 5.00000000000000000000e-01 7.50000000000000000000e-01 1.00000000000000000000e+00 
layer_sizes=3 9 4 
scale_included=0
neurons (num_inputs, activation_function, activation_steepness)=(0, 0, 0.00000000000000000000e+00) (0, 0, 0.00000000000000000000e+00) (0, 0, 0.00000000000000000000e+00) (3, 3, 5.00000000000000000000e-01) (3, 3, 5.00000000000000000000e-01) (3, 3, 5.00000000000000000000e-01) (3, 3, 5.00000000000000000000e-01) (3, 3, 5.00000000000000000000e-01) (3, 3, 5.00000000000000000000e-01) (3, 3, 5.00000000000000000000e-01) (3, 3, 5.00000000000000000000e-01) (0, 3, 0.00000000000000000000e+00) (9, 0, 5.00000000000000000000e-01) (9, 0, 5.00000000000000000000e-01) (9, 0, 5.00000000000000000000e-01) (0, 0, 0.00000000000000000000e+00) 
connections (connected_to_neuron, weight)=(0, -8.91238403320312500000e+00) (1, 5.56955289840698242188e+00) (2, 1.61204242706298828125e+01) (0, -8.28073215484619140625e+00) (1, 5.71124458312988281250e+00) (2, 6.75229549407958984375e+00) (0, -9.57380580902099609375e+00) (1, 4.45947599411010742188e+00) (2, 5.53835773468017578125e+00) (0, -3.91130685806274414062e+00) (1, -9.32906389236450195312e-01) (2, 8.73135387897491455078e-01) (0, -4.25847434997558593750e+00) (1, -9.45391750335693359375e+00) (2, 6.36276960372924804688e-01) (0, -4.58217048645019531250e+00) (1, -4.40098953247070312500e+00) (2, 1.59115111827850341797e+00) (0, -6.67259120941162109375e+00) (1, 5.88228988647460937500e+00) (2, 7.76567888259887695312e+00) (0, -5.01852989196777343750e+00) (1, 1.33296036720275878906e+00) (2, 1.10109782218933105469e+00) (3, 6.00894749164581298828e-01) (4, 7.22015023231506347656e-01) (5, 5.26134312152862548828e-01) (6, 2.20871210098266601562e+00) (7, 1.88197350502014160156e+00) (8, 1.71807432174682617188e+00) (9, 7.27565646171569824219e-01) (10, 2.15568399429321289062e+00) (11, 6.27751469612121582031e-01) (3, 2.62043666839599609375e+00) (4, 3.68692302703857421875e+00) (5, 1.83782768249511718750e+00) (6, 6.07465934753417968750e+00) (7, 4.53596448898315429688e+00) (8, 4.97482633590698242188e+00) (9, 2.01031327247619628906e+00) (10, 5.55461311340332031250e+00) (11, 2.45927429199218750000e+00) (3, 9.02617263793945312500e+00) (4, 9.06097984313964843750e+00) (5, 9.04209899902343750000e+00) (6, 1.95011310577392578125e+01) (7, 1.46006507873535156250e+01) (8, 1.61779880523681640625e+01) (9, 9.31300830841064453125e+00) (10, 1.51158304214477539062e+01) (11, 1.10166645050048828125e+01) 
