FANN_FLO_2.1
num_layers=4
learning_rate=0.300000
connection_rate=1.000000
network_type=0
learning_momentum=0.000000
training_algorithm=2
train_error_function=1
train_stop_function=0
cascade_output_change_fraction=0.010000
quickprop_decay=-0.000100
quickprop_mu=1.750000
rprop_increase_factor=1.200000
rprop_decrease_factor=0.500000
rprop_delta_min=0.000000
rprop_delta_max=50.000000
rprop_delta_zero=0.100000
cascade_output_stagnation_epochs=12
cascade_candidate_change_fraction=0.010000
cascade_candidate_stagnation_epochs=12
cascade_max_out_epochs=150
cascade_min_out_epochs=50
cascade_max_cand_epochs=150
cascade_min_cand_epochs=50
cascade_num_candidate_groups=2
bit_fail_limit=3.49999994039535522461e-01
cascade_candidate_limit=1.00000000000000000000e+03
cascade_weight_multiplier=4.00000005960464477539e-01
cascade_activation_functions_count=10
cascade_activation_functions=3 5 7 8 10 11 14 15 16 17 
cascade_activation_steepnesses_count=4
cascade_activation_steepnesses=2.50000000000000000000e-01 5.00000000000000000000e-01 7.50000000000000000000e-01 1.00000000000000000000e+00 
layer_sizes=2 5 3 3 
scale_included=0
neurons (num_inputs, activation_function, activation_steepness)=(0, 0, 0.00000000000000000000e+00) (0, 0, 0.00000000000000000000e+00) (2, 3, 5.00000000000000000000e-01) (2, 3, 5.00000000000000000000e-01) (2, 3, 5.00000000000000000000e-01) (2, 3, 5.00000000000000000000e-01) (0, 3, 0.00000000000000000000e+00) (5, 3, 5.00000000000000000000e-01) (5, 3, 5.00000000000000000000e-01) (0, 3, 0.00000000000000000000e+00) (3, 0, 5.00000000000000000000e-01) (3, 0, 5.00000000000000000000e-01) (0, 0, 0.00000000000000000000e+00) 
connections (connected_to_neuron, weight)=(0, -2.10342464447021484375e+01) (1, -3.34342688322067260742e-01) (0, -2.50981693267822265625e+01) (1, -7.61391997337341308594e-01) (0, -2.16848754882812500000e+01) (1, -4.04234319925308227539e-01) (0, -2.52189960479736328125e+01) (1, -7.63396441936492919922e-01) (2, 2.29240745306015014648e-01) (3, 3.32006573677062988281e-01) (4, 2.46688500046730041504e-01) (5, 9.43021869659423828125e+00) (6, -4.14378547668457031250e+00) (2, 1.20844587683677673340e-01) (3, 2.90075689554214477539e-01) (4, 1.93443670868873596191e-01) (5, 4.54082059860229492188e+00) (6, 1.82650443166494369507e-02) (7, 1.77391290664672851562e-01) (8, -2.70714685320854187012e-02) (9, -1.49611577391624450684e-01) (7, -9.81216251850128173828e-01) (8, -6.25725150108337402344e-01) (9, -4.76109564304351806641e-01) 
