FANN_FLO_2.1
num_layers=3
learning_rate=0.450000
connection_rate=1.000000
network_type=0
learning_momentum=0.000000
training_algorithm=2
train_error_function=1
train_stop_function=0
cascade_output_change_fraction=0.010000
quickprop_decay=-0.000100
quickprop_mu=1.750000
rprop_increase_factor=1.200000
rprop_decrease_factor=0.500000
rprop_delta_min=0.000000
rprop_delta_max=50.000000
rprop_delta_zero=0.100000
cascade_output_stagnation_epochs=12
cascade_candidate_change_fraction=0.010000
cascade_candidate_stagnation_epochs=12
cascade_max_out_epochs=150
cascade_min_out_epochs=50
cascade_max_cand_epochs=150
cascade_min_cand_epochs=50
cascade_num_candidate_groups=2
bit_fail_limit=3.49999994039535522461e-01
cascade_candidate_limit=1.00000000000000000000e+03
cascade_weight_multiplier=4.00000005960464477539e-01
cascade_activation_functions_count=10
cascade_activation_functions=3 5 7 8 10 11 14 15 16 17 
cascade_activation_steepnesses_count=4
cascade_activation_steepnesses=2.50000000000000000000e-01 5.00000000000000000000e-01 7.50000000000000000000e-01 1.00000000000000000000e+00 
layer_sizes=7 5 2 
scale_included=0
neurons (num_inputs, activation_function, activation_steepness)=(0, 0, 0.00000000000000000000e+00) (0, 0, 0.00000000000000000000e+00) (0, 0, 0.00000000000000000000e+00) (0, 0, 0.00000000000000000000e+00) (0, 0, 0.00000000000000000000e+00) (0, 0, 0.00000000000000000000e+00) (0, 0, 0.00000000000000000000e+00) (7, 3, 5.00000000000000000000e-01) (7, 3, 5.00000000000000000000e-01) (7, 3, 5.00000000000000000000e-01) (7, 3, 5.00000000000000000000e-01) (0, 3, 0.00000000000000000000e+00) (5, 0, 5.00000000000000000000e-01) (0, 0, 0.00000000000000000000e+00) 
connections (connected_to_neuron, weight)=(0, -1.03646159172058105469e-01) (1, -8.32162439823150634766e-01) (2, -1.28501796722412109375e+00) (3, -1.95747055113315582275e-02) (4, 1.65353477001190185547e+00) (5, 3.31840887665748596191e-02) (6, 3.79943346977233886719e+00) (0, 3.24146836996078491211e-01) (1, 9.82404410839080810547e-01) (2, 1.87811255455017089844e+00) (3, -5.81721782684326171875e-01) (4, -1.52761423587799072266e+00) (5, -1.02447617053985595703e+00) (6, -2.94336366653442382812e+00) (0, -1.98028624057769775391e-01) (1, 8.55913937091827392578e-01) (2, -4.79105234146118164062e-01) (3, -2.44218990206718444824e-01) (4, 6.21807575225830078125e-01) (5, -5.27059972286224365234e-01) (6, 2.95415019989013671875e+00) (0, -2.26481016725301742554e-02) (1, 1.80014693737030029297e+00) (2, -1.47736287117004394531e+00) (3, -3.02289873361587524414e-01) (4, 5.88527560234069824219e-01) (5, -6.49594545364379882812e-01) (6, 2.28075528144836425781e+00) (7, -2.39206984639167785645e-01) (8, -2.36303955316543579102e-01) (9, -2.39666655659675598145e-01) (10, 2.04439625144004821777e-01) (11, 2.84419983625411987305e-01) 
