FANN_FLO_2.1
num_layers=3
learning_rate=0.400000
connection_rate=1.000000
network_type=0
learning_momentum=0.000000
training_algorithm=2
train_error_function=1
train_stop_function=0
cascade_output_change_fraction=0.010000
quickprop_decay=-0.000100
quickprop_mu=1.750000
rprop_increase_factor=1.200000
rprop_decrease_factor=0.500000
rprop_delta_min=0.000000
rprop_delta_max=50.000000
rprop_delta_zero=0.100000
cascade_output_stagnation_epochs=12
cascade_candidate_change_fraction=0.010000
cascade_candidate_stagnation_epochs=12
cascade_max_out_epochs=150
cascade_min_out_epochs=50
cascade_max_cand_epochs=150
cascade_min_cand_epochs=50
cascade_num_candidate_groups=2
bit_fail_limit=3.49999994039535522461e-01
cascade_candidate_limit=1.00000000000000000000e+03
cascade_weight_multiplier=4.00000005960464477539e-01
cascade_activation_functions_count=10
cascade_activation_functions=3 5 7 8 10 11 14 15 16 17 
cascade_activation_steepnesses_count=4
cascade_activation_steepnesses=2.50000000000000000000e-01 5.00000000000000000000e-01 7.50000000000000000000e-01 1.00000000000000000000e+00 
layer_sizes=6 5 2 
scale_included=0
neurons (num_inputs, activation_function, activation_steepness)=(0, 0, 0.00000000000000000000e+00) (0, 0, 0.00000000000000000000e+00) (0, 0, 0.00000000000000000000e+00) (0, 0, 0.00000000000000000000e+00) (0, 0, 0.00000000000000000000e+00) (0, 0, 0.00000000000000000000e+00) (6, 3, 5.00000000000000000000e-01) (6, 3, 5.00000000000000000000e-01) (6, 3, 5.00000000000000000000e-01) (6, 3, 5.00000000000000000000e-01) (0, 3, 0.00000000000000000000e+00) (5, 0, 5.00000000000000000000e-01) (0, 0, 0.00000000000000000000e+00) 
connections (connected_to_neuron, weight)=(0, -1.50000000000000000000e+03) (1, -5.35595458984375000000e+02) (2, 1.19732246398925781250e+02) (3, -1.71339941024780273438e+00) (4, -1.59044055938720703125e+01) (5, -3.12275916337966918945e-01) (0, -1.50000000000000000000e+03) (1, -2.58639007568359375000e+02) (2, 2.37068367004394531250e+00) (3, -9.03758811950683593750e+00) (4, -2.04245471954345703125e+01) (5, -9.37938019633293151855e-02) (0, -1.50000000000000000000e+03) (1, -2.58639007568359375000e+02) (2, 1.85156158447265625000e+02) (3, -2.43761944770812988281e+00) (4, -2.48903213500976562500e+02) (5, -3.16516816616058349609e-01) (0, -1.50000000000000000000e+03) (1, -2.58639007568359375000e+02) (2, 5.62033116817474365234e-01) (3, -2.56088542938232421875e+00) (4, -5.12710809707641601562e+00) (5, -4.64042611420154571533e-02) (6, 9.46360969543457031250e+00) (7, 1.01755208969116210938e+01) (8, 9.52535247802734375000e+00) (9, 1.81146945953369140625e+01) (10, 7.84666359424591064453e-01) 
