FANN_FLO_2.1
num_layers=4
learning_rate=0.450000
connection_rate=1.000000
network_type=0
learning_momentum=0.000000
training_algorithm=2
train_error_function=1
train_stop_function=0
cascade_output_change_fraction=0.010000
quickprop_decay=-0.000100
quickprop_mu=1.750000
rprop_increase_factor=1.200000
rprop_decrease_factor=0.500000
rprop_delta_min=0.000000
rprop_delta_max=50.000000
rprop_delta_zero=0.100000
cascade_output_stagnation_epochs=12
cascade_candidate_change_fraction=0.010000
cascade_candidate_stagnation_epochs=12
cascade_max_out_epochs=150
cascade_min_out_epochs=50
cascade_max_cand_epochs=150
cascade_min_cand_epochs=50
cascade_num_candidate_groups=2
bit_fail_limit=3.49999994039535522461e-01
cascade_candidate_limit=1.00000000000000000000e+03
cascade_weight_multiplier=4.00000005960464477539e-01
cascade_activation_functions_count=10
cascade_activation_functions=3 5 7 8 10 11 14 15 16 17 
cascade_activation_steepnesses_count=4
cascade_activation_steepnesses=2.50000000000000000000e-01 5.00000000000000000000e-01 7.50000000000000000000e-01 1.00000000000000000000e+00 
layer_sizes=7 5 3 2 
scale_included=0
neurons (num_inputs, activation_function, activation_steepness)=(0, 0, 0.00000000000000000000e+00) (0, 0, 0.00000000000000000000e+00) (0, 0, 0.00000000000000000000e+00) (0, 0, 0.00000000000000000000e+00) (0, 0, 0.00000000000000000000e+00) (0, 0, 0.00000000000000000000e+00) (0, 0, 0.00000000000000000000e+00) (7, 3, 5.00000000000000000000e-01) (7, 3, 5.00000000000000000000e-01) (7, 3, 5.00000000000000000000e-01) (7, 3, 5.00000000000000000000e-01) (0, 3, 0.00000000000000000000e+00) (5, 3, 5.00000000000000000000e-01) (5, 3, 5.00000000000000000000e-01) (0, 3, 0.00000000000000000000e+00) (3, 0, 5.00000000000000000000e-01) (0, 0, 0.00000000000000000000e+00) 
connections (connected_to_neuron, weight)=(0, 8.40800048828125000000e+02) (1, 8.40800048828125000000e+02) (2, 2.94573181152343750000e+02) (3, 1.81102401733398437500e+02) (4, 9.21261352539062500000e+02) (5, 8.65131347656250000000e+02) (6, 9.08922731876373291016e-01) (0, -1.17360729980468750000e+03) (1, -6.12179016113281250000e+02) (2, -5.12418762207031250000e+02) (3, 1.39489116668701171875e+01) (4, 9.45433959960937500000e+02) (5, 3.52724975585937500000e+02) (6, 4.84464168548583984375e-02) (0, 1.49977587890625000000e+03) (1, -1.41015625000000000000e+03) (2, -9.90622558593750000000e+01) (3, 4.55815086364746093750e+01) (4, -1.50000000000000000000e+03) (5, 5.52722717285156250000e+02) (6, 4.16313457489013671875e+00) (0, 1.49972949218750000000e+03) (1, -4.81585784912109375000e+02) (2, -4.93483917236328125000e+02) (3, 2.48981658935546875000e+02) (4, -5.52899597167968750000e+02) (5, -8.70386413574218750000e+02) (6, 1.09544336795806884766e+00) (7, 9.63142633438110351562e-01) (8, 2.50000000000000000000e+02) (9, -3.24443626403808593750e+00) (10, 5.17667245864868164062e+00) (11, -3.22716563940048217773e-01) (7, -8.18053603172302246094e-01) (8, 2.50000000000000000000e+02) (9, -1.17859280109405517578e+00) (10, 3.47352981567382812500e-01) (11, -3.08755964040756225586e-01) (12, -5.87211512029170989990e-02) (13, -7.59964659810066223145e-02) (14, 9.45084840059280395508e-02) 
