FANN_FLO_2.1
num_layers=4
learning_rate=0.450000
connection_rate=1.000000
network_type=0
learning_momentum=0.000000
training_algorithm=2
train_error_function=1
train_stop_function=0
cascade_output_change_fraction=0.010000
quickprop_decay=-0.000100
quickprop_mu=1.750000
rprop_increase_factor=1.200000
rprop_decrease_factor=0.500000
rprop_delta_min=0.000000
rprop_delta_max=50.000000
rprop_delta_zero=0.100000
cascade_output_stagnation_epochs=12
cascade_candidate_change_fraction=0.010000
cascade_candidate_stagnation_epochs=12
cascade_max_out_epochs=150
cascade_min_out_epochs=50
cascade_max_cand_epochs=150
cascade_min_cand_epochs=50
cascade_num_candidate_groups=2
bit_fail_limit=3.49999994039535522461e-01
cascade_candidate_limit=1.00000000000000000000e+03
cascade_weight_multiplier=4.00000005960464477539e-01
cascade_activation_functions_count=10
cascade_activation_functions=3 5 7 8 10 11 14 15 16 17 
cascade_activation_steepnesses_count=4
cascade_activation_steepnesses=2.50000000000000000000e-01 5.00000000000000000000e-01 7.50000000000000000000e-01 1.00000000000000000000e+00 
layer_sizes=7 5 5 2 
scale_included=0
neurons (num_inputs, activation_function, activation_steepness)=(0, 0, 0.00000000000000000000e+00) (0, 0, 0.00000000000000000000e+00) (0, 0, 0.00000000000000000000e+00) (0, 0, 0.00000000000000000000e+00) (0, 0, 0.00000000000000000000e+00) (0, 0, 0.00000000000000000000e+00) (0, 0, 0.00000000000000000000e+00) (7, 3, 5.00000000000000000000e-01) (7, 3, 5.00000000000000000000e-01) (7, 3, 5.00000000000000000000e-01) (7, 3, 5.00000000000000000000e-01) (0, 3, 0.00000000000000000000e+00) (5, 3, 5.00000000000000000000e-01) (5, 3, 5.00000000000000000000e-01) (5, 3, 5.00000000000000000000e-01) (5, 3, 5.00000000000000000000e-01) (0, 3, 0.00000000000000000000e+00) (5, 0, 5.00000000000000000000e-01) (0, 0, 0.00000000000000000000e+00) 
connections (connected_to_neuron, weight)=(0, 1.50000000000000000000e+03) (1, 1.50000000000000000000e+03) (2, 1.50000000000000000000e+03) (3, 1.50000000000000000000e+03) (4, 1.50000000000000000000e+03) (5, 1.50000000000000000000e+03) (6, 1.71765727996826171875e+01) (0, 1.50000000000000000000e+03) (1, 1.50000000000000000000e+03) (2, 1.50000000000000000000e+03) (3, 8.36477539062500000000e+02) (4, 1.50000000000000000000e+03) (5, 1.50000000000000000000e+03) (6, 5.33195018768310546875e-01) (0, -8.37470125406980514526e-03) (1, 1.99687018990516662598e-01) (2, -1.82746604084968566895e-01) (3, 4.25208732485771179199e-02) (4, 1.27415180206298828125e-01) (5, -1.80433139204978942871e-01) (6, 2.79176801443099975586e-01) (0, 1.50000000000000000000e+03) (1, 1.50000000000000000000e+03) (2, 1.50000000000000000000e+03) (3, 3.69422973632812500000e+02) (4, 1.50000000000000000000e+03) (5, 1.50000000000000000000e+03) (6, 1.22918570041656494141e+00) (7, -1.17028579115867614746e-01) (8, -6.44228160381317138672e-02) (9, -6.93990612030029296875e+00) (10, 1.22962608933448791504e-01) (11, -2.65535980463027954102e-01) (7, 3.91623228788375854492e-01) (8, 7.38135874271392822266e-01) (9, -9.93302249908447265625e+00) (10, 6.86121761798858642578e-01) (11, 2.02883616089820861816e-01) (7, 2.76113241910934448242e-01) (8, 4.03500348329544067383e-01) (9, 5.33914136886596679688e+00) (10, 2.63096243143081665039e-01) (11, 2.82263159751892089844e-01) (7, -1.99796527624130249023e-01) (8, -4.68050837516784667969e-02) (9, -6.94199037551879882812e+00) (10, 1.14960581064224243164e-01) (11, -1.26036688685417175293e-01) (12, -2.37595057487487792969e+00) (13, 1.92414283752441406250e+00) (14, -7.36148431897163391113e-02) (15, -3.50662291049957275391e-01) (16, 8.31332951784133911133e-02) 
