FANN_FLO_2.1
num_layers=3
learning_rate=0.500000
connection_rate=1.000000
network_type=0
learning_momentum=0.000000
training_algorithm=2
train_error_function=1
train_stop_function=0
cascade_output_change_fraction=0.010000
quickprop_decay=-0.000100
quickprop_mu=1.750000
rprop_increase_factor=1.200000
rprop_decrease_factor=0.500000
rprop_delta_min=0.000000
rprop_delta_max=50.000000
rprop_delta_zero=0.100000
cascade_output_stagnation_epochs=12
cascade_candidate_change_fraction=0.010000
cascade_candidate_stagnation_epochs=12
cascade_max_out_epochs=150
cascade_min_out_epochs=50
cascade_max_cand_epochs=150
cascade_min_cand_epochs=50
cascade_num_candidate_groups=2
bit_fail_limit=3.49999994039535522461e-01
cascade_candidate_limit=1.00000000000000000000e+03
cascade_weight_multiplier=4.00000005960464477539e-01
cascade_activation_functions_count=10
cascade_activation_functions=3 5 7 8 10 11 14 15 16 17 
cascade_activation_steepnesses_count=4
cascade_activation_steepnesses=2.50000000000000000000e-01 5.00000000000000000000e-01 7.50000000000000000000e-01 1.00000000000000000000e+00 
layer_sizes=3 9 4 
scale_included=0
neurons (num_inputs, activation_function, activation_steepness)=(0, 0, 0.00000000000000000000e+00) (0, 0, 0.00000000000000000000e+00) (0, 0, 0.00000000000000000000e+00) (3, 3, 5.00000000000000000000e-01) (3, 3, 5.00000000000000000000e-01) (3, 3, 5.00000000000000000000e-01) (3, 3, 5.00000000000000000000e-01) (3, 3, 5.00000000000000000000e-01) (3, 3, 5.00000000000000000000e-01) (3, 3, 5.00000000000000000000e-01) (3, 3, 5.00000000000000000000e-01) (0, 3, 0.00000000000000000000e+00) (9, 0, 5.00000000000000000000e-01) (9, 0, 5.00000000000000000000e-01) (9, 0, 5.00000000000000000000e-01) (0, 0, 0.00000000000000000000e+00) 
connections (connected_to_neuron, weight)=(0, -1.13837289810180664062e+00) (1, -2.06922674179077148438e+00) (2, 7.26090595126152038574e-02) (0, -5.10095500946044921875e+00) (1, 5.27119779586791992188e+00) (2, -1.34496307373046875000e+00) (0, -5.15254783630371093750e+00) (1, -2.63931846618652343750e+00) (2, 1.56991863250732421875e+01) (0, -6.14773035049438476562e+00) (1, 6.31184339523315429688e+00) (2, 3.46183729171752929688e+00) (0, -3.97069597244262695312e+00) (1, -1.62470424175262451172e+00) (2, 1.62319108843803405762e-01) (0, -6.14172697067260742188e+00) (1, 7.86913633346557617188e+00) (2, 4.40313434600830078125e+00) (0, -5.01644849777221679688e+00) (1, 6.83257699012756347656e-01) (2, 9.60205346345901489258e-02) (0, -6.61176013946533203125e+00) (1, 9.61897075176239013672e-01) (2, 5.28812074661254882812e+00) (3, 3.36961603164672851562e+00) (4, 2.48003149032592773438e+00) (5, 5.27623772621154785156e-01) (6, 3.71996670961380004883e-01) (7, 2.06728434562683105469e+00) (8, 8.16359519958496093750e-01) (9, 2.15789008140563964844e+00) (10, -4.82921272516250610352e-01) (11, 3.91540467739105224609e-01) (3, 1.01184644699096679688e+01) (4, 3.61502552032470703125e+00) (5, 1.53269577026367187500e+00) (6, 2.84473633766174316406e+00) (7, 5.27571582794189453125e+00) (8, 3.20158553123474121094e+00) (9, 5.18166494369506835938e+00) (10, 2.24682569503784179688e+00) (11, 1.94176757335662841797e+00) (3, 3.33517837524414062500e+01) (4, 9.50210475921630859375e+00) (5, 7.76813793182373046875e+00) (6, 8.47192573547363281250e+00) (7, 1.66789932250976562500e+01) (8, 8.41049194335937500000e+00) (9, 1.60601425170898437500e+01) (10, 8.62317752838134765625e+00) (11, 1.17635097503662109375e+01) 
