FANN_FLO_2.1
num_layers=4
learning_rate=0.500000
connection_rate=1.000000
network_type=0
learning_momentum=0.000000
training_algorithm=2
train_error_function=1
train_stop_function=0
cascade_output_change_fraction=0.010000
quickprop_decay=-0.000100
quickprop_mu=1.750000
rprop_increase_factor=1.200000
rprop_decrease_factor=0.500000
rprop_delta_min=0.000000
rprop_delta_max=50.000000
rprop_delta_zero=0.100000
cascade_output_stagnation_epochs=12
cascade_candidate_change_fraction=0.010000
cascade_candidate_stagnation_epochs=12
cascade_max_out_epochs=150
cascade_min_out_epochs=50
cascade_max_cand_epochs=150
cascade_min_cand_epochs=50
cascade_num_candidate_groups=2
bit_fail_limit=3.49999994039535522461e-01
cascade_candidate_limit=1.00000000000000000000e+03
cascade_weight_multiplier=4.00000005960464477539e-01
cascade_activation_functions_count=10
cascade_activation_functions=3 5 7 8 10 11 14 15 16 17 
cascade_activation_steepnesses_count=4
cascade_activation_steepnesses=2.50000000000000000000e-01 5.00000000000000000000e-01 7.50000000000000000000e-01 1.00000000000000000000e+00 
layer_sizes=4 5 3 2 
scale_included=0
neurons (num_inputs, activation_function, activation_steepness)=(0, 0, 0.00000000000000000000e+00) (0, 0, 0.00000000000000000000e+00) (0, 0, 0.00000000000000000000e+00) (0, 0, 0.00000000000000000000e+00) (4, 3, 5.00000000000000000000e-01) (4, 3, 5.00000000000000000000e-01) (4, 3, 5.00000000000000000000e-01) (4, 3, 5.00000000000000000000e-01) (0, 3, 0.00000000000000000000e+00) (5, 3, 5.00000000000000000000e-01) (5, 3, 5.00000000000000000000e-01) (0, 3, 0.00000000000000000000e+00) (3, 3, 5.00000000000000000000e-01) (0, 3, 0.00000000000000000000e+00) 
connections (connected_to_neuron, weight)=(0, 1.03354082107543945312e+01) (1, -2.34731197357177734375e+01) (2, 4.82660913467407226562e+00) (3, 6.43468022346496582031e-01) (0, -5.24766874313354492188e+00) (1, -2.48804831504821777344e+00) (2, -2.47319459915161132812e+00) (3, 2.90742874145507812500e+00) (0, -4.74513006210327148438e+00) (1, -9.09343147277832031250e+00) (2, 5.71210324764251708984e-01) (3, 3.44950437545776367188e+00) (0, -3.24090499877929687500e+01) (1, -1.43155285644531250000e+03) (2, 2.20942749023437500000e+02) (3, 1.12231194972991943359e+00) (4, 7.63939880371093750000e+02) (5, 3.91292144775390625000e+02) (6, 1.50000000000000000000e+03) (7, 1.47144006347656250000e+03) (8, -6.97683258056640625000e+01) (4, -3.40874576568603515625e+00) (5, 5.09287757873535156250e+01) (6, 2.90320720672607421875e+01) (7, -1.18246011734008789062e+01) (8, -3.56847643852233886719e+00) (9, 6.65409922599792480469e-01) (10, -5.02259302139282226562e+00) (11, 2.11923074722290039062e+00) 
