FANN_FLO_2.1
num_layers=3
learning_rate=0.500000
connection_rate=1.000000
network_type=0
learning_momentum=0.000000
training_algorithm=2
train_error_function=1
train_stop_function=0
cascade_output_change_fraction=0.010000
quickprop_decay=-0.000100
quickprop_mu=1.750000
rprop_increase_factor=1.200000
rprop_decrease_factor=0.500000
rprop_delta_min=0.000000
rprop_delta_max=50.000000
rprop_delta_zero=0.100000
cascade_output_stagnation_epochs=12
cascade_candidate_change_fraction=0.010000
cascade_candidate_stagnation_epochs=12
cascade_max_out_epochs=150
cascade_min_out_epochs=50
cascade_max_cand_epochs=150
cascade_min_cand_epochs=50
cascade_num_candidate_groups=2
bit_fail_limit=3.49999994039535522461e-01
cascade_candidate_limit=1.00000000000000000000e+03
cascade_weight_multiplier=4.00000005960464477539e-01
cascade_activation_functions_count=10
cascade_activation_functions=3 5 7 8 10 11 14 15 16 17 
cascade_activation_steepnesses_count=4
cascade_activation_steepnesses=2.50000000000000000000e-01 5.00000000000000000000e-01 7.50000000000000000000e-01 1.00000000000000000000e+00 
layer_sizes=10 3 2 
scale_included=0
neurons (num_inputs, activation_function, activation_steepness)=(0, 0, 0.00000000000000000000e+00) (0, 0, 0.00000000000000000000e+00) (0, 0, 0.00000000000000000000e+00) (0, 0, 0.00000000000000000000e+00) (0, 0, 0.00000000000000000000e+00) (0, 0, 0.00000000000000000000e+00) (0, 0, 0.00000000000000000000e+00) (0, 0, 0.00000000000000000000e+00) (0, 0, 0.00000000000000000000e+00) (0, 0, 0.00000000000000000000e+00) (10, 3, 5.00000000000000000000e-01) (10, 3, 5.00000000000000000000e-01) (0, 3, 0.00000000000000000000e+00) (3, 3, 5.00000000000000000000e-01) (0, 3, 0.00000000000000000000e+00) 
connections (connected_to_neuron, weight)=(0, -7.37605750560760498047e-01) (1, -6.95142388343811035156e-01) (2, -7.13520288467407226562e-01) (3, 2.52946555614471435547e-01) (4, 8.86463880538940429688e-01) (5, -7.37217187881469726562e-01) (6, -7.23791658878326416016e-01) (7, -8.89203071594238281250e-01) (8, -6.49407148361206054688e-01) (9, 9.03216779232025146484e-01) (0, -4.09845024347305297852e-01) (1, -4.23092186450958251953e-01) (2, -4.52602714300155639648e-01) (3, -7.13293373584747314453e-01) (4, -9.29778933525085449219e-01) (5, -4.07189130783081054688e-01) (6, -4.37987476587295532227e-01) (7, -3.54245960712432861328e-01) (8, -4.63073253631591796875e-01) (9, 1.85623037815093994141e+00) (10, -1.16682529449462890625e+00) (11, -3.02856612205505371094e+00) (12, 1.48898112773895263672e+00) 
