FANN_FLO_2.1
num_layers=3
learning_rate=0.400000
connection_rate=1.000000
network_type=0
learning_momentum=0.000000
training_algorithm=2
train_error_function=1
train_stop_function=0
cascade_output_change_fraction=0.010000
quickprop_decay=-0.000100
quickprop_mu=1.750000
rprop_increase_factor=1.200000
rprop_decrease_factor=0.500000
rprop_delta_min=0.000000
rprop_delta_max=50.000000
rprop_delta_zero=0.100000
cascade_output_stagnation_epochs=12
cascade_candidate_change_fraction=0.010000
cascade_candidate_stagnation_epochs=12
cascade_max_out_epochs=150
cascade_min_out_epochs=50
cascade_max_cand_epochs=150
cascade_min_cand_epochs=50
cascade_num_candidate_groups=2
bit_fail_limit=3.49999994039535522461e-01
cascade_candidate_limit=1.00000000000000000000e+03
cascade_weight_multiplier=4.00000005960464477539e-01
cascade_activation_functions_count=10
cascade_activation_functions=3 5 7 8 10 11 14 15 16 17 
cascade_activation_steepnesses_count=4
cascade_activation_steepnesses=2.50000000000000000000e-01 5.00000000000000000000e-01 7.50000000000000000000e-01 1.00000000000000000000e+00 
layer_sizes=10 3 2 
scale_included=0
neurons (num_inputs, activation_function, activation_steepness)=(0, 0, 0.00000000000000000000e+00) (0, 0, 0.00000000000000000000e+00) (0, 0, 0.00000000000000000000e+00) (0, 0, 0.00000000000000000000e+00) (0, 0, 0.00000000000000000000e+00) (0, 0, 0.00000000000000000000e+00) (0, 0, 0.00000000000000000000e+00) (0, 0, 0.00000000000000000000e+00) (0, 0, 0.00000000000000000000e+00) (0, 0, 0.00000000000000000000e+00) (10, 3, 5.00000000000000000000e-01) (10, 3, 5.00000000000000000000e-01) (0, 3, 0.00000000000000000000e+00) (3, 3, 5.00000000000000000000e-01) (0, 3, 0.00000000000000000000e+00) 
connections (connected_to_neuron, weight)=(0, 1.25233173370361328125e-01) (1, 5.41574209928512573242e-02) (2, 2.02771335840225219727e-01) (3, 6.99922144412994384766e-02) (4, 1.99912250041961669922e-01) (5, 1.76523447036743164062e-01) (6, 6.10414408147335052490e-02) (7, 1.27396777272224426270e-01) (8, 3.62501293420791625977e-02) (9, 6.89700841903686523438e-02) (0, 1.25365391373634338379e-01) (1, 2.12425529956817626953e-01) (2, 1.53817951679229736328e-01) (3, 2.05609321594238281250e-01) (4, 1.80316329002380371094e-01) (5, 1.85860991477966308594e-01) (6, 4.98450621962547302246e-02) (7, 1.90161466598510742188e-01) (8, 1.44484788179397583008e-01) (9, 1.91351830959320068359e-01) (10, -2.08807483315467834473e-01) (11, -1.45090088248252868652e-01) (12, -8.05665776133537292480e-02) 
