FANN_FLO_2.1
num_layers=3
learning_rate=0.500000
connection_rate=1.000000
network_type=0
learning_momentum=0.000000
training_algorithm=2
train_error_function=1
train_stop_function=0
cascade_output_change_fraction=0.010000
quickprop_decay=-0.000100
quickprop_mu=1.750000
rprop_increase_factor=1.200000
rprop_decrease_factor=0.500000
rprop_delta_min=0.000000
rprop_delta_max=50.000000
rprop_delta_zero=0.100000
cascade_output_stagnation_epochs=12
cascade_candidate_change_fraction=0.010000
cascade_candidate_stagnation_epochs=12
cascade_max_out_epochs=150
cascade_min_out_epochs=50
cascade_max_cand_epochs=150
cascade_min_cand_epochs=50
cascade_num_candidate_groups=2
bit_fail_limit=3.49999994039535522461e-01
cascade_candidate_limit=1.00000000000000000000e+03
cascade_weight_multiplier=4.00000005960464477539e-01
cascade_activation_functions_count=10
cascade_activation_functions=3 5 7 8 10 11 14 15 16 17 
cascade_activation_steepnesses_count=4
cascade_activation_steepnesses=2.50000000000000000000e-01 5.00000000000000000000e-01 7.50000000000000000000e-01 1.00000000000000000000e+00 
layer_sizes=18 3 2 
scale_included=0
neurons (num_inputs, activation_function, activation_steepness)=(0, 0, 0.00000000000000000000e+00) (0, 0, 0.00000000000000000000e+00) (0, 0, 0.00000000000000000000e+00) (0, 0, 0.00000000000000000000e+00) (0, 0, 0.00000000000000000000e+00) (0, 0, 0.00000000000000000000e+00) (0, 0, 0.00000000000000000000e+00) (0, 0, 0.00000000000000000000e+00) (0, 0, 0.00000000000000000000e+00) (0, 0, 0.00000000000000000000e+00) (0, 0, 0.00000000000000000000e+00) (0, 0, 0.00000000000000000000e+00) (0, 0, 0.00000000000000000000e+00) (0, 0, 0.00000000000000000000e+00) (0, 0, 0.00000000000000000000e+00) (0, 0, 0.00000000000000000000e+00) (0, 0, 0.00000000000000000000e+00) (0, 0, 0.00000000000000000000e+00) (18, 3, 5.00000000000000000000e-01) (18, 3, 5.00000000000000000000e-01) (0, 3, 0.00000000000000000000e+00) (3, 0, 5.00000000000000000000e-01) (0, 0, 0.00000000000000000000e+00) 
connections (connected_to_neuron, weight)=(0, 8.56081306934356689453e-01) (1, 1.08054828643798828125e+00) (2, 8.40515017509460449219e-01) (3, 9.68534827232360839844e-01) (4, 1.02808320522308349609e+00) (5, -9.42408084869384765625e-01) (6, -1.00025129318237304688e+00) (7, -9.61410522460937500000e-01) (8, 7.64536410570144653320e-02) (9, 9.70111489295959472656e-01) (10, 9.97727215290069580078e-01) (11, 8.75696122646331787109e-01) (12, 9.19218003749847412109e-01) (13, 9.59022700786590576172e-01) (14, 1.00126445293426513672e+00) (15, 9.75943744182586669922e-01) (16, 9.45618689060211181641e-01) (17, -4.22174024581909179688e+00) (0, 1.54122266769409179688e+01) (1, 1.06759071350097656250e+02) (2, 1.65041141510009765625e+01) (3, 1.68194446563720703125e+01) (4, 7.56743812561035156250e+00) (5, -7.85576782226562500000e+01) (6, -3.73071937561035156250e+01) (7, -4.02287979125976562500e+01) (8, 5.97171306610107421875e+00) (9, 1.04876070022583007812e+01) (10, 1.74923858642578125000e+01) (11, 1.47298021316528320312e+01) (12, 3.30591964721679687500e+01) (13, 1.36898279190063476562e+01) (14, 5.37636718750000000000e+02) (15, 8.65750000000000000000e+02) (16, 9.70999526977539062500e+00) (17, -1.66087677001953125000e+02) (18, 1.02093753814697265625e+01) (19, 1.67499279975891113281e+00) (20, 2.03345084190368652344e+00) 
