FANN_FLO_2.1
num_layers=3
learning_rate=0.450000
connection_rate=1.000000
network_type=0
learning_momentum=0.000000
training_algorithm=2
train_error_function=1
train_stop_function=0
cascade_output_change_fraction=0.010000
quickprop_decay=-0.000100
quickprop_mu=1.750000
rprop_increase_factor=1.200000
rprop_decrease_factor=0.500000
rprop_delta_min=0.000000
rprop_delta_max=50.000000
rprop_delta_zero=0.100000
cascade_output_stagnation_epochs=12
cascade_candidate_change_fraction=0.010000
cascade_candidate_stagnation_epochs=12
cascade_max_out_epochs=150
cascade_min_out_epochs=50
cascade_max_cand_epochs=150
cascade_min_cand_epochs=50
cascade_num_candidate_groups=2
bit_fail_limit=3.49999994039535522461e-01
cascade_candidate_limit=1.00000000000000000000e+03
cascade_weight_multiplier=4.00000005960464477539e-01
cascade_activation_functions_count=10
cascade_activation_functions=3 5 7 8 10 11 14 15 16 17 
cascade_activation_steepnesses_count=4
cascade_activation_steepnesses=2.50000000000000000000e-01 5.00000000000000000000e-01 7.50000000000000000000e-01 1.00000000000000000000e+00 
layer_sizes=7 5 2 
scale_included=0
neurons (num_inputs, activation_function, activation_steepness)=(0, 0, 0.00000000000000000000e+00) (0, 0, 0.00000000000000000000e+00) (0, 0, 0.00000000000000000000e+00) (0, 0, 0.00000000000000000000e+00) (0, 0, 0.00000000000000000000e+00) (0, 0, 0.00000000000000000000e+00) (0, 0, 0.00000000000000000000e+00) (7, 3, 5.00000000000000000000e-01) (7, 3, 5.00000000000000000000e-01) (7, 3, 5.00000000000000000000e-01) (7, 3, 5.00000000000000000000e-01) (0, 3, 0.00000000000000000000e+00) (5, 0, 5.00000000000000000000e-01) (0, 0, 0.00000000000000000000e+00) 
connections (connected_to_neuron, weight)=(0, -9.31525304913520812988e-02) (1, 5.76722443103790283203e-01) (2, -4.11786586046218872070e-01) (3, -4.87655811011791229248e-02) (4, 9.01345163583755493164e-02) (5, -1.43434941768646240234e-01) (6, 3.35997009277343750000e+00) (0, -2.49980926513671875000e+01) (1, -4.31867218017578125000e+00) (2, -7.88164234161376953125e+00) (3, -2.70969176292419433594e+00) (4, -1.29439582824707031250e+01) (5, 1.54191684722900390625e+01) (6, -1.94521561264991760254e-01) (0, -2.00416922569274902344e+00) (1, -1.40315771102905273438e+00) (2, 1.09581851959228515625e+00) (3, -6.02941453456878662109e-01) (4, -1.53602874279022216797e+00) (5, 4.45766544342041015625e+00) (6, -1.51676797866821289062e+00) (0, -3.30234281718730926514e-02) (1, -1.86918690800666809082e-01) (2, 6.54302835464477539062e-01) (3, 1.03636167943477630615e-01) (4, -5.54223358631134033203e-01) (5, -2.61867158114910125732e-02) (6, 7.42646551132202148438e+00) (7, -1.08522064983844757080e-01) (8, 4.00494766235351562500e+01) (9, -3.73541824519634246826e-02) (10, -1.13066583871841430664e-02) (11, 1.25423833727836608887e-01) 
