FANN_FLO_2.1
num_layers=4
learning_rate=0.500000
connection_rate=1.000000
network_type=0
learning_momentum=0.000000
training_algorithm=2
train_error_function=1
train_stop_function=0
cascade_output_change_fraction=0.010000
quickprop_decay=-0.000100
quickprop_mu=1.750000
rprop_increase_factor=1.200000
rprop_decrease_factor=0.500000
rprop_delta_min=0.000000
rprop_delta_max=50.000000
rprop_delta_zero=0.100000
cascade_output_stagnation_epochs=12
cascade_candidate_change_fraction=0.010000
cascade_candidate_stagnation_epochs=12
cascade_max_out_epochs=150
cascade_min_out_epochs=50
cascade_max_cand_epochs=150
cascade_min_cand_epochs=50
cascade_num_candidate_groups=2
bit_fail_limit=3.49999994039535522461e-01
cascade_candidate_limit=1.00000000000000000000e+03
cascade_weight_multiplier=4.00000005960464477539e-01
cascade_activation_functions_count=10
cascade_activation_functions=3 5 7 8 10 11 14 15 16 17 
cascade_activation_steepnesses_count=4
cascade_activation_steepnesses=2.50000000000000000000e-01 5.00000000000000000000e-01 7.50000000000000000000e-01 1.00000000000000000000e+00 
layer_sizes=18 3 3 2 
scale_included=0
neurons (num_inputs, activation_function, activation_steepness)=(0, 0, 0.00000000000000000000e+00) (0, 0, 0.00000000000000000000e+00) (0, 0, 0.00000000000000000000e+00) (0, 0, 0.00000000000000000000e+00) (0, 0, 0.00000000000000000000e+00) (0, 0, 0.00000000000000000000e+00) (0, 0, 0.00000000000000000000e+00) (0, 0, 0.00000000000000000000e+00) (0, 0, 0.00000000000000000000e+00) (0, 0, 0.00000000000000000000e+00) (0, 0, 0.00000000000000000000e+00) (0, 0, 0.00000000000000000000e+00) (0, 0, 0.00000000000000000000e+00) (0, 0, 0.00000000000000000000e+00) (0, 0, 0.00000000000000000000e+00) (0, 0, 0.00000000000000000000e+00) (0, 0, 0.00000000000000000000e+00) (0, 0, 0.00000000000000000000e+00) (18, 3, 5.00000000000000000000e-01) (18, 3, 5.00000000000000000000e-01) (0, 3, 0.00000000000000000000e+00) (3, 3, 5.00000000000000000000e-01) (3, 3, 5.00000000000000000000e-01) (0, 3, 0.00000000000000000000e+00) (3, 0, 5.00000000000000000000e-01) (0, 0, 0.00000000000000000000e+00) 
connections (connected_to_neuron, weight)=(0, 7.33835697174072265625e-01) (1, 5.57137250900268554688e-01) (2, 6.20973289012908935547e-01) (3, 8.81857991218566894531e-01) (4, 5.40903627872467041016e-01) (5, -1.12525296211242675781e+00) (6, -7.89269149303436279297e-01) (7, -8.38134825229644775391e-01) (8, -1.97994541376829147339e-02) (9, 4.20501083135604858398e-01) (10, 8.85833442211151123047e-01) (11, 5.96606016159057617188e-01) (12, 8.80674242973327636719e-01) (13, 5.46648740768432617188e-01) (14, 8.88259828090667724609e-01) (15, 5.54570436477661132812e-01) (16, 2.74592101573944091797e-01) (17, -3.69947338104248046875e+00) (0, 7.75496363639831542969e-01) (1, 1.16075408458709716797e+00) (2, 7.63608872890472412109e-01) (3, 7.25707113742828369141e-01) (4, 9.99886810779571533203e-01) (5, -4.65672373771667480469e-01) (6, -4.55254882574081420898e-01) (7, -6.77856624126434326172e-01) (8, -3.01458667963743209839e-02) (9, 1.41455841064453125000e+00) (10, 5.08888125419616699219e-01) (11, 9.15765404701232910156e-01) (12, 5.79381883144378662109e-01) (13, 1.04326355457305908203e+00) (14, 6.74122929573059082031e-01) (15, 1.13045597076416015625e+00) (16, 1.38770008087158203125e+00) (17, -3.09403300285339355469e+00) (18, 3.06021094322204589844e+00) (19, 2.08805704116821289062e+00) (20, -2.38787245750427246094e+00) (18, 2.96591353416442871094e+00) (19, 2.09144783020019531250e+00) (20, -2.60695457458496093750e+00) (21, 5.30004692077636718750e+00) (22, 8.76865386962890625000e+00) (23, 2.33239364624023437500e+00) 
