FANN_FLO_2.1
num_layers=3
learning_rate=0.500000
connection_rate=1.000000
network_type=0
learning_momentum=0.000000
training_algorithm=2
train_error_function=1
train_stop_function=0
cascade_output_change_fraction=0.010000
quickprop_decay=-0.000100
quickprop_mu=1.750000
rprop_increase_factor=1.200000
rprop_decrease_factor=0.500000
rprop_delta_min=0.000000
rprop_delta_max=50.000000
rprop_delta_zero=0.100000
cascade_output_stagnation_epochs=12
cascade_candidate_change_fraction=0.010000
cascade_candidate_stagnation_epochs=12
cascade_max_out_epochs=150
cascade_min_out_epochs=50
cascade_max_cand_epochs=150
cascade_min_cand_epochs=50
cascade_num_candidate_groups=2
bit_fail_limit=3.49999994039535522461e-01
cascade_candidate_limit=1.00000000000000000000e+03
cascade_weight_multiplier=4.00000005960464477539e-01
cascade_activation_functions_count=10
cascade_activation_functions=3 5 7 8 10 11 14 15 16 17 
cascade_activation_steepnesses_count=4
cascade_activation_steepnesses=2.50000000000000000000e-01 5.00000000000000000000e-01 7.50000000000000000000e-01 1.00000000000000000000e+00 
layer_sizes=7 9 2 
scale_included=0
neurons (num_inputs, activation_function, activation_steepness)=(0, 0, 0.00000000000000000000e+00) (0, 0, 0.00000000000000000000e+00) (0, 0, 0.00000000000000000000e+00) (0, 0, 0.00000000000000000000e+00) (0, 0, 0.00000000000000000000e+00) (0, 0, 0.00000000000000000000e+00) (0, 0, 0.00000000000000000000e+00) (7, 3, 5.00000000000000000000e-01) (7, 3, 5.00000000000000000000e-01) (7, 3, 5.00000000000000000000e-01) (7, 3, 5.00000000000000000000e-01) (7, 3, 5.00000000000000000000e-01) (7, 3, 5.00000000000000000000e-01) (7, 3, 5.00000000000000000000e-01) (7, 3, 5.00000000000000000000e-01) (0, 3, 0.00000000000000000000e+00) (9, 0, 5.00000000000000000000e-01) (0, 0, 0.00000000000000000000e+00) 
connections (connected_to_neuron, weight)=(0, -6.02097053527832031250e+01) (1, -3.71353566646575927734e-01) (2, -7.79019470214843750000e+01) (3, -1.21263611316680908203e+00) (4, -4.67934101819992065430e-01) (5, -1.54691028594970703125e+00) (6, -4.16384816169738769531e-01) (0, -1.18878936767578125000e+01) (1, -1.59330582618713378906e+00) (2, -8.35311050415039062500e+01) (3, -5.86099910736083984375e+00) (4, -1.35048103332519531250e+00) (5, 8.35638999938964843750e+00) (6, -1.24398171901702880859e+00) (0, -1.44132049560546875000e+02) (1, -1.13060258328914642334e-01) (2, 1.56867065429687500000e+02) (3, -2.17472910881042480469e+00) (4, -2.67809569835662841797e-01) (5, -4.41373062133789062500e+00) (6, -3.51368218660354614258e-01) (0, 6.31470441818237304688e-01) (1, -2.43594303727149963379e-01) (2, -4.72551918029785156250e+00) (3, -3.47994118928909301758e-01) (4, -4.25826728343963623047e-01) (5, -4.60672683715820312500e+01) (6, -4.30787622928619384766e-01) (0, 6.09959065914154052734e-02) (1, 6.80138587951660156250e-01) (2, -6.83285713195800781250e-01) (3, 1.45997419953346252441e-01) (4, 2.77836918830871582031e-01) (5, -4.17706012725830078125e-01) (6, 4.09469723701477050781e-01) (0, 5.20081281661987304688e-01) (1, -2.06317692995071411133e-01) (2, -1.61146235466003417969e+00) (3, -2.22626522183418273926e-01) (4, -4.45475131273269653320e-01) (5, -1.27257084846496582031e+00) (6, -5.44305324554443359375e-01) (0, 2.25949689745903015137e-01) (1, -8.74575152993202209473e-02) (2, -2.71115809679031372070e-01) (3, 3.00397276878356933594e-01) (4, 4.51213926076889038086e-01) (5, -3.53006422519683837891e-01) (6, -2.02597928047180175781e+00) (0, -1.68555313110351562500e+02) (1, -2.05161869525909423828e-01) (2, -6.03742742538452148438e+00) (3, -1.04241824150085449219e+00) (4, -2.32199952006340026855e-01) (5, 1.20996503829956054688e+01) (6, -3.03402930498123168945e-01) (7, 5.00000000000000000000e+01) (8, -4.28615112304687500000e+01) (9, 1.50000000000000000000e+03) (10, 3.57709199190139770508e-01) (11, -2.31818377971649169922e-01) (12, -2.68117859959602355957e-02) (13, 5.39422072470188140869e-02) (14, -5.83650581538677215576e-02) (15, 1.94193601608276367188e-01) 
