FANN_FLO_2.1
num_layers=3
learning_rate=0.400000
connection_rate=1.000000
network_type=0
learning_momentum=0.000000
training_algorithm=2
train_error_function=1
train_stop_function=0
cascade_output_change_fraction=0.010000
quickprop_decay=-0.000100
quickprop_mu=1.750000
rprop_increase_factor=1.200000
rprop_decrease_factor=0.500000
rprop_delta_min=0.000000
rprop_delta_max=50.000000
rprop_delta_zero=0.100000
cascade_output_stagnation_epochs=12
cascade_candidate_change_fraction=0.010000
cascade_candidate_stagnation_epochs=12
cascade_max_out_epochs=150
cascade_min_out_epochs=50
cascade_max_cand_epochs=150
cascade_min_cand_epochs=50
cascade_num_candidate_groups=2
bit_fail_limit=3.49999994039535522461e-01
cascade_candidate_limit=1.00000000000000000000e+03
cascade_weight_multiplier=4.00000005960464477539e-01
cascade_activation_functions_count=10
cascade_activation_functions=3 5 7 8 10 11 14 15 16 17 
cascade_activation_steepnesses_count=4
cascade_activation_steepnesses=2.50000000000000000000e-01 5.00000000000000000000e-01 7.50000000000000000000e-01 1.00000000000000000000e+00 
layer_sizes=10 3 2 
scale_included=0
neurons (num_inputs, activation_function, activation_steepness)=(0, 0, 0.00000000000000000000e+00) (0, 0, 0.00000000000000000000e+00) (0, 0, 0.00000000000000000000e+00) (0, 0, 0.00000000000000000000e+00) (0, 0, 0.00000000000000000000e+00) (0, 0, 0.00000000000000000000e+00) (0, 0, 0.00000000000000000000e+00) (0, 0, 0.00000000000000000000e+00) (0, 0, 0.00000000000000000000e+00) (0, 0, 0.00000000000000000000e+00) (10, 3, 5.00000000000000000000e-01) (10, 3, 5.00000000000000000000e-01) (0, 3, 0.00000000000000000000e+00) (3, 3, 5.00000000000000000000e-01) (0, 3, 0.00000000000000000000e+00) 
connections (connected_to_neuron, weight)=(0, -3.10772582888603210449e-02) (1, -1.90059781074523925781e-01) (2, -7.30569884181022644043e-02) (3, -2.12920531630516052246e-02) (4, -1.13454379141330718994e-01) (5, -1.23933449387550354004e-01) (6, -9.52252596616744995117e-02) (7, -3.17184850573539733887e-02) (8, -2.08182111382484436035e-02) (9, -2.85912975668907165527e-02) (0, 8.24619233608245849609e-02) (1, 1.09018191695213317871e-01) (2, 4.73333001136779785156e-02) (3, 1.55233800411224365234e-01) (4, 5.39288893342018127441e-02) (5, 9.43355113267898559570e-02) (6, 9.52745527029037475586e-02) (7, 6.13529086112976074219e-02) (8, 4.35198321938514709473e-02) (9, 1.47714674472808837891e-01) (10, -2.76960805058479309082e-02) (11, -1.66344597935676574707e-01) (12, -1.30196720361709594727e-01) 
