FANN_FLO_2.1
num_layers=3
learning_rate=0.500000
connection_rate=1.000000
network_type=0
learning_momentum=0.000000
training_algorithm=2
train_error_function=1
train_stop_function=0
cascade_output_change_fraction=0.010000
quickprop_decay=-0.000100
quickprop_mu=1.750000
rprop_increase_factor=1.200000
rprop_decrease_factor=0.500000
rprop_delta_min=0.000000
rprop_delta_max=50.000000
rprop_delta_zero=0.100000
cascade_output_stagnation_epochs=12
cascade_candidate_change_fraction=0.010000
cascade_candidate_stagnation_epochs=12
cascade_max_out_epochs=150
cascade_min_out_epochs=50
cascade_max_cand_epochs=150
cascade_min_cand_epochs=50
cascade_num_candidate_groups=2
bit_fail_limit=3.49999994039535522461e-01
cascade_candidate_limit=1.00000000000000000000e+03
cascade_weight_multiplier=4.00000005960464477539e-01
cascade_activation_functions_count=10
cascade_activation_functions=3 5 7 8 10 11 14 15 16 17 
cascade_activation_steepnesses_count=4
cascade_activation_steepnesses=2.50000000000000000000e-01 5.00000000000000000000e-01 7.50000000000000000000e-01 1.00000000000000000000e+00 
layer_sizes=7 9 2 
scale_included=0
neurons (num_inputs, activation_function, activation_steepness)=(0, 0, 0.00000000000000000000e+00) (0, 0, 0.00000000000000000000e+00) (0, 0, 0.00000000000000000000e+00) (0, 0, 0.00000000000000000000e+00) (0, 0, 0.00000000000000000000e+00) (0, 0, 0.00000000000000000000e+00) (0, 0, 0.00000000000000000000e+00) (7, 3, 5.00000000000000000000e-01) (7, 3, 5.00000000000000000000e-01) (7, 3, 5.00000000000000000000e-01) (7, 3, 5.00000000000000000000e-01) (7, 3, 5.00000000000000000000e-01) (7, 3, 5.00000000000000000000e-01) (7, 3, 5.00000000000000000000e-01) (7, 3, 5.00000000000000000000e-01) (0, 3, 0.00000000000000000000e+00) (9, 0, 5.00000000000000000000e-01) (0, 0, 0.00000000000000000000e+00) 
connections (connected_to_neuron, weight)=(0, -1.28288000822067260742e-01) (1, 2.73062326014041900635e-02) (2, 1.12646114826202392578e+00) (3, -5.01803100109100341797e-01) (4, 5.38688242435455322266e-01) (5, -4.27639812231063842773e-01) (6, -7.47708141803741455078e-01) (0, -9.99107211828231811523e-02) (1, -5.00183463096618652344e-01) (2, 2.34561920166015625000e+00) (3, -3.45421731472015380859e-01) (4, 2.75287955999374389648e-01) (5, 2.27214291691780090332e-01) (6, 2.37372112274169921875e+00) (0, -1.72473695129156112671e-02) (1, 1.02867908775806427002e-01) (2, -4.19384896755218505859e-01) (3, -1.89838364720344543457e-01) (4, 1.90357655286788940430e-01) (5, -1.93201959133148193359e-01) (6, 2.61442571878433227539e-01) (0, 4.60226863622665405273e-01) (1, 5.00756919384002685547e-01) (2, 1.50000000000000000000e+03) (3, -3.86842578649520874023e-01) (4, 2.62283396720886230469e+00) (5, 3.79409360885620117188e+00) (6, 9.92120921611785888672e-01) (0, 1.08217275142669677734e+00) (1, 1.32583963871002197266e+00) (2, -2.39729309082031250000e+00) (3, 5.53612184524536132812e+00) (4, 1.67778468132019042969e+00) (5, -2.37631893157958984375e+00) (6, 6.63946032524108886719e-01) (0, 5.08064806461334228516e-01) (1, 4.28998917341232299805e-01) (2, 1.50000000000000000000e+03) (3, 2.33942210674285888672e-01) (4, 8.81009340286254882812e-01) (5, 4.40715122222900390625e+00) (6, 5.36659240722656250000e-01) (0, 1.22813738882541656494e-01) (1, 7.95019149780273437500e-01) (2, -8.24102520942687988281e-01) (3, 1.41858935356140136719e-01) (4, 7.79273927211761474609e-01) (5, -9.56518113613128662109e-01) (6, 1.76386749744415283203e+00) (0, -6.11136853694915771484e-02) (1, 2.43974551558494567871e-01) (2, 1.09968565404415130615e-01) (3, -1.24811038374900817871e-01) (4, 3.00125092267990112305e-01) (5, -2.47785061597824096680e-01) (6, -1.76123595237731933594e+00) (7, 1.13291546702384948730e-01) (8, -1.36514112353324890137e-01) (9, -5.70716485381126403809e-02) (10, -4.47706840932369232178e-02) (11, 6.24279081821441650391e-01) (12, -1.72457247972488403320e-01) (13, -1.53681963682174682617e-01) (14, -1.17690853774547576904e-01) (15, -1.09550729393959045410e-01) 
