FANN_FLO_2.1
num_layers=4
learning_rate=0.500000
connection_rate=1.000000
network_type=0
learning_momentum=0.000000
training_algorithm=2
train_error_function=1
train_stop_function=0
cascade_output_change_fraction=0.010000
quickprop_decay=-0.000100
quickprop_mu=1.750000
rprop_increase_factor=1.200000
rprop_decrease_factor=0.500000
rprop_delta_min=0.000000
rprop_delta_max=50.000000
rprop_delta_zero=0.100000
cascade_output_stagnation_epochs=12
cascade_candidate_change_fraction=0.010000
cascade_candidate_stagnation_epochs=12
cascade_max_out_epochs=150
cascade_min_out_epochs=50
cascade_max_cand_epochs=150
cascade_min_cand_epochs=50
cascade_num_candidate_groups=2
bit_fail_limit=3.49999994039535522461e-01
cascade_candidate_limit=1.00000000000000000000e+03
cascade_weight_multiplier=4.00000005960464477539e-01
cascade_activation_functions_count=10
cascade_activation_functions=3 5 7 8 10 11 14 15 16 17 
cascade_activation_steepnesses_count=4
cascade_activation_steepnesses=2.50000000000000000000e-01 5.00000000000000000000e-01 7.50000000000000000000e-01 1.00000000000000000000e+00 
layer_sizes=18 3 3 2 
scale_included=0
neurons (num_inputs, activation_function, activation_steepness)=(0, 0, 0.00000000000000000000e+00) (0, 0, 0.00000000000000000000e+00) (0, 0, 0.00000000000000000000e+00) (0, 0, 0.00000000000000000000e+00) (0, 0, 0.00000000000000000000e+00) (0, 0, 0.00000000000000000000e+00) (0, 0, 0.00000000000000000000e+00) (0, 0, 0.00000000000000000000e+00) (0, 0, 0.00000000000000000000e+00) (0, 0, 0.00000000000000000000e+00) (0, 0, 0.00000000000000000000e+00) (0, 0, 0.00000000000000000000e+00) (0, 0, 0.00000000000000000000e+00) (0, 0, 0.00000000000000000000e+00) (0, 0, 0.00000000000000000000e+00) (0, 0, 0.00000000000000000000e+00) (0, 0, 0.00000000000000000000e+00) (0, 0, 0.00000000000000000000e+00) (18, 3, 5.00000000000000000000e-01) (18, 3, 5.00000000000000000000e-01) (0, 3, 0.00000000000000000000e+00) (3, 3, 5.00000000000000000000e-01) (3, 3, 5.00000000000000000000e-01) (0, 3, 0.00000000000000000000e+00) (3, 0, 5.00000000000000000000e-01) (0, 0, 0.00000000000000000000e+00) 
connections (connected_to_neuron, weight)=(0, 1.69636368751525878906e+00) (1, 2.38357734680175781250e+00) (2, 1.21329545974731445312e+00) (3, 2.86299729347229003906e+00) (4, 5.99874305725097656250e+00) (5, -1.19271671772003173828e+00) (6, -2.27386784553527832031e+00) (7, -1.52946960926055908203e+00) (8, 8.18338513374328613281e-01) (9, 2.16426587104797363281e+00) (10, 2.84971022605895996094e+00) (11, 1.82130920886993408203e+00) (12, 1.96467792987823486328e+00) (13, 1.60947155952453613281e+00) (14, 1.72151696681976318359e+00) (15, 2.41819381713867187500e+00) (16, 1.86832606792449951172e+00) (17, -9.90025901794433593750e+00) (0, 2.73125640869140625000e+02) (1, -8.26827514648437500000e+02) (2, 4.13594207763671875000e+02) (3, -6.65800048828125000000e+02) (4, 6.56082077026367187500e+01) (5, 3.59481468200683593750e+01) (6, -8.91321166992187500000e+02) (7, 5.95185180664062500000e+02) (8, 5.85571212768554687500e+01) (9, -6.47711303710937500000e+02) (10, -6.65800048828125000000e+02) (11, -6.65800048828125000000e+02) (12, -4.68828979492187500000e+02) (13, 3.30903930664062500000e+02) (14, 6.72232971191406250000e+02) (15, 2.69324981689453125000e+02) (16, -1.25815429687500000000e+02) (17, 1.25699157714843750000e+01) (18, 8.23261352539062500000e+02) (19, 1.50000000000000000000e+03) (20, -9.37098920345306396484e-01) (18, 1.50000000000000000000e+03) (19, 1.45000000000000000000e+03) (20, -2.99202537536621093750e+00) (21, -1.28064692020416259766e-01) (22, 6.83510351181030273438e+00) (23, 9.48635816574096679688e-01) 
