FANN_FLO_2.1
num_layers=3
learning_rate=0.300000
connection_rate=1.000000
network_type=0
learning_momentum=0.000000
training_algorithm=2
train_error_function=1
train_stop_function=0
cascade_output_change_fraction=0.010000
quickprop_decay=-0.000100
quickprop_mu=1.750000
rprop_increase_factor=1.200000
rprop_decrease_factor=0.500000
rprop_delta_min=0.000000
rprop_delta_max=50.000000
rprop_delta_zero=0.100000
cascade_output_stagnation_epochs=12
cascade_candidate_change_fraction=0.010000
cascade_candidate_stagnation_epochs=12
cascade_max_out_epochs=150
cascade_min_out_epochs=50
cascade_max_cand_epochs=150
cascade_min_cand_epochs=50
cascade_num_candidate_groups=2
bit_fail_limit=3.49999994039535522461e-01
cascade_candidate_limit=1.00000000000000000000e+03
cascade_weight_multiplier=4.00000005960464477539e-01
cascade_activation_functions_count=10
cascade_activation_functions=3 5 7 8 10 11 14 15 16 17 
cascade_activation_steepnesses_count=4
cascade_activation_steepnesses=2.50000000000000000000e-01 5.00000000000000000000e-01 7.50000000000000000000e-01 1.00000000000000000000e+00 
layer_sizes=4 9 2 
scale_included=0
neurons (num_inputs, activation_function, activation_steepness)=(0, 0, 0.00000000000000000000e+00) (0, 0, 0.00000000000000000000e+00) (0, 0, 0.00000000000000000000e+00) (0, 0, 0.00000000000000000000e+00) (4, 3, 5.00000000000000000000e-01) (4, 3, 5.00000000000000000000e-01) (4, 3, 5.00000000000000000000e-01) (4, 3, 5.00000000000000000000e-01) (4, 3, 5.00000000000000000000e-01) (4, 3, 5.00000000000000000000e-01) (4, 3, 5.00000000000000000000e-01) (4, 3, 5.00000000000000000000e-01) (0, 3, 0.00000000000000000000e+00) (9, 3, 5.00000000000000000000e-01) (0, 3, 0.00000000000000000000e+00) 
connections (connected_to_neuron, weight)=(0, -1.09228976070880889893e-01) (1, 3.09288967400789260864e-02) (2, -3.21746021509170532227e-01) (3, 2.07187962532043457031e+00) (0, -5.18397033214569091797e-01) (1, 4.09883499145507812500e-01) (2, -2.39366555213928222656e+00) (3, -8.01204204559326171875e-01) (0, -2.07382068037986755371e-01) (1, 5.44726336374878883362e-03) (2, 5.60138784348964691162e-02) (3, 2.39896059036254882812e+00) (0, -6.05293571949005126953e-01) (1, 4.87102508544921875000e-01) (2, -1.99927651882171630859e+00) (3, 5.37882328033447265625e-01) (0, -7.52434670925140380859e-01) (1, 4.60572481155395507812e-01) (2, -1.03185057640075683594e+00) (3, 2.33296036720275878906e+00) (0, 6.43163800239562988281e-01) (1, -9.66207027435302734375e-01) (2, 3.55798196792602539062e+00) (3, -3.68298560380935668945e-01) (0, -3.90867948532104492188e-01) (1, 1.12813010811805725098e-01) (2, -3.38794663548469543457e-02) (3, -1.16572713851928710938e+00) (0, -7.29741990566253662109e-01) (1, 4.75537002086639404297e-01) (2, -1.07879221439361572266e+00) (3, 1.17872023582458496094e+00) (4, -4.69974136352539062500e+00) (5, -1.08773931860923767090e-01) (6, -2.36900663375854492188e+00) (7, -2.15560838580131530762e-01) (8, -1.44883513450622558594e-01) (9, 9.98570799827575683594e-01) (10, 4.81548190116882324219e-01) (11, -3.54698742739856243134e-03) (12, 7.20122516155242919922e-01) 
