FANN_FLO_2.1
num_layers=3
learning_rate=0.400000
connection_rate=1.000000
network_type=0
learning_momentum=0.000000
training_algorithm=2
train_error_function=1
train_stop_function=0
cascade_output_change_fraction=0.010000
quickprop_decay=-0.000100
quickprop_mu=1.750000
rprop_increase_factor=1.200000
rprop_decrease_factor=0.500000
rprop_delta_min=0.000000
rprop_delta_max=50.000000
rprop_delta_zero=0.100000
cascade_output_stagnation_epochs=12
cascade_candidate_change_fraction=0.010000
cascade_candidate_stagnation_epochs=12
cascade_max_out_epochs=150
cascade_min_out_epochs=50
cascade_max_cand_epochs=150
cascade_min_cand_epochs=50
cascade_num_candidate_groups=2
bit_fail_limit=3.49999994039535522461e-01
cascade_candidate_limit=1.00000000000000000000e+03
cascade_weight_multiplier=4.00000005960464477539e-01
cascade_activation_functions_count=10
cascade_activation_functions=3 5 7 8 10 11 14 15 16 17 
cascade_activation_steepnesses_count=4
cascade_activation_steepnesses=2.50000000000000000000e-01 5.00000000000000000000e-01 7.50000000000000000000e-01 1.00000000000000000000e+00 
layer_sizes=6 5 2 
scale_included=0
neurons (num_inputs, activation_function, activation_steepness)=(0, 0, 0.00000000000000000000e+00) (0, 0, 0.00000000000000000000e+00) (0, 0, 0.00000000000000000000e+00) (0, 0, 0.00000000000000000000e+00) (0, 0, 0.00000000000000000000e+00) (0, 0, 0.00000000000000000000e+00) (6, 3, 5.00000000000000000000e-01) (6, 3, 5.00000000000000000000e-01) (6, 3, 5.00000000000000000000e-01) (6, 3, 5.00000000000000000000e-01) (0, 3, 0.00000000000000000000e+00) (5, 0, 5.00000000000000000000e-01) (0, 0, 0.00000000000000000000e+00) 
connections (connected_to_neuron, weight)=(0, -1.50000000000000000000e+03) (1, -1.50000000000000000000e+03) (2, -5.59858360290527343750e+01) (3, -6.08053817749023437500e+01) (4, 2.91406345367431640625e+00) (5, 1.53698849678039550781e+00) (0, -1.50000000000000000000e+03) (1, -1.50000000000000000000e+03) (2, -3.11669826507568359375e+01) (3, -2.33636093139648437500e+01) (4, 9.89730453491210937500e+00) (5, 1.72629415988922119141e+00) (0, -1.50000000000000000000e+03) (1, -1.50000000000000000000e+03) (2, -3.11038742065429687500e+01) (3, -2.30605602264404296875e+01) (4, 9.88347148895263671875e+00) (5, 1.79678380489349365234e+00) (0, -1.50000000000000000000e+03) (1, -7.14248991012573242188e+00) (2, 3.12657505273818969727e-01) (3, -1.54934918880462646484e+00) (4, 1.18772780895233154297e+00) (5, -7.68771767616271972656e-02) (6, 1.11459007263183593750e+02) (7, 1.19063014984130859375e+01) (8, 5.20519399642944335938e+00) (9, 4.90730857849121093750e+00) (10, 7.69211173057556152344e-01) 
