FANN_FLO_2.1
num_layers=3
learning_rate=0.400000
connection_rate=1.000000
network_type=0
learning_momentum=0.000000
training_algorithm=2
train_error_function=1
train_stop_function=0
cascade_output_change_fraction=0.010000
quickprop_decay=-0.000100
quickprop_mu=1.750000
rprop_increase_factor=1.200000
rprop_decrease_factor=0.500000
rprop_delta_min=0.000000
rprop_delta_max=50.000000
rprop_delta_zero=0.100000
cascade_output_stagnation_epochs=12
cascade_candidate_change_fraction=0.010000
cascade_candidate_stagnation_epochs=12
cascade_max_out_epochs=150
cascade_min_out_epochs=50
cascade_max_cand_epochs=150
cascade_min_cand_epochs=50
cascade_num_candidate_groups=2
bit_fail_limit=3.49999994039535522461e-01
cascade_candidate_limit=1.00000000000000000000e+03
cascade_weight_multiplier=4.00000005960464477539e-01
cascade_activation_functions_count=10
cascade_activation_functions=3 5 7 8 10 11 14 15 16 17 
cascade_activation_steepnesses_count=4
cascade_activation_steepnesses=2.50000000000000000000e-01 5.00000000000000000000e-01 7.50000000000000000000e-01 1.00000000000000000000e+00 
layer_sizes=6 5 2 
scale_included=0
neurons (num_inputs, activation_function, activation_steepness)=(0, 0, 0.00000000000000000000e+00) (0, 0, 0.00000000000000000000e+00) (0, 0, 0.00000000000000000000e+00) (0, 0, 0.00000000000000000000e+00) (0, 0, 0.00000000000000000000e+00) (0, 0, 0.00000000000000000000e+00) (6, 3, 5.00000000000000000000e-01) (6, 3, 5.00000000000000000000e-01) (6, 3, 5.00000000000000000000e-01) (6, 3, 5.00000000000000000000e-01) (0, 3, 0.00000000000000000000e+00) (5, 0, 5.00000000000000000000e-01) (0, 0, 0.00000000000000000000e+00) 
connections (connected_to_neuron, weight)=(0, -1.50000000000000000000e+03) (1, -6.58643005371093750000e+02) (2, 1.41406745910644531250e+01) (3, -4.82149543762207031250e+01) (4, -3.80284767150878906250e+01) (5, -4.38812828063964843750e+00) (0, -1.50000000000000000000e+03) (1, -4.58355903625488281250e+00) (2, -4.46075737476348876953e-01) (3, -5.79877853393554687500e-01) (4, 1.12463019788265228271e-01) (5, 2.16783612966537475586e-01) (0, -1.50000000000000000000e+03) (1, -1.08585375976562500000e+03) (2, 4.94044923782348632812e+00) (3, -2.91704292297363281250e+01) (4, -3.82555150985717773438e+00) (5, -2.08289921283721923828e-01) (0, -1.50000000000000000000e+03) (1, -5.51792236328125000000e+02) (2, 4.07787208557128906250e+01) (3, -5.98730224609375000000e+02) (4, -1.01347055435180664062e+01) (5, 4.67886304855346679688e+00) (6, 1.18455688476562500000e+03) (7, 5.25240802764892578125e+00) (8, 1.50000000000000000000e+03) (9, 4.15955692529678344727e-01) (10, 6.87371671199798583984e-01) 
