FANN_FLO_2.1
num_layers=3
learning_rate=0.500000
connection_rate=1.000000
network_type=0
learning_momentum=0.000000
training_algorithm=2
train_error_function=1
train_stop_function=0
cascade_output_change_fraction=0.010000
quickprop_decay=-0.000100
quickprop_mu=1.750000
rprop_increase_factor=1.200000
rprop_decrease_factor=0.500000
rprop_delta_min=0.000000
rprop_delta_max=50.000000
rprop_delta_zero=0.100000
cascade_output_stagnation_epochs=12
cascade_candidate_change_fraction=0.010000
cascade_candidate_stagnation_epochs=12
cascade_max_out_epochs=150
cascade_min_out_epochs=50
cascade_max_cand_epochs=150
cascade_min_cand_epochs=50
cascade_num_candidate_groups=2
bit_fail_limit=3.49999994039535522461e-01
cascade_candidate_limit=1.00000000000000000000e+03
cascade_weight_multiplier=4.00000005960464477539e-01
cascade_activation_functions_count=10
cascade_activation_functions=3 5 7 8 10 11 14 15 16 17 
cascade_activation_steepnesses_count=4
cascade_activation_steepnesses=2.50000000000000000000e-01 5.00000000000000000000e-01 7.50000000000000000000e-01 1.00000000000000000000e+00 
layer_sizes=3 9 4 
scale_included=0
neurons (num_inputs, activation_function, activation_steepness)=(0, 0, 0.00000000000000000000e+00) (0, 0, 0.00000000000000000000e+00) (0, 0, 0.00000000000000000000e+00) (3, 3, 5.00000000000000000000e-01) (3, 3, 5.00000000000000000000e-01) (3, 3, 5.00000000000000000000e-01) (3, 3, 5.00000000000000000000e-01) (3, 3, 5.00000000000000000000e-01) (3, 3, 5.00000000000000000000e-01) (3, 3, 5.00000000000000000000e-01) (3, 3, 5.00000000000000000000e-01) (0, 3, 0.00000000000000000000e+00) (9, 0, 5.00000000000000000000e-01) (9, 0, 5.00000000000000000000e-01) (9, 0, 5.00000000000000000000e-01) (0, 0, 0.00000000000000000000e+00) 
connections (connected_to_neuron, weight)=(0, -2.62975406646728515625e+00) (1, -1.58351516723632812500e+00) (2, 7.94695258140563964844e-01) (0, -6.73360538482666015625e+00) (1, 3.91949391365051269531e+00) (2, 3.82470393180847167969e+00) (0, -5.61969900131225585938e+00) (1, 6.88236415386199951172e-01) (2, -3.31443101167678833008e-01) (0, -5.58659887313842773438e+00) (1, 1.84920156002044677734e+00) (2, 2.16495442390441894531e+00) (0, -5.05549621582031250000e+00) (1, 6.56330680847167968750e+00) (2, 4.51762628555297851562e+00) (0, -2.48472046852111816406e+00) (1, -4.49158191680908203125e+00) (2, 5.19618391990661621094e-01) (0, -3.95837950706481933594e+00) (1, 1.40616929531097412109e+00) (2, 9.13483047485351562500e+00) (0, -5.65765142440795898438e+00) (1, 4.91674995422363281250e+00) (2, 4.33900451660156250000e+00) (3, 2.18405270576477050781e+00) (4, 1.08769893646240234375e+00) (5, 2.47065973281860351562e+00) (6, 5.51261305809020996094e-01) (7, 7.05671906471252441406e-01) (8, 2.25902175903320312500e+00) (9, 4.30342823266983032227e-01) (10, 8.36872935295104980469e-01) (11, 4.93046969175338745117e-01) (3, 7.07183742523193359375e+00) (4, 2.74476265907287597656e+00) (5, 4.88787746429443359375e+00) (6, 3.50546288490295410156e+00) (7, 2.59494376182556152344e+00) (8, 6.00883102416992187500e+00) (9, 2.08929967880249023438e+00) (10, 2.80576443672180175781e+00) (11, 2.00305318832397460938e+00) (3, 2.34216556549072265625e+01) (4, 8.43825244903564453125e+00) (5, 1.43166303634643554688e+01) (6, 1.16649379730224609375e+01) (7, 9.19447898864746093750e+00) (8, 1.93485126495361328125e+01) (9, 9.13069534301757812500e+00) (10, 8.46340847015380859375e+00) (11, 9.09170150756835937500e+00) 
