FANN_FLO_2.1
num_layers=3
learning_rate=0.500000
connection_rate=1.000000
network_type=0
learning_momentum=0.000000
training_algorithm=2
train_error_function=1
train_stop_function=0
cascade_output_change_fraction=0.010000
quickprop_decay=-0.000100
quickprop_mu=1.750000
rprop_increase_factor=1.200000
rprop_decrease_factor=0.500000
rprop_delta_min=0.000000
rprop_delta_max=50.000000
rprop_delta_zero=0.100000
cascade_output_stagnation_epochs=12
cascade_candidate_change_fraction=0.010000
cascade_candidate_stagnation_epochs=12
cascade_max_out_epochs=150
cascade_min_out_epochs=50
cascade_max_cand_epochs=150
cascade_min_cand_epochs=50
cascade_num_candidate_groups=2
bit_fail_limit=3.49999994039535522461e-01
cascade_candidate_limit=1.00000000000000000000e+03
cascade_weight_multiplier=4.00000005960464477539e-01
cascade_activation_functions_count=10
cascade_activation_functions=3 5 7 8 10 11 14 15 16 17 
cascade_activation_steepnesses_count=4
cascade_activation_steepnesses=2.50000000000000000000e-01 5.00000000000000000000e-01 7.50000000000000000000e-01 1.00000000000000000000e+00 
layer_sizes=18 3 2 
scale_included=0
neurons (num_inputs, activation_function, activation_steepness)=(0, 0, 0.00000000000000000000e+00) (0, 0, 0.00000000000000000000e+00) (0, 0, 0.00000000000000000000e+00) (0, 0, 0.00000000000000000000e+00) (0, 0, 0.00000000000000000000e+00) (0, 0, 0.00000000000000000000e+00) (0, 0, 0.00000000000000000000e+00) (0, 0, 0.00000000000000000000e+00) (0, 0, 0.00000000000000000000e+00) (0, 0, 0.00000000000000000000e+00) (0, 0, 0.00000000000000000000e+00) (0, 0, 0.00000000000000000000e+00) (0, 0, 0.00000000000000000000e+00) (0, 0, 0.00000000000000000000e+00) (0, 0, 0.00000000000000000000e+00) (0, 0, 0.00000000000000000000e+00) (0, 0, 0.00000000000000000000e+00) (0, 0, 0.00000000000000000000e+00) (18, 3, 5.00000000000000000000e-01) (18, 3, 5.00000000000000000000e-01) (0, 3, 0.00000000000000000000e+00) (3, 0, 5.00000000000000000000e-01) (0, 0, 0.00000000000000000000e+00) 
connections (connected_to_neuron, weight)=(0, 1.07981431484222412109e+00) (1, 1.50757193565368652344e+00) (2, 1.27773725986480712891e+00) (3, 1.31571209430694580078e+00) (4, 1.31656694412231445312e+00) (5, -1.46166145801544189453e+00) (6, -1.27299344539642333984e+00) (7, -1.60448670387268066406e+00) (8, 3.95689904689788818359e-01) (9, 1.16266095638275146484e+00) (10, 1.32316768169403076172e+00) (11, 1.18985819816589355469e+00) (12, 1.18161523342132568359e+00) (13, 1.11797428131103515625e+00) (14, 1.59845292568206787109e+00) (15, 1.20737457275390625000e+00) (16, 1.26408386230468750000e+00) (17, -5.36075305938720703125e+00) (0, 1.50000000000000000000e+03) (1, 1.50000000000000000000e+03) (2, 1.50000000000000000000e+03) (3, 1.50000000000000000000e+03) (4, 1.50000000000000000000e+03) (5, 1.50000000000000000000e+03) (6, -6.61561298370361328125e+00) (7, -6.09998054504394531250e+01) (8, 1.74702606201171875000e+01) (9, 1.50000000000000000000e+03) (10, 1.01696136474609375000e+03) (11, 8.52771606445312500000e+01) (12, 1.83403884887695312500e+02) (13, 1.50000000000000000000e+03) (14, 1.49669445800781250000e+03) (15, 1.50000000000000000000e+03) (16, 1.50000000000000000000e+03) (17, -9.75682544708251953125e+00) (18, 8.36061191558837890625e+00) (19, 2.33284401893615722656e+00) (20, 1.99382770061492919922e+00) 
