FANN_FLO_2.1
num_layers=4
learning_rate=0.300000
connection_rate=1.000000
network_type=0
learning_momentum=0.000000
training_algorithm=2
train_error_function=1
train_stop_function=0
cascade_output_change_fraction=0.010000
quickprop_decay=-0.000100
quickprop_mu=1.750000
rprop_increase_factor=1.200000
rprop_decrease_factor=0.500000
rprop_delta_min=0.000000
rprop_delta_max=50.000000
rprop_delta_zero=0.100000
cascade_output_stagnation_epochs=12
cascade_candidate_change_fraction=0.010000
cascade_candidate_stagnation_epochs=12
cascade_max_out_epochs=150
cascade_min_out_epochs=50
cascade_max_cand_epochs=150
cascade_min_cand_epochs=50
cascade_num_candidate_groups=2
bit_fail_limit=3.49999994039535522461e-01
cascade_candidate_limit=1.00000000000000000000e+03
cascade_weight_multiplier=4.00000005960464477539e-01
cascade_activation_functions_count=10
cascade_activation_functions=3 5 7 8 10 11 14 15 16 17 
cascade_activation_steepnesses_count=4
cascade_activation_steepnesses=2.50000000000000000000e-01 5.00000000000000000000e-01 7.50000000000000000000e-01 1.00000000000000000000e+00 
layer_sizes=2 5 3 3 
scale_included=0
neurons (num_inputs, activation_function, activation_steepness)=(0, 0, 0.00000000000000000000e+00) (0, 0, 0.00000000000000000000e+00) (2, 3, 5.00000000000000000000e-01) (2, 3, 5.00000000000000000000e-01) (2, 3, 5.00000000000000000000e-01) (2, 3, 5.00000000000000000000e-01) (0, 3, 0.00000000000000000000e+00) (5, 3, 5.00000000000000000000e-01) (5, 3, 5.00000000000000000000e-01) (0, 3, 0.00000000000000000000e+00) (3, 0, 5.00000000000000000000e-01) (3, 0, 5.00000000000000000000e-01) (0, 0, 0.00000000000000000000e+00) 
connections (connected_to_neuron, weight)=(0, -1.50000000000000000000e+03) (1, -1.41618001461029052734e+00) (0, -1.50000000000000000000e+03) (1, -1.35541009902954101562e+00) (0, -1.50000000000000000000e+03) (1, -2.26597714424133300781e+00) (0, -1.50000000000000000000e+03) (1, -2.24243974685668945312e+00) (2, 8.01403284072875976562e-01) (3, 1.04082727432250976562e+00) (4, 1.25556147098541259766e+00) (5, 1.35430216789245605469e+00) (6, -2.56762742996215820312e+00) (2, 5.31767368316650390625e-01) (3, 5.61865925788879394531e-01) (4, 6.03586971759796142578e-01) (5, 5.78314602375030517578e-01) (6, 7.40157067775726318359e-01) (7, 1.59492254257202148438e-01) (8, -3.75207178294658660889e-02) (9, -1.01188287138938903809e-01) (7, -7.98181474208831787109e-01) (8, -7.90145456790924072266e-01) (9, -5.72526752948760986328e-01) 
