FANN_FLO_2.1
num_layers=4
learning_rate=0.450000
connection_rate=1.000000
network_type=0
learning_momentum=0.000000
training_algorithm=2
train_error_function=1
train_stop_function=0
cascade_output_change_fraction=0.010000
quickprop_decay=-0.000100
quickprop_mu=1.750000
rprop_increase_factor=1.200000
rprop_decrease_factor=0.500000
rprop_delta_min=0.000000
rprop_delta_max=50.000000
rprop_delta_zero=0.100000
cascade_output_stagnation_epochs=12
cascade_candidate_change_fraction=0.010000
cascade_candidate_stagnation_epochs=12
cascade_max_out_epochs=150
cascade_min_out_epochs=50
cascade_max_cand_epochs=150
cascade_min_cand_epochs=50
cascade_num_candidate_groups=2
bit_fail_limit=3.49999994039535522461e-01
cascade_candidate_limit=1.00000000000000000000e+03
cascade_weight_multiplier=4.00000005960464477539e-01
cascade_activation_functions_count=10
cascade_activation_functions=3 5 7 8 10 11 14 15 16 17 
cascade_activation_steepnesses_count=4
cascade_activation_steepnesses=2.50000000000000000000e-01 5.00000000000000000000e-01 7.50000000000000000000e-01 1.00000000000000000000e+00 
layer_sizes=7 5 3 2 
scale_included=0
neurons (num_inputs, activation_function, activation_steepness)=(0, 0, 0.00000000000000000000e+00) (0, 0, 0.00000000000000000000e+00) (0, 0, 0.00000000000000000000e+00) (0, 0, 0.00000000000000000000e+00) (0, 0, 0.00000000000000000000e+00) (0, 0, 0.00000000000000000000e+00) (0, 0, 0.00000000000000000000e+00) (7, 3, 5.00000000000000000000e-01) (7, 3, 5.00000000000000000000e-01) (7, 3, 5.00000000000000000000e-01) (7, 3, 5.00000000000000000000e-01) (0, 3, 0.00000000000000000000e+00) (5, 3, 5.00000000000000000000e-01) (5, 3, 5.00000000000000000000e-01) (0, 3, 0.00000000000000000000e+00) (3, 0, 5.00000000000000000000e-01) (0, 0, 0.00000000000000000000e+00) 
connections (connected_to_neuron, weight)=(0, -2.41036367416381835938e+00) (1, -2.09592697143554687500e+02) (2, 2.08582702636718750000e+02) (3, 1.95895326137542724609e+00) (4, -6.10075771808624267578e-01) (5, -1.53688720703125000000e+02) (6, -2.54043014526367187500e+02) (0, -2.88655519485473632812e+00) (1, -1.81305035948753356934e-01) (2, -1.22189697265625000000e+02) (3, -4.88818645477294921875e+00) (4, 4.87413048744201660156e-01) (5, 5.40648555755615234375e+00) (6, 2.30083703994750976562e+00) (0, -2.02801628112792968750e+01) (1, 1.29019275307655334473e-01) (2, 2.86594238281250000000e+01) (3, -8.89586791992187500000e+01) (4, -1.67477488517761230469e+00) (5, 6.55548248291015625000e+01) (6, 4.43457990884780883789e-01) (0, -9.58441448211669921875e+00) (1, 9.07078323364257812500e+01) (2, -1.37012011718750000000e+03) (3, -3.80172996520996093750e+01) (4, -6.18083178997039794922e-01) (5, -1.49653259277343750000e+03) (6, 4.97771650552749633789e-01) (7, -4.15999755859375000000e+01) (8, 3.36037178039550781250e+01) (9, 3.93865661621093750000e+01) (10, 2.87386474609375000000e+01) (11, -9.36828613281250000000e+00) (7, 1.50000000000000000000e+03) (8, 1.48400354003906250000e+03) (9, 1.48020886230468750000e+03) (10, -1.07386474609375000000e+01) (11, -2.12538123130798339844e-01) (12, 2.21442825317382812500e+02) (13, -1.19618162512779235840e-01) (14, 5.92096783220767974854e-02) 
