FANN_FLO_2.1
num_layers=3
learning_rate=0.500000
connection_rate=1.000000
network_type=0
learning_momentum=0.000000
training_algorithm=2
train_error_function=1
train_stop_function=0
cascade_output_change_fraction=0.010000
quickprop_decay=-0.000100
quickprop_mu=1.750000
rprop_increase_factor=1.200000
rprop_decrease_factor=0.500000
rprop_delta_min=0.000000
rprop_delta_max=50.000000
rprop_delta_zero=0.100000
cascade_output_stagnation_epochs=12
cascade_candidate_change_fraction=0.010000
cascade_candidate_stagnation_epochs=12
cascade_max_out_epochs=150
cascade_min_out_epochs=50
cascade_max_cand_epochs=150
cascade_min_cand_epochs=50
cascade_num_candidate_groups=2
bit_fail_limit=3.49999994039535522461e-01
cascade_candidate_limit=1.00000000000000000000e+03
cascade_weight_multiplier=4.00000005960464477539e-01
cascade_activation_functions_count=10
cascade_activation_functions=3 5 7 8 10 11 14 15 16 17 
cascade_activation_steepnesses_count=4
cascade_activation_steepnesses=2.50000000000000000000e-01 5.00000000000000000000e-01 7.50000000000000000000e-01 1.00000000000000000000e+00 
layer_sizes=7 5 2 
scale_included=0
neurons (num_inputs, activation_function, activation_steepness)=(0, 0, 0.00000000000000000000e+00) (0, 0, 0.00000000000000000000e+00) (0, 0, 0.00000000000000000000e+00) (0, 0, 0.00000000000000000000e+00) (0, 0, 0.00000000000000000000e+00) (0, 0, 0.00000000000000000000e+00) (0, 0, 0.00000000000000000000e+00) (7, 3, 5.00000000000000000000e-01) (7, 3, 5.00000000000000000000e-01) (7, 3, 5.00000000000000000000e-01) (7, 3, 5.00000000000000000000e-01) (0, 3, 0.00000000000000000000e+00) (5, 0, 5.00000000000000000000e-01) (0, 0, 0.00000000000000000000e+00) 
connections (connected_to_neuron, weight)=(0, 3.33845674991607666016e-01) (1, 6.43351614475250244141e-01) (2, -4.70046073198318481445e-01) (3, 1.80227383971214294434e-02) (4, 5.17460942268371582031e-01) (5, -9.80402708053588867188e-01) (6, 1.81389808654785156250e-01) (0, -1.53237387537956237793e-01) (1, -9.47140276432037353516e-01) (2, -6.32182717323303222656e-01) (3, -4.02947813272476196289e-01) (4, 2.67392396926879882812e-01) (5, 1.59995675086975097656e+00) (6, -4.49779605865478515625e+00) (0, -4.53751373291015625000e+00) (1, 2.51486450433731079102e-01) (2, -9.82137298583984375000e+00) (3, -1.74016249179840087891e+00) (4, 7.60655136108398437500e+01) (5, 3.05918669700622558594e+00) (6, -3.72289276123046875000e+00) (0, -4.52687501907348632812e-01) (1, -3.43005061149597167969e-02) (2, 1.38384282588958740234e+00) (3, -2.89888411760330200195e-01) (4, 2.91215062141418457031e-01) (5, -6.59752309322357177734e-01) (6, -2.35297381877899169922e-01) (7, -2.02210605144500732422e-01) (8, -2.00845748186111450195e-01) (9, -8.99398848414421081543e-02) (10, -3.18594761192798614502e-02) (11, 3.10319811105728149414e-01) 
