FANN_FLO_2.1
num_layers=4
learning_rate=0.450000
connection_rate=1.000000
network_type=0
learning_momentum=0.000000
training_algorithm=2
train_error_function=1
train_stop_function=0
cascade_output_change_fraction=0.010000
quickprop_decay=-0.000100
quickprop_mu=1.750000
rprop_increase_factor=1.200000
rprop_decrease_factor=0.500000
rprop_delta_min=0.000000
rprop_delta_max=50.000000
rprop_delta_zero=0.100000
cascade_output_stagnation_epochs=12
cascade_candidate_change_fraction=0.010000
cascade_candidate_stagnation_epochs=12
cascade_max_out_epochs=150
cascade_min_out_epochs=50
cascade_max_cand_epochs=150
cascade_min_cand_epochs=50
cascade_num_candidate_groups=2
bit_fail_limit=3.49999994039535522461e-01
cascade_candidate_limit=1.00000000000000000000e+03
cascade_weight_multiplier=4.00000005960464477539e-01
cascade_activation_functions_count=10
cascade_activation_functions=3 5 7 8 10 11 14 15 16 17 
cascade_activation_steepnesses_count=4
cascade_activation_steepnesses=2.50000000000000000000e-01 5.00000000000000000000e-01 7.50000000000000000000e-01 1.00000000000000000000e+00 
layer_sizes=7 5 3 2 
scale_included=0
neurons (num_inputs, activation_function, activation_steepness)=(0, 0, 0.00000000000000000000e+00) (0, 0, 0.00000000000000000000e+00) (0, 0, 0.00000000000000000000e+00) (0, 0, 0.00000000000000000000e+00) (0, 0, 0.00000000000000000000e+00) (0, 0, 0.00000000000000000000e+00) (0, 0, 0.00000000000000000000e+00) (7, 3, 5.00000000000000000000e-01) (7, 3, 5.00000000000000000000e-01) (7, 3, 5.00000000000000000000e-01) (7, 3, 5.00000000000000000000e-01) (0, 3, 0.00000000000000000000e+00) (5, 3, 5.00000000000000000000e-01) (5, 3, 5.00000000000000000000e-01) (0, 3, 0.00000000000000000000e+00) (3, 0, 5.00000000000000000000e-01) (0, 0, 0.00000000000000000000e+00) 
connections (connected_to_neuron, weight)=(0, -8.46015959978103637695e-02) (1, 2.23007798194885253906e+00) (2, 4.13231194019317626953e-01) (3, -2.96107888221740722656e-01) (4, 5.40019810199737548828e-01) (5, 1.64109006524085998535e-01) (6, 1.24993860721588134766e-01) (0, 1.55970072373747825623e-02) (1, -2.43050187826156616211e-01) (2, 2.89286792278289794922e-01) (3, -1.22282594442367553711e-01) (4, 9.15475785732269287109e-01) (5, 1.28853498026728630066e-02) (6, 7.77026832103729248047e-01) (0, 8.62094387412071228027e-02) (1, -3.24093520641326904297e-01) (2, 3.84774476289749145508e-01) (3, -2.24985107779502868652e-01) (4, 1.25033760070800781250e+00) (5, -2.36484423279762268066e-01) (6, 1.10487508773803710938e+00) (0, 7.30133724212646484375e+00) (1, 1.47172927856445312500e+00) (2, 6.86100816726684570312e+00) (3, 2.89243435859680175781e+00) (4, -1.14480834960937500000e+02) (5, 3.45580029487609863281e+00) (6, 4.21510267257690429688e+00) (7, 7.95363378524780273438e+00) (8, -1.42227780818939208984e+00) (9, -2.31192022562026977539e-01) (10, 1.50000000000000000000e+03) (11, -1.23736548423767089844e+00) (7, -4.03823614120483398438e+00) (8, -6.04280114173889160156e-01) (9, -1.86511540412902832031e+00) (10, 1.09063385009765625000e+02) (11, 1.53063929080963134766e+00) (12, -1.15012638270854949951e-01) (13, 9.83596515655517578125e+00) (14, 5.45108094811439514160e-02) 
