FANN_FLO_2.1
num_layers=4
learning_rate=0.450000
connection_rate=1.000000
network_type=0
learning_momentum=0.000000
training_algorithm=2
train_error_function=1
train_stop_function=0
cascade_output_change_fraction=0.010000
quickprop_decay=-0.000100
quickprop_mu=1.750000
rprop_increase_factor=1.200000
rprop_decrease_factor=0.500000
rprop_delta_min=0.000000
rprop_delta_max=50.000000
rprop_delta_zero=0.100000
cascade_output_stagnation_epochs=12
cascade_candidate_change_fraction=0.010000
cascade_candidate_stagnation_epochs=12
cascade_max_out_epochs=150
cascade_min_out_epochs=50
cascade_max_cand_epochs=150
cascade_min_cand_epochs=50
cascade_num_candidate_groups=2
bit_fail_limit=3.49999994039535522461e-01
cascade_candidate_limit=1.00000000000000000000e+03
cascade_weight_multiplier=4.00000005960464477539e-01
cascade_activation_functions_count=10
cascade_activation_functions=3 5 7 8 10 11 14 15 16 17 
cascade_activation_steepnesses_count=4
cascade_activation_steepnesses=2.50000000000000000000e-01 5.00000000000000000000e-01 7.50000000000000000000e-01 1.00000000000000000000e+00 
layer_sizes=7 5 3 2 
scale_included=0
neurons (num_inputs, activation_function, activation_steepness)=(0, 0, 0.00000000000000000000e+00) (0, 0, 0.00000000000000000000e+00) (0, 0, 0.00000000000000000000e+00) (0, 0, 0.00000000000000000000e+00) (0, 0, 0.00000000000000000000e+00) (0, 0, 0.00000000000000000000e+00) (0, 0, 0.00000000000000000000e+00) (7, 3, 5.00000000000000000000e-01) (7, 3, 5.00000000000000000000e-01) (7, 3, 5.00000000000000000000e-01) (7, 3, 5.00000000000000000000e-01) (0, 3, 0.00000000000000000000e+00) (5, 3, 5.00000000000000000000e-01) (5, 3, 5.00000000000000000000e-01) (0, 3, 0.00000000000000000000e+00) (3, 0, 5.00000000000000000000e-01) (0, 0, 0.00000000000000000000e+00) 
connections (connected_to_neuron, weight)=(0, -1.14490771293640136719e+00) (1, 3.90603899955749511719e+00) (2, -7.96953773498535156250e+00) (3, -7.75935232639312744141e-01) (4, 1.55138301849365234375e+01) (5, -7.41172122955322265625e+00) (6, 1.50820560455322265625e+01) (0, -5.86602747440338134766e-01) (1, 1.02724552154541015625e+00) (2, -3.94424128532409667969e+00) (3, -4.77413207292556762695e-01) (4, 6.61549520492553710938e+00) (5, -1.62171912193298339844e+00) (6, 6.96934127807617187500e+00) (0, -3.36997717618942260742e-01) (1, 8.94825756549835205078e-01) (2, -3.36888933181762695312e+00) (3, -5.10982990264892578125e-01) (4, 6.37803363800048828125e+00) (5, -2.58947014808654785156e+00) (6, 2.57642936706542968750e+00) (0, 4.45989685058593750000e+02) (1, 1.17709035873413085938e+01) (2, 1.50000000000000000000e+03) (3, 7.70620422363281250000e+02) (4, 1.49755712890625000000e+03) (5, 1.50000000000000000000e+03) (6, 9.45316791534423828125e+00) (7, -4.77537202835083007812e+00) (8, 6.89349555969238281250e+00) (9, -1.57459473609924316406e+00) (10, -2.39659738540649414062e+00) (11, -2.11793351173400878906e+00) (7, -1.62670302391052246094e+00) (8, 2.99674177169799804688e+00) (9, -9.39853549003601074219e-01) (10, -2.10367590188980102539e-01) (11, -5.39657592773437500000e-01) (12, 5.47517299652099609375e+00) (13, -3.79463374614715576172e-01) (14, 6.82036727666854858398e-02) 
