FANN_FLO_2.1
num_layers=3
learning_rate=0.500000
connection_rate=1.000000
network_type=0
learning_momentum=0.000000
training_algorithm=2
train_error_function=1
train_stop_function=0
cascade_output_change_fraction=0.010000
quickprop_decay=-0.000100
quickprop_mu=1.750000
rprop_increase_factor=1.200000
rprop_decrease_factor=0.500000
rprop_delta_min=0.000000
rprop_delta_max=50.000000
rprop_delta_zero=0.100000
cascade_output_stagnation_epochs=12
cascade_candidate_change_fraction=0.010000
cascade_candidate_stagnation_epochs=12
cascade_max_out_epochs=150
cascade_min_out_epochs=50
cascade_max_cand_epochs=150
cascade_min_cand_epochs=50
cascade_num_candidate_groups=2
bit_fail_limit=3.49999994039535522461e-01
cascade_candidate_limit=1.00000000000000000000e+03
cascade_weight_multiplier=4.00000005960464477539e-01
cascade_activation_functions_count=10
cascade_activation_functions=3 5 7 8 10 11 14 15 16 17 
cascade_activation_steepnesses_count=4
cascade_activation_steepnesses=2.50000000000000000000e-01 5.00000000000000000000e-01 7.50000000000000000000e-01 1.00000000000000000000e+00 
layer_sizes=10 3 2 
scale_included=0
neurons (num_inputs, activation_function, activation_steepness)=(0, 0, 0.00000000000000000000e+00) (0, 0, 0.00000000000000000000e+00) (0, 0, 0.00000000000000000000e+00) (0, 0, 0.00000000000000000000e+00) (0, 0, 0.00000000000000000000e+00) (0, 0, 0.00000000000000000000e+00) (0, 0, 0.00000000000000000000e+00) (0, 0, 0.00000000000000000000e+00) (0, 0, 0.00000000000000000000e+00) (0, 0, 0.00000000000000000000e+00) (10, 3, 5.00000000000000000000e-01) (10, 3, 5.00000000000000000000e-01) (0, 3, 0.00000000000000000000e+00) (3, 3, 5.00000000000000000000e-01) (0, 3, 0.00000000000000000000e+00) 
connections (connected_to_neuron, weight)=(0, -3.82740437984466552734e-01) (1, -3.29929739236831665039e-01) (2, -2.44173109531402587891e-01) (3, -2.58387267589569091797e-01) (4, -3.08190554380416870117e-01) (5, -2.71896094083786010742e-01) (6, -2.45677471160888671875e-01) (7, -3.10657709836959838867e-01) (8, -3.50795000791549682617e-01) (9, 5.46506702899932861328e-01) (0, -6.46764338016510009766e-02) (1, 1.50684699416160583496e-01) (2, 4.33308809995651245117e-01) (3, 4.43232208490371704102e-01) (4, 2.72216230630874633789e-01) (5, 4.19737607240676879883e-01) (6, 5.21453678607940673828e-01) (7, 2.16338440775871276855e-01) (8, 4.27355356514453887939e-02) (9, 1.85647770762443542480e-01) (10, -5.69452810287475585938e+00) (11, 1.94914972782135009766e+00) (12, 2.07308337092399597168e-01) 
