FANN_FLO_2.1
num_layers=3
learning_rate=0.500000
connection_rate=1.000000
network_type=0
learning_momentum=0.000000
training_algorithm=2
train_error_function=1
train_stop_function=0
cascade_output_change_fraction=0.010000
quickprop_decay=-0.000100
quickprop_mu=1.750000
rprop_increase_factor=1.200000
rprop_decrease_factor=0.500000
rprop_delta_min=0.000000
rprop_delta_max=50.000000
rprop_delta_zero=0.100000
cascade_output_stagnation_epochs=12
cascade_candidate_change_fraction=0.010000
cascade_candidate_stagnation_epochs=12
cascade_max_out_epochs=150
cascade_min_out_epochs=50
cascade_max_cand_epochs=150
cascade_min_cand_epochs=50
cascade_num_candidate_groups=2
bit_fail_limit=3.49999994039535522461e-01
cascade_candidate_limit=1.00000000000000000000e+03
cascade_weight_multiplier=4.00000005960464477539e-01
cascade_activation_functions_count=10
cascade_activation_functions=3 5 7 8 10 11 14 15 16 17 
cascade_activation_steepnesses_count=4
cascade_activation_steepnesses=2.50000000000000000000e-01 5.00000000000000000000e-01 7.50000000000000000000e-01 1.00000000000000000000e+00 
layer_sizes=10 5 2 
scale_included=0
neurons (num_inputs, activation_function, activation_steepness)=(0, 0, 0.00000000000000000000e+00) (0, 0, 0.00000000000000000000e+00) (0, 0, 0.00000000000000000000e+00) (0, 0, 0.00000000000000000000e+00) (0, 0, 0.00000000000000000000e+00) (0, 0, 0.00000000000000000000e+00) (0, 0, 0.00000000000000000000e+00) (0, 0, 0.00000000000000000000e+00) (0, 0, 0.00000000000000000000e+00) (0, 0, 0.00000000000000000000e+00) (10, 3, 5.00000000000000000000e-01) (10, 3, 5.00000000000000000000e-01) (10, 3, 5.00000000000000000000e-01) (10, 3, 5.00000000000000000000e-01) (0, 3, 0.00000000000000000000e+00) (5, 3, 5.00000000000000000000e-01) (0, 3, 0.00000000000000000000e+00) 
connections (connected_to_neuron, weight)=(0, 3.68014723062515258789e-01) (1, 3.16021561622619628906e-01) (2, 2.65880674123764038086e-01) (3, 6.14641726016998291016e-01) (4, 6.29346311092376708984e-01) (5, 4.03032571077346801758e-01) (6, 3.11502069234848022461e-01) (7, 3.76084119081497192383e-01) (8, 2.93285012245178222656e-01) (9, -1.48715317249298095703e+00) (0, 2.59047821164131164551e-02) (1, -2.97952741384506225586e-01) (2, -2.03719973564147949219e-01) (3, -3.15428450703620910645e-02) (4, -1.99331891536712646484e+00) (5, -4.66730957850813865662e-03) (6, -1.52247980237007141113e-01) (7, -2.01100155711174011230e-01) (8, 3.81900407373905181885e-02) (9, 8.21067452430725097656e-01) (0, -4.81683790683746337891e-01) (1, -4.88947838544845581055e-01) (2, -4.68675106763839721680e-01) (3, -3.68728935718536376953e-01) (4, 5.06140328943729400635e-02) (5, -5.10923147201538085938e-01) (6, -4.66248661279678344727e-01) (7, -4.73254054784774780273e-01) (8, -5.39227485656738281250e-01) (9, 1.13501203060150146484e+00) (0, -3.98458747863769531250e+01) (1, -3.98586921691894531250e+01) (2, 6.41601333618164062500e+01) (3, 3.56037282943725585938e+00) (4, 3.17365112304687500000e+01) (5, -4.08697776794433593750e+01) (6, 6.06392402648925781250e+01) (7, -3.99088134765625000000e+01) (8, -3.84269256591796875000e+01) (9, -2.02014541625976562500e+00) (10, 1.52772068977355957031e+00) (11, -4.75432693958282470703e-01) (12, -3.01555037498474121094e+00) (13, 7.42736039683222770691e-03) (14, 2.75211960077285766602e-01) 
