FANN_FLO_2.1
num_layers=3
learning_rate=0.500000
connection_rate=1.000000
network_type=0
learning_momentum=0.000000
training_algorithm=2
train_error_function=1
train_stop_function=0
cascade_output_change_fraction=0.010000
quickprop_decay=-0.000100
quickprop_mu=1.750000
rprop_increase_factor=1.200000
rprop_decrease_factor=0.500000
rprop_delta_min=0.000000
rprop_delta_max=50.000000
rprop_delta_zero=0.100000
cascade_output_stagnation_epochs=12
cascade_candidate_change_fraction=0.010000
cascade_candidate_stagnation_epochs=12
cascade_max_out_epochs=150
cascade_min_out_epochs=50
cascade_max_cand_epochs=150
cascade_min_cand_epochs=50
cascade_num_candidate_groups=2
bit_fail_limit=3.49999994039535522461e-01
cascade_candidate_limit=1.00000000000000000000e+03
cascade_weight_multiplier=4.00000005960464477539e-01
cascade_activation_functions_count=10
cascade_activation_functions=3 5 7 8 10 11 14 15 16 17 
cascade_activation_steepnesses_count=4
cascade_activation_steepnesses=2.50000000000000000000e-01 5.00000000000000000000e-01 7.50000000000000000000e-01 1.00000000000000000000e+00 
layer_sizes=10 3 2 
scale_included=0
neurons (num_inputs, activation_function, activation_steepness)=(0, 0, 0.00000000000000000000e+00) (0, 0, 0.00000000000000000000e+00) (0, 0, 0.00000000000000000000e+00) (0, 0, 0.00000000000000000000e+00) (0, 0, 0.00000000000000000000e+00) (0, 0, 0.00000000000000000000e+00) (0, 0, 0.00000000000000000000e+00) (0, 0, 0.00000000000000000000e+00) (0, 0, 0.00000000000000000000e+00) (0, 0, 0.00000000000000000000e+00) (10, 3, 5.00000000000000000000e-01) (10, 3, 5.00000000000000000000e-01) (0, 3, 0.00000000000000000000e+00) (3, 3, 5.00000000000000000000e-01) (0, 3, 0.00000000000000000000e+00) 
connections (connected_to_neuron, weight)=(0, -1.93125382065773010254e-01) (1, -7.28922724723815917969e-01) (2, -3.17163169384002685547e-01) (3, -6.57395243644714355469e-01) (4, -4.07966583967208862305e-01) (5, -6.49831950664520263672e-01) (6, 8.75965729355812072754e-02) (7, -6.52929008007049560547e-01) (8, -7.43466690182685852051e-02) (9, 1.13615155220031738281e+00) (0, 1.24082481861114501953e+00) (1, -1.01028227806091308594e+00) (2, 8.02433013916015625000e-01) (3, -6.31764352321624755859e-01) (4, 2.68285006284713745117e-01) (5, -7.43450164794921875000e-01) (6, 2.44621467590332031250e+00) (7, -6.97571992874145507812e-01) (8, 1.88193452358245849609e+00) (9, -1.07380855083465576172e+00) (10, -4.14017868041992187500e+00) (11, 9.93016600608825683594e-01) (12, 7.61561155319213867188e-01) 
