FANN_FLO_2.1
num_layers=3
learning_rate=0.500000
connection_rate=1.000000
network_type=0
learning_momentum=0.000000
training_algorithm=2
train_error_function=1
train_stop_function=0
cascade_output_change_fraction=0.010000
quickprop_decay=-0.000100
quickprop_mu=1.750000
rprop_increase_factor=1.200000
rprop_decrease_factor=0.500000
rprop_delta_min=0.000000
rprop_delta_max=50.000000
rprop_delta_zero=0.100000
cascade_output_stagnation_epochs=12
cascade_candidate_change_fraction=0.010000
cascade_candidate_stagnation_epochs=12
cascade_max_out_epochs=150
cascade_min_out_epochs=50
cascade_max_cand_epochs=150
cascade_min_cand_epochs=50
cascade_num_candidate_groups=2
bit_fail_limit=3.49999994039535522461e-01
cascade_candidate_limit=1.00000000000000000000e+03
cascade_weight_multiplier=4.00000005960464477539e-01
cascade_activation_functions_count=10
cascade_activation_functions=3 5 7 8 10 11 14 15 16 17 
cascade_activation_steepnesses_count=4
cascade_activation_steepnesses=2.50000000000000000000e-01 5.00000000000000000000e-01 7.50000000000000000000e-01 1.00000000000000000000e+00 
layer_sizes=10 3 2 
scale_included=0
neurons (num_inputs, activation_function, activation_steepness)=(0, 0, 0.00000000000000000000e+00) (0, 0, 0.00000000000000000000e+00) (0, 0, 0.00000000000000000000e+00) (0, 0, 0.00000000000000000000e+00) (0, 0, 0.00000000000000000000e+00) (0, 0, 0.00000000000000000000e+00) (0, 0, 0.00000000000000000000e+00) (0, 0, 0.00000000000000000000e+00) (0, 0, 0.00000000000000000000e+00) (0, 0, 0.00000000000000000000e+00) (10, 3, 5.00000000000000000000e-01) (10, 3, 5.00000000000000000000e-01) (0, 3, 0.00000000000000000000e+00) (3, 3, 5.00000000000000000000e-01) (0, 3, 0.00000000000000000000e+00) 
connections (connected_to_neuron, weight)=(0, -3.21608603000640869141e-01) (1, -2.50981990247964859009e-02) (2, -9.70530882477760314941e-02) (3, 4.05393764376640319824e-02) (4, -6.13370776176452636719e-01) (5, -1.19642484188079833984e+00) (6, -2.72419214248657226562e-01) (7, -8.27579140663146972656e-01) (8, -1.35497376322746276855e-01) (9, 6.45163059234619140625e-01) (0, -5.89771270751953125000e-01) (1, -8.67930114269256591797e-01) (2, -7.57081389427185058594e-01) (3, -8.72305214405059814453e-01) (4, -3.43753039836883544922e-01) (5, -1.37170366942882537842e-02) (6, -6.11281335353851318359e-01) (7, -3.36971223354339599609e-01) (8, -7.07039535045623779297e-01) (9, 2.26056909561157226562e+00) (10, -2.01687622070312500000e+00) (11, -2.32829117774963378906e+00) (12, 1.52155876159667968750e+00) 
