FANN_FLO_2.1
num_layers=3
learning_rate=0.500000
connection_rate=1.000000
network_type=0
learning_momentum=0.000000
training_algorithm=2
train_error_function=1
train_stop_function=0
cascade_output_change_fraction=0.010000
quickprop_decay=-0.000100
quickprop_mu=1.750000
rprop_increase_factor=1.200000
rprop_decrease_factor=0.500000
rprop_delta_min=0.000000
rprop_delta_max=50.000000
rprop_delta_zero=0.100000
cascade_output_stagnation_epochs=12
cascade_candidate_change_fraction=0.010000
cascade_candidate_stagnation_epochs=12
cascade_max_out_epochs=150
cascade_min_out_epochs=50
cascade_max_cand_epochs=150
cascade_min_cand_epochs=50
cascade_num_candidate_groups=2
bit_fail_limit=3.49999994039535522461e-01
cascade_candidate_limit=1.00000000000000000000e+03
cascade_weight_multiplier=4.00000005960464477539e-01
cascade_activation_functions_count=10
cascade_activation_functions=3 5 7 8 10 11 14 15 16 17 
cascade_activation_steepnesses_count=4
cascade_activation_steepnesses=2.50000000000000000000e-01 5.00000000000000000000e-01 7.50000000000000000000e-01 1.00000000000000000000e+00 
layer_sizes=7 9 2 
scale_included=0
neurons (num_inputs, activation_function, activation_steepness)=(0, 0, 0.00000000000000000000e+00) (0, 0, 0.00000000000000000000e+00) (0, 0, 0.00000000000000000000e+00) (0, 0, 0.00000000000000000000e+00) (0, 0, 0.00000000000000000000e+00) (0, 0, 0.00000000000000000000e+00) (0, 0, 0.00000000000000000000e+00) (7, 3, 5.00000000000000000000e-01) (7, 3, 5.00000000000000000000e-01) (7, 3, 5.00000000000000000000e-01) (7, 3, 5.00000000000000000000e-01) (7, 3, 5.00000000000000000000e-01) (7, 3, 5.00000000000000000000e-01) (7, 3, 5.00000000000000000000e-01) (7, 3, 5.00000000000000000000e-01) (0, 3, 0.00000000000000000000e+00) (9, 0, 5.00000000000000000000e-01) (0, 0, 0.00000000000000000000e+00) 
connections (connected_to_neuron, weight)=(0, -1.50000000000000000000e+03) (1, -8.48224610090255737305e-02) (2, -2.03992824554443359375e+01) (3, -1.50000000000000000000e+03) (4, -1.96200299263000488281e+00) (5, -6.10124145507812500000e+02) (6, -3.72855424880981445312e-01) (0, -1.07738979160785675049e-01) (1, -1.05699348449707031250e+00) (2, -1.78447887301445007324e-01) (3, 1.33668220043182373047e+00) (4, -1.49055767059326171875e+00) (5, 9.09434556961059570312e-01) (6, -1.20776331424713134766e+00) (0, -1.50000000000000000000e+03) (1, -1.94179862737655639648e-01) (2, -9.77144336700439453125e+00) (3, -1.50000000000000000000e+03) (4, -4.53637695312500000000e+00) (5, -3.68935485839843750000e+02) (6, -6.45074173808097839355e-02) (0, -1.13562472164630889893e-01) (1, -4.67309653759002685547e-01) (2, 5.89801967144012451172e-01) (3, -2.64046967029571533203e-01) (4, -5.59142351150512695312e-01) (5, 7.91559696197509765625e-01) (6, -1.98782205581665039062e+00) (0, -1.50000000000000000000e+03) (1, -9.97621119022369384766e-02) (2, -9.65568637847900390625e+00) (3, -1.50000000000000000000e+03) (4, -4.61015844345092773438e+00) (5, -3.69023895263671875000e+02) (6, -1.15469008684158325195e-01) (0, -2.77171228080987930298e-02) (1, -2.89706736803054809570e-01) (2, 3.05604666471481323242e-01) (3, -4.61517907679080963135e-02) (4, -2.46905431151390075684e-01) (5, 3.10887664556503295898e-01) (6, -5.33869206905364990234e-01) (0, -1.50000000000000000000e+03) (1, -2.19897434115409851074e-01) (2, -4.90463867187500000000e+01) (3, -1.50000000000000000000e+03) (4, -2.03064060211181640625e+00) (5, -8.56078002929687500000e+02) (6, -3.31787586212158203125e-01) (0, -1.50000000000000000000e+03) (1, -4.61706638336181640625e-01) (2, -1.91966044902801513672e+00) (3, -1.50000000000000000000e+03) (4, -1.12513227462768554688e+01) (5, -1.61414199829101562500e+02) (6, -8.85183870792388916016e-01) (7, 1.50000000000000000000e+03) (8, 7.19383731484413146973e-02) (9, 1.50000000000000000000e+03) (10, 2.88667297363281250000e+00) (11, 1.50000000000000000000e+03) (12, -4.21556711196899414062e-01) (13, 1.50000000000000000000e+03) (14, 1.50000000000000000000e+03) (15, 1.58490706235170364380e-02) 
