FANN_FLO_2.1
num_layers=3
learning_rate=0.500000
connection_rate=1.000000
network_type=0
learning_momentum=0.000000
training_algorithm=2
train_error_function=1
train_stop_function=0
cascade_output_change_fraction=0.010000
quickprop_decay=-0.000100
quickprop_mu=1.750000
rprop_increase_factor=1.200000
rprop_decrease_factor=0.500000
rprop_delta_min=0.000000
rprop_delta_max=50.000000
rprop_delta_zero=0.100000
cascade_output_stagnation_epochs=12
cascade_candidate_change_fraction=0.010000
cascade_candidate_stagnation_epochs=12
cascade_max_out_epochs=150
cascade_min_out_epochs=50
cascade_max_cand_epochs=150
cascade_min_cand_epochs=50
cascade_num_candidate_groups=2
bit_fail_limit=3.49999994039535522461e-01
cascade_candidate_limit=1.00000000000000000000e+03
cascade_weight_multiplier=4.00000005960464477539e-01
cascade_activation_functions_count=10
cascade_activation_functions=3 5 7 8 10 11 14 15 16 17 
cascade_activation_steepnesses_count=4
cascade_activation_steepnesses=2.50000000000000000000e-01 5.00000000000000000000e-01 7.50000000000000000000e-01 1.00000000000000000000e+00 
layer_sizes=3 9 4 
scale_included=0
neurons (num_inputs, activation_function, activation_steepness)=(0, 0, 0.00000000000000000000e+00) (0, 0, 0.00000000000000000000e+00) (0, 0, 0.00000000000000000000e+00) (3, 3, 5.00000000000000000000e-01) (3, 3, 5.00000000000000000000e-01) (3, 3, 5.00000000000000000000e-01) (3, 3, 5.00000000000000000000e-01) (3, 3, 5.00000000000000000000e-01) (3, 3, 5.00000000000000000000e-01) (3, 3, 5.00000000000000000000e-01) (3, 3, 5.00000000000000000000e-01) (0, 3, 0.00000000000000000000e+00) (9, 0, 5.00000000000000000000e-01) (9, 0, 5.00000000000000000000e-01) (9, 0, 5.00000000000000000000e-01) (0, 0, 0.00000000000000000000e+00) 
connections (connected_to_neuron, weight)=(0, -1.65879714488983154297e+00) (1, -1.91497302055358886719e+00) (2, 8.61133217811584472656e-01) (0, -1.10736656188964843750e+00) (1, -3.17596077919006347656e+00) (2, 6.46462321281433105469e-01) (0, -5.61957550048828125000e+00) (1, 9.65860962867736816406e-01) (2, 2.68188983201980590820e-01) (0, -1.95509421825408935547e+00) (1, 5.83786439895629882812e+00) (2, -9.55463945865631103516e-01) (0, -4.37318372726440429688e+00) (1, -1.38986110687255859375e+00) (2, -1.66456595063209533691e-01) (0, -2.65802359580993652344e+00) (1, 1.93746554851531982422e+00) (2, 1.52967977523803710938e+00) (0, -2.25405859947204589844e+00) (1, 2.59638357162475585938e+00) (2, 1.56698918342590332031e+00) (0, -3.33374595642089843750e+00) (1, 1.10254037380218505859e+00) (2, 2.27801346778869628906e+00) (3, 3.60915392637252807617e-01) (4, 2.36407732963562011719e+00) (5, 1.77065420150756835938e+00) (6, 1.71973991394042968750e+00) (7, 2.66636276245117187500e+00) (8, 7.47654557228088378906e-01) (9, 8.63313674926757812500e-01) (10, 9.47063446044921875000e-01) (11, -1.76255807280540466309e-01) (3, 4.31251430511474609375e+00) (4, 5.79480409622192382812e+00) (5, 4.59598207473754882812e+00) (6, 3.34331417083740234375e+00) (7, 4.92796707153320312500e+00) (8, 3.00256681442260742188e+00) (9, 3.05487012863159179688e+00) (10, 4.05809545516967773438e+00) (11, 1.86081266403198242188e+00) (3, 1.42354211807250976562e+01) (4, 1.97539978027343750000e+01) (5, 1.48715820312500000000e+01) (6, 9.17408180236816406250e+00) (7, 1.49524164199829101562e+01) (8, 9.09956264495849609375e+00) (9, 9.04436492919921875000e+00) (10, 1.35999441146850585938e+01) (11, 1.32551870346069335938e+01) 
