FANN_FLO_2.1
num_layers=4
learning_rate=0.500000
connection_rate=1.000000
network_type=0
learning_momentum=0.000000
training_algorithm=2
train_error_function=1
train_stop_function=0
cascade_output_change_fraction=0.010000
quickprop_decay=-0.000100
quickprop_mu=1.750000
rprop_increase_factor=1.200000
rprop_decrease_factor=0.500000
rprop_delta_min=0.000000
rprop_delta_max=50.000000
rprop_delta_zero=0.100000
cascade_output_stagnation_epochs=12
cascade_candidate_change_fraction=0.010000
cascade_candidate_stagnation_epochs=12
cascade_max_out_epochs=150
cascade_min_out_epochs=50
cascade_max_cand_epochs=150
cascade_min_cand_epochs=50
cascade_num_candidate_groups=2
bit_fail_limit=3.49999994039535522461e-01
cascade_candidate_limit=1.00000000000000000000e+03
cascade_weight_multiplier=4.00000005960464477539e-01
cascade_activation_functions_count=10
cascade_activation_functions=3 5 7 8 10 11 14 15 16 17 
cascade_activation_steepnesses_count=4
cascade_activation_steepnesses=2.50000000000000000000e-01 5.00000000000000000000e-01 7.50000000000000000000e-01 1.00000000000000000000e+00 
layer_sizes=18 3 3 2 
scale_included=0
neurons (num_inputs, activation_function, activation_steepness)=(0, 0, 0.00000000000000000000e+00) (0, 0, 0.00000000000000000000e+00) (0, 0, 0.00000000000000000000e+00) (0, 0, 0.00000000000000000000e+00) (0, 0, 0.00000000000000000000e+00) (0, 0, 0.00000000000000000000e+00) (0, 0, 0.00000000000000000000e+00) (0, 0, 0.00000000000000000000e+00) (0, 0, 0.00000000000000000000e+00) (0, 0, 0.00000000000000000000e+00) (0, 0, 0.00000000000000000000e+00) (0, 0, 0.00000000000000000000e+00) (0, 0, 0.00000000000000000000e+00) (0, 0, 0.00000000000000000000e+00) (0, 0, 0.00000000000000000000e+00) (0, 0, 0.00000000000000000000e+00) (0, 0, 0.00000000000000000000e+00) (0, 0, 0.00000000000000000000e+00) (18, 3, 5.00000000000000000000e-01) (18, 3, 5.00000000000000000000e-01) (0, 3, 0.00000000000000000000e+00) (3, 3, 5.00000000000000000000e-01) (3, 3, 5.00000000000000000000e-01) (0, 3, 0.00000000000000000000e+00) (3, 0, 5.00000000000000000000e-01) (0, 0, 0.00000000000000000000e+00) 
connections (connected_to_neuron, weight)=(0, 7.87575960159301757812e-01) (1, 8.18392634391784667969e-01) (2, 8.25451850891113281250e-01) (3, 8.13956499099731445312e-01) (4, 6.70947670936584472656e-01) (5, -1.07260942459106445312e+00) (6, -9.02417361736297607422e-01) (7, -8.87912869453430175781e-01) (8, -9.36845466494560241699e-02) (9, 7.97880589962005615234e-01) (10, 7.26758062839508056641e-01) (11, 8.38189542293548583984e-01) (12, 7.50487208366394042969e-01) (13, 4.91331100463867187500e-01) (14, 7.26719021797180175781e-01) (15, 6.14238798618316650391e-01) (16, 6.84534311294555664062e-01) (17, -4.51542043685913085938e+00) (0, 6.98161244392395019531e-01) (1, 8.95760238170623779297e-01) (2, 7.92628705501556396484e-01) (3, 7.71712720394134521484e-01) (4, 8.83412301540374755859e-01) (5, -6.98900640010833740234e-01) (6, -6.61458015441894531250e-01) (7, -7.67175972461700439453e-01) (8, 1.06991186738014221191e-01) (9, 7.24819540977478027344e-01) (10, 8.26798915863037109375e-01) (11, 8.37031483650207519531e-01) (12, 7.64022052288055419922e-01) (13, 7.85477817058563232422e-01) (14, 7.60511755943298339844e-01) (15, 9.37402784824371337891e-01) (16, 8.50149631500244140625e-01) (17, -2.37119793891906738281e+00) (18, 2.63579940795898437500e+00) (19, 2.61402511596679687500e+00) (20, -2.25994396209716796875e+00) (18, 2.54767155647277832031e+00) (19, 2.87936234474182128906e+00) (20, -2.73505449295043945312e+00) (21, 6.34472084045410156250e+00) (22, 7.70397615432739257812e+00) (23, 1.50138950347900390625e+00) 
