FANN_FLO_2.1
num_layers=4
learning_rate=0.450000
connection_rate=1.000000
network_type=0
learning_momentum=0.000000
training_algorithm=2
train_error_function=1
train_stop_function=0
cascade_output_change_fraction=0.010000
quickprop_decay=-0.000100
quickprop_mu=1.750000
rprop_increase_factor=1.200000
rprop_decrease_factor=0.500000
rprop_delta_min=0.000000
rprop_delta_max=50.000000
rprop_delta_zero=0.100000
cascade_output_stagnation_epochs=12
cascade_candidate_change_fraction=0.010000
cascade_candidate_stagnation_epochs=12
cascade_max_out_epochs=150
cascade_min_out_epochs=50
cascade_max_cand_epochs=150
cascade_min_cand_epochs=50
cascade_num_candidate_groups=2
bit_fail_limit=3.49999994039535522461e-01
cascade_candidate_limit=1.00000000000000000000e+03
cascade_weight_multiplier=4.00000005960464477539e-01
cascade_activation_functions_count=10
cascade_activation_functions=3 5 7 8 10 11 14 15 16 17 
cascade_activation_steepnesses_count=4
cascade_activation_steepnesses=2.50000000000000000000e-01 5.00000000000000000000e-01 7.50000000000000000000e-01 1.00000000000000000000e+00 
layer_sizes=7 5 3 2 
scale_included=0
neurons (num_inputs, activation_function, activation_steepness)=(0, 0, 0.00000000000000000000e+00) (0, 0, 0.00000000000000000000e+00) (0, 0, 0.00000000000000000000e+00) (0, 0, 0.00000000000000000000e+00) (0, 0, 0.00000000000000000000e+00) (0, 0, 0.00000000000000000000e+00) (0, 0, 0.00000000000000000000e+00) (7, 3, 5.00000000000000000000e-01) (7, 3, 5.00000000000000000000e-01) (7, 3, 5.00000000000000000000e-01) (7, 3, 5.00000000000000000000e-01) (0, 3, 0.00000000000000000000e+00) (5, 3, 5.00000000000000000000e-01) (5, 3, 5.00000000000000000000e-01) (0, 3, 0.00000000000000000000e+00) (3, 0, 5.00000000000000000000e-01) (0, 0, 0.00000000000000000000e+00) 
connections (connected_to_neuron, weight)=(0, 1.50000000000000000000e+03) (1, 1.50000000000000000000e+03) (2, 1.46994604492187500000e+03) (3, 1.50000000000000000000e+03) (4, -1.29220275878906250000e+03) (5, -1.50000000000000000000e+03) (6, 1.49969348144531250000e+03) (0, 3.49388234317302703857e-02) (1, -7.07531571388244628906e-01) (2, 3.77517938613891601562e-02) (3, -5.21483719348907470703e-02) (4, -6.76810219883918762207e-02) (5, 9.09929633140563964844e-01) (6, -3.35518908500671386719e+00) (0, 4.41953450441360473633e-01) (1, 6.30244016647338867188e-01) (2, -7.73197591304779052734e-01) (3, 5.22015452384948730469e-01) (4, -5.93259239196777343750e+00) (5, -3.74167609214782714844e+00) (6, -2.45139145851135253906e+00) (0, 1.50000000000000000000e+03) (1, 1.50000000000000000000e+03) (2, 1.46994604492187500000e+03) (3, 1.50000000000000000000e+03) (4, -1.50000000000000000000e+03) (5, -1.50000000000000000000e+03) (6, 1.16865478515625000000e+02) (7, 1.67763188481330871582e-01) (8, 3.29970568418502807617e-01) (9, 3.38137412071228027344e+00) (10, 2.27114871144294738770e-01) (11, -1.29546210169792175293e-01) (7, 5.73056936264038085938e-01) (8, -5.29834866523742675781e-01) (9, -2.19899597167968750000e+01) (10, 7.73052990436553955078e-01) (11, 5.46890830993652343750e+00) (12, 6.52568876743316650391e-01) (13, -3.66578131914138793945e-01) (14, 6.97908084839582443237e-03) 
