FANN_FLO_2.1
num_layers=3
learning_rate=0.450000
connection_rate=1.000000
network_type=0
learning_momentum=0.000000
training_algorithm=2
train_error_function=1
train_stop_function=0
cascade_output_change_fraction=0.010000
quickprop_decay=-0.000100
quickprop_mu=1.750000
rprop_increase_factor=1.200000
rprop_decrease_factor=0.500000
rprop_delta_min=0.000000
rprop_delta_max=50.000000
rprop_delta_zero=0.100000
cascade_output_stagnation_epochs=12
cascade_candidate_change_fraction=0.010000
cascade_candidate_stagnation_epochs=12
cascade_max_out_epochs=150
cascade_min_out_epochs=50
cascade_max_cand_epochs=150
cascade_min_cand_epochs=50
cascade_num_candidate_groups=2
bit_fail_limit=3.49999994039535522461e-01
cascade_candidate_limit=1.00000000000000000000e+03
cascade_weight_multiplier=4.00000005960464477539e-01
cascade_activation_functions_count=10
cascade_activation_functions=3 5 7 8 10 11 14 15 16 17 
cascade_activation_steepnesses_count=4
cascade_activation_steepnesses=2.50000000000000000000e-01 5.00000000000000000000e-01 7.50000000000000000000e-01 1.00000000000000000000e+00 
layer_sizes=7 5 2 
scale_included=0
neurons (num_inputs, activation_function, activation_steepness)=(0, 0, 0.00000000000000000000e+00) (0, 0, 0.00000000000000000000e+00) (0, 0, 0.00000000000000000000e+00) (0, 0, 0.00000000000000000000e+00) (0, 0, 0.00000000000000000000e+00) (0, 0, 0.00000000000000000000e+00) (0, 0, 0.00000000000000000000e+00) (7, 3, 5.00000000000000000000e-01) (7, 3, 5.00000000000000000000e-01) (7, 3, 5.00000000000000000000e-01) (7, 3, 5.00000000000000000000e-01) (0, 3, 0.00000000000000000000e+00) (5, 0, 5.00000000000000000000e-01) (0, 0, 0.00000000000000000000e+00) 
connections (connected_to_neuron, weight)=(0, -1.84697717428207397461e-01) (1, -3.97675722837448120117e-01) (2, 1.72296077013015747070e-01) (3, -2.65263646841049194336e-01) (4, 2.02902242541313171387e-01) (5, 5.18962323665618896484e-01) (6, -1.36467501521110534668e-01) (0, -3.39850872755050659180e-01) (1, -2.50852644443511962891e-01) (2, 5.23103438317775726318e-02) (3, -2.84134417772293090820e-01) (4, 2.68761068582534790039e-01) (5, 6.00270450115203857422e-01) (6, -6.63501024246215820312e-01) (0, 4.16898995637893676758e-01) (1, -3.04001003503799438477e-01) (2, 6.95293486118316650391e-01) (3, -3.94697546958923339844e-01) (4, -7.12240278720855712891e-01) (5, 1.88168421387672424316e-01) (6, 2.87630230188369750977e-01) (0, -2.32416048645973205566e-01) (1, 6.69295608997344970703e-01) (2, -1.33843708038330078125e+00) (3, -4.17445778846740722656e-01) (4, 1.50771784782409667969e+00) (5, 4.04198020696640014648e-02) (6, 5.42326331138610839844e-01) (7, 6.39062821865081787109e-02) (8, -7.79149308800697326660e-02) (9, -9.38011929392814636230e-02) (10, -7.73101001977920532227e-02) (11, 9.12822335958480834961e-02) 
