FANN_FLO_2.1
num_layers=3
learning_rate=0.450000
connection_rate=1.000000
network_type=0
learning_momentum=0.000000
training_algorithm=2
train_error_function=1
train_stop_function=0
cascade_output_change_fraction=0.010000
quickprop_decay=-0.000100
quickprop_mu=1.750000
rprop_increase_factor=1.200000
rprop_decrease_factor=0.500000
rprop_delta_min=0.000000
rprop_delta_max=50.000000
rprop_delta_zero=0.100000
cascade_output_stagnation_epochs=12
cascade_candidate_change_fraction=0.010000
cascade_candidate_stagnation_epochs=12
cascade_max_out_epochs=150
cascade_min_out_epochs=50
cascade_max_cand_epochs=150
cascade_min_cand_epochs=50
cascade_num_candidate_groups=2
bit_fail_limit=3.49999994039535522461e-01
cascade_candidate_limit=1.00000000000000000000e+03
cascade_weight_multiplier=4.00000005960464477539e-01
cascade_activation_functions_count=10
cascade_activation_functions=3 5 7 8 10 11 14 15 16 17 
cascade_activation_steepnesses_count=4
cascade_activation_steepnesses=2.50000000000000000000e-01 5.00000000000000000000e-01 7.50000000000000000000e-01 1.00000000000000000000e+00 
layer_sizes=7 5 2 
scale_included=0
neurons (num_inputs, activation_function, activation_steepness)=(0, 0, 0.00000000000000000000e+00) (0, 0, 0.00000000000000000000e+00) (0, 0, 0.00000000000000000000e+00) (0, 0, 0.00000000000000000000e+00) (0, 0, 0.00000000000000000000e+00) (0, 0, 0.00000000000000000000e+00) (0, 0, 0.00000000000000000000e+00) (7, 3, 5.00000000000000000000e-01) (7, 3, 5.00000000000000000000e-01) (7, 3, 5.00000000000000000000e-01) (7, 3, 5.00000000000000000000e-01) (0, 3, 0.00000000000000000000e+00) (5, 0, 5.00000000000000000000e-01) (0, 0, 0.00000000000000000000e+00) 
connections (connected_to_neuron, weight)=(0, 5.71271717548370361328e-01) (1, -2.10428699851036071777e-01) (2, 8.93773138523101806641e-01) (3, -3.88189941644668579102e-01) (4, 3.18610578775405883789e-01) (5, -9.90310788154602050781e-01) (6, -2.44890069961547851562e+00) (0, -6.49995613098144531250e+00) (1, 9.90044176578521728516e-01) (2, -1.00506324768066406250e+02) (3, 8.67290019989013671875e-01) (4, 4.75499296188354492188e+00) (5, -7.12689666748046875000e+01) (6, -1.17542982101440429688e+00) (0, 2.80274242162704467773e-01) (1, 1.10289233398437500000e+03) (2, -1.40000000000000000000e+03) (3, 1.43976257324218750000e+03) (4, 2.98683929443359375000e+02) (5, -1.50000000000000000000e+03) (6, -1.32260489463806152344e+00) (0, -4.91999834775924682617e-01) (1, -3.34517985582351684570e-01) (2, -1.09143817424774169922e+00) (3, -4.66116428375244140625e-01) (4, 9.01131451129913330078e-01) (5, 1.25849723815917968750e+00) (6, 1.56410598754882812500e+00) (7, -8.67938548326492309570e-02) (8, 5.46096451580524444580e-03) (9, 6.98075769469141960144e-03) (10, -9.17729362845420837402e-02) (11, 8.74890163540840148926e-02) 
