FANN_FLO_2.1
num_layers=4
learning_rate=0.450000
connection_rate=1.000000
network_type=0
learning_momentum=0.000000
training_algorithm=2
train_error_function=1
train_stop_function=0
cascade_output_change_fraction=0.010000
quickprop_decay=-0.000100
quickprop_mu=1.750000
rprop_increase_factor=1.200000
rprop_decrease_factor=0.500000
rprop_delta_min=0.000000
rprop_delta_max=50.000000
rprop_delta_zero=0.100000
cascade_output_stagnation_epochs=12
cascade_candidate_change_fraction=0.010000
cascade_candidate_stagnation_epochs=12
cascade_max_out_epochs=150
cascade_min_out_epochs=50
cascade_max_cand_epochs=150
cascade_min_cand_epochs=50
cascade_num_candidate_groups=2
bit_fail_limit=3.49999994039535522461e-01
cascade_candidate_limit=1.00000000000000000000e+03
cascade_weight_multiplier=4.00000005960464477539e-01
cascade_activation_functions_count=10
cascade_activation_functions=3 5 7 8 10 11 14 15 16 17 
cascade_activation_steepnesses_count=4
cascade_activation_steepnesses=2.50000000000000000000e-01 5.00000000000000000000e-01 7.50000000000000000000e-01 1.00000000000000000000e+00 
layer_sizes=7 5 3 2 
scale_included=0
neurons (num_inputs, activation_function, activation_steepness)=(0, 0, 0.00000000000000000000e+00) (0, 0, 0.00000000000000000000e+00) (0, 0, 0.00000000000000000000e+00) (0, 0, 0.00000000000000000000e+00) (0, 0, 0.00000000000000000000e+00) (0, 0, 0.00000000000000000000e+00) (0, 0, 0.00000000000000000000e+00) (7, 3, 5.00000000000000000000e-01) (7, 3, 5.00000000000000000000e-01) (7, 3, 5.00000000000000000000e-01) (7, 3, 5.00000000000000000000e-01) (0, 3, 0.00000000000000000000e+00) (5, 3, 5.00000000000000000000e-01) (5, 3, 5.00000000000000000000e-01) (0, 3, 0.00000000000000000000e+00) (3, 0, 5.00000000000000000000e-01) (0, 0, 0.00000000000000000000e+00) 
connections (connected_to_neuron, weight)=(0, -3.52883875370025634766e-01) (1, 1.36455520987510681152e-01) (2, -7.56368994712829589844e-01) (3, 5.22140152752399444580e-02) (4, 5.14592349529266357422e-01) (5, -1.81753724813461303711e-01) (6, 1.07725784182548522949e-01) (0, 1.74982950091361999512e-01) (1, 6.34120762348175048828e-01) (2, -8.87024402618408203125e-01) (3, 2.82331973314285278320e-01) (4, 3.94498467445373535156e-01) (5, -7.00971662998199462891e-01) (6, 7.60564088821411132812e-01) (0, -1.21394015848636627197e-01) (1, 2.95876085758209228516e-01) (2, -4.99351352453231811523e-01) (3, -1.75161212682723999023e-01) (4, 4.38784092664718627930e-01) (5, -1.66217893362045288086e-01) (6, 1.29822909832000732422e+00) (0, -3.60367178916931152344e-01) (1, 5.22449851036071777344e-01) (2, 3.35329711437225341797e-01) (3, -5.66791892051696777344e-01) (4, 1.11584171652793884277e-01) (5, -1.58745259046554565430e-01) (6, 1.41834306716918945312e+00) (7, 3.59056243896484375000e+01) (8, 2.42900714874267578125e+01) (9, -5.20875358581542968750e+01) (10, 2.55951232910156250000e+01) (11, -2.73741292953491210938e+00) (7, -4.19542312622070312500e+01) (8, -1.46160955429077148438e+01) (9, -2.31636199951171875000e+02) (10, -1.50000000000000000000e+03) (11, 1.36820209026336669922e+00) (12, 1.00419744849205017090e-01) (13, 5.49507713317871093750e+00) (14, -8.50312635302543640137e-02) 
