FANN_FLO_2.1
num_layers=3
learning_rate=0.500000
connection_rate=1.000000
network_type=0
learning_momentum=0.000000
training_algorithm=2
train_error_function=1
train_stop_function=0
cascade_output_change_fraction=0.010000
quickprop_decay=-0.000100
quickprop_mu=1.750000
rprop_increase_factor=1.200000
rprop_decrease_factor=0.500000
rprop_delta_min=0.000000
rprop_delta_max=50.000000
rprop_delta_zero=0.100000
cascade_output_stagnation_epochs=12
cascade_candidate_change_fraction=0.010000
cascade_candidate_stagnation_epochs=12
cascade_max_out_epochs=150
cascade_min_out_epochs=50
cascade_max_cand_epochs=150
cascade_min_cand_epochs=50
cascade_num_candidate_groups=2
bit_fail_limit=3.49999994039535522461e-01
cascade_candidate_limit=1.00000000000000000000e+03
cascade_weight_multiplier=4.00000005960464477539e-01
cascade_activation_functions_count=10
cascade_activation_functions=3 5 7 8 10 11 14 15 16 17 
cascade_activation_steepnesses_count=4
cascade_activation_steepnesses=2.50000000000000000000e-01 5.00000000000000000000e-01 7.50000000000000000000e-01 1.00000000000000000000e+00 
layer_sizes=3 9 4 
scale_included=0
neurons (num_inputs, activation_function, activation_steepness)=(0, 0, 0.00000000000000000000e+00) (0, 0, 0.00000000000000000000e+00) (0, 0, 0.00000000000000000000e+00) (3, 3, 5.00000000000000000000e-01) (3, 3, 5.00000000000000000000e-01) (3, 3, 5.00000000000000000000e-01) (3, 3, 5.00000000000000000000e-01) (3, 3, 5.00000000000000000000e-01) (3, 3, 5.00000000000000000000e-01) (3, 3, 5.00000000000000000000e-01) (3, 3, 5.00000000000000000000e-01) (0, 3, 0.00000000000000000000e+00) (9, 0, 5.00000000000000000000e-01) (9, 0, 5.00000000000000000000e-01) (9, 0, 5.00000000000000000000e-01) (0, 0, 0.00000000000000000000e+00) 
connections (connected_to_neuron, weight)=(0, -4.86881685256958007812e+00) (1, 1.12816751003265380859e+00) (2, 1.48365616798400878906e+00) (0, -4.58271646499633789062e+00) (1, 7.61833620071411132812e+00) (2, 3.32491970062255859375e+00) (0, -3.32934474945068359375e+00) (1, -2.10900282859802246094e+00) (2, 4.52038347721099853516e-01) (0, -4.37794637680053710938e+00) (1, 2.76795363426208496094e+00) (2, 8.48896503448486328125e+00) (0, -4.82484292984008789062e+00) (1, 2.95438742637634277344e+00) (2, 1.85774934291839599609e+00) (0, -1.32904362678527832031e+00) (1, -3.06375670433044433594e+00) (2, 2.73404657840728759766e-01) (0, -4.73366832733154296875e+00) (1, 3.93182325363159179688e+00) (2, 3.63475942611694335938e+00) (0, -6.25771808624267578125e+00) (1, -5.79190671443939208984e-01) (2, 4.80521231889724731445e-01) (3, 1.08019495010375976562e+00) (4, 6.65598630905151367188e-01) (5, 2.29176473617553710938e+00) (6, 2.19458699226379394531e-01) (7, 1.29768371582031250000e+00) (8, 1.97567987442016601562e+00) (9, 1.08611071109771728516e+00) (10, 2.01012349128723144531e+00) (11, 4.79273706674575805664e-01) (3, 4.35351896286010742188e+00) (4, 2.93562150001525878906e+00) (5, 6.03831195831298828125e+00) (6, 1.44906318187713623047e+00) (7, 3.83739995956420898438e+00) (8, 7.08410406112670898438e+00) (9, 3.53755617141723632812e+00) (10, 4.06862831115722656250e+00) (11, 1.76894640922546386719e+00) (3, 1.53663854598999023438e+01) (4, 8.55188465118408203125e+00) (5, 1.88157958984375000000e+01) (6, 8.55709075927734375000e+00) (7, 1.08090381622314453125e+01) (8, 2.44051876068115234375e+01) (9, 1.08088483810424804688e+01) (10, 1.20470781326293945312e+01) (11, 9.07097339630126953125e+00) 
