FANN_FLO_2.1
num_layers=4
learning_rate=0.500000
connection_rate=1.000000
network_type=0
learning_momentum=0.000000
training_algorithm=2
train_error_function=1
train_stop_function=0
cascade_output_change_fraction=0.010000
quickprop_decay=-0.000100
quickprop_mu=1.750000
rprop_increase_factor=1.200000
rprop_decrease_factor=0.500000
rprop_delta_min=0.000000
rprop_delta_max=50.000000
rprop_delta_zero=0.100000
cascade_output_stagnation_epochs=12
cascade_candidate_change_fraction=0.010000
cascade_candidate_stagnation_epochs=12
cascade_max_out_epochs=150
cascade_min_out_epochs=50
cascade_max_cand_epochs=150
cascade_min_cand_epochs=50
cascade_num_candidate_groups=2
bit_fail_limit=3.49999994039535522461e-01
cascade_candidate_limit=1.00000000000000000000e+03
cascade_weight_multiplier=4.00000005960464477539e-01
cascade_activation_functions_count=10
cascade_activation_functions=3 5 7 8 10 11 14 15 16 17 
cascade_activation_steepnesses_count=4
cascade_activation_steepnesses=2.50000000000000000000e-01 5.00000000000000000000e-01 7.50000000000000000000e-01 1.00000000000000000000e+00 
layer_sizes=4 5 5 2 
scale_included=0
neurons (num_inputs, activation_function, activation_steepness)=(0, 0, 0.00000000000000000000e+00) (0, 0, 0.00000000000000000000e+00) (0, 0, 0.00000000000000000000e+00) (0, 0, 0.00000000000000000000e+00) (4, 3, 5.00000000000000000000e-01) (4, 3, 5.00000000000000000000e-01) (4, 3, 5.00000000000000000000e-01) (4, 3, 5.00000000000000000000e-01) (0, 3, 0.00000000000000000000e+00) (5, 3, 5.00000000000000000000e-01) (5, 3, 5.00000000000000000000e-01) (5, 3, 5.00000000000000000000e-01) (5, 3, 5.00000000000000000000e-01) (0, 3, 0.00000000000000000000e+00) (5, 3, 5.00000000000000000000e-01) (0, 3, 0.00000000000000000000e+00) 
connections (connected_to_neuron, weight)=(0, -1.50000000000000000000e+03) (1, 1.71113983154296875000e+02) (2, -4.60477294921875000000e+01) (3, -1.82251620292663574219e+00) (0, -5.70233154296875000000e+00) (1, -4.18633842468261718750e+00) (2, -2.11572456359863281250e+00) (3, 5.26985931396484375000e+00) (0, -4.64812896728515625000e+02) (1, 1.54835403442382812500e+02) (2, 3.74596069335937500000e+02) (3, 1.19904456660151481628e-02) (0, -1.50000000000000000000e+03) (1, 1.14091987609863281250e+02) (2, -4.60477294921875000000e+01) (3, -8.38480174541473388672e-01) (4, -5.04777145385742187500e+00) (5, 4.67078704833984375000e+01) (6, -1.67629299163818359375e+01) (7, -4.99564933776855468750e+00) (8, -5.44711637496948242188e+00) (4, -1.37202587127685546875e+01) (5, 5.16950225830078125000e+01) (6, -1.48768901824951171875e+01) (7, -1.38696746826171875000e+01) (8, -6.32956457138061523438e+00) (4, 3.14687042236328125000e+02) (5, 3.00998649597167968750e+01) (6, -2.97757291793823242188e+00) (7, 3.15236999511718750000e+02) (8, -8.93972969055175781250e+00) (4, 3.14800750732421875000e+02) (5, 2.99053649902343750000e+01) (6, -2.93381071090698242188e+00) (7, -8.38988244533538818359e-01) (8, -8.97898578643798828125e+00) (9, -2.02126204967498779297e-01) (10, -7.40137457847595214844e-01) (11, -8.40386748313903808594e-01) (12, -2.63862490653991699219e+00) (13, 2.17772102355957031250e+00) 
