FANN_FLO_2.1
num_layers=3
learning_rate=0.300000
connection_rate=1.000000
network_type=0
learning_momentum=0.000000
training_algorithm=2
train_error_function=1
train_stop_function=0
cascade_output_change_fraction=0.010000
quickprop_decay=-0.000100
quickprop_mu=1.750000
rprop_increase_factor=1.200000
rprop_decrease_factor=0.500000
rprop_delta_min=0.000000
rprop_delta_max=50.000000
rprop_delta_zero=0.100000
cascade_output_stagnation_epochs=12
cascade_candidate_change_fraction=0.010000
cascade_candidate_stagnation_epochs=12
cascade_max_out_epochs=150
cascade_min_out_epochs=50
cascade_max_cand_epochs=150
cascade_min_cand_epochs=50
cascade_num_candidate_groups=2
bit_fail_limit=3.49999994039535522461e-01
cascade_candidate_limit=1.00000000000000000000e+03
cascade_weight_multiplier=4.00000005960464477539e-01
cascade_activation_functions_count=10
cascade_activation_functions=3 5 7 8 10 11 14 15 16 17 
cascade_activation_steepnesses_count=4
cascade_activation_steepnesses=2.50000000000000000000e-01 5.00000000000000000000e-01 7.50000000000000000000e-01 1.00000000000000000000e+00 
layer_sizes=4 9 2 
scale_included=0
neurons (num_inputs, activation_function, activation_steepness)=(0, 0, 0.00000000000000000000e+00) (0, 0, 0.00000000000000000000e+00) (0, 0, 0.00000000000000000000e+00) (0, 0, 0.00000000000000000000e+00) (4, 3, 5.00000000000000000000e-01) (4, 3, 5.00000000000000000000e-01) (4, 3, 5.00000000000000000000e-01) (4, 3, 5.00000000000000000000e-01) (4, 3, 5.00000000000000000000e-01) (4, 3, 5.00000000000000000000e-01) (4, 3, 5.00000000000000000000e-01) (4, 3, 5.00000000000000000000e-01) (0, 3, 0.00000000000000000000e+00) (9, 3, 5.00000000000000000000e-01) (0, 3, 0.00000000000000000000e+00) 
connections (connected_to_neuron, weight)=(0, 1.50000000000000000000e+03) (1, 1.46803515625000000000e+03) (2, 1.49999731445312500000e+03) (3, 9.25454318523406982422e-01) (0, 1.50000000000000000000e+03) (1, 1.46803515625000000000e+03) (2, 1.49999731445312500000e+03) (3, 8.60082268714904785156e-01) (0, -7.18560874462127685547e-01) (1, 5.04779994487762451172e-01) (2, -1.28149437904357910156e+00) (3, 5.09827947616577148438e+00) (0, -7.59099602699279785156e-01) (1, 3.12470763921737670898e-01) (2, -1.28660953044891357422e+00) (3, 1.63434867858886718750e+01) (0, -5.84585762023925781250e+01) (1, 3.75750827789306640625e+00) (2, -5.40222702026367187500e+01) (3, 1.88122704625129699707e-01) (0, -1.80598244071006774902e-01) (1, 3.32664847373962402344e-02) (2, -3.69421571493148803711e-01) (3, 3.55185484886169433594e+00) (0, -6.11569328308105468750e+01) (1, 2.99695134162902832031e+00) (2, -6.46050691604614257812e+00) (3, 4.95386302471160888672e-01) (0, -8.18693757057189941406e-01) (1, 2.30527326464653015137e-01) (2, -1.24526453018188476562e+00) (3, 1.79584636688232421875e+01) (4, 3.40146481990814208984e-01) (5, 3.41184675693511962891e-01) (6, -1.70782789587974548340e-01) (7, -5.69837629795074462891e-01) (8, 1.50000000000000000000e+03) (9, -4.84813261032104492188e+00) (10, -1.50000000000000000000e+03) (11, -6.17370128631591796875e-01) (12, 3.38745862245559692383e-01) 
