FANN_FLO_2.1
num_layers=3
learning_rate=0.500000
connection_rate=1.000000
network_type=0
learning_momentum=0.000000
training_algorithm=2
train_error_function=1
train_stop_function=0
cascade_output_change_fraction=0.010000
quickprop_decay=-0.000100
quickprop_mu=1.750000
rprop_increase_factor=1.200000
rprop_decrease_factor=0.500000
rprop_delta_min=0.000000
rprop_delta_max=50.000000
rprop_delta_zero=0.100000
cascade_output_stagnation_epochs=12
cascade_candidate_change_fraction=0.010000
cascade_candidate_stagnation_epochs=12
cascade_max_out_epochs=150
cascade_min_out_epochs=50
cascade_max_cand_epochs=150
cascade_min_cand_epochs=50
cascade_num_candidate_groups=2
bit_fail_limit=3.49999994039535522461e-01
cascade_candidate_limit=1.00000000000000000000e+03
cascade_weight_multiplier=4.00000005960464477539e-01
cascade_activation_functions_count=10
cascade_activation_functions=3 5 7 8 10 11 14 15 16 17 
cascade_activation_steepnesses_count=4
cascade_activation_steepnesses=2.50000000000000000000e-01 5.00000000000000000000e-01 7.50000000000000000000e-01 1.00000000000000000000e+00 
layer_sizes=3 9 4 
scale_included=0
neurons (num_inputs, activation_function, activation_steepness)=(0, 0, 0.00000000000000000000e+00) (0, 0, 0.00000000000000000000e+00) (0, 0, 0.00000000000000000000e+00) (3, 3, 5.00000000000000000000e-01) (3, 3, 5.00000000000000000000e-01) (3, 3, 5.00000000000000000000e-01) (3, 3, 5.00000000000000000000e-01) (3, 3, 5.00000000000000000000e-01) (3, 3, 5.00000000000000000000e-01) (3, 3, 5.00000000000000000000e-01) (3, 3, 5.00000000000000000000e-01) (0, 3, 0.00000000000000000000e+00) (9, 0, 5.00000000000000000000e-01) (9, 0, 5.00000000000000000000e-01) (9, 0, 5.00000000000000000000e-01) (0, 0, 0.00000000000000000000e+00) 
connections (connected_to_neuron, weight)=(0, -1.83589684963226318359e+00) (1, -3.26864290237426757812e+00) (2, 4.43677544593811035156e-01) (0, -4.63534832000732421875e+00) (1, -2.55744338035583496094e+00) (2, 8.02633106708526611328e-01) (0, -6.36076593399047851562e+00) (1, -2.24662989377975463867e-01) (2, 4.82795655727386474609e-01) (0, -3.94848036766052246094e+00) (1, 3.88219714164733886719e+00) (2, 1.34737038612365722656e+00) (0, -4.27258586883544921875e+00) (1, 1.66557431221008300781e+00) (2, 1.85160017013549804688e+00) (0, -7.79548072814941406250e+00) (1, 6.31469488143920898438e+00) (2, 1.33575782775878906250e+01) (0, -9.54140186309814453125e+00) (1, 7.45046281814575195312e+00) (2, 1.16666402816772460938e+01) (0, -3.29915761947631835938e+00) (1, 3.23736131191253662109e-01) (2, 1.45560348033905029297e+00) (3, 1.95593857765197753906e+00) (4, 2.10122394561767578125e+00) (5, 1.70635080337524414062e+00) (6, 2.18494558334350585938e+00) (7, 8.01905095577239990234e-01) (8, 5.07982373237609863281e-01) (9, -3.35055775940418243408e-02) (10, 8.22810113430023193359e-01) (11, 6.22859418392181396484e-01) (3, 6.76915597915649414062e+00) (4, 5.06959724426269531250e+00) (5, 3.52981400489807128906e+00) (6, 4.57092809677124023438e+00) (7, 4.00328063964843750000e+00) (8, 2.23119115829467773438e+00) (9, 2.08516979217529296875e+00) (10, 3.10734796524047851562e+00) (11, 2.17207670211791992188e+00) (3, 2.31205902099609375000e+01) (4, 1.58418798446655273438e+01) (5, 1.05841979980468750000e+01) (6, 1.16417875289916992188e+01) (7, 1.25378761291503906250e+01) (8, 9.60156345367431640625e+00) (9, 9.22323989868164062500e+00) (10, 1.08705959320068359375e+01) (11, 9.81165313720703125000e+00) 
