FANN_FLO_2.1
num_layers=3
learning_rate=0.400000
connection_rate=1.000000
network_type=0
learning_momentum=0.000000
training_algorithm=2
train_error_function=1
train_stop_function=0
cascade_output_change_fraction=0.010000
quickprop_decay=-0.000100
quickprop_mu=1.750000
rprop_increase_factor=1.200000
rprop_decrease_factor=0.500000
rprop_delta_min=0.000000
rprop_delta_max=50.000000
rprop_delta_zero=0.100000
cascade_output_stagnation_epochs=12
cascade_candidate_change_fraction=0.010000
cascade_candidate_stagnation_epochs=12
cascade_max_out_epochs=150
cascade_min_out_epochs=50
cascade_max_cand_epochs=150
cascade_min_cand_epochs=50
cascade_num_candidate_groups=2
bit_fail_limit=3.49999994039535522461e-01
cascade_candidate_limit=1.00000000000000000000e+03
cascade_weight_multiplier=4.00000005960464477539e-01
cascade_activation_functions_count=10
cascade_activation_functions=3 5 7 8 10 11 14 15 16 17 
cascade_activation_steepnesses_count=4
cascade_activation_steepnesses=2.50000000000000000000e-01 5.00000000000000000000e-01 7.50000000000000000000e-01 1.00000000000000000000e+00 
layer_sizes=6 5 2 
scale_included=0
neurons (num_inputs, activation_function, activation_steepness)=(0, 0, 0.00000000000000000000e+00) (0, 0, 0.00000000000000000000e+00) (0, 0, 0.00000000000000000000e+00) (0, 0, 0.00000000000000000000e+00) (0, 0, 0.00000000000000000000e+00) (0, 0, 0.00000000000000000000e+00) (6, 3, 5.00000000000000000000e-01) (6, 3, 5.00000000000000000000e-01) (6, 3, 5.00000000000000000000e-01) (6, 3, 5.00000000000000000000e-01) (0, 3, 0.00000000000000000000e+00) (5, 0, 5.00000000000000000000e-01) (0, 0, 0.00000000000000000000e+00) 
connections (connected_to_neuron, weight)=(0, -1.50000000000000000000e+03) (1, -1.50000000000000000000e+03) (2, -1.00466809082031250000e+03) (3, -1.34295593261718750000e+02) (4, 1.98372512817382812500e+02) (5, 1.86773490905761718750e+00) (0, -1.50000000000000000000e+03) (1, -1.50000000000000000000e+03) (2, -1.03277185058593750000e+03) (3, -1.88488998413085937500e+02) (4, 1.23083686828613281250e+02) (5, 3.96207594871520996094e+00) (0, -1.50000000000000000000e+03) (1, -1.50000000000000000000e+03) (2, -1.44660705566406250000e+03) (3, -6.87214736938476562500e+01) (4, 2.88744567871093750000e+02) (5, 4.28193539381027221680e-01) (0, 3.88350585937500000000e+02) (1, -3.22200073242187500000e+02) (2, -1.02080163574218750000e+03) (3, 7.24374923706054687500e+01) (4, 1.15863037109375000000e+02) (5, 1.64025413990020751953e+00) (6, 3.81982231140136718750e+01) (7, 3.80911178588867187500e+01) (8, 9.28355693817138671875e+00) (9, -4.59985017776489257812e-01) (10, 8.12059521675109863281e-01) 
