FANN_FLO_2.1
num_layers=4
learning_rate=0.500000
connection_rate=1.000000
network_type=0
learning_momentum=0.000000
training_algorithm=2
train_error_function=1
train_stop_function=0
cascade_output_change_fraction=0.010000
quickprop_decay=-0.000100
quickprop_mu=1.750000
rprop_increase_factor=1.200000
rprop_decrease_factor=0.500000
rprop_delta_min=0.000000
rprop_delta_max=50.000000
rprop_delta_zero=0.100000
cascade_output_stagnation_epochs=12
cascade_candidate_change_fraction=0.010000
cascade_candidate_stagnation_epochs=12
cascade_max_out_epochs=150
cascade_min_out_epochs=50
cascade_max_cand_epochs=150
cascade_min_cand_epochs=50
cascade_num_candidate_groups=2
bit_fail_limit=3.49999994039535522461e-01
cascade_candidate_limit=1.00000000000000000000e+03
cascade_weight_multiplier=4.00000005960464477539e-01
cascade_activation_functions_count=10
cascade_activation_functions=3 5 7 8 10 11 14 15 16 17 
cascade_activation_steepnesses_count=4
cascade_activation_steepnesses=2.50000000000000000000e-01 5.00000000000000000000e-01 7.50000000000000000000e-01 1.00000000000000000000e+00 
layer_sizes=18 3 3 2 
scale_included=0
neurons (num_inputs, activation_function, activation_steepness)=(0, 0, 0.00000000000000000000e+00) (0, 0, 0.00000000000000000000e+00) (0, 0, 0.00000000000000000000e+00) (0, 0, 0.00000000000000000000e+00) (0, 0, 0.00000000000000000000e+00) (0, 0, 0.00000000000000000000e+00) (0, 0, 0.00000000000000000000e+00) (0, 0, 0.00000000000000000000e+00) (0, 0, 0.00000000000000000000e+00) (0, 0, 0.00000000000000000000e+00) (0, 0, 0.00000000000000000000e+00) (0, 0, 0.00000000000000000000e+00) (0, 0, 0.00000000000000000000e+00) (0, 0, 0.00000000000000000000e+00) (0, 0, 0.00000000000000000000e+00) (0, 0, 0.00000000000000000000e+00) (0, 0, 0.00000000000000000000e+00) (0, 0, 0.00000000000000000000e+00) (18, 3, 5.00000000000000000000e-01) (18, 3, 5.00000000000000000000e-01) (0, 3, 0.00000000000000000000e+00) (3, 3, 5.00000000000000000000e-01) (3, 3, 5.00000000000000000000e-01) (0, 3, 0.00000000000000000000e+00) (3, 0, 5.00000000000000000000e-01) (0, 0, 0.00000000000000000000e+00) 
connections (connected_to_neuron, weight)=(0, 9.93646979331970214844e-01) (1, 9.64464426040649414062e-01) (2, 8.76516580581665039062e-01) (3, 9.43853676319122314453e-01) (4, 8.46497714519500732422e-01) (5, -2.76433199644088745117e-01) (6, -1.41624641418457031250e+00) (7, -8.63474428653717041016e-01) (8, 3.22275161743164062500e-01) (9, 8.57893466949462890625e-01) (10, 1.10038959980010986328e+00) (11, 7.33813881874084472656e-01) (12, 1.03869748115539550781e+00) (13, 1.05406773090362548828e+00) (14, 5.70287227630615234375e-01) (15, 1.08542060852050781250e+00) (16, 8.80071103572845458984e-01) (17, -5.20187425613403320312e+00) (0, 3.32648239135742187500e+01) (1, 2.63652324676513671875e+01) (2, 1.09944744110107421875e+01) (3, -6.55321731567382812500e+01) (4, 8.88523483276367187500e+00) (5, 5.44248619079589843750e+01) (6, -6.57111587524414062500e+01) (7, 3.80947036743164062500e+01) (8, 1.38548545837402343750e+01) (9, 1.63389530181884765625e+01) (10, 2.22864704132080078125e+01) (11, -4.67646331787109375000e+01) (12, 2.37046260833740234375e+01) (13, -1.48873147964477539062e+01) (14, -5.90088119506835937500e+01) (15, 1.67989292144775390625e+01) (16, -6.42657623291015625000e+01) (17, 8.60761451721191406250e+00) (18, 6.40187454223632812500e+00) (19, -1.85409680008888244629e-01) (20, -1.07779455184936523438e+00) (18, 1.50000000000000000000e+03) (19, 1.94562005996704101562e+00) (20, 9.56142604351043701172e-01) (21, 1.06557598114013671875e+01) (22, 9.00223374366760253906e-01) (23, 8.41685473918914794922e-01) 
