FANN_FLO_2.1
num_layers=3
learning_rate=0.400000
connection_rate=1.000000
network_type=0
learning_momentum=0.000000
training_algorithm=2
train_error_function=1
train_stop_function=0
cascade_output_change_fraction=0.010000
quickprop_decay=-0.000100
quickprop_mu=1.750000
rprop_increase_factor=1.200000
rprop_decrease_factor=0.500000
rprop_delta_min=0.000000
rprop_delta_max=50.000000
rprop_delta_zero=0.100000
cascade_output_stagnation_epochs=12
cascade_candidate_change_fraction=0.010000
cascade_candidate_stagnation_epochs=12
cascade_max_out_epochs=150
cascade_min_out_epochs=50
cascade_max_cand_epochs=150
cascade_min_cand_epochs=50
cascade_num_candidate_groups=2
bit_fail_limit=3.49999994039535522461e-01
cascade_candidate_limit=1.00000000000000000000e+03
cascade_weight_multiplier=4.00000005960464477539e-01
cascade_activation_functions_count=10
cascade_activation_functions=3 5 7 8 10 11 14 15 16 17 
cascade_activation_steepnesses_count=4
cascade_activation_steepnesses=2.50000000000000000000e-01 5.00000000000000000000e-01 7.50000000000000000000e-01 1.00000000000000000000e+00 
layer_sizes=10 3 2 
scale_included=0
neurons (num_inputs, activation_function, activation_steepness)=(0, 0, 0.00000000000000000000e+00) (0, 0, 0.00000000000000000000e+00) (0, 0, 0.00000000000000000000e+00) (0, 0, 0.00000000000000000000e+00) (0, 0, 0.00000000000000000000e+00) (0, 0, 0.00000000000000000000e+00) (0, 0, 0.00000000000000000000e+00) (0, 0, 0.00000000000000000000e+00) (0, 0, 0.00000000000000000000e+00) (0, 0, 0.00000000000000000000e+00) (10, 3, 5.00000000000000000000e-01) (10, 3, 5.00000000000000000000e-01) (0, 3, 0.00000000000000000000e+00) (3, 3, 5.00000000000000000000e-01) (0, 3, 0.00000000000000000000e+00) 
connections (connected_to_neuron, weight)=(0, -1.50613442063331604004e-01) (1, -3.03692296147346496582e-02) (2, -1.17576137185096740723e-01) (3, 1.41231700778007507324e-01) (4, -1.15194126963615417480e-01) (5, -5.17412647604942321777e-02) (6, -1.22208803892135620117e-01) (7, -1.49888172745704650879e-01) (8, -1.30657225847244262695e-01) (9, -1.03571474552154541016e-01) (0, -4.03708741068840026855e-02) (1, -3.88303771615028381348e-02) (2, -1.71682223677635192871e-01) (3, 6.54982030391693115234e-02) (4, -2.10792630910873413086e-01) (5, -2.34188213944435119629e-02) (6, -1.49922072887420654297e-01) (7, -1.36024400591850280762e-01) (8, -1.19210265576839447021e-01) (9, -1.48907989263534545898e-01) (10, 9.10479128360748291016e-02) (11, 7.89452046155929565430e-02) (12, 1.81788623332977294922e-01) 
