FANN_FLO_2.1
num_layers=3
learning_rate=0.300000
connection_rate=1.000000
network_type=0
learning_momentum=0.000000
training_algorithm=2
train_error_function=1
train_stop_function=0
cascade_output_change_fraction=0.010000
quickprop_decay=-0.000100
quickprop_mu=1.750000
rprop_increase_factor=1.200000
rprop_decrease_factor=0.500000
rprop_delta_min=0.000000
rprop_delta_max=50.000000
rprop_delta_zero=0.100000
cascade_output_stagnation_epochs=12
cascade_candidate_change_fraction=0.010000
cascade_candidate_stagnation_epochs=12
cascade_max_out_epochs=150
cascade_min_out_epochs=50
cascade_max_cand_epochs=150
cascade_min_cand_epochs=50
cascade_num_candidate_groups=2
bit_fail_limit=3.49999994039535522461e-01
cascade_candidate_limit=1.00000000000000000000e+03
cascade_weight_multiplier=4.00000005960464477539e-01
cascade_activation_functions_count=10
cascade_activation_functions=3 5 7 8 10 11 14 15 16 17 
cascade_activation_steepnesses_count=4
cascade_activation_steepnesses=2.50000000000000000000e-01 5.00000000000000000000e-01 7.50000000000000000000e-01 1.00000000000000000000e+00 
layer_sizes=4 9 2 
scale_included=0
neurons (num_inputs, activation_function, activation_steepness)=(0, 0, 0.00000000000000000000e+00) (0, 0, 0.00000000000000000000e+00) (0, 0, 0.00000000000000000000e+00) (0, 0, 0.00000000000000000000e+00) (4, 3, 5.00000000000000000000e-01) (4, 3, 5.00000000000000000000e-01) (4, 3, 5.00000000000000000000e-01) (4, 3, 5.00000000000000000000e-01) (4, 3, 5.00000000000000000000e-01) (4, 3, 5.00000000000000000000e-01) (4, 3, 5.00000000000000000000e-01) (4, 3, 5.00000000000000000000e-01) (0, 3, 0.00000000000000000000e+00) (9, 3, 5.00000000000000000000e-01) (0, 3, 0.00000000000000000000e+00) 
connections (connected_to_neuron, weight)=(0, -1.84347534179687500000e+00) (1, 1.16085290908813476562e+00) (2, -3.84691858291625976562e+00) (3, 1.97302303314208984375e+01) (0, -3.25944364070892333984e-01) (1, 8.71154487133026123047e-01) (2, -1.08276624679565429688e+01) (3, 4.49494034051895141602e-01) (0, -2.01485767960548400879e-01) (1, 8.57597887516021728516e-01) (2, -9.74388790130615234375e+00) (3, 8.21632575988769531250e+00) (0, -1.27382051944732666016e+00) (1, 1.06117582321166992188e+00) (2, -3.75725245475769042969e+00) (3, 3.97731399536132812500e+00) (0, -1.68647134304046630859e+00) (1, 1.04029452800750732422e+00) (2, -3.52961349487304687500e+00) (3, 3.62606978416442871094e+00) (0, -1.61724492907524108887e-01) (1, 1.79125033318996429443e-02) (2, -2.11417064070701599121e-01) (3, 3.28177452087402343750e+00) (0, -4.21833246946334838867e-01) (1, 9.26024854183197021484e-01) (2, -7.18572902679443359375e+00) (3, 4.29002881050109863281e-01) (0, -5.06245911121368408203e-01) (1, 9.62884128093719482422e-01) (2, -5.74110317230224609375e+00) (3, 6.59087717533111572266e-01) (4, -1.39113903045654296875e-01) (5, -3.95254760980606079102e-01) (6, -2.23364919424057006836e-01) (7, -1.63211017847061157227e-01) (8, -1.86160802841186523438e-01) (9, -4.86911344528198242188e+00) (10, -1.92036837339401245117e-01) (11, -7.83303976058959960938e-02) (12, 6.67185604572296142578e-01) 
