FANN_FLO_2.1
num_layers=3
learning_rate=0.400000
connection_rate=1.000000
network_type=0
learning_momentum=0.000000
training_algorithm=2
train_error_function=1
train_stop_function=0
cascade_output_change_fraction=0.010000
quickprop_decay=-0.000100
quickprop_mu=1.750000
rprop_increase_factor=1.200000
rprop_decrease_factor=0.500000
rprop_delta_min=0.000000
rprop_delta_max=50.000000
rprop_delta_zero=0.100000
cascade_output_stagnation_epochs=12
cascade_candidate_change_fraction=0.010000
cascade_candidate_stagnation_epochs=12
cascade_max_out_epochs=150
cascade_min_out_epochs=50
cascade_max_cand_epochs=150
cascade_min_cand_epochs=50
cascade_num_candidate_groups=2
bit_fail_limit=3.49999994039535522461e-01
cascade_candidate_limit=1.00000000000000000000e+03
cascade_weight_multiplier=4.00000005960464477539e-01
cascade_activation_functions_count=10
cascade_activation_functions=3 5 7 8 10 11 14 15 16 17 
cascade_activation_steepnesses_count=4
cascade_activation_steepnesses=2.50000000000000000000e-01 5.00000000000000000000e-01 7.50000000000000000000e-01 1.00000000000000000000e+00 
layer_sizes=6 5 2 
scale_included=0
neurons (num_inputs, activation_function, activation_steepness)=(0, 0, 0.00000000000000000000e+00) (0, 0, 0.00000000000000000000e+00) (0, 0, 0.00000000000000000000e+00) (0, 0, 0.00000000000000000000e+00) (0, 0, 0.00000000000000000000e+00) (0, 0, 0.00000000000000000000e+00) (6, 3, 5.00000000000000000000e-01) (6, 3, 5.00000000000000000000e-01) (6, 3, 5.00000000000000000000e-01) (6, 3, 5.00000000000000000000e-01) (0, 3, 0.00000000000000000000e+00) (5, 0, 5.00000000000000000000e-01) (0, 0, 0.00000000000000000000e+00) 
connections (connected_to_neuron, weight)=(0, -1.50000000000000000000e+03) (1, -1.50000000000000000000e+03) (2, 4.78347816467285156250e+01) (3, 2.62581944465637207031e-01) (4, 5.50638160705566406250e+01) (5, 5.74122965335845947266e-01) (0, -1.50000000000000000000e+03) (1, -1.50000000000000000000e+03) (2, 6.57645263671875000000e+01) (3, 6.56390333175659179688e+00) (4, 6.25617942810058593750e+01) (5, -6.10451507568359375000e+00) (0, -1.50000000000000000000e+03) (1, -1.50000000000000000000e+03) (2, 6.59060592651367187500e+01) (3, 3.22565525770187377930e-01) (4, 5.74063568115234375000e+01) (5, -8.79845714569091796875e+00) (0, -1.50000000000000000000e+03) (1, -1.50000000000000000000e+03) (2, 1.62287460327148437500e+02) (3, 5.74498474597930908203e-01) (4, 1.38373947143554687500e+00) (5, -1.50433406829833984375e+01) (6, 3.96896018981933593750e+01) (7, 2.97501583099365234375e+01) (8, 2.95512294769287109375e+01) (9, 4.72989196777343750000e+01) (10, 8.75684261322021484375e-01) 
