FANN_FLO_2.1
num_layers=3
learning_rate=0.500000
connection_rate=1.000000
network_type=0
learning_momentum=0.000000
training_algorithm=2
train_error_function=1
train_stop_function=0
cascade_output_change_fraction=0.010000
quickprop_decay=-0.000100
quickprop_mu=1.750000
rprop_increase_factor=1.200000
rprop_decrease_factor=0.500000
rprop_delta_min=0.000000
rprop_delta_max=50.000000
rprop_delta_zero=0.100000
cascade_output_stagnation_epochs=12
cascade_candidate_change_fraction=0.010000
cascade_candidate_stagnation_epochs=12
cascade_max_out_epochs=150
cascade_min_out_epochs=50
cascade_max_cand_epochs=150
cascade_min_cand_epochs=50
cascade_num_candidate_groups=2
bit_fail_limit=3.49999994039535522461e-01
cascade_candidate_limit=1.00000000000000000000e+03
cascade_weight_multiplier=4.00000005960464477539e-01
cascade_activation_functions_count=10
cascade_activation_functions=3 5 7 8 10 11 14 15 16 17 
cascade_activation_steepnesses_count=4
cascade_activation_steepnesses=2.50000000000000000000e-01 5.00000000000000000000e-01 7.50000000000000000000e-01 1.00000000000000000000e+00 
layer_sizes=3 9 4 
scale_included=0
neurons (num_inputs, activation_function, activation_steepness)=(0, 0, 0.00000000000000000000e+00) (0, 0, 0.00000000000000000000e+00) (0, 0, 0.00000000000000000000e+00) (3, 3, 5.00000000000000000000e-01) (3, 3, 5.00000000000000000000e-01) (3, 3, 5.00000000000000000000e-01) (3, 3, 5.00000000000000000000e-01) (3, 3, 5.00000000000000000000e-01) (3, 3, 5.00000000000000000000e-01) (3, 3, 5.00000000000000000000e-01) (3, 3, 5.00000000000000000000e-01) (0, 3, 0.00000000000000000000e+00) (9, 0, 5.00000000000000000000e-01) (9, 0, 5.00000000000000000000e-01) (9, 0, 5.00000000000000000000e-01) (0, 0, 0.00000000000000000000e+00) 
connections (connected_to_neuron, weight)=(0, -5.58447694778442382812e+00) (1, 2.75612545013427734375e+00) (2, 6.54453158378601074219e-01) (0, -5.36237812042236328125e+00) (1, 9.34021759033203125000e+00) (2, 4.84790754318237304688e+00) (0, -7.08991527557373046875e+00) (1, 2.28694319725036621094e+00) (2, -1.36149692535400390625e+00) (0, -6.31234455108642578125e+00) (1, 7.98197031021118164062e+00) (2, 4.67350435256958007812e+00) (0, -2.77233076095581054688e+00) (1, -9.49402689933776855469e-01) (2, 8.51121321320533752441e-02) (0, -4.48435258865356445312e+00) (1, 3.46064734458923339844e+00) (2, 6.42484664916992187500e-01) (0, -6.13154935836791992188e+00) (1, 6.80622625350952148438e+00) (2, 1.19804751873016357422e+00) (0, -8.38422536849975585938e-01) (1, -2.01337838172912597656e+00) (2, 3.91553342342376708984e-01) (3, 6.43447220325469970703e-01) (4, 5.52212238311767578125e-01) (5, 1.49676907062530517578e+00) (6, 5.04610300064086914062e-01) (7, 3.16876697540283203125e+00) (8, 9.56166386604309082031e-01) (9, 9.99207079410552978516e-01) (10, 2.49636077880859375000e+00) (11, 4.20196145772933959961e-01) (3, 2.66278553009033203125e+00) (4, 2.42918014526367187500e+00) (5, 3.48873996734619140625e+00) (6, 3.13948392868041992188e+00) (7, 7.55882978439331054688e+00) (8, 2.66863894462585449219e+00) (9, 2.75394964218139648438e+00) (10, 9.74419784545898437500e+00) (11, 1.62211680412292480469e+00) (3, 8.64367961883544921875e+00) (4, 8.68807888031005859375e+00) (5, 1.11430969238281250000e+01) (6, 9.08456325531005859375e+00) (7, 2.31106433868408203125e+01) (8, 8.02461624145507812500e+00) (9, 8.74803161621093750000e+00) (10, 3.42383003234863281250e+01) (11, 1.08919134140014648438e+01) 
