FANN_FLO_2.1
num_layers=3
learning_rate=0.450000
connection_rate=1.000000
network_type=0
learning_momentum=0.000000
training_algorithm=2
train_error_function=1
train_stop_function=0
cascade_output_change_fraction=0.010000
quickprop_decay=-0.000100
quickprop_mu=1.750000
rprop_increase_factor=1.200000
rprop_decrease_factor=0.500000
rprop_delta_min=0.000000
rprop_delta_max=50.000000
rprop_delta_zero=0.100000
cascade_output_stagnation_epochs=12
cascade_candidate_change_fraction=0.010000
cascade_candidate_stagnation_epochs=12
cascade_max_out_epochs=150
cascade_min_out_epochs=50
cascade_max_cand_epochs=150
cascade_min_cand_epochs=50
cascade_num_candidate_groups=2
bit_fail_limit=3.49999994039535522461e-01
cascade_candidate_limit=1.00000000000000000000e+03
cascade_weight_multiplier=4.00000005960464477539e-01
cascade_activation_functions_count=10
cascade_activation_functions=3 5 7 8 10 11 14 15 16 17 
cascade_activation_steepnesses_count=4
cascade_activation_steepnesses=2.50000000000000000000e-01 5.00000000000000000000e-01 7.50000000000000000000e-01 1.00000000000000000000e+00 
layer_sizes=7 5 2 
scale_included=0
neurons (num_inputs, activation_function, activation_steepness)=(0, 0, 0.00000000000000000000e+00) (0, 0, 0.00000000000000000000e+00) (0, 0, 0.00000000000000000000e+00) (0, 0, 0.00000000000000000000e+00) (0, 0, 0.00000000000000000000e+00) (0, 0, 0.00000000000000000000e+00) (0, 0, 0.00000000000000000000e+00) (7, 3, 5.00000000000000000000e-01) (7, 3, 5.00000000000000000000e-01) (7, 3, 5.00000000000000000000e-01) (7, 3, 5.00000000000000000000e-01) (0, 3, 0.00000000000000000000e+00) (5, 0, 5.00000000000000000000e-01) (0, 0, 0.00000000000000000000e+00) 
connections (connected_to_neuron, weight)=(0, 4.91050224304199218750e+01) (1, 1.13841848373413085938e+01) (2, -5.67590026855468750000e+01) (3, 8.11856842041015625000e+00) (4, -1.64146911621093750000e+02) (5, -8.52954406738281250000e+02) (6, -1.71979439258575439453e+00) (0, -1.21626377105712890625e+01) (1, -3.22714734077453613281e+00) (2, 2.41570186614990234375e+01) (3, -3.87025499343872070312e+00) (4, -7.04127960205078125000e+01) (5, 4.33058700561523437500e+01) (6, -1.34986507892608642578e+00) (0, -7.69924521446228027344e-02) (1, 5.91610908508300781250e-01) (2, -4.77524638175964355469e-01) (3, 1.62678897380828857422e-01) (4, 3.03255677223205566406e-01) (5, -4.31052982807159423828e-01) (6, 9.20717358589172363281e-01) (0, -2.58753185272216796875e+01) (1, -2.42313709259033203125e+01) (2, 6.88828134536743164062e+00) (3, -1.10684585571289062500e+01) (4, -3.65551757812500000000e+01) (5, 5.34816474914550781250e+01) (6, -1.19668388366699218750e+00) (7, 8.16952705383300781250e+00) (8, -1.15209980010986328125e+01) (9, -9.61672887206077575684e-02) (10, -1.10590839758515357971e-02) (11, 1.04529298841953277588e-01) 
