FANN_FLO_2.1
num_layers=4
learning_rate=0.300000
connection_rate=1.000000
network_type=0
learning_momentum=0.000000
training_algorithm=2
train_error_function=1
train_stop_function=0
cascade_output_change_fraction=0.010000
quickprop_decay=-0.000100
quickprop_mu=1.750000
rprop_increase_factor=1.200000
rprop_decrease_factor=0.500000
rprop_delta_min=0.000000
rprop_delta_max=50.000000
rprop_delta_zero=0.100000
cascade_output_stagnation_epochs=12
cascade_candidate_change_fraction=0.010000
cascade_candidate_stagnation_epochs=12
cascade_max_out_epochs=150
cascade_min_out_epochs=50
cascade_max_cand_epochs=150
cascade_min_cand_epochs=50
cascade_num_candidate_groups=2
bit_fail_limit=3.49999994039535522461e-01
cascade_candidate_limit=1.00000000000000000000e+03
cascade_weight_multiplier=4.00000005960464477539e-01
cascade_activation_functions_count=10
cascade_activation_functions=3 5 7 8 10 11 14 15 16 17 
cascade_activation_steepnesses_count=4
cascade_activation_steepnesses=2.50000000000000000000e-01 5.00000000000000000000e-01 7.50000000000000000000e-01 1.00000000000000000000e+00 
layer_sizes=2 5 5 3 
scale_included=0
neurons (num_inputs, activation_function, activation_steepness)=(0, 0, 0.00000000000000000000e+00) (0, 0, 0.00000000000000000000e+00) (2, 3, 5.00000000000000000000e-01) (2, 3, 5.00000000000000000000e-01) (2, 3, 5.00000000000000000000e-01) (2, 3, 5.00000000000000000000e-01) (0, 3, 0.00000000000000000000e+00) (5, 3, 5.00000000000000000000e-01) (5, 3, 5.00000000000000000000e-01) (5, 3, 5.00000000000000000000e-01) (5, 3, 5.00000000000000000000e-01) (0, 3, 0.00000000000000000000e+00) (5, 0, 5.00000000000000000000e-01) (5, 0, 5.00000000000000000000e-01) (0, 0, 0.00000000000000000000e+00) 
connections (connected_to_neuron, weight)=(0, -2.33867778778076171875e+01) (1, -8.74312210083007812500e+00) (0, -1.09349451065063476562e+01) (1, -2.72137355804443359375e+00) (0, -3.99784970283508300781e+00) (1, -4.57073116302490234375e+00) (0, -2.06689701080322265625e+01) (1, -7.37264013290405273438e+00) (2, 4.21154707670211791992e-01) (3, 5.08239448070526123047e-01) (4, -2.64320826530456542969e+00) (5, 5.32127904891967773438e+00) (6, -5.02829432487487792969e-01) (2, 5.63755452632904052734e-01) (3, 9.11571145057678222656e-01) (4, -6.05819559097290039062e+00) (5, 3.50019621849060058594e+00) (6, -1.03620454668998718262e-01) (2, 5.61410367488861083984e-01) (3, 1.57329368591308593750e+00) (4, -4.94046258926391601562e+00) (5, 2.13055491447448730469e+00) (6, -1.60131677985191345215e-01) (2, 2.07537817955017089844e+00) (3, -2.59181690216064453125e+00) (4, -7.71718382835388183594e-01) (5, 3.50892353057861328125e+00) (6, 6.89413368701934814453e-01) (7, 1.31172999739646911621e-01) (8, 7.82607123255729675293e-03) (9, 7.00646033510565757751e-03) (10, -2.15638205409049987793e-02) (11, -1.25481665134429931641e-01) (7, -5.10664761066436767578e-01) (8, -4.94414150714874267578e-01) (9, -5.24745762348175048828e-01) (10, -4.72739815711975097656e-01) (11, -2.76817053556442260742e-01) 
