FANN_FLO_2.1
num_layers=4
learning_rate=0.300000
connection_rate=1.000000
network_type=0
learning_momentum=0.000000
training_algorithm=2
train_error_function=1
train_stop_function=0
cascade_output_change_fraction=0.010000
quickprop_decay=-0.000100
quickprop_mu=1.750000
rprop_increase_factor=1.200000
rprop_decrease_factor=0.500000
rprop_delta_min=0.000000
rprop_delta_max=50.000000
rprop_delta_zero=0.100000
cascade_output_stagnation_epochs=12
cascade_candidate_change_fraction=0.010000
cascade_candidate_stagnation_epochs=12
cascade_max_out_epochs=150
cascade_min_out_epochs=50
cascade_max_cand_epochs=150
cascade_min_cand_epochs=50
cascade_num_candidate_groups=2
bit_fail_limit=3.49999994039535522461e-01
cascade_candidate_limit=1.00000000000000000000e+03
cascade_weight_multiplier=4.00000005960464477539e-01
cascade_activation_functions_count=10
cascade_activation_functions=3 5 7 8 10 11 14 15 16 17 
cascade_activation_steepnesses_count=4
cascade_activation_steepnesses=2.50000000000000000000e-01 5.00000000000000000000e-01 7.50000000000000000000e-01 1.00000000000000000000e+00 
layer_sizes=2 5 5 3 
scale_included=0
neurons (num_inputs, activation_function, activation_steepness)=(0, 0, 0.00000000000000000000e+00) (0, 0, 0.00000000000000000000e+00) (2, 3, 5.00000000000000000000e-01) (2, 3, 5.00000000000000000000e-01) (2, 3, 5.00000000000000000000e-01) (2, 3, 5.00000000000000000000e-01) (0, 3, 0.00000000000000000000e+00) (5, 3, 5.00000000000000000000e-01) (5, 3, 5.00000000000000000000e-01) (5, 3, 5.00000000000000000000e-01) (5, 3, 5.00000000000000000000e-01) (0, 3, 0.00000000000000000000e+00) (5, 0, 5.00000000000000000000e-01) (5, 0, 5.00000000000000000000e-01) (0, 0, 0.00000000000000000000e+00) 
connections (connected_to_neuron, weight)=(0, -2.55608100891113281250e+01) (1, -8.77885460853576660156e-01) (0, -9.95060253143310546875e+00) (1, -5.74658334255218505859e-01) (0, -5.14060478210449218750e+01) (1, -1.41722023487091064453e+00) (0, -1.38948707580566406250e+01) (1, -9.26270425319671630859e-01) (2, 4.12126004695892333984e-01) (3, 7.12873160839080810547e-01) (4, 2.70806527137756347656e+00) (5, 4.88490283489227294922e-01) (6, -4.60478484630584716797e-01) (2, 1.13835060596466064453e+00) (3, 8.69080662727355957031e-01) (4, 8.65645599365234375000e+00) (5, 1.84488534927368164062e+00) (6, -4.18840599060058593750e+00) (2, -1.89607417583465576172e+00) (3, -1.07193624973297119141e+00) (4, -9.09879028797149658203e-01) (5, -1.78137946128845214844e+00) (6, 2.98650149488821625710e-04) (2, 1.08999097347259521484e+00) (3, 7.21877992153167724609e-01) (4, 3.27823543548583984375e+00) (5, 7.94374048709869384766e-01) (6, -9.05670046806335449219e-01) (7, -6.07289820909500122070e-02) (8, 3.92090454697608947754e-02) (9, -9.18917536735534667969e-01) (10, 6.37717992067337036133e-02) (11, -4.89698499441146850586e-02) (7, -6.28150582313537597656e-01) (8, -5.84769427776336669922e-01) (9, -1.29769772291183471680e-01) (10, -5.49510061740875244141e-01) (11, -4.58785533905029296875e-01) 
