FANN_FLO_2.1
num_layers=3
learning_rate=0.450000
connection_rate=1.000000
network_type=0
learning_momentum=0.000000
training_algorithm=2
train_error_function=1
train_stop_function=0
cascade_output_change_fraction=0.010000
quickprop_decay=-0.000100
quickprop_mu=1.750000
rprop_increase_factor=1.200000
rprop_decrease_factor=0.500000
rprop_delta_min=0.000000
rprop_delta_max=50.000000
rprop_delta_zero=0.100000
cascade_output_stagnation_epochs=12
cascade_candidate_change_fraction=0.010000
cascade_candidate_stagnation_epochs=12
cascade_max_out_epochs=150
cascade_min_out_epochs=50
cascade_max_cand_epochs=150
cascade_min_cand_epochs=50
cascade_num_candidate_groups=2
bit_fail_limit=3.49999994039535522461e-01
cascade_candidate_limit=1.00000000000000000000e+03
cascade_weight_multiplier=4.00000005960464477539e-01
cascade_activation_functions_count=10
cascade_activation_functions=3 5 7 8 10 11 14 15 16 17 
cascade_activation_steepnesses_count=4
cascade_activation_steepnesses=2.50000000000000000000e-01 5.00000000000000000000e-01 7.50000000000000000000e-01 1.00000000000000000000e+00 
layer_sizes=7 5 2 
scale_included=0
neurons (num_inputs, activation_function, activation_steepness)=(0, 0, 0.00000000000000000000e+00) (0, 0, 0.00000000000000000000e+00) (0, 0, 0.00000000000000000000e+00) (0, 0, 0.00000000000000000000e+00) (0, 0, 0.00000000000000000000e+00) (0, 0, 0.00000000000000000000e+00) (0, 0, 0.00000000000000000000e+00) (7, 3, 5.00000000000000000000e-01) (7, 3, 5.00000000000000000000e-01) (7, 3, 5.00000000000000000000e-01) (7, 3, 5.00000000000000000000e-01) (0, 3, 0.00000000000000000000e+00) (5, 0, 5.00000000000000000000e-01) (0, 0, 0.00000000000000000000e+00) 
connections (connected_to_neuron, weight)=(0, -3.28768819570541381836e-01) (1, -8.83848190307617187500e-01) (2, 1.14365482330322265625e+00) (3, -2.79961615800857543945e-01) (4, -6.34175240993499755859e-01) (5, 9.23809349536895751953e-01) (6, -1.50685107707977294922e+00) (0, -9.45201477050781250000e+02) (1, -1.07686450195312500000e+03) (2, 1.48584289550781250000e+03) (3, -9.45201477050781250000e+02) (4, -1.06100146484375000000e+03) (5, 1.49992822265625000000e+03) (6, -6.53343200683593750000e-02) (0, -1.10694564878940582275e-01) (1, -4.40710842609405517578e-01) (2, 5.21545469760894775391e-01) (3, -7.85671919584274291992e-03) (4, -5.87450005114078521729e-02) (5, 1.05908453464508056641e-01) (6, -4.54418271780014038086e-01) (0, 3.11277270317077636719e-01) (1, -4.18113946914672851562e-01) (2, 3.30361872911453247070e-02) (3, 2.64422625303268432617e-01) (4, -2.31643587350845336914e-01) (5, -1.34562730789184570312e-01) (6, 2.18308091163635253906e+00) (7, 4.88046550750732421875e+00) (8, 2.09790281951427459717e-02) (9, -4.43677276372909545898e-01) (10, 5.91850094497203826904e-02) (11, -2.02913302928209304810e-03) 
