FANN_FLO_2.1
num_layers=4
learning_rate=0.450000
connection_rate=1.000000
network_type=0
learning_momentum=0.000000
training_algorithm=2
train_error_function=1
train_stop_function=0
cascade_output_change_fraction=0.010000
quickprop_decay=-0.000100
quickprop_mu=1.750000
rprop_increase_factor=1.200000
rprop_decrease_factor=0.500000
rprop_delta_min=0.000000
rprop_delta_max=50.000000
rprop_delta_zero=0.100000
cascade_output_stagnation_epochs=12
cascade_candidate_change_fraction=0.010000
cascade_candidate_stagnation_epochs=12
cascade_max_out_epochs=150
cascade_min_out_epochs=50
cascade_max_cand_epochs=150
cascade_min_cand_epochs=50
cascade_num_candidate_groups=2
bit_fail_limit=3.49999994039535522461e-01
cascade_candidate_limit=1.00000000000000000000e+03
cascade_weight_multiplier=4.00000005960464477539e-01
cascade_activation_functions_count=10
cascade_activation_functions=3 5 7 8 10 11 14 15 16 17 
cascade_activation_steepnesses_count=4
cascade_activation_steepnesses=2.50000000000000000000e-01 5.00000000000000000000e-01 7.50000000000000000000e-01 1.00000000000000000000e+00 
layer_sizes=7 3 3 2 
scale_included=0
neurons (num_inputs, activation_function, activation_steepness)=(0, 0, 0.00000000000000000000e+00) (0, 0, 0.00000000000000000000e+00) (0, 0, 0.00000000000000000000e+00) (0, 0, 0.00000000000000000000e+00) (0, 0, 0.00000000000000000000e+00) (0, 0, 0.00000000000000000000e+00) (0, 0, 0.00000000000000000000e+00) (7, 3, 5.00000000000000000000e-01) (7, 3, 5.00000000000000000000e-01) (0, 3, 0.00000000000000000000e+00) (3, 3, 5.00000000000000000000e-01) (3, 3, 5.00000000000000000000e-01) (0, 3, 0.00000000000000000000e+00) (3, 0, 5.00000000000000000000e-01) (0, 0, 0.00000000000000000000e+00) 
connections (connected_to_neuron, weight)=(0, 1.07132351398468017578e+00) (1, -1.79740539550781250000e+02) (2, 4.75171279907226562500e+01) (3, 6.97381556034088134766e-01) (4, -1.50000000000000000000e+03) (5, -1.24723434448242187500e+00) (6, -1.12225227355957031250e+01) (0, -2.42877408862113952637e-01) (1, 1.07987105846405029297e+00) (2, -9.94067311286926269531e-01) (3, 1.40484929084777832031e+00) (4, 1.43684601783752441406e+00) (5, -2.67418360710144042969e+00) (6, 2.26916170120239257812e+00) (7, 1.50000000000000000000e+03) (8, 1.21228265762329101562e+01) (9, -6.53947925567626953125e+00) (7, 1.50000000000000000000e+03) (8, -3.75885558128356933594e+00) (9, 3.21867287158966064453e-01) (10, 1.13444991409778594971e-01) (11, 3.24652338027954101562e+00) (12, -1.98278352618217468262e-01) 
