FANN_FLO_2.1
num_layers=3
learning_rate=0.400000
connection_rate=1.000000
network_type=0
learning_momentum=0.000000
training_algorithm=2
train_error_function=1
train_stop_function=0
cascade_output_change_fraction=0.010000
quickprop_decay=-0.000100
quickprop_mu=1.750000
rprop_increase_factor=1.200000
rprop_decrease_factor=0.500000
rprop_delta_min=0.000000
rprop_delta_max=50.000000
rprop_delta_zero=0.100000
cascade_output_stagnation_epochs=12
cascade_candidate_change_fraction=0.010000
cascade_candidate_stagnation_epochs=12
cascade_max_out_epochs=150
cascade_min_out_epochs=50
cascade_max_cand_epochs=150
cascade_min_cand_epochs=50
cascade_num_candidate_groups=2
bit_fail_limit=3.49999994039535522461e-01
cascade_candidate_limit=1.00000000000000000000e+03
cascade_weight_multiplier=4.00000005960464477539e-01
cascade_activation_functions_count=10
cascade_activation_functions=3 5 7 8 10 11 14 15 16 17 
cascade_activation_steepnesses_count=4
cascade_activation_steepnesses=2.50000000000000000000e-01 5.00000000000000000000e-01 7.50000000000000000000e-01 1.00000000000000000000e+00 
layer_sizes=10 3 2 
scale_included=0
neurons (num_inputs, activation_function, activation_steepness)=(0, 0, 0.00000000000000000000e+00) (0, 0, 0.00000000000000000000e+00) (0, 0, 0.00000000000000000000e+00) (0, 0, 0.00000000000000000000e+00) (0, 0, 0.00000000000000000000e+00) (0, 0, 0.00000000000000000000e+00) (0, 0, 0.00000000000000000000e+00) (0, 0, 0.00000000000000000000e+00) (0, 0, 0.00000000000000000000e+00) (0, 0, 0.00000000000000000000e+00) (10, 3, 5.00000000000000000000e-01) (10, 3, 5.00000000000000000000e-01) (0, 3, 0.00000000000000000000e+00) (3, 3, 5.00000000000000000000e-01) (0, 3, 0.00000000000000000000e+00) 
connections (connected_to_neuron, weight)=(0, -8.93371477723121643066e-02) (1, -1.34392246603965759277e-01) (2, -1.96708440780639648438e-01) (3, -1.87221392989158630371e-01) (4, -7.39716663956642150879e-02) (5, -1.85303658246994018555e-01) (6, -7.31513872742652893066e-02) (7, -4.42559197545051574707e-02) (8, -1.85701355338096618652e-01) (9, -1.96424767374992370605e-01) (0, -2.17256128787994384766e-01) (1, -5.67350015044212341309e-02) (2, -1.94543540477752685547e-01) (3, -2.94710025191307067871e-02) (4, -1.47003516554832458496e-01) (5, -1.32413312792778015137e-01) (6, -9.23663899302482604980e-02) (7, -4.31161746382713317871e-02) (8, -4.80110421776771545410e-02) (9, -7.89988860487937927246e-02) (10, -1.02788485586643218994e-01) (11, -5.50897493958473205566e-02) (12, -6.32041916251182556152e-02) 
