FANN_FLO_2.1
num_layers=3
learning_rate=0.500000
connection_rate=1.000000
network_type=0
learning_momentum=0.000000
training_algorithm=2
train_error_function=1
train_stop_function=0
cascade_output_change_fraction=0.010000
quickprop_decay=-0.000100
quickprop_mu=1.750000
rprop_increase_factor=1.200000
rprop_decrease_factor=0.500000
rprop_delta_min=0.000000
rprop_delta_max=50.000000
rprop_delta_zero=0.100000
cascade_output_stagnation_epochs=12
cascade_candidate_change_fraction=0.010000
cascade_candidate_stagnation_epochs=12
cascade_max_out_epochs=150
cascade_min_out_epochs=50
cascade_max_cand_epochs=150
cascade_min_cand_epochs=50
cascade_num_candidate_groups=2
bit_fail_limit=3.49999994039535522461e-01
cascade_candidate_limit=1.00000000000000000000e+03
cascade_weight_multiplier=4.00000005960464477539e-01
cascade_activation_functions_count=10
cascade_activation_functions=3 5 7 8 10 11 14 15 16 17 
cascade_activation_steepnesses_count=4
cascade_activation_steepnesses=2.50000000000000000000e-01 5.00000000000000000000e-01 7.50000000000000000000e-01 1.00000000000000000000e+00 
layer_sizes=10 5 2 
scale_included=0
neurons (num_inputs, activation_function, activation_steepness)=(0, 0, 0.00000000000000000000e+00) (0, 0, 0.00000000000000000000e+00) (0, 0, 0.00000000000000000000e+00) (0, 0, 0.00000000000000000000e+00) (0, 0, 0.00000000000000000000e+00) (0, 0, 0.00000000000000000000e+00) (0, 0, 0.00000000000000000000e+00) (0, 0, 0.00000000000000000000e+00) (0, 0, 0.00000000000000000000e+00) (0, 0, 0.00000000000000000000e+00) (10, 3, 5.00000000000000000000e-01) (10, 3, 5.00000000000000000000e-01) (10, 3, 5.00000000000000000000e-01) (10, 3, 5.00000000000000000000e-01) (0, 3, 0.00000000000000000000e+00) (5, 3, 5.00000000000000000000e-01) (0, 3, 0.00000000000000000000e+00) 
connections (connected_to_neuron, weight)=(0, 4.40975546836853027344e-01) (1, 6.04389965534210205078e-01) (2, 6.43318295478820800781e-01) (3, 6.88845992088317871094e-01) (4, 6.28950297832489013672e-01) (5, 6.40897631645202636719e-01) (6, 5.24111509323120117188e-01) (7, 1.30330216884613037109e+00) (8, 8.11540126800537109375e-01) (9, -3.34320664405822753906e+00) (0, -6.88362658023834228516e-01) (1, -7.21682071685791015625e-01) (2, -4.52162981033325195312e-01) (3, -5.78074991703033447266e-01) (4, -9.83577609062194824219e-01) (5, -6.10591113567352294922e-01) (6, -1.44245162606239318848e-01) (7, -6.16919770836830139160e-02) (8, -3.39074701070785522461e-01) (9, 1.12870264053344726562e+00) (0, 5.91848433017730712891e-01) (1, 6.81909203529357910156e-01) (2, 1.02956819534301757812e+00) (3, 5.73526263236999511719e-01) (4, -1.59944295883178710938e-01) (5, 5.20088970661163330078e-01) (6, 1.61913204193115234375e+00) (7, 6.99281871318817138672e-01) (8, 8.70407223701477050781e-01) (9, -3.75705385208129882812e+00) (0, -7.81003057956695556641e-01) (1, -5.59629380702972412109e-01) (2, -4.40322548151016235352e-01) (3, -6.85594081878662109375e-01) (4, -8.80125284194946289062e-01) (5, -8.19182336330413818359e-01) (6, -4.00417566299438476562e-01) (7, -6.76088333129882812500e-01) (8, -5.85587143898010253906e-01) (9, 1.14088678359985351562e+00) (10, 7.43146836757659912109e-01) (11, -1.12519168853759765625e+00) (12, 8.24262619018554687500e-01) (13, -1.26016223430633544922e+00) (14, -1.78378492593765258789e-01) 
