FANN_FLO_2.1
num_layers=4
learning_rate=0.450000
connection_rate=1.000000
network_type=0
learning_momentum=0.000000
training_algorithm=2
train_error_function=1
train_stop_function=0
cascade_output_change_fraction=0.010000
quickprop_decay=-0.000100
quickprop_mu=1.750000
rprop_increase_factor=1.200000
rprop_decrease_factor=0.500000
rprop_delta_min=0.000000
rprop_delta_max=50.000000
rprop_delta_zero=0.100000
cascade_output_stagnation_epochs=12
cascade_candidate_change_fraction=0.010000
cascade_candidate_stagnation_epochs=12
cascade_max_out_epochs=150
cascade_min_out_epochs=50
cascade_max_cand_epochs=150
cascade_min_cand_epochs=50
cascade_num_candidate_groups=2
bit_fail_limit=3.49999994039535522461e-01
cascade_candidate_limit=1.00000000000000000000e+03
cascade_weight_multiplier=4.00000005960464477539e-01
cascade_activation_functions_count=10
cascade_activation_functions=3 5 7 8 10 11 14 15 16 17 
cascade_activation_steepnesses_count=4
cascade_activation_steepnesses=2.50000000000000000000e-01 5.00000000000000000000e-01 7.50000000000000000000e-01 1.00000000000000000000e+00 
layer_sizes=7 3 3 2 
scale_included=0
neurons (num_inputs, activation_function, activation_steepness)=(0, 0, 0.00000000000000000000e+00) (0, 0, 0.00000000000000000000e+00) (0, 0, 0.00000000000000000000e+00) (0, 0, 0.00000000000000000000e+00) (0, 0, 0.00000000000000000000e+00) (0, 0, 0.00000000000000000000e+00) (0, 0, 0.00000000000000000000e+00) (7, 3, 5.00000000000000000000e-01) (7, 3, 5.00000000000000000000e-01) (0, 3, 0.00000000000000000000e+00) (3, 3, 5.00000000000000000000e-01) (3, 3, 5.00000000000000000000e-01) (0, 3, 0.00000000000000000000e+00) (3, 0, 5.00000000000000000000e-01) (0, 0, 0.00000000000000000000e+00) 
connections (connected_to_neuron, weight)=(0, 1.22256347656250000000e+02) (1, 4.15104309082031250000e+02) (2, -3.58319732666015625000e+02) (3, 1.22197448730468750000e+02) (4, 2.91802215576171875000e+02) (5, -3.58287261962890625000e+02) (6, -6.02173864841461181641e-01) (0, 1.22258483886718750000e+02) (1, 4.15001159667968750000e+02) (2, -3.58440093994140625000e+02) (3, 1.22192810058593750000e+02) (4, 2.91843475341796875000e+02) (5, -3.58430694580078125000e+02) (6, -6.13962709903717041016e-01) (7, 1.49999987792968750000e+03) (8, 1.49999987792968750000e+03) (9, -1.09925794601440429688e+00) (7, 9.48229492187500000000e+02) (8, 9.48235473632812500000e+02) (9, 2.20722183585166931152e-02) (10, -3.78854461014270782471e-02) (11, 5.99756874144077301025e-02) (12, -2.04409216530621051788e-03) 
