FANN_FLO_2.1
num_layers=3
learning_rate=0.500000
connection_rate=1.000000
network_type=0
learning_momentum=0.000000
training_algorithm=2
train_error_function=1
train_stop_function=0
cascade_output_change_fraction=0.010000
quickprop_decay=-0.000100
quickprop_mu=1.750000
rprop_increase_factor=1.200000
rprop_decrease_factor=0.500000
rprop_delta_min=0.000000
rprop_delta_max=50.000000
rprop_delta_zero=0.100000
cascade_output_stagnation_epochs=12
cascade_candidate_change_fraction=0.010000
cascade_candidate_stagnation_epochs=12
cascade_max_out_epochs=150
cascade_min_out_epochs=50
cascade_max_cand_epochs=150
cascade_min_cand_epochs=50
cascade_num_candidate_groups=2
bit_fail_limit=3.49999994039535522461e-01
cascade_candidate_limit=1.00000000000000000000e+03
cascade_weight_multiplier=4.00000005960464477539e-01
cascade_activation_functions_count=10
cascade_activation_functions=3 5 7 8 10 11 14 15 16 17 
cascade_activation_steepnesses_count=4
cascade_activation_steepnesses=2.50000000000000000000e-01 5.00000000000000000000e-01 7.50000000000000000000e-01 1.00000000000000000000e+00 
layer_sizes=3 5 4 
scale_included=0
neurons (num_inputs, activation_function, activation_steepness)=(0, 0, 0.00000000000000000000e+00) (0, 0, 0.00000000000000000000e+00) (0, 0, 0.00000000000000000000e+00) (3, 3, 5.00000000000000000000e-01) (3, 3, 5.00000000000000000000e-01) (3, 3, 5.00000000000000000000e-01) (3, 3, 5.00000000000000000000e-01) (0, 3, 0.00000000000000000000e+00) (5, 0, 5.00000000000000000000e-01) (5, 0, 5.00000000000000000000e-01) (5, 0, 5.00000000000000000000e-01) (0, 0, 0.00000000000000000000e+00) 
connections (connected_to_neuron, weight)=(0, -3.44751930236816406250e+00) (1, 2.12965822219848632812e+00) (2, 2.84217745065689086914e-02) (0, -7.60187744140625000000e+02) (1, -1.45894897460937500000e+03) (2, 6.86581432819366455078e-01) (0, -9.62659454345703125000e+00) (1, 6.83477830886840820312e+00) (2, 1.03071832656860351562e+01) (0, -1.81796360015869140625e+00) (1, -1.16730225086212158203e+00) (2, 9.92674887180328369141e-01) (3, 3.36716294288635253906e+00) (4, 1.44445788860321044922e+00) (5, 1.04112124443054199219e+00) (6, 4.24871921539306640625e+00) (7, 7.17894077301025390625e-01) (3, 8.61065864562988281250e+00) (4, 2.97340607643127441406e+00) (5, 4.09376573562622070312e+00) (6, 1.35332012176513671875e+01) (7, 3.91896605491638183594e+00) (3, 2.54340629577636718750e+01) (4, 1.22376012802124023438e+01) (5, 1.66086368560791015625e+01) (6, 4.20441932678222656250e+01) (7, 1.65690155029296875000e+01) 
