FANN_FLO_2.1
num_layers=3
learning_rate=0.400000
connection_rate=1.000000
network_type=0
learning_momentum=0.000000
training_algorithm=2
train_error_function=1
train_stop_function=0
cascade_output_change_fraction=0.010000
quickprop_decay=-0.000100
quickprop_mu=1.750000
rprop_increase_factor=1.200000
rprop_decrease_factor=0.500000
rprop_delta_min=0.000000
rprop_delta_max=50.000000
rprop_delta_zero=0.100000
cascade_output_stagnation_epochs=12
cascade_candidate_change_fraction=0.010000
cascade_candidate_stagnation_epochs=12
cascade_max_out_epochs=150
cascade_min_out_epochs=50
cascade_max_cand_epochs=150
cascade_min_cand_epochs=50
cascade_num_candidate_groups=2
bit_fail_limit=3.49999994039535522461e-01
cascade_candidate_limit=1.00000000000000000000e+03
cascade_weight_multiplier=4.00000005960464477539e-01
cascade_activation_functions_count=10
cascade_activation_functions=3 5 7 8 10 11 14 15 16 17 
cascade_activation_steepnesses_count=4
cascade_activation_steepnesses=2.50000000000000000000e-01 5.00000000000000000000e-01 7.50000000000000000000e-01 1.00000000000000000000e+00 
layer_sizes=10 3 2 
scale_included=0
neurons (num_inputs, activation_function, activation_steepness)=(0, 0, 0.00000000000000000000e+00) (0, 0, 0.00000000000000000000e+00) (0, 0, 0.00000000000000000000e+00) (0, 0, 0.00000000000000000000e+00) (0, 0, 0.00000000000000000000e+00) (0, 0, 0.00000000000000000000e+00) (0, 0, 0.00000000000000000000e+00) (0, 0, 0.00000000000000000000e+00) (0, 0, 0.00000000000000000000e+00) (0, 0, 0.00000000000000000000e+00) (10, 3, 5.00000000000000000000e-01) (10, 3, 5.00000000000000000000e-01) (0, 3, 0.00000000000000000000e+00) (3, 3, 5.00000000000000000000e-01) (0, 3, 0.00000000000000000000e+00) 
connections (connected_to_neuron, weight)=(0, 1.72547578811645507812e-01) (1, -1.23771198093891143799e-01) (2, 3.64503264427185058594e-02) (3, 1.39300242066383361816e-01) (4, 9.62879508733749389648e-02) (5, 2.23371908068656921387e-02) (6, 2.12938189506530761719e-01) (7, 1.37300670146942138672e-01) (8, 1.06250211596488952637e-01) (9, -2.45585218071937561035e-02) (0, -1.63178980350494384766e-01) (1, 6.26026242971420288086e-02) (2, -1.71750158071517944336e-01) (3, -2.05794870853424072266e-01) (4, -1.19265273213386535645e-01) (5, -1.89760029315948486328e-01) (6, -7.15354606509208679199e-02) (7, -1.58576786518096923828e-01) (8, -9.73995551466941833496e-02) (9, 4.50499206781387329102e-02) (10, 1.00712224841117858887e-01) (11, 1.38792708516120910645e-01) (12, 1.24585188925266265869e-01) 
