FANN_FLO_2.1
num_layers=3
learning_rate=0.400000
connection_rate=1.000000
network_type=0
learning_momentum=0.000000
training_algorithm=2
train_error_function=1
train_stop_function=0
cascade_output_change_fraction=0.010000
quickprop_decay=-0.000100
quickprop_mu=1.750000
rprop_increase_factor=1.200000
rprop_decrease_factor=0.500000
rprop_delta_min=0.000000
rprop_delta_max=50.000000
rprop_delta_zero=0.100000
cascade_output_stagnation_epochs=12
cascade_candidate_change_fraction=0.010000
cascade_candidate_stagnation_epochs=12
cascade_max_out_epochs=150
cascade_min_out_epochs=50
cascade_max_cand_epochs=150
cascade_min_cand_epochs=50
cascade_num_candidate_groups=2
bit_fail_limit=3.49999994039535522461e-01
cascade_candidate_limit=1.00000000000000000000e+03
cascade_weight_multiplier=4.00000005960464477539e-01
cascade_activation_functions_count=10
cascade_activation_functions=3 5 7 8 10 11 14 15 16 17 
cascade_activation_steepnesses_count=4
cascade_activation_steepnesses=2.50000000000000000000e-01 5.00000000000000000000e-01 7.50000000000000000000e-01 1.00000000000000000000e+00 
layer_sizes=10 3 2 
scale_included=0
neurons (num_inputs, activation_function, activation_steepness)=(0, 0, 0.00000000000000000000e+00) (0, 0, 0.00000000000000000000e+00) (0, 0, 0.00000000000000000000e+00) (0, 0, 0.00000000000000000000e+00) (0, 0, 0.00000000000000000000e+00) (0, 0, 0.00000000000000000000e+00) (0, 0, 0.00000000000000000000e+00) (0, 0, 0.00000000000000000000e+00) (0, 0, 0.00000000000000000000e+00) (0, 0, 0.00000000000000000000e+00) (10, 3, 5.00000000000000000000e-01) (10, 3, 5.00000000000000000000e-01) (0, 3, 0.00000000000000000000e+00) (3, 3, 5.00000000000000000000e-01) (0, 3, 0.00000000000000000000e+00) 
connections (connected_to_neuron, weight)=(0, -7.73891136050224304199e-02) (1, -1.71064078807830810547e-01) (2, -9.65534448623657226562e-02) (3, -2.08243131637573242188e-01) (4, -1.18719533085823059082e-01) (5, -8.28558877110481262207e-02) (6, -3.41440662741661071777e-02) (7, -1.53949037194252014160e-01) (8, -1.56965792179107666016e-01) (9, -2.07079768180847167969e-01) (0, -1.19549013674259185791e-01) (1, -1.02603517472743988037e-01) (2, -2.58739367127418518066e-02) (3, -4.14162650704383850098e-02) (4, -1.98014110326766967773e-01) (5, -2.68293544650077819824e-02) (6, -1.50103330612182617188e-01) (7, -1.22947096824645996094e-01) (8, -2.06000879406929016113e-02) (9, -9.65328365564346313477e-02) (10, -9.10944864153861999512e-02) (11, -7.95024111866950988770e-02) (12, -1.03756234049797058105e-01) 
