FANN_FLO_2.1
num_layers=3
learning_rate=0.400000
connection_rate=1.000000
network_type=0
learning_momentum=0.000000
training_algorithm=2
train_error_function=1
train_stop_function=0
cascade_output_change_fraction=0.010000
quickprop_decay=-0.000100
quickprop_mu=1.750000
rprop_increase_factor=1.200000
rprop_decrease_factor=0.500000
rprop_delta_min=0.000000
rprop_delta_max=50.000000
rprop_delta_zero=0.100000
cascade_output_stagnation_epochs=12
cascade_candidate_change_fraction=0.010000
cascade_candidate_stagnation_epochs=12
cascade_max_out_epochs=150
cascade_min_out_epochs=50
cascade_max_cand_epochs=150
cascade_min_cand_epochs=50
cascade_num_candidate_groups=2
bit_fail_limit=3.49999994039535522461e-01
cascade_candidate_limit=1.00000000000000000000e+03
cascade_weight_multiplier=4.00000005960464477539e-01
cascade_activation_functions_count=10
cascade_activation_functions=3 5 7 8 10 11 14 15 16 17 
cascade_activation_steepnesses_count=4
cascade_activation_steepnesses=2.50000000000000000000e-01 5.00000000000000000000e-01 7.50000000000000000000e-01 1.00000000000000000000e+00 
layer_sizes=6 5 2 
scale_included=0
neurons (num_inputs, activation_function, activation_steepness)=(0, 0, 0.00000000000000000000e+00) (0, 0, 0.00000000000000000000e+00) (0, 0, 0.00000000000000000000e+00) (0, 0, 0.00000000000000000000e+00) (0, 0, 0.00000000000000000000e+00) (0, 0, 0.00000000000000000000e+00) (6, 3, 5.00000000000000000000e-01) (6, 3, 5.00000000000000000000e-01) (6, 3, 5.00000000000000000000e-01) (6, 3, 5.00000000000000000000e-01) (0, 3, 0.00000000000000000000e+00) (5, 0, 5.00000000000000000000e-01) (0, 0, 0.00000000000000000000e+00) 
connections (connected_to_neuron, weight)=(0, -4.38218231201171875000e+01) (1, -4.20405006408691406250e+00) (2, -4.19777601957321166992e-01) (3, -1.25215876102447509766e+00) (4, -8.30044388771057128906e-01) (5, -3.44017446041107177734e-01) (0, -5.52952194213867187500e+01) (1, -5.42719364166259765625e+00) (2, -4.57978159189224243164e-01) (3, -1.72926414012908935547e+00) (4, -9.76638555526733398438e-01) (5, -8.20326525717973709106e-03) (0, -3.77574968338012695312e+00) (1, -5.80862402915954589844e-01) (2, 6.74083381891250610352e-02) (3, -2.08695936203002929688e+00) (4, 2.41575106978416442871e-01) (5, -7.39504337310791015625e-01) (0, -1.74088935852050781250e+01) (1, -9.04556930065155029297e-01) (2, -3.76566439867019653320e-01) (3, -1.49248683452606201172e+00) (4, 6.83949887752532958984e-02) (5, -5.20577192306518554688e-01) (6, 1.57563173770904541016e+00) (7, 1.81892633438110351562e+00) (8, 6.00767791271209716797e-01) (9, 8.49692583084106445312e-01) (10, 4.94323134422302246094e-01) 
