FANN_FLO_2.1
num_layers=4
learning_rate=0.450000
connection_rate=1.000000
network_type=0
learning_momentum=0.000000
training_algorithm=2
train_error_function=1
train_stop_function=0
cascade_output_change_fraction=0.010000
quickprop_decay=-0.000100
quickprop_mu=1.750000
rprop_increase_factor=1.200000
rprop_decrease_factor=0.500000
rprop_delta_min=0.000000
rprop_delta_max=50.000000
rprop_delta_zero=0.100000
cascade_output_stagnation_epochs=12
cascade_candidate_change_fraction=0.010000
cascade_candidate_stagnation_epochs=12
cascade_max_out_epochs=150
cascade_min_out_epochs=50
cascade_max_cand_epochs=150
cascade_min_cand_epochs=50
cascade_num_candidate_groups=2
bit_fail_limit=3.49999994039535522461e-01
cascade_candidate_limit=1.00000000000000000000e+03
cascade_weight_multiplier=4.00000005960464477539e-01
cascade_activation_functions_count=10
cascade_activation_functions=3 5 7 8 10 11 14 15 16 17 
cascade_activation_steepnesses_count=4
cascade_activation_steepnesses=2.50000000000000000000e-01 5.00000000000000000000e-01 7.50000000000000000000e-01 1.00000000000000000000e+00 
layer_sizes=7 5 3 2 
scale_included=0
neurons (num_inputs, activation_function, activation_steepness)=(0, 0, 0.00000000000000000000e+00) (0, 0, 0.00000000000000000000e+00) (0, 0, 0.00000000000000000000e+00) (0, 0, 0.00000000000000000000e+00) (0, 0, 0.00000000000000000000e+00) (0, 0, 0.00000000000000000000e+00) (0, 0, 0.00000000000000000000e+00) (7, 3, 5.00000000000000000000e-01) (7, 3, 5.00000000000000000000e-01) (7, 3, 5.00000000000000000000e-01) (7, 3, 5.00000000000000000000e-01) (0, 3, 0.00000000000000000000e+00) (5, 3, 5.00000000000000000000e-01) (5, 3, 5.00000000000000000000e-01) (0, 3, 0.00000000000000000000e+00) (3, 0, 5.00000000000000000000e-01) (0, 0, 0.00000000000000000000e+00) 
connections (connected_to_neuron, weight)=(0, -1.47500000000000000000e+03) (1, 1.55784320831298828125e+01) (2, -9.59200073242187500000e+02) (3, 7.49518615722656250000e+02) (4, 5.38605834960937500000e+02) (5, 3.16070648193359375000e+02) (6, -8.83790512084960937500e+01) (0, 1.50000000000000000000e+03) (1, -4.30455749511718750000e+02) (2, 1.50000000000000000000e+03) (3, 1.50000000000000000000e+03) (4, -7.25659545898437500000e+02) (5, 1.50000000000000000000e+03) (6, 3.96729409694671630859e-01) (0, -1.50000000000000000000e+03) (1, 3.09246887207031250000e+02) (2, -9.84200073242187500000e+02) (3, 9.03406066894531250000e+02) (4, 8.01347473144531250000e+02) (5, 5.19206054687500000000e+02) (6, 1.21235974133014678955e-01) (0, 1.50000000000000000000e+03) (1, -4.25411529541015625000e+02) (2, 1.50000000000000000000e+03) (3, 1.31089257812500000000e+03) (4, -7.25465515136718750000e+02) (5, 1.50000000000000000000e+03) (6, 2.18121662735939025879e-01) (7, -6.87386474609375000000e+01) (8, -3.86377386748790740967e-02) (9, 1.47573083496093750000e+03) (10, -2.01528027653694152832e-01) (11, -8.89868065714836120605e-02) (7, 1.50000000000000000000e+03) (8, -4.77793502807617187500e+00) (9, 1.06727075195312500000e+03) (10, -3.93696022033691406250e+00) (11, -2.52248620986938476562e+00) (12, 1.04970745742321014404e-01) (13, -7.37951844930648803711e-02) (14, -1.11277867108583450317e-02) 
