FANN_FLO_2.1
num_layers=3
learning_rate=0.400000
connection_rate=1.000000
network_type=0
learning_momentum=0.000000
training_algorithm=2
train_error_function=1
train_stop_function=0
cascade_output_change_fraction=0.010000
quickprop_decay=-0.000100
quickprop_mu=1.750000
rprop_increase_factor=1.200000
rprop_decrease_factor=0.500000
rprop_delta_min=0.000000
rprop_delta_max=50.000000
rprop_delta_zero=0.100000
cascade_output_stagnation_epochs=12
cascade_candidate_change_fraction=0.010000
cascade_candidate_stagnation_epochs=12
cascade_max_out_epochs=150
cascade_min_out_epochs=50
cascade_max_cand_epochs=150
cascade_min_cand_epochs=50
cascade_num_candidate_groups=2
bit_fail_limit=3.49999994039535522461e-01
cascade_candidate_limit=1.00000000000000000000e+03
cascade_weight_multiplier=4.00000005960464477539e-01
cascade_activation_functions_count=10
cascade_activation_functions=3 5 7 8 10 11 14 15 16 17 
cascade_activation_steepnesses_count=4
cascade_activation_steepnesses=2.50000000000000000000e-01 5.00000000000000000000e-01 7.50000000000000000000e-01 1.00000000000000000000e+00 
layer_sizes=10 3 2 
scale_included=0
neurons (num_inputs, activation_function, activation_steepness)=(0, 0, 0.00000000000000000000e+00) (0, 0, 0.00000000000000000000e+00) (0, 0, 0.00000000000000000000e+00) (0, 0, 0.00000000000000000000e+00) (0, 0, 0.00000000000000000000e+00) (0, 0, 0.00000000000000000000e+00) (0, 0, 0.00000000000000000000e+00) (0, 0, 0.00000000000000000000e+00) (0, 0, 0.00000000000000000000e+00) (0, 0, 0.00000000000000000000e+00) (10, 3, 5.00000000000000000000e-01) (10, 3, 5.00000000000000000000e-01) (0, 3, 0.00000000000000000000e+00) (3, 3, 5.00000000000000000000e-01) (0, 3, 0.00000000000000000000e+00) 
connections (connected_to_neuron, weight)=(0, 1.40563368797302246094e-01) (1, 5.90470768511295318604e-02) (2, 1.71602159738540649414e-01) (3, 7.33570307493209838867e-02) (4, 2.15546160936355590820e-01) (5, 9.80963259935379028320e-02) (6, 5.77745437622070312500e-02) (7, 7.57906138896942138672e-02) (8, 7.60809481143951416016e-02) (9, 2.14120090007781982422e-01) (0, 9.24252122640609741211e-02) (1, 1.84394687414169311523e-01) (2, 1.24013364315032958984e-01) (3, 2.03923374414443969727e-01) (4, 1.42711162567138671875e-01) (5, 1.16927728056907653809e-01) (6, 8.75925868749618530273e-02) (7, 7.66981840133666992188e-02) (8, 1.00665420293807983398e-01) (9, 1.01665064692497253418e-01) (10, -1.80128768086433410645e-01) (11, -1.76936358213424682617e-01) (12, -1.54576569795608520508e-01) 
