FANN_FLO_2.1
num_layers=3
learning_rate=0.500000
connection_rate=1.000000
network_type=0
learning_momentum=0.000000
training_algorithm=2
train_error_function=1
train_stop_function=0
cascade_output_change_fraction=0.010000
quickprop_decay=-0.000100
quickprop_mu=1.750000
rprop_increase_factor=1.200000
rprop_decrease_factor=0.500000
rprop_delta_min=0.000000
rprop_delta_max=50.000000
rprop_delta_zero=0.100000
cascade_output_stagnation_epochs=12
cascade_candidate_change_fraction=0.010000
cascade_candidate_stagnation_epochs=12
cascade_max_out_epochs=150
cascade_min_out_epochs=50
cascade_max_cand_epochs=150
cascade_min_cand_epochs=50
cascade_num_candidate_groups=2
bit_fail_limit=3.49999994039535522461e-01
cascade_candidate_limit=1.00000000000000000000e+03
cascade_weight_multiplier=4.00000005960464477539e-01
cascade_activation_functions_count=10
cascade_activation_functions=3 5 7 8 10 11 14 15 16 17 
cascade_activation_steepnesses_count=4
cascade_activation_steepnesses=2.50000000000000000000e-01 5.00000000000000000000e-01 7.50000000000000000000e-01 1.00000000000000000000e+00 
layer_sizes=7 9 2 
scale_included=0
neurons (num_inputs, activation_function, activation_steepness)=(0, 0, 0.00000000000000000000e+00) (0, 0, 0.00000000000000000000e+00) (0, 0, 0.00000000000000000000e+00) (0, 0, 0.00000000000000000000e+00) (0, 0, 0.00000000000000000000e+00) (0, 0, 0.00000000000000000000e+00) (0, 0, 0.00000000000000000000e+00) (7, 3, 5.00000000000000000000e-01) (7, 3, 5.00000000000000000000e-01) (7, 3, 5.00000000000000000000e-01) (7, 3, 5.00000000000000000000e-01) (7, 3, 5.00000000000000000000e-01) (7, 3, 5.00000000000000000000e-01) (7, 3, 5.00000000000000000000e-01) (7, 3, 5.00000000000000000000e-01) (0, 3, 0.00000000000000000000e+00) (9, 0, 5.00000000000000000000e-01) (0, 0, 0.00000000000000000000e+00) 
connections (connected_to_neuron, weight)=(0, -1.84699878096580505371e-01) (1, 5.06295382976531982422e-01) (2, -2.55943775177001953125e-01) (3, -1.00153163075447082520e-01) (4, -3.96026134490966796875e-01) (5, -1.49922876358032226562e+01) (6, 5.82180917263031005859e-01) (0, -1.18833196163177490234e+00) (1, -1.26191449165344238281e+00) (2, -1.75535190105438232422e+00) (3, -4.02136631309986114502e-02) (4, -9.42277240753173828125e+00) (5, 8.96604156494140625000e+00) (6, -1.27092158794403076172e+00) (0, -8.12139391899108886719e-01) (1, -2.92752951383590698242e-01) (2, -2.17038586735725402832e-01) (3, -8.34935426712036132812e-01) (4, -2.53342008590698242188e+00) (5, -1.34084339141845703125e+01) (6, -9.48782265186309814453e-01) (0, -1.53211116790771484375e+00) (1, -1.92154026031494140625e+00) (2, -1.70906949043273925781e+00) (3, -6.64941310882568359375e-01) (4, -1.02725391387939453125e+01) (5, 1.03946876525878906250e+01) (6, -9.16090071201324462891e-01) (0, -1.11995387077331542969e+00) (1, -1.39488208293914794922e+00) (2, 4.19447135925292968750e+00) (3, -2.33017349243164062500e+00) (4, -6.48867273330688476562e+00) (5, -2.07028839111328125000e+02) (6, -7.45129466056823730469e-01) (0, -2.27434009313583374023e-01) (1, -7.79289007186889648438e-02) (2, -3.63385856151580810547e-01) (3, 2.53372699022293090820e-01) (4, 3.07108283042907714844e-01) (5, 8.99636670947074890137e-02) (6, 1.18860852718353271484e+00) (0, -3.18001091480255126953e-01) (1, -1.59290969371795654297e+00) (2, -8.20855081081390380859e-01) (3, -3.06755155324935913086e-01) (4, 1.28049969673156738281e-01) (5, 1.78712558746337890625e+00) (6, -3.75970631837844848633e-01) (0, -2.99570381641387939453e-01) (1, -1.21101029217243194580e-01) (2, -4.45742189884185791016e-01) (3, -8.08754190802574157715e-03) (4, 8.16913545131683349609e-01) (5, -6.26322180032730102539e-02) (6, 2.72341895103454589844e+00) (7, 9.16779413819313049316e-02) (8, 1.90279178619384765625e+01) (9, -1.50000000000000000000e+03) (10, -9.73989257812500000000e+02) (11, -1.50000000000000000000e+03) (12, 2.98671424388885498047e-01) (13, -1.49278407916426658630e-02) (14, -2.53543585538864135742e-01) (15, -9.05910693109035491943e-03) 
