FANN_FLO_2.1
num_layers=3
learning_rate=0.500000
connection_rate=1.000000
network_type=0
learning_momentum=0.000000
training_algorithm=2
train_error_function=1
train_stop_function=0
cascade_output_change_fraction=0.010000
quickprop_decay=-0.000100
quickprop_mu=1.750000
rprop_increase_factor=1.200000
rprop_decrease_factor=0.500000
rprop_delta_min=0.000000
rprop_delta_max=50.000000
rprop_delta_zero=0.100000
cascade_output_stagnation_epochs=12
cascade_candidate_change_fraction=0.010000
cascade_candidate_stagnation_epochs=12
cascade_max_out_epochs=150
cascade_min_out_epochs=50
cascade_max_cand_epochs=150
cascade_min_cand_epochs=50
cascade_num_candidate_groups=2
bit_fail_limit=3.49999994039535522461e-01
cascade_candidate_limit=1.00000000000000000000e+03
cascade_weight_multiplier=4.00000005960464477539e-01
cascade_activation_functions_count=10
cascade_activation_functions=3 5 7 8 10 11 14 15 16 17 
cascade_activation_steepnesses_count=4
cascade_activation_steepnesses=2.50000000000000000000e-01 5.00000000000000000000e-01 7.50000000000000000000e-01 1.00000000000000000000e+00 
layer_sizes=3 5 4 
scale_included=0
neurons (num_inputs, activation_function, activation_steepness)=(0, 0, 0.00000000000000000000e+00) (0, 0, 0.00000000000000000000e+00) (0, 0, 0.00000000000000000000e+00) (3, 3, 5.00000000000000000000e-01) (3, 3, 5.00000000000000000000e-01) (3, 3, 5.00000000000000000000e-01) (3, 3, 5.00000000000000000000e-01) (0, 3, 0.00000000000000000000e+00) (5, 0, 5.00000000000000000000e-01) (5, 0, 5.00000000000000000000e-01) (5, 0, 5.00000000000000000000e-01) (0, 0, 0.00000000000000000000e+00) 
connections (connected_to_neuron, weight)=(0, -1.17990608215332031250e+01) (1, 1.12303438186645507812e+01) (2, 1.41052503585815429688e+01) (0, -1.09971294403076171875e+01) (1, 9.76004219055175781250e+00) (2, 4.30570173263549804688e+00) (0, -3.01021671295166015625e+00) (1, 1.03748035430908203125e+00) (2, -1.15342624485492706299e-01) (0, -1.48466873168945312500e+00) (1, -1.37317478656768798828e+00) (2, 2.76640057563781738281e-01) (3, 1.01210451126098632812e+00) (4, 4.51889544725418090820e-01) (5, 4.35726451873779296875e+00) (6, 4.11162996292114257812e+00) (7, 7.28544652462005615234e-01) (3, 3.65356636047363281250e+00) (4, 3.85444712638854980469e+00) (5, 9.61634349822998046875e+00) (6, 1.32282094955444335938e+01) (7, 3.33451223373413085938e+00) (3, 1.45472574234008789062e+01) (4, 1.19984188079833984375e+01) (5, 2.91997184753417968750e+01) (6, 4.24511833190917968750e+01) (7, 1.42260093688964843750e+01) 
