FANN_FLO_2.1
num_layers=4
learning_rate=0.450000
connection_rate=1.000000
network_type=0
learning_momentum=0.000000
training_algorithm=2
train_error_function=1
train_stop_function=0
cascade_output_change_fraction=0.010000
quickprop_decay=-0.000100
quickprop_mu=1.750000
rprop_increase_factor=1.200000
rprop_decrease_factor=0.500000
rprop_delta_min=0.000000
rprop_delta_max=50.000000
rprop_delta_zero=0.100000
cascade_output_stagnation_epochs=12
cascade_candidate_change_fraction=0.010000
cascade_candidate_stagnation_epochs=12
cascade_max_out_epochs=150
cascade_min_out_epochs=50
cascade_max_cand_epochs=150
cascade_min_cand_epochs=50
cascade_num_candidate_groups=2
bit_fail_limit=3.49999994039535522461e-01
cascade_candidate_limit=1.00000000000000000000e+03
cascade_weight_multiplier=4.00000005960464477539e-01
cascade_activation_functions_count=10
cascade_activation_functions=3 5 7 8 10 11 14 15 16 17 
cascade_activation_steepnesses_count=4
cascade_activation_steepnesses=2.50000000000000000000e-01 5.00000000000000000000e-01 7.50000000000000000000e-01 1.00000000000000000000e+00 
layer_sizes=7 3 3 2 
scale_included=0
neurons (num_inputs, activation_function, activation_steepness)=(0, 0, 0.00000000000000000000e+00) (0, 0, 0.00000000000000000000e+00) (0, 0, 0.00000000000000000000e+00) (0, 0, 0.00000000000000000000e+00) (0, 0, 0.00000000000000000000e+00) (0, 0, 0.00000000000000000000e+00) (0, 0, 0.00000000000000000000e+00) (7, 3, 5.00000000000000000000e-01) (7, 3, 5.00000000000000000000e-01) (0, 3, 0.00000000000000000000e+00) (3, 3, 5.00000000000000000000e-01) (3, 3, 5.00000000000000000000e-01) (0, 3, 0.00000000000000000000e+00) (3, 0, 5.00000000000000000000e-01) (0, 0, 0.00000000000000000000e+00) 
connections (connected_to_neuron, weight)=(0, 1.84931412339210510254e-01) (1, -5.05448102951049804688e-01) (2, 3.43212872743606567383e-01) (3, -8.50159488618373870850e-03) (4, -7.69401490688323974609e-02) (5, 2.52538263797760009766e-01) (6, -8.45127773284912109375e+00) (0, 3.65868225097656250000e+01) (1, 2.75448179244995117188e+00) (2, 1.49005737304687500000e+03) (3, 1.50000000000000000000e+03) (4, 1.52372550964355468750e+00) (5, 1.49944763183593750000e+03) (6, 1.50000000000000000000e+03) (7, 1.55685606002807617188e+01) (8, -2.82065606117248535156e+00) (9, -6.96542501449584960938e-01) (7, 2.91911182403564453125e+01) (8, -1.08984088897705078125e+00) (9, -1.66585409641265869141e+00) (10, 1.96833240985870361328e+00) (11, -4.04115587472915649414e-01) (12, -2.17627640813589096069e-02) 
