FANN_FLO_2.1
num_layers=3
learning_rate=0.500000
connection_rate=1.000000
network_type=0
learning_momentum=0.000000
training_algorithm=2
train_error_function=1
train_stop_function=0
cascade_output_change_fraction=0.010000
quickprop_decay=-0.000100
quickprop_mu=1.750000
rprop_increase_factor=1.200000
rprop_decrease_factor=0.500000
rprop_delta_min=0.000000
rprop_delta_max=50.000000
rprop_delta_zero=0.100000
cascade_output_stagnation_epochs=12
cascade_candidate_change_fraction=0.010000
cascade_candidate_stagnation_epochs=12
cascade_max_out_epochs=150
cascade_min_out_epochs=50
cascade_max_cand_epochs=150
cascade_min_cand_epochs=50
cascade_num_candidate_groups=2
bit_fail_limit=3.49999994039535522461e-01
cascade_candidate_limit=1.00000000000000000000e+03
cascade_weight_multiplier=4.00000005960464477539e-01
cascade_activation_functions_count=10
cascade_activation_functions=3 5 7 8 10 11 14 15 16 17 
cascade_activation_steepnesses_count=4
cascade_activation_steepnesses=2.50000000000000000000e-01 5.00000000000000000000e-01 7.50000000000000000000e-01 1.00000000000000000000e+00 
layer_sizes=10 3 2 
scale_included=0
neurons (num_inputs, activation_function, activation_steepness)=(0, 0, 0.00000000000000000000e+00) (0, 0, 0.00000000000000000000e+00) (0, 0, 0.00000000000000000000e+00) (0, 0, 0.00000000000000000000e+00) (0, 0, 0.00000000000000000000e+00) (0, 0, 0.00000000000000000000e+00) (0, 0, 0.00000000000000000000e+00) (0, 0, 0.00000000000000000000e+00) (0, 0, 0.00000000000000000000e+00) (0, 0, 0.00000000000000000000e+00) (10, 3, 5.00000000000000000000e-01) (10, 3, 5.00000000000000000000e-01) (0, 3, 0.00000000000000000000e+00) (3, 3, 5.00000000000000000000e-01) (0, 3, 0.00000000000000000000e+00) 
connections (connected_to_neuron, weight)=(0, -4.45641070604324340820e-01) (1, -4.68102097511291503906e-01) (2, -7.51190125942230224609e-01) (3, -2.55336970090866088867e-01) (4, -4.15412157773971557617e-01) (5, -5.94271123409271240234e-01) (6, -6.27507507801055908203e-01) (7, -7.20216751098632812500e-01) (8, -5.52794158458709716797e-01) (9, 2.01952767372131347656e+00) (0, -5.92626214027404785156e-01) (1, -6.50460958480834960938e-01) (2, -2.86330997943878173828e-01) (3, -8.79414379596710205078e-01) (4, -5.22137165069580078125e-01) (5, -4.66265708208084106445e-01) (6, -3.99479329586029052734e-01) (7, -4.07204508781433105469e-01) (8, -5.04497647285461425781e-01) (9, 1.81013214588165283203e+00) (10, -1.92093229293823242188e+00) (11, -1.85759997367858886719e+00) (12, 1.46904385089874267578e+00) 
