FANN_FLO_2.1
num_layers=3
learning_rate=0.500000
connection_rate=1.000000
network_type=0
learning_momentum=0.000000
training_algorithm=2
train_error_function=1
train_stop_function=0
cascade_output_change_fraction=0.010000
quickprop_decay=-0.000100
quickprop_mu=1.750000
rprop_increase_factor=1.200000
rprop_decrease_factor=0.500000
rprop_delta_min=0.000000
rprop_delta_max=50.000000
rprop_delta_zero=0.100000
cascade_output_stagnation_epochs=12
cascade_candidate_change_fraction=0.010000
cascade_candidate_stagnation_epochs=12
cascade_max_out_epochs=150
cascade_min_out_epochs=50
cascade_max_cand_epochs=150
cascade_min_cand_epochs=50
cascade_num_candidate_groups=2
bit_fail_limit=3.49999994039535522461e-01
cascade_candidate_limit=1.00000000000000000000e+03
cascade_weight_multiplier=4.00000005960464477539e-01
cascade_activation_functions_count=10
cascade_activation_functions=3 5 7 8 10 11 14 15 16 17 
cascade_activation_steepnesses_count=4
cascade_activation_steepnesses=2.50000000000000000000e-01 5.00000000000000000000e-01 7.50000000000000000000e-01 1.00000000000000000000e+00 
layer_sizes=10 3 2 
scale_included=0
neurons (num_inputs, activation_function, activation_steepness)=(0, 0, 0.00000000000000000000e+00) (0, 0, 0.00000000000000000000e+00) (0, 0, 0.00000000000000000000e+00) (0, 0, 0.00000000000000000000e+00) (0, 0, 0.00000000000000000000e+00) (0, 0, 0.00000000000000000000e+00) (0, 0, 0.00000000000000000000e+00) (0, 0, 0.00000000000000000000e+00) (0, 0, 0.00000000000000000000e+00) (0, 0, 0.00000000000000000000e+00) (10, 3, 5.00000000000000000000e-01) (10, 3, 5.00000000000000000000e-01) (0, 3, 0.00000000000000000000e+00) (3, 3, 5.00000000000000000000e-01) (0, 3, 0.00000000000000000000e+00) 
connections (connected_to_neuron, weight)=(0, -5.92634379863739013672e-01) (1, -5.51043927669525146484e-01) (2, -4.69720870256423950195e-01) (3, -6.44492626190185546875e-01) (4, -6.97274565696716308594e-01) (5, -7.65118479728698730469e-01) (6, -6.35091245174407958984e-01) (7, -6.23798310756683349609e-01) (8, -5.28006792068481445312e-01) (9, 2.50921154022216796875e+00) (0, -4.66368466615676879883e-01) (1, -7.75822520256042480469e-01) (2, -8.57320845127105712891e-01) (3, -5.39168775081634521484e-01) (4, -1.99251145124435424805e-01) (5, -1.97399765253067016602e-01) (6, -3.99364411830902099609e-01) (7, -5.65339505672454833984e-01) (8, -7.28361725807189941406e-01) (9, 1.01881706714630126953e+00) (10, -2.40730571746826171875e+00) (11, -1.24975979328155517578e+00) (12, 1.32472491264343261719e+00) 
