FANN_FLO_2.1
num_layers=3
learning_rate=0.400000
connection_rate=1.000000
network_type=0
learning_momentum=0.000000
training_algorithm=2
train_error_function=1
train_stop_function=0
cascade_output_change_fraction=0.010000
quickprop_decay=-0.000100
quickprop_mu=1.750000
rprop_increase_factor=1.200000
rprop_decrease_factor=0.500000
rprop_delta_min=0.000000
rprop_delta_max=50.000000
rprop_delta_zero=0.100000
cascade_output_stagnation_epochs=12
cascade_candidate_change_fraction=0.010000
cascade_candidate_stagnation_epochs=12
cascade_max_out_epochs=150
cascade_min_out_epochs=50
cascade_max_cand_epochs=150
cascade_min_cand_epochs=50
cascade_num_candidate_groups=2
bit_fail_limit=3.49999994039535522461e-01
cascade_candidate_limit=1.00000000000000000000e+03
cascade_weight_multiplier=4.00000005960464477539e-01
cascade_activation_functions_count=10
cascade_activation_functions=3 5 7 8 10 11 14 15 16 17 
cascade_activation_steepnesses_count=4
cascade_activation_steepnesses=2.50000000000000000000e-01 5.00000000000000000000e-01 7.50000000000000000000e-01 1.00000000000000000000e+00 
layer_sizes=6 5 2 
scale_included=0
neurons (num_inputs, activation_function, activation_steepness)=(0, 0, 0.00000000000000000000e+00) (0, 0, 0.00000000000000000000e+00) (0, 0, 0.00000000000000000000e+00) (0, 0, 0.00000000000000000000e+00) (0, 0, 0.00000000000000000000e+00) (0, 0, 0.00000000000000000000e+00) (6, 3, 5.00000000000000000000e-01) (6, 3, 5.00000000000000000000e-01) (6, 3, 5.00000000000000000000e-01) (6, 3, 5.00000000000000000000e-01) (0, 3, 0.00000000000000000000e+00) (5, 0, 5.00000000000000000000e-01) (0, 0, 0.00000000000000000000e+00) 
connections (connected_to_neuron, weight)=(0, -1.50000000000000000000e+03) (1, -5.29878234863281250000e+00) (2, -7.69008636474609375000e-01) (3, -8.90641212463378906250e-01) (4, -2.89785265922546386719e-01) (5, -2.12060675024986267090e-01) (0, -1.50000000000000000000e+03) (1, -2.37127624511718750000e+02) (2, -7.47095346450805664062e-01) (3, -2.09504604339599609375e+01) (4, 3.32801818847656250000e-01) (5, 1.18328176438808441162e-01) (0, -1.50000000000000000000e+03) (1, -7.69653869628906250000e+02) (2, 2.22959017753601074219e+00) (3, -1.01823432922363281250e+02) (4, -1.80001306533813476562e+00) (5, -4.17500114440917968750e+00) (0, -1.50000000000000000000e+03) (1, -7.68225891113281250000e+02) (2, 2.20984697341918945312e+00) (3, -1.16057701110839843750e+02) (4, 1.65216863155364990234e+00) (5, -2.43121948242187500000e+01) (6, 8.88208961486816406250e+00) (7, 1.95164299011230468750e+00) (8, 1.01028375625610351562e+01) (9, 9.88561058044433593750e+00) (10, 7.66407549381256103516e-01) 
