FANN_FLO_2.1
num_layers=3
learning_rate=0.300000
connection_rate=1.000000
network_type=0
learning_momentum=0.000000
training_algorithm=2
train_error_function=1
train_stop_function=0
cascade_output_change_fraction=0.010000
quickprop_decay=-0.000100
quickprop_mu=1.750000
rprop_increase_factor=1.200000
rprop_decrease_factor=0.500000
rprop_delta_min=0.000000
rprop_delta_max=50.000000
rprop_delta_zero=0.100000
cascade_output_stagnation_epochs=12
cascade_candidate_change_fraction=0.010000
cascade_candidate_stagnation_epochs=12
cascade_max_out_epochs=150
cascade_min_out_epochs=50
cascade_max_cand_epochs=150
cascade_min_cand_epochs=50
cascade_num_candidate_groups=2
bit_fail_limit=3.49999994039535522461e-01
cascade_candidate_limit=1.00000000000000000000e+03
cascade_weight_multiplier=4.00000005960464477539e-01
cascade_activation_functions_count=10
cascade_activation_functions=3 5 7 8 10 11 14 15 16 17 
cascade_activation_steepnesses_count=4
cascade_activation_steepnesses=2.50000000000000000000e-01 5.00000000000000000000e-01 7.50000000000000000000e-01 1.00000000000000000000e+00 
layer_sizes=4 9 2 
scale_included=0
neurons (num_inputs, activation_function, activation_steepness)=(0, 0, 0.00000000000000000000e+00) (0, 0, 0.00000000000000000000e+00) (0, 0, 0.00000000000000000000e+00) (0, 0, 0.00000000000000000000e+00) (4, 3, 5.00000000000000000000e-01) (4, 3, 5.00000000000000000000e-01) (4, 3, 5.00000000000000000000e-01) (4, 3, 5.00000000000000000000e-01) (4, 3, 5.00000000000000000000e-01) (4, 3, 5.00000000000000000000e-01) (4, 3, 5.00000000000000000000e-01) (4, 3, 5.00000000000000000000e-01) (0, 3, 0.00000000000000000000e+00) (9, 3, 5.00000000000000000000e-01) (0, 3, 0.00000000000000000000e+00) 
connections (connected_to_neuron, weight)=(0, -1.32411980628967285156e+00) (1, 9.04695212841033935547e-01) (2, -1.77034211158752441406e+00) (3, 1.39825809001922607422e+00) (0, -3.48378390073776245117e-01) (1, -3.57308298349380493164e-01) (2, 2.70475769042968750000e+00) (3, 2.79048353433609008789e-01) (0, -2.48716306686401367188e+00) (1, 7.22889006137847900391e-01) (2, -2.44072139263153076172e-01) (3, 5.26628434658050537109e-01) (0, -1.58828631043434143066e-01) (1, 1.56200863420963287354e-02) (2, -2.71721165627241134644e-02) (3, 1.74711871147155761719e+00) (0, -5.53015656769275665283e-02) (1, 4.79551814496517181396e-02) (2, -5.22847056388854980469e-01) (3, 1.35630118846893310547e+00) (0, -1.09707677364349365234e+00) (1, 9.65493381023406982422e-01) (2, -2.70727014541625976562e+00) (3, 9.06301677227020263672e-01) (0, -1.52921366691589355469e+00) (1, 4.57491487264633178711e-01) (2, -9.92700532078742980957e-02) (3, -1.71395230293273925781e+00) (0, -1.81759667396545410156e+00) (1, 8.50580513477325439453e-01) (2, 9.16487038135528564453e-01) (3, -1.59789886474609375000e+01) (4, -1.81981325149536132812e-01) (5, 1.36348530650138854980e-01) (6, -3.78472238779067993164e-01) (7, -5.29697084426879882812e+00) (8, -2.70360445976257324219e+00) (9, -1.39464676380157470703e-01) (10, 7.02345848083496093750e-01) (11, 3.78702729940414428711e-02) (12, 1.12968730926513671875e+00) 
