FANN_FLO_2.1
num_layers=3
learning_rate=0.500000
connection_rate=1.000000
network_type=0
learning_momentum=0.000000
training_algorithm=2
train_error_function=1
train_stop_function=0
cascade_output_change_fraction=0.010000
quickprop_decay=-0.000100
quickprop_mu=1.750000
rprop_increase_factor=1.200000
rprop_decrease_factor=0.500000
rprop_delta_min=0.000000
rprop_delta_max=50.000000
rprop_delta_zero=0.100000
cascade_output_stagnation_epochs=12
cascade_candidate_change_fraction=0.010000
cascade_candidate_stagnation_epochs=12
cascade_max_out_epochs=150
cascade_min_out_epochs=50
cascade_max_cand_epochs=150
cascade_min_cand_epochs=50
cascade_num_candidate_groups=2
bit_fail_limit=3.49999994039535522461e-01
cascade_candidate_limit=1.00000000000000000000e+03
cascade_weight_multiplier=4.00000005960464477539e-01
cascade_activation_functions_count=10
cascade_activation_functions=3 5 7 8 10 11 14 15 16 17 
cascade_activation_steepnesses_count=4
cascade_activation_steepnesses=2.50000000000000000000e-01 5.00000000000000000000e-01 7.50000000000000000000e-01 1.00000000000000000000e+00 
layer_sizes=7 5 2 
scale_included=0
neurons (num_inputs, activation_function, activation_steepness)=(0, 0, 0.00000000000000000000e+00) (0, 0, 0.00000000000000000000e+00) (0, 0, 0.00000000000000000000e+00) (0, 0, 0.00000000000000000000e+00) (0, 0, 0.00000000000000000000e+00) (0, 0, 0.00000000000000000000e+00) (0, 0, 0.00000000000000000000e+00) (7, 3, 5.00000000000000000000e-01) (7, 3, 5.00000000000000000000e-01) (7, 3, 5.00000000000000000000e-01) (7, 3, 5.00000000000000000000e-01) (0, 3, 0.00000000000000000000e+00) (5, 0, 5.00000000000000000000e-01) (0, 0, 0.00000000000000000000e+00) 
connections (connected_to_neuron, weight)=(0, 1.44214941406250000000e+03) (1, -1.50000000000000000000e+03) (2, 9.16011047363281250000e+02) (3, 1.50000000000000000000e+03) (4, 1.22935843467712402344e+00) (5, -5.66249877929687500000e+02) (6, -6.84085667133331298828e-01) (0, 6.61712646484375000000e+00) (1, -1.50000000000000000000e+03) (2, 4.10773887634277343750e+01) (3, 1.06953344726562500000e+03) (4, -1.20437231063842773438e+01) (5, -6.59167404174804687500e+01) (6, -3.03585469722747802734e-01) (0, 8.70478439331054687500e+01) (1, -4.61079345703125000000e+02) (2, -1.39794445800781250000e+03) (3, 1.76230335235595703125e+01) (4, 7.03064870834350585938e+00) (5, 1.43378173828125000000e+02) (6, -2.34887257218360900879e-01) (0, -9.01519656181335449219e-01) (1, 9.54803657531738281250e+00) (2, 5.46058464050292968750e+00) (3, -7.34411764144897460938e+00) (4, -8.98347616195678710938e-01) (5, 2.79304718971252441406e+00) (6, -7.02133238315582275391e-01) (7, 1.72086637467145919800e-02) (8, 3.06366588920354843140e-02) (9, -1.84454619884490966797e-02) (10, 2.92472112923860549927e-02) (11, -3.01138069480657577515e-02) 
