FANN_FLO_2.1
num_layers=3
learning_rate=0.500000
connection_rate=1.000000
network_type=0
learning_momentum=0.000000
training_algorithm=2
train_error_function=1
train_stop_function=0
cascade_output_change_fraction=0.010000
quickprop_decay=-0.000100
quickprop_mu=1.750000
rprop_increase_factor=1.200000
rprop_decrease_factor=0.500000
rprop_delta_min=0.000000
rprop_delta_max=50.000000
rprop_delta_zero=0.100000
cascade_output_stagnation_epochs=12
cascade_candidate_change_fraction=0.010000
cascade_candidate_stagnation_epochs=12
cascade_max_out_epochs=150
cascade_min_out_epochs=50
cascade_max_cand_epochs=150
cascade_min_cand_epochs=50
cascade_num_candidate_groups=2
bit_fail_limit=3.49999994039535522461e-01
cascade_candidate_limit=1.00000000000000000000e+03
cascade_weight_multiplier=4.00000005960464477539e-01
cascade_activation_functions_count=10
cascade_activation_functions=3 5 7 8 10 11 14 15 16 17 
cascade_activation_steepnesses_count=4
cascade_activation_steepnesses=2.50000000000000000000e-01 5.00000000000000000000e-01 7.50000000000000000000e-01 1.00000000000000000000e+00 
layer_sizes=7 5 2 
scale_included=0
neurons (num_inputs, activation_function, activation_steepness)=(0, 0, 0.00000000000000000000e+00) (0, 0, 0.00000000000000000000e+00) (0, 0, 0.00000000000000000000e+00) (0, 0, 0.00000000000000000000e+00) (0, 0, 0.00000000000000000000e+00) (0, 0, 0.00000000000000000000e+00) (0, 0, 0.00000000000000000000e+00) (7, 3, 5.00000000000000000000e-01) (7, 3, 5.00000000000000000000e-01) (7, 3, 5.00000000000000000000e-01) (7, 3, 5.00000000000000000000e-01) (0, 3, 0.00000000000000000000e+00) (5, 0, 5.00000000000000000000e-01) (0, 0, 0.00000000000000000000e+00) 
connections (connected_to_neuron, weight)=(0, 3.91313862800598144531e+00) (1, -8.89808578491210937500e+01) (2, -1.39450183105468750000e+03) (3, 2.22045063972473144531e-01) (4, -1.25453834533691406250e+02) (5, 1.48222900390625000000e+02) (6, -3.61740857362747192383e-01) (0, -8.33431124687194824219e-01) (1, -1.35684609413146972656e+00) (2, 3.12079042196273803711e-02) (3, -7.04446017742156982422e-01) (4, 4.27740335464477539062e-01) (5, 1.00511133670806884766e+00) (6, -4.52926963567733764648e-01) (0, -3.90352942049503326416e-02) (1, 1.08222723007202148438e+00) (2, -9.55848693847656250000e-01) (3, 2.56928205490112304688e-01) (4, 2.71118074655532836914e-01) (5, -5.76908469200134277344e-01) (6, 2.68449378013610839844e+00) (0, 3.94224405288696289062e+00) (1, -8.90071640014648437500e+01) (2, -1.39442517089843750000e+03) (3, 3.26474934816360473633e-01) (4, -1.25458778381347656250e+02) (5, 1.48116500854492187500e+02) (6, -3.73494446277618408203e-01) (7, 6.69799041748046875000e+00) (8, -9.47535783052444458008e-02) (9, -1.77001237869262695312e-01) (10, 6.69799041748046875000e+00) (11, 1.90950140357017517090e-01) 
