FANN_FLO_2.1
num_layers=3
learning_rate=0.500000
connection_rate=1.000000
network_type=0
learning_momentum=0.000000
training_algorithm=2
train_error_function=1
train_stop_function=0
cascade_output_change_fraction=0.010000
quickprop_decay=-0.000100
quickprop_mu=1.750000
rprop_increase_factor=1.200000
rprop_decrease_factor=0.500000
rprop_delta_min=0.000000
rprop_delta_max=50.000000
rprop_delta_zero=0.100000
cascade_output_stagnation_epochs=12
cascade_candidate_change_fraction=0.010000
cascade_candidate_stagnation_epochs=12
cascade_max_out_epochs=150
cascade_min_out_epochs=50
cascade_max_cand_epochs=150
cascade_min_cand_epochs=50
cascade_num_candidate_groups=2
bit_fail_limit=3.49999994039535522461e-01
cascade_candidate_limit=1.00000000000000000000e+03
cascade_weight_multiplier=4.00000005960464477539e-01
cascade_activation_functions_count=10
cascade_activation_functions=3 5 7 8 10 11 14 15 16 17 
cascade_activation_steepnesses_count=4
cascade_activation_steepnesses=2.50000000000000000000e-01 5.00000000000000000000e-01 7.50000000000000000000e-01 1.00000000000000000000e+00 
layer_sizes=10 5 2 
scale_included=0
neurons (num_inputs, activation_function, activation_steepness)=(0, 0, 0.00000000000000000000e+00) (0, 0, 0.00000000000000000000e+00) (0, 0, 0.00000000000000000000e+00) (0, 0, 0.00000000000000000000e+00) (0, 0, 0.00000000000000000000e+00) (0, 0, 0.00000000000000000000e+00) (0, 0, 0.00000000000000000000e+00) (0, 0, 0.00000000000000000000e+00) (0, 0, 0.00000000000000000000e+00) (0, 0, 0.00000000000000000000e+00) (10, 3, 5.00000000000000000000e-01) (10, 3, 5.00000000000000000000e-01) (10, 3, 5.00000000000000000000e-01) (10, 3, 5.00000000000000000000e-01) (0, 3, 0.00000000000000000000e+00) (5, 3, 5.00000000000000000000e-01) (0, 3, 0.00000000000000000000e+00) 
connections (connected_to_neuron, weight)=(0, -2.59176909923553466797e-01) (1, -3.09181720018386840820e-01) (2, -3.47363680601119995117e-01) (3, -3.10285568237304687500e-01) (4, -2.51974105834960937500e-01) (5, -4.85568135976791381836e-01) (6, -2.69868224859237670898e-01) (7, -3.99405747652053833008e-01) (8, -2.87157028913497924805e-01) (9, 4.21513736248016357422e-01) (0, 1.10805881023406982422e+00) (1, 1.85872107744216918945e-01) (2, 9.89573299884796142578e-01) (3, 3.14348965883255004883e-01) (4, -1.00303125381469726562e+00) (5, 1.64436236023902893066e-01) (6, 9.53804492950439453125e-01) (7, -4.29889053106307983398e-01) (8, 1.01189410686492919922e+00) (9, 3.04885745048522949219e-01) (0, 4.76228147745132446289e-01) (1, -1.65192678570747375488e-01) (2, 3.72959017753601074219e-01) (3, 3.87274958193302154541e-02) (4, 7.20280468463897705078e-01) (5, 1.89798757433891296387e-01) (6, 4.15374577045440673828e-01) (7, 1.76653806120157241821e-02) (8, 4.45957958698272705078e-01) (9, 4.55222457647323608398e-01) (0, -2.82035261392593383789e-01) (1, -5.69527864456176757812e-01) (2, -5.06075769662857055664e-02) (3, -4.05119210481643676758e-01) (4, -6.08395338058471679688e-01) (5, 1.22276633977890014648e-01) (6, -3.49105238914489746094e-01) (7, -3.13984960317611694336e-01) (8, -2.00820431113243103027e-01) (9, 2.90464103221893310547e-01) (10, -4.72995805740356445312e+00) (11, 5.88966131210327148438e-01) (12, 7.56252288818359375000e-01) (13, -1.66771459579467773438e+00) (14, 5.36015391349792480469e-01) 
