FANN_FLO_2.1
num_layers=4
learning_rate=0.450000
connection_rate=1.000000
network_type=0
learning_momentum=0.000000
training_algorithm=2
train_error_function=1
train_stop_function=0
cascade_output_change_fraction=0.010000
quickprop_decay=-0.000100
quickprop_mu=1.750000
rprop_increase_factor=1.200000
rprop_decrease_factor=0.500000
rprop_delta_min=0.000000
rprop_delta_max=50.000000
rprop_delta_zero=0.100000
cascade_output_stagnation_epochs=12
cascade_candidate_change_fraction=0.010000
cascade_candidate_stagnation_epochs=12
cascade_max_out_epochs=150
cascade_min_out_epochs=50
cascade_max_cand_epochs=150
cascade_min_cand_epochs=50
cascade_num_candidate_groups=2
bit_fail_limit=3.49999994039535522461e-01
cascade_candidate_limit=1.00000000000000000000e+03
cascade_weight_multiplier=4.00000005960464477539e-01
cascade_activation_functions_count=10
cascade_activation_functions=3 5 7 8 10 11 14 15 16 17 
cascade_activation_steepnesses_count=4
cascade_activation_steepnesses=2.50000000000000000000e-01 5.00000000000000000000e-01 7.50000000000000000000e-01 1.00000000000000000000e+00 
layer_sizes=7 5 5 2 
scale_included=0
neurons (num_inputs, activation_function, activation_steepness)=(0, 0, 0.00000000000000000000e+00) (0, 0, 0.00000000000000000000e+00) (0, 0, 0.00000000000000000000e+00) (0, 0, 0.00000000000000000000e+00) (0, 0, 0.00000000000000000000e+00) (0, 0, 0.00000000000000000000e+00) (0, 0, 0.00000000000000000000e+00) (7, 3, 5.00000000000000000000e-01) (7, 3, 5.00000000000000000000e-01) (7, 3, 5.00000000000000000000e-01) (7, 3, 5.00000000000000000000e-01) (0, 3, 0.00000000000000000000e+00) (5, 3, 5.00000000000000000000e-01) (5, 3, 5.00000000000000000000e-01) (5, 3, 5.00000000000000000000e-01) (5, 3, 5.00000000000000000000e-01) (0, 3, 0.00000000000000000000e+00) (5, 0, 5.00000000000000000000e-01) (0, 0, 0.00000000000000000000e+00) 
connections (connected_to_neuron, weight)=(0, -2.48905375599861145020e-01) (1, 7.35834360122680664062e-01) (2, 1.56796246767044067383e-01) (3, -1.03930130600929260254e-01) (4, 3.44623923301696777344e-02) (5, -3.85210141539573669434e-02) (6, -1.23029232025146484375e+00) (0, -1.81044876575469970703e-01) (1, 4.78580713272094726562e-01) (2, -2.23769649863243103027e-01) (3, 1.70593515038490295410e-01) (4, 1.99014514684677124023e-01) (5, -3.82506906986236572266e-01) (6, 2.23418903350830078125e+00) (0, -3.43724174499511718750e+01) (1, 4.73773151636123657227e-01) (2, -1.38530593872070312500e+02) (3, 4.25430068969726562500e+01) (4, 2.35692520141601562500e+01) (5, 6.16565895080566406250e+01) (6, 2.77409973144531250000e+02) (0, -2.06058979034423828125e+00) (1, -1.57139358520507812500e+01) (2, -1.48133764648437500000e+03) (3, -5.99818420410156250000e+02) (4, -1.47840002441406250000e+03) (5, -1.47840002441406250000e+03) (6, 1.26899682617187500000e+03) (7, -4.23020660877227783203e-01) (8, 1.57597792148590087891e+00) (9, 7.29925930500030517578e-01) (10, 4.08126556396484375000e+02) (11, -3.77563923597335815430e-01) (7, 6.57625019550323486328e-01) (8, -2.15761947631835937500e+00) (9, 3.87134224176406860352e-01) (10, 4.17297058105468750000e+02) (11, 9.56690385937690734863e-02) (7, 6.08604955673217773438e+00) (8, -1.27056751251220703125e+01) (9, 2.25399231910705566406e+00) (10, 9.78966552734375000000e+02) (11, 1.51568561792373657227e-01) (7, 2.82553404569625854492e-01) (8, -2.30049204826354980469e+00) (9, -2.39178821444511413574e-01) (10, 4.08203338623046875000e+02) (11, 3.66826444864273071289e-01) (12, 2.60303262621164321899e-02) (13, -3.68382334709167480469e-01) (14, 1.71360278129577636719e+00) (15, -7.97543823719024658203e-02) (16, 7.32338801026344299316e-02) 
