FANN_FLO_2.1
num_layers=3
learning_rate=0.500000
connection_rate=1.000000
network_type=0
learning_momentum=0.000000
training_algorithm=2
train_error_function=1
train_stop_function=0
cascade_output_change_fraction=0.010000
quickprop_decay=-0.000100
quickprop_mu=1.750000
rprop_increase_factor=1.200000
rprop_decrease_factor=0.500000
rprop_delta_min=0.000000
rprop_delta_max=50.000000
rprop_delta_zero=0.100000
cascade_output_stagnation_epochs=12
cascade_candidate_change_fraction=0.010000
cascade_candidate_stagnation_epochs=12
cascade_max_out_epochs=150
cascade_min_out_epochs=50
cascade_max_cand_epochs=150
cascade_min_cand_epochs=50
cascade_num_candidate_groups=2
bit_fail_limit=3.49999994039535522461e-01
cascade_candidate_limit=1.00000000000000000000e+03
cascade_weight_multiplier=4.00000005960464477539e-01
cascade_activation_functions_count=10
cascade_activation_functions=3 5 7 8 10 11 14 15 16 17 
cascade_activation_steepnesses_count=4
cascade_activation_steepnesses=2.50000000000000000000e-01 5.00000000000000000000e-01 7.50000000000000000000e-01 1.00000000000000000000e+00 
layer_sizes=3 9 4 
scale_included=0
neurons (num_inputs, activation_function, activation_steepness)=(0, 0, 0.00000000000000000000e+00) (0, 0, 0.00000000000000000000e+00) (0, 0, 0.00000000000000000000e+00) (3, 3, 5.00000000000000000000e-01) (3, 3, 5.00000000000000000000e-01) (3, 3, 5.00000000000000000000e-01) (3, 3, 5.00000000000000000000e-01) (3, 3, 5.00000000000000000000e-01) (3, 3, 5.00000000000000000000e-01) (3, 3, 5.00000000000000000000e-01) (3, 3, 5.00000000000000000000e-01) (0, 3, 0.00000000000000000000e+00) (9, 0, 5.00000000000000000000e-01) (9, 0, 5.00000000000000000000e-01) (9, 0, 5.00000000000000000000e-01) (0, 0, 0.00000000000000000000e+00) 
connections (connected_to_neuron, weight)=(0, -2.72473931312561035156e+00) (1, 1.31942367553710937500e+00) (2, 1.14203500747680664062e+00) (0, -4.94358396530151367188e+00) (1, -4.05232548713684082031e-01) (2, 7.26951599121093750000e-01) (0, -1.75523924827575683594e+00) (1, -3.64587759971618652344e+00) (2, 5.66901803016662597656e-01) (0, -3.26696467399597167969e+00) (1, 2.71644115447998046875e-01) (2, 1.77932929992675781250e+00) (0, -3.01667785644531250000e+00) (1, 2.17135667800903320312e+00) (2, 8.71640563011169433594e-01) (0, -3.66629433631896972656e+00) (1, -2.26137471199035644531e+00) (2, 6.31653666496276855469e-01) (0, -2.64021492004394531250e+00) (1, 6.45264816284179687500e+00) (2, 2.02848100662231445312e+00) (0, -9.23642063140869140625e+00) (1, 7.77610206604003906250e+00) (2, 9.34036636352539062500e+00) (3, 8.49455296993255615234e-01) (4, 2.06063294410705566406e+00) (5, 1.53124415874481201172e+00) (6, -1.20899394154548645020e-01) (7, 1.94904804229736328125e+00) (8, 2.47350025177001953125e+00) (9, 7.11956560611724853516e-01) (10, 6.01118505001068115234e-01) (11, 5.65467774868011474609e-01) (3, 3.19569730758666992188e+00) (4, 3.80554366111755371094e+00) (5, 6.35981082916259765625e+00) (6, 3.47073221206665039062e+00) (7, 3.49599719047546386719e+00) (8, 5.71951532363891601562e+00) (9, 3.02835249900817871094e+00) (10, 2.84184837341308593750e+00) (11, 2.09710144996643066406e+00) (3, 1.04038429260253906250e+01) (4, 1.18496570587158203125e+01) (5, 2.14417209625244140625e+01) (6, 1.15112991333007812500e+01) (7, 1.04307546615600585938e+01) (8, 1.75886745452880859375e+01) (9, 1.08544578552246093750e+01) (10, 1.01336374282836914062e+01) (11, 1.02723970413208007812e+01) 
