FANN_FLO_2.1
num_layers=3
learning_rate=0.300000
connection_rate=1.000000
network_type=0
learning_momentum=0.000000
training_algorithm=2
train_error_function=1
train_stop_function=0
cascade_output_change_fraction=0.010000
quickprop_decay=-0.000100
quickprop_mu=1.750000
rprop_increase_factor=1.200000
rprop_decrease_factor=0.500000
rprop_delta_min=0.000000
rprop_delta_max=50.000000
rprop_delta_zero=0.100000
cascade_output_stagnation_epochs=12
cascade_candidate_change_fraction=0.010000
cascade_candidate_stagnation_epochs=12
cascade_max_out_epochs=150
cascade_min_out_epochs=50
cascade_max_cand_epochs=150
cascade_min_cand_epochs=50
cascade_num_candidate_groups=2
bit_fail_limit=3.49999994039535522461e-01
cascade_candidate_limit=1.00000000000000000000e+03
cascade_weight_multiplier=4.00000005960464477539e-01
cascade_activation_functions_count=10
cascade_activation_functions=3 5 7 8 10 11 14 15 16 17 
cascade_activation_steepnesses_count=4
cascade_activation_steepnesses=2.50000000000000000000e-01 5.00000000000000000000e-01 7.50000000000000000000e-01 1.00000000000000000000e+00 
layer_sizes=4 9 2 
scale_included=0
neurons (num_inputs, activation_function, activation_steepness)=(0, 0, 0.00000000000000000000e+00) (0, 0, 0.00000000000000000000e+00) (0, 0, 0.00000000000000000000e+00) (0, 0, 0.00000000000000000000e+00) (4, 3, 5.00000000000000000000e-01) (4, 3, 5.00000000000000000000e-01) (4, 3, 5.00000000000000000000e-01) (4, 3, 5.00000000000000000000e-01) (4, 3, 5.00000000000000000000e-01) (4, 3, 5.00000000000000000000e-01) (4, 3, 5.00000000000000000000e-01) (4, 3, 5.00000000000000000000e-01) (0, 3, 0.00000000000000000000e+00) (9, 3, 5.00000000000000000000e-01) (0, 3, 0.00000000000000000000e+00) 
connections (connected_to_neuron, weight)=(0, -1.50864279270172119141e+00) (1, 4.60106521844863891602e-01) (2, 2.05045342445373535156e-01) (3, 3.36387419700622558594e+00) (0, -2.76340305805206298828e-01) (1, 2.65935175120830535889e-02) (2, -5.28578869998455047607e-02) (3, 9.66703057289123535156e-01) (0, 1.90766322612762451172e+00) (1, -2.90145456790924072266e-01) (2, -1.56766157150268554688e+01) (3, 7.63396471738815307617e-02) (0, 2.73844212293624877930e-01) (1, -1.86493992805480957031e-01) (2, 2.67881929874420166016e-01) (3, -1.07561910152435302734e+00) (0, -7.98935115337371826172e-01) (1, 2.08455204963684082031e-01) (2, -2.93303340673446655273e-01) (3, 8.91508007049560546875e+00) (0, -1.06948208808898925781e+00) (1, 3.59520465135574340820e-01) (2, -8.84797275066375732422e-01) (3, 1.50822544097900390625e+01) (0, -1.39881968498229980469e-01) (1, 2.84086521714925765991e-02) (2, -3.94567936658859252930e-01) (3, 3.89920806884765625000e+00) (0, -7.89425730705261230469e-01) (1, 5.80833852291107177734e-01) (2, -1.77283382415771484375e+00) (3, 7.28756618499755859375e+00) (4, -1.33727803826332092285e-01) (5, -3.98485445976257324219e+00) (6, -1.50000000000000000000e+03) (7, 1.42482888698577880859e+00) (8, -1.28692403435707092285e-01) (9, -1.57761588692665100098e-01) (10, -3.53209877014160156250e+00) (11, -8.37801396846771240234e-02) (12, 4.08950597047805786133e-01) 
