FANN_FLO_2.1
num_layers=3
learning_rate=0.300000
connection_rate=1.000000
network_type=0
learning_momentum=0.000000
training_algorithm=2
train_error_function=1
train_stop_function=0
cascade_output_change_fraction=0.010000
quickprop_decay=-0.000100
quickprop_mu=1.750000
rprop_increase_factor=1.200000
rprop_decrease_factor=0.500000
rprop_delta_min=0.000000
rprop_delta_max=50.000000
rprop_delta_zero=0.100000
cascade_output_stagnation_epochs=12
cascade_candidate_change_fraction=0.010000
cascade_candidate_stagnation_epochs=12
cascade_max_out_epochs=150
cascade_min_out_epochs=50
cascade_max_cand_epochs=150
cascade_min_cand_epochs=50
cascade_num_candidate_groups=2
bit_fail_limit=3.49999994039535522461e-01
cascade_candidate_limit=1.00000000000000000000e+03
cascade_weight_multiplier=4.00000005960464477539e-01
cascade_activation_functions_count=10
cascade_activation_functions=3 5 7 8 10 11 14 15 16 17 
cascade_activation_steepnesses_count=4
cascade_activation_steepnesses=2.50000000000000000000e-01 5.00000000000000000000e-01 7.50000000000000000000e-01 1.00000000000000000000e+00 
layer_sizes=4 9 2 
scale_included=0
neurons (num_inputs, activation_function, activation_steepness)=(0, 0, 0.00000000000000000000e+00) (0, 0, 0.00000000000000000000e+00) (0, 0, 0.00000000000000000000e+00) (0, 0, 0.00000000000000000000e+00) (4, 3, 5.00000000000000000000e-01) (4, 3, 5.00000000000000000000e-01) (4, 3, 5.00000000000000000000e-01) (4, 3, 5.00000000000000000000e-01) (4, 3, 5.00000000000000000000e-01) (4, 3, 5.00000000000000000000e-01) (4, 3, 5.00000000000000000000e-01) (4, 3, 5.00000000000000000000e-01) (0, 3, 0.00000000000000000000e+00) (9, 3, 5.00000000000000000000e-01) (0, 3, 0.00000000000000000000e+00) 
connections (connected_to_neuron, weight)=(0, -2.13023677468299865723e-01) (1, 3.16059142351150512695e-02) (2, -3.15122753381729125977e-01) (3, 3.66455984115600585938e+00) (0, -4.39293503761291503906e-01) (1, 1.17936819791793823242e-01) (2, -2.84505963325500488281e-01) (3, 6.20842647552490234375e+00) (0, -2.50022697448730468750e+01) (1, 1.05919718742370605469e+00) (2, -9.67775917053222656250e+00) (3, 1.57890513539314270020e-01) (0, 1.01754873991012573242e-01) (1, 4.48993593454360961914e-02) (2, -1.48401117324829101562e+00) (3, 4.47977352142333984375e+00) (0, 2.59966015815734863281e+00) (1, -1.39441025257110595703e+00) (2, 3.05101245641708374023e-01) (3, 3.88089865446090698242e-02) (0, -8.21510910987854003906e-01) (1, 6.54034435749053955078e-01) (2, -2.53826069831848144531e+00) (3, 8.43736743927001953125e+00) (0, -1.29527688026428222656e+00) (1, 7.16873943805694580078e-01) (2, -1.46161043643951416016e+00) (3, 1.33890676498413085938e+00) (0, -9.81279850006103515625e-01) (1, 7.39210724830627441406e-01) (2, -1.70176339149475097656e+00) (3, 4.11736822128295898438e+00) (4, -4.37301540374755859375e+00) (5, -7.71785318851470947266e-01) (6, -8.50000000000000000000e+02) (7, -5.97040951251983642578e-01) (8, 2.08734959363937377930e-01) (9, -3.40602755546569824219e-01) (10, -2.12921388447284698486e-02) (11, -1.88958927989006042480e-01) (12, 7.10969924926757812500e-01) 
