FANN_FLO_2.1
num_layers=3
learning_rate=0.500000
connection_rate=1.000000
network_type=0
learning_momentum=0.000000
training_algorithm=2
train_error_function=1
train_stop_function=0
cascade_output_change_fraction=0.010000
quickprop_decay=-0.000100
quickprop_mu=1.750000
rprop_increase_factor=1.200000
rprop_decrease_factor=0.500000
rprop_delta_min=0.000000
rprop_delta_max=50.000000
rprop_delta_zero=0.100000
cascade_output_stagnation_epochs=12
cascade_candidate_change_fraction=0.010000
cascade_candidate_stagnation_epochs=12
cascade_max_out_epochs=150
cascade_min_out_epochs=50
cascade_max_cand_epochs=150
cascade_min_cand_epochs=50
cascade_num_candidate_groups=2
bit_fail_limit=3.49999994039535522461e-01
cascade_candidate_limit=1.00000000000000000000e+03
cascade_weight_multiplier=4.00000005960464477539e-01
cascade_activation_functions_count=10
cascade_activation_functions=3 5 7 8 10 11 14 15 16 17 
cascade_activation_steepnesses_count=4
cascade_activation_steepnesses=2.50000000000000000000e-01 5.00000000000000000000e-01 7.50000000000000000000e-01 1.00000000000000000000e+00 
layer_sizes=10 5 2 
scale_included=0
neurons (num_inputs, activation_function, activation_steepness)=(0, 0, 0.00000000000000000000e+00) (0, 0, 0.00000000000000000000e+00) (0, 0, 0.00000000000000000000e+00) (0, 0, 0.00000000000000000000e+00) (0, 0, 0.00000000000000000000e+00) (0, 0, 0.00000000000000000000e+00) (0, 0, 0.00000000000000000000e+00) (0, 0, 0.00000000000000000000e+00) (0, 0, 0.00000000000000000000e+00) (0, 0, 0.00000000000000000000e+00) (10, 3, 5.00000000000000000000e-01) (10, 3, 5.00000000000000000000e-01) (10, 3, 5.00000000000000000000e-01) (10, 3, 5.00000000000000000000e-01) (0, 3, 0.00000000000000000000e+00) (5, 3, 5.00000000000000000000e-01) (0, 3, 0.00000000000000000000e+00) 
connections (connected_to_neuron, weight)=(0, -8.96003246307373046875e-01) (1, -1.87925834655761718750e+01) (2, 1.26796836853027343750e+02) (3, -1.36063683032989501953e+00) (4, -6.19498558044433593750e+01) (5, -5.49236793518066406250e+01) (6, -1.61369180679321289062e+00) (7, -3.71219778060913085938e+00) (8, -5.10050010681152343750e+01) (9, -1.21289813518524169922e+00) (0, -2.56440281867980957031e+00) (1, -3.88808708190917968750e+01) (2, 5.22500839233398437500e+01) (3, -4.44846534729003906250e+00) (4, 4.01605339050292968750e+01) (5, -7.60512237548828125000e+01) (6, -3.17739415168762207031e+00) (7, -2.52663707733154296875e+00) (8, 4.59214019775390625000e+01) (9, 6.24954605102539062500e+00) (0, -8.10666620731353759766e-01) (1, -8.06795120239257812500e-01) (2, -8.50237965583801269531e-01) (3, -7.56211340427398681641e-01) (4, -1.08988809585571289062e+00) (5, -8.32652568817138671875e-01) (6, -8.55809688568115234375e-01) (7, -6.66414141654968261719e-01) (8, -9.58325624465942382812e-01) (9, 2.24553203582763671875e+00) (0, -1.36533856391906738281e+00) (1, -1.37806534767150878906e+00) (2, -9.27758514881134033203e-01) (3, -1.47002327442169189453e+00) (4, -4.60635900497436523438e-01) (5, -1.55619084835052490234e+00) (6, -1.14358532428741455078e+00) (7, -1.68648910522460937500e+00) (8, -7.24929511547088623047e-01) (9, 6.46496534347534179688e+00) (10, 1.34985009208321571350e-02) (11, 2.44067478924989700317e-02) (12, -2.19601774215698242188e+00) (13, -8.61185550689697265625e-01) (14, 1.01083171367645263672e+00) 
