FANN_FLO_2.1
num_layers=4
learning_rate=0.500000
connection_rate=1.000000
network_type=0
learning_momentum=0.000000
training_algorithm=2
train_error_function=1
train_stop_function=0
cascade_output_change_fraction=0.010000
quickprop_decay=-0.000100
quickprop_mu=1.750000
rprop_increase_factor=1.200000
rprop_decrease_factor=0.500000
rprop_delta_min=0.000000
rprop_delta_max=50.000000
rprop_delta_zero=0.100000
cascade_output_stagnation_epochs=12
cascade_candidate_change_fraction=0.010000
cascade_candidate_stagnation_epochs=12
cascade_max_out_epochs=150
cascade_min_out_epochs=50
cascade_max_cand_epochs=150
cascade_min_cand_epochs=50
cascade_num_candidate_groups=2
bit_fail_limit=3.49999994039535522461e-01
cascade_candidate_limit=1.00000000000000000000e+03
cascade_weight_multiplier=4.00000005960464477539e-01
cascade_activation_functions_count=10
cascade_activation_functions=3 5 7 8 10 11 14 15 16 17 
cascade_activation_steepnesses_count=4
cascade_activation_steepnesses=2.50000000000000000000e-01 5.00000000000000000000e-01 7.50000000000000000000e-01 1.00000000000000000000e+00 
layer_sizes=4 5 3 2 
scale_included=0
neurons (num_inputs, activation_function, activation_steepness)=(0, 0, 0.00000000000000000000e+00) (0, 0, 0.00000000000000000000e+00) (0, 0, 0.00000000000000000000e+00) (0, 0, 0.00000000000000000000e+00) (4, 3, 5.00000000000000000000e-01) (4, 3, 5.00000000000000000000e-01) (4, 3, 5.00000000000000000000e-01) (4, 3, 5.00000000000000000000e-01) (0, 3, 0.00000000000000000000e+00) (5, 3, 5.00000000000000000000e-01) (5, 3, 5.00000000000000000000e-01) (0, 3, 0.00000000000000000000e+00) (3, 3, 5.00000000000000000000e-01) (0, 3, 0.00000000000000000000e+00) 
connections (connected_to_neuron, weight)=(0, 7.66154241561889648438e+00) (1, 1.06584911346435546875e+01) (2, -2.02275776863098144531e+00) (3, -7.87262725830078125000e+00) (0, 4.02438592910766601562e+00) (1, 4.91993474960327148438e+00) (2, 5.13827323913574218750e+00) (3, -5.96350145339965820312e+00) (0, 3.82906746864318847656e+00) (1, 4.93929481506347656250e+00) (2, 5.51897573471069335938e+00) (3, -5.76783370971679687500e+00) (0, -1.34385363769531250000e+03) (1, -1.07098901367187500000e+03) (2, -1.96288864135742187500e+02) (3, -1.13316757202148437500e+02) (4, -1.00765597820281982422e+00) (5, -3.57256960868835449219e+00) (6, -3.46408295631408691406e+00) (7, -9.56442070007324218750e+00) (8, 4.54985427856445312500e+00) (4, -1.36175403594970703125e+01) (5, -3.67904496192932128906e+00) (6, -3.60730600357055664062e+00) (7, -9.56442070007324218750e+00) (8, 1.13792762756347656250e+01) (9, -1.37379884719848632812e+00) (10, -3.29269099235534667969e+00) (11, 2.34702014923095703125e+00) 
