FANN_FLO_2.1
num_layers=3
learning_rate=0.300000
connection_rate=1.000000
network_type=0
learning_momentum=0.000000
training_algorithm=2
train_error_function=1
train_stop_function=0
cascade_output_change_fraction=0.010000
quickprop_decay=-0.000100
quickprop_mu=1.750000
rprop_increase_factor=1.200000
rprop_decrease_factor=0.500000
rprop_delta_min=0.000000
rprop_delta_max=50.000000
rprop_delta_zero=0.100000
cascade_output_stagnation_epochs=12
cascade_candidate_change_fraction=0.010000
cascade_candidate_stagnation_epochs=12
cascade_max_out_epochs=150
cascade_min_out_epochs=50
cascade_max_cand_epochs=150
cascade_min_cand_epochs=50
cascade_num_candidate_groups=2
bit_fail_limit=3.49999994039535522461e-01
cascade_candidate_limit=1.00000000000000000000e+03
cascade_weight_multiplier=4.00000005960464477539e-01
cascade_activation_functions_count=10
cascade_activation_functions=3 5 7 8 10 11 14 15 16 17 
cascade_activation_steepnesses_count=4
cascade_activation_steepnesses=2.50000000000000000000e-01 5.00000000000000000000e-01 7.50000000000000000000e-01 1.00000000000000000000e+00 
layer_sizes=4 9 2 
scale_included=0
neurons (num_inputs, activation_function, activation_steepness)=(0, 0, 0.00000000000000000000e+00) (0, 0, 0.00000000000000000000e+00) (0, 0, 0.00000000000000000000e+00) (0, 0, 0.00000000000000000000e+00) (4, 3, 5.00000000000000000000e-01) (4, 3, 5.00000000000000000000e-01) (4, 3, 5.00000000000000000000e-01) (4, 3, 5.00000000000000000000e-01) (4, 3, 5.00000000000000000000e-01) (4, 3, 5.00000000000000000000e-01) (4, 3, 5.00000000000000000000e-01) (4, 3, 5.00000000000000000000e-01) (0, 3, 0.00000000000000000000e+00) (9, 3, 5.00000000000000000000e-01) (0, 3, 0.00000000000000000000e+00) 
connections (connected_to_neuron, weight)=(0, -1.84721082448959350586e-01) (1, -4.00392152369022369385e-03) (2, -1.96387823671102523804e-02) (3, 3.57848215103149414062e+00) (0, 7.22369551658630371094e-01) (1, -3.31805348396301269531e-02) (2, -4.31239700317382812500e+00) (3, 1.59743562340736389160e-01) (0, -1.55156234741210937500e+02) (1, -6.94932758808135986328e-01) (2, -5.49281978607177734375e+00) (3, -3.87824058532714843750e-01) (0, -4.54406142234802246094e-01) (1, 3.38582962751388549805e-01) (2, -2.70671606063842773438e+00) (3, 1.25378990173339843750e+01) (0, 1.49999975585937500000e+03) (1, 1.49998889160156250000e+03) (2, 1.49999926757812500000e+03) (3, 7.11964368820190429688e-01) (0, -3.22251737117767333984e-01) (1, 1.83390334248542785645e-01) (2, -5.87869226932525634766e-01) (3, 4.11743927001953125000e+00) (0, -1.43467038869857788086e-01) (1, 7.00552910566329956055e-02) (2, -6.68962597846984863281e-01) (3, 2.11717152595520019531e+00) (0, 2.60727095603942871094e+00) (1, -2.40971356630325317383e-01) (2, -1.28159065246582031250e+01) (3, -2.13325276970863342285e-01) (4, -3.07093358039855957031e+00) (5, -2.10182189941406250000e+00) (6, 1.50000000000000000000e+03) (7, -3.66573631763458251953e-01) (8, 4.17291581630706787109e-01) (9, -9.67132687568664550781e-01) (10, -2.52307915687561035156e+00) (11, 3.36755824089050292969e+00) (12, 6.79612576961517333984e-01) 
