FANN_FLO_2.1
num_layers=4
learning_rate=0.450000
connection_rate=1.000000
network_type=0
learning_momentum=0.000000
training_algorithm=2
train_error_function=1
train_stop_function=0
cascade_output_change_fraction=0.010000
quickprop_decay=-0.000100
quickprop_mu=1.750000
rprop_increase_factor=1.200000
rprop_decrease_factor=0.500000
rprop_delta_min=0.000000
rprop_delta_max=50.000000
rprop_delta_zero=0.100000
cascade_output_stagnation_epochs=12
cascade_candidate_change_fraction=0.010000
cascade_candidate_stagnation_epochs=12
cascade_max_out_epochs=150
cascade_min_out_epochs=50
cascade_max_cand_epochs=150
cascade_min_cand_epochs=50
cascade_num_candidate_groups=2
bit_fail_limit=3.49999994039535522461e-01
cascade_candidate_limit=1.00000000000000000000e+03
cascade_weight_multiplier=4.00000005960464477539e-01
cascade_activation_functions_count=10
cascade_activation_functions=3 5 7 8 10 11 14 15 16 17 
cascade_activation_steepnesses_count=4
cascade_activation_steepnesses=2.50000000000000000000e-01 5.00000000000000000000e-01 7.50000000000000000000e-01 1.00000000000000000000e+00 
layer_sizes=7 5 3 2 
scale_included=0
neurons (num_inputs, activation_function, activation_steepness)=(0, 0, 0.00000000000000000000e+00) (0, 0, 0.00000000000000000000e+00) (0, 0, 0.00000000000000000000e+00) (0, 0, 0.00000000000000000000e+00) (0, 0, 0.00000000000000000000e+00) (0, 0, 0.00000000000000000000e+00) (0, 0, 0.00000000000000000000e+00) (7, 3, 5.00000000000000000000e-01) (7, 3, 5.00000000000000000000e-01) (7, 3, 5.00000000000000000000e-01) (7, 3, 5.00000000000000000000e-01) (0, 3, 0.00000000000000000000e+00) (5, 3, 5.00000000000000000000e-01) (5, 3, 5.00000000000000000000e-01) (0, 3, 0.00000000000000000000e+00) (3, 0, 5.00000000000000000000e-01) (0, 0, 0.00000000000000000000e+00) 
connections (connected_to_neuron, weight)=(0, 1.01173114776611328125e+00) (1, -1.46455705165863037109e+00) (2, -5.19928073883056640625e+00) (3, 4.17467504739761352539e-01) (4, -1.49992334842681884766e+00) (5, -2.30131196975708007812e+00) (6, -3.75452637672424316406e+00) (0, 1.92215502262115478516e-01) (1, -6.09087884426116943359e-01) (2, 4.55491334199905395508e-01) (3, 1.88594833016395568848e-01) (4, -4.42736715078353881836e-01) (5, 5.05748331546783447266e-01) (6, -1.00254650115966796875e+01) (0, 1.47810131835937500000e+03) (1, 1.47966186523437500000e+03) (2, 1.49585461425781250000e+03) (3, 1.40679187011718750000e+03) (4, 1.20269335937500000000e+03) (5, 8.02935729980468750000e+02) (6, 1.16286551952362060547e+00) (0, 1.49862133789062500000e+03) (1, 1.47372412109375000000e+03) (2, 1.49585461425781250000e+03) (3, 1.49884460449218750000e+03) (4, 1.14205334472656250000e+03) (5, 1.33111877441406250000e+03) (6, 1.36121630668640136719e+00) (7, 1.50000000000000000000e+03) (8, -1.85401039123535156250e+01) (9, 4.36903190612792968750e+00) (10, 4.33659839630126953125e+00) (11, 4.36610698699951171875e+00) (7, -4.05662345886230468750e+00) (8, 1.50000000000000000000e+03) (9, 6.33251249790191650391e-01) (10, 6.51711940765380859375e-01) (11, 5.25353968143463134766e-01) (12, -4.36145752668380737305e-01) (13, 1.03232078254222869873e-01) (14, 3.56186360120773315430e-01) 
