FANN_FLO_2.1
num_layers=3
learning_rate=0.500000
connection_rate=1.000000
network_type=0
learning_momentum=0.000000
training_algorithm=2
train_error_function=1
train_stop_function=0
cascade_output_change_fraction=0.010000
quickprop_decay=-0.000100
quickprop_mu=1.750000
rprop_increase_factor=1.200000
rprop_decrease_factor=0.500000
rprop_delta_min=0.000000
rprop_delta_max=50.000000
rprop_delta_zero=0.100000
cascade_output_stagnation_epochs=12
cascade_candidate_change_fraction=0.010000
cascade_candidate_stagnation_epochs=12
cascade_max_out_epochs=150
cascade_min_out_epochs=50
cascade_max_cand_epochs=150
cascade_min_cand_epochs=50
cascade_num_candidate_groups=2
bit_fail_limit=3.49999994039535522461e-01
cascade_candidate_limit=1.00000000000000000000e+03
cascade_weight_multiplier=4.00000005960464477539e-01
cascade_activation_functions_count=10
cascade_activation_functions=3 5 7 8 10 11 14 15 16 17 
cascade_activation_steepnesses_count=4
cascade_activation_steepnesses=2.50000000000000000000e-01 5.00000000000000000000e-01 7.50000000000000000000e-01 1.00000000000000000000e+00 
layer_sizes=10 5 2 
scale_included=0
neurons (num_inputs, activation_function, activation_steepness)=(0, 0, 0.00000000000000000000e+00) (0, 0, 0.00000000000000000000e+00) (0, 0, 0.00000000000000000000e+00) (0, 0, 0.00000000000000000000e+00) (0, 0, 0.00000000000000000000e+00) (0, 0, 0.00000000000000000000e+00) (0, 0, 0.00000000000000000000e+00) (0, 0, 0.00000000000000000000e+00) (0, 0, 0.00000000000000000000e+00) (0, 0, 0.00000000000000000000e+00) (10, 3, 5.00000000000000000000e-01) (10, 3, 5.00000000000000000000e-01) (10, 3, 5.00000000000000000000e-01) (10, 3, 5.00000000000000000000e-01) (0, 3, 0.00000000000000000000e+00) (5, 3, 5.00000000000000000000e-01) (0, 3, 0.00000000000000000000e+00) 
connections (connected_to_neuron, weight)=(0, -4.47703838348388671875e-01) (1, -3.70246618986129760742e-01) (2, -2.82678693532943725586e-01) (3, -6.05013847351074218750e-01) (4, -4.59125578403472900391e-01) (5, -2.93526440858840942383e-01) (6, -3.22185993194580078125e-01) (7, -4.68519806861877441406e-01) (8, -4.16950792074203491211e-01) (9, 1.33417665958404541016e+00) (0, 8.42506468296051025391e-01) (1, 3.03251564502716064453e-01) (2, 4.70032066106796264648e-01) (3, 2.00725808739662170410e-01) (4, 5.49401402473449707031e-01) (5, 6.24649524688720703125e-01) (6, 3.46284002065658569336e-01) (7, 1.55909433960914611816e-01) (8, 1.55491486191749572754e-01) (9, -1.44793057441711425781e+00) (0, -1.91597804427146911621e-01) (1, -5.07590889930725097656e-01) (2, -3.44452738761901855469e-01) (3, -5.51472842693328857422e-01) (4, -4.20188158750534057617e-01) (5, -2.18244969844818115234e-01) (6, -3.70245188474655151367e-01) (7, -4.91986036300659179688e-01) (8, -3.37435334920883178711e-01) (9, 5.07506847381591796875e-01) (0, 4.70509737730026245117e-01) (1, 4.26617473363876342773e-01) (2, 7.47334420680999755859e-01) (3, 5.05242422223091125488e-02) (4, 2.21268042922019958496e-01) (5, 7.36845076084136962891e-01) (6, 6.80169165134429931641e-01) (7, 4.62760746479034423828e-01) (8, 6.58400595188140869141e-01) (9, -1.95314180850982666016e+00) (10, -1.72992086410522460938e+00) (11, 6.20776832103729248047e-01) (12, -1.56131601333618164062e+00) (13, 1.08026921749114990234e+00) (14, 4.10547554492950439453e-02) 
