FANN_FLO_2.1
num_layers=3
learning_rate=0.500000
connection_rate=1.000000
network_type=0
learning_momentum=0.000000
training_algorithm=2
train_error_function=1
train_stop_function=0
cascade_output_change_fraction=0.010000
quickprop_decay=-0.000100
quickprop_mu=1.750000
rprop_increase_factor=1.200000
rprop_decrease_factor=0.500000
rprop_delta_min=0.000000
rprop_delta_max=50.000000
rprop_delta_zero=0.100000
cascade_output_stagnation_epochs=12
cascade_candidate_change_fraction=0.010000
cascade_candidate_stagnation_epochs=12
cascade_max_out_epochs=150
cascade_min_out_epochs=50
cascade_max_cand_epochs=150
cascade_min_cand_epochs=50
cascade_num_candidate_groups=2
bit_fail_limit=3.49999994039535522461e-01
cascade_candidate_limit=1.00000000000000000000e+03
cascade_weight_multiplier=4.00000005960464477539e-01
cascade_activation_functions_count=10
cascade_activation_functions=3 5 7 8 10 11 14 15 16 17 
cascade_activation_steepnesses_count=4
cascade_activation_steepnesses=2.50000000000000000000e-01 5.00000000000000000000e-01 7.50000000000000000000e-01 1.00000000000000000000e+00 
layer_sizes=10 5 2 
scale_included=0
neurons (num_inputs, activation_function, activation_steepness)=(0, 0, 0.00000000000000000000e+00) (0, 0, 0.00000000000000000000e+00) (0, 0, 0.00000000000000000000e+00) (0, 0, 0.00000000000000000000e+00) (0, 0, 0.00000000000000000000e+00) (0, 0, 0.00000000000000000000e+00) (0, 0, 0.00000000000000000000e+00) (0, 0, 0.00000000000000000000e+00) (0, 0, 0.00000000000000000000e+00) (0, 0, 0.00000000000000000000e+00) (10, 3, 5.00000000000000000000e-01) (10, 3, 5.00000000000000000000e-01) (10, 3, 5.00000000000000000000e-01) (10, 3, 5.00000000000000000000e-01) (0, 3, 0.00000000000000000000e+00) (5, 3, 5.00000000000000000000e-01) (0, 3, 0.00000000000000000000e+00) 
connections (connected_to_neuron, weight)=(0, 5.58121621608734130859e-01) (1, 6.32694721221923828125e-01) (2, 1.26238846778869628906e+00) (3, 5.47306120395660400391e-01) (4, -1.69311434030532836914e-01) (5, 5.42516648769378662109e-01) (6, 1.17930006980895996094e+00) (7, 5.89889526367187500000e-01) (8, 4.66773718595504760742e-01) (9, -2.84309220314025878906e+00) (0, -6.82256996631622314453e-01) (1, -4.23015922307968139648e-01) (2, -3.82507406175136566162e-02) (3, -4.35668587684631347656e-01) (4, -3.09545189142227172852e-01) (5, -6.56003177165985107422e-01) (6, -1.47992566227912902832e-01) (7, -6.38013482093811035156e-01) (8, -6.81981503963470458984e-01) (9, 7.20248043537139892578e-01) (0, -3.24556410312652587891e-01) (1, -2.09281802177429199219e-01) (2, -1.13436831161379814148e-02) (3, -4.70980435609817504883e-01) (4, -1.26914536952972412109e+00) (5, -2.65888363122940063477e-01) (6, 8.72929766774177551270e-02) (7, -2.66606897115707397461e-01) (8, -2.47577637434005737305e-01) (9, 5.78212440013885498047e-01) (0, -5.50874471664428710938e-01) (1, -5.80188989639282226562e-01) (2, -4.66989353299140930176e-02) (3, -2.93196409940719604492e-01) (4, -3.91993880271911621094e-01) (5, -6.53630912303924560547e-01) (6, -1.97916463017463684082e-01) (7, -5.46480119228363037109e-01) (8, -7.07691133022308349609e-01) (9, 6.60110473632812500000e-01) (10, 1.54728615283966064453e+00) (11, -8.04039359092712402344e-01) (12, -1.54740786552429199219e+00) (13, -8.76655459403991699219e-01) (14, 5.33851645886898040771e-02) 
