FANN_FLO_2.1
num_layers=3
learning_rate=0.400000
connection_rate=1.000000
network_type=0
learning_momentum=0.000000
training_algorithm=2
train_error_function=1
train_stop_function=0
cascade_output_change_fraction=0.010000
quickprop_decay=-0.000100
quickprop_mu=1.750000
rprop_increase_factor=1.200000
rprop_decrease_factor=0.500000
rprop_delta_min=0.000000
rprop_delta_max=50.000000
rprop_delta_zero=0.100000
cascade_output_stagnation_epochs=12
cascade_candidate_change_fraction=0.010000
cascade_candidate_stagnation_epochs=12
cascade_max_out_epochs=150
cascade_min_out_epochs=50
cascade_max_cand_epochs=150
cascade_min_cand_epochs=50
cascade_num_candidate_groups=2
bit_fail_limit=3.49999994039535522461e-01
cascade_candidate_limit=1.00000000000000000000e+03
cascade_weight_multiplier=4.00000005960464477539e-01
cascade_activation_functions_count=10
cascade_activation_functions=3 5 7 8 10 11 14 15 16 17 
cascade_activation_steepnesses_count=4
cascade_activation_steepnesses=2.50000000000000000000e-01 5.00000000000000000000e-01 7.50000000000000000000e-01 1.00000000000000000000e+00 
layer_sizes=6 5 2 
scale_included=0
neurons (num_inputs, activation_function, activation_steepness)=(0, 0, 0.00000000000000000000e+00) (0, 0, 0.00000000000000000000e+00) (0, 0, 0.00000000000000000000e+00) (0, 0, 0.00000000000000000000e+00) (0, 0, 0.00000000000000000000e+00) (0, 0, 0.00000000000000000000e+00) (6, 3, 5.00000000000000000000e-01) (6, 3, 5.00000000000000000000e-01) (6, 3, 5.00000000000000000000e-01) (6, 3, 5.00000000000000000000e-01) (0, 3, 0.00000000000000000000e+00) (5, 0, 5.00000000000000000000e-01) (0, 0, 0.00000000000000000000e+00) 
connections (connected_to_neuron, weight)=(0, -4.92450475692749023438e+00) (1, 9.66667458415031433105e-02) (2, 2.49423414468765258789e-01) (3, -1.66435766220092773438e+00) (4, 2.72526621818542480469e-01) (5, -1.13553214073181152344e+00) (0, -1.50000000000000000000e+03) (1, -5.17101001739501953125e+00) (2, -2.36525729298591613770e-01) (3, -1.47210907936096191406e+00) (4, 4.73903894424438476562e-01) (5, -1.35205805301666259766e+00) (0, -1.79459309577941894531e+00) (1, -4.45016324520111083984e-01) (2, 3.61282944679260253906e-01) (3, -2.17220640182495117188e+00) (4, 5.76596796512603759766e-01) (5, -4.43925708532333374023e-02) (0, -1.73138179779052734375e+01) (1, -1.98688519001007080078e+00) (2, -2.99310714006423950195e-01) (3, -1.51630842685699462891e+00) (4, -2.65688627958297729492e-01) (5, 1.86264365911483764648e-01) (6, 4.35258895158767700195e-01) (7, 4.40986251831054687500e+00) (8, 4.34029668569564819336e-01) (9, 9.10505414009094238281e-01) (10, 2.63540774583816528320e-01) 
