FANN_FLO_2.1
num_layers=3
learning_rate=0.500000
connection_rate=1.000000
network_type=0
learning_momentum=0.000000
training_algorithm=2
train_error_function=1
train_stop_function=0
cascade_output_change_fraction=0.010000
quickprop_decay=-0.000100
quickprop_mu=1.750000
rprop_increase_factor=1.200000
rprop_decrease_factor=0.500000
rprop_delta_min=0.000000
rprop_delta_max=50.000000
rprop_delta_zero=0.100000
cascade_output_stagnation_epochs=12
cascade_candidate_change_fraction=0.010000
cascade_candidate_stagnation_epochs=12
cascade_max_out_epochs=150
cascade_min_out_epochs=50
cascade_max_cand_epochs=150
cascade_min_cand_epochs=50
cascade_num_candidate_groups=2
bit_fail_limit=3.49999994039535522461e-01
cascade_candidate_limit=1.00000000000000000000e+03
cascade_weight_multiplier=4.00000005960464477539e-01
cascade_activation_functions_count=10
cascade_activation_functions=3 5 7 8 10 11 14 15 16 17 
cascade_activation_steepnesses_count=4
cascade_activation_steepnesses=2.50000000000000000000e-01 5.00000000000000000000e-01 7.50000000000000000000e-01 1.00000000000000000000e+00 
layer_sizes=10 3 2 
scale_included=0
neurons (num_inputs, activation_function, activation_steepness)=(0, 0, 0.00000000000000000000e+00) (0, 0, 0.00000000000000000000e+00) (0, 0, 0.00000000000000000000e+00) (0, 0, 0.00000000000000000000e+00) (0, 0, 0.00000000000000000000e+00) (0, 0, 0.00000000000000000000e+00) (0, 0, 0.00000000000000000000e+00) (0, 0, 0.00000000000000000000e+00) (0, 0, 0.00000000000000000000e+00) (0, 0, 0.00000000000000000000e+00) (10, 3, 5.00000000000000000000e-01) (10, 3, 5.00000000000000000000e-01) (0, 3, 0.00000000000000000000e+00) (3, 3, 5.00000000000000000000e-01) (0, 3, 0.00000000000000000000e+00) 
connections (connected_to_neuron, weight)=(0, -2.63615399599075317383e-01) (1, -2.82212406396865844727e-01) (2, -2.57443070411682128906e-01) (3, -2.74980962276458740234e-01) (4, -4.45411860942840576172e-01) (5, -3.51349413394927978516e-01) (6, -2.68351525068283081055e-01) (7, -3.43023121356964111328e-01) (8, -2.88379043340682983398e-01) (9, 4.54212456941604614258e-01) (0, -4.11749660968780517578e-01) (1, -3.93940150737762451172e-01) (2, -4.02482092380523681641e-01) (3, -4.79458123445510864258e-01) (4, 7.37180784344673156738e-02) (5, -2.75334775447845458984e-01) (6, -4.59564656019210815430e-01) (7, -1.73440277576446533203e-01) (8, -3.39568138122558593750e-01) (9, 4.06905055046081542969e-01) (10, -5.29102420806884765625e+00) (11, -1.76403892040252685547e+00) (12, 1.94599270820617675781e+00) 
