FANN_FLO_2.1
num_layers=3
learning_rate=0.500000
connection_rate=1.000000
network_type=0
learning_momentum=0.000000
training_algorithm=2
train_error_function=1
train_stop_function=0
cascade_output_change_fraction=0.010000
quickprop_decay=-0.000100
quickprop_mu=1.750000
rprop_increase_factor=1.200000
rprop_decrease_factor=0.500000
rprop_delta_min=0.000000
rprop_delta_max=50.000000
rprop_delta_zero=0.100000
cascade_output_stagnation_epochs=12
cascade_candidate_change_fraction=0.010000
cascade_candidate_stagnation_epochs=12
cascade_max_out_epochs=150
cascade_min_out_epochs=50
cascade_max_cand_epochs=150
cascade_min_cand_epochs=50
cascade_num_candidate_groups=2
bit_fail_limit=3.49999994039535522461e-01
cascade_candidate_limit=1.00000000000000000000e+03
cascade_weight_multiplier=4.00000005960464477539e-01
cascade_activation_functions_count=10
cascade_activation_functions=3 5 7 8 10 11 14 15 16 17 
cascade_activation_steepnesses_count=4
cascade_activation_steepnesses=2.50000000000000000000e-01 5.00000000000000000000e-01 7.50000000000000000000e-01 1.00000000000000000000e+00 
layer_sizes=7 9 2 
scale_included=0
neurons (num_inputs, activation_function, activation_steepness)=(0, 0, 0.00000000000000000000e+00) (0, 0, 0.00000000000000000000e+00) (0, 0, 0.00000000000000000000e+00) (0, 0, 0.00000000000000000000e+00) (0, 0, 0.00000000000000000000e+00) (0, 0, 0.00000000000000000000e+00) (0, 0, 0.00000000000000000000e+00) (7, 3, 5.00000000000000000000e-01) (7, 3, 5.00000000000000000000e-01) (7, 3, 5.00000000000000000000e-01) (7, 3, 5.00000000000000000000e-01) (7, 3, 5.00000000000000000000e-01) (7, 3, 5.00000000000000000000e-01) (7, 3, 5.00000000000000000000e-01) (7, 3, 5.00000000000000000000e-01) (0, 3, 0.00000000000000000000e+00) (9, 0, 5.00000000000000000000e-01) (0, 0, 0.00000000000000000000e+00) 
connections (connected_to_neuron, weight)=(0, -9.81779694557189941406e-01) (1, -9.91692394018173217773e-02) (2, 1.36486101150512695312e+00) (3, -9.02477264404296875000e-01) (4, -2.63034909963607788086e-01) (5, 1.49778068065643310547e-01) (6, -1.90091252326965332031e-01) (0, 1.11683644354343414307e-01) (1, -1.15850709378719329834e-01) (2, 2.24293440580368041992e-01) (3, -3.01619738340377807617e-01) (4, 1.43053185939788818359e+00) (5, -1.30286207422614097595e-05) (6, -1.68495088815689086914e-01) (0, 5.29471896588802337646e-02) (1, -3.85098397731781005859e-01) (2, -1.00220747292041778564e-01) (3, -2.37093582749366760254e-01) (4, -2.34654992818832397461e-01) (5, -9.43979144096374511719e-01) (6, -2.74363189935684204102e-01) (0, 9.99002531170845031738e-02) (1, -1.70307016372680664062e+00) (2, -5.34135401248931884766e-01) (3, -5.37904500961303710938e-01) (4, -1.41198098659515380859e+00) (5, 1.03133368492126464844e+00) (6, -1.18081605434417724609e+00) (0, -1.29247498512268066406e+00) (1, -1.00152730941772460938e-01) (2, 1.67332530021667480469e+00) (3, -8.47170829772949218750e-01) (4, -4.34973686933517456055e-01) (5, -4.84152364730834960938e+00) (6, -2.32595652341842651367e-01) (0, -1.09461045265197753906e+00) (1, -5.04973948001861572266e-01) (2, -4.02970075607299804688e-01) (3, -5.06152287125587463379e-02) (4, -5.54321169853210449219e-01) (5, 4.83913958072662353516e-01) (6, -6.60848617553710937500e-01) (0, -4.15254259109497070312e+00) (1, -6.50683581829071044922e-01) (2, 1.72447562217712402344e+00) (3, -1.02804385125637054443e-01) (4, -5.16137480735778808594e-01) (5, 6.15186452865600585938e-01) (6, -6.46121561527252197266e-01) (0, 3.88438180088996887207e-02) (1, -1.40385121107101440430e-01) (2, 3.06184023618698120117e-01) (3, -4.02816891670227050781e-01) (4, 3.20762825012207031250e+00) (5, -4.78407293558120727539e-01) (6, 6.61775395274162292480e-02) (7, -1.03669166564941406250e+00) (8, -5.00711798667907714844e-02) (9, 1.64378315210342407227e-01) (10, -2.49400401115417480469e+00) (11, 1.13890695571899414062e+01) (12, -3.36932158470153808594e+00) (13, 4.32581672668457031250e+01) (14, -1.09396435320377349854e-01) (15, 1.71538725495338439941e-01) 
