FANN_FLO_2.1
num_layers=4
learning_rate=0.300000
connection_rate=1.000000
network_type=0
learning_momentum=0.000000
training_algorithm=2
train_error_function=1
train_stop_function=0
cascade_output_change_fraction=0.010000
quickprop_decay=-0.000100
quickprop_mu=1.750000
rprop_increase_factor=1.200000
rprop_decrease_factor=0.500000
rprop_delta_min=0.000000
rprop_delta_max=50.000000
rprop_delta_zero=0.100000
cascade_output_stagnation_epochs=12
cascade_candidate_change_fraction=0.010000
cascade_candidate_stagnation_epochs=12
cascade_max_out_epochs=150
cascade_min_out_epochs=50
cascade_max_cand_epochs=150
cascade_min_cand_epochs=50
cascade_num_candidate_groups=2
bit_fail_limit=3.49999994039535522461e-01
cascade_candidate_limit=1.00000000000000000000e+03
cascade_weight_multiplier=4.00000005960464477539e-01
cascade_activation_functions_count=10
cascade_activation_functions=3 5 7 8 10 11 14 15 16 17 
cascade_activation_steepnesses_count=4
cascade_activation_steepnesses=2.50000000000000000000e-01 5.00000000000000000000e-01 7.50000000000000000000e-01 1.00000000000000000000e+00 
layer_sizes=2 5 3 3 
scale_included=0
neurons (num_inputs, activation_function, activation_steepness)=(0, 0, 0.00000000000000000000e+00) (0, 0, 0.00000000000000000000e+00) (2, 3, 5.00000000000000000000e-01) (2, 3, 5.00000000000000000000e-01) (2, 3, 5.00000000000000000000e-01) (2, 3, 5.00000000000000000000e-01) (0, 3, 0.00000000000000000000e+00) (5, 3, 5.00000000000000000000e-01) (5, 3, 5.00000000000000000000e-01) (0, 3, 0.00000000000000000000e+00) (3, 0, 5.00000000000000000000e-01) (3, 0, 5.00000000000000000000e-01) (0, 0, 0.00000000000000000000e+00) 
connections (connected_to_neuron, weight)=(0, -1.50000000000000000000e+03) (1, 5.00913047790527343750e+01) (0, -2.17870998382568359375e+01) (1, -4.13313031196594238281e-01) (0, -2.79860820770263671875e+01) (1, -9.80834841728210449219e-01) (0, -2.56722526550292968750e+01) (1, -7.41770029067993164062e-01) (2, 3.61649006605148315430e-01) (3, 1.35278189182281494141e+00) (4, 1.59280550479888916016e+00) (5, 1.96911334991455078125e+00) (6, -1.87318205833435058594e-01) (2, -1.16075563430786132812e+00) (3, 8.01579773426055908203e-01) (4, 6.63625288009643554688e+00) (5, 3.25984787940979003906e+00) (6, -3.37262868881225585938e+00) (7, -4.14638333022594451904e-02) (8, 1.56844884157180786133e-01) (9, -1.14374771714210510254e-01) (7, -6.37826681137084960938e-01) (8, -8.60009968280792236328e-01) (9, -5.84911227226257324219e-01) 
