FANN_FLO_2.1
num_layers=3
learning_rate=0.500000
connection_rate=1.000000
network_type=0
learning_momentum=0.000000
training_algorithm=2
train_error_function=1
train_stop_function=0
cascade_output_change_fraction=0.010000
quickprop_decay=-0.000100
quickprop_mu=1.750000
rprop_increase_factor=1.200000
rprop_decrease_factor=0.500000
rprop_delta_min=0.000000
rprop_delta_max=50.000000
rprop_delta_zero=0.100000
cascade_output_stagnation_epochs=12
cascade_candidate_change_fraction=0.010000
cascade_candidate_stagnation_epochs=12
cascade_max_out_epochs=150
cascade_min_out_epochs=50
cascade_max_cand_epochs=150
cascade_min_cand_epochs=50
cascade_num_candidate_groups=2
bit_fail_limit=3.49999994039535522461e-01
cascade_candidate_limit=1.00000000000000000000e+03
cascade_weight_multiplier=4.00000005960464477539e-01
cascade_activation_functions_count=10
cascade_activation_functions=3 5 7 8 10 11 14 15 16 17 
cascade_activation_steepnesses_count=4
cascade_activation_steepnesses=2.50000000000000000000e-01 5.00000000000000000000e-01 7.50000000000000000000e-01 1.00000000000000000000e+00 
layer_sizes=7 9 2 
scale_included=0
neurons (num_inputs, activation_function, activation_steepness)=(0, 0, 0.00000000000000000000e+00) (0, 0, 0.00000000000000000000e+00) (0, 0, 0.00000000000000000000e+00) (0, 0, 0.00000000000000000000e+00) (0, 0, 0.00000000000000000000e+00) (0, 0, 0.00000000000000000000e+00) (0, 0, 0.00000000000000000000e+00) (7, 3, 5.00000000000000000000e-01) (7, 3, 5.00000000000000000000e-01) (7, 3, 5.00000000000000000000e-01) (7, 3, 5.00000000000000000000e-01) (7, 3, 5.00000000000000000000e-01) (7, 3, 5.00000000000000000000e-01) (7, 3, 5.00000000000000000000e-01) (7, 3, 5.00000000000000000000e-01) (0, 3, 0.00000000000000000000e+00) (9, 0, 5.00000000000000000000e-01) (0, 0, 0.00000000000000000000e+00) 
connections (connected_to_neuron, weight)=(0, 7.14614093303680419922e-02) (1, 8.63696932792663574219e-02) (2, 2.24922999739646911621e-01) (3, -5.28782248497009277344e-01) (4, 2.58238506317138671875e+00) (5, -1.98249265551567077637e-01) (6, 3.00528311729431152344e+00) (0, 1.27513796091079711914e-01) (1, -2.35036283731460571289e-01) (2, 1.47986710071563720703e-01) (3, -3.06334700435400009155e-02) (4, 1.49513948708772659302e-02) (5, 7.60085284709930419922e-02) (6, -4.34199619293212890625e+00) (0, -1.34902644157409667969e+00) (1, 2.48495173454284667969e+00) (2, -2.04303026199340820312e+00) (3, -9.23987150192260742188e-01) (4, 3.84511184692382812500e+00) (5, -2.65945625305175781250e+00) (6, -1.77499759197235107422e+00) (0, -3.74770164489746093750e+00) (1, -8.62127113342285156250e+00) (2, -1.49167060852050781250e+00) (3, -3.92206311225891113281e+00) (4, -2.06821079254150390625e+01) (5, -6.86948776245117187500e-01) (6, -9.84334826469421386719e-01) (0, -7.02772215008735656738e-02) (1, -4.69626262784004211426e-02) (2, -8.33663940429687500000e-02) (3, 3.80817621946334838867e-01) (4, -1.40403556823730468750e+00) (5, 1.51380226016044616699e-01) (6, -4.21827363967895507812e+00) (0, -4.21652507781982421875e+00) (1, -7.44814348220825195312e+00) (2, -8.48031401634216308594e-01) (3, -8.99472141265869140625e+00) (4, -3.96736984252929687500e+01) (5, -7.63959169387817382812e-01) (6, -4.89108234643936157227e-01) (0, -6.51078367233276367188e+00) (1, 4.93144989013671875000e+00) (2, -1.03656220436096191406e+00) (3, -1.62846717834472656250e+01) (4, 8.14511489868164062500e+00) (5, -1.43842668533325195312e+01) (6, -8.43483984470367431641e-01) (0, -2.90475692749023437500e+01) (1, 2.87361907958984375000e+01) (2, -2.22643882036209106445e-01) (3, -1.03125816345214843750e+02) (4, -8.65297698974609375000e+01) (5, -3.77117156982421875000e+00) (6, -4.39740270376205444336e-01) (7, -8.69942083954811096191e-02) (8, 6.87645614147186279297e-01) (9, 7.70921558141708374023e-02) (10, -8.00000000000000000000e+02) (11, 2.91570997238159179688e+00) (12, -8.04548583984375000000e+02) (13, 6.50000000000000000000e+02) (14, -3.80480527877807617188e-01) (15, 1.25479502603411674500e-02) 
