FANN_FLO_2.1
num_layers=3
learning_rate=0.500000
connection_rate=1.000000
network_type=0
learning_momentum=0.000000
training_algorithm=2
train_error_function=1
train_stop_function=0
cascade_output_change_fraction=0.010000
quickprop_decay=-0.000100
quickprop_mu=1.750000
rprop_increase_factor=1.200000
rprop_decrease_factor=0.500000
rprop_delta_min=0.000000
rprop_delta_max=50.000000
rprop_delta_zero=0.100000
cascade_output_stagnation_epochs=12
cascade_candidate_change_fraction=0.010000
cascade_candidate_stagnation_epochs=12
cascade_max_out_epochs=150
cascade_min_out_epochs=50
cascade_max_cand_epochs=150
cascade_min_cand_epochs=50
cascade_num_candidate_groups=2
bit_fail_limit=3.49999994039535522461e-01
cascade_candidate_limit=1.00000000000000000000e+03
cascade_weight_multiplier=4.00000005960464477539e-01
cascade_activation_functions_count=10
cascade_activation_functions=3 5 7 8 10 11 14 15 16 17 
cascade_activation_steepnesses_count=4
cascade_activation_steepnesses=2.50000000000000000000e-01 5.00000000000000000000e-01 7.50000000000000000000e-01 1.00000000000000000000e+00 
layer_sizes=10 5 2 
scale_included=0
neurons (num_inputs, activation_function, activation_steepness)=(0, 0, 0.00000000000000000000e+00) (0, 0, 0.00000000000000000000e+00) (0, 0, 0.00000000000000000000e+00) (0, 0, 0.00000000000000000000e+00) (0, 0, 0.00000000000000000000e+00) (0, 0, 0.00000000000000000000e+00) (0, 0, 0.00000000000000000000e+00) (0, 0, 0.00000000000000000000e+00) (0, 0, 0.00000000000000000000e+00) (0, 0, 0.00000000000000000000e+00) (10, 3, 5.00000000000000000000e-01) (10, 3, 5.00000000000000000000e-01) (10, 3, 5.00000000000000000000e-01) (10, 3, 5.00000000000000000000e-01) (0, 3, 0.00000000000000000000e+00) (5, 3, 5.00000000000000000000e-01) (0, 3, 0.00000000000000000000e+00) 
connections (connected_to_neuron, weight)=(0, 6.21923863887786865234e-01) (1, 1.33960449695587158203e+00) (2, 5.76456427574157714844e-01) (3, 4.96263206005096435547e-01) (4, -1.90136682987213134766e+00) (5, 4.27013397216796875000e-01) (6, 8.26983571052551269531e-01) (7, 1.15517866611480712891e+00) (8, 6.34645879268646240234e-01) (9, -9.07579243183135986328e-01) (0, -1.41990602016448974609e-01) (1, -1.09667845070362091064e-01) (2, -1.73400461673736572266e-01) (3, -6.25465452671051025391e-01) (4, -1.53024375438690185547e+00) (5, -5.48804581165313720703e-01) (6, -9.66729745268821716309e-02) (7, -3.40149784460663795471e-03) (8, -3.70142281055450439453e-01) (9, 1.00349164009094238281e+00) (0, -4.26116883754730224609e-01) (1, -3.28562974929809570312e-01) (2, -4.15180116891860961914e-01) (3, -1.69796064496040344238e-01) (4, -1.22485661506652832031e+00) (5, -2.83923208713531494141e-01) (6, -5.02796947956085205078e-01) (7, -3.90873998403549194336e-01) (8, -3.81076008081436157227e-01) (9, 1.84232425689697265625e+00) (0, 7.32617855072021484375e-01) (1, 6.76533102989196777344e-01) (2, 7.35736489295959472656e-01) (3, 6.63638472557067871094e-01) (4, -1.29562258720397949219e+00) (5, 5.56344687938690185547e-01) (6, 5.52260398864746093750e-01) (7, 7.61490762233734130859e-01) (8, 5.31457185745239257812e-01) (9, -1.21484220027923583984e+00) (10, 4.99482333660125732422e-01) (11, -1.26963019371032714844e+00) (12, -1.79984331130981445312e+00) (13, 1.16308045387268066406e+00) (14, 4.04725223779678344727e-02) 
