FANN_FLO_2.1
num_layers=3
learning_rate=0.450000
connection_rate=1.000000
network_type=0
learning_momentum=0.000000
training_algorithm=2
train_error_function=1
train_stop_function=0
cascade_output_change_fraction=0.010000
quickprop_decay=-0.000100
quickprop_mu=1.750000
rprop_increase_factor=1.200000
rprop_decrease_factor=0.500000
rprop_delta_min=0.000000
rprop_delta_max=50.000000
rprop_delta_zero=0.100000
cascade_output_stagnation_epochs=12
cascade_candidate_change_fraction=0.010000
cascade_candidate_stagnation_epochs=12
cascade_max_out_epochs=150
cascade_min_out_epochs=50
cascade_max_cand_epochs=150
cascade_min_cand_epochs=50
cascade_num_candidate_groups=2
bit_fail_limit=3.49999994039535522461e-01
cascade_candidate_limit=1.00000000000000000000e+03
cascade_weight_multiplier=4.00000005960464477539e-01
cascade_activation_functions_count=10
cascade_activation_functions=3 5 7 8 10 11 14 15 16 17 
cascade_activation_steepnesses_count=4
cascade_activation_steepnesses=2.50000000000000000000e-01 5.00000000000000000000e-01 7.50000000000000000000e-01 1.00000000000000000000e+00 
layer_sizes=7 5 2 
scale_included=0
neurons (num_inputs, activation_function, activation_steepness)=(0, 0, 0.00000000000000000000e+00) (0, 0, 0.00000000000000000000e+00) (0, 0, 0.00000000000000000000e+00) (0, 0, 0.00000000000000000000e+00) (0, 0, 0.00000000000000000000e+00) (0, 0, 0.00000000000000000000e+00) (0, 0, 0.00000000000000000000e+00) (7, 3, 5.00000000000000000000e-01) (7, 3, 5.00000000000000000000e-01) (7, 3, 5.00000000000000000000e-01) (7, 3, 5.00000000000000000000e-01) (0, 3, 0.00000000000000000000e+00) (5, 0, 5.00000000000000000000e-01) (0, 0, 0.00000000000000000000e+00) 
connections (connected_to_neuron, weight)=(0, 1.02047547698020935059e-01) (1, -1.96336746215820312500e-01) (2, 1.03257983922958374023e-01) (3, 7.07936510443687438965e-02) (4, -1.50107219815254211426e-01) (5, 1.37303501367568969727e-01) (6, -4.16457462310791015625e+00) (0, 7.03838920593261718750e+00) (1, -1.44549036026000976562e+01) (2, -1.25423917770385742188e+01) (3, 2.20115995407104492188e+00) (4, -3.28822517395019531250e+00) (5, -1.17450513839721679688e+01) (6, 5.54443216323852539062e+00) (0, 1.29822189331054687500e+02) (1, 1.47835314941406250000e+03) (2, -1.50000000000000000000e+03) (3, 1.33497114181518554688e+01) (4, 1.25725805664062500000e+03) (5, -1.47230432128906250000e+03) (6, -3.58997136354446411133e-01) (0, 2.11412382125854492188e+00) (1, -6.83830833435058593750e+00) (2, 1.49491715431213378906e+00) (3, 2.04338812828063964844e+00) (4, -4.44983768463134765625e+00) (5, -3.78571897745132446289e-02) (6, -1.08968162536621093750e+01) (7, 6.59495890140533447266e-01) (8, 5.80055618286132812500e+00) (9, 7.35699534416198730469e-02) (10, -5.73392581939697265625e+00) (11, -6.89555332064628601074e-02) 
