FANN_FLO_2.1
num_layers=3
learning_rate=0.500000
connection_rate=1.000000
network_type=0
learning_momentum=0.000000
training_algorithm=2
train_error_function=1
train_stop_function=0
cascade_output_change_fraction=0.010000
quickprop_decay=-0.000100
quickprop_mu=1.750000
rprop_increase_factor=1.200000
rprop_decrease_factor=0.500000
rprop_delta_min=0.000000
rprop_delta_max=50.000000
rprop_delta_zero=0.100000
cascade_output_stagnation_epochs=12
cascade_candidate_change_fraction=0.010000
cascade_candidate_stagnation_epochs=12
cascade_max_out_epochs=150
cascade_min_out_epochs=50
cascade_max_cand_epochs=150
cascade_min_cand_epochs=50
cascade_num_candidate_groups=2
bit_fail_limit=3.49999994039535522461e-01
cascade_candidate_limit=1.00000000000000000000e+03
cascade_weight_multiplier=4.00000005960464477539e-01
cascade_activation_functions_count=10
cascade_activation_functions=3 5 7 8 10 11 14 15 16 17 
cascade_activation_steepnesses_count=4
cascade_activation_steepnesses=2.50000000000000000000e-01 5.00000000000000000000e-01 7.50000000000000000000e-01 1.00000000000000000000e+00 
layer_sizes=10 3 2 
scale_included=0
neurons (num_inputs, activation_function, activation_steepness)=(0, 0, 0.00000000000000000000e+00) (0, 0, 0.00000000000000000000e+00) (0, 0, 0.00000000000000000000e+00) (0, 0, 0.00000000000000000000e+00) (0, 0, 0.00000000000000000000e+00) (0, 0, 0.00000000000000000000e+00) (0, 0, 0.00000000000000000000e+00) (0, 0, 0.00000000000000000000e+00) (0, 0, 0.00000000000000000000e+00) (0, 0, 0.00000000000000000000e+00) (10, 3, 5.00000000000000000000e-01) (10, 3, 5.00000000000000000000e-01) (0, 3, 0.00000000000000000000e+00) (3, 3, 5.00000000000000000000e-01) (0, 3, 0.00000000000000000000e+00) 
connections (connected_to_neuron, weight)=(0, 2.69305020570755004883e-01) (1, 3.42309117317199707031e-01) (2, 6.76497936248779296875e-01) (3, 5.11893689632415771484e-01) (4, 6.79986059665679931641e-01) (5, 3.47727268934249877930e-01) (6, 5.96860408782958984375e-01) (7, 3.56903374195098876953e-01) (8, 6.06623291969299316406e-01) (9, -2.06671094894409179688e+00) (0, -5.91763615608215332031e-01) (1, -5.57709515094757080078e-01) (2, -3.55770021677017211914e-01) (3, -4.85278785228729248047e-01) (4, -3.27852845191955566406e-01) (5, -5.66725552082061767578e-01) (6, -4.06736701726913452148e-01) (7, -5.74356853961944580078e-01) (8, -4.08017337322235107422e-01) (9, 1.44109213352203369141e+00) (10, 1.47881913185119628906e+00) (11, -2.72710084915161132812e+00) (12, 1.26226589083671569824e-01) 
