FANN_FLO_2.1
num_layers=3
learning_rate=0.500000
connection_rate=1.000000
network_type=0
learning_momentum=0.000000
training_algorithm=2
train_error_function=1
train_stop_function=0
cascade_output_change_fraction=0.010000
quickprop_decay=-0.000100
quickprop_mu=1.750000
rprop_increase_factor=1.200000
rprop_decrease_factor=0.500000
rprop_delta_min=0.000000
rprop_delta_max=50.000000
rprop_delta_zero=0.100000
cascade_output_stagnation_epochs=12
cascade_candidate_change_fraction=0.010000
cascade_candidate_stagnation_epochs=12
cascade_max_out_epochs=150
cascade_min_out_epochs=50
cascade_max_cand_epochs=150
cascade_min_cand_epochs=50
cascade_num_candidate_groups=2
bit_fail_limit=3.49999994039535522461e-01
cascade_candidate_limit=1.00000000000000000000e+03
cascade_weight_multiplier=4.00000005960464477539e-01
cascade_activation_functions_count=10
cascade_activation_functions=3 5 7 8 10 11 14 15 16 17 
cascade_activation_steepnesses_count=4
cascade_activation_steepnesses=2.50000000000000000000e-01 5.00000000000000000000e-01 7.50000000000000000000e-01 1.00000000000000000000e+00 
layer_sizes=7 5 2 
scale_included=0
neurons (num_inputs, activation_function, activation_steepness)=(0, 0, 0.00000000000000000000e+00) (0, 0, 0.00000000000000000000e+00) (0, 0, 0.00000000000000000000e+00) (0, 0, 0.00000000000000000000e+00) (0, 0, 0.00000000000000000000e+00) (0, 0, 0.00000000000000000000e+00) (0, 0, 0.00000000000000000000e+00) (7, 3, 5.00000000000000000000e-01) (7, 3, 5.00000000000000000000e-01) (7, 3, 5.00000000000000000000e-01) (7, 3, 5.00000000000000000000e-01) (0, 3, 0.00000000000000000000e+00) (5, 0, 5.00000000000000000000e-01) (0, 0, 0.00000000000000000000e+00) 
connections (connected_to_neuron, weight)=(0, -6.17779314517974853516e-01) (1, 7.06931114196777343750e-01) (2, 1.53632497787475585938e+00) (3, 1.45053930664062500000e+03) (4, 7.75695190429687500000e+02) (5, 1.50000000000000000000e+03) (6, -7.21235692501068115234e-01) (0, 6.85210153460502624512e-02) (1, -5.89221775531768798828e-01) (2, -1.69238537549972534180e-01) (3, -5.08925924077630043030e-03) (4, 3.13891708850860595703e-01) (5, 1.36094182729721069336e-01) (6, 1.09798359870910644531e+00) (0, -1.81309252977371215820e-01) (1, -7.42830872535705566406e-01) (2, 5.59545587748289108276e-04) (3, 3.00128540039062500000e+02) (4, 4.66401100158691406250e+00) (5, 1.50000000000000000000e+03) (6, 2.38586962223052978516e-01) (0, -6.32486999034881591797e-01) (1, 1.74803209304809570312e+00) (2, 1.68192684650421142578e+00) (3, -7.33354449272155761719e-01) (4, 6.59336137771606445312e+00) (5, -4.50148820877075195312e+00) (6, -2.86886262893676757812e+00) (7, 1.86137538403272628784e-02) (8, -2.73106060922145843506e-02) (9, 3.49281518720090389252e-03) (10, -7.68510699272155761719e-02) (11, 7.66798406839370727539e-02) 
