FANN_FLO_2.1
num_layers=4
learning_rate=0.450000
connection_rate=1.000000
network_type=0
learning_momentum=0.000000
training_algorithm=2
train_error_function=1
train_stop_function=0
cascade_output_change_fraction=0.010000
quickprop_decay=-0.000100
quickprop_mu=1.750000
rprop_increase_factor=1.200000
rprop_decrease_factor=0.500000
rprop_delta_min=0.000000
rprop_delta_max=50.000000
rprop_delta_zero=0.100000
cascade_output_stagnation_epochs=12
cascade_candidate_change_fraction=0.010000
cascade_candidate_stagnation_epochs=12
cascade_max_out_epochs=150
cascade_min_out_epochs=50
cascade_max_cand_epochs=150
cascade_min_cand_epochs=50
cascade_num_candidate_groups=2
bit_fail_limit=3.49999994039535522461e-01
cascade_candidate_limit=1.00000000000000000000e+03
cascade_weight_multiplier=4.00000005960464477539e-01
cascade_activation_functions_count=10
cascade_activation_functions=3 5 7 8 10 11 14 15 16 17 
cascade_activation_steepnesses_count=4
cascade_activation_steepnesses=2.50000000000000000000e-01 5.00000000000000000000e-01 7.50000000000000000000e-01 1.00000000000000000000e+00 
layer_sizes=7 5 5 2 
scale_included=0
neurons (num_inputs, activation_function, activation_steepness)=(0, 0, 0.00000000000000000000e+00) (0, 0, 0.00000000000000000000e+00) (0, 0, 0.00000000000000000000e+00) (0, 0, 0.00000000000000000000e+00) (0, 0, 0.00000000000000000000e+00) (0, 0, 0.00000000000000000000e+00) (0, 0, 0.00000000000000000000e+00) (7, 3, 5.00000000000000000000e-01) (7, 3, 5.00000000000000000000e-01) (7, 3, 5.00000000000000000000e-01) (7, 3, 5.00000000000000000000e-01) (0, 3, 0.00000000000000000000e+00) (5, 3, 5.00000000000000000000e-01) (5, 3, 5.00000000000000000000e-01) (5, 3, 5.00000000000000000000e-01) (5, 3, 5.00000000000000000000e-01) (0, 3, 0.00000000000000000000e+00) (5, 0, 5.00000000000000000000e-01) (0, 0, 0.00000000000000000000e+00) 
connections (connected_to_neuron, weight)=(0, 9.40054655075073242188e-01) (1, 1.50000000000000000000e+03) (2, 6.25404113769531250000e+02) (3, -1.04961315917968750000e+03) (4, 1.34096545410156250000e+03) (5, -5.14812866210937500000e+02) (6, -9.23590138554573059082e-02) (0, -1.62886118888854980469e+00) (1, -2.74999938964843750000e+02) (2, -1.26580004882812500000e+03) (3, -7.46396179199218750000e+02) (4, 8.77301483154296875000e+01) (5, -1.05154113769531250000e+03) (6, 1.88602983951568603516e-01) (0, -9.93961691856384277344e-01) (1, 6.18291503906250000000e+02) (2, -1.19387275695800781250e+02) (3, -7.43380859375000000000e+02) (4, 1.36482385253906250000e+03) (5, -6.01363586425781250000e+02) (6, 1.12959392368793487549e-01) (0, 2.57094979286193847656e-01) (1, 5.18173095703125000000e+02) (2, 4.35839050292968750000e+02) (3, -4.31298248291015625000e+02) (4, 1.49322497558593750000e+03) (5, -5.28660217285156250000e+02) (6, 3.41205596923828125000e-01) (7, 2.90604084730148315430e-01) (8, 1.35847616195678710938e+00) (9, -4.68216133117675781250e+00) (10, -4.77725386619567871094e-01) (11, -1.72388881444931030273e-01) (7, 2.36073583364486694336e-01) (8, 1.31523752212524414062e+00) (9, -4.64834594726562500000e+00) (10, -5.20001411437988281250e-01) (11, -1.07503026723861694336e-01) (7, -6.85234785079956054688e-01) (8, 1.59790194034576416016e+00) (9, -1.64215469360351562500e+00) (10, -1.44517698287963867188e+01) (11, -2.90557146072387695312e-01) (7, 3.13108265399932861328e-01) (8, 1.44574582576751708984e+00) (9, -5.32021093368530273438e+00) (10, 6.29211950302124023438e+00) (11, -4.07541799545288085938e+00) (12, 5.12736082077026367188e-01) (13, 5.78677594661712646484e-01) (14, -1.18357241153717041016e+00) (15, -4.28914934396743774414e-01) (16, 2.57912091910839080811e-02) 
