FANN_FLO_2.1
num_layers=3
learning_rate=0.400000
connection_rate=1.000000
network_type=0
learning_momentum=0.000000
training_algorithm=2
train_error_function=1
train_stop_function=0
cascade_output_change_fraction=0.010000
quickprop_decay=-0.000100
quickprop_mu=1.750000
rprop_increase_factor=1.200000
rprop_decrease_factor=0.500000
rprop_delta_min=0.000000
rprop_delta_max=50.000000
rprop_delta_zero=0.100000
cascade_output_stagnation_epochs=12
cascade_candidate_change_fraction=0.010000
cascade_candidate_stagnation_epochs=12
cascade_max_out_epochs=150
cascade_min_out_epochs=50
cascade_max_cand_epochs=150
cascade_min_cand_epochs=50
cascade_num_candidate_groups=2
bit_fail_limit=3.49999994039535522461e-01
cascade_candidate_limit=1.00000000000000000000e+03
cascade_weight_multiplier=4.00000005960464477539e-01
cascade_activation_functions_count=10
cascade_activation_functions=3 5 7 8 10 11 14 15 16 17 
cascade_activation_steepnesses_count=4
cascade_activation_steepnesses=2.50000000000000000000e-01 5.00000000000000000000e-01 7.50000000000000000000e-01 1.00000000000000000000e+00 
layer_sizes=6 5 2 
scale_included=0
neurons (num_inputs, activation_function, activation_steepness)=(0, 0, 0.00000000000000000000e+00) (0, 0, 0.00000000000000000000e+00) (0, 0, 0.00000000000000000000e+00) (0, 0, 0.00000000000000000000e+00) (0, 0, 0.00000000000000000000e+00) (0, 0, 0.00000000000000000000e+00) (6, 3, 5.00000000000000000000e-01) (6, 3, 5.00000000000000000000e-01) (6, 3, 5.00000000000000000000e-01) (6, 3, 5.00000000000000000000e-01) (0, 3, 0.00000000000000000000e+00) (5, 0, 5.00000000000000000000e-01) (0, 0, 0.00000000000000000000e+00) 
connections (connected_to_neuron, weight)=(0, -2.61568202972412109375e+01) (1, -2.59220466613769531250e+01) (2, 1.53056895732879638672e+00) (3, -7.71240368485450744629e-02) (4, -2.22158598899841308594e+00) (5, 6.82611525058746337891e-01) (0, -1.50000000000000000000e+03) (1, -4.73960083007812500000e+02) (2, 3.73904156684875488281e+00) (3, -1.00601339340209960938e+01) (4, 1.32671905517578125000e+02) (5, 6.75096094608306884766e-01) (0, -1.50000000000000000000e+03) (1, -1.58938350677490234375e+01) (2, 9.64227962493896484375e+00) (3, -1.73915338516235351562e+00) (4, 4.12153816223144531250e+00) (5, -1.48199844360351562500e+00) (0, -1.50000000000000000000e+03) (1, -3.18522460937500000000e+02) (2, 1.24464941024780273438e+00) (3, -1.10846538543701171875e+01) (4, -1.28713712692260742188e+01) (5, 7.95263111591339111328e-01) (6, -2.23319549560546875000e+01) (7, 3.41796875000000000000e+00) (8, 1.97523403167724609375e+00) (9, 4.30408248901367187500e+01) (10, 7.59271681308746337891e-01) 
