FANN_FLO_2.1
num_layers=4
learning_rate=0.500000
connection_rate=1.000000
network_type=0
learning_momentum=0.000000
training_algorithm=2
train_error_function=1
train_stop_function=0
cascade_output_change_fraction=0.010000
quickprop_decay=-0.000100
quickprop_mu=1.750000
rprop_increase_factor=1.200000
rprop_decrease_factor=0.500000
rprop_delta_min=0.000000
rprop_delta_max=50.000000
rprop_delta_zero=0.100000
cascade_output_stagnation_epochs=12
cascade_candidate_change_fraction=0.010000
cascade_candidate_stagnation_epochs=12
cascade_max_out_epochs=150
cascade_min_out_epochs=50
cascade_max_cand_epochs=150
cascade_min_cand_epochs=50
cascade_num_candidate_groups=2
bit_fail_limit=3.49999994039535522461e-01
cascade_candidate_limit=1.00000000000000000000e+03
cascade_weight_multiplier=4.00000005960464477539e-01
cascade_activation_functions_count=10
cascade_activation_functions=3 5 7 8 10 11 14 15 16 17 
cascade_activation_steepnesses_count=4
cascade_activation_steepnesses=2.50000000000000000000e-01 5.00000000000000000000e-01 7.50000000000000000000e-01 1.00000000000000000000e+00 
layer_sizes=4 5 3 2 
scale_included=0
neurons (num_inputs, activation_function, activation_steepness)=(0, 0, 0.00000000000000000000e+00) (0, 0, 0.00000000000000000000e+00) (0, 0, 0.00000000000000000000e+00) (0, 0, 0.00000000000000000000e+00) (4, 3, 5.00000000000000000000e-01) (4, 3, 5.00000000000000000000e-01) (4, 3, 5.00000000000000000000e-01) (4, 3, 5.00000000000000000000e-01) (0, 3, 0.00000000000000000000e+00) (5, 3, 5.00000000000000000000e-01) (5, 3, 5.00000000000000000000e-01) (0, 3, 0.00000000000000000000e+00) (3, 3, 5.00000000000000000000e-01) (0, 3, 0.00000000000000000000e+00) 
connections (connected_to_neuron, weight)=(0, 4.01545906066894531250e+00) (1, 6.09808921813964843750e+00) (2, 2.17359706759452819824e-01) (3, -5.10440492630004882812e+00) (0, 3.74129295349121093750e+00) (1, 5.73274469375610351562e+00) (2, 4.73008930683135986328e-01) (3, -5.06940698623657226562e+00) (0, 3.52653217315673828125e+00) (1, 3.65561699867248535156e+00) (2, 7.98605918884277343750e-01) (3, -4.43156766891479492188e+00) (0, 3.71925354003906250000e+00) (1, 2.59180712699890136719e+00) (2, 1.29384946823120117188e+00) (3, -4.25156545639038085938e+00) (4, -1.83127510547637939453e+00) (5, -2.69610929489135742188e+00) (6, -3.51956534385681152344e+00) (7, -1.61228442192077636719e+00) (8, 3.29537701606750488281e+00) (4, -3.70290875434875488281e+00) (5, -1.40311641693115234375e+01) (6, -4.06699180603027343750e+00) (7, -1.85721194744110107422e+00) (8, 9.19821357727050781250e+00) (9, -2.38344237208366394043e-01) (10, -4.30488014221191406250e+00) (11, 2.31216168403625488281e+00) 
