FANN_FLO_2.1
num_layers=3
learning_rate=0.500000
connection_rate=1.000000
network_type=0
learning_momentum=0.000000
training_algorithm=2
train_error_function=1
train_stop_function=0
cascade_output_change_fraction=0.010000
quickprop_decay=-0.000100
quickprop_mu=1.750000
rprop_increase_factor=1.200000
rprop_decrease_factor=0.500000
rprop_delta_min=0.000000
rprop_delta_max=50.000000
rprop_delta_zero=0.100000
cascade_output_stagnation_epochs=12
cascade_candidate_change_fraction=0.010000
cascade_candidate_stagnation_epochs=12
cascade_max_out_epochs=150
cascade_min_out_epochs=50
cascade_max_cand_epochs=150
cascade_min_cand_epochs=50
cascade_num_candidate_groups=2
bit_fail_limit=3.49999994039535522461e-01
cascade_candidate_limit=1.00000000000000000000e+03
cascade_weight_multiplier=4.00000005960464477539e-01
cascade_activation_functions_count=10
cascade_activation_functions=3 5 7 8 10 11 14 15 16 17 
cascade_activation_steepnesses_count=4
cascade_activation_steepnesses=2.50000000000000000000e-01 5.00000000000000000000e-01 7.50000000000000000000e-01 1.00000000000000000000e+00 
layer_sizes=10 5 2 
scale_included=0
neurons (num_inputs, activation_function, activation_steepness)=(0, 0, 0.00000000000000000000e+00) (0, 0, 0.00000000000000000000e+00) (0, 0, 0.00000000000000000000e+00) (0, 0, 0.00000000000000000000e+00) (0, 0, 0.00000000000000000000e+00) (0, 0, 0.00000000000000000000e+00) (0, 0, 0.00000000000000000000e+00) (0, 0, 0.00000000000000000000e+00) (0, 0, 0.00000000000000000000e+00) (0, 0, 0.00000000000000000000e+00) (10, 3, 5.00000000000000000000e-01) (10, 3, 5.00000000000000000000e-01) (10, 3, 5.00000000000000000000e-01) (10, 3, 5.00000000000000000000e-01) (0, 3, 0.00000000000000000000e+00) (5, 3, 5.00000000000000000000e-01) (0, 3, 0.00000000000000000000e+00) 
connections (connected_to_neuron, weight)=(0, 3.89146447181701660156e-01) (1, 6.11688077449798583984e-01) (2, 7.52562880516052246094e-01) (3, 5.29375374317169189453e-01) (4, -2.29944750666618347168e-01) (5, 6.14657819271087646484e-01) (6, 6.34920537471771240234e-01) (7, 5.72325348854064941406e-01) (8, 8.56434583663940429688e-01) (9, 1.84752374887466430664e-01) (0, -6.03956043720245361328e-01) (1, -6.07065379619598388672e-01) (2, -4.41373646259307861328e-01) (3, -6.16646289825439453125e-01) (4, -5.45528352260589599609e-01) (5, -6.36991739273071289062e-01) (6, -4.71300303936004638672e-01) (7, -6.34405791759490966797e-01) (8, -4.83794838190078735352e-01) (9, 2.21748614311218261719e+00) (0, -3.51449370384216308594e-01) (1, -2.87295043468475341797e-01) (2, -7.06519186496734619141e-01) (3, -4.38594192266464233398e-01) (4, -8.19896817207336425781e-01) (5, -1.63428992033004760742e-01) (6, -5.57487130165100097656e-01) (7, -1.29870817065238952637e-01) (8, -4.14796799421310424805e-01) (9, 5.46855390071868896484e-01) (0, 7.34354257583618164062e-02) (1, 6.45322322845458984375e-01) (2, 8.57831358909606933594e-01) (3, 4.89355713129043579102e-01) (4, -5.65757453441619873047e-01) (5, 7.10010766983032226562e-01) (6, 7.75214672088623046875e-01) (7, 5.04438281059265136719e-01) (8, 1.26794016361236572266e+00) (9, 1.90924018621444702148e-01) (10, 7.96653985977172851562e-01) (11, -2.60289382934570312500e+00) (12, -9.51641917228698730469e-01) (13, 3.77967387437820434570e-01) (14, 2.18800097703933715820e-01) 
