FANN_FLO_2.1
num_layers=3
learning_rate=0.500000
connection_rate=1.000000
network_type=0
learning_momentum=0.000000
training_algorithm=2
train_error_function=1
train_stop_function=0
cascade_output_change_fraction=0.010000
quickprop_decay=-0.000100
quickprop_mu=1.750000
rprop_increase_factor=1.200000
rprop_decrease_factor=0.500000
rprop_delta_min=0.000000
rprop_delta_max=50.000000
rprop_delta_zero=0.100000
cascade_output_stagnation_epochs=12
cascade_candidate_change_fraction=0.010000
cascade_candidate_stagnation_epochs=12
cascade_max_out_epochs=150
cascade_min_out_epochs=50
cascade_max_cand_epochs=150
cascade_min_cand_epochs=50
cascade_num_candidate_groups=2
bit_fail_limit=3.49999994039535522461e-01
cascade_candidate_limit=1.00000000000000000000e+03
cascade_weight_multiplier=4.00000005960464477539e-01
cascade_activation_functions_count=10
cascade_activation_functions=3 5 7 8 10 11 14 15 16 17 
cascade_activation_steepnesses_count=4
cascade_activation_steepnesses=2.50000000000000000000e-01 5.00000000000000000000e-01 7.50000000000000000000e-01 1.00000000000000000000e+00 
layer_sizes=3 5 4 
scale_included=0
neurons (num_inputs, activation_function, activation_steepness)=(0, 0, 0.00000000000000000000e+00) (0, 0, 0.00000000000000000000e+00) (0, 0, 0.00000000000000000000e+00) (3, 3, 5.00000000000000000000e-01) (3, 3, 5.00000000000000000000e-01) (3, 3, 5.00000000000000000000e-01) (3, 3, 5.00000000000000000000e-01) (0, 3, 0.00000000000000000000e+00) (5, 0, 5.00000000000000000000e-01) (5, 0, 5.00000000000000000000e-01) (5, 0, 5.00000000000000000000e-01) (0, 0, 0.00000000000000000000e+00) 
connections (connected_to_neuron, weight)=(0, -2.65173673629760742188e+00) (1, -6.32690727710723876953e-01) (2, 7.20316886901855468750e-01) (0, -3.68356060981750488281e+00) (1, 1.97478091716766357422e+00) (2, 7.43700861930847167969e-01) (0, -1.55107951164245605469e+00) (1, -2.52379536628723144531e+00) (2, 5.60007393360137939453e-01) (0, -1.60925312042236328125e+01) (1, 1.41280889511108398438e+01) (2, 1.28323440551757812500e+01) (3, 3.36062431335449218750e+00) (4, 2.54084658622741699219e+00) (5, 3.11223316192626953125e+00) (6, 7.78427779674530029297e-01) (7, 1.29832291603088378906e+00) (3, 9.17973041534423828125e+00) (4, 7.19294691085815429688e+00) (5, 8.82065677642822265625e+00) (6, 4.04551267623901367188e+00) (7, 4.85635328292846679688e+00) (3, 2.98728580474853515625e+01) (4, 2.12143306732177734375e+01) (5, 2.86254081726074218750e+01) (6, 1.29835882186889648438e+01) (7, 2.17906150817871093750e+01) 
