FANN_FLO_2.1
num_layers=4
learning_rate=0.500000
connection_rate=1.000000
network_type=0
learning_momentum=0.000000
training_algorithm=2
train_error_function=1
train_stop_function=0
cascade_output_change_fraction=0.010000
quickprop_decay=-0.000100
quickprop_mu=1.750000
rprop_increase_factor=1.200000
rprop_decrease_factor=0.500000
rprop_delta_min=0.000000
rprop_delta_max=50.000000
rprop_delta_zero=0.100000
cascade_output_stagnation_epochs=12
cascade_candidate_change_fraction=0.010000
cascade_candidate_stagnation_epochs=12
cascade_max_out_epochs=150
cascade_min_out_epochs=50
cascade_max_cand_epochs=150
cascade_min_cand_epochs=50
cascade_num_candidate_groups=2
bit_fail_limit=3.49999994039535522461e-01
cascade_candidate_limit=1.00000000000000000000e+03
cascade_weight_multiplier=4.00000005960464477539e-01
cascade_activation_functions_count=10
cascade_activation_functions=3 5 7 8 10 11 14 15 16 17 
cascade_activation_steepnesses_count=4
cascade_activation_steepnesses=2.50000000000000000000e-01 5.00000000000000000000e-01 7.50000000000000000000e-01 1.00000000000000000000e+00 
layer_sizes=4 5 5 2 
scale_included=0
neurons (num_inputs, activation_function, activation_steepness)=(0, 0, 0.00000000000000000000e+00) (0, 0, 0.00000000000000000000e+00) (0, 0, 0.00000000000000000000e+00) (0, 0, 0.00000000000000000000e+00) (4, 3, 5.00000000000000000000e-01) (4, 3, 5.00000000000000000000e-01) (4, 3, 5.00000000000000000000e-01) (4, 3, 5.00000000000000000000e-01) (0, 3, 0.00000000000000000000e+00) (5, 3, 5.00000000000000000000e-01) (5, 3, 5.00000000000000000000e-01) (5, 3, 5.00000000000000000000e-01) (5, 3, 5.00000000000000000000e-01) (0, 3, 0.00000000000000000000e+00) (5, 3, 5.00000000000000000000e-01) (0, 3, 0.00000000000000000000e+00) 
connections (connected_to_neuron, weight)=(0, -3.56011533737182617188e+00) (1, -6.12056016921997070312e+00) (2, 2.49534144997596740723e-01) (3, 3.29798078536987304688e+00) (0, -3.46392583847045898438e+00) (1, -6.13293504714965820312e+00) (2, 6.69200792908668518066e-02) (3, 3.28158783912658691406e+00) (0, -3.68705558776855468750e+00) (1, -5.98160600662231445312e+00) (2, 2.40073561668395996094e-01) (3, 3.35061883926391601562e+00) (0, 2.48264169692993164062e+00) (1, 6.65818071365356445312e+00) (2, -1.24655640125274658203e+00) (3, -2.32258415222167968750e+00) (4, 1.33709125518798828125e+01) (5, 7.58888196945190429688e+00) (6, 1.68385353088378906250e+01) (7, -1.23572406768798828125e+01) (8, -8.16688776016235351562e-01) (4, 8.24032974243164062500e+00) (5, 6.59661245346069335938e+00) (6, 2.19181900024414062500e+01) (7, -1.36846504211425781250e+01) (8, 3.98886591196060180664e-01) (4, 6.82892084121704101562e+00) (5, 1.04723415374755859375e+01) (6, 2.44931907653808593750e+01) (7, -1.37842292785644531250e+01) (8, -7.74762451648712158203e-01) (4, 9.00992202758789062500e+00) (5, 4.53875303268432617188e+00) (6, 2.57018432617187500000e+01) (7, -1.48037424087524414062e+01) (8, 6.12128973007202148438e-01) (9, -6.48632943630218505859e-01) (10, -4.61702972650527954102e-01) (11, -3.98802131414413452148e-01) (12, -3.02463412284851074219e+00) (13, 2.30789279937744140625e+00) 
