FANN_FLO_2.1
num_layers=3
learning_rate=0.400000
connection_rate=1.000000
network_type=0
learning_momentum=0.000000
training_algorithm=2
train_error_function=1
train_stop_function=0
cascade_output_change_fraction=0.010000
quickprop_decay=-0.000100
quickprop_mu=1.750000
rprop_increase_factor=1.200000
rprop_decrease_factor=0.500000
rprop_delta_min=0.000000
rprop_delta_max=50.000000
rprop_delta_zero=0.100000
cascade_output_stagnation_epochs=12
cascade_candidate_change_fraction=0.010000
cascade_candidate_stagnation_epochs=12
cascade_max_out_epochs=150
cascade_min_out_epochs=50
cascade_max_cand_epochs=150
cascade_min_cand_epochs=50
cascade_num_candidate_groups=2
bit_fail_limit=3.49999994039535522461e-01
cascade_candidate_limit=1.00000000000000000000e+03
cascade_weight_multiplier=4.00000005960464477539e-01
cascade_activation_functions_count=10
cascade_activation_functions=3 5 7 8 10 11 14 15 16 17 
cascade_activation_steepnesses_count=4
cascade_activation_steepnesses=2.50000000000000000000e-01 5.00000000000000000000e-01 7.50000000000000000000e-01 1.00000000000000000000e+00 
layer_sizes=6 5 2 
scale_included=0
neurons (num_inputs, activation_function, activation_steepness)=(0, 0, 0.00000000000000000000e+00) (0, 0, 0.00000000000000000000e+00) (0, 0, 0.00000000000000000000e+00) (0, 0, 0.00000000000000000000e+00) (0, 0, 0.00000000000000000000e+00) (0, 0, 0.00000000000000000000e+00) (6, 3, 5.00000000000000000000e-01) (6, 3, 5.00000000000000000000e-01) (6, 3, 5.00000000000000000000e-01) (6, 3, 5.00000000000000000000e-01) (0, 3, 0.00000000000000000000e+00) (5, 0, 5.00000000000000000000e-01) (0, 0, 0.00000000000000000000e+00) 
connections (connected_to_neuron, weight)=(0, -6.05394958496093750000e+02) (1, -9.05359649658203125000e+00) (2, -4.18245702981948852539e-01) (3, -4.29734915494918823242e-01) (4, 7.11449444293975830078e-01) (5, -4.39389720559120178223e-02) (0, -1.22200202941894531250e+01) (1, -1.31118690967559814453e+00) (2, -2.78323233127593994141e-01) (3, -1.15990018844604492188e+00) (4, -1.79047107696533203125e-01) (5, -1.88086435198783874512e-01) (0, -3.43856477737426757812e+00) (1, -5.20708501338958740234e-01) (2, 3.60174477100372314453e-01) (3, -2.97476124763488769531e+00) (4, 4.87574875354766845703e-01) (5, -1.25228762626647949219e+00) (0, -1.35871484375000000000e+03) (1, -2.64650797843933105469e+00) (2, -1.62714079022407531738e-01) (3, -1.26898038387298583984e+00) (4, -2.68922358751296997070e-01) (5, -1.10308241844177246094e+00) (6, 3.89577913284301757812e+00) (7, 1.26411104202270507812e+00) (8, 4.16642099618911743164e-01) (9, 1.79688370227813720703e+00) (10, 4.64385688304901123047e-01) 
