FANN_FLO_2.1
num_layers=3
learning_rate=0.500000
connection_rate=1.000000
network_type=0
learning_momentum=0.000000
training_algorithm=2
train_error_function=1
train_stop_function=0
cascade_output_change_fraction=0.010000
quickprop_decay=-0.000100
quickprop_mu=1.750000
rprop_increase_factor=1.200000
rprop_decrease_factor=0.500000
rprop_delta_min=0.000000
rprop_delta_max=50.000000
rprop_delta_zero=0.100000
cascade_output_stagnation_epochs=12
cascade_candidate_change_fraction=0.010000
cascade_candidate_stagnation_epochs=12
cascade_max_out_epochs=150
cascade_min_out_epochs=50
cascade_max_cand_epochs=150
cascade_min_cand_epochs=50
cascade_num_candidate_groups=2
bit_fail_limit=3.49999994039535522461e-01
cascade_candidate_limit=1.00000000000000000000e+03
cascade_weight_multiplier=4.00000005960464477539e-01
cascade_activation_functions_count=10
cascade_activation_functions=3 5 7 8 10 11 14 15 16 17 
cascade_activation_steepnesses_count=4
cascade_activation_steepnesses=2.50000000000000000000e-01 5.00000000000000000000e-01 7.50000000000000000000e-01 1.00000000000000000000e+00 
layer_sizes=3 9 4 
scale_included=0
neurons (num_inputs, activation_function, activation_steepness)=(0, 0, 0.00000000000000000000e+00) (0, 0, 0.00000000000000000000e+00) (0, 0, 0.00000000000000000000e+00) (3, 3, 5.00000000000000000000e-01) (3, 3, 5.00000000000000000000e-01) (3, 3, 5.00000000000000000000e-01) (3, 3, 5.00000000000000000000e-01) (3, 3, 5.00000000000000000000e-01) (3, 3, 5.00000000000000000000e-01) (3, 3, 5.00000000000000000000e-01) (3, 3, 5.00000000000000000000e-01) (0, 3, 0.00000000000000000000e+00) (9, 0, 5.00000000000000000000e-01) (9, 0, 5.00000000000000000000e-01) (9, 0, 5.00000000000000000000e-01) (0, 0, 0.00000000000000000000e+00) 
connections (connected_to_neuron, weight)=(0, -8.62979984283447265625e+00) (1, 3.75788807868957519531e+00) (2, 4.99166202545166015625e+00) (0, -8.40829372406005859375e+00) (1, 6.20604610443115234375e+00) (2, 6.05743169784545898438e+00) (0, -4.20936584472656250000e+00) (1, -2.86408573389053344727e-01) (2, 8.40816497802734375000e-01) (0, -6.90190505981445312500e+00) (1, 8.20998668670654296875e+00) (2, 6.08888912200927734375e+00) (0, -6.44716739654541015625e+00) (1, 5.35746812820434570312e+00) (2, 1.07903394699096679688e+01) (0, -5.27590751647949218750e+00) (1, 1.81611478328704833984e+00) (2, 5.50624012947082519531e-01) (0, -1.95661497116088867188e+00) (1, -3.80397295951843261719e+00) (2, 3.34870219230651855469e-01) (0, -4.23081827163696289062e+00) (1, -2.79898381233215332031e+00) (2, 1.03571879863739013672e+00) (3, 6.18610203266143798828e-01) (4, 8.67501556873321533203e-01) (5, 1.72245776653289794922e+00) (6, 8.25971007347106933594e-01) (7, 5.18055200576782226562e-01) (8, 1.67906367778778076172e+00) (9, 2.30090594291687011719e+00) (10, 2.02312684059143066406e+00) (11, 5.23293912410736083984e-01) (3, 2.60665607452392578125e+00) (4, 3.42679500579833984375e+00) (5, 5.38850831985473632812e+00) (6, 2.87602186203002929688e+00) (7, 2.14095735549926757812e+00) (8, 3.64466571807861328125e+00) (9, 6.61943435668945312500e+00) (10, 5.22455072402954101562e+00) (11, 2.19100403785705566406e+00) (3, 9.20266151428222656250e+00) (4, 9.40225982666015625000e+00) (5, 1.67298164367675781250e+01) (6, 9.54847812652587890625e+00) (7, 9.49512100219726562500e+00) (8, 1.08662319183349609375e+01) (9, 2.15310134887695312500e+01) (10, 1.69381084442138671875e+01) (11, 1.06547384262084960938e+01) 
