FANN_FLO_2.1
num_layers=3
learning_rate=0.500000
connection_rate=1.000000
network_type=0
learning_momentum=0.000000
training_algorithm=2
train_error_function=1
train_stop_function=0
cascade_output_change_fraction=0.010000
quickprop_decay=-0.000100
quickprop_mu=1.750000
rprop_increase_factor=1.200000
rprop_decrease_factor=0.500000
rprop_delta_min=0.000000
rprop_delta_max=50.000000
rprop_delta_zero=0.100000
cascade_output_stagnation_epochs=12
cascade_candidate_change_fraction=0.010000
cascade_candidate_stagnation_epochs=12
cascade_max_out_epochs=150
cascade_min_out_epochs=50
cascade_max_cand_epochs=150
cascade_min_cand_epochs=50
cascade_num_candidate_groups=2
bit_fail_limit=3.49999994039535522461e-01
cascade_candidate_limit=1.00000000000000000000e+03
cascade_weight_multiplier=4.00000005960464477539e-01
cascade_activation_functions_count=10
cascade_activation_functions=3 5 7 8 10 11 14 15 16 17 
cascade_activation_steepnesses_count=4
cascade_activation_steepnesses=2.50000000000000000000e-01 5.00000000000000000000e-01 7.50000000000000000000e-01 1.00000000000000000000e+00 
layer_sizes=3 5 4 
scale_included=0
neurons (num_inputs, activation_function, activation_steepness)=(0, 0, 0.00000000000000000000e+00) (0, 0, 0.00000000000000000000e+00) (0, 0, 0.00000000000000000000e+00) (3, 3, 5.00000000000000000000e-01) (3, 3, 5.00000000000000000000e-01) (3, 3, 5.00000000000000000000e-01) (3, 3, 5.00000000000000000000e-01) (0, 3, 0.00000000000000000000e+00) (5, 0, 5.00000000000000000000e-01) (5, 0, 5.00000000000000000000e-01) (5, 0, 5.00000000000000000000e-01) (0, 0, 0.00000000000000000000e+00) 
connections (connected_to_neuron, weight)=(0, -3.28980207443237304688e+00) (1, 2.14788055419921875000e+00) (2, 1.90116107463836669922e-01) (0, -1.56864557266235351562e+01) (1, 1.56040868759155273438e+01) (2, 1.27401962280273437500e+01) (0, -2.07052159309387207031e+00) (1, -3.13104796409606933594e+00) (2, 7.54163861274719238281e-01) (0, -2.44442224502563476562e+00) (1, -5.39429008960723876953e-01) (2, 6.71998858451843261719e-01) (3, 2.86407923698425292969e+00) (4, 8.89869928359985351562e-01) (5, 2.63327932357788085938e+00) (6, 3.33090543746948242188e+00) (7, 9.33102607727050781250e-01) (3, 7.32605600357055664062e+00) (4, 4.35958147048950195312e+00) (5, 8.35760021209716796875e+00) (6, 9.49690818786621093750e+00) (7, 4.25402545928955078125e+00) (3, 2.07094345092773437500e+01) (4, 1.51369905471801757812e+01) (5, 2.70873527526855468750e+01) (6, 3.14161281585693359375e+01) (7, 1.89797115325927734375e+01) 
