FANN_FLO_2.1
num_layers=3
learning_rate=0.500000
connection_rate=1.000000
network_type=0
learning_momentum=0.000000
training_algorithm=2
train_error_function=1
train_stop_function=0
cascade_output_change_fraction=0.010000
quickprop_decay=-0.000100
quickprop_mu=1.750000
rprop_increase_factor=1.200000
rprop_decrease_factor=0.500000
rprop_delta_min=0.000000
rprop_delta_max=50.000000
rprop_delta_zero=0.100000
cascade_output_stagnation_epochs=12
cascade_candidate_change_fraction=0.010000
cascade_candidate_stagnation_epochs=12
cascade_max_out_epochs=150
cascade_min_out_epochs=50
cascade_max_cand_epochs=150
cascade_min_cand_epochs=50
cascade_num_candidate_groups=2
bit_fail_limit=3.49999994039535522461e-01
cascade_candidate_limit=1.00000000000000000000e+03
cascade_weight_multiplier=4.00000005960464477539e-01
cascade_activation_functions_count=10
cascade_activation_functions=3 5 7 8 10 11 14 15 16 17 
cascade_activation_steepnesses_count=4
cascade_activation_steepnesses=2.50000000000000000000e-01 5.00000000000000000000e-01 7.50000000000000000000e-01 1.00000000000000000000e+00 
layer_sizes=3 9 4 
scale_included=0
neurons (num_inputs, activation_function, activation_steepness)=(0, 0, 0.00000000000000000000e+00) (0, 0, 0.00000000000000000000e+00) (0, 0, 0.00000000000000000000e+00) (3, 3, 5.00000000000000000000e-01) (3, 3, 5.00000000000000000000e-01) (3, 3, 5.00000000000000000000e-01) (3, 3, 5.00000000000000000000e-01) (3, 3, 5.00000000000000000000e-01) (3, 3, 5.00000000000000000000e-01) (3, 3, 5.00000000000000000000e-01) (3, 3, 5.00000000000000000000e-01) (0, 3, 0.00000000000000000000e+00) (9, 0, 5.00000000000000000000e-01) (9, 0, 5.00000000000000000000e-01) (9, 0, 5.00000000000000000000e-01) (0, 0, 0.00000000000000000000e+00) 
connections (connected_to_neuron, weight)=(0, -1.16155567169189453125e+01) (1, 2.31654739379882812500e+00) (2, 1.38405334949493408203e+00) (0, -4.30662918090820312500e+00) (1, -1.06827318668365478516e+00) (2, 5.41981339454650878906e-01) (0, -5.57616329193115234375e+00) (1, 4.63712072372436523438e+00) (2, 6.15334081649780273438e+00) (0, -1.75576055049896240234e+00) (1, 1.50097548961639404297e+00) (2, 1.51725983619689941406e+00) (0, -1.80245614051818847656e+00) (1, -4.17222309112548828125e+00) (2, 4.42518830299377441406e-01) (0, -1.59871160984039306641e+00) (1, 1.59092164039611816406e+00) (2, 1.53949022293090820312e+00) (0, -8.72054004669189453125e+00) (1, 2.35636377334594726562e+00) (2, 6.70989179611206054688e+00) (0, -2.83774399757385253906e+00) (1, -2.70733809471130371094e+00) (2, 6.97372436523437500000e-01) (3, 1.60611689090728759766e+00) (4, 2.23384594917297363281e+00) (5, 2.49611243605613708496e-01) (6, 2.36093139648437500000e+00) (7, 1.70716381072998046875e+00) (8, 1.29874908924102783203e+00) (9, 2.27772027254104614258e-01) (10, 1.65258634090423583984e+00) (11, -2.37403184175491333008e-01) (3, 3.82487463951110839844e+00) (4, 5.74493694305419921875e+00) (5, 3.41814541816711425781e+00) (6, 3.82225608825683593750e+00) (7, 5.25046300888061523438e+00) (8, 3.04069352149963378906e+00) (9, 3.08610177040100097656e+00) (10, 4.67635202407836914062e+00) (11, 1.49287569522857666016e+00) (3, 1.11785621643066406250e+01) (4, 1.79660816192626953125e+01) (5, 1.07445363998413085938e+01) (6, 1.07394285202026367188e+01) (7, 1.69313297271728515625e+01) (8, 1.06506776809692382812e+01) (9, 1.09912614822387695312e+01) (10, 1.55666732788085937500e+01) (11, 1.06377792358398437500e+01) 
