FANN_FLO_2.1
num_layers=3
learning_rate=0.400000
connection_rate=1.000000
network_type=0
learning_momentum=0.000000
training_algorithm=2
train_error_function=1
train_stop_function=0
cascade_output_change_fraction=0.010000
quickprop_decay=-0.000100
quickprop_mu=1.750000
rprop_increase_factor=1.200000
rprop_decrease_factor=0.500000
rprop_delta_min=0.000000
rprop_delta_max=50.000000
rprop_delta_zero=0.100000
cascade_output_stagnation_epochs=12
cascade_candidate_change_fraction=0.010000
cascade_candidate_stagnation_epochs=12
cascade_max_out_epochs=150
cascade_min_out_epochs=50
cascade_max_cand_epochs=150
cascade_min_cand_epochs=50
cascade_num_candidate_groups=2
bit_fail_limit=3.49999994039535522461e-01
cascade_candidate_limit=1.00000000000000000000e+03
cascade_weight_multiplier=4.00000005960464477539e-01
cascade_activation_functions_count=10
cascade_activation_functions=3 5 7 8 10 11 14 15 16 17 
cascade_activation_steepnesses_count=4
cascade_activation_steepnesses=2.50000000000000000000e-01 5.00000000000000000000e-01 7.50000000000000000000e-01 1.00000000000000000000e+00 
layer_sizes=10 3 2 
scale_included=0
neurons (num_inputs, activation_function, activation_steepness)=(0, 0, 0.00000000000000000000e+00) (0, 0, 0.00000000000000000000e+00) (0, 0, 0.00000000000000000000e+00) (0, 0, 0.00000000000000000000e+00) (0, 0, 0.00000000000000000000e+00) (0, 0, 0.00000000000000000000e+00) (0, 0, 0.00000000000000000000e+00) (0, 0, 0.00000000000000000000e+00) (0, 0, 0.00000000000000000000e+00) (0, 0, 0.00000000000000000000e+00) (10, 3, 5.00000000000000000000e-01) (10, 3, 5.00000000000000000000e-01) (0, 3, 0.00000000000000000000e+00) (3, 3, 5.00000000000000000000e-01) (0, 3, 0.00000000000000000000e+00) 
connections (connected_to_neuron, weight)=(0, -1.59036651253700256348e-01) (1, -1.89566478133201599121e-01) (2, -1.22877806425094604492e-01) (3, -1.13283373415470123291e-01) (4, -7.36003443598747253418e-02) (5, -5.10597750544548034668e-02) (6, -8.56971368193626403809e-02) (7, -1.08213879168033599854e-01) (8, -2.01915740966796875000e-01) (9, -2.01601803302764892578e-01) (0, -6.24955818057060241699e-02) (1, -1.41454279422760009766e-01) (2, -5.56792244315147399902e-02) (3, -2.14946284890174865723e-01) (4, -1.38770639896392822266e-01) (5, -1.59145176410675048828e-01) (6, -1.53160423040390014648e-01) (7, -1.91730394959449768066e-01) (8, -7.65623971819877624512e-02) (9, -3.43238636851310729980e-02) (10, -7.33246281743049621582e-02) (11, -7.89325907826423645020e-02) (12, -1.89759567379951477051e-01) 
