FANN_FLO_2.1
num_layers=3
learning_rate=0.500000
connection_rate=1.000000
network_type=0
learning_momentum=0.000000
training_algorithm=2
train_error_function=1
train_stop_function=0
cascade_output_change_fraction=0.010000
quickprop_decay=-0.000100
quickprop_mu=1.750000
rprop_increase_factor=1.200000
rprop_decrease_factor=0.500000
rprop_delta_min=0.000000
rprop_delta_max=50.000000
rprop_delta_zero=0.100000
cascade_output_stagnation_epochs=12
cascade_candidate_change_fraction=0.010000
cascade_candidate_stagnation_epochs=12
cascade_max_out_epochs=150
cascade_min_out_epochs=50
cascade_max_cand_epochs=150
cascade_min_cand_epochs=50
cascade_num_candidate_groups=2
bit_fail_limit=3.49999994039535522461e-01
cascade_candidate_limit=1.00000000000000000000e+03
cascade_weight_multiplier=4.00000005960464477539e-01
cascade_activation_functions_count=10
cascade_activation_functions=3 5 7 8 10 11 14 15 16 17 
cascade_activation_steepnesses_count=4
cascade_activation_steepnesses=2.50000000000000000000e-01 5.00000000000000000000e-01 7.50000000000000000000e-01 1.00000000000000000000e+00 
layer_sizes=7 5 2 
scale_included=0
neurons (num_inputs, activation_function, activation_steepness)=(0, 0, 0.00000000000000000000e+00) (0, 0, 0.00000000000000000000e+00) (0, 0, 0.00000000000000000000e+00) (0, 0, 0.00000000000000000000e+00) (0, 0, 0.00000000000000000000e+00) (0, 0, 0.00000000000000000000e+00) (0, 0, 0.00000000000000000000e+00) (7, 3, 5.00000000000000000000e-01) (7, 3, 5.00000000000000000000e-01) (7, 3, 5.00000000000000000000e-01) (7, 3, 5.00000000000000000000e-01) (0, 3, 0.00000000000000000000e+00) (5, 0, 5.00000000000000000000e-01) (0, 0, 0.00000000000000000000e+00) 
connections (connected_to_neuron, weight)=(0, -1.21209955215454101562e+00) (1, 6.96403980255126953125e-01) (2, -1.58243513107299804688e+00) (3, -1.07873761653900146484e+00) (4, 1.94849383831024169922e+00) (5, 1.09139275550842285156e+00) (6, -2.52151107788085937500e+00) (0, -1.29923567175865173340e-01) (1, -1.11406445503234863281e-01) (2, -1.11353449523448944092e-01) (3, -1.62559524178504943848e-01) (4, 3.87551665306091308594e-01) (5, 7.42425471544265747070e-02) (6, 1.55871838331222534180e-01) (0, -8.47516804933547973633e-02) (1, -3.01925361156463623047e-01) (2, 1.56262028217315673828e+00) (3, -1.52266696095466613770e-01) (4, 6.55387544631958007812e+00) (5, -4.65078735351562500000e+00) (6, 2.08507180213928222656e+00) (0, -6.26375973224639892578e-01) (1, 9.55668926239013671875e-01) (2, 8.14032256603240966797e-01) (3, -1.22998447418212890625e+01) (4, -3.78071117401123046875e+00) (5, 1.79113788604736328125e+01) (6, -8.40887248516082763672e-01) (7, 1.67581196874380111694e-02) (8, -3.75971719622611999512e-02) (9, -1.31649315357208251953e-01) (10, -1.67625617980957031250e+01) (11, 1.48349821567535400391e-01) 
