FANN_FLO_2.1
num_layers=4
learning_rate=0.300000
connection_rate=1.000000
network_type=0
learning_momentum=0.000000
training_algorithm=2
train_error_function=1
train_stop_function=0
cascade_output_change_fraction=0.010000
quickprop_decay=-0.000100
quickprop_mu=1.750000
rprop_increase_factor=1.200000
rprop_decrease_factor=0.500000
rprop_delta_min=0.000000
rprop_delta_max=50.000000
rprop_delta_zero=0.100000
cascade_output_stagnation_epochs=12
cascade_candidate_change_fraction=0.010000
cascade_candidate_stagnation_epochs=12
cascade_max_out_epochs=150
cascade_min_out_epochs=50
cascade_max_cand_epochs=150
cascade_min_cand_epochs=50
cascade_num_candidate_groups=2
bit_fail_limit=3.49999994039535522461e-01
cascade_candidate_limit=1.00000000000000000000e+03
cascade_weight_multiplier=4.00000005960464477539e-01
cascade_activation_functions_count=10
cascade_activation_functions=3 5 7 8 10 11 14 15 16 17 
cascade_activation_steepnesses_count=4
cascade_activation_steepnesses=2.50000000000000000000e-01 5.00000000000000000000e-01 7.50000000000000000000e-01 1.00000000000000000000e+00 
layer_sizes=2 5 5 3 
scale_included=0
neurons (num_inputs, activation_function, activation_steepness)=(0, 0, 0.00000000000000000000e+00) (0, 0, 0.00000000000000000000e+00) (2, 3, 5.00000000000000000000e-01) (2, 3, 5.00000000000000000000e-01) (2, 3, 5.00000000000000000000e-01) (2, 3, 5.00000000000000000000e-01) (0, 3, 0.00000000000000000000e+00) (5, 3, 5.00000000000000000000e-01) (5, 3, 5.00000000000000000000e-01) (5, 3, 5.00000000000000000000e-01) (5, 3, 5.00000000000000000000e-01) (0, 3, 0.00000000000000000000e+00) (5, 0, 5.00000000000000000000e-01) (5, 0, 5.00000000000000000000e-01) (0, 0, 0.00000000000000000000e+00) 
connections (connected_to_neuron, weight)=(0, -2.68626575469970703125e+01) (1, -7.83376514911651611328e-01) (0, -1.40316476821899414062e+01) (1, -1.30878028869628906250e+01) (0, -4.50381457805633544922e-01) (1, -1.40888965129852294922e+00) (0, -4.76183295249938964844e-01) (1, -2.03217291831970214844e+00) (2, -1.09278082847595214844e-01) (3, 2.39233350753784179688e+00) (4, 3.50312501192092895508e-01) (5, 4.55373257398605346680e-01) (6, 5.49179077148437500000e-01) (2, 6.27766788005828857422e-01) (3, 1.16316366195678710938e+00) (4, 5.48708260059356689453e-01) (5, 5.26429772377014160156e-01) (6, -9.02834653854370117188e-01) (2, 6.33212268352508544922e-01) (3, 1.35225880146026611328e+00) (4, 3.52171123027801513672e-01) (5, 2.49042049050331115723e-01) (6, 2.27319285273551940918e-01) (2, 6.25707983970642089844e-01) (3, 2.63164377212524414062e+00) (4, 5.09696364402770996094e-01) (5, 5.37578523159027099609e-01) (6, -1.80511200428009033203e+00) (7, -1.08890190720558166504e-01) (8, 1.99504315853118896484e-01) (9, -2.13180519640445709229e-02) (10, 1.64454594254493713379e-01) (11, -1.81738600134849548340e-01) (7, -5.09793221950531005859e-01) (8, -5.48253476619720458984e-01) (9, -4.86809015274047851562e-01) (10, -5.65144360065460205078e-01) (11, -3.22878569364547729492e-01) 
