FANN_FLO_2.1
num_layers=4
learning_rate=0.450000
connection_rate=1.000000
network_type=0
learning_momentum=0.000000
training_algorithm=2
train_error_function=1
train_stop_function=0
cascade_output_change_fraction=0.010000
quickprop_decay=-0.000100
quickprop_mu=1.750000
rprop_increase_factor=1.200000
rprop_decrease_factor=0.500000
rprop_delta_min=0.000000
rprop_delta_max=50.000000
rprop_delta_zero=0.100000
cascade_output_stagnation_epochs=12
cascade_candidate_change_fraction=0.010000
cascade_candidate_stagnation_epochs=12
cascade_max_out_epochs=150
cascade_min_out_epochs=50
cascade_max_cand_epochs=150
cascade_min_cand_epochs=50
cascade_num_candidate_groups=2
bit_fail_limit=3.49999994039535522461e-01
cascade_candidate_limit=1.00000000000000000000e+03
cascade_weight_multiplier=4.00000005960464477539e-01
cascade_activation_functions_count=10
cascade_activation_functions=3 5 7 8 10 11 14 15 16 17 
cascade_activation_steepnesses_count=4
cascade_activation_steepnesses=2.50000000000000000000e-01 5.00000000000000000000e-01 7.50000000000000000000e-01 1.00000000000000000000e+00 
layer_sizes=7 3 3 2 
scale_included=0
neurons (num_inputs, activation_function, activation_steepness)=(0, 0, 0.00000000000000000000e+00) (0, 0, 0.00000000000000000000e+00) (0, 0, 0.00000000000000000000e+00) (0, 0, 0.00000000000000000000e+00) (0, 0, 0.00000000000000000000e+00) (0, 0, 0.00000000000000000000e+00) (0, 0, 0.00000000000000000000e+00) (7, 3, 5.00000000000000000000e-01) (7, 3, 5.00000000000000000000e-01) (0, 3, 0.00000000000000000000e+00) (3, 3, 5.00000000000000000000e-01) (3, 3, 5.00000000000000000000e-01) (0, 3, 0.00000000000000000000e+00) (3, 0, 5.00000000000000000000e-01) (0, 0, 0.00000000000000000000e+00) 
connections (connected_to_neuron, weight)=(0, 5.19492858886718750000e+02) (1, -4.31141281127929687500e+00) (2, 5.84512329101562500000e+01) (3, -1.46646814346313476562e+01) (4, -5.95087013244628906250e+01) (5, 1.37901245117187500000e+02) (6, 6.05121755599975585938e+00) (0, -4.47245025634765625000e+02) (1, 6.97440099716186523438e+00) (2, 1.26225683593750000000e+03) (3, 5.48739135742187500000e+02) (4, 6.08360473632812500000e+02) (5, 3.23556121826171875000e+02) (6, 5.92678022384643554688e+00) (7, 7.34782470703125000000e+02) (8, 3.24679636955261230469e+00) (9, -3.50150895118713378906e+00) (7, 1.96105407714843750000e+02) (8, -2.02715347290039062500e+02) (9, -2.08979964256286621094e+00) (10, -1.44390733912587165833e-02) (11, 1.02758132934570312500e+02) (12, 1.20163979008793830872e-02) 
