FANN_FLO_2.1
num_layers=3
learning_rate=0.500000
connection_rate=1.000000
network_type=0
learning_momentum=0.000000
training_algorithm=2
train_error_function=1
train_stop_function=0
cascade_output_change_fraction=0.010000
quickprop_decay=-0.000100
quickprop_mu=1.750000
rprop_increase_factor=1.200000
rprop_decrease_factor=0.500000
rprop_delta_min=0.000000
rprop_delta_max=50.000000
rprop_delta_zero=0.100000
cascade_output_stagnation_epochs=12
cascade_candidate_change_fraction=0.010000
cascade_candidate_stagnation_epochs=12
cascade_max_out_epochs=150
cascade_min_out_epochs=50
cascade_max_cand_epochs=150
cascade_min_cand_epochs=50
cascade_num_candidate_groups=2
bit_fail_limit=3.49999994039535522461e-01
cascade_candidate_limit=1.00000000000000000000e+03
cascade_weight_multiplier=4.00000005960464477539e-01
cascade_activation_functions_count=10
cascade_activation_functions=3 5 7 8 10 11 14 15 16 17 
cascade_activation_steepnesses_count=4
cascade_activation_steepnesses=2.50000000000000000000e-01 5.00000000000000000000e-01 7.50000000000000000000e-01 1.00000000000000000000e+00 
layer_sizes=3 9 4 
scale_included=0
neurons (num_inputs, activation_function, activation_steepness)=(0, 0, 0.00000000000000000000e+00) (0, 0, 0.00000000000000000000e+00) (0, 0, 0.00000000000000000000e+00) (3, 3, 5.00000000000000000000e-01) (3, 3, 5.00000000000000000000e-01) (3, 3, 5.00000000000000000000e-01) (3, 3, 5.00000000000000000000e-01) (3, 3, 5.00000000000000000000e-01) (3, 3, 5.00000000000000000000e-01) (3, 3, 5.00000000000000000000e-01) (3, 3, 5.00000000000000000000e-01) (0, 3, 0.00000000000000000000e+00) (9, 0, 5.00000000000000000000e-01) (9, 0, 5.00000000000000000000e-01) (9, 0, 5.00000000000000000000e-01) (0, 0, 0.00000000000000000000e+00) 
connections (connected_to_neuron, weight)=(0, -4.16838312149047851562e+00) (1, 2.04939293861389160156e+00) (2, 1.33700406551361083984e+00) (0, -3.22451376914978027344e+00) (1, 3.31364417076110839844e+00) (2, -2.99280464649200439453e-01) (0, -3.27661108970642089844e+00) (1, 4.13130849599838256836e-01) (2, 4.72849398851394653320e-01) (0, -4.65810203552246093750e+00) (1, -2.12271380424499511719e+00) (2, -1.20411319658160209656e-02) (0, -3.44313979148864746094e+00) (1, 1.29141360521316528320e-01) (2, 4.22834753990173339844e-01) (0, -1.15298736095428466797e+00) (1, -2.27867388725280761719e+00) (2, 3.67552697658538818359e-01) (0, -6.78270912170410156250e+00) (1, 6.81969833374023437500e+00) (2, 5.02504158020019531250e+00) (0, -5.03261327743530273438e+00) (1, 4.14373159408569335938e+00) (2, 7.03167867660522460938e+00) (3, -3.34368377923965454102e-01) (4, 2.89364218711853027344e+00) (5, 1.27725732326507568359e+00) (6, 2.20713257789611816406e+00) (7, 1.14450180530548095703e+00) (8, 2.57557487487792968750e+00) (9, 3.80211830139160156250e-01) (10, 5.95515131950378417969e-01) (11, 4.97211992740631103516e-01) (3, 2.94065403938293457031e+00) (4, 3.47700285911560058594e+00) (5, 3.36046338081359863281e+00) (6, 4.46037912368774414062e+00) (7, 3.63432407379150390625e+00) (8, 9.04338359832763671875e+00) (9, 3.42443799972534179688e+00) (10, 2.58910632133483886719e+00) (11, 2.28712153434753417969e+00) (3, 9.62151813507080078125e+00) (4, 8.76706886291503906250e+00) (5, 1.12930335998535156250e+01) (6, 1.36710405349731445312e+01) (7, 1.13060531616210937500e+01) (8, 3.06182975769042968750e+01) (9, 1.09677848815917968750e+01) (10, 1.08718938827514648438e+01) (11, 1.16678352355957031250e+01) 
