FANN_FLO_2.1
num_layers=4
learning_rate=0.300000
connection_rate=1.000000
network_type=0
learning_momentum=0.000000
training_algorithm=2
train_error_function=1
train_stop_function=0
cascade_output_change_fraction=0.010000
quickprop_decay=-0.000100
quickprop_mu=1.750000
rprop_increase_factor=1.200000
rprop_decrease_factor=0.500000
rprop_delta_min=0.000000
rprop_delta_max=50.000000
rprop_delta_zero=0.100000
cascade_output_stagnation_epochs=12
cascade_candidate_change_fraction=0.010000
cascade_candidate_stagnation_epochs=12
cascade_max_out_epochs=150
cascade_min_out_epochs=50
cascade_max_cand_epochs=150
cascade_min_cand_epochs=50
cascade_num_candidate_groups=2
bit_fail_limit=3.49999994039535522461e-01
cascade_candidate_limit=1.00000000000000000000e+03
cascade_weight_multiplier=4.00000005960464477539e-01
cascade_activation_functions_count=10
cascade_activation_functions=3 5 7 8 10 11 14 15 16 17 
cascade_activation_steepnesses_count=4
cascade_activation_steepnesses=2.50000000000000000000e-01 5.00000000000000000000e-01 7.50000000000000000000e-01 1.00000000000000000000e+00 
layer_sizes=2 5 3 3 
scale_included=0
neurons (num_inputs, activation_function, activation_steepness)=(0, 0, 0.00000000000000000000e+00) (0, 0, 0.00000000000000000000e+00) (2, 3, 5.00000000000000000000e-01) (2, 3, 5.00000000000000000000e-01) (2, 3, 5.00000000000000000000e-01) (2, 3, 5.00000000000000000000e-01) (0, 3, 0.00000000000000000000e+00) (5, 3, 5.00000000000000000000e-01) (5, 3, 5.00000000000000000000e-01) (0, 3, 0.00000000000000000000e+00) (3, 0, 5.00000000000000000000e-01) (3, 0, 5.00000000000000000000e-01) (0, 0, 0.00000000000000000000e+00) 
connections (connected_to_neuron, weight)=(0, -6.02193784713745117188e+00) (1, -1.10263061523437500000e+00) (0, -7.43369102478027343750e+00) (1, -2.07444787025451660156e+00) (0, -9.58793640136718750000e+00) (1, -3.74541664123535156250e+00) (0, -9.59205627441406250000e+00) (1, -3.85310196876525878906e+00) (2, 7.20989227294921875000e-01) (3, 7.35681176185607910156e-01) (4, 4.31658208370208740234e-01) (5, 4.00700777769088745117e-01) (6, -2.40480542182922363281e-01) (2, 7.49402344226837158203e-01) (3, 1.09481978416442871094e+00) (4, 8.59644949436187744141e-01) (5, 3.85294884443283081055e-01) (6, -9.79901373386383056641e-01) (7, 1.16896733641624450684e-01) (8, 2.29217439889907836914e-01) (9, -3.04023146629333496094e-01) (7, -7.76389300823211669922e-01) (8, -8.53263854980468750000e-01) (9, -6.64351582527160644531e-01) 
