FANN_FLO_2.1
num_layers=4
learning_rate=0.450000
connection_rate=1.000000
network_type=0
learning_momentum=0.000000
training_algorithm=2
train_error_function=1
train_stop_function=0
cascade_output_change_fraction=0.010000
quickprop_decay=-0.000100
quickprop_mu=1.750000
rprop_increase_factor=1.200000
rprop_decrease_factor=0.500000
rprop_delta_min=0.000000
rprop_delta_max=50.000000
rprop_delta_zero=0.100000
cascade_output_stagnation_epochs=12
cascade_candidate_change_fraction=0.010000
cascade_candidate_stagnation_epochs=12
cascade_max_out_epochs=150
cascade_min_out_epochs=50
cascade_max_cand_epochs=150
cascade_min_cand_epochs=50
cascade_num_candidate_groups=2
bit_fail_limit=3.49999994039535522461e-01
cascade_candidate_limit=1.00000000000000000000e+03
cascade_weight_multiplier=4.00000005960464477539e-01
cascade_activation_functions_count=10
cascade_activation_functions=3 5 7 8 10 11 14 15 16 17 
cascade_activation_steepnesses_count=4
cascade_activation_steepnesses=2.50000000000000000000e-01 5.00000000000000000000e-01 7.50000000000000000000e-01 1.00000000000000000000e+00 
layer_sizes=7 5 3 2 
scale_included=0
neurons (num_inputs, activation_function, activation_steepness)=(0, 0, 0.00000000000000000000e+00) (0, 0, 0.00000000000000000000e+00) (0, 0, 0.00000000000000000000e+00) (0, 0, 0.00000000000000000000e+00) (0, 0, 0.00000000000000000000e+00) (0, 0, 0.00000000000000000000e+00) (0, 0, 0.00000000000000000000e+00) (7, 3, 5.00000000000000000000e-01) (7, 3, 5.00000000000000000000e-01) (7, 3, 5.00000000000000000000e-01) (7, 3, 5.00000000000000000000e-01) (0, 3, 0.00000000000000000000e+00) (5, 3, 5.00000000000000000000e-01) (5, 3, 5.00000000000000000000e-01) (0, 3, 0.00000000000000000000e+00) (3, 0, 5.00000000000000000000e-01) (0, 0, 0.00000000000000000000e+00) 
connections (connected_to_neuron, weight)=(0, 5.59248849749565124512e-02) (1, 1.06523163616657257080e-01) (2, -9.08666729927062988281e-01) (3, 2.84762471914291381836e-01) (4, 7.07531213760375976562e-01) (5, -4.24436450004577636719e-01) (6, 1.09468567371368408203e+00) (0, 2.22590029239654541016e-01) (1, 2.15837821364402770996e-01) (2, -6.70987904071807861328e-01) (3, 3.29852581024169921875e-01) (4, 3.21147859096527099609e-01) (5, -7.20272958278656005859e-01) (6, 5.21026182174682617188e+00) (0, 1.50000000000000000000e+03) (1, 1.50000000000000000000e+03) (2, 1.50000000000000000000e+03) (3, 1.50000000000000000000e+03) (4, 1.50000000000000000000e+03) (5, 1.50000000000000000000e+03) (6, 2.07672262191772460938e+00) (0, 4.03845638036727905273e-01) (1, 3.63391906023025512695e-01) (2, -3.36236596107482910156e-01) (3, 2.92683690786361694336e-01) (4, 1.92493081092834472656e-01) (5, -1.06916785240173339844e+00) (6, -3.59904795885086059570e-01) (7, -8.49454402923583984375e+00) (8, 9.39838695526123046875e+00) (9, -2.20115756988525390625e+00) (10, -8.54091167449951171875e+00) (11, -2.24166822433471679688e+00) (7, 7.97290897369384765625e+00) (8, -9.15649032592773437500e+00) (9, 2.38681769371032714844e+00) (10, 7.81120157241821289062e+00) (11, 2.33057665824890136719e+00) (12, 2.93444991111755371094e+00) (13, -6.20682537555694580078e-02) (14, 5.20730689167976379395e-02) 
