FANN_FLO_2.1
num_layers=3
learning_rate=0.450000
connection_rate=1.000000
network_type=0
learning_momentum=0.000000
training_algorithm=2
train_error_function=1
train_stop_function=0
cascade_output_change_fraction=0.010000
quickprop_decay=-0.000100
quickprop_mu=1.750000
rprop_increase_factor=1.200000
rprop_decrease_factor=0.500000
rprop_delta_min=0.000000
rprop_delta_max=50.000000
rprop_delta_zero=0.100000
cascade_output_stagnation_epochs=12
cascade_candidate_change_fraction=0.010000
cascade_candidate_stagnation_epochs=12
cascade_max_out_epochs=150
cascade_min_out_epochs=50
cascade_max_cand_epochs=150
cascade_min_cand_epochs=50
cascade_num_candidate_groups=2
bit_fail_limit=3.49999994039535522461e-01
cascade_candidate_limit=1.00000000000000000000e+03
cascade_weight_multiplier=4.00000005960464477539e-01
cascade_activation_functions_count=10
cascade_activation_functions=3 5 7 8 10 11 14 15 16 17 
cascade_activation_steepnesses_count=4
cascade_activation_steepnesses=2.50000000000000000000e-01 5.00000000000000000000e-01 7.50000000000000000000e-01 1.00000000000000000000e+00 
layer_sizes=7 5 2 
scale_included=0
neurons (num_inputs, activation_function, activation_steepness)=(0, 0, 0.00000000000000000000e+00) (0, 0, 0.00000000000000000000e+00) (0, 0, 0.00000000000000000000e+00) (0, 0, 0.00000000000000000000e+00) (0, 0, 0.00000000000000000000e+00) (0, 0, 0.00000000000000000000e+00) (0, 0, 0.00000000000000000000e+00) (7, 3, 5.00000000000000000000e-01) (7, 3, 5.00000000000000000000e-01) (7, 3, 5.00000000000000000000e-01) (7, 3, 5.00000000000000000000e-01) (0, 3, 0.00000000000000000000e+00) (5, 0, 5.00000000000000000000e-01) (0, 0, 0.00000000000000000000e+00) 
connections (connected_to_neuron, weight)=(0, -2.17722213745117187500e+02) (1, -1.03996455669403076172e+00) (2, 1.87651092529296875000e+02) (3, -2.16389297485351562500e+02) (4, -1.04514457702636718750e+02) (5, -4.86331253051757812500e+01) (6, 2.79923249036073684692e-02) (0, -3.32011520862579345703e-01) (1, 7.92042851448059082031e-01) (2, -3.51684689521789550781e-01) (3, 7.50863373279571533203e-01) (4, -8.54586887359619140625e+00) (5, -6.58623948693275451660e-02) (6, 2.57906436920166015625e-01) (0, 2.96422809362411499023e-01) (1, 5.45293018221855163574e-02) (2, 3.05755615234375000000e-01) (3, -1.43179804086685180664e-01) (4, -1.50441139936447143555e-01) (5, -2.66802608966827392578e-01) (6, -4.68324232101440429688e+00) (0, -3.46878916025161743164e-01) (1, -3.91450881958007812500e-01) (2, -1.10352599620819091797e+00) (3, -3.76085415482521057129e-02) (4, 2.48585388064384460449e-01) (5, 6.49019896984100341797e-01) (6, 7.55518674850463867188e+00) (7, 8.51443481445312500000e+02) (8, 4.35880041122436523438e+00) (9, -3.76622974872589111328e-02) (10, -2.19936538487672805786e-02) (11, 2.49552708119153976440e-02) 
