FANN_FLO_2.1
num_layers=3
learning_rate=0.300000
connection_rate=1.000000
network_type=0
learning_momentum=0.000000
training_algorithm=2
train_error_function=1
train_stop_function=0
cascade_output_change_fraction=0.010000
quickprop_decay=-0.000100
quickprop_mu=1.750000
rprop_increase_factor=1.200000
rprop_decrease_factor=0.500000
rprop_delta_min=0.000000
rprop_delta_max=50.000000
rprop_delta_zero=0.100000
cascade_output_stagnation_epochs=12
cascade_candidate_change_fraction=0.010000
cascade_candidate_stagnation_epochs=12
cascade_max_out_epochs=150
cascade_min_out_epochs=50
cascade_max_cand_epochs=150
cascade_min_cand_epochs=50
cascade_num_candidate_groups=2
bit_fail_limit=3.49999994039535522461e-01
cascade_candidate_limit=1.00000000000000000000e+03
cascade_weight_multiplier=4.00000005960464477539e-01
cascade_activation_functions_count=10
cascade_activation_functions=3 5 7 8 10 11 14 15 16 17 
cascade_activation_steepnesses_count=4
cascade_activation_steepnesses=2.50000000000000000000e-01 5.00000000000000000000e-01 7.50000000000000000000e-01 1.00000000000000000000e+00 
layer_sizes=4 9 2 
scale_included=0
neurons (num_inputs, activation_function, activation_steepness)=(0, 0, 0.00000000000000000000e+00) (0, 0, 0.00000000000000000000e+00) (0, 0, 0.00000000000000000000e+00) (0, 0, 0.00000000000000000000e+00) (4, 3, 5.00000000000000000000e-01) (4, 3, 5.00000000000000000000e-01) (4, 3, 5.00000000000000000000e-01) (4, 3, 5.00000000000000000000e-01) (4, 3, 5.00000000000000000000e-01) (4, 3, 5.00000000000000000000e-01) (4, 3, 5.00000000000000000000e-01) (4, 3, 5.00000000000000000000e-01) (0, 3, 0.00000000000000000000e+00) (9, 3, 5.00000000000000000000e-01) (0, 3, 0.00000000000000000000e+00) 
connections (connected_to_neuron, weight)=(0, -1.38962042331695556641e+00) (1, 6.35011494159698486328e-01) (2, -1.53135669231414794922e+00) (3, 9.74865436553955078125e+00) (0, 2.54667806625366210938e+00) (1, 1.89808189868927001953e-01) (2, -1.70816936492919921875e+01) (3, 8.18396210670471191406e-01) (0, -5.54191410541534423828e-01) (1, 1.08411625027656555176e-01) (2, -1.36806750297546386719e+00) (3, 2.06612434387207031250e+01) (0, -2.03625457763671875000e+02) (1, 1.49299020767211914062e+01) (2, 3.90610170364379882812e+00) (3, -6.63823187351226806641e-02) (0, -1.48266762495040893555e-01) (1, 2.91088242083787918091e-02) (2, -8.39482098817825317383e-02) (3, 2.85417318344116210938e-01) (0, -1.60881206393241882324e-01) (1, 5.06650768220424652100e-02) (2, -7.45850980281829833984e-01) (3, 4.51241731643676757812e+00) (0, -1.30601739883422851562e+00) (1, 7.53893911838531494141e-01) (2, -1.31618630886077880859e+00) (3, 4.79127597808837890625e+00) (0, -4.01616066694259643555e-01) (1, 1.40012636780738830566e-01) (2, -4.60634022951126098633e-01) (3, -6.30544051527976989746e-02) (4, -1.02938041090965270996e-01) (5, -1.33226618170738220215e-01) (6, -4.93406325578689575195e-01) (7, -7.53785014152526855469e-01) (8, -6.94024276733398437500e+00) (9, -2.24759054183959960938e+00) (10, -1.72035023570060729980e-01) (11, 1.10745322704315185547e+00) (12, 7.08605349063873291016e-01) 
