FANN_FLO_2.1
num_layers=4
learning_rate=0.450000
connection_rate=1.000000
network_type=0
learning_momentum=0.000000
training_algorithm=2
train_error_function=1
train_stop_function=0
cascade_output_change_fraction=0.010000
quickprop_decay=-0.000100
quickprop_mu=1.750000
rprop_increase_factor=1.200000
rprop_decrease_factor=0.500000
rprop_delta_min=0.000000
rprop_delta_max=50.000000
rprop_delta_zero=0.100000
cascade_output_stagnation_epochs=12
cascade_candidate_change_fraction=0.010000
cascade_candidate_stagnation_epochs=12
cascade_max_out_epochs=150
cascade_min_out_epochs=50
cascade_max_cand_epochs=150
cascade_min_cand_epochs=50
cascade_num_candidate_groups=2
bit_fail_limit=3.49999994039535522461e-01
cascade_candidate_limit=1.00000000000000000000e+03
cascade_weight_multiplier=4.00000005960464477539e-01
cascade_activation_functions_count=10
cascade_activation_functions=3 5 7 8 10 11 14 15 16 17 
cascade_activation_steepnesses_count=4
cascade_activation_steepnesses=2.50000000000000000000e-01 5.00000000000000000000e-01 7.50000000000000000000e-01 1.00000000000000000000e+00 
layer_sizes=7 5 5 2 
scale_included=0
neurons (num_inputs, activation_function, activation_steepness)=(0, 0, 0.00000000000000000000e+00) (0, 0, 0.00000000000000000000e+00) (0, 0, 0.00000000000000000000e+00) (0, 0, 0.00000000000000000000e+00) (0, 0, 0.00000000000000000000e+00) (0, 0, 0.00000000000000000000e+00) (0, 0, 0.00000000000000000000e+00) (7, 3, 5.00000000000000000000e-01) (7, 3, 5.00000000000000000000e-01) (7, 3, 5.00000000000000000000e-01) (7, 3, 5.00000000000000000000e-01) (0, 3, 0.00000000000000000000e+00) (5, 3, 5.00000000000000000000e-01) (5, 3, 5.00000000000000000000e-01) (5, 3, 5.00000000000000000000e-01) (5, 3, 5.00000000000000000000e-01) (0, 3, 0.00000000000000000000e+00) (5, 0, 5.00000000000000000000e-01) (0, 0, 0.00000000000000000000e+00) 
connections (connected_to_neuron, weight)=(0, -9.85636138916015625000e+01) (1, 8.72551083564758300781e-01) (2, -1.72490310668945312500e+01) (3, 1.96222946047782897949e-01) (4, -1.04776107788085937500e+02) (5, 9.97332382202148437500e+01) (6, -1.74148470163345336914e-01) (0, -4.70861792564392089844e-02) (1, 8.64588841795921325684e-02) (2, 3.21760952472686767578e-01) (3, -2.57192879915237426758e-01) (4, 2.05367016792297363281e+00) (5, -8.23753476142883300781e-01) (6, -1.96619983762502670288e-03) (0, -3.86670172214508056641e-01) (1, -6.41278862953186035156e-01) (2, -1.02447712421417236328e+00) (3, 4.19143021106719970703e-01) (4, 1.33106553554534912109e+00) (5, 1.43379375338554382324e-01) (6, 2.94968724250793457031e-01) (0, 4.18211787939071655273e-01) (1, -9.91848707199096679688e-02) (2, -7.09224939346313476562e-01) (3, 3.33020925521850585938e-01) (4, -3.38521170616149902344e+00) (5, 1.20376598834991455078e+00) (6, -2.85037326812744140625e+00) (7, 3.89236999511718750000e+02) (8, -3.94185423851013183594e+00) (9, -6.87889343261718750000e+02) (10, 6.09914321899414062500e+01) (11, -6.06077003479003906250e+00) (7, 1.50000000000000000000e+03) (8, 4.69779539108276367188e+00) (9, 3.60989410400390625000e+02) (10, -1.11840419769287109375e+01) (11, 9.30267572402954101562e-02) (7, 1.56427795410156250000e+02) (8, -2.06247692108154296875e+01) (9, 5.06038236618041992188e+00) (10, 5.58205664157867431641e-01) (11, -2.33613634109497070312e+00) (7, 1.50000000000000000000e+03) (8, -7.10850143432617187500e+00) (9, 6.73407983779907226562e+00) (10, 4.58518142700195312500e+01) (11, -5.33743321895599365234e-01) (12, 3.76650631427764892578e-01) (13, -1.26512097194790840149e-02) (14, 3.54902815818786621094e+00) (15, -6.21892623603343963623e-02) (16, 4.00105863809585571289e-02) 
