FANN_FLO_2.1
num_layers=4
learning_rate=0.450000
connection_rate=1.000000
network_type=0
learning_momentum=0.000000
training_algorithm=2
train_error_function=1
train_stop_function=0
cascade_output_change_fraction=0.010000
quickprop_decay=-0.000100
quickprop_mu=1.750000
rprop_increase_factor=1.200000
rprop_decrease_factor=0.500000
rprop_delta_min=0.000000
rprop_delta_max=50.000000
rprop_delta_zero=0.100000
cascade_output_stagnation_epochs=12
cascade_candidate_change_fraction=0.010000
cascade_candidate_stagnation_epochs=12
cascade_max_out_epochs=150
cascade_min_out_epochs=50
cascade_max_cand_epochs=150
cascade_min_cand_epochs=50
cascade_num_candidate_groups=2
bit_fail_limit=3.49999994039535522461e-01
cascade_candidate_limit=1.00000000000000000000e+03
cascade_weight_multiplier=4.00000005960464477539e-01
cascade_activation_functions_count=10
cascade_activation_functions=3 5 7 8 10 11 14 15 16 17 
cascade_activation_steepnesses_count=4
cascade_activation_steepnesses=2.50000000000000000000e-01 5.00000000000000000000e-01 7.50000000000000000000e-01 1.00000000000000000000e+00 
layer_sizes=7 5 5 2 
scale_included=0
neurons (num_inputs, activation_function, activation_steepness)=(0, 0, 0.00000000000000000000e+00) (0, 0, 0.00000000000000000000e+00) (0, 0, 0.00000000000000000000e+00) (0, 0, 0.00000000000000000000e+00) (0, 0, 0.00000000000000000000e+00) (0, 0, 0.00000000000000000000e+00) (0, 0, 0.00000000000000000000e+00) (7, 3, 5.00000000000000000000e-01) (7, 3, 5.00000000000000000000e-01) (7, 3, 5.00000000000000000000e-01) (7, 3, 5.00000000000000000000e-01) (0, 3, 0.00000000000000000000e+00) (5, 3, 5.00000000000000000000e-01) (5, 3, 5.00000000000000000000e-01) (5, 3, 5.00000000000000000000e-01) (5, 3, 5.00000000000000000000e-01) (0, 3, 0.00000000000000000000e+00) (5, 0, 5.00000000000000000000e-01) (0, 0, 0.00000000000000000000e+00) 
connections (connected_to_neuron, weight)=(0, -3.57259918212890625000e+02) (1, 4.28171813488006591797e-01) (2, 5.03597808837890625000e+02) (3, -3.57259918212890625000e+02) (4, -5.78761901855468750000e+02) (5, -2.10378936767578125000e+02) (6, 4.78879958391189575195e-01) (0, -1.01886297607421875000e+03) (1, 4.83160465955734252930e-01) (2, -1.01886297607421875000e+03) (3, -1.01886297607421875000e+03) (4, 1.14473510742187500000e+02) (5, -1.01710107421875000000e+03) (6, 5.95166206359863281250e-01) (0, -4.16697479248046875000e+02) (1, 2.81323760747909545898e-01) (2, -2.77152160644531250000e+02) (3, -5.51541381835937500000e+02) (4, -2.08965759277343750000e+02) (5, -4.16413391113281250000e+02) (6, 1.35110452771186828613e-01) (0, -2.32076202392578125000e+02) (1, 1.50088346004486083984e+00) (2, 4.96865905761718750000e+02) (3, -2.32076202392578125000e+02) (4, -1.50000000000000000000e+03) (5, -3.96984939575195312500e+01) (6, 1.57555198669433593750e+00) (7, 4.00000000000000000000e+02) (8, 1.50000000000000000000e+03) (9, 1.50000000000000000000e+03) (10, 1.05000000000000000000e+03) (11, -6.74650526046752929688e+00) (7, 1.50000000000000000000e+03) (8, 1.50000000000000000000e+03) (9, 1.50000000000000000000e+03) (10, 1.50000000000000000000e+03) (11, -7.37304210662841796875e-01) (7, 4.00000000000000000000e+02) (8, 1.50000000000000000000e+03) (9, 1.50000000000000000000e+03) (10, 1.15000000000000000000e+03) (11, -7.21438288688659667969e-01) (7, 1.50000000000000000000e+03) (8, 1.50000000000000000000e+03) (9, 1.50000000000000000000e+03) (10, 1.50000000000000000000e+03) (11, -6.92538321018218994141e-01) (12, 2.38487124443054199219e+00) (13, -1.76803078502416610718e-02) (14, 4.98596904799342155457e-03) (15, -2.57217604666948318481e-02) (16, 2.61247586458921432495e-02) 
