FANN_FLO_2.1
num_layers=3
learning_rate=0.400000
connection_rate=1.000000
network_type=0
learning_momentum=0.000000
training_algorithm=2
train_error_function=1
train_stop_function=0
cascade_output_change_fraction=0.010000
quickprop_decay=-0.000100
quickprop_mu=1.750000
rprop_increase_factor=1.200000
rprop_decrease_factor=0.500000
rprop_delta_min=0.000000
rprop_delta_max=50.000000
rprop_delta_zero=0.100000
cascade_output_stagnation_epochs=12
cascade_candidate_change_fraction=0.010000
cascade_candidate_stagnation_epochs=12
cascade_max_out_epochs=150
cascade_min_out_epochs=50
cascade_max_cand_epochs=150
cascade_min_cand_epochs=50
cascade_num_candidate_groups=2
bit_fail_limit=3.49999994039535522461e-01
cascade_candidate_limit=1.00000000000000000000e+03
cascade_weight_multiplier=4.00000005960464477539e-01
cascade_activation_functions_count=10
cascade_activation_functions=3 5 7 8 10 11 14 15 16 17 
cascade_activation_steepnesses_count=4
cascade_activation_steepnesses=2.50000000000000000000e-01 5.00000000000000000000e-01 7.50000000000000000000e-01 1.00000000000000000000e+00 
layer_sizes=10 3 2 
scale_included=0
neurons (num_inputs, activation_function, activation_steepness)=(0, 0, 0.00000000000000000000e+00) (0, 0, 0.00000000000000000000e+00) (0, 0, 0.00000000000000000000e+00) (0, 0, 0.00000000000000000000e+00) (0, 0, 0.00000000000000000000e+00) (0, 0, 0.00000000000000000000e+00) (0, 0, 0.00000000000000000000e+00) (0, 0, 0.00000000000000000000e+00) (0, 0, 0.00000000000000000000e+00) (0, 0, 0.00000000000000000000e+00) (10, 3, 5.00000000000000000000e-01) (10, 3, 5.00000000000000000000e-01) (0, 3, 0.00000000000000000000e+00) (3, 3, 5.00000000000000000000e-01) (0, 3, 0.00000000000000000000e+00) 
connections (connected_to_neuron, weight)=(0, -4.95125576853752136230e-02) (1, -1.39346078038215637207e-01) (2, -8.39811488986015319824e-02) (3, -9.38669964671134948730e-02) (4, -2.52228304743766784668e-02) (5, -1.74580797553062438965e-01) (6, -8.86160060763359069824e-02) (7, -1.65260404348373413086e-01) (8, -1.25644236803054809570e-01) (9, -1.70689195394515991211e-01) (0, 1.58290505409240722656e-01) (1, 2.08517342805862426758e-01) (2, 2.14204967021942138672e-01) (3, 2.08385974168777465820e-01) (4, 9.57106128334999084473e-02) (5, 2.79052928090095520020e-02) (6, 4.63189110159873962402e-02) (7, 1.88858479261398315430e-01) (8, 1.76111459732055664062e-01) (9, 2.14549273252487182617e-01) (10, -3.96055504679679870605e-02) (11, -1.31057545542716979980e-01) (12, -1.27125471830368041992e-01) 
