FANN_FLO_2.1
num_layers=3
learning_rate=0.500000
connection_rate=1.000000
network_type=0
learning_momentum=0.000000
training_algorithm=2
train_error_function=1
train_stop_function=0
cascade_output_change_fraction=0.010000
quickprop_decay=-0.000100
quickprop_mu=1.750000
rprop_increase_factor=1.200000
rprop_decrease_factor=0.500000
rprop_delta_min=0.000000
rprop_delta_max=50.000000
rprop_delta_zero=0.100000
cascade_output_stagnation_epochs=12
cascade_candidate_change_fraction=0.010000
cascade_candidate_stagnation_epochs=12
cascade_max_out_epochs=150
cascade_min_out_epochs=50
cascade_max_cand_epochs=150
cascade_min_cand_epochs=50
cascade_num_candidate_groups=2
bit_fail_limit=3.49999994039535522461e-01
cascade_candidate_limit=1.00000000000000000000e+03
cascade_weight_multiplier=4.00000005960464477539e-01
cascade_activation_functions_count=10
cascade_activation_functions=3 5 7 8 10 11 14 15 16 17 
cascade_activation_steepnesses_count=4
cascade_activation_steepnesses=2.50000000000000000000e-01 5.00000000000000000000e-01 7.50000000000000000000e-01 1.00000000000000000000e+00 
layer_sizes=10 3 2 
scale_included=0
neurons (num_inputs, activation_function, activation_steepness)=(0, 0, 0.00000000000000000000e+00) (0, 0, 0.00000000000000000000e+00) (0, 0, 0.00000000000000000000e+00) (0, 0, 0.00000000000000000000e+00) (0, 0, 0.00000000000000000000e+00) (0, 0, 0.00000000000000000000e+00) (0, 0, 0.00000000000000000000e+00) (0, 0, 0.00000000000000000000e+00) (0, 0, 0.00000000000000000000e+00) (0, 0, 0.00000000000000000000e+00) (10, 3, 5.00000000000000000000e-01) (10, 3, 5.00000000000000000000e-01) (0, 3, 0.00000000000000000000e+00) (3, 3, 5.00000000000000000000e-01) (0, 3, 0.00000000000000000000e+00) 
connections (connected_to_neuron, weight)=(0, -3.52150738239288330078e-01) (1, -3.39672923088073730469e-01) (2, -3.21599572896957397461e-01) (3, -2.67056792974472045898e-01) (4, -5.26067972183227539062e-01) (5, -1.38225078582763671875e-01) (6, -2.79968887567520141602e-01) (7, -3.04200947284698486328e-01) (8, -3.06969523429870605469e-01) (9, 3.62068563699722290039e-01) (0, -2.56950914859771728516e-01) (1, -3.08206260204315185547e-01) (2, -3.10805469751358032227e-01) (3, -3.81311565637588500977e-01) (4, 5.17822206020355224609e-02) (5, -6.01047277450561523438e-01) (6, -3.73286843299865722656e-01) (7, -3.59606981277465820312e-01) (8, -3.28716278076171875000e-01) (9, 2.58771777153015136719e-01) (10, -4.44174432754516601562e+00) (11, -3.05268740653991699219e+00) (12, 1.88520705699920654297e+00) 
