FANN_FLO_2.1
num_layers=3
learning_rate=0.400000
connection_rate=1.000000
network_type=0
learning_momentum=0.000000
training_algorithm=2
train_error_function=1
train_stop_function=0
cascade_output_change_fraction=0.010000
quickprop_decay=-0.000100
quickprop_mu=1.750000
rprop_increase_factor=1.200000
rprop_decrease_factor=0.500000
rprop_delta_min=0.000000
rprop_delta_max=50.000000
rprop_delta_zero=0.100000
cascade_output_stagnation_epochs=12
cascade_candidate_change_fraction=0.010000
cascade_candidate_stagnation_epochs=12
cascade_max_out_epochs=150
cascade_min_out_epochs=50
cascade_max_cand_epochs=150
cascade_min_cand_epochs=50
cascade_num_candidate_groups=2
bit_fail_limit=3.49999994039535522461e-01
cascade_candidate_limit=1.00000000000000000000e+03
cascade_weight_multiplier=4.00000005960464477539e-01
cascade_activation_functions_count=10
cascade_activation_functions=3 5 7 8 10 11 14 15 16 17 
cascade_activation_steepnesses_count=4
cascade_activation_steepnesses=2.50000000000000000000e-01 5.00000000000000000000e-01 7.50000000000000000000e-01 1.00000000000000000000e+00 
layer_sizes=10 3 2 
scale_included=0
neurons (num_inputs, activation_function, activation_steepness)=(0, 0, 0.00000000000000000000e+00) (0, 0, 0.00000000000000000000e+00) (0, 0, 0.00000000000000000000e+00) (0, 0, 0.00000000000000000000e+00) (0, 0, 0.00000000000000000000e+00) (0, 0, 0.00000000000000000000e+00) (0, 0, 0.00000000000000000000e+00) (0, 0, 0.00000000000000000000e+00) (0, 0, 0.00000000000000000000e+00) (0, 0, 0.00000000000000000000e+00) (10, 3, 5.00000000000000000000e-01) (10, 3, 5.00000000000000000000e-01) (0, 3, 0.00000000000000000000e+00) (3, 3, 5.00000000000000000000e-01) (0, 3, 0.00000000000000000000e+00) 
connections (connected_to_neuron, weight)=(0, -1.23417206108570098877e-01) (1, -7.36846849322319030762e-02) (2, -1.87620192766189575195e-01) (3, -1.45126760005950927734e-01) (4, -1.12135127186775207520e-01) (5, -1.64147034287452697754e-01) (6, -2.09173455834388732910e-01) (7, -1.71423643827438354492e-01) (8, -1.84564933180809020996e-01) (9, -9.25268158316612243652e-02) (0, 8.62610787153244018555e-02) (1, 5.51336705684661865234e-02) (2, 7.69504532217979431152e-02) (3, 6.30658864974975585938e-02) (4, 7.77819752693176269531e-02) (5, 1.72724723815917968750e-01) (6, 1.67471945285797119141e-01) (7, 1.65504902601242065430e-01) (8, 1.48237168788909912109e-01) (9, 6.75390511751174926758e-02) (10, -7.97379538416862487793e-02) (11, -1.67928874492645263672e-01) (12, -9.87408608198165893555e-02) 
