FANN_FLO_2.1
num_layers=4
learning_rate=0.300000
connection_rate=1.000000
network_type=0
learning_momentum=0.000000
training_algorithm=2
train_error_function=1
train_stop_function=0
cascade_output_change_fraction=0.010000
quickprop_decay=-0.000100
quickprop_mu=1.750000
rprop_increase_factor=1.200000
rprop_decrease_factor=0.500000
rprop_delta_min=0.000000
rprop_delta_max=50.000000
rprop_delta_zero=0.100000
cascade_output_stagnation_epochs=12
cascade_candidate_change_fraction=0.010000
cascade_candidate_stagnation_epochs=12
cascade_max_out_epochs=150
cascade_min_out_epochs=50
cascade_max_cand_epochs=150
cascade_min_cand_epochs=50
cascade_num_candidate_groups=2
bit_fail_limit=3.49999994039535522461e-01
cascade_candidate_limit=1.00000000000000000000e+03
cascade_weight_multiplier=4.00000005960464477539e-01
cascade_activation_functions_count=10
cascade_activation_functions=3 5 7 8 10 11 14 15 16 17 
cascade_activation_steepnesses_count=4
cascade_activation_steepnesses=2.50000000000000000000e-01 5.00000000000000000000e-01 7.50000000000000000000e-01 1.00000000000000000000e+00 
layer_sizes=2 5 3 3 
scale_included=0
neurons (num_inputs, activation_function, activation_steepness)=(0, 0, 0.00000000000000000000e+00) (0, 0, 0.00000000000000000000e+00) (2, 3, 5.00000000000000000000e-01) (2, 3, 5.00000000000000000000e-01) (2, 3, 5.00000000000000000000e-01) (2, 3, 5.00000000000000000000e-01) (0, 3, 0.00000000000000000000e+00) (5, 3, 5.00000000000000000000e-01) (5, 3, 5.00000000000000000000e-01) (0, 3, 0.00000000000000000000e+00) (3, 0, 5.00000000000000000000e-01) (3, 0, 5.00000000000000000000e-01) (0, 0, 0.00000000000000000000e+00) 
connections (connected_to_neuron, weight)=(0, 1.91828000545501708984e+00) (1, 3.40372347831726074219e+00) (0, 5.66570568084716796875e+00) (1, 6.67073869705200195312e+00) (0, -3.84006214141845703125e+00) (1, -2.79209756851196289062e+00) (0, -4.75302028656005859375e+00) (1, -1.26729810237884521484e+00) (2, 1.09483098983764648438e+00) (3, -6.58303928375244140625e+00) (4, 4.42186474800109863281e-01) (5, 3.55758398771286010742e-01) (6, -1.31158813834190368652e-01) (2, 5.81717193126678466797e-01) (3, -2.10538387298583984375e-01) (4, 2.71283179521560668945e-01) (5, 6.67588829994201660156e-01) (6, 4.42743659019470214844e-01) (7, 2.01798081398010253906e-01) (8, -2.32670344412326812744e-02) (9, -2.60928254574537277222e-02) (7, -1.02134060859680175781e+00) (8, -8.76436650753021240234e-01) (9, -7.20758914947509765625e-01) 
