FANN_FLO_2.1
num_layers=4
learning_rate=0.300000
connection_rate=1.000000
network_type=0
learning_momentum=0.000000
training_algorithm=2
train_error_function=1
train_stop_function=0
cascade_output_change_fraction=0.010000
quickprop_decay=-0.000100
quickprop_mu=1.750000
rprop_increase_factor=1.200000
rprop_decrease_factor=0.500000
rprop_delta_min=0.000000
rprop_delta_max=50.000000
rprop_delta_zero=0.100000
cascade_output_stagnation_epochs=12
cascade_candidate_change_fraction=0.010000
cascade_candidate_stagnation_epochs=12
cascade_max_out_epochs=150
cascade_min_out_epochs=50
cascade_max_cand_epochs=150
cascade_min_cand_epochs=50
cascade_num_candidate_groups=2
bit_fail_limit=3.49999994039535522461e-01
cascade_candidate_limit=1.00000000000000000000e+03
cascade_weight_multiplier=4.00000005960464477539e-01
cascade_activation_functions_count=10
cascade_activation_functions=3 5 7 8 10 11 14 15 16 17 
cascade_activation_steepnesses_count=4
cascade_activation_steepnesses=2.50000000000000000000e-01 5.00000000000000000000e-01 7.50000000000000000000e-01 1.00000000000000000000e+00 
layer_sizes=2 5 3 3 
scale_included=0
neurons (num_inputs, activation_function, activation_steepness)=(0, 0, 0.00000000000000000000e+00) (0, 0, 0.00000000000000000000e+00) (2, 3, 5.00000000000000000000e-01) (2, 3, 5.00000000000000000000e-01) (2, 3, 5.00000000000000000000e-01) (2, 3, 5.00000000000000000000e-01) (0, 3, 0.00000000000000000000e+00) (5, 3, 5.00000000000000000000e-01) (5, 3, 5.00000000000000000000e-01) (0, 3, 0.00000000000000000000e+00) (3, 0, 5.00000000000000000000e-01) (3, 0, 5.00000000000000000000e-01) (0, 0, 0.00000000000000000000e+00) 
connections (connected_to_neuron, weight)=(0, -5.03171997070312500000e+01) (1, -1.61404287815093994141e+00) (0, -1.08277587890625000000e+01) (1, -6.95195770263671875000e+00) (0, -6.41877365112304687500e+01) (1, -2.08341789245605468750e+00) (0, -5.52025680541992187500e+01) (1, -1.65424621105194091797e+00) (2, 8.23403149843215942383e-02) (3, 2.65454578399658203125e+00) (4, 3.40051388740539550781e+00) (5, 1.66679635643959045410e-01) (6, 1.14584304392337799072e-02) (2, 2.57295429706573486328e-01) (3, 3.04434061050415039062e+00) (4, 2.06796216964721679688e+00) (5, 1.91050887107849121094e-01) (6, -1.51462793350219726562e+00) (7, 3.40777635574340820312e-02) (8, 1.26247301697731018066e-01) (9, -1.18791356682777404785e-01) (7, -1.26853692531585693359e+00) (8, -6.78637027740478515625e-01) (9, -3.07573795318603515625e-01) 
