FANN_FLO_2.1
num_layers=3
learning_rate=0.300000
connection_rate=1.000000
network_type=0
learning_momentum=0.000000
training_algorithm=2
train_error_function=1
train_stop_function=0
cascade_output_change_fraction=0.010000
quickprop_decay=-0.000100
quickprop_mu=1.750000
rprop_increase_factor=1.200000
rprop_decrease_factor=0.500000
rprop_delta_min=0.000000
rprop_delta_max=50.000000
rprop_delta_zero=0.100000
cascade_output_stagnation_epochs=12
cascade_candidate_change_fraction=0.010000
cascade_candidate_stagnation_epochs=12
cascade_max_out_epochs=150
cascade_min_out_epochs=50
cascade_max_cand_epochs=150
cascade_min_cand_epochs=50
cascade_num_candidate_groups=2
bit_fail_limit=3.49999994039535522461e-01
cascade_candidate_limit=1.00000000000000000000e+03
cascade_weight_multiplier=4.00000005960464477539e-01
cascade_activation_functions_count=10
cascade_activation_functions=3 5 7 8 10 11 14 15 16 17 
cascade_activation_steepnesses_count=4
cascade_activation_steepnesses=2.50000000000000000000e-01 5.00000000000000000000e-01 7.50000000000000000000e-01 1.00000000000000000000e+00 
layer_sizes=4 9 2 
scale_included=0
neurons (num_inputs, activation_function, activation_steepness)=(0, 0, 0.00000000000000000000e+00) (0, 0, 0.00000000000000000000e+00) (0, 0, 0.00000000000000000000e+00) (0, 0, 0.00000000000000000000e+00) (4, 3, 5.00000000000000000000e-01) (4, 3, 5.00000000000000000000e-01) (4, 3, 5.00000000000000000000e-01) (4, 3, 5.00000000000000000000e-01) (4, 3, 5.00000000000000000000e-01) (4, 3, 5.00000000000000000000e-01) (4, 3, 5.00000000000000000000e-01) (4, 3, 5.00000000000000000000e-01) (0, 3, 0.00000000000000000000e+00) (9, 3, 5.00000000000000000000e-01) (0, 3, 0.00000000000000000000e+00) 
connections (connected_to_neuron, weight)=(0, -5.04753947257995605469e-01) (1, 3.35486829280853271484e-01) (2, -6.52375757694244384766e-01) (3, 2.03073310852050781250e+00) (0, -1.23121213912963867188e+00) (1, 9.47675347328186035156e-01) (2, -8.94425928592681884766e-01) (3, 1.18620491027832031250e+00) (0, -1.26681238412857055664e-01) (1, 2.51288227736949920654e-02) (2, -2.97586262226104736328e-01) (3, 3.49324846267700195312e+00) (0, -1.54939830303192138672e+00) (1, 1.02385771274566650391e+00) (2, -1.33755552768707275391e+00) (3, 1.52208471298217773438e+00) (0, -4.53545898199081420898e-01) (1, 2.02327430248260498047e-01) (2, -1.31230548024177551270e-01) (3, 5.33127427101135253906e-01) (0, -1.39140462875366210938e+00) (1, 1.03518831729888916016e+00) (2, -8.48239541053771972656e-01) (3, 9.96815085411071777344e-01) (0, -1.33515954017639160156e+00) (1, 9.98339653015136718750e-01) (2, -8.23640644550323486328e-01) (3, 1.00026524066925048828e+00) (0, 4.86039131879806518555e-01) (1, -5.45743592083454132080e-02) (2, 4.21987801790237426758e-01) (3, -5.31971263885498046875e+00) (4, -2.77375757694244384766e-01) (5, -2.58543998003005981445e-01) (6, -4.34680891036987304688e+00) (7, -2.50074625015258789062e-01) (8, -4.18325930833816528320e-01) (9, -2.91313678026199340820e-01) (10, -2.75230854749679565430e-01) (11, 2.54597520828247070312e+00) (12, -1.40512079000473022461e-01) 
