FANN_FLO_2.1
num_layers=3
learning_rate=0.500000
connection_rate=1.000000
network_type=0
learning_momentum=0.000000
training_algorithm=2
train_error_function=1
train_stop_function=0
cascade_output_change_fraction=0.010000
quickprop_decay=-0.000100
quickprop_mu=1.750000
rprop_increase_factor=1.200000
rprop_decrease_factor=0.500000
rprop_delta_min=0.000000
rprop_delta_max=50.000000
rprop_delta_zero=0.100000
cascade_output_stagnation_epochs=12
cascade_candidate_change_fraction=0.010000
cascade_candidate_stagnation_epochs=12
cascade_max_out_epochs=150
cascade_min_out_epochs=50
cascade_max_cand_epochs=150
cascade_min_cand_epochs=50
cascade_num_candidate_groups=2
bit_fail_limit=3.49999994039535522461e-01
cascade_candidate_limit=1.00000000000000000000e+03
cascade_weight_multiplier=4.00000005960464477539e-01
cascade_activation_functions_count=10
cascade_activation_functions=3 5 7 8 10 11 14 15 16 17 
cascade_activation_steepnesses_count=4
cascade_activation_steepnesses=2.50000000000000000000e-01 5.00000000000000000000e-01 7.50000000000000000000e-01 1.00000000000000000000e+00 
layer_sizes=10 5 2 
scale_included=0
neurons (num_inputs, activation_function, activation_steepness)=(0, 0, 0.00000000000000000000e+00) (0, 0, 0.00000000000000000000e+00) (0, 0, 0.00000000000000000000e+00) (0, 0, 0.00000000000000000000e+00) (0, 0, 0.00000000000000000000e+00) (0, 0, 0.00000000000000000000e+00) (0, 0, 0.00000000000000000000e+00) (0, 0, 0.00000000000000000000e+00) (0, 0, 0.00000000000000000000e+00) (0, 0, 0.00000000000000000000e+00) (10, 3, 5.00000000000000000000e-01) (10, 3, 5.00000000000000000000e-01) (10, 3, 5.00000000000000000000e-01) (10, 3, 5.00000000000000000000e-01) (0, 3, 0.00000000000000000000e+00) (5, 3, 5.00000000000000000000e-01) (0, 3, 0.00000000000000000000e+00) 
connections (connected_to_neuron, weight)=(0, -1.87811464071273803711e-01) (1, -3.35650146007537841797e-01) (2, -1.63747221231460571289e-01) (3, -3.87612313032150268555e-01) (4, -1.15466308593750000000e+00) (5, -1.10879950225353240967e-01) (6, -3.03079456090927124023e-01) (7, -3.63622963428497314453e-01) (8, -5.27312994003295898438e-01) (9, 4.85732346773147583008e-01) (0, -3.82551163434982299805e-01) (1, -3.49050045013427734375e-01) (2, -3.30805569887161254883e-01) (3, -4.18122202157974243164e-01) (4, -2.89835184812545776367e-01) (5, -6.76407456398010253906e-01) (6, -3.69386762380599975586e-01) (7, -5.98397076129913330078e-01) (8, -4.02532488107681274414e-01) (9, 7.21362471580505371094e-01) (0, -5.20982205867767333984e-01) (1, -4.74571079015731811523e-01) (2, -4.96621191501617431641e-01) (3, -3.83948773145675659180e-01) (4, -4.48587626218795776367e-01) (5, -4.45218622684478759766e-01) (6, -3.72445046901702880859e-01) (7, -4.69152837991714477539e-01) (8, -3.81821811199188232422e-01) (9, 1.11006498336791992188e+00) (0, -4.29702401161193847656e-01) (1, -4.65009003877639770508e-01) (2, -5.04802286624908447266e-01) (3, -5.11186003684997558594e-01) (4, -3.06739181280136108398e-01) (5, -4.98626351356506347656e-01) (6, -5.22160530090332031250e-01) (7, -4.58719730377197265625e-01) (8, -5.01228988170623779297e-01) (9, 1.42726123332977294922e+00) (10, -4.96670722961425781250e-01) (11, -2.07416623830795288086e-01) (12, -2.00441098213195800781e+00) (13, -2.03744053840637207031e+00) (14, 1.45426356792449951172e+00) 
