FANN_FLO_2.1
num_layers=3
learning_rate=0.450000
connection_rate=1.000000
network_type=0
learning_momentum=0.000000
training_algorithm=2
train_error_function=1
train_stop_function=0
cascade_output_change_fraction=0.010000
quickprop_decay=-0.000100
quickprop_mu=1.750000
rprop_increase_factor=1.200000
rprop_decrease_factor=0.500000
rprop_delta_min=0.000000
rprop_delta_max=50.000000
rprop_delta_zero=0.100000
cascade_output_stagnation_epochs=12
cascade_candidate_change_fraction=0.010000
cascade_candidate_stagnation_epochs=12
cascade_max_out_epochs=150
cascade_min_out_epochs=50
cascade_max_cand_epochs=150
cascade_min_cand_epochs=50
cascade_num_candidate_groups=2
bit_fail_limit=3.49999994039535522461e-01
cascade_candidate_limit=1.00000000000000000000e+03
cascade_weight_multiplier=4.00000005960464477539e-01
cascade_activation_functions_count=10
cascade_activation_functions=3 5 7 8 10 11 14 15 16 17 
cascade_activation_steepnesses_count=4
cascade_activation_steepnesses=2.50000000000000000000e-01 5.00000000000000000000e-01 7.50000000000000000000e-01 1.00000000000000000000e+00 
layer_sizes=7 5 2 
scale_included=0
neurons (num_inputs, activation_function, activation_steepness)=(0, 0, 0.00000000000000000000e+00) (0, 0, 0.00000000000000000000e+00) (0, 0, 0.00000000000000000000e+00) (0, 0, 0.00000000000000000000e+00) (0, 0, 0.00000000000000000000e+00) (0, 0, 0.00000000000000000000e+00) (0, 0, 0.00000000000000000000e+00) (7, 3, 5.00000000000000000000e-01) (7, 3, 5.00000000000000000000e-01) (7, 3, 5.00000000000000000000e-01) (7, 3, 5.00000000000000000000e-01) (0, 3, 0.00000000000000000000e+00) (5, 0, 5.00000000000000000000e-01) (0, 0, 0.00000000000000000000e+00) 
connections (connected_to_neuron, weight)=(0, -3.28732877969741821289e-02) (1, 2.71634429693222045898e-01) (2, 1.67299308776855468750e+01) (3, -1.92110277712345123291e-02) (4, 4.98041175305843353271e-02) (5, -2.49679550528526306152e-01) (6, 4.04964160919189453125e+00) (0, 1.50000000000000000000e+03) (1, 1.49999938964843750000e+03) (2, -1.50000000000000000000e+03) (3, -2.06952529907226562500e+02) (4, 1.49999267578125000000e+03) (5, -1.50000000000000000000e+03) (6, 9.38874053955078125000e+00) (0, 1.50000000000000000000e+03) (1, 1.49999938964843750000e+03) (2, -1.50000000000000000000e+03) (3, -2.06952529907226562500e+02) (4, 1.49999267578125000000e+03) (5, -1.50000000000000000000e+03) (6, 9.85225009918212890625e+00) (0, 3.35008412599563598633e-01) (1, 5.75849652290344238281e-01) (2, -7.53410100936889648438e-01) (3, 2.50006876885890960693e-02) (4, 1.34122216701507568359e+00) (5, -1.39548933506011962891e+00) (6, 6.04920148849487304688e-01) (7, -1.40391752123832702637e-01) (8, 1.49953112006187438965e-01) (9, 1.66173756122589111328e-01) (10, -3.49983185529708862305e-01) (11, 1.76290497183799743652e-01) 
