FANN_FLO_2.1
num_layers=3
learning_rate=0.500000
connection_rate=1.000000
network_type=0
learning_momentum=0.000000
training_algorithm=2
train_error_function=1
train_stop_function=0
cascade_output_change_fraction=0.010000
quickprop_decay=-0.000100
quickprop_mu=1.750000
rprop_increase_factor=1.200000
rprop_decrease_factor=0.500000
rprop_delta_min=0.000000
rprop_delta_max=50.000000
rprop_delta_zero=0.100000
cascade_output_stagnation_epochs=12
cascade_candidate_change_fraction=0.010000
cascade_candidate_stagnation_epochs=12
cascade_max_out_epochs=150
cascade_min_out_epochs=50
cascade_max_cand_epochs=150
cascade_min_cand_epochs=50
cascade_num_candidate_groups=2
bit_fail_limit=3.49999994039535522461e-01
cascade_candidate_limit=1.00000000000000000000e+03
cascade_weight_multiplier=4.00000005960464477539e-01
cascade_activation_functions_count=10
cascade_activation_functions=3 5 7 8 10 11 14 15 16 17 
cascade_activation_steepnesses_count=4
cascade_activation_steepnesses=2.50000000000000000000e-01 5.00000000000000000000e-01 7.50000000000000000000e-01 1.00000000000000000000e+00 
layer_sizes=7 5 2 
scale_included=0
neurons (num_inputs, activation_function, activation_steepness)=(0, 0, 0.00000000000000000000e+00) (0, 0, 0.00000000000000000000e+00) (0, 0, 0.00000000000000000000e+00) (0, 0, 0.00000000000000000000e+00) (0, 0, 0.00000000000000000000e+00) (0, 0, 0.00000000000000000000e+00) (0, 0, 0.00000000000000000000e+00) (7, 3, 5.00000000000000000000e-01) (7, 3, 5.00000000000000000000e-01) (7, 3, 5.00000000000000000000e-01) (7, 3, 5.00000000000000000000e-01) (0, 3, 0.00000000000000000000e+00) (5, 0, 5.00000000000000000000e-01) (0, 0, 0.00000000000000000000e+00) 
connections (connected_to_neuron, weight)=(0, -2.62051630020141601562e+00) (1, -5.91876029968261718750e-01) (2, 2.20192527770996093750e+01) (3, -1.19855797290802001953e+00) (4, 2.11819000244140625000e+01) (5, -1.71634483337402343750e+01) (6, -3.62895637750625610352e-01) (0, 1.09031219482421875000e+01) (1, -1.18997737765312194824e-01) (2, 1.96173057556152343750e+01) (3, -1.29488616943359375000e+02) (4, 1.41421777343750000000e+03) (5, -1.29513500976562500000e+03) (6, 6.61579906940460205078e-01) (0, 3.90607357025146484375e-01) (1, 5.44743299484252929688e-01) (2, 1.71412857055664062500e+02) (3, -4.20615148544311523438e+00) (4, 1.45313977050781250000e+03) (5, -7.64963134765625000000e+02) (6, 2.63015478849411010742e-01) (0, -1.06467378139495849609e+00) (1, 1.26752686500549316406e+00) (2, -3.29844856262207031250e+01) (3, -8.15308511257171630859e-01) (4, 5.52525949478149414062e+00) (5, -4.27450370788574218750e+00) (6, -7.33181893825531005859e-01) (7, -9.04200449585914611816e-02) (8, -2.24066190421581268311e-02) (9, 1.90131017006933689117e-03) (10, 6.92236982285976409912e-03) (11, 1.19322933256626129150e-01) 
