FANN_FLO_2.1
num_layers=3
learning_rate=0.500000
connection_rate=1.000000
network_type=0
learning_momentum=0.000000
training_algorithm=2
train_error_function=1
train_stop_function=0
cascade_output_change_fraction=0.010000
quickprop_decay=-0.000100
quickprop_mu=1.750000
rprop_increase_factor=1.200000
rprop_decrease_factor=0.500000
rprop_delta_min=0.000000
rprop_delta_max=50.000000
rprop_delta_zero=0.100000
cascade_output_stagnation_epochs=12
cascade_candidate_change_fraction=0.010000
cascade_candidate_stagnation_epochs=12
cascade_max_out_epochs=150
cascade_min_out_epochs=50
cascade_max_cand_epochs=150
cascade_min_cand_epochs=50
cascade_num_candidate_groups=2
bit_fail_limit=3.49999994039535522461e-01
cascade_candidate_limit=1.00000000000000000000e+03
cascade_weight_multiplier=4.00000005960464477539e-01
cascade_activation_functions_count=10
cascade_activation_functions=3 5 7 8 10 11 14 15 16 17 
cascade_activation_steepnesses_count=4
cascade_activation_steepnesses=2.50000000000000000000e-01 5.00000000000000000000e-01 7.50000000000000000000e-01 1.00000000000000000000e+00 
layer_sizes=10 5 2 
scale_included=0
neurons (num_inputs, activation_function, activation_steepness)=(0, 0, 0.00000000000000000000e+00) (0, 0, 0.00000000000000000000e+00) (0, 0, 0.00000000000000000000e+00) (0, 0, 0.00000000000000000000e+00) (0, 0, 0.00000000000000000000e+00) (0, 0, 0.00000000000000000000e+00) (0, 0, 0.00000000000000000000e+00) (0, 0, 0.00000000000000000000e+00) (0, 0, 0.00000000000000000000e+00) (0, 0, 0.00000000000000000000e+00) (10, 3, 5.00000000000000000000e-01) (10, 3, 5.00000000000000000000e-01) (10, 3, 5.00000000000000000000e-01) (10, 3, 5.00000000000000000000e-01) (0, 3, 0.00000000000000000000e+00) (5, 3, 5.00000000000000000000e-01) (0, 3, 0.00000000000000000000e+00) 
connections (connected_to_neuron, weight)=(0, -5.21772086620330810547e-01) (1, -5.41993156075477600098e-02) (2, -4.29208725690841674805e-01) (3, -4.01475220918655395508e-01) (4, -1.62616178393363952637e-01) (5, -3.87791842222213745117e-01) (6, -4.13643658161163330078e-01) (7, -1.02509415149688720703e+00) (8, -1.63244128227233886719e-01) (9, 2.54978239536285400391e-01) (0, -9.28060412406921386719e-01) (1, 3.04338127374649047852e-01) (2, -7.72361040115356445312e-01) (3, -5.46734273433685302734e-01) (4, 9.14793461561203002930e-02) (5, -4.83901143074035644531e-01) (6, -8.49907100200653076172e-01) (7, -3.86949390172958374023e-01) (8, -9.69747960567474365234e-01) (9, 1.76389288902282714844e+00) (0, 3.08443427085876464844e-01) (1, -1.87451970577239990234e+00) (2, 7.77559876441955566406e-02) (3, -4.13611859083175659180e-01) (4, -1.37661254405975341797e+00) (5, -4.95833933353424072266e-01) (6, 1.69965028762817382812e-01) (7, -3.63751113414764404297e-01) (8, 2.65565216541290283203e-01) (9, 1.40659129619598388672e+00) (0, -1.76134085655212402344e+00) (1, 6.41302633285522460938e+00) (2, 6.83791112899780273438e+00) (3, -3.13033866882324218750e+01) (4, 3.61732101440429687500e+01) (5, -9.15729904174804687500e+00) (6, 7.54079675674438476562e+00) (7, 8.42251682281494140625e+00) (8, -2.69195957183837890625e+01) (9, -5.27738046646118164062e+00) (10, -7.02268600463867187500e-01) (11, -2.33413362503051757812e+00) (12, -1.46407985687255859375e+00) (13, 4.57785744220018386841e-03) (14, 1.58685100078582763672e+00) 
