FANN_FLO_2.1
num_layers=4
learning_rate=0.500000
connection_rate=1.000000
network_type=0
learning_momentum=0.000000
training_algorithm=2
train_error_function=1
train_stop_function=0
cascade_output_change_fraction=0.010000
quickprop_decay=-0.000100
quickprop_mu=1.750000
rprop_increase_factor=1.200000
rprop_decrease_factor=0.500000
rprop_delta_min=0.000000
rprop_delta_max=50.000000
rprop_delta_zero=0.100000
cascade_output_stagnation_epochs=12
cascade_candidate_change_fraction=0.010000
cascade_candidate_stagnation_epochs=12
cascade_max_out_epochs=150
cascade_min_out_epochs=50
cascade_max_cand_epochs=150
cascade_min_cand_epochs=50
cascade_num_candidate_groups=2
bit_fail_limit=3.49999994039535522461e-01
cascade_candidate_limit=1.00000000000000000000e+03
cascade_weight_multiplier=4.00000005960464477539e-01
cascade_activation_functions_count=10
cascade_activation_functions=3 5 7 8 10 11 14 15 16 17 
cascade_activation_steepnesses_count=4
cascade_activation_steepnesses=2.50000000000000000000e-01 5.00000000000000000000e-01 7.50000000000000000000e-01 1.00000000000000000000e+00 
layer_sizes=18 3 3 2 
scale_included=0
neurons (num_inputs, activation_function, activation_steepness)=(0, 0, 0.00000000000000000000e+00) (0, 0, 0.00000000000000000000e+00) (0, 0, 0.00000000000000000000e+00) (0, 0, 0.00000000000000000000e+00) (0, 0, 0.00000000000000000000e+00) (0, 0, 0.00000000000000000000e+00) (0, 0, 0.00000000000000000000e+00) (0, 0, 0.00000000000000000000e+00) (0, 0, 0.00000000000000000000e+00) (0, 0, 0.00000000000000000000e+00) (0, 0, 0.00000000000000000000e+00) (0, 0, 0.00000000000000000000e+00) (0, 0, 0.00000000000000000000e+00) (0, 0, 0.00000000000000000000e+00) (0, 0, 0.00000000000000000000e+00) (0, 0, 0.00000000000000000000e+00) (0, 0, 0.00000000000000000000e+00) (0, 0, 0.00000000000000000000e+00) (18, 3, 5.00000000000000000000e-01) (18, 3, 5.00000000000000000000e-01) (0, 3, 0.00000000000000000000e+00) (3, 3, 5.00000000000000000000e-01) (3, 3, 5.00000000000000000000e-01) (0, 3, 0.00000000000000000000e+00) (3, 0, 5.00000000000000000000e-01) (0, 0, 0.00000000000000000000e+00) 
connections (connected_to_neuron, weight)=(0, 1.13350856304168701172e+00) (1, 1.09910285472869873047e+00) (2, 1.13972330093383789062e+00) (3, 1.43415069580078125000e+00) (4, 3.79829704761505126953e-01) (5, -6.31975829601287841797e-01) (6, -1.45689892768859863281e+00) (7, -7.55658030509948730469e-01) (8, 2.37610433250665664673e-02) (9, 1.30442893505096435547e+00) (10, 1.40221965312957763672e+00) (11, 8.84465098381042480469e-01) (12, 9.91496682167053222656e-01) (13, 1.31630384922027587891e+00) (14, 1.40842676162719726562e+00) (15, 1.37506473064422607422e+00) (16, 1.09458076953887939453e+00) (17, -3.07233619689941406250e+00) (0, 6.61553442478179931641e-01) (1, 9.01811063289642333984e-01) (2, 5.73668718338012695312e-01) (3, 8.88596951961517333984e-01) (4, 5.95270991325378417969e-01) (5, -6.65530264377593994141e-01) (6, -7.37674355506896972656e-01) (7, -7.34523653984069824219e-01) (8, -2.32128612697124481201e-02) (9, 5.99926292896270751953e-01) (10, 7.54641115665435791016e-01) (11, 7.87383437156677246094e-01) (12, 8.70316982269287109375e-01) (13, 6.12499654293060302734e-01) (14, 7.08710789680480957031e-01) (15, 5.88024377822875976562e-01) (16, 7.85935878753662109375e-01) (17, -4.28123044967651367188e+00) (18, 2.76231241226196289062e+00) (19, 2.55873560905456542969e+00) (20, -2.43114161491394042969e+00) (18, 1.79241192340850830078e+00) (19, 3.73880863189697265625e+00) (20, -3.46278595924377441406e+00) (21, 6.65697431564331054688e+00) (22, 7.61586856842041015625e+00) (23, 2.24483680725097656250e+00) 
