FANN_FLO_2.1
num_layers=3
learning_rate=0.300000
connection_rate=1.000000
network_type=0
learning_momentum=0.000000
training_algorithm=2
train_error_function=1
train_stop_function=0
cascade_output_change_fraction=0.010000
quickprop_decay=-0.000100
quickprop_mu=1.750000
rprop_increase_factor=1.200000
rprop_decrease_factor=0.500000
rprop_delta_min=0.000000
rprop_delta_max=50.000000
rprop_delta_zero=0.100000
cascade_output_stagnation_epochs=12
cascade_candidate_change_fraction=0.010000
cascade_candidate_stagnation_epochs=12
cascade_max_out_epochs=150
cascade_min_out_epochs=50
cascade_max_cand_epochs=150
cascade_min_cand_epochs=50
cascade_num_candidate_groups=2
bit_fail_limit=3.49999994039535522461e-01
cascade_candidate_limit=1.00000000000000000000e+03
cascade_weight_multiplier=4.00000005960464477539e-01
cascade_activation_functions_count=10
cascade_activation_functions=3 5 7 8 10 11 14 15 16 17 
cascade_activation_steepnesses_count=4
cascade_activation_steepnesses=2.50000000000000000000e-01 5.00000000000000000000e-01 7.50000000000000000000e-01 1.00000000000000000000e+00 
layer_sizes=4 9 2 
scale_included=0
neurons (num_inputs, activation_function, activation_steepness)=(0, 0, 0.00000000000000000000e+00) (0, 0, 0.00000000000000000000e+00) (0, 0, 0.00000000000000000000e+00) (0, 0, 0.00000000000000000000e+00) (4, 3, 5.00000000000000000000e-01) (4, 3, 5.00000000000000000000e-01) (4, 3, 5.00000000000000000000e-01) (4, 3, 5.00000000000000000000e-01) (4, 3, 5.00000000000000000000e-01) (4, 3, 5.00000000000000000000e-01) (4, 3, 5.00000000000000000000e-01) (4, 3, 5.00000000000000000000e-01) (0, 3, 0.00000000000000000000e+00) (9, 3, 5.00000000000000000000e-01) (0, 3, 0.00000000000000000000e+00) 
connections (connected_to_neuron, weight)=(0, -2.17330312728881835938e+00) (1, 2.64556437730789184570e-01) (2, 1.04057741165161132812e+00) (3, 1.45375251770019531250e+01) (0, -2.88033783435821533203e-01) (1, 1.04365967214107513428e-01) (2, -4.45328354835510253906e-01) (3, 5.08455133438110351562e+00) (0, 1.49999987792968750000e+03) (1, 1.49999987792968750000e+03) (2, 1.49999987792968750000e+03) (3, 1.31763863563537597656e+00) (0, -1.03176742792129516602e-01) (1, 1.88626926392316818237e-02) (2, -2.52749711275100708008e-01) (3, 8.19706618785858154297e-01) (0, -1.47274851799011230469e+00) (1, 6.79213106632232666016e-01) (2, -8.11730742454528808594e-01) (3, 9.66300010681152343750e+00) (0, -1.91272580623626708984e+00) (1, 5.36432743072509765625e-01) (2, 4.75988656282424926758e-01) (3, 7.48462295532226562500e+00) (0, -1.16374753415584564209e-01) (1, 5.12369982898235321045e-02) (2, -3.64311903715133666992e-01) (3, 5.85792005062103271484e-01) (0, -2.03136944770812988281e+00) (1, 6.11505985260009765625e-01) (2, 4.66624766588211059570e-01) (3, 6.93819475173950195312e+00) (4, -1.65837317705154418945e-01) (5, -8.86534154415130615234e-01) (6, 4.77439731359481811523e-01) (7, -1.52593421936035156250e+01) (8, -2.29556411504745483398e-01) (9, -1.04158103466033935547e-01) (10, 6.31293416023254394531e-01) (11, 9.41750709898769855499e-04) (12, 5.24492681026458740234e-01) 
