FANN_FLO_2.1
num_layers=3
learning_rate=0.400000
connection_rate=1.000000
network_type=0
learning_momentum=0.000000
training_algorithm=2
train_error_function=1
train_stop_function=0
cascade_output_change_fraction=0.010000
quickprop_decay=-0.000100
quickprop_mu=1.750000
rprop_increase_factor=1.200000
rprop_decrease_factor=0.500000
rprop_delta_min=0.000000
rprop_delta_max=50.000000
rprop_delta_zero=0.100000
cascade_output_stagnation_epochs=12
cascade_candidate_change_fraction=0.010000
cascade_candidate_stagnation_epochs=12
cascade_max_out_epochs=150
cascade_min_out_epochs=50
cascade_max_cand_epochs=150
cascade_min_cand_epochs=50
cascade_num_candidate_groups=2
bit_fail_limit=3.49999994039535522461e-01
cascade_candidate_limit=1.00000000000000000000e+03
cascade_weight_multiplier=4.00000005960464477539e-01
cascade_activation_functions_count=10
cascade_activation_functions=3 5 7 8 10 11 14 15 16 17 
cascade_activation_steepnesses_count=4
cascade_activation_steepnesses=2.50000000000000000000e-01 5.00000000000000000000e-01 7.50000000000000000000e-01 1.00000000000000000000e+00 
layer_sizes=6 5 2 
scale_included=0
neurons (num_inputs, activation_function, activation_steepness)=(0, 0, 0.00000000000000000000e+00) (0, 0, 0.00000000000000000000e+00) (0, 0, 0.00000000000000000000e+00) (0, 0, 0.00000000000000000000e+00) (0, 0, 0.00000000000000000000e+00) (0, 0, 0.00000000000000000000e+00) (6, 3, 5.00000000000000000000e-01) (6, 3, 5.00000000000000000000e-01) (6, 3, 5.00000000000000000000e-01) (6, 3, 5.00000000000000000000e-01) (0, 3, 0.00000000000000000000e+00) (5, 0, 5.00000000000000000000e-01) (0, 0, 0.00000000000000000000e+00) 
connections (connected_to_neuron, weight)=(0, -1.50000000000000000000e+03) (1, -1.50000000000000000000e+03) (2, 2.33115787506103515625e+01) (3, -1.82543365478515625000e+02) (4, -1.99907211303710937500e+02) (5, -1.01371753215789794922e+00) (0, -1.50000000000000000000e+03) (1, -1.50000000000000000000e+03) (2, 7.24838256835937500000e-01) (3, -8.21280479431152343750e-01) (4, -1.95341444015502929688e+00) (5, 3.51392298936843872070e-01) (0, -1.50000000000000000000e+03) (1, -1.49961315917968750000e+03) (2, 2.72728302001953125000e+02) (3, -1.11668312072753906250e+02) (4, -3.76217579841613769531e+00) (5, -3.35761010646820068359e-02) (0, -1.50000000000000000000e+03) (1, -1.50000000000000000000e+03) (2, 7.81511664390563964844e-01) (3, -9.20759773254394531250e+00) (4, 3.53633165359497070312e-01) (5, 2.82887011766433715820e-01) (6, 1.24588918685913085938e+01) (7, 8.20016384124755859375e+00) (8, 1.46015155315399169922e+00) (9, 8.17440414428710937500e+00) (10, 8.28594267368316650391e-01) 
