FANN_FLO_2.1
num_layers=3
learning_rate=0.500000
connection_rate=1.000000
network_type=0
learning_momentum=0.000000
training_algorithm=2
train_error_function=1
train_stop_function=0
cascade_output_change_fraction=0.010000
quickprop_decay=-0.000100
quickprop_mu=1.750000
rprop_increase_factor=1.200000
rprop_decrease_factor=0.500000
rprop_delta_min=0.000000
rprop_delta_max=50.000000
rprop_delta_zero=0.100000
cascade_output_stagnation_epochs=12
cascade_candidate_change_fraction=0.010000
cascade_candidate_stagnation_epochs=12
cascade_max_out_epochs=150
cascade_min_out_epochs=50
cascade_max_cand_epochs=150
cascade_min_cand_epochs=50
cascade_num_candidate_groups=2
bit_fail_limit=3.49999994039535522461e-01
cascade_candidate_limit=1.00000000000000000000e+03
cascade_weight_multiplier=4.00000005960464477539e-01
cascade_activation_functions_count=10
cascade_activation_functions=3 5 7 8 10 11 14 15 16 17 
cascade_activation_steepnesses_count=4
cascade_activation_steepnesses=2.50000000000000000000e-01 5.00000000000000000000e-01 7.50000000000000000000e-01 1.00000000000000000000e+00 
layer_sizes=3 5 4 
scale_included=0
neurons (num_inputs, activation_function, activation_steepness)=(0, 0, 0.00000000000000000000e+00) (0, 0, 0.00000000000000000000e+00) (0, 0, 0.00000000000000000000e+00) (3, 3, 5.00000000000000000000e-01) (3, 3, 5.00000000000000000000e-01) (3, 3, 5.00000000000000000000e-01) (3, 3, 5.00000000000000000000e-01) (0, 3, 0.00000000000000000000e+00) (5, 0, 5.00000000000000000000e-01) (5, 0, 5.00000000000000000000e-01) (5, 0, 5.00000000000000000000e-01) (0, 0, 0.00000000000000000000e+00) 
connections (connected_to_neuron, weight)=(0, -1.25565234375000000000e+03) (1, 1.19830150604248046875e+01) (2, 3.11383636474609375000e+02) (0, -1.50000000000000000000e+03) (1, -1.45639245605468750000e+03) (2, -3.41492444276809692383e-02) (0, -2.82426662445068359375e+01) (1, 1.64354419708251953125e+01) (2, 1.87360954284667968750e+01) (0, -1.50000000000000000000e+03) (1, -4.48049011230468750000e+02) (2, 1.13845443725585937500e+02) (3, 2.20227074623107910156e+00) (4, 1.92690992355346679688e+00) (5, 2.00920081138610839844e+00) (6, 1.86239826679229736328e+00) (7, 1.89742732048034667969e+00) (3, 5.81732177734375000000e+00) (4, 5.57773256301879882812e+00) (5, 7.70047378540039062500e+00) (6, 4.82095909118652343750e+00) (7, 6.94448757171630859375e+00) (3, 1.74064998626708984375e+01) (4, 1.43606424331665039062e+01) (5, 2.41171646118164062500e+01) (6, 1.68145866394042968750e+01) (7, 2.80780372619628906250e+01) 
