FANN_FLO_2.1
num_layers=3
learning_rate=0.500000
connection_rate=1.000000
network_type=0
learning_momentum=0.000000
training_algorithm=2
train_error_function=1
train_stop_function=0
cascade_output_change_fraction=0.010000
quickprop_decay=-0.000100
quickprop_mu=1.750000
rprop_increase_factor=1.200000
rprop_decrease_factor=0.500000
rprop_delta_min=0.000000
rprop_delta_max=50.000000
rprop_delta_zero=0.100000
cascade_output_stagnation_epochs=12
cascade_candidate_change_fraction=0.010000
cascade_candidate_stagnation_epochs=12
cascade_max_out_epochs=150
cascade_min_out_epochs=50
cascade_max_cand_epochs=150
cascade_min_cand_epochs=50
cascade_num_candidate_groups=2
bit_fail_limit=3.49999994039535522461e-01
cascade_candidate_limit=1.00000000000000000000e+03
cascade_weight_multiplier=4.00000005960464477539e-01
cascade_activation_functions_count=10
cascade_activation_functions=3 5 7 8 10 11 14 15 16 17 
cascade_activation_steepnesses_count=4
cascade_activation_steepnesses=2.50000000000000000000e-01 5.00000000000000000000e-01 7.50000000000000000000e-01 1.00000000000000000000e+00 
layer_sizes=3 9 4 
scale_included=0
neurons (num_inputs, activation_function, activation_steepness)=(0, 0, 0.00000000000000000000e+00) (0, 0, 0.00000000000000000000e+00) (0, 0, 0.00000000000000000000e+00) (3, 3, 5.00000000000000000000e-01) (3, 3, 5.00000000000000000000e-01) (3, 3, 5.00000000000000000000e-01) (3, 3, 5.00000000000000000000e-01) (3, 3, 5.00000000000000000000e-01) (3, 3, 5.00000000000000000000e-01) (3, 3, 5.00000000000000000000e-01) (3, 3, 5.00000000000000000000e-01) (0, 3, 0.00000000000000000000e+00) (9, 0, 5.00000000000000000000e-01) (9, 0, 5.00000000000000000000e-01) (9, 0, 5.00000000000000000000e-01) (0, 0, 0.00000000000000000000e+00) 
connections (connected_to_neuron, weight)=(0, -8.38000106811523437500e+00) (1, 2.94545698165893554688e+00) (2, 4.19271898269653320312e+00) (0, -5.91615772247314453125e+00) (1, 6.64762067794799804688e+00) (2, 4.04836654663085937500e+00) (0, -5.29977893829345703125e+00) (1, 6.24793100357055664062e+00) (2, 6.73276710510253906250e+00) (0, -1.31018543243408203125e+00) (1, -2.90641283988952636719e+00) (2, 3.04648518562316894531e-01) (0, -1.31448450088500976562e+01) (1, 2.26961398124694824219e+00) (2, 2.81366944313049316406e+00) (0, -3.03997492790222167969e+00) (1, -1.84431457519531250000e+00) (2, 4.09984856843948364258e-01) (0, -7.19567680358886718750e+00) (1, 1.70508787035942077637e-01) (2, -1.10351312160491943359e+00) (0, -6.88074731826782226562e+00) (1, 4.21354198455810546875e+00) (2, 4.59381818771362304688e+00) (3, 1.01135301589965820312e+00) (4, 9.58899736404418945312e-01) (5, 8.22870731353759765625e-01) (6, 2.31200814247131347656e+00) (7, 9.25011277198791503906e-01) (8, 2.18702411651611328125e+00) (9, 1.73192155361175537109e+00) (10, 1.00146722793579101562e+00) (11, 3.21957141160964965820e-01) (3, 3.42351627349853515625e+00) (4, 3.36443185806274414062e+00) (5, 2.70975279808044433594e+00) (6, 7.15178918838500976562e+00) (7, 2.93909549713134765625e+00) (8, 6.21002101898193359375e+00) (9, 3.58462190628051757812e+00) (10, 3.17732667922973632812e+00) (11, 2.40979146957397460938e+00) (3, 1.05771312713623046875e+01) (4, 9.66205310821533203125e+00) (5, 9.62800312042236328125e+00) (6, 2.44052391052246093750e+01) (7, 9.82972335815429687500e+00) (8, 1.93146514892578125000e+01) (9, 1.09085531234741210938e+01) (10, 9.78305816650390625000e+00) (11, 1.37667179107666015625e+01) 
