FANN_FLO_2.1
num_layers=3
learning_rate=0.500000
connection_rate=1.000000
network_type=0
learning_momentum=0.000000
training_algorithm=2
train_error_function=1
train_stop_function=0
cascade_output_change_fraction=0.010000
quickprop_decay=-0.000100
quickprop_mu=1.750000
rprop_increase_factor=1.200000
rprop_decrease_factor=0.500000
rprop_delta_min=0.000000
rprop_delta_max=50.000000
rprop_delta_zero=0.100000
cascade_output_stagnation_epochs=12
cascade_candidate_change_fraction=0.010000
cascade_candidate_stagnation_epochs=12
cascade_max_out_epochs=150
cascade_min_out_epochs=50
cascade_max_cand_epochs=150
cascade_min_cand_epochs=50
cascade_num_candidate_groups=2
bit_fail_limit=3.49999994039535522461e-01
cascade_candidate_limit=1.00000000000000000000e+03
cascade_weight_multiplier=4.00000005960464477539e-01
cascade_activation_functions_count=10
cascade_activation_functions=3 5 7 8 10 11 14 15 16 17 
cascade_activation_steepnesses_count=4
cascade_activation_steepnesses=2.50000000000000000000e-01 5.00000000000000000000e-01 7.50000000000000000000e-01 1.00000000000000000000e+00 
layer_sizes=7 9 2 
scale_included=0
neurons (num_inputs, activation_function, activation_steepness)=(0, 0, 0.00000000000000000000e+00) (0, 0, 0.00000000000000000000e+00) (0, 0, 0.00000000000000000000e+00) (0, 0, 0.00000000000000000000e+00) (0, 0, 0.00000000000000000000e+00) (0, 0, 0.00000000000000000000e+00) (0, 0, 0.00000000000000000000e+00) (7, 3, 5.00000000000000000000e-01) (7, 3, 5.00000000000000000000e-01) (7, 3, 5.00000000000000000000e-01) (7, 3, 5.00000000000000000000e-01) (7, 3, 5.00000000000000000000e-01) (7, 3, 5.00000000000000000000e-01) (7, 3, 5.00000000000000000000e-01) (7, 3, 5.00000000000000000000e-01) (0, 3, 0.00000000000000000000e+00) (9, 0, 5.00000000000000000000e-01) (0, 0, 0.00000000000000000000e+00) 
connections (connected_to_neuron, weight)=(0, -3.50690156221389770508e-01) (1, 4.60487842559814453125e-01) (2, 6.23161458969116210938e+00) (3, -5.66804409027099609375e+00) (4, -1.22541837692260742188e+01) (5, -4.56624507904052734375e-01) (6, -1.77459999918937683105e-01) (0, 1.46201992034912109375e+00) (1, 1.48996936035156250000e+03) (2, 1.47592651367187500000e+03) (3, 3.01541443914175033569e-02) (4, -4.71627116203308105469e-02) (5, -1.14397004246711730957e-01) (6, 1.31170356273651123047e+00) (0, -3.28369408845901489258e-01) (1, 2.49003410339355468750e-01) (2, -6.31937026977539062500e-01) (3, -5.44747209548950195312e+00) (4, 1.68539918959140777588e-02) (5, 5.37868547439575195312e+00) (6, -2.19107374548912048340e-01) (0, -1.15755999088287353516e+00) (1, 1.22320890426635742188e+00) (2, 2.55590248107910156250e+00) (3, -2.02407431602478027344e+00) (4, -4.61043071746826171875e+00) (5, -8.64699542522430419922e-01) (6, -6.30906641483306884766e-01) (0, -4.02100533246994018555e-01) (1, 9.71687674522399902344e-01) (2, 6.50006771087646484375e+00) (3, -8.06059932708740234375e+00) (4, -1.15927724838256835938e+01) (5, -3.74345988035202026367e-01) (6, -1.74102351069450378418e-01) (0, -2.63997856527566909790e-02) (1, 2.47129008173942565918e-01) (2, 5.77723979949951171875e-01) (3, -4.18489240109920501709e-02) (4, 1.49888232350349426270e-01) (5, -9.84200835227966308594e-02) (6, 1.00916542112827301025e-01) (0, -1.48984819650650024414e-01) (1, -3.98482531309127807617e-02) (2, -1.73535227775573730469e-01) (3, 3.47489602863788604736e-02) (4, 1.66454389691352844238e-02) (5, 1.53159976005554199219e-01) (6, 8.93766619265079498291e-03) (0, -3.34431082010269165039e-02) (1, 1.53711438179016113281e-01) (2, 1.47592651367187500000e+03) (3, -5.78921698033809661865e-02) (4, -1.35182216763496398926e-02) (5, 5.10676562786102294922e-01) (6, 6.59688532352447509766e-01) (7, -1.49502918124198913574e-01) (8, -2.52489279955625534058e-02) (9, -3.49139428138732910156e+00) (10, 2.77280062437057495117e-01) (11, -1.28630653023719787598e-01) (12, -2.48812027275562286377e-02) (13, -1.95434559136629104614e-02) (14, -1.87092535197734832764e-02) (15, 8.24722945690155029297e-02) 
