FANN_FLO_2.1
num_layers=4
learning_rate=0.300000
connection_rate=1.000000
network_type=0
learning_momentum=0.000000
training_algorithm=2
train_error_function=1
train_stop_function=0
cascade_output_change_fraction=0.010000
quickprop_decay=-0.000100
quickprop_mu=1.750000
rprop_increase_factor=1.200000
rprop_decrease_factor=0.500000
rprop_delta_min=0.000000
rprop_delta_max=50.000000
rprop_delta_zero=0.100000
cascade_output_stagnation_epochs=12
cascade_candidate_change_fraction=0.010000
cascade_candidate_stagnation_epochs=12
cascade_max_out_epochs=150
cascade_min_out_epochs=50
cascade_max_cand_epochs=150
cascade_min_cand_epochs=50
cascade_num_candidate_groups=2
bit_fail_limit=3.49999994039535522461e-01
cascade_candidate_limit=1.00000000000000000000e+03
cascade_weight_multiplier=4.00000005960464477539e-01
cascade_activation_functions_count=10
cascade_activation_functions=3 5 7 8 10 11 14 15 16 17 
cascade_activation_steepnesses_count=4
cascade_activation_steepnesses=2.50000000000000000000e-01 5.00000000000000000000e-01 7.50000000000000000000e-01 1.00000000000000000000e+00 
layer_sizes=2 5 5 3 
scale_included=0
neurons (num_inputs, activation_function, activation_steepness)=(0, 0, 0.00000000000000000000e+00) (0, 0, 0.00000000000000000000e+00) (2, 3, 5.00000000000000000000e-01) (2, 3, 5.00000000000000000000e-01) (2, 3, 5.00000000000000000000e-01) (2, 3, 5.00000000000000000000e-01) (0, 3, 0.00000000000000000000e+00) (5, 3, 5.00000000000000000000e-01) (5, 3, 5.00000000000000000000e-01) (5, 3, 5.00000000000000000000e-01) (5, 3, 5.00000000000000000000e-01) (0, 3, 0.00000000000000000000e+00) (5, 0, 5.00000000000000000000e-01) (5, 0, 5.00000000000000000000e-01) (0, 0, 0.00000000000000000000e+00) 
connections (connected_to_neuron, weight)=(0, -2.91736049652099609375e+01) (1, -5.96351742744445800781e-01) (0, -3.77546119689941406250e+01) (1, -6.90949320793151855469e-01) (0, 6.79852533340454101562e+00) (1, 5.00560855865478515625e+00) (0, -2.16021227836608886719e+00) (1, -6.77363634109497070312e+00) (2, -1.04916930198669433594e+00) (3, 8.19067060947418212891e-01) (4, 2.63156485557556152344e+00) (5, 8.47776889801025390625e+00) (6, -2.05562019348144531250e+00) (2, 1.47685551643371582031e+00) (3, 1.47862780094146728516e+00) (4, 3.73020172119140625000e-02) (5, 4.49689435958862304688e+00) (6, -1.75645446777343750000e+00) (2, 1.38684785366058349609e+00) (3, 8.01712393760681152344e-01) (4, -1.61495462059974670410e-01) (5, 4.28212547302246093750e+00) (6, -4.22383725643157958984e-01) (2, 1.57661294937133789062e+00) (3, 6.73421680927276611328e-01) (4, 1.79069793224334716797e+00) (5, 9.32563114166259765625e+00) (6, -3.78691148757934570312e+00) (7, -3.73005867004394531250e-02) (8, 2.08211019635200500488e-01) (9, 5.75814992189407348633e-02) (10, 5.88337004184722900391e-01) (11, -4.20250296592712402344e-01) (7, -7.85669922828674316406e-01) (8, -4.20341640710830688477e-01) (9, -4.11128431558609008789e-01) (10, -6.82053744792938232422e-01) (11, -4.45733010768890380859e-01) 
