FANN_FLO_2.1
num_layers=3
learning_rate=0.500000
connection_rate=1.000000
network_type=0
learning_momentum=0.000000
training_algorithm=2
train_error_function=1
train_stop_function=0
cascade_output_change_fraction=0.010000
quickprop_decay=-0.000100
quickprop_mu=1.750000
rprop_increase_factor=1.200000
rprop_decrease_factor=0.500000
rprop_delta_min=0.000000
rprop_delta_max=50.000000
rprop_delta_zero=0.100000
cascade_output_stagnation_epochs=12
cascade_candidate_change_fraction=0.010000
cascade_candidate_stagnation_epochs=12
cascade_max_out_epochs=150
cascade_min_out_epochs=50
cascade_max_cand_epochs=150
cascade_min_cand_epochs=50
cascade_num_candidate_groups=2
bit_fail_limit=3.49999994039535522461e-01
cascade_candidate_limit=1.00000000000000000000e+03
cascade_weight_multiplier=4.00000005960464477539e-01
cascade_activation_functions_count=10
cascade_activation_functions=3 5 7 8 10 11 14 15 16 17 
cascade_activation_steepnesses_count=4
cascade_activation_steepnesses=2.50000000000000000000e-01 5.00000000000000000000e-01 7.50000000000000000000e-01 1.00000000000000000000e+00 
layer_sizes=7 9 2 
scale_included=0
neurons (num_inputs, activation_function, activation_steepness)=(0, 0, 0.00000000000000000000e+00) (0, 0, 0.00000000000000000000e+00) (0, 0, 0.00000000000000000000e+00) (0, 0, 0.00000000000000000000e+00) (0, 0, 0.00000000000000000000e+00) (0, 0, 0.00000000000000000000e+00) (0, 0, 0.00000000000000000000e+00) (7, 3, 5.00000000000000000000e-01) (7, 3, 5.00000000000000000000e-01) (7, 3, 5.00000000000000000000e-01) (7, 3, 5.00000000000000000000e-01) (7, 3, 5.00000000000000000000e-01) (7, 3, 5.00000000000000000000e-01) (7, 3, 5.00000000000000000000e-01) (7, 3, 5.00000000000000000000e-01) (0, 3, 0.00000000000000000000e+00) (9, 0, 5.00000000000000000000e-01) (0, 0, 0.00000000000000000000e+00) 
connections (connected_to_neuron, weight)=(0, -1.21973566710948944092e-01) (1, -5.26422142982482910156e-01) (2, -1.29006776809692382812e+01) (3, -1.09695129394531250000e+02) (4, 1.41438317298889160156e+00) (5, -1.14013731479644775391e+00) (6, 1.88008689880371093750e+00) (0, -6.30685865879058837891e-01) (1, -4.54872339963912963867e-01) (2, -4.56987428665161132812e+00) (3, -4.20154124498367309570e-01) (4, 1.58744311332702636719e+00) (5, 1.01002311706542968750e+00) (6, -4.40771913528442382812e+00) (0, 1.30535745620727539062e+00) (1, -6.81533217430114746094e-01) (2, -3.67083811759948730469e+00) (3, -3.22472906112670898438e+00) (4, -1.99389719963073730469e+00) (5, -5.02668426513671875000e+02) (6, -5.09660840034484863281e-01) (0, -1.53996169567108154297e-01) (1, -5.28834104537963867188e-01) (2, 1.66384971141815185547e+00) (3, -4.34526383876800537109e-01) (4, 1.88012406229972839355e-01) (5, -4.50089454650878906250e-01) (6, -4.92134332656860351562e+00) (0, 4.18405950069427490234e-01) (1, -4.25148963928222656250e-01) (2, 5.97957193851470947266e-01) (3, -6.08690440654754638672e-01) (4, 2.38808679580688476562e+00) (5, -9.97454822063446044922e-01) (6, 8.44651520252227783203e-01) (0, -6.68520033359527587891e-01) (1, -1.77581095695495605469e+00) (2, 3.30086141824722290039e-01) (3, -3.49758774042129516602e-01) (4, 2.36305212974548339844e+00) (5, 2.20346316695213317871e-01) (6, 4.70882594585418701172e-01) (0, 5.65044255927205085754e-03) (1, -4.65738654136657714844e-01) (2, 6.73934578895568847656e-01) (3, -4.44782108068466186523e-01) (4, 8.34828317165374755859e-01) (5, -2.52525359392166137695e-01) (6, -2.53026986122131347656e+00) (0, -6.68432950973510742188e-01) (1, 1.66796799749135971069e-02) (2, 1.43835902214050292969e+00) (3, -1.82026088237762451172e-01) (4, -3.02832633256912231445e-01) (5, -1.52975574135780334473e-01) (6, -3.09820443391799926758e-01) (7, -2.29692993164062500000e+01) (8, 1.84252783656120300293e-02) (9, -1.25427612304687500000e+03) (10, -3.22027862071990966797e-01) (11, -1.05538092553615570068e-01) (12, -3.69153283536434173584e-02) (13, 4.41335700452327728271e-02) (14, 2.67676174640655517578e-01) (15, 1.17088429629802703857e-01) 
