FANN_FLO_2.1
num_layers=4
learning_rate=0.450000
connection_rate=1.000000
network_type=0
learning_momentum=0.000000
training_algorithm=2
train_error_function=1
train_stop_function=0
cascade_output_change_fraction=0.010000
quickprop_decay=-0.000100
quickprop_mu=1.750000
rprop_increase_factor=1.200000
rprop_decrease_factor=0.500000
rprop_delta_min=0.000000
rprop_delta_max=50.000000
rprop_delta_zero=0.100000
cascade_output_stagnation_epochs=12
cascade_candidate_change_fraction=0.010000
cascade_candidate_stagnation_epochs=12
cascade_max_out_epochs=150
cascade_min_out_epochs=50
cascade_max_cand_epochs=150
cascade_min_cand_epochs=50
cascade_num_candidate_groups=2
bit_fail_limit=3.49999994039535522461e-01
cascade_candidate_limit=1.00000000000000000000e+03
cascade_weight_multiplier=4.00000005960464477539e-01
cascade_activation_functions_count=10
cascade_activation_functions=3 5 7 8 10 11 14 15 16 17 
cascade_activation_steepnesses_count=4
cascade_activation_steepnesses=2.50000000000000000000e-01 5.00000000000000000000e-01 7.50000000000000000000e-01 1.00000000000000000000e+00 
layer_sizes=7 3 3 2 
scale_included=0
neurons (num_inputs, activation_function, activation_steepness)=(0, 0, 0.00000000000000000000e+00) (0, 0, 0.00000000000000000000e+00) (0, 0, 0.00000000000000000000e+00) (0, 0, 0.00000000000000000000e+00) (0, 0, 0.00000000000000000000e+00) (0, 0, 0.00000000000000000000e+00) (0, 0, 0.00000000000000000000e+00) (7, 3, 5.00000000000000000000e-01) (7, 3, 5.00000000000000000000e-01) (0, 3, 0.00000000000000000000e+00) (3, 3, 5.00000000000000000000e-01) (3, 3, 5.00000000000000000000e-01) (0, 3, 0.00000000000000000000e+00) (3, 0, 5.00000000000000000000e-01) (0, 0, 0.00000000000000000000e+00) 
connections (connected_to_neuron, weight)=(0, 3.74670475721359252930e-01) (1, -4.57663029432296752930e-01) (2, -7.63535380363464355469e-01) (3, -1.19642004370689392090e-01) (4, 1.28290438652038574219e+00) (5, -4.51821923255920410156e-01) (6, 1.43673384189605712891e+00) (0, 4.22707498073577880859e-01) (1, -3.52578729391098022461e-01) (2, 2.38872222900390625000e+01) (3, -5.66477966308593750000e+00) (4, -8.90740692615509033203e-01) (5, -1.50382099151611328125e+01) (6, -7.49321043491363525391e-01) (7, -7.11135149002075195312e+00) (8, -7.35429477691650390625e+00) (9, 8.90119731426239013672e-01) (7, -5.57052278518676757812e+00) (8, -6.65280866622924804688e+00) (9, -3.19176137447357177734e-01) (10, 3.04772734642028808594e+00) (11, 4.86351966857910156250e-01) (12, 5.08456258103251457214e-03) 
