FANN_FLO_2.1
num_layers=3
learning_rate=0.450000
connection_rate=1.000000
network_type=0
learning_momentum=0.000000
training_algorithm=2
train_error_function=1
train_stop_function=0
cascade_output_change_fraction=0.010000
quickprop_decay=-0.000100
quickprop_mu=1.750000
rprop_increase_factor=1.200000
rprop_decrease_factor=0.500000
rprop_delta_min=0.000000
rprop_delta_max=50.000000
rprop_delta_zero=0.100000
cascade_output_stagnation_epochs=12
cascade_candidate_change_fraction=0.010000
cascade_candidate_stagnation_epochs=12
cascade_max_out_epochs=150
cascade_min_out_epochs=50
cascade_max_cand_epochs=150
cascade_min_cand_epochs=50
cascade_num_candidate_groups=2
bit_fail_limit=3.49999994039535522461e-01
cascade_candidate_limit=1.00000000000000000000e+03
cascade_weight_multiplier=4.00000005960464477539e-01
cascade_activation_functions_count=10
cascade_activation_functions=3 5 7 8 10 11 14 15 16 17 
cascade_activation_steepnesses_count=4
cascade_activation_steepnesses=2.50000000000000000000e-01 5.00000000000000000000e-01 7.50000000000000000000e-01 1.00000000000000000000e+00 
layer_sizes=7 5 2 
scale_included=0
neurons (num_inputs, activation_function, activation_steepness)=(0, 0, 0.00000000000000000000e+00) (0, 0, 0.00000000000000000000e+00) (0, 0, 0.00000000000000000000e+00) (0, 0, 0.00000000000000000000e+00) (0, 0, 0.00000000000000000000e+00) (0, 0, 0.00000000000000000000e+00) (0, 0, 0.00000000000000000000e+00) (7, 3, 5.00000000000000000000e-01) (7, 3, 5.00000000000000000000e-01) (7, 3, 5.00000000000000000000e-01) (7, 3, 5.00000000000000000000e-01) (0, 3, 0.00000000000000000000e+00) (5, 0, 5.00000000000000000000e-01) (0, 0, 0.00000000000000000000e+00) 
connections (connected_to_neuron, weight)=(0, -1.78721938282251358032e-02) (1, -4.12665754556655883789e-01) (2, -1.62406980991363525391e-01) (3, -1.12600244581699371338e-01) (4, 2.12933793663978576660e-01) (5, 3.56276929378509521484e-01) (6, -3.72014611959457397461e-01) (0, -5.62127590179443359375e-01) (1, 1.24691605567932128906e+00) (2, 9.61273908615112304688e-01) (3, -6.98238372802734375000e-01) (4, -8.14441621303558349609e-01) (5, 7.55138099193572998047e-01) (6, -7.25181484222412109375e+00) (0, 1.50000000000000000000e+03) (1, -1.50000000000000000000e+03) (2, -1.50000000000000000000e+03) (3, -4.34805333614349365234e-01) (4, -1.50000000000000000000e+03) (5, -1.50000000000000000000e+03) (6, -2.37201422452926635742e-01) (0, -6.27011731266975402832e-02) (1, -5.38142502307891845703e-01) (2, 5.36326885223388671875e-01) (3, -1.47394329309463500977e-01) (4, -2.89715349674224853516e-01) (5, 4.40512567758560180664e-01) (6, -1.78681111335754394531e+00) (7, -5.65671436488628387451e-02) (8, -3.50269824266433715820e-02) (9, -3.95532092079520225525e-03) (10, 6.79337322711944580078e-01) (11, 1.78754366934299468994e-02) 
