FANN_FLO_2.1
num_layers=3
learning_rate=0.500000
connection_rate=1.000000
network_type=0
learning_momentum=0.000000
training_algorithm=2
train_error_function=1
train_stop_function=0
cascade_output_change_fraction=0.010000
quickprop_decay=-0.000100
quickprop_mu=1.750000
rprop_increase_factor=1.200000
rprop_decrease_factor=0.500000
rprop_delta_min=0.000000
rprop_delta_max=50.000000
rprop_delta_zero=0.100000
cascade_output_stagnation_epochs=12
cascade_candidate_change_fraction=0.010000
cascade_candidate_stagnation_epochs=12
cascade_max_out_epochs=150
cascade_min_out_epochs=50
cascade_max_cand_epochs=150
cascade_min_cand_epochs=50
cascade_num_candidate_groups=2
bit_fail_limit=3.49999994039535522461e-01
cascade_candidate_limit=1.00000000000000000000e+03
cascade_weight_multiplier=4.00000005960464477539e-01
cascade_activation_functions_count=10
cascade_activation_functions=3 5 7 8 10 11 14 15 16 17 
cascade_activation_steepnesses_count=4
cascade_activation_steepnesses=2.50000000000000000000e-01 5.00000000000000000000e-01 7.50000000000000000000e-01 1.00000000000000000000e+00 
layer_sizes=3 9 4 
scale_included=0
neurons (num_inputs, activation_function, activation_steepness)=(0, 0, 0.00000000000000000000e+00) (0, 0, 0.00000000000000000000e+00) (0, 0, 0.00000000000000000000e+00) (3, 3, 5.00000000000000000000e-01) (3, 3, 5.00000000000000000000e-01) (3, 3, 5.00000000000000000000e-01) (3, 3, 5.00000000000000000000e-01) (3, 3, 5.00000000000000000000e-01) (3, 3, 5.00000000000000000000e-01) (3, 3, 5.00000000000000000000e-01) (3, 3, 5.00000000000000000000e-01) (0, 3, 0.00000000000000000000e+00) (9, 0, 5.00000000000000000000e-01) (9, 0, 5.00000000000000000000e-01) (9, 0, 5.00000000000000000000e-01) (0, 0, 0.00000000000000000000e+00) 
connections (connected_to_neuron, weight)=(0, -2.92234492301940917969e+00) (1, -5.27809202671051025391e-01) (2, 2.89641004055738449097e-02) (0, -1.14841127395629882812e+00) (1, -2.15643572807312011719e+00) (2, 5.44000267982482910156e-01) (0, -3.54191780090332031250e+00) (1, 8.38762664794921875000e+00) (2, -1.77947580814361572266e-01) (0, -5.08223247528076171875e+00) (1, 4.67352199554443359375e+00) (2, 7.92021083831787109375e+00) (0, -6.67518949508666992188e+00) (1, 2.72639679908752441406e+00) (2, -5.03386199474334716797e-01) (0, -6.91008567810058593750e+00) (1, 3.13404822349548339844e+00) (2, 4.65090036392211914062e+00) (0, -5.49469375610351562500e+00) (1, 4.62769412994384765625e+00) (2, 5.09893941879272460938e+00) (0, -5.02176284790039062500e+00) (1, 5.08470439910888671875e+00) (2, -7.50514805316925048828e-01) (3, 3.41005754470825195312e+00) (4, 2.70435023307800292969e+00) (5, 8.68451952934265136719e-01) (6, 4.82268273830413818359e-01) (7, 1.29847979545593261719e+00) (8, -5.90821802616119384766e-01) (9, 4.35652107000350952148e-01) (10, 1.90581560134887695312e+00) (11, 4.82098311185836791992e-01) (3, 8.39531898498535156250e+00) (4, 9.65230178833007812500e+00) (5, 3.13910937309265136719e+00) (6, 2.10398697853088378906e+00) (7, 3.49160170555114746094e+00) (8, 2.34616327285766601562e+00) (9, 2.04573988914489746094e+00) (10, 2.36249899864196777344e+00) (11, 1.47210049629211425781e+00) (3, 2.56082649230957031250e+01) (4, 3.28803977966308593750e+01) (5, 8.29220867156982421875e+00) (6, 7.24283170700073242188e+00) (7, 1.12167730331420898438e+01) (8, 7.43362951278686523438e+00) (9, 7.30842876434326171875e+00) (10, 7.50501489639282226562e+00) (11, 1.06912727355957031250e+01) 
