FANN_FLO_2.1
num_layers=3
learning_rate=0.500000
connection_rate=1.000000
network_type=0
learning_momentum=0.000000
training_algorithm=2
train_error_function=1
train_stop_function=0
cascade_output_change_fraction=0.010000
quickprop_decay=-0.000100
quickprop_mu=1.750000
rprop_increase_factor=1.200000
rprop_decrease_factor=0.500000
rprop_delta_min=0.000000
rprop_delta_max=50.000000
rprop_delta_zero=0.100000
cascade_output_stagnation_epochs=12
cascade_candidate_change_fraction=0.010000
cascade_candidate_stagnation_epochs=12
cascade_max_out_epochs=150
cascade_min_out_epochs=50
cascade_max_cand_epochs=150
cascade_min_cand_epochs=50
cascade_num_candidate_groups=2
bit_fail_limit=3.49999994039535522461e-01
cascade_candidate_limit=1.00000000000000000000e+03
cascade_weight_multiplier=4.00000005960464477539e-01
cascade_activation_functions_count=10
cascade_activation_functions=3 5 7 8 10 11 14 15 16 17 
cascade_activation_steepnesses_count=4
cascade_activation_steepnesses=2.50000000000000000000e-01 5.00000000000000000000e-01 7.50000000000000000000e-01 1.00000000000000000000e+00 
layer_sizes=7 9 2 
scale_included=0
neurons (num_inputs, activation_function, activation_steepness)=(0, 0, 0.00000000000000000000e+00) (0, 0, 0.00000000000000000000e+00) (0, 0, 0.00000000000000000000e+00) (0, 0, 0.00000000000000000000e+00) (0, 0, 0.00000000000000000000e+00) (0, 0, 0.00000000000000000000e+00) (0, 0, 0.00000000000000000000e+00) (7, 3, 5.00000000000000000000e-01) (7, 3, 5.00000000000000000000e-01) (7, 3, 5.00000000000000000000e-01) (7, 3, 5.00000000000000000000e-01) (7, 3, 5.00000000000000000000e-01) (7, 3, 5.00000000000000000000e-01) (7, 3, 5.00000000000000000000e-01) (7, 3, 5.00000000000000000000e-01) (0, 3, 0.00000000000000000000e+00) (9, 0, 5.00000000000000000000e-01) (0, 0, 0.00000000000000000000e+00) 
connections (connected_to_neuron, weight)=(0, 5.94240903854370117188e-01) (1, 2.22654986381530761719e+00) (2, -2.78892278671264648438e+00) (3, 9.34566497802734375000e-01) (4, 7.81074106693267822266e-01) (5, -1.77213668823242187500e+00) (6, -4.79291200637817382812e-01) (0, -1.80860280990600585938e+00) (1, 1.11386632919311523438e+01) (2, 3.24024289846420288086e-01) (3, -2.22794032096862792969e+00) (4, 5.94058074951171875000e+01) (5, 5.47385597229003906250e+00) (6, -5.43708877563476562500e+01) (0, 7.99946635961532592773e-02) (1, -4.12266448974609375000e+02) (2, -2.98412293195724487305e-01) (3, 3.60133424401283264160e-02) (4, -1.50000000000000000000e+03) (5, -5.41725311279296875000e+01) (6, 4.66428399085998535156e-01) (0, -6.34556412696838378906e-01) (1, 4.30787831544876098633e-01) (2, 4.68480259180068969727e-01) (3, -1.28462409973144531250e+00) (4, -3.04156422615051269531e+00) (5, 4.27117776870727539062e+00) (6, -1.72390782833099365234e+00) (0, -7.11940705776214599609e-01) (1, -2.35812997817993164062e+00) (2, -2.27393984794616699219e+00) (3, -1.17612624168395996094e+00) (4, 8.98144423961639404297e-01) (5, 8.99498641490936279297e-01) (6, -1.16918969154357910156e+00) (0, 2.03855916857719421387e-01) (1, -2.02579632401466369629e-01) (2, 1.99078861624002456665e-02) (3, 2.68097907304763793945e-01) (4, -2.52061873674392700195e-01) (5, -9.76901575922966003418e-02) (6, 4.87168502807617187500e+00) (0, 2.61014640331268310547e-01) (1, -2.33098059892654418945e-01) (2, -2.19513736665248870850e-02) (3, 5.86834363639354705811e-03) (4, -4.42682169377803802490e-02) (5, 8.92492085695266723633e-02) (6, 3.00063443183898925781e+00) (0, -6.10336363315582275391e-01) (1, 1.26523780822753906250e+00) (2, -1.40621721744537353516e-01) (3, -1.20654940605163574219e+00) (4, 1.12427310943603515625e+01) (5, -4.59858798980712890625e+00) (6, -1.20450747013092041016e+00) (7, -2.33555078506469726562e-01) (8, -4.34046685695648193359e-01) (9, 1.50000000000000000000e+03) (10, -1.11078791320323944092e-01) (11, -4.41359020769596099854e-02) (12, 2.01292783021926879883e-01) (13, 2.64871716499328613281e-01) (14, -1.07660880312323570251e-02) (15, 2.40465968847274780273e-01) 
