FANN_FLO_2.1
num_layers=4
learning_rate=0.300000
connection_rate=1.000000
network_type=0
learning_momentum=0.000000
training_algorithm=2
train_error_function=1
train_stop_function=0
cascade_output_change_fraction=0.010000
quickprop_decay=-0.000100
quickprop_mu=1.750000
rprop_increase_factor=1.200000
rprop_decrease_factor=0.500000
rprop_delta_min=0.000000
rprop_delta_max=50.000000
rprop_delta_zero=0.100000
cascade_output_stagnation_epochs=12
cascade_candidate_change_fraction=0.010000
cascade_candidate_stagnation_epochs=12
cascade_max_out_epochs=150
cascade_min_out_epochs=50
cascade_max_cand_epochs=150
cascade_min_cand_epochs=50
cascade_num_candidate_groups=2
bit_fail_limit=3.49999994039535522461e-01
cascade_candidate_limit=1.00000000000000000000e+03
cascade_weight_multiplier=4.00000005960464477539e-01
cascade_activation_functions_count=10
cascade_activation_functions=3 5 7 8 10 11 14 15 16 17 
cascade_activation_steepnesses_count=4
cascade_activation_steepnesses=2.50000000000000000000e-01 5.00000000000000000000e-01 7.50000000000000000000e-01 1.00000000000000000000e+00 
layer_sizes=2 5 3 3 
scale_included=0
neurons (num_inputs, activation_function, activation_steepness)=(0, 0, 0.00000000000000000000e+00) (0, 0, 0.00000000000000000000e+00) (2, 3, 5.00000000000000000000e-01) (2, 3, 5.00000000000000000000e-01) (2, 3, 5.00000000000000000000e-01) (2, 3, 5.00000000000000000000e-01) (0, 3, 0.00000000000000000000e+00) (5, 3, 5.00000000000000000000e-01) (5, 3, 5.00000000000000000000e-01) (0, 3, 0.00000000000000000000e+00) (3, 0, 5.00000000000000000000e-01) (3, 0, 5.00000000000000000000e-01) (0, 0, 0.00000000000000000000e+00) 
connections (connected_to_neuron, weight)=(0, -1.50000000000000000000e+03) (1, -6.88527584075927734375e+00) (0, -1.50000000000000000000e+03) (1, -1.40284099578857421875e+01) (0, -1.50000000000000000000e+03) (1, -1.40091829299926757812e+01) (0, -1.50000000000000000000e+03) (1, -9.26985359191894531250e+00) (2, -2.07322144508361816406e+00) (3, 3.59475374221801757812e+00) (4, 3.57431030273437500000e+00) (5, -2.84142398834228515625e+00) (6, -5.98076939582824707031e-01) (2, 1.03432836914062500000e+03) (3, 1.27722741699218750000e+03) (4, 1.27712731933593750000e+03) (5, 1.11278820800781250000e+03) (6, -3.33456508815288543701e-03) (7, 8.87453407049179077148e-02) (8, -1.10691696405410766602e-01) (9, 2.20595002174377441406e-02) (7, -1.32391130924224853516e+00) (8, -3.87823879718780517578e-01) (9, -4.77824240922927856445e-01) 
