FANN_FLO_2.1
num_layers=3
learning_rate=0.500000
connection_rate=1.000000
network_type=0
learning_momentum=0.000000
training_algorithm=2
train_error_function=1
train_stop_function=0
cascade_output_change_fraction=0.010000
quickprop_decay=-0.000100
quickprop_mu=1.750000
rprop_increase_factor=1.200000
rprop_decrease_factor=0.500000
rprop_delta_min=0.000000
rprop_delta_max=50.000000
rprop_delta_zero=0.100000
cascade_output_stagnation_epochs=12
cascade_candidate_change_fraction=0.010000
cascade_candidate_stagnation_epochs=12
cascade_max_out_epochs=150
cascade_min_out_epochs=50
cascade_max_cand_epochs=150
cascade_min_cand_epochs=50
cascade_num_candidate_groups=2
bit_fail_limit=3.49999994039535522461e-01
cascade_candidate_limit=1.00000000000000000000e+03
cascade_weight_multiplier=4.00000005960464477539e-01
cascade_activation_functions_count=10
cascade_activation_functions=3 5 7 8 10 11 14 15 16 17 
cascade_activation_steepnesses_count=4
cascade_activation_steepnesses=2.50000000000000000000e-01 5.00000000000000000000e-01 7.50000000000000000000e-01 1.00000000000000000000e+00 
layer_sizes=3 9 4 
scale_included=0
neurons (num_inputs, activation_function, activation_steepness)=(0, 0, 0.00000000000000000000e+00) (0, 0, 0.00000000000000000000e+00) (0, 0, 0.00000000000000000000e+00) (3, 3, 5.00000000000000000000e-01) (3, 3, 5.00000000000000000000e-01) (3, 3, 5.00000000000000000000e-01) (3, 3, 5.00000000000000000000e-01) (3, 3, 5.00000000000000000000e-01) (3, 3, 5.00000000000000000000e-01) (3, 3, 5.00000000000000000000e-01) (3, 3, 5.00000000000000000000e-01) (0, 3, 0.00000000000000000000e+00) (9, 0, 5.00000000000000000000e-01) (9, 0, 5.00000000000000000000e-01) (9, 0, 5.00000000000000000000e-01) (0, 0, 0.00000000000000000000e+00) 
connections (connected_to_neuron, weight)=(0, -9.88510322570800781250e+00) (1, 9.72479152679443359375e+00) (2, 5.28342771530151367188e+00) (0, -1.24521470069885253906e+00) (1, -2.06272411346435546875e+00) (2, 3.97985726594924926758e-01) (0, -5.67464447021484375000e+00) (1, 5.77873182296752929688e+00) (2, -1.35456264019012451172e+00) (0, -3.78621864318847656250e+00) (1, -8.35491180419921875000e-01) (2, -5.79037442803382873535e-02) (0, -3.44945287704467773438e+00) (1, 9.07150208950042724609e-01) (2, 1.11964201927185058594e+00) (0, 6.79848432540893554688e-01) (1, 3.14810514450073242188e+00) (2, 1.01980409622192382812e+01) (0, -5.46650791168212890625e+00) (1, 6.73777627944946289062e+00) (2, 6.35618114471435546875e+00) (0, -8.96693801879882812500e+00) (1, 1.00467414855957031250e+01) (2, 8.33040428161621093750e+00) (3, 4.59951572120189666748e-02) (4, 2.94124031066894531250e+00) (5, 2.18777084350585937500e+00) (6, 3.14989757537841796875e+00) (7, 9.24140393733978271484e-01) (8, 4.03984427452087402344e-01) (9, 3.50224286317825317383e-01) (10, 7.09206342697143554688e-01) (11, 3.86731147766113281250e-01) (3, 1.86603593826293945312e+00) (4, 9.83192253112792968750e+00) (5, 3.49215483665466308594e+00) (6, 6.75601530075073242188e+00) (7, 5.80517005920410156250e+00) (8, 1.37158656120300292969e+00) (9, 1.75596439838409423828e+00) (10, 2.60481667518615722656e+00) (11, 1.34826660156250000000e+00) (3, 7.12971162796020507812e+00) (4, 3.26860122680664062500e+01) (5, 8.59727287292480468750e+00) (6, 2.05502967834472656250e+01) (7, 2.01912918090820312500e+01) (8, 7.00830173492431640625e+00) (9, 7.33241176605224609375e+00) (10, 6.81917285919189453125e+00) (11, 6.82888698577880859375e+00) 
