FANN_FLO_2.1
num_layers=3
learning_rate=0.400000
connection_rate=1.000000
network_type=0
learning_momentum=0.000000
training_algorithm=2
train_error_function=1
train_stop_function=0
cascade_output_change_fraction=0.010000
quickprop_decay=-0.000100
quickprop_mu=1.750000
rprop_increase_factor=1.200000
rprop_decrease_factor=0.500000
rprop_delta_min=0.000000
rprop_delta_max=50.000000
rprop_delta_zero=0.100000
cascade_output_stagnation_epochs=12
cascade_candidate_change_fraction=0.010000
cascade_candidate_stagnation_epochs=12
cascade_max_out_epochs=150
cascade_min_out_epochs=50
cascade_max_cand_epochs=150
cascade_min_cand_epochs=50
cascade_num_candidate_groups=2
bit_fail_limit=3.49999994039535522461e-01
cascade_candidate_limit=1.00000000000000000000e+03
cascade_weight_multiplier=4.00000005960464477539e-01
cascade_activation_functions_count=10
cascade_activation_functions=3 5 7 8 10 11 14 15 16 17 
cascade_activation_steepnesses_count=4
cascade_activation_steepnesses=2.50000000000000000000e-01 5.00000000000000000000e-01 7.50000000000000000000e-01 1.00000000000000000000e+00 
layer_sizes=10 3 2 
scale_included=0
neurons (num_inputs, activation_function, activation_steepness)=(0, 0, 0.00000000000000000000e+00) (0, 0, 0.00000000000000000000e+00) (0, 0, 0.00000000000000000000e+00) (0, 0, 0.00000000000000000000e+00) (0, 0, 0.00000000000000000000e+00) (0, 0, 0.00000000000000000000e+00) (0, 0, 0.00000000000000000000e+00) (0, 0, 0.00000000000000000000e+00) (0, 0, 0.00000000000000000000e+00) (0, 0, 0.00000000000000000000e+00) (10, 3, 5.00000000000000000000e-01) (10, 3, 5.00000000000000000000e-01) (0, 3, 0.00000000000000000000e+00) (3, 3, 5.00000000000000000000e-01) (0, 3, 0.00000000000000000000e+00) 
connections (connected_to_neuron, weight)=(0, 4.97145131230354309082e-02) (1, 8.86196494102478027344e-02) (2, 2.71095409989356994629e-02) (3, 1.09038047492504119873e-01) (4, 2.64174267649650573730e-02) (5, 7.55871683359146118164e-02) (6, 1.32056340575218200684e-01) (7, 1.02505497634410858154e-01) (8, 1.52708470821380615234e-01) (9, 1.63142412900924682617e-01) (0, 1.05052404105663299561e-01) (1, 1.05296723544597625732e-01) (2, 1.07209660112857818604e-01) (3, 4.49767038226127624512e-02) (4, 8.12540054321289062500e-02) (5, 1.33116900920867919922e-01) (6, 1.71629428863525390625e-01) (7, 1.58020317554473876953e-01) (8, 1.54115259647369384766e-01) (9, 2.05442070960998535156e-01) (10, 1.82577133178710937500e-01) (11, 1.71902388334274291992e-01) (12, 1.52902960777282714844e-01) 
