FANN_FLO_2.1
num_layers=3
learning_rate=0.500000
connection_rate=1.000000
network_type=0
learning_momentum=0.000000
training_algorithm=2
train_error_function=1
train_stop_function=0
cascade_output_change_fraction=0.010000
quickprop_decay=-0.000100
quickprop_mu=1.750000
rprop_increase_factor=1.200000
rprop_decrease_factor=0.500000
rprop_delta_min=0.000000
rprop_delta_max=50.000000
rprop_delta_zero=0.100000
cascade_output_stagnation_epochs=12
cascade_candidate_change_fraction=0.010000
cascade_candidate_stagnation_epochs=12
cascade_max_out_epochs=150
cascade_min_out_epochs=50
cascade_max_cand_epochs=150
cascade_min_cand_epochs=50
cascade_num_candidate_groups=2
bit_fail_limit=3.49999994039535522461e-01
cascade_candidate_limit=1.00000000000000000000e+03
cascade_weight_multiplier=4.00000005960464477539e-01
cascade_activation_functions_count=10
cascade_activation_functions=3 5 7 8 10 11 14 15 16 17 
cascade_activation_steepnesses_count=4
cascade_activation_steepnesses=2.50000000000000000000e-01 5.00000000000000000000e-01 7.50000000000000000000e-01 1.00000000000000000000e+00 
layer_sizes=10 5 2 
scale_included=0
neurons (num_inputs, activation_function, activation_steepness)=(0, 0, 0.00000000000000000000e+00) (0, 0, 0.00000000000000000000e+00) (0, 0, 0.00000000000000000000e+00) (0, 0, 0.00000000000000000000e+00) (0, 0, 0.00000000000000000000e+00) (0, 0, 0.00000000000000000000e+00) (0, 0, 0.00000000000000000000e+00) (0, 0, 0.00000000000000000000e+00) (0, 0, 0.00000000000000000000e+00) (0, 0, 0.00000000000000000000e+00) (10, 3, 5.00000000000000000000e-01) (10, 3, 5.00000000000000000000e-01) (10, 3, 5.00000000000000000000e-01) (10, 3, 5.00000000000000000000e-01) (0, 3, 0.00000000000000000000e+00) (5, 3, 5.00000000000000000000e-01) (0, 3, 0.00000000000000000000e+00) 
connections (connected_to_neuron, weight)=(0, -1.03163385391235351562e+00) (1, -2.16620731353759765625e+00) (2, 7.75934010744094848633e-02) (3, -2.16256403923034667969e+00) (4, -1.46726906299591064453e+00) (5, -1.71092545986175537109e+00) (6, -6.01946771144866943359e-01) (7, -2.06851935386657714844e+00) (8, -1.18694283068180084229e-01) (9, 6.01396656036376953125e+00) (0, -3.88023209571838378906e+00) (1, -3.42595767974853515625e+00) (2, -4.45085239410400390625e+00) (3, -3.05428361892700195312e+00) (4, -3.04783797264099121094e+00) (5, -3.81150817871093750000e+00) (6, -4.49119281768798828125e+00) (7, -4.44080829620361328125e+00) (8, -3.88414859771728515625e+00) (9, 1.16448850631713867188e+01) (0, -2.37376461029052734375e+01) (1, -5.75547313690185546875e+00) (2, -3.90362071990966796875e+00) (3, -7.92394351959228515625e+00) (4, -1.21356887817382812500e+01) (5, -9.41200637817382812500e+00) (6, -8.61136627197265625000e+00) (7, -5.78298950195312500000e+00) (8, -2.86355185508728027344e+00) (9, 1.77214450836181640625e+01) (0, -3.72120070457458496094e+00) (1, 1.60901427268981933594e+00) (2, -1.04101886749267578125e+01) (3, 1.66562807559967041016e+00) (4, -7.14512825012207031250e-01) (5, -2.76562660932540893555e-01) (6, -6.26466703414916992188e+00) (7, 1.57128489017486572266e+00) (8, -9.42425441741943359375e+00) (9, 1.38404712677001953125e+01) (10, -1.14309489727020263672e+00) (11, -4.72928643226623535156e-01) (12, -5.26378512382507324219e-01) (13, -2.74349987506866455078e-01) (14, 8.41129958629608154297e-01) 
