FANN_FLO_2.1
num_layers=4
learning_rate=0.450000
connection_rate=1.000000
network_type=0
learning_momentum=0.000000
training_algorithm=2
train_error_function=1
train_stop_function=0
cascade_output_change_fraction=0.010000
quickprop_decay=-0.000100
quickprop_mu=1.750000
rprop_increase_factor=1.200000
rprop_decrease_factor=0.500000
rprop_delta_min=0.000000
rprop_delta_max=50.000000
rprop_delta_zero=0.100000
cascade_output_stagnation_epochs=12
cascade_candidate_change_fraction=0.010000
cascade_candidate_stagnation_epochs=12
cascade_max_out_epochs=150
cascade_min_out_epochs=50
cascade_max_cand_epochs=150
cascade_min_cand_epochs=50
cascade_num_candidate_groups=2
bit_fail_limit=3.49999994039535522461e-01
cascade_candidate_limit=1.00000000000000000000e+03
cascade_weight_multiplier=4.00000005960464477539e-01
cascade_activation_functions_count=10
cascade_activation_functions=3 5 7 8 10 11 14 15 16 17 
cascade_activation_steepnesses_count=4
cascade_activation_steepnesses=2.50000000000000000000e-01 5.00000000000000000000e-01 7.50000000000000000000e-01 1.00000000000000000000e+00 
layer_sizes=7 5 3 2 
scale_included=0
neurons (num_inputs, activation_function, activation_steepness)=(0, 0, 0.00000000000000000000e+00) (0, 0, 0.00000000000000000000e+00) (0, 0, 0.00000000000000000000e+00) (0, 0, 0.00000000000000000000e+00) (0, 0, 0.00000000000000000000e+00) (0, 0, 0.00000000000000000000e+00) (0, 0, 0.00000000000000000000e+00) (7, 3, 5.00000000000000000000e-01) (7, 3, 5.00000000000000000000e-01) (7, 3, 5.00000000000000000000e-01) (7, 3, 5.00000000000000000000e-01) (0, 3, 0.00000000000000000000e+00) (5, 3, 5.00000000000000000000e-01) (5, 3, 5.00000000000000000000e-01) (0, 3, 0.00000000000000000000e+00) (3, 0, 5.00000000000000000000e-01) (0, 0, 0.00000000000000000000e+00) 
connections (connected_to_neuron, weight)=(0, 1.00575780868530273438e+00) (1, 1.91379234194755554199e-01) (2, -1.20142579078674316406e+00) (3, -3.92877250909805297852e-01) (4, 1.34174871444702148438e+00) (5, -1.16587007045745849609e+00) (6, 2.48365855216979980469e+00) (0, -3.14242750406265258789e-01) (1, 3.20309340953826904297e-01) (2, -3.37321877479553222656e-01) (3, 1.43251240253448486328e-01) (4, 6.14412724971771240234e-01) (5, -3.18161457777023315430e-01) (6, -2.28840613365173339844e+00) (0, 1.49979187011718750000e+03) (1, 1.49998547363281250000e+03) (2, 1.49987353515625000000e+03) (3, 1.49980224609375000000e+03) (4, 1.49262890625000000000e+03) (5, 1.49959033203125000000e+03) (6, 1.49973864746093750000e+03) (0, 1.77212238311767578125e-01) (1, 4.32810992002487182617e-01) (2, -4.17063951492309570312e-01) (3, 1.38922080397605895996e-01) (4, 2.49521538615226745605e-01) (5, -6.53106212615966796875e-01) (6, 2.07458734512329101562e-01) (7, -8.99058437347412109375e+00) (8, -1.24630365371704101562e+01) (9, 6.14347271621227264404e-02) (10, -1.11413240432739257812e+01) (11, 1.87314164638519287109e+00) (7, -1.04671549797058105469e+00) (8, -6.90606757998466491699e-02) (9, 4.53509479761123657227e-01) (10, -2.49211668968200683594e-01) (11, 6.83969616889953613281e-01) (12, 3.98908996582031250000e+00) (13, -9.04495194554328918457e-02) (14, 5.49907498061656951904e-02) 
