FANN_FLO_2.1
num_layers=3
learning_rate=0.450000
connection_rate=1.000000
network_type=0
learning_momentum=0.000000
training_algorithm=2
train_error_function=1
train_stop_function=0
cascade_output_change_fraction=0.010000
quickprop_decay=-0.000100
quickprop_mu=1.750000
rprop_increase_factor=1.200000
rprop_decrease_factor=0.500000
rprop_delta_min=0.000000
rprop_delta_max=50.000000
rprop_delta_zero=0.100000
cascade_output_stagnation_epochs=12
cascade_candidate_change_fraction=0.010000
cascade_candidate_stagnation_epochs=12
cascade_max_out_epochs=150
cascade_min_out_epochs=50
cascade_max_cand_epochs=150
cascade_min_cand_epochs=50
cascade_num_candidate_groups=2
bit_fail_limit=3.49999994039535522461e-01
cascade_candidate_limit=1.00000000000000000000e+03
cascade_weight_multiplier=4.00000005960464477539e-01
cascade_activation_functions_count=10
cascade_activation_functions=3 5 7 8 10 11 14 15 16 17 
cascade_activation_steepnesses_count=4
cascade_activation_steepnesses=2.50000000000000000000e-01 5.00000000000000000000e-01 7.50000000000000000000e-01 1.00000000000000000000e+00 
layer_sizes=7 5 2 
scale_included=0
neurons (num_inputs, activation_function, activation_steepness)=(0, 0, 0.00000000000000000000e+00) (0, 0, 0.00000000000000000000e+00) (0, 0, 0.00000000000000000000e+00) (0, 0, 0.00000000000000000000e+00) (0, 0, 0.00000000000000000000e+00) (0, 0, 0.00000000000000000000e+00) (0, 0, 0.00000000000000000000e+00) (7, 3, 5.00000000000000000000e-01) (7, 3, 5.00000000000000000000e-01) (7, 3, 5.00000000000000000000e-01) (7, 3, 5.00000000000000000000e-01) (0, 3, 0.00000000000000000000e+00) (5, 0, 5.00000000000000000000e-01) (0, 0, 0.00000000000000000000e+00) 
connections (connected_to_neuron, weight)=(0, -7.37722516059875488281e-01) (1, 2.44828057289123535156e+00) (2, 8.39036345481872558594e-01) (3, -3.10235738754272460938e-01) (4, 2.37457704544067382812e+00) (5, -3.49682664871215820312e+00) (6, -4.43328666687011718750e+00) (0, 7.91336476802825927734e-01) (1, -1.50000000000000000000e+03) (2, -1.27932604980468750000e+03) (3, -9.97943878173828125000e-01) (4, 1.02371386718750000000e+03) (5, 1.46290954589843750000e+03) (6, -3.57284471392631530762e-02) (0, 2.59649503277614712715e-04) (1, -4.44146633148193359375e-01) (2, -4.65015262365341186523e-01) (3, 2.93269008398056030273e-02) (4, 1.64466816931962966919e-02) (5, 4.98452961444854736328e-01) (6, 6.25055730342864990234e-01) (0, -3.18105518817901611328e-01) (1, -5.23991644382476806641e-01) (2, -8.69610428810119628906e-01) (3, -1.20552353560924530029e-01) (4, 2.80403882265090942383e-01) (5, 7.51140892505645751953e-01) (6, 3.16519212722778320312e+00) (7, -2.46751680970191955566e-01) (8, 8.26089978218078613281e-02) (9, -5.12464940547943115234e-01) (10, 1.85019686818122863770e-01) (11, 2.51972973346710205078e-01) 
