FANN_FLO_2.1
num_layers=4
learning_rate=0.450000
connection_rate=1.000000
network_type=0
learning_momentum=0.000000
training_algorithm=2
train_error_function=1
train_stop_function=0
cascade_output_change_fraction=0.010000
quickprop_decay=-0.000100
quickprop_mu=1.750000
rprop_increase_factor=1.200000
rprop_decrease_factor=0.500000
rprop_delta_min=0.000000
rprop_delta_max=50.000000
rprop_delta_zero=0.100000
cascade_output_stagnation_epochs=12
cascade_candidate_change_fraction=0.010000
cascade_candidate_stagnation_epochs=12
cascade_max_out_epochs=150
cascade_min_out_epochs=50
cascade_max_cand_epochs=150
cascade_min_cand_epochs=50
cascade_num_candidate_groups=2
bit_fail_limit=3.49999994039535522461e-01
cascade_candidate_limit=1.00000000000000000000e+03
cascade_weight_multiplier=4.00000005960464477539e-01
cascade_activation_functions_count=10
cascade_activation_functions=3 5 7 8 10 11 14 15 16 17 
cascade_activation_steepnesses_count=4
cascade_activation_steepnesses=2.50000000000000000000e-01 5.00000000000000000000e-01 7.50000000000000000000e-01 1.00000000000000000000e+00 
layer_sizes=7 5 3 2 
scale_included=0
neurons (num_inputs, activation_function, activation_steepness)=(0, 0, 0.00000000000000000000e+00) (0, 0, 0.00000000000000000000e+00) (0, 0, 0.00000000000000000000e+00) (0, 0, 0.00000000000000000000e+00) (0, 0, 0.00000000000000000000e+00) (0, 0, 0.00000000000000000000e+00) (0, 0, 0.00000000000000000000e+00) (7, 3, 5.00000000000000000000e-01) (7, 3, 5.00000000000000000000e-01) (7, 3, 5.00000000000000000000e-01) (7, 3, 5.00000000000000000000e-01) (0, 3, 0.00000000000000000000e+00) (5, 3, 5.00000000000000000000e-01) (5, 3, 5.00000000000000000000e-01) (0, 3, 0.00000000000000000000e+00) (3, 0, 5.00000000000000000000e-01) (0, 0, 0.00000000000000000000e+00) 
connections (connected_to_neuron, weight)=(0, 2.79322952032089233398e-01) (1, -2.78385311365127563477e-01) (2, 1.16096898913383483887e-01) (3, -2.55424886941909790039e-01) (4, 1.13247549533843994141e+00) (5, -5.36945521831512451172e-01) (6, 1.00288403034210205078e+00) (0, 1.49464038085937500000e+03) (1, 1.49987963867187500000e+03) (2, 1.49464038085937500000e+03) (3, 1.49845678710937500000e+03) (4, 1.49845678710937500000e+03) (5, 1.49845678710937500000e+03) (6, 2.06087380647659301758e-01) (0, 1.49464038085937500000e+03) (1, 1.49987963867187500000e+03) (2, 1.49464038085937500000e+03) (3, 1.49845678710937500000e+03) (4, 1.49845678710937500000e+03) (5, 1.49845678710937500000e+03) (6, 2.31411233544349670410e-01) (0, -5.54913757324218750000e+02) (1, -2.85301666259765625000e+02) (2, 8.06703552246093750000e+02) (3, -7.55971298217773437500e+01) (4, 2.15465301513671875000e+02) (5, -6.99052124023437500000e+01) (6, -8.53381454944610595703e-01) (7, -4.98092031478881835938e+00) (8, 3.72884757816791534424e-02) (9, 6.12445622682571411133e-02) (10, 5.40609436035156250000e+01) (11, -5.69662638008594512939e-02) (7, 4.17535495758056640625e+00) (8, 2.83761709928512573242e-01) (9, 3.03422808647155761719e-01) (10, 1.50000000000000000000e+03) (11, 2.70799010992050170898e-01) (12, 1.16721093654632568359e+00) (13, -7.38765969872474670410e-02) (14, 7.74761214852333068848e-02) 
