FANN_FLO_2.1
num_layers=3
learning_rate=0.400000
connection_rate=1.000000
network_type=0
learning_momentum=0.000000
training_algorithm=2
train_error_function=1
train_stop_function=0
cascade_output_change_fraction=0.010000
quickprop_decay=-0.000100
quickprop_mu=1.750000
rprop_increase_factor=1.200000
rprop_decrease_factor=0.500000
rprop_delta_min=0.000000
rprop_delta_max=50.000000
rprop_delta_zero=0.100000
cascade_output_stagnation_epochs=12
cascade_candidate_change_fraction=0.010000
cascade_candidate_stagnation_epochs=12
cascade_max_out_epochs=150
cascade_min_out_epochs=50
cascade_max_cand_epochs=150
cascade_min_cand_epochs=50
cascade_num_candidate_groups=2
bit_fail_limit=3.49999994039535522461e-01
cascade_candidate_limit=1.00000000000000000000e+03
cascade_weight_multiplier=4.00000005960464477539e-01
cascade_activation_functions_count=10
cascade_activation_functions=3 5 7 8 10 11 14 15 16 17 
cascade_activation_steepnesses_count=4
cascade_activation_steepnesses=2.50000000000000000000e-01 5.00000000000000000000e-01 7.50000000000000000000e-01 1.00000000000000000000e+00 
layer_sizes=6 5 2 
scale_included=0
neurons (num_inputs, activation_function, activation_steepness)=(0, 0, 0.00000000000000000000e+00) (0, 0, 0.00000000000000000000e+00) (0, 0, 0.00000000000000000000e+00) (0, 0, 0.00000000000000000000e+00) (0, 0, 0.00000000000000000000e+00) (0, 0, 0.00000000000000000000e+00) (6, 3, 5.00000000000000000000e-01) (6, 3, 5.00000000000000000000e-01) (6, 3, 5.00000000000000000000e-01) (6, 3, 5.00000000000000000000e-01) (0, 3, 0.00000000000000000000e+00) (5, 0, 5.00000000000000000000e-01) (0, 0, 0.00000000000000000000e+00) 
connections (connected_to_neuron, weight)=(0, -1.50000000000000000000e+03) (1, -6.48347997665405273438e+00) (2, -4.74819153547286987305e-01) (3, -2.31621265411376953125e+00) (4, 2.86359339952468872070e-01) (5, -2.35010814666748046875e+00) (0, -1.50000000000000000000e+03) (1, -7.93295410156250000000e+02) (2, 2.70537465810775756836e-01) (3, -1.08446655273437500000e+03) (4, -4.42480802536010742188e+00) (5, -4.43149299621582031250e+01) (0, -1.50000000000000000000e+03) (1, -5.88691806793212890625e+00) (2, -1.77559688687324523926e-01) (3, -1.99663424491882324219e+00) (4, 9.95435416698455810547e-02) (5, -9.82833266258239746094e-01) (0, -1.50000000000000000000e+03) (1, -2.36597995758056640625e+01) (2, 3.85199317932128906250e+01) (3, -1.07813934326171875000e+02) (4, -5.81907558441162109375e+00) (5, 3.31956505775451660156e-01) (6, 3.03701066970825195312e+00) (7, 2.54189580678939819336e-01) (8, 2.52563261985778808594e+00) (9, 5.73420584201812744141e-01) (10, 6.18058502674102783203e-01) 
