FANN_FLO_2.1
num_layers=4
learning_rate=0.450000
connection_rate=1.000000
network_type=0
learning_momentum=0.000000
training_algorithm=2
train_error_function=1
train_stop_function=0
cascade_output_change_fraction=0.010000
quickprop_decay=-0.000100
quickprop_mu=1.750000
rprop_increase_factor=1.200000
rprop_decrease_factor=0.500000
rprop_delta_min=0.000000
rprop_delta_max=50.000000
rprop_delta_zero=0.100000
cascade_output_stagnation_epochs=12
cascade_candidate_change_fraction=0.010000
cascade_candidate_stagnation_epochs=12
cascade_max_out_epochs=150
cascade_min_out_epochs=50
cascade_max_cand_epochs=150
cascade_min_cand_epochs=50
cascade_num_candidate_groups=2
bit_fail_limit=3.49999994039535522461e-01
cascade_candidate_limit=1.00000000000000000000e+03
cascade_weight_multiplier=4.00000005960464477539e-01
cascade_activation_functions_count=10
cascade_activation_functions=3 5 7 8 10 11 14 15 16 17 
cascade_activation_steepnesses_count=4
cascade_activation_steepnesses=2.50000000000000000000e-01 5.00000000000000000000e-01 7.50000000000000000000e-01 1.00000000000000000000e+00 
layer_sizes=7 5 5 2 
scale_included=0
neurons (num_inputs, activation_function, activation_steepness)=(0, 0, 0.00000000000000000000e+00) (0, 0, 0.00000000000000000000e+00) (0, 0, 0.00000000000000000000e+00) (0, 0, 0.00000000000000000000e+00) (0, 0, 0.00000000000000000000e+00) (0, 0, 0.00000000000000000000e+00) (0, 0, 0.00000000000000000000e+00) (7, 3, 5.00000000000000000000e-01) (7, 3, 5.00000000000000000000e-01) (7, 3, 5.00000000000000000000e-01) (7, 3, 5.00000000000000000000e-01) (0, 3, 0.00000000000000000000e+00) (5, 3, 5.00000000000000000000e-01) (5, 3, 5.00000000000000000000e-01) (5, 3, 5.00000000000000000000e-01) (5, 3, 5.00000000000000000000e-01) (0, 3, 0.00000000000000000000e+00) (5, 0, 5.00000000000000000000e-01) (0, 0, 0.00000000000000000000e+00) 
connections (connected_to_neuron, weight)=(0, 2.99980044364929199219e-01) (1, 2.29939460754394531250e-01) (2, 1.35202145576477050781e+00) (3, -1.20344594120979309082e-01) (4, -3.05838793516159057617e-01) (5, -9.22794401645660400391e-01) (6, 1.23306684195995330811e-01) (0, 1.63658067584037780762e-01) (1, 4.63596701622009277344e-01) (2, 1.33955180644989013672e+00) (3, -5.19791841506958007812e-01) (4, -1.72286674380302429199e-01) (5, -1.19060611724853515625e+00) (6, 6.07620239257812500000e-01) (0, -1.40763074159622192383e-01) (1, -1.92077904939651489258e-01) (2, -3.84413570165634155273e-01) (3, 1.78963854908943176270e-01) (4, 1.54081165790557861328e-01) (5, 2.93082267045974731445e-01) (6, 3.75079512596130371094e-01) (0, 5.40342956542968750000e+02) (1, 4.67547535896301269531e-01) (2, 1.50000000000000000000e+03) (3, -9.87372696399688720703e-01) (4, 4.77024614810943603516e-01) (5, 1.50000000000000000000e+03) (6, 1.29486516118049621582e-01) (7, -1.08688650131225585938e+01) (8, -5.77775716781616210938e+00) (9, -2.52270553588867187500e+02) (10, -9.58678340911865234375e+00) (11, -9.84294700622558593750e+00) (7, -1.66847944259643554688e+00) (8, -1.15901362895965576172e+00) (9, -3.43696308135986328125e+00) (10, -1.25259220600128173828e+00) (11, -1.39050531387329101562e+00) (7, -5.48520922660827636719e-01) (8, -2.42086023092269897461e-01) (9, -1.56975531578063964844e+00) (10, -6.25511288642883300781e-01) (11, -5.21694600582122802734e-01) (7, -6.98937237262725830078e-01) (8, -1.26694470643997192383e-01) (9, -1.77229627966880798340e-01) (10, -2.55458682775497436523e-01) (11, -5.87564483284950256348e-02) (12, -1.50000000000000000000e+03) (13, -3.27891039848327636719e+00) (14, -1.47595852613449096680e-01) (15, -1.18587233126163482666e-01) (16, 6.34190440177917480469e-02) 
