FANN_FLO_2.1
num_layers=3
learning_rate=0.500000
connection_rate=1.000000
network_type=0
learning_momentum=0.000000
training_algorithm=2
train_error_function=1
train_stop_function=0
cascade_output_change_fraction=0.010000
quickprop_decay=-0.000100
quickprop_mu=1.750000
rprop_increase_factor=1.200000
rprop_decrease_factor=0.500000
rprop_delta_min=0.000000
rprop_delta_max=50.000000
rprop_delta_zero=0.100000
cascade_output_stagnation_epochs=12
cascade_candidate_change_fraction=0.010000
cascade_candidate_stagnation_epochs=12
cascade_max_out_epochs=150
cascade_min_out_epochs=50
cascade_max_cand_epochs=150
cascade_min_cand_epochs=50
cascade_num_candidate_groups=2
bit_fail_limit=3.49999994039535522461e-01
cascade_candidate_limit=1.00000000000000000000e+03
cascade_weight_multiplier=4.00000005960464477539e-01
cascade_activation_functions_count=10
cascade_activation_functions=3 5 7 8 10 11 14 15 16 17 
cascade_activation_steepnesses_count=4
cascade_activation_steepnesses=2.50000000000000000000e-01 5.00000000000000000000e-01 7.50000000000000000000e-01 1.00000000000000000000e+00 
layer_sizes=3 9 4 
scale_included=0
neurons (num_inputs, activation_function, activation_steepness)=(0, 0, 0.00000000000000000000e+00) (0, 0, 0.00000000000000000000e+00) (0, 0, 0.00000000000000000000e+00) (3, 3, 5.00000000000000000000e-01) (3, 3, 5.00000000000000000000e-01) (3, 3, 5.00000000000000000000e-01) (3, 3, 5.00000000000000000000e-01) (3, 3, 5.00000000000000000000e-01) (3, 3, 5.00000000000000000000e-01) (3, 3, 5.00000000000000000000e-01) (3, 3, 5.00000000000000000000e-01) (0, 3, 0.00000000000000000000e+00) (9, 0, 5.00000000000000000000e-01) (9, 0, 5.00000000000000000000e-01) (9, 0, 5.00000000000000000000e-01) (0, 0, 0.00000000000000000000e+00) 
connections (connected_to_neuron, weight)=(0, -1.07526445388793945312e+00) (1, -1.80845999717712402344e+00) (2, 5.87440848350524902344e-01) (0, -3.16228151321411132812e+00) (1, 2.18100929260253906250e+00) (2, 4.33811962604522705078e-01) (0, -3.05645275115966796875e+00) (1, 4.11362648010253906250e+00) (2, -1.38229548931121826172e-01) (0, -3.18665337562561035156e+00) (1, -4.18160617351531982422e-01) (2, 2.29443654417991638184e-01) (0, -6.03596353530883789062e+00) (1, 8.13072109222412109375e+00) (2, 8.39820575714111328125e+00) (0, -6.11420011520385742188e+00) (1, 8.15694808959960937500e+00) (2, 7.38262939453125000000e+00) (0, -6.61397647857666015625e+00) (1, 7.75199794769287109375e+00) (2, 4.99181747436523437500e+00) (0, -3.69559669494628906250e+00) (1, 1.59623968601226806641e+00) (2, 6.49442791938781738281e-01) (3, 3.07641196250915527344e+00) (4, 9.22778308391571044922e-01) (5, 2.11558818817138671875e+00) (6, 3.40022754669189453125e+00) (7, 3.36583256721496582031e-01) (8, 2.47725144028663635254e-01) (9, -1.57112523913383483887e-01) (10, 5.24105429649353027344e-01) (11, 3.98930132389068603516e-01) (3, 1.05805082321166992188e+01) (4, 3.01915311813354492188e+00) (5, 3.92672657966613769531e+00) (6, 7.98897695541381835938e+00) (7, 1.50435161590576171875e+00) (8, 1.72538983821868896484e+00) (9, 1.70978605747222900391e+00) (10, 2.85863900184631347656e+00) (11, 1.26969003677368164062e+00) (3, 3.50510482788085937500e+01) (4, 9.75417327880859375000e+00) (5, 9.08703613281250000000e+00) (6, 2.45359497070312500000e+01) (7, 6.79604673385620117188e+00) (8, 6.84838342666625976562e+00) (9, 6.84501791000366210938e+00) (10, 1.08685255050659179688e+01) (11, 6.76690435409545898438e+00) 
