FANN_FLO_2.1
num_layers=4
learning_rate=0.450000
connection_rate=1.000000
network_type=0
learning_momentum=0.000000
training_algorithm=2
train_error_function=1
train_stop_function=0
cascade_output_change_fraction=0.010000
quickprop_decay=-0.000100
quickprop_mu=1.750000
rprop_increase_factor=1.200000
rprop_decrease_factor=0.500000
rprop_delta_min=0.000000
rprop_delta_max=50.000000
rprop_delta_zero=0.100000
cascade_output_stagnation_epochs=12
cascade_candidate_change_fraction=0.010000
cascade_candidate_stagnation_epochs=12
cascade_max_out_epochs=150
cascade_min_out_epochs=50
cascade_max_cand_epochs=150
cascade_min_cand_epochs=50
cascade_num_candidate_groups=2
bit_fail_limit=3.49999994039535522461e-01
cascade_candidate_limit=1.00000000000000000000e+03
cascade_weight_multiplier=4.00000005960464477539e-01
cascade_activation_functions_count=10
cascade_activation_functions=3 5 7 8 10 11 14 15 16 17 
cascade_activation_steepnesses_count=4
cascade_activation_steepnesses=2.50000000000000000000e-01 5.00000000000000000000e-01 7.50000000000000000000e-01 1.00000000000000000000e+00 
layer_sizes=7 5 5 2 
scale_included=0
neurons (num_inputs, activation_function, activation_steepness)=(0, 0, 0.00000000000000000000e+00) (0, 0, 0.00000000000000000000e+00) (0, 0, 0.00000000000000000000e+00) (0, 0, 0.00000000000000000000e+00) (0, 0, 0.00000000000000000000e+00) (0, 0, 0.00000000000000000000e+00) (0, 0, 0.00000000000000000000e+00) (7, 3, 5.00000000000000000000e-01) (7, 3, 5.00000000000000000000e-01) (7, 3, 5.00000000000000000000e-01) (7, 3, 5.00000000000000000000e-01) (0, 3, 0.00000000000000000000e+00) (5, 3, 5.00000000000000000000e-01) (5, 3, 5.00000000000000000000e-01) (5, 3, 5.00000000000000000000e-01) (5, 3, 5.00000000000000000000e-01) (0, 3, 0.00000000000000000000e+00) (5, 0, 5.00000000000000000000e-01) (0, 0, 0.00000000000000000000e+00) 
connections (connected_to_neuron, weight)=(0, 2.20815137028694152832e-01) (1, 1.40343677997589111328e+00) (2, -1.23201036453247070312e+00) (3, 2.86627560853958129883e-01) (4, -1.92584514617919921875e-01) (5, -8.19901227951049804688e-01) (6, 4.39771294593811035156e-01) (0, -9.21215582638978958130e-03) (1, -3.26179899275302886963e-02) (2, -4.19898569583892822266e-01) (3, 2.80135810375213623047e-01) (4, 2.85000741481781005859e-01) (5, -3.57651352882385253906e-01) (6, 1.09511482715606689453e+00) (0, -1.20163254439830780029e-01) (1, 5.65389931201934814453e-01) (2, -3.16403865814208984375e-01) (3, -3.63791026175022125244e-02) (4, 1.82864919304847717285e-01) (5, -3.02400767803192138672e-01) (6, 1.43469846248626708984e+00) (0, 2.80360490083694458008e-01) (1, -1.61315068602561950684e-01) (2, -1.07162857055664062500e+00) (3, 4.15955603122711181641e-01) (4, 3.82532924413681030273e-01) (5, -3.32098889350891113281e+00) (6, 4.92473870515823364258e-01) (7, 7.20718622207641601562e-01) (8, -5.88706098496913909912e-02) (9, -2.75537061691284179688e+00) (10, 2.60671691894531250000e+01) (11, 1.73284471035003662109e-01) (7, -1.54836015701293945312e+01) (8, 1.30571031570434570312e+00) (9, 1.98269767761230468750e+01) (10, 2.61760005950927734375e+01) (11, -4.50550407171249389648e-01) (7, -1.21380004882812500000e+03) (8, -9.78063642978668212891e-01) (9, -5.30085525512695312500e+01) (10, -1.14080004882812500000e+03) (11, 1.94400954246520996094e+00) (7, 1.81379997730255126953e+00) (8, -2.33826732635498046875e+00) (9, -1.02691259384155273438e+01) (10, -3.49870657920837402344e+00) (11, -3.48052591085433959961e-01) (12, -9.78802666068077087402e-02) (13, -6.53846710920333862305e-02) (14, -4.11998301744461059570e-01) (15, 1.90720677375793457031e+00) (16, 8.30339714884757995605e-02) 
