FANN_FLO_2.1
num_layers=4
learning_rate=0.300000
connection_rate=1.000000
network_type=0
learning_momentum=0.000000
training_algorithm=2
train_error_function=1
train_stop_function=0
cascade_output_change_fraction=0.010000
quickprop_decay=-0.000100
quickprop_mu=1.750000
rprop_increase_factor=1.200000
rprop_decrease_factor=0.500000
rprop_delta_min=0.000000
rprop_delta_max=50.000000
rprop_delta_zero=0.100000
cascade_output_stagnation_epochs=12
cascade_candidate_change_fraction=0.010000
cascade_candidate_stagnation_epochs=12
cascade_max_out_epochs=150
cascade_min_out_epochs=50
cascade_max_cand_epochs=150
cascade_min_cand_epochs=50
cascade_num_candidate_groups=2
bit_fail_limit=3.49999994039535522461e-01
cascade_candidate_limit=1.00000000000000000000e+03
cascade_weight_multiplier=4.00000005960464477539e-01
cascade_activation_functions_count=10
cascade_activation_functions=3 5 7 8 10 11 14 15 16 17 
cascade_activation_steepnesses_count=4
cascade_activation_steepnesses=2.50000000000000000000e-01 5.00000000000000000000e-01 7.50000000000000000000e-01 1.00000000000000000000e+00 
layer_sizes=2 5 3 3 
scale_included=0
neurons (num_inputs, activation_function, activation_steepness)=(0, 0, 0.00000000000000000000e+00) (0, 0, 0.00000000000000000000e+00) (2, 3, 5.00000000000000000000e-01) (2, 3, 5.00000000000000000000e-01) (2, 3, 5.00000000000000000000e-01) (2, 3, 5.00000000000000000000e-01) (0, 3, 0.00000000000000000000e+00) (5, 3, 5.00000000000000000000e-01) (5, 3, 5.00000000000000000000e-01) (0, 3, 0.00000000000000000000e+00) (3, 0, 5.00000000000000000000e-01) (3, 0, 5.00000000000000000000e-01) (0, 0, 0.00000000000000000000e+00) 
connections (connected_to_neuron, weight)=(0, 2.21192669868469238281e+00) (1, 2.20576024055480957031e+00) (0, -8.05112743377685546875e+00) (1, -2.64068388938903808594e+00) (0, 3.37128829956054687500e+00) (1, 3.05213379859924316406e+00) (0, 2.94094133377075195312e+00) (1, 3.42791676521301269531e+00) (2, -1.55628883838653564453e+00) (3, 6.72785282135009765625e+00) (4, -1.27379512786865234375e+00) (5, -5.53856372833251953125e-01) (6, -3.03209602832794189453e-01) (2, 1.45674014091491699219e+00) (3, -7.24658131599426269531e-01) (4, 7.39712834358215332031e-01) (5, 1.12073373794555664062e+01) (6, -4.33343791961669921875e+00) (7, 1.45943267270922660828e-02) (8, -6.56990557909011840820e-02) (9, 3.02937533706426620483e-02) (7, -8.51050972938537597656e-01) (8, -1.02823746204376220703e+00) (9, -3.69050115346908569336e-01) 
