FANN_FLO_2.1
num_layers=4
learning_rate=0.300000
connection_rate=1.000000
network_type=0
learning_momentum=0.000000
training_algorithm=2
train_error_function=1
train_stop_function=0
cascade_output_change_fraction=0.010000
quickprop_decay=-0.000100
quickprop_mu=1.750000
rprop_increase_factor=1.200000
rprop_decrease_factor=0.500000
rprop_delta_min=0.000000
rprop_delta_max=50.000000
rprop_delta_zero=0.100000
cascade_output_stagnation_epochs=12
cascade_candidate_change_fraction=0.010000
cascade_candidate_stagnation_epochs=12
cascade_max_out_epochs=150
cascade_min_out_epochs=50
cascade_max_cand_epochs=150
cascade_min_cand_epochs=50
cascade_num_candidate_groups=2
bit_fail_limit=3.49999994039535522461e-01
cascade_candidate_limit=1.00000000000000000000e+03
cascade_weight_multiplier=4.00000005960464477539e-01
cascade_activation_functions_count=10
cascade_activation_functions=3 5 7 8 10 11 14 15 16 17 
cascade_activation_steepnesses_count=4
cascade_activation_steepnesses=2.50000000000000000000e-01 5.00000000000000000000e-01 7.50000000000000000000e-01 1.00000000000000000000e+00 
layer_sizes=2 5 3 3 
scale_included=0
neurons (num_inputs, activation_function, activation_steepness)=(0, 0, 0.00000000000000000000e+00) (0, 0, 0.00000000000000000000e+00) (2, 3, 5.00000000000000000000e-01) (2, 3, 5.00000000000000000000e-01) (2, 3, 5.00000000000000000000e-01) (2, 3, 5.00000000000000000000e-01) (0, 3, 0.00000000000000000000e+00) (5, 3, 5.00000000000000000000e-01) (5, 3, 5.00000000000000000000e-01) (0, 3, 0.00000000000000000000e+00) (3, 0, 5.00000000000000000000e-01) (3, 0, 5.00000000000000000000e-01) (0, 0, 0.00000000000000000000e+00) 
connections (connected_to_neuron, weight)=(0, 1.95810246467590332031e+00) (1, 5.78417301177978515625e-01) (0, 3.81693410873413085938e+00) (1, 7.30958652496337890625e+00) (0, 4.69648265838623046875e+00) (1, 6.25940608978271484375e+00) (0, -1.23933458328247070312e+00) (1, 7.57615149021148681641e-01) (2, 4.98455315828323364258e-01) (3, 1.47211265563964843750e+00) (4, -9.54901409149169921875e+00) (5, 6.58456206321716308594e-01) (6, 3.21099698543548583984e-01) (2, -2.66416430473327636719e+00) (3, 4.60007286071777343750e+00) (4, -3.26673626899719238281e-01) (5, 6.50442123413085937500e-01) (6, -5.95265515148639678955e-02) (7, 2.80774801969528198242e-01) (8, 1.58093757927417755127e-02) (9, -1.18348084390163421631e-01) (7, -1.17252898216247558594e+00) (8, -7.33227133750915527344e-01) (9, -6.79531931877136230469e-01) 
