FANN_FLO_2.1
num_layers=3
learning_rate=0.500000
connection_rate=1.000000
network_type=0
learning_momentum=0.000000
training_algorithm=2
train_error_function=1
train_stop_function=0
cascade_output_change_fraction=0.010000
quickprop_decay=-0.000100
quickprop_mu=1.750000
rprop_increase_factor=1.200000
rprop_decrease_factor=0.500000
rprop_delta_min=0.000000
rprop_delta_max=50.000000
rprop_delta_zero=0.100000
cascade_output_stagnation_epochs=12
cascade_candidate_change_fraction=0.010000
cascade_candidate_stagnation_epochs=12
cascade_max_out_epochs=150
cascade_min_out_epochs=50
cascade_max_cand_epochs=150
cascade_min_cand_epochs=50
cascade_num_candidate_groups=2
bit_fail_limit=3.49999994039535522461e-01
cascade_candidate_limit=1.00000000000000000000e+03
cascade_weight_multiplier=4.00000005960464477539e-01
cascade_activation_functions_count=10
cascade_activation_functions=3 5 7 8 10 11 14 15 16 17 
cascade_activation_steepnesses_count=4
cascade_activation_steepnesses=2.50000000000000000000e-01 5.00000000000000000000e-01 7.50000000000000000000e-01 1.00000000000000000000e+00 
layer_sizes=7 9 2 
scale_included=0
neurons (num_inputs, activation_function, activation_steepness)=(0, 0, 0.00000000000000000000e+00) (0, 0, 0.00000000000000000000e+00) (0, 0, 0.00000000000000000000e+00) (0, 0, 0.00000000000000000000e+00) (0, 0, 0.00000000000000000000e+00) (0, 0, 0.00000000000000000000e+00) (0, 0, 0.00000000000000000000e+00) (7, 3, 5.00000000000000000000e-01) (7, 3, 5.00000000000000000000e-01) (7, 3, 5.00000000000000000000e-01) (7, 3, 5.00000000000000000000e-01) (7, 3, 5.00000000000000000000e-01) (7, 3, 5.00000000000000000000e-01) (7, 3, 5.00000000000000000000e-01) (7, 3, 5.00000000000000000000e-01) (0, 3, 0.00000000000000000000e+00) (9, 0, 5.00000000000000000000e-01) (0, 0, 0.00000000000000000000e+00) 
connections (connected_to_neuron, weight)=(0, -5.20207762718200683594e-01) (1, -2.94468879699707031250e-01) (2, 9.02595162391662597656e-01) (3, -5.91413676738739013672e-01) (4, -6.98975503444671630859e-01) (5, -2.30832910537719726562e+00) (6, -8.50358366966247558594e-01) (0, -6.92200362682342529297e-02) (1, 2.04580381512641906738e-01) (2, -2.35150784254074096680e-01) (3, 1.72904968261718750000e-01) (4, -2.02575755119323730469e+00) (5, 1.24087023735046386719e+00) (6, -3.07597923278808593750e+00) (0, -3.49379014968872070312e+00) (1, -5.52200078964233398438e-01) (2, 1.08860273361206054688e+01) (3, 3.65867242217063903809e-02) (4, -7.65538558959960937500e+01) (5, 9.29566323757171630859e-01) (6, 7.52201616764068603516e-01) (0, -3.15472513437271118164e-01) (1, -3.88911664485931396484e-01) (2, 6.45044982433319091797e-01) (3, -2.48915091156959533691e-01) (4, 1.88959345221519470215e-01) (5, 2.57639419287443161011e-02) (6, -1.56771838665008544922e+00) (0, -1.71169415116310119629e-01) (1, 2.60255604982376098633e-01) (2, 6.25039264559745788574e-03) (3, -2.79580742120742797852e-01) (4, 6.60942420363426208496e-02) (5, -1.66954889893531799316e-01) (6, 6.43198132514953613281e-01) (0, 2.59201377630233764648e-01) (1, -1.07864454388618469238e-01) (2, -2.60764330625534057617e-01) (3, 5.70322275161743164062e-02) (4, 4.40710745751857757568e-02) (5, 4.05974313616752624512e-02) (6, -2.11898732185363769531e+00) (0, -4.17917333543300628662e-02) (1, 3.67857329547405242920e-02) (2, -7.95906841754913330078e-01) (3, 2.00281247496604919434e-01) (4, 1.97346463799476623535e-01) (5, 1.61335915327072143555e-01) (6, 1.26028195023536682129e-01) (0, 1.33897244930267333984e-01) (1, 6.28698989748954772949e-02) (2, 6.29757642745971679688e-01) (3, -1.39970168471336364746e-01) (4, -3.86521965265274047852e-01) (5, -2.93265819549560546875e-01) (6, -3.78893405199050903320e-01) (7, -9.53662574291229248047e-01) (8, 1.73061716556549072266e+00) (9, -2.43657827377319335938e-02) (10, 5.08693344891071319580e-02) (11, 7.40286782383918762207e-02) (12, 9.22236070036888122559e-02) (13, -1.38756349682807922363e-01) (14, -1.12528167665004730225e-01) (15, 6.46958276629447937012e-02) 
