FANN_FLO_2.1
num_layers=3
learning_rate=0.500000
connection_rate=1.000000
network_type=0
learning_momentum=0.000000
training_algorithm=2
train_error_function=1
train_stop_function=0
cascade_output_change_fraction=0.010000
quickprop_decay=-0.000100
quickprop_mu=1.750000
rprop_increase_factor=1.200000
rprop_decrease_factor=0.500000
rprop_delta_min=0.000000
rprop_delta_max=50.000000
rprop_delta_zero=0.100000
cascade_output_stagnation_epochs=12
cascade_candidate_change_fraction=0.010000
cascade_candidate_stagnation_epochs=12
cascade_max_out_epochs=150
cascade_min_out_epochs=50
cascade_max_cand_epochs=150
cascade_min_cand_epochs=50
cascade_num_candidate_groups=2
bit_fail_limit=3.49999994039535522461e-01
cascade_candidate_limit=1.00000000000000000000e+03
cascade_weight_multiplier=4.00000005960464477539e-01
cascade_activation_functions_count=10
cascade_activation_functions=3 5 7 8 10 11 14 15 16 17 
cascade_activation_steepnesses_count=4
cascade_activation_steepnesses=2.50000000000000000000e-01 5.00000000000000000000e-01 7.50000000000000000000e-01 1.00000000000000000000e+00 
layer_sizes=3 9 4 
scale_included=0
neurons (num_inputs, activation_function, activation_steepness)=(0, 0, 0.00000000000000000000e+00) (0, 0, 0.00000000000000000000e+00) (0, 0, 0.00000000000000000000e+00) (3, 3, 5.00000000000000000000e-01) (3, 3, 5.00000000000000000000e-01) (3, 3, 5.00000000000000000000e-01) (3, 3, 5.00000000000000000000e-01) (3, 3, 5.00000000000000000000e-01) (3, 3, 5.00000000000000000000e-01) (3, 3, 5.00000000000000000000e-01) (3, 3, 5.00000000000000000000e-01) (0, 3, 0.00000000000000000000e+00) (9, 0, 5.00000000000000000000e-01) (9, 0, 5.00000000000000000000e-01) (9, 0, 5.00000000000000000000e-01) (0, 0, 0.00000000000000000000e+00) 
connections (connected_to_neuron, weight)=(0, -1.49552001953125000000e+03) (1, -1.41695022583007812500e+01) (2, 5.17273426055908203125e+00) (0, -7.74040317535400390625e+00) (1, 4.02335643768310546875e+00) (2, 1.47045679092407226562e+01) (0, -2.05972313880920410156e+00) (1, -1.70692014694213867188e+00) (2, 1.31925091147422790527e-01) (0, -1.17580862045288085938e+01) (1, 6.01696634292602539062e+00) (2, 8.10098457336425781250e+00) (0, -8.45137786865234375000e+00) (1, 8.23502731323242187500e+00) (2, 9.22769260406494140625e+00) (0, -1.57685251235961914062e+01) (1, 5.17248821258544921875e+00) (2, 7.19679975509643554688e+00) (0, -9.91162776947021484375e+00) (1, 7.62664079666137695312e+00) (2, 7.52925634384155273438e+00) (0, -2.04827365875244140625e+01) (1, 4.89721584320068359375e+00) (2, 2.30614781379699707031e+00) (3, 1.15742790699005126953e+00) (4, 6.19842529296875000000e-01) (5, 4.18415451049804687500e+00) (6, 7.23900675773620605469e-01) (7, 5.79950392246246337891e-01) (8, 5.35965323448181152344e-01) (9, 8.14273059368133544922e-01) (10, 1.26817035675048828125e+00) (11, 6.06362640857696533203e-01) (3, 2.79550790786743164062e+00) (4, 2.24983000755310058594e+00) (5, 1.18405551910400390625e+01) (6, 2.54910683631896972656e+00) (7, 2.65524387359619140625e+00) (8, 2.70620703697204589844e+00) (9, 2.48477268218994140625e+00) (10, 3.09354901313781738281e+00) (11, 2.22532153129577636719e+00) (3, 8.82368087768554687500e+00) (4, 9.55758285522460937500e+00) (5, 3.76317825317382812500e+01) (6, 7.49343776702880859375e+00) (7, 9.70779800415039062500e+00) (8, 9.77810287475585937500e+00) (9, 7.56750726699829101562e+00) (10, 9.37810039520263671875e+00) (11, 9.64171314239501953125e+00) 
