FANN_FLO_2.1
num_layers=3
learning_rate=0.500000
connection_rate=1.000000
network_type=0
learning_momentum=0.000000
training_algorithm=2
train_error_function=1
train_stop_function=0
cascade_output_change_fraction=0.010000
quickprop_decay=-0.000100
quickprop_mu=1.750000
rprop_increase_factor=1.200000
rprop_decrease_factor=0.500000
rprop_delta_min=0.000000
rprop_delta_max=50.000000
rprop_delta_zero=0.100000
cascade_output_stagnation_epochs=12
cascade_candidate_change_fraction=0.010000
cascade_candidate_stagnation_epochs=12
cascade_max_out_epochs=150
cascade_min_out_epochs=50
cascade_max_cand_epochs=150
cascade_min_cand_epochs=50
cascade_num_candidate_groups=2
bit_fail_limit=3.49999994039535522461e-01
cascade_candidate_limit=1.00000000000000000000e+03
cascade_weight_multiplier=4.00000005960464477539e-01
cascade_activation_functions_count=10
cascade_activation_functions=3 5 7 8 10 11 14 15 16 17 
cascade_activation_steepnesses_count=4
cascade_activation_steepnesses=2.50000000000000000000e-01 5.00000000000000000000e-01 7.50000000000000000000e-01 1.00000000000000000000e+00 
layer_sizes=7 9 2 
scale_included=0
neurons (num_inputs, activation_function, activation_steepness)=(0, 0, 0.00000000000000000000e+00) (0, 0, 0.00000000000000000000e+00) (0, 0, 0.00000000000000000000e+00) (0, 0, 0.00000000000000000000e+00) (0, 0, 0.00000000000000000000e+00) (0, 0, 0.00000000000000000000e+00) (0, 0, 0.00000000000000000000e+00) (7, 3, 5.00000000000000000000e-01) (7, 3, 5.00000000000000000000e-01) (7, 3, 5.00000000000000000000e-01) (7, 3, 5.00000000000000000000e-01) (7, 3, 5.00000000000000000000e-01) (7, 3, 5.00000000000000000000e-01) (7, 3, 5.00000000000000000000e-01) (7, 3, 5.00000000000000000000e-01) (0, 3, 0.00000000000000000000e+00) (9, 0, 5.00000000000000000000e-01) (0, 0, 0.00000000000000000000e+00) 
connections (connected_to_neuron, weight)=(0, -3.78974765539169311523e-01) (1, 6.45021259784698486328e-01) (2, 3.64355421066284179688e+00) (3, -2.99787372350692749023e-01) (4, 1.98510110378265380859e+00) (5, 5.23253343999385833740e-03) (6, 3.65491509437561035156e-01) (0, -5.44015693664550781250e+01) (1, 4.77649307250976562500e+01) (2, 4.06918640136718750000e+01) (3, 2.33765068054199218750e+01) (4, -8.37235351562500000000e+02) (5, -2.00191574096679687500e+01) (6, 1.47306334972381591797e+00) (0, -1.75700917840003967285e-01) (1, 6.11214160919189453125e-01) (2, 1.15159729003906250000e+03) (3, 2.68989264965057373047e-01) (4, -2.20710024237632751465e-01) (5, -1.33646324276924133301e-01) (6, 3.23469948768615722656e+00) (0, -1.50322750210762023926e-01) (1, 3.30017626285552978516e-01) (2, 1.28944616699218750000e+03) (3, 2.24307373166084289551e-01) (4, 8.83738845586776733398e-02) (5, -4.26301151514053344727e-01) (6, 4.95668840408325195312e+00) (0, -2.79077917337417602539e-01) (1, 5.17189860343933105469e-01) (2, 2.75892734527587890625e+00) (3, -1.07003517448902130127e-01) (4, 8.85641992092132568359e-01) (5, -3.50351303815841674805e-01) (6, 6.01037085056304931641e-01) (0, -9.86937880516052246094e-02) (1, 9.20508727431297302246e-02) (2, 1.15165332031250000000e+03) (3, 2.72206723690032958984e-01) (4, 1.00679904222488403320e-01) (5, -4.37625914812088012695e-01) (6, 4.26579523086547851562e+00) (0, 3.46670349121093750000e+02) (1, 4.26645660400390625000e+02) (2, -1.00075079345703125000e+03) (3, 1.85091075897216796875e+01) (4, 1.49582055664062500000e+03) (5, 9.95274780273437500000e+02) (6, 3.91991662979125976562e+00) (0, -2.11114168167114257812e-01) (1, 2.16391146183013916016e-01) (2, 5.23029379546642303467e-02) (3, -1.85156866908073425293e-01) (4, 3.45910340547561645508e-01) (5, -1.75816386938095092773e-01) (6, 2.34259033203125000000e+00) (7, -6.98115453124046325684e-02) (8, 1.07295178222656250000e+03) (9, -9.09795835614204406738e-02) (10, -4.53002154827117919922e-02) (11, -6.65413066744804382324e-02) (12, -8.68951156735420227051e-02) (13, 3.45412313938140869141e-01) (14, -3.83855104446411132812e-02) (15, 6.06561377644538879395e-02) 
