FANN_FLO_2.1
num_layers=3
learning_rate=0.500000
connection_rate=1.000000
network_type=0
learning_momentum=0.000000
training_algorithm=2
train_error_function=1
train_stop_function=0
cascade_output_change_fraction=0.010000
quickprop_decay=-0.000100
quickprop_mu=1.750000
rprop_increase_factor=1.200000
rprop_decrease_factor=0.500000
rprop_delta_min=0.000000
rprop_delta_max=50.000000
rprop_delta_zero=0.100000
cascade_output_stagnation_epochs=12
cascade_candidate_change_fraction=0.010000
cascade_candidate_stagnation_epochs=12
cascade_max_out_epochs=150
cascade_min_out_epochs=50
cascade_max_cand_epochs=150
cascade_min_cand_epochs=50
cascade_num_candidate_groups=2
bit_fail_limit=3.49999994039535522461e-01
cascade_candidate_limit=1.00000000000000000000e+03
cascade_weight_multiplier=4.00000005960464477539e-01
cascade_activation_functions_count=10
cascade_activation_functions=3 5 7 8 10 11 14 15 16 17 
cascade_activation_steepnesses_count=4
cascade_activation_steepnesses=2.50000000000000000000e-01 5.00000000000000000000e-01 7.50000000000000000000e-01 1.00000000000000000000e+00 
layer_sizes=3 9 4 
scale_included=0
neurons (num_inputs, activation_function, activation_steepness)=(0, 0, 0.00000000000000000000e+00) (0, 0, 0.00000000000000000000e+00) (0, 0, 0.00000000000000000000e+00) (3, 3, 5.00000000000000000000e-01) (3, 3, 5.00000000000000000000e-01) (3, 3, 5.00000000000000000000e-01) (3, 3, 5.00000000000000000000e-01) (3, 3, 5.00000000000000000000e-01) (3, 3, 5.00000000000000000000e-01) (3, 3, 5.00000000000000000000e-01) (3, 3, 5.00000000000000000000e-01) (0, 3, 0.00000000000000000000e+00) (9, 0, 5.00000000000000000000e-01) (9, 0, 5.00000000000000000000e-01) (9, 0, 5.00000000000000000000e-01) (0, 0, 0.00000000000000000000e+00) 
connections (connected_to_neuron, weight)=(0, -2.52621030807495117188e+00) (1, -8.71275886893272399902e-02) (2, 7.60415673255920410156e-01) (0, -1.30358922481536865234e+00) (1, -3.33453321456909179688e+00) (2, 4.94017362594604492188e-01) (0, -3.01147842407226562500e+00) (1, -2.56288528442382812500e-01) (2, 2.89382100105285644531e-01) (0, -5.79733180999755859375e+00) (1, 8.47545909881591796875e+00) (2, 6.67615032196044921875e+00) (0, -1.04225625991821289062e+01) (1, 7.57827806472778320312e+00) (2, 5.11577653884887695312e+00) (0, -7.53015136718750000000e+00) (1, 8.06347465515136718750e+00) (2, 5.73682165145874023438e+00) (0, -2.27568888664245605469e+00) (1, -1.90733945369720458984e+00) (2, 6.64461553096771240234e-01) (0, -3.92729091644287109375e+00) (1, 2.31700873374938964844e+00) (2, -2.98390299081802368164e-01) (3, 1.25189268589019775391e+00) (4, 1.87113451957702636719e+00) (5, 1.68652594089508056641e+00) (6, 9.03834819793701171875e-01) (7, 5.65517425537109375000e-01) (8, 8.95581662654876708984e-01) (9, 1.75576186180114746094e+00) (10, 1.74245941638946533203e+00) (11, 3.47542285919189453125e-01) (3, 3.36152434349060058594e+00) (4, 5.37017393112182617188e+00) (5, 3.68372440338134765625e+00) (6, 2.88726758956909179688e+00) (7, 2.37571620941162109375e+00) (8, 3.28264331817626953125e+00) (9, 6.45400476455688476562e+00) (10, 4.89110183715820312500e+00) (11, 2.32896065711975097656e+00) (3, 1.21282234191894531250e+01) (4, 1.88982849121093750000e+01) (5, 1.18161649703979492188e+01) (6, 1.03164873123168945312e+01) (7, 7.61515951156616210938e+00) (8, 1.02761821746826171875e+01) (9, 1.98807506561279296875e+01) (10, 1.40650835037231445312e+01) (11, 1.22026367187500000000e+01) 
