FANN_FLO_2.1
num_layers=3
learning_rate=0.500000
connection_rate=1.000000
network_type=0
learning_momentum=0.000000
training_algorithm=2
train_error_function=1
train_stop_function=0
cascade_output_change_fraction=0.010000
quickprop_decay=-0.000100
quickprop_mu=1.750000
rprop_increase_factor=1.200000
rprop_decrease_factor=0.500000
rprop_delta_min=0.000000
rprop_delta_max=50.000000
rprop_delta_zero=0.100000
cascade_output_stagnation_epochs=12
cascade_candidate_change_fraction=0.010000
cascade_candidate_stagnation_epochs=12
cascade_max_out_epochs=150
cascade_min_out_epochs=50
cascade_max_cand_epochs=150
cascade_min_cand_epochs=50
cascade_num_candidate_groups=2
bit_fail_limit=3.49999994039535522461e-01
cascade_candidate_limit=1.00000000000000000000e+03
cascade_weight_multiplier=4.00000005960464477539e-01
cascade_activation_functions_count=10
cascade_activation_functions=3 5 7 8 10 11 14 15 16 17 
cascade_activation_steepnesses_count=4
cascade_activation_steepnesses=2.50000000000000000000e-01 5.00000000000000000000e-01 7.50000000000000000000e-01 1.00000000000000000000e+00 
layer_sizes=3 9 4 
scale_included=0
neurons (num_inputs, activation_function, activation_steepness)=(0, 0, 0.00000000000000000000e+00) (0, 0, 0.00000000000000000000e+00) (0, 0, 0.00000000000000000000e+00) (3, 3, 5.00000000000000000000e-01) (3, 3, 5.00000000000000000000e-01) (3, 3, 5.00000000000000000000e-01) (3, 3, 5.00000000000000000000e-01) (3, 3, 5.00000000000000000000e-01) (3, 3, 5.00000000000000000000e-01) (3, 3, 5.00000000000000000000e-01) (3, 3, 5.00000000000000000000e-01) (0, 3, 0.00000000000000000000e+00) (9, 0, 5.00000000000000000000e-01) (9, 0, 5.00000000000000000000e-01) (9, 0, 5.00000000000000000000e-01) (0, 0, 0.00000000000000000000e+00) 
connections (connected_to_neuron, weight)=(0, -1.32331495285034179688e+01) (1, -1.17473649978637695312e+00) (2, 4.79065275192260742188e+00) (0, -1.10436935424804687500e+01) (1, 5.26192092895507812500e+00) (2, 2.16762123107910156250e+01) (0, -3.69571161270141601562e+00) (1, 1.22016191482543945312e+00) (2, 1.51949858665466308594e+00) (0, -9.35801029205322265625e+00) (1, 6.96042633056640625000e+00) (2, 5.54131126403808593750e+00) (0, -4.00807142257690429688e+00) (1, 1.20640683174133300781e+00) (2, 1.66335070133209228516e+00) (0, -9.24695301055908203125e+00) (1, 1.07149524688720703125e+01) (2, 7.94456911087036132812e+00) (0, -3.61176948547363281250e+01) (1, -7.16573619842529296875e+00) (2, -1.16285884380340576172e+00) (0, -2.16385912895202636719e+00) (1, -2.64432120323181152344e+00) (2, 3.27434778213500976562e-01) (3, 8.51534605026245117188e-01) (4, 5.32016575336456298828e-01) (5, 1.24310016632080078125e+00) (6, 1.04066765308380126953e+00) (7, 1.10569727420806884766e+00) (8, 6.60257458686828613281e-01) (9, 1.59323358535766601562e+00) (10, 3.27878618240356445312e+00) (11, 5.08571207523345947266e-01) (3, 2.89833450317382812500e+00) (4, 2.24970912933349609375e+00) (5, 3.54393243789672851562e+00) (6, 3.35904788970947265625e+00) (7, 3.31820368766784667969e+00) (8, 2.81986546516418457031e+00) (9, 3.39431238174438476562e+00) (10, 9.41783714294433593750e+00) (11, 2.27959585189819335938e+00) (3, 1.05153608322143554688e+01) (4, 1.01367530822753906250e+01) (5, 1.04074068069458007812e+01) (6, 9.99223041534423828125e+00) (7, 1.04780530929565429688e+01) (8, 1.00388631820678710938e+01) (9, 9.92218780517578125000e+00) (10, 2.99926300048828125000e+01) (11, 9.95302200317382812500e+00) 
