FANN_FLO_2.1
num_layers=4
learning_rate=0.450000
connection_rate=1.000000
network_type=0
learning_momentum=0.000000
training_algorithm=2
train_error_function=1
train_stop_function=0
cascade_output_change_fraction=0.010000
quickprop_decay=-0.000100
quickprop_mu=1.750000
rprop_increase_factor=1.200000
rprop_decrease_factor=0.500000
rprop_delta_min=0.000000
rprop_delta_max=50.000000
rprop_delta_zero=0.100000
cascade_output_stagnation_epochs=12
cascade_candidate_change_fraction=0.010000
cascade_candidate_stagnation_epochs=12
cascade_max_out_epochs=150
cascade_min_out_epochs=50
cascade_max_cand_epochs=150
cascade_min_cand_epochs=50
cascade_num_candidate_groups=2
bit_fail_limit=3.49999994039535522461e-01
cascade_candidate_limit=1.00000000000000000000e+03
cascade_weight_multiplier=4.00000005960464477539e-01
cascade_activation_functions_count=10
cascade_activation_functions=3 5 7 8 10 11 14 15 16 17 
cascade_activation_steepnesses_count=4
cascade_activation_steepnesses=2.50000000000000000000e-01 5.00000000000000000000e-01 7.50000000000000000000e-01 1.00000000000000000000e+00 
layer_sizes=7 3 3 2 
scale_included=0
neurons (num_inputs, activation_function, activation_steepness)=(0, 0, 0.00000000000000000000e+00) (0, 0, 0.00000000000000000000e+00) (0, 0, 0.00000000000000000000e+00) (0, 0, 0.00000000000000000000e+00) (0, 0, 0.00000000000000000000e+00) (0, 0, 0.00000000000000000000e+00) (0, 0, 0.00000000000000000000e+00) (7, 3, 5.00000000000000000000e-01) (7, 3, 5.00000000000000000000e-01) (0, 3, 0.00000000000000000000e+00) (3, 3, 5.00000000000000000000e-01) (3, 3, 5.00000000000000000000e-01) (0, 3, 0.00000000000000000000e+00) (3, 0, 5.00000000000000000000e-01) (0, 0, 0.00000000000000000000e+00) 
connections (connected_to_neuron, weight)=(0, -3.25326995849609375000e+02) (1, 4.53355743408203125000e+02) (2, -1.42877380371093750000e+03) (3, -1.82226440429687500000e+02) (4, -8.57572631835937500000e+02) (5, -8.23337829589843750000e+02) (6, 2.28623223304748535156e+00) (0, -4.42971008300781250000e+02) (1, 4.55608764648437500000e+02) (2, -1.16999771118164062500e+02) (3, -6.94495117187500000000e+02) (4, 9.85688018798828125000e+00) (5, 8.10913330078125000000e+02) (6, -1.66214691162109375000e+02) (7, 1.50000000000000000000e+03) (8, 5.00000000000000000000e+01) (9, -6.07355213165283203125e+00) (7, 1.50000000000000000000e+03) (8, 5.00000000000000000000e+01) (9, -6.37185215950012207031e-01) (10, 1.73117506504058837891e+00) (11, 6.98707997798919677734e-03) (12, 8.12997855246067047119e-03) 
