FANN_FLO_2.1
num_layers=3
learning_rate=0.500000
connection_rate=1.000000
network_type=0
learning_momentum=0.000000
training_algorithm=2
train_error_function=1
train_stop_function=0
cascade_output_change_fraction=0.010000
quickprop_decay=-0.000100
quickprop_mu=1.750000
rprop_increase_factor=1.200000
rprop_decrease_factor=0.500000
rprop_delta_min=0.000000
rprop_delta_max=50.000000
rprop_delta_zero=0.100000
cascade_output_stagnation_epochs=12
cascade_candidate_change_fraction=0.010000
cascade_candidate_stagnation_epochs=12
cascade_max_out_epochs=150
cascade_min_out_epochs=50
cascade_max_cand_epochs=150
cascade_min_cand_epochs=50
cascade_num_candidate_groups=2
bit_fail_limit=3.49999994039535522461e-01
cascade_candidate_limit=1.00000000000000000000e+03
cascade_weight_multiplier=4.00000005960464477539e-01
cascade_activation_functions_count=10
cascade_activation_functions=3 5 7 8 10 11 14 15 16 17 
cascade_activation_steepnesses_count=4
cascade_activation_steepnesses=2.50000000000000000000e-01 5.00000000000000000000e-01 7.50000000000000000000e-01 1.00000000000000000000e+00 
layer_sizes=3 9 4 
scale_included=0
neurons (num_inputs, activation_function, activation_steepness)=(0, 0, 0.00000000000000000000e+00) (0, 0, 0.00000000000000000000e+00) (0, 0, 0.00000000000000000000e+00) (3, 3, 5.00000000000000000000e-01) (3, 3, 5.00000000000000000000e-01) (3, 3, 5.00000000000000000000e-01) (3, 3, 5.00000000000000000000e-01) (3, 3, 5.00000000000000000000e-01) (3, 3, 5.00000000000000000000e-01) (3, 3, 5.00000000000000000000e-01) (3, 3, 5.00000000000000000000e-01) (0, 3, 0.00000000000000000000e+00) (9, 0, 5.00000000000000000000e-01) (9, 0, 5.00000000000000000000e-01) (9, 0, 5.00000000000000000000e-01) (0, 0, 0.00000000000000000000e+00) 
connections (connected_to_neuron, weight)=(0, -7.15839147567749023438e+00) (1, 5.11303520202636718750e+00) (2, 9.25998020172119140625e+00) (0, -8.20214080810546875000e+00) (1, 3.72637820243835449219e+00) (2, 4.68680334091186523438e+00) (0, -5.74249362945556640625e+00) (1, 2.02801156044006347656e+00) (2, 6.97412133216857910156e-01) (0, -4.59463119506835937500e+00) (1, -9.20617133378982543945e-02) (2, -3.62945795059204101562e-01) (0, -1.37002429199218750000e+03) (1, -1.24521850585937500000e+03) (2, -1.65639853477478027344e+00) (0, -1.84096109867095947266e+00) (1, -1.48654966354370117188e+01) (2, 4.23018569946289062500e+01) (0, -7.39557790756225585938e+00) (1, 5.60220813751220703125e+00) (2, 5.95186853408813476562e+00) (0, -1.86817586421966552734e+00) (1, -2.78867387771606445312e+00) (2, 1.23345053195953369141e+00) (3, 6.70699059963226318359e-01) (4, 7.76834070682525634766e-01) (5, 1.22236263751983642578e+00) (6, 3.31948184967041015625e+00) (7, 1.32164525985717773438e+00) (8, 6.41527771949768066406e-01) (9, 8.02236318588256835938e-01) (10, 1.26470839977264404297e+00) (11, 4.54110294580459594727e-01) (3, 2.21651649475097656250e+00) (4, 3.34430861473083496094e+00) (5, 3.02102684974670410156e+00) (6, 7.17830276489257812500e+00) (7, 3.02253127098083496094e+00) (8, 2.11592817306518554688e+00) (9, 3.67828083038330078125e+00) (10, 5.78800773620605468750e+00) (11, 2.45169949531555175781e+00) (3, 9.32586097717285156250e+00) (4, 1.00319013595581054688e+01) (5, 1.27091846466064453125e+01) (6, 2.12902832031250000000e+01) (7, 1.17927801609039306641e+00) (8, 8.84469985961914062500e+00) (9, 9.91484165191650390625e+00) (10, 2.89420719146728515625e+01) (11, 8.95252704620361328125e+00) 
