FANN_FLO_2.1
num_layers=4
learning_rate=0.450000
connection_rate=1.000000
network_type=0
learning_momentum=0.000000
training_algorithm=2
train_error_function=1
train_stop_function=0
cascade_output_change_fraction=0.010000
quickprop_decay=-0.000100
quickprop_mu=1.750000
rprop_increase_factor=1.200000
rprop_decrease_factor=0.500000
rprop_delta_min=0.000000
rprop_delta_max=50.000000
rprop_delta_zero=0.100000
cascade_output_stagnation_epochs=12
cascade_candidate_change_fraction=0.010000
cascade_candidate_stagnation_epochs=12
cascade_max_out_epochs=150
cascade_min_out_epochs=50
cascade_max_cand_epochs=150
cascade_min_cand_epochs=50
cascade_num_candidate_groups=2
bit_fail_limit=3.49999994039535522461e-01
cascade_candidate_limit=1.00000000000000000000e+03
cascade_weight_multiplier=4.00000005960464477539e-01
cascade_activation_functions_count=10
cascade_activation_functions=3 5 7 8 10 11 14 15 16 17 
cascade_activation_steepnesses_count=4
cascade_activation_steepnesses=2.50000000000000000000e-01 5.00000000000000000000e-01 7.50000000000000000000e-01 1.00000000000000000000e+00 
layer_sizes=7 5 5 2 
scale_included=0
neurons (num_inputs, activation_function, activation_steepness)=(0, 0, 0.00000000000000000000e+00) (0, 0, 0.00000000000000000000e+00) (0, 0, 0.00000000000000000000e+00) (0, 0, 0.00000000000000000000e+00) (0, 0, 0.00000000000000000000e+00) (0, 0, 0.00000000000000000000e+00) (0, 0, 0.00000000000000000000e+00) (7, 3, 5.00000000000000000000e-01) (7, 3, 5.00000000000000000000e-01) (7, 3, 5.00000000000000000000e-01) (7, 3, 5.00000000000000000000e-01) (0, 3, 0.00000000000000000000e+00) (5, 3, 5.00000000000000000000e-01) (5, 3, 5.00000000000000000000e-01) (5, 3, 5.00000000000000000000e-01) (5, 3, 5.00000000000000000000e-01) (0, 3, 0.00000000000000000000e+00) (5, 0, 5.00000000000000000000e-01) (0, 0, 0.00000000000000000000e+00) 
connections (connected_to_neuron, weight)=(0, -7.01529085636138916016e-02) (1, -2.11632139980792999268e-02) (2, 7.33631014823913574219e-01) (3, -9.32183414697647094727e-02) (4, -3.72410728596150875092e-03) (5, 7.33774840831756591797e-01) (6, -5.69161272048950195312e+00) (0, 8.65180778503417968750e+00) (1, -9.47401855468750000000e+02) (2, -7.51571838378906250000e+02) (3, 1.50000000000000000000e+03) (4, -6.62424316406250000000e+01) (5, -6.85771850585937500000e+02) (6, 7.38467693328857421875e-01) (0, 8.06957817077636718750e+00) (1, -1.50000000000000000000e+03) (2, -9.15800048828125000000e+02) (3, 1.49588842773437500000e+03) (4, -1.13560009765625000000e+03) (5, -8.14371826171875000000e+02) (6, 4.29529339075088500977e-01) (0, 5.53573742508888244629e-02) (1, 4.26341146230697631836e-02) (2, 1.29856914281845092773e-01) (3, -5.54262161254882812500e-01) (4, 2.76405858993530273438e+00) (5, -2.36126944422721862793e-01) (6, 1.82792651653289794922e+00) (7, 4.22452020645141601562e+00) (8, 1.59159243106842041016e-01) (9, 8.63034546375274658203e-01) (10, -7.87161874771118164062e+00) (11, 9.75018084049224853516e-01) (7, -1.39089250564575195312e+00) (8, -2.21844725310802459717e-02) (9, -1.50076961517333984375e+00) (10, 3.30524039268493652344e+00) (11, -1.11259788274765014648e-01) (7, -3.72905373573303222656e+00) (8, -1.79073309898376464844e+00) (9, -3.27797979116439819336e-01) (10, 4.46496248245239257812e+00) (11, -1.60948559641838073730e-02) (7, 4.37500335693359375000e+02) (8, -6.78637313842773437500e+00) (9, 2.03495311737060546875e+00) (10, 6.37620353698730468750e+01) (11, -1.52268543243408203125e+01) (12, 6.12460434436798095703e-01) (13, 6.25429153442382812500e-02) (14, 4.82166372239589691162e-02) (15, -2.87851274013519287109e-01) (16, 1.93746104836463928223e-01) 
