FANN_FLO_2.1
num_layers=3
learning_rate=0.450000
connection_rate=1.000000
network_type=0
learning_momentum=0.000000
training_algorithm=2
train_error_function=1
train_stop_function=0
cascade_output_change_fraction=0.010000
quickprop_decay=-0.000100
quickprop_mu=1.750000
rprop_increase_factor=1.200000
rprop_decrease_factor=0.500000
rprop_delta_min=0.000000
rprop_delta_max=50.000000
rprop_delta_zero=0.100000
cascade_output_stagnation_epochs=12
cascade_candidate_change_fraction=0.010000
cascade_candidate_stagnation_epochs=12
cascade_max_out_epochs=150
cascade_min_out_epochs=50
cascade_max_cand_epochs=150
cascade_min_cand_epochs=50
cascade_num_candidate_groups=2
bit_fail_limit=3.49999994039535522461e-01
cascade_candidate_limit=1.00000000000000000000e+03
cascade_weight_multiplier=4.00000005960464477539e-01
cascade_activation_functions_count=10
cascade_activation_functions=3 5 7 8 10 11 14 15 16 17 
cascade_activation_steepnesses_count=4
cascade_activation_steepnesses=2.50000000000000000000e-01 5.00000000000000000000e-01 7.50000000000000000000e-01 1.00000000000000000000e+00 
layer_sizes=7 5 2 
scale_included=0
neurons (num_inputs, activation_function, activation_steepness)=(0, 0, 0.00000000000000000000e+00) (0, 0, 0.00000000000000000000e+00) (0, 0, 0.00000000000000000000e+00) (0, 0, 0.00000000000000000000e+00) (0, 0, 0.00000000000000000000e+00) (0, 0, 0.00000000000000000000e+00) (0, 0, 0.00000000000000000000e+00) (7, 3, 5.00000000000000000000e-01) (7, 3, 5.00000000000000000000e-01) (7, 3, 5.00000000000000000000e-01) (7, 3, 5.00000000000000000000e-01) (0, 3, 0.00000000000000000000e+00) (5, 0, 5.00000000000000000000e-01) (0, 0, 0.00000000000000000000e+00) 
connections (connected_to_neuron, weight)=(0, -2.81672447919845581055e-01) (1, 2.83630311489105224609e-01) (2, -6.20581768453121185303e-02) (3, 1.14627413451671600342e-01) (4, 1.05911076068878173828e+00) (5, -1.11286902427673339844e+00) (6, -1.10413515567779541016e+00) (0, -7.18804216384887695312e+00) (1, 5.49369454383850097656e-01) (2, -8.71759510040283203125e+00) (3, -7.08440256118774414062e+00) (4, 8.86116600036621093750e+00) (5, 9.24296569824218750000e+00) (6, -5.98796531558036804199e-02) (0, 1.24361226335167884827e-02) (1, -3.83029878139495849609e-02) (2, -1.97349652647972106934e-01) (3, 1.39240220189094543457e-01) (4, -1.29614090919494628906e+00) (5, 7.33950853347778320312e-01) (6, -2.80431342124938964844e+00) (0, -9.22072306275367736816e-02) (1, 4.38269734382629394531e-01) (2, -3.65668535232543945312e-01) (3, -2.11873650550842285156e-02) (4, 1.91473662853240966797e-01) (5, -2.74232059717178344727e-01) (6, 4.40007829666137695312e+00) (7, 8.52417573332786560059e-02) (8, -5.70018496364355087280e-03) (9, 2.75041389465332031250e+00) (10, -3.05388927459716796875e-01) (11, 2.30764582753181457520e-01) 
