FANN_FLO_2.1
num_layers=4
learning_rate=0.500000
connection_rate=1.000000
network_type=0
learning_momentum=0.000000
training_algorithm=2
train_error_function=1
train_stop_function=0
cascade_output_change_fraction=0.010000
quickprop_decay=-0.000100
quickprop_mu=1.750000
rprop_increase_factor=1.200000
rprop_decrease_factor=0.500000
rprop_delta_min=0.000000
rprop_delta_max=50.000000
rprop_delta_zero=0.100000
cascade_output_stagnation_epochs=12
cascade_candidate_change_fraction=0.010000
cascade_candidate_stagnation_epochs=12
cascade_max_out_epochs=150
cascade_min_out_epochs=50
cascade_max_cand_epochs=150
cascade_min_cand_epochs=50
cascade_num_candidate_groups=2
bit_fail_limit=3.49999994039535522461e-01
cascade_candidate_limit=1.00000000000000000000e+03
cascade_weight_multiplier=4.00000005960464477539e-01
cascade_activation_functions_count=10
cascade_activation_functions=3 5 7 8 10 11 14 15 16 17 
cascade_activation_steepnesses_count=4
cascade_activation_steepnesses=2.50000000000000000000e-01 5.00000000000000000000e-01 7.50000000000000000000e-01 1.00000000000000000000e+00 
layer_sizes=4 5 3 2 
scale_included=0
neurons (num_inputs, activation_function, activation_steepness)=(0, 0, 0.00000000000000000000e+00) (0, 0, 0.00000000000000000000e+00) (0, 0, 0.00000000000000000000e+00) (0, 0, 0.00000000000000000000e+00) (4, 3, 5.00000000000000000000e-01) (4, 3, 5.00000000000000000000e-01) (4, 3, 5.00000000000000000000e-01) (4, 3, 5.00000000000000000000e-01) (0, 3, 0.00000000000000000000e+00) (5, 3, 5.00000000000000000000e-01) (5, 3, 5.00000000000000000000e-01) (0, 3, 0.00000000000000000000e+00) (3, 3, 5.00000000000000000000e-01) (0, 3, 0.00000000000000000000e+00) 
connections (connected_to_neuron, weight)=(0, 7.82146453857421875000e+00) (1, -2.38520698547363281250e+01) (2, 2.35615539550781250000e+01) (3, -8.22910308837890625000e-01) (0, -4.48886930942535400391e-01) (1, -1.45978126525878906250e+01) (2, 4.10883760452270507812e+00) (3, 7.47490301728248596191e-02) (0, -1.92912173271179199219e+00) (1, -2.28042163848876953125e+01) (2, 4.28834152221679687500e+00) (3, -1.75048131495714187622e-02) (0, -4.43207120895385742188e+00) (1, -8.10671997070312500000e+00) (2, 2.09682035446166992188e+00) (3, 3.45242786407470703125e+00) (4, -5.36895322799682617188e+00) (5, -8.42362880706787109375e+00) (6, -1.87354393005371093750e+01) (7, 3.48485374450683593750e+01) (8, -1.13512885570526123047e+00) (4, 7.31835479736328125000e+01) (5, 7.85896377563476562500e+01) (6, 4.14270233154296875000e+02) (7, 1.05322608947753906250e+01) (8, -6.82682085037231445312e+00) (9, -4.78820514678955078125e+00) (10, 1.67906618118286132812e+00) (11, 8.68820846080780029297e-01) 
