FANN_FLO_2.1
num_layers=4
learning_rate=0.500000
connection_rate=1.000000
network_type=0
learning_momentum=0.000000
training_algorithm=2
train_error_function=1
train_stop_function=0
cascade_output_change_fraction=0.010000
quickprop_decay=-0.000100
quickprop_mu=1.750000
rprop_increase_factor=1.200000
rprop_decrease_factor=0.500000
rprop_delta_min=0.000000
rprop_delta_max=50.000000
rprop_delta_zero=0.100000
cascade_output_stagnation_epochs=12
cascade_candidate_change_fraction=0.010000
cascade_candidate_stagnation_epochs=12
cascade_max_out_epochs=150
cascade_min_out_epochs=50
cascade_max_cand_epochs=150
cascade_min_cand_epochs=50
cascade_num_candidate_groups=2
bit_fail_limit=3.49999994039535522461e-01
cascade_candidate_limit=1.00000000000000000000e+03
cascade_weight_multiplier=4.00000005960464477539e-01
cascade_activation_functions_count=10
cascade_activation_functions=3 5 7 8 10 11 14 15 16 17 
cascade_activation_steepnesses_count=4
cascade_activation_steepnesses=2.50000000000000000000e-01 5.00000000000000000000e-01 7.50000000000000000000e-01 1.00000000000000000000e+00 
layer_sizes=18 3 3 2 
scale_included=0
neurons (num_inputs, activation_function, activation_steepness)=(0, 0, 0.00000000000000000000e+00) (0, 0, 0.00000000000000000000e+00) (0, 0, 0.00000000000000000000e+00) (0, 0, 0.00000000000000000000e+00) (0, 0, 0.00000000000000000000e+00) (0, 0, 0.00000000000000000000e+00) (0, 0, 0.00000000000000000000e+00) (0, 0, 0.00000000000000000000e+00) (0, 0, 0.00000000000000000000e+00) (0, 0, 0.00000000000000000000e+00) (0, 0, 0.00000000000000000000e+00) (0, 0, 0.00000000000000000000e+00) (0, 0, 0.00000000000000000000e+00) (0, 0, 0.00000000000000000000e+00) (0, 0, 0.00000000000000000000e+00) (0, 0, 0.00000000000000000000e+00) (0, 0, 0.00000000000000000000e+00) (0, 0, 0.00000000000000000000e+00) (18, 3, 5.00000000000000000000e-01) (18, 3, 5.00000000000000000000e-01) (0, 3, 0.00000000000000000000e+00) (3, 3, 5.00000000000000000000e-01) (3, 3, 5.00000000000000000000e-01) (0, 3, 0.00000000000000000000e+00) (3, 0, 5.00000000000000000000e-01) (0, 0, 0.00000000000000000000e+00) 
connections (connected_to_neuron, weight)=(0, 1.28546657562255859375e+01) (1, 1.96789340972900390625e+01) (2, 1.92923774719238281250e+01) (3, 1.97293834686279296875e+01) (4, -1.53280456542968750000e+02) (5, 4.22176284790039062500e+01) (6, 1.33497266769409179688e+01) (7, 2.11250076293945312500e+01) (8, 2.01576747894287109375e+01) (9, 1.98566169738769531250e+01) (10, 1.92779808044433593750e+01) (11, 1.98119373321533203125e+01) (12, 2.01758575439453125000e+01) (13, 2.31164588928222656250e+01) (14, 2.12003440856933593750e+01) (15, 2.01715621948242187500e+01) (16, 1.99349212646484375000e+01) (17, 2.67023992538452148438e+00) (0, 8.16395878791809082031e-01) (1, 7.81683623790740966797e-01) (2, 7.54768311977386474609e-01) (3, 7.88894116878509521484e-01) (4, 7.30325281620025634766e-01) (5, -6.60699605941772460938e-01) (6, -9.38018858432769775391e-01) (7, -5.40662825107574462891e-01) (8, -9.02957171201705932617e-02) (9, 7.06421196460723876953e-01) (10, 8.74193251132965087891e-01) (11, 8.90309274196624755859e-01) (12, 6.76556885242462158203e-01) (13, 7.98360347747802734375e-01) (14, 7.57749259471893310547e-01) (15, 7.71699547767639160156e-01) (16, 8.33999037742614746094e-01) (17, -3.25569057464599609375e+00) (18, 1.80314779281616210938e+00) (19, 1.50000000000000000000e+03) (20, 1.75483012199401855469e+00) (18, -1.44800221920013427734e+00) (19, 5.56335401535034179688e+00) (20, -1.46295034885406494141e+00) (21, 1.81195676326751708984e+00) (22, 9.95368289947509765625e+00) (23, 1.66690933704376220703e+00) 
