FANN_FLO_2.1
num_layers=4
learning_rate=0.500000
connection_rate=1.000000
network_type=0
learning_momentum=0.000000
training_algorithm=2
train_error_function=1
train_stop_function=0
cascade_output_change_fraction=0.010000
quickprop_decay=-0.000100
quickprop_mu=1.750000
rprop_increase_factor=1.200000
rprop_decrease_factor=0.500000
rprop_delta_min=0.000000
rprop_delta_max=50.000000
rprop_delta_zero=0.100000
cascade_output_stagnation_epochs=12
cascade_candidate_change_fraction=0.010000
cascade_candidate_stagnation_epochs=12
cascade_max_out_epochs=150
cascade_min_out_epochs=50
cascade_max_cand_epochs=150
cascade_min_cand_epochs=50
cascade_num_candidate_groups=2
bit_fail_limit=3.49999994039535522461e-01
cascade_candidate_limit=1.00000000000000000000e+03
cascade_weight_multiplier=4.00000005960464477539e-01
cascade_activation_functions_count=10
cascade_activation_functions=3 5 7 8 10 11 14 15 16 17 
cascade_activation_steepnesses_count=4
cascade_activation_steepnesses=2.50000000000000000000e-01 5.00000000000000000000e-01 7.50000000000000000000e-01 1.00000000000000000000e+00 
layer_sizes=4 5 5 2 
scale_included=0
neurons (num_inputs, activation_function, activation_steepness)=(0, 0, 0.00000000000000000000e+00) (0, 0, 0.00000000000000000000e+00) (0, 0, 0.00000000000000000000e+00) (0, 0, 0.00000000000000000000e+00) (4, 3, 5.00000000000000000000e-01) (4, 3, 5.00000000000000000000e-01) (4, 3, 5.00000000000000000000e-01) (4, 3, 5.00000000000000000000e-01) (0, 3, 0.00000000000000000000e+00) (5, 3, 5.00000000000000000000e-01) (5, 3, 5.00000000000000000000e-01) (5, 3, 5.00000000000000000000e-01) (5, 3, 5.00000000000000000000e-01) (0, 3, 0.00000000000000000000e+00) (5, 3, 5.00000000000000000000e-01) (0, 3, 0.00000000000000000000e+00) 
connections (connected_to_neuron, weight)=(0, -3.45531153678894042969e+00) (1, -1.13324260711669921875e+01) (2, 4.92406845092773437500e+00) (3, 2.37023401260375976562e+00) (0, 4.15240240097045898438e+00) (1, -7.92332077026367187500e+00) (2, 1.78349132537841796875e+01) (3, -3.42247653007507324219e+00) (0, 3.78509044647216796875e+00) (1, 6.39384126663208007812e+00) (2, 1.50000000000000000000e+03) (3, 2.47028803825378417969e+00) (0, -7.47777605056762695312e+00) (1, -7.68976867198944091797e-01) (2, -4.29234409332275390625e+00) (3, 6.07196187973022460938e+00) (4, 1.90428695678710937500e+01) (5, -7.07382249832153320312e+00) (6, -3.36379790306091308594e+00) (7, 2.35926113128662109375e+01) (8, -7.99829587340354919434e-02) (4, 1.44877071380615234375e+01) (5, -5.45233154296875000000e+00) (6, -2.98519253730773925781e+00) (7, 1.95053787231445312500e+01) (8, -4.10177707672119140625e-02) (4, 1.80490932464599609375e+01) (5, -5.08908462524414062500e+00) (6, -5.92106533050537109375e+00) (7, 2.55002346038818359375e+01) (8, 2.04027280211448669434e-01) (4, 1.60666389465332031250e+01) (5, -5.82095289230346679688e+00) (6, -3.38541460037231445312e+00) (7, 2.06850452423095703125e+01) (8, 1.26310318708419799805e-01) (9, -1.25517988204956054688e+00) (10, -7.43301689624786376953e-01) (11, -1.68172252178192138672e+00) (12, -1.01113474369049072266e+00) (13, 2.42375993728637695312e+00) 
