FANN_FLO_2.1
num_layers=3
learning_rate=0.400000
connection_rate=1.000000
network_type=0
learning_momentum=0.000000
training_algorithm=2
train_error_function=1
train_stop_function=0
cascade_output_change_fraction=0.010000
quickprop_decay=-0.000100
quickprop_mu=1.750000
rprop_increase_factor=1.200000
rprop_decrease_factor=0.500000
rprop_delta_min=0.000000
rprop_delta_max=50.000000
rprop_delta_zero=0.100000
cascade_output_stagnation_epochs=12
cascade_candidate_change_fraction=0.010000
cascade_candidate_stagnation_epochs=12
cascade_max_out_epochs=150
cascade_min_out_epochs=50
cascade_max_cand_epochs=150
cascade_min_cand_epochs=50
cascade_num_candidate_groups=2
bit_fail_limit=3.49999994039535522461e-01
cascade_candidate_limit=1.00000000000000000000e+03
cascade_weight_multiplier=4.00000005960464477539e-01
cascade_activation_functions_count=10
cascade_activation_functions=3 5 7 8 10 11 14 15 16 17 
cascade_activation_steepnesses_count=4
cascade_activation_steepnesses=2.50000000000000000000e-01 5.00000000000000000000e-01 7.50000000000000000000e-01 1.00000000000000000000e+00 
layer_sizes=6 5 2 
scale_included=0
neurons (num_inputs, activation_function, activation_steepness)=(0, 0, 0.00000000000000000000e+00) (0, 0, 0.00000000000000000000e+00) (0, 0, 0.00000000000000000000e+00) (0, 0, 0.00000000000000000000e+00) (0, 0, 0.00000000000000000000e+00) (0, 0, 0.00000000000000000000e+00) (6, 3, 5.00000000000000000000e-01) (6, 3, 5.00000000000000000000e-01) (6, 3, 5.00000000000000000000e-01) (6, 3, 5.00000000000000000000e-01) (0, 3, 0.00000000000000000000e+00) (5, 0, 5.00000000000000000000e-01) (0, 0, 0.00000000000000000000e+00) 
connections (connected_to_neuron, weight)=(0, -1.50000000000000000000e+03) (1, -4.41020935058593750000e+02) (2, 3.30332298278808593750e+01) (3, -7.96103027343750000000e+02) (4, -5.79508686065673828125e+00) (5, -9.50822162628173828125e+00) (0, -1.50000000000000000000e+03) (1, -4.57588815689086914062e+00) (2, -5.59594154357910156250e-01) (3, -2.40826702117919921875e+00) (4, -1.07726223766803741455e-01) (5, -1.01779438555240631104e-01) (0, -1.50000000000000000000e+03) (1, -4.41029691696166992188e+00) (2, -2.67063796520233154297e-01) (3, -4.50592088699340820312e+00) (4, 2.28513292968273162842e-02) (5, -4.84588071703910827637e-02) (0, -1.50000000000000000000e+03) (1, -2.91531467437744140625e+01) (2, -2.50033408403396606445e-01) (3, -1.29092254638671875000e+01) (4, -2.81533181667327880859e-01) (5, -5.03875112533569335938e+00) (6, 3.45821112394332885742e-01) (7, 6.94240689277648925781e-01) (8, 7.44764029979705810547e-01) (9, 1.39973509311676025391e+00) (10, 6.20727896690368652344e-01) 
