FANN_FLO_2.1
num_layers=4
learning_rate=0.450000
connection_rate=1.000000
network_type=0
learning_momentum=0.000000
training_algorithm=2
train_error_function=1
train_stop_function=0
cascade_output_change_fraction=0.010000
quickprop_decay=-0.000100
quickprop_mu=1.750000
rprop_increase_factor=1.200000
rprop_decrease_factor=0.500000
rprop_delta_min=0.000000
rprop_delta_max=50.000000
rprop_delta_zero=0.100000
cascade_output_stagnation_epochs=12
cascade_candidate_change_fraction=0.010000
cascade_candidate_stagnation_epochs=12
cascade_max_out_epochs=150
cascade_min_out_epochs=50
cascade_max_cand_epochs=150
cascade_min_cand_epochs=50
cascade_num_candidate_groups=2
bit_fail_limit=3.49999994039535522461e-01
cascade_candidate_limit=1.00000000000000000000e+03
cascade_weight_multiplier=4.00000005960464477539e-01
cascade_activation_functions_count=10
cascade_activation_functions=3 5 7 8 10 11 14 15 16 17 
cascade_activation_steepnesses_count=4
cascade_activation_steepnesses=2.50000000000000000000e-01 5.00000000000000000000e-01 7.50000000000000000000e-01 1.00000000000000000000e+00 
layer_sizes=7 5 5 2 
scale_included=0
neurons (num_inputs, activation_function, activation_steepness)=(0, 0, 0.00000000000000000000e+00) (0, 0, 0.00000000000000000000e+00) (0, 0, 0.00000000000000000000e+00) (0, 0, 0.00000000000000000000e+00) (0, 0, 0.00000000000000000000e+00) (0, 0, 0.00000000000000000000e+00) (0, 0, 0.00000000000000000000e+00) (7, 3, 5.00000000000000000000e-01) (7, 3, 5.00000000000000000000e-01) (7, 3, 5.00000000000000000000e-01) (7, 3, 5.00000000000000000000e-01) (0, 3, 0.00000000000000000000e+00) (5, 3, 5.00000000000000000000e-01) (5, 3, 5.00000000000000000000e-01) (5, 3, 5.00000000000000000000e-01) (5, 3, 5.00000000000000000000e-01) (0, 3, 0.00000000000000000000e+00) (5, 0, 5.00000000000000000000e-01) (0, 0, 0.00000000000000000000e+00) 
connections (connected_to_neuron, weight)=(0, -6.09452148437500000000e+02) (1, -9.11075317382812500000e+02) (2, 9.32544982910156250000e+02) (3, -6.82104309082031250000e+02) (4, 9.05793884277343750000e+02) (5, 1.47794937133789062500e+02) (6, 1.43650662899017333984e+00) (0, -1.48603271484375000000e+03) (1, -1.46993237304687500000e+03) (2, -1.40703796386718750000e+03) (3, -1.18477050781250000000e+03) (4, -8.44317260742187500000e+02) (5, 1.11779565429687500000e+03) (6, 3.51400256156921386719e+00) (0, -2.58783245086669921875e+01) (1, 9.35524963378906250000e+02) (2, 3.75033020019531250000e+02) (3, -1.37375317382812500000e+03) (4, 1.48725720214843750000e+03) (5, -7.73690307617187500000e+02) (6, 6.33441030979156494141e-01) (0, -1.27310644531250000000e+03) (1, -1.36248803710937500000e+03) (2, 7.03373718261718750000e+02) (3, -8.93752014160156250000e+02) (4, 1.50000000000000000000e+03) (5, 1.14589309692382812500e+02) (6, 3.58027076721191406250e+00) (7, 5.80285310745239257812e-01) (8, 1.50000000000000000000e+03) (9, -3.30121248960494995117e-01) (10, 1.28781974315643310547e+00) (11, 2.10185095667839050293e-01) (7, 9.94320602416992187500e+01) (8, 1.50000000000000000000e+03) (9, 3.44041514396667480469e+00) (10, 9.16213893890380859375e+00) (11, -1.11238944530487060547e+00) (7, 1.35396728515625000000e+02) (8, 1.50000000000000000000e+03) (9, -2.35616397857666015625e+00) (10, 2.12403774261474609375e+00) (11, -7.79360532760620117188e-02) (7, -4.03710126876831054688e-01) (8, 1.50000000000000000000e+03) (9, -6.19978070259094238281e-01) (10, 1.63169646263122558594e+00) (11, -4.83069002628326416016e-01) (12, -4.00747247040271759033e-02) (13, -3.57940308749675750732e-02) (14, -3.61412279307842254639e-02) (15, 6.46408572793006896973e-02) (16, 4.88239005208015441895e-02) 
