FANN_FLO_2.1
num_layers=3
learning_rate=0.500000
connection_rate=1.000000
network_type=0
learning_momentum=0.000000
training_algorithm=2
train_error_function=1
train_stop_function=0
cascade_output_change_fraction=0.010000
quickprop_decay=-0.000100
quickprop_mu=1.750000
rprop_increase_factor=1.200000
rprop_decrease_factor=0.500000
rprop_delta_min=0.000000
rprop_delta_max=50.000000
rprop_delta_zero=0.100000
cascade_output_stagnation_epochs=12
cascade_candidate_change_fraction=0.010000
cascade_candidate_stagnation_epochs=12
cascade_max_out_epochs=150
cascade_min_out_epochs=50
cascade_max_cand_epochs=150
cascade_min_cand_epochs=50
cascade_num_candidate_groups=2
bit_fail_limit=3.49999994039535522461e-01
cascade_candidate_limit=1.00000000000000000000e+03
cascade_weight_multiplier=4.00000005960464477539e-01
cascade_activation_functions_count=10
cascade_activation_functions=3 5 7 8 10 11 14 15 16 17 
cascade_activation_steepnesses_count=4
cascade_activation_steepnesses=2.50000000000000000000e-01 5.00000000000000000000e-01 7.50000000000000000000e-01 1.00000000000000000000e+00 
layer_sizes=7 9 2 
scale_included=0
neurons (num_inputs, activation_function, activation_steepness)=(0, 0, 0.00000000000000000000e+00) (0, 0, 0.00000000000000000000e+00) (0, 0, 0.00000000000000000000e+00) (0, 0, 0.00000000000000000000e+00) (0, 0, 0.00000000000000000000e+00) (0, 0, 0.00000000000000000000e+00) (0, 0, 0.00000000000000000000e+00) (7, 3, 5.00000000000000000000e-01) (7, 3, 5.00000000000000000000e-01) (7, 3, 5.00000000000000000000e-01) (7, 3, 5.00000000000000000000e-01) (7, 3, 5.00000000000000000000e-01) (7, 3, 5.00000000000000000000e-01) (7, 3, 5.00000000000000000000e-01) (7, 3, 5.00000000000000000000e-01) (0, 3, 0.00000000000000000000e+00) (9, 0, 5.00000000000000000000e-01) (0, 0, 0.00000000000000000000e+00) 
connections (connected_to_neuron, weight)=(0, -6.54681742191314697266e-01) (1, -3.48180383443832397461e-01) (2, 1.12233102321624755859e+00) (3, -3.49834471940994262695e-01) (4, 6.67847335338592529297e-01) (5, -1.46228522062301635742e-01) (6, -9.01386797428131103516e-01) (0, -9.73233520984649658203e-01) (1, 1.59022700786590576172e+00) (2, -3.86421928405761718750e+01) (3, 1.73305678367614746094e+00) (4, 1.62113976478576660156e+00) (5, -4.17888793945312500000e+01) (6, -1.33007011413574218750e+01) (0, 3.09050828218460083008e-01) (1, 2.99176037311553955078e-01) (2, 5.58403372764587402344e-01) (3, -4.49083708226680755615e-02) (4, 1.01186561584472656250e+00) (5, 4.30804938077926635742e-01) (6, 3.33826720714569091797e-01) (0, -2.47788563370704650879e-01) (1, -9.73755836486816406250e-01) (2, 1.67548608779907226562e+00) (3, -4.32543873786926269531e-01) (4, 9.08214986324310302734e-01) (5, -4.54765498638153076172e-01) (6, -7.41667795181274414062e+00) (0, -4.30455684661865234375e-01) (1, -6.15018665790557861328e-01) (2, 1.40726268291473388672e+00) (3, -3.69158238172531127930e-01) (4, -8.80359292030334472656e-01) (5, -3.25784057378768920898e-01) (6, -4.89296495914459228516e-01) (0, 5.85929930210113525391e-01) (1, -3.98245930671691894531e-01) (2, 5.77971577644348144531e-01) (3, -7.47457623481750488281e-01) (4, 1.43072760105133056641e+00) (5, 1.20315261185169219971e-01) (6, 1.47221624851226806641e-01) (0, -3.80918711423873901367e-01) (1, -9.00785401463508605957e-02) (2, 1.83624565601348876953e-01) (3, -2.60505080223083496094e-01) (4, 5.04927575588226318359e-01) (5, 2.03210916370153427124e-02) (6, -2.95628398656845092773e-01) (0, -9.74411725997924804688e-01) (1, 2.22081923857331275940e-03) (2, 4.18779516220092773438e+00) (3, -2.10446977615356445312e+00) (4, 7.68491625785827636719e-01) (5, -7.88191437721252441406e-01) (6, -8.15457165241241455078e-01) (7, 1.56531363725662231445e-01) (8, 8.75680614262819290161e-03) (9, 1.63925457745790481567e-02) (10, -1.93057283759117126465e-01) (11, 3.85714881122112274170e-02) (12, -1.91417336463928222656e-01) (13, -7.75050967931747436523e-02) (14, 3.57824303209781646729e-02) (15, 1.86721995472908020020e-01) 
