FANN_FLO_2.1
num_layers=4
learning_rate=0.450000
connection_rate=1.000000
network_type=0
learning_momentum=0.000000
training_algorithm=2
train_error_function=1
train_stop_function=0
cascade_output_change_fraction=0.010000
quickprop_decay=-0.000100
quickprop_mu=1.750000
rprop_increase_factor=1.200000
rprop_decrease_factor=0.500000
rprop_delta_min=0.000000
rprop_delta_max=50.000000
rprop_delta_zero=0.100000
cascade_output_stagnation_epochs=12
cascade_candidate_change_fraction=0.010000
cascade_candidate_stagnation_epochs=12
cascade_max_out_epochs=150
cascade_min_out_epochs=50
cascade_max_cand_epochs=150
cascade_min_cand_epochs=50
cascade_num_candidate_groups=2
bit_fail_limit=3.49999994039535522461e-01
cascade_candidate_limit=1.00000000000000000000e+03
cascade_weight_multiplier=4.00000005960464477539e-01
cascade_activation_functions_count=10
cascade_activation_functions=3 5 7 8 10 11 14 15 16 17 
cascade_activation_steepnesses_count=4
cascade_activation_steepnesses=2.50000000000000000000e-01 5.00000000000000000000e-01 7.50000000000000000000e-01 1.00000000000000000000e+00 
layer_sizes=7 5 3 2 
scale_included=0
neurons (num_inputs, activation_function, activation_steepness)=(0, 0, 0.00000000000000000000e+00) (0, 0, 0.00000000000000000000e+00) (0, 0, 0.00000000000000000000e+00) (0, 0, 0.00000000000000000000e+00) (0, 0, 0.00000000000000000000e+00) (0, 0, 0.00000000000000000000e+00) (0, 0, 0.00000000000000000000e+00) (7, 3, 5.00000000000000000000e-01) (7, 3, 5.00000000000000000000e-01) (7, 3, 5.00000000000000000000e-01) (7, 3, 5.00000000000000000000e-01) (0, 3, 0.00000000000000000000e+00) (5, 3, 5.00000000000000000000e-01) (5, 3, 5.00000000000000000000e-01) (0, 3, 0.00000000000000000000e+00) (3, 0, 5.00000000000000000000e-01) (0, 0, 0.00000000000000000000e+00) 
connections (connected_to_neuron, weight)=(0, 1.09409555792808532715e-01) (1, -6.10991120338439941406e-01) (2, -2.10907530784606933594e+00) (3, 9.05472755432128906250e-01) (4, 6.68792843818664550781e-01) (5, 3.52842092514038085938e-01) (6, 1.02989459037780761719e+00) (0, 3.13481777906417846680e-01) (1, -2.97393560409545898438e-01) (2, -9.84481871128082275391e-02) (3, 1.88701719045639038086e-01) (4, -5.95042407512664794922e-01) (5, 4.19565707445144653320e-01) (6, -3.58070302009582519531e+00) (0, 8.14510643482208251953e-01) (1, 8.88608217239379882812e-01) (2, 7.59998619556427001953e-01) (3, -2.86761492490768432617e-01) (4, -1.22083663940429687500e+00) (5, -5.50386309623718261719e-01) (6, 9.37965214252471923828e-01) (0, 9.28624927997589111328e-01) (1, 1.52889072895050048828e+00) (2, -1.70888856053352355957e-01) (3, 4.18449670076370239258e-01) (4, -1.42200064659118652344e+00) (5, -9.07021224498748779297e-01) (6, 1.48393702507019042969e+00) (7, 1.01512046530842781067e-02) (8, -1.28115415573120117188e+01) (9, -7.16567754745483398438e-01) (10, 2.17154398560523986816e-01) (11, 5.48402643203735351562e+00) (7, -3.09371185302734375000e+00) (8, 7.94582366943359375000e+00) (9, -2.18356180191040039062e+00) (10, -7.62466847896575927734e-01) (11, -5.29197216033935546875e-01) (12, -2.45383843779563903809e-01) (13, -2.96381771564483642578e-01) (14, 2.59269207715988159180e-01) 
