FANN_FLO_2.1
num_layers=3
learning_rate=0.500000
connection_rate=1.000000
network_type=0
learning_momentum=0.000000
training_algorithm=2
train_error_function=1
train_stop_function=0
cascade_output_change_fraction=0.010000
quickprop_decay=-0.000100
quickprop_mu=1.750000
rprop_increase_factor=1.200000
rprop_decrease_factor=0.500000
rprop_delta_min=0.000000
rprop_delta_max=50.000000
rprop_delta_zero=0.100000
cascade_output_stagnation_epochs=12
cascade_candidate_change_fraction=0.010000
cascade_candidate_stagnation_epochs=12
cascade_max_out_epochs=150
cascade_min_out_epochs=50
cascade_max_cand_epochs=150
cascade_min_cand_epochs=50
cascade_num_candidate_groups=2
bit_fail_limit=3.49999994039535522461e-01
cascade_candidate_limit=1.00000000000000000000e+03
cascade_weight_multiplier=4.00000005960464477539e-01
cascade_activation_functions_count=10
cascade_activation_functions=3 5 7 8 10 11 14 15 16 17 
cascade_activation_steepnesses_count=4
cascade_activation_steepnesses=2.50000000000000000000e-01 5.00000000000000000000e-01 7.50000000000000000000e-01 1.00000000000000000000e+00 
layer_sizes=7 5 2 
scale_included=0
neurons (num_inputs, activation_function, activation_steepness)=(0, 0, 0.00000000000000000000e+00) (0, 0, 0.00000000000000000000e+00) (0, 0, 0.00000000000000000000e+00) (0, 0, 0.00000000000000000000e+00) (0, 0, 0.00000000000000000000e+00) (0, 0, 0.00000000000000000000e+00) (0, 0, 0.00000000000000000000e+00) (7, 3, 5.00000000000000000000e-01) (7, 3, 5.00000000000000000000e-01) (7, 3, 5.00000000000000000000e-01) (7, 3, 5.00000000000000000000e-01) (0, 3, 0.00000000000000000000e+00) (5, 0, 5.00000000000000000000e-01) (0, 0, 0.00000000000000000000e+00) 
connections (connected_to_neuron, weight)=(0, 5.41618727147579193115e-02) (1, -6.46118894219398498535e-02) (2, 1.47842671722173690796e-02) (3, 3.84914129972457885742e-02) (4, -4.77976649999618530273e-02) (5, 3.16428802907466888428e-02) (6, -1.67668628692626953125e+00) (0, -6.25677251815795898438e+00) (1, -4.32226389646530151367e-01) (2, -7.19868898391723632812e-01) (3, -2.92391359806060791016e-01) (4, 1.19285784661769866943e-01) (5, -1.54836606979370117188e+01) (6, -2.90128499269485473633e-01) (0, -4.55672111511230468750e+01) (1, -9.24704492092132568359e-01) (2, 5.51008224487304687500e+01) (3, -6.80346190929412841797e-01) (4, -4.45838260650634765625e+00) (5, -2.01361122131347656250e+01) (6, -4.08106565475463867188e-01) (0, 2.28381127119064331055e-01) (1, -7.72247493267059326172e-01) (2, -1.31948661804199218750e+01) (3, -6.63935184478759765625e-01) (4, 3.44899564981460571289e-01) (5, -2.77607250213623046875e+01) (6, -6.16354107856750488281e-01) (7, 1.11652702093124389648e-01) (8, -8.79371459960937500000e+02) (9, -1.05444201660156250000e+03) (10, -9.09879922866821289062e-01) (11, -4.19685011729598045349e-03) 
