FANN_FLO_2.1
num_layers=4
learning_rate=0.500000
connection_rate=1.000000
network_type=0
learning_momentum=0.000000
training_algorithm=2
train_error_function=1
train_stop_function=0
cascade_output_change_fraction=0.010000
quickprop_decay=-0.000100
quickprop_mu=1.750000
rprop_increase_factor=1.200000
rprop_decrease_factor=0.500000
rprop_delta_min=0.000000
rprop_delta_max=50.000000
rprop_delta_zero=0.100000
cascade_output_stagnation_epochs=12
cascade_candidate_change_fraction=0.010000
cascade_candidate_stagnation_epochs=12
cascade_max_out_epochs=150
cascade_min_out_epochs=50
cascade_max_cand_epochs=150
cascade_min_cand_epochs=50
cascade_num_candidate_groups=2
bit_fail_limit=3.49999994039535522461e-01
cascade_candidate_limit=1.00000000000000000000e+03
cascade_weight_multiplier=4.00000005960464477539e-01
cascade_activation_functions_count=10
cascade_activation_functions=3 5 7 8 10 11 14 15 16 17 
cascade_activation_steepnesses_count=4
cascade_activation_steepnesses=2.50000000000000000000e-01 5.00000000000000000000e-01 7.50000000000000000000e-01 1.00000000000000000000e+00 
layer_sizes=4 5 5 2 
scale_included=0
neurons (num_inputs, activation_function, activation_steepness)=(0, 0, 0.00000000000000000000e+00) (0, 0, 0.00000000000000000000e+00) (0, 0, 0.00000000000000000000e+00) (0, 0, 0.00000000000000000000e+00) (4, 3, 5.00000000000000000000e-01) (4, 3, 5.00000000000000000000e-01) (4, 3, 5.00000000000000000000e-01) (4, 3, 5.00000000000000000000e-01) (0, 3, 0.00000000000000000000e+00) (5, 3, 5.00000000000000000000e-01) (5, 3, 5.00000000000000000000e-01) (5, 3, 5.00000000000000000000e-01) (5, 3, 5.00000000000000000000e-01) (0, 3, 0.00000000000000000000e+00) (5, 3, 5.00000000000000000000e-01) (0, 3, 0.00000000000000000000e+00) 
connections (connected_to_neuron, weight)=(0, -1.46514058113098144531e+00) (1, -1.16853380203247070312e+01) (2, 3.64177284240722656250e+01) (3, -2.53844976425170898438e+00) (0, -6.66550781250000000000e+02) (1, -1.43430725097656250000e+03) (2, -3.79685211181640625000e+01) (3, 9.08645153045654296875e-01) (0, -4.38717079162597656250e+00) (1, -6.84119796752929687500e+00) (2, 9.20140326023101806641e-01) (3, 4.08791685104370117188e+00) (0, -5.37819862365722656250e+00) (1, -9.37877368927001953125e+00) (2, 2.47441625595092773438e+00) (3, 4.36602020263671875000e+00) (4, -7.75084793567657470703e-01) (5, -1.66810283660888671875e+01) (6, 2.63754043579101562500e+01) (7, 3.08439826965332031250e+00) (8, -8.71962451934814453125e+00) (4, 1.44004917144775390625e+01) (5, 2.26950734853744506836e-01) (6, -6.87609538435935974121e-02) (7, 3.68476562500000000000e+01) (8, -6.57169198989868164062e+00) (4, -6.19741559028625488281e-01) (5, 3.41688079833984375000e+01) (6, 2.40737527608871459961e-01) (7, 1.42336387634277343750e+01) (8, -4.91757678985595703125e+00) (4, -7.52501249313354492188e-01) (5, -1.66123828887939453125e+01) (6, 2.28153820037841796875e+01) (7, 3.69913053512573242188e+00) (8, -7.61346817016601562500e+00) (9, -2.68840694427490234375e+00) (10, 3.06853199005126953125e+00) (11, 4.43585366010665893555e-01) (12, -2.24162173271179199219e+00) (13, -7.69347131252288818359e-01) 
