FANN_FLO_2.1
num_layers=3
learning_rate=0.400000
connection_rate=1.000000
network_type=0
learning_momentum=0.000000
training_algorithm=2
train_error_function=1
train_stop_function=0
cascade_output_change_fraction=0.010000
quickprop_decay=-0.000100
quickprop_mu=1.750000
rprop_increase_factor=1.200000
rprop_decrease_factor=0.500000
rprop_delta_min=0.000000
rprop_delta_max=50.000000
rprop_delta_zero=0.100000
cascade_output_stagnation_epochs=12
cascade_candidate_change_fraction=0.010000
cascade_candidate_stagnation_epochs=12
cascade_max_out_epochs=150
cascade_min_out_epochs=50
cascade_max_cand_epochs=150
cascade_min_cand_epochs=50
cascade_num_candidate_groups=2
bit_fail_limit=3.49999994039535522461e-01
cascade_candidate_limit=1.00000000000000000000e+03
cascade_weight_multiplier=4.00000005960464477539e-01
cascade_activation_functions_count=10
cascade_activation_functions=3 5 7 8 10 11 14 15 16 17 
cascade_activation_steepnesses_count=4
cascade_activation_steepnesses=2.50000000000000000000e-01 5.00000000000000000000e-01 7.50000000000000000000e-01 1.00000000000000000000e+00 
layer_sizes=10 3 2 
scale_included=0
neurons (num_inputs, activation_function, activation_steepness)=(0, 0, 0.00000000000000000000e+00) (0, 0, 0.00000000000000000000e+00) (0, 0, 0.00000000000000000000e+00) (0, 0, 0.00000000000000000000e+00) (0, 0, 0.00000000000000000000e+00) (0, 0, 0.00000000000000000000e+00) (0, 0, 0.00000000000000000000e+00) (0, 0, 0.00000000000000000000e+00) (0, 0, 0.00000000000000000000e+00) (0, 0, 0.00000000000000000000e+00) (10, 3, 5.00000000000000000000e-01) (10, 3, 5.00000000000000000000e-01) (0, 3, 0.00000000000000000000e+00) (3, 3, 5.00000000000000000000e-01) (0, 3, 0.00000000000000000000e+00) 
connections (connected_to_neuron, weight)=(0, -7.44312033057212829590e-02) (1, -2.19834566116333007812e-01) (2, -1.83082059025764465332e-01) (3, -7.07012340426445007324e-02) (4, -9.18267890810966491699e-02) (5, -2.04742789268493652344e-01) (6, -1.86357215046882629395e-01) (7, -1.87281101942062377930e-01) (8, -8.23927447199821472168e-02) (9, -6.13015368580818176270e-02) (0, 5.50203025341033935547e-02) (1, 4.12522330880165100098e-02) (2, 1.49007558822631835938e-01) (3, 6.31102323532104492188e-02) (4, 6.82616233825683593750e-02) (5, 7.54914730787277221680e-02) (6, 3.98473441600799560547e-02) (7, 1.84344947338104248047e-01) (8, 8.79906639456748962402e-02) (9, 1.01849682629108428955e-01) (10, -1.19335032999515533447e-01) (11, -1.58894613385200500488e-01) (12, -1.81912273168563842773e-01) 
