FANN_FLO_2.1
num_layers=3
learning_rate=0.500000
connection_rate=1.000000
network_type=0
learning_momentum=0.000000
training_algorithm=2
train_error_function=1
train_stop_function=0
cascade_output_change_fraction=0.010000
quickprop_decay=-0.000100
quickprop_mu=1.750000
rprop_increase_factor=1.200000
rprop_decrease_factor=0.500000
rprop_delta_min=0.000000
rprop_delta_max=50.000000
rprop_delta_zero=0.100000
cascade_output_stagnation_epochs=12
cascade_candidate_change_fraction=0.010000
cascade_candidate_stagnation_epochs=12
cascade_max_out_epochs=150
cascade_min_out_epochs=50
cascade_max_cand_epochs=150
cascade_min_cand_epochs=50
cascade_num_candidate_groups=2
bit_fail_limit=3.49999994039535522461e-01
cascade_candidate_limit=1.00000000000000000000e+03
cascade_weight_multiplier=4.00000005960464477539e-01
cascade_activation_functions_count=10
cascade_activation_functions=3 5 7 8 10 11 14 15 16 17 
cascade_activation_steepnesses_count=4
cascade_activation_steepnesses=2.50000000000000000000e-01 5.00000000000000000000e-01 7.50000000000000000000e-01 1.00000000000000000000e+00 
layer_sizes=7 9 2 
scale_included=0
neurons (num_inputs, activation_function, activation_steepness)=(0, 0, 0.00000000000000000000e+00) (0, 0, 0.00000000000000000000e+00) (0, 0, 0.00000000000000000000e+00) (0, 0, 0.00000000000000000000e+00) (0, 0, 0.00000000000000000000e+00) (0, 0, 0.00000000000000000000e+00) (0, 0, 0.00000000000000000000e+00) (7, 3, 5.00000000000000000000e-01) (7, 3, 5.00000000000000000000e-01) (7, 3, 5.00000000000000000000e-01) (7, 3, 5.00000000000000000000e-01) (7, 3, 5.00000000000000000000e-01) (7, 3, 5.00000000000000000000e-01) (7, 3, 5.00000000000000000000e-01) (7, 3, 5.00000000000000000000e-01) (0, 3, 0.00000000000000000000e+00) (9, 0, 5.00000000000000000000e-01) (0, 0, 0.00000000000000000000e+00) 
connections (connected_to_neuron, weight)=(0, -8.63879577636718750000e+02) (1, 8.33068180084228515625e+00) (2, -7.59630918502807617188e+00) (3, 3.07070331573486328125e+01) (4, -6.95578038692474365234e-01) (5, 2.80639719963073730469e+00) (6, -1.02924597263336181641e+00) (0, -6.01094482421875000000e+02) (1, -2.18475437164306640625e+01) (2, -6.00979328155517578125e+00) (3, -1.04184970855712890625e+01) (4, -9.66368103027343750000e+00) (5, 6.35546386241912841797e-01) (6, -1.00971353054046630859e+00) (0, 1.48401269531250000000e+03) (1, 1.13870532226562500000e+03) (2, 2.09419708251953125000e+02) (3, 1.03928967285156250000e+03) (4, 2.13121509552001953125e+01) (5, 3.44215545654296875000e+01) (6, -6.21873080730438232422e-01) (0, -2.84969997406005859375e+01) (1, 6.79196655750274658203e-01) (2, -2.11616001129150390625e+01) (3, -2.43030041456222534180e-01) (4, 1.51038289070129394531e-01) (5, -9.42696571350097656250e+00) (6, -3.22829425334930419922e-01) (0, -1.18171703815460205078e+00) (1, -1.46684980392456054688e+00) (2, 9.46008324623107910156e-01) (3, -1.76250302791595458984e+00) (4, -9.72397208213806152344e-01) (5, 5.06350421905517578125e+00) (6, -9.06704843044281005859e-01) (0, 1.48401269531250000000e+03) (1, 1.43529272460937500000e+03) (2, 2.21883148193359375000e+02) (3, 1.20418273925781250000e+03) (4, 2.11338005065917968750e+01) (5, 3.60632400512695312500e+01) (6, -7.32437014579772949219e-01) (0, -7.58780896663665771484e-01) (1, -2.02185079455375671387e-01) (2, -4.16575813293457031250e+00) (3, -7.08507478237152099609e-01) (4, -1.86797514557838439941e-01) (5, 6.26984453201293945312e+00) (6, -7.65743684768676757812e+00) (0, -1.73310935497283935547e-02) (1, 7.11978614330291748047e-01) (2, 1.18173766136169433594e+00) (3, 2.68070787191390991211e-01) (4, 8.02130162715911865234e-01) (5, -2.91541314125061035156e+00) (6, 1.76278817653656005859e+00) (7, 1.03193359375000000000e+01) (8, 7.53447265625000000000e+02) (9, 4.76335361599922180176e-02) (10, -1.96516647338867187500e+01) (11, 5.20151294767856597900e-02) (12, 4.94239963591098785400e-02) (13, -1.77381575107574462891e-01) (14, -1.68443873524665832520e-01) (15, 8.76734629273414611816e-02) 
