FANN_FLO_2.1
num_layers=3
learning_rate=0.400000
connection_rate=1.000000
network_type=0
learning_momentum=0.000000
training_algorithm=2
train_error_function=1
train_stop_function=0
cascade_output_change_fraction=0.010000
quickprop_decay=-0.000100
quickprop_mu=1.750000
rprop_increase_factor=1.200000
rprop_decrease_factor=0.500000
rprop_delta_min=0.000000
rprop_delta_max=50.000000
rprop_delta_zero=0.100000
cascade_output_stagnation_epochs=12
cascade_candidate_change_fraction=0.010000
cascade_candidate_stagnation_epochs=12
cascade_max_out_epochs=150
cascade_min_out_epochs=50
cascade_max_cand_epochs=150
cascade_min_cand_epochs=50
cascade_num_candidate_groups=2
bit_fail_limit=3.49999994039535522461e-01
cascade_candidate_limit=1.00000000000000000000e+03
cascade_weight_multiplier=4.00000005960464477539e-01
cascade_activation_functions_count=10
cascade_activation_functions=3 5 7 8 10 11 14 15 16 17 
cascade_activation_steepnesses_count=4
cascade_activation_steepnesses=2.50000000000000000000e-01 5.00000000000000000000e-01 7.50000000000000000000e-01 1.00000000000000000000e+00 
layer_sizes=10 3 2 
scale_included=0
neurons (num_inputs, activation_function, activation_steepness)=(0, 0, 0.00000000000000000000e+00) (0, 0, 0.00000000000000000000e+00) (0, 0, 0.00000000000000000000e+00) (0, 0, 0.00000000000000000000e+00) (0, 0, 0.00000000000000000000e+00) (0, 0, 0.00000000000000000000e+00) (0, 0, 0.00000000000000000000e+00) (0, 0, 0.00000000000000000000e+00) (0, 0, 0.00000000000000000000e+00) (0, 0, 0.00000000000000000000e+00) (10, 3, 5.00000000000000000000e-01) (10, 3, 5.00000000000000000000e-01) (0, 3, 0.00000000000000000000e+00) (3, 3, 5.00000000000000000000e-01) (0, 3, 0.00000000000000000000e+00) 
connections (connected_to_neuron, weight)=(0, -1.66329309344291687012e-01) (1, -3.19289192557334899902e-02) (2, -1.32194727659225463867e-01) (3, -1.64245486259460449219e-01) (4, -7.84691199660301208496e-02) (5, -1.53067231178283691406e-01) (6, -1.83068871498107910156e-01) (7, -1.86959311366081237793e-01) (8, -1.71056851744651794434e-01) (9, -1.51702046394348144531e-01) (0, -4.52917292714118957520e-02) (1, -1.61513745784759521484e-01) (2, -1.37785151600837707520e-01) (3, -1.22330322861671447754e-01) (4, -3.53947058320045471191e-02) (5, -8.30876603722572326660e-02) (6, -1.84393450617790222168e-01) (7, -1.02686241269111633301e-01) (8, -1.48353621363639831543e-01) (9, -1.53880283236503601074e-01) (10, -8.41149017214775085449e-02) (11, -8.90243574976921081543e-02) (12, -1.96429818868637084961e-01) 
