FANN_FLO_2.1
num_layers=4
learning_rate=0.300000
connection_rate=1.000000
network_type=0
learning_momentum=0.000000
training_algorithm=2
train_error_function=1
train_stop_function=0
cascade_output_change_fraction=0.010000
quickprop_decay=-0.000100
quickprop_mu=1.750000
rprop_increase_factor=1.200000
rprop_decrease_factor=0.500000
rprop_delta_min=0.000000
rprop_delta_max=50.000000
rprop_delta_zero=0.100000
cascade_output_stagnation_epochs=12
cascade_candidate_change_fraction=0.010000
cascade_candidate_stagnation_epochs=12
cascade_max_out_epochs=150
cascade_min_out_epochs=50
cascade_max_cand_epochs=150
cascade_min_cand_epochs=50
cascade_num_candidate_groups=2
bit_fail_limit=3.49999994039535522461e-01
cascade_candidate_limit=1.00000000000000000000e+03
cascade_weight_multiplier=4.00000005960464477539e-01
cascade_activation_functions_count=10
cascade_activation_functions=3 5 7 8 10 11 14 15 16 17 
cascade_activation_steepnesses_count=4
cascade_activation_steepnesses=2.50000000000000000000e-01 5.00000000000000000000e-01 7.50000000000000000000e-01 1.00000000000000000000e+00 
layer_sizes=2 5 5 3 
scale_included=0
neurons (num_inputs, activation_function, activation_steepness)=(0, 0, 0.00000000000000000000e+00) (0, 0, 0.00000000000000000000e+00) (2, 3, 5.00000000000000000000e-01) (2, 3, 5.00000000000000000000e-01) (2, 3, 5.00000000000000000000e-01) (2, 3, 5.00000000000000000000e-01) (0, 3, 0.00000000000000000000e+00) (5, 3, 5.00000000000000000000e-01) (5, 3, 5.00000000000000000000e-01) (5, 3, 5.00000000000000000000e-01) (5, 3, 5.00000000000000000000e-01) (0, 3, 0.00000000000000000000e+00) (5, 0, 5.00000000000000000000e-01) (5, 0, 5.00000000000000000000e-01) (0, 0, 0.00000000000000000000e+00) 
connections (connected_to_neuron, weight)=(0, 3.52470135688781738281e+00) (1, 1.00444272160530090332e-01) (0, 3.77701330184936523438e+00) (1, 4.85990554094314575195e-01) (0, 5.00444221496582031250e+00) (1, 1.57544589042663574219e+00) (0, 9.76788043975830078125e+00) (1, 5.24157464504241943359e-01) (2, 6.12993574142456054688e+00) (3, 8.37653398513793945312e-01) (4, 1.15560197830200195312e+00) (5, -7.80440187454223632812e+00) (6, -1.84376096725463867188e+00) (2, -3.35993408225476741791e-03) (3, -2.17420067638158798218e-02) (4, -5.45698702335357666016e-02) (5, -7.83250153064727783203e-01) (6, -9.43031460046768188477e-02) (2, 2.93848085403442382812e+00) (3, -6.73089176416397094727e-02) (4, -5.53177893161773681641e-02) (5, -4.72741031646728515625e+00) (6, -4.11916106939315795898e-01) (2, 4.20520126819610595703e-01) (3, 4.15318489074707031250e-01) (4, 5.79429984092712402344e-01) (5, -1.91338443756103515625e+00) (6, 4.22257393598556518555e-01) (7, -8.59060287475585937500e-02) (8, 5.76074123382568359375e-02) (9, 2.80749909579753875732e-02) (10, -3.13612222671508789062e-02) (11, -8.11027549207210540771e-03) (7, -3.07532429695129394531e+00) (8, -2.27764397859573364258e-01) (9, -3.77990365028381347656e-01) (10, -4.54377770423889160156e-01) (11, -3.81114363670349121094e-01) 
