FANN_FLO_2.1
num_layers=3
learning_rate=0.400000
connection_rate=1.000000
network_type=0
learning_momentum=0.000000
training_algorithm=2
train_error_function=1
train_stop_function=0
cascade_output_change_fraction=0.010000
quickprop_decay=-0.000100
quickprop_mu=1.750000
rprop_increase_factor=1.200000
rprop_decrease_factor=0.500000
rprop_delta_min=0.000000
rprop_delta_max=50.000000
rprop_delta_zero=0.100000
cascade_output_stagnation_epochs=12
cascade_candidate_change_fraction=0.010000
cascade_candidate_stagnation_epochs=12
cascade_max_out_epochs=150
cascade_min_out_epochs=50
cascade_max_cand_epochs=150
cascade_min_cand_epochs=50
cascade_num_candidate_groups=2
bit_fail_limit=3.49999994039535522461e-01
cascade_candidate_limit=1.00000000000000000000e+03
cascade_weight_multiplier=4.00000005960464477539e-01
cascade_activation_functions_count=10
cascade_activation_functions=3 5 7 8 10 11 14 15 16 17 
cascade_activation_steepnesses_count=4
cascade_activation_steepnesses=2.50000000000000000000e-01 5.00000000000000000000e-01 7.50000000000000000000e-01 1.00000000000000000000e+00 
layer_sizes=6 5 2 
scale_included=0
neurons (num_inputs, activation_function, activation_steepness)=(0, 0, 0.00000000000000000000e+00) (0, 0, 0.00000000000000000000e+00) (0, 0, 0.00000000000000000000e+00) (0, 0, 0.00000000000000000000e+00) (0, 0, 0.00000000000000000000e+00) (0, 0, 0.00000000000000000000e+00) (6, 3, 5.00000000000000000000e-01) (6, 3, 5.00000000000000000000e-01) (6, 3, 5.00000000000000000000e-01) (6, 3, 5.00000000000000000000e-01) (0, 3, 0.00000000000000000000e+00) (5, 0, 5.00000000000000000000e-01) (0, 0, 0.00000000000000000000e+00) 
connections (connected_to_neuron, weight)=(0, -1.50000000000000000000e+03) (1, -1.50000000000000000000e+03) (2, -9.42699849605560302734e-01) (3, -1.91245949268341064453e+00) (4, -2.04805946350097656250e+00) (5, -4.43545341491699218750e-01) (0, -5.68199634552001953125e+00) (1, 7.16466546058654785156e-01) (2, 1.49863213300704956055e-01) (3, -2.71532416343688964844e+00) (4, -1.67619240283966064453e+00) (5, -2.30148220062255859375e+00) (0, -1.50000000000000000000e+03) (1, -2.50895470380783081055e-01) (2, 1.64229691028594970703e-01) (3, -2.99149227142333984375e+00) (4, -2.67307639122009277344e+00) (5, -2.25314855575561523438e+00) (0, -1.50000000000000000000e+03) (1, -1.50000000000000000000e+03) (2, 1.37073838710784912109e+00) (3, -1.11937761306762695312e+01) (4, 1.33503869175910949707e-01) (5, -6.92210420966148376465e-02) (6, 1.64939422607421875000e+01) (7, 7.73217737674713134766e-01) (8, 1.55684125423431396484e+00) (9, 2.48794250488281250000e+01) (10, 6.24079227447509765625e-01) 
