FANN_FLO_2.1
num_layers=3
learning_rate=0.400000
connection_rate=1.000000
network_type=0
learning_momentum=0.000000
training_algorithm=2
train_error_function=1
train_stop_function=0
cascade_output_change_fraction=0.010000
quickprop_decay=-0.000100
quickprop_mu=1.750000
rprop_increase_factor=1.200000
rprop_decrease_factor=0.500000
rprop_delta_min=0.000000
rprop_delta_max=50.000000
rprop_delta_zero=0.100000
cascade_output_stagnation_epochs=12
cascade_candidate_change_fraction=0.010000
cascade_candidate_stagnation_epochs=12
cascade_max_out_epochs=150
cascade_min_out_epochs=50
cascade_max_cand_epochs=150
cascade_min_cand_epochs=50
cascade_num_candidate_groups=2
bit_fail_limit=3.49999994039535522461e-01
cascade_candidate_limit=1.00000000000000000000e+03
cascade_weight_multiplier=4.00000005960464477539e-01
cascade_activation_functions_count=10
cascade_activation_functions=3 5 7 8 10 11 14 15 16 17 
cascade_activation_steepnesses_count=4
cascade_activation_steepnesses=2.50000000000000000000e-01 5.00000000000000000000e-01 7.50000000000000000000e-01 1.00000000000000000000e+00 
layer_sizes=10 3 2 
scale_included=0
neurons (num_inputs, activation_function, activation_steepness)=(0, 0, 0.00000000000000000000e+00) (0, 0, 0.00000000000000000000e+00) (0, 0, 0.00000000000000000000e+00) (0, 0, 0.00000000000000000000e+00) (0, 0, 0.00000000000000000000e+00) (0, 0, 0.00000000000000000000e+00) (0, 0, 0.00000000000000000000e+00) (0, 0, 0.00000000000000000000e+00) (0, 0, 0.00000000000000000000e+00) (0, 0, 0.00000000000000000000e+00) (10, 3, 5.00000000000000000000e-01) (10, 3, 5.00000000000000000000e-01) (0, 3, 0.00000000000000000000e+00) (3, 3, 5.00000000000000000000e-01) (0, 3, 0.00000000000000000000e+00) 
connections (connected_to_neuron, weight)=(0, 4.86903563141822814941e-02) (1, 9.62754338979721069336e-02) (2, 3.45997735857963562012e-02) (3, 7.05855116248130798340e-02) (4, 1.30159258842468261719e-01) (5, 1.59181118011474609375e-01) (6, 1.80586278438568115234e-01) (7, 1.38809949159622192383e-01) (8, 1.39992013573646545410e-01) (9, 1.75343692302703857422e-01) (0, 1.91608697175979614258e-01) (1, 2.14524120092391967773e-01) (2, 7.58717507123947143555e-02) (3, 3.69886755943298339844e-02) (4, 4.34122458100318908691e-02) (5, 6.68830350041389465332e-02) (6, 8.74642208218574523926e-02) (7, 1.22342444956302642822e-01) (8, 1.55633360147476196289e-01) (9, 1.84186637401580810547e-01) (10, -1.71306371688842773438e-01) (11, -1.45443916320800781250e-01) (12, -1.78315266966819763184e-01) 
