FANN_FLO_2.1
num_layers=4
learning_rate=0.300000
connection_rate=1.000000
network_type=0
learning_momentum=0.000000
training_algorithm=2
train_error_function=1
train_stop_function=0
cascade_output_change_fraction=0.010000
quickprop_decay=-0.000100
quickprop_mu=1.750000
rprop_increase_factor=1.200000
rprop_decrease_factor=0.500000
rprop_delta_min=0.000000
rprop_delta_max=50.000000
rprop_delta_zero=0.100000
cascade_output_stagnation_epochs=12
cascade_candidate_change_fraction=0.010000
cascade_candidate_stagnation_epochs=12
cascade_max_out_epochs=150
cascade_min_out_epochs=50
cascade_max_cand_epochs=150
cascade_min_cand_epochs=50
cascade_num_candidate_groups=2
bit_fail_limit=3.49999994039535522461e-01
cascade_candidate_limit=1.00000000000000000000e+03
cascade_weight_multiplier=4.00000005960464477539e-01
cascade_activation_functions_count=10
cascade_activation_functions=3 5 7 8 10 11 14 15 16 17 
cascade_activation_steepnesses_count=4
cascade_activation_steepnesses=2.50000000000000000000e-01 5.00000000000000000000e-01 7.50000000000000000000e-01 1.00000000000000000000e+00 
layer_sizes=2 5 5 3 
scale_included=0
neurons (num_inputs, activation_function, activation_steepness)=(0, 0, 0.00000000000000000000e+00) (0, 0, 0.00000000000000000000e+00) (2, 3, 5.00000000000000000000e-01) (2, 3, 5.00000000000000000000e-01) (2, 3, 5.00000000000000000000e-01) (2, 3, 5.00000000000000000000e-01) (0, 3, 0.00000000000000000000e+00) (5, 3, 5.00000000000000000000e-01) (5, 3, 5.00000000000000000000e-01) (5, 3, 5.00000000000000000000e-01) (5, 3, 5.00000000000000000000e-01) (0, 3, 0.00000000000000000000e+00) (5, 0, 5.00000000000000000000e-01) (5, 0, 5.00000000000000000000e-01) (0, 0, 0.00000000000000000000e+00) 
connections (connected_to_neuron, weight)=(0, -7.74360001087188720703e-02) (1, -1.25179797410964965820e-01) (0, -1.32514486312866210938e+01) (1, -1.22699756622314453125e+01) (0, -9.84191775321960449219e-01) (1, -2.10171937942504882812e+00) (0, -1.66174488067626953125e+01) (1, 3.41622710227966308594e-01) (2, 9.57599461078643798828e-01) (3, 1.93389832973480224609e+00) (4, 1.08822786808013916016e+00) (5, 1.40585148334503173828e+00) (6, -2.73729634284973144531e+00) (2, 5.96785098314285278320e-02) (3, 1.66354191303253173828e+00) (4, 7.37443804740905761719e-01) (5, 9.09321010112762451172e-01) (6, -9.79370236396789550781e-01) (2, 2.54838615655899047852e-01) (3, 4.82795357704162597656e-01) (4, -1.39317786693572998047e+00) (5, 2.45817229151725769043e-01) (6, 3.06949317455291748047e-01) (2, 1.58671826124191284180e-01) (3, 3.75660508871078491211e-01) (4, -1.35040998458862304688e+00) (5, 1.98754012584686279297e-01) (6, -1.57089099287986755371e-01) (7, 1.94890558719635009766e-01) (8, 8.53609293699264526367e-02) (9, -1.49474784731864929199e-01) (10, -4.76458668708801269531e-02) (11, -1.27716287970542907715e-01) (7, -8.58896791934967041016e-01) (8, -6.91243052482604980469e-01) (9, -5.08473455905914306641e-01) (10, -1.22578933835029602051e-01) (11, -4.63487476110458374023e-01) 
