FANN_FLO_2.1
num_layers=3
learning_rate=0.500000
connection_rate=1.000000
network_type=0
learning_momentum=0.000000
training_algorithm=2
train_error_function=1
train_stop_function=0
cascade_output_change_fraction=0.010000
quickprop_decay=-0.000100
quickprop_mu=1.750000
rprop_increase_factor=1.200000
rprop_decrease_factor=0.500000
rprop_delta_min=0.000000
rprop_delta_max=50.000000
rprop_delta_zero=0.100000
cascade_output_stagnation_epochs=12
cascade_candidate_change_fraction=0.010000
cascade_candidate_stagnation_epochs=12
cascade_max_out_epochs=150
cascade_min_out_epochs=50
cascade_max_cand_epochs=150
cascade_min_cand_epochs=50
cascade_num_candidate_groups=2
bit_fail_limit=3.49999994039535522461e-01
cascade_candidate_limit=1.00000000000000000000e+03
cascade_weight_multiplier=4.00000005960464477539e-01
cascade_activation_functions_count=10
cascade_activation_functions=3 5 7 8 10 11 14 15 16 17 
cascade_activation_steepnesses_count=4
cascade_activation_steepnesses=2.50000000000000000000e-01 5.00000000000000000000e-01 7.50000000000000000000e-01 1.00000000000000000000e+00 
layer_sizes=3 5 4 
scale_included=0
neurons (num_inputs, activation_function, activation_steepness)=(0, 0, 0.00000000000000000000e+00) (0, 0, 0.00000000000000000000e+00) (0, 0, 0.00000000000000000000e+00) (3, 3, 5.00000000000000000000e-01) (3, 3, 5.00000000000000000000e-01) (3, 3, 5.00000000000000000000e-01) (3, 3, 5.00000000000000000000e-01) (0, 3, 0.00000000000000000000e+00) (5, 0, 5.00000000000000000000e-01) (5, 0, 5.00000000000000000000e-01) (5, 0, 5.00000000000000000000e-01) (0, 0, 0.00000000000000000000e+00) 
connections (connected_to_neuron, weight)=(0, -1.10683858394622802734e+00) (1, -1.09665942192077636719e+00) (2, 3.72025579214096069336e-01) (0, -7.05139541625976562500e+00) (1, 9.49153041839599609375e+00) (2, 4.86228752136230468750e+00) (0, -1.29085588455200195312e+01) (1, 1.31953992843627929688e+01) (2, 1.30652391910552978516e+00) (0, -3.85811877250671386719e+00) (1, 1.74277353286743164062e+00) (2, -9.69335436820983886719e-01) (3, 5.53844642639160156250e+00) (4, 1.01165795326232910156e+00) (5, 1.12577974796295166016e+00) (6, 3.02354264259338378906e+00) (7, 6.21732950210571289062e-01) (3, 1.67658500671386718750e+01) (4, 4.63207530975341796875e+00) (5, 3.95095443725585937500e+00) (6, 7.46430921554565429688e+00) (7, 2.56217312812805175781e+00) (3, 5.35599670410156250000e+01) (4, 1.42690639495849609375e+01) (5, 1.27892408370971679688e+01) (6, 2.28423175811767578125e+01) (7, 1.43744392395019531250e+01) 
