FANN_FLO_2.1
num_layers=4
learning_rate=0.500000
connection_rate=1.000000
network_type=0
learning_momentum=0.000000
training_algorithm=2
train_error_function=1
train_stop_function=0
cascade_output_change_fraction=0.010000
quickprop_decay=-0.000100
quickprop_mu=1.750000
rprop_increase_factor=1.200000
rprop_decrease_factor=0.500000
rprop_delta_min=0.000000
rprop_delta_max=50.000000
rprop_delta_zero=0.100000
cascade_output_stagnation_epochs=12
cascade_candidate_change_fraction=0.010000
cascade_candidate_stagnation_epochs=12
cascade_max_out_epochs=150
cascade_min_out_epochs=50
cascade_max_cand_epochs=150
cascade_min_cand_epochs=50
cascade_num_candidate_groups=2
bit_fail_limit=3.49999994039535522461e-01
cascade_candidate_limit=1.00000000000000000000e+03
cascade_weight_multiplier=4.00000005960464477539e-01
cascade_activation_functions_count=10
cascade_activation_functions=3 5 7 8 10 11 14 15 16 17 
cascade_activation_steepnesses_count=4
cascade_activation_steepnesses=2.50000000000000000000e-01 5.00000000000000000000e-01 7.50000000000000000000e-01 1.00000000000000000000e+00 
layer_sizes=18 3 3 2 
scale_included=0
neurons (num_inputs, activation_function, activation_steepness)=(0, 0, 0.00000000000000000000e+00) (0, 0, 0.00000000000000000000e+00) (0, 0, 0.00000000000000000000e+00) (0, 0, 0.00000000000000000000e+00) (0, 0, 0.00000000000000000000e+00) (0, 0, 0.00000000000000000000e+00) (0, 0, 0.00000000000000000000e+00) (0, 0, 0.00000000000000000000e+00) (0, 0, 0.00000000000000000000e+00) (0, 0, 0.00000000000000000000e+00) (0, 0, 0.00000000000000000000e+00) (0, 0, 0.00000000000000000000e+00) (0, 0, 0.00000000000000000000e+00) (0, 0, 0.00000000000000000000e+00) (0, 0, 0.00000000000000000000e+00) (0, 0, 0.00000000000000000000e+00) (0, 0, 0.00000000000000000000e+00) (0, 0, 0.00000000000000000000e+00) (18, 3, 5.00000000000000000000e-01) (18, 3, 5.00000000000000000000e-01) (0, 3, 0.00000000000000000000e+00) (3, 3, 5.00000000000000000000e-01) (3, 3, 5.00000000000000000000e-01) (0, 3, 0.00000000000000000000e+00) (3, 0, 5.00000000000000000000e-01) (0, 0, 0.00000000000000000000e+00) 
connections (connected_to_neuron, weight)=(0, 7.39809095859527587891e-01) (1, 6.59507691860198974609e-01) (2, 1.71752285957336425781e+00) (3, 4.10232543945312500000e-01) (4, 6.85283064842224121094e-01) (5, 7.24703222513198852539e-02) (6, -1.42457211017608642578e+00) (7, -1.20029032230377197266e+00) (8, 1.16711765527725219727e-01) (9, 7.99091041088104248047e-01) (10, 1.91703486442565917969e+00) (11, 1.00739288330078125000e+00) (12, 1.41366291046142578125e+00) (13, 7.09803640842437744141e-01) (14, 1.26704287528991699219e+00) (15, 8.05570602416992187500e-01) (16, 1.01512646675109863281e+00) (17, -3.16089940071105957031e+00) (0, 1.04365766048431396484e+00) (1, 1.20776152610778808594e+00) (2, 3.39104026556015014648e-01) (3, 9.30268704891204833984e-01) (4, 1.26620340347290039062e+00) (5, -2.01885485649108886719e+00) (6, -1.74399018287658691406e-01) (7, -1.15771150588989257812e+00) (8, 2.50574409961700439453e-01) (9, 7.68106818199157714844e-01) (10, 8.24123844504356384277e-02) (11, 6.52698338031768798828e-01) (12, 7.19522476196289062500e-01) (13, 6.77524507045745849609e-01) (14, 8.52473795413970947266e-01) (15, 5.66672563552856445312e-01) (16, 1.02303779125213623047e+00) (17, -4.59153890609741210938e+00) (18, 2.15994906425476074219e+00) (19, 2.96477317810058593750e+00) (20, -2.48501253128051757812e+00) (18, 2.28104043006896972656e+00) (19, 2.93151092529296875000e+00) (20, -1.68950903415679931641e+00) (21, 7.64057826995849609375e+00) (22, 5.71304082870483398438e+00) (23, 1.53915643692016601562e+00) 
