FANN_FLO_2.1
num_layers=3
learning_rate=0.400000
connection_rate=1.000000
network_type=0
learning_momentum=0.000000
training_algorithm=2
train_error_function=1
train_stop_function=0
cascade_output_change_fraction=0.010000
quickprop_decay=-0.000100
quickprop_mu=1.750000
rprop_increase_factor=1.200000
rprop_decrease_factor=0.500000
rprop_delta_min=0.000000
rprop_delta_max=50.000000
rprop_delta_zero=0.100000
cascade_output_stagnation_epochs=12
cascade_candidate_change_fraction=0.010000
cascade_candidate_stagnation_epochs=12
cascade_max_out_epochs=150
cascade_min_out_epochs=50
cascade_max_cand_epochs=150
cascade_min_cand_epochs=50
cascade_num_candidate_groups=2
bit_fail_limit=3.49999994039535522461e-01
cascade_candidate_limit=1.00000000000000000000e+03
cascade_weight_multiplier=4.00000005960464477539e-01
cascade_activation_functions_count=10
cascade_activation_functions=3 5 7 8 10 11 14 15 16 17 
cascade_activation_steepnesses_count=4
cascade_activation_steepnesses=2.50000000000000000000e-01 5.00000000000000000000e-01 7.50000000000000000000e-01 1.00000000000000000000e+00 
layer_sizes=6 5 2 
scale_included=0
neurons (num_inputs, activation_function, activation_steepness)=(0, 0, 0.00000000000000000000e+00) (0, 0, 0.00000000000000000000e+00) (0, 0, 0.00000000000000000000e+00) (0, 0, 0.00000000000000000000e+00) (0, 0, 0.00000000000000000000e+00) (0, 0, 0.00000000000000000000e+00) (6, 3, 5.00000000000000000000e-01) (6, 3, 5.00000000000000000000e-01) (6, 3, 5.00000000000000000000e-01) (6, 3, 5.00000000000000000000e-01) (0, 3, 0.00000000000000000000e+00) (5, 0, 5.00000000000000000000e-01) (0, 0, 0.00000000000000000000e+00) 
connections (connected_to_neuron, weight)=(0, -1.50000000000000000000e+03) (1, -1.50000000000000000000e+03) (2, 1.59322250366210937500e+02) (3, 7.20096677541732788086e-02) (4, 3.07861137390136718750e+00) (5, -1.34370136260986328125e+01) (0, -1.50000000000000000000e+03) (1, -1.50000000000000000000e+03) (2, 1.59260879516601562500e+02) (3, 1.06653317809104919434e-01) (4, 3.08043384552001953125e+00) (5, -1.33426361083984375000e+01) (0, -1.50000000000000000000e+03) (1, -1.50000000000000000000e+03) (2, 1.59254776000976562500e+02) (3, 1.09648048877716064453e-01) (4, 2.98808813095092773438e+00) (5, -1.33155746459960937500e+01) (0, -1.50000000000000000000e+03) (1, -1.50000000000000000000e+03) (2, 8.74749832153320312500e+01) (3, 1.17049083709716796875e+01) (4, 6.01972961425781250000e+01) (5, -5.46401786804199218750e+00) (6, 1.50149707794189453125e+01) (7, 3.35890808105468750000e+01) (8, 3.35724487304687500000e+01) (9, 6.51464004516601562500e+01) (10, 8.75473380088806152344e-01) 
