FANN_FLO_2.1
num_layers=4
learning_rate=0.500000
connection_rate=1.000000
network_type=0
learning_momentum=0.000000
training_algorithm=2
train_error_function=1
train_stop_function=0
cascade_output_change_fraction=0.010000
quickprop_decay=-0.000100
quickprop_mu=1.750000
rprop_increase_factor=1.200000
rprop_decrease_factor=0.500000
rprop_delta_min=0.000000
rprop_delta_max=50.000000
rprop_delta_zero=0.100000
cascade_output_stagnation_epochs=12
cascade_candidate_change_fraction=0.010000
cascade_candidate_stagnation_epochs=12
cascade_max_out_epochs=150
cascade_min_out_epochs=50
cascade_max_cand_epochs=150
cascade_min_cand_epochs=50
cascade_num_candidate_groups=2
bit_fail_limit=3.49999994039535522461e-01
cascade_candidate_limit=1.00000000000000000000e+03
cascade_weight_multiplier=4.00000005960464477539e-01
cascade_activation_functions_count=10
cascade_activation_functions=3 5 7 8 10 11 14 15 16 17 
cascade_activation_steepnesses_count=4
cascade_activation_steepnesses=2.50000000000000000000e-01 5.00000000000000000000e-01 7.50000000000000000000e-01 1.00000000000000000000e+00 
layer_sizes=4 5 5 2 
scale_included=0
neurons (num_inputs, activation_function, activation_steepness)=(0, 0, 0.00000000000000000000e+00) (0, 0, 0.00000000000000000000e+00) (0, 0, 0.00000000000000000000e+00) (0, 0, 0.00000000000000000000e+00) (4, 3, 5.00000000000000000000e-01) (4, 3, 5.00000000000000000000e-01) (4, 3, 5.00000000000000000000e-01) (4, 3, 5.00000000000000000000e-01) (0, 3, 0.00000000000000000000e+00) (5, 3, 5.00000000000000000000e-01) (5, 3, 5.00000000000000000000e-01) (5, 3, 5.00000000000000000000e-01) (5, 3, 5.00000000000000000000e-01) (0, 3, 0.00000000000000000000e+00) (5, 3, 5.00000000000000000000e-01) (0, 3, 0.00000000000000000000e+00) 
connections (connected_to_neuron, weight)=(0, -5.14717531204223632812e+00) (1, -1.29798412322998046875e+01) (2, 7.92000412940979003906e-01) (3, 2.97818183898925781250e+00) (0, -4.45324611663818359375e+00) (1, -9.11805343627929687500e+00) (2, -1.10394895076751708984e+00) (3, 5.78660345077514648438e+00) (0, -6.12125635147094726562e+00) (1, -6.25406742095947265625e+00) (2, 3.35172683000564575195e-01) (3, 4.89965057373046875000e+00) (0, -2.74397754669189453125e+00) (1, -7.09654541015625000000e+02) (2, -7.01261352539062500000e+02) (3, -3.42658758163452148438e+00) (4, -1.11709890365600585938e+01) (5, 8.43949604034423828125e+00) (6, 3.29381217956542968750e+01) (7, -7.09039916992187500000e+01) (8, -1.07289438247680664062e+01) (4, -1.24087390899658203125e+01) (5, 6.91654157638549804688e+00) (6, 1.53981161117553710938e+01) (7, -7.49820709228515625000e+01) (8, -5.61354732513427734375e+00) (4, -4.58289432525634765625e+00) (5, 8.41609477996826171875e+00) (6, 7.73524332046508789062e+00) (7, 6.90994567871093750000e+01) (8, -3.33664441108703613281e+00) (4, -6.18096876144409179688e+00) (5, 7.10986995697021484375e+00) (6, 1.38384275436401367188e+01) (7, -1.81742523193359375000e+02) (8, -5.39086008071899414062e+00) (9, -5.35530281066894531250e+00) (10, -1.40971556305885314941e-01) (11, 1.43540859222412109375e+00) (12, -1.42738193273544311523e-01) (13, 1.97858715057373046875e+00) 
