FANN_FLO_2.1
num_layers=3
learning_rate=0.500000
connection_rate=1.000000
network_type=0
learning_momentum=0.000000
training_algorithm=2
train_error_function=1
train_stop_function=0
cascade_output_change_fraction=0.010000
quickprop_decay=-0.000100
quickprop_mu=1.750000
rprop_increase_factor=1.200000
rprop_decrease_factor=0.500000
rprop_delta_min=0.000000
rprop_delta_max=50.000000
rprop_delta_zero=0.100000
cascade_output_stagnation_epochs=12
cascade_candidate_change_fraction=0.010000
cascade_candidate_stagnation_epochs=12
cascade_max_out_epochs=150
cascade_min_out_epochs=50
cascade_max_cand_epochs=150
cascade_min_cand_epochs=50
cascade_num_candidate_groups=2
bit_fail_limit=3.49999994039535522461e-01
cascade_candidate_limit=1.00000000000000000000e+03
cascade_weight_multiplier=4.00000005960464477539e-01
cascade_activation_functions_count=10
cascade_activation_functions=3 5 7 8 10 11 14 15 16 17 
cascade_activation_steepnesses_count=4
cascade_activation_steepnesses=2.50000000000000000000e-01 5.00000000000000000000e-01 7.50000000000000000000e-01 1.00000000000000000000e+00 
layer_sizes=10 5 2 
scale_included=0
neurons (num_inputs, activation_function, activation_steepness)=(0, 0, 0.00000000000000000000e+00) (0, 0, 0.00000000000000000000e+00) (0, 0, 0.00000000000000000000e+00) (0, 0, 0.00000000000000000000e+00) (0, 0, 0.00000000000000000000e+00) (0, 0, 0.00000000000000000000e+00) (0, 0, 0.00000000000000000000e+00) (0, 0, 0.00000000000000000000e+00) (0, 0, 0.00000000000000000000e+00) (0, 0, 0.00000000000000000000e+00) (10, 3, 5.00000000000000000000e-01) (10, 3, 5.00000000000000000000e-01) (10, 3, 5.00000000000000000000e-01) (10, 3, 5.00000000000000000000e-01) (0, 3, 0.00000000000000000000e+00) (5, 3, 5.00000000000000000000e-01) (0, 3, 0.00000000000000000000e+00) 
connections (connected_to_neuron, weight)=(0, -5.30633807182312011719e-01) (1, -8.63504290580749511719e-01) (2, -3.50358366966247558594e-01) (3, -1.86231940984725952148e-01) (4, -4.82658982276916503906e-01) (5, -3.62037360668182373047e-01) (6, -3.83058816194534301758e-01) (7, -5.30111789703369140625e-01) (8, -3.79468709230422973633e-01) (9, 8.16011428833007812500e-01) (0, -5.56645631790161132812e-01) (1, -5.00819504261016845703e-01) (2, -5.91788232326507568359e-01) (3, -5.69930791854858398438e-01) (4, -4.94914978742599487305e-01) (5, -5.76040446758270263672e-01) (6, -7.21434950828552246094e-01) (7, -4.75461006164550781250e-01) (8, -5.33002972602844238281e-01) (9, 2.36570620536804199219e+00) (0, -3.81851792335510253906e-01) (1, -3.73409152030944824219e-01) (2, -4.55104649066925048828e-01) (3, -6.55656516551971435547e-01) (4, -6.94247663021087646484e-01) (5, -3.03336113691329956055e-01) (6, -2.38033562898635864258e-01) (7, -5.28023779392242431641e-01) (8, -3.35861325263977050781e-01) (9, 8.49192917346954345703e-01) (0, -4.57957476377487182617e-01) (1, -2.56262987852096557617e-01) (2, -4.48802441358566284180e-01) (3, -2.79829800128936767578e-01) (4, -1.91666446626186370850e-02) (5, -6.44578218460083007812e-01) (6, -2.02043905854225158691e-01) (7, -4.96775150299072265625e-01) (8, -9.85997974872589111328e-01) (9, 6.07116758823394775391e-01) (10, -8.19604218006134033203e-01) (11, -1.95286202430725097656e+00) (12, -1.14663183689117431641e+00) (13, -4.94354099035263061523e-01) (14, 1.49046814441680908203e+00) 
