FANN_FLO_2.1
num_layers=4
learning_rate=0.300000
connection_rate=1.000000
network_type=0
learning_momentum=0.000000
training_algorithm=2
train_error_function=1
train_stop_function=0
cascade_output_change_fraction=0.010000
quickprop_decay=-0.000100
quickprop_mu=1.750000
rprop_increase_factor=1.200000
rprop_decrease_factor=0.500000
rprop_delta_min=0.000000
rprop_delta_max=50.000000
rprop_delta_zero=0.100000
cascade_output_stagnation_epochs=12
cascade_candidate_change_fraction=0.010000
cascade_candidate_stagnation_epochs=12
cascade_max_out_epochs=150
cascade_min_out_epochs=50
cascade_max_cand_epochs=150
cascade_min_cand_epochs=50
cascade_num_candidate_groups=2
bit_fail_limit=3.49999994039535522461e-01
cascade_candidate_limit=1.00000000000000000000e+03
cascade_weight_multiplier=4.00000005960464477539e-01
cascade_activation_functions_count=10
cascade_activation_functions=3 5 7 8 10 11 14 15 16 17 
cascade_activation_steepnesses_count=4
cascade_activation_steepnesses=2.50000000000000000000e-01 5.00000000000000000000e-01 7.50000000000000000000e-01 1.00000000000000000000e+00 
layer_sizes=2 5 5 3 
scale_included=0
neurons (num_inputs, activation_function, activation_steepness)=(0, 0, 0.00000000000000000000e+00) (0, 0, 0.00000000000000000000e+00) (2, 3, 5.00000000000000000000e-01) (2, 3, 5.00000000000000000000e-01) (2, 3, 5.00000000000000000000e-01) (2, 3, 5.00000000000000000000e-01) (0, 3, 0.00000000000000000000e+00) (5, 3, 5.00000000000000000000e-01) (5, 3, 5.00000000000000000000e-01) (5, 3, 5.00000000000000000000e-01) (5, 3, 5.00000000000000000000e-01) (0, 3, 0.00000000000000000000e+00) (5, 0, 5.00000000000000000000e-01) (5, 0, 5.00000000000000000000e-01) (0, 0, 0.00000000000000000000e+00) 
connections (connected_to_neuron, weight)=(0, -5.65383148193359375000e+01) (1, -1.15826082229614257812e+00) (0, 7.07969713211059570312e+00) (1, 4.78513383865356445312e+00) (0, -5.65007095336914062500e+01) (1, -1.19449782371520996094e+00) (0, -9.27550888061523437500e+01) (1, -1.20189821720123291016e+00) (2, 5.54168641567230224609e-01) (3, -1.05775237083435058594e+00) (4, 3.88985967636108398438e+00) (5, 3.74649786949157714844e+00) (6, -2.33565068244934082031e+00) (2, 1.54458910226821899414e-01) (3, 8.80206763744354248047e-01) (4, 1.32777357101440429688e+00) (5, 1.40928161144256591797e+00) (6, -4.33942288160324096680e-01) (2, 4.19777065515518188477e-01) (3, 2.76046204566955566406e+00) (4, 9.66935575008392333984e-01) (5, 9.35627758502960205078e-01) (6, -1.63403236865997314453e+00) (2, -2.60845005512237548828e-01) (3, -7.40855753421783447266e-01) (4, -8.92991006374359130859e-01) (5, -9.19324576854705810547e-01) (6, -2.46327042579650878906e-01) (7, 9.78786051273345947266e-02) (8, 6.31697773933410644531e-02) (9, -5.29663711786270141602e-02) (10, -7.81793892383575439453e-01) (11, -1.81950200349092483521e-02) (7, -7.38210856914520263672e-01) (8, -6.78440332412719726562e-01) (9, -8.12408745288848876953e-01) (10, 2.71956872940063476562e+00) (11, -4.14471656084060668945e-01) 
