FANN_FLO_2.1
num_layers=3
learning_rate=0.500000
connection_rate=1.000000
network_type=0
learning_momentum=0.000000
training_algorithm=2
train_error_function=1
train_stop_function=0
cascade_output_change_fraction=0.010000
quickprop_decay=-0.000100
quickprop_mu=1.750000
rprop_increase_factor=1.200000
rprop_decrease_factor=0.500000
rprop_delta_min=0.000000
rprop_delta_max=50.000000
rprop_delta_zero=0.100000
cascade_output_stagnation_epochs=12
cascade_candidate_change_fraction=0.010000
cascade_candidate_stagnation_epochs=12
cascade_max_out_epochs=150
cascade_min_out_epochs=50
cascade_max_cand_epochs=150
cascade_min_cand_epochs=50
cascade_num_candidate_groups=2
bit_fail_limit=3.49999994039535522461e-01
cascade_candidate_limit=1.00000000000000000000e+03
cascade_weight_multiplier=4.00000005960464477539e-01
cascade_activation_functions_count=10
cascade_activation_functions=3 5 7 8 10 11 14 15 16 17 
cascade_activation_steepnesses_count=4
cascade_activation_steepnesses=2.50000000000000000000e-01 5.00000000000000000000e-01 7.50000000000000000000e-01 1.00000000000000000000e+00 
layer_sizes=10 5 2 
scale_included=0
neurons (num_inputs, activation_function, activation_steepness)=(0, 0, 0.00000000000000000000e+00) (0, 0, 0.00000000000000000000e+00) (0, 0, 0.00000000000000000000e+00) (0, 0, 0.00000000000000000000e+00) (0, 0, 0.00000000000000000000e+00) (0, 0, 0.00000000000000000000e+00) (0, 0, 0.00000000000000000000e+00) (0, 0, 0.00000000000000000000e+00) (0, 0, 0.00000000000000000000e+00) (0, 0, 0.00000000000000000000e+00) (10, 3, 5.00000000000000000000e-01) (10, 3, 5.00000000000000000000e-01) (10, 3, 5.00000000000000000000e-01) (10, 3, 5.00000000000000000000e-01) (0, 3, 0.00000000000000000000e+00) (5, 3, 5.00000000000000000000e-01) (0, 3, 0.00000000000000000000e+00) 
connections (connected_to_neuron, weight)=(0, 8.73142629861831665039e-02) (1, 3.13773900270462036133e-01) (2, 1.58736214041709899902e-01) (3, -1.22129321098327636719e+00) (4, -2.19273447990417480469e+00) (5, 2.59263962507247924805e-01) (6, -2.91677445173263549805e-01) (7, -2.35905617475509643555e-01) (8, 3.57377454638481140137e-02) (9, 1.05806684494018554688e+00) (0, 7.21205353736877441406e-01) (1, 3.52347850799560546875e-01) (2, 7.59441912174224853516e-01) (3, 4.93046015501022338867e-01) (4, -8.20416092872619628906e-01) (5, 5.61023175716400146484e-01) (6, 5.08560657501220703125e-01) (7, 3.62868905067443847656e-01) (8, 8.04782390594482421875e-01) (9, -7.73726761341094970703e-01) (0, -7.04514682292938232422e-01) (1, -9.25229907035827636719e-01) (2, -4.95447665452957153320e-01) (3, 1.20834961533546447754e-01) (4, -8.64232704043388366699e-02) (5, -3.34090858697891235352e-01) (6, -5.78567147254943847656e-01) (7, -3.13245981931686401367e-01) (8, -5.68185806274414062500e-01) (9, 1.51043546199798583984e+00) (0, -3.31381052732467651367e-01) (1, -6.48731827735900878906e-01) (2, -6.50287747383117675781e-01) (3, -1.94848611950874328613e-01) (4, 5.46765506267547607422e-01) (5, -1.16075789928436279297e+00) (6, -1.78804233670234680176e-01) (7, -7.85910844802856445312e-01) (8, -3.88478457927703857422e-01) (9, 1.13141286373138427734e+00) (10, -1.38210558891296386719e+00) (11, 1.04799771308898925781e+00) (12, -1.48915016651153564453e+00) (13, -1.25804269313812255859e+00) (14, 7.42382228374481201172e-01) 
