FANN_FLO_2.1
num_layers=4
learning_rate=0.300000
connection_rate=1.000000
network_type=0
learning_momentum=0.000000
training_algorithm=2
train_error_function=1
train_stop_function=0
cascade_output_change_fraction=0.010000
quickprop_decay=-0.000100
quickprop_mu=1.750000
rprop_increase_factor=1.200000
rprop_decrease_factor=0.500000
rprop_delta_min=0.000000
rprop_delta_max=50.000000
rprop_delta_zero=0.100000
cascade_output_stagnation_epochs=12
cascade_candidate_change_fraction=0.010000
cascade_candidate_stagnation_epochs=12
cascade_max_out_epochs=150
cascade_min_out_epochs=50
cascade_max_cand_epochs=150
cascade_min_cand_epochs=50
cascade_num_candidate_groups=2
bit_fail_limit=3.49999994039535522461e-01
cascade_candidate_limit=1.00000000000000000000e+03
cascade_weight_multiplier=4.00000005960464477539e-01
cascade_activation_functions_count=10
cascade_activation_functions=3 5 7 8 10 11 14 15 16 17 
cascade_activation_steepnesses_count=4
cascade_activation_steepnesses=2.50000000000000000000e-01 5.00000000000000000000e-01 7.50000000000000000000e-01 1.00000000000000000000e+00 
layer_sizes=2 5 3 3 
scale_included=0
neurons (num_inputs, activation_function, activation_steepness)=(0, 0, 0.00000000000000000000e+00) (0, 0, 0.00000000000000000000e+00) (2, 3, 5.00000000000000000000e-01) (2, 3, 5.00000000000000000000e-01) (2, 3, 5.00000000000000000000e-01) (2, 3, 5.00000000000000000000e-01) (0, 3, 0.00000000000000000000e+00) (5, 3, 5.00000000000000000000e-01) (5, 3, 5.00000000000000000000e-01) (0, 3, 0.00000000000000000000e+00) (3, 0, 5.00000000000000000000e-01) (3, 0, 5.00000000000000000000e-01) (0, 0, 0.00000000000000000000e+00) 
connections (connected_to_neuron, weight)=(0, -1.86603224277496337891e+00) (1, -4.36600160598754882812e+00) (0, -1.94804584980010986328e+00) (1, -4.66592168807983398438e+00) (0, -1.96207606792449951172e+00) (1, -4.69478750228881835938e+00) (0, -6.43162369728088378906e-01) (1, -3.25817990303039550781e+00) (2, 7.34892785549163818359e-01) (3, 9.75041151046752929688e-01) (4, 9.64524388313293457031e-01) (5, 3.36324185132980346680e-01) (6, -3.75524431467056274414e-01) (2, 8.88461947441101074219e-01) (3, 1.67588984966278076172e+00) (4, 1.70163691043853759766e+00) (5, 4.92438197135925292969e-01) (6, -1.04103231430053710938e+00) (7, -1.57045833766460418701e-02) (8, 1.46529003977775573730e-01) (9, -9.32871699333190917969e-02) (7, -7.81655967235565185547e-01) (8, -1.61315977573394775391e+00) (9, -4.09415513277053833008e-01) 
