FANN_FLO_2.1
num_layers=3
learning_rate=0.500000
connection_rate=1.000000
network_type=0
learning_momentum=0.000000
training_algorithm=2
train_error_function=1
train_stop_function=0
cascade_output_change_fraction=0.010000
quickprop_decay=-0.000100
quickprop_mu=1.750000
rprop_increase_factor=1.200000
rprop_decrease_factor=0.500000
rprop_delta_min=0.000000
rprop_delta_max=50.000000
rprop_delta_zero=0.100000
cascade_output_stagnation_epochs=12
cascade_candidate_change_fraction=0.010000
cascade_candidate_stagnation_epochs=12
cascade_max_out_epochs=150
cascade_min_out_epochs=50
cascade_max_cand_epochs=150
cascade_min_cand_epochs=50
cascade_num_candidate_groups=2
bit_fail_limit=3.49999994039535522461e-01
cascade_candidate_limit=1.00000000000000000000e+03
cascade_weight_multiplier=4.00000005960464477539e-01
cascade_activation_functions_count=10
cascade_activation_functions=3 5 7 8 10 11 14 15 16 17 
cascade_activation_steepnesses_count=4
cascade_activation_steepnesses=2.50000000000000000000e-01 5.00000000000000000000e-01 7.50000000000000000000e-01 1.00000000000000000000e+00 
layer_sizes=3 9 4 
scale_included=0
neurons (num_inputs, activation_function, activation_steepness)=(0, 0, 0.00000000000000000000e+00) (0, 0, 0.00000000000000000000e+00) (0, 0, 0.00000000000000000000e+00) (3, 3, 5.00000000000000000000e-01) (3, 3, 5.00000000000000000000e-01) (3, 3, 5.00000000000000000000e-01) (3, 3, 5.00000000000000000000e-01) (3, 3, 5.00000000000000000000e-01) (3, 3, 5.00000000000000000000e-01) (3, 3, 5.00000000000000000000e-01) (3, 3, 5.00000000000000000000e-01) (0, 3, 0.00000000000000000000e+00) (9, 0, 5.00000000000000000000e-01) (9, 0, 5.00000000000000000000e-01) (9, 0, 5.00000000000000000000e-01) (0, 0, 0.00000000000000000000e+00) 
connections (connected_to_neuron, weight)=(0, -2.37235283851623535156e+00) (1, -5.59004902839660644531e-01) (2, 9.58673357963562011719e-01) (0, -1.53494811058044433594e+00) (1, -3.40092134475708007812e+00) (2, 1.04311525821685791016e+00) (0, -4.52660608291625976562e+00) (1, 4.99987030029296875000e+00) (2, 2.82474350929260253906e+00) (0, -2.16822171211242675781e+00) (1, -5.98232865333557128906e-01) (2, 1.21104645729064941406e+00) (0, -4.84372186660766601562e+00) (1, 2.35570955276489257812e+00) (2, -1.19033765792846679688e+00) (0, -3.33497238159179687500e+00) (1, -2.10754060745239257812e+00) (2, 5.75125336647033691406e-01) (0, -4.94040966033935546875e+00) (1, 3.34168744087219238281e+00) (2, 1.66646361351013183594e+00) (0, -2.64400506019592285156e+00) (1, 5.38331508636474609375e+00) (2, 2.14669275283813476562e+00) (3, 1.15253961086273193359e+00) (4, 1.93564534187316894531e+00) (5, 1.09129345417022705078e+00) (6, 2.30528444051742553711e-01) (7, 1.95003950595855712891e+00) (8, 2.23770785331726074219e+00) (9, 1.11735832691192626953e+00) (10, 8.19877088069915771484e-01) (11, 3.67122739553451538086e-01) (3, 3.63120341300964355469e+00) (4, 6.60564947128295898438e+00) (5, 3.84967708587646484375e+00) (6, 3.19506025314331054688e+00) (7, 3.85834980010986328125e+00) (8, 3.97236943244934082031e+00) (9, 3.76820373535156250000e+00) (10, 3.12738442420959472656e+00) (11, 1.99629271030426025391e+00) (3, 1.13954753875732421875e+01) (4, 2.22251205444335937500e+01) (5, 1.15460100173950195312e+01) (6, 1.14380092620849609375e+01) (7, 1.15393514633178710938e+01) (8, 1.13185167312622070312e+01) (9, 1.14122409820556640625e+01) (10, 1.16140871047973632812e+01) (11, 1.15416193008422851562e+01) 
