FANN_FLO_2.1
num_layers=4
learning_rate=0.500000
connection_rate=1.000000
network_type=0
learning_momentum=0.000000
training_algorithm=2
train_error_function=1
train_stop_function=0
cascade_output_change_fraction=0.010000
quickprop_decay=-0.000100
quickprop_mu=1.750000
rprop_increase_factor=1.200000
rprop_decrease_factor=0.500000
rprop_delta_min=0.000000
rprop_delta_max=50.000000
rprop_delta_zero=0.100000
cascade_output_stagnation_epochs=12
cascade_candidate_change_fraction=0.010000
cascade_candidate_stagnation_epochs=12
cascade_max_out_epochs=150
cascade_min_out_epochs=50
cascade_max_cand_epochs=150
cascade_min_cand_epochs=50
cascade_num_candidate_groups=2
bit_fail_limit=3.49999994039535522461e-01
cascade_candidate_limit=1.00000000000000000000e+03
cascade_weight_multiplier=4.00000005960464477539e-01
cascade_activation_functions_count=10
cascade_activation_functions=3 5 7 8 10 11 14 15 16 17 
cascade_activation_steepnesses_count=4
cascade_activation_steepnesses=2.50000000000000000000e-01 5.00000000000000000000e-01 7.50000000000000000000e-01 1.00000000000000000000e+00 
layer_sizes=4 5 3 2 
scale_included=0
neurons (num_inputs, activation_function, activation_steepness)=(0, 0, 0.00000000000000000000e+00) (0, 0, 0.00000000000000000000e+00) (0, 0, 0.00000000000000000000e+00) (0, 0, 0.00000000000000000000e+00) (4, 3, 5.00000000000000000000e-01) (4, 3, 5.00000000000000000000e-01) (4, 3, 5.00000000000000000000e-01) (4, 3, 5.00000000000000000000e-01) (0, 3, 0.00000000000000000000e+00) (5, 3, 5.00000000000000000000e-01) (5, 3, 5.00000000000000000000e-01) (0, 3, 0.00000000000000000000e+00) (3, 3, 5.00000000000000000000e-01) (0, 3, 0.00000000000000000000e+00) 
connections (connected_to_neuron, weight)=(0, -7.15404653549194335938e+00) (1, -7.84093952178955078125e+00) (2, -2.20327138900756835938e+00) (3, 8.20030593872070312500e+00) (0, 4.44113969802856445312e+00) (1, -5.10722541809082031250e+00) (2, 1.70407545566558837891e+00) (3, -9.79276359081268310547e-01) (0, 4.83370542526245117188e+00) (1, -2.84174513816833496094e+00) (2, -1.27644467353820800781e+00) (3, -2.34027004241943359375e+00) (0, 4.40624952316284179688e+00) (1, -1.79320850372314453125e+01) (2, 2.17806129455566406250e+01) (3, -8.98813068866729736328e-01) (4, 1.78704681396484375000e+01) (5, -3.84155869483947753906e+00) (6, -4.27987146377563476562e+00) (7, -4.65027332305908203125e+00) (8, 4.23167675733566284180e-01) (4, 3.18625106811523437500e+01) (5, -6.51222038269042968750e+00) (6, -4.85760545730590820312e+00) (7, -9.22190189361572265625e+00) (8, 1.96820557117462158203e-01) (9, -9.87728655338287353516e-01) (10, -3.52697205543518066406e+00) (11, 2.27122902870178222656e+00) 
