FANN_FLO_2.1
num_layers=4
learning_rate=0.300000
connection_rate=1.000000
network_type=0
learning_momentum=0.000000
training_algorithm=2
train_error_function=1
train_stop_function=0
cascade_output_change_fraction=0.010000
quickprop_decay=-0.000100
quickprop_mu=1.750000
rprop_increase_factor=1.200000
rprop_decrease_factor=0.500000
rprop_delta_min=0.000000
rprop_delta_max=50.000000
rprop_delta_zero=0.100000
cascade_output_stagnation_epochs=12
cascade_candidate_change_fraction=0.010000
cascade_candidate_stagnation_epochs=12
cascade_max_out_epochs=150
cascade_min_out_epochs=50
cascade_max_cand_epochs=150
cascade_min_cand_epochs=50
cascade_num_candidate_groups=2
bit_fail_limit=3.49999994039535522461e-01
cascade_candidate_limit=1.00000000000000000000e+03
cascade_weight_multiplier=4.00000005960464477539e-01
cascade_activation_functions_count=10
cascade_activation_functions=3 5 7 8 10 11 14 15 16 17 
cascade_activation_steepnesses_count=4
cascade_activation_steepnesses=2.50000000000000000000e-01 5.00000000000000000000e-01 7.50000000000000000000e-01 1.00000000000000000000e+00 
layer_sizes=2 5 3 3 
scale_included=0
neurons (num_inputs, activation_function, activation_steepness)=(0, 0, 0.00000000000000000000e+00) (0, 0, 0.00000000000000000000e+00) (2, 3, 5.00000000000000000000e-01) (2, 3, 5.00000000000000000000e-01) (2, 3, 5.00000000000000000000e-01) (2, 3, 5.00000000000000000000e-01) (0, 3, 0.00000000000000000000e+00) (5, 3, 5.00000000000000000000e-01) (5, 3, 5.00000000000000000000e-01) (0, 3, 0.00000000000000000000e+00) (3, 0, 5.00000000000000000000e-01) (3, 0, 5.00000000000000000000e-01) (0, 0, 0.00000000000000000000e+00) 
connections (connected_to_neuron, weight)=(0, -1.31319932937622070312e+01) (1, -1.15876591205596923828e+00) (0, -1.42692871093750000000e+01) (1, -1.48059320449829101562e+00) (0, -1.09335012435913085938e+01) (1, -5.12554764747619628906e-01) (0, -1.31428680419921875000e+01) (1, -1.15821480751037597656e+00) (2, 8.14402461051940917969e-01) (3, 1.37199747562408447266e+00) (4, 7.03507661819458007812e-01) (5, 7.92424440383911132812e-01) (6, -2.09371399879455566406e+00) (2, 4.00212496519088745117e-01) (3, 1.47036290168762207031e+00) (4, 5.11762797832489013672e-01) (5, 8.25291752815246582031e-01) (6, -3.56910638511180877686e-02) (7, 2.08426818251609802246e-01) (8, -2.43466813117265701294e-03) (9, -1.70747518539428710938e-01) (7, -9.07328665256500244141e-01) (8, -1.01300215721130371094e+00) (9, -3.71989727020263671875e-01) 
