FANN_FLO_2.1
num_layers=4
learning_rate=0.500000
connection_rate=1.000000
network_type=0
learning_momentum=0.000000
training_algorithm=2
train_error_function=1
train_stop_function=0
cascade_output_change_fraction=0.010000
quickprop_decay=-0.000100
quickprop_mu=1.750000
rprop_increase_factor=1.200000
rprop_decrease_factor=0.500000
rprop_delta_min=0.000000
rprop_delta_max=50.000000
rprop_delta_zero=0.100000
cascade_output_stagnation_epochs=12
cascade_candidate_change_fraction=0.010000
cascade_candidate_stagnation_epochs=12
cascade_max_out_epochs=150
cascade_min_out_epochs=50
cascade_max_cand_epochs=150
cascade_min_cand_epochs=50
cascade_num_candidate_groups=2
bit_fail_limit=3.49999994039535522461e-01
cascade_candidate_limit=1.00000000000000000000e+03
cascade_weight_multiplier=4.00000005960464477539e-01
cascade_activation_functions_count=10
cascade_activation_functions=3 5 7 8 10 11 14 15 16 17 
cascade_activation_steepnesses_count=4
cascade_activation_steepnesses=2.50000000000000000000e-01 5.00000000000000000000e-01 7.50000000000000000000e-01 1.00000000000000000000e+00 
layer_sizes=4 5 5 2 
scale_included=0
neurons (num_inputs, activation_function, activation_steepness)=(0, 0, 0.00000000000000000000e+00) (0, 0, 0.00000000000000000000e+00) (0, 0, 0.00000000000000000000e+00) (0, 0, 0.00000000000000000000e+00) (4, 3, 5.00000000000000000000e-01) (4, 3, 5.00000000000000000000e-01) (4, 3, 5.00000000000000000000e-01) (4, 3, 5.00000000000000000000e-01) (0, 3, 0.00000000000000000000e+00) (5, 3, 5.00000000000000000000e-01) (5, 3, 5.00000000000000000000e-01) (5, 3, 5.00000000000000000000e-01) (5, 3, 5.00000000000000000000e-01) (0, 3, 0.00000000000000000000e+00) (5, 3, 5.00000000000000000000e-01) (0, 3, 0.00000000000000000000e+00) 
connections (connected_to_neuron, weight)=(0, -7.55575275421142578125e+00) (1, -6.71103382110595703125e+00) (2, -2.62458014488220214844e+00) (3, 7.09960651397705078125e+00) (0, -5.58755950927734375000e+01) (1, -5.88882970809936523438e+00) (2, 7.16318740844726562500e+01) (3, 2.72929706573486328125e+01) (0, -6.50668334960937500000e+01) (1, -1.67438247680664062500e+02) (2, 6.22589492797851562500e+01) (3, 3.36034736633300781250e+01) (0, -5.60485267639160156250e+01) (1, -5.61229467391967773438e+00) (2, 7.11322402954101562500e+01) (3, 2.73737754821777343750e+01) (4, 1.50000000000000000000e+03) (5, 1.50000000000000000000e+03) (6, 1.50000000000000000000e+03) (7, 1.50000000000000000000e+03) (8, 2.48887996673583984375e+01) (4, 2.72744617462158203125e+01) (5, -5.73311150074005126953e-01) (6, -8.08992099761962890625e+00) (7, -7.20345377922058105469e-01) (8, -5.57405662536621093750e+00) (4, 1.72461757659912109375e+01) (5, 3.67807261645793914795e-02) (6, -4.52861976623535156250e+00) (7, -1.43059976398944854736e-02) (8, -3.96937131881713867188e+00) (4, 2.83043937683105468750e+01) (5, -1.82522809505462646484e+00) (6, -8.03570079803466796875e+00) (7, -1.64352667331695556641e+00) (8, -3.37004184722900390625e+00) (9, 6.54825210571289062500e-01) (10, -7.75124132633209228516e-01) (11, -3.15623998641967773438e+00) (12, -7.57263243198394775391e-01) (13, 1.74584245681762695312e+00) 
