FANN_FLO_2.1
num_layers=3
learning_rate=0.450000
connection_rate=1.000000
network_type=0
learning_momentum=0.000000
training_algorithm=2
train_error_function=1
train_stop_function=0
cascade_output_change_fraction=0.010000
quickprop_decay=-0.000100
quickprop_mu=1.750000
rprop_increase_factor=1.200000
rprop_decrease_factor=0.500000
rprop_delta_min=0.000000
rprop_delta_max=50.000000
rprop_delta_zero=0.100000
cascade_output_stagnation_epochs=12
cascade_candidate_change_fraction=0.010000
cascade_candidate_stagnation_epochs=12
cascade_max_out_epochs=150
cascade_min_out_epochs=50
cascade_max_cand_epochs=150
cascade_min_cand_epochs=50
cascade_num_candidate_groups=2
bit_fail_limit=3.49999994039535522461e-01
cascade_candidate_limit=1.00000000000000000000e+03
cascade_weight_multiplier=4.00000005960464477539e-01
cascade_activation_functions_count=10
cascade_activation_functions=3 5 7 8 10 11 14 15 16 17 
cascade_activation_steepnesses_count=4
cascade_activation_steepnesses=2.50000000000000000000e-01 5.00000000000000000000e-01 7.50000000000000000000e-01 1.00000000000000000000e+00 
layer_sizes=7 5 2 
scale_included=0
neurons (num_inputs, activation_function, activation_steepness)=(0, 0, 0.00000000000000000000e+00) (0, 0, 0.00000000000000000000e+00) (0, 0, 0.00000000000000000000e+00) (0, 0, 0.00000000000000000000e+00) (0, 0, 0.00000000000000000000e+00) (0, 0, 0.00000000000000000000e+00) (0, 0, 0.00000000000000000000e+00) (7, 3, 5.00000000000000000000e-01) (7, 3, 5.00000000000000000000e-01) (7, 3, 5.00000000000000000000e-01) (7, 3, 5.00000000000000000000e-01) (0, 3, 0.00000000000000000000e+00) (5, 0, 5.00000000000000000000e-01) (0, 0, 0.00000000000000000000e+00) 
connections (connected_to_neuron, weight)=(0, 3.15506553649902343750e+01) (1, 4.07866567373275756836e-01) (2, -1.21280773925781250000e+03) (3, 8.15059304237365722656e-01) (4, 1.66647696495056152344e+00) (5, -1.24672079086303710938e+01) (6, -1.16711461544036865234e+00) (0, -1.77050582885742187500e+02) (1, -3.31691950559616088867e-01) (2, 2.15245529174804687500e+02) (3, -7.02679061889648437500e+01) (4, -3.48535895347595214844e-01) (5, -1.15953598022460937500e+02) (6, -3.77006888389587402344e-01) (0, -1.88236541748046875000e+02) (1, -7.40891575813293457031e-01) (2, -7.86693176269531250000e+02) (3, -1.32815460205078125000e+02) (4, -7.22975730895996093750e-01) (5, 1.10810508728027343750e+02) (6, -7.28589296340942382812e-01) (0, 5.83115196228027343750e+00) (1, -3.20532619953155517578e-01) (2, -1.04242736816406250000e+03) (3, 2.78661117553710937500e+01) (4, -5.00187158584594726562e-01) (5, -8.74604511260986328125e+00) (6, -4.17860776185989379883e-01) (7, -1.68679771423339843750e+01) (8, -1.87924404144287109375e+01) (9, 1.50000000000000000000e+03) (10, 1.68677692413330078125e+01) (11, 9.34913754463195800781e-03) 
