FANN_FLO_2.1
num_layers=3
learning_rate=0.400000
connection_rate=1.000000
network_type=0
learning_momentum=0.000000
training_algorithm=2
train_error_function=1
train_stop_function=0
cascade_output_change_fraction=0.010000
quickprop_decay=-0.000100
quickprop_mu=1.750000
rprop_increase_factor=1.200000
rprop_decrease_factor=0.500000
rprop_delta_min=0.000000
rprop_delta_max=50.000000
rprop_delta_zero=0.100000
cascade_output_stagnation_epochs=12
cascade_candidate_change_fraction=0.010000
cascade_candidate_stagnation_epochs=12
cascade_max_out_epochs=150
cascade_min_out_epochs=50
cascade_max_cand_epochs=150
cascade_min_cand_epochs=50
cascade_num_candidate_groups=2
bit_fail_limit=3.49999994039535522461e-01
cascade_candidate_limit=1.00000000000000000000e+03
cascade_weight_multiplier=4.00000005960464477539e-01
cascade_activation_functions_count=10
cascade_activation_functions=3 5 7 8 10 11 14 15 16 17 
cascade_activation_steepnesses_count=4
cascade_activation_steepnesses=2.50000000000000000000e-01 5.00000000000000000000e-01 7.50000000000000000000e-01 1.00000000000000000000e+00 
layer_sizes=10 3 2 
scale_included=0
neurons (num_inputs, activation_function, activation_steepness)=(0, 0, 0.00000000000000000000e+00) (0, 0, 0.00000000000000000000e+00) (0, 0, 0.00000000000000000000e+00) (0, 0, 0.00000000000000000000e+00) (0, 0, 0.00000000000000000000e+00) (0, 0, 0.00000000000000000000e+00) (0, 0, 0.00000000000000000000e+00) (0, 0, 0.00000000000000000000e+00) (0, 0, 0.00000000000000000000e+00) (0, 0, 0.00000000000000000000e+00) (10, 3, 5.00000000000000000000e-01) (10, 3, 5.00000000000000000000e-01) (0, 3, 0.00000000000000000000e+00) (3, 3, 5.00000000000000000000e-01) (0, 3, 0.00000000000000000000e+00) 
connections (connected_to_neuron, weight)=(0, -1.04056656360626220703e-01) (1, -6.82470872998237609863e-02) (2, -2.14730411767959594727e-01) (3, -1.93390101194381713867e-01) (4, -3.79649922251701354980e-02) (5, -1.55861586332321166992e-01) (6, 2.15500295162200927734e-01) (7, 1.82375997304916381836e-01) (8, 1.95653021335601806641e-01) (9, -1.26828312873840332031e-01) (0, -9.32459160685539245605e-02) (1, -1.52431890368461608887e-01) (2, -1.46949619054794311523e-01) (3, -1.39212429523468017578e-01) (4, -1.63474231958389282227e-01) (5, -1.88582330942153930664e-01) (6, 9.12379920482635498047e-02) (7, 1.98194980621337890625e-01) (8, 1.00010678172111511230e-01) (9, -1.78563937544822692871e-01) (10, 9.34896245598793029785e-02) (11, 4.55057546496391296387e-02) (12, 1.77988737821578979492e-01) 
