FANN_FLO_2.1
num_layers=4
learning_rate=0.300000
connection_rate=1.000000
network_type=0
learning_momentum=0.000000
training_algorithm=2
train_error_function=1
train_stop_function=0
cascade_output_change_fraction=0.010000
quickprop_decay=-0.000100
quickprop_mu=1.750000
rprop_increase_factor=1.200000
rprop_decrease_factor=0.500000
rprop_delta_min=0.000000
rprop_delta_max=50.000000
rprop_delta_zero=0.100000
cascade_output_stagnation_epochs=12
cascade_candidate_change_fraction=0.010000
cascade_candidate_stagnation_epochs=12
cascade_max_out_epochs=150
cascade_min_out_epochs=50
cascade_max_cand_epochs=150
cascade_min_cand_epochs=50
cascade_num_candidate_groups=2
bit_fail_limit=3.49999994039535522461e-01
cascade_candidate_limit=1.00000000000000000000e+03
cascade_weight_multiplier=4.00000005960464477539e-01
cascade_activation_functions_count=10
cascade_activation_functions=3 5 7 8 10 11 14 15 16 17 
cascade_activation_steepnesses_count=4
cascade_activation_steepnesses=2.50000000000000000000e-01 5.00000000000000000000e-01 7.50000000000000000000e-01 1.00000000000000000000e+00 
layer_sizes=2 5 5 3 
scale_included=0
neurons (num_inputs, activation_function, activation_steepness)=(0, 0, 0.00000000000000000000e+00) (0, 0, 0.00000000000000000000e+00) (2, 3, 5.00000000000000000000e-01) (2, 3, 5.00000000000000000000e-01) (2, 3, 5.00000000000000000000e-01) (2, 3, 5.00000000000000000000e-01) (0, 3, 0.00000000000000000000e+00) (5, 3, 5.00000000000000000000e-01) (5, 3, 5.00000000000000000000e-01) (5, 3, 5.00000000000000000000e-01) (5, 3, 5.00000000000000000000e-01) (0, 3, 0.00000000000000000000e+00) (5, 0, 5.00000000000000000000e-01) (5, 0, 5.00000000000000000000e-01) (0, 0, 0.00000000000000000000e+00) 
connections (connected_to_neuron, weight)=(0, -9.37515830993652343750e+00) (1, -5.35589027404785156250e+00) (0, 7.72653341293334960938e+00) (1, 1.52129948139190673828e-01) (0, -1.50404148101806640625e+01) (1, -3.12193632125854492188e+00) (0, -1.19074048995971679688e+01) (1, -1.99842536449432373047e+00) (2, -2.51797437667846679688e+00) (3, -2.62334575653076171875e+01) (4, 1.90020525455474853516e+00) (5, 2.50887942314147949219e+00) (6, -1.03714190423488616943e-01) (2, -1.27498273849487304688e+01) (3, -2.42585206031799316406e+00) (4, 1.25144982337951660156e+00) (5, 1.25488495826721191406e+00) (6, 2.70193278789520263672e-01) (2, -1.09401926398277282715e-01) (3, -2.10058231353759765625e+01) (4, 1.59440588951110839844e+00) (5, 2.77054238319396972656e+00) (6, -4.74489301443099975586e-01) (2, -2.44817333221435546875e+01) (3, -1.44971609115600585938e+00) (4, 3.29073762893676757812e+00) (5, 8.74739408493041992188e-01) (6, 3.05979818105697631836e-01) (7, 3.69775891304016113281e-02) (8, -6.63316622376441955566e-02) (9, -6.93062990903854370117e-02) (10, -5.68156614899635314941e-02) (11, 3.49246300756931304932e-02) (7, -2.92254745960235595703e-01) (8, -1.96282756328582763672e+00) (9, -9.50082898139953613281e-01) (10, -8.01155209541320800781e-01) (11, -2.50529378652572631836e-01) 
