FANN_FLO_2.1
num_layers=4
learning_rate=0.300000
connection_rate=1.000000
network_type=0
learning_momentum=0.000000
training_algorithm=2
train_error_function=1
train_stop_function=0
cascade_output_change_fraction=0.010000
quickprop_decay=-0.000100
quickprop_mu=1.750000
rprop_increase_factor=1.200000
rprop_decrease_factor=0.500000
rprop_delta_min=0.000000
rprop_delta_max=50.000000
rprop_delta_zero=0.100000
cascade_output_stagnation_epochs=12
cascade_candidate_change_fraction=0.010000
cascade_candidate_stagnation_epochs=12
cascade_max_out_epochs=150
cascade_min_out_epochs=50
cascade_max_cand_epochs=150
cascade_min_cand_epochs=50
cascade_num_candidate_groups=2
bit_fail_limit=3.49999994039535522461e-01
cascade_candidate_limit=1.00000000000000000000e+03
cascade_weight_multiplier=4.00000005960464477539e-01
cascade_activation_functions_count=10
cascade_activation_functions=3 5 7 8 10 11 14 15 16 17 
cascade_activation_steepnesses_count=4
cascade_activation_steepnesses=2.50000000000000000000e-01 5.00000000000000000000e-01 7.50000000000000000000e-01 1.00000000000000000000e+00 
layer_sizes=2 5 5 3 
scale_included=0
neurons (num_inputs, activation_function, activation_steepness)=(0, 0, 0.00000000000000000000e+00) (0, 0, 0.00000000000000000000e+00) (2, 3, 5.00000000000000000000e-01) (2, 3, 5.00000000000000000000e-01) (2, 3, 5.00000000000000000000e-01) (2, 3, 5.00000000000000000000e-01) (0, 3, 0.00000000000000000000e+00) (5, 3, 5.00000000000000000000e-01) (5, 3, 5.00000000000000000000e-01) (5, 3, 5.00000000000000000000e-01) (5, 3, 5.00000000000000000000e-01) (0, 3, 0.00000000000000000000e+00) (5, 0, 5.00000000000000000000e-01) (5, 0, 5.00000000000000000000e-01) (0, 0, 0.00000000000000000000e+00) 
connections (connected_to_neuron, weight)=(0, -4.88886117935180664062e+00) (1, -7.06813931465148925781e-01) (0, -1.50000000000000000000e+03) (1, -8.81508886814117431641e-01) (0, -1.27000484466552734375e+01) (1, -5.57274770736694335938e+00) (0, -1.50000000000000000000e+03) (1, -1.04690527915954589844e+00) (2, -6.19299829006195068359e-01) (3, -6.63370251655578613281e-01) (4, -2.65208423137664794922e-01) (5, -3.80585527420043945312e+00) (6, 2.51277834177017211914e-01) (2, 1.65657699108123779297e-01) (3, -1.89065665006637573242e-01) (4, 3.08512663841247558594e+00) (5, -8.37723910808563232422e-01) (6, -4.79186445474624633789e-01) (2, 6.26852437853813171387e-02) (3, -4.17470216751098632812e-01) (4, 2.06803703308105468750e+00) (5, -8.09377729892730712891e-01) (6, 1.16801165044307708740e-01) (2, -1.03158876299858093262e-01) (3, -3.60332697629928588867e-01) (4, 2.71842193603515625000e+00) (5, 8.64806115627288818359e-01) (6, 2.77958232909440994263e-02) (7, -8.92519116401672363281e-01) (8, -3.33468317985534667969e-02) (9, -2.70967856049537658691e-02) (10, 1.26569345593452453613e-01) (11, -5.98812028765678405762e-02) (7, -1.20255485177040100098e-01) (8, -6.47904157638549804688e-01) (9, -5.69460988044738769531e-01) (10, -6.13273322582244873047e-01) (11, -5.06872534751892089844e-01) 
