FANN_FLO_2.1
num_layers=4
learning_rate=0.500000
connection_rate=1.000000
network_type=0
learning_momentum=0.000000
training_algorithm=2
train_error_function=1
train_stop_function=0
cascade_output_change_fraction=0.010000
quickprop_decay=-0.000100
quickprop_mu=1.750000
rprop_increase_factor=1.200000
rprop_decrease_factor=0.500000
rprop_delta_min=0.000000
rprop_delta_max=50.000000
rprop_delta_zero=0.100000
cascade_output_stagnation_epochs=12
cascade_candidate_change_fraction=0.010000
cascade_candidate_stagnation_epochs=12
cascade_max_out_epochs=150
cascade_min_out_epochs=50
cascade_max_cand_epochs=150
cascade_min_cand_epochs=50
cascade_num_candidate_groups=2
bit_fail_limit=3.49999994039535522461e-01
cascade_candidate_limit=1.00000000000000000000e+03
cascade_weight_multiplier=4.00000005960464477539e-01
cascade_activation_functions_count=10
cascade_activation_functions=3 5 7 8 10 11 14 15 16 17 
cascade_activation_steepnesses_count=4
cascade_activation_steepnesses=2.50000000000000000000e-01 5.00000000000000000000e-01 7.50000000000000000000e-01 1.00000000000000000000e+00 
layer_sizes=4 5 5 2 
scale_included=0
neurons (num_inputs, activation_function, activation_steepness)=(0, 0, 0.00000000000000000000e+00) (0, 0, 0.00000000000000000000e+00) (0, 0, 0.00000000000000000000e+00) (0, 0, 0.00000000000000000000e+00) (4, 3, 5.00000000000000000000e-01) (4, 3, 5.00000000000000000000e-01) (4, 3, 5.00000000000000000000e-01) (4, 3, 5.00000000000000000000e-01) (0, 3, 0.00000000000000000000e+00) (5, 3, 5.00000000000000000000e-01) (5, 3, 5.00000000000000000000e-01) (5, 3, 5.00000000000000000000e-01) (5, 3, 5.00000000000000000000e-01) (0, 3, 0.00000000000000000000e+00) (5, 3, 5.00000000000000000000e-01) (0, 3, 0.00000000000000000000e+00) 
connections (connected_to_neuron, weight)=(0, -7.35883728027343750000e+02) (1, -1.83739730834960937500e+02) (2, -1.40500000000000000000e+03) (3, 5.27528142929077148438e+00) (0, -8.28919887542724609375e+00) (1, -1.43182296752929687500e+01) (2, 6.62331914901733398438e+00) (3, 3.60473179817199707031e+00) (0, -1.90336456298828125000e+01) (1, 4.93677101135253906250e+01) (2, -9.22944763183593750000e+02) (3, -7.87198019027709960938e+00) (0, -5.67551994323730468750e+00) (1, -1.54564189910888671875e+00) (2, -3.13265323638916015625e+00) (3, 4.80995321273803710938e+00) (4, -6.10580325126647949219e-01) (5, 7.09319305419921875000e+00) (6, -2.90579071044921875000e+02) (7, 2.20349941253662109375e+01) (8, -7.03468036651611328125e+00) (4, 4.69558502197265625000e+02) (5, 2.07854709625244140625e+01) (6, -3.25183105468750000000e+02) (7, 1.88870716094970703125e+01) (8, -6.16353988647460937500e+00) (4, 1.21129255294799804688e+01) (5, 1.50000000000000000000e+03) (6, 1.29097729492187500000e+03) (7, 2.13628530502319335938e+00) (8, -1.50308895111083984375e+00) (4, -9.46879482269287109375e+00) (5, 5.79971981048583984375e+00) (6, -1.92860126495361328125e+01) (7, 8.91715049743652343750e+00) (8, -2.21541833877563476562e+00) (9, -2.59171390533447265625e+00) (10, -1.45968890190124511719e+00) (11, 2.26465010643005371094e+00) (12, -2.57671189308166503906e+00) (13, 1.98079252243041992188e+00) 
