FANN_FLO_2.1
num_layers=3
learning_rate=0.500000
connection_rate=1.000000
network_type=0
learning_momentum=0.000000
training_algorithm=2
train_error_function=1
train_stop_function=0
cascade_output_change_fraction=0.010000
quickprop_decay=-0.000100
quickprop_mu=1.750000
rprop_increase_factor=1.200000
rprop_decrease_factor=0.500000
rprop_delta_min=0.000000
rprop_delta_max=50.000000
rprop_delta_zero=0.100000
cascade_output_stagnation_epochs=12
cascade_candidate_change_fraction=0.010000
cascade_candidate_stagnation_epochs=12
cascade_max_out_epochs=150
cascade_min_out_epochs=50
cascade_max_cand_epochs=150
cascade_min_cand_epochs=50
cascade_num_candidate_groups=2
bit_fail_limit=3.49999994039535522461e-01
cascade_candidate_limit=1.00000000000000000000e+03
cascade_weight_multiplier=4.00000005960464477539e-01
cascade_activation_functions_count=10
cascade_activation_functions=3 5 7 8 10 11 14 15 16 17 
cascade_activation_steepnesses_count=4
cascade_activation_steepnesses=2.50000000000000000000e-01 5.00000000000000000000e-01 7.50000000000000000000e-01 1.00000000000000000000e+00 
layer_sizes=3 5 4 
scale_included=0
neurons (num_inputs, activation_function, activation_steepness)=(0, 0, 0.00000000000000000000e+00) (0, 0, 0.00000000000000000000e+00) (0, 0, 0.00000000000000000000e+00) (3, 3, 5.00000000000000000000e-01) (3, 3, 5.00000000000000000000e-01) (3, 3, 5.00000000000000000000e-01) (3, 3, 5.00000000000000000000e-01) (0, 3, 0.00000000000000000000e+00) (5, 0, 5.00000000000000000000e-01) (5, 0, 5.00000000000000000000e-01) (5, 0, 5.00000000000000000000e-01) (0, 0, 0.00000000000000000000e+00) 
connections (connected_to_neuron, weight)=(0, -9.54296302795410156250e+00) (1, 7.32510566711425781250e+00) (2, 9.76487636566162109375e+00) (0, -2.75376439094543457031e+00) (1, -3.60861778259277343750e+00) (2, 1.07730555534362792969e+00) (0, -3.03656220436096191406e+00) (1, -1.12625937908887863159e-02) (2, 3.42211455106735229492e-01) (0, -1.26633548736572265625e+01) (1, 6.23731803894042968750e+00) (2, 5.88426065444946289062e+00) (3, 1.16335225105285644531e+00) (4, 2.34646654129028320312e+00) (5, 4.47467136383056640625e+00) (6, 1.19610619544982910156e+00) (7, 9.97276067733764648438e-01) (3, 5.09172248840332031250e+00) (4, 7.52716827392578125000e+00) (5, 1.08409814834594726562e+01) (6, 4.34208440780639648438e+00) (7, 4.33254528045654296875e+00) (3, 1.78424644470214843750e+01) (4, 2.44821853637695312500e+01) (5, 3.29964599609375000000e+01) (6, 1.38267097473144531250e+01) (7, 1.85149955749511718750e+01) 
