FANN_FLO_2.1
num_layers=4
learning_rate=0.500000
connection_rate=1.000000
network_type=0
learning_momentum=0.000000
training_algorithm=2
train_error_function=1
train_stop_function=0
cascade_output_change_fraction=0.010000
quickprop_decay=-0.000100
quickprop_mu=1.750000
rprop_increase_factor=1.200000
rprop_decrease_factor=0.500000
rprop_delta_min=0.000000
rprop_delta_max=50.000000
rprop_delta_zero=0.100000
cascade_output_stagnation_epochs=12
cascade_candidate_change_fraction=0.010000
cascade_candidate_stagnation_epochs=12
cascade_max_out_epochs=150
cascade_min_out_epochs=50
cascade_max_cand_epochs=150
cascade_min_cand_epochs=50
cascade_num_candidate_groups=2
bit_fail_limit=3.49999994039535522461e-01
cascade_candidate_limit=1.00000000000000000000e+03
cascade_weight_multiplier=4.00000005960464477539e-01
cascade_activation_functions_count=10
cascade_activation_functions=3 5 7 8 10 11 14 15 16 17 
cascade_activation_steepnesses_count=4
cascade_activation_steepnesses=2.50000000000000000000e-01 5.00000000000000000000e-01 7.50000000000000000000e-01 1.00000000000000000000e+00 
layer_sizes=4 5 5 2 
scale_included=0
neurons (num_inputs, activation_function, activation_steepness)=(0, 0, 0.00000000000000000000e+00) (0, 0, 0.00000000000000000000e+00) (0, 0, 0.00000000000000000000e+00) (0, 0, 0.00000000000000000000e+00) (4, 3, 5.00000000000000000000e-01) (4, 3, 5.00000000000000000000e-01) (4, 3, 5.00000000000000000000e-01) (4, 3, 5.00000000000000000000e-01) (0, 3, 0.00000000000000000000e+00) (5, 3, 5.00000000000000000000e-01) (5, 3, 5.00000000000000000000e-01) (5, 3, 5.00000000000000000000e-01) (5, 3, 5.00000000000000000000e-01) (0, 3, 0.00000000000000000000e+00) (5, 3, 5.00000000000000000000e-01) (0, 3, 0.00000000000000000000e+00) 
connections (connected_to_neuron, weight)=(0, -7.64574718475341796875e+00) (1, -6.44696998596191406250e+00) (2, -3.56313490867614746094e+00) (3, 7.01240348815917968750e+00) (0, 2.70656051635742187500e+01) (1, -6.64999084472656250000e+01) (2, 2.33979206085205078125e+01) (3, 2.50134873390197753906e+00) (0, -7.33632850646972656250e+00) (1, -1.56525850296020507812e+00) (2, -1.10823135375976562500e+01) (3, 8.55136489868164062500e+00) (0, -7.34382772445678710938e+00) (1, -6.12187767028808593750e+00) (2, -3.26173114776611328125e+00) (3, 6.71100997924804687500e+00) (4, -7.29302368164062500000e+02) (5, -6.56162357330322265625e+00) (6, 3.41038726806640625000e+02) (7, -6.35740051269531250000e+02) (8, -2.68106198310852050781e+00) (4, 2.71212387084960937500e+01) (5, -4.42998933792114257812e+00) (6, 7.90477848052978515625e+00) (7, 9.59465789794921875000e+00) (8, -5.08220553398132324219e-01) (4, 1.50000000000000000000e+03) (5, -2.53340988159179687500e+02) (6, 4.35007629394531250000e+01) (7, 1.50000000000000000000e+03) (8, 3.18476505279541015625e+01) (4, 6.97151422500610351562e+00) (5, -4.06028032302856445312e+00) (6, 1.28479738235473632812e+01) (7, 7.00386285781860351562e+00) (8, -2.83819127082824707031e+00) (9, 2.29465460777282714844e+00) (10, -1.10816931724548339844e+00) (11, 5.03083050251007080078e-01) (12, -3.92065334320068359375e+00) (13, 2.28540897369384765625e+00) 
