FANN_FLO_2.1
num_layers=3
learning_rate=0.500000
connection_rate=1.000000
network_type=0
learning_momentum=0.000000
training_algorithm=2
train_error_function=1
train_stop_function=0
cascade_output_change_fraction=0.010000
quickprop_decay=-0.000100
quickprop_mu=1.750000
rprop_increase_factor=1.200000
rprop_decrease_factor=0.500000
rprop_delta_min=0.000000
rprop_delta_max=50.000000
rprop_delta_zero=0.100000
cascade_output_stagnation_epochs=12
cascade_candidate_change_fraction=0.010000
cascade_candidate_stagnation_epochs=12
cascade_max_out_epochs=150
cascade_min_out_epochs=50
cascade_max_cand_epochs=150
cascade_min_cand_epochs=50
cascade_num_candidate_groups=2
bit_fail_limit=3.49999994039535522461e-01
cascade_candidate_limit=1.00000000000000000000e+03
cascade_weight_multiplier=4.00000005960464477539e-01
cascade_activation_functions_count=10
cascade_activation_functions=3 5 7 8 10 11 14 15 16 17 
cascade_activation_steepnesses_count=4
cascade_activation_steepnesses=2.50000000000000000000e-01 5.00000000000000000000e-01 7.50000000000000000000e-01 1.00000000000000000000e+00 
layer_sizes=10 5 2 
scale_included=0
neurons (num_inputs, activation_function, activation_steepness)=(0, 0, 0.00000000000000000000e+00) (0, 0, 0.00000000000000000000e+00) (0, 0, 0.00000000000000000000e+00) (0, 0, 0.00000000000000000000e+00) (0, 0, 0.00000000000000000000e+00) (0, 0, 0.00000000000000000000e+00) (0, 0, 0.00000000000000000000e+00) (0, 0, 0.00000000000000000000e+00) (0, 0, 0.00000000000000000000e+00) (0, 0, 0.00000000000000000000e+00) (10, 3, 5.00000000000000000000e-01) (10, 3, 5.00000000000000000000e-01) (10, 3, 5.00000000000000000000e-01) (10, 3, 5.00000000000000000000e-01) (0, 3, 0.00000000000000000000e+00) (5, 3, 5.00000000000000000000e-01) (0, 3, 0.00000000000000000000e+00) 
connections (connected_to_neuron, weight)=(0, -3.33941400051116943359e-01) (1, -2.34343856573104858398e-01) (2, -2.75340408086776733398e-01) (3, -1.71080172061920166016e-01) (4, -6.04202151298522949219e-01) (5, -4.12468582391738891602e-01) (6, -2.10995659232139587402e-01) (7, -4.81485277414321899414e-01) (8, -3.19984674453735351562e-01) (9, 8.75397205352783203125e-01) (0, -1.61583185195922851562e-01) (1, -5.44665694236755371094e-01) (2, -1.13741144537925720215e-01) (3, -3.86865228414535522461e-01) (4, -5.01374602317810058594e-01) (5, -4.74530935287475585938e-01) (6, -1.63829803466796875000e-01) (7, -2.50826239585876464844e-01) (8, -4.76699918508529663086e-01) (9, 8.56166362762451171875e-01) (0, 6.22979760169982910156e-01) (1, 4.24071758985519409180e-01) (2, 6.15916013717651367188e-01) (3, 4.93019431829452514648e-01) (4, 7.54084810614585876465e-02) (5, 3.82082611322402954102e-01) (6, 7.21857786178588867188e-01) (7, 1.76054626703262329102e-01) (8, 4.33227062225341796875e-01) (9, -1.62810122966766357422e+00) (0, 4.87090975046157836914e-01) (1, 5.20756661891937255859e-01) (2, 7.19391167163848876953e-01) (3, 8.80811274051666259766e-01) (4, -4.84556674957275390625e-01) (5, 3.25535759329795837402e-02) (6, 6.66108965873718261719e-01) (7, 4.32126581668853759766e-01) (8, 3.09404909610748291016e-01) (9, -9.19916570186614990234e-01) (10, -2.71063446998596191406e+00) (11, -1.12546932697296142578e+00) (12, 9.32324349880218505859e-01) (13, 8.18239390850067138672e-01) (14, 1.99513047933578491211e-01) 
