FANN_FLO_2.1
num_layers=4
learning_rate=0.500000
connection_rate=1.000000
network_type=0
learning_momentum=0.000000
training_algorithm=2
train_error_function=1
train_stop_function=0
cascade_output_change_fraction=0.010000
quickprop_decay=-0.000100
quickprop_mu=1.750000
rprop_increase_factor=1.200000
rprop_decrease_factor=0.500000
rprop_delta_min=0.000000
rprop_delta_max=50.000000
rprop_delta_zero=0.100000
cascade_output_stagnation_epochs=12
cascade_candidate_change_fraction=0.010000
cascade_candidate_stagnation_epochs=12
cascade_max_out_epochs=150
cascade_min_out_epochs=50
cascade_max_cand_epochs=150
cascade_min_cand_epochs=50
cascade_num_candidate_groups=2
bit_fail_limit=3.49999994039535522461e-01
cascade_candidate_limit=1.00000000000000000000e+03
cascade_weight_multiplier=4.00000005960464477539e-01
cascade_activation_functions_count=10
cascade_activation_functions=3 5 7 8 10 11 14 15 16 17 
cascade_activation_steepnesses_count=4
cascade_activation_steepnesses=2.50000000000000000000e-01 5.00000000000000000000e-01 7.50000000000000000000e-01 1.00000000000000000000e+00 
layer_sizes=4 5 3 2 
scale_included=0
neurons (num_inputs, activation_function, activation_steepness)=(0, 0, 0.00000000000000000000e+00) (0, 0, 0.00000000000000000000e+00) (0, 0, 0.00000000000000000000e+00) (0, 0, 0.00000000000000000000e+00) (4, 3, 5.00000000000000000000e-01) (4, 3, 5.00000000000000000000e-01) (4, 3, 5.00000000000000000000e-01) (4, 3, 5.00000000000000000000e-01) (0, 3, 0.00000000000000000000e+00) (5, 3, 5.00000000000000000000e-01) (5, 3, 5.00000000000000000000e-01) (0, 3, 0.00000000000000000000e+00) (3, 3, 5.00000000000000000000e-01) (0, 3, 0.00000000000000000000e+00) 
connections (connected_to_neuron, weight)=(0, 1.95180857181549072266e+00) (1, -1.30932683944702148438e+01) (2, -7.02641487121582031250e-01) (3, 2.17260885238647460938e+00) (0, -2.82058143615722656250e+00) (1, -4.76389169692993164062e-01) (2, -3.12661385536193847656e+00) (3, 1.54914748668670654297e+00) (0, -1.52982580661773681641e+00) (1, -1.54591789245605468750e+01) (2, 4.74105596542358398438e+00) (3, 2.14199852943420410156e+00) (0, -3.98531675338745117188e+00) (1, 5.18997490406036376953e-01) (2, -4.27021408081054687500e+00) (3, 1.69346141815185546875e+00) (4, -1.27290096282958984375e+01) (5, 2.79683456420898437500e+01) (6, 3.33915023803710937500e+01) (7, 1.37189588546752929688e+01) (8, -5.27929878234863281250e+00) (4, -6.23100042343139648438e+00) (5, 1.87925357818603515625e+01) (6, 1.72801094055175781250e+01) (7, 7.23298406600952148438e+00) (8, -3.36182045936584472656e+00) (9, -2.50775814056396484375e+00) (10, -2.77279973030090332031e+00) (11, 3.00342345237731933594e+00) 
