FANN_FLO_2.1
num_layers=3
learning_rate=0.500000
connection_rate=1.000000
network_type=0
learning_momentum=0.000000
training_algorithm=2
train_error_function=1
train_stop_function=0
cascade_output_change_fraction=0.010000
quickprop_decay=-0.000100
quickprop_mu=1.750000
rprop_increase_factor=1.200000
rprop_decrease_factor=0.500000
rprop_delta_min=0.000000
rprop_delta_max=50.000000
rprop_delta_zero=0.100000
cascade_output_stagnation_epochs=12
cascade_candidate_change_fraction=0.010000
cascade_candidate_stagnation_epochs=12
cascade_max_out_epochs=150
cascade_min_out_epochs=50
cascade_max_cand_epochs=150
cascade_min_cand_epochs=50
cascade_num_candidate_groups=2
bit_fail_limit=3.49999994039535522461e-01
cascade_candidate_limit=1.00000000000000000000e+03
cascade_weight_multiplier=4.00000005960464477539e-01
cascade_activation_functions_count=10
cascade_activation_functions=3 5 7 8 10 11 14 15 16 17 
cascade_activation_steepnesses_count=4
cascade_activation_steepnesses=2.50000000000000000000e-01 5.00000000000000000000e-01 7.50000000000000000000e-01 1.00000000000000000000e+00 
layer_sizes=7 9 2 
scale_included=0
neurons (num_inputs, activation_function, activation_steepness)=(0, 0, 0.00000000000000000000e+00) (0, 0, 0.00000000000000000000e+00) (0, 0, 0.00000000000000000000e+00) (0, 0, 0.00000000000000000000e+00) (0, 0, 0.00000000000000000000e+00) (0, 0, 0.00000000000000000000e+00) (0, 0, 0.00000000000000000000e+00) (7, 3, 5.00000000000000000000e-01) (7, 3, 5.00000000000000000000e-01) (7, 3, 5.00000000000000000000e-01) (7, 3, 5.00000000000000000000e-01) (7, 3, 5.00000000000000000000e-01) (7, 3, 5.00000000000000000000e-01) (7, 3, 5.00000000000000000000e-01) (7, 3, 5.00000000000000000000e-01) (0, 3, 0.00000000000000000000e+00) (9, 0, 5.00000000000000000000e-01) (0, 0, 0.00000000000000000000e+00) 
connections (connected_to_neuron, weight)=(0, 3.77622032165527343750e+00) (1, 2.88393449783325195312e+00) (2, 1.83333740234375000000e+01) (3, 2.16234850883483886719e+00) (4, 1.59912681579589843750e+00) (5, -1.43439224243164062500e+02) (6, -8.84611234068870544434e-02) (0, -2.19799900054931640625e+01) (1, 1.26730978488922119141e+00) (2, 5.13536109924316406250e+01) (3, 7.35756158828735351562e+00) (4, 2.08996027708053588867e-01) (5, -1.38742492675781250000e+02) (6, -3.00581604242324829102e-01) (0, 4.83323478698730468750e+00) (1, 1.77576410770416259766e+00) (2, 1.50666103363037109375e+01) (3, 4.31181097030639648438e+00) (4, -2.51343369483947753906e-01) (5, -2.34573089599609375000e+02) (6, -7.71113574504852294922e-01) (0, 1.70726561546325683594e+00) (1, 1.49280667304992675781e-01) (2, 8.47315597534179687500e+00) (3, 5.68840789794921875000e+00) (4, -1.08003437519073486328e+00) (5, -1.65741252899169921875e+01) (6, -1.21361041069030761719e+00) (0, 3.96754050254821777344e+00) (1, 6.10676765441894531250e-01) (2, 1.87931686401367187500e+02) (3, 7.15850400924682617188e+00) (4, -5.53520023822784423828e-01) (5, -1.52047576904296875000e+02) (6, -8.61369431018829345703e-01) (0, 2.93990478515625000000e+01) (1, -1.19784669876098632812e+01) (2, -8.89813232421875000000e+01) (3, -2.33179073333740234375e+01) (4, -1.66022109985351562500e+00) (5, -1.81319549560546875000e+02) (6, -6.80513739585876464844e-01) (0, 7.09609317779541015625e+00) (1, -8.77667236328125000000e+00) (2, -2.14567764282226562500e+02) (3, -3.89209899902343750000e+01) (4, -1.88701462745666503906e+00) (5, -3.41380676269531250000e+02) (6, -3.54282706975936889648e-01) (0, 2.95729484558105468750e+01) (1, -1.16465129852294921875e+01) (2, -7.61971893310546875000e+01) (3, -2.28252487182617187500e+01) (4, -2.26125931739807128906e+00) (5, -1.58876266479492187500e+02) (6, -4.90205466747283935547e-01) (7, -1.31792016327381134033e-02) (8, -1.28469206392765045166e-02) (9, 9.56543022766709327698e-04) (10, -2.90502589195966720581e-02) (11, 4.22688610851764678955e-02) (12, 1.14080004882812500000e+03) (13, 1.05000000000000000000e+03) (14, -2.39083633422851562500e+01) (15, 1.34115451946854591370e-02) 
