FANN_FLO_2.1
num_layers=4
learning_rate=0.300000
connection_rate=1.000000
network_type=0
learning_momentum=0.000000
training_algorithm=2
train_error_function=1
train_stop_function=0
cascade_output_change_fraction=0.010000
quickprop_decay=-0.000100
quickprop_mu=1.750000
rprop_increase_factor=1.200000
rprop_decrease_factor=0.500000
rprop_delta_min=0.000000
rprop_delta_max=50.000000
rprop_delta_zero=0.100000
cascade_output_stagnation_epochs=12
cascade_candidate_change_fraction=0.010000
cascade_candidate_stagnation_epochs=12
cascade_max_out_epochs=150
cascade_min_out_epochs=50
cascade_max_cand_epochs=150
cascade_min_cand_epochs=50
cascade_num_candidate_groups=2
bit_fail_limit=3.49999994039535522461e-01
cascade_candidate_limit=1.00000000000000000000e+03
cascade_weight_multiplier=4.00000005960464477539e-01
cascade_activation_functions_count=10
cascade_activation_functions=3 5 7 8 10 11 14 15 16 17 
cascade_activation_steepnesses_count=4
cascade_activation_steepnesses=2.50000000000000000000e-01 5.00000000000000000000e-01 7.50000000000000000000e-01 1.00000000000000000000e+00 
layer_sizes=2 5 5 3 
scale_included=0
neurons (num_inputs, activation_function, activation_steepness)=(0, 0, 0.00000000000000000000e+00) (0, 0, 0.00000000000000000000e+00) (2, 3, 5.00000000000000000000e-01) (2, 3, 5.00000000000000000000e-01) (2, 3, 5.00000000000000000000e-01) (2, 3, 5.00000000000000000000e-01) (0, 3, 0.00000000000000000000e+00) (5, 3, 5.00000000000000000000e-01) (5, 3, 5.00000000000000000000e-01) (5, 3, 5.00000000000000000000e-01) (5, 3, 5.00000000000000000000e-01) (0, 3, 0.00000000000000000000e+00) (5, 0, 5.00000000000000000000e-01) (5, 0, 5.00000000000000000000e-01) (0, 0, 0.00000000000000000000e+00) 
connections (connected_to_neuron, weight)=(0, -4.58989601135253906250e+01) (1, -1.50368080139160156250e+01) (0, -1.51577491760253906250e+01) (1, -7.74166011810302734375e+00) (0, -1.27858686447143554688e+01) (1, -6.15607690811157226562e+00) (0, -1.46283359527587890625e+01) (1, -7.26389646530151367188e+00) (2, -2.13989257812500000000e+00) (3, 6.63066923618316650391e-01) (4, 1.11637604236602783203e+00) (5, 9.06202495098114013672e-01) (6, 4.76637989282608032227e-01) (2, 5.51130390167236328125e+00) (3, 4.01404142379760742188e+00) (4, 1.35784845352172851562e+01) (5, 9.57486820220947265625e+00) (6, -9.31606233119964599609e-01) (2, 4.97687339782714843750e+00) (3, 2.21352138519287109375e+01) (4, 1.31728620529174804688e+01) (5, 1.01012001037597656250e+01) (6, -1.67509377002716064453e+00) (2, -3.43632149696350097656e+00) (3, 1.46156346797943115234e+00) (4, 1.32798027992248535156e+00) (5, 1.22446119785308837891e-01) (6, 1.78692781925201416016e+00) (7, -6.51240348815917968750e-02) (8, 8.38291496038436889648e-02) (9, 6.45321086049079895020e-02) (10, -1.08044244349002838135e-01) (11, -1.05142444372177124023e-01) (7, -5.09501814842224121094e-01) (8, -7.04644799232482910156e-01) (9, -7.20839798450469970703e-01) (10, -3.52921754121780395508e-01) (11, -3.42048972845077514648e-01) 
