FANN_FLO_2.1
num_layers=4
learning_rate=0.450000
connection_rate=1.000000
network_type=0
learning_momentum=0.000000
training_algorithm=2
train_error_function=1
train_stop_function=0
cascade_output_change_fraction=0.010000
quickprop_decay=-0.000100
quickprop_mu=1.750000
rprop_increase_factor=1.200000
rprop_decrease_factor=0.500000
rprop_delta_min=0.000000
rprop_delta_max=50.000000
rprop_delta_zero=0.100000
cascade_output_stagnation_epochs=12
cascade_candidate_change_fraction=0.010000
cascade_candidate_stagnation_epochs=12
cascade_max_out_epochs=150
cascade_min_out_epochs=50
cascade_max_cand_epochs=150
cascade_min_cand_epochs=50
cascade_num_candidate_groups=2
bit_fail_limit=3.49999994039535522461e-01
cascade_candidate_limit=1.00000000000000000000e+03
cascade_weight_multiplier=4.00000005960464477539e-01
cascade_activation_functions_count=10
cascade_activation_functions=3 5 7 8 10 11 14 15 16 17 
cascade_activation_steepnesses_count=4
cascade_activation_steepnesses=2.50000000000000000000e-01 5.00000000000000000000e-01 7.50000000000000000000e-01 1.00000000000000000000e+00 
layer_sizes=7 5 3 2 
scale_included=0
neurons (num_inputs, activation_function, activation_steepness)=(0, 0, 0.00000000000000000000e+00) (0, 0, 0.00000000000000000000e+00) (0, 0, 0.00000000000000000000e+00) (0, 0, 0.00000000000000000000e+00) (0, 0, 0.00000000000000000000e+00) (0, 0, 0.00000000000000000000e+00) (0, 0, 0.00000000000000000000e+00) (7, 3, 5.00000000000000000000e-01) (7, 3, 5.00000000000000000000e-01) (7, 3, 5.00000000000000000000e-01) (7, 3, 5.00000000000000000000e-01) (0, 3, 0.00000000000000000000e+00) (5, 3, 5.00000000000000000000e-01) (5, 3, 5.00000000000000000000e-01) (0, 3, 0.00000000000000000000e+00) (3, 0, 5.00000000000000000000e-01) (0, 0, 0.00000000000000000000e+00) 
connections (connected_to_neuron, weight)=(0, -9.40801525115966796875e+00) (1, -3.15729409456253051758e-01) (2, -6.43492603302001953125e+00) (3, -4.47592658996582031250e+01) (4, -2.80333220958709716797e-01) (5, -1.65543212890625000000e+01) (6, 1.50000000000000000000e+03) (0, -3.59855704009532928467e-02) (1, 2.91062504053115844727e-01) (2, -6.40821039676666259766e-01) (3, 3.65535378456115722656e-01) (4, -2.78055810928344726562e+00) (5, -4.59322571754455566406e-01) (6, -7.07531124353408813477e-02) (0, 3.01159799098968505859e-01) (1, -2.24707528948783874512e-01) (2, -5.26046693325042724609e-01) (3, -3.41204732656478881836e-01) (4, -2.21017584204673767090e-01) (5, -3.67646396160125732422e-01) (6, 3.74069900512695312500e+01) (0, -1.96790564060211181641e+00) (1, -3.26768696308135986328e-01) (2, -4.16084557771682739258e-01) (3, -4.00680303573608398438e+00) (4, -3.28667342662811279297e-01) (5, 1.43183700561523437500e+02) (6, 1.98994018554687500000e+02) (7, -3.42234492301940917969e+00) (8, 1.87620353698730468750e+01) (9, -9.98923718929290771484e-01) (10, -2.99224829673767089844e+00) (11, -9.61843311786651611328e-01) (7, -7.84763470292091369629e-02) (8, -1.36101019382476806641e+00) (9, -4.29991818964481353760e-02) (10, -8.39297711849212646484e-01) (11, 8.09860676527023315430e-02) (12, 5.87042033672332763672e-01) (13, 2.30845749378204345703e-01) (14, -5.91009929776191711426e-02) 
