FANN_FLO_2.1
num_layers=3
learning_rate=0.400000
connection_rate=1.000000
network_type=0
learning_momentum=0.000000
training_algorithm=2
train_error_function=1
train_stop_function=0
cascade_output_change_fraction=0.010000
quickprop_decay=-0.000100
quickprop_mu=1.750000
rprop_increase_factor=1.200000
rprop_decrease_factor=0.500000
rprop_delta_min=0.000000
rprop_delta_max=50.000000
rprop_delta_zero=0.100000
cascade_output_stagnation_epochs=12
cascade_candidate_change_fraction=0.010000
cascade_candidate_stagnation_epochs=12
cascade_max_out_epochs=150
cascade_min_out_epochs=50
cascade_max_cand_epochs=150
cascade_min_cand_epochs=50
cascade_num_candidate_groups=2
bit_fail_limit=3.49999994039535522461e-01
cascade_candidate_limit=1.00000000000000000000e+03
cascade_weight_multiplier=4.00000005960464477539e-01
cascade_activation_functions_count=10
cascade_activation_functions=3 5 7 8 10 11 14 15 16 17 
cascade_activation_steepnesses_count=4
cascade_activation_steepnesses=2.50000000000000000000e-01 5.00000000000000000000e-01 7.50000000000000000000e-01 1.00000000000000000000e+00 
layer_sizes=10 3 2 
scale_included=0
neurons (num_inputs, activation_function, activation_steepness)=(0, 0, 0.00000000000000000000e+00) (0, 0, 0.00000000000000000000e+00) (0, 0, 0.00000000000000000000e+00) (0, 0, 0.00000000000000000000e+00) (0, 0, 0.00000000000000000000e+00) (0, 0, 0.00000000000000000000e+00) (0, 0, 0.00000000000000000000e+00) (0, 0, 0.00000000000000000000e+00) (0, 0, 0.00000000000000000000e+00) (0, 0, 0.00000000000000000000e+00) (10, 3, 5.00000000000000000000e-01) (10, 3, 5.00000000000000000000e-01) (0, 3, 0.00000000000000000000e+00) (3, 3, 5.00000000000000000000e-01) (0, 3, 0.00000000000000000000e+00) 
connections (connected_to_neuron, weight)=(0, -7.35108777880668640137e-02) (1, -1.29741117358207702637e-01) (2, -1.26944705843925476074e-01) (3, -8.54789242148399353027e-02) (4, -7.73988589644432067871e-02) (5, -1.56480818986892700195e-01) (6, -1.24117717146873474121e-01) (7, -1.26752659678459167480e-01) (8, -2.43805423378944396973e-02) (9, -1.32710948586463928223e-01) (0, 1.61146432161331176758e-01) (1, 1.71297490596771240234e-01) (2, 5.78812547028064727783e-02) (3, 1.43494278192520141602e-01) (4, 1.51488423347473144531e-01) (5, 4.03491929173469543457e-02) (6, 1.54861450195312500000e-01) (7, 1.53885543346405029297e-01) (8, 1.83666646480560302734e-01) (9, 5.35822361707687377930e-02) (10, -2.71868035197257995605e-02) (11, -1.32165819406509399414e-01) (12, -1.48456633090972900391e-01) 
