FANN_FLO_2.1
num_layers=4
learning_rate=0.450000
connection_rate=1.000000
network_type=0
learning_momentum=0.000000
training_algorithm=2
train_error_function=1
train_stop_function=0
cascade_output_change_fraction=0.010000
quickprop_decay=-0.000100
quickprop_mu=1.750000
rprop_increase_factor=1.200000
rprop_decrease_factor=0.500000
rprop_delta_min=0.000000
rprop_delta_max=50.000000
rprop_delta_zero=0.100000
cascade_output_stagnation_epochs=12
cascade_candidate_change_fraction=0.010000
cascade_candidate_stagnation_epochs=12
cascade_max_out_epochs=150
cascade_min_out_epochs=50
cascade_max_cand_epochs=150
cascade_min_cand_epochs=50
cascade_num_candidate_groups=2
bit_fail_limit=3.49999994039535522461e-01
cascade_candidate_limit=1.00000000000000000000e+03
cascade_weight_multiplier=4.00000005960464477539e-01
cascade_activation_functions_count=10
cascade_activation_functions=3 5 7 8 10 11 14 15 16 17 
cascade_activation_steepnesses_count=4
cascade_activation_steepnesses=2.50000000000000000000e-01 5.00000000000000000000e-01 7.50000000000000000000e-01 1.00000000000000000000e+00 
layer_sizes=7 3 3 2 
scale_included=0
neurons (num_inputs, activation_function, activation_steepness)=(0, 0, 0.00000000000000000000e+00) (0, 0, 0.00000000000000000000e+00) (0, 0, 0.00000000000000000000e+00) (0, 0, 0.00000000000000000000e+00) (0, 0, 0.00000000000000000000e+00) (0, 0, 0.00000000000000000000e+00) (0, 0, 0.00000000000000000000e+00) (7, 3, 5.00000000000000000000e-01) (7, 3, 5.00000000000000000000e-01) (0, 3, 0.00000000000000000000e+00) (3, 3, 5.00000000000000000000e-01) (3, 3, 5.00000000000000000000e-01) (0, 3, 0.00000000000000000000e+00) (3, 0, 5.00000000000000000000e-01) (0, 0, 0.00000000000000000000e+00) 
connections (connected_to_neuron, weight)=(0, 9.01152968406677246094e-01) (1, 9.79368805885314941406e-01) (2, -1.45766699314117431641e+00) (3, 4.55412000417709350586e-01) (4, 6.82412624359130859375e-01) (5, -1.62999618053436279297e+00) (6, -2.67382907867431640625e+00) (0, -1.71548739075660705566e-01) (1, 1.08385324478149414062e+00) (2, -1.34661078453063964844e+00) (3, 2.49077275395393371582e-01) (4, 8.59400093555450439453e-01) (5, -5.47112002968788146973e-02) (6, -1.01996879577636718750e+01) (7, -1.92232811450958251953e+00) (8, -7.48892307281494140625e-01) (9, 5.29653914272785186768e-02) (7, -7.07525062561035156250e+00) (8, -5.01371812820434570312e+00) (9, 7.75237262248992919922e-01) (10, -1.83932930231094360352e-01) (11, 3.13139367103576660156e+00) (12, 2.85182949155569076538e-02) 
