FANN_FLO_2.1
num_layers=3
learning_rate=0.500000
connection_rate=1.000000
network_type=0
learning_momentum=0.000000
training_algorithm=2
train_error_function=1
train_stop_function=0
cascade_output_change_fraction=0.010000
quickprop_decay=-0.000100
quickprop_mu=1.750000
rprop_increase_factor=1.200000
rprop_decrease_factor=0.500000
rprop_delta_min=0.000000
rprop_delta_max=50.000000
rprop_delta_zero=0.100000
cascade_output_stagnation_epochs=12
cascade_candidate_change_fraction=0.010000
cascade_candidate_stagnation_epochs=12
cascade_max_out_epochs=150
cascade_min_out_epochs=50
cascade_max_cand_epochs=150
cascade_min_cand_epochs=50
cascade_num_candidate_groups=2
bit_fail_limit=3.49999994039535522461e-01
cascade_candidate_limit=1.00000000000000000000e+03
cascade_weight_multiplier=4.00000005960464477539e-01
cascade_activation_functions_count=10
cascade_activation_functions=3 5 7 8 10 11 14 15 16 17 
cascade_activation_steepnesses_count=4
cascade_activation_steepnesses=2.50000000000000000000e-01 5.00000000000000000000e-01 7.50000000000000000000e-01 1.00000000000000000000e+00 
layer_sizes=3 9 4 
scale_included=0
neurons (num_inputs, activation_function, activation_steepness)=(0, 0, 0.00000000000000000000e+00) (0, 0, 0.00000000000000000000e+00) (0, 0, 0.00000000000000000000e+00) (3, 3, 5.00000000000000000000e-01) (3, 3, 5.00000000000000000000e-01) (3, 3, 5.00000000000000000000e-01) (3, 3, 5.00000000000000000000e-01) (3, 3, 5.00000000000000000000e-01) (3, 3, 5.00000000000000000000e-01) (3, 3, 5.00000000000000000000e-01) (3, 3, 5.00000000000000000000e-01) (0, 3, 0.00000000000000000000e+00) (9, 0, 5.00000000000000000000e-01) (9, 0, 5.00000000000000000000e-01) (9, 0, 5.00000000000000000000e-01) (0, 0, 0.00000000000000000000e+00) 
connections (connected_to_neuron, weight)=(0, -3.34500527381896972656e+00) (1, -1.96357774734497070312e+00) (2, 1.64845490455627441406e+00) (0, -4.41335105895996093750e+00) (1, 1.65145635604858398438e+00) (2, 1.95214009284973144531e+00) (0, -9.79831314086914062500e+00) (1, -1.95788059234619140625e+01) (2, 2.19953513145446777344e+00) (0, -2.16884231567382812500e+00) (1, 3.67935490608215332031e+00) (2, 8.75910639762878417969e-01) (0, -6.45943593978881835938e+00) (1, 5.53356122970581054688e+00) (2, 1.02500658035278320312e+01) (0, -4.23456478118896484375e+00) (1, 4.55760568380355834961e-01) (2, 6.53638243675231933594e-01) (0, -1.05816011428833007812e+01) (1, -1.27287263870239257812e+01) (2, 4.25287342071533203125e+00) (0, -8.50784969329833984375e+00) (1, 4.35702085494995117188e+00) (2, 8.08492088317871093750e+00) (3, 1.69487488269805908203e+00) (4, 4.98093932867050170898e-01) (5, 1.23618054389953613281e+00) (6, 3.04976177215576171875e+00) (7, -8.31637084484100341797e-02) (8, 2.83686208724975585938e+00) (9, 1.33421969413757324219e+00) (10, 8.28580558300018310547e-02) (11, 8.91053453087806701660e-02) (3, 6.10733604431152343750e+00) (4, 4.10196208953857421875e+00) (5, 3.42580223083496093750e+00) (6, 5.78644800186157226562e+00) (7, 1.73957860469818115234e+00) (8, 4.89060449600219726562e+00) (9, 3.11818313598632812500e+00) (10, 2.16119551658630371094e+00) (11, 1.47623169422149658203e+00) (3, 1.98289833068847656250e+01) (4, 1.26229982376098632812e+01) (5, 1.07867860794067382812e+01) (6, 1.29228734970092773438e+01) (7, 9.13666343688964843750e+00) (8, 1.54792947769165039062e+01) (9, 9.30170249938964843750e+00) (10, 9.16607761383056640625e+00) (11, 1.00907716751098632812e+01) 
