FANN_FLO_2.1
num_layers=4
learning_rate=0.300000
connection_rate=1.000000
network_type=0
learning_momentum=0.000000
training_algorithm=2
train_error_function=1
train_stop_function=0
cascade_output_change_fraction=0.010000
quickprop_decay=-0.000100
quickprop_mu=1.750000
rprop_increase_factor=1.200000
rprop_decrease_factor=0.500000
rprop_delta_min=0.000000
rprop_delta_max=50.000000
rprop_delta_zero=0.100000
cascade_output_stagnation_epochs=12
cascade_candidate_change_fraction=0.010000
cascade_candidate_stagnation_epochs=12
cascade_max_out_epochs=150
cascade_min_out_epochs=50
cascade_max_cand_epochs=150
cascade_min_cand_epochs=50
cascade_num_candidate_groups=2
bit_fail_limit=3.49999994039535522461e-01
cascade_candidate_limit=1.00000000000000000000e+03
cascade_weight_multiplier=4.00000005960464477539e-01
cascade_activation_functions_count=10
cascade_activation_functions=3 5 7 8 10 11 14 15 16 17 
cascade_activation_steepnesses_count=4
cascade_activation_steepnesses=2.50000000000000000000e-01 5.00000000000000000000e-01 7.50000000000000000000e-01 1.00000000000000000000e+00 
layer_sizes=2 5 5 3 
scale_included=0
neurons (num_inputs, activation_function, activation_steepness)=(0, 0, 0.00000000000000000000e+00) (0, 0, 0.00000000000000000000e+00) (2, 3, 5.00000000000000000000e-01) (2, 3, 5.00000000000000000000e-01) (2, 3, 5.00000000000000000000e-01) (2, 3, 5.00000000000000000000e-01) (0, 3, 0.00000000000000000000e+00) (5, 3, 5.00000000000000000000e-01) (5, 3, 5.00000000000000000000e-01) (5, 3, 5.00000000000000000000e-01) (5, 3, 5.00000000000000000000e-01) (0, 3, 0.00000000000000000000e+00) (5, 0, 5.00000000000000000000e-01) (5, 0, 5.00000000000000000000e-01) (0, 0, 0.00000000000000000000e+00) 
connections (connected_to_neuron, weight)=(0, -1.50000000000000000000e+03) (1, 1.22681770324707031250e+01) (0, -2.64929218292236328125e+01) (1, -4.85833317041397094727e-01) (0, -7.37694680690765380859e-01) (1, 2.87572455406188964844e+00) (0, -2.76777324676513671875e+01) (1, -3.29608291387557983398e-01) (2, -1.62089183926582336426e-01) (3, 2.31803369522094726562e+00) (4, -1.16120302677154541016e+00) (5, 2.28042244911193847656e+00) (6, -1.12958550453186035156e+00) (2, -4.23535197973251342773e-01) (3, 5.02107810974121093750e+00) (4, -8.18090319633483886719e-01) (5, 2.93755149841308593750e+00) (6, -1.64804530143737792969e+00) (2, 4.73518133163452148438e-01) (3, 1.44671833515167236328e+00) (4, 4.85867768526077270508e-01) (5, 9.68076229095458984375e+00) (6, -5.10503292083740234375e+00) (2, -7.62685000896453857422e-01) (3, 1.00026321411132812500e+00) (4, 1.74443006515502929688e-01) (5, 1.04533469676971435547e+00) (6, -2.85430967807769775391e-01) (7, 2.83945649862289428711e-01) (8, 8.60037058591842651367e-02) (9, -1.13870479166507720947e-01) (10, 7.90376290678977966309e-02) (11, -3.03354293107986450195e-01) (7, -5.41257023811340332031e-01) (8, -5.00663816928863525391e-01) (9, -4.72913533449172973633e-01) (10, -5.28152823448181152344e-01) (11, -3.55231583118438720703e-01) 
