FANN_FLO_2.1
num_layers=4
learning_rate=0.500000
connection_rate=1.000000
network_type=0
learning_momentum=0.000000
training_algorithm=2
train_error_function=1
train_stop_function=0
cascade_output_change_fraction=0.010000
quickprop_decay=-0.000100
quickprop_mu=1.750000
rprop_increase_factor=1.200000
rprop_decrease_factor=0.500000
rprop_delta_min=0.000000
rprop_delta_max=50.000000
rprop_delta_zero=0.100000
cascade_output_stagnation_epochs=12
cascade_candidate_change_fraction=0.010000
cascade_candidate_stagnation_epochs=12
cascade_max_out_epochs=150
cascade_min_out_epochs=50
cascade_max_cand_epochs=150
cascade_min_cand_epochs=50
cascade_num_candidate_groups=2
bit_fail_limit=3.49999994039535522461e-01
cascade_candidate_limit=1.00000000000000000000e+03
cascade_weight_multiplier=4.00000005960464477539e-01
cascade_activation_functions_count=10
cascade_activation_functions=3 5 7 8 10 11 14 15 16 17 
cascade_activation_steepnesses_count=4
cascade_activation_steepnesses=2.50000000000000000000e-01 5.00000000000000000000e-01 7.50000000000000000000e-01 1.00000000000000000000e+00 
layer_sizes=4 5 5 2 
scale_included=0
neurons (num_inputs, activation_function, activation_steepness)=(0, 0, 0.00000000000000000000e+00) (0, 0, 0.00000000000000000000e+00) (0, 0, 0.00000000000000000000e+00) (0, 0, 0.00000000000000000000e+00) (4, 3, 5.00000000000000000000e-01) (4, 3, 5.00000000000000000000e-01) (4, 3, 5.00000000000000000000e-01) (4, 3, 5.00000000000000000000e-01) (0, 3, 0.00000000000000000000e+00) (5, 3, 5.00000000000000000000e-01) (5, 3, 5.00000000000000000000e-01) (5, 3, 5.00000000000000000000e-01) (5, 3, 5.00000000000000000000e-01) (0, 3, 0.00000000000000000000e+00) (5, 3, 5.00000000000000000000e-01) (0, 3, 0.00000000000000000000e+00) 
connections (connected_to_neuron, weight)=(0, -1.23371203613281250000e+03) (1, -4.05129699707031250000e+01) (2, 5.09200622558593750000e+02) (3, 1.33263313770294189453e+00) (0, -2.68909454345703125000e-01) (1, -3.56613235473632812500e+01) (2, -1.97198272705078125000e+02) (3, -1.22357487678527832031e-01) (0, -5.34628009796142578125e+00) (1, -9.91149246692657470703e-01) (2, -3.92665386199951171875e+00) (3, 3.93778467178344726562e+00) (0, -3.18544555664062500000e+02) (1, -1.18703698730468750000e+03) (2, -9.52653564453125000000e+02) (3, -1.28199070692062377930e-01) (4, 1.35742462158203125000e+02) (5, -9.09603118896484375000e+01) (6, 2.16548252105712890625e+01) (7, 1.16793701171875000000e+02) (8, -3.68660545349121093750e+00) (4, -2.34879817962646484375e+01) (5, -4.42829360961914062500e+01) (6, 6.30339660644531250000e+01) (7, -5.77509803771972656250e+01) (8, -8.60615634918212890625e+00) (4, 3.21879547119140625000e+02) (5, -3.04004913330078125000e+02) (6, 2.49843292236328125000e+01) (7, -3.03921661376953125000e+02) (8, -4.12915134429931640625e+00) (4, -2.37595844268798828125e+01) (5, -4.62925109863281250000e+01) (6, 6.79007415771484375000e+01) (7, -5.98607673645019531250e+01) (8, -9.45162010192871093750e+00) (9, -1.94473326206207275391e+00) (10, -4.12190914154052734375e-01) (11, -1.91590487957000732422e+00) (12, -6.57778441905975341797e-01) (13, 2.70955467224121093750e+00) 
