FANN_FLO_2.1
num_layers=4
learning_rate=0.450000
connection_rate=1.000000
network_type=0
learning_momentum=0.000000
training_algorithm=2
train_error_function=1
train_stop_function=0
cascade_output_change_fraction=0.010000
quickprop_decay=-0.000100
quickprop_mu=1.750000
rprop_increase_factor=1.200000
rprop_decrease_factor=0.500000
rprop_delta_min=0.000000
rprop_delta_max=50.000000
rprop_delta_zero=0.100000
cascade_output_stagnation_epochs=12
cascade_candidate_change_fraction=0.010000
cascade_candidate_stagnation_epochs=12
cascade_max_out_epochs=150
cascade_min_out_epochs=50
cascade_max_cand_epochs=150
cascade_min_cand_epochs=50
cascade_num_candidate_groups=2
bit_fail_limit=3.49999994039535522461e-01
cascade_candidate_limit=1.00000000000000000000e+03
cascade_weight_multiplier=4.00000005960464477539e-01
cascade_activation_functions_count=10
cascade_activation_functions=3 5 7 8 10 11 14 15 16 17 
cascade_activation_steepnesses_count=4
cascade_activation_steepnesses=2.50000000000000000000e-01 5.00000000000000000000e-01 7.50000000000000000000e-01 1.00000000000000000000e+00 
layer_sizes=7 5 5 2 
scale_included=0
neurons (num_inputs, activation_function, activation_steepness)=(0, 0, 0.00000000000000000000e+00) (0, 0, 0.00000000000000000000e+00) (0, 0, 0.00000000000000000000e+00) (0, 0, 0.00000000000000000000e+00) (0, 0, 0.00000000000000000000e+00) (0, 0, 0.00000000000000000000e+00) (0, 0, 0.00000000000000000000e+00) (7, 3, 5.00000000000000000000e-01) (7, 3, 5.00000000000000000000e-01) (7, 3, 5.00000000000000000000e-01) (7, 3, 5.00000000000000000000e-01) (0, 3, 0.00000000000000000000e+00) (5, 3, 5.00000000000000000000e-01) (5, 3, 5.00000000000000000000e-01) (5, 3, 5.00000000000000000000e-01) (5, 3, 5.00000000000000000000e-01) (0, 3, 0.00000000000000000000e+00) (5, 0, 5.00000000000000000000e-01) (0, 0, 0.00000000000000000000e+00) 
connections (connected_to_neuron, weight)=(0, -6.52423799037933349609e-01) (1, 2.33790576457977294922e-01) (2, -3.68966817855834960938e-01) (3, 3.85174006223678588867e-01) (4, -1.23552888631820678711e-01) (5, 4.97992992401123046875e-01) (6, 2.27991652488708496094e+00) (0, 3.03275436162948608398e-01) (1, 2.57133603096008300781e-01) (2, 7.96804308891296386719e-01) (3, 1.22987791895866394043e-01) (4, -5.76028048992156982422e-01) (5, -7.43562698364257812500e-01) (6, -2.04898715019226074219e-02) (0, 1.02161109447479248047e-01) (1, -4.28956657648086547852e-01) (2, -8.97621750831604003906e-01) (3, 5.26166200637817382812e-01) (4, 2.42822751402854919434e-01) (5, 6.69781938195228576660e-02) (6, 3.28710339963436126709e-02) (0, -4.08480377197265625000e+01) (1, 9.24516558647155761719e-01) (2, -2.02249145507812500000e+00) (3, -2.99295074462890625000e+02) (4, -4.78625152587890625000e+02) (5, 6.60407531738281250000e+02) (6, 2.09421105682849884033e-02) (7, 9.32087719440460205078e-01) (8, 3.40545356273651123047e-01) (9, 7.60930106043815612793e-02) (10, 1.50000000000000000000e+03) (11, -2.83039305359125137329e-02) (7, 3.90635073184967041016e-01) (8, -8.57485234737396240234e-01) (9, -3.49934428930282592773e-01) (10, 8.15800048828125000000e+02) (11, -5.34182846546173095703e-01) (7, -7.65892863273620605469e-02) (8, -8.40769648551940917969e-01) (9, -4.07000035047531127930e-01) (10, 8.15800048828125000000e+02) (11, -5.87017178535461425781e-01) (7, -1.86600118875503540039e-01) (8, -3.15976500511169433594e-01) (9, -4.01258558034896850586e-01) (10, 8.15800048828125000000e+02) (11, -2.26890102028846740723e-01) (12, 1.12944789230823516846e-01) (13, -7.22789168357849121094e-02) (14, -6.30389228463172912598e-02) (15, -7.28490427136421203613e-02) (16, -7.92938191443681716919e-03) 
