FANN_FLO_2.1
num_layers=3
learning_rate=0.450000
connection_rate=1.000000
network_type=0
learning_momentum=0.000000
training_algorithm=2
train_error_function=1
train_stop_function=0
cascade_output_change_fraction=0.010000
quickprop_decay=-0.000100
quickprop_mu=1.750000
rprop_increase_factor=1.200000
rprop_decrease_factor=0.500000
rprop_delta_min=0.000000
rprop_delta_max=50.000000
rprop_delta_zero=0.100000
cascade_output_stagnation_epochs=12
cascade_candidate_change_fraction=0.010000
cascade_candidate_stagnation_epochs=12
cascade_max_out_epochs=150
cascade_min_out_epochs=50
cascade_max_cand_epochs=150
cascade_min_cand_epochs=50
cascade_num_candidate_groups=2
bit_fail_limit=3.49999994039535522461e-01
cascade_candidate_limit=1.00000000000000000000e+03
cascade_weight_multiplier=4.00000005960464477539e-01
cascade_activation_functions_count=10
cascade_activation_functions=3 5 7 8 10 11 14 15 16 17 
cascade_activation_steepnesses_count=4
cascade_activation_steepnesses=2.50000000000000000000e-01 5.00000000000000000000e-01 7.50000000000000000000e-01 1.00000000000000000000e+00 
layer_sizes=7 5 2 
scale_included=0
neurons (num_inputs, activation_function, activation_steepness)=(0, 0, 0.00000000000000000000e+00) (0, 0, 0.00000000000000000000e+00) (0, 0, 0.00000000000000000000e+00) (0, 0, 0.00000000000000000000e+00) (0, 0, 0.00000000000000000000e+00) (0, 0, 0.00000000000000000000e+00) (0, 0, 0.00000000000000000000e+00) (7, 3, 5.00000000000000000000e-01) (7, 3, 5.00000000000000000000e-01) (7, 3, 5.00000000000000000000e-01) (7, 3, 5.00000000000000000000e-01) (0, 3, 0.00000000000000000000e+00) (5, 0, 5.00000000000000000000e-01) (0, 0, 0.00000000000000000000e+00) 
connections (connected_to_neuron, weight)=(0, 3.35395187139511108398e-01) (1, 1.35884284973144531250e-01) (2, 5.58615028858184814453e-01) (3, -7.42867290973663330078e-01) (4, -2.95402437448501586914e-01) (5, 1.25500202178955078125e+00) (6, 1.43981313705444335938e+00) (0, 2.86726415157318115234e-01) (1, -5.02277091145515441895e-02) (2, 1.27021062374114990234e+00) (3, -5.36727905273437500000e-01) (4, 1.18603181838989257812e+00) (5, -1.94471934810280799866e-03) (6, -1.03474020957946777344e-01) (0, 8.87073874473571777344e-01) (1, 5.51901385188102722168e-02) (2, 4.25140857696533203125e+00) (3, -1.31665623188018798828e+00) (4, 3.16388177871704101562e+00) (5, -8.72663408517837524414e-02) (6, -3.31464195251464843750e+00) (0, -1.51338882446289062500e+01) (1, -7.57089257240295410156e-01) (2, 7.72348642349243164062e+00) (3, -2.85138732910156250000e+02) (4, -5.56944787502288818359e-01) (5, 4.72670257091522216797e-01) (6, -2.99581718444824218750e+01) (7, -1.09105743467807769775e-02) (8, -1.37840077280998229980e-01) (9, -4.74455922842025756836e-01) (10, 1.28059814453125000000e+02) (11, 6.29071176052093505859e-01) 
