FANN_FLO_2.1
num_layers=3
learning_rate=0.500000
connection_rate=1.000000
network_type=0
learning_momentum=0.000000
training_algorithm=2
train_error_function=1
train_stop_function=0
cascade_output_change_fraction=0.010000
quickprop_decay=-0.000100
quickprop_mu=1.750000
rprop_increase_factor=1.200000
rprop_decrease_factor=0.500000
rprop_delta_min=0.000000
rprop_delta_max=50.000000
rprop_delta_zero=0.100000
cascade_output_stagnation_epochs=12
cascade_candidate_change_fraction=0.010000
cascade_candidate_stagnation_epochs=12
cascade_max_out_epochs=150
cascade_min_out_epochs=50
cascade_max_cand_epochs=150
cascade_min_cand_epochs=50
cascade_num_candidate_groups=2
bit_fail_limit=3.49999994039535522461e-01
cascade_candidate_limit=1.00000000000000000000e+03
cascade_weight_multiplier=4.00000005960464477539e-01
cascade_activation_functions_count=10
cascade_activation_functions=3 5 7 8 10 11 14 15 16 17 
cascade_activation_steepnesses_count=4
cascade_activation_steepnesses=2.50000000000000000000e-01 5.00000000000000000000e-01 7.50000000000000000000e-01 1.00000000000000000000e+00 
layer_sizes=3 5 4 
scale_included=0
neurons (num_inputs, activation_function, activation_steepness)=(0, 0, 0.00000000000000000000e+00) (0, 0, 0.00000000000000000000e+00) (0, 0, 0.00000000000000000000e+00) (3, 3, 5.00000000000000000000e-01) (3, 3, 5.00000000000000000000e-01) (3, 3, 5.00000000000000000000e-01) (3, 3, 5.00000000000000000000e-01) (0, 3, 0.00000000000000000000e+00) (5, 0, 5.00000000000000000000e-01) (5, 0, 5.00000000000000000000e-01) (5, 0, 5.00000000000000000000e-01) (0, 0, 0.00000000000000000000e+00) 
connections (connected_to_neuron, weight)=(0, -5.15076160430908203125e+00) (1, 3.71010565757751464844e+00) (2, 9.99788403511047363281e-01) (0, -1.53304529190063476562e+01) (1, 1.46636705398559570312e+01) (2, 1.43328371047973632812e+01) (0, -1.20372784137725830078e+00) (1, -1.20767807960510253906e+00) (2, 1.27240225672721862793e-01) (0, -3.67626595497131347656e+00) (1, 7.24547028541564941406e-01) (2, -3.76862406730651855469e-01) (3, 1.84050774574279785156e+00) (4, 9.62405860424041748047e-01) (5, 4.20768594741821289062e+00) (6, 3.02641081809997558594e+00) (7, 8.66318702697753906250e-01) (3, 5.84619140625000000000e+00) (4, 4.29928302764892578125e+00) (5, 1.41904859542846679688e+01) (6, 6.85393714904785156250e+00) (7, 3.67934584617614746094e+00) (3, 1.67805633544921875000e+01) (4, 1.53837051391601562500e+01) (5, 4.61348800659179687500e+01) (6, 2.21006183624267578125e+01) (7, 1.65000457763671875000e+01) 
