FANN_FLO_2.1
num_layers=3
learning_rate=0.400000
connection_rate=1.000000
network_type=0
learning_momentum=0.000000
training_algorithm=2
train_error_function=1
train_stop_function=0
cascade_output_change_fraction=0.010000
quickprop_decay=-0.000100
quickprop_mu=1.750000
rprop_increase_factor=1.200000
rprop_decrease_factor=0.500000
rprop_delta_min=0.000000
rprop_delta_max=50.000000
rprop_delta_zero=0.100000
cascade_output_stagnation_epochs=12
cascade_candidate_change_fraction=0.010000
cascade_candidate_stagnation_epochs=12
cascade_max_out_epochs=150
cascade_min_out_epochs=50
cascade_max_cand_epochs=150
cascade_min_cand_epochs=50
cascade_num_candidate_groups=2
bit_fail_limit=3.49999994039535522461e-01
cascade_candidate_limit=1.00000000000000000000e+03
cascade_weight_multiplier=4.00000005960464477539e-01
cascade_activation_functions_count=10
cascade_activation_functions=3 5 7 8 10 11 14 15 16 17 
cascade_activation_steepnesses_count=4
cascade_activation_steepnesses=2.50000000000000000000e-01 5.00000000000000000000e-01 7.50000000000000000000e-01 1.00000000000000000000e+00 
layer_sizes=6 5 2 
scale_included=0
neurons (num_inputs, activation_function, activation_steepness)=(0, 0, 0.00000000000000000000e+00) (0, 0, 0.00000000000000000000e+00) (0, 0, 0.00000000000000000000e+00) (0, 0, 0.00000000000000000000e+00) (0, 0, 0.00000000000000000000e+00) (0, 0, 0.00000000000000000000e+00) (6, 3, 5.00000000000000000000e-01) (6, 3, 5.00000000000000000000e-01) (6, 3, 5.00000000000000000000e-01) (6, 3, 5.00000000000000000000e-01) (0, 3, 0.00000000000000000000e+00) (5, 0, 5.00000000000000000000e-01) (0, 0, 0.00000000000000000000e+00) 
connections (connected_to_neuron, weight)=(0, -1.50000000000000000000e+03) (1, -1.21881103515625000000e+01) (2, -2.71516174077987670898e-01) (3, 3.03343851119279861450e-02) (4, -2.72795152664184570312e+00) (5, 5.31186282634735107422e-01) (0, -1.50000000000000000000e+03) (1, -1.78569068908691406250e+01) (2, -8.36167559027671813965e-02) (3, -9.13758039474487304688e-01) (4, -3.38896083831787109375e+00) (5, 9.78221952915191650391e-01) (0, -1.50000000000000000000e+03) (1, -1.65352420806884765625e+01) (2, -7.35749125480651855469e-01) (3, -3.69619935750961303711e-01) (4, -3.26889824867248535156e+00) (5, 1.43189668655395507812e+00) (0, -1.50000000000000000000e+03) (1, -1.75114746093750000000e+01) (2, 2.16429755091667175293e-01) (3, -2.04840397834777832031e+00) (4, -4.53106927871704101562e+00) (5, 3.33528608083724975586e-01) (6, 4.78093872070312500000e+01) (7, 6.20046119689941406250e+01) (8, 2.50039920806884765625e+01) (9, 3.78192787170410156250e+01) (10, 7.12620735168457031250e-01) 
