FANN_FLO_2.1
num_layers=4
learning_rate=0.300000
connection_rate=1.000000
network_type=0
learning_momentum=0.000000
training_algorithm=2
train_error_function=1
train_stop_function=0
cascade_output_change_fraction=0.010000
quickprop_decay=-0.000100
quickprop_mu=1.750000
rprop_increase_factor=1.200000
rprop_decrease_factor=0.500000
rprop_delta_min=0.000000
rprop_delta_max=50.000000
rprop_delta_zero=0.100000
cascade_output_stagnation_epochs=12
cascade_candidate_change_fraction=0.010000
cascade_candidate_stagnation_epochs=12
cascade_max_out_epochs=150
cascade_min_out_epochs=50
cascade_max_cand_epochs=150
cascade_min_cand_epochs=50
cascade_num_candidate_groups=2
bit_fail_limit=3.49999994039535522461e-01
cascade_candidate_limit=1.00000000000000000000e+03
cascade_weight_multiplier=4.00000005960464477539e-01
cascade_activation_functions_count=10
cascade_activation_functions=3 5 7 8 10 11 14 15 16 17 
cascade_activation_steepnesses_count=4
cascade_activation_steepnesses=2.50000000000000000000e-01 5.00000000000000000000e-01 7.50000000000000000000e-01 1.00000000000000000000e+00 
layer_sizes=2 5 3 3 
scale_included=0
neurons (num_inputs, activation_function, activation_steepness)=(0, 0, 0.00000000000000000000e+00) (0, 0, 0.00000000000000000000e+00) (2, 3, 5.00000000000000000000e-01) (2, 3, 5.00000000000000000000e-01) (2, 3, 5.00000000000000000000e-01) (2, 3, 5.00000000000000000000e-01) (0, 3, 0.00000000000000000000e+00) (5, 3, 5.00000000000000000000e-01) (5, 3, 5.00000000000000000000e-01) (0, 3, 0.00000000000000000000e+00) (3, 0, 5.00000000000000000000e-01) (3, 0, 5.00000000000000000000e-01) (0, 0, 0.00000000000000000000e+00) 
connections (connected_to_neuron, weight)=(0, -3.91525146484375000000e+02) (1, -1.17139720916748046875e+00) (0, -3.81696350097656250000e+02) (1, -5.12385189533233642578e-01) (0, -1.11883163452148437500e+01) (1, -6.35305690765380859375e+00) (0, -7.23483947753906250000e+02) (1, -1.49357748031616210938e+00) (2, 5.23686456680297851562e+00) (3, 1.06278550624847412109e+00) (4, -3.42436718940734863281e+00) (5, 1.25770246982574462891e+00) (6, -2.35969591140747070312e+00) (2, 5.72500228881835937500e+00) (3, 7.06648468971252441406e-01) (4, 1.54769699096679687500e+02) (5, 2.62420582771301269531e+00) (6, -3.40215420722961425781e+00) (7, 3.56677011586725711823e-03) (8, 1.24975688755512237549e-01) (9, -1.50828450918197631836e-01) (7, -7.95964181423187255859e-01) (8, -8.03426206111907958984e-01) (9, -6.64411962032318115234e-01) 
