FANN_FLO_2.1
num_layers=4
learning_rate=0.450000
connection_rate=1.000000
network_type=0
learning_momentum=0.000000
training_algorithm=2
train_error_function=1
train_stop_function=0
cascade_output_change_fraction=0.010000
quickprop_decay=-0.000100
quickprop_mu=1.750000
rprop_increase_factor=1.200000
rprop_decrease_factor=0.500000
rprop_delta_min=0.000000
rprop_delta_max=50.000000
rprop_delta_zero=0.100000
cascade_output_stagnation_epochs=12
cascade_candidate_change_fraction=0.010000
cascade_candidate_stagnation_epochs=12
cascade_max_out_epochs=150
cascade_min_out_epochs=50
cascade_max_cand_epochs=150
cascade_min_cand_epochs=50
cascade_num_candidate_groups=2
bit_fail_limit=3.49999994039535522461e-01
cascade_candidate_limit=1.00000000000000000000e+03
cascade_weight_multiplier=4.00000005960464477539e-01
cascade_activation_functions_count=10
cascade_activation_functions=3 5 7 8 10 11 14 15 16 17 
cascade_activation_steepnesses_count=4
cascade_activation_steepnesses=2.50000000000000000000e-01 5.00000000000000000000e-01 7.50000000000000000000e-01 1.00000000000000000000e+00 
layer_sizes=7 5 3 2 
scale_included=0
neurons (num_inputs, activation_function, activation_steepness)=(0, 0, 0.00000000000000000000e+00) (0, 0, 0.00000000000000000000e+00) (0, 0, 0.00000000000000000000e+00) (0, 0, 0.00000000000000000000e+00) (0, 0, 0.00000000000000000000e+00) (0, 0, 0.00000000000000000000e+00) (0, 0, 0.00000000000000000000e+00) (7, 3, 5.00000000000000000000e-01) (7, 3, 5.00000000000000000000e-01) (7, 3, 5.00000000000000000000e-01) (7, 3, 5.00000000000000000000e-01) (0, 3, 0.00000000000000000000e+00) (5, 3, 5.00000000000000000000e-01) (5, 3, 5.00000000000000000000e-01) (0, 3, 0.00000000000000000000e+00) (3, 0, 5.00000000000000000000e-01) (0, 0, 0.00000000000000000000e+00) 
connections (connected_to_neuron, weight)=(0, -3.50652903318405151367e-01) (1, -1.31030961871147155762e-01) (2, -1.19750690460205078125e+00) (3, 8.61398696899414062500e-01) (4, -8.00289735198020935059e-02) (5, 3.08344930410385131836e-01) (6, 6.33996772766113281250e+00) (0, 1.11273437738418579102e-01) (1, -1.74282625317573547363e-01) (2, -5.43757081031799316406e-01) (3, 2.69125521183013916016e-01) (4, -5.79302132129669189453e-01) (5, 6.70745909214019775391e-01) (6, 2.99337482452392578125e+00) (0, -8.26844274997711181641e-02) (1, 1.74934163689613342285e-01) (2, -5.31927466392517089844e-01) (3, 1.56099349260330200195e-01) (4, -9.48212742805480957031e-01) (5, 6.10476374626159667969e-01) (6, -1.19452595710754394531e+00) (0, 2.34833117574453353882e-02) (1, 3.61325949430465698242e-01) (2, 7.55573272705078125000e-01) (3, -3.85423079133033752441e-02) (4, -7.17625319957733154297e-01) (5, 2.89216756820678710938e-01) (6, -7.10850572586059570312e+00) (7, -1.40346031188964843750e+01) (8, -5.41249215602874755859e-02) (9, 1.80342788696289062500e+01) (10, 3.27957510948181152344e+00) (11, 5.59501409530639648438e-01) (7, -4.79655981063842773438e+00) (8, -3.69050717353820800781e+00) (9, 2.42024822235107421875e+01) (10, 8.30843734741210937500e+00) (11, -7.00566172599792480469e-01) (12, -6.11407518386840820312e-01) (13, 5.92990636825561523438e-01) (14, 9.29237157106399536133e-03) 
