FANN_FLO_2.1
num_layers=4
learning_rate=0.500000
connection_rate=1.000000
network_type=0
learning_momentum=0.000000
training_algorithm=2
train_error_function=1
train_stop_function=0
cascade_output_change_fraction=0.010000
quickprop_decay=-0.000100
quickprop_mu=1.750000
rprop_increase_factor=1.200000
rprop_decrease_factor=0.500000
rprop_delta_min=0.000000
rprop_delta_max=50.000000
rprop_delta_zero=0.100000
cascade_output_stagnation_epochs=12
cascade_candidate_change_fraction=0.010000
cascade_candidate_stagnation_epochs=12
cascade_max_out_epochs=150
cascade_min_out_epochs=50
cascade_max_cand_epochs=150
cascade_min_cand_epochs=50
cascade_num_candidate_groups=2
bit_fail_limit=3.49999994039535522461e-01
cascade_candidate_limit=1.00000000000000000000e+03
cascade_weight_multiplier=4.00000005960464477539e-01
cascade_activation_functions_count=10
cascade_activation_functions=3 5 7 8 10 11 14 15 16 17 
cascade_activation_steepnesses_count=4
cascade_activation_steepnesses=2.50000000000000000000e-01 5.00000000000000000000e-01 7.50000000000000000000e-01 1.00000000000000000000e+00 
layer_sizes=18 3 3 2 
scale_included=0
neurons (num_inputs, activation_function, activation_steepness)=(0, 0, 0.00000000000000000000e+00) (0, 0, 0.00000000000000000000e+00) (0, 0, 0.00000000000000000000e+00) (0, 0, 0.00000000000000000000e+00) (0, 0, 0.00000000000000000000e+00) (0, 0, 0.00000000000000000000e+00) (0, 0, 0.00000000000000000000e+00) (0, 0, 0.00000000000000000000e+00) (0, 0, 0.00000000000000000000e+00) (0, 0, 0.00000000000000000000e+00) (0, 0, 0.00000000000000000000e+00) (0, 0, 0.00000000000000000000e+00) (0, 0, 0.00000000000000000000e+00) (0, 0, 0.00000000000000000000e+00) (0, 0, 0.00000000000000000000e+00) (0, 0, 0.00000000000000000000e+00) (0, 0, 0.00000000000000000000e+00) (0, 0, 0.00000000000000000000e+00) (18, 3, 5.00000000000000000000e-01) (18, 3, 5.00000000000000000000e-01) (0, 3, 0.00000000000000000000e+00) (3, 3, 5.00000000000000000000e-01) (3, 3, 5.00000000000000000000e-01) (0, 3, 0.00000000000000000000e+00) (3, 0, 5.00000000000000000000e-01) (0, 0, 0.00000000000000000000e+00) 
connections (connected_to_neuron, weight)=(0, -6.76656433105468750000e+02) (1, 6.63202857971191406250e+00) (2, 5.97061729431152343750e+01) (3, 3.60266113281250000000e+01) (4, 3.18056716918945312500e+01) (5, 2.08678070068359375000e+02) (6, 5.55067626953125000000e+02) (7, 1.06439794921875000000e+03) (8, 6.32470512390136718750e+01) (9, -5.26216239929199218750e+01) (10, 3.03746261596679687500e+01) (11, 3.03672828674316406250e+01) (12, 3.04115104675292968750e+01) (13, 2.86115112304687500000e+01) (14, 2.80344409942626953125e+01) (15, -1.16782503128051757812e+01) (16, 2.82238807678222656250e+01) (17, 1.29520356655120849609e+00) (0, 1.15935361385345458984e+00) (1, 1.15012395381927490234e+00) (2, 1.00219595432281494141e+00) (3, 1.10355603694915771484e+00) (4, 1.08898627758026123047e+00) (5, -1.01968061923980712891e+00) (6, -1.31083595752716064453e+00) (7, -1.20839059352874755859e+00) (8, 2.71119058132171630859e-01) (9, 8.18705499172210693359e-01) (10, 1.30950486660003662109e+00) (11, 6.92198038101196289062e-01) (12, 9.53190565109252929688e-01) (13, 1.23023009300231933594e+00) (14, 9.74762380123138427734e-01) (15, 1.09531033039093017578e+00) (16, 1.08692443370819091797e+00) (17, -3.79808497428894042969e+00) (18, -1.31190049648284912109e+00) (19, 3.90643382072448730469e+00) (20, -1.35392510890960693359e+00) (18, 1.19280636310577392578e+00) (19, 1.50000000000000000000e+03) (20, 1.17807745933532714844e+00) (21, 1.18251266479492187500e+01) (22, 1.87868511676788330078e+00) (23, 1.27822041511535644531e+00) 
