FANN_FLO_2.1
num_layers=3
learning_rate=0.400000
connection_rate=1.000000
network_type=0
learning_momentum=0.000000
training_algorithm=2
train_error_function=1
train_stop_function=0
cascade_output_change_fraction=0.010000
quickprop_decay=-0.000100
quickprop_mu=1.750000
rprop_increase_factor=1.200000
rprop_decrease_factor=0.500000
rprop_delta_min=0.000000
rprop_delta_max=50.000000
rprop_delta_zero=0.100000
cascade_output_stagnation_epochs=12
cascade_candidate_change_fraction=0.010000
cascade_candidate_stagnation_epochs=12
cascade_max_out_epochs=150
cascade_min_out_epochs=50
cascade_max_cand_epochs=150
cascade_min_cand_epochs=50
cascade_num_candidate_groups=2
bit_fail_limit=3.49999994039535522461e-01
cascade_candidate_limit=1.00000000000000000000e+03
cascade_weight_multiplier=4.00000005960464477539e-01
cascade_activation_functions_count=10
cascade_activation_functions=3 5 7 8 10 11 14 15 16 17 
cascade_activation_steepnesses_count=4
cascade_activation_steepnesses=2.50000000000000000000e-01 5.00000000000000000000e-01 7.50000000000000000000e-01 1.00000000000000000000e+00 
layer_sizes=10 3 2 
scale_included=0
neurons (num_inputs, activation_function, activation_steepness)=(0, 0, 0.00000000000000000000e+00) (0, 0, 0.00000000000000000000e+00) (0, 0, 0.00000000000000000000e+00) (0, 0, 0.00000000000000000000e+00) (0, 0, 0.00000000000000000000e+00) (0, 0, 0.00000000000000000000e+00) (0, 0, 0.00000000000000000000e+00) (0, 0, 0.00000000000000000000e+00) (0, 0, 0.00000000000000000000e+00) (0, 0, 0.00000000000000000000e+00) (10, 3, 5.00000000000000000000e-01) (10, 3, 5.00000000000000000000e-01) (0, 3, 0.00000000000000000000e+00) (3, 3, 5.00000000000000000000e-01) (0, 3, 0.00000000000000000000e+00) 
connections (connected_to_neuron, weight)=(0, -7.61385783553123474121e-02) (1, -9.77805480360984802246e-02) (2, -1.29424899816513061523e-01) (3, -1.72115847468376159668e-01) (4, -7.74140581488609313965e-02) (5, -8.96346792578697204590e-02) (6, -9.72141847014427185059e-02) (7, -1.70192480087280273438e-01) (8, -1.26562446355819702148e-01) (9, -9.29220244288444519043e-02) (0, 1.02046832442283630371e-01) (1, 9.33029353618621826172e-02) (2, 1.91301465034484863281e-01) (3, 4.47492450475692749023e-02) (4, 9.80288162827491760254e-02) (5, 9.64406803250312805176e-02) (6, 8.49799066781997680664e-02) (7, 1.91340088844299316406e-01) (8, 7.91528522968292236328e-02) (9, 7.94927701354026794434e-02) (10, 1.14306345582008361816e-01) (11, 1.89457029104232788086e-01) (12, 3.65496426820755004883e-02) 
