FANN_FLO_2.1
num_layers=3
learning_rate=0.500000
connection_rate=1.000000
network_type=0
learning_momentum=0.000000
training_algorithm=2
train_error_function=1
train_stop_function=0
cascade_output_change_fraction=0.010000
quickprop_decay=-0.000100
quickprop_mu=1.750000
rprop_increase_factor=1.200000
rprop_decrease_factor=0.500000
rprop_delta_min=0.000000
rprop_delta_max=50.000000
rprop_delta_zero=0.100000
cascade_output_stagnation_epochs=12
cascade_candidate_change_fraction=0.010000
cascade_candidate_stagnation_epochs=12
cascade_max_out_epochs=150
cascade_min_out_epochs=50
cascade_max_cand_epochs=150
cascade_min_cand_epochs=50
cascade_num_candidate_groups=2
bit_fail_limit=3.49999994039535522461e-01
cascade_candidate_limit=1.00000000000000000000e+03
cascade_weight_multiplier=4.00000005960464477539e-01
cascade_activation_functions_count=10
cascade_activation_functions=3 5 7 8 10 11 14 15 16 17 
cascade_activation_steepnesses_count=4
cascade_activation_steepnesses=2.50000000000000000000e-01 5.00000000000000000000e-01 7.50000000000000000000e-01 1.00000000000000000000e+00 
layer_sizes=3 9 4 
scale_included=0
neurons (num_inputs, activation_function, activation_steepness)=(0, 0, 0.00000000000000000000e+00) (0, 0, 0.00000000000000000000e+00) (0, 0, 0.00000000000000000000e+00) (3, 3, 5.00000000000000000000e-01) (3, 3, 5.00000000000000000000e-01) (3, 3, 5.00000000000000000000e-01) (3, 3, 5.00000000000000000000e-01) (3, 3, 5.00000000000000000000e-01) (3, 3, 5.00000000000000000000e-01) (3, 3, 5.00000000000000000000e-01) (3, 3, 5.00000000000000000000e-01) (0, 3, 0.00000000000000000000e+00) (9, 0, 5.00000000000000000000e-01) (9, 0, 5.00000000000000000000e-01) (9, 0, 5.00000000000000000000e-01) (0, 0, 0.00000000000000000000e+00) 
connections (connected_to_neuron, weight)=(0, -1.04555063247680664062e+01) (1, 2.23496317863464355469e+00) (2, 6.11689758300781250000e+00) (0, -8.53505039215087890625e+00) (1, 6.99316692352294921875e+00) (2, 6.77093935012817382812e+00) (0, -4.33502149581909179688e+00) (1, 2.67926955223083496094e+00) (2, 1.19364297389984130859e+00) (0, -5.89411115646362304688e+00) (1, 7.30720281600952148438e-01) (2, 1.98629841208457946777e-01) (0, -2.85169410705566406250e+00) (1, -2.26613163948059082031e+00) (2, 5.52449584007263183594e-01) (0, -4.73885774612426757812e+00) (1, -1.50224983692169189453e+00) (2, 6.06318116188049316406e-01) (0, -7.17113304138183593750e+00) (1, 6.46697759628295898438e+00) (2, 1.02719526290893554688e+01) (0, -1.85016942024230957031e+00) (1, -4.03931045532226562500e+00) (2, 7.19940125942230224609e-01) (3, -7.14218974113464355469e-01) (4, 1.75224870443344116211e-01) (5, 3.01278066635131835938e+00) (6, 2.11866831779479980469e+00) (7, 1.47625815868377685547e+00) (8, 1.31121635437011718750e+00) (9, 7.32050001621246337891e-01) (10, 1.96892273426055908203e+00) (11, 8.97836029529571533203e-01) (3, 1.18210852146148681641e+00) (4, 2.86366558074951171875e+00) (5, 5.39805507659912109375e+00) (6, 4.47313976287841796875e+00) (7, 4.22053432464599609375e+00) (8, 3.74561190605163574219e+00) (9, 3.30449843406677246094e+00) (10, 5.56822061538696289062e+00) (11, 3.00429987907409667969e+00) (3, 6.98784255981445312500e+00) (4, 1.21821613311767578125e+01) (5, 1.17290716171264648438e+01) (6, 1.32255897521972656250e+01) (7, 1.31742420196533203125e+01) (8, 1.23692321777343750000e+01) (9, 1.25551147460937500000e+01) (10, 1.86548995971679687500e+01) (11, 1.26485443115234375000e+01) 
