FANN_FLO_2.1
num_layers=4
learning_rate=0.500000
connection_rate=1.000000
network_type=0
learning_momentum=0.000000
training_algorithm=2
train_error_function=1
train_stop_function=0
cascade_output_change_fraction=0.010000
quickprop_decay=-0.000100
quickprop_mu=1.750000
rprop_increase_factor=1.200000
rprop_decrease_factor=0.500000
rprop_delta_min=0.000000
rprop_delta_max=50.000000
rprop_delta_zero=0.100000
cascade_output_stagnation_epochs=12
cascade_candidate_change_fraction=0.010000
cascade_candidate_stagnation_epochs=12
cascade_max_out_epochs=150
cascade_min_out_epochs=50
cascade_max_cand_epochs=150
cascade_min_cand_epochs=50
cascade_num_candidate_groups=2
bit_fail_limit=3.49999994039535522461e-01
cascade_candidate_limit=1.00000000000000000000e+03
cascade_weight_multiplier=4.00000005960464477539e-01
cascade_activation_functions_count=10
cascade_activation_functions=3 5 7 8 10 11 14 15 16 17 
cascade_activation_steepnesses_count=4
cascade_activation_steepnesses=2.50000000000000000000e-01 5.00000000000000000000e-01 7.50000000000000000000e-01 1.00000000000000000000e+00 
layer_sizes=4 5 5 2 
scale_included=0
neurons (num_inputs, activation_function, activation_steepness)=(0, 0, 0.00000000000000000000e+00) (0, 0, 0.00000000000000000000e+00) (0, 0, 0.00000000000000000000e+00) (0, 0, 0.00000000000000000000e+00) (4, 3, 5.00000000000000000000e-01) (4, 3, 5.00000000000000000000e-01) (4, 3, 5.00000000000000000000e-01) (4, 3, 5.00000000000000000000e-01) (0, 3, 0.00000000000000000000e+00) (5, 3, 5.00000000000000000000e-01) (5, 3, 5.00000000000000000000e-01) (5, 3, 5.00000000000000000000e-01) (5, 3, 5.00000000000000000000e-01) (0, 3, 0.00000000000000000000e+00) (5, 3, 5.00000000000000000000e-01) (0, 3, 0.00000000000000000000e+00) 
connections (connected_to_neuron, weight)=(0, -5.94371032714843750000e+00) (1, -1.04205112457275390625e+01) (2, 1.03480815887451171875e+00) (3, 6.12229824066162109375e+00) (0, 2.24677391052246093750e+01) (1, -7.82960815429687500000e+01) (2, -4.81566578149795532227e-01) (3, 8.31773221492767333984e-01) (0, 3.07393112182617187500e+01) (1, -1.00017608642578125000e+02) (2, -5.41892528533935546875e-01) (3, 7.72819578647613525391e-01) (0, -6.13879299163818359375e+00) (1, -1.01742210388183593750e+01) (2, 1.07929885387420654297e+00) (3, 6.20096969604492187500e+00) (4, 1.41119356155395507812e+01) (5, -4.18781900405883789062e+00) (6, -1.54378783702850341797e+00) (7, 2.43667736053466796875e+01) (8, -1.20504074096679687500e+01) (4, 1.43352890014648437500e+01) (5, -1.36490786075592041016e+00) (6, -5.09324216842651367188e+00) (7, 2.79626140594482421875e+01) (8, -1.32637462615966796875e+01) (4, 2.30772666931152343750e+01) (5, -4.48342370986938476562e+00) (6, -1.96552979946136474609e+00) (7, 1.75370693206787109375e+01) (8, -1.26581678390502929688e+01) (4, 1.39062509536743164062e+01) (5, -2.24321269989013671875e+00) (6, -3.77674436569213867188e+00) (7, 2.61038551330566406250e+01) (8, -1.24733343124389648438e+01) (9, -9.09708023071289062500e-01) (10, -6.74588203430175781250e-01) (11, -1.30786156654357910156e+00) (12, -1.33345317840576171875e+00) (13, 2.00505065917968750000e+00) 
