FANN_FLO_2.1
num_layers=4
learning_rate=0.450000
connection_rate=1.000000
network_type=0
learning_momentum=0.000000
training_algorithm=2
train_error_function=1
train_stop_function=0
cascade_output_change_fraction=0.010000
quickprop_decay=-0.000100
quickprop_mu=1.750000
rprop_increase_factor=1.200000
rprop_decrease_factor=0.500000
rprop_delta_min=0.000000
rprop_delta_max=50.000000
rprop_delta_zero=0.100000
cascade_output_stagnation_epochs=12
cascade_candidate_change_fraction=0.010000
cascade_candidate_stagnation_epochs=12
cascade_max_out_epochs=150
cascade_min_out_epochs=50
cascade_max_cand_epochs=150
cascade_min_cand_epochs=50
cascade_num_candidate_groups=2
bit_fail_limit=3.49999994039535522461e-01
cascade_candidate_limit=1.00000000000000000000e+03
cascade_weight_multiplier=4.00000005960464477539e-01
cascade_activation_functions_count=10
cascade_activation_functions=3 5 7 8 10 11 14 15 16 17 
cascade_activation_steepnesses_count=4
cascade_activation_steepnesses=2.50000000000000000000e-01 5.00000000000000000000e-01 7.50000000000000000000e-01 1.00000000000000000000e+00 
layer_sizes=7 3 3 2 
scale_included=0
neurons (num_inputs, activation_function, activation_steepness)=(0, 0, 0.00000000000000000000e+00) (0, 0, 0.00000000000000000000e+00) (0, 0, 0.00000000000000000000e+00) (0, 0, 0.00000000000000000000e+00) (0, 0, 0.00000000000000000000e+00) (0, 0, 0.00000000000000000000e+00) (0, 0, 0.00000000000000000000e+00) (7, 3, 5.00000000000000000000e-01) (7, 3, 5.00000000000000000000e-01) (0, 3, 0.00000000000000000000e+00) (3, 3, 5.00000000000000000000e-01) (3, 3, 5.00000000000000000000e-01) (0, 3, 0.00000000000000000000e+00) (3, 0, 5.00000000000000000000e-01) (0, 0, 0.00000000000000000000e+00) 
connections (connected_to_neuron, weight)=(0, -7.89729177951812744141e-01) (1, 2.07966947555541992188e+00) (2, -1.94581583142280578613e-01) (3, -1.02876424789428710938e+00) (4, 3.91829919815063476562e+00) (5, -2.55429339408874511719e+00) (6, -3.38641941547393798828e-01) (0, -2.91217118501663208008e-02) (1, -1.01817524433135986328e+00) (2, 1.95129466056823730469e+00) (3, -5.08300244808197021484e-01) (4, 3.14258217811584472656e+00) (5, -1.84332358837127685547e+00) (6, 5.26983356475830078125e+00) (7, -1.50000000000000000000e+03) (8, -6.01878280639648437500e+01) (9, 2.97977924346923828125e+01) (7, -1.50000000000000000000e+03) (8, -1.78674278259277343750e+01) (9, 6.31508350372314453125e+00) (10, 5.55381476879119873047e-01) (11, 5.84665119647979736328e-01) (12, 1.68467629700899124146e-02) 
