FANN_FLO_2.1
num_layers=3
learning_rate=0.500000
connection_rate=1.000000
network_type=0
learning_momentum=0.000000
training_algorithm=2
train_error_function=1
train_stop_function=0
cascade_output_change_fraction=0.010000
quickprop_decay=-0.000100
quickprop_mu=1.750000
rprop_increase_factor=1.200000
rprop_decrease_factor=0.500000
rprop_delta_min=0.000000
rprop_delta_max=50.000000
rprop_delta_zero=0.100000
cascade_output_stagnation_epochs=12
cascade_candidate_change_fraction=0.010000
cascade_candidate_stagnation_epochs=12
cascade_max_out_epochs=150
cascade_min_out_epochs=50
cascade_max_cand_epochs=150
cascade_min_cand_epochs=50
cascade_num_candidate_groups=2
bit_fail_limit=3.49999994039535522461e-01
cascade_candidate_limit=1.00000000000000000000e+03
cascade_weight_multiplier=4.00000005960464477539e-01
cascade_activation_functions_count=10
cascade_activation_functions=3 5 7 8 10 11 14 15 16 17 
cascade_activation_steepnesses_count=4
cascade_activation_steepnesses=2.50000000000000000000e-01 5.00000000000000000000e-01 7.50000000000000000000e-01 1.00000000000000000000e+00 
layer_sizes=3 9 4 
scale_included=0
neurons (num_inputs, activation_function, activation_steepness)=(0, 0, 0.00000000000000000000e+00) (0, 0, 0.00000000000000000000e+00) (0, 0, 0.00000000000000000000e+00) (3, 3, 5.00000000000000000000e-01) (3, 3, 5.00000000000000000000e-01) (3, 3, 5.00000000000000000000e-01) (3, 3, 5.00000000000000000000e-01) (3, 3, 5.00000000000000000000e-01) (3, 3, 5.00000000000000000000e-01) (3, 3, 5.00000000000000000000e-01) (3, 3, 5.00000000000000000000e-01) (0, 3, 0.00000000000000000000e+00) (9, 0, 5.00000000000000000000e-01) (9, 0, 5.00000000000000000000e-01) (9, 0, 5.00000000000000000000e-01) (0, 0, 0.00000000000000000000e+00) 
connections (connected_to_neuron, weight)=(0, -7.79607772827148437500e+00) (1, 5.35006332397460937500e+00) (2, 1.96749484539031982422e+00) (0, -7.56919288635253906250e+00) (1, 6.42550849914550781250e+00) (2, 4.94849872589111328125e+00) (0, -6.59994173049926757812e+00) (1, 2.87921738624572753906e+00) (2, -8.24919760227203369141e-01) (0, -2.69059681892395019531e+00) (1, -4.03538197278976440430e-01) (2, 1.24788248538970947266e+00) (0, -1.58356273174285888672e+00) (1, -3.06128215789794921875e+00) (2, 4.69737291336059570312e-01) (0, -5.74042034149169921875e+00) (1, 7.12921476364135742188e+00) (2, 5.25216245651245117188e+00) (0, -3.68373823165893554688e+00) (1, -1.93093788623809814453e+00) (2, 6.48302733898162841797e-01) (0, -5.03695821762084960938e+00) (1, 6.40760993957519531250e+00) (2, 7.55066108703613281250e+00) (3, 1.10466039180755615234e+00) (4, 8.01977872848510742188e-01) (5, 2.21244001388549804688e+00) (6, 7.76194259524345397949e-02) (7, 2.11553740501403808594e+00) (8, 6.89061403274536132812e-01) (9, 2.96660542488098144531e+00) (10, 5.77255487442016601562e-01) (11, 4.19377803802490234375e-01) (3, 3.19432711601257324219e+00) (4, 3.06891059875488281250e+00) (5, 3.67852735519409179688e+00) (6, 4.53250074386596679688e+00) (7, 7.51624059677124023438e+00) (8, 2.72093009948730468750e+00) (9, 5.60353660583496093750e+00) (10, 2.28855586051940917969e+00) (11, 1.81873738765716552734e+00) (3, 9.47726249694824218750e+00) (4, 9.43787860870361328125e+00) (5, 1.10259532928466796875e+01) (6, 1.58685102462768554688e+01) (7, 2.55046253204345703125e+01) (8, 9.29337787628173828125e+00) (9, 1.69667892456054687500e+01) (10, 9.35196876525878906250e+00) (11, 9.35115337371826171875e+00) 
