FANN_FLO_2.1
num_layers=4
learning_rate=0.500000
connection_rate=1.000000
network_type=0
learning_momentum=0.000000
training_algorithm=2
train_error_function=1
train_stop_function=0
cascade_output_change_fraction=0.010000
quickprop_decay=-0.000100
quickprop_mu=1.750000
rprop_increase_factor=1.200000
rprop_decrease_factor=0.500000
rprop_delta_min=0.000000
rprop_delta_max=50.000000
rprop_delta_zero=0.100000
cascade_output_stagnation_epochs=12
cascade_candidate_change_fraction=0.010000
cascade_candidate_stagnation_epochs=12
cascade_max_out_epochs=150
cascade_min_out_epochs=50
cascade_max_cand_epochs=150
cascade_min_cand_epochs=50
cascade_num_candidate_groups=2
bit_fail_limit=3.49999994039535522461e-01
cascade_candidate_limit=1.00000000000000000000e+03
cascade_weight_multiplier=4.00000005960464477539e-01
cascade_activation_functions_count=10
cascade_activation_functions=3 5 7 8 10 11 14 15 16 17 
cascade_activation_steepnesses_count=4
cascade_activation_steepnesses=2.50000000000000000000e-01 5.00000000000000000000e-01 7.50000000000000000000e-01 1.00000000000000000000e+00 
layer_sizes=18 3 3 2 
scale_included=0
neurons (num_inputs, activation_function, activation_steepness)=(0, 0, 0.00000000000000000000e+00) (0, 0, 0.00000000000000000000e+00) (0, 0, 0.00000000000000000000e+00) (0, 0, 0.00000000000000000000e+00) (0, 0, 0.00000000000000000000e+00) (0, 0, 0.00000000000000000000e+00) (0, 0, 0.00000000000000000000e+00) (0, 0, 0.00000000000000000000e+00) (0, 0, 0.00000000000000000000e+00) (0, 0, 0.00000000000000000000e+00) (0, 0, 0.00000000000000000000e+00) (0, 0, 0.00000000000000000000e+00) (0, 0, 0.00000000000000000000e+00) (0, 0, 0.00000000000000000000e+00) (0, 0, 0.00000000000000000000e+00) (0, 0, 0.00000000000000000000e+00) (0, 0, 0.00000000000000000000e+00) (0, 0, 0.00000000000000000000e+00) (18, 3, 5.00000000000000000000e-01) (18, 3, 5.00000000000000000000e-01) (0, 3, 0.00000000000000000000e+00) (3, 3, 5.00000000000000000000e-01) (3, 3, 5.00000000000000000000e-01) (0, 3, 0.00000000000000000000e+00) (3, 0, 5.00000000000000000000e-01) (0, 0, 0.00000000000000000000e+00) 
connections (connected_to_neuron, weight)=(0, 3.19127440452575683594e+00) (1, 2.76770782470703125000e+01) (2, 6.12914276123046875000e+00) (3, 1.59931039810180664062e+01) (4, 6.88275671005249023438e+00) (5, -1.06564025878906250000e+01) (6, -6.50274848937988281250e+00) (7, -6.29043340682983398438e+00) (8, 1.00287556648254394531e+00) (9, 1.69657840728759765625e+01) (10, 5.69023132324218750000e+00) (11, 2.18382987976074218750e+01) (12, 5.40053892135620117188e+00) (13, 1.31973571777343750000e+01) (14, 5.51416826248168945312e+00) (15, 1.28638954162597656250e+01) (16, 1.56391305923461914062e+01) (17, -6.22210960388183593750e+01) (0, 1.07111692428588867188e+01) (1, 1.18170982360839843750e+02) (2, 2.44149723052978515625e+01) (3, 3.80044250488281250000e+01) (4, 3.97510910034179687500e+01) (5, -2.07988224029541015625e+01) (6, -1.11740961074829101562e+01) (7, -5.79543342590332031250e+01) (8, 2.17642498016357421875e+00) (9, 3.28689994812011718750e+01) (10, 2.72657318115234375000e+01) (11, 7.66538696289062500000e+01) (12, 1.75595722198486328125e+01) (13, 1.52023706436157226562e+01) (14, 2.43179368972778320312e+00) (15, 8.06627883911132812500e+01) (16, 1.01156930923461914062e+01) (17, -1.76434234619140625000e+02) (18, 1.50000000000000000000e+03) (19, 1.50000000000000000000e+03) (20, 4.15387889370322227478e-03) (18, 1.50000000000000000000e+03) (19, 1.50000000000000000000e+03) (20, -2.95168743133544921875e+01) (21, 5.61428213119506835938e+00) (22, 2.07008433341979980469e+00) (23, 2.97127723693847656250e+00) 
