FANN_FLO_2.1
num_layers=4
learning_rate=0.300000
connection_rate=1.000000
network_type=0
learning_momentum=0.000000
training_algorithm=2
train_error_function=1
train_stop_function=0
cascade_output_change_fraction=0.010000
quickprop_decay=-0.000100
quickprop_mu=1.750000
rprop_increase_factor=1.200000
rprop_decrease_factor=0.500000
rprop_delta_min=0.000000
rprop_delta_max=50.000000
rprop_delta_zero=0.100000
cascade_output_stagnation_epochs=12
cascade_candidate_change_fraction=0.010000
cascade_candidate_stagnation_epochs=12
cascade_max_out_epochs=150
cascade_min_out_epochs=50
cascade_max_cand_epochs=150
cascade_min_cand_epochs=50
cascade_num_candidate_groups=2
bit_fail_limit=3.49999994039535522461e-01
cascade_candidate_limit=1.00000000000000000000e+03
cascade_weight_multiplier=4.00000005960464477539e-01
cascade_activation_functions_count=10
cascade_activation_functions=3 5 7 8 10 11 14 15 16 17 
cascade_activation_steepnesses_count=4
cascade_activation_steepnesses=2.50000000000000000000e-01 5.00000000000000000000e-01 7.50000000000000000000e-01 1.00000000000000000000e+00 
layer_sizes=2 5 3 3 
scale_included=0
neurons (num_inputs, activation_function, activation_steepness)=(0, 0, 0.00000000000000000000e+00) (0, 0, 0.00000000000000000000e+00) (2, 3, 5.00000000000000000000e-01) (2, 3, 5.00000000000000000000e-01) (2, 3, 5.00000000000000000000e-01) (2, 3, 5.00000000000000000000e-01) (0, 3, 0.00000000000000000000e+00) (5, 3, 5.00000000000000000000e-01) (5, 3, 5.00000000000000000000e-01) (0, 3, 0.00000000000000000000e+00) (3, 0, 5.00000000000000000000e-01) (3, 0, 5.00000000000000000000e-01) (0, 0, 0.00000000000000000000e+00) 
connections (connected_to_neuron, weight)=(0, 1.99097671508789062500e+01) (1, 3.53008484840393066406e+00) (0, 7.27086353302001953125e+00) (1, 7.76230239868164062500e+00) (0, 5.19444131851196289062e+00) (1, 2.87453341484069824219e+00) (0, 1.63924880981445312500e+02) (1, -3.57594223022460937500e+01) (2, 2.85258203744888305664e-01) (3, 7.25280714035034179688e+00) (4, -8.30590915679931640625e+00) (5, -2.44600830078125000000e+01) (6, -1.21751534938812255859e+00) (2, 7.75405645370483398438e-01) (3, 5.93686096191406250000e+02) (4, 2.66420059204101562500e+01) (5, -1.28142046928405761719e+00) (6, -1.00293368101119995117e-01) (7, 1.16698741912841796875e-02) (8, -9.09499824047088623047e-02) (9, 6.11466579139232635498e-02) (7, -1.08880913257598876953e+00) (8, -6.32757425308227539062e-01) (9, -5.97271144390106201172e-01) 
