FANN_FLO_2.1
num_layers=3
learning_rate=0.500000
connection_rate=1.000000
network_type=0
learning_momentum=0.000000
training_algorithm=2
train_error_function=1
train_stop_function=0
cascade_output_change_fraction=0.010000
quickprop_decay=-0.000100
quickprop_mu=1.750000
rprop_increase_factor=1.200000
rprop_decrease_factor=0.500000
rprop_delta_min=0.000000
rprop_delta_max=50.000000
rprop_delta_zero=0.100000
cascade_output_stagnation_epochs=12
cascade_candidate_change_fraction=0.010000
cascade_candidate_stagnation_epochs=12
cascade_max_out_epochs=150
cascade_min_out_epochs=50
cascade_max_cand_epochs=150
cascade_min_cand_epochs=50
cascade_num_candidate_groups=2
bit_fail_limit=3.49999994039535522461e-01
cascade_candidate_limit=1.00000000000000000000e+03
cascade_weight_multiplier=4.00000005960464477539e-01
cascade_activation_functions_count=10
cascade_activation_functions=3 5 7 8 10 11 14 15 16 17 
cascade_activation_steepnesses_count=4
cascade_activation_steepnesses=2.50000000000000000000e-01 5.00000000000000000000e-01 7.50000000000000000000e-01 1.00000000000000000000e+00 
layer_sizes=10 3 2 
scale_included=0
neurons (num_inputs, activation_function, activation_steepness)=(0, 0, 0.00000000000000000000e+00) (0, 0, 0.00000000000000000000e+00) (0, 0, 0.00000000000000000000e+00) (0, 0, 0.00000000000000000000e+00) (0, 0, 0.00000000000000000000e+00) (0, 0, 0.00000000000000000000e+00) (0, 0, 0.00000000000000000000e+00) (0, 0, 0.00000000000000000000e+00) (0, 0, 0.00000000000000000000e+00) (0, 0, 0.00000000000000000000e+00) (10, 3, 5.00000000000000000000e-01) (10, 3, 5.00000000000000000000e-01) (0, 3, 0.00000000000000000000e+00) (3, 3, 5.00000000000000000000e-01) (0, 3, 0.00000000000000000000e+00) 
connections (connected_to_neuron, weight)=(0, -3.84367465972900390625e-01) (1, -3.28832328319549560547e-01) (2, -9.35554504394531250000e-01) (3, -6.25103294849395751953e-01) (4, -2.26275235414505004883e-01) (5, -3.44162285327911376953e-01) (6, -3.82026553153991699219e-01) (7, -4.05293464660644531250e-01) (8, -9.44657802581787109375e-01) (9, 1.95333802700042724609e+00) (0, 6.70770347118377685547e-01) (1, 7.53492236137390136719e-01) (2, -1.42293810844421386719e-01) (3, 2.84577369689941406250e-01) (4, 8.74295413494110107422e-01) (5, 7.50623583793640136719e-01) (6, 6.65884196758270263672e-01) (7, 6.84365272521972656250e-01) (8, -1.71422213315963745117e-01) (9, -1.51355123519897460938e+00) (10, -2.33802247047424316406e+00) (11, 1.68883407115936279297e+00) (12, -1.31346568465232849121e-01) 
