FANN_FLO_2.1
num_layers=3
learning_rate=0.400000
connection_rate=1.000000
network_type=0
learning_momentum=0.000000
training_algorithm=2
train_error_function=1
train_stop_function=0
cascade_output_change_fraction=0.010000
quickprop_decay=-0.000100
quickprop_mu=1.750000
rprop_increase_factor=1.200000
rprop_decrease_factor=0.500000
rprop_delta_min=0.000000
rprop_delta_max=50.000000
rprop_delta_zero=0.100000
cascade_output_stagnation_epochs=12
cascade_candidate_change_fraction=0.010000
cascade_candidate_stagnation_epochs=12
cascade_max_out_epochs=150
cascade_min_out_epochs=50
cascade_max_cand_epochs=150
cascade_min_cand_epochs=50
cascade_num_candidate_groups=2
bit_fail_limit=3.49999994039535522461e-01
cascade_candidate_limit=1.00000000000000000000e+03
cascade_weight_multiplier=4.00000005960464477539e-01
cascade_activation_functions_count=10
cascade_activation_functions=3 5 7 8 10 11 14 15 16 17 
cascade_activation_steepnesses_count=4
cascade_activation_steepnesses=2.50000000000000000000e-01 5.00000000000000000000e-01 7.50000000000000000000e-01 1.00000000000000000000e+00 
layer_sizes=10 3 2 
scale_included=0
neurons (num_inputs, activation_function, activation_steepness)=(0, 0, 0.00000000000000000000e+00) (0, 0, 0.00000000000000000000e+00) (0, 0, 0.00000000000000000000e+00) (0, 0, 0.00000000000000000000e+00) (0, 0, 0.00000000000000000000e+00) (0, 0, 0.00000000000000000000e+00) (0, 0, 0.00000000000000000000e+00) (0, 0, 0.00000000000000000000e+00) (0, 0, 0.00000000000000000000e+00) (0, 0, 0.00000000000000000000e+00) (10, 3, 5.00000000000000000000e-01) (10, 3, 5.00000000000000000000e-01) (0, 3, 0.00000000000000000000e+00) (3, 3, 5.00000000000000000000e-01) (0, 3, 0.00000000000000000000e+00) 
connections (connected_to_neuron, weight)=(0, 1.65469259023666381836e-01) (1, 1.16514883935451507568e-01) (2, 1.89278751611709594727e-01) (3, 1.47568583488464355469e-01) (4, 8.73730853199958801270e-02) (5, 1.42227396368980407715e-01) (6, 7.95862227678298950195e-02) (7, 1.64207398891448974609e-01) (8, 2.76743471622467041016e-02) (9, 5.20743131637573242188e-02) (0, 2.05440491437911987305e-01) (1, 1.76434606313705444336e-01) (2, 2.08454042673110961914e-01) (3, 6.31141960620880126953e-02) (4, 1.24652825295925140381e-01) (5, 1.70164406299591064453e-01) (6, 1.29844814538955688477e-01) (7, 1.39806792140007019043e-01) (8, 5.09749501943588256836e-02) (9, 1.72408878803253173828e-01) (10, -1.47441536188125610352e-01) (11, -2.11049407720565795898e-01) (12, -1.83089509606361389160e-01) 
