FANN_FLO_2.1
num_layers=3
learning_rate=0.500000
connection_rate=1.000000
network_type=0
learning_momentum=0.000000
training_algorithm=2
train_error_function=1
train_stop_function=0
cascade_output_change_fraction=0.010000
quickprop_decay=-0.000100
quickprop_mu=1.750000
rprop_increase_factor=1.200000
rprop_decrease_factor=0.500000
rprop_delta_min=0.000000
rprop_delta_max=50.000000
rprop_delta_zero=0.100000
cascade_output_stagnation_epochs=12
cascade_candidate_change_fraction=0.010000
cascade_candidate_stagnation_epochs=12
cascade_max_out_epochs=150
cascade_min_out_epochs=50
cascade_max_cand_epochs=150
cascade_min_cand_epochs=50
cascade_num_candidate_groups=2
bit_fail_limit=3.49999994039535522461e-01
cascade_candidate_limit=1.00000000000000000000e+03
cascade_weight_multiplier=4.00000005960464477539e-01
cascade_activation_functions_count=10
cascade_activation_functions=3 5 7 8 10 11 14 15 16 17 
cascade_activation_steepnesses_count=4
cascade_activation_steepnesses=2.50000000000000000000e-01 5.00000000000000000000e-01 7.50000000000000000000e-01 1.00000000000000000000e+00 
layer_sizes=10 5 2 
scale_included=0
neurons (num_inputs, activation_function, activation_steepness)=(0, 0, 0.00000000000000000000e+00) (0, 0, 0.00000000000000000000e+00) (0, 0, 0.00000000000000000000e+00) (0, 0, 0.00000000000000000000e+00) (0, 0, 0.00000000000000000000e+00) (0, 0, 0.00000000000000000000e+00) (0, 0, 0.00000000000000000000e+00) (0, 0, 0.00000000000000000000e+00) (0, 0, 0.00000000000000000000e+00) (0, 0, 0.00000000000000000000e+00) (10, 3, 5.00000000000000000000e-01) (10, 3, 5.00000000000000000000e-01) (10, 3, 5.00000000000000000000e-01) (10, 3, 5.00000000000000000000e-01) (0, 3, 0.00000000000000000000e+00) (5, 3, 5.00000000000000000000e-01) (0, 3, 0.00000000000000000000e+00) 
connections (connected_to_neuron, weight)=(0, 2.98067480325698852539e-01) (1, 4.65139567852020263672e-01) (2, 3.86456310749053955078e-01) (3, 3.03325086832046508789e-01) (4, 2.53025144338607788086e-01) (5, 3.81952702999114990234e-01) (6, 3.76074254512786865234e-01) (7, 3.69420379400253295898e-01) (8, 3.49334090948104858398e-01) (9, 6.88944101333618164062e-01) (0, 5.04198610782623291016e-01) (1, 7.33742594718933105469e-01) (2, 8.86630058288574218750e-01) (3, 4.33717161417007446289e-01) (4, -2.96400833129882812500e+00) (5, 9.63163316249847412109e-01) (6, 8.40370595455169677734e-01) (7, 6.81100010871887207031e-01) (8, 9.93028283119201660156e-01) (9, 2.81171381473541259766e-01) (0, -3.25779974460601806641e-01) (1, -3.97117465734481811523e-01) (2, -3.76461714506149291992e-01) (3, -3.16852480173110961914e-01) (4, -6.98102056980133056641e-01) (5, -3.39815527200698852539e-01) (6, -3.15244466066360473633e-01) (7, -3.54174077510833740234e-01) (8, -3.47483605146408081055e-01) (9, 9.22271788120269775391e-01) (0, -4.10904973745346069336e-01) (1, -2.85742640495300292969e-01) (2, -3.08682918548583984375e-01) (3, -4.53695684671401977539e-01) (4, -7.60582327842712402344e-01) (5, -2.82638400793075561523e-01) (6, -3.38127255439758300781e-01) (7, -3.67064058780670166016e-01) (8, -2.83965826034545898438e-01) (9, 9.86387014389038085938e-01) (10, 4.07344311475753784180e-01) (11, 8.38914930820465087891e-01) (12, -2.50103521347045898438e+00) (13, -2.28022265434265136719e+00) (14, 4.23206418752670288086e-01) 
