FANN_FLO_2.1
num_layers=3
learning_rate=0.400000
connection_rate=1.000000
network_type=0
learning_momentum=0.000000
training_algorithm=2
train_error_function=1
train_stop_function=0
cascade_output_change_fraction=0.010000
quickprop_decay=-0.000100
quickprop_mu=1.750000
rprop_increase_factor=1.200000
rprop_decrease_factor=0.500000
rprop_delta_min=0.000000
rprop_delta_max=50.000000
rprop_delta_zero=0.100000
cascade_output_stagnation_epochs=12
cascade_candidate_change_fraction=0.010000
cascade_candidate_stagnation_epochs=12
cascade_max_out_epochs=150
cascade_min_out_epochs=50
cascade_max_cand_epochs=150
cascade_min_cand_epochs=50
cascade_num_candidate_groups=2
bit_fail_limit=3.49999994039535522461e-01
cascade_candidate_limit=1.00000000000000000000e+03
cascade_weight_multiplier=4.00000005960464477539e-01
cascade_activation_functions_count=10
cascade_activation_functions=3 5 7 8 10 11 14 15 16 17 
cascade_activation_steepnesses_count=4
cascade_activation_steepnesses=2.50000000000000000000e-01 5.00000000000000000000e-01 7.50000000000000000000e-01 1.00000000000000000000e+00 
layer_sizes=6 5 2 
scale_included=0
neurons (num_inputs, activation_function, activation_steepness)=(0, 0, 0.00000000000000000000e+00) (0, 0, 0.00000000000000000000e+00) (0, 0, 0.00000000000000000000e+00) (0, 0, 0.00000000000000000000e+00) (0, 0, 0.00000000000000000000e+00) (0, 0, 0.00000000000000000000e+00) (6, 3, 5.00000000000000000000e-01) (6, 3, 5.00000000000000000000e-01) (6, 3, 5.00000000000000000000e-01) (6, 3, 5.00000000000000000000e-01) (0, 3, 0.00000000000000000000e+00) (5, 0, 5.00000000000000000000e-01) (0, 0, 0.00000000000000000000e+00) 
connections (connected_to_neuron, weight)=(0, -1.50000000000000000000e+03) (1, -1.50000000000000000000e+03) (2, 1.74199081420898437500e+02) (3, -8.01891555786132812500e+01) (4, -1.50000000000000000000e+03) (5, 6.78117692470550537109e-01) (0, -1.50000000000000000000e+03) (1, -1.50000000000000000000e+03) (2, -6.32662892341613769531e-01) (3, -3.71840881347656250000e+02) (4, -1.50000000000000000000e+03) (5, 4.06041204929351806641e-01) (0, -1.50000000000000000000e+03) (1, -4.78033971786499023438e+00) (2, -7.21259415149688720703e-01) (3, -2.88277649879455566406e+00) (4, 6.15672290325164794922e-01) (5, -1.43100154399871826172e+00) (0, -1.40122412109375000000e+03) (1, -1.40122412109375000000e+03) (2, -8.29409182071685791016e-01) (3, -3.77178741455078125000e+02) (4, -1.48159594726562500000e+03) (5, 2.59345084428787231445e-01) (6, 1.50000000000000000000e+03) (7, 1.32036120605468750000e+03) (8, 4.38958549499511718750e+00) (9, -5.60093671083450317383e-02) (10, 7.70718276500701904297e-01) 
