FANN_FLO_2.1
num_layers=3
learning_rate=0.400000
connection_rate=1.000000
network_type=0
learning_momentum=0.000000
training_algorithm=2
train_error_function=1
train_stop_function=0
cascade_output_change_fraction=0.010000
quickprop_decay=-0.000100
quickprop_mu=1.750000
rprop_increase_factor=1.200000
rprop_decrease_factor=0.500000
rprop_delta_min=0.000000
rprop_delta_max=50.000000
rprop_delta_zero=0.100000
cascade_output_stagnation_epochs=12
cascade_candidate_change_fraction=0.010000
cascade_candidate_stagnation_epochs=12
cascade_max_out_epochs=150
cascade_min_out_epochs=50
cascade_max_cand_epochs=150
cascade_min_cand_epochs=50
cascade_num_candidate_groups=2
bit_fail_limit=3.49999994039535522461e-01
cascade_candidate_limit=1.00000000000000000000e+03
cascade_weight_multiplier=4.00000005960464477539e-01
cascade_activation_functions_count=10
cascade_activation_functions=3 5 7 8 10 11 14 15 16 17 
cascade_activation_steepnesses_count=4
cascade_activation_steepnesses=2.50000000000000000000e-01 5.00000000000000000000e-01 7.50000000000000000000e-01 1.00000000000000000000e+00 
layer_sizes=10 3 2 
scale_included=0
neurons (num_inputs, activation_function, activation_steepness)=(0, 0, 0.00000000000000000000e+00) (0, 0, 0.00000000000000000000e+00) (0, 0, 0.00000000000000000000e+00) (0, 0, 0.00000000000000000000e+00) (0, 0, 0.00000000000000000000e+00) (0, 0, 0.00000000000000000000e+00) (0, 0, 0.00000000000000000000e+00) (0, 0, 0.00000000000000000000e+00) (0, 0, 0.00000000000000000000e+00) (0, 0, 0.00000000000000000000e+00) (10, 3, 5.00000000000000000000e-01) (10, 3, 5.00000000000000000000e-01) (0, 3, 0.00000000000000000000e+00) (3, 3, 5.00000000000000000000e-01) (0, 3, 0.00000000000000000000e+00) 
connections (connected_to_neuron, weight)=(0, 3.38112041354179382324e-02) (1, 2.01004922389984130859e-01) (2, 2.11136132478713989258e-01) (3, 1.81156516075134277344e-01) (4, 3.34924012422561645508e-02) (5, 9.84524562954902648926e-02) (6, 1.34946510195732116699e-01) (7, 1.42643555998802185059e-01) (8, 5.22815808653831481934e-02) (9, 4.63900417089462280273e-02) (0, 1.33634194731712341309e-01) (1, 2.03468650579452514648e-02) (2, 7.51574337482452392578e-02) (3, 2.10328042507171630859e-01) (4, 4.43287417292594909668e-02) (5, 1.79877221584320068359e-01) (6, 1.68780088424682617188e-01) (7, 1.37508854269981384277e-01) (8, 1.12338669598102569580e-01) (9, 1.33964672684669494629e-01) (10, -2.10172936320304870605e-01) (11, -1.69794350862503051758e-01) (12, -1.13317772746086120605e-01) 
