FANN_FLO_2.1
num_layers=4
learning_rate=0.500000
connection_rate=1.000000
network_type=0
learning_momentum=0.000000
training_algorithm=2
train_error_function=1
train_stop_function=0
cascade_output_change_fraction=0.010000
quickprop_decay=-0.000100
quickprop_mu=1.750000
rprop_increase_factor=1.200000
rprop_decrease_factor=0.500000
rprop_delta_min=0.000000
rprop_delta_max=50.000000
rprop_delta_zero=0.100000
cascade_output_stagnation_epochs=12
cascade_candidate_change_fraction=0.010000
cascade_candidate_stagnation_epochs=12
cascade_max_out_epochs=150
cascade_min_out_epochs=50
cascade_max_cand_epochs=150
cascade_min_cand_epochs=50
cascade_num_candidate_groups=2
bit_fail_limit=3.49999994039535522461e-01
cascade_candidate_limit=1.00000000000000000000e+03
cascade_weight_multiplier=4.00000005960464477539e-01
cascade_activation_functions_count=10
cascade_activation_functions=3 5 7 8 10 11 14 15 16 17 
cascade_activation_steepnesses_count=4
cascade_activation_steepnesses=2.50000000000000000000e-01 5.00000000000000000000e-01 7.50000000000000000000e-01 1.00000000000000000000e+00 
layer_sizes=18 3 3 2 
scale_included=0
neurons (num_inputs, activation_function, activation_steepness)=(0, 0, 0.00000000000000000000e+00) (0, 0, 0.00000000000000000000e+00) (0, 0, 0.00000000000000000000e+00) (0, 0, 0.00000000000000000000e+00) (0, 0, 0.00000000000000000000e+00) (0, 0, 0.00000000000000000000e+00) (0, 0, 0.00000000000000000000e+00) (0, 0, 0.00000000000000000000e+00) (0, 0, 0.00000000000000000000e+00) (0, 0, 0.00000000000000000000e+00) (0, 0, 0.00000000000000000000e+00) (0, 0, 0.00000000000000000000e+00) (0, 0, 0.00000000000000000000e+00) (0, 0, 0.00000000000000000000e+00) (0, 0, 0.00000000000000000000e+00) (0, 0, 0.00000000000000000000e+00) (0, 0, 0.00000000000000000000e+00) (0, 0, 0.00000000000000000000e+00) (18, 3, 5.00000000000000000000e-01) (18, 3, 5.00000000000000000000e-01) (0, 3, 0.00000000000000000000e+00) (3, 3, 5.00000000000000000000e-01) (3, 3, 5.00000000000000000000e-01) (0, 3, 0.00000000000000000000e+00) (3, 0, 5.00000000000000000000e-01) (0, 0, 0.00000000000000000000e+00) 
connections (connected_to_neuron, weight)=(0, 9.92506384849548339844e-01) (1, 9.65968847274780273438e-01) (2, 1.03101277351379394531e+00) (3, 1.17587912082672119141e+00) (4, 7.71780729293823242188e-01) (5, -6.02069497108459472656e-01) (6, -1.24039065837860107422e+00) (7, -1.14756989479064941406e+00) (8, 2.87667274475097656250e-01) (9, 7.14283466339111328125e-01) (10, 1.15698504447937011719e+00) (11, 6.45241081714630126953e-01) (12, 1.13616883754730224609e+00) (13, 9.98978197574615478516e-01) (14, 1.03195142745971679688e+00) (15, 1.13345670700073242188e+00) (16, 7.84337937831878662109e-01) (17, -5.64181327819824218750e+00) (0, 6.07944145202636718750e+01) (1, 4.15313110351562500000e+01) (2, -1.41359912109375000000e+03) (3, -1.41359912109375000000e+03) (4, -1.05853369140625000000e+03) (5, 1.50000000000000000000e+03) (6, 7.94873352050781250000e+02) (7, 1.46604528808593750000e+03) (8, 3.23689002990722656250e+01) (9, -1.50000000000000000000e+03) (10, -1.50000000000000000000e+03) (11, -1.50000000000000000000e+03) (12, -7.47352661132812500000e+02) (13, 5.77541961669921875000e+01) (14, 4.34937210083007812500e+01) (15, 4.73175048828125000000e+01) (16, -1.50000000000000000000e+03) (17, 4.33162355422973632812e+00) (18, 1.50000000000000000000e+03) (19, 6.93701922893524169922e-01) (20, 6.77815556526184082031e-01) (18, 7.32094812393188476562e+00) (19, -1.39206302165985107422e+00) (20, -9.52159702777862548828e-01) (21, 8.18453729152679443359e-01) (22, 1.10982036590576171875e+01) (23, 7.00281322002410888672e-01) 
