FANN_FLO_2.1
num_layers=4
learning_rate=0.300000
connection_rate=1.000000
network_type=0
learning_momentum=0.000000
training_algorithm=2
train_error_function=1
train_stop_function=0
cascade_output_change_fraction=0.010000
quickprop_decay=-0.000100
quickprop_mu=1.750000
rprop_increase_factor=1.200000
rprop_decrease_factor=0.500000
rprop_delta_min=0.000000
rprop_delta_max=50.000000
rprop_delta_zero=0.100000
cascade_output_stagnation_epochs=12
cascade_candidate_change_fraction=0.010000
cascade_candidate_stagnation_epochs=12
cascade_max_out_epochs=150
cascade_min_out_epochs=50
cascade_max_cand_epochs=150
cascade_min_cand_epochs=50
cascade_num_candidate_groups=2
bit_fail_limit=3.49999994039535522461e-01
cascade_candidate_limit=1.00000000000000000000e+03
cascade_weight_multiplier=4.00000005960464477539e-01
cascade_activation_functions_count=10
cascade_activation_functions=3 5 7 8 10 11 14 15 16 17 
cascade_activation_steepnesses_count=4
cascade_activation_steepnesses=2.50000000000000000000e-01 5.00000000000000000000e-01 7.50000000000000000000e-01 1.00000000000000000000e+00 
layer_sizes=2 5 5 3 
scale_included=0
neurons (num_inputs, activation_function, activation_steepness)=(0, 0, 0.00000000000000000000e+00) (0, 0, 0.00000000000000000000e+00) (2, 3, 5.00000000000000000000e-01) (2, 3, 5.00000000000000000000e-01) (2, 3, 5.00000000000000000000e-01) (2, 3, 5.00000000000000000000e-01) (0, 3, 0.00000000000000000000e+00) (5, 3, 5.00000000000000000000e-01) (5, 3, 5.00000000000000000000e-01) (5, 3, 5.00000000000000000000e-01) (5, 3, 5.00000000000000000000e-01) (0, 3, 0.00000000000000000000e+00) (5, 0, 5.00000000000000000000e-01) (5, 0, 5.00000000000000000000e-01) (0, 0, 0.00000000000000000000e+00) 
connections (connected_to_neuron, weight)=(0, -1.00435272216796875000e+02) (1, -7.74348556995391845703e-01) (0, -7.17251815795898437500e+01) (1, -2.91867941617965698242e-01) (0, -4.06702957153320312500e+01) (1, 4.09775638580322265625e+00) (0, -1.03607322692871093750e+02) (1, -5.19439697265625000000e-01) (2, 1.15851259231567382812e+00) (3, 2.08792477846145629883e-01) (4, 2.03777059912681579590e-01) (5, 4.72760826349258422852e-01) (6, -1.01751744747161865234e+00) (2, 2.25481281280517578125e+01) (3, 8.00903856754302978516e-01) (4, 4.87508565187454223633e-01) (5, 1.12612438201904296875e+00) (6, -9.02570056915283203125e+00) (2, 2.86071705818176269531e+00) (3, 3.96188169717788696289e-01) (4, 5.15879452228546142578e-01) (5, 3.73717218637466430664e-01) (6, 8.33287835121154785156e-02) (2, 8.79768180847167968750e+00) (3, 3.42477262020111083984e-01) (4, 2.67642945051193237305e-01) (5, 3.63954067230224609375e-01) (6, -1.49590492248535156250e+00) (7, 1.50747835636138916016e-01) (8, 1.78838402032852172852e-01) (9, -1.50301875546574592590e-02) (10, -6.69315308332443237305e-02) (11, -2.18098104000091552734e-01) (7, 6.30646109580993652344e-01) (8, -1.36271107196807861328e+00) (9, -4.91438835859298706055e-01) (10, -4.87246930599212646484e-01) (11, -2.66161859035491943359e-01) 
