FANN_FLO_2.1
num_layers=3
learning_rate=0.300000
connection_rate=1.000000
network_type=0
learning_momentum=0.000000
training_algorithm=2
train_error_function=1
train_stop_function=0
cascade_output_change_fraction=0.010000
quickprop_decay=-0.000100
quickprop_mu=1.750000
rprop_increase_factor=1.200000
rprop_decrease_factor=0.500000
rprop_delta_min=0.000000
rprop_delta_max=50.000000
rprop_delta_zero=0.100000
cascade_output_stagnation_epochs=12
cascade_candidate_change_fraction=0.010000
cascade_candidate_stagnation_epochs=12
cascade_max_out_epochs=150
cascade_min_out_epochs=50
cascade_max_cand_epochs=150
cascade_min_cand_epochs=50
cascade_num_candidate_groups=2
bit_fail_limit=3.49999994039535522461e-01
cascade_candidate_limit=1.00000000000000000000e+03
cascade_weight_multiplier=4.00000005960464477539e-01
cascade_activation_functions_count=10
cascade_activation_functions=3 5 7 8 10 11 14 15 16 17 
cascade_activation_steepnesses_count=4
cascade_activation_steepnesses=2.50000000000000000000e-01 5.00000000000000000000e-01 7.50000000000000000000e-01 1.00000000000000000000e+00 
layer_sizes=4 9 2 
scale_included=0
neurons (num_inputs, activation_function, activation_steepness)=(0, 0, 0.00000000000000000000e+00) (0, 0, 0.00000000000000000000e+00) (0, 0, 0.00000000000000000000e+00) (0, 0, 0.00000000000000000000e+00) (4, 3, 5.00000000000000000000e-01) (4, 3, 5.00000000000000000000e-01) (4, 3, 5.00000000000000000000e-01) (4, 3, 5.00000000000000000000e-01) (4, 3, 5.00000000000000000000e-01) (4, 3, 5.00000000000000000000e-01) (4, 3, 5.00000000000000000000e-01) (4, 3, 5.00000000000000000000e-01) (0, 3, 0.00000000000000000000e+00) (9, 3, 5.00000000000000000000e-01) (0, 3, 0.00000000000000000000e+00) 
connections (connected_to_neuron, weight)=(0, -5.80604133605957031250e+01) (1, 1.06181669235229492188e+00) (2, 7.92653512954711914062e+00) (3, 5.65771102905273437500e-01) (0, -1.27824270725250244141e+00) (1, 8.83512437343597412109e-01) (2, -1.74406611919403076172e+00) (3, 9.51893866062164306641e-01) (0, -1.70040622353553771973e-01) (1, 2.86391284316778182983e-02) (2, -3.52340638637542724609e-01) (3, 4.03294229507446289062e+00) (0, 1.11460670471191406250e+02) (1, -3.24101257324218750000e+01) (2, -2.96547363281250000000e+02) (3, 6.33822083473205566406e-01) (0, 2.71688151359558105469e+00) (1, -2.44436192512512207031e+00) (2, 5.36361026763916015625e+00) (3, -1.80282950401306152344e-01) (0, 5.42673408985137939453e-01) (1, 6.56964182853698730469e-01) (2, -2.99960255622863769531e+00) (3, 1.38302683830261230469e+00) (0, 1.50000000000000000000e+03) (1, 1.49776562500000000000e+03) (2, 1.49999023437500000000e+03) (3, 7.82452881336212158203e-01) (0, -1.96574795246124267578e+00) (1, 8.55042755603790283203e-01) (2, -1.35262131690979003906e+00) (3, 3.14652013778686523438e+00) (4, 1.50000000000000000000e+03) (5, -3.91408294439315795898e-01) (6, -4.59018516540527343750e+00) (7, -1.50000000000000000000e+03) (8, 7.81246125698089599609e-01) (9, -6.92976226806640625000e+01) (10, 7.00216522216796875000e+01) (11, -2.59627848863601684570e-01) (12, -7.05801025032997131348e-02) 
