FANN_FLO_2.1
num_layers=4
learning_rate=0.450000
connection_rate=1.000000
network_type=0
learning_momentum=0.000000
training_algorithm=2
train_error_function=1
train_stop_function=0
cascade_output_change_fraction=0.010000
quickprop_decay=-0.000100
quickprop_mu=1.750000
rprop_increase_factor=1.200000
rprop_decrease_factor=0.500000
rprop_delta_min=0.000000
rprop_delta_max=50.000000
rprop_delta_zero=0.100000
cascade_output_stagnation_epochs=12
cascade_candidate_change_fraction=0.010000
cascade_candidate_stagnation_epochs=12
cascade_max_out_epochs=150
cascade_min_out_epochs=50
cascade_max_cand_epochs=150
cascade_min_cand_epochs=50
cascade_num_candidate_groups=2
bit_fail_limit=3.49999994039535522461e-01
cascade_candidate_limit=1.00000000000000000000e+03
cascade_weight_multiplier=4.00000005960464477539e-01
cascade_activation_functions_count=10
cascade_activation_functions=3 5 7 8 10 11 14 15 16 17 
cascade_activation_steepnesses_count=4
cascade_activation_steepnesses=2.50000000000000000000e-01 5.00000000000000000000e-01 7.50000000000000000000e-01 1.00000000000000000000e+00 
layer_sizes=7 5 5 2 
scale_included=0
neurons (num_inputs, activation_function, activation_steepness)=(0, 0, 0.00000000000000000000e+00) (0, 0, 0.00000000000000000000e+00) (0, 0, 0.00000000000000000000e+00) (0, 0, 0.00000000000000000000e+00) (0, 0, 0.00000000000000000000e+00) (0, 0, 0.00000000000000000000e+00) (0, 0, 0.00000000000000000000e+00) (7, 3, 5.00000000000000000000e-01) (7, 3, 5.00000000000000000000e-01) (7, 3, 5.00000000000000000000e-01) (7, 3, 5.00000000000000000000e-01) (0, 3, 0.00000000000000000000e+00) (5, 3, 5.00000000000000000000e-01) (5, 3, 5.00000000000000000000e-01) (5, 3, 5.00000000000000000000e-01) (5, 3, 5.00000000000000000000e-01) (0, 3, 0.00000000000000000000e+00) (5, 0, 5.00000000000000000000e-01) (0, 0, 0.00000000000000000000e+00) 
connections (connected_to_neuron, weight)=(0, -9.18026790022850036621e-02) (1, 2.75171935558319091797e-01) (2, -7.16738204956054687500e+01) (3, 2.20086798071861267090e-01) (4, 3.95301192998886108398e-01) (5, 6.99393844604492187500e+01) (6, 9.18920803070068359375e+00) (0, -8.56845080852508544922e-02) (1, 1.16349899768829345703e+00) (2, -3.51466745138168334961e-01) (3, -1.10058820247650146484e+00) (4, 5.93207955360412597656e-01) (5, -3.73766630887985229492e-01) (6, 1.19596385955810546875e+01) (0, -8.42468917369842529297e-01) (1, 9.86259102821350097656e-01) (2, 7.78776693344116210938e+00) (3, 2.53611743450164794922e-01) (4, -7.37523008137941360474e-03) (5, -3.06052825927734375000e+02) (6, -2.32740600585937500000e+02) (0, -5.99954649806022644043e-02) (1, 3.16741093993186950684e-02) (2, 2.38530330657958984375e+01) (3, -4.52222633361816406250e+00) (4, 9.58670425415039062500e+00) (5, -9.92957428097724914551e-02) (6, 7.36681580543518066406e-01) (7, -5.74067644774913787842e-02) (8, 6.15512752532958984375e+00) (9, -1.50000000000000000000e+03) (10, 4.70368099212646484375e+00) (11, 9.77818593382835388184e-02) (7, -2.05757498741149902344e+00) (8, -4.27834701538085937500e+01) (9, -1.50000000000000000000e+03) (10, -5.50034408569335937500e+01) (11, -2.32281637191772460938e+00) (7, 1.26356077194213867188e+00) (8, 2.93999290466308593750e+00) (9, 1.50000000000000000000e+03) (10, -2.58014941215515136719e+00) (11, -3.73684942722320556641e-01) (7, -6.46044373512268066406e-01) (8, 1.08128108084201812744e-01) (9, 1.50000000000000000000e+03) (10, -7.97818481922149658203e-01) (11, -4.55976843833923339844e-01) (12, 9.49483215808868408203e-02) (13, 1.52561635971069335938e+01) (14, -5.91208040714263916016e-02) (15, -2.26271390914916992188e-01) (16, -4.72901947796344757080e-03) 
