FANN_FLO_2.1
num_layers=3
learning_rate=0.500000
connection_rate=1.000000
network_type=0
learning_momentum=0.000000
training_algorithm=2
train_error_function=1
train_stop_function=0
cascade_output_change_fraction=0.010000
quickprop_decay=-0.000100
quickprop_mu=1.750000
rprop_increase_factor=1.200000
rprop_decrease_factor=0.500000
rprop_delta_min=0.000000
rprop_delta_max=50.000000
rprop_delta_zero=0.100000
cascade_output_stagnation_epochs=12
cascade_candidate_change_fraction=0.010000
cascade_candidate_stagnation_epochs=12
cascade_max_out_epochs=150
cascade_min_out_epochs=50
cascade_max_cand_epochs=150
cascade_min_cand_epochs=50
cascade_num_candidate_groups=2
bit_fail_limit=3.49999994039535522461e-01
cascade_candidate_limit=1.00000000000000000000e+03
cascade_weight_multiplier=4.00000005960464477539e-01
cascade_activation_functions_count=10
cascade_activation_functions=3 5 7 8 10 11 14 15 16 17 
cascade_activation_steepnesses_count=4
cascade_activation_steepnesses=2.50000000000000000000e-01 5.00000000000000000000e-01 7.50000000000000000000e-01 1.00000000000000000000e+00 
layer_sizes=3 5 4 
scale_included=0
neurons (num_inputs, activation_function, activation_steepness)=(0, 0, 0.00000000000000000000e+00) (0, 0, 0.00000000000000000000e+00) (0, 0, 0.00000000000000000000e+00) (3, 3, 5.00000000000000000000e-01) (3, 3, 5.00000000000000000000e-01) (3, 3, 5.00000000000000000000e-01) (3, 3, 5.00000000000000000000e-01) (0, 3, 0.00000000000000000000e+00) (5, 0, 5.00000000000000000000e-01) (5, 0, 5.00000000000000000000e-01) (5, 0, 5.00000000000000000000e-01) (0, 0, 0.00000000000000000000e+00) 
connections (connected_to_neuron, weight)=(0, -2.91699719429016113281e+00) (1, -9.73444581031799316406e-02) (2, 3.37379992008209228516e-01) (0, -1.94535732269287109375e+00) (1, -2.31623601913452148438e+00) (2, 3.68322581052780151367e-01) (0, -1.84023532867431640625e+01) (1, 1.22876281738281250000e+01) (2, 1.64946613311767578125e+01) (0, -1.67352237701416015625e+01) (1, 8.87718582153320312500e+00) (2, 4.04700183868408203125e+00) (3, 4.15500497817993164062e+00) (4, 2.81092119216918945312e+00) (5, 8.51093471050262451172e-01) (6, 1.21578013896942138672e+00) (7, 1.49920117855072021484e+00) (3, 1.01749324798583984375e+01) (4, 8.59201526641845703125e+00) (5, 4.45454788208007812500e+00) (6, 3.91310858726501464844e+00) (7, 5.62682008743286132812e+00) (3, 3.01120033264160156250e+01) (4, 2.93503437042236328125e+01) (5, 1.79798679351806640625e+01) (6, 1.16930274963378906250e+01) (7, 2.16199836730957031250e+01) 
