FANN_FLO_2.1
num_layers=4
learning_rate=0.450000
connection_rate=1.000000
network_type=0
learning_momentum=0.000000
training_algorithm=2
train_error_function=1
train_stop_function=0
cascade_output_change_fraction=0.010000
quickprop_decay=-0.000100
quickprop_mu=1.750000
rprop_increase_factor=1.200000
rprop_decrease_factor=0.500000
rprop_delta_min=0.000000
rprop_delta_max=50.000000
rprop_delta_zero=0.100000
cascade_output_stagnation_epochs=12
cascade_candidate_change_fraction=0.010000
cascade_candidate_stagnation_epochs=12
cascade_max_out_epochs=150
cascade_min_out_epochs=50
cascade_max_cand_epochs=150
cascade_min_cand_epochs=50
cascade_num_candidate_groups=2
bit_fail_limit=3.49999994039535522461e-01
cascade_candidate_limit=1.00000000000000000000e+03
cascade_weight_multiplier=4.00000005960464477539e-01
cascade_activation_functions_count=10
cascade_activation_functions=3 5 7 8 10 11 14 15 16 17 
cascade_activation_steepnesses_count=4
cascade_activation_steepnesses=2.50000000000000000000e-01 5.00000000000000000000e-01 7.50000000000000000000e-01 1.00000000000000000000e+00 
layer_sizes=7 5 5 2 
scale_included=0
neurons (num_inputs, activation_function, activation_steepness)=(0, 0, 0.00000000000000000000e+00) (0, 0, 0.00000000000000000000e+00) (0, 0, 0.00000000000000000000e+00) (0, 0, 0.00000000000000000000e+00) (0, 0, 0.00000000000000000000e+00) (0, 0, 0.00000000000000000000e+00) (0, 0, 0.00000000000000000000e+00) (7, 3, 5.00000000000000000000e-01) (7, 3, 5.00000000000000000000e-01) (7, 3, 5.00000000000000000000e-01) (7, 3, 5.00000000000000000000e-01) (0, 3, 0.00000000000000000000e+00) (5, 3, 5.00000000000000000000e-01) (5, 3, 5.00000000000000000000e-01) (5, 3, 5.00000000000000000000e-01) (5, 3, 5.00000000000000000000e-01) (0, 3, 0.00000000000000000000e+00) (5, 0, 5.00000000000000000000e-01) (0, 0, 0.00000000000000000000e+00) 
connections (connected_to_neuron, weight)=(0, -6.80109008789062500000e+02) (1, 7.28493591308593750000e+02) (2, 1.05096936035156250000e+03) (3, -1.21549121093750000000e+03) (4, 1.50000000000000000000e+03) (5, -1.01935768127441406250e+01) (6, -2.20394685864448547363e-01) (0, -1.20433325195312500000e+03) (1, -1.50000000000000000000e+03) (2, 5.09044525146484375000e+02) (3, 2.57873901367187500000e+02) (4, -1.50000000000000000000e+03) (5, 1.50000000000000000000e+03) (6, 1.13595807552337646484e+00) (0, 2.81852844238281250000e+02) (1, -4.12858795166015625000e+02) (2, 7.75218658447265625000e+01) (3, -8.70645935058593750000e+02) (4, 1.47000000000000000000e+03) (5, -3.51864715576171875000e+02) (6, 8.64951372146606445312e-01) (0, -5.57538269042968750000e+02) (1, 1.62822341918945312500e+02) (2, 2.52162048339843750000e+02) (3, 1.44963228702545166016e+00) (4, -1.42314282226562500000e+03) (5, 1.28454028320312500000e+03) (6, 6.97758316993713378906e-01) (7, -1.98401138186454772949e-01) (8, 1.20000000000000000000e+03) (9, -2.49002743512392044067e-02) (10, 1.10000000000000000000e+03) (11, -2.34427303075790405273e-01) (7, -4.72190171480178833008e-01) (8, 1.20000000000000000000e+03) (9, -1.71494817733764648438e+00) (10, 1.10000000000000000000e+03) (11, 4.48579907417297363281e-01) (7, -2.64434397220611572266e-01) (8, 1.50000000000000000000e+03) (9, -7.22809927538037300110e-03) (10, 1.50000000000000000000e+03) (11, -4.03642684221267700195e-01) (7, -2.69924074411392211914e-01) (8, 1.50000000000000000000e+03) (9, -5.82975558936595916748e-02) (10, 1.50000000000000000000e+03) (11, -3.62212955951690673828e-01) (12, 7.47239142656326293945e-02) (13, 4.05298210680484771729e-02) (14, -3.66199426352977752686e-02) (15, -5.68880327045917510986e-02) (16, 6.90880510956048965454e-03) 
