FANN_FLO_2.1
num_layers=4
learning_rate=0.500000
connection_rate=1.000000
network_type=0
learning_momentum=0.000000
training_algorithm=2
train_error_function=1
train_stop_function=0
cascade_output_change_fraction=0.010000
quickprop_decay=-0.000100
quickprop_mu=1.750000
rprop_increase_factor=1.200000
rprop_decrease_factor=0.500000
rprop_delta_min=0.000000
rprop_delta_max=50.000000
rprop_delta_zero=0.100000
cascade_output_stagnation_epochs=12
cascade_candidate_change_fraction=0.010000
cascade_candidate_stagnation_epochs=12
cascade_max_out_epochs=150
cascade_min_out_epochs=50
cascade_max_cand_epochs=150
cascade_min_cand_epochs=50
cascade_num_candidate_groups=2
bit_fail_limit=3.49999994039535522461e-01
cascade_candidate_limit=1.00000000000000000000e+03
cascade_weight_multiplier=4.00000005960464477539e-01
cascade_activation_functions_count=10
cascade_activation_functions=3 5 7 8 10 11 14 15 16 17 
cascade_activation_steepnesses_count=4
cascade_activation_steepnesses=2.50000000000000000000e-01 5.00000000000000000000e-01 7.50000000000000000000e-01 1.00000000000000000000e+00 
layer_sizes=4 5 5 2 
scale_included=0
neurons (num_inputs, activation_function, activation_steepness)=(0, 0, 0.00000000000000000000e+00) (0, 0, 0.00000000000000000000e+00) (0, 0, 0.00000000000000000000e+00) (0, 0, 0.00000000000000000000e+00) (4, 3, 5.00000000000000000000e-01) (4, 3, 5.00000000000000000000e-01) (4, 3, 5.00000000000000000000e-01) (4, 3, 5.00000000000000000000e-01) (0, 3, 0.00000000000000000000e+00) (5, 3, 5.00000000000000000000e-01) (5, 3, 5.00000000000000000000e-01) (5, 3, 5.00000000000000000000e-01) (5, 3, 5.00000000000000000000e-01) (0, 3, 0.00000000000000000000e+00) (5, 3, 5.00000000000000000000e-01) (0, 3, 0.00000000000000000000e+00) 
connections (connected_to_neuron, weight)=(0, 5.89874088764190673828e-01) (1, -8.60004901885986328125e+00) (2, -3.47875118255615234375e+00) (3, -1.78745184093713760376e-02) (0, -5.63796472549438476562e+00) (1, -7.85139989852905273438e+00) (2, -1.98680400848388671875e-01) (3, 5.32259082794189453125e+00) (0, 1.40764255523681640625e+01) (1, -3.66088867187500000000e+01) (2, -2.93170022964477539062e+00) (3, 2.32649350166320800781e+00) (0, -5.72065639495849609375e+00) (1, -8.06411647796630859375e+00) (2, -8.81276372820138931274e-03) (3, 5.41533613204956054688e+00) (4, -1.45398330688476562500e+01) (5, 2.15227127075195312500e+01) (6, -2.51977586746215820312e+00) (7, 2.29348068237304687500e+01) (8, -9.21845436096191406250e+00) (4, -6.42891025543212890625e+00) (5, 7.20426177978515625000e+00) (6, -6.86130642890930175781e-01) (7, 7.84522485733032226562e+00) (8, -2.96357107162475585938e+00) (4, -3.80182480812072753906e+00) (5, 1.75841026306152343750e+01) (6, -3.21321010589599609375e+00) (7, 2.80209503173828125000e+01) (8, -9.55897331237792968750e+00) (4, -1.51174619793891906738e-01) (5, 2.74931716918945312500e+01) (6, -2.86830329895019531250e+00) (7, 1.42388067245483398438e+01) (8, -8.79405021667480468750e+00) (9, -1.11931943893432617188e+00) (10, -1.95129930973052978516e+00) (11, -7.04729139804840087891e-01) (12, -9.81263935565948486328e-01) (13, 2.49971508979797363281e+00) 
