FANN_FLO_2.1
num_layers=3
learning_rate=0.500000
connection_rate=1.000000
network_type=0
learning_momentum=0.000000
training_algorithm=2
train_error_function=1
train_stop_function=0
cascade_output_change_fraction=0.010000
quickprop_decay=-0.000100
quickprop_mu=1.750000
rprop_increase_factor=1.200000
rprop_decrease_factor=0.500000
rprop_delta_min=0.000000
rprop_delta_max=50.000000
rprop_delta_zero=0.100000
cascade_output_stagnation_epochs=12
cascade_candidate_change_fraction=0.010000
cascade_candidate_stagnation_epochs=12
cascade_max_out_epochs=150
cascade_min_out_epochs=50
cascade_max_cand_epochs=150
cascade_min_cand_epochs=50
cascade_num_candidate_groups=2
bit_fail_limit=3.49999994039535522461e-01
cascade_candidate_limit=1.00000000000000000000e+03
cascade_weight_multiplier=4.00000005960464477539e-01
cascade_activation_functions_count=10
cascade_activation_functions=3 5 7 8 10 11 14 15 16 17 
cascade_activation_steepnesses_count=4
cascade_activation_steepnesses=2.50000000000000000000e-01 5.00000000000000000000e-01 7.50000000000000000000e-01 1.00000000000000000000e+00 
layer_sizes=3 5 4 
scale_included=0
neurons (num_inputs, activation_function, activation_steepness)=(0, 0, 0.00000000000000000000e+00) (0, 0, 0.00000000000000000000e+00) (0, 0, 0.00000000000000000000e+00) (3, 3, 5.00000000000000000000e-01) (3, 3, 5.00000000000000000000e-01) (3, 3, 5.00000000000000000000e-01) (3, 3, 5.00000000000000000000e-01) (0, 3, 0.00000000000000000000e+00) (5, 0, 5.00000000000000000000e-01) (5, 0, 5.00000000000000000000e-01) (5, 0, 5.00000000000000000000e-01) (0, 0, 0.00000000000000000000e+00) 
connections (connected_to_neuron, weight)=(0, -1.71196937561035156250e+01) (1, 1.65146465301513671875e+01) (2, 1.56710357666015625000e+01) (0, -4.05400514602661132812e+00) (1, 1.95527744293212890625e+00) (2, -1.10054779052734375000e+00) (0, -1.96434593200683593750e+01) (1, 1.40655508041381835938e+01) (2, 7.85479927062988281250e+00) (0, -1.36295592784881591797e+00) (1, -1.18287861347198486328e+00) (2, 4.34545904397964477539e-01) (3, 9.99244153499603271484e-01) (4, 3.25697064399719238281e+00) (5, 9.59505736827850341797e-01) (6, 4.34061908721923828125e+00) (7, 8.78317296504974365234e-01) (3, 4.43069696426391601562e+00) (4, 7.50561904907226562500e+00) (5, 3.44720911979675292969e+00) (6, 1.44487934112548828125e+01) (7, 3.61182594299316406250e+00) (3, 1.54246387481689453125e+01) (4, 2.26288547515869140625e+01) (5, 1.01975231170654296875e+01) (6, 4.61191291809082031250e+01) (7, 1.69565143585205078125e+01) 
