FANN_FLO_2.1
num_layers=3
learning_rate=0.450000
connection_rate=1.000000
network_type=0
learning_momentum=0.000000
training_algorithm=2
train_error_function=1
train_stop_function=0
cascade_output_change_fraction=0.010000
quickprop_decay=-0.000100
quickprop_mu=1.750000
rprop_increase_factor=1.200000
rprop_decrease_factor=0.500000
rprop_delta_min=0.000000
rprop_delta_max=50.000000
rprop_delta_zero=0.100000
cascade_output_stagnation_epochs=12
cascade_candidate_change_fraction=0.010000
cascade_candidate_stagnation_epochs=12
cascade_max_out_epochs=150
cascade_min_out_epochs=50
cascade_max_cand_epochs=150
cascade_min_cand_epochs=50
cascade_num_candidate_groups=2
bit_fail_limit=3.49999994039535522461e-01
cascade_candidate_limit=1.00000000000000000000e+03
cascade_weight_multiplier=4.00000005960464477539e-01
cascade_activation_functions_count=10
cascade_activation_functions=3 5 7 8 10 11 14 15 16 17 
cascade_activation_steepnesses_count=4
cascade_activation_steepnesses=2.50000000000000000000e-01 5.00000000000000000000e-01 7.50000000000000000000e-01 1.00000000000000000000e+00 
layer_sizes=7 5 2 
scale_included=0
neurons (num_inputs, activation_function, activation_steepness)=(0, 0, 0.00000000000000000000e+00) (0, 0, 0.00000000000000000000e+00) (0, 0, 0.00000000000000000000e+00) (0, 0, 0.00000000000000000000e+00) (0, 0, 0.00000000000000000000e+00) (0, 0, 0.00000000000000000000e+00) (0, 0, 0.00000000000000000000e+00) (7, 3, 5.00000000000000000000e-01) (7, 3, 5.00000000000000000000e-01) (7, 3, 5.00000000000000000000e-01) (7, 3, 5.00000000000000000000e-01) (0, 3, 0.00000000000000000000e+00) (5, 0, 5.00000000000000000000e-01) (0, 0, 0.00000000000000000000e+00) 
connections (connected_to_neuron, weight)=(0, -1.69110774993896484375e+00) (1, -5.55083632469177246094e-01) (2, 4.43293991088867187500e+01) (3, -2.94317817687988281250e+01) (4, -2.99050068855285644531e+00) (5, 2.17614574432373046875e+01) (6, -4.96787011623382568359e-01) (0, -4.88800954818725585938e+00) (1, -7.18852567672729492188e+00) (2, -2.87746009826660156250e+01) (3, 4.08195066452026367188e+00) (4, -1.21552839279174804688e+01) (5, -7.68639993667602539062e+00) (6, -2.50432759523391723633e-01) (0, -3.77033889293670654297e-01) (1, -8.61104130744934082031e-01) (2, 9.89303141832351684570e-02) (3, 9.51477587223052978516e-01) (4, -4.05861377716064453125e-01) (5, 2.82743778079748153687e-02) (6, -2.05395132303237915039e-01) (0, 2.52117216587066650391e-02) (1, -1.42101019620895385742e-01) (2, 5.61372600495815277100e-02) (3, 8.68592634797096252441e-02) (4, -1.03427045047283172607e-01) (5, 6.27238377928733825684e-02) (6, -1.98151159286499023438e+00) (7, -6.27527275085449218750e+01) (8, 2.62339904785156250000e+02) (9, -1.33344247937202453613e-01) (10, 5.15319406986236572266e-01) (11, -1.26085495576262474060e-02) 
