FANN_FLO_2.1
num_layers=3
learning_rate=0.500000
connection_rate=1.000000
network_type=0
learning_momentum=0.000000
training_algorithm=2
train_error_function=1
train_stop_function=0
cascade_output_change_fraction=0.010000
quickprop_decay=-0.000100
quickprop_mu=1.750000
rprop_increase_factor=1.200000
rprop_decrease_factor=0.500000
rprop_delta_min=0.000000
rprop_delta_max=50.000000
rprop_delta_zero=0.100000
cascade_output_stagnation_epochs=12
cascade_candidate_change_fraction=0.010000
cascade_candidate_stagnation_epochs=12
cascade_max_out_epochs=150
cascade_min_out_epochs=50
cascade_max_cand_epochs=150
cascade_min_cand_epochs=50
cascade_num_candidate_groups=2
bit_fail_limit=3.49999994039535522461e-01
cascade_candidate_limit=1.00000000000000000000e+03
cascade_weight_multiplier=4.00000005960464477539e-01
cascade_activation_functions_count=10
cascade_activation_functions=3 5 7 8 10 11 14 15 16 17 
cascade_activation_steepnesses_count=4
cascade_activation_steepnesses=2.50000000000000000000e-01 5.00000000000000000000e-01 7.50000000000000000000e-01 1.00000000000000000000e+00 
layer_sizes=3 5 4 
scale_included=0
neurons (num_inputs, activation_function, activation_steepness)=(0, 0, 0.00000000000000000000e+00) (0, 0, 0.00000000000000000000e+00) (0, 0, 0.00000000000000000000e+00) (3, 3, 5.00000000000000000000e-01) (3, 3, 5.00000000000000000000e-01) (3, 3, 5.00000000000000000000e-01) (3, 3, 5.00000000000000000000e-01) (0, 3, 0.00000000000000000000e+00) (5, 0, 5.00000000000000000000e-01) (5, 0, 5.00000000000000000000e-01) (5, 0, 5.00000000000000000000e-01) (0, 0, 0.00000000000000000000e+00) 
connections (connected_to_neuron, weight)=(0, -1.50000000000000000000e+03) (1, 5.71343469619750976562e+00) (2, 1.20155496597290039062e+01) (0, -1.50000000000000000000e+03) (1, 3.02027916908264160156e+00) (2, 8.62170410156250000000e+01) (0, -4.18041496276855468750e+01) (1, 1.10925045013427734375e+01) (2, 2.14119167327880859375e+01) (0, -1.50000000000000000000e+03) (1, -1.26689404296875000000e+03) (2, 4.62536697387695312500e+01) (3, 1.42627656459808349609e+00) (4, 1.54149687290191650391e+00) (5, 1.81955063343048095703e+00) (6, 2.36886024475097656250e+00) (7, 2.70582270622253417969e+00) (3, 3.80069446563720703125e+00) (4, 3.34198689460754394531e+00) (5, 7.11968088150024414062e+00) (6, 6.08446502685546875000e+00) (7, 9.97072982788085937500e+00) (3, 1.44854621887207031250e+01) (4, 7.14548492431640625000e+00) (5, 2.28117942810058593750e+01) (6, 1.85199832916259765625e+01) (7, 3.79949073791503906250e+01) 
