FANN_FLO_2.1
num_layers=3
learning_rate=0.400000
connection_rate=1.000000
network_type=0
learning_momentum=0.000000
training_algorithm=2
train_error_function=1
train_stop_function=0
cascade_output_change_fraction=0.010000
quickprop_decay=-0.000100
quickprop_mu=1.750000
rprop_increase_factor=1.200000
rprop_decrease_factor=0.500000
rprop_delta_min=0.000000
rprop_delta_max=50.000000
rprop_delta_zero=0.100000
cascade_output_stagnation_epochs=12
cascade_candidate_change_fraction=0.010000
cascade_candidate_stagnation_epochs=12
cascade_max_out_epochs=150
cascade_min_out_epochs=50
cascade_max_cand_epochs=150
cascade_min_cand_epochs=50
cascade_num_candidate_groups=2
bit_fail_limit=3.49999994039535522461e-01
cascade_candidate_limit=1.00000000000000000000e+03
cascade_weight_multiplier=4.00000005960464477539e-01
cascade_activation_functions_count=10
cascade_activation_functions=3 5 7 8 10 11 14 15 16 17 
cascade_activation_steepnesses_count=4
cascade_activation_steepnesses=2.50000000000000000000e-01 5.00000000000000000000e-01 7.50000000000000000000e-01 1.00000000000000000000e+00 
layer_sizes=10 3 2 
scale_included=0
neurons (num_inputs, activation_function, activation_steepness)=(0, 0, 0.00000000000000000000e+00) (0, 0, 0.00000000000000000000e+00) (0, 0, 0.00000000000000000000e+00) (0, 0, 0.00000000000000000000e+00) (0, 0, 0.00000000000000000000e+00) (0, 0, 0.00000000000000000000e+00) (0, 0, 0.00000000000000000000e+00) (0, 0, 0.00000000000000000000e+00) (0, 0, 0.00000000000000000000e+00) (0, 0, 0.00000000000000000000e+00) (10, 3, 5.00000000000000000000e-01) (10, 3, 5.00000000000000000000e-01) (0, 3, 0.00000000000000000000e+00) (3, 3, 5.00000000000000000000e-01) (0, 3, 0.00000000000000000000e+00) 
connections (connected_to_neuron, weight)=(0, -8.91314670443534851074e-02) (1, -8.68333056569099426270e-02) (2, -3.56446579098701477051e-02) (3, -1.65053933858871459961e-01) (4, -2.09211036562919616699e-02) (5, -6.52535334229469299316e-02) (6, -2.04767152667045593262e-01) (7, -1.44548609852790832520e-01) (8, -8.42757746577262878418e-02) (9, -2.18651890754699707031e-01) (0, -1.27535954117774963379e-01) (1, -8.18559154868125915527e-02) (2, -1.37817859649658203125e-01) (3, -9.18159261345863342285e-02) (4, -1.61574780941009521484e-01) (5, -1.60533696413040161133e-01) (6, -1.71646460890769958496e-01) (7, -1.39762848615646362305e-01) (8, -2.19154626131057739258e-01) (9, -9.05167236924171447754e-02) (10, -7.27944150567054748535e-02) (11, -4.75927963852882385254e-02) (12, -2.41867676377296447754e-02) 
