FANN_FLO_2.1
num_layers=4
learning_rate=0.450000
connection_rate=1.000000
network_type=0
learning_momentum=0.000000
training_algorithm=2
train_error_function=1
train_stop_function=0
cascade_output_change_fraction=0.010000
quickprop_decay=-0.000100
quickprop_mu=1.750000
rprop_increase_factor=1.200000
rprop_decrease_factor=0.500000
rprop_delta_min=0.000000
rprop_delta_max=50.000000
rprop_delta_zero=0.100000
cascade_output_stagnation_epochs=12
cascade_candidate_change_fraction=0.010000
cascade_candidate_stagnation_epochs=12
cascade_max_out_epochs=150
cascade_min_out_epochs=50
cascade_max_cand_epochs=150
cascade_min_cand_epochs=50
cascade_num_candidate_groups=2
bit_fail_limit=3.49999994039535522461e-01
cascade_candidate_limit=1.00000000000000000000e+03
cascade_weight_multiplier=4.00000005960464477539e-01
cascade_activation_functions_count=10
cascade_activation_functions=3 5 7 8 10 11 14 15 16 17 
cascade_activation_steepnesses_count=4
cascade_activation_steepnesses=2.50000000000000000000e-01 5.00000000000000000000e-01 7.50000000000000000000e-01 1.00000000000000000000e+00 
layer_sizes=7 5 5 2 
scale_included=0
neurons (num_inputs, activation_function, activation_steepness)=(0, 0, 0.00000000000000000000e+00) (0, 0, 0.00000000000000000000e+00) (0, 0, 0.00000000000000000000e+00) (0, 0, 0.00000000000000000000e+00) (0, 0, 0.00000000000000000000e+00) (0, 0, 0.00000000000000000000e+00) (0, 0, 0.00000000000000000000e+00) (7, 3, 5.00000000000000000000e-01) (7, 3, 5.00000000000000000000e-01) (7, 3, 5.00000000000000000000e-01) (7, 3, 5.00000000000000000000e-01) (0, 3, 0.00000000000000000000e+00) (5, 3, 5.00000000000000000000e-01) (5, 3, 5.00000000000000000000e-01) (5, 3, 5.00000000000000000000e-01) (5, 3, 5.00000000000000000000e-01) (0, 3, 0.00000000000000000000e+00) (5, 0, 5.00000000000000000000e-01) (0, 0, 0.00000000000000000000e+00) 
connections (connected_to_neuron, weight)=(0, 1.38103306293487548828e+00) (1, 9.47978271484375000000e+02) (2, -1.18933044373989105225e-01) (3, 4.32213115692138671875e+00) (4, 2.29330110549926757812e+00) (5, -1.48416152954101562500e+02) (6, 2.08941917419433593750e+01) (0, 2.47033566236495971680e-01) (1, 1.68920302391052246094e+00) (2, -4.03074407577514648438e+00) (3, 1.58262789249420166016e+00) (4, 2.35476994514465332031e+00) (5, -2.00579857826232910156e+00) (6, 3.30854916572570800781e+00) (0, 7.17191910371184349060e-03) (1, 5.84576845169067382812e-01) (2, -7.09411859512329101562e-01) (3, 2.11233064532279968262e-01) (4, 1.57259896397590637207e-01) (5, -3.44827383756637573242e-01) (6, 9.16867077350616455078e-01) (0, -2.25424021482467651367e-02) (1, 7.11500465869903564453e-01) (2, -5.07208168506622314453e-01) (3, 1.42590969800949096680e-01) (4, 1.55457109212875366211e-01) (5, -4.22781527042388916016e-01) (6, 8.91969621181488037109e-01) (7, 2.94040322303771972656e-01) (8, 2.21892333030700683594e+00) (9, -4.68038444519042968750e+01) (10, -4.91034328937530517578e-01) (11, 1.38375476002693176270e-01) (7, -2.37801924347877502441e-01) (8, -7.74057269096374511719e-01) (9, 3.60631895065307617188e+00) (10, 2.98038035631179809570e-01) (11, -1.19793616235256195068e-01) (7, -8.32868888974189758301e-02) (8, -1.20837700366973876953e+00) (9, 6.24609613418579101562e+00) (10, 2.20644727349281311035e-01) (11, -1.74878433346748352051e-01) (7, -6.46921277046203613281e-01) (8, -2.11878609657287597656e+00) (9, -1.35586738586425781250e+00) (10, -1.72179555892944335938e+00) (11, -7.52240478992462158203e-01) (12, 4.86503028869628906250e+00) (13, -2.92411334812641143799e-02) (14, -5.54393343627452850342e-02) (15, -9.98073995113372802734e-01) (16, 9.36679840087890625000e-02) 
