FANN_FLO_2.1
num_layers=3
learning_rate=0.450000
connection_rate=1.000000
network_type=0
learning_momentum=0.000000
training_algorithm=2
train_error_function=1
train_stop_function=0
cascade_output_change_fraction=0.010000
quickprop_decay=-0.000100
quickprop_mu=1.750000
rprop_increase_factor=1.200000
rprop_decrease_factor=0.500000
rprop_delta_min=0.000000
rprop_delta_max=50.000000
rprop_delta_zero=0.100000
cascade_output_stagnation_epochs=12
cascade_candidate_change_fraction=0.010000
cascade_candidate_stagnation_epochs=12
cascade_max_out_epochs=150
cascade_min_out_epochs=50
cascade_max_cand_epochs=150
cascade_min_cand_epochs=50
cascade_num_candidate_groups=2
bit_fail_limit=3.49999994039535522461e-01
cascade_candidate_limit=1.00000000000000000000e+03
cascade_weight_multiplier=4.00000005960464477539e-01
cascade_activation_functions_count=10
cascade_activation_functions=3 5 7 8 10 11 14 15 16 17 
cascade_activation_steepnesses_count=4
cascade_activation_steepnesses=2.50000000000000000000e-01 5.00000000000000000000e-01 7.50000000000000000000e-01 1.00000000000000000000e+00 
layer_sizes=7 5 2 
scale_included=0
neurons (num_inputs, activation_function, activation_steepness)=(0, 0, 0.00000000000000000000e+00) (0, 0, 0.00000000000000000000e+00) (0, 0, 0.00000000000000000000e+00) (0, 0, 0.00000000000000000000e+00) (0, 0, 0.00000000000000000000e+00) (0, 0, 0.00000000000000000000e+00) (0, 0, 0.00000000000000000000e+00) (7, 3, 5.00000000000000000000e-01) (7, 3, 5.00000000000000000000e-01) (7, 3, 5.00000000000000000000e-01) (7, 3, 5.00000000000000000000e-01) (0, 3, 0.00000000000000000000e+00) (5, 0, 5.00000000000000000000e-01) (0, 0, 0.00000000000000000000e+00) 
connections (connected_to_neuron, weight)=(0, -1.21592199802398681641e+00) (1, 2.91247057914733886719e+00) (2, -4.01003313064575195312e+00) (3, -1.89241719245910644531e+00) (4, -3.89039349555969238281e+00) (5, -9.47743148803710937500e+01) (6, -1.45870900154113769531e+00) (0, 3.83269238471984863281e+00) (1, 2.04057350158691406250e+01) (2, -2.71105289459228515625e+01) (3, -1.75243616104125976562e+00) (4, -9.24488449096679687500e+00) (5, -4.81773895263671875000e+02) (6, -1.69951319694519042969e+00) (0, -4.04936838150024414062e+00) (1, -1.89119873046875000000e+02) (2, -1.43830347061157226562e+01) (3, -3.86383209228515625000e+01) (4, 1.21514266967773437500e+02) (5, -4.53407043457031250000e+02) (6, -2.53295850753784179688e+00) (0, 1.06192909181118011475e-01) (1, -2.30052113533020019531e-01) (2, 1.04841604828834533691e-01) (3, 9.58174392580986022949e-02) (4, -2.55401670932769775391e-01) (5, 1.47839561104774475098e-01) (6, -2.24064016342163085938e+00) (7, -1.29624262452125549316e-01) (8, 5.86845399811863899231e-03) (9, 6.29094055175781250000e+02) (10, 2.29529023170471191406e-01) (11, 8.49310774356126785278e-04) 
