FANN_FLO_2.1
num_layers=4
learning_rate=0.300000
connection_rate=1.000000
network_type=0
learning_momentum=0.000000
training_algorithm=2
train_error_function=1
train_stop_function=0
cascade_output_change_fraction=0.010000
quickprop_decay=-0.000100
quickprop_mu=1.750000
rprop_increase_factor=1.200000
rprop_decrease_factor=0.500000
rprop_delta_min=0.000000
rprop_delta_max=50.000000
rprop_delta_zero=0.100000
cascade_output_stagnation_epochs=12
cascade_candidate_change_fraction=0.010000
cascade_candidate_stagnation_epochs=12
cascade_max_out_epochs=150
cascade_min_out_epochs=50
cascade_max_cand_epochs=150
cascade_min_cand_epochs=50
cascade_num_candidate_groups=2
bit_fail_limit=3.49999994039535522461e-01
cascade_candidate_limit=1.00000000000000000000e+03
cascade_weight_multiplier=4.00000005960464477539e-01
cascade_activation_functions_count=10
cascade_activation_functions=3 5 7 8 10 11 14 15 16 17 
cascade_activation_steepnesses_count=4
cascade_activation_steepnesses=2.50000000000000000000e-01 5.00000000000000000000e-01 7.50000000000000000000e-01 1.00000000000000000000e+00 
layer_sizes=2 5 3 3 
scale_included=0
neurons (num_inputs, activation_function, activation_steepness)=(0, 0, 0.00000000000000000000e+00) (0, 0, 0.00000000000000000000e+00) (2, 3, 5.00000000000000000000e-01) (2, 3, 5.00000000000000000000e-01) (2, 3, 5.00000000000000000000e-01) (2, 3, 5.00000000000000000000e-01) (0, 3, 0.00000000000000000000e+00) (5, 3, 5.00000000000000000000e-01) (5, 3, 5.00000000000000000000e-01) (0, 3, 0.00000000000000000000e+00) (3, 0, 5.00000000000000000000e-01) (3, 0, 5.00000000000000000000e-01) (0, 0, 0.00000000000000000000e+00) 
connections (connected_to_neuron, weight)=(0, -1.31580004882812500000e+03) (1, -2.40965538024902343750e+01) (0, -1.50000000000000000000e+03) (1, 3.90303649902343750000e+01) (0, -1.16580004882812500000e+03) (1, -3.17829666137695312500e+01) (0, -9.52948570251464843750e-01) (1, -3.05962204933166503906e+00) (2, 2.96328878402709960938e+00) (3, -3.45913410186767578125e-01) (4, 6.90970373153686523438e+00) (5, -7.92485594749450683594e-01) (6, -1.51484832167625427246e-01) (2, 4.37048912048339843750e-01) (3, 3.20037394762039184570e-01) (4, 1.62283197045326232910e-01) (5, 4.79565382003784179688e+00) (6, 3.43851298093795776367e-01) (7, 1.98686778545379638672e-01) (8, -5.87496496737003326416e-02) (9, -1.03685282170772552490e-01) (7, -1.40101695060729980469e+00) (8, -6.71257674694061279297e-01) (9, -2.44887664914131164551e-01) 
