FANN_FLO_2.1
num_layers=3
learning_rate=0.400000
connection_rate=1.000000
network_type=0
learning_momentum=0.000000
training_algorithm=2
train_error_function=1
train_stop_function=0
cascade_output_change_fraction=0.010000
quickprop_decay=-0.000100
quickprop_mu=1.750000
rprop_increase_factor=1.200000
rprop_decrease_factor=0.500000
rprop_delta_min=0.000000
rprop_delta_max=50.000000
rprop_delta_zero=0.100000
cascade_output_stagnation_epochs=12
cascade_candidate_change_fraction=0.010000
cascade_candidate_stagnation_epochs=12
cascade_max_out_epochs=150
cascade_min_out_epochs=50
cascade_max_cand_epochs=150
cascade_min_cand_epochs=50
cascade_num_candidate_groups=2
bit_fail_limit=3.49999994039535522461e-01
cascade_candidate_limit=1.00000000000000000000e+03
cascade_weight_multiplier=4.00000005960464477539e-01
cascade_activation_functions_count=10
cascade_activation_functions=3 5 7 8 10 11 14 15 16 17 
cascade_activation_steepnesses_count=4
cascade_activation_steepnesses=2.50000000000000000000e-01 5.00000000000000000000e-01 7.50000000000000000000e-01 1.00000000000000000000e+00 
layer_sizes=10 3 2 
scale_included=0
neurons (num_inputs, activation_function, activation_steepness)=(0, 0, 0.00000000000000000000e+00) (0, 0, 0.00000000000000000000e+00) (0, 0, 0.00000000000000000000e+00) (0, 0, 0.00000000000000000000e+00) (0, 0, 0.00000000000000000000e+00) (0, 0, 0.00000000000000000000e+00) (0, 0, 0.00000000000000000000e+00) (0, 0, 0.00000000000000000000e+00) (0, 0, 0.00000000000000000000e+00) (0, 0, 0.00000000000000000000e+00) (10, 3, 5.00000000000000000000e-01) (10, 3, 5.00000000000000000000e-01) (0, 3, 0.00000000000000000000e+00) (3, 3, 5.00000000000000000000e-01) (0, 3, 0.00000000000000000000e+00) 
connections (connected_to_neuron, weight)=(0, -1.05840623378753662109e-01) (1, -1.08186401426792144775e-01) (2, -2.01613575220108032227e-01) (3, -9.28412005305290222168e-02) (4, -1.24612644314765930176e-01) (5, -1.58787861466407775879e-01) (6, -4.03491482138633728027e-02) (7, -1.64230316877365112305e-01) (8, -1.19259931147098541260e-01) (9, -6.03590086102485656738e-02) (0, -1.83024331927299499512e-01) (1, -1.37813314795494079590e-01) (2, -2.14813083410263061523e-01) (3, -1.68231427669525146484e-01) (4, -2.26247534155845642090e-02) (5, -1.87083721160888671875e-01) (6, -1.16393670439720153809e-01) (7, -2.03540474176406860352e-01) (8, -1.79466828703880310059e-01) (9, -1.53984338045120239258e-01) (10, -1.18826724588871002197e-01) (11, -5.24727031588554382324e-02) (12, -8.57703015208244323730e-02) 
