FANN_FLO_2.1
num_layers=4
learning_rate=0.500000
connection_rate=1.000000
network_type=0
learning_momentum=0.000000
training_algorithm=2
train_error_function=1
train_stop_function=0
cascade_output_change_fraction=0.010000
quickprop_decay=-0.000100
quickprop_mu=1.750000
rprop_increase_factor=1.200000
rprop_decrease_factor=0.500000
rprop_delta_min=0.000000
rprop_delta_max=50.000000
rprop_delta_zero=0.100000
cascade_output_stagnation_epochs=12
cascade_candidate_change_fraction=0.010000
cascade_candidate_stagnation_epochs=12
cascade_max_out_epochs=150
cascade_min_out_epochs=50
cascade_max_cand_epochs=150
cascade_min_cand_epochs=50
cascade_num_candidate_groups=2
bit_fail_limit=3.49999994039535522461e-01
cascade_candidate_limit=1.00000000000000000000e+03
cascade_weight_multiplier=4.00000005960464477539e-01
cascade_activation_functions_count=10
cascade_activation_functions=3 5 7 8 10 11 14 15 16 17 
cascade_activation_steepnesses_count=4
cascade_activation_steepnesses=2.50000000000000000000e-01 5.00000000000000000000e-01 7.50000000000000000000e-01 1.00000000000000000000e+00 
layer_sizes=4 5 5 2 
scale_included=0
neurons (num_inputs, activation_function, activation_steepness)=(0, 0, 0.00000000000000000000e+00) (0, 0, 0.00000000000000000000e+00) (0, 0, 0.00000000000000000000e+00) (0, 0, 0.00000000000000000000e+00) (4, 3, 5.00000000000000000000e-01) (4, 3, 5.00000000000000000000e-01) (4, 3, 5.00000000000000000000e-01) (4, 3, 5.00000000000000000000e-01) (0, 3, 0.00000000000000000000e+00) (5, 3, 5.00000000000000000000e-01) (5, 3, 5.00000000000000000000e-01) (5, 3, 5.00000000000000000000e-01) (5, 3, 5.00000000000000000000e-01) (0, 3, 0.00000000000000000000e+00) (5, 3, 5.00000000000000000000e-01) (0, 3, 0.00000000000000000000e+00) 
connections (connected_to_neuron, weight)=(0, -4.27576017379760742188e+00) (1, -7.67588019371032714844e-01) (2, -1.69324398040771484375e+00) (3, 2.22345328330993652344e+00) (0, -4.04887533187866210938e+00) (1, -1.33769788742065429688e+01) (2, 5.63024759292602539062e+00) (3, 2.84542107582092285156e+00) (0, -2.98497319221496582031e+00) (1, -2.08544692993164062500e+01) (2, 4.60749006271362304688e+00) (3, 6.30925178527832031250e+00) (0, -4.21493053436279296875e+00) (1, -6.04783582687377929688e+00) (2, 6.95876717567443847656e-01) (3, 2.84887695312500000000e+00) (4, 2.74635715484619140625e+01) (5, 1.19468889236450195312e+01) (6, -1.13558301925659179688e+01) (7, 2.69783592224121093750e+00) (8, 2.28246259689331054688e+00) (4, 4.93388824462890625000e+01) (5, 2.75692939758300781250e+00) (6, 4.46016693115234375000e+00) (7, 2.85125565528869628906e+00) (8, -1.07922477722167968750e+01) (4, 4.08876533508300781250e+01) (5, 2.80488896369934082031e+00) (6, 4.62677192687988281250e+00) (7, 2.87896847724914550781e+00) (8, -9.52068614959716796875e+00) (4, -1.51593608856201171875e+01) (5, -2.42454123497009277344e+00) (6, -2.63144683837890625000e+00) (7, -2.43485140800476074219e+00) (8, 4.16771888732910156250e+00) (9, -1.08654773235321044922e+00) (10, -1.78742146492004394531e+00) (11, -1.11793315410614013672e+00) (12, 1.91312968730926513672e+00) (13, 1.67724514007568359375e+00) 
