FANN_FLO_2.1
num_layers=3
learning_rate=0.450000
connection_rate=1.000000
network_type=0
learning_momentum=0.000000
training_algorithm=2
train_error_function=1
train_stop_function=0
cascade_output_change_fraction=0.010000
quickprop_decay=-0.000100
quickprop_mu=1.750000
rprop_increase_factor=1.200000
rprop_decrease_factor=0.500000
rprop_delta_min=0.000000
rprop_delta_max=50.000000
rprop_delta_zero=0.100000
cascade_output_stagnation_epochs=12
cascade_candidate_change_fraction=0.010000
cascade_candidate_stagnation_epochs=12
cascade_max_out_epochs=150
cascade_min_out_epochs=50
cascade_max_cand_epochs=150
cascade_min_cand_epochs=50
cascade_num_candidate_groups=2
bit_fail_limit=3.49999994039535522461e-01
cascade_candidate_limit=1.00000000000000000000e+03
cascade_weight_multiplier=4.00000005960464477539e-01
cascade_activation_functions_count=10
cascade_activation_functions=3 5 7 8 10 11 14 15 16 17 
cascade_activation_steepnesses_count=4
cascade_activation_steepnesses=2.50000000000000000000e-01 5.00000000000000000000e-01 7.50000000000000000000e-01 1.00000000000000000000e+00 
layer_sizes=7 5 2 
scale_included=0
neurons (num_inputs, activation_function, activation_steepness)=(0, 0, 0.00000000000000000000e+00) (0, 0, 0.00000000000000000000e+00) (0, 0, 0.00000000000000000000e+00) (0, 0, 0.00000000000000000000e+00) (0, 0, 0.00000000000000000000e+00) (0, 0, 0.00000000000000000000e+00) (0, 0, 0.00000000000000000000e+00) (7, 3, 5.00000000000000000000e-01) (7, 3, 5.00000000000000000000e-01) (7, 3, 5.00000000000000000000e-01) (7, 3, 5.00000000000000000000e-01) (0, 3, 0.00000000000000000000e+00) (5, 0, 5.00000000000000000000e-01) (0, 0, 0.00000000000000000000e+00) 
connections (connected_to_neuron, weight)=(0, 7.14766693115234375000e+01) (1, 8.40495056152343750000e+02) (2, -2.86753967285156250000e+02) (3, 7.44555480957031250000e+02) (4, 6.95719848632812500000e+02) (5, -1.50000000000000000000e+03) (6, -9.64897096157073974609e-01) (0, 3.41462287902832031250e+01) (1, 1.40702575683593750000e+03) (2, -1.46005053710937500000e+03) (3, 1.58728246688842773438e+01) (4, 5.12144287109375000000e+02) (5, -1.50000000000000000000e+03) (6, -6.94906651973724365234e-01) (0, -2.01535827636718750000e+02) (1, -1.78508758544921875000e+02) (2, -7.10367250442504882812e+00) (3, -4.71535720825195312500e+01) (4, 4.53400802612304687500e+01) (5, -2.15303440093994140625e+01) (6, -6.28891229629516601562e-01) (0, -6.26334398984909057617e-02) (1, 2.60807216167449951172e-01) (2, -1.91659703850746154785e-01) (3, -6.23819790780544281006e-03) (4, 4.54584300518035888672e-01) (5, -4.51988935470581054688e-01) (6, 2.18202090263366699219e+00) (7, 3.39761376380920410156e-02) (8, 3.84742282330989837646e-02) (9, 3.30954417586326599121e-03) (10, -3.07755947113037109375e-01) (11, 2.44134813547134399414e-01) 
