FANN_FLO_2.1
num_layers=3
learning_rate=0.500000
connection_rate=1.000000
network_type=0
learning_momentum=0.000000
training_algorithm=2
train_error_function=1
train_stop_function=0
cascade_output_change_fraction=0.010000
quickprop_decay=-0.000100
quickprop_mu=1.750000
rprop_increase_factor=1.200000
rprop_decrease_factor=0.500000
rprop_delta_min=0.000000
rprop_delta_max=50.000000
rprop_delta_zero=0.100000
cascade_output_stagnation_epochs=12
cascade_candidate_change_fraction=0.010000
cascade_candidate_stagnation_epochs=12
cascade_max_out_epochs=150
cascade_min_out_epochs=50
cascade_max_cand_epochs=150
cascade_min_cand_epochs=50
cascade_num_candidate_groups=2
bit_fail_limit=3.49999994039535522461e-01
cascade_candidate_limit=1.00000000000000000000e+03
cascade_weight_multiplier=4.00000005960464477539e-01
cascade_activation_functions_count=10
cascade_activation_functions=3 5 7 8 10 11 14 15 16 17 
cascade_activation_steepnesses_count=4
cascade_activation_steepnesses=2.50000000000000000000e-01 5.00000000000000000000e-01 7.50000000000000000000e-01 1.00000000000000000000e+00 
layer_sizes=10 5 2 
scale_included=0
neurons (num_inputs, activation_function, activation_steepness)=(0, 0, 0.00000000000000000000e+00) (0, 0, 0.00000000000000000000e+00) (0, 0, 0.00000000000000000000e+00) (0, 0, 0.00000000000000000000e+00) (0, 0, 0.00000000000000000000e+00) (0, 0, 0.00000000000000000000e+00) (0, 0, 0.00000000000000000000e+00) (0, 0, 0.00000000000000000000e+00) (0, 0, 0.00000000000000000000e+00) (0, 0, 0.00000000000000000000e+00) (10, 3, 5.00000000000000000000e-01) (10, 3, 5.00000000000000000000e-01) (10, 3, 5.00000000000000000000e-01) (10, 3, 5.00000000000000000000e-01) (0, 3, 0.00000000000000000000e+00) (5, 3, 5.00000000000000000000e-01) (0, 3, 0.00000000000000000000e+00) 
connections (connected_to_neuron, weight)=(0, -7.63925135135650634766e-01) (1, -4.78109210729598999023e-01) (2, -8.16692411899566650391e-01) (3, -3.88797037303447723389e-02) (4, -2.51618921756744384766e-02) (5, -1.11272978782653808594e+00) (6, -7.18680799007415771484e-01) (7, -5.76345324516296386719e-01) (8, -7.99643516540527343750e-01) (9, 2.31220555305480957031e+00) (0, 1.50000000000000000000e+03) (1, 1.50000000000000000000e+03) (2, 1.50000000000000000000e+03) (3, 1.50000000000000000000e+03) (4, 1.50000000000000000000e+03) (5, 1.50000000000000000000e+03) (6, 1.50000000000000000000e+03) (7, 1.50000000000000000000e+03) (8, 1.50000000000000000000e+03) (9, 2.57547664642333984375e+01) (0, -4.48451876640319824219e-01) (1, -6.07893109321594238281e-01) (2, -3.68204027414321899414e-01) (3, -1.00325632095336914062e+00) (4, -8.84885311126708984375e-01) (5, 1.64291962981224060059e-01) (6, -2.74052053689956665039e-01) (7, -5.51047384738922119141e-01) (8, -1.28246203064918518066e-01) (9, 1.54268097877502441406e+00) (0, -1.59567296504974365234e-01) (1, -5.75411558151245117188e-01) (2, -1.06145806610584259033e-01) (3, -8.90168130397796630859e-01) (4, -6.86984658241271972656e-01) (5, -4.08399015665054321289e-01) (6, -4.44509714841842651367e-01) (7, -4.24399256706237792969e-01) (8, -4.46248650550842285156e-01) (9, 1.52715826034545898438e+00) (10, -1.69227087497711181641e+00) (11, 1.24475693702697753906e+00) (12, -1.21166706085205078125e+00) (13, -9.52326178550720214844e-01) (14, 2.70904064178466796875e-01) 
