FANN_FLO_2.1
num_layers=3
learning_rate=0.300000
connection_rate=1.000000
network_type=0
learning_momentum=0.000000
training_algorithm=2
train_error_function=1
train_stop_function=0
cascade_output_change_fraction=0.010000
quickprop_decay=-0.000100
quickprop_mu=1.750000
rprop_increase_factor=1.200000
rprop_decrease_factor=0.500000
rprop_delta_min=0.000000
rprop_delta_max=50.000000
rprop_delta_zero=0.100000
cascade_output_stagnation_epochs=12
cascade_candidate_change_fraction=0.010000
cascade_candidate_stagnation_epochs=12
cascade_max_out_epochs=150
cascade_min_out_epochs=50
cascade_max_cand_epochs=150
cascade_min_cand_epochs=50
cascade_num_candidate_groups=2
bit_fail_limit=3.49999994039535522461e-01
cascade_candidate_limit=1.00000000000000000000e+03
cascade_weight_multiplier=4.00000005960464477539e-01
cascade_activation_functions_count=10
cascade_activation_functions=3 5 7 8 10 11 14 15 16 17 
cascade_activation_steepnesses_count=4
cascade_activation_steepnesses=2.50000000000000000000e-01 5.00000000000000000000e-01 7.50000000000000000000e-01 1.00000000000000000000e+00 
layer_sizes=4 9 2 
scale_included=0
neurons (num_inputs, activation_function, activation_steepness)=(0, 0, 0.00000000000000000000e+00) (0, 0, 0.00000000000000000000e+00) (0, 0, 0.00000000000000000000e+00) (0, 0, 0.00000000000000000000e+00) (4, 3, 5.00000000000000000000e-01) (4, 3, 5.00000000000000000000e-01) (4, 3, 5.00000000000000000000e-01) (4, 3, 5.00000000000000000000e-01) (4, 3, 5.00000000000000000000e-01) (4, 3, 5.00000000000000000000e-01) (4, 3, 5.00000000000000000000e-01) (4, 3, 5.00000000000000000000e-01) (0, 3, 0.00000000000000000000e+00) (9, 3, 5.00000000000000000000e-01) (0, 3, 0.00000000000000000000e+00) 
connections (connected_to_neuron, weight)=(0, -7.15527981519699096680e-02) (1, 1.91797055304050445557e-02) (2, -2.36701756715774536133e-01) (3, 4.38370376825332641602e-01) (0, -1.91563293337821960449e-01) (1, 4.85233664512634277344e-02) (2, -2.23492775112390518188e-02) (3, 3.33201169967651367188e-01) (0, -7.65067517757415771484e-01) (1, 5.71227729320526123047e-01) (2, -2.24359941482543945312e+00) (3, -1.12025012969970703125e+01) (0, 1.04658126831054687500e+00) (1, 2.83010065555572509766e-01) (2, -3.82661223411560058594e+00) (3, 3.46358895301818847656e-01) (0, -1.15612971782684326172e+00) (1, 6.25127196311950683594e-01) (2, -1.00648748874664306641e+00) (3, 5.00522136688232421875e+00) (0, 3.80773401260375976562e+00) (1, -3.89757657051086425781e+00) (2, -1.25118231773376464844e+00) (3, -5.44821880757808685303e-02) (0, -1.47966587543487548828e+00) (1, 6.10317111015319824219e-01) (2, -6.69514477252960205078e-01) (3, 5.97182750701904296875e+00) (0, -1.30548632144927978516e+00) (1, 6.23259782791137695312e-01) (2, -4.95429813861846923828e-01) (3, 3.99188303947448730469e+00) (4, -1.11970605850219726562e+01) (5, -1.45591652393341064453e+00) (6, 2.93987780809402465820e-01) (7, 6.45556867122650146484e-01) (8, -1.58244207501411437988e-01) (9, -1.45000000000000000000e+03) (10, -1.04912333190441131592e-01) (11, -5.02243116497993469238e-02) (12, 3.58776003122329711914e-01) 
