FANN_FLO_2.1
num_layers=4
learning_rate=0.500000
connection_rate=1.000000
network_type=0
learning_momentum=0.000000
training_algorithm=2
train_error_function=1
train_stop_function=0
cascade_output_change_fraction=0.010000
quickprop_decay=-0.000100
quickprop_mu=1.750000
rprop_increase_factor=1.200000
rprop_decrease_factor=0.500000
rprop_delta_min=0.000000
rprop_delta_max=50.000000
rprop_delta_zero=0.100000
cascade_output_stagnation_epochs=12
cascade_candidate_change_fraction=0.010000
cascade_candidate_stagnation_epochs=12
cascade_max_out_epochs=150
cascade_min_out_epochs=50
cascade_max_cand_epochs=150
cascade_min_cand_epochs=50
cascade_num_candidate_groups=2
bit_fail_limit=3.49999994039535522461e-01
cascade_candidate_limit=1.00000000000000000000e+03
cascade_weight_multiplier=4.00000005960464477539e-01
cascade_activation_functions_count=10
cascade_activation_functions=3 5 7 8 10 11 14 15 16 17 
cascade_activation_steepnesses_count=4
cascade_activation_steepnesses=2.50000000000000000000e-01 5.00000000000000000000e-01 7.50000000000000000000e-01 1.00000000000000000000e+00 
layer_sizes=4 5 3 2 
scale_included=0
neurons (num_inputs, activation_function, activation_steepness)=(0, 0, 0.00000000000000000000e+00) (0, 0, 0.00000000000000000000e+00) (0, 0, 0.00000000000000000000e+00) (0, 0, 0.00000000000000000000e+00) (4, 3, 5.00000000000000000000e-01) (4, 3, 5.00000000000000000000e-01) (4, 3, 5.00000000000000000000e-01) (4, 3, 5.00000000000000000000e-01) (0, 3, 0.00000000000000000000e+00) (5, 3, 5.00000000000000000000e-01) (5, 3, 5.00000000000000000000e-01) (0, 3, 0.00000000000000000000e+00) (3, 3, 5.00000000000000000000e-01) (0, 3, 0.00000000000000000000e+00) 
connections (connected_to_neuron, weight)=(0, 1.90559921264648437500e+01) (1, -9.94703216552734375000e+01) (2, 4.93941459655761718750e+01) (3, 5.77507913112640380859e-01) (0, 1.75800743103027343750e+01) (1, -9.88743133544921875000e+01) (2, 5.12722663879394531250e+01) (3, 1.03037595748901367188e+00) (0, 2.29806785583496093750e+01) (1, -9.86418685913085937500e+01) (2, 6.60045547485351562500e+01) (3, -1.48667144775390625000e+00) (0, -3.97657251358032226562e+00) (1, -1.96391410827636718750e+01) (2, 5.83544111251831054688e+00) (3, 4.44429063796997070312e+00) (4, 7.60417022705078125000e+01) (5, 3.46096984863281250000e+02) (6, 1.91996170043945312500e+02) (7, -6.68833770751953125000e+01) (8, -6.33637762069702148438e+00) (4, -4.23365831375122070312e+00) (5, 2.04356089234352111816e-01) (6, -2.65662002563476562500e+00) (7, 8.15391921997070312500e+01) (8, -1.96547448635101318359e+00) (9, 1.57206141948699951172e+00) (10, -5.22265863418579101562e+00) (11, 1.56629443168640136719e+00) 
