FANN_FLO_2.1
num_layers=3
learning_rate=0.400000
connection_rate=1.000000
network_type=0
learning_momentum=0.000000
training_algorithm=2
train_error_function=1
train_stop_function=0
cascade_output_change_fraction=0.010000
quickprop_decay=-0.000100
quickprop_mu=1.750000
rprop_increase_factor=1.200000
rprop_decrease_factor=0.500000
rprop_delta_min=0.000000
rprop_delta_max=50.000000
rprop_delta_zero=0.100000
cascade_output_stagnation_epochs=12
cascade_candidate_change_fraction=0.010000
cascade_candidate_stagnation_epochs=12
cascade_max_out_epochs=150
cascade_min_out_epochs=50
cascade_max_cand_epochs=150
cascade_min_cand_epochs=50
cascade_num_candidate_groups=2
bit_fail_limit=3.49999994039535522461e-01
cascade_candidate_limit=1.00000000000000000000e+03
cascade_weight_multiplier=4.00000005960464477539e-01
cascade_activation_functions_count=10
cascade_activation_functions=3 5 7 8 10 11 14 15 16 17 
cascade_activation_steepnesses_count=4
cascade_activation_steepnesses=2.50000000000000000000e-01 5.00000000000000000000e-01 7.50000000000000000000e-01 1.00000000000000000000e+00 
layer_sizes=6 5 2 
scale_included=0
neurons (num_inputs, activation_function, activation_steepness)=(0, 0, 0.00000000000000000000e+00) (0, 0, 0.00000000000000000000e+00) (0, 0, 0.00000000000000000000e+00) (0, 0, 0.00000000000000000000e+00) (0, 0, 0.00000000000000000000e+00) (0, 0, 0.00000000000000000000e+00) (6, 3, 5.00000000000000000000e-01) (6, 3, 5.00000000000000000000e-01) (6, 3, 5.00000000000000000000e-01) (6, 3, 5.00000000000000000000e-01) (0, 3, 0.00000000000000000000e+00) (5, 0, 5.00000000000000000000e-01) (0, 0, 0.00000000000000000000e+00) 
connections (connected_to_neuron, weight)=(0, -5.46051391601562500000e+02) (1, -3.69165110588073730469e+00) (2, 2.72901892662048339844e+00) (3, -8.65199327468872070312e-01) (4, 2.56953805685043334961e-01) (5, 3.48670315742492675781e+00) (0, -1.50000000000000000000e+03) (1, -3.01730365753173828125e+01) (2, 1.84366971254348754883e-01) (3, -1.08906455338001251221e-01) (4, 8.62978935241699218750e-01) (5, 2.66971010714769363403e-02) (0, -1.50000000000000000000e+03) (1, -2.42458095550537109375e+01) (2, -2.15102553367614746094e+00) (3, -1.06298169121146202087e-02) (4, 8.97700846195220947266e-01) (5, 3.05485110729932785034e-02) (0, -1.50000000000000000000e+03) (1, -2.55212345123291015625e+01) (2, -1.44436252117156982422e+00) (3, -2.61691957712173461914e-01) (4, 9.31710898876190185547e-01) (5, -1.24425821006298065186e-01) (6, 1.36803483963012695312e+00) (7, 5.73313560485839843750e+01) (8, 3.37579002380371093750e+01) (9, 3.25293426513671875000e+01) (10, 6.94516301155090332031e-01) 
