FANN_FLO_2.1
num_layers=3
learning_rate=0.400000
connection_rate=1.000000
network_type=0
learning_momentum=0.000000
training_algorithm=2
train_error_function=1
train_stop_function=0
cascade_output_change_fraction=0.010000
quickprop_decay=-0.000100
quickprop_mu=1.750000
rprop_increase_factor=1.200000
rprop_decrease_factor=0.500000
rprop_delta_min=0.000000
rprop_delta_max=50.000000
rprop_delta_zero=0.100000
cascade_output_stagnation_epochs=12
cascade_candidate_change_fraction=0.010000
cascade_candidate_stagnation_epochs=12
cascade_max_out_epochs=150
cascade_min_out_epochs=50
cascade_max_cand_epochs=150
cascade_min_cand_epochs=50
cascade_num_candidate_groups=2
bit_fail_limit=3.49999994039535522461e-01
cascade_candidate_limit=1.00000000000000000000e+03
cascade_weight_multiplier=4.00000005960464477539e-01
cascade_activation_functions_count=10
cascade_activation_functions=3 5 7 8 10 11 14 15 16 17 
cascade_activation_steepnesses_count=4
cascade_activation_steepnesses=2.50000000000000000000e-01 5.00000000000000000000e-01 7.50000000000000000000e-01 1.00000000000000000000e+00 
layer_sizes=10 3 2 
scale_included=0
neurons (num_inputs, activation_function, activation_steepness)=(0, 0, 0.00000000000000000000e+00) (0, 0, 0.00000000000000000000e+00) (0, 0, 0.00000000000000000000e+00) (0, 0, 0.00000000000000000000e+00) (0, 0, 0.00000000000000000000e+00) (0, 0, 0.00000000000000000000e+00) (0, 0, 0.00000000000000000000e+00) (0, 0, 0.00000000000000000000e+00) (0, 0, 0.00000000000000000000e+00) (0, 0, 0.00000000000000000000e+00) (10, 3, 5.00000000000000000000e-01) (10, 3, 5.00000000000000000000e-01) (0, 3, 0.00000000000000000000e+00) (3, 3, 5.00000000000000000000e-01) (0, 3, 0.00000000000000000000e+00) 
connections (connected_to_neuron, weight)=(0, 1.50904238224029541016e-01) (1, 2.02170312404632568359e-01) (2, 1.31468251347541809082e-01) (3, 3.30998525023460388184e-02) (4, 1.11689351499080657959e-01) (5, 6.19948804378509521484e-02) (6, 9.63902920484542846680e-02) (7, 5.22198602557182312012e-02) (8, 1.04718983173370361328e-01) (9, 4.10893708467483520508e-02) (0, 9.68458428978919982910e-02) (1, 8.18437635898590087891e-02) (2, 4.77908104658126831055e-02) (3, 3.04466634988784790039e-02) (4, 2.06836849451065063477e-01) (5, 6.03865198791027069092e-02) (6, 1.06026634573936462402e-01) (7, 8.49175006151199340820e-02) (8, 1.76663368940353393555e-01) (9, 1.40534475445747375488e-01) (10, -1.84484601020812988281e-01) (11, -1.48000553250312805176e-01) (12, -7.27817937731742858887e-02) 
