FANN_FLO_2.1
num_layers=3
learning_rate=0.500000
connection_rate=1.000000
network_type=0
learning_momentum=0.000000
training_algorithm=2
train_error_function=1
train_stop_function=0
cascade_output_change_fraction=0.010000
quickprop_decay=-0.000100
quickprop_mu=1.750000
rprop_increase_factor=1.200000
rprop_decrease_factor=0.500000
rprop_delta_min=0.000000
rprop_delta_max=50.000000
rprop_delta_zero=0.100000
cascade_output_stagnation_epochs=12
cascade_candidate_change_fraction=0.010000
cascade_candidate_stagnation_epochs=12
cascade_max_out_epochs=150
cascade_min_out_epochs=50
cascade_max_cand_epochs=150
cascade_min_cand_epochs=50
cascade_num_candidate_groups=2
bit_fail_limit=3.49999994039535522461e-01
cascade_candidate_limit=1.00000000000000000000e+03
cascade_weight_multiplier=4.00000005960464477539e-01
cascade_activation_functions_count=10
cascade_activation_functions=3 5 7 8 10 11 14 15 16 17 
cascade_activation_steepnesses_count=4
cascade_activation_steepnesses=2.50000000000000000000e-01 5.00000000000000000000e-01 7.50000000000000000000e-01 1.00000000000000000000e+00 
layer_sizes=10 3 2 
scale_included=0
neurons (num_inputs, activation_function, activation_steepness)=(0, 0, 0.00000000000000000000e+00) (0, 0, 0.00000000000000000000e+00) (0, 0, 0.00000000000000000000e+00) (0, 0, 0.00000000000000000000e+00) (0, 0, 0.00000000000000000000e+00) (0, 0, 0.00000000000000000000e+00) (0, 0, 0.00000000000000000000e+00) (0, 0, 0.00000000000000000000e+00) (0, 0, 0.00000000000000000000e+00) (0, 0, 0.00000000000000000000e+00) (10, 3, 5.00000000000000000000e-01) (10, 3, 5.00000000000000000000e-01) (0, 3, 0.00000000000000000000e+00) (3, 3, 5.00000000000000000000e-01) (0, 3, 0.00000000000000000000e+00) 
connections (connected_to_neuron, weight)=(0, -5.15603721141815185547e-01) (1, -4.98910516500473022461e-01) (2, -3.34831118583679199219e-01) (3, -5.38702309131622314453e-01) (4, -5.09075403213500976562e-01) (5, -3.92719268798828125000e-01) (6, -3.44424128532409667969e-01) (7, -4.39251273870468139648e-01) (8, -3.36504459381103515625e-01) (9, 1.32870256900787353516e+00) (0, -7.89519399404525756836e-03) (1, -1.29794150590896606445e-01) (2, -7.43829131126403808594e-01) (3, -6.82136565446853637695e-02) (4, 4.91187646985054016113e-02) (5, -6.58932983875274658203e-01) (6, -7.39769935607910156250e-01) (7, -4.87255573272705078125e-01) (8, -7.76786744594573974609e-01) (9, 9.21978056430816650391e-01) (10, -3.80501389503479003906e+00) (11, -9.68616902828216552734e-01) (12, 1.62349414825439453125e+00) 
