FANN_FLO_2.1
num_layers=3
learning_rate=0.400000
connection_rate=1.000000
network_type=0
learning_momentum=0.000000
training_algorithm=2
train_error_function=1
train_stop_function=0
cascade_output_change_fraction=0.010000
quickprop_decay=-0.000100
quickprop_mu=1.750000
rprop_increase_factor=1.200000
rprop_decrease_factor=0.500000
rprop_delta_min=0.000000
rprop_delta_max=50.000000
rprop_delta_zero=0.100000
cascade_output_stagnation_epochs=12
cascade_candidate_change_fraction=0.010000
cascade_candidate_stagnation_epochs=12
cascade_max_out_epochs=150
cascade_min_out_epochs=50
cascade_max_cand_epochs=150
cascade_min_cand_epochs=50
cascade_num_candidate_groups=2
bit_fail_limit=3.49999994039535522461e-01
cascade_candidate_limit=1.00000000000000000000e+03
cascade_weight_multiplier=4.00000005960464477539e-01
cascade_activation_functions_count=10
cascade_activation_functions=3 5 7 8 10 11 14 15 16 17 
cascade_activation_steepnesses_count=4
cascade_activation_steepnesses=2.50000000000000000000e-01 5.00000000000000000000e-01 7.50000000000000000000e-01 1.00000000000000000000e+00 
layer_sizes=10 3 2 
scale_included=0
neurons (num_inputs, activation_function, activation_steepness)=(0, 0, 0.00000000000000000000e+00) (0, 0, 0.00000000000000000000e+00) (0, 0, 0.00000000000000000000e+00) (0, 0, 0.00000000000000000000e+00) (0, 0, 0.00000000000000000000e+00) (0, 0, 0.00000000000000000000e+00) (0, 0, 0.00000000000000000000e+00) (0, 0, 0.00000000000000000000e+00) (0, 0, 0.00000000000000000000e+00) (0, 0, 0.00000000000000000000e+00) (10, 3, 5.00000000000000000000e-01) (10, 3, 5.00000000000000000000e-01) (0, 3, 0.00000000000000000000e+00) (3, 3, 5.00000000000000000000e-01) (0, 3, 0.00000000000000000000e+00) 
connections (connected_to_neuron, weight)=(0, 1.81935459375381469727e-01) (1, 1.04064740240573883057e-01) (2, 1.37284055352210998535e-01) (3, 1.27119079232215881348e-01) (4, 1.46061241626739501953e-01) (5, 1.03272676467895507812e-01) (6, -1.07872962951660156250e-01) (7, -2.83782556653022766113e-02) (8, -2.12250053882598876953e-01) (9, 1.20571121573448181152e-01) (0, 1.45296454429626464844e-01) (1, 1.39717310667037963867e-01) (2, 1.94231480360031127930e-01) (3, 1.88768863677978515625e-01) (4, 1.71572655439376831055e-01) (5, 1.63240343332290649414e-01) (6, -8.84781554341316223145e-02) (7, -8.61766859889030456543e-02) (8, -6.66067376732826232910e-02) (9, 3.38134616613388061523e-02) (10, 1.62848383188247680664e-01) (11, 1.55360758304595947266e-01) (12, 1.69438481330871582031e-01) 
