FANN_FLO_2.1
num_layers=4
learning_rate=0.300000
connection_rate=1.000000
network_type=0
learning_momentum=0.000000
training_algorithm=2
train_error_function=1
train_stop_function=0
cascade_output_change_fraction=0.010000
quickprop_decay=-0.000100
quickprop_mu=1.750000
rprop_increase_factor=1.200000
rprop_decrease_factor=0.500000
rprop_delta_min=0.000000
rprop_delta_max=50.000000
rprop_delta_zero=0.100000
cascade_output_stagnation_epochs=12
cascade_candidate_change_fraction=0.010000
cascade_candidate_stagnation_epochs=12
cascade_max_out_epochs=150
cascade_min_out_epochs=50
cascade_max_cand_epochs=150
cascade_min_cand_epochs=50
cascade_num_candidate_groups=2
bit_fail_limit=3.49999994039535522461e-01
cascade_candidate_limit=1.00000000000000000000e+03
cascade_weight_multiplier=4.00000005960464477539e-01
cascade_activation_functions_count=10
cascade_activation_functions=3 5 7 8 10 11 14 15 16 17 
cascade_activation_steepnesses_count=4
cascade_activation_steepnesses=2.50000000000000000000e-01 5.00000000000000000000e-01 7.50000000000000000000e-01 1.00000000000000000000e+00 
layer_sizes=2 5 5 3 
scale_included=0
neurons (num_inputs, activation_function, activation_steepness)=(0, 0, 0.00000000000000000000e+00) (0, 0, 0.00000000000000000000e+00) (2, 3, 5.00000000000000000000e-01) (2, 3, 5.00000000000000000000e-01) (2, 3, 5.00000000000000000000e-01) (2, 3, 5.00000000000000000000e-01) (0, 3, 0.00000000000000000000e+00) (5, 3, 5.00000000000000000000e-01) (5, 3, 5.00000000000000000000e-01) (5, 3, 5.00000000000000000000e-01) (5, 3, 5.00000000000000000000e-01) (0, 3, 0.00000000000000000000e+00) (5, 0, 5.00000000000000000000e-01) (5, 0, 5.00000000000000000000e-01) (0, 0, 0.00000000000000000000e+00) 
connections (connected_to_neuron, weight)=(0, 3.66471052169799804688e+00) (1, -2.12547346949577331543e-01) (0, 3.61228179931640625000e+00) (1, -3.33912968635559082031e-01) (0, 3.57414531707763671875e+00) (1, -2.15330585837364196777e-01) (0, -2.40909409523010253906e+00) (1, 9.75510999560356140137e-02) (2, -8.01949322223663330078e-01) (3, -8.42800438404083251953e-01) (4, -7.86423742771148681641e-01) (5, 8.68479132652282714844e-01) (6, 5.16877353191375732422e-01) (2, -1.16518592834472656250e+00) (3, -1.26511573791503906250e+00) (4, -1.18231952190399169922e+00) (5, 5.17784655094146728516e-01) (6, 2.57822275161743164062e-01) (2, -1.29583859443664550781e+00) (3, -1.30830013751983642578e+00) (4, -1.23020911216735839844e+00) (5, 5.02495169639587402344e-01) (6, 2.95261681079864501953e-01) (2, -1.34217858314514160156e+00) (3, -1.29884636402130126953e+00) (4, -1.28677403926849365234e+00) (5, 1.96164265275001525879e-01) (6, 7.45821697637438774109e-03) (7, -1.14689767360687255859e-02) (8, 5.92345558106899261475e-02) (9, 4.57743965089321136475e-02) (10, -1.06121204793453216553e-01) (11, -1.87705848366022109985e-02) (7, -4.77884590625762939453e-01) (8, -7.59874939918518066406e-01) (9, -9.65278267860412597656e-01) (10, -6.98971033096313476562e-01) (11, -5.26346564292907714844e-01) 
