FANN_FLO_2.1
num_layers=3
learning_rate=0.500000
connection_rate=1.000000
network_type=0
learning_momentum=0.000000
training_algorithm=2
train_error_function=1
train_stop_function=0
cascade_output_change_fraction=0.010000
quickprop_decay=-0.000100
quickprop_mu=1.750000
rprop_increase_factor=1.200000
rprop_decrease_factor=0.500000
rprop_delta_min=0.000000
rprop_delta_max=50.000000
rprop_delta_zero=0.100000
cascade_output_stagnation_epochs=12
cascade_candidate_change_fraction=0.010000
cascade_candidate_stagnation_epochs=12
cascade_max_out_epochs=150
cascade_min_out_epochs=50
cascade_max_cand_epochs=150
cascade_min_cand_epochs=50
cascade_num_candidate_groups=2
bit_fail_limit=3.49999994039535522461e-01
cascade_candidate_limit=1.00000000000000000000e+03
cascade_weight_multiplier=4.00000005960464477539e-01
cascade_activation_functions_count=10
cascade_activation_functions=3 5 7 8 10 11 14 15 16 17 
cascade_activation_steepnesses_count=4
cascade_activation_steepnesses=2.50000000000000000000e-01 5.00000000000000000000e-01 7.50000000000000000000e-01 1.00000000000000000000e+00 
layer_sizes=3 9 4 
scale_included=0
neurons (num_inputs, activation_function, activation_steepness)=(0, 0, 0.00000000000000000000e+00) (0, 0, 0.00000000000000000000e+00) (0, 0, 0.00000000000000000000e+00) (3, 3, 5.00000000000000000000e-01) (3, 3, 5.00000000000000000000e-01) (3, 3, 5.00000000000000000000e-01) (3, 3, 5.00000000000000000000e-01) (3, 3, 5.00000000000000000000e-01) (3, 3, 5.00000000000000000000e-01) (3, 3, 5.00000000000000000000e-01) (3, 3, 5.00000000000000000000e-01) (0, 3, 0.00000000000000000000e+00) (9, 0, 5.00000000000000000000e-01) (9, 0, 5.00000000000000000000e-01) (9, 0, 5.00000000000000000000e-01) (0, 0, 0.00000000000000000000e+00) 
connections (connected_to_neuron, weight)=(0, -8.88793277740478515625e+00) (1, 8.24555873870849609375e+00) (2, 4.44172811508178710938e+00) (0, -3.34986996650695800781e+00) (1, 1.15738332271575927734e+00) (2, 6.02705419063568115234e-01) (0, -7.04391717910766601562e+00) (1, 7.34342908859252929688e+00) (2, 7.29933786392211914062e+00) (0, -2.02888894081115722656e+00) (1, -1.57816910743713378906e+00) (2, 4.03686344623565673828e-01) (0, -8.45344066619873046875e-01) (1, -2.08967065811157226562e+00) (2, 3.30993324518203735352e-01) (0, -5.69846916198730468750e+00) (1, 7.96346282958984375000e+00) (2, 7.14339208602905273438e+00) (0, -9.13380336761474609375e+00) (1, 6.76672792434692382812e+00) (2, 5.72603940963745117188e-01) (0, -5.20115232467651367188e+00) (1, -2.10787847638130187988e-01) (2, -2.25564420223236083984e-01) (3, 6.89539432525634765625e-01) (4, 9.88125205039978027344e-01) (5, 6.70219600200653076172e-01) (6, 2.89463710784912109375e+00) (7, 5.67260503768920898438e-01) (8, 6.89162909984588623047e-01) (9, 1.20183670520782470703e+00) (10, 2.20181822776794433594e+00) (11, 4.80420142412185668945e-01) (3, 2.89968371391296386719e+00) (4, 4.83275938034057617188e+00) (5, 2.77683591842651367188e+00) (6, 6.50589704513549804688e+00) (7, 6.05019330978393554688e+00) (8, 2.59238004684448242188e+00) (9, 2.50128650665283203125e+00) (10, 4.88977813720703125000e+00) (11, 1.71894800662994384766e+00) (3, 8.41188812255859375000e+00) (4, 1.56006679534912109375e+01) (5, 9.50002670288085937500e+00) (6, 1.94840946197509765625e+01) (7, 2.37548847198486328125e+01) (8, 9.51600837707519531250e+00) (9, 8.23643016815185546875e+00) (10, 1.52026147842407226562e+01) (11, 9.51721763610839843750e+00) 
