FANN_FLO_2.1
num_layers=3
learning_rate=0.500000
connection_rate=1.000000
network_type=0
learning_momentum=0.000000
training_algorithm=2
train_error_function=1
train_stop_function=0
cascade_output_change_fraction=0.010000
quickprop_decay=-0.000100
quickprop_mu=1.750000
rprop_increase_factor=1.200000
rprop_decrease_factor=0.500000
rprop_delta_min=0.000000
rprop_delta_max=50.000000
rprop_delta_zero=0.100000
cascade_output_stagnation_epochs=12
cascade_candidate_change_fraction=0.010000
cascade_candidate_stagnation_epochs=12
cascade_max_out_epochs=150
cascade_min_out_epochs=50
cascade_max_cand_epochs=150
cascade_min_cand_epochs=50
cascade_num_candidate_groups=2
bit_fail_limit=3.49999994039535522461e-01
cascade_candidate_limit=1.00000000000000000000e+03
cascade_weight_multiplier=4.00000005960464477539e-01
cascade_activation_functions_count=10
cascade_activation_functions=3 5 7 8 10 11 14 15 16 17 
cascade_activation_steepnesses_count=4
cascade_activation_steepnesses=2.50000000000000000000e-01 5.00000000000000000000e-01 7.50000000000000000000e-01 1.00000000000000000000e+00 
layer_sizes=3 9 4 
scale_included=0
neurons (num_inputs, activation_function, activation_steepness)=(0, 0, 0.00000000000000000000e+00) (0, 0, 0.00000000000000000000e+00) (0, 0, 0.00000000000000000000e+00) (3, 3, 5.00000000000000000000e-01) (3, 3, 5.00000000000000000000e-01) (3, 3, 5.00000000000000000000e-01) (3, 3, 5.00000000000000000000e-01) (3, 3, 5.00000000000000000000e-01) (3, 3, 5.00000000000000000000e-01) (3, 3, 5.00000000000000000000e-01) (3, 3, 5.00000000000000000000e-01) (0, 3, 0.00000000000000000000e+00) (9, 0, 5.00000000000000000000e-01) (9, 0, 5.00000000000000000000e-01) (9, 0, 5.00000000000000000000e-01) (0, 0, 0.00000000000000000000e+00) 
connections (connected_to_neuron, weight)=(0, -4.99641990661621093750e+00) (1, 4.10409069061279296875e+00) (2, 3.16505193710327148438e+00) (0, -4.47924089431762695312e+00) (1, 2.05128192901611328125e+00) (2, 2.72416496276855468750e+00) (0, -4.41905355453491210938e+00) (1, 5.69379615783691406250e+00) (2, 3.69685530662536621094e+00) (0, -4.46473026275634765625e+00) (1, 4.04330044984817504883e-02) (2, 7.63324975967407226562e-01) (0, -4.58320665359497070312e+00) (1, 5.00998258590698242188e+00) (2, 7.26808738708496093750e+00) (0, -3.88541746139526367188e+00) (1, -2.13621091842651367188e+00) (2, 6.19295120239257812500e-01) (0, -1.77443063259124755859e+00) (1, -3.62245035171508789062e+00) (2, 5.75362265110015869141e-01) (0, -4.68713188171386718750e+00) (1, 1.54602897167205810547e+00) (2, 1.17484343051910400391e+00) (3, 1.25931739807128906250e+00) (4, 6.05582475662231445312e-01) (5, 6.36179387569427490234e-01) (6, 1.71392500400543212891e+00) (7, 4.19518947601318359375e-01) (8, 2.46358013153076171875e+00) (9, 2.07448005676269531250e+00) (10, 1.23953235149383544922e+00) (11, 4.95602130889892578125e-01) (3, 3.75332689285278320312e+00) (4, 2.92157649993896484375e+00) (5, 2.53373789787292480469e+00) (6, 5.28310203552246093750e+00) (7, 2.24029755592346191406e+00) (8, 5.87364053726196289062e+00) (9, 6.76401376724243164062e+00) (10, 2.79843306541442871094e+00) (11, 1.87327039241790771484e+00) (3, 9.37147808074951171875e+00) (4, 9.52983474731445312500e+00) (5, 9.64315223693847656250e+00) (6, 1.60289268493652343750e+01) (7, 9.64543247222900390625e+00) (8, 1.88157634735107421875e+01) (9, 2.23998565673828125000e+01) (10, 9.60509204864501953125e+00) (11, 9.47428512573242187500e+00) 
