FANN_FLO_2.1
num_layers=4
learning_rate=0.500000
connection_rate=1.000000
network_type=0
learning_momentum=0.000000
training_algorithm=2
train_error_function=1
train_stop_function=0
cascade_output_change_fraction=0.010000
quickprop_decay=-0.000100
quickprop_mu=1.750000
rprop_increase_factor=1.200000
rprop_decrease_factor=0.500000
rprop_delta_min=0.000000
rprop_delta_max=50.000000
rprop_delta_zero=0.100000
cascade_output_stagnation_epochs=12
cascade_candidate_change_fraction=0.010000
cascade_candidate_stagnation_epochs=12
cascade_max_out_epochs=150
cascade_min_out_epochs=50
cascade_max_cand_epochs=150
cascade_min_cand_epochs=50
cascade_num_candidate_groups=2
bit_fail_limit=3.49999994039535522461e-01
cascade_candidate_limit=1.00000000000000000000e+03
cascade_weight_multiplier=4.00000005960464477539e-01
cascade_activation_functions_count=10
cascade_activation_functions=3 5 7 8 10 11 14 15 16 17 
cascade_activation_steepnesses_count=4
cascade_activation_steepnesses=2.50000000000000000000e-01 5.00000000000000000000e-01 7.50000000000000000000e-01 1.00000000000000000000e+00 
layer_sizes=18 3 3 2 
scale_included=0
neurons (num_inputs, activation_function, activation_steepness)=(0, 0, 0.00000000000000000000e+00) (0, 0, 0.00000000000000000000e+00) (0, 0, 0.00000000000000000000e+00) (0, 0, 0.00000000000000000000e+00) (0, 0, 0.00000000000000000000e+00) (0, 0, 0.00000000000000000000e+00) (0, 0, 0.00000000000000000000e+00) (0, 0, 0.00000000000000000000e+00) (0, 0, 0.00000000000000000000e+00) (0, 0, 0.00000000000000000000e+00) (0, 0, 0.00000000000000000000e+00) (0, 0, 0.00000000000000000000e+00) (0, 0, 0.00000000000000000000e+00) (0, 0, 0.00000000000000000000e+00) (0, 0, 0.00000000000000000000e+00) (0, 0, 0.00000000000000000000e+00) (0, 0, 0.00000000000000000000e+00) (0, 0, 0.00000000000000000000e+00) (18, 3, 5.00000000000000000000e-01) (18, 3, 5.00000000000000000000e-01) (0, 3, 0.00000000000000000000e+00) (3, 3, 5.00000000000000000000e-01) (3, 3, 5.00000000000000000000e-01) (0, 3, 0.00000000000000000000e+00) (3, 0, 5.00000000000000000000e-01) (0, 0, 0.00000000000000000000e+00) 
connections (connected_to_neuron, weight)=(0, 8.08275640010833740234e-01) (1, 7.57327854633331298828e-01) (2, 7.81683504581451416016e-01) (3, 8.18523526191711425781e-01) (4, 5.73771715164184570312e-01) (5, -8.29438269138336181641e-01) (6, -4.44703906774520874023e-01) (7, -9.90216612815856933594e-01) (8, -7.13332146406173706055e-02) (9, 9.57552075386047363281e-01) (10, 6.71769559383392333984e-01) (11, 7.35890448093414306641e-01) (12, 9.36179518699645996094e-01) (13, 7.13186144828796386719e-01) (14, 8.21148872375488281250e-01) (15, 6.21346890926361083984e-01) (16, 8.76007795333862304688e-01) (17, -4.93586540222167968750e+00) (0, 1.44587707519531250000e+00) (1, 1.36846137046813964844e+00) (2, 1.02765727043151855469e+00) (3, 1.70073688030242919922e+00) (4, 1.26217627525329589844e+00) (5, -9.23709452152252197266e-01) (6, -2.23613047599792480469e+00) (7, -8.77679944038391113281e-01) (8, 1.65486991405487060547e-01) (9, 9.81929957866668701172e-01) (10, 1.75328409671783447266e+00) (11, 1.27405869960784912109e+00) (12, 1.28553271293640136719e+00) (13, 1.43362140655517578125e+00) (14, 1.44978272914886474609e+00) (15, 1.31611478328704833984e+00) (16, 1.29919683933258056641e+00) (17, -3.21530985832214355469e+00) (18, 3.33005237579345703125e+00) (19, 1.94643652439117431641e+00) (20, -2.48161315917968750000e+00) (18, 3.27229022979736328125e+00) (19, 1.87579214572906494141e+00) (20, -2.38784599304199218750e+00) (21, 7.05127191543579101562e+00) (22, 7.77458333969116210938e+00) (23, 1.54881358146667480469e+00) 
