FANN_FLO_2.1
num_layers=3
learning_rate=0.450000
connection_rate=1.000000
network_type=0
learning_momentum=0.000000
training_algorithm=2
train_error_function=1
train_stop_function=0
cascade_output_change_fraction=0.010000
quickprop_decay=-0.000100
quickprop_mu=1.750000
rprop_increase_factor=1.200000
rprop_decrease_factor=0.500000
rprop_delta_min=0.000000
rprop_delta_max=50.000000
rprop_delta_zero=0.100000
cascade_output_stagnation_epochs=12
cascade_candidate_change_fraction=0.010000
cascade_candidate_stagnation_epochs=12
cascade_max_out_epochs=150
cascade_min_out_epochs=50
cascade_max_cand_epochs=150
cascade_min_cand_epochs=50
cascade_num_candidate_groups=2
bit_fail_limit=3.49999994039535522461e-01
cascade_candidate_limit=1.00000000000000000000e+03
cascade_weight_multiplier=4.00000005960464477539e-01
cascade_activation_functions_count=10
cascade_activation_functions=3 5 7 8 10 11 14 15 16 17 
cascade_activation_steepnesses_count=4
cascade_activation_steepnesses=2.50000000000000000000e-01 5.00000000000000000000e-01 7.50000000000000000000e-01 1.00000000000000000000e+00 
layer_sizes=7 5 2 
scale_included=0
neurons (num_inputs, activation_function, activation_steepness)=(0, 0, 0.00000000000000000000e+00) (0, 0, 0.00000000000000000000e+00) (0, 0, 0.00000000000000000000e+00) (0, 0, 0.00000000000000000000e+00) (0, 0, 0.00000000000000000000e+00) (0, 0, 0.00000000000000000000e+00) (0, 0, 0.00000000000000000000e+00) (7, 3, 5.00000000000000000000e-01) (7, 3, 5.00000000000000000000e-01) (7, 3, 5.00000000000000000000e-01) (7, 3, 5.00000000000000000000e-01) (0, 3, 0.00000000000000000000e+00) (5, 0, 5.00000000000000000000e-01) (0, 0, 0.00000000000000000000e+00) 
connections (connected_to_neuron, weight)=(0, -3.25832694768905639648e-01) (1, -1.29000625610351562500e+02) (2, -3.01897585391998291016e-01) (3, -3.35087561607360839844e+00) (4, 9.37224197387695312500e+01) (5, -1.48765344238281250000e+03) (6, -2.81566619873046875000e-01) (0, -4.66656032949686050415e-03) (1, -2.01843082904815673828e-01) (2, -9.96368169784545898438e-01) (3, 3.77724826335906982422e-01) (4, -5.44252038002014160156e-01) (5, -5.31939148902893066406e-01) (6, -3.35681724548339843750e+00) (0, -2.31265568733215332031e+00) (1, 9.64700412750244140625e+00) (2, -1.73298645019531250000e+01) (3, 1.45281061530113220215e-01) (4, -3.90875778198242187500e+01) (5, -8.89829711914062500000e+02) (6, -7.42530524730682373047e-01) (0, -1.44282719120383262634e-02) (1, -1.87661677598953247070e-01) (2, 2.40154772996902465820e-01) (3, 6.90476745367050170898e-02) (4, -3.78160059452056884766e-01) (5, 3.64455878734588623047e-01) (6, -4.48734712600708007812e+00) (7, 8.79937410354614257812e-01) (8, 4.11371946334838867188e+00) (9, 9.41950362175703048706e-03) (10, 3.01618605852127075195e-01) (11, -8.39965697377920150757e-03) 
