FANN_FLO_2.1
num_layers=3
learning_rate=0.500000
connection_rate=1.000000
network_type=0
learning_momentum=0.000000
training_algorithm=2
train_error_function=1
train_stop_function=0
cascade_output_change_fraction=0.010000
quickprop_decay=-0.000100
quickprop_mu=1.750000
rprop_increase_factor=1.200000
rprop_decrease_factor=0.500000
rprop_delta_min=0.000000
rprop_delta_max=50.000000
rprop_delta_zero=0.100000
cascade_output_stagnation_epochs=12
cascade_candidate_change_fraction=0.010000
cascade_candidate_stagnation_epochs=12
cascade_max_out_epochs=150
cascade_min_out_epochs=50
cascade_max_cand_epochs=150
cascade_min_cand_epochs=50
cascade_num_candidate_groups=2
bit_fail_limit=3.49999994039535522461e-01
cascade_candidate_limit=1.00000000000000000000e+03
cascade_weight_multiplier=4.00000005960464477539e-01
cascade_activation_functions_count=10
cascade_activation_functions=3 5 7 8 10 11 14 15 16 17 
cascade_activation_steepnesses_count=4
cascade_activation_steepnesses=2.50000000000000000000e-01 5.00000000000000000000e-01 7.50000000000000000000e-01 1.00000000000000000000e+00 
layer_sizes=7 5 2 
scale_included=0
neurons (num_inputs, activation_function, activation_steepness)=(0, 0, 0.00000000000000000000e+00) (0, 0, 0.00000000000000000000e+00) (0, 0, 0.00000000000000000000e+00) (0, 0, 0.00000000000000000000e+00) (0, 0, 0.00000000000000000000e+00) (0, 0, 0.00000000000000000000e+00) (0, 0, 0.00000000000000000000e+00) (7, 3, 5.00000000000000000000e-01) (7, 3, 5.00000000000000000000e-01) (7, 3, 5.00000000000000000000e-01) (7, 3, 5.00000000000000000000e-01) (0, 3, 0.00000000000000000000e+00) (5, 0, 5.00000000000000000000e-01) (0, 0, 0.00000000000000000000e+00) 
connections (connected_to_neuron, weight)=(0, 3.21903305053710937500e+01) (1, 7.37913370132446289062e+00) (2, -4.80727996826171875000e+01) (3, 3.23198394775390625000e+01) (4, 4.80547790527343750000e+01) (5, -6.67797088623046875000e+01) (6, -1.07517177239060401917e-02) (0, 7.44372100830078125000e+01) (1, 9.43445873260498046875e+00) (2, 1.50000000000000000000e+03) (3, 7.33403396606445312500e+01) (4, -5.69708747863769531250e+01) (5, 4.92915100097656250000e+02) (6, -5.82753837108612060547e-01) (0, 2.22493171691894531250e+01) (1, 4.16504812240600585938e+00) (2, -2.50884952545166015625e+01) (3, 2.23311519622802734375e+01) (4, 8.77156352996826171875e+00) (5, -3.46487731933593750000e+01) (6, -5.66411793231964111328e-01) (0, 7.47128143310546875000e+01) (1, 9.88769245147705078125e+00) (2, 1.50000000000000000000e+03) (3, 7.36921386718750000000e+01) (4, -5.66206932067871093750e+01) (5, 4.93199951171875000000e+02) (6, -2.48502388596534729004e-01) (7, -2.79152584075927734375e+01) (8, 6.52804412841796875000e+01) (9, -6.44280319213867187500e+01) (10, 2.70610446929931640625e+01) (11, 1.81328933686017990112e-02) 
