FANN_FLO_2.1
num_layers=3
learning_rate=0.500000
connection_rate=1.000000
network_type=0
learning_momentum=0.000000
training_algorithm=2
train_error_function=1
train_stop_function=0
cascade_output_change_fraction=0.010000
quickprop_decay=-0.000100
quickprop_mu=1.750000
rprop_increase_factor=1.200000
rprop_decrease_factor=0.500000
rprop_delta_min=0.000000
rprop_delta_max=50.000000
rprop_delta_zero=0.100000
cascade_output_stagnation_epochs=12
cascade_candidate_change_fraction=0.010000
cascade_candidate_stagnation_epochs=12
cascade_max_out_epochs=150
cascade_min_out_epochs=50
cascade_max_cand_epochs=150
cascade_min_cand_epochs=50
cascade_num_candidate_groups=2
bit_fail_limit=3.49999994039535522461e-01
cascade_candidate_limit=1.00000000000000000000e+03
cascade_weight_multiplier=4.00000005960464477539e-01
cascade_activation_functions_count=10
cascade_activation_functions=3 5 7 8 10 11 14 15 16 17 
cascade_activation_steepnesses_count=4
cascade_activation_steepnesses=2.50000000000000000000e-01 5.00000000000000000000e-01 7.50000000000000000000e-01 1.00000000000000000000e+00 
layer_sizes=3 9 4 
scale_included=0
neurons (num_inputs, activation_function, activation_steepness)=(0, 0, 0.00000000000000000000e+00) (0, 0, 0.00000000000000000000e+00) (0, 0, 0.00000000000000000000e+00) (3, 3, 5.00000000000000000000e-01) (3, 3, 5.00000000000000000000e-01) (3, 3, 5.00000000000000000000e-01) (3, 3, 5.00000000000000000000e-01) (3, 3, 5.00000000000000000000e-01) (3, 3, 5.00000000000000000000e-01) (3, 3, 5.00000000000000000000e-01) (3, 3, 5.00000000000000000000e-01) (0, 3, 0.00000000000000000000e+00) (9, 0, 5.00000000000000000000e-01) (9, 0, 5.00000000000000000000e-01) (9, 0, 5.00000000000000000000e-01) (0, 0, 0.00000000000000000000e+00) 
connections (connected_to_neuron, weight)=(0, -7.65453863143920898438e+00) (1, -3.99672120809555053711e-01) (2, 5.18561303615570068359e-01) (0, -1.09005701541900634766e+00) (1, -2.21607160568237304688e+00) (2, -4.53418254852294921875e-01) (0, -6.08684301376342773438e+00) (1, 8.72566986083984375000e+00) (2, 8.68931293487548828125e+00) (0, -7.03154611587524414062e+00) (1, 8.47367000579833984375e+00) (2, 6.60184574127197265625e+00) (0, -5.32910966873168945312e+00) (1, 1.27139222621917724609e+00) (2, 1.52351927757263183594e+00) (0, -8.41382503509521484375e+00) (1, 7.53717088699340820312e+00) (2, 5.44541215896606445312e+00) (0, -4.60178756713867187500e+00) (1, -2.40172052383422851562e+00) (2, 2.45121419429779052734e-01) (0, -8.26492595672607421875e+00) (1, 4.67573785781860351562e+00) (2, 4.12586021423339843750e+00) (3, 1.30649387836456298828e+00) (4, 2.85388374328613281250e+00) (5, 5.74071288108825683594e-01) (6, 6.14785969257354736328e-01) (7, 1.64338278770446777344e+00) (8, 9.71362769603729248047e-01) (9, 2.43622875213623046875e+00) (10, 1.00674462318420410156e+00) (11, 3.62540483474731445312e-01) (3, 3.40768504142761230469e+00) (4, 1.08708505630493164062e+01) (5, 2.11235785484313964844e+00) (6, 2.30608654022216796875e+00) (7, 5.32838153839111328125e+00) (8, 3.59964799880981445312e+00) (9, 5.52963304519653320312e+00) (10, 2.84193730354309082031e+00) (11, 1.94144356250762939453e+00) (3, 1.10942802429199218750e+01) (4, 3.81169281005859375000e+01) (5, 9.21959018707275390625e+00) (6, 9.18659400939941406250e+00) (7, 1.68404388427734375000e+01) (8, 9.27459526062011718750e+00) (9, 1.64986724853515625000e+01) (10, 9.29197311401367187500e+00) (11, 9.24239730834960937500e+00) 
