FANN_FLO_2.1
num_layers=4
learning_rate=0.500000
connection_rate=1.000000
network_type=0
learning_momentum=0.000000
training_algorithm=2
train_error_function=1
train_stop_function=0
cascade_output_change_fraction=0.010000
quickprop_decay=-0.000100
quickprop_mu=1.750000
rprop_increase_factor=1.200000
rprop_decrease_factor=0.500000
rprop_delta_min=0.000000
rprop_delta_max=50.000000
rprop_delta_zero=0.100000
cascade_output_stagnation_epochs=12
cascade_candidate_change_fraction=0.010000
cascade_candidate_stagnation_epochs=12
cascade_max_out_epochs=150
cascade_min_out_epochs=50
cascade_max_cand_epochs=150
cascade_min_cand_epochs=50
cascade_num_candidate_groups=2
bit_fail_limit=3.49999994039535522461e-01
cascade_candidate_limit=1.00000000000000000000e+03
cascade_weight_multiplier=4.00000005960464477539e-01
cascade_activation_functions_count=10
cascade_activation_functions=3 5 7 8 10 11 14 15 16 17 
cascade_activation_steepnesses_count=4
cascade_activation_steepnesses=2.50000000000000000000e-01 5.00000000000000000000e-01 7.50000000000000000000e-01 1.00000000000000000000e+00 
layer_sizes=4 5 3 2 
scale_included=0
neurons (num_inputs, activation_function, activation_steepness)=(0, 0, 0.00000000000000000000e+00) (0, 0, 0.00000000000000000000e+00) (0, 0, 0.00000000000000000000e+00) (0, 0, 0.00000000000000000000e+00) (4, 3, 5.00000000000000000000e-01) (4, 3, 5.00000000000000000000e-01) (4, 3, 5.00000000000000000000e-01) (4, 3, 5.00000000000000000000e-01) (0, 3, 0.00000000000000000000e+00) (5, 3, 5.00000000000000000000e-01) (5, 3, 5.00000000000000000000e-01) (0, 3, 0.00000000000000000000e+00) (3, 3, 5.00000000000000000000e-01) (0, 3, 0.00000000000000000000e+00) 
connections (connected_to_neuron, weight)=(0, -2.40617179870605468750e+00) (1, -9.14252185821533203125e+00) (2, 2.13928437232971191406e+00) (3, 2.98580694198608398438e+00) (0, -2.52065563201904296875e+00) (1, -1.06339101791381835938e+01) (2, 2.36349105834960937500e+00) (3, 2.86052799224853515625e+00) (0, -2.14148306846618652344e+00) (1, -7.29825687408447265625e+00) (2, 1.85866916179656982422e+00) (3, 2.65693831443786621094e+00) (0, 4.82560920715332031250e+00) (1, -1.54723672866821289062e+01) (2, 9.14261150360107421875e+00) (3, 3.30379426479339599609e-01) (4, 2.83414821624755859375e+01) (5, 1.13200073242187500000e+01) (6, 1.19653635025024414062e+01) (7, -1.71127166748046875000e+01) (8, -2.04611226916313171387e-01) (4, 8.59521865844726562500e+00) (5, 8.40837669372558593750e+00) (6, 3.69570255279541015625e+00) (7, -1.27070102691650390625e+01) (8, -3.70610654354095458984e-01) (9, -4.38404846191406250000e+00) (10, -1.97757691144943237305e-01) (11, 2.36748123168945312500e+00) 
