FANN_FLO_2.1
num_layers=4
learning_rate=0.450000
connection_rate=1.000000
network_type=0
learning_momentum=0.000000
training_algorithm=2
train_error_function=1
train_stop_function=0
cascade_output_change_fraction=0.010000
quickprop_decay=-0.000100
quickprop_mu=1.750000
rprop_increase_factor=1.200000
rprop_decrease_factor=0.500000
rprop_delta_min=0.000000
rprop_delta_max=50.000000
rprop_delta_zero=0.100000
cascade_output_stagnation_epochs=12
cascade_candidate_change_fraction=0.010000
cascade_candidate_stagnation_epochs=12
cascade_max_out_epochs=150
cascade_min_out_epochs=50
cascade_max_cand_epochs=150
cascade_min_cand_epochs=50
cascade_num_candidate_groups=2
bit_fail_limit=3.49999994039535522461e-01
cascade_candidate_limit=1.00000000000000000000e+03
cascade_weight_multiplier=4.00000005960464477539e-01
cascade_activation_functions_count=10
cascade_activation_functions=3 5 7 8 10 11 14 15 16 17 
cascade_activation_steepnesses_count=4
cascade_activation_steepnesses=2.50000000000000000000e-01 5.00000000000000000000e-01 7.50000000000000000000e-01 1.00000000000000000000e+00 
layer_sizes=7 5 5 2 
scale_included=0
neurons (num_inputs, activation_function, activation_steepness)=(0, 0, 0.00000000000000000000e+00) (0, 0, 0.00000000000000000000e+00) (0, 0, 0.00000000000000000000e+00) (0, 0, 0.00000000000000000000e+00) (0, 0, 0.00000000000000000000e+00) (0, 0, 0.00000000000000000000e+00) (0, 0, 0.00000000000000000000e+00) (7, 3, 5.00000000000000000000e-01) (7, 3, 5.00000000000000000000e-01) (7, 3, 5.00000000000000000000e-01) (7, 3, 5.00000000000000000000e-01) (0, 3, 0.00000000000000000000e+00) (5, 3, 5.00000000000000000000e-01) (5, 3, 5.00000000000000000000e-01) (5, 3, 5.00000000000000000000e-01) (5, 3, 5.00000000000000000000e-01) (0, 3, 0.00000000000000000000e+00) (5, 0, 5.00000000000000000000e-01) (0, 0, 0.00000000000000000000e+00) 
connections (connected_to_neuron, weight)=(0, 1.87586992979049682617e-01) (1, 5.56926786899566650391e-01) (2, -9.93080198764801025391e-01) (3, 3.23985487222671508789e-01) (4, 4.36270147562026977539e-01) (5, -7.02758252620697021484e-01) (6, 4.28798198699951171875e-01) (0, -2.18733474612236022949e-01) (1, 7.81726002693176269531e-01) (2, -4.85814064741134643555e-01) (3, 2.26909622550010681152e-01) (4, 4.74382460117340087891e-01) (5, -6.42596781253814697266e-01) (6, 2.84208625555038452148e-01) (0, 1.06181219220161437988e-01) (1, 1.97946310043334960938e-01) (2, -1.21255052089691162109e+00) (3, 3.65875929594039916992e-01) (4, 6.91830635070800781250e-01) (5, -3.76254171133041381836e-01) (6, 4.31916862726211547852e-01) (0, 1.92837685346603393555e-01) (1, 6.05827629566192626953e-01) (2, -1.17045789957046508789e-01) (3, 2.62708872556686401367e-01) (4, 1.34091258049011230469e-01) (5, -1.25251233577728271484e+00) (6, 1.04893648624420166016e+00) (7, 5.33158349990844726562e+00) (8, -4.45257329940795898438e+00) (9, -6.22814798355102539062e+00) (10, -3.69129920005798339844e+00) (11, 3.64406347274780273438e-01) (7, 3.21779036521911621094e+00) (8, -3.74118304252624511719e+00) (9, -4.08462429046630859375e+00) (10, -2.41602802276611328125e+00) (11, -4.39705580472946166992e-01) (7, 5.41873931884765625000e+01) (8, -8.63716411590576171875e+00) (9, -1.00308723449707031250e+01) (10, -9.33240318298339843750e+00) (11, 6.66080236434936523438e+00) (7, -1.64130538940429687500e+02) (8, 6.74904251098632812500e+00) (9, 2.59219131469726562500e+01) (10, 1.97283382415771484375e+01) (11, 8.31572189927101135254e-02) (12, 4.41086673736572265625e+00) (13, 8.46340894699096679688e-01) (14, -3.43303084373474121094e-01) (15, -3.64741891622543334961e-01) (16, 3.41356039047241210938e-01) 
