FANN_FLO_2.1
num_layers=4
learning_rate=0.500000
connection_rate=1.000000
network_type=0
learning_momentum=0.000000
training_algorithm=2
train_error_function=1
train_stop_function=0
cascade_output_change_fraction=0.010000
quickprop_decay=-0.000100
quickprop_mu=1.750000
rprop_increase_factor=1.200000
rprop_decrease_factor=0.500000
rprop_delta_min=0.000000
rprop_delta_max=50.000000
rprop_delta_zero=0.100000
cascade_output_stagnation_epochs=12
cascade_candidate_change_fraction=0.010000
cascade_candidate_stagnation_epochs=12
cascade_max_out_epochs=150
cascade_min_out_epochs=50
cascade_max_cand_epochs=150
cascade_min_cand_epochs=50
cascade_num_candidate_groups=2
bit_fail_limit=3.49999994039535522461e-01
cascade_candidate_limit=1.00000000000000000000e+03
cascade_weight_multiplier=4.00000005960464477539e-01
cascade_activation_functions_count=10
cascade_activation_functions=3 5 7 8 10 11 14 15 16 17 
cascade_activation_steepnesses_count=4
cascade_activation_steepnesses=2.50000000000000000000e-01 5.00000000000000000000e-01 7.50000000000000000000e-01 1.00000000000000000000e+00 
layer_sizes=4 5 3 2 
scale_included=0
neurons (num_inputs, activation_function, activation_steepness)=(0, 0, 0.00000000000000000000e+00) (0, 0, 0.00000000000000000000e+00) (0, 0, 0.00000000000000000000e+00) (0, 0, 0.00000000000000000000e+00) (4, 3, 5.00000000000000000000e-01) (4, 3, 5.00000000000000000000e-01) (4, 3, 5.00000000000000000000e-01) (4, 3, 5.00000000000000000000e-01) (0, 3, 0.00000000000000000000e+00) (5, 3, 5.00000000000000000000e-01) (5, 3, 5.00000000000000000000e-01) (0, 3, 0.00000000000000000000e+00) (3, 3, 5.00000000000000000000e-01) (0, 3, 0.00000000000000000000e+00) 
connections (connected_to_neuron, weight)=(0, -5.05227050781250000000e+01) (1, 2.21718780517578125000e+02) (2, -3.14143371582031250000e+02) (3, -1.02942013740539550781e+00) (0, -1.50000000000000000000e+03) (1, 2.21627883911132812500e+02) (2, -1.50000000000000000000e+03) (3, -1.46075105667114257812e+00) (0, -9.09278488159179687500e+00) (1, -2.98272800445556640625e+00) (2, -7.15352439880371093750e+00) (3, 8.41174316406250000000e+00) (0, -5.05227050781250000000e+01) (1, 2.21599243164062500000e+02) (2, -3.14143371582031250000e+02) (3, -1.09546422958374023438e+00) (4, -4.43088951110839843750e+01) (5, 7.83399581909179687500e+01) (6, 1.92661228179931640625e+01) (7, -4.43088951110839843750e+01) (8, -3.90399527549743652344e+00) (4, 3.98380351066589355469e+00) (5, 3.98752760887145996094e+00) (6, -1.05639915466308593750e+01) (7, 3.98380351066589355469e+00) (8, 1.80282950401306152344e-01) (9, -4.52872085571289062500e+00) (10, -7.10669159889221191406e-02) (11, 2.23782467842102050781e+00) 
