FANN_FLO_2.1
num_layers=4
learning_rate=0.500000
connection_rate=1.000000
network_type=0
learning_momentum=0.000000
training_algorithm=2
train_error_function=1
train_stop_function=0
cascade_output_change_fraction=0.010000
quickprop_decay=-0.000100
quickprop_mu=1.750000
rprop_increase_factor=1.200000
rprop_decrease_factor=0.500000
rprop_delta_min=0.000000
rprop_delta_max=50.000000
rprop_delta_zero=0.100000
cascade_output_stagnation_epochs=12
cascade_candidate_change_fraction=0.010000
cascade_candidate_stagnation_epochs=12
cascade_max_out_epochs=150
cascade_min_out_epochs=50
cascade_max_cand_epochs=150
cascade_min_cand_epochs=50
cascade_num_candidate_groups=2
bit_fail_limit=3.49999994039535522461e-01
cascade_candidate_limit=1.00000000000000000000e+03
cascade_weight_multiplier=4.00000005960464477539e-01
cascade_activation_functions_count=10
cascade_activation_functions=3 5 7 8 10 11 14 15 16 17 
cascade_activation_steepnesses_count=4
cascade_activation_steepnesses=2.50000000000000000000e-01 5.00000000000000000000e-01 7.50000000000000000000e-01 1.00000000000000000000e+00 
layer_sizes=18 3 3 2 
scale_included=0
neurons (num_inputs, activation_function, activation_steepness)=(0, 0, 0.00000000000000000000e+00) (0, 0, 0.00000000000000000000e+00) (0, 0, 0.00000000000000000000e+00) (0, 0, 0.00000000000000000000e+00) (0, 0, 0.00000000000000000000e+00) (0, 0, 0.00000000000000000000e+00) (0, 0, 0.00000000000000000000e+00) (0, 0, 0.00000000000000000000e+00) (0, 0, 0.00000000000000000000e+00) (0, 0, 0.00000000000000000000e+00) (0, 0, 0.00000000000000000000e+00) (0, 0, 0.00000000000000000000e+00) (0, 0, 0.00000000000000000000e+00) (0, 0, 0.00000000000000000000e+00) (0, 0, 0.00000000000000000000e+00) (0, 0, 0.00000000000000000000e+00) (0, 0, 0.00000000000000000000e+00) (0, 0, 0.00000000000000000000e+00) (18, 3, 5.00000000000000000000e-01) (18, 3, 5.00000000000000000000e-01) (0, 3, 0.00000000000000000000e+00) (3, 3, 5.00000000000000000000e-01) (3, 3, 5.00000000000000000000e-01) (0, 3, 0.00000000000000000000e+00) (3, 0, 5.00000000000000000000e-01) (0, 0, 0.00000000000000000000e+00) 
connections (connected_to_neuron, weight)=(0, 1.11263179779052734375e+00) (1, 1.04508936405181884766e+00) (2, 7.88211226463317871094e-01) (3, 1.22495639324188232422e+00) (4, 8.76567304134368896484e-01) (5, -8.68618249893188476562e-01) (6, -7.90798723697662353516e-01) (7, -1.30667304992675781250e+00) (8, 2.01020866632461547852e-01) (9, 8.04124414920806884766e-01) (10, 7.16321587562561035156e-01) (11, 1.01657986640930175781e+00) (12, 8.48306000232696533203e-01) (13, 7.24359333515167236328e-01) (14, 1.02494335174560546875e+00) (15, 1.14513552188873291016e+00) (16, 6.46261870861053466797e-01) (17, -3.07484126091003417969e+00) (0, 5.11304702758789062500e+01) (1, 6.83976593017578125000e+01) (2, 1.31181091308593750000e+02) (3, 3.51318702697753906250e+01) (4, 4.74823150634765625000e+01) (5, 1.24006896972656250000e+03) (6, 2.97346679687500000000e+02) (7, 9.21284961700439453125e+00) (8, 1.89373340606689453125e+01) (9, -1.49250173568725585938e+01) (10, -1.24303376674652099609e+00) (11, 7.69496688842773437500e+01) (12, 3.38365173339843750000e+01) (13, -1.10229931640625000000e+03) (14, 6.84996509552001953125e+00) (15, 1.21038562011718750000e+03) (16, 2.90772613525390625000e+02) (17, 3.04058551788330078125e+00) (18, 1.50000000000000000000e+03) (19, 1.53865985870361328125e+01) (20, 1.84928882122039794922e+00) (18, 5.62261819839477539062e+00) (19, -1.52417886257171630859e+00) (20, -2.44602203369140625000e+00) (21, 1.98223662376403808594e+00) (22, 1.01835260391235351562e+01) (23, 1.85132360458374023438e+00) 
