FANN_FLO_2.1
num_layers=4
learning_rate=0.450000
connection_rate=1.000000
network_type=0
learning_momentum=0.000000
training_algorithm=2
train_error_function=1
train_stop_function=0
cascade_output_change_fraction=0.010000
quickprop_decay=-0.000100
quickprop_mu=1.750000
rprop_increase_factor=1.200000
rprop_decrease_factor=0.500000
rprop_delta_min=0.000000
rprop_delta_max=50.000000
rprop_delta_zero=0.100000
cascade_output_stagnation_epochs=12
cascade_candidate_change_fraction=0.010000
cascade_candidate_stagnation_epochs=12
cascade_max_out_epochs=150
cascade_min_out_epochs=50
cascade_max_cand_epochs=150
cascade_min_cand_epochs=50
cascade_num_candidate_groups=2
bit_fail_limit=3.49999994039535522461e-01
cascade_candidate_limit=1.00000000000000000000e+03
cascade_weight_multiplier=4.00000005960464477539e-01
cascade_activation_functions_count=10
cascade_activation_functions=3 5 7 8 10 11 14 15 16 17 
cascade_activation_steepnesses_count=4
cascade_activation_steepnesses=2.50000000000000000000e-01 5.00000000000000000000e-01 7.50000000000000000000e-01 1.00000000000000000000e+00 
layer_sizes=7 5 5 2 
scale_included=0
neurons (num_inputs, activation_function, activation_steepness)=(0, 0, 0.00000000000000000000e+00) (0, 0, 0.00000000000000000000e+00) (0, 0, 0.00000000000000000000e+00) (0, 0, 0.00000000000000000000e+00) (0, 0, 0.00000000000000000000e+00) (0, 0, 0.00000000000000000000e+00) (0, 0, 0.00000000000000000000e+00) (7, 3, 5.00000000000000000000e-01) (7, 3, 5.00000000000000000000e-01) (7, 3, 5.00000000000000000000e-01) (7, 3, 5.00000000000000000000e-01) (0, 3, 0.00000000000000000000e+00) (5, 3, 5.00000000000000000000e-01) (5, 3, 5.00000000000000000000e-01) (5, 3, 5.00000000000000000000e-01) (5, 3, 5.00000000000000000000e-01) (0, 3, 0.00000000000000000000e+00) (5, 0, 5.00000000000000000000e-01) (0, 0, 0.00000000000000000000e+00) 
connections (connected_to_neuron, weight)=(0, -3.31431090831756591797e-01) (1, 4.72790718078613281250e-01) (2, -5.59113800525665283203e-01) (3, 4.63582724332809448242e-02) (4, -1.07793354988098144531e+00) (5, 7.69067555665969848633e-02) (6, 3.00613861083984375000e+01) (0, 7.17409104108810424805e-02) (1, 3.64312767982482910156e-01) (2, -4.93723571300506591797e-01) (3, -5.14336787164211273193e-02) (4, -7.22895145416259765625e-01) (5, 1.48808777332305908203e-01) (6, 2.51511478424072265625e+01) (0, -1.27902537584304809570e-01) (1, 4.58723366260528564453e-01) (2, -2.97756671905517578125e-01) (3, -6.69973120093345642090e-02) (4, 3.78634423017501831055e-01) (5, -4.55350041389465332031e-01) (6, 4.57286167144775390625e+00) (0, 1.50000000000000000000e+03) (1, 6.62575378417968750000e+01) (2, 1.50000000000000000000e+03) (3, 3.44195866584777832031e+00) (4, 1.50000000000000000000e+03) (5, 1.50000000000000000000e+03) (6, 3.43626983642578125000e+02) (7, 2.87880516052246093750e+00) (8, 5.56038439273834228516e-01) (9, -7.05710449218750000000e+01) (10, 8.28159618377685546875e+00) (11, 4.63501960039138793945e-01) (7, -6.01226687431335449219e-01) (8, 3.21265816688537597656e-01) (9, 1.09347820281982421875e+00) (10, 2.30416119098663330078e-01) (11, 2.78208464384078979492e-01) (7, 1.13015353679656982422e+00) (8, -2.09791511297225952148e-01) (9, -2.17741718292236328125e+01) (10, 6.30983710289001464844e-01) (11, -2.81825482845306396484e-01) (7, 4.31762456893920898438e-01) (8, -3.22325706481933593750e-01) (9, -1.51348435878753662109e+00) (10, 7.38157182931900024414e-02) (11, -3.35030496120452880859e-01) (12, 1.22144043445587158203e+00) (13, -1.22949462383985519409e-02) (14, -3.26721739768981933594e+00) (15, 1.28282129764556884766e-01) (16, -1.30200176499783992767e-03) 
