FANN_FLO_2.1
num_layers=3
learning_rate=0.450000
connection_rate=1.000000
network_type=0
learning_momentum=0.000000
training_algorithm=2
train_error_function=1
train_stop_function=0
cascade_output_change_fraction=0.010000
quickprop_decay=-0.000100
quickprop_mu=1.750000
rprop_increase_factor=1.200000
rprop_decrease_factor=0.500000
rprop_delta_min=0.000000
rprop_delta_max=50.000000
rprop_delta_zero=0.100000
cascade_output_stagnation_epochs=12
cascade_candidate_change_fraction=0.010000
cascade_candidate_stagnation_epochs=12
cascade_max_out_epochs=150
cascade_min_out_epochs=50
cascade_max_cand_epochs=150
cascade_min_cand_epochs=50
cascade_num_candidate_groups=2
bit_fail_limit=3.49999994039535522461e-01
cascade_candidate_limit=1.00000000000000000000e+03
cascade_weight_multiplier=4.00000005960464477539e-01
cascade_activation_functions_count=10
cascade_activation_functions=3 5 7 8 10 11 14 15 16 17 
cascade_activation_steepnesses_count=4
cascade_activation_steepnesses=2.50000000000000000000e-01 5.00000000000000000000e-01 7.50000000000000000000e-01 1.00000000000000000000e+00 
layer_sizes=7 5 2 
scale_included=0
neurons (num_inputs, activation_function, activation_steepness)=(0, 0, 0.00000000000000000000e+00) (0, 0, 0.00000000000000000000e+00) (0, 0, 0.00000000000000000000e+00) (0, 0, 0.00000000000000000000e+00) (0, 0, 0.00000000000000000000e+00) (0, 0, 0.00000000000000000000e+00) (0, 0, 0.00000000000000000000e+00) (7, 3, 5.00000000000000000000e-01) (7, 3, 5.00000000000000000000e-01) (7, 3, 5.00000000000000000000e-01) (7, 3, 5.00000000000000000000e-01) (0, 3, 0.00000000000000000000e+00) (5, 0, 5.00000000000000000000e-01) (0, 0, 0.00000000000000000000e+00) 
connections (connected_to_neuron, weight)=(0, 2.31231575012207031250e+01) (1, -4.26948642730712890625e+00) (2, 4.59943656921386718750e+01) (3, 1.08852434158325195312e+01) (4, 1.09378547668457031250e+01) (5, -7.60729980468750000000e+01) (6, -7.11268186569213867188e-01) (0, -2.09283943176269531250e+01) (1, 2.60818061828613281250e+01) (2, -6.07256317138671875000e+01) (3, -3.74097323417663574219e+00) (4, -9.00683975219726562500e+00) (5, -2.34421249389648437500e+02) (6, -3.69302481412887573242e-01) (0, 2.86330242156982421875e+01) (1, 1.01408920288085937500e+01) (2, 4.75093688964843750000e+01) (3, 1.16535129547119140625e+01) (4, 1.17762241363525390625e+01) (5, -9.53759384155273437500e+01) (6, -1.40211254358291625977e-01) (0, -2.10163459777832031250e+01) (1, 2.60959529876708984375e+01) (2, -6.05630607604980468750e+01) (3, -3.78482151031494140625e+00) (4, -9.02173519134521484375e+00) (5, -2.34416610717773437500e+02) (6, -4.13911968469619750977e-01) (7, 2.99409942626953125000e+01) (8, -9.58381712436676025391e-01) (9, -2.99150142669677734375e+01) (10, 5.36468267440795898438e-01) (11, -8.42380244284868240356e-03) 
