FANN_FLO_2.1
num_layers=3
learning_rate=0.500000
connection_rate=1.000000
network_type=0
learning_momentum=0.000000
training_algorithm=2
train_error_function=1
train_stop_function=0
cascade_output_change_fraction=0.010000
quickprop_decay=-0.000100
quickprop_mu=1.750000
rprop_increase_factor=1.200000
rprop_decrease_factor=0.500000
rprop_delta_min=0.000000
rprop_delta_max=50.000000
rprop_delta_zero=0.100000
cascade_output_stagnation_epochs=12
cascade_candidate_change_fraction=0.010000
cascade_candidate_stagnation_epochs=12
cascade_max_out_epochs=150
cascade_min_out_epochs=50
cascade_max_cand_epochs=150
cascade_min_cand_epochs=50
cascade_num_candidate_groups=2
bit_fail_limit=3.49999994039535522461e-01
cascade_candidate_limit=1.00000000000000000000e+03
cascade_weight_multiplier=4.00000005960464477539e-01
cascade_activation_functions_count=10
cascade_activation_functions=3 5 7 8 10 11 14 15 16 17 
cascade_activation_steepnesses_count=4
cascade_activation_steepnesses=2.50000000000000000000e-01 5.00000000000000000000e-01 7.50000000000000000000e-01 1.00000000000000000000e+00 
layer_sizes=10 5 2 
scale_included=0
neurons (num_inputs, activation_function, activation_steepness)=(0, 0, 0.00000000000000000000e+00) (0, 0, 0.00000000000000000000e+00) (0, 0, 0.00000000000000000000e+00) (0, 0, 0.00000000000000000000e+00) (0, 0, 0.00000000000000000000e+00) (0, 0, 0.00000000000000000000e+00) (0, 0, 0.00000000000000000000e+00) (0, 0, 0.00000000000000000000e+00) (0, 0, 0.00000000000000000000e+00) (0, 0, 0.00000000000000000000e+00) (10, 3, 5.00000000000000000000e-01) (10, 3, 5.00000000000000000000e-01) (10, 3, 5.00000000000000000000e-01) (10, 3, 5.00000000000000000000e-01) (0, 3, 0.00000000000000000000e+00) (5, 3, 5.00000000000000000000e-01) (0, 3, 0.00000000000000000000e+00) 
connections (connected_to_neuron, weight)=(0, 5.29859066009521484375e-02) (1, -4.19460386037826538086e-02) (2, -1.43535137176513671875e-01) (3, -3.95055055618286132812e-01) (4, -1.89135754108428955078e+00) (5, -1.01234555244445800781e+00) (6, -4.81870546936988830566e-02) (7, -1.52365490794181823730e-01) (8, -3.95066976547241210938e-01) (9, 1.48254168033599853516e+00) (0, -5.92990279197692871094e-01) (1, -3.31397950649261474609e-01) (2, -8.25303852558135986328e-01) (3, -6.59473419189453125000e-01) (4, -1.30640432238578796387e-01) (5, -3.46458345651626586914e-01) (6, -7.44947195053100585938e-01) (7, -4.48754489421844482422e-01) (8, -2.31037110090255737305e-01) (9, 1.42500007152557373047e+00) (0, -6.21777534484863281250e-01) (1, -4.76921528577804565430e-01) (2, -7.20930039882659912109e-01) (3, -7.38240480422973632812e-01) (4, 2.89680603891611099243e-02) (5, -2.64548540115356445312e-01) (6, -7.77738749980926513672e-01) (7, -5.39227724075317382812e-01) (8, -2.41992160677909851074e-01) (9, 1.46466219425201416016e+00) (0, -3.21279942989349365234e-01) (1, -9.25242125988006591797e-01) (2, 2.12183237075805664062e-01) (3, -6.43731206655502319336e-02) (4, -6.00194871425628662109e-01) (5, -6.65732800960540771484e-01) (6, 1.77089571952819824219e-01) (7, -6.09670042991638183594e-01) (8, -1.02658009529113769531e+00) (9, 1.08595335483551025391e+00) (10, -5.46034097671508789062e-01) (11, -1.39962852001190185547e+00) (12, -1.37914967536926269531e+00) (13, -1.16223990917205810547e+00) (14, 1.48340654373168945312e+00) 
