FANN_FLO_2.1
num_layers=4
learning_rate=0.450000
connection_rate=1.000000
network_type=0
learning_momentum=0.000000
training_algorithm=2
train_error_function=1
train_stop_function=0
cascade_output_change_fraction=0.010000
quickprop_decay=-0.000100
quickprop_mu=1.750000
rprop_increase_factor=1.200000
rprop_decrease_factor=0.500000
rprop_delta_min=0.000000
rprop_delta_max=50.000000
rprop_delta_zero=0.100000
cascade_output_stagnation_epochs=12
cascade_candidate_change_fraction=0.010000
cascade_candidate_stagnation_epochs=12
cascade_max_out_epochs=150
cascade_min_out_epochs=50
cascade_max_cand_epochs=150
cascade_min_cand_epochs=50
cascade_num_candidate_groups=2
bit_fail_limit=3.49999994039535522461e-01
cascade_candidate_limit=1.00000000000000000000e+03
cascade_weight_multiplier=4.00000005960464477539e-01
cascade_activation_functions_count=10
cascade_activation_functions=3 5 7 8 10 11 14 15 16 17 
cascade_activation_steepnesses_count=4
cascade_activation_steepnesses=2.50000000000000000000e-01 5.00000000000000000000e-01 7.50000000000000000000e-01 1.00000000000000000000e+00 
layer_sizes=7 5 3 2 
scale_included=0
neurons (num_inputs, activation_function, activation_steepness)=(0, 0, 0.00000000000000000000e+00) (0, 0, 0.00000000000000000000e+00) (0, 0, 0.00000000000000000000e+00) (0, 0, 0.00000000000000000000e+00) (0, 0, 0.00000000000000000000e+00) (0, 0, 0.00000000000000000000e+00) (0, 0, 0.00000000000000000000e+00) (7, 3, 5.00000000000000000000e-01) (7, 3, 5.00000000000000000000e-01) (7, 3, 5.00000000000000000000e-01) (7, 3, 5.00000000000000000000e-01) (0, 3, 0.00000000000000000000e+00) (5, 3, 5.00000000000000000000e-01) (5, 3, 5.00000000000000000000e-01) (0, 3, 0.00000000000000000000e+00) (3, 0, 5.00000000000000000000e-01) (0, 0, 0.00000000000000000000e+00) 
connections (connected_to_neuron, weight)=(0, 2.88464248180389404297e-01) (1, 4.14497554302215576172e-02) (2, 2.29667082428932189941e-01) (3, -3.95740151405334472656e-01) (4, 2.96883229166269302368e-02) (5, -2.39895626902580261230e-01) (6, -1.94853425025939941406e+00) (0, -1.31821915507316589355e-01) (1, -6.22227847576141357422e-01) (2, -9.92377102375030517578e-01) (3, 1.83168485760688781738e-01) (4, 3.76391142606735229492e-01) (5, 6.56545758247375488281e-01) (6, -3.22458577156066894531e+00) (0, -1.67002424597740173340e-01) (1, 1.43805488944053649902e-01) (2, -2.66704559326171875000e-01) (3, -2.04327031970024108887e-01) (4, 8.30624282360076904297e-01) (5, -2.31959670782089233398e-01) (6, 1.07126906514167785645e-01) (0, 1.02842831611633300781e+00) (1, -2.36309480667114257812e+00) (2, 1.50000000000000000000e+03) (3, 1.71190723776817321777e-01) (4, 1.39350247383117675781e+00) (5, 1.50000000000000000000e+03) (6, -6.93455322265625000000e+02) (7, 1.50000000000000000000e+03) (8, 1.50000000000000000000e+03) (9, 3.62917709350585937500e+01) (10, 1.47170654296875000000e+03) (11, -3.52447166442871093750e+01) (7, 1.50000000000000000000e+03) (8, 1.50000000000000000000e+03) (9, 6.45536499023437500000e+01) (10, 5.72462156414985656738e-02) (11, -4.69339408874511718750e+01) (12, -1.79756343364715576172e-01) (13, -1.62984803318977355957e-01) (14, 3.52298647165298461914e-01) 
