FANN_FLO_2.1
num_layers=4
learning_rate=0.300000
connection_rate=1.000000
network_type=0
learning_momentum=0.000000
training_algorithm=2
train_error_function=1
train_stop_function=0
cascade_output_change_fraction=0.010000
quickprop_decay=-0.000100
quickprop_mu=1.750000
rprop_increase_factor=1.200000
rprop_decrease_factor=0.500000
rprop_delta_min=0.000000
rprop_delta_max=50.000000
rprop_delta_zero=0.100000
cascade_output_stagnation_epochs=12
cascade_candidate_change_fraction=0.010000
cascade_candidate_stagnation_epochs=12
cascade_max_out_epochs=150
cascade_min_out_epochs=50
cascade_max_cand_epochs=150
cascade_min_cand_epochs=50
cascade_num_candidate_groups=2
bit_fail_limit=3.49999994039535522461e-01
cascade_candidate_limit=1.00000000000000000000e+03
cascade_weight_multiplier=4.00000005960464477539e-01
cascade_activation_functions_count=10
cascade_activation_functions=3 5 7 8 10 11 14 15 16 17 
cascade_activation_steepnesses_count=4
cascade_activation_steepnesses=2.50000000000000000000e-01 5.00000000000000000000e-01 7.50000000000000000000e-01 1.00000000000000000000e+00 
layer_sizes=2 5 5 3 
scale_included=0
neurons (num_inputs, activation_function, activation_steepness)=(0, 0, 0.00000000000000000000e+00) (0, 0, 0.00000000000000000000e+00) (2, 3, 5.00000000000000000000e-01) (2, 3, 5.00000000000000000000e-01) (2, 3, 5.00000000000000000000e-01) (2, 3, 5.00000000000000000000e-01) (0, 3, 0.00000000000000000000e+00) (5, 3, 5.00000000000000000000e-01) (5, 3, 5.00000000000000000000e-01) (5, 3, 5.00000000000000000000e-01) (5, 3, 5.00000000000000000000e-01) (0, 3, 0.00000000000000000000e+00) (5, 0, 5.00000000000000000000e-01) (5, 0, 5.00000000000000000000e-01) (0, 0, 0.00000000000000000000e+00) 
connections (connected_to_neuron, weight)=(0, -1.50000000000000000000e+03) (1, -6.75852489471435546875e+00) (0, -1.50000000000000000000e+03) (1, -6.79283428192138671875e+00) (0, -1.50000000000000000000e+03) (1, -6.94038963317871093750e+00) (0, -1.50000000000000000000e+03) (1, -3.16270351409912109375e-01) (2, 6.89627051353454589844e-01) (3, 7.34551429748535156250e-01) (4, 7.57757306098937988281e-01) (5, 4.13663089275360107422e-01) (6, 2.83043272793292999268e-02) (2, 5.36175668239593505859e-01) (3, 4.25863564014434814453e-01) (4, 5.46243965625762939453e-01) (5, 4.22828078269958496094e-01) (6, 3.35907280445098876953e-01) (2, 8.78560960292816162109e-01) (3, 8.54164183139801025391e-01) (4, 8.29842805862426757812e-01) (5, 3.68868201971054077148e-01) (6, -8.81311058998107910156e-01) (2, 6.27436995506286621094e-01) (3, 4.70052182674407958984e-01) (4, 5.25379240512847900391e-01) (5, 3.95807415246963500977e-01) (6, -4.20704036951065063477e-01) (7, 4.78069335222244262695e-02) (8, 9.55554693937301635742e-02) (9, 2.91669398546218872070e-01) (10, -1.31952270865440368652e-01) (11, -2.87957906723022460938e-01) (7, -4.44765359163284301758e-01) (8, -4.78396087884902954102e-01) (9, -6.72776758670806884766e-01) (10, -2.58245855569839477539e-01) (11, -4.08880025148391723633e-01) 
