FANN_FLO_2.1
num_layers=4
learning_rate=0.450000
connection_rate=1.000000
network_type=0
learning_momentum=0.000000
training_algorithm=2
train_error_function=1
train_stop_function=0
cascade_output_change_fraction=0.010000
quickprop_decay=-0.000100
quickprop_mu=1.750000
rprop_increase_factor=1.200000
rprop_decrease_factor=0.500000
rprop_delta_min=0.000000
rprop_delta_max=50.000000
rprop_delta_zero=0.100000
cascade_output_stagnation_epochs=12
cascade_candidate_change_fraction=0.010000
cascade_candidate_stagnation_epochs=12
cascade_max_out_epochs=150
cascade_min_out_epochs=50
cascade_max_cand_epochs=150
cascade_min_cand_epochs=50
cascade_num_candidate_groups=2
bit_fail_limit=3.49999994039535522461e-01
cascade_candidate_limit=1.00000000000000000000e+03
cascade_weight_multiplier=4.00000005960464477539e-01
cascade_activation_functions_count=10
cascade_activation_functions=3 5 7 8 10 11 14 15 16 17 
cascade_activation_steepnesses_count=4
cascade_activation_steepnesses=2.50000000000000000000e-01 5.00000000000000000000e-01 7.50000000000000000000e-01 1.00000000000000000000e+00 
layer_sizes=7 5 3 2 
scale_included=0
neurons (num_inputs, activation_function, activation_steepness)=(0, 0, 0.00000000000000000000e+00) (0, 0, 0.00000000000000000000e+00) (0, 0, 0.00000000000000000000e+00) (0, 0, 0.00000000000000000000e+00) (0, 0, 0.00000000000000000000e+00) (0, 0, 0.00000000000000000000e+00) (0, 0, 0.00000000000000000000e+00) (7, 3, 5.00000000000000000000e-01) (7, 3, 5.00000000000000000000e-01) (7, 3, 5.00000000000000000000e-01) (7, 3, 5.00000000000000000000e-01) (0, 3, 0.00000000000000000000e+00) (5, 3, 5.00000000000000000000e-01) (5, 3, 5.00000000000000000000e-01) (0, 3, 0.00000000000000000000e+00) (3, 0, 5.00000000000000000000e-01) (0, 0, 0.00000000000000000000e+00) 
connections (connected_to_neuron, weight)=(0, 7.07477211952209472656e-01) (1, -8.27018991112709045410e-02) (2, 4.71082508563995361328e-01) (3, -8.98213803768157958984e-01) (4, 1.69583785533905029297e+00) (5, -3.02990883588790893555e-01) (6, -1.90106773376464843750e+01) (0, 2.80853271484375000000e-01) (1, -4.46878284215927124023e-01) (2, 4.29146289825439453125e-01) (3, -4.12265062332153320312e-01) (4, 2.44112849235534667969e+00) (5, 1.88458427786827087402e-01) (6, -9.36782002449035644531e-01) (0, -8.33600386977195739746e-02) (1, 5.24932742118835449219e-01) (2, 1.94878093898296356201e-02) (3, -4.12183105945587158203e-01) (4, 4.18428838253021240234e-01) (5, 3.65166872739791870117e-01) (6, 4.92006510496139526367e-01) (0, -5.91423660516738891602e-02) (1, -9.18976306915283203125e-01) (2, 1.17320549488067626953e+00) (3, -1.50428682565689086914e-01) (4, 1.85622227191925048828e+00) (5, -1.52537560462951660156e+00) (6, 5.17388677597045898438e+00) (7, -5.31786155700683593750e+00) (8, 1.90120327472686767578e+00) (9, 5.29268217086791992188e+00) (10, 4.77709197998046875000e+00) (11, -1.60625183582305908203e+00) (7, 4.52425718307495117188e+00) (8, -2.11209249496459960938e+00) (9, -4.37252807617187500000e+00) (10, -4.14882087707519531250e+00) (11, 1.25642144680023193359e+00) (12, -3.05473599582910537720e-02) (13, 1.68708944320678710938e+00) (14, 3.30200567841529846191e-02) 
