FANN_FLO_2.1
num_layers=3
learning_rate=0.500000
connection_rate=1.000000
network_type=0
learning_momentum=0.000000
training_algorithm=2
train_error_function=1
train_stop_function=0
cascade_output_change_fraction=0.010000
quickprop_decay=-0.000100
quickprop_mu=1.750000
rprop_increase_factor=1.200000
rprop_decrease_factor=0.500000
rprop_delta_min=0.000000
rprop_delta_max=50.000000
rprop_delta_zero=0.100000
cascade_output_stagnation_epochs=12
cascade_candidate_change_fraction=0.010000
cascade_candidate_stagnation_epochs=12
cascade_max_out_epochs=150
cascade_min_out_epochs=50
cascade_max_cand_epochs=150
cascade_min_cand_epochs=50
cascade_num_candidate_groups=2
bit_fail_limit=3.49999994039535522461e-01
cascade_candidate_limit=1.00000000000000000000e+03
cascade_weight_multiplier=4.00000005960464477539e-01
cascade_activation_functions_count=10
cascade_activation_functions=3 5 7 8 10 11 14 15 16 17 
cascade_activation_steepnesses_count=4
cascade_activation_steepnesses=2.50000000000000000000e-01 5.00000000000000000000e-01 7.50000000000000000000e-01 1.00000000000000000000e+00 
layer_sizes=10 3 2 
scale_included=0
neurons (num_inputs, activation_function, activation_steepness)=(0, 0, 0.00000000000000000000e+00) (0, 0, 0.00000000000000000000e+00) (0, 0, 0.00000000000000000000e+00) (0, 0, 0.00000000000000000000e+00) (0, 0, 0.00000000000000000000e+00) (0, 0, 0.00000000000000000000e+00) (0, 0, 0.00000000000000000000e+00) (0, 0, 0.00000000000000000000e+00) (0, 0, 0.00000000000000000000e+00) (0, 0, 0.00000000000000000000e+00) (10, 3, 5.00000000000000000000e-01) (10, 3, 5.00000000000000000000e-01) (0, 3, 0.00000000000000000000e+00) (3, 3, 5.00000000000000000000e-01) (0, 3, 0.00000000000000000000e+00) 
connections (connected_to_neuron, weight)=(0, -1.67730569839477539062e+00) (1, -7.55622088909149169922e-01) (2, -1.31583619117736816406e+00) (3, -8.60558807849884033203e-01) (4, -1.14598631858825683594e+00) (5, -6.63544118404388427734e-01) (6, -8.66670757532119750977e-02) (7, -8.92931938171386718750e-01) (8, -1.96290421485900878906e+00) (9, 6.80688619613647460938e-01) (0, -5.48145413398742675781e-01) (1, -5.78143537044525146484e-01) (2, -5.69759011268615722656e-01) (3, -5.70185780525207519531e-01) (4, -5.63806831836700439453e-01) (5, -5.91386318206787109375e-01) (6, -6.17750227451324462891e-01) (7, -5.61195135116577148438e-01) (8, -5.28700947761535644531e-01) (9, 2.31162166595458984375e+00) (10, -9.74288761615753173828e-01) (11, -3.16631674766540527344e+00) (12, 1.41027343273162841797e+00) 
