FANN_FLO_2.1
num_layers=4
learning_rate=0.450000
connection_rate=1.000000
network_type=0
learning_momentum=0.000000
training_algorithm=2
train_error_function=1
train_stop_function=0
cascade_output_change_fraction=0.010000
quickprop_decay=-0.000100
quickprop_mu=1.750000
rprop_increase_factor=1.200000
rprop_decrease_factor=0.500000
rprop_delta_min=0.000000
rprop_delta_max=50.000000
rprop_delta_zero=0.100000
cascade_output_stagnation_epochs=12
cascade_candidate_change_fraction=0.010000
cascade_candidate_stagnation_epochs=12
cascade_max_out_epochs=150
cascade_min_out_epochs=50
cascade_max_cand_epochs=150
cascade_min_cand_epochs=50
cascade_num_candidate_groups=2
bit_fail_limit=3.49999994039535522461e-01
cascade_candidate_limit=1.00000000000000000000e+03
cascade_weight_multiplier=4.00000005960464477539e-01
cascade_activation_functions_count=10
cascade_activation_functions=3 5 7 8 10 11 14 15 16 17 
cascade_activation_steepnesses_count=4
cascade_activation_steepnesses=2.50000000000000000000e-01 5.00000000000000000000e-01 7.50000000000000000000e-01 1.00000000000000000000e+00 
layer_sizes=7 3 3 2 
scale_included=0
neurons (num_inputs, activation_function, activation_steepness)=(0, 0, 0.00000000000000000000e+00) (0, 0, 0.00000000000000000000e+00) (0, 0, 0.00000000000000000000e+00) (0, 0, 0.00000000000000000000e+00) (0, 0, 0.00000000000000000000e+00) (0, 0, 0.00000000000000000000e+00) (0, 0, 0.00000000000000000000e+00) (7, 3, 5.00000000000000000000e-01) (7, 3, 5.00000000000000000000e-01) (0, 3, 0.00000000000000000000e+00) (3, 3, 5.00000000000000000000e-01) (3, 3, 5.00000000000000000000e-01) (0, 3, 0.00000000000000000000e+00) (3, 0, 5.00000000000000000000e-01) (0, 0, 0.00000000000000000000e+00) 
connections (connected_to_neuron, weight)=(0, 8.29197168350219726562e-01) (1, 7.05865561962127685547e-01) (2, -5.91946184635162353516e-01) (3, 2.52211719751358032227e-01) (4, 7.28352181613445281982e-03) (5, -1.67215979099273681641e+00) (6, 5.00901746749877929688e+00) (0, -1.80383399128913879395e-01) (1, 3.70837181806564331055e-01) (2, -5.05680680274963378906e-01) (3, 2.47670620679855346680e-01) (4, 1.38339900970458984375e+00) (5, -7.00251519680023193359e-01) (6, -1.36037178039550781250e+01) (7, -4.96105813980102539062e+00) (8, -2.81628847122192382812e+00) (9, 8.72408673167228698730e-02) (7, -1.42049140930175781250e+01) (8, -4.09209480285644531250e+01) (9, 9.02795410156250000000e+00) (10, -1.13803803920745849609e-01) (11, 1.90363347530364990234e-01) (12, 1.36671317741274833679e-02) 
