FANN_FLO_2.1
num_layers=3
learning_rate=0.500000
connection_rate=1.000000
network_type=0
learning_momentum=0.000000
training_algorithm=2
train_error_function=1
train_stop_function=0
cascade_output_change_fraction=0.010000
quickprop_decay=-0.000100
quickprop_mu=1.750000
rprop_increase_factor=1.200000
rprop_decrease_factor=0.500000
rprop_delta_min=0.000000
rprop_delta_max=50.000000
rprop_delta_zero=0.100000
cascade_output_stagnation_epochs=12
cascade_candidate_change_fraction=0.010000
cascade_candidate_stagnation_epochs=12
cascade_max_out_epochs=150
cascade_min_out_epochs=50
cascade_max_cand_epochs=150
cascade_min_cand_epochs=50
cascade_num_candidate_groups=2
bit_fail_limit=3.49999994039535522461e-01
cascade_candidate_limit=1.00000000000000000000e+03
cascade_weight_multiplier=4.00000005960464477539e-01
cascade_activation_functions_count=10
cascade_activation_functions=3 5 7 8 10 11 14 15 16 17 
cascade_activation_steepnesses_count=4
cascade_activation_steepnesses=2.50000000000000000000e-01 5.00000000000000000000e-01 7.50000000000000000000e-01 1.00000000000000000000e+00 
layer_sizes=3 9 4 
scale_included=0
neurons (num_inputs, activation_function, activation_steepness)=(0, 0, 0.00000000000000000000e+00) (0, 0, 0.00000000000000000000e+00) (0, 0, 0.00000000000000000000e+00) (3, 3, 5.00000000000000000000e-01) (3, 3, 5.00000000000000000000e-01) (3, 3, 5.00000000000000000000e-01) (3, 3, 5.00000000000000000000e-01) (3, 3, 5.00000000000000000000e-01) (3, 3, 5.00000000000000000000e-01) (3, 3, 5.00000000000000000000e-01) (3, 3, 5.00000000000000000000e-01) (0, 3, 0.00000000000000000000e+00) (9, 0, 5.00000000000000000000e-01) (9, 0, 5.00000000000000000000e-01) (9, 0, 5.00000000000000000000e-01) (0, 0, 0.00000000000000000000e+00) 
connections (connected_to_neuron, weight)=(0, -7.43056631088256835938e+00) (1, 6.49005556106567382812e+00) (2, 4.85464715957641601562e+00) (0, -1.43000000000000000000e+03) (1, -1.33051729202270507812e+01) (2, 5.72081267833709716797e-01) (0, -5.94956922531127929688e+00) (1, 6.09337043762207031250e+00) (2, 6.77834367752075195312e+00) (0, -5.32230997085571289062e+00) (1, 3.42491388320922851562e+00) (2, 9.89313125610351562500e+00) (0, -2.64202809333801269531e+00) (1, 1.23586797714233398438e+00) (2, -3.23740720748901367188e-01) (0, -1.97214829921722412109e+00) (1, -2.16806077957153320312e+00) (2, 4.69039380550384521484e-01) (0, -1.25107212066650390625e+01) (1, 3.13095096498727798462e-03) (2, 6.97909975051879882812e+00) (0, -6.32290697097778320312e+00) (1, 3.32039856910705566406e+00) (2, 3.24286174774169921875e+00) (3, 9.64437484741210937500e-01) (4, 1.06579244136810302734e+00) (5, 7.06308662891387939453e-01) (6, 3.96211564540863037109e-01) (7, 3.27619910240173339844e+00) (8, 3.76052021980285644531e+00) (9, -3.07889908552169799805e-01) (10, 4.14653003215789794922e-01) (11, 4.82521086931228637695e-01) (3, 3.15189409255981445312e+00) (4, 2.59025692939758300781e+00) (5, 2.54867219924926757812e+00) (6, 2.15279555320739746094e+00) (7, 5.54935836791992187500e+00) (8, 1.10972204208374023438e+01) (9, 1.59665226936340332031e+00) (10, 2.79258441925048828125e+00) (11, 1.85305821895599365234e+00) (3, 9.24460983276367187500e+00) (4, 8.11280918121337890625e+00) (5, 9.16956329345703125000e+00) (6, 9.05170249938964843750e+00) (7, 1.43061933517456054688e+01) (8, 3.49147720336914062500e+01) (9, 8.02153301239013671875e+00) (10, 8.90827274322509765625e+00) (11, 8.94478034973144531250e+00) 
