FANN_FLO_2.1
num_layers=3
learning_rate=0.500000
connection_rate=1.000000
network_type=0
learning_momentum=0.000000
training_algorithm=2
train_error_function=1
train_stop_function=0
cascade_output_change_fraction=0.010000
quickprop_decay=-0.000100
quickprop_mu=1.750000
rprop_increase_factor=1.200000
rprop_decrease_factor=0.500000
rprop_delta_min=0.000000
rprop_delta_max=50.000000
rprop_delta_zero=0.100000
cascade_output_stagnation_epochs=12
cascade_candidate_change_fraction=0.010000
cascade_candidate_stagnation_epochs=12
cascade_max_out_epochs=150
cascade_min_out_epochs=50
cascade_max_cand_epochs=150
cascade_min_cand_epochs=50
cascade_num_candidate_groups=2
bit_fail_limit=3.49999994039535522461e-01
cascade_candidate_limit=1.00000000000000000000e+03
cascade_weight_multiplier=4.00000005960464477539e-01
cascade_activation_functions_count=10
cascade_activation_functions=3 5 7 8 10 11 14 15 16 17 
cascade_activation_steepnesses_count=4
cascade_activation_steepnesses=2.50000000000000000000e-01 5.00000000000000000000e-01 7.50000000000000000000e-01 1.00000000000000000000e+00 
layer_sizes=3 5 4 
scale_included=0
neurons (num_inputs, activation_function, activation_steepness)=(0, 0, 0.00000000000000000000e+00) (0, 0, 0.00000000000000000000e+00) (0, 0, 0.00000000000000000000e+00) (3, 3, 5.00000000000000000000e-01) (3, 3, 5.00000000000000000000e-01) (3, 3, 5.00000000000000000000e-01) (3, 3, 5.00000000000000000000e-01) (0, 3, 0.00000000000000000000e+00) (5, 0, 5.00000000000000000000e-01) (5, 0, 5.00000000000000000000e-01) (5, 0, 5.00000000000000000000e-01) (0, 0, 0.00000000000000000000e+00) 
connections (connected_to_neuron, weight)=(0, -1.25898141860961914062e+01) (1, 1.24207105636596679688e+01) (2, 1.36937046051025390625e+01) (0, -1.62546181678771972656e+00) (1, -1.91842699050903320312e+00) (2, 5.24239063262939453125e-01) (0, -2.64446568489074707031e+00) (1, 5.06165862083435058594e-01) (2, 1.13809958100318908691e-01) (0, -2.18844623565673828125e+01) (1, 1.29160566329956054688e+01) (2, 1.40373678207397460938e+01) (3, 9.53680813312530517578e-01) (4, 3.55329513549804687500e+00) (5, 4.38795566558837890625e+00) (6, 9.23815786838531494141e-01) (7, 9.22513008117675781250e-01) (3, 3.76179504394531250000e+00) (4, 1.05775041580200195312e+01) (5, 1.14093351364135742188e+01) (6, 4.01213502883911132812e+00) (7, 3.65582060813903808594e+00) (3, 1.47831640243530273438e+01) (4, 3.43777046203613281250e+01) (5, 3.50574913024902343750e+01) (6, 1.23556537628173828125e+01) (7, 1.53592453002929687500e+01) 
