FANN_FLO_2.1
num_layers=4
learning_rate=0.300000
connection_rate=1.000000
network_type=0
learning_momentum=0.000000
training_algorithm=2
train_error_function=1
train_stop_function=0
cascade_output_change_fraction=0.010000
quickprop_decay=-0.000100
quickprop_mu=1.750000
rprop_increase_factor=1.200000
rprop_decrease_factor=0.500000
rprop_delta_min=0.000000
rprop_delta_max=50.000000
rprop_delta_zero=0.100000
cascade_output_stagnation_epochs=12
cascade_candidate_change_fraction=0.010000
cascade_candidate_stagnation_epochs=12
cascade_max_out_epochs=150
cascade_min_out_epochs=50
cascade_max_cand_epochs=150
cascade_min_cand_epochs=50
cascade_num_candidate_groups=2
bit_fail_limit=3.49999994039535522461e-01
cascade_candidate_limit=1.00000000000000000000e+03
cascade_weight_multiplier=4.00000005960464477539e-01
cascade_activation_functions_count=10
cascade_activation_functions=3 5 7 8 10 11 14 15 16 17 
cascade_activation_steepnesses_count=4
cascade_activation_steepnesses=2.50000000000000000000e-01 5.00000000000000000000e-01 7.50000000000000000000e-01 1.00000000000000000000e+00 
layer_sizes=2 5 3 3 
scale_included=0
neurons (num_inputs, activation_function, activation_steepness)=(0, 0, 0.00000000000000000000e+00) (0, 0, 0.00000000000000000000e+00) (2, 3, 5.00000000000000000000e-01) (2, 3, 5.00000000000000000000e-01) (2, 3, 5.00000000000000000000e-01) (2, 3, 5.00000000000000000000e-01) (0, 3, 0.00000000000000000000e+00) (5, 3, 5.00000000000000000000e-01) (5, 3, 5.00000000000000000000e-01) (0, 3, 0.00000000000000000000e+00) (3, 0, 5.00000000000000000000e-01) (3, 0, 5.00000000000000000000e-01) (0, 0, 0.00000000000000000000e+00) 
connections (connected_to_neuron, weight)=(0, -1.50000000000000000000e+03) (1, -1.23132324218750000000e+00) (0, -1.50000000000000000000e+03) (1, -2.08685245513916015625e+01) (0, -1.50000000000000000000e+03) (1, -1.80912256240844726562e+00) (0, -1.50000000000000000000e+03) (1, -1.61960220336914062500e+00) (2, 8.92190694808959960938e-01) (3, 1.27171266078948974609e+00) (4, 8.47988247871398925781e-01) (5, 4.54507529735565185547e-01) (6, 9.21916007995605468750e-01) (2, 5.99042534828186035156e-01) (3, 8.46999740600585937500e+00) (4, 7.60875344276428222656e-01) (5, 3.49011927843093872070e-01) (6, -8.70350182056427001953e-01) (7, -1.48930288851261138916e-02) (8, 1.77892640233039855957e-01) (9, -1.62099629640579223633e-01) (7, -8.93648684024810791016e-01) (8, -9.10370409488677978516e-01) (9, -2.24940329790115356445e-01) 
