FANN_FLO_2.1
num_layers=3
learning_rate=0.500000
connection_rate=1.000000
network_type=0
learning_momentum=0.000000
training_algorithm=2
train_error_function=1
train_stop_function=0
cascade_output_change_fraction=0.010000
quickprop_decay=-0.000100
quickprop_mu=1.750000
rprop_increase_factor=1.200000
rprop_decrease_factor=0.500000
rprop_delta_min=0.000000
rprop_delta_max=50.000000
rprop_delta_zero=0.100000
cascade_output_stagnation_epochs=12
cascade_candidate_change_fraction=0.010000
cascade_candidate_stagnation_epochs=12
cascade_max_out_epochs=150
cascade_min_out_epochs=50
cascade_max_cand_epochs=150
cascade_min_cand_epochs=50
cascade_num_candidate_groups=2
bit_fail_limit=3.49999994039535522461e-01
cascade_candidate_limit=1.00000000000000000000e+03
cascade_weight_multiplier=4.00000005960464477539e-01
cascade_activation_functions_count=10
cascade_activation_functions=3 5 7 8 10 11 14 15 16 17 
cascade_activation_steepnesses_count=4
cascade_activation_steepnesses=2.50000000000000000000e-01 5.00000000000000000000e-01 7.50000000000000000000e-01 1.00000000000000000000e+00 
layer_sizes=10 5 2 
scale_included=0
neurons (num_inputs, activation_function, activation_steepness)=(0, 0, 0.00000000000000000000e+00) (0, 0, 0.00000000000000000000e+00) (0, 0, 0.00000000000000000000e+00) (0, 0, 0.00000000000000000000e+00) (0, 0, 0.00000000000000000000e+00) (0, 0, 0.00000000000000000000e+00) (0, 0, 0.00000000000000000000e+00) (0, 0, 0.00000000000000000000e+00) (0, 0, 0.00000000000000000000e+00) (0, 0, 0.00000000000000000000e+00) (10, 3, 5.00000000000000000000e-01) (10, 3, 5.00000000000000000000e-01) (10, 3, 5.00000000000000000000e-01) (10, 3, 5.00000000000000000000e-01) (0, 3, 0.00000000000000000000e+00) (5, 3, 5.00000000000000000000e-01) (0, 3, 0.00000000000000000000e+00) 
connections (connected_to_neuron, weight)=(0, 6.52871251106262207031e-01) (1, 6.84287726879119873047e-01) (2, 5.97203373908996582031e-01) (3, 6.09216451644897460938e-01) (4, 6.12681984901428222656e-01) (5, 2.67289340496063232422e-01) (6, 4.10348773002624511719e-01) (7, 5.75720131397247314453e-01) (8, 2.31796786189079284668e-01) (9, -2.25906419754028320312e+00) (0, -3.71966272592544555664e-01) (1, -4.66450810432434082031e-01) (2, -2.72196382284164428711e-01) (3, -4.46672141551971435547e-01) (4, -4.06325519084930419922e-01) (5, -6.15149021148681640625e-01) (6, -3.45306396484375000000e-01) (7, -4.58191663026809692383e-01) (8, -4.46405082941055297852e-01) (9, 1.01124644279479980469e+00) (0, -3.44102561473846435547e-01) (1, -3.97140204906463623047e-01) (2, -5.82047045230865478516e-01) (3, -3.20977210998535156250e-01) (4, -6.70799732208251953125e-01) (5, -3.53217631578445434570e-01) (6, -3.30457240343093872070e-01) (7, -4.48816448450088500977e-01) (8, -4.26693558692932128906e-01) (9, 1.09726870059967041016e+00) (0, 5.77678382396697998047e-01) (1, 3.85016679763793945312e-01) (2, 4.50886905193328857422e-01) (3, 6.47753536701202392578e-01) (4, -2.09896769374608993530e-02) (5, 7.08639919757843017578e-01) (6, 9.59922254085540771484e-01) (7, 4.49470639228820800781e-01) (8, 8.42251777648925781250e-01) (9, -2.40355038642883300781e+00) (10, 9.01557564735412597656e-01) (11, -1.41238033771514892578e+00) (12, -1.38177967071533203125e+00) (13, 7.19348847866058349609e-01) (14, -1.06329787522554397583e-02) 
