FANN_FLO_2.1
num_layers=3
learning_rate=0.400000
connection_rate=1.000000
network_type=0
learning_momentum=0.000000
training_algorithm=2
train_error_function=1
train_stop_function=0
cascade_output_change_fraction=0.010000
quickprop_decay=-0.000100
quickprop_mu=1.750000
rprop_increase_factor=1.200000
rprop_decrease_factor=0.500000
rprop_delta_min=0.000000
rprop_delta_max=50.000000
rprop_delta_zero=0.100000
cascade_output_stagnation_epochs=12
cascade_candidate_change_fraction=0.010000
cascade_candidate_stagnation_epochs=12
cascade_max_out_epochs=150
cascade_min_out_epochs=50
cascade_max_cand_epochs=150
cascade_min_cand_epochs=50
cascade_num_candidate_groups=2
bit_fail_limit=3.49999994039535522461e-01
cascade_candidate_limit=1.00000000000000000000e+03
cascade_weight_multiplier=4.00000005960464477539e-01
cascade_activation_functions_count=10
cascade_activation_functions=3 5 7 8 10 11 14 15 16 17 
cascade_activation_steepnesses_count=4
cascade_activation_steepnesses=2.50000000000000000000e-01 5.00000000000000000000e-01 7.50000000000000000000e-01 1.00000000000000000000e+00 
layer_sizes=6 5 2 
scale_included=0
neurons (num_inputs, activation_function, activation_steepness)=(0, 0, 0.00000000000000000000e+00) (0, 0, 0.00000000000000000000e+00) (0, 0, 0.00000000000000000000e+00) (0, 0, 0.00000000000000000000e+00) (0, 0, 0.00000000000000000000e+00) (0, 0, 0.00000000000000000000e+00) (6, 3, 5.00000000000000000000e-01) (6, 3, 5.00000000000000000000e-01) (6, 3, 5.00000000000000000000e-01) (6, 3, 5.00000000000000000000e-01) (0, 3, 0.00000000000000000000e+00) (5, 0, 5.00000000000000000000e-01) (0, 0, 0.00000000000000000000e+00) 
connections (connected_to_neuron, weight)=(0, -1.50000000000000000000e+03) (1, -1.50000000000000000000e+03) (2, -5.80568742752075195312e+00) (3, -1.19645357131958007812e+00) (4, -1.55791783332824707031e+00) (5, -1.03661403059959411621e-01) (0, -1.50000000000000000000e+03) (1, -1.50000000000000000000e+03) (2, -6.28390026092529296875e+00) (3, -2.12918192148208618164e-01) (4, 4.39070850610733032227e-01) (5, 3.03081810474395751953e-01) (0, -1.50000000000000000000e+03) (1, -1.50000000000000000000e+03) (2, -4.82073450088500976562e+00) (3, -1.21543042361736297607e-01) (4, -6.44596219062805175781e-01) (5, 2.85725980997085571289e-01) (0, -1.50000000000000000000e+03) (1, -1.50000000000000000000e+03) (2, -4.29069232940673828125e+00) (3, -9.21467244625091552734e-01) (4, -1.61422336101531982422e+00) (5, -3.42351078987121582031e-01) (6, 5.89351348876953125000e+01) (7, 1.98745174407958984375e+01) (8, 1.95499382019042968750e+01) (9, 2.66490447998046875000e+02) (10, 9.51435387134552001953e-01) 
