FANN_FLO_2.1
num_layers=3
learning_rate=0.500000
connection_rate=1.000000
network_type=0
learning_momentum=0.000000
training_algorithm=2
train_error_function=1
train_stop_function=0
cascade_output_change_fraction=0.010000
quickprop_decay=-0.000100
quickprop_mu=1.750000
rprop_increase_factor=1.200000
rprop_decrease_factor=0.500000
rprop_delta_min=0.000000
rprop_delta_max=50.000000
rprop_delta_zero=0.100000
cascade_output_stagnation_epochs=12
cascade_candidate_change_fraction=0.010000
cascade_candidate_stagnation_epochs=12
cascade_max_out_epochs=150
cascade_min_out_epochs=50
cascade_max_cand_epochs=150
cascade_min_cand_epochs=50
cascade_num_candidate_groups=2
bit_fail_limit=3.49999994039535522461e-01
cascade_candidate_limit=1.00000000000000000000e+03
cascade_weight_multiplier=4.00000005960464477539e-01
cascade_activation_functions_count=10
cascade_activation_functions=3 5 7 8 10 11 14 15 16 17 
cascade_activation_steepnesses_count=4
cascade_activation_steepnesses=2.50000000000000000000e-01 5.00000000000000000000e-01 7.50000000000000000000e-01 1.00000000000000000000e+00 
layer_sizes=10 5 2 
scale_included=0
neurons (num_inputs, activation_function, activation_steepness)=(0, 0, 0.00000000000000000000e+00) (0, 0, 0.00000000000000000000e+00) (0, 0, 0.00000000000000000000e+00) (0, 0, 0.00000000000000000000e+00) (0, 0, 0.00000000000000000000e+00) (0, 0, 0.00000000000000000000e+00) (0, 0, 0.00000000000000000000e+00) (0, 0, 0.00000000000000000000e+00) (0, 0, 0.00000000000000000000e+00) (0, 0, 0.00000000000000000000e+00) (10, 3, 5.00000000000000000000e-01) (10, 3, 5.00000000000000000000e-01) (10, 3, 5.00000000000000000000e-01) (10, 3, 5.00000000000000000000e-01) (0, 3, 0.00000000000000000000e+00) (5, 3, 5.00000000000000000000e-01) (0, 3, 0.00000000000000000000e+00) 
connections (connected_to_neuron, weight)=(0, -3.66638362407684326172e-01) (1, -4.62126672267913818359e-01) (2, -6.89876317977905273438e-01) (3, -3.99532645940780639648e-01) (4, -3.73241126537322998047e-01) (5, -4.63646948337554931641e-01) (6, -6.12227618694305419922e-01) (7, -3.80111724138259887695e-01) (8, -5.89109420776367187500e-01) (9, 1.75615286827087402344e+00) (0, -6.04769706726074218750e-01) (1, -4.82315242290496826172e-01) (2, -1.37385129928588867188e-01) (3, -6.44164025783538818359e-01) (4, -6.28388047218322753906e-01) (5, -5.16248345375061035156e-01) (6, -4.55317720770835876465e-02) (7, -6.11053705215454101562e-01) (8, -1.90405979752540588379e-01) (9, 1.09162509441375732422e+00) (0, -3.35659265518188476562e-01) (1, -3.70606452226638793945e-01) (2, -6.50918722152709960938e-01) (3, -2.71697163581848144531e-01) (4, 1.66957810521125793457e-01) (5, -4.71870571374893188477e-01) (6, -5.85967898368835449219e-01) (7, -3.87638270854949951172e-01) (8, -6.78776502609252929688e-01) (9, 4.32143747806549072266e-01) (0, -5.78038394451141357422e-01) (1, -4.94681030511856079102e-01) (2, 1.37437889352440834045e-02) (3, -5.64428091049194335938e-01) (4, -9.04585540294647216797e-01) (5, -3.65402251482009887695e-01) (6, -2.02725157141685485840e-01) (7, -5.96760153770446777344e-01) (8, -1.04099109768867492676e-01) (9, 1.17189276218414306641e+00) (10, -2.00116920471191406250e+00) (11, -8.51419389247894287109e-01) (12, -1.02864003181457519531e+00) (13, -8.47248196601867675781e-01) (14, 1.55172765254974365234e+00) 
