FANN_FLO_2.1
num_layers=3
learning_rate=0.500000
connection_rate=1.000000
network_type=0
learning_momentum=0.000000
training_algorithm=2
train_error_function=1
train_stop_function=0
cascade_output_change_fraction=0.010000
quickprop_decay=-0.000100
quickprop_mu=1.750000
rprop_increase_factor=1.200000
rprop_decrease_factor=0.500000
rprop_delta_min=0.000000
rprop_delta_max=50.000000
rprop_delta_zero=0.100000
cascade_output_stagnation_epochs=12
cascade_candidate_change_fraction=0.010000
cascade_candidate_stagnation_epochs=12
cascade_max_out_epochs=150
cascade_min_out_epochs=50
cascade_max_cand_epochs=150
cascade_min_cand_epochs=50
cascade_num_candidate_groups=2
bit_fail_limit=3.49999994039535522461e-01
cascade_candidate_limit=1.00000000000000000000e+03
cascade_weight_multiplier=4.00000005960464477539e-01
cascade_activation_functions_count=10
cascade_activation_functions=3 5 7 8 10 11 14 15 16 17 
cascade_activation_steepnesses_count=4
cascade_activation_steepnesses=2.50000000000000000000e-01 5.00000000000000000000e-01 7.50000000000000000000e-01 1.00000000000000000000e+00 
layer_sizes=3 9 4 
scale_included=0
neurons (num_inputs, activation_function, activation_steepness)=(0, 0, 0.00000000000000000000e+00) (0, 0, 0.00000000000000000000e+00) (0, 0, 0.00000000000000000000e+00) (3, 3, 5.00000000000000000000e-01) (3, 3, 5.00000000000000000000e-01) (3, 3, 5.00000000000000000000e-01) (3, 3, 5.00000000000000000000e-01) (3, 3, 5.00000000000000000000e-01) (3, 3, 5.00000000000000000000e-01) (3, 3, 5.00000000000000000000e-01) (3, 3, 5.00000000000000000000e-01) (0, 3, 0.00000000000000000000e+00) (9, 0, 5.00000000000000000000e-01) (9, 0, 5.00000000000000000000e-01) (9, 0, 5.00000000000000000000e-01) (0, 0, 0.00000000000000000000e+00) 
connections (connected_to_neuron, weight)=(0, -5.58192443847656250000e+00) (1, 2.11874556541442871094e+00) (2, 1.01281392574310302734e+00) (0, -5.77880334854125976562e+00) (1, 2.26238429546356201172e-01) (2, 4.65718768537044525146e-02) (0, -9.24552321434020996094e-01) (1, -1.82804024219512939453e+00) (2, 1.09161816537380218506e-01) (0, -5.75478363037109375000e+00) (1, 8.83021831512451171875e+00) (2, 3.65641880035400390625e+00) (0, -6.92512226104736328125e+00) (1, 7.47984266281127929688e+00) (2, 1.03281707763671875000e+01) (0, -4.95815467834472656250e+00) (1, -1.99736487865447998047e+00) (2, -4.60521340370178222656e-01) (0, -6.80563831329345703125e+00) (1, 5.95205736160278320312e+00) (2, 4.49778795242309570312e+00) (0, -6.18218946456909179688e+00) (1, 4.58867168426513671875e+00) (2, 1.34801554679870605469e+00) (3, 1.43309128284454345703e+00) (4, 1.62138640880584716797e+00) (5, 2.66986250877380371094e+00) (6, 9.04238045215606689453e-01) (7, 3.73460650444030761719e-01) (8, 2.24433803558349609375e+00) (9, 5.73929846286773681641e-01) (10, 1.07934486865997314453e+00) (11, 3.95089238882064819336e-01) (3, 4.57452297210693359375e+00) (4, 4.30481958389282226562e+00) (5, 1.04591999053955078125e+01) (6, 3.01152372360229492188e+00) (7, 2.10064554214477539062e+00) (8, 4.58042955398559570312e+00) (9, 3.09168195724487304688e+00) (10, 2.48009634017944335938e+00) (11, 1.58612871170043945312e+00) (3, 1.22993288040161132812e+01) (4, 1.51266870498657226562e+01) (5, 3.64510917663574218750e+01) (6, 9.21491527557373046875e+00) (7, 9.05332088470458984375e+00) (8, 1.32475214004516601562e+01) (9, 9.22702026367187500000e+00) (10, 9.26164722442626953125e+00) (11, 8.86458301544189453125e+00) 
