FANN_FLO_2.1
num_layers=4
learning_rate=0.500000
connection_rate=1.000000
network_type=0
learning_momentum=0.000000
training_algorithm=2
train_error_function=1
train_stop_function=0
cascade_output_change_fraction=0.010000
quickprop_decay=-0.000100
quickprop_mu=1.750000
rprop_increase_factor=1.200000
rprop_decrease_factor=0.500000
rprop_delta_min=0.000000
rprop_delta_max=50.000000
rprop_delta_zero=0.100000
cascade_output_stagnation_epochs=12
cascade_candidate_change_fraction=0.010000
cascade_candidate_stagnation_epochs=12
cascade_max_out_epochs=150
cascade_min_out_epochs=50
cascade_max_cand_epochs=150
cascade_min_cand_epochs=50
cascade_num_candidate_groups=2
bit_fail_limit=3.49999994039535522461e-01
cascade_candidate_limit=1.00000000000000000000e+03
cascade_weight_multiplier=4.00000005960464477539e-01
cascade_activation_functions_count=10
cascade_activation_functions=3 5 7 8 10 11 14 15 16 17 
cascade_activation_steepnesses_count=4
cascade_activation_steepnesses=2.50000000000000000000e-01 5.00000000000000000000e-01 7.50000000000000000000e-01 1.00000000000000000000e+00 
layer_sizes=4 5 5 2 
scale_included=0
neurons (num_inputs, activation_function, activation_steepness)=(0, 0, 0.00000000000000000000e+00) (0, 0, 0.00000000000000000000e+00) (0, 0, 0.00000000000000000000e+00) (0, 0, 0.00000000000000000000e+00) (4, 3, 5.00000000000000000000e-01) (4, 3, 5.00000000000000000000e-01) (4, 3, 5.00000000000000000000e-01) (4, 3, 5.00000000000000000000e-01) (0, 3, 0.00000000000000000000e+00) (5, 3, 5.00000000000000000000e-01) (5, 3, 5.00000000000000000000e-01) (5, 3, 5.00000000000000000000e-01) (5, 3, 5.00000000000000000000e-01) (0, 3, 0.00000000000000000000e+00) (5, 3, 5.00000000000000000000e-01) (0, 3, 0.00000000000000000000e+00) 
connections (connected_to_neuron, weight)=(0, -1.49307324218750000000e+03) (1, 2.83847579956054687500e+01) (2, 4.49040126800537109375e+00) (3, 2.41031217575073242188e+00) (0, -1.02851794433593750000e+03) (1, 2.41283203125000000000e+02) (2, -1.95887470245361328125e+01) (3, 6.72493636608123779297e-01) (0, -3.09423851966857910156e+00) (1, -1.15097589492797851562e+01) (2, 4.87036228179931640625e+00) (3, 3.02566003799438476562e+00) (0, 4.07673645019531250000e+00) (1, -5.04308938980102539062e+00) (2, 8.49463462829589843750e+00) (3, -2.81251335144042968750e+00) (4, 4.29127624511718750000e+02) (5, -1.88697648048400878906e+00) (6, 2.32990264892578125000e+01) (7, -1.07872962951660156250e+01) (8, 3.46641039848327636719e+00) (4, 6.60312622070312500000e+02) (5, -1.81228840351104736328e+00) (6, 2.78514404296875000000e+01) (7, -1.24821033477783203125e+01) (8, 3.70229315757751464844e+00) (4, -1.22402563095092773438e+01) (5, 1.23188233375549316406e+00) (6, 1.81813163757324218750e+01) (7, -3.66470336914062500000e+00) (8, -3.38094025850296020508e-01) (4, -3.20058670043945312500e+01) (5, 2.37458491325378417969e+00) (6, 6.08645515441894531250e+01) (7, 2.01426005363464355469e+00) (8, -1.10954675674438476562e+01) (9, -6.32866740226745605469e-01) (10, -3.32892632484436035156e+00) (11, -4.24847364425659179688e+00) (12, 3.46985054016113281250e+00) (13, 2.45928859710693359375e+00) 
