FANN_FLO_2.1
num_layers=3
learning_rate=0.500000
connection_rate=1.000000
network_type=0
learning_momentum=0.000000
training_algorithm=2
train_error_function=1
train_stop_function=0
cascade_output_change_fraction=0.010000
quickprop_decay=-0.000100
quickprop_mu=1.750000
rprop_increase_factor=1.200000
rprop_decrease_factor=0.500000
rprop_delta_min=0.000000
rprop_delta_max=50.000000
rprop_delta_zero=0.100000
cascade_output_stagnation_epochs=12
cascade_candidate_change_fraction=0.010000
cascade_candidate_stagnation_epochs=12
cascade_max_out_epochs=150
cascade_min_out_epochs=50
cascade_max_cand_epochs=150
cascade_min_cand_epochs=50
cascade_num_candidate_groups=2
bit_fail_limit=3.49999994039535522461e-01
cascade_candidate_limit=1.00000000000000000000e+03
cascade_weight_multiplier=4.00000005960464477539e-01
cascade_activation_functions_count=10
cascade_activation_functions=3 5 7 8 10 11 14 15 16 17 
cascade_activation_steepnesses_count=4
cascade_activation_steepnesses=2.50000000000000000000e-01 5.00000000000000000000e-01 7.50000000000000000000e-01 1.00000000000000000000e+00 
layer_sizes=3 9 4 
scale_included=0
neurons (num_inputs, activation_function, activation_steepness)=(0, 0, 0.00000000000000000000e+00) (0, 0, 0.00000000000000000000e+00) (0, 0, 0.00000000000000000000e+00) (3, 3, 5.00000000000000000000e-01) (3, 3, 5.00000000000000000000e-01) (3, 3, 5.00000000000000000000e-01) (3, 3, 5.00000000000000000000e-01) (3, 3, 5.00000000000000000000e-01) (3, 3, 5.00000000000000000000e-01) (3, 3, 5.00000000000000000000e-01) (3, 3, 5.00000000000000000000e-01) (0, 3, 0.00000000000000000000e+00) (9, 0, 5.00000000000000000000e-01) (9, 0, 5.00000000000000000000e-01) (9, 0, 5.00000000000000000000e-01) (0, 0, 0.00000000000000000000e+00) 
connections (connected_to_neuron, weight)=(0, -5.28081226348876953125e+00) (1, 3.78972172737121582031e+00) (2, -4.93091851472854614258e-01) (0, -8.90563201904296875000e+00) (1, 7.85917997360229492188e+00) (2, 8.15204524993896484375e+00) (0, -6.87562513351440429688e+00) (1, 9.66225624084472656250e+00) (2, 7.66459369659423828125e+00) (0, -1.13782978057861328125e+01) (1, 8.50317287445068359375e+00) (2, 6.13278102874755859375e+00) (0, -6.03422451019287109375e+00) (1, 5.31459140777587890625e+00) (2, 1.03674049377441406250e+01) (0, -3.12714934349060058594e+00) (1, 3.87915521860122680664e-01) (2, 7.24666714668273925781e-01) (0, -3.36242270469665527344e+00) (1, -1.86009943485260009766e+00) (2, 6.21862113475799560547e-01) (0, -1.42489719390869140625e+00) (1, -3.07254552841186523438e+00) (2, 4.91792947053909301758e-01) (3, 1.85187649726867675781e+00) (4, 5.61080873012542724609e-01) (5, 6.96359217166900634766e-01) (6, 2.32049450278282165527e-01) (7, 5.61558425426483154297e-01) (8, 1.77904200553894042969e+00) (9, 2.86277627944946289062e+00) (10, 1.88300991058349609375e+00) (11, 3.93732845783233642578e-01) (3, 3.03062009811401367188e+00) (4, 2.51238489151000976562e+00) (5, 2.30851101875305175781e+00) (6, 2.29412913322448730469e+00) (7, 2.13535356521606445312e+00) (8, 7.07169914245605468750e+00) (9, 6.51427030563354492188e+00) (10, 7.16739177703857421875e+00) (11, 1.49218869209289550781e+00) (3, 8.41984939575195312500e+00) (4, 7.83592176437377929688e+00) (5, 7.76384592056274414062e+00) (6, 7.99950838088989257812e+00) (7, 8.33783912658691406250e+00) (8, 2.30421981811523437500e+01) (9, 2.04697875976562500000e+01) (10, 2.43152828216552734375e+01) (11, 8.42254066467285156250e+00) 
