FANN_FLO_2.1
num_layers=4
learning_rate=0.300000
connection_rate=1.000000
network_type=0
learning_momentum=0.000000
training_algorithm=2
train_error_function=1
train_stop_function=0
cascade_output_change_fraction=0.010000
quickprop_decay=-0.000100
quickprop_mu=1.750000
rprop_increase_factor=1.200000
rprop_decrease_factor=0.500000
rprop_delta_min=0.000000
rprop_delta_max=50.000000
rprop_delta_zero=0.100000
cascade_output_stagnation_epochs=12
cascade_candidate_change_fraction=0.010000
cascade_candidate_stagnation_epochs=12
cascade_max_out_epochs=150
cascade_min_out_epochs=50
cascade_max_cand_epochs=150
cascade_min_cand_epochs=50
cascade_num_candidate_groups=2
bit_fail_limit=3.49999994039535522461e-01
cascade_candidate_limit=1.00000000000000000000e+03
cascade_weight_multiplier=4.00000005960464477539e-01
cascade_activation_functions_count=10
cascade_activation_functions=3 5 7 8 10 11 14 15 16 17 
cascade_activation_steepnesses_count=4
cascade_activation_steepnesses=2.50000000000000000000e-01 5.00000000000000000000e-01 7.50000000000000000000e-01 1.00000000000000000000e+00 
layer_sizes=2 5 5 3 
scale_included=0
neurons (num_inputs, activation_function, activation_steepness)=(0, 0, 0.00000000000000000000e+00) (0, 0, 0.00000000000000000000e+00) (2, 3, 5.00000000000000000000e-01) (2, 3, 5.00000000000000000000e-01) (2, 3, 5.00000000000000000000e-01) (2, 3, 5.00000000000000000000e-01) (0, 3, 0.00000000000000000000e+00) (5, 3, 5.00000000000000000000e-01) (5, 3, 5.00000000000000000000e-01) (5, 3, 5.00000000000000000000e-01) (5, 3, 5.00000000000000000000e-01) (0, 3, 0.00000000000000000000e+00) (5, 0, 5.00000000000000000000e-01) (5, 0, 5.00000000000000000000e-01) (0, 0, 0.00000000000000000000e+00) 
connections (connected_to_neuron, weight)=(0, -1.33622252941131591797e+00) (1, -1.37728416919708251953e+00) (0, -9.91482772827148437500e+01) (1, -1.18394327163696289062e+00) (0, -5.04875087738037109375e+00) (1, -6.14138507843017578125e+00) (0, -1.49310767650604248047e+00) (1, -1.44839119911193847656e+00) (2, 6.93242847919464111328e-02) (3, 2.38125858306884765625e+01) (4, -7.64392089843750000000e+00) (5, 1.03201307356357574463e-01) (6, -6.60677623748779296875e+00) (2, -5.67155718803405761719e-01) (3, 8.19637775421142578125e+00) (4, 7.01460659503936767578e-01) (5, -5.36184608936309814453e-01) (6, -5.45814096927642822266e-01) (2, 7.45926797389984130859e-01) (3, 2.99966067075729370117e-01) (4, -6.57387614250183105469e-01) (5, 7.39165365695953369141e-01) (6, 2.93979078531265258789e-01) (2, -1.06977081298828125000e+00) (3, 3.11165237426757812500e+00) (4, 2.10308599472045898438e+00) (5, -2.23901963233947753906e+00) (6, -1.68760323524475097656e+00) (7, 1.77615821361541748047e-01) (8, -6.09763450920581817627e-02) (9, -1.40631943941116333008e-01) (10, 7.85838663578033447266e-02) (11, -7.37132430076599121094e-02) (7, -5.24790823459625244141e-01) (8, -4.15784865617752075195e-01) (9, -4.13341552019119262695e-01) (10, -4.32744085788726806641e-01) (11, -5.58252096176147460938e-01) 
