FANN_FLO_2.1
num_layers=3
learning_rate=0.450000
connection_rate=1.000000
network_type=0
learning_momentum=0.000000
training_algorithm=2
train_error_function=1
train_stop_function=0
cascade_output_change_fraction=0.010000
quickprop_decay=-0.000100
quickprop_mu=1.750000
rprop_increase_factor=1.200000
rprop_decrease_factor=0.500000
rprop_delta_min=0.000000
rprop_delta_max=50.000000
rprop_delta_zero=0.100000
cascade_output_stagnation_epochs=12
cascade_candidate_change_fraction=0.010000
cascade_candidate_stagnation_epochs=12
cascade_max_out_epochs=150
cascade_min_out_epochs=50
cascade_max_cand_epochs=150
cascade_min_cand_epochs=50
cascade_num_candidate_groups=2
bit_fail_limit=3.49999994039535522461e-01
cascade_candidate_limit=1.00000000000000000000e+03
cascade_weight_multiplier=4.00000005960464477539e-01
cascade_activation_functions_count=10
cascade_activation_functions=3 5 7 8 10 11 14 15 16 17 
cascade_activation_steepnesses_count=4
cascade_activation_steepnesses=2.50000000000000000000e-01 5.00000000000000000000e-01 7.50000000000000000000e-01 1.00000000000000000000e+00 
layer_sizes=7 5 2 
scale_included=0
neurons (num_inputs, activation_function, activation_steepness)=(0, 0, 0.00000000000000000000e+00) (0, 0, 0.00000000000000000000e+00) (0, 0, 0.00000000000000000000e+00) (0, 0, 0.00000000000000000000e+00) (0, 0, 0.00000000000000000000e+00) (0, 0, 0.00000000000000000000e+00) (0, 0, 0.00000000000000000000e+00) (7, 3, 5.00000000000000000000e-01) (7, 3, 5.00000000000000000000e-01) (7, 3, 5.00000000000000000000e-01) (7, 3, 5.00000000000000000000e-01) (0, 3, 0.00000000000000000000e+00) (5, 0, 5.00000000000000000000e-01) (0, 0, 0.00000000000000000000e+00) 
connections (connected_to_neuron, weight)=(0, -6.26540541648864746094e-01) (1, 1.31475877761840820312e+00) (2, 3.33004784584045410156e+00) (3, -6.15195870399475097656e-01) (4, 1.87767469882965087891e+00) (5, -4.37365245819091796875e+00) (6, -3.58021855354309082031e-01) (0, 2.50218808650970458984e-01) (1, -1.83483526110649108887e-01) (2, -2.35999509692192077637e-01) (3, 3.86416852474212646484e-01) (4, -1.09701544046401977539e-01) (5, -7.07259356975555419922e-01) (6, 9.24402809143066406250e+00) (0, 8.07109475135803222656e-01) (1, 5.88490366935729980469e-01) (2, 2.51759409904479980469e+00) (3, 8.21517229080200195312e-01) (4, -9.53392791748046875000e+00) (5, 3.03243207931518554688e+00) (6, -7.11703300476074218750e+00) (0, -6.90967619419097900391e-01) (1, -9.46195006370544433594e-01) (2, 1.67337667942047119141e+00) (3, -7.60518968105316162109e-01) (4, -8.40173423290252685547e-01) (5, 1.82713353633880615234e+00) (6, -7.18625068664550781250e-01) (7, -3.61136272549629211426e-02) (8, 3.93884539604187011719e-01) (9, -5.79623505473136901855e-02) (10, 4.08893018960952758789e-01) (11, -3.40246915817260742188e-01) 
