FANN_FLO_2.1
num_layers=3
learning_rate=0.500000
connection_rate=1.000000
network_type=0
learning_momentum=0.000000
training_algorithm=2
train_error_function=1
train_stop_function=0
cascade_output_change_fraction=0.010000
quickprop_decay=-0.000100
quickprop_mu=1.750000
rprop_increase_factor=1.200000
rprop_decrease_factor=0.500000
rprop_delta_min=0.000000
rprop_delta_max=50.000000
rprop_delta_zero=0.100000
cascade_output_stagnation_epochs=12
cascade_candidate_change_fraction=0.010000
cascade_candidate_stagnation_epochs=12
cascade_max_out_epochs=150
cascade_min_out_epochs=50
cascade_max_cand_epochs=150
cascade_min_cand_epochs=50
cascade_num_candidate_groups=2
bit_fail_limit=3.49999994039535522461e-01
cascade_candidate_limit=1.00000000000000000000e+03
cascade_weight_multiplier=4.00000005960464477539e-01
cascade_activation_functions_count=10
cascade_activation_functions=3 5 7 8 10 11 14 15 16 17 
cascade_activation_steepnesses_count=4
cascade_activation_steepnesses=2.50000000000000000000e-01 5.00000000000000000000e-01 7.50000000000000000000e-01 1.00000000000000000000e+00 
layer_sizes=10 3 2 
scale_included=0
neurons (num_inputs, activation_function, activation_steepness)=(0, 0, 0.00000000000000000000e+00) (0, 0, 0.00000000000000000000e+00) (0, 0, 0.00000000000000000000e+00) (0, 0, 0.00000000000000000000e+00) (0, 0, 0.00000000000000000000e+00) (0, 0, 0.00000000000000000000e+00) (0, 0, 0.00000000000000000000e+00) (0, 0, 0.00000000000000000000e+00) (0, 0, 0.00000000000000000000e+00) (0, 0, 0.00000000000000000000e+00) (10, 3, 5.00000000000000000000e-01) (10, 3, 5.00000000000000000000e-01) (0, 3, 0.00000000000000000000e+00) (3, 3, 5.00000000000000000000e-01) (0, 3, 0.00000000000000000000e+00) 
connections (connected_to_neuron, weight)=(0, 9.82725203037261962891e-01) (1, 9.41377699375152587891e-01) (2, 5.30457317829132080078e-01) (3, 2.70064711570739746094e-01) (4, -4.45788912475109100342e-02) (5, 6.94881260395050048828e-01) (6, 8.85760128498077392578e-01) (7, 7.10329413414001464844e-01) (8, 8.32440435886383056641e-01) (9, -8.13145518302917480469e-01) (0, -6.07355475425720214844e-01) (1, -6.40719890594482421875e-01) (2, -7.07197070121765136719e-01) (3, -7.54752278327941894531e-01) (4, -8.83452773094177246094e-01) (5, -6.71959817409515380859e-01) (6, -6.40152752399444580078e-01) (7, -6.65628135204315185547e-01) (8, -6.72424376010894775391e-01) (9, 3.02590990066528320312e+00) (10, 1.10448384284973144531e+00) (11, -2.36490797996520996094e+00) (12, 1.50384858250617980957e-01) 
