FANN_FLO_2.1
num_layers=3
learning_rate=0.500000
connection_rate=1.000000
network_type=0
learning_momentum=0.000000
training_algorithm=2
train_error_function=1
train_stop_function=0
cascade_output_change_fraction=0.010000
quickprop_decay=-0.000100
quickprop_mu=1.750000
rprop_increase_factor=1.200000
rprop_decrease_factor=0.500000
rprop_delta_min=0.000000
rprop_delta_max=50.000000
rprop_delta_zero=0.100000
cascade_output_stagnation_epochs=12
cascade_candidate_change_fraction=0.010000
cascade_candidate_stagnation_epochs=12
cascade_max_out_epochs=150
cascade_min_out_epochs=50
cascade_max_cand_epochs=150
cascade_min_cand_epochs=50
cascade_num_candidate_groups=2
bit_fail_limit=3.49999994039535522461e-01
cascade_candidate_limit=1.00000000000000000000e+03
cascade_weight_multiplier=4.00000005960464477539e-01
cascade_activation_functions_count=10
cascade_activation_functions=3 5 7 8 10 11 14 15 16 17 
cascade_activation_steepnesses_count=4
cascade_activation_steepnesses=2.50000000000000000000e-01 5.00000000000000000000e-01 7.50000000000000000000e-01 1.00000000000000000000e+00 
layer_sizes=10 5 2 
scale_included=0
neurons (num_inputs, activation_function, activation_steepness)=(0, 0, 0.00000000000000000000e+00) (0, 0, 0.00000000000000000000e+00) (0, 0, 0.00000000000000000000e+00) (0, 0, 0.00000000000000000000e+00) (0, 0, 0.00000000000000000000e+00) (0, 0, 0.00000000000000000000e+00) (0, 0, 0.00000000000000000000e+00) (0, 0, 0.00000000000000000000e+00) (0, 0, 0.00000000000000000000e+00) (0, 0, 0.00000000000000000000e+00) (10, 3, 5.00000000000000000000e-01) (10, 3, 5.00000000000000000000e-01) (10, 3, 5.00000000000000000000e-01) (10, 3, 5.00000000000000000000e-01) (0, 3, 0.00000000000000000000e+00) (5, 3, 5.00000000000000000000e-01) (0, 3, 0.00000000000000000000e+00) 
connections (connected_to_neuron, weight)=(0, -4.42817538976669311523e-01) (1, -3.46335083246231079102e-01) (2, -2.67016887664794921875e-01) (3, -3.26927959918975830078e-01) (4, -5.92063009738922119141e-01) (5, -5.86967647075653076172e-01) (6, -1.58403098583221435547e-01) (7, -4.50489580631256103516e-01) (8, -2.37656667828559875488e-01) (9, 1.07277917861938476562e+00) (0, 4.48671579360961914062e-01) (1, 2.23306164145469665527e-01) (2, 1.14230406284332275391e+00) (3, 4.50299501419067382812e-01) (4, -3.97031493484973907471e-02) (5, 5.65433874726295471191e-02) (6, 1.21335101127624511719e+00) (7, 2.96121060848236083984e-01) (8, 1.79046049714088439941e-01) (9, -9.49009716510772705078e-01) (0, -2.98174977302551269531e-01) (1, -4.25722181797027587891e-01) (2, -1.62567898631095886230e-01) (3, -2.63806313276290893555e-01) (4, -4.17298436164855957031e-01) (5, -5.70815920829772949219e-01) (6, -1.92683622241020202637e-01) (7, -4.04707252979278564453e-01) (8, -6.32201015949249267578e-01) (9, 1.02490305900573730469e+00) (0, -3.76647531986236572266e-01) (1, -6.16366088390350341797e-01) (2, -1.40215799212455749512e-01) (3, -5.58131158351898193359e-01) (4, -3.55072826147079467773e-01) (5, -2.44112923741340637207e-01) (6, -1.10043920576572418213e-01) (7, -4.93422746658325195312e-01) (8, -4.81566816568374633789e-01) (9, 9.90662455558776855469e-01) (10, -1.50588297843933105469e+00) (11, 1.22768926620483398438e+00) (12, -1.32679069042205810547e+00) (13, -1.30713510513305664062e+00) (14, 5.18049001693725585938e-01) 
