FANN_FLO_2.1
num_layers=3
learning_rate=0.300000
connection_rate=1.000000
network_type=0
learning_momentum=0.000000
training_algorithm=2
train_error_function=1
train_stop_function=0
cascade_output_change_fraction=0.010000
quickprop_decay=-0.000100
quickprop_mu=1.750000
rprop_increase_factor=1.200000
rprop_decrease_factor=0.500000
rprop_delta_min=0.000000
rprop_delta_max=50.000000
rprop_delta_zero=0.100000
cascade_output_stagnation_epochs=12
cascade_candidate_change_fraction=0.010000
cascade_candidate_stagnation_epochs=12
cascade_max_out_epochs=150
cascade_min_out_epochs=50
cascade_max_cand_epochs=150
cascade_min_cand_epochs=50
cascade_num_candidate_groups=2
bit_fail_limit=3.49999994039535522461e-01
cascade_candidate_limit=1.00000000000000000000e+03
cascade_weight_multiplier=4.00000005960464477539e-01
cascade_activation_functions_count=10
cascade_activation_functions=3 5 7 8 10 11 14 15 16 17 
cascade_activation_steepnesses_count=4
cascade_activation_steepnesses=2.50000000000000000000e-01 5.00000000000000000000e-01 7.50000000000000000000e-01 1.00000000000000000000e+00 
layer_sizes=4 9 2 
scale_included=0
neurons (num_inputs, activation_function, activation_steepness)=(0, 0, 0.00000000000000000000e+00) (0, 0, 0.00000000000000000000e+00) (0, 0, 0.00000000000000000000e+00) (0, 0, 0.00000000000000000000e+00) (4, 3, 5.00000000000000000000e-01) (4, 3, 5.00000000000000000000e-01) (4, 3, 5.00000000000000000000e-01) (4, 3, 5.00000000000000000000e-01) (4, 3, 5.00000000000000000000e-01) (4, 3, 5.00000000000000000000e-01) (4, 3, 5.00000000000000000000e-01) (4, 3, 5.00000000000000000000e-01) (0, 3, 0.00000000000000000000e+00) (9, 3, 5.00000000000000000000e-01) (0, 3, 0.00000000000000000000e+00) 
connections (connected_to_neuron, weight)=(0, -2.03537654876708984375e+00) (1, 8.57586026191711425781e-01) (2, -9.51341211795806884766e-01) (3, 5.07753658294677734375e+00) (0, -1.03928260505199432373e-01) (1, 4.66556623578071594238e-02) (2, -4.70218777656555175781e-01) (3, 2.95627355575561523438e+00) (0, -1.32925844192504882812e+00) (1, 8.78388583660125732422e-01) (2, -2.11010861396789550781e+00) (3, 5.86246395111083984375e+00) (0, 3.03274173736572265625e+01) (1, 5.75567054748535156250e+00) (2, -2.18472457885742187500e+02) (3, -3.94829064607620239258e-02) (0, 1.49999987792968750000e+03) (1, 6.67526473999023437500e+01) (2, 1.49999987792968750000e+03) (3, 1.05815351009368896484e+00) (0, -8.53954479098320007324e-02) (1, 1.05185694992542266846e-02) (2, -1.28037258982658386230e-01) (3, 7.00261533260345458984e-01) (0, 1.34999130249023437500e+02) (1, 1.11472349166870117188e+01) (2, -9.68833923339843750000e+02) (3, 2.36824639141559600830e-02) (0, 3.23616623878479003906e+00) (1, -1.38944745063781738281e+00) (2, -1.77196180820465087891e+00) (3, 3.92800197005271911621e-02) (4, -1.97135865688323974609e-01) (5, -1.22951626777648925781e+00) (6, -2.40996509790420532227e-01) (7, -1.03027686476707458496e-01) (8, 1.06569445133209228516e+00) (9, -1.07366676330566406250e+01) (10, -3.73698025941848754883e-01) (11, 1.42364770174026489258e-01) (12, 3.90631020069122314453e-01) 
