FANN_FLO_2.1
num_layers=3
learning_rate=0.500000
connection_rate=1.000000
network_type=0
learning_momentum=0.000000
training_algorithm=2
train_error_function=1
train_stop_function=0
cascade_output_change_fraction=0.010000
quickprop_decay=-0.000100
quickprop_mu=1.750000
rprop_increase_factor=1.200000
rprop_decrease_factor=0.500000
rprop_delta_min=0.000000
rprop_delta_max=50.000000
rprop_delta_zero=0.100000
cascade_output_stagnation_epochs=12
cascade_candidate_change_fraction=0.010000
cascade_candidate_stagnation_epochs=12
cascade_max_out_epochs=150
cascade_min_out_epochs=50
cascade_max_cand_epochs=150
cascade_min_cand_epochs=50
cascade_num_candidate_groups=2
bit_fail_limit=3.49999994039535522461e-01
cascade_candidate_limit=1.00000000000000000000e+03
cascade_weight_multiplier=4.00000005960464477539e-01
cascade_activation_functions_count=10
cascade_activation_functions=3 5 7 8 10 11 14 15 16 17 
cascade_activation_steepnesses_count=4
cascade_activation_steepnesses=2.50000000000000000000e-01 5.00000000000000000000e-01 7.50000000000000000000e-01 1.00000000000000000000e+00 
layer_sizes=3 5 4 
scale_included=0
neurons (num_inputs, activation_function, activation_steepness)=(0, 0, 0.00000000000000000000e+00) (0, 0, 0.00000000000000000000e+00) (0, 0, 0.00000000000000000000e+00) (3, 3, 5.00000000000000000000e-01) (3, 3, 5.00000000000000000000e-01) (3, 3, 5.00000000000000000000e-01) (3, 3, 5.00000000000000000000e-01) (0, 3, 0.00000000000000000000e+00) (5, 0, 5.00000000000000000000e-01) (5, 0, 5.00000000000000000000e-01) (5, 0, 5.00000000000000000000e-01) (0, 0, 0.00000000000000000000e+00) 
connections (connected_to_neuron, weight)=(0, -1.64082443714141845703e+00) (1, -1.91702175140380859375e+00) (2, 4.91651564836502075195e-01) (0, -2.67654109001159667969e+00) (1, 5.02656817436218261719e-01) (2, 9.41909328103065490723e-02) (0, -1.32609634399414062500e+01) (1, 1.08054962158203125000e+01) (2, 4.22631263732910156250e+00) (0, -1.23308458328247070312e+01) (1, 1.36295642852783203125e+01) (2, 1.03760747909545898438e+01) (3, 3.72878408432006835938e+00) (4, 4.25896692276000976562e+00) (5, 1.05988347530364990234e+00) (6, 1.04663026332855224609e+00) (7, 7.45915889739990234375e-01) (3, 1.12356500625610351562e+01) (4, 1.09005107879638671875e+01) (5, 3.83346700668334960938e+00) (6, 4.51884603500366210938e+00) (7, 3.27588200569152832031e+00) (3, 3.67106056213378906250e+01) (4, 3.36360282897949218750e+01) (5, 1.15950269699096679688e+01) (6, 1.48273963928222656250e+01) (7, 1.66210155487060546875e+01) 
