FANN_FLO_2.1
num_layers=3
learning_rate=0.400000
connection_rate=1.000000
network_type=0
learning_momentum=0.000000
training_algorithm=2
train_error_function=1
train_stop_function=0
cascade_output_change_fraction=0.010000
quickprop_decay=-0.000100
quickprop_mu=1.750000
rprop_increase_factor=1.200000
rprop_decrease_factor=0.500000
rprop_delta_min=0.000000
rprop_delta_max=50.000000
rprop_delta_zero=0.100000
cascade_output_stagnation_epochs=12
cascade_candidate_change_fraction=0.010000
cascade_candidate_stagnation_epochs=12
cascade_max_out_epochs=150
cascade_min_out_epochs=50
cascade_max_cand_epochs=150
cascade_min_cand_epochs=50
cascade_num_candidate_groups=2
bit_fail_limit=3.49999994039535522461e-01
cascade_candidate_limit=1.00000000000000000000e+03
cascade_weight_multiplier=4.00000005960464477539e-01
cascade_activation_functions_count=10
cascade_activation_functions=3 5 7 8 10 11 14 15 16 17 
cascade_activation_steepnesses_count=4
cascade_activation_steepnesses=2.50000000000000000000e-01 5.00000000000000000000e-01 7.50000000000000000000e-01 1.00000000000000000000e+00 
layer_sizes=6 5 2 
scale_included=0
neurons (num_inputs, activation_function, activation_steepness)=(0, 0, 0.00000000000000000000e+00) (0, 0, 0.00000000000000000000e+00) (0, 0, 0.00000000000000000000e+00) (0, 0, 0.00000000000000000000e+00) (0, 0, 0.00000000000000000000e+00) (0, 0, 0.00000000000000000000e+00) (6, 3, 5.00000000000000000000e-01) (6, 3, 5.00000000000000000000e-01) (6, 3, 5.00000000000000000000e-01) (6, 3, 5.00000000000000000000e-01) (0, 3, 0.00000000000000000000e+00) (5, 0, 5.00000000000000000000e-01) (0, 0, 0.00000000000000000000e+00) 
connections (connected_to_neuron, weight)=(0, -1.50000000000000000000e+03) (1, -1.50000000000000000000e+03) (2, -3.97400970458984375000e+01) (3, -1.44692916870117187500e+02) (4, -6.68233184814453125000e+01) (5, 8.97280335426330566406e-01) (0, -1.50000000000000000000e+03) (1, -1.50000000000000000000e+03) (2, -8.19193801879882812500e+01) (3, -1.02209228515625000000e+02) (4, -4.00107240676879882812e+00) (5, 2.48560070991516113281e+00) (0, -1.50000000000000000000e+03) (1, -1.23746325683593750000e+03) (2, 2.32513856887817382812e+00) (3, -5.08973312377929687500e+01) (4, 8.35307407379150390625e+00) (5, 4.33280676603317260742e-01) (0, -1.50000000000000000000e+03) (1, -1.50000000000000000000e+03) (2, -1.29291248321533203125e+01) (3, -7.75882873535156250000e+01) (4, -5.93024864196777343750e+01) (5, 4.45554405450820922852e-01) (6, 7.38254308700561523438e-01) (7, 1.16393142700195312500e+02) (8, 9.61582183837890625000e+00) (9, 8.77677154541015625000e+00) (10, 7.96170115470886230469e-01) 
