FANN_FLO_2.1
num_layers=3
learning_rate=0.500000
connection_rate=1.000000
network_type=0
learning_momentum=0.000000
training_algorithm=2
train_error_function=1
train_stop_function=0
cascade_output_change_fraction=0.010000
quickprop_decay=-0.000100
quickprop_mu=1.750000
rprop_increase_factor=1.200000
rprop_decrease_factor=0.500000
rprop_delta_min=0.000000
rprop_delta_max=50.000000
rprop_delta_zero=0.100000
cascade_output_stagnation_epochs=12
cascade_candidate_change_fraction=0.010000
cascade_candidate_stagnation_epochs=12
cascade_max_out_epochs=150
cascade_min_out_epochs=50
cascade_max_cand_epochs=150
cascade_min_cand_epochs=50
cascade_num_candidate_groups=2
bit_fail_limit=3.49999994039535522461e-01
cascade_candidate_limit=1.00000000000000000000e+03
cascade_weight_multiplier=4.00000005960464477539e-01
cascade_activation_functions_count=10
cascade_activation_functions=3 5 7 8 10 11 14 15 16 17 
cascade_activation_steepnesses_count=4
cascade_activation_steepnesses=2.50000000000000000000e-01 5.00000000000000000000e-01 7.50000000000000000000e-01 1.00000000000000000000e+00 
layer_sizes=9 3 2 
scale_included=0
neurons (num_inputs, activation_function, activation_steepness)=(0, 0, 0.00000000000000000000e+00) (0, 0, 0.00000000000000000000e+00) (0, 0, 0.00000000000000000000e+00) (0, 0, 0.00000000000000000000e+00) (0, 0, 0.00000000000000000000e+00) (0, 0, 0.00000000000000000000e+00) (0, 0, 0.00000000000000000000e+00) (0, 0, 0.00000000000000000000e+00) (0, 0, 0.00000000000000000000e+00) (9, 3, 5.00000000000000000000e-01) (9, 3, 5.00000000000000000000e-01) (0, 3, 0.00000000000000000000e+00) (3, 0, 5.00000000000000000000e-01) (0, 0, 0.00000000000000000000e+00) 
connections (connected_to_neuron, weight)=(0, -4.98667731881141662598e-02) (1, 9.75686535239219665527e-02) (2, -9.52472090721130371094e-02) (3, -2.17441871762275695801e-01) (4, -2.14699685573577880859e-01) (5, 1.16812765598297119141e-01) (6, 6.46975338459014892578e-02) (7, 1.76450401544570922852e-01) (8, 7.29137659072875976562e-02) (0, 6.69773370027542114258e-02) (1, -1.87095656991004943848e-01) (2, 1.18957296013832092285e-01) (3, 4.60063517093658447266e-02) (4, 1.12167082726955413818e-01) (5, -1.18010364472866058350e-01) (6, 8.98560881614685058594e-02) (7, -5.40995523333549499512e-02) (8, -1.60841450095176696777e-01) (9, -2.17689126729965209961e-01) (10, -7.65335336327552795410e-02) (11, -1.23082429170608520508e-01) 
