FANN_FLO_2.1
num_layers=3
learning_rate=0.400000
connection_rate=1.000000
network_type=0
learning_momentum=0.000000
training_algorithm=2
train_error_function=1
train_stop_function=0
cascade_output_change_fraction=0.010000
quickprop_decay=-0.000100
quickprop_mu=1.750000
rprop_increase_factor=1.200000
rprop_decrease_factor=0.500000
rprop_delta_min=0.000000
rprop_delta_max=50.000000
rprop_delta_zero=0.100000
cascade_output_stagnation_epochs=12
cascade_candidate_change_fraction=0.010000
cascade_candidate_stagnation_epochs=12
cascade_max_out_epochs=150
cascade_min_out_epochs=50
cascade_max_cand_epochs=150
cascade_min_cand_epochs=50
cascade_num_candidate_groups=2
bit_fail_limit=3.49999994039535522461e-01
cascade_candidate_limit=1.00000000000000000000e+03
cascade_weight_multiplier=4.00000005960464477539e-01
cascade_activation_functions_count=10
cascade_activation_functions=3 5 7 8 10 11 14 15 16 17 
cascade_activation_steepnesses_count=4
cascade_activation_steepnesses=2.50000000000000000000e-01 5.00000000000000000000e-01 7.50000000000000000000e-01 1.00000000000000000000e+00 
layer_sizes=10 3 2 
scale_included=0
neurons (num_inputs, activation_function, activation_steepness)=(0, 0, 0.00000000000000000000e+00) (0, 0, 0.00000000000000000000e+00) (0, 0, 0.00000000000000000000e+00) (0, 0, 0.00000000000000000000e+00) (0, 0, 0.00000000000000000000e+00) (0, 0, 0.00000000000000000000e+00) (0, 0, 0.00000000000000000000e+00) (0, 0, 0.00000000000000000000e+00) (0, 0, 0.00000000000000000000e+00) (0, 0, 0.00000000000000000000e+00) (10, 3, 5.00000000000000000000e-01) (10, 3, 5.00000000000000000000e-01) (0, 3, 0.00000000000000000000e+00) (3, 3, 5.00000000000000000000e-01) (0, 3, 0.00000000000000000000e+00) 
connections (connected_to_neuron, weight)=(0, 5.59487342834472656250e-02) (1, 7.72524625062942504883e-02) (2, 5.08130341768264770508e-02) (3, 9.87623482942581176758e-02) (4, 1.42931491136550903320e-01) (5, 1.72860503196716308594e-01) (6, 4.19358313083648681641e-02) (7, 4.86300513148307800293e-02) (8, 1.88161462545394897461e-01) (9, 2.93521657586097717285e-02) (0, -5.34505024552345275879e-02) (1, -1.50505080819129943848e-01) (2, -1.37624233961105346680e-01) (3, -4.06265482306480407715e-02) (4, -1.76115304231643676758e-01) (5, -4.95003238320350646973e-02) (6, -1.12138450145721435547e-01) (7, -1.98717504739761352539e-01) (8, -1.91129148006439208984e-01) (9, -1.40528097748756408691e-01) (10, -1.94553524255752563477e-01) (11, -7.80290141701698303223e-02) (12, -4.75165173411369323730e-02) 
