FANN_FLO_2.1
num_layers=4
learning_rate=0.500000
connection_rate=1.000000
network_type=0
learning_momentum=0.000000
training_algorithm=2
train_error_function=1
train_stop_function=0
cascade_output_change_fraction=0.010000
quickprop_decay=-0.000100
quickprop_mu=1.750000
rprop_increase_factor=1.200000
rprop_decrease_factor=0.500000
rprop_delta_min=0.000000
rprop_delta_max=50.000000
rprop_delta_zero=0.100000
cascade_output_stagnation_epochs=12
cascade_candidate_change_fraction=0.010000
cascade_candidate_stagnation_epochs=12
cascade_max_out_epochs=150
cascade_min_out_epochs=50
cascade_max_cand_epochs=150
cascade_min_cand_epochs=50
cascade_num_candidate_groups=2
bit_fail_limit=3.49999994039535522461e-01
cascade_candidate_limit=1.00000000000000000000e+03
cascade_weight_multiplier=4.00000005960464477539e-01
cascade_activation_functions_count=10
cascade_activation_functions=3 5 7 8 10 11 14 15 16 17 
cascade_activation_steepnesses_count=4
cascade_activation_steepnesses=2.50000000000000000000e-01 5.00000000000000000000e-01 7.50000000000000000000e-01 1.00000000000000000000e+00 
layer_sizes=4 5 5 2 
scale_included=0
neurons (num_inputs, activation_function, activation_steepness)=(0, 0, 0.00000000000000000000e+00) (0, 0, 0.00000000000000000000e+00) (0, 0, 0.00000000000000000000e+00) (0, 0, 0.00000000000000000000e+00) (4, 3, 5.00000000000000000000e-01) (4, 3, 5.00000000000000000000e-01) (4, 3, 5.00000000000000000000e-01) (4, 3, 5.00000000000000000000e-01) (0, 3, 0.00000000000000000000e+00) (5, 3, 5.00000000000000000000e-01) (5, 3, 5.00000000000000000000e-01) (5, 3, 5.00000000000000000000e-01) (5, 3, 5.00000000000000000000e-01) (0, 3, 0.00000000000000000000e+00) (5, 3, 5.00000000000000000000e-01) (0, 3, 0.00000000000000000000e+00) 
connections (connected_to_neuron, weight)=(0, -5.65170335769653320312e+00) (1, -3.92766141891479492188e+00) (2, -1.21704041957855224609e+00) (3, 4.43240261077880859375e+00) (0, 6.48379028320312500000e+02) (1, -7.84908981323242187500e+01) (2, -1.42375292968750000000e+03) (3, 3.00330877304077148438e+00) (0, 1.50000000000000000000e+03) (1, 2.57038617134094238281e+00) (2, 1.50000000000000000000e+03) (3, 1.03943576812744140625e+01) (0, -1.70719871520996093750e+01) (1, -1.49240550994873046875e+01) (2, 1.33682537078857421875e+01) (3, 4.03871202468872070312e+00) (4, 3.26053771972656250000e+01) (5, -5.92990815639495849609e-01) (6, -4.97209024429321289062e+00) (7, -1.46863336563110351562e+01) (8, -2.58312177658081054688e+00) (4, 2.98310737609863281250e+01) (5, -5.42734324932098388672e-01) (6, -4.45253610610961914062e+00) (7, -1.38204364776611328125e+01) (8, -2.50221753120422363281e+00) (4, 3.21099662780761718750e+01) (5, -4.52737897634506225586e-01) (6, -4.74367713928222656250e+00) (7, -1.46593074798583984375e+01) (8, -2.85977363586425781250e+00) (4, 2.77501716613769531250e+01) (5, -4.50883328914642333984e-01) (6, -4.28915214538574218750e+00) (7, -1.24573869705200195312e+01) (8, -2.24495673179626464844e+00) (9, -1.48617637157440185547e+00) (10, -1.05210232734680175781e+00) (11, -9.76528048515319824219e-01) (12, -9.29040789604187011719e-01) (13, 2.16937780380249023438e+00) 
