FANN_FLO_2.1
num_layers=4
learning_rate=0.450000
connection_rate=1.000000
network_type=0
learning_momentum=0.000000
training_algorithm=2
train_error_function=1
train_stop_function=0
cascade_output_change_fraction=0.010000
quickprop_decay=-0.000100
quickprop_mu=1.750000
rprop_increase_factor=1.200000
rprop_decrease_factor=0.500000
rprop_delta_min=0.000000
rprop_delta_max=50.000000
rprop_delta_zero=0.100000
cascade_output_stagnation_epochs=12
cascade_candidate_change_fraction=0.010000
cascade_candidate_stagnation_epochs=12
cascade_max_out_epochs=150
cascade_min_out_epochs=50
cascade_max_cand_epochs=150
cascade_min_cand_epochs=50
cascade_num_candidate_groups=2
bit_fail_limit=3.49999994039535522461e-01
cascade_candidate_limit=1.00000000000000000000e+03
cascade_weight_multiplier=4.00000005960464477539e-01
cascade_activation_functions_count=10
cascade_activation_functions=3 5 7 8 10 11 14 15 16 17 
cascade_activation_steepnesses_count=4
cascade_activation_steepnesses=2.50000000000000000000e-01 5.00000000000000000000e-01 7.50000000000000000000e-01 1.00000000000000000000e+00 
layer_sizes=7 3 3 2 
scale_included=0
neurons (num_inputs, activation_function, activation_steepness)=(0, 0, 0.00000000000000000000e+00) (0, 0, 0.00000000000000000000e+00) (0, 0, 0.00000000000000000000e+00) (0, 0, 0.00000000000000000000e+00) (0, 0, 0.00000000000000000000e+00) (0, 0, 0.00000000000000000000e+00) (0, 0, 0.00000000000000000000e+00) (7, 3, 5.00000000000000000000e-01) (7, 3, 5.00000000000000000000e-01) (0, 3, 0.00000000000000000000e+00) (3, 3, 5.00000000000000000000e-01) (3, 3, 5.00000000000000000000e-01) (0, 3, 0.00000000000000000000e+00) (3, 0, 5.00000000000000000000e-01) (0, 0, 0.00000000000000000000e+00) 
connections (connected_to_neuron, weight)=(0, 1.37866878509521484375e+00) (1, 4.86548207700252532959e-02) (2, 4.07888107001781463623e-02) (3, 4.98885482549667358398e-01) (4, 2.30958104133605957031e-01) (5, -2.43230891227722167969e+00) (6, 1.11281728744506835938e+00) (0, 1.04183495044708251953e+00) (1, 4.71921056509017944336e-01) (2, 1.60395413637161254883e-01) (3, 4.49632346630096435547e-01) (4, 4.22374725341796875000e-01) (5, -2.73378777503967285156e+00) (6, -7.19306826591491699219e-01) (7, -2.52407240867614746094e+00) (8, 1.30285739898681640625e+00) (9, 1.27313435077667236328e+00) (7, 2.89001274108886718750e+00) (8, -3.06860113143920898438e+00) (9, -1.26066780090332031250e+00) (10, -9.77858975529670715332e-02) (11, 3.69448959827423095703e-01) (12, -7.82045256346464157104e-03) 
