FANN_FLO_2.1
num_layers=3
learning_rate=0.500000
connection_rate=1.000000
network_type=0
learning_momentum=0.000000
training_algorithm=2
train_error_function=1
train_stop_function=0
cascade_output_change_fraction=0.010000
quickprop_decay=-0.000100
quickprop_mu=1.750000
rprop_increase_factor=1.200000
rprop_decrease_factor=0.500000
rprop_delta_min=0.000000
rprop_delta_max=50.000000
rprop_delta_zero=0.100000
cascade_output_stagnation_epochs=12
cascade_candidate_change_fraction=0.010000
cascade_candidate_stagnation_epochs=12
cascade_max_out_epochs=150
cascade_min_out_epochs=50
cascade_max_cand_epochs=150
cascade_min_cand_epochs=50
cascade_num_candidate_groups=2
bit_fail_limit=3.49999994039535522461e-01
cascade_candidate_limit=1.00000000000000000000e+03
cascade_weight_multiplier=4.00000005960464477539e-01
cascade_activation_functions_count=10
cascade_activation_functions=3 5 7 8 10 11 14 15 16 17 
cascade_activation_steepnesses_count=4
cascade_activation_steepnesses=2.50000000000000000000e-01 5.00000000000000000000e-01 7.50000000000000000000e-01 1.00000000000000000000e+00 
layer_sizes=10 5 2 
scale_included=0
neurons (num_inputs, activation_function, activation_steepness)=(0, 0, 0.00000000000000000000e+00) (0, 0, 0.00000000000000000000e+00) (0, 0, 0.00000000000000000000e+00) (0, 0, 0.00000000000000000000e+00) (0, 0, 0.00000000000000000000e+00) (0, 0, 0.00000000000000000000e+00) (0, 0, 0.00000000000000000000e+00) (0, 0, 0.00000000000000000000e+00) (0, 0, 0.00000000000000000000e+00) (0, 0, 0.00000000000000000000e+00) (10, 3, 5.00000000000000000000e-01) (10, 3, 5.00000000000000000000e-01) (10, 3, 5.00000000000000000000e-01) (10, 3, 5.00000000000000000000e-01) (0, 3, 0.00000000000000000000e+00) (5, 3, 5.00000000000000000000e-01) (0, 3, 0.00000000000000000000e+00) 
connections (connected_to_neuron, weight)=(0, -1.73807173967361450195e-01) (1, -5.87804138660430908203e-01) (2, -1.48986876010894775391e-01) (3, -6.04209125041961669922e-01) (4, -9.43720340728759765625e-01) (5, -2.41005048155784606934e-01) (6, -1.69077247381210327148e-01) (7, -5.30187904834747314453e-01) (8, -3.08563798666000366211e-01) (9, 1.33009839057922363281e+00) (0, -4.22474950551986694336e-01) (1, -3.04461419582366943359e-01) (2, -5.48526465892791748047e-01) (3, -3.23294103145599365234e-01) (4, -3.13229352235794067383e-01) (5, -4.73687201738357543945e-01) (6, -4.79520618915557861328e-01) (7, -3.78347456455230712891e-01) (8, -4.02752369642257690430e-01) (9, 1.13324654102325439453e+00) (0, -5.03496289253234863281e-01) (1, -3.84599566459655761719e-01) (2, -4.93959248065948486328e-01) (3, -3.20233970880508422852e-01) (4, 6.28561973571777343750e-02) (5, -5.60660898685455322266e-01) (6, -4.83647048473358154297e-01) (7, -3.84524255990982055664e-01) (8, -4.44227844476699829102e-01) (9, 9.09802973270416259766e-01) (0, -5.75751125812530517578e-01) (1, -4.00179177522659301758e-01) (2, -2.99253880977630615234e-01) (3, -2.32745766639709472656e-01) (4, -3.75047236680984497070e-01) (5, -2.04829901456832885742e-01) (6, -5.27416229248046875000e-01) (7, -3.57810258865356445312e-01) (8, -3.95317703485488891602e-01) (9, 7.30277597904205322266e-01) (10, -1.30478549003601074219e+00) (11, -1.56753575801849365234e+00) (12, -1.53964889049530029297e+00) (13, -8.15979003906250000000e-01) (14, 1.71180796623229980469e+00) 
