FANN_FLO_2.1
num_layers=3
learning_rate=0.300000
connection_rate=1.000000
network_type=0
learning_momentum=0.000000
training_algorithm=2
train_error_function=1
train_stop_function=0
cascade_output_change_fraction=0.010000
quickprop_decay=-0.000100
quickprop_mu=1.750000
rprop_increase_factor=1.200000
rprop_decrease_factor=0.500000
rprop_delta_min=0.000000
rprop_delta_max=50.000000
rprop_delta_zero=0.100000
cascade_output_stagnation_epochs=12
cascade_candidate_change_fraction=0.010000
cascade_candidate_stagnation_epochs=12
cascade_max_out_epochs=150
cascade_min_out_epochs=50
cascade_max_cand_epochs=150
cascade_min_cand_epochs=50
cascade_num_candidate_groups=2
bit_fail_limit=3.49999994039535522461e-01
cascade_candidate_limit=1.00000000000000000000e+03
cascade_weight_multiplier=4.00000005960464477539e-01
cascade_activation_functions_count=10
cascade_activation_functions=3 5 7 8 10 11 14 15 16 17 
cascade_activation_steepnesses_count=4
cascade_activation_steepnesses=2.50000000000000000000e-01 5.00000000000000000000e-01 7.50000000000000000000e-01 1.00000000000000000000e+00 
layer_sizes=4 9 2 
scale_included=0
neurons (num_inputs, activation_function, activation_steepness)=(0, 0, 0.00000000000000000000e+00) (0, 0, 0.00000000000000000000e+00) (0, 0, 0.00000000000000000000e+00) (0, 0, 0.00000000000000000000e+00) (4, 3, 5.00000000000000000000e-01) (4, 3, 5.00000000000000000000e-01) (4, 3, 5.00000000000000000000e-01) (4, 3, 5.00000000000000000000e-01) (4, 3, 5.00000000000000000000e-01) (4, 3, 5.00000000000000000000e-01) (4, 3, 5.00000000000000000000e-01) (4, 3, 5.00000000000000000000e-01) (0, 3, 0.00000000000000000000e+00) (9, 3, 5.00000000000000000000e-01) (0, 3, 0.00000000000000000000e+00) 
connections (connected_to_neuron, weight)=(0, 4.97125744819641113281e-01) (1, -3.76960307359695434570e-01) (2, 7.24440097808837890625e-01) (3, 2.65864551067352294922e-01) (0, 2.73216575384140014648e-01) (1, -4.39753711223602294922e-01) (2, 1.67821097373962402344e+00) (3, 8.78615677356719970703e-03) (0, -9.04167413711547851562e-01) (1, 5.59680521488189697266e-01) (2, -2.33882522583007812500e+00) (3, 3.45973658561706542969e+00) (0, 7.69064486026763916016e-01) (1, 4.45340156555175781250e-01) (2, -6.59080839157104492188e+00) (3, 5.14342880249023437500e+00) (0, -9.52845141291618347168e-02) (1, 2.20673903822898864746e-02) (2, -1.33315250277519226074e-01) (3, 5.05681872367858886719e-01) (0, -1.78552210330963134766e-01) (1, -8.43066535890102386475e-03) (2, 8.30491781234741210938e-02) (3, 2.47045469284057617188e+00) (0, -1.65612804889678955078e+00) (1, 6.99092507362365722656e-01) (2, -1.29524385929107666016e+00) (3, 2.04044008255004882812e+00) (0, -9.44847539067268371582e-02) (1, 3.72754931449890136719e-02) (2, -5.76011836528778076172e-01) (3, 2.86820435523986816406e+00) (4, 5.88792562484741210938e-01) (5, 3.90012174844741821289e-01) (6, -2.02512845396995544434e-01) (7, 1.25125530757941305637e-04) (8, -3.64796853065490722656e+00) (9, -2.14029073715209960938e+00) (10, -1.82827264070510864258e-02) (11, -2.36198234558105468750e+00) (12, 5.15226721763610839844e-01) 
