FANN_FLO_2.1
num_layers=3
learning_rate=0.500000
connection_rate=1.000000
network_type=0
learning_momentum=0.000000
training_algorithm=2
train_error_function=1
train_stop_function=0
cascade_output_change_fraction=0.010000
quickprop_decay=-0.000100
quickprop_mu=1.750000
rprop_increase_factor=1.200000
rprop_decrease_factor=0.500000
rprop_delta_min=0.000000
rprop_delta_max=50.000000
rprop_delta_zero=0.100000
cascade_output_stagnation_epochs=12
cascade_candidate_change_fraction=0.010000
cascade_candidate_stagnation_epochs=12
cascade_max_out_epochs=150
cascade_min_out_epochs=50
cascade_max_cand_epochs=150
cascade_min_cand_epochs=50
cascade_num_candidate_groups=2
bit_fail_limit=3.49999994039535522461e-01
cascade_candidate_limit=1.00000000000000000000e+03
cascade_weight_multiplier=4.00000005960464477539e-01
cascade_activation_functions_count=10
cascade_activation_functions=3 5 7 8 10 11 14 15 16 17 
cascade_activation_steepnesses_count=4
cascade_activation_steepnesses=2.50000000000000000000e-01 5.00000000000000000000e-01 7.50000000000000000000e-01 1.00000000000000000000e+00 
layer_sizes=7 9 2 
scale_included=0
neurons (num_inputs, activation_function, activation_steepness)=(0, 0, 0.00000000000000000000e+00) (0, 0, 0.00000000000000000000e+00) (0, 0, 0.00000000000000000000e+00) (0, 0, 0.00000000000000000000e+00) (0, 0, 0.00000000000000000000e+00) (0, 0, 0.00000000000000000000e+00) (0, 0, 0.00000000000000000000e+00) (7, 3, 5.00000000000000000000e-01) (7, 3, 5.00000000000000000000e-01) (7, 3, 5.00000000000000000000e-01) (7, 3, 5.00000000000000000000e-01) (7, 3, 5.00000000000000000000e-01) (7, 3, 5.00000000000000000000e-01) (7, 3, 5.00000000000000000000e-01) (7, 3, 5.00000000000000000000e-01) (0, 3, 0.00000000000000000000e+00) (9, 0, 5.00000000000000000000e-01) (0, 0, 0.00000000000000000000e+00) 
connections (connected_to_neuron, weight)=(0, -1.80759029388427734375e+01) (1, -3.42731618881225585938e+00) (2, -6.65731567382812500000e+02) (3, -6.43985033035278320312e-01) (4, -3.63563880920410156250e+01) (5, 7.62163639068603515625e-01) (6, -3.36032104492187500000e+00) (0, -1.39690911769866943359e+00) (1, -2.67030715942382812500e-01) (2, -1.49000144004821777344e+00) (3, -1.24450184404850006104e-01) (4, -7.30184555053710937500e-01) (5, -3.39536637067794799805e-01) (6, -3.68805944919586181641e-01) (0, -4.46710681915283203125e+00) (1, -3.50689721107482910156e+00) (2, -7.62548675537109375000e+01) (3, -2.43060970306396484375e+00) (4, 2.66399421691894531250e+01) (5, 9.40420341491699218750e+00) (6, -3.20573329925537109375e+00) (0, 6.25030822753906250000e+01) (1, 3.42972695827484130859e-01) (2, 6.22787170410156250000e+01) (3, -2.00780487060546875000e+00) (4, -1.50000000000000000000e+03) (5, -4.86258649826049804688e+00) (6, -9.49149578809738159180e-02) (0, -5.83234541118144989014e-02) (1, -4.31815326213836669922e-01) (2, 1.18639469146728515625e+01) (3, -2.67834782600402832031e-01) (4, 7.27550208568572998047e-01) (5, 1.45187675952911376953e-01) (6, -3.15580070018768310547e-01) (0, -1.45279753208160400391e+00) (1, -4.36144679784774780273e-01) (2, 2.16459727287292480469e+00) (3, -2.10638135671615600586e-01) (4, -3.41677933931350708008e-01) (5, -2.37864971160888671875e-01) (6, -4.09290075302124023438e-01) (0, -3.66446942090988159180e-01) (1, -4.17442619800567626953e-01) (2, 9.86655771732330322266e-01) (3, -2.17105284333229064941e-01) (4, 2.39781290292739868164e-02) (5, -6.79927110671997070312e-01) (6, -3.82678151130676269531e-01) (0, -7.41155371069908142090e-02) (1, -1.37976557016372680664e-01) (2, -2.97249078750610351562e-01) (3, 1.55242159962654113770e-01) (4, 1.07638910412788391113e-01) (5, 2.90370494127273559570e-01) (6, 1.53965663909912109375e+00) (7, 2.65278503417968750000e+02) (8, 2.90250110626220703125e+00) (9, -1.31633104756474494934e-02) (10, 6.90800048828125000000e+02) (11, -4.32188156992197036743e-03) (12, 2.89251608774065971375e-03) (13, 7.81075330451130867004e-03) (14, 2.86080576479434967041e-02) (15, -1.12558528780937194824e-03) 
