FANN_FLO_2.1
num_layers=4
learning_rate=0.300000
connection_rate=1.000000
network_type=0
learning_momentum=0.000000
training_algorithm=2
train_error_function=1
train_stop_function=0
cascade_output_change_fraction=0.010000
quickprop_decay=-0.000100
quickprop_mu=1.750000
rprop_increase_factor=1.200000
rprop_decrease_factor=0.500000
rprop_delta_min=0.000000
rprop_delta_max=50.000000
rprop_delta_zero=0.100000
cascade_output_stagnation_epochs=12
cascade_candidate_change_fraction=0.010000
cascade_candidate_stagnation_epochs=12
cascade_max_out_epochs=150
cascade_min_out_epochs=50
cascade_max_cand_epochs=150
cascade_min_cand_epochs=50
cascade_num_candidate_groups=2
bit_fail_limit=3.49999994039535522461e-01
cascade_candidate_limit=1.00000000000000000000e+03
cascade_weight_multiplier=4.00000005960464477539e-01
cascade_activation_functions_count=10
cascade_activation_functions=3 5 7 8 10 11 14 15 16 17 
cascade_activation_steepnesses_count=4
cascade_activation_steepnesses=2.50000000000000000000e-01 5.00000000000000000000e-01 7.50000000000000000000e-01 1.00000000000000000000e+00 
layer_sizes=2 5 5 3 
scale_included=0
neurons (num_inputs, activation_function, activation_steepness)=(0, 0, 0.00000000000000000000e+00) (0, 0, 0.00000000000000000000e+00) (2, 3, 5.00000000000000000000e-01) (2, 3, 5.00000000000000000000e-01) (2, 3, 5.00000000000000000000e-01) (2, 3, 5.00000000000000000000e-01) (0, 3, 0.00000000000000000000e+00) (5, 3, 5.00000000000000000000e-01) (5, 3, 5.00000000000000000000e-01) (5, 3, 5.00000000000000000000e-01) (5, 3, 5.00000000000000000000e-01) (0, 3, 0.00000000000000000000e+00) (5, 0, 5.00000000000000000000e-01) (5, 0, 5.00000000000000000000e-01) (0, 0, 0.00000000000000000000e+00) 
connections (connected_to_neuron, weight)=(0, -4.16924362182617187500e+01) (1, -1.44353246688842773438e+01) (0, -3.11297264099121093750e+01) (1, -1.08869957923889160156e+00) (0, -1.20620031356811523438e+01) (1, -2.57322728633880615234e-01) (0, -5.69645080566406250000e+01) (1, -7.72814095020294189453e-01) (2, 7.33091674804687500000e+02) (3, 4.75294923782348632812e+00) (4, 2.17483744025230407715e-01) (5, 6.76019966602325439453e-01) (6, -4.02308702468872070312e-01) (2, 3.22270355224609375000e+01) (3, 7.82144594192504882812e+00) (4, 3.22560101747512817383e-01) (5, 4.90496993064880371094e-01) (6, -1.84942996501922607422e+00) (2, -3.34167790412902832031e+00) (3, 7.37087774276733398438e+00) (4, 3.46633136272430419922e-01) (5, 3.35263669490814208984e-01) (6, -2.80239391326904296875e+00) (2, 1.01591400146484375000e+03) (3, 6.25756883621215820312e+00) (4, 5.86080327630043029785e-02) (5, 5.80196499824523925781e-01) (6, -1.04482793807983398438e+00) (7, 6.05134367942810058594e-02) (8, 1.02327339351177215576e-01) (9, 2.40183264017105102539e-01) (10, -4.97685894370079040527e-02) (11, -3.40445697307586669922e-01) (7, -5.76610505580902099609e-01) (8, -3.68543446063995361328e-01) (9, -6.69458210468292236328e-01) (10, -5.87202668190002441406e-01) (11, -9.43801328539848327637e-02) 
