FANN_FLO_2.1
num_layers=4
learning_rate=0.450000
connection_rate=1.000000
network_type=0
learning_momentum=0.000000
training_algorithm=2
train_error_function=1
train_stop_function=0
cascade_output_change_fraction=0.010000
quickprop_decay=-0.000100
quickprop_mu=1.750000
rprop_increase_factor=1.200000
rprop_decrease_factor=0.500000
rprop_delta_min=0.000000
rprop_delta_max=50.000000
rprop_delta_zero=0.100000
cascade_output_stagnation_epochs=12
cascade_candidate_change_fraction=0.010000
cascade_candidate_stagnation_epochs=12
cascade_max_out_epochs=150
cascade_min_out_epochs=50
cascade_max_cand_epochs=150
cascade_min_cand_epochs=50
cascade_num_candidate_groups=2
bit_fail_limit=3.49999994039535522461e-01
cascade_candidate_limit=1.00000000000000000000e+03
cascade_weight_multiplier=4.00000005960464477539e-01
cascade_activation_functions_count=10
cascade_activation_functions=3 5 7 8 10 11 14 15 16 17 
cascade_activation_steepnesses_count=4
cascade_activation_steepnesses=2.50000000000000000000e-01 5.00000000000000000000e-01 7.50000000000000000000e-01 1.00000000000000000000e+00 
layer_sizes=7 5 5 2 
scale_included=0
neurons (num_inputs, activation_function, activation_steepness)=(0, 0, 0.00000000000000000000e+00) (0, 0, 0.00000000000000000000e+00) (0, 0, 0.00000000000000000000e+00) (0, 0, 0.00000000000000000000e+00) (0, 0, 0.00000000000000000000e+00) (0, 0, 0.00000000000000000000e+00) (0, 0, 0.00000000000000000000e+00) (7, 3, 5.00000000000000000000e-01) (7, 3, 5.00000000000000000000e-01) (7, 3, 5.00000000000000000000e-01) (7, 3, 5.00000000000000000000e-01) (0, 3, 0.00000000000000000000e+00) (5, 3, 5.00000000000000000000e-01) (5, 3, 5.00000000000000000000e-01) (5, 3, 5.00000000000000000000e-01) (5, 3, 5.00000000000000000000e-01) (0, 3, 0.00000000000000000000e+00) (5, 0, 5.00000000000000000000e-01) (0, 0, 0.00000000000000000000e+00) 
connections (connected_to_neuron, weight)=(0, 1.50000000000000000000e+03) (1, -1.50000000000000000000e+03) (2, 1.50000000000000000000e+03) (3, 1.50000000000000000000e+03) (4, -1.50000000000000000000e+03) (5, 1.50000000000000000000e+03) (6, 9.47878479957580566406e-01) (0, 1.50000000000000000000e+03) (1, -1.50000000000000000000e+03) (2, 1.50000000000000000000e+03) (3, 1.50000000000000000000e+03) (4, -1.50000000000000000000e+03) (5, 1.50000000000000000000e+03) (6, 9.32964801788330078125e-01) (0, 1.50000000000000000000e+03) (1, -1.50000000000000000000e+03) (2, 1.50000000000000000000e+03) (3, 1.50000000000000000000e+03) (4, -1.50000000000000000000e+03) (5, 1.50000000000000000000e+03) (6, 9.49387013912200927734e-01) (0, 1.50000000000000000000e+03) (1, -1.50000000000000000000e+03) (2, 1.50000000000000000000e+03) (3, 1.50000000000000000000e+03) (4, -1.50000000000000000000e+03) (5, 1.50000000000000000000e+03) (6, 9.08330321311950683594e-01) (7, -1.70453703403472900391e+00) (8, -1.83660304546356201172e+00) (9, -1.64381563663482666016e+00) (10, -1.83542692661285400391e+00) (11, -1.76541686058044433594e+00) (7, -1.58583574295043945312e+01) (8, -1.59375925064086914062e+01) (9, -1.58922281265258789062e+01) (10, -1.59640235900878906250e+01) (11, -1.58635187149047851562e+01) (7, -4.07680869102478027344e-01) (8, -2.88794994354248046875e-01) (9, -2.74115681648254394531e-01) (10, -3.08661609888076782227e-01) (11, -3.76457959413528442383e-01) (7, -3.10720086097717285156e-01) (8, -2.68384367227554321289e-01) (9, -2.64911144971847534180e-01) (10, -2.31474742293357849121e-01) (11, -3.85708421468734741211e-01) (12, -1.17065817117691040039e-01) (13, -1.43224584960937500000e+03) (14, -5.71562089025974273682e-02) (15, 8.42951461672782897949e-02) (16, 1.55758466571569442749e-02) 
