FANN_FLO_2.1
num_layers=4
learning_rate=0.500000
connection_rate=1.000000
network_type=0
learning_momentum=0.000000
training_algorithm=2
train_error_function=1
train_stop_function=0
cascade_output_change_fraction=0.010000
quickprop_decay=-0.000100
quickprop_mu=1.750000
rprop_increase_factor=1.200000
rprop_decrease_factor=0.500000
rprop_delta_min=0.000000
rprop_delta_max=50.000000
rprop_delta_zero=0.100000
cascade_output_stagnation_epochs=12
cascade_candidate_change_fraction=0.010000
cascade_candidate_stagnation_epochs=12
cascade_max_out_epochs=150
cascade_min_out_epochs=50
cascade_max_cand_epochs=150
cascade_min_cand_epochs=50
cascade_num_candidate_groups=2
bit_fail_limit=3.49999994039535522461e-01
cascade_candidate_limit=1.00000000000000000000e+03
cascade_weight_multiplier=4.00000005960464477539e-01
cascade_activation_functions_count=10
cascade_activation_functions=3 5 7 8 10 11 14 15 16 17 
cascade_activation_steepnesses_count=4
cascade_activation_steepnesses=2.50000000000000000000e-01 5.00000000000000000000e-01 7.50000000000000000000e-01 1.00000000000000000000e+00 
layer_sizes=4 5 3 2 
scale_included=0
neurons (num_inputs, activation_function, activation_steepness)=(0, 0, 0.00000000000000000000e+00) (0, 0, 0.00000000000000000000e+00) (0, 0, 0.00000000000000000000e+00) (0, 0, 0.00000000000000000000e+00) (4, 3, 5.00000000000000000000e-01) (4, 3, 5.00000000000000000000e-01) (4, 3, 5.00000000000000000000e-01) (4, 3, 5.00000000000000000000e-01) (0, 3, 0.00000000000000000000e+00) (5, 3, 5.00000000000000000000e-01) (5, 3, 5.00000000000000000000e-01) (0, 3, 0.00000000000000000000e+00) (3, 3, 5.00000000000000000000e-01) (0, 3, 0.00000000000000000000e+00) 
connections (connected_to_neuron, weight)=(0, -3.96079254150390625000e+00) (1, 1.39636147022247314453e+00) (2, -2.31936049461364746094e+00) (3, 1.42809927463531494141e+00) (0, -4.73924303054809570312e+00) (1, -7.42445898056030273438e+00) (2, 4.55025768280029296875e+00) (3, 1.49230802059173583984e+00) (0, -4.70016908645629882812e+00) (1, -1.48935470581054687500e+01) (2, 6.42802572250366210938e+00) (3, 3.16559863090515136719e+00) (0, -4.77119922637939453125e+00) (1, -1.25591802597045898438e+01) (2, 3.44883346557617187500e+00) (3, 3.46499848365783691406e+00) (4, 8.76360797882080078125e+00) (5, 3.64863133430480957031e+00) (6, 1.85259962081909179688e+00) (7, 8.72364461421966552734e-01) (8, -2.13822412490844726562e+00) (4, 2.81468811035156250000e+01) (5, 4.15544509887695312500e+00) (6, 4.79886436462402343750e+00) (7, 5.63607835769653320312e+00) (8, -5.64203262329101562500e+00) (9, 1.43865776062011718750e+00) (10, -6.10209798812866210938e+00) (11, 2.47818064689636230469e+00) 
