FANN_FLO_2.1
num_layers=4
learning_rate=0.300000
connection_rate=1.000000
network_type=0
learning_momentum=0.000000
training_algorithm=2
train_error_function=1
train_stop_function=0
cascade_output_change_fraction=0.010000
quickprop_decay=-0.000100
quickprop_mu=1.750000
rprop_increase_factor=1.200000
rprop_decrease_factor=0.500000
rprop_delta_min=0.000000
rprop_delta_max=50.000000
rprop_delta_zero=0.100000
cascade_output_stagnation_epochs=12
cascade_candidate_change_fraction=0.010000
cascade_candidate_stagnation_epochs=12
cascade_max_out_epochs=150
cascade_min_out_epochs=50
cascade_max_cand_epochs=150
cascade_min_cand_epochs=50
cascade_num_candidate_groups=2
bit_fail_limit=3.49999994039535522461e-01
cascade_candidate_limit=1.00000000000000000000e+03
cascade_weight_multiplier=4.00000005960464477539e-01
cascade_activation_functions_count=10
cascade_activation_functions=3 5 7 8 10 11 14 15 16 17 
cascade_activation_steepnesses_count=4
cascade_activation_steepnesses=2.50000000000000000000e-01 5.00000000000000000000e-01 7.50000000000000000000e-01 1.00000000000000000000e+00 
layer_sizes=2 5 3 3 
scale_included=0
neurons (num_inputs, activation_function, activation_steepness)=(0, 0, 0.00000000000000000000e+00) (0, 0, 0.00000000000000000000e+00) (2, 3, 5.00000000000000000000e-01) (2, 3, 5.00000000000000000000e-01) (2, 3, 5.00000000000000000000e-01) (2, 3, 5.00000000000000000000e-01) (0, 3, 0.00000000000000000000e+00) (5, 3, 5.00000000000000000000e-01) (5, 3, 5.00000000000000000000e-01) (0, 3, 0.00000000000000000000e+00) (3, 0, 5.00000000000000000000e-01) (3, 0, 5.00000000000000000000e-01) (0, 0, 0.00000000000000000000e+00) 
connections (connected_to_neuron, weight)=(0, -8.99982261657714843750e+00) (1, -3.89423179626464843750e+00) (0, 6.17748403549194335938e+00) (1, 1.38664026260375976562e+01) (0, 3.16442632675170898438e+00) (1, 7.13475847244262695312e+00) (0, -9.43607616424560546875e+00) (1, -4.04695940017700195312e+00) (2, 1.77078533172607421875e+00) (3, 4.35721963644027709961e-01) (4, 1.91405173391103744507e-02) (5, 1.83042836189270019531e+00) (6, -1.90677464008331298828e+00) (2, 8.06274712085723876953e-01) (3, 3.08243441581726074219e+00) (4, 2.28163838386535644531e-01) (5, 7.84744381904602050781e-01) (6, -3.27175784111022949219e+00) (7, 8.62214565277099609375e-02) (8, 4.14611585438251495361e-03) (9, -6.56498372554779052734e-02) (7, -1.03990662097930908203e+00) (8, -1.24375450611114501953e+00) (9, -4.03090149164199829102e-01) 
