FANN_FLO_2.1
num_layers=3
learning_rate=0.450000
connection_rate=1.000000
network_type=0
learning_momentum=0.000000
training_algorithm=2
train_error_function=1
train_stop_function=0
cascade_output_change_fraction=0.010000
quickprop_decay=-0.000100
quickprop_mu=1.750000
rprop_increase_factor=1.200000
rprop_decrease_factor=0.500000
rprop_delta_min=0.000000
rprop_delta_max=50.000000
rprop_delta_zero=0.100000
cascade_output_stagnation_epochs=12
cascade_candidate_change_fraction=0.010000
cascade_candidate_stagnation_epochs=12
cascade_max_out_epochs=150
cascade_min_out_epochs=50
cascade_max_cand_epochs=150
cascade_min_cand_epochs=50
cascade_num_candidate_groups=2
bit_fail_limit=3.49999994039535522461e-01
cascade_candidate_limit=1.00000000000000000000e+03
cascade_weight_multiplier=4.00000005960464477539e-01
cascade_activation_functions_count=10
cascade_activation_functions=3 5 7 8 10 11 14 15 16 17 
cascade_activation_steepnesses_count=4
cascade_activation_steepnesses=2.50000000000000000000e-01 5.00000000000000000000e-01 7.50000000000000000000e-01 1.00000000000000000000e+00 
layer_sizes=7 5 2 
scale_included=0
neurons (num_inputs, activation_function, activation_steepness)=(0, 0, 0.00000000000000000000e+00) (0, 0, 0.00000000000000000000e+00) (0, 0, 0.00000000000000000000e+00) (0, 0, 0.00000000000000000000e+00) (0, 0, 0.00000000000000000000e+00) (0, 0, 0.00000000000000000000e+00) (0, 0, 0.00000000000000000000e+00) (7, 3, 5.00000000000000000000e-01) (7, 3, 5.00000000000000000000e-01) (7, 3, 5.00000000000000000000e-01) (7, 3, 5.00000000000000000000e-01) (0, 3, 0.00000000000000000000e+00) (5, 0, 5.00000000000000000000e-01) (0, 0, 0.00000000000000000000e+00) 
connections (connected_to_neuron, weight)=(0, -9.78470072150230407715e-02) (1, 4.44565594196319580078e-01) (2, -3.25997442007064819336e-01) (3, 2.10809074342250823975e-02) (4, 1.99253052473068237305e-01) (5, -2.32824176549911499023e-01) (6, 2.35012936592102050781e+00) (0, -2.25168018341064453125e+01) (1, -4.92594480514526367188e+00) (2, 2.69264297485351562500e+01) (3, -3.99800729751586914062e+00) (4, -2.13707542419433593750e+00) (5, 7.69083309173583984375e+00) (6, -8.26941370964050292969e-01) (0, -4.29074859619140625000e+00) (1, -4.71212685108184814453e-01) (2, 4.83799839019775390625e+00) (3, -2.61959385871887207031e+00) (4, -7.51268923282623291016e-01) (5, 3.51750826835632324219e+00) (6, -3.76987516880035400391e-01) (0, -1.25289382934570312500e+02) (1, -1.10837341308593750000e+02) (2, 8.14828109741210937500e+00) (3, -8.30054855346679687500e+00) (4, -1.83143692016601562500e+01) (5, 1.45246038436889648438e+01) (6, -9.45815443992614746094e-01) (7, -8.16923454403877258301e-02) (8, -1.97986316680908203125e+00) (9, 1.06229686737060546875e+00) (10, -2.10881713867187500000e+02) (11, 8.73227193951606750488e-02) 
