FANN_FLO_2.1
num_layers=4
learning_rate=0.500000
connection_rate=1.000000
network_type=0
learning_momentum=0.000000
training_algorithm=2
train_error_function=1
train_stop_function=0
cascade_output_change_fraction=0.010000
quickprop_decay=-0.000100
quickprop_mu=1.750000
rprop_increase_factor=1.200000
rprop_decrease_factor=0.500000
rprop_delta_min=0.000000
rprop_delta_max=50.000000
rprop_delta_zero=0.100000
cascade_output_stagnation_epochs=12
cascade_candidate_change_fraction=0.010000
cascade_candidate_stagnation_epochs=12
cascade_max_out_epochs=150
cascade_min_out_epochs=50
cascade_max_cand_epochs=150
cascade_min_cand_epochs=50
cascade_num_candidate_groups=2
bit_fail_limit=3.49999994039535522461e-01
cascade_candidate_limit=1.00000000000000000000e+03
cascade_weight_multiplier=4.00000005960464477539e-01
cascade_activation_functions_count=10
cascade_activation_functions=3 5 7 8 10 11 14 15 16 17 
cascade_activation_steepnesses_count=4
cascade_activation_steepnesses=2.50000000000000000000e-01 5.00000000000000000000e-01 7.50000000000000000000e-01 1.00000000000000000000e+00 
layer_sizes=4 5 5 2 
scale_included=0
neurons (num_inputs, activation_function, activation_steepness)=(0, 0, 0.00000000000000000000e+00) (0, 0, 0.00000000000000000000e+00) (0, 0, 0.00000000000000000000e+00) (0, 0, 0.00000000000000000000e+00) (4, 3, 5.00000000000000000000e-01) (4, 3, 5.00000000000000000000e-01) (4, 3, 5.00000000000000000000e-01) (4, 3, 5.00000000000000000000e-01) (0, 3, 0.00000000000000000000e+00) (5, 3, 5.00000000000000000000e-01) (5, 3, 5.00000000000000000000e-01) (5, 3, 5.00000000000000000000e-01) (5, 3, 5.00000000000000000000e-01) (0, 3, 0.00000000000000000000e+00) (5, 3, 5.00000000000000000000e-01) (0, 3, 0.00000000000000000000e+00) 
connections (connected_to_neuron, weight)=(0, -5.06339454650878906250e+00) (1, -4.77894163131713867188e+00) (2, -1.11829912662506103516e+00) (3, 4.94330549240112304688e+00) (0, -4.08331394195556640625e+00) (1, -3.33649230003356933594e+00) (2, -9.52051281929016113281e-01) (3, 3.65118598937988281250e+00) (0, -1.21370542049407958984e+00) (1, -1.59606609344482421875e+01) (2, 1.85986747741699218750e+01) (3, 2.89522361755371093750e+00) (0, -1.02856369018554687500e+01) (1, -8.66268062591552734375e+00) (2, 4.43827056884765625000e+00) (3, 3.89540123939514160156e+00) (4, 2.23320102691650390625e+01) (5, 7.49127817153930664062e+00) (6, -6.98766136169433593750e+00) (7, -8.91890239715576171875e+00) (8, -3.82962393760681152344e+00) (4, 1.90130519866943359375e+01) (5, 8.14539813995361328125e+00) (6, -6.08337068557739257812e+00) (7, -8.52822113037109375000e+00) (8, -3.58593654632568359375e+00) (4, -5.54929637908935546875e+00) (5, -2.87539720535278320312e+00) (6, 2.71466875076293945312e+00) (7, 5.48304557800292968750e+00) (8, 3.65569889545440673828e-01) (4, 2.27601242065429687500e+01) (5, 7.70853376388549804688e+00) (6, -6.82414197921752929688e+00) (7, -1.16346549987792968750e+01) (8, -4.03848075866699218750e+00) (9, -1.87831902503967285156e+00) (10, -1.53664350509643554688e+00) (11, 2.61480391025543212891e-01) (12, -1.09533762931823730469e+00) (13, 2.19015598297119140625e+00) 
