FANN_FLO_2.1
num_layers=3
learning_rate=0.400000
connection_rate=1.000000
network_type=0
learning_momentum=0.000000
training_algorithm=2
train_error_function=1
train_stop_function=0
cascade_output_change_fraction=0.010000
quickprop_decay=-0.000100
quickprop_mu=1.750000
rprop_increase_factor=1.200000
rprop_decrease_factor=0.500000
rprop_delta_min=0.000000
rprop_delta_max=50.000000
rprop_delta_zero=0.100000
cascade_output_stagnation_epochs=12
cascade_candidate_change_fraction=0.010000
cascade_candidate_stagnation_epochs=12
cascade_max_out_epochs=150
cascade_min_out_epochs=50
cascade_max_cand_epochs=150
cascade_min_cand_epochs=50
cascade_num_candidate_groups=2
bit_fail_limit=3.49999994039535522461e-01
cascade_candidate_limit=1.00000000000000000000e+03
cascade_weight_multiplier=4.00000005960464477539e-01
cascade_activation_functions_count=10
cascade_activation_functions=3 5 7 8 10 11 14 15 16 17 
cascade_activation_steepnesses_count=4
cascade_activation_steepnesses=2.50000000000000000000e-01 5.00000000000000000000e-01 7.50000000000000000000e-01 1.00000000000000000000e+00 
layer_sizes=10 3 2 
scale_included=0
neurons (num_inputs, activation_function, activation_steepness)=(0, 0, 0.00000000000000000000e+00) (0, 0, 0.00000000000000000000e+00) (0, 0, 0.00000000000000000000e+00) (0, 0, 0.00000000000000000000e+00) (0, 0, 0.00000000000000000000e+00) (0, 0, 0.00000000000000000000e+00) (0, 0, 0.00000000000000000000e+00) (0, 0, 0.00000000000000000000e+00) (0, 0, 0.00000000000000000000e+00) (0, 0, 0.00000000000000000000e+00) (10, 3, 5.00000000000000000000e-01) (10, 3, 5.00000000000000000000e-01) (0, 3, 0.00000000000000000000e+00) (3, 3, 5.00000000000000000000e-01) (0, 3, 0.00000000000000000000e+00) 
connections (connected_to_neuron, weight)=(0, -9.98779982328414916992e-02) (1, -5.84316924214363098145e-02) (2, -5.35321161150932312012e-02) (3, -1.20828717947006225586e-01) (4, -1.67648911476135253906e-01) (5, -2.00874626636505126953e-01) (6, -2.59114876389503479004e-02) (7, -7.91220292448997497559e-02) (8, -7.73746147751808166504e-02) (9, -6.26403614878654479980e-02) (0, 4.77682948112487792969e-02) (1, 2.13547527790069580078e-01) (2, 4.92492467164993286133e-02) (3, 1.09083965420722961426e-01) (4, 2.58015617728233337402e-02) (5, 1.09905853867530822754e-01) (6, 1.95156872272491455078e-01) (7, 1.38027891516685485840e-01) (8, 1.94083243608474731445e-01) (9, 8.86502116918563842773e-02) (10, -3.23566868901252746582e-02) (11, -1.52009889483451843262e-01) (12, -1.57054543495178222656e-01) 
