FANN_FLO_2.1
num_layers=3
learning_rate=0.500000
connection_rate=1.000000
network_type=0
learning_momentum=0.000000
training_algorithm=2
train_error_function=1
train_stop_function=0
cascade_output_change_fraction=0.010000
quickprop_decay=-0.000100
quickprop_mu=1.750000
rprop_increase_factor=1.200000
rprop_decrease_factor=0.500000
rprop_delta_min=0.000000
rprop_delta_max=50.000000
rprop_delta_zero=0.100000
cascade_output_stagnation_epochs=12
cascade_candidate_change_fraction=0.010000
cascade_candidate_stagnation_epochs=12
cascade_max_out_epochs=150
cascade_min_out_epochs=50
cascade_max_cand_epochs=150
cascade_min_cand_epochs=50
cascade_num_candidate_groups=2
bit_fail_limit=3.49999994039535522461e-01
cascade_candidate_limit=1.00000000000000000000e+03
cascade_weight_multiplier=4.00000005960464477539e-01
cascade_activation_functions_count=10
cascade_activation_functions=3 5 7 8 10 11 14 15 16 17 
cascade_activation_steepnesses_count=4
cascade_activation_steepnesses=2.50000000000000000000e-01 5.00000000000000000000e-01 7.50000000000000000000e-01 1.00000000000000000000e+00 
layer_sizes=3 9 4 
scale_included=0
neurons (num_inputs, activation_function, activation_steepness)=(0, 0, 0.00000000000000000000e+00) (0, 0, 0.00000000000000000000e+00) (0, 0, 0.00000000000000000000e+00) (3, 3, 5.00000000000000000000e-01) (3, 3, 5.00000000000000000000e-01) (3, 3, 5.00000000000000000000e-01) (3, 3, 5.00000000000000000000e-01) (3, 3, 5.00000000000000000000e-01) (3, 3, 5.00000000000000000000e-01) (3, 3, 5.00000000000000000000e-01) (3, 3, 5.00000000000000000000e-01) (0, 3, 0.00000000000000000000e+00) (9, 0, 5.00000000000000000000e-01) (9, 0, 5.00000000000000000000e-01) (9, 0, 5.00000000000000000000e-01) (0, 0, 0.00000000000000000000e+00) 
connections (connected_to_neuron, weight)=(0, -6.63121652603149414062e+00) (1, 5.12054014205932617188e+00) (2, 5.20471239089965820312e+00) (0, -4.02493572235107421875e+00) (1, 3.35056781768798828125e+00) (2, 6.70455551147460937500e+00) (0, -6.16583347320556640625e+00) (1, 3.72016525268554687500e+00) (2, 2.62268424034118652344e+00) (0, -1.80000805854797363281e+00) (1, -3.40698599815368652344e+00) (2, 4.40658897161483764648e-01) (0, -5.22399663925170898438e+00) (1, -3.60419660806655883789e-01) (2, 4.71241354942321777344e-01) (0, -4.24816656112670898438e+00) (1, -2.43812775611877441406e+00) (2, 4.69000190496444702148e-01) (0, -6.08878374099731445312e+00) (1, 7.38601255416870117188e+00) (2, 6.29875278472900390625e+00) (0, -5.47832727432250976562e+00) (1, 1.59951567649841308594e+00) (2, 1.28552722930908203125e+00) (3, 3.88901025056838989258e-01) (4, 5.30128419399261474609e-01) (5, 9.40991044044494628906e-01) (6, 1.96559977531433105469e+00) (7, 1.98697209358215332031e+00) (8, 2.02188277244567871094e+00) (9, 7.29960978031158447266e-01) (10, 1.71261727809906005859e+00) (11, 5.57041347026824951172e-01) (3, 3.41525769233703613281e+00) (4, 2.31697535514831542969e+00) (5, 2.84979939460754394531e+00) (6, 7.13270568847656250000e+00) (7, 4.50963735580444335938e+00) (8, 4.85900688171386718750e+00) (9, 2.55465602874755859375e+00) (10, 4.74002456665039062500e+00) (11, 1.81729388236999511719e+00) (3, 9.52188587188720703125e+00) (4, 9.33619499206542968750e+00) (5, 9.77056407928466796875e+00) (6, 2.33789138793945312500e+01) (7, 1.41910228729248046875e+01) (8, 1.54015598297119140625e+01) (9, 9.29053592681884765625e+00) (10, 1.45002851486206054688e+01) (11, 9.43650722503662109375e+00) 
