FANN_FLO_2.1
num_layers=3
learning_rate=0.500000
connection_rate=1.000000
network_type=0
learning_momentum=0.000000
training_algorithm=2
train_error_function=1
train_stop_function=0
cascade_output_change_fraction=0.010000
quickprop_decay=-0.000100
quickprop_mu=1.750000
rprop_increase_factor=1.200000
rprop_decrease_factor=0.500000
rprop_delta_min=0.000000
rprop_delta_max=50.000000
rprop_delta_zero=0.100000
cascade_output_stagnation_epochs=12
cascade_candidate_change_fraction=0.010000
cascade_candidate_stagnation_epochs=12
cascade_max_out_epochs=150
cascade_min_out_epochs=50
cascade_max_cand_epochs=150
cascade_min_cand_epochs=50
cascade_num_candidate_groups=2
bit_fail_limit=3.49999994039535522461e-01
cascade_candidate_limit=1.00000000000000000000e+03
cascade_weight_multiplier=4.00000005960464477539e-01
cascade_activation_functions_count=10
cascade_activation_functions=3 5 7 8 10 11 14 15 16 17 
cascade_activation_steepnesses_count=4
cascade_activation_steepnesses=2.50000000000000000000e-01 5.00000000000000000000e-01 7.50000000000000000000e-01 1.00000000000000000000e+00 
layer_sizes=3 5 4 
scale_included=0
neurons (num_inputs, activation_function, activation_steepness)=(0, 0, 0.00000000000000000000e+00) (0, 0, 0.00000000000000000000e+00) (0, 0, 0.00000000000000000000e+00) (3, 3, 5.00000000000000000000e-01) (3, 3, 5.00000000000000000000e-01) (3, 3, 5.00000000000000000000e-01) (3, 3, 5.00000000000000000000e-01) (0, 3, 0.00000000000000000000e+00) (5, 0, 5.00000000000000000000e-01) (5, 0, 5.00000000000000000000e-01) (5, 0, 5.00000000000000000000e-01) (0, 0, 0.00000000000000000000e+00) 
connections (connected_to_neuron, weight)=(0, -1.29552230834960937500e+01) (1, 1.03267574310302734375e+01) (2, 2.80421805381774902344e+00) (0, -3.26989531517028808594e+00) (1, 6.75361931324005126953e-01) (2, -9.79910269379615783691e-02) (0, -1.43990492820739746094e+00) (1, -1.58128011226654052734e+00) (2, 2.93738663196563720703e-01) (0, -1.06233282089233398438e+01) (1, 1.13812828063964843750e+01) (2, 8.71153450012207031250e+00) (3, 9.71585452556610107422e-01) (4, 3.83567810058593750000e+00) (5, 4.08937549591064453125e+00) (6, 1.43559706211090087891e+00) (7, 6.63516938686370849609e-01) (3, 3.50541090965270996094e+00) (4, 9.46322441101074218750e+00) (5, 1.25557317733764648438e+01) (6, 5.81374454498291015625e+00) (7, 2.99177360534667968750e+00) (3, 1.18969402313232421875e+01) (4, 2.86787586212158203125e+01) (5, 4.04705085754394531250e+01) (6, 1.69069557189941406250e+01) (7, 1.67136287689208984375e+01) 
