FANN_FLO_2.1
num_layers=3
learning_rate=0.500000
connection_rate=1.000000
network_type=0
learning_momentum=0.000000
training_algorithm=2
train_error_function=1
train_stop_function=0
cascade_output_change_fraction=0.010000
quickprop_decay=-0.000100
quickprop_mu=1.750000
rprop_increase_factor=1.200000
rprop_decrease_factor=0.500000
rprop_delta_min=0.000000
rprop_delta_max=50.000000
rprop_delta_zero=0.100000
cascade_output_stagnation_epochs=12
cascade_candidate_change_fraction=0.010000
cascade_candidate_stagnation_epochs=12
cascade_max_out_epochs=150
cascade_min_out_epochs=50
cascade_max_cand_epochs=150
cascade_min_cand_epochs=50
cascade_num_candidate_groups=2
bit_fail_limit=3.49999994039535522461e-01
cascade_candidate_limit=1.00000000000000000000e+03
cascade_weight_multiplier=4.00000005960464477539e-01
cascade_activation_functions_count=10
cascade_activation_functions=3 5 7 8 10 11 14 15 16 17 
cascade_activation_steepnesses_count=4
cascade_activation_steepnesses=2.50000000000000000000e-01 5.00000000000000000000e-01 7.50000000000000000000e-01 1.00000000000000000000e+00 
layer_sizes=10 5 2 
scale_included=0
neurons (num_inputs, activation_function, activation_steepness)=(0, 0, 0.00000000000000000000e+00) (0, 0, 0.00000000000000000000e+00) (0, 0, 0.00000000000000000000e+00) (0, 0, 0.00000000000000000000e+00) (0, 0, 0.00000000000000000000e+00) (0, 0, 0.00000000000000000000e+00) (0, 0, 0.00000000000000000000e+00) (0, 0, 0.00000000000000000000e+00) (0, 0, 0.00000000000000000000e+00) (0, 0, 0.00000000000000000000e+00) (10, 3, 5.00000000000000000000e-01) (10, 3, 5.00000000000000000000e-01) (10, 3, 5.00000000000000000000e-01) (10, 3, 5.00000000000000000000e-01) (0, 3, 0.00000000000000000000e+00) (5, 3, 5.00000000000000000000e-01) (0, 3, 0.00000000000000000000e+00) 
connections (connected_to_neuron, weight)=(0, -5.36174952983856201172e-01) (1, -6.29761964082717895508e-02) (2, -1.82036113739013671875e+00) (3, 1.22933399677276611328e+00) (4, 1.22383069992065429688e+00) (5, -2.17566728591918945312e-01) (6, -1.62617576122283935547e+00) (7, -2.80488818883895874023e-01) (8, -1.06419658660888671875e+00) (9, -4.82341535389423370361e-02) (0, -2.74509519338607788086e-01) (1, 2.49670729041099548340e-01) (2, -1.16398549079895019531e+00) (3, -6.62988200783729553223e-02) (4, 1.90262123942375183105e-01) (5, -4.62975978851318359375e-01) (6, -1.42671048641204833984e+00) (7, 3.63737344741821289062e-02) (8, -7.61024594306945800781e-01) (9, 4.24274533987045288086e-01) (0, -2.76000946760177612305e-01) (1, -6.16239070892333984375e-01) (2, -1.27874150872230529785e-01) (3, -6.30502045154571533203e-01) (4, -2.55547428131103515625e+00) (5, 2.36864709854125976562e+00) (6, -2.83944487571716308594e-01) (7, 5.89506864547729492188e-01) (8, -1.90021359920501708984e+00) (9, 8.21996212005615234375e-01) (0, -5.29222130775451660156e-01) (1, -5.81865489482879638672e-01) (2, -3.67133051156997680664e-01) (3, -7.41719484329223632812e-01) (4, -4.53190922737121582031e-01) (5, -9.42382037639617919922e-01) (6, -3.07561248540878295898e-01) (7, -7.30974912643432617188e-01) (8, -2.11813077330589294434e-01) (9, 1.86008977890014648438e+00) (10, -6.46642267704010009766e-01) (11, -1.73328191041946411133e-01) (12, -4.71533983945846557617e-01) (13, -3.02147078514099121094e+00) (14, 1.38723671436309814453e+00) 
