FANN_FLO_2.1
num_layers=3
learning_rate=0.500000
connection_rate=1.000000
network_type=0
learning_momentum=0.000000
training_algorithm=2
train_error_function=1
train_stop_function=0
cascade_output_change_fraction=0.010000
quickprop_decay=-0.000100
quickprop_mu=1.750000
rprop_increase_factor=1.200000
rprop_decrease_factor=0.500000
rprop_delta_min=0.000000
rprop_delta_max=50.000000
rprop_delta_zero=0.100000
cascade_output_stagnation_epochs=12
cascade_candidate_change_fraction=0.010000
cascade_candidate_stagnation_epochs=12
cascade_max_out_epochs=150
cascade_min_out_epochs=50
cascade_max_cand_epochs=150
cascade_min_cand_epochs=50
cascade_num_candidate_groups=2
bit_fail_limit=3.49999994039535522461e-01
cascade_candidate_limit=1.00000000000000000000e+03
cascade_weight_multiplier=4.00000005960464477539e-01
cascade_activation_functions_count=10
cascade_activation_functions=3 5 7 8 10 11 14 15 16 17 
cascade_activation_steepnesses_count=4
cascade_activation_steepnesses=2.50000000000000000000e-01 5.00000000000000000000e-01 7.50000000000000000000e-01 1.00000000000000000000e+00 
layer_sizes=10 5 2 
scale_included=0
neurons (num_inputs, activation_function, activation_steepness)=(0, 0, 0.00000000000000000000e+00) (0, 0, 0.00000000000000000000e+00) (0, 0, 0.00000000000000000000e+00) (0, 0, 0.00000000000000000000e+00) (0, 0, 0.00000000000000000000e+00) (0, 0, 0.00000000000000000000e+00) (0, 0, 0.00000000000000000000e+00) (0, 0, 0.00000000000000000000e+00) (0, 0, 0.00000000000000000000e+00) (0, 0, 0.00000000000000000000e+00) (10, 3, 5.00000000000000000000e-01) (10, 3, 5.00000000000000000000e-01) (10, 3, 5.00000000000000000000e-01) (10, 3, 5.00000000000000000000e-01) (0, 3, 0.00000000000000000000e+00) (5, 3, 5.00000000000000000000e-01) (0, 3, 0.00000000000000000000e+00) 
connections (connected_to_neuron, weight)=(0, -4.13471460342407226562e-01) (1, -3.91845911741256713867e-01) (2, -4.42856729030609130859e-01) (3, -4.90502834320068359375e-01) (4, -4.61460202932357788086e-01) (5, -4.78505998849868774414e-01) (6, -5.42521119117736816406e-01) (7, -2.78766363859176635742e-01) (8, -4.61826860904693603516e-01) (9, 9.31379258632659912109e-01) (0, -4.87929964065551757812e+00) (1, -7.68315601348876953125e+00) (2, -5.01210355758666992188e+00) (3, -8.72135257720947265625e+00) (4, -1.04060602188110351562e+01) (5, -6.27770280838012695312e+00) (6, 3.17683601379394531250e+01) (7, 5.67451775074005126953e-01) (8, -6.81250143051147460938e+00) (9, -4.42634057998657226562e+00) (0, 4.06451272964477539062e+00) (1, -8.33649730682373046875e+00) (2, -4.05492744445800781250e+01) (3, -1.85873641967773437500e+02) (4, -1.24721984863281250000e+01) (5, -1.51723051071166992188e+01) (6, 4.40318222045898437500e+01) (7, 9.12656097412109375000e+01) (8, -8.26104927062988281250e+00) (9, -2.80752992630004882812e+00) (0, -4.88873451948165893555e-01) (1, -4.84721839427947998047e-01) (2, -2.63577193021774291992e-01) (3, -2.94299244880676269531e-01) (4, -5.56594610214233398438e-01) (5, -4.26412045955657958984e-01) (6, -2.70655423402786254883e-01) (7, -4.62716817855834960938e-01) (8, -4.41967844963073730469e-01) (9, 7.57392823696136474609e-01) (10, -3.78011631965637207031e+00) (11, 1.55456643551588058472e-02) (12, -9.50862026214599609375e+00) (13, -1.52106249332427978516e+00) (14, 1.38892674446105957031e+00) 
