FANN_FLO_2.1
num_layers=3
learning_rate=0.500000
connection_rate=1.000000
network_type=0
learning_momentum=0.000000
training_algorithm=2
train_error_function=1
train_stop_function=0
cascade_output_change_fraction=0.010000
quickprop_decay=-0.000100
quickprop_mu=1.750000
rprop_increase_factor=1.200000
rprop_decrease_factor=0.500000
rprop_delta_min=0.000000
rprop_delta_max=50.000000
rprop_delta_zero=0.100000
cascade_output_stagnation_epochs=12
cascade_candidate_change_fraction=0.010000
cascade_candidate_stagnation_epochs=12
cascade_max_out_epochs=150
cascade_min_out_epochs=50
cascade_max_cand_epochs=150
cascade_min_cand_epochs=50
cascade_num_candidate_groups=2
bit_fail_limit=3.49999994039535522461e-01
cascade_candidate_limit=1.00000000000000000000e+03
cascade_weight_multiplier=4.00000005960464477539e-01
cascade_activation_functions_count=10
cascade_activation_functions=3 5 7 8 10 11 14 15 16 17 
cascade_activation_steepnesses_count=4
cascade_activation_steepnesses=2.50000000000000000000e-01 5.00000000000000000000e-01 7.50000000000000000000e-01 1.00000000000000000000e+00 
layer_sizes=7 9 2 
scale_included=0
neurons (num_inputs, activation_function, activation_steepness)=(0, 0, 0.00000000000000000000e+00) (0, 0, 0.00000000000000000000e+00) (0, 0, 0.00000000000000000000e+00) (0, 0, 0.00000000000000000000e+00) (0, 0, 0.00000000000000000000e+00) (0, 0, 0.00000000000000000000e+00) (0, 0, 0.00000000000000000000e+00) (7, 3, 5.00000000000000000000e-01) (7, 3, 5.00000000000000000000e-01) (7, 3, 5.00000000000000000000e-01) (7, 3, 5.00000000000000000000e-01) (7, 3, 5.00000000000000000000e-01) (7, 3, 5.00000000000000000000e-01) (7, 3, 5.00000000000000000000e-01) (7, 3, 5.00000000000000000000e-01) (0, 3, 0.00000000000000000000e+00) (9, 0, 5.00000000000000000000e-01) (0, 0, 0.00000000000000000000e+00) 
connections (connected_to_neuron, weight)=(0, 3.73870357871055603027e-02) (1, 3.53959709405899047852e-01) (2, 8.05143642425537109375e+00) (3, -2.02147388458251953125e+00) (4, -1.08898267745971679688e+01) (5, -3.68927459716796875000e+01) (6, -2.07441115379333496094e+00) (0, -2.43203983306884765625e+01) (1, -1.61980865478515625000e+02) (2, 1.42226715087890625000e+02) (3, -2.21897435188293457031e+00) (4, -1.31413373947143554688e+01) (5, 1.96445922851562500000e+01) (6, -1.25409626960754394531e+00) (0, -4.61355566978454589844e-01) (1, -5.34615707397460937500e+00) (2, 7.85216236114501953125e+00) (3, -2.79137659072875976562e+00) (4, -3.74530076980590820312e+00) (5, 4.81408977508544921875e+00) (6, -2.19774317741394042969e+00) (0, -3.14268678426742553711e-01) (1, -1.61999571323394775391e+00) (2, 3.14775681495666503906e+00) (3, -1.13993370532989501953e+00) (4, -2.10534143447875976562e+00) (5, 2.25580000877380371094e+00) (6, -4.18099069595336914062e+00) (0, -1.29701942205429077148e-01) (1, -6.56111431121826171875e+00) (2, 9.28343105316162109375e+00) (3, -3.25750017166137695312e+00) (4, -1.77047481536865234375e+01) (5, 1.66964492797851562500e+01) (6, -2.46173906326293945312e+00) (0, -2.59711289405822753906e+00) (1, -8.50783233642578125000e+01) (2, 5.54458427429199218750e+01) (3, -5.43205320835113525391e-01) (4, -2.07756710052490234375e+00) (5, 8.84724330902099609375e+00) (6, -8.72043251991271972656e-01) (0, 8.06176476180553436279e-03) (1, 9.67564359307289123535e-02) (2, -1.34614869952201843262e-01) (3, 1.85799032449722290039e-01) (4, -1.23383128643035888672e+00) (5, -7.71291553974151611328e-02) (6, -1.81299602985382080078e+00) (0, -6.10416460037231445312e+00) (1, 2.30470218658447265625e+01) (2, -1.00164329528808593750e+02) (3, -4.25894260406494140625e+00) (4, -1.82784442901611328125e+01) (5, -3.02808284759521484375e+01) (6, -2.25470900535583496094e+00) (7, 2.99290250986814498901e-02) (8, -1.50000000000000000000e+03) (9, 4.14258807897567749023e-01) (10, -4.93352115154266357422e-01) (11, 9.94892716407775878906e-02) (12, -2.55214929580688476562e-01) (13, 1.22436726093292236328e+00) (14, -7.83815670013427734375e+00) (15, 3.12479864805936813354e-03) 
