FANN_FLO_2.1
num_layers=4
learning_rate=0.300000
connection_rate=1.000000
network_type=0
learning_momentum=0.000000
training_algorithm=2
train_error_function=1
train_stop_function=0
cascade_output_change_fraction=0.010000
quickprop_decay=-0.000100
quickprop_mu=1.750000
rprop_increase_factor=1.200000
rprop_decrease_factor=0.500000
rprop_delta_min=0.000000
rprop_delta_max=50.000000
rprop_delta_zero=0.100000
cascade_output_stagnation_epochs=12
cascade_candidate_change_fraction=0.010000
cascade_candidate_stagnation_epochs=12
cascade_max_out_epochs=150
cascade_min_out_epochs=50
cascade_max_cand_epochs=150
cascade_min_cand_epochs=50
cascade_num_candidate_groups=2
bit_fail_limit=3.49999994039535522461e-01
cascade_candidate_limit=1.00000000000000000000e+03
cascade_weight_multiplier=4.00000005960464477539e-01
cascade_activation_functions_count=10
cascade_activation_functions=3 5 7 8 10 11 14 15 16 17 
cascade_activation_steepnesses_count=4
cascade_activation_steepnesses=2.50000000000000000000e-01 5.00000000000000000000e-01 7.50000000000000000000e-01 1.00000000000000000000e+00 
layer_sizes=2 5 3 3 
scale_included=0
neurons (num_inputs, activation_function, activation_steepness)=(0, 0, 0.00000000000000000000e+00) (0, 0, 0.00000000000000000000e+00) (2, 3, 5.00000000000000000000e-01) (2, 3, 5.00000000000000000000e-01) (2, 3, 5.00000000000000000000e-01) (2, 3, 5.00000000000000000000e-01) (0, 3, 0.00000000000000000000e+00) (5, 3, 5.00000000000000000000e-01) (5, 3, 5.00000000000000000000e-01) (0, 3, 0.00000000000000000000e+00) (3, 0, 5.00000000000000000000e-01) (3, 0, 5.00000000000000000000e-01) (0, 0, 0.00000000000000000000e+00) 
connections (connected_to_neuron, weight)=(0, 7.01174211502075195312e+00) (1, 2.21314406394958496094e+00) (0, 5.26599931716918945312e+00) (1, 7.24672913551330566406e-01) (0, 5.86976575851440429688e+00) (1, 8.83680880069732666016e-01) (0, 1.44690380096435546875e+01) (1, 1.46416950225830078125e+00) (2, 3.65948486328125000000e+01) (3, 3.11247491836547851562e+00) (4, 4.56330060958862304688e+00) (5, 6.07070446014404296875e+00) (6, -9.15128517150878906250e+00) (2, 2.69637513160705566406e+00) (3, 2.79343962669372558594e+00) (4, 6.56795835494995117188e+00) (5, -4.06140975952148437500e+01) (6, -8.90052556991577148438e-01) (7, 1.51021145284175872803e-02) (8, 5.94012700021266937256e-02) (9, -1.79879479110240936279e-02) (7, -9.13547575473785400391e-01) (8, -2.89422535896301269531e+00) (9, -3.60700190067291259766e-01) 
