FANN_FLO_2.1
num_layers=4
learning_rate=0.500000
connection_rate=1.000000
network_type=0
learning_momentum=0.000000
training_algorithm=2
train_error_function=1
train_stop_function=0
cascade_output_change_fraction=0.010000
quickprop_decay=-0.000100
quickprop_mu=1.750000
rprop_increase_factor=1.200000
rprop_decrease_factor=0.500000
rprop_delta_min=0.000000
rprop_delta_max=50.000000
rprop_delta_zero=0.100000
cascade_output_stagnation_epochs=12
cascade_candidate_change_fraction=0.010000
cascade_candidate_stagnation_epochs=12
cascade_max_out_epochs=150
cascade_min_out_epochs=50
cascade_max_cand_epochs=150
cascade_min_cand_epochs=50
cascade_num_candidate_groups=2
bit_fail_limit=3.49999994039535522461e-01
cascade_candidate_limit=1.00000000000000000000e+03
cascade_weight_multiplier=4.00000005960464477539e-01
cascade_activation_functions_count=10
cascade_activation_functions=3 5 7 8 10 11 14 15 16 17 
cascade_activation_steepnesses_count=4
cascade_activation_steepnesses=2.50000000000000000000e-01 5.00000000000000000000e-01 7.50000000000000000000e-01 1.00000000000000000000e+00 
layer_sizes=4 5 5 2 
scale_included=0
neurons (num_inputs, activation_function, activation_steepness)=(0, 0, 0.00000000000000000000e+00) (0, 0, 0.00000000000000000000e+00) (0, 0, 0.00000000000000000000e+00) (0, 0, 0.00000000000000000000e+00) (4, 3, 5.00000000000000000000e-01) (4, 3, 5.00000000000000000000e-01) (4, 3, 5.00000000000000000000e-01) (4, 3, 5.00000000000000000000e-01) (0, 3, 0.00000000000000000000e+00) (5, 3, 5.00000000000000000000e-01) (5, 3, 5.00000000000000000000e-01) (5, 3, 5.00000000000000000000e-01) (5, 3, 5.00000000000000000000e-01) (0, 3, 0.00000000000000000000e+00) (5, 3, 5.00000000000000000000e-01) (0, 3, 0.00000000000000000000e+00) 
connections (connected_to_neuron, weight)=(0, -4.79371929168701171875e+00) (1, -5.91546440124511718750e+00) (2, -1.94001114368438720703e+00) (3, 4.79930162429809570312e+00) (0, 3.56238055229187011719e+00) (1, -1.75951614379882812500e+01) (2, 1.46606898307800292969e+00) (3, 3.54695510864257812500e+00) (0, 4.73556995391845703125e+00) (1, -2.10155258178710937500e+01) (2, 3.68565535545349121094e+00) (3, 2.99654936790466308594e+00) (0, -4.02439975738525390625e+00) (1, -2.20926132202148437500e+01) (2, 3.19671034812927246094e-02) (3, 5.95433425903320312500e+00) (4, 2.88408794403076171875e+01) (5, -1.49856457519531250000e+03) (6, -7.57348175048828125000e+01) (7, -1.14185241699218750000e+03) (8, -1.70600742101669311523e-01) (4, 2.22282905578613281250e+01) (5, -1.54897320270538330078e+00) (6, -1.87117505073547363281e+00) (7, 2.12200546264648437500e+00) (8, -3.05311441421508789062e+00) (4, 2.24881057739257812500e+01) (5, -2.03722143173217773438e+00) (6, -1.33255016803741455078e+00) (7, 6.72075271606445312500e+00) (8, -3.26240634918212890625e+00) (4, 1.09905357360839843750e+01) (5, -7.95438659667968750000e+02) (6, -6.77187824249267578125e+00) (7, 6.35835021972656250000e+02) (8, -1.69067776203155517578e+00) (9, -1.28622970581054687500e+01) (10, -2.52049446105957031250e+00) (11, -2.45154690742492675781e+00) (12, -7.37578868865966796875e-02) (13, 2.64039516448974609375e+00) 
