FANN_FLO_2.1
num_layers=3
learning_rate=0.500000
connection_rate=1.000000
network_type=0
learning_momentum=0.000000
training_algorithm=2
train_error_function=1
train_stop_function=0
cascade_output_change_fraction=0.010000
quickprop_decay=-0.000100
quickprop_mu=1.750000
rprop_increase_factor=1.200000
rprop_decrease_factor=0.500000
rprop_delta_min=0.000000
rprop_delta_max=50.000000
rprop_delta_zero=0.100000
cascade_output_stagnation_epochs=12
cascade_candidate_change_fraction=0.010000
cascade_candidate_stagnation_epochs=12
cascade_max_out_epochs=150
cascade_min_out_epochs=50
cascade_max_cand_epochs=150
cascade_min_cand_epochs=50
cascade_num_candidate_groups=2
bit_fail_limit=3.49999994039535522461e-01
cascade_candidate_limit=1.00000000000000000000e+03
cascade_weight_multiplier=4.00000005960464477539e-01
cascade_activation_functions_count=10
cascade_activation_functions=3 5 7 8 10 11 14 15 16 17 
cascade_activation_steepnesses_count=4
cascade_activation_steepnesses=2.50000000000000000000e-01 5.00000000000000000000e-01 7.50000000000000000000e-01 1.00000000000000000000e+00 
layer_sizes=10 3 2 
scale_included=0
neurons (num_inputs, activation_function, activation_steepness)=(0, 0, 0.00000000000000000000e+00) (0, 0, 0.00000000000000000000e+00) (0, 0, 0.00000000000000000000e+00) (0, 0, 0.00000000000000000000e+00) (0, 0, 0.00000000000000000000e+00) (0, 0, 0.00000000000000000000e+00) (0, 0, 0.00000000000000000000e+00) (0, 0, 0.00000000000000000000e+00) (0, 0, 0.00000000000000000000e+00) (0, 0, 0.00000000000000000000e+00) (10, 3, 5.00000000000000000000e-01) (10, 3, 5.00000000000000000000e-01) (0, 3, 0.00000000000000000000e+00) (3, 3, 5.00000000000000000000e-01) (0, 3, 0.00000000000000000000e+00) 
connections (connected_to_neuron, weight)=(0, -3.97675573825836181641e-01) (1, -4.10848259925842285156e-01) (2, -4.99161273241043090820e-01) (3, -4.46229279041290283203e-01) (4, -3.68921369314193725586e-01) (5, -4.53190237283706665039e-01) (6, -5.95084726810455322266e-01) (7, -4.01819914579391479492e-01) (8, -4.16464298963546752930e-01) (9, 4.78431969881057739258e-01) (0, -5.14554381370544433594e-01) (1, -5.43271601200103759766e-01) (2, -4.52297449111938476562e-01) (3, -4.96785998344421386719e-01) (4, -5.19308090209960937500e-01) (5, -4.81857150793075561523e-01) (6, -4.31964904069900512695e-01) (7, -5.26614367961883544922e-01) (8, -5.32172381877899169922e-01) (9, 1.96934521198272705078e+00) (10, -2.18828892707824707031e+00) (11, -2.55915069580078125000e+00) (12, 1.50237071514129638672e+00) 
