FANN_FLO_2.1
num_layers=4
learning_rate=0.300000
connection_rate=1.000000
network_type=0
learning_momentum=0.000000
training_algorithm=2
train_error_function=1
train_stop_function=0
cascade_output_change_fraction=0.010000
quickprop_decay=-0.000100
quickprop_mu=1.750000
rprop_increase_factor=1.200000
rprop_decrease_factor=0.500000
rprop_delta_min=0.000000
rprop_delta_max=50.000000
rprop_delta_zero=0.100000
cascade_output_stagnation_epochs=12
cascade_candidate_change_fraction=0.010000
cascade_candidate_stagnation_epochs=12
cascade_max_out_epochs=150
cascade_min_out_epochs=50
cascade_max_cand_epochs=150
cascade_min_cand_epochs=50
cascade_num_candidate_groups=2
bit_fail_limit=3.49999994039535522461e-01
cascade_candidate_limit=1.00000000000000000000e+03
cascade_weight_multiplier=4.00000005960464477539e-01
cascade_activation_functions_count=10
cascade_activation_functions=3 5 7 8 10 11 14 15 16 17 
cascade_activation_steepnesses_count=4
cascade_activation_steepnesses=2.50000000000000000000e-01 5.00000000000000000000e-01 7.50000000000000000000e-01 1.00000000000000000000e+00 
layer_sizes=2 5 5 3 
scale_included=0
neurons (num_inputs, activation_function, activation_steepness)=(0, 0, 0.00000000000000000000e+00) (0, 0, 0.00000000000000000000e+00) (2, 3, 5.00000000000000000000e-01) (2, 3, 5.00000000000000000000e-01) (2, 3, 5.00000000000000000000e-01) (2, 3, 5.00000000000000000000e-01) (0, 3, 0.00000000000000000000e+00) (5, 3, 5.00000000000000000000e-01) (5, 3, 5.00000000000000000000e-01) (5, 3, 5.00000000000000000000e-01) (5, 3, 5.00000000000000000000e-01) (0, 3, 0.00000000000000000000e+00) (5, 0, 5.00000000000000000000e-01) (5, 0, 5.00000000000000000000e-01) (0, 0, 0.00000000000000000000e+00) 
connections (connected_to_neuron, weight)=(0, -3.97972130775451660156e+00) (1, 5.20470142364501953125e-01) (0, -8.76713714599609375000e+01) (1, -1.11931943893432617188e+00) (0, -1.18495397567749023438e+01) (1, -5.06949615478515625000e+00) (0, -1.35324668884277343750e+01) (1, -6.02375841140747070312e+00) (2, 4.47103202342987060547e-01) (3, -5.49219667911529541016e-01) (4, 9.46625173091888427734e-01) (5, 1.31104731559753417969e+00) (6, -4.68248933553695678711e-01) (2, -5.16816318035125732422e-01) (3, -2.03215503692626953125e+00) (4, -1.15790940821170806885e-01) (5, 3.21676969528198242188e-01) (6, -1.99831664562225341797e-01) (2, 7.03583478927612304688e-01) (3, -1.71148765087127685547e+00) (4, 6.55622720718383789062e-01) (5, 1.09802639484405517578e+00) (6, 5.18829882144927978516e-01) (2, 9.48359966278076171875e-01) (3, -8.32437634468078613281e-01) (4, 6.28319740295410156250e-01) (5, 3.61604690551757812500e+00) (6, -1.23458111286163330078e+00) (7, -2.45269928127527236938e-02) (8, -1.07959485054016113281e+00) (9, -3.10012083500623703003e-02) (10, 5.50497733056545257568e-02) (11, 7.60417580604553222656e-02) (7, -4.98746275901794433594e-01) (8, -1.23671002686023712158e-01) (9, -4.82458770275115966797e-01) (10, -7.06514954566955566406e-01) (11, -5.84656298160552978516e-01) 
