FANN_FLO_2.1
num_layers=3
learning_rate=0.500000
connection_rate=1.000000
network_type=0
learning_momentum=0.000000
training_algorithm=2
train_error_function=1
train_stop_function=0
cascade_output_change_fraction=0.010000
quickprop_decay=-0.000100
quickprop_mu=1.750000
rprop_increase_factor=1.200000
rprop_decrease_factor=0.500000
rprop_delta_min=0.000000
rprop_delta_max=50.000000
rprop_delta_zero=0.100000
cascade_output_stagnation_epochs=12
cascade_candidate_change_fraction=0.010000
cascade_candidate_stagnation_epochs=12
cascade_max_out_epochs=150
cascade_min_out_epochs=50
cascade_max_cand_epochs=150
cascade_min_cand_epochs=50
cascade_num_candidate_groups=2
bit_fail_limit=3.49999994039535522461e-01
cascade_candidate_limit=1.00000000000000000000e+03
cascade_weight_multiplier=4.00000005960464477539e-01
cascade_activation_functions_count=10
cascade_activation_functions=3 5 7 8 10 11 14 15 16 17 
cascade_activation_steepnesses_count=4
cascade_activation_steepnesses=2.50000000000000000000e-01 5.00000000000000000000e-01 7.50000000000000000000e-01 1.00000000000000000000e+00 
layer_sizes=3 5 4 
scale_included=0
neurons (num_inputs, activation_function, activation_steepness)=(0, 0, 0.00000000000000000000e+00) (0, 0, 0.00000000000000000000e+00) (0, 0, 0.00000000000000000000e+00) (3, 3, 5.00000000000000000000e-01) (3, 3, 5.00000000000000000000e-01) (3, 3, 5.00000000000000000000e-01) (3, 3, 5.00000000000000000000e-01) (0, 3, 0.00000000000000000000e+00) (5, 0, 5.00000000000000000000e-01) (5, 0, 5.00000000000000000000e-01) (5, 0, 5.00000000000000000000e-01) (0, 0, 0.00000000000000000000e+00) 
connections (connected_to_neuron, weight)=(0, -8.35204792022705078125e+00) (1, 5.77007675170898437500e+00) (2, 1.18529243469238281250e+01) (0, -1.29998397827148437500e+01) (1, 9.63126373291015625000e+00) (2, 5.73814296722412109375e+00) (0, -3.10019063949584960938e+00) (1, 6.98276877403259277344e-01) (2, 5.85204996168613433838e-02) (0, -1.79383063316345214844e+00) (1, -1.80372166633605957031e+00) (2, 3.90629559755325317383e-01) (3, 9.41483438014984130859e-01) (4, 8.22321534156799316406e-01) (5, 4.17541742324829101562e+00) (6, 3.72338390350341796875e+00) (7, 9.86971139907836914062e-01) (3, 4.19707918167114257812e+00) (4, 4.14055252075195312500e+00) (5, 1.01302204132080078125e+01) (6, 1.16407384872436523438e+01) (7, 3.47153973579406738281e+00) (3, 1.56495466232299804688e+01) (4, 1.32823352813720703125e+01) (5, 3.12181186676025390625e+01) (6, 3.69547271728515625000e+01) (7, 1.48883275985717773438e+01) 
