FANN_FLO_2.1
num_layers=4
learning_rate=0.300000
connection_rate=1.000000
network_type=0
learning_momentum=0.000000
training_algorithm=2
train_error_function=1
train_stop_function=0
cascade_output_change_fraction=0.010000
quickprop_decay=-0.000100
quickprop_mu=1.750000
rprop_increase_factor=1.200000
rprop_decrease_factor=0.500000
rprop_delta_min=0.000000
rprop_delta_max=50.000000
rprop_delta_zero=0.100000
cascade_output_stagnation_epochs=12
cascade_candidate_change_fraction=0.010000
cascade_candidate_stagnation_epochs=12
cascade_max_out_epochs=150
cascade_min_out_epochs=50
cascade_max_cand_epochs=150
cascade_min_cand_epochs=50
cascade_num_candidate_groups=2
bit_fail_limit=3.49999994039535522461e-01
cascade_candidate_limit=1.00000000000000000000e+03
cascade_weight_multiplier=4.00000005960464477539e-01
cascade_activation_functions_count=10
cascade_activation_functions=3 5 7 8 10 11 14 15 16 17 
cascade_activation_steepnesses_count=4
cascade_activation_steepnesses=2.50000000000000000000e-01 5.00000000000000000000e-01 7.50000000000000000000e-01 1.00000000000000000000e+00 
layer_sizes=2 5 3 3 
scale_included=0
neurons (num_inputs, activation_function, activation_steepness)=(0, 0, 0.00000000000000000000e+00) (0, 0, 0.00000000000000000000e+00) (2, 3, 5.00000000000000000000e-01) (2, 3, 5.00000000000000000000e-01) (2, 3, 5.00000000000000000000e-01) (2, 3, 5.00000000000000000000e-01) (0, 3, 0.00000000000000000000e+00) (5, 3, 5.00000000000000000000e-01) (5, 3, 5.00000000000000000000e-01) (0, 3, 0.00000000000000000000e+00) (3, 0, 5.00000000000000000000e-01) (3, 0, 5.00000000000000000000e-01) (0, 0, 0.00000000000000000000e+00) 
connections (connected_to_neuron, weight)=(0, -4.18347091674804687500e+01) (1, -1.06929671764373779297e+00) (0, -4.68919486999511718750e+01) (1, -1.41153895854949951172e+00) (0, -4.53959007263183593750e+01) (1, -1.33590710163116455078e+00) (0, -4.44429969787597656250e+01) (1, -1.25121092796325683594e+00) (2, 1.99557936191558837891e+00) (3, 1.93503057956695556641e+00) (4, 1.90462386608123779297e+00) (5, 2.02960848808288574219e+00) (6, -2.48076510429382324219e+00) (2, 1.94497179985046386719e+00) (3, 1.21864342689514160156e+00) (4, 1.73070359230041503906e+00) (5, 1.87006890773773193359e+00) (6, -1.52733337879180908203e+00) (7, 1.42458483576774597168e-01) (8, 2.89333518594503402710e-03) (9, -1.66658565402030944824e-01) (7, -7.74186253547668457031e-01) (8, -9.37086880207061767578e-01) (9, -4.65209841728210449219e-01) 
