FANN_FLO_2.1
num_layers=4
learning_rate=0.300000
connection_rate=1.000000
network_type=0
learning_momentum=0.000000
training_algorithm=2
train_error_function=1
train_stop_function=0
cascade_output_change_fraction=0.010000
quickprop_decay=-0.000100
quickprop_mu=1.750000
rprop_increase_factor=1.200000
rprop_decrease_factor=0.500000
rprop_delta_min=0.000000
rprop_delta_max=50.000000
rprop_delta_zero=0.100000
cascade_output_stagnation_epochs=12
cascade_candidate_change_fraction=0.010000
cascade_candidate_stagnation_epochs=12
cascade_max_out_epochs=150
cascade_min_out_epochs=50
cascade_max_cand_epochs=150
cascade_min_cand_epochs=50
cascade_num_candidate_groups=2
bit_fail_limit=3.49999994039535522461e-01
cascade_candidate_limit=1.00000000000000000000e+03
cascade_weight_multiplier=4.00000005960464477539e-01
cascade_activation_functions_count=10
cascade_activation_functions=3 5 7 8 10 11 14 15 16 17 
cascade_activation_steepnesses_count=4
cascade_activation_steepnesses=2.50000000000000000000e-01 5.00000000000000000000e-01 7.50000000000000000000e-01 1.00000000000000000000e+00 
layer_sizes=2 5 5 3 
scale_included=0
neurons (num_inputs, activation_function, activation_steepness)=(0, 0, 0.00000000000000000000e+00) (0, 0, 0.00000000000000000000e+00) (2, 3, 5.00000000000000000000e-01) (2, 3, 5.00000000000000000000e-01) (2, 3, 5.00000000000000000000e-01) (2, 3, 5.00000000000000000000e-01) (0, 3, 0.00000000000000000000e+00) (5, 3, 5.00000000000000000000e-01) (5, 3, 5.00000000000000000000e-01) (5, 3, 5.00000000000000000000e-01) (5, 3, 5.00000000000000000000e-01) (0, 3, 0.00000000000000000000e+00) (5, 0, 5.00000000000000000000e-01) (5, 0, 5.00000000000000000000e-01) (0, 0, 0.00000000000000000000e+00) 
connections (connected_to_neuron, weight)=(0, -1.23643264770507812500e+01) (1, -7.94657182693481445312e+00) (0, -1.70650501251220703125e+01) (1, -1.11096086502075195312e+01) (0, -1.74144515991210937500e+01) (1, -1.14640665054321289062e+01) (0, -9.99586677551269531250e+00) (1, -5.19276237487792968750e+00) (2, 9.50063765048980712891e-01) (3, 4.37526106834411621094e-01) (4, 1.67852032184600830078e+00) (5, 1.14719319343566894531e+00) (6, -6.82000100612640380859e-01) (2, 6.49473607540130615234e-01) (3, 9.65609431266784667969e-01) (4, 2.43564915657043457031e+00) (5, -2.77718424797058105469e+00) (6, 5.65972328186035156250e-01) (2, 2.12001729011535644531e+00) (3, 8.06259885430335998535e-02) (4, 2.16905549168586730957e-02) (5, 3.42611861228942871094e+00) (6, -3.59350413084030151367e-01) (2, 6.82953298091888427734e-01) (3, 4.27374899387359619141e-01) (4, 5.82118272781372070312e-01) (5, 2.87393152713775634766e-01) (6, 1.46480977535247802734e-01) (7, 9.37901735305786132812e-02) (8, -7.58401304483413696289e-02) (9, 2.13408559560775756836e-01) (10, 4.45871688425540924072e-02) (11, -3.26460570096969604492e-01) (7, -5.46829998493194580078e-01) (8, -5.61696708202362060547e-01) (9, -3.96183967590332031250e-01) (10, -3.92617315053939819336e-01) (11, -3.25631022453308105469e-01) 
