FANN_FLO_2.1
num_layers=3
learning_rate=0.500000
connection_rate=1.000000
network_type=0
learning_momentum=0.000000
training_algorithm=2
train_error_function=1
train_stop_function=0
cascade_output_change_fraction=0.010000
quickprop_decay=-0.000100
quickprop_mu=1.750000
rprop_increase_factor=1.200000
rprop_decrease_factor=0.500000
rprop_delta_min=0.000000
rprop_delta_max=50.000000
rprop_delta_zero=0.100000
cascade_output_stagnation_epochs=12
cascade_candidate_change_fraction=0.010000
cascade_candidate_stagnation_epochs=12
cascade_max_out_epochs=150
cascade_min_out_epochs=50
cascade_max_cand_epochs=150
cascade_min_cand_epochs=50
cascade_num_candidate_groups=2
bit_fail_limit=3.49999994039535522461e-01
cascade_candidate_limit=1.00000000000000000000e+03
cascade_weight_multiplier=4.00000005960464477539e-01
cascade_activation_functions_count=10
cascade_activation_functions=3 5 7 8 10 11 14 15 16 17 
cascade_activation_steepnesses_count=4
cascade_activation_steepnesses=2.50000000000000000000e-01 5.00000000000000000000e-01 7.50000000000000000000e-01 1.00000000000000000000e+00 
layer_sizes=3 9 4 
scale_included=0
neurons (num_inputs, activation_function, activation_steepness)=(0, 0, 0.00000000000000000000e+00) (0, 0, 0.00000000000000000000e+00) (0, 0, 0.00000000000000000000e+00) (3, 3, 5.00000000000000000000e-01) (3, 3, 5.00000000000000000000e-01) (3, 3, 5.00000000000000000000e-01) (3, 3, 5.00000000000000000000e-01) (3, 3, 5.00000000000000000000e-01) (3, 3, 5.00000000000000000000e-01) (3, 3, 5.00000000000000000000e-01) (3, 3, 5.00000000000000000000e-01) (0, 3, 0.00000000000000000000e+00) (9, 0, 5.00000000000000000000e-01) (9, 0, 5.00000000000000000000e-01) (9, 0, 5.00000000000000000000e-01) (0, 0, 0.00000000000000000000e+00) 
connections (connected_to_neuron, weight)=(0, -6.28429841995239257812e+00) (1, 3.13463354110717773438e+00) (2, 3.71029138565063476562e+00) (0, -1.36557531356811523438e+00) (1, -2.76215553283691406250e+00) (2, 4.26799327135086059570e-01) (0, -5.15323066711425781250e+00) (1, 5.32467269897460937500e+00) (2, 8.37719345092773437500e+00) (0, -4.55124235153198242188e+00) (1, 6.69908094406127929688e+00) (2, 3.47489476203918457031e+00) (0, -4.10314083099365234375e+00) (1, -1.92089712619781494141e+00) (2, 2.29509785771369934082e-01) (0, -5.74552583694458007812e+00) (1, 2.54546999931335449219e-01) (2, 2.39029467105865478516e-01) (0, -7.20069122314453125000e+00) (1, 2.31652522087097167969e+00) (2, 1.51277041435241699219e+00) (0, -5.91501808166503906250e+00) (1, 5.13741779327392578125e+00) (2, 4.04704713821411132812e+00) (3, 1.10024511814117431641e+00) (4, 2.11547493934631347656e+00) (5, 7.06514716148376464844e-01) (6, 7.05731153488159179688e-01) (7, 2.50787997245788574219e+00) (8, 1.52330684661865234375e+00) (9, 1.15992808341979980469e+00) (10, 8.51627230644226074219e-01) (11, 2.29637578129768371582e-01) (3, 3.70084643363952636719e+00) (4, 7.85693073272705078125e+00) (5, 2.31077075004577636719e+00) (6, 2.75064206123352050781e+00) (7, 5.57846784591674804688e+00) (8, 4.51540088653564453125e+00) (9, 3.17882776260375976562e+00) (10, 3.08082747459411621094e+00) (11, 1.58144891262054443359e+00) (3, 1.10588159561157226562e+01) (4, 2.71268844604492187500e+01) (5, 9.24553871154785156250e+00) (6, 9.22360134124755859375e+00) (7, 1.73661518096923828125e+01) (8, 1.37986021041870117188e+01) (9, 1.07585077285766601562e+01) (10, 9.22166824340820312500e+00) (11, 9.14465808868408203125e+00) 
