FANN_FLO_2.1
num_layers=3
learning_rate=0.500000
connection_rate=1.000000
network_type=0
learning_momentum=0.000000
training_algorithm=2
train_error_function=1
train_stop_function=0
cascade_output_change_fraction=0.010000
quickprop_decay=-0.000100
quickprop_mu=1.750000
rprop_increase_factor=1.200000
rprop_decrease_factor=0.500000
rprop_delta_min=0.000000
rprop_delta_max=50.000000
rprop_delta_zero=0.100000
cascade_output_stagnation_epochs=12
cascade_candidate_change_fraction=0.010000
cascade_candidate_stagnation_epochs=12
cascade_max_out_epochs=150
cascade_min_out_epochs=50
cascade_max_cand_epochs=150
cascade_min_cand_epochs=50
cascade_num_candidate_groups=2
bit_fail_limit=3.49999994039535522461e-01
cascade_candidate_limit=1.00000000000000000000e+03
cascade_weight_multiplier=4.00000005960464477539e-01
cascade_activation_functions_count=10
cascade_activation_functions=3 5 7 8 10 11 14 15 16 17 
cascade_activation_steepnesses_count=4
cascade_activation_steepnesses=2.50000000000000000000e-01 5.00000000000000000000e-01 7.50000000000000000000e-01 1.00000000000000000000e+00 
layer_sizes=7 9 2 
scale_included=0
neurons (num_inputs, activation_function, activation_steepness)=(0, 0, 0.00000000000000000000e+00) (0, 0, 0.00000000000000000000e+00) (0, 0, 0.00000000000000000000e+00) (0, 0, 0.00000000000000000000e+00) (0, 0, 0.00000000000000000000e+00) (0, 0, 0.00000000000000000000e+00) (0, 0, 0.00000000000000000000e+00) (7, 3, 5.00000000000000000000e-01) (7, 3, 5.00000000000000000000e-01) (7, 3, 5.00000000000000000000e-01) (7, 3, 5.00000000000000000000e-01) (7, 3, 5.00000000000000000000e-01) (7, 3, 5.00000000000000000000e-01) (7, 3, 5.00000000000000000000e-01) (7, 3, 5.00000000000000000000e-01) (0, 3, 0.00000000000000000000e+00) (9, 0, 5.00000000000000000000e-01) (0, 0, 0.00000000000000000000e+00) 
connections (connected_to_neuron, weight)=(0, -1.56597748398780822754e-01) (1, -1.71566772460937500000e+01) (2, -1.33425855636596679688e+00) (3, -5.73897540569305419922e-01) (4, -1.14554452896118164062e+00) (5, -1.70226716995239257812e+00) (6, 4.35150340199470520020e-02) (0, -1.09446272253990173340e-01) (1, -5.81685192883014678955e-02) (2, 8.26728716492652893066e-02) (3, -4.66759037226438522339e-03) (4, -2.31503352522850036621e-01) (5, 2.06823945045471191406e-02) (6, -3.22071462869644165039e-02) (0, -7.51558169722557067871e-02) (1, 1.42316341400146484375e-01) (2, -2.11199954152107238770e-01) (3, 1.49672240018844604492e-01) (4, -1.02104926109313964844e+00) (5, -2.25619792938232421875e-01) (6, 1.86138339340686798096e-02) (0, -1.63480162620544433594e-01) (1, -1.43674865365028381348e-01) (2, -3.71486574411392211914e-01) (3, 1.05282358825206756592e-01) (4, 1.82659968733787536621e-01) (5, 3.16381424665451049805e-01) (6, -8.16736891865730285645e-02) (0, 5.76588958501815795898e-02) (1, 2.18845009803771972656e-01) (2, -4.53832030296325683594e-01) (3, -2.53891080617904663086e-01) (4, -2.61459767818450927734e-01) (5, 2.38326102495193481445e-01) (6, -2.41423994302749633789e-01) (0, 2.20412209630012512207e-01) (1, -1.29726544022560119629e-01) (2, -3.91536593437194824219e-01) (3, -7.89482444524765014648e-02) (4, -5.88099777698516845703e-01) (5, -1.93022206425666809082e-01) (6, -2.22824081778526306152e-01) (0, -1.30636259913444519043e-01) (1, -3.65125864744186401367e-01) (2, 4.13664788007736206055e-01) (3, 1.57211944460868835449e-01) (4, -3.41884732246398925781e-01) (5, 4.96077425777912139893e-02) (6, -2.60937780141830444336e-01) (0, 1.97885036468505859375e-01) (1, 1.39612881466746330261e-02) (2, 2.92637884616851806641e-01) (3, -1.40278175473213195801e-01) (4, 5.92268817126750946045e-02) (5, -3.25381398200988769531e-01) (6, -2.69058895111083984375e+00) (7, 1.50000000000000000000e+03) (8, -5.64413331449031829834e-02) (9, 5.54779827594757080078e-01) (10, -1.15637607872486114502e-01) (11, -1.32670015096664428711e-01) (12, -1.95763364434242248535e-01) (13, -1.50586813688278198242e-01) (14, -1.25639587640762329102e-01) (15, 1.22022695839405059814e-01) 
