FANN_FLO_2.1
num_layers=4
learning_rate=0.300000
connection_rate=1.000000
network_type=0
learning_momentum=0.000000
training_algorithm=2
train_error_function=1
train_stop_function=0
cascade_output_change_fraction=0.010000
quickprop_decay=-0.000100
quickprop_mu=1.750000
rprop_increase_factor=1.200000
rprop_decrease_factor=0.500000
rprop_delta_min=0.000000
rprop_delta_max=50.000000
rprop_delta_zero=0.100000
cascade_output_stagnation_epochs=12
cascade_candidate_change_fraction=0.010000
cascade_candidate_stagnation_epochs=12
cascade_max_out_epochs=150
cascade_min_out_epochs=50
cascade_max_cand_epochs=150
cascade_min_cand_epochs=50
cascade_num_candidate_groups=2
bit_fail_limit=3.49999994039535522461e-01
cascade_candidate_limit=1.00000000000000000000e+03
cascade_weight_multiplier=4.00000005960464477539e-01
cascade_activation_functions_count=10
cascade_activation_functions=3 5 7 8 10 11 14 15 16 17 
cascade_activation_steepnesses_count=4
cascade_activation_steepnesses=2.50000000000000000000e-01 5.00000000000000000000e-01 7.50000000000000000000e-01 1.00000000000000000000e+00 
layer_sizes=2 5 5 3 
scale_included=0
neurons (num_inputs, activation_function, activation_steepness)=(0, 0, 0.00000000000000000000e+00) (0, 0, 0.00000000000000000000e+00) (2, 3, 5.00000000000000000000e-01) (2, 3, 5.00000000000000000000e-01) (2, 3, 5.00000000000000000000e-01) (2, 3, 5.00000000000000000000e-01) (0, 3, 0.00000000000000000000e+00) (5, 3, 5.00000000000000000000e-01) (5, 3, 5.00000000000000000000e-01) (5, 3, 5.00000000000000000000e-01) (5, 3, 5.00000000000000000000e-01) (0, 3, 0.00000000000000000000e+00) (5, 0, 5.00000000000000000000e-01) (5, 0, 5.00000000000000000000e-01) (0, 0, 0.00000000000000000000e+00) 
connections (connected_to_neuron, weight)=(0, -5.77524757385253906250e+01) (1, -2.89309769868850708008e-01) (0, -9.97177429199218750000e+01) (1, -1.84515297412872314453e-01) (0, -5.80057220458984375000e+01) (1, -2.44433693587779998779e-02) (0, -7.31981811523437500000e+01) (1, -1.39802783727645874023e-01) (2, -2.21521902084350585938e+00) (3, -1.66910219192504882812e+00) (4, -8.57100665569305419922e-01) (5, -1.25712132453918457031e+00) (6, 3.37365597486495971680e-01) (2, 9.13542985916137695312e-01) (3, 4.18228340148925781250e+00) (4, 5.84174394607543945312e-01) (5, 3.17363572120666503906e+00) (6, -2.59177064895629882812e+00) (2, -2.65276718139648437500e+00) (3, -6.35411322116851806641e-01) (4, -9.51691150665283203125e-01) (5, -8.26065003871917724609e-01) (6, -4.71155345439910888672e-01) (2, 7.92842090129852294922e-01) (3, 5.94320011138916015625e+00) (4, 5.68299829959869384766e-01) (5, 2.18890404701232910156e+00) (6, -3.24914312362670898438e+00) (7, -1.61922228336334228516e+00) (8, -3.07967830449342727661e-02) (9, -2.82142758369445800781e-01) (10, 4.56836679950356483459e-03) (11, 3.06656137108802795410e-02) (7, 4.50804471969604492188e+00) (8, -7.84414052963256835938e-01) (9, 1.45133090019226074219e+00) (10, -7.73617744445800781250e-01) (11, -5.90772032737731933594e-01) 
