FANN_FLO_2.1
num_layers=3
learning_rate=0.500000
connection_rate=1.000000
network_type=0
learning_momentum=0.000000
training_algorithm=2
train_error_function=1
train_stop_function=0
cascade_output_change_fraction=0.010000
quickprop_decay=-0.000100
quickprop_mu=1.750000
rprop_increase_factor=1.200000
rprop_decrease_factor=0.500000
rprop_delta_min=0.000000
rprop_delta_max=50.000000
rprop_delta_zero=0.100000
cascade_output_stagnation_epochs=12
cascade_candidate_change_fraction=0.010000
cascade_candidate_stagnation_epochs=12
cascade_max_out_epochs=150
cascade_min_out_epochs=50
cascade_max_cand_epochs=150
cascade_min_cand_epochs=50
cascade_num_candidate_groups=2
bit_fail_limit=3.49999994039535522461e-01
cascade_candidate_limit=1.00000000000000000000e+03
cascade_weight_multiplier=4.00000005960464477539e-01
cascade_activation_functions_count=10
cascade_activation_functions=3 5 7 8 10 11 14 15 16 17 
cascade_activation_steepnesses_count=4
cascade_activation_steepnesses=2.50000000000000000000e-01 5.00000000000000000000e-01 7.50000000000000000000e-01 1.00000000000000000000e+00 
layer_sizes=3 9 4 
scale_included=0
neurons (num_inputs, activation_function, activation_steepness)=(0, 0, 0.00000000000000000000e+00) (0, 0, 0.00000000000000000000e+00) (0, 0, 0.00000000000000000000e+00) (3, 3, 5.00000000000000000000e-01) (3, 3, 5.00000000000000000000e-01) (3, 3, 5.00000000000000000000e-01) (3, 3, 5.00000000000000000000e-01) (3, 3, 5.00000000000000000000e-01) (3, 3, 5.00000000000000000000e-01) (3, 3, 5.00000000000000000000e-01) (3, 3, 5.00000000000000000000e-01) (0, 3, 0.00000000000000000000e+00) (9, 0, 5.00000000000000000000e-01) (9, 0, 5.00000000000000000000e-01) (9, 0, 5.00000000000000000000e-01) (0, 0, 0.00000000000000000000e+00) 
connections (connected_to_neuron, weight)=(0, -4.62988185882568359375e+00) (1, -1.98086190223693847656e+00) (2, -9.65626686811447143555e-02) (0, -7.23848867416381835938e+00) (1, 5.83294200897216796875e+00) (2, 1.64070057868957519531e+00) (0, -8.58031809329986572266e-01) (1, -1.80402088165283203125e+00) (2, 1.12033180892467498779e-01) (0, -9.79154205322265625000e+00) (1, 9.34558486938476562500e+00) (2, 6.35387563705444335938e+00) (0, -6.29265832901000976562e+00) (1, 7.71930456161499023438e+00) (2, 8.83842372894287109375e+00) (0, -5.92898368835449218750e+00) (1, 9.87318325042724609375e+00) (2, 3.75388503074645996094e+00) (0, -4.14166450500488281250e+00) (1, 2.48211130499839782715e-01) (2, 6.29517614841461181641e-01) (0, -6.14262628555297851562e+00) (1, 3.65311646461486816406e+00) (2, -5.12633204460144042969e-01) (3, 2.65703916549682617188e+00) (4, 9.12043094635009765625e-01) (5, 2.19772815704345703125e+00) (6, 2.81942486763000488281e-01) (7, 5.25577962398529052734e-01) (8, 8.07886600494384765625e-01) (9, 1.33026504516601562500e+00) (10, 1.88738858699798583984e+00) (11, 4.08266067504882812500e-01) (3, 5.05101060867309570312e+00) (4, 2.99526357650756835938e+00) (5, 1.01687507629394531250e+01) (6, 2.58523702621459960938e+00) (7, 2.10074830055236816406e+00) (8, 2.65496158599853515625e+00) (9, 5.55418014526367187500e+00) (10, 3.37628555297851562500e+00) (11, 1.64324188232421875000e+00) (3, 1.47591238021850585938e+01) (4, 8.82462024688720703125e+00) (5, 3.56792106628417968750e+01) (6, 8.77955818176269531250e+00) (7, 8.39013099670410156250e+00) (8, 8.71882343292236328125e+00) (9, 1.90388984680175781250e+01) (10, 9.52746009826660156250e+00) (11, 9.01622104644775390625e+00) 
