FANN_FLO_2.1
num_layers=3
learning_rate=0.500000
connection_rate=1.000000
network_type=0
learning_momentum=0.000000
training_algorithm=2
train_error_function=1
train_stop_function=0
cascade_output_change_fraction=0.010000
quickprop_decay=-0.000100
quickprop_mu=1.750000
rprop_increase_factor=1.200000
rprop_decrease_factor=0.500000
rprop_delta_min=0.000000
rprop_delta_max=50.000000
rprop_delta_zero=0.100000
cascade_output_stagnation_epochs=12
cascade_candidate_change_fraction=0.010000
cascade_candidate_stagnation_epochs=12
cascade_max_out_epochs=150
cascade_min_out_epochs=50
cascade_max_cand_epochs=150
cascade_min_cand_epochs=50
cascade_num_candidate_groups=2
bit_fail_limit=3.49999994039535522461e-01
cascade_candidate_limit=1.00000000000000000000e+03
cascade_weight_multiplier=4.00000005960464477539e-01
cascade_activation_functions_count=10
cascade_activation_functions=3 5 7 8 10 11 14 15 16 17 
cascade_activation_steepnesses_count=4
cascade_activation_steepnesses=2.50000000000000000000e-01 5.00000000000000000000e-01 7.50000000000000000000e-01 1.00000000000000000000e+00 
layer_sizes=18 3 2 
scale_included=0
neurons (num_inputs, activation_function, activation_steepness)=(0, 0, 0.00000000000000000000e+00) (0, 0, 0.00000000000000000000e+00) (0, 0, 0.00000000000000000000e+00) (0, 0, 0.00000000000000000000e+00) (0, 0, 0.00000000000000000000e+00) (0, 0, 0.00000000000000000000e+00) (0, 0, 0.00000000000000000000e+00) (0, 0, 0.00000000000000000000e+00) (0, 0, 0.00000000000000000000e+00) (0, 0, 0.00000000000000000000e+00) (0, 0, 0.00000000000000000000e+00) (0, 0, 0.00000000000000000000e+00) (0, 0, 0.00000000000000000000e+00) (0, 0, 0.00000000000000000000e+00) (0, 0, 0.00000000000000000000e+00) (0, 0, 0.00000000000000000000e+00) (0, 0, 0.00000000000000000000e+00) (0, 0, 0.00000000000000000000e+00) (18, 3, 5.00000000000000000000e-01) (18, 3, 5.00000000000000000000e-01) (0, 3, 0.00000000000000000000e+00) (3, 0, 5.00000000000000000000e-01) (0, 0, 0.00000000000000000000e+00) 
connections (connected_to_neuron, weight)=(0, 2.41242170333862304688e+00) (1, 2.35704231262207031250e+00) (2, 2.40864658355712890625e+00) (3, 2.82258319854736328125e+00) (4, 2.06337499618530273438e+00) (5, -2.08940029144287109375e+00) (6, -2.54531455039978027344e+00) (7, -2.58089971542358398438e+00) (8, -5.43296895921230316162e-02) (9, 2.20889425277709960938e+00) (10, 2.41364908218383789062e+00) (11, 2.32102274894714355469e+00) (12, 2.73621439933776855469e+00) (13, 2.09970998764038085938e+00) (14, 2.41354274749755859375e+00) (15, 1.77875995635986328125e+00) (16, 2.68468284606933593750e+00) (17, -7.17335462570190429688e+00) (0, 2.26829552650451660156e+00) (1, 1.49112355709075927734e+00) (2, 2.03249430656433105469e+00) (3, 1.93268108367919921875e+00) (4, 2.06396627426147460938e+00) (5, -2.27476215362548828125e+00) (6, -1.58917737007141113281e+00) (7, -2.08911633491516113281e+00) (8, 8.25490579009056091309e-02) (9, 1.83445215225219726562e+00) (10, 2.10988283157348632812e+00) (11, 1.64692640304565429688e+00) (12, 2.10952782630920410156e+00) (13, 1.91496741771697998047e+00) (14, 1.96487879753112792969e+00) (15, 1.72899317741394042969e+00) (16, 2.34439730644226074219e+00) (17, -1.03646717071533203125e+01) (18, 4.14995002746582031250e+00) (19, 5.16925621032714843750e+00) (20, 3.95304155349731445312e+00) 
