FANN_FLO_2.1
num_layers=3
learning_rate=0.500000
connection_rate=1.000000
network_type=0
learning_momentum=0.000000
training_algorithm=2
train_error_function=1
train_stop_function=0
cascade_output_change_fraction=0.010000
quickprop_decay=-0.000100
quickprop_mu=1.750000
rprop_increase_factor=1.200000
rprop_decrease_factor=0.500000
rprop_delta_min=0.000000
rprop_delta_max=50.000000
rprop_delta_zero=0.100000
cascade_output_stagnation_epochs=12
cascade_candidate_change_fraction=0.010000
cascade_candidate_stagnation_epochs=12
cascade_max_out_epochs=150
cascade_min_out_epochs=50
cascade_max_cand_epochs=150
cascade_min_cand_epochs=50
cascade_num_candidate_groups=2
bit_fail_limit=3.49999994039535522461e-01
cascade_candidate_limit=1.00000000000000000000e+03
cascade_weight_multiplier=4.00000005960464477539e-01
cascade_activation_functions_count=10
cascade_activation_functions=3 5 7 8 10 11 14 15 16 17 
cascade_activation_steepnesses_count=4
cascade_activation_steepnesses=2.50000000000000000000e-01 5.00000000000000000000e-01 7.50000000000000000000e-01 1.00000000000000000000e+00 
layer_sizes=3 9 4 
scale_included=0
neurons (num_inputs, activation_function, activation_steepness)=(0, 0, 0.00000000000000000000e+00) (0, 0, 0.00000000000000000000e+00) (0, 0, 0.00000000000000000000e+00) (3, 3, 5.00000000000000000000e-01) (3, 3, 5.00000000000000000000e-01) (3, 3, 5.00000000000000000000e-01) (3, 3, 5.00000000000000000000e-01) (3, 3, 5.00000000000000000000e-01) (3, 3, 5.00000000000000000000e-01) (3, 3, 5.00000000000000000000e-01) (3, 3, 5.00000000000000000000e-01) (0, 3, 0.00000000000000000000e+00) (9, 0, 5.00000000000000000000e-01) (9, 0, 5.00000000000000000000e-01) (9, 0, 5.00000000000000000000e-01) (0, 0, 0.00000000000000000000e+00) 
connections (connected_to_neuron, weight)=(0, -6.92604637145996093750e+00) (1, 7.50352334976196289062e+00) (2, 2.54087710380554199219e+00) (0, -5.01416110992431640625e+00) (1, 5.84278202056884765625e+00) (2, 7.77761983871459960938e+00) (0, -1.21161913871765136719e+00) (1, -1.89664471149444580078e+00) (2, 5.35995602607727050781e-01) (0, -8.80952453613281250000e+00) (1, 5.30368757247924804688e+00) (2, 4.65977382659912109375e+00) (0, -3.26443624496459960938e+00) (1, 7.71034669876098632812e+00) (2, 1.80823755264282226562e+00) (0, -6.68990564346313476562e+00) (1, 5.88876581192016601562e+00) (2, 7.52652454376220703125e+00) (0, -4.05771636962890625000e+00) (1, 1.72843861579895019531e+00) (2, 3.43809872865676879883e-02) (0, -4.09691953659057617188e+00) (1, -7.51353442668914794922e-01) (2, 8.55328813195228576660e-02) (3, 1.38192117214202880859e+00) (4, 4.31631743907928466797e-01) (5, 2.74277400970458984375e+00) (6, 1.61795064806938171387e-01) (7, 6.76662981510162353516e-01) (8, 4.11407789215445518494e-03) (9, 2.22218680381774902344e+00) (10, 2.65293264389038085938e+00) (11, 3.37163478136062622070e-01) (3, 2.58853077888488769531e+00) (4, 1.98269760608673095703e+00) (5, 9.99080753326416015625e+00) (6, 2.09043383598327636719e+00) (7, 2.08063745498657226562e+00) (8, 1.92554950714111328125e+00) (9, 6.17823266983032226562e+00) (10, 6.14240884780883789062e+00) (11, 1.09464776515960693359e+00) (3, 7.06340789794921875000e+00) (4, 7.12132167816162109375e+00) (5, 3.36087722778320312500e+01) (6, 7.17277193069458007812e+00) (7, 7.19296789169311523438e+00) (8, 7.22861003875732421875e+00) (9, 1.91114959716796875000e+01) (10, 1.96072711944580078125e+01) (11, 7.20407819747924804688e+00) 
