FANN_FLO_2.1
num_layers=4
learning_rate=0.450000
connection_rate=1.000000
network_type=0
learning_momentum=0.000000
training_algorithm=2
train_error_function=1
train_stop_function=0
cascade_output_change_fraction=0.010000
quickprop_decay=-0.000100
quickprop_mu=1.750000
rprop_increase_factor=1.200000
rprop_decrease_factor=0.500000
rprop_delta_min=0.000000
rprop_delta_max=50.000000
rprop_delta_zero=0.100000
cascade_output_stagnation_epochs=12
cascade_candidate_change_fraction=0.010000
cascade_candidate_stagnation_epochs=12
cascade_max_out_epochs=150
cascade_min_out_epochs=50
cascade_max_cand_epochs=150
cascade_min_cand_epochs=50
cascade_num_candidate_groups=2
bit_fail_limit=3.49999994039535522461e-01
cascade_candidate_limit=1.00000000000000000000e+03
cascade_weight_multiplier=4.00000005960464477539e-01
cascade_activation_functions_count=10
cascade_activation_functions=3 5 7 8 10 11 14 15 16 17 
cascade_activation_steepnesses_count=4
cascade_activation_steepnesses=2.50000000000000000000e-01 5.00000000000000000000e-01 7.50000000000000000000e-01 1.00000000000000000000e+00 
layer_sizes=7 3 3 2 
scale_included=0
neurons (num_inputs, activation_function, activation_steepness)=(0, 0, 0.00000000000000000000e+00) (0, 0, 0.00000000000000000000e+00) (0, 0, 0.00000000000000000000e+00) (0, 0, 0.00000000000000000000e+00) (0, 0, 0.00000000000000000000e+00) (0, 0, 0.00000000000000000000e+00) (0, 0, 0.00000000000000000000e+00) (7, 3, 5.00000000000000000000e-01) (7, 3, 5.00000000000000000000e-01) (0, 3, 0.00000000000000000000e+00) (3, 3, 5.00000000000000000000e-01) (3, 3, 5.00000000000000000000e-01) (0, 3, 0.00000000000000000000e+00) (3, 0, 5.00000000000000000000e-01) (0, 0, 0.00000000000000000000e+00) 
connections (connected_to_neuron, weight)=(0, 7.22706466913223266602e-02) (1, 2.02168747782707214355e-01) (2, -2.59324103593826293945e-01) (3, 1.72254536300897598267e-02) (4, 2.33406156301498413086e-01) (5, -2.66153812408447265625e-01) (6, 1.68203905224800109863e-01) (0, -4.55738353729248046875e+00) (1, 7.70154047012329101562e+00) (2, -3.04181170463562011719e+00) (3, -3.81346549987792968750e+01) (4, 1.54625356197357177734e+00) (5, 3.72885322570800781250e+01) (6, 2.61297196149826049805e-01) (7, -3.88393568992614746094e+00) (8, 3.94280891418457031250e+01) (9, 4.62645530700683593750e-01) (7, -1.02978677749633789062e+01) (8, 1.28689022064208984375e+01) (9, 2.48117136955261230469e+00) (10, -1.54158437252044677734e+00) (11, 3.63697528839111328125e+00) (12, 7.36132264137268066406e-02) 
