FANN_FLO_2.1
num_layers=3
learning_rate=0.500000
connection_rate=1.000000
network_type=0
learning_momentum=0.000000
training_algorithm=2
train_error_function=1
train_stop_function=0
cascade_output_change_fraction=0.010000
quickprop_decay=-0.000100
quickprop_mu=1.750000
rprop_increase_factor=1.200000
rprop_decrease_factor=0.500000
rprop_delta_min=0.000000
rprop_delta_max=50.000000
rprop_delta_zero=0.100000
cascade_output_stagnation_epochs=12
cascade_candidate_change_fraction=0.010000
cascade_candidate_stagnation_epochs=12
cascade_max_out_epochs=150
cascade_min_out_epochs=50
cascade_max_cand_epochs=150
cascade_min_cand_epochs=50
cascade_num_candidate_groups=2
bit_fail_limit=3.49999994039535522461e-01
cascade_candidate_limit=1.00000000000000000000e+03
cascade_weight_multiplier=4.00000005960464477539e-01
cascade_activation_functions_count=10
cascade_activation_functions=3 5 7 8 10 11 14 15 16 17 
cascade_activation_steepnesses_count=4
cascade_activation_steepnesses=2.50000000000000000000e-01 5.00000000000000000000e-01 7.50000000000000000000e-01 1.00000000000000000000e+00 
layer_sizes=3 5 4 
scale_included=0
neurons (num_inputs, activation_function, activation_steepness)=(0, 0, 0.00000000000000000000e+00) (0, 0, 0.00000000000000000000e+00) (0, 0, 0.00000000000000000000e+00) (3, 3, 5.00000000000000000000e-01) (3, 3, 5.00000000000000000000e-01) (3, 3, 5.00000000000000000000e-01) (3, 3, 5.00000000000000000000e-01) (0, 3, 0.00000000000000000000e+00) (5, 0, 5.00000000000000000000e-01) (5, 0, 5.00000000000000000000e-01) (5, 0, 5.00000000000000000000e-01) (0, 0, 0.00000000000000000000e+00) 
connections (connected_to_neuron, weight)=(0, -1.16868648529052734375e+01) (1, 8.42295742034912109375e+00) (2, 9.04675960540771484375e+00) (0, -2.96053791046142578125e+01) (1, 1.17737760543823242188e+01) (2, 1.30229034423828125000e+01) (0, -1.55382430553436279297e+00) (1, -1.28344678878784179688e+00) (2, 4.08841371536254882812e-02) (0, -1.50000000000000000000e+03) (1, 2.39314071655273437500e+02) (2, 9.58637714385986328125e+00) (3, 1.81946980953216552734e+00) (4, 7.15544879436492919922e-01) (5, 4.73285198211669921875e+00) (6, 2.17753887176513671875e+00) (7, 1.27683317661285400391e+00) (3, 5.65276813507080078125e+00) (4, 3.68030071258544921875e+00) (5, 1.49328670501708984375e+01) (6, 4.53768682479858398438e+00) (7, 5.42239570617675781250e+00) (3, 1.77512683868408203125e+01) (4, 1.32387304306030273438e+01) (5, 4.71444892883300781250e+01) (6, 1.41922931671142578125e+01) (7, 2.28837299346923828125e+01) 
