FANN_FLO_2.1
num_layers=3
learning_rate=0.500000
connection_rate=1.000000
network_type=0
learning_momentum=0.000000
training_algorithm=2
train_error_function=1
train_stop_function=0
cascade_output_change_fraction=0.010000
quickprop_decay=-0.000100
quickprop_mu=1.750000
rprop_increase_factor=1.200000
rprop_decrease_factor=0.500000
rprop_delta_min=0.000000
rprop_delta_max=50.000000
rprop_delta_zero=0.100000
cascade_output_stagnation_epochs=12
cascade_candidate_change_fraction=0.010000
cascade_candidate_stagnation_epochs=12
cascade_max_out_epochs=150
cascade_min_out_epochs=50
cascade_max_cand_epochs=150
cascade_min_cand_epochs=50
cascade_num_candidate_groups=2
bit_fail_limit=3.49999994039535522461e-01
cascade_candidate_limit=1.00000000000000000000e+03
cascade_weight_multiplier=4.00000005960464477539e-01
cascade_activation_functions_count=10
cascade_activation_functions=3 5 7 8 10 11 14 15 16 17 
cascade_activation_steepnesses_count=4
cascade_activation_steepnesses=2.50000000000000000000e-01 5.00000000000000000000e-01 7.50000000000000000000e-01 1.00000000000000000000e+00 
layer_sizes=7 9 2 
scale_included=0
neurons (num_inputs, activation_function, activation_steepness)=(0, 0, 0.00000000000000000000e+00) (0, 0, 0.00000000000000000000e+00) (0, 0, 0.00000000000000000000e+00) (0, 0, 0.00000000000000000000e+00) (0, 0, 0.00000000000000000000e+00) (0, 0, 0.00000000000000000000e+00) (0, 0, 0.00000000000000000000e+00) (7, 3, 5.00000000000000000000e-01) (7, 3, 5.00000000000000000000e-01) (7, 3, 5.00000000000000000000e-01) (7, 3, 5.00000000000000000000e-01) (7, 3, 5.00000000000000000000e-01) (7, 3, 5.00000000000000000000e-01) (7, 3, 5.00000000000000000000e-01) (7, 3, 5.00000000000000000000e-01) (0, 3, 0.00000000000000000000e+00) (9, 0, 5.00000000000000000000e-01) (0, 0, 0.00000000000000000000e+00) 
connections (connected_to_neuron, weight)=(0, 1.50000000000000000000e+03) (1, 1.50000000000000000000e+03) (2, 1.50000000000000000000e+03) (3, 1.31021461486816406250e+01) (4, 4.32250030517578125000e+02) (5, 1.50000000000000000000e+03) (6, -3.41730728149414062500e+01) (0, 1.20863877236843109131e-01) (1, -2.61704474687576293945e-01) (2, 5.08293211460113525391e-02) (3, -5.62382712960243225098e-02) (4, -2.50727534294128417969e-01) (5, 2.13792800903320312500e-01) (6, -1.77367180585861206055e-02) (0, 5.23211956024169921875e-01) (1, 8.06016325950622558594e-02) (2, 4.39855277538299560547e-01) (3, -4.05401028692722320557e-02) (4, -2.07255944609642028809e-01) (5, -7.68900334835052490234e-01) (6, -5.26600837707519531250e-01) (0, 1.25944793224334716797e-01) (1, -4.28567498922348022461e-01) (2, 1.93206638097763061523e-01) (3, -7.15756565332412719727e-02) (4, -2.29096695780754089355e-01) (5, 2.89434880018234252930e-01) (6, -2.08589419722557067871e-01) (0, -1.15414887666702270508e-01) (1, -1.18573196232318878174e-01) (2, -5.94193376600742340088e-02) (3, 6.21021091938018798828e-02) (4, -6.07503764331340789795e-02) (5, 2.32380628585815429688e-01) (6, 3.53590101003646850586e-01) (0, -1.50000000000000000000e+03) (1, -1.50000000000000000000e+03) (2, -1.50000000000000000000e+03) (3, -4.42022770643234252930e-01) (4, -1.48927990722656250000e+03) (5, -1.50000000000000000000e+03) (6, -4.49691534042358398438e-01) (0, -1.50000000000000000000e+03) (1, -1.50000000000000000000e+03) (2, -1.50000000000000000000e+03) (3, -4.25005644559860229492e-01) (4, -1.50000000000000000000e+03) (5, -1.50000000000000000000e+03) (6, -4.21511024236679077148e-01) (0, -1.50460764765739440918e-01) (1, -5.85010588169097900391e-01) (2, -1.34620591998100280762e-01) (3, 1.84058304876089096069e-02) (4, 1.67809128761291503906e-01) (5, 6.39397263526916503906e-01) (6, -3.42421746253967285156e+00) (7, -3.28483246266841888428e-02) (8, -5.33183515071868896484e-01) (9, 4.91142272949218750000e-02) (10, 4.86550599336624145508e-01) (11, 1.67616784572601318359e-01) (12, 1.50000000000000000000e+03) (13, 1.50000000000000000000e+03) (14, -1.93925783038139343262e-01) (15, -9.76084545254707336426e-03) 
