FANN_FLO_2.1
num_layers=3
learning_rate=0.500000
connection_rate=1.000000
network_type=0
learning_momentum=0.000000
training_algorithm=2
train_error_function=1
train_stop_function=0
cascade_output_change_fraction=0.010000
quickprop_decay=-0.000100
quickprop_mu=1.750000
rprop_increase_factor=1.200000
rprop_decrease_factor=0.500000
rprop_delta_min=0.000000
rprop_delta_max=50.000000
rprop_delta_zero=0.100000
cascade_output_stagnation_epochs=12
cascade_candidate_change_fraction=0.010000
cascade_candidate_stagnation_epochs=12
cascade_max_out_epochs=150
cascade_min_out_epochs=50
cascade_max_cand_epochs=150
cascade_min_cand_epochs=50
cascade_num_candidate_groups=2
bit_fail_limit=3.49999994039535522461e-01
cascade_candidate_limit=1.00000000000000000000e+03
cascade_weight_multiplier=4.00000005960464477539e-01
cascade_activation_functions_count=10
cascade_activation_functions=3 5 7 8 10 11 14 15 16 17 
cascade_activation_steepnesses_count=4
cascade_activation_steepnesses=2.50000000000000000000e-01 5.00000000000000000000e-01 7.50000000000000000000e-01 1.00000000000000000000e+00 
layer_sizes=3 9 4 
scale_included=0
neurons (num_inputs, activation_function, activation_steepness)=(0, 0, 0.00000000000000000000e+00) (0, 0, 0.00000000000000000000e+00) (0, 0, 0.00000000000000000000e+00) (3, 3, 5.00000000000000000000e-01) (3, 3, 5.00000000000000000000e-01) (3, 3, 5.00000000000000000000e-01) (3, 3, 5.00000000000000000000e-01) (3, 3, 5.00000000000000000000e-01) (3, 3, 5.00000000000000000000e-01) (3, 3, 5.00000000000000000000e-01) (3, 3, 5.00000000000000000000e-01) (0, 3, 0.00000000000000000000e+00) (9, 0, 5.00000000000000000000e-01) (9, 0, 5.00000000000000000000e-01) (9, 0, 5.00000000000000000000e-01) (0, 0, 0.00000000000000000000e+00) 
connections (connected_to_neuron, weight)=(0, -1.75559749603271484375e+01) (1, 3.26952052116394042969e+00) (2, 3.48960727453231811523e-01) (0, -9.16810607910156250000e+00) (1, 5.15735483169555664062e+00) (2, 6.17557382583618164062e+00) (0, -5.68337917327880859375e+00) (1, -8.87594819068908691406e-01) (2, -1.85892045497894287109e-01) (0, -1.25276842117309570312e+01) (1, 3.92859816551208496094e+00) (2, 5.01421594619750976562e+00) (0, -2.04666686058044433594e+00) (1, -1.68358457088470458984e+00) (2, 3.61107975244522094727e-01) (0, -4.78737401962280273438e+00) (1, 7.32018661499023437500e+00) (2, 5.62024784088134765625e+00) (0, -6.98872947692871093750e+00) (1, 6.12917900085449218750e+00) (2, 6.90927600860595703125e+00) (0, -1.86454188823699951172e+00) (1, -3.43540644645690917969e+00) (2, 2.46855482459068298340e-01) (3, 1.28679561614990234375e+00) (4, 1.17610096931457519531e+00) (5, 2.27612709999084472656e+00) (6, 7.06229031085968017578e-01) (7, 1.08139026165008544922e+00) (8, 8.42599451541900634766e-01) (9, 8.41030418872833251953e-01) (10, 2.36627626419067382812e+00) (11, 5.54574072360992431641e-01) (3, 3.05612158775329589844e+00) (4, 4.10065364837646484375e+00) (5, 4.61468648910522460938e+00) (6, 3.12512826919555664062e+00) (7, 5.31861972808837890625e+00) (8, 2.96786999702453613281e+00) (9, 3.05790638923645019531e+00) (10, 5.65322494506835937500e+00) (11, 2.40870308876037597656e+00) (3, 8.74823188781738281250e+00) (4, 1.18041296005249023438e+01) (5, 1.44363899230957031250e+01) (6, 1.13451366424560546875e+01) (7, 1.80072441101074218750e+01) (8, 1.10250587463378906250e+01) (9, 1.08218297958374023438e+01) (10, 1.77682266235351562500e+01) (11, 1.11427927017211914062e+01) 
