FANN_FLO_2.1
num_layers=4
learning_rate=0.300000
connection_rate=1.000000
network_type=0
learning_momentum=0.000000
training_algorithm=2
train_error_function=1
train_stop_function=0
cascade_output_change_fraction=0.010000
quickprop_decay=-0.000100
quickprop_mu=1.750000
rprop_increase_factor=1.200000
rprop_decrease_factor=0.500000
rprop_delta_min=0.000000
rprop_delta_max=50.000000
rprop_delta_zero=0.100000
cascade_output_stagnation_epochs=12
cascade_candidate_change_fraction=0.010000
cascade_candidate_stagnation_epochs=12
cascade_max_out_epochs=150
cascade_min_out_epochs=50
cascade_max_cand_epochs=150
cascade_min_cand_epochs=50
cascade_num_candidate_groups=2
bit_fail_limit=3.49999994039535522461e-01
cascade_candidate_limit=1.00000000000000000000e+03
cascade_weight_multiplier=4.00000005960464477539e-01
cascade_activation_functions_count=10
cascade_activation_functions=3 5 7 8 10 11 14 15 16 17 
cascade_activation_steepnesses_count=4
cascade_activation_steepnesses=2.50000000000000000000e-01 5.00000000000000000000e-01 7.50000000000000000000e-01 1.00000000000000000000e+00 
layer_sizes=2 5 5 3 
scale_included=0
neurons (num_inputs, activation_function, activation_steepness)=(0, 0, 0.00000000000000000000e+00) (0, 0, 0.00000000000000000000e+00) (2, 3, 5.00000000000000000000e-01) (2, 3, 5.00000000000000000000e-01) (2, 3, 5.00000000000000000000e-01) (2, 3, 5.00000000000000000000e-01) (0, 3, 0.00000000000000000000e+00) (5, 3, 5.00000000000000000000e-01) (5, 3, 5.00000000000000000000e-01) (5, 3, 5.00000000000000000000e-01) (5, 3, 5.00000000000000000000e-01) (0, 3, 0.00000000000000000000e+00) (5, 0, 5.00000000000000000000e-01) (5, 0, 5.00000000000000000000e-01) (0, 0, 0.00000000000000000000e+00) 
connections (connected_to_neuron, weight)=(0, -1.02003788948059082031e+00) (1, -2.05816769599914550781e+00) (0, 9.34612083435058593750e+00) (1, 6.70774459838867187500e-01) (0, -1.33448806762695312500e+02) (1, -1.16414916515350341797e+00) (0, 6.50193786621093750000e+00) (1, 3.55038791894912719727e-01) (2, 4.25657540559768676758e-01) (3, 1.41534674167633056641e+00) (4, 1.74001502990722656250e+00) (5, 6.31196856498718261719e-01) (6, -9.83377754688262939453e-01) (2, 4.38219189643859863281e-01) (3, 8.46598088741302490234e-01) (4, 1.57666432857513427734e+00) (5, 8.02702665328979492188e-01) (6, -1.33091306686401367188e+00) (2, 9.86987411975860595703e-01) (3, 1.86310279369354248047e+00) (4, 4.48810577392578125000e+00) (5, 1.79715681076049804688e+00) (6, -4.55337142944335937500e+00) (2, 9.06699597835540771484e-01) (3, 9.27297353744506835938e-01) (4, 2.50871229171752929688e+00) (5, 6.75553083419799804688e-01) (6, -2.59005904197692871094e+00) (7, -6.14766627550125122070e-02) (8, -5.98897300660610198975e-02) (9, 2.53927618265151977539e-01) (10, 1.22412666678428649902e-01) (11, -1.46634027361869812012e-01) (7, -4.67939466238021850586e-01) (8, -4.17294859886169433594e-01) (9, -9.49544072151184082031e-01) (10, -9.01616454124450683594e-01) (11, -4.19620633125305175781e-01) 
