FANN_FLO_2.1
num_layers=3
learning_rate=0.500000
connection_rate=1.000000
network_type=0
learning_momentum=0.000000
training_algorithm=2
train_error_function=1
train_stop_function=0
cascade_output_change_fraction=0.010000
quickprop_decay=-0.000100
quickprop_mu=1.750000
rprop_increase_factor=1.200000
rprop_decrease_factor=0.500000
rprop_delta_min=0.000000
rprop_delta_max=50.000000
rprop_delta_zero=0.100000
cascade_output_stagnation_epochs=12
cascade_candidate_change_fraction=0.010000
cascade_candidate_stagnation_epochs=12
cascade_max_out_epochs=150
cascade_min_out_epochs=50
cascade_max_cand_epochs=150
cascade_min_cand_epochs=50
cascade_num_candidate_groups=2
bit_fail_limit=3.49999994039535522461e-01
cascade_candidate_limit=1.00000000000000000000e+03
cascade_weight_multiplier=4.00000005960464477539e-01
cascade_activation_functions_count=10
cascade_activation_functions=3 5 7 8 10 11 14 15 16 17 
cascade_activation_steepnesses_count=4
cascade_activation_steepnesses=2.50000000000000000000e-01 5.00000000000000000000e-01 7.50000000000000000000e-01 1.00000000000000000000e+00 
layer_sizes=10 3 2 
scale_included=0
neurons (num_inputs, activation_function, activation_steepness)=(0, 0, 0.00000000000000000000e+00) (0, 0, 0.00000000000000000000e+00) (0, 0, 0.00000000000000000000e+00) (0, 0, 0.00000000000000000000e+00) (0, 0, 0.00000000000000000000e+00) (0, 0, 0.00000000000000000000e+00) (0, 0, 0.00000000000000000000e+00) (0, 0, 0.00000000000000000000e+00) (0, 0, 0.00000000000000000000e+00) (0, 0, 0.00000000000000000000e+00) (10, 3, 5.00000000000000000000e-01) (10, 3, 5.00000000000000000000e-01) (0, 3, 0.00000000000000000000e+00) (3, 3, 5.00000000000000000000e-01) (0, 3, 0.00000000000000000000e+00) 
connections (connected_to_neuron, weight)=(0, 1.12441837787628173828e+00) (1, 1.04799389839172363281e+00) (2, 1.08280456066131591797e+00) (3, -9.96278300881385803223e-02) (4, 1.36009335517883300781e-01) (5, 7.62926936149597167969e-01) (6, 9.16115343570709228516e-01) (7, -4.88408029079437255859e-01) (8, 1.00412368774414062500e+00) (9, -2.53240299224853515625e+00) (0, -3.47219824790954589844e-01) (1, -4.21651303768157958984e-01) (2, -3.42958837747573852539e-01) (3, -1.10635352134704589844e+00) (4, -8.90224814414978027344e-01) (5, -5.61313569545745849609e-01) (6, -5.03685295581817626953e-01) (7, -1.41626894474029541016e+00) (8, -4.11255419254302978516e-01) (9, 2.63238453865051269531e+00) (10, 1.24126946926116943359e+00) (11, -1.91262030601501464844e+00) (12, 1.05742506682872772217e-01) 
