FANN_FLO_2.1
num_layers=4
learning_rate=0.450000
connection_rate=1.000000
network_type=0
learning_momentum=0.000000
training_algorithm=2
train_error_function=1
train_stop_function=0
cascade_output_change_fraction=0.010000
quickprop_decay=-0.000100
quickprop_mu=1.750000
rprop_increase_factor=1.200000
rprop_decrease_factor=0.500000
rprop_delta_min=0.000000
rprop_delta_max=50.000000
rprop_delta_zero=0.100000
cascade_output_stagnation_epochs=12
cascade_candidate_change_fraction=0.010000
cascade_candidate_stagnation_epochs=12
cascade_max_out_epochs=150
cascade_min_out_epochs=50
cascade_max_cand_epochs=150
cascade_min_cand_epochs=50
cascade_num_candidate_groups=2
bit_fail_limit=3.49999994039535522461e-01
cascade_candidate_limit=1.00000000000000000000e+03
cascade_weight_multiplier=4.00000005960464477539e-01
cascade_activation_functions_count=10
cascade_activation_functions=3 5 7 8 10 11 14 15 16 17 
cascade_activation_steepnesses_count=4
cascade_activation_steepnesses=2.50000000000000000000e-01 5.00000000000000000000e-01 7.50000000000000000000e-01 1.00000000000000000000e+00 
layer_sizes=7 3 3 2 
scale_included=0
neurons (num_inputs, activation_function, activation_steepness)=(0, 0, 0.00000000000000000000e+00) (0, 0, 0.00000000000000000000e+00) (0, 0, 0.00000000000000000000e+00) (0, 0, 0.00000000000000000000e+00) (0, 0, 0.00000000000000000000e+00) (0, 0, 0.00000000000000000000e+00) (0, 0, 0.00000000000000000000e+00) (7, 3, 5.00000000000000000000e-01) (7, 3, 5.00000000000000000000e-01) (0, 3, 0.00000000000000000000e+00) (3, 3, 5.00000000000000000000e-01) (3, 3, 5.00000000000000000000e-01) (0, 3, 0.00000000000000000000e+00) (3, 0, 5.00000000000000000000e-01) (0, 0, 0.00000000000000000000e+00) 
connections (connected_to_neuron, weight)=(0, -1.53320419311523437500e+02) (1, -7.88721263408660888672e-01) (2, -1.29705322265625000000e+03) (3, 3.73298583984375000000e+02) (4, 6.73688293457031250000e+02) (5, 3.57016937255859375000e+02) (6, -4.75442171096801757812e-01) (0, 1.26568286132812500000e+03) (1, -1.83741652965545654297e+00) (2, 1.46093542480468750000e+03) (3, 1.47779516601562500000e+03) (4, 1.49231518554687500000e+03) (5, 1.50000000000000000000e+03) (6, -9.15530443191528320312e-01) (7, 7.15772094726562500000e+02) (8, -9.01751406490802764893e-03) (9, 7.83646255731582641602e-02) (7, 1.48752429199218750000e+03) (8, -7.92868673801422119141e-01) (9, -9.17458295822143554688e-01) (10, 8.71300324797630310059e-02) (11, -3.20769660174846649170e-02) (12, -3.45194414258003234863e-02) 
