FANN_FLO_2.1
num_layers=3
learning_rate=0.500000
connection_rate=1.000000
network_type=0
learning_momentum=0.000000
training_algorithm=2
train_error_function=1
train_stop_function=0
cascade_output_change_fraction=0.010000
quickprop_decay=-0.000100
quickprop_mu=1.750000
rprop_increase_factor=1.200000
rprop_decrease_factor=0.500000
rprop_delta_min=0.000000
rprop_delta_max=50.000000
rprop_delta_zero=0.100000
cascade_output_stagnation_epochs=12
cascade_candidate_change_fraction=0.010000
cascade_candidate_stagnation_epochs=12
cascade_max_out_epochs=150
cascade_min_out_epochs=50
cascade_max_cand_epochs=150
cascade_min_cand_epochs=50
cascade_num_candidate_groups=2
bit_fail_limit=3.49999994039535522461e-01
cascade_candidate_limit=1.00000000000000000000e+03
cascade_weight_multiplier=4.00000005960464477539e-01
cascade_activation_functions_count=10
cascade_activation_functions=3 5 7 8 10 11 14 15 16 17 
cascade_activation_steepnesses_count=4
cascade_activation_steepnesses=2.50000000000000000000e-01 5.00000000000000000000e-01 7.50000000000000000000e-01 1.00000000000000000000e+00 
layer_sizes=7 9 2 
scale_included=0
neurons (num_inputs, activation_function, activation_steepness)=(0, 0, 0.00000000000000000000e+00) (0, 0, 0.00000000000000000000e+00) (0, 0, 0.00000000000000000000e+00) (0, 0, 0.00000000000000000000e+00) (0, 0, 0.00000000000000000000e+00) (0, 0, 0.00000000000000000000e+00) (0, 0, 0.00000000000000000000e+00) (7, 3, 5.00000000000000000000e-01) (7, 3, 5.00000000000000000000e-01) (7, 3, 5.00000000000000000000e-01) (7, 3, 5.00000000000000000000e-01) (7, 3, 5.00000000000000000000e-01) (7, 3, 5.00000000000000000000e-01) (7, 3, 5.00000000000000000000e-01) (7, 3, 5.00000000000000000000e-01) (0, 3, 0.00000000000000000000e+00) (9, 0, 5.00000000000000000000e-01) (0, 0, 0.00000000000000000000e+00) 
connections (connected_to_neuron, weight)=(0, -1.35492935776710510254e-01) (1, 6.94670200347900390625e+00) (2, -2.83448171615600585938e+00) (3, 1.17180854082107543945e-01) (4, 1.07736718654632568359e+00) (5, -4.45228719711303710938e+00) (6, 3.45105123519897460938e+00) (0, -2.76244223117828369141e-01) (1, 2.81029105186462402344e-01) (2, -7.82051831483840942383e-02) (3, -4.59031522274017333984e-01) (4, 1.99856340885162353516e-01) (5, 7.15554416179656982422e-01) (6, -2.56910562515258789062e-01) (0, -3.52503448724746704102e-01) (1, 5.23651897907257080078e-01) (2, -1.33283644914627075195e-01) (3, -2.66726493835449218750e-01) (4, 1.51168107986450195312e-02) (5, 2.41623416543006896973e-01) (6, -4.90099996328353881836e-01) (0, -6.71144819259643554688e+00) (1, -3.89817729592323303223e-02) (2, -3.74030456542968750000e+01) (3, -2.02887326478958129883e-01) (4, 9.25342440605163574219e-02) (5, -2.68535823822021484375e+01) (6, -5.70644438266754150391e-02) (0, -3.26429337263107299805e-01) (1, 3.58074069023132324219e-01) (2, -7.38158449530601501465e-02) (3, -3.82489114999771118164e-01) (4, 1.54801741242408752441e-01) (5, 4.96667951345443725586e-01) (6, -2.05009877681732177734e-01) (0, -3.10448139905929565430e-01) (1, -5.44241070747375488281e-01) (2, 6.47267699241638183594e-01) (3, -5.63420593738555908203e-01) (4, -6.77145645022392272949e-03) (5, 1.01549780368804931641e+00) (6, -4.28756624460220336914e-01) (0, 2.86352291107177734375e+01) (1, -2.60675811767578125000e+01) (2, -1.33231933593750000000e+03) (3, -5.50595378875732421875e+00) (4, -1.58475198745727539062e+01) (5, 6.89565241336822509766e-01) (6, -2.01611304283142089844e+00) (0, 1.16390570998191833496e-01) (1, 7.42085790634155273438e+00) (2, -5.44370079040527343750e+00) (3, -1.21322944760322570801e-01) (4, 3.18273425102233886719e+00) (5, 1.89137287139892578125e+01) (6, 3.75368380546569824219e+00) (7, -3.33454832434654235840e-02) (8, 2.68381357192993164062e-01) (9, 2.59644091129302978516e-01) (10, -2.12730646133422851562e+00) (11, -5.16055524349212646484e-01) (12, 1.81063160300254821777e-01) (13, 2.74105016142129898071e-02) (14, -4.84235771000385284424e-02) (15, 8.44923630356788635254e-02) 
