FANN_FLO_2.1
num_layers=3
learning_rate=0.500000
connection_rate=1.000000
network_type=0
learning_momentum=0.000000
training_algorithm=2
train_error_function=1
train_stop_function=0
cascade_output_change_fraction=0.010000
quickprop_decay=-0.000100
quickprop_mu=1.750000
rprop_increase_factor=1.200000
rprop_decrease_factor=0.500000
rprop_delta_min=0.000000
rprop_delta_max=50.000000
rprop_delta_zero=0.100000
cascade_output_stagnation_epochs=12
cascade_candidate_change_fraction=0.010000
cascade_candidate_stagnation_epochs=12
cascade_max_out_epochs=150
cascade_min_out_epochs=50
cascade_max_cand_epochs=150
cascade_min_cand_epochs=50
cascade_num_candidate_groups=2
bit_fail_limit=3.49999994039535522461e-01
cascade_candidate_limit=1.00000000000000000000e+03
cascade_weight_multiplier=4.00000005960464477539e-01
cascade_activation_functions_count=10
cascade_activation_functions=3 5 7 8 10 11 14 15 16 17 
cascade_activation_steepnesses_count=4
cascade_activation_steepnesses=2.50000000000000000000e-01 5.00000000000000000000e-01 7.50000000000000000000e-01 1.00000000000000000000e+00 
layer_sizes=10 5 2 
scale_included=0
neurons (num_inputs, activation_function, activation_steepness)=(0, 0, 0.00000000000000000000e+00) (0, 0, 0.00000000000000000000e+00) (0, 0, 0.00000000000000000000e+00) (0, 0, 0.00000000000000000000e+00) (0, 0, 0.00000000000000000000e+00) (0, 0, 0.00000000000000000000e+00) (0, 0, 0.00000000000000000000e+00) (0, 0, 0.00000000000000000000e+00) (0, 0, 0.00000000000000000000e+00) (0, 0, 0.00000000000000000000e+00) (10, 3, 5.00000000000000000000e-01) (10, 3, 5.00000000000000000000e-01) (10, 3, 5.00000000000000000000e-01) (10, 3, 5.00000000000000000000e-01) (0, 3, 0.00000000000000000000e+00) (5, 3, 5.00000000000000000000e-01) (0, 3, 0.00000000000000000000e+00) 
connections (connected_to_neuron, weight)=(0, 4.76911664009094238281e-01) (1, 5.03843486309051513672e-01) (2, 4.50984597206115722656e-01) (3, 5.41102826595306396484e-01) (4, -6.31021320819854736328e-01) (5, 4.68934297561645507812e-01) (6, 6.62524640560150146484e-01) (7, 4.01205241680145263672e-01) (8, 4.00428384542465209961e-01) (9, 1.11649668216705322266e+00) (0, -3.02946448326110839844e-01) (1, -2.93703019618988037109e-01) (2, -4.26485270261764526367e-01) (3, -3.87215495109558105469e-01) (4, -8.45067381858825683594e-01) (5, -3.03992092609405517578e-01) (6, -3.63099128007888793945e-01) (7, -3.86859297752380371094e-01) (8, -3.65547358989715576172e-01) (9, 1.23996281623840332031e+00) (0, -4.81940418481826782227e-01) (1, -5.14579832553863525391e-01) (2, -3.81573647260665893555e-01) (3, -4.03484612703323364258e-01) (4, -5.23537397384643554688e-02) (5, -5.38711071014404296875e-01) (6, -4.32994812726974487305e-01) (7, -4.05621767044067382812e-01) (8, -4.36066925525665283203e-01) (9, 1.07498025894165039062e+00) (0, 6.93269550800323486328e-01) (1, 6.72203719615936279297e-01) (2, 3.26779037714004516602e-01) (3, 5.40832281112670898438e-01) (4, -9.12333548069000244141e-01) (5, 6.35346174240112304688e-01) (6, 4.44962769746780395508e-01) (7, 5.80975353717803955078e-01) (8, 4.63688284158706665039e-01) (9, 2.60856419801712036133e-01) (10, 5.67265272140502929688e-01) (11, -2.64593386650085449219e+00) (12, -1.84125554561614990234e+00) (13, 6.52171552181243896484e-01) (14, 4.32934612035751342773e-01) 
