FANN_FLO_2.1
num_layers=3
learning_rate=0.500000
connection_rate=1.000000
network_type=0
learning_momentum=0.000000
training_algorithm=2
train_error_function=1
train_stop_function=0
cascade_output_change_fraction=0.010000
quickprop_decay=-0.000100
quickprop_mu=1.750000
rprop_increase_factor=1.200000
rprop_decrease_factor=0.500000
rprop_delta_min=0.000000
rprop_delta_max=50.000000
rprop_delta_zero=0.100000
cascade_output_stagnation_epochs=12
cascade_candidate_change_fraction=0.010000
cascade_candidate_stagnation_epochs=12
cascade_max_out_epochs=150
cascade_min_out_epochs=50
cascade_max_cand_epochs=150
cascade_min_cand_epochs=50
cascade_num_candidate_groups=2
bit_fail_limit=3.49999994039535522461e-01
cascade_candidate_limit=1.00000000000000000000e+03
cascade_weight_multiplier=4.00000005960464477539e-01
cascade_activation_functions_count=10
cascade_activation_functions=3 5 7 8 10 11 14 15 16 17 
cascade_activation_steepnesses_count=4
cascade_activation_steepnesses=2.50000000000000000000e-01 5.00000000000000000000e-01 7.50000000000000000000e-01 1.00000000000000000000e+00 
layer_sizes=10 5 2 
scale_included=0
neurons (num_inputs, activation_function, activation_steepness)=(0, 0, 0.00000000000000000000e+00) (0, 0, 0.00000000000000000000e+00) (0, 0, 0.00000000000000000000e+00) (0, 0, 0.00000000000000000000e+00) (0, 0, 0.00000000000000000000e+00) (0, 0, 0.00000000000000000000e+00) (0, 0, 0.00000000000000000000e+00) (0, 0, 0.00000000000000000000e+00) (0, 0, 0.00000000000000000000e+00) (0, 0, 0.00000000000000000000e+00) (10, 3, 5.00000000000000000000e-01) (10, 3, 5.00000000000000000000e-01) (10, 3, 5.00000000000000000000e-01) (10, 3, 5.00000000000000000000e-01) (0, 3, 0.00000000000000000000e+00) (5, 3, 5.00000000000000000000e-01) (0, 3, 0.00000000000000000000e+00) 
connections (connected_to_neuron, weight)=(0, -6.24016225337982177734e-01) (1, -6.98520243167877197266e-01) (2, -1.06396377086639404297e+00) (3, -6.46853566169738769531e-01) (4, -7.12784409523010253906e-01) (5, -6.39006197452545166016e-01) (6, -7.74461388587951660156e-01) (7, -4.71666812896728515625e-01) (8, -4.32042002677917480469e-01) (9, 2.92656421661376953125e+00) (0, -7.84147560596466064453e-01) (1, -4.23333555459976196289e-01) (2, 1.32622587680816650391e+00) (3, -8.65061044692993164062e-01) (4, -2.06778669357299804688e+00) (5, -8.03064405918121337891e-01) (6, -1.77183210849761962891e-01) (7, -9.62492167949676513672e-01) (8, -6.21608972549438476562e-01) (9, 9.00403857231140136719e-01) (0, -5.77508389949798583984e-01) (1, -8.26399981975555419922e-01) (2, -6.24648630619049072266e-01) (3, -6.84146344661712646484e-01) (4, -9.45795401930809020996e-02) (5, -5.31199932098388671875e-01) (6, -6.35160505771636962891e-01) (7, -9.38701808452606201172e-01) (8, -1.21593964099884033203e+00) (9, 2.39091396331787109375e+00) (0, 3.90965270996093750000e+01) (1, -1.56672267913818359375e+01) (2, -2.09058971405029296875e+01) (3, 1.11482067108154296875e+01) (4, -1.58955017089843750000e+02) (5, 5.43895034790039062500e+01) (6, -5.57869911193847656250e+00) (7, 3.08666038513183593750e+01) (8, 1.63189640045166015625e+01) (9, 2.42020964622497558594e-01) (10, -1.85756897926330566406e+00) (11, -5.44907748699188232422e-01) (12, -8.17043602466583251953e-01) (13, 2.10165847092866897583e-02) (14, 1.24289155006408691406e+00) 
