FANN_FLO_2.1
num_layers=3
learning_rate=0.400000
connection_rate=1.000000
network_type=0
learning_momentum=0.000000
training_algorithm=2
train_error_function=1
train_stop_function=0
cascade_output_change_fraction=0.010000
quickprop_decay=-0.000100
quickprop_mu=1.750000
rprop_increase_factor=1.200000
rprop_decrease_factor=0.500000
rprop_delta_min=0.000000
rprop_delta_max=50.000000
rprop_delta_zero=0.100000
cascade_output_stagnation_epochs=12
cascade_candidate_change_fraction=0.010000
cascade_candidate_stagnation_epochs=12
cascade_max_out_epochs=150
cascade_min_out_epochs=50
cascade_max_cand_epochs=150
cascade_min_cand_epochs=50
cascade_num_candidate_groups=2
bit_fail_limit=3.49999994039535522461e-01
cascade_candidate_limit=1.00000000000000000000e+03
cascade_weight_multiplier=4.00000005960464477539e-01
cascade_activation_functions_count=10
cascade_activation_functions=3 5 7 8 10 11 14 15 16 17 
cascade_activation_steepnesses_count=4
cascade_activation_steepnesses=2.50000000000000000000e-01 5.00000000000000000000e-01 7.50000000000000000000e-01 1.00000000000000000000e+00 
layer_sizes=10 3 2 
scale_included=0
neurons (num_inputs, activation_function, activation_steepness)=(0, 0, 0.00000000000000000000e+00) (0, 0, 0.00000000000000000000e+00) (0, 0, 0.00000000000000000000e+00) (0, 0, 0.00000000000000000000e+00) (0, 0, 0.00000000000000000000e+00) (0, 0, 0.00000000000000000000e+00) (0, 0, 0.00000000000000000000e+00) (0, 0, 0.00000000000000000000e+00) (0, 0, 0.00000000000000000000e+00) (0, 0, 0.00000000000000000000e+00) (10, 3, 5.00000000000000000000e-01) (10, 3, 5.00000000000000000000e-01) (0, 3, 0.00000000000000000000e+00) (3, 3, 5.00000000000000000000e-01) (0, 3, 0.00000000000000000000e+00) 
connections (connected_to_neuron, weight)=(0, 1.67967200279235839844e-01) (1, 2.85420566797256469727e-02) (2, 7.57815390825271606445e-02) (3, 1.03413119912147521973e-01) (4, 1.05812169611454010010e-01) (5, 2.14954346418380737305e-01) (6, 8.18548500537872314453e-02) (7, 2.03807592391967773438e-01) (8, 1.78421467542648315430e-01) (9, 7.92557224631309509277e-02) (0, -5.78134879469871520996e-02) (1, -1.43662661314010620117e-01) (2, -6.77473023533821105957e-02) (3, -1.15526750683784484863e-01) (4, -1.54905706644058227539e-01) (5, -1.93782135844230651855e-01) (6, -7.50896856188774108887e-02) (7, -4.60641458630561828613e-02) (8, -1.99807152152061462402e-01) (9, -8.68931785225868225098e-02) (10, -2.00818300247192382812e-01) (11, -5.36845400929450988770e-02) (12, -2.41708233952522277832e-02) 
