FANN_FLO_2.1
num_layers=4
learning_rate=0.300000
connection_rate=1.000000
network_type=0
learning_momentum=0.000000
training_algorithm=2
train_error_function=1
train_stop_function=0
cascade_output_change_fraction=0.010000
quickprop_decay=-0.000100
quickprop_mu=1.750000
rprop_increase_factor=1.200000
rprop_decrease_factor=0.500000
rprop_delta_min=0.000000
rprop_delta_max=50.000000
rprop_delta_zero=0.100000
cascade_output_stagnation_epochs=12
cascade_candidate_change_fraction=0.010000
cascade_candidate_stagnation_epochs=12
cascade_max_out_epochs=150
cascade_min_out_epochs=50
cascade_max_cand_epochs=150
cascade_min_cand_epochs=50
cascade_num_candidate_groups=2
bit_fail_limit=3.49999994039535522461e-01
cascade_candidate_limit=1.00000000000000000000e+03
cascade_weight_multiplier=4.00000005960464477539e-01
cascade_activation_functions_count=10
cascade_activation_functions=3 5 7 8 10 11 14 15 16 17 
cascade_activation_steepnesses_count=4
cascade_activation_steepnesses=2.50000000000000000000e-01 5.00000000000000000000e-01 7.50000000000000000000e-01 1.00000000000000000000e+00 
layer_sizes=2 5 3 3 
scale_included=0
neurons (num_inputs, activation_function, activation_steepness)=(0, 0, 0.00000000000000000000e+00) (0, 0, 0.00000000000000000000e+00) (2, 3, 5.00000000000000000000e-01) (2, 3, 5.00000000000000000000e-01) (2, 3, 5.00000000000000000000e-01) (2, 3, 5.00000000000000000000e-01) (0, 3, 0.00000000000000000000e+00) (5, 3, 5.00000000000000000000e-01) (5, 3, 5.00000000000000000000e-01) (0, 3, 0.00000000000000000000e+00) (3, 0, 5.00000000000000000000e-01) (3, 0, 5.00000000000000000000e-01) (0, 0, 0.00000000000000000000e+00) 
connections (connected_to_neuron, weight)=(0, -3.56162376403808593750e+01) (1, -6.20806813240051269531e-01) (0, -3.39495468139648437500e+01) (1, -5.10983288288116455078e-01) (0, -4.47126693725585937500e+01) (1, -1.18828284740447998047e+00) (0, -4.41697006225585937500e+01) (1, -1.18170261383056640625e+00) (2, 3.31604152917861938477e-01) (3, 4.12102431058883666992e-01) (4, 6.10741853713989257812e+00) (5, 1.39128065109252929688e+00) (6, -2.88377547264099121094e+00) (2, 1.61869633197784423828e+00) (3, 1.85202383995056152344e+00) (4, 1.82290053367614746094e+00) (5, 2.02529263496398925781e+00) (6, -2.13935279846191406250e+00) (7, 1.34155705571174621582e-01) (8, 1.01754916831851005554e-02) (9, -1.65316998958587646484e-01) (7, -8.08722019195556640625e-01) (8, -8.65034401416778564453e-01) (9, -5.02223491668701171875e-01) 
