FANN_FLO_2.1
num_layers=3
learning_rate=0.450000
connection_rate=1.000000
network_type=0
learning_momentum=0.000000
training_algorithm=2
train_error_function=1
train_stop_function=0
cascade_output_change_fraction=0.010000
quickprop_decay=-0.000100
quickprop_mu=1.750000
rprop_increase_factor=1.200000
rprop_decrease_factor=0.500000
rprop_delta_min=0.000000
rprop_delta_max=50.000000
rprop_delta_zero=0.100000
cascade_output_stagnation_epochs=12
cascade_candidate_change_fraction=0.010000
cascade_candidate_stagnation_epochs=12
cascade_max_out_epochs=150
cascade_min_out_epochs=50
cascade_max_cand_epochs=150
cascade_min_cand_epochs=50
cascade_num_candidate_groups=2
bit_fail_limit=3.49999994039535522461e-01
cascade_candidate_limit=1.00000000000000000000e+03
cascade_weight_multiplier=4.00000005960464477539e-01
cascade_activation_functions_count=10
cascade_activation_functions=3 5 7 8 10 11 14 15 16 17 
cascade_activation_steepnesses_count=4
cascade_activation_steepnesses=2.50000000000000000000e-01 5.00000000000000000000e-01 7.50000000000000000000e-01 1.00000000000000000000e+00 
layer_sizes=7 5 2 
scale_included=0
neurons (num_inputs, activation_function, activation_steepness)=(0, 0, 0.00000000000000000000e+00) (0, 0, 0.00000000000000000000e+00) (0, 0, 0.00000000000000000000e+00) (0, 0, 0.00000000000000000000e+00) (0, 0, 0.00000000000000000000e+00) (0, 0, 0.00000000000000000000e+00) (0, 0, 0.00000000000000000000e+00) (7, 3, 5.00000000000000000000e-01) (7, 3, 5.00000000000000000000e-01) (7, 3, 5.00000000000000000000e-01) (7, 3, 5.00000000000000000000e-01) (0, 3, 0.00000000000000000000e+00) (5, 0, 5.00000000000000000000e-01) (0, 0, 0.00000000000000000000e+00) 
connections (connected_to_neuron, weight)=(0, 4.45975456237792968750e+01) (1, 6.11241088867187500000e+02) (2, 6.02059448242187500000e+02) (3, -5.81926078796386718750e+01) (4, 7.57792053222656250000e+02) (5, -9.11296234130859375000e+01) (6, -1.11717879772186279297e+00) (0, -7.07427382469177246094e-01) (1, 5.95016441345214843750e+01) (2, 4.50289382934570312500e+01) (3, -3.78848147392272949219e+00) (4, -6.26661132812500000000e+02) (5, 2.01898622512817382812e+00) (6, -6.83826506137847900391e-01) (0, -2.59696155786514282227e-01) (1, 1.72116979956626892090e-01) (2, -8.47545638680458068848e-02) (3, 4.04572427272796630859e-01) (4, -5.60677349567413330078e-01) (5, 7.89665505290031433105e-02) (6, -4.33299350738525390625e+00) (0, 1.11242130398750305176e-01) (1, 1.51094472408294677734e+00) (2, 1.33507418632507324219e+00) (3, -2.29368519783020019531e+00) (4, 1.95422088623046875000e+02) (5, 1.55676960945129394531e+00) (6, -4.17643755674362182617e-01) (7, 5.88562106713652610779e-04) (8, 1.15474471822381019592e-02) (9, 3.52805519104003906250e+00) (10, 4.18029613792896270752e-02) (11, -4.95271235704421997070e-02) 
