FANN_FLO_2.1
num_layers=3
learning_rate=0.500000
connection_rate=1.000000
network_type=0
learning_momentum=0.000000
training_algorithm=2
train_error_function=1
train_stop_function=0
cascade_output_change_fraction=0.010000
quickprop_decay=-0.000100
quickprop_mu=1.750000
rprop_increase_factor=1.200000
rprop_decrease_factor=0.500000
rprop_delta_min=0.000000
rprop_delta_max=50.000000
rprop_delta_zero=0.100000
cascade_output_stagnation_epochs=12
cascade_candidate_change_fraction=0.010000
cascade_candidate_stagnation_epochs=12
cascade_max_out_epochs=150
cascade_min_out_epochs=50
cascade_max_cand_epochs=150
cascade_min_cand_epochs=50
cascade_num_candidate_groups=2
bit_fail_limit=3.49999994039535522461e-01
cascade_candidate_limit=1.00000000000000000000e+03
cascade_weight_multiplier=4.00000005960464477539e-01
cascade_activation_functions_count=10
cascade_activation_functions=3 5 7 8 10 11 14 15 16 17 
cascade_activation_steepnesses_count=4
cascade_activation_steepnesses=2.50000000000000000000e-01 5.00000000000000000000e-01 7.50000000000000000000e-01 1.00000000000000000000e+00 
layer_sizes=10 3 2 
scale_included=0
neurons (num_inputs, activation_function, activation_steepness)=(0, 0, 0.00000000000000000000e+00) (0, 0, 0.00000000000000000000e+00) (0, 0, 0.00000000000000000000e+00) (0, 0, 0.00000000000000000000e+00) (0, 0, 0.00000000000000000000e+00) (0, 0, 0.00000000000000000000e+00) (0, 0, 0.00000000000000000000e+00) (0, 0, 0.00000000000000000000e+00) (0, 0, 0.00000000000000000000e+00) (0, 0, 0.00000000000000000000e+00) (10, 3, 5.00000000000000000000e-01) (10, 3, 5.00000000000000000000e-01) (0, 3, 0.00000000000000000000e+00) (3, 3, 5.00000000000000000000e-01) (0, 3, 0.00000000000000000000e+00) 
connections (connected_to_neuron, weight)=(0, -5.23288071155548095703e-01) (1, -5.44679105281829833984e-01) (2, -5.34038484096527099609e-01) (3, -5.46503841876983642578e-01) (4, -4.94465261697769165039e-01) (5, -5.32427310943603515625e-01) (6, -5.02327263355255126953e-01) (7, -5.37824690341949462891e-01) (8, -4.96645957231521606445e-01) (9, 1.94078993797302246094e+00) (0, -3.92639756202697753906e-01) (1, -4.89763975143432617188e-01) (2, -7.06815123558044433594e-01) (3, -4.78029757738113403320e-01) (4, -4.27900463342666625977e-01) (5, -4.72632259130477905273e-01) (6, -8.96897733211517333984e-01) (7, -4.68600511550903320312e-01) (8, -1.06287217140197753906e+00) (9, 4.73535299301147460938e-01) (10, -3.43567657470703125000e+00) (11, -6.49752259254455566406e-01) (12, 1.43906223773956298828e+00) 
