FANN_FLO_2.1
num_layers=3
learning_rate=0.300000
connection_rate=1.000000
network_type=0
learning_momentum=0.000000
training_algorithm=2
train_error_function=1
train_stop_function=0
cascade_output_change_fraction=0.010000
quickprop_decay=-0.000100
quickprop_mu=1.750000
rprop_increase_factor=1.200000
rprop_decrease_factor=0.500000
rprop_delta_min=0.000000
rprop_delta_max=50.000000
rprop_delta_zero=0.100000
cascade_output_stagnation_epochs=12
cascade_candidate_change_fraction=0.010000
cascade_candidate_stagnation_epochs=12
cascade_max_out_epochs=150
cascade_min_out_epochs=50
cascade_max_cand_epochs=150
cascade_min_cand_epochs=50
cascade_num_candidate_groups=2
bit_fail_limit=3.49999994039535522461e-01
cascade_candidate_limit=1.00000000000000000000e+03
cascade_weight_multiplier=4.00000005960464477539e-01
cascade_activation_functions_count=10
cascade_activation_functions=3 5 7 8 10 11 14 15 16 17 
cascade_activation_steepnesses_count=4
cascade_activation_steepnesses=2.50000000000000000000e-01 5.00000000000000000000e-01 7.50000000000000000000e-01 1.00000000000000000000e+00 
layer_sizes=4 9 2 
scale_included=0
neurons (num_inputs, activation_function, activation_steepness)=(0, 0, 0.00000000000000000000e+00) (0, 0, 0.00000000000000000000e+00) (0, 0, 0.00000000000000000000e+00) (0, 0, 0.00000000000000000000e+00) (4, 3, 5.00000000000000000000e-01) (4, 3, 5.00000000000000000000e-01) (4, 3, 5.00000000000000000000e-01) (4, 3, 5.00000000000000000000e-01) (4, 3, 5.00000000000000000000e-01) (4, 3, 5.00000000000000000000e-01) (4, 3, 5.00000000000000000000e-01) (4, 3, 5.00000000000000000000e-01) (0, 3, 0.00000000000000000000e+00) (9, 3, 5.00000000000000000000e-01) (0, 3, 0.00000000000000000000e+00) 
connections (connected_to_neuron, weight)=(0, -9.53798532485961914062e-01) (1, 8.54349374771118164062e-01) (2, -3.03911876678466796875e+00) (3, 5.60754871368408203125e+00) (0, -2.40832239389419555664e-01) (1, 4.32924255728721618652e-02) (2, 3.98565009236335754395e-02) (3, 1.44405901432037353516e-01) (0, 1.33893996477127075195e-01) (1, 1.40421479940414428711e-01) (2, -2.44401621818542480469e+00) (3, 1.06264531612396240234e+00) (0, -1.24369122087955474854e-01) (1, 1.59113258123397827148e-02) (2, -1.03779010474681854248e-01) (3, 4.63387459516525268555e-01) (0, -1.18849980831146240234e+00) (1, 7.93345928192138671875e-01) (2, -4.11499547958374023438e+00) (3, 1.73773555755615234375e+01) (0, -2.04478576779365539551e-01) (1, 1.04785084724426269531e-01) (2, -4.45863723754882812500e-01) (3, 6.76597952842712402344e-01) (0, -1.34804892539978027344e+00) (1, 7.39941835403442382812e-01) (2, -1.40206909179687500000e+00) (3, 7.32877016067504882812e+00) (0, -1.33400827646255493164e-01) (1, 4.12547476589679718018e-02) (2, -1.39365240931510925293e-01) (3, 2.34416782855987548828e-01) (4, -1.08182445168495178223e-01) (5, 2.36710619926452636719e+00) (6, -5.05751371383666992188e-01) (7, -1.95633373260498046875e+01) (8, -2.87143588066101074219e-01) (9, -1.22923886775970458984e+00) (10, -5.84238618612289428711e-02) (11, 2.29256081581115722656e+00) (12, 8.50163519382476806641e-01) 
