FANN_FLO_2.1
num_layers=3
learning_rate=0.500000
connection_rate=1.000000
network_type=0
learning_momentum=0.000000
training_algorithm=2
train_error_function=1
train_stop_function=0
cascade_output_change_fraction=0.010000
quickprop_decay=-0.000100
quickprop_mu=1.750000
rprop_increase_factor=1.200000
rprop_decrease_factor=0.500000
rprop_delta_min=0.000000
rprop_delta_max=50.000000
rprop_delta_zero=0.100000
cascade_output_stagnation_epochs=12
cascade_candidate_change_fraction=0.010000
cascade_candidate_stagnation_epochs=12
cascade_max_out_epochs=150
cascade_min_out_epochs=50
cascade_max_cand_epochs=150
cascade_min_cand_epochs=50
cascade_num_candidate_groups=2
bit_fail_limit=3.49999994039535522461e-01
cascade_candidate_limit=1.00000000000000000000e+03
cascade_weight_multiplier=4.00000005960464477539e-01
cascade_activation_functions_count=10
cascade_activation_functions=3 5 7 8 10 11 14 15 16 17 
cascade_activation_steepnesses_count=4
cascade_activation_steepnesses=2.50000000000000000000e-01 5.00000000000000000000e-01 7.50000000000000000000e-01 1.00000000000000000000e+00 
layer_sizes=10 5 2 
scale_included=0
neurons (num_inputs, activation_function, activation_steepness)=(0, 0, 0.00000000000000000000e+00) (0, 0, 0.00000000000000000000e+00) (0, 0, 0.00000000000000000000e+00) (0, 0, 0.00000000000000000000e+00) (0, 0, 0.00000000000000000000e+00) (0, 0, 0.00000000000000000000e+00) (0, 0, 0.00000000000000000000e+00) (0, 0, 0.00000000000000000000e+00) (0, 0, 0.00000000000000000000e+00) (0, 0, 0.00000000000000000000e+00) (10, 3, 5.00000000000000000000e-01) (10, 3, 5.00000000000000000000e-01) (10, 3, 5.00000000000000000000e-01) (10, 3, 5.00000000000000000000e-01) (0, 3, 0.00000000000000000000e+00) (5, 3, 5.00000000000000000000e-01) (0, 3, 0.00000000000000000000e+00) 
connections (connected_to_neuron, weight)=(0, -1.78260253906250000000e+02) (1, -2.10735931396484375000e+02) (2, -2.02911605834960937500e+02) (3, -6.33513221740722656250e+01) (4, 3.41589691162109375000e+02) (5, -1.37895690917968750000e+02) (6, -5.46564979553222656250e+01) (7, -1.99946289062500000000e+01) (8, 9.92263565063476562500e+01) (9, -4.09266233444213867188e+00) (0, -4.49862301349639892578e-01) (1, -7.68201887607574462891e-01) (2, -7.74961411952972412109e-01) (3, -4.73173201084136962891e-01) (4, 9.86604154109954833984e-01) (5, -5.92165529727935791016e-01) (6, -5.77825784683227539062e-01) (7, -7.70347893238067626953e-01) (8, -5.13126909732818603516e-01) (9, 7.12160587310791015625e-01) (0, -2.27989241480827331543e-01) (1, -6.44407808780670166016e-01) (2, -4.09703366458415985107e-02) (3, -5.62179088592529296875e-01) (4, -1.73245215415954589844e+00) (5, -3.59322071075439453125e-01) (6, -1.24656185507774353027e-01) (7, -1.51973411440849304199e-01) (8, -1.69774293899536132812e-01) (9, 7.60485172271728515625e-01) (0, 1.03998737335205078125e+01) (1, -2.46372814178466796875e+01) (2, 1.13434305191040039062e+01) (3, -1.52401387691497802734e+00) (4, -2.83892116546630859375e+01) (5, 7.72309875488281250000e+00) (6, 1.84381637573242187500e+01) (7, 1.29098329544067382812e+01) (8, 1.36059713363647460938e+01) (9, -3.55537509918212890625e+00) (10, -1.74160826206207275391e+00) (11, -2.11599326133728027344e+00) (12, -3.28835988044738769531e+00) (13, 1.37631326913833618164e-01) (14, 1.11614644527435302734e+00) 
