FANN_FLO_2.1
num_layers=3
learning_rate=0.300000
connection_rate=1.000000
network_type=0
learning_momentum=0.000000
training_algorithm=2
train_error_function=1
train_stop_function=0
cascade_output_change_fraction=0.010000
quickprop_decay=-0.000100
quickprop_mu=1.750000
rprop_increase_factor=1.200000
rprop_decrease_factor=0.500000
rprop_delta_min=0.000000
rprop_delta_max=50.000000
rprop_delta_zero=0.100000
cascade_output_stagnation_epochs=12
cascade_candidate_change_fraction=0.010000
cascade_candidate_stagnation_epochs=12
cascade_max_out_epochs=150
cascade_min_out_epochs=50
cascade_max_cand_epochs=150
cascade_min_cand_epochs=50
cascade_num_candidate_groups=2
bit_fail_limit=3.49999994039535522461e-01
cascade_candidate_limit=1.00000000000000000000e+03
cascade_weight_multiplier=4.00000005960464477539e-01
cascade_activation_functions_count=10
cascade_activation_functions=3 5 7 8 10 11 14 15 16 17 
cascade_activation_steepnesses_count=4
cascade_activation_steepnesses=2.50000000000000000000e-01 5.00000000000000000000e-01 7.50000000000000000000e-01 1.00000000000000000000e+00 
layer_sizes=4 9 2 
scale_included=0
neurons (num_inputs, activation_function, activation_steepness)=(0, 0, 0.00000000000000000000e+00) (0, 0, 0.00000000000000000000e+00) (0, 0, 0.00000000000000000000e+00) (0, 0, 0.00000000000000000000e+00) (4, 3, 5.00000000000000000000e-01) (4, 3, 5.00000000000000000000e-01) (4, 3, 5.00000000000000000000e-01) (4, 3, 5.00000000000000000000e-01) (4, 3, 5.00000000000000000000e-01) (4, 3, 5.00000000000000000000e-01) (4, 3, 5.00000000000000000000e-01) (4, 3, 5.00000000000000000000e-01) (0, 3, 0.00000000000000000000e+00) (9, 3, 5.00000000000000000000e-01) (0, 3, 0.00000000000000000000e+00) 
connections (connected_to_neuron, weight)=(0, -1.55428481101989746094e+00) (1, 1.72888085246086120605e-01) (2, -1.34974312782287597656e+00) (3, 1.53497066497802734375e+01) (0, -1.12615621089935302734e+00) (1, 4.37175184488296508789e-01) (2, -7.43945538997650146484e-01) (3, 9.33203220367431640625e+00) (0, -8.34182977676391601562e-01) (1, 1.65759757161140441895e-01) (2, -4.00637775659561157227e-01) (3, 5.38603353500366210938e+00) (0, 1.35065183043479919434e-01) (1, -2.79665179550647735596e-03) (2, 4.72892880439758300781e-01) (3, -6.92219305038452148438e+00) (0, -8.95388305187225341797e-01) (1, 6.13002657890319824219e-01) (2, -8.76641094684600830078e-01) (3, 1.55361545085906982422e+00) (0, -5.28677821159362792969e-01) (1, 1.90107032656669616699e-01) (2, -4.20935481786727905273e-01) (3, 2.50744605064392089844e+00) (0, -1.02723097801208496094e+00) (1, 6.02649450302124023438e-01) (2, -4.20070797204971313477e-01) (3, 1.64383828639984130859e+00) (0, -7.83606290817260742188e-01) (1, 2.63289839029312133789e-01) (2, -3.85567021369934082031e+00) (3, 1.95020809173583984375e+01) (4, -1.93198895454406738281e+00) (5, -5.03282248973846435547e-01) (6, -7.68544852733612060547e-01) (7, 2.09075498580932617188e+00) (8, -4.98916208744049072266e-01) (9, -8.01783919334411621094e-01) (10, -4.88049685955047607422e-01) (11, -5.55071949958801269531e-01) (12, -4.76903647184371948242e-01) 
