FANN_FLO_2.1
num_layers=3
learning_rate=0.300000
connection_rate=1.000000
network_type=0
learning_momentum=0.000000
training_algorithm=2
train_error_function=1
train_stop_function=0
cascade_output_change_fraction=0.010000
quickprop_decay=-0.000100
quickprop_mu=1.750000
rprop_increase_factor=1.200000
rprop_decrease_factor=0.500000
rprop_delta_min=0.000000
rprop_delta_max=50.000000
rprop_delta_zero=0.100000
cascade_output_stagnation_epochs=12
cascade_candidate_change_fraction=0.010000
cascade_candidate_stagnation_epochs=12
cascade_max_out_epochs=150
cascade_min_out_epochs=50
cascade_max_cand_epochs=150
cascade_min_cand_epochs=50
cascade_num_candidate_groups=2
bit_fail_limit=3.49999994039535522461e-01
cascade_candidate_limit=1.00000000000000000000e+03
cascade_weight_multiplier=4.00000005960464477539e-01
cascade_activation_functions_count=10
cascade_activation_functions=3 5 7 8 10 11 14 15 16 17 
cascade_activation_steepnesses_count=4
cascade_activation_steepnesses=2.50000000000000000000e-01 5.00000000000000000000e-01 7.50000000000000000000e-01 1.00000000000000000000e+00 
layer_sizes=4 9 2 
scale_included=0
neurons (num_inputs, activation_function, activation_steepness)=(0, 0, 0.00000000000000000000e+00) (0, 0, 0.00000000000000000000e+00) (0, 0, 0.00000000000000000000e+00) (0, 0, 0.00000000000000000000e+00) (4, 3, 5.00000000000000000000e-01) (4, 3, 5.00000000000000000000e-01) (4, 3, 5.00000000000000000000e-01) (4, 3, 5.00000000000000000000e-01) (4, 3, 5.00000000000000000000e-01) (4, 3, 5.00000000000000000000e-01) (4, 3, 5.00000000000000000000e-01) (4, 3, 5.00000000000000000000e-01) (0, 3, 0.00000000000000000000e+00) (9, 3, 5.00000000000000000000e-01) (0, 3, 0.00000000000000000000e+00) 
connections (connected_to_neuron, weight)=(0, -2.89620995521545410156e-01) (1, 3.13219763338565826416e-02) (2, -3.49420487880706787109e-01) (3, 4.44046115875244140625e+00) (0, -2.23668873310089111328e-01) (1, 3.61907854676246643066e-02) (2, -1.51824399828910827637e-01) (3, 5.02572584152221679688e+00) (0, -2.80317459255456924438e-02) (1, 4.33911681175231933594e-01) (2, -6.97144365310668945312e+00) (3, 6.28580188751220703125e+00) (0, 7.44629502296447753906e-02) (1, 1.96086943149566650391e-01) (2, -4.60226297378540039062e+00) (3, 1.71421356201171875000e+01) (0, 2.84723758697509765625e+01) (1, 3.66436815261840820312e+00) (2, -2.47723999023437500000e+02) (3, 3.82541924715042114258e-01) (0, 5.35751700401306152344e-01) (1, -4.43626314401626586914e-01) (2, 1.94201719760894775391e+00) (3, -7.74482488632202148438e+00) (0, -7.43745923042297363281e-01) (1, 5.45874059200286865234e-01) (2, -2.38329792022705078125e+00) (3, 2.38424515724182128906e+00) (0, 8.94319936633110046387e-02) (1, 2.70493686199188232422e-01) (2, -5.32159471511840820312e+00) (3, 2.45144615173339843750e+01) (4, -3.68889737129211425781e+00) (5, -2.25362133979797363281e+00) (6, -5.72962820529937744141e-01) (7, -3.16750735044479370117e-01) (8, -1.50000000000000000000e+03) (9, 4.92889970541000366211e-01) (10, -1.25624358654022216797e-01) (11, -1.63457810878753662109e-01) (12, 8.15652549266815185547e-01) 
