FANN_FLO_2.1
num_layers=3
learning_rate=0.500000
connection_rate=1.000000
network_type=0
learning_momentum=0.000000
training_algorithm=2
train_error_function=1
train_stop_function=0
cascade_output_change_fraction=0.010000
quickprop_decay=-0.000100
quickprop_mu=1.750000
rprop_increase_factor=1.200000
rprop_decrease_factor=0.500000
rprop_delta_min=0.000000
rprop_delta_max=50.000000
rprop_delta_zero=0.100000
cascade_output_stagnation_epochs=12
cascade_candidate_change_fraction=0.010000
cascade_candidate_stagnation_epochs=12
cascade_max_out_epochs=150
cascade_min_out_epochs=50
cascade_max_cand_epochs=150
cascade_min_cand_epochs=50
cascade_num_candidate_groups=2
bit_fail_limit=3.49999994039535522461e-01
cascade_candidate_limit=1.00000000000000000000e+03
cascade_weight_multiplier=4.00000005960464477539e-01
cascade_activation_functions_count=10
cascade_activation_functions=3 5 7 8 10 11 14 15 16 17 
cascade_activation_steepnesses_count=4
cascade_activation_steepnesses=2.50000000000000000000e-01 5.00000000000000000000e-01 7.50000000000000000000e-01 1.00000000000000000000e+00 
layer_sizes=3 9 4 
scale_included=0
neurons (num_inputs, activation_function, activation_steepness)=(0, 0, 0.00000000000000000000e+00) (0, 0, 0.00000000000000000000e+00) (0, 0, 0.00000000000000000000e+00) (3, 3, 5.00000000000000000000e-01) (3, 3, 5.00000000000000000000e-01) (3, 3, 5.00000000000000000000e-01) (3, 3, 5.00000000000000000000e-01) (3, 3, 5.00000000000000000000e-01) (3, 3, 5.00000000000000000000e-01) (3, 3, 5.00000000000000000000e-01) (3, 3, 5.00000000000000000000e-01) (0, 3, 0.00000000000000000000e+00) (9, 0, 5.00000000000000000000e-01) (9, 0, 5.00000000000000000000e-01) (9, 0, 5.00000000000000000000e-01) (0, 0, 0.00000000000000000000e+00) 
connections (connected_to_neuron, weight)=(0, -2.36102128028869628906e+00) (1, -1.34617662429809570312e+00) (2, 3.94809663295745849609e-01) (0, -4.89233970642089843750e+00) (1, 5.69766330718994140625e+00) (2, 2.08291506767272949219e+00) (0, -1.21096980571746826172e+00) (1, -2.62164545059204101562e+00) (2, 4.05747681856155395508e-01) (0, -5.31176328659057617188e+00) (1, 2.73472118377685546875e+00) (2, 5.43451607227325439453e-01) (0, -7.01521205902099609375e+00) (1, 4.23489141464233398438e+00) (2, 4.62078952789306640625e+00) (0, -4.40157842636108398438e+00) (1, 3.77008795738220214844e+00) (2, 7.50677299499511718750e+00) (0, -3.85192990303039550781e+00) (1, 4.36923593282699584961e-01) (2, -1.37664556503295898438e-01) (0, -5.74511432647705078125e+00) (1, 8.50346088409423828125e+00) (2, 4.79504060745239257812e+00) (3, 2.73094701766967773438e+00) (4, 1.35733830928802490234e+00) (5, 1.77681744098663330078e+00) (6, 1.44328582286834716797e+00) (7, -8.71128961443901062012e-03) (8, 4.09426271915435791016e-01) (9, 2.04767990112304687500e+00) (10, 6.67328000068664550781e-01) (11, 4.46144521236419677734e-01) (3, 7.10108661651611328125e+00) (4, 2.88744187355041503906e+00) (5, 6.90659713745117187500e+00) (6, 3.80445885658264160156e+00) (7, 2.43339943885803222656e+00) (8, 1.94357454776763916016e+00) (9, 5.31997060775756835938e+00) (10, 2.47799444198608398438e+00) (11, 1.87725794315338134766e+00) (3, 2.16939334869384765625e+01) (4, 7.97805452346801757812e+00) (5, 2.45366687774658203125e+01) (6, 1.19365692138671875000e+01) (7, 7.86389064788818359375e+00) (8, 9.27834606170654296875e+00) (9, 1.73896236419677734375e+01) (10, 7.94337606430053710938e+00) (11, 9.26058673858642578125e+00) 
