FANN_FLO_2.1
num_layers=3
learning_rate=0.500000
connection_rate=1.000000
network_type=0
learning_momentum=0.000000
training_algorithm=2
train_error_function=1
train_stop_function=0
cascade_output_change_fraction=0.010000
quickprop_decay=-0.000100
quickprop_mu=1.750000
rprop_increase_factor=1.200000
rprop_decrease_factor=0.500000
rprop_delta_min=0.000000
rprop_delta_max=50.000000
rprop_delta_zero=0.100000
cascade_output_stagnation_epochs=12
cascade_candidate_change_fraction=0.010000
cascade_candidate_stagnation_epochs=12
cascade_max_out_epochs=150
cascade_min_out_epochs=50
cascade_max_cand_epochs=150
cascade_min_cand_epochs=50
cascade_num_candidate_groups=2
bit_fail_limit=3.49999994039535522461e-01
cascade_candidate_limit=1.00000000000000000000e+03
cascade_weight_multiplier=4.00000005960464477539e-01
cascade_activation_functions_count=10
cascade_activation_functions=3 5 7 8 10 11 14 15 16 17 
cascade_activation_steepnesses_count=4
cascade_activation_steepnesses=2.50000000000000000000e-01 5.00000000000000000000e-01 7.50000000000000000000e-01 1.00000000000000000000e+00 
layer_sizes=10 5 2 
scale_included=0
neurons (num_inputs, activation_function, activation_steepness)=(0, 0, 0.00000000000000000000e+00) (0, 0, 0.00000000000000000000e+00) (0, 0, 0.00000000000000000000e+00) (0, 0, 0.00000000000000000000e+00) (0, 0, 0.00000000000000000000e+00) (0, 0, 0.00000000000000000000e+00) (0, 0, 0.00000000000000000000e+00) (0, 0, 0.00000000000000000000e+00) (0, 0, 0.00000000000000000000e+00) (0, 0, 0.00000000000000000000e+00) (10, 3, 5.00000000000000000000e-01) (10, 3, 5.00000000000000000000e-01) (10, 3, 5.00000000000000000000e-01) (10, 3, 5.00000000000000000000e-01) (0, 3, 0.00000000000000000000e+00) (5, 3, 5.00000000000000000000e-01) (0, 3, 0.00000000000000000000e+00) 
connections (connected_to_neuron, weight)=(0, -5.16139626502990722656e-01) (1, 1.21932417154312133789e-01) (2, -6.10417902469635009766e-01) (3, -7.00447857379913330078e-01) (4, 9.03928950428962707520e-02) (5, -6.65441155433654785156e-01) (6, -5.90955615043640136719e-01) (7, -5.78796148300170898438e-01) (8, -5.20299375057220458984e-01) (9, 1.67316997051239013672e+00) (0, 5.77438771724700927734e-02) (1, -1.41589021682739257812e+00) (2, -1.87862347811460494995e-02) (3, 4.00648564100265502930e-02) (4, -1.61849224567413330078e+00) (5, 1.09039127826690673828e-01) (6, 2.23715454339981079102e-01) (7, 8.39398428797721862793e-02) (8, 2.85768671892583370209e-03) (9, 1.87126204371452331543e-01) (0, -1.38811856508255004883e-01) (1, -1.39223170280456542969e+00) (2, -1.70082464814186096191e-01) (3, -6.51392340660095214844e-02) (4, -1.01824867725372314453e+00) (5, -2.96041090041399002075e-02) (6, 4.23429198563098907471e-02) (7, 6.24659471213817596436e-03) (8, -1.19308836758136749268e-01) (9, 6.66247069835662841797e-01) (0, 4.31498736143112182617e-01) (1, 4.95655387639999389648e-01) (2, 2.22542762756347656250e-01) (3, -1.90839846618473529816e-03) (4, 7.27750837802886962891e-01) (5, 1.30755901336669921875e-01) (6, 4.29566502571105957031e-01) (7, 3.05323332548141479492e-01) (8, 4.39764976501464843750e-01) (9, -5.58816313743591308594e-01) (10, -2.57594609260559082031e+00) (11, -3.74031543731689453125e-01) (12, -8.76957118511199951172e-01) (13, 1.58750581741333007812e+00) (14, 3.06222170591354370117e-01) 
