FANN_FLO_2.1
num_layers=4
learning_rate=0.450000
connection_rate=1.000000
network_type=0
learning_momentum=0.000000
training_algorithm=2
train_error_function=1
train_stop_function=0
cascade_output_change_fraction=0.010000
quickprop_decay=-0.000100
quickprop_mu=1.750000
rprop_increase_factor=1.200000
rprop_decrease_factor=0.500000
rprop_delta_min=0.000000
rprop_delta_max=50.000000
rprop_delta_zero=0.100000
cascade_output_stagnation_epochs=12
cascade_candidate_change_fraction=0.010000
cascade_candidate_stagnation_epochs=12
cascade_max_out_epochs=150
cascade_min_out_epochs=50
cascade_max_cand_epochs=150
cascade_min_cand_epochs=50
cascade_num_candidate_groups=2
bit_fail_limit=3.49999994039535522461e-01
cascade_candidate_limit=1.00000000000000000000e+03
cascade_weight_multiplier=4.00000005960464477539e-01
cascade_activation_functions_count=10
cascade_activation_functions=3 5 7 8 10 11 14 15 16 17 
cascade_activation_steepnesses_count=4
cascade_activation_steepnesses=2.50000000000000000000e-01 5.00000000000000000000e-01 7.50000000000000000000e-01 1.00000000000000000000e+00 
layer_sizes=7 3 3 2 
scale_included=0
neurons (num_inputs, activation_function, activation_steepness)=(0, 0, 0.00000000000000000000e+00) (0, 0, 0.00000000000000000000e+00) (0, 0, 0.00000000000000000000e+00) (0, 0, 0.00000000000000000000e+00) (0, 0, 0.00000000000000000000e+00) (0, 0, 0.00000000000000000000e+00) (0, 0, 0.00000000000000000000e+00) (7, 3, 5.00000000000000000000e-01) (7, 3, 5.00000000000000000000e-01) (0, 3, 0.00000000000000000000e+00) (3, 3, 5.00000000000000000000e-01) (3, 3, 5.00000000000000000000e-01) (0, 3, 0.00000000000000000000e+00) (3, 0, 5.00000000000000000000e-01) (0, 0, 0.00000000000000000000e+00) 
connections (connected_to_neuron, weight)=(0, -4.52547073364257812500e+01) (1, -6.10135192871093750000e+01) (2, 6.95534439086914062500e+01) (3, 4.99846172332763671875e+00) (4, -1.36694507598876953125e+01) (5, 4.74472808837890625000e+01) (6, 1.35531654357910156250e+01) (0, -3.87680419921875000000e+02) (1, 1.03002754211425781250e+02) (2, 4.93518371582031250000e+02) (3, -6.97268493652343750000e+02) (4, 4.43286407470703125000e+02) (5, 3.47161010742187500000e+02) (6, 6.21728038787841796875e+00) (7, 6.67489433288574218750e+00) (8, 2.72440261840820312500e+01) (9, -1.40437173843383789062e+00) (7, 4.95057249069213867188e+00) (8, -1.43757381439208984375e+01) (9, 6.70038089156150817871e-02) (10, 3.65235321223735809326e-02) (11, 9.38239321112632751465e-02) (12, -4.01826687157154083252e-02) 
