FANN_FLO_2.1
num_layers=4
learning_rate=0.300000
connection_rate=1.000000
network_type=0
learning_momentum=0.000000
training_algorithm=2
train_error_function=1
train_stop_function=0
cascade_output_change_fraction=0.010000
quickprop_decay=-0.000100
quickprop_mu=1.750000
rprop_increase_factor=1.200000
rprop_decrease_factor=0.500000
rprop_delta_min=0.000000
rprop_delta_max=50.000000
rprop_delta_zero=0.100000
cascade_output_stagnation_epochs=12
cascade_candidate_change_fraction=0.010000
cascade_candidate_stagnation_epochs=12
cascade_max_out_epochs=150
cascade_min_out_epochs=50
cascade_max_cand_epochs=150
cascade_min_cand_epochs=50
cascade_num_candidate_groups=2
bit_fail_limit=3.49999994039535522461e-01
cascade_candidate_limit=1.00000000000000000000e+03
cascade_weight_multiplier=4.00000005960464477539e-01
cascade_activation_functions_count=10
cascade_activation_functions=3 5 7 8 10 11 14 15 16 17 
cascade_activation_steepnesses_count=4
cascade_activation_steepnesses=2.50000000000000000000e-01 5.00000000000000000000e-01 7.50000000000000000000e-01 1.00000000000000000000e+00 
layer_sizes=2 5 5 3 
scale_included=0
neurons (num_inputs, activation_function, activation_steepness)=(0, 0, 0.00000000000000000000e+00) (0, 0, 0.00000000000000000000e+00) (2, 3, 5.00000000000000000000e-01) (2, 3, 5.00000000000000000000e-01) (2, 3, 5.00000000000000000000e-01) (2, 3, 5.00000000000000000000e-01) (0, 3, 0.00000000000000000000e+00) (5, 3, 5.00000000000000000000e-01) (5, 3, 5.00000000000000000000e-01) (5, 3, 5.00000000000000000000e-01) (5, 3, 5.00000000000000000000e-01) (0, 3, 0.00000000000000000000e+00) (5, 0, 5.00000000000000000000e-01) (5, 0, 5.00000000000000000000e-01) (0, 0, 0.00000000000000000000e+00) 
connections (connected_to_neuron, weight)=(0, -3.96734094619750976562e+00) (1, -7.16054320335388183594e-01) (0, -2.26503982543945312500e+01) (1, -3.96585702896118164062e+00) (0, -3.27981185913085937500e+01) (1, -7.44909572601318359375e+00) (0, -2.43695068359375000000e+01) (1, -4.60646438598632812500e+00) (2, -5.67931985855102539062e+00) (3, 8.08084309101104736328e-01) (4, 8.77625942230224609375e-01) (5, 2.84166765213012695312e+00) (6, -8.87913465499877929688e-01) (2, -3.81577825546264648438e+00) (3, 3.45342814922332763672e-01) (4, 3.80739182233810424805e-01) (5, 1.97219774127006530762e-01) (6, 2.76154905557632446289e-01) (2, -3.76513552665710449219e+00) (3, 6.32244229316711425781e-01) (4, 9.22166287899017333984e-01) (5, 1.28028857707977294922e+00) (6, -9.08109009265899658203e-01) (2, -4.38412761688232421875e+00) (3, 5.46925127506256103516e-01) (4, 7.35527098178863525391e-01) (5, 8.54229331016540527344e-01) (6, -2.88356721401214599609e-01) (7, -1.15605250000953674316e-01) (8, -1.00009106099605560303e-01) (9, -2.19615194946527481079e-02) (10, 4.56018708646297454834e-02) (11, 1.84574462473392486572e-02) (7, -1.58542740345001220703e+00) (8, -2.76428312063217163086e-01) (9, -5.78070640563964843750e+00) (10, -4.24336969852447509766e-01) (11, -2.49158546328544616699e-01) 
