FANN_FLO_2.1
num_layers=4
learning_rate=0.500000
connection_rate=1.000000
network_type=0
learning_momentum=0.000000
training_algorithm=2
train_error_function=1
train_stop_function=0
cascade_output_change_fraction=0.010000
quickprop_decay=-0.000100
quickprop_mu=1.750000
rprop_increase_factor=1.200000
rprop_decrease_factor=0.500000
rprop_delta_min=0.000000
rprop_delta_max=50.000000
rprop_delta_zero=0.100000
cascade_output_stagnation_epochs=12
cascade_candidate_change_fraction=0.010000
cascade_candidate_stagnation_epochs=12
cascade_max_out_epochs=150
cascade_min_out_epochs=50
cascade_max_cand_epochs=150
cascade_min_cand_epochs=50
cascade_num_candidate_groups=2
bit_fail_limit=3.49999994039535522461e-01
cascade_candidate_limit=1.00000000000000000000e+03
cascade_weight_multiplier=4.00000005960464477539e-01
cascade_activation_functions_count=10
cascade_activation_functions=3 5 7 8 10 11 14 15 16 17 
cascade_activation_steepnesses_count=4
cascade_activation_steepnesses=2.50000000000000000000e-01 5.00000000000000000000e-01 7.50000000000000000000e-01 1.00000000000000000000e+00 
layer_sizes=18 3 3 2 
scale_included=0
neurons (num_inputs, activation_function, activation_steepness)=(0, 0, 0.00000000000000000000e+00) (0, 0, 0.00000000000000000000e+00) (0, 0, 0.00000000000000000000e+00) (0, 0, 0.00000000000000000000e+00) (0, 0, 0.00000000000000000000e+00) (0, 0, 0.00000000000000000000e+00) (0, 0, 0.00000000000000000000e+00) (0, 0, 0.00000000000000000000e+00) (0, 0, 0.00000000000000000000e+00) (0, 0, 0.00000000000000000000e+00) (0, 0, 0.00000000000000000000e+00) (0, 0, 0.00000000000000000000e+00) (0, 0, 0.00000000000000000000e+00) (0, 0, 0.00000000000000000000e+00) (0, 0, 0.00000000000000000000e+00) (0, 0, 0.00000000000000000000e+00) (0, 0, 0.00000000000000000000e+00) (0, 0, 0.00000000000000000000e+00) (18, 3, 5.00000000000000000000e-01) (18, 3, 5.00000000000000000000e-01) (0, 3, 0.00000000000000000000e+00) (3, 3, 5.00000000000000000000e-01) (3, 3, 5.00000000000000000000e-01) (0, 3, 0.00000000000000000000e+00) (3, 0, 5.00000000000000000000e-01) (0, 0, 0.00000000000000000000e+00) 
connections (connected_to_neuron, weight)=(0, 1.11242973804473876953e+00) (1, 1.70532870292663574219e+00) (2, 1.33139431476593017578e+00) (3, 1.67189943790435791016e+00) (4, 1.13063716888427734375e+00) (5, -1.33287692070007324219e+00) (6, -1.41303706169128417969e+00) (7, -1.28768575191497802734e+00) (8, 1.64411157369613647461e-01) (9, 1.45801830291748046875e+00) (10, 1.30910778045654296875e+00) (11, 1.57217442989349365234e+00) (12, 1.48889851570129394531e+00) (13, 1.24502956867218017578e+00) (14, 1.60576272010803222656e+00) (15, 1.45145106315612792969e+00) (16, 1.43082761764526367188e+00) (17, -5.81189584732055664062e+00) (0, 1.29305732250213623047e+00) (1, 8.04953932762145996094e-01) (2, 9.70457613468170166016e-01) (3, 9.63007569313049316406e-01) (4, 9.20026481151580810547e-01) (5, -6.83542549610137939453e-01) (6, -1.28014266490936279297e+00) (7, -7.05350637435913085938e-01) (8, -5.71255266666412353516e-01) (9, 1.15526592731475830078e+00) (10, 1.01409530639648437500e+00) (11, 8.25437664985656738281e-01) (12, 1.25200223922729492188e+00) (13, 8.22824537754058837891e-01) (14, 1.10314929485321044922e+00) (15, 8.48690152168273925781e-01) (16, 1.04052042961120605469e+00) (17, -7.09755563735961914062e+00) (18, 2.90020346641540527344e+00) (19, 3.19904136657714843750e+00) (20, -2.92050170898437500000e+00) (18, 7.94353580474853515625e+00) (19, 1.70003067016601562500e+02) (20, -2.65740799903869628906e+00) (21, 9.68003749847412109375e+00) (22, 2.89405560493469238281e+00) (23, 2.90480065345764160156e+00) 
