FANN_FLO_2.1
num_layers=3
learning_rate=0.500000
connection_rate=1.000000
network_type=0
learning_momentum=0.000000
training_algorithm=2
train_error_function=1
train_stop_function=0
cascade_output_change_fraction=0.010000
quickprop_decay=-0.000100
quickprop_mu=1.750000
rprop_increase_factor=1.200000
rprop_decrease_factor=0.500000
rprop_delta_min=0.000000
rprop_delta_max=50.000000
rprop_delta_zero=0.100000
cascade_output_stagnation_epochs=12
cascade_candidate_change_fraction=0.010000
cascade_candidate_stagnation_epochs=12
cascade_max_out_epochs=150
cascade_min_out_epochs=50
cascade_max_cand_epochs=150
cascade_min_cand_epochs=50
cascade_num_candidate_groups=2
bit_fail_limit=3.49999994039535522461e-01
cascade_candidate_limit=1.00000000000000000000e+03
cascade_weight_multiplier=4.00000005960464477539e-01
cascade_activation_functions_count=10
cascade_activation_functions=3 5 7 8 10 11 14 15 16 17 
cascade_activation_steepnesses_count=4
cascade_activation_steepnesses=2.50000000000000000000e-01 5.00000000000000000000e-01 7.50000000000000000000e-01 1.00000000000000000000e+00 
layer_sizes=10 5 2 
scale_included=0
neurons (num_inputs, activation_function, activation_steepness)=(0, 0, 0.00000000000000000000e+00) (0, 0, 0.00000000000000000000e+00) (0, 0, 0.00000000000000000000e+00) (0, 0, 0.00000000000000000000e+00) (0, 0, 0.00000000000000000000e+00) (0, 0, 0.00000000000000000000e+00) (0, 0, 0.00000000000000000000e+00) (0, 0, 0.00000000000000000000e+00) (0, 0, 0.00000000000000000000e+00) (0, 0, 0.00000000000000000000e+00) (10, 3, 5.00000000000000000000e-01) (10, 3, 5.00000000000000000000e-01) (10, 3, 5.00000000000000000000e-01) (10, 3, 5.00000000000000000000e-01) (0, 3, 0.00000000000000000000e+00) (5, 3, 5.00000000000000000000e-01) (0, 3, 0.00000000000000000000e+00) 
connections (connected_to_neuron, weight)=(0, -4.08994406461715698242e-01) (1, -4.69750404357910156250e-01) (2, -3.97944241762161254883e-01) (3, -4.39195632934570312500e-01) (4, -4.25283402204513549805e-01) (5, -4.09239292144775390625e-01) (6, -4.88974124193191528320e-01) (7, -4.44143235683441162109e-01) (8, -4.25443708896636962891e-01) (9, 1.27821266651153564453e+00) (0, -3.72760683298110961914e-01) (1, -3.27176183462142944336e-01) (2, -3.25378239154815673828e-01) (3, 1.04448661208152770996e-01) (4, -4.71369922161102294922e-01) (5, -6.22181653976440429688e-01) (6, -6.11866056919097900391e-01) (7, -3.43224257230758666992e-01) (8, -4.07450348138809204102e-01) (9, 4.36857819557189941406e-01) (0, -4.47094857692718505859e-01) (1, -4.20610517263412475586e-01) (2, -4.54511463642120361328e-01) (3, -5.68019628524780273438e-01) (4, -3.64983767271041870117e-01) (5, -4.53218072652816772461e-01) (6, -3.20920914411544799805e-01) (7, -4.68882590532302856445e-01) (8, -4.18676435947418212891e-01) (9, 1.28627741336822509766e+00) (0, -3.44070106744766235352e-01) (1, -4.57835346460342407227e-01) (2, -5.23248434066772460938e-01) (3, 2.24799215793609619141e-01) (4, -5.65341532230377197266e-01) (5, -5.84346830844879150391e-01) (6, -5.17795503139495849609e-01) (7, -2.22957227379083633423e-02) (8, -4.90540802478790283203e-01) (9, 4.03882205486297607422e-01) (10, -2.21281242370605468750e+00) (11, -1.68063551187515258789e-01) (12, -2.21257543563842773438e+00) (13, -2.25827425718307495117e-01) (14, 1.59597826004028320312e+00) 
