FANN_FLO_2.1
num_layers=3
learning_rate=0.500000
connection_rate=1.000000
network_type=0
learning_momentum=0.000000
training_algorithm=2
train_error_function=1
train_stop_function=0
cascade_output_change_fraction=0.010000
quickprop_decay=-0.000100
quickprop_mu=1.750000
rprop_increase_factor=1.200000
rprop_decrease_factor=0.500000
rprop_delta_min=0.000000
rprop_delta_max=50.000000
rprop_delta_zero=0.100000
cascade_output_stagnation_epochs=12
cascade_candidate_change_fraction=0.010000
cascade_candidate_stagnation_epochs=12
cascade_max_out_epochs=150
cascade_min_out_epochs=50
cascade_max_cand_epochs=150
cascade_min_cand_epochs=50
cascade_num_candidate_groups=2
bit_fail_limit=3.49999994039535522461e-01
cascade_candidate_limit=1.00000000000000000000e+03
cascade_weight_multiplier=4.00000005960464477539e-01
cascade_activation_functions_count=10
cascade_activation_functions=3 5 7 8 10 11 14 15 16 17 
cascade_activation_steepnesses_count=4
cascade_activation_steepnesses=2.50000000000000000000e-01 5.00000000000000000000e-01 7.50000000000000000000e-01 1.00000000000000000000e+00 
layer_sizes=10 3 2 
scale_included=0
neurons (num_inputs, activation_function, activation_steepness)=(0, 0, 0.00000000000000000000e+00) (0, 0, 0.00000000000000000000e+00) (0, 0, 0.00000000000000000000e+00) (0, 0, 0.00000000000000000000e+00) (0, 0, 0.00000000000000000000e+00) (0, 0, 0.00000000000000000000e+00) (0, 0, 0.00000000000000000000e+00) (0, 0, 0.00000000000000000000e+00) (0, 0, 0.00000000000000000000e+00) (0, 0, 0.00000000000000000000e+00) (10, 3, 5.00000000000000000000e-01) (10, 3, 5.00000000000000000000e-01) (0, 3, 0.00000000000000000000e+00) (3, 3, 5.00000000000000000000e-01) (0, 3, 0.00000000000000000000e+00) 
connections (connected_to_neuron, weight)=(0, -2.63605713844299316406e-02) (1, -4.46755230426788330078e-01) (2, 1.31576865911483764648e-01) (3, -1.13080370426177978516e+00) (4, -1.59551072120666503906e+00) (5, -2.24698424339294433594e-01) (6, -1.08481168746948242188e-01) (7, -2.87320524454116821289e-01) (8, -4.15187813341617584229e-02) (9, 1.29291903972625732422e+00) (0, -5.20514905452728271484e-01) (1, -4.40065622329711914062e-01) (2, -5.45637130737304687500e-01) (3, -2.65937209129333496094e-01) (4, -1.21945373713970184326e-01) (5, -5.33768236637115478516e-01) (6, -5.27612149715423583984e-01) (7, -4.76978778839111328125e-01) (8, -5.11475026607513427734e-01) (9, 1.08542442321777343750e+00) (10, -9.77617025375366210938e-01) (11, -3.92007327079772949219e+00) (12, 1.51580929756164550781e+00) 
