FANN_FLO_2.1
num_layers=3
learning_rate=0.500000
connection_rate=1.000000
network_type=0
learning_momentum=0.000000
training_algorithm=2
train_error_function=1
train_stop_function=0
cascade_output_change_fraction=0.010000
quickprop_decay=-0.000100
quickprop_mu=1.750000
rprop_increase_factor=1.200000
rprop_decrease_factor=0.500000
rprop_delta_min=0.000000
rprop_delta_max=50.000000
rprop_delta_zero=0.100000
cascade_output_stagnation_epochs=12
cascade_candidate_change_fraction=0.010000
cascade_candidate_stagnation_epochs=12
cascade_max_out_epochs=150
cascade_min_out_epochs=50
cascade_max_cand_epochs=150
cascade_min_cand_epochs=50
cascade_num_candidate_groups=2
bit_fail_limit=3.49999994039535522461e-01
cascade_candidate_limit=1.00000000000000000000e+03
cascade_weight_multiplier=4.00000005960464477539e-01
cascade_activation_functions_count=10
cascade_activation_functions=3 5 7 8 10 11 14 15 16 17 
cascade_activation_steepnesses_count=4
cascade_activation_steepnesses=2.50000000000000000000e-01 5.00000000000000000000e-01 7.50000000000000000000e-01 1.00000000000000000000e+00 
layer_sizes=18 3 2 
scale_included=0
neurons (num_inputs, activation_function, activation_steepness)=(0, 0, 0.00000000000000000000e+00) (0, 0, 0.00000000000000000000e+00) (0, 0, 0.00000000000000000000e+00) (0, 0, 0.00000000000000000000e+00) (0, 0, 0.00000000000000000000e+00) (0, 0, 0.00000000000000000000e+00) (0, 0, 0.00000000000000000000e+00) (0, 0, 0.00000000000000000000e+00) (0, 0, 0.00000000000000000000e+00) (0, 0, 0.00000000000000000000e+00) (0, 0, 0.00000000000000000000e+00) (0, 0, 0.00000000000000000000e+00) (0, 0, 0.00000000000000000000e+00) (0, 0, 0.00000000000000000000e+00) (0, 0, 0.00000000000000000000e+00) (0, 0, 0.00000000000000000000e+00) (0, 0, 0.00000000000000000000e+00) (0, 0, 0.00000000000000000000e+00) (18, 3, 5.00000000000000000000e-01) (18, 3, 5.00000000000000000000e-01) (0, 3, 0.00000000000000000000e+00) (3, 0, 5.00000000000000000000e-01) (0, 0, 0.00000000000000000000e+00) 
connections (connected_to_neuron, weight)=(0, 1.69320631027221679688e+00) (1, 1.42737817764282226562e+00) (2, 1.69598567485809326172e+00) (3, 1.67519402503967285156e+00) (4, 1.49962937831878662109e+00) (5, -1.41774880886077880859e+00) (6, -1.51943635940551757812e+00) (7, -1.89803218841552734375e+00) (8, 1.02387137711048126221e-01) (9, 1.39014172554016113281e+00) (10, 1.53948616981506347656e+00) (11, 1.36536800861358642578e+00) (12, 1.83290910720825195312e+00) (13, 1.50038588047027587891e+00) (14, 1.43913257122039794922e+00) (15, 1.36425423622131347656e+00) (16, 1.73419892787933349609e+00) (17, -4.90573692321777343750e+00) (0, 1.52813053131103515625e+00) (1, 1.57760226726531982422e+00) (2, 1.55217790603637695312e+00) (3, 1.32963311672210693359e+00) (4, 1.32080292701721191406e+00) (5, -1.03890836238861083984e+00) (6, -2.08480381965637207031e+00) (7, -8.08965027332305908203e-01) (8, -2.62324899435043334961e-01) (9, 1.68278801441192626953e+00) (10, 1.63647294044494628906e+00) (11, 1.80355215072631835938e+00) (12, 1.43312370777130126953e+00) (13, 1.43377017974853515625e+00) (14, 2.03976202011108398438e+00) (15, 1.19235563278198242188e+00) (16, 1.78213036060333251953e+00) (17, -9.25644588470458984375e+00) (18, 5.59391021728515625000e+00) (19, 5.30195331573486328125e+00) (20, 3.44271612167358398438e+00) 
