FANN_FLO_2.1
num_layers=3
learning_rate=0.400000
connection_rate=1.000000
network_type=0
learning_momentum=0.000000
training_algorithm=2
train_error_function=1
train_stop_function=0
cascade_output_change_fraction=0.010000
quickprop_decay=-0.000100
quickprop_mu=1.750000
rprop_increase_factor=1.200000
rprop_decrease_factor=0.500000
rprop_delta_min=0.000000
rprop_delta_max=50.000000
rprop_delta_zero=0.100000
cascade_output_stagnation_epochs=12
cascade_candidate_change_fraction=0.010000
cascade_candidate_stagnation_epochs=12
cascade_max_out_epochs=150
cascade_min_out_epochs=50
cascade_max_cand_epochs=150
cascade_min_cand_epochs=50
cascade_num_candidate_groups=2
bit_fail_limit=3.49999994039535522461e-01
cascade_candidate_limit=1.00000000000000000000e+03
cascade_weight_multiplier=4.00000005960464477539e-01
cascade_activation_functions_count=10
cascade_activation_functions=3 5 7 8 10 11 14 15 16 17 
cascade_activation_steepnesses_count=4
cascade_activation_steepnesses=2.50000000000000000000e-01 5.00000000000000000000e-01 7.50000000000000000000e-01 1.00000000000000000000e+00 
layer_sizes=10 3 2 
scale_included=0
neurons (num_inputs, activation_function, activation_steepness)=(0, 0, 0.00000000000000000000e+00) (0, 0, 0.00000000000000000000e+00) (0, 0, 0.00000000000000000000e+00) (0, 0, 0.00000000000000000000e+00) (0, 0, 0.00000000000000000000e+00) (0, 0, 0.00000000000000000000e+00) (0, 0, 0.00000000000000000000e+00) (0, 0, 0.00000000000000000000e+00) (0, 0, 0.00000000000000000000e+00) (0, 0, 0.00000000000000000000e+00) (10, 3, 5.00000000000000000000e-01) (10, 3, 5.00000000000000000000e-01) (0, 3, 0.00000000000000000000e+00) (3, 3, 5.00000000000000000000e-01) (0, 3, 0.00000000000000000000e+00) 
connections (connected_to_neuron, weight)=(0, 8.49997997283935546875e-02) (1, 2.13812887668609619141e-01) (2, 2.32797116041183471680e-02) (3, 7.17612057924270629883e-02) (4, 1.60899698734283447266e-01) (5, 4.84966114163398742676e-02) (6, 1.59890353679656982422e-01) (7, 3.09930592775344848633e-02) (8, 5.58064877986907958984e-02) (9, 6.79374337196350097656e-02) (0, -5.14187887310981750488e-02) (1, -5.98423555493354797363e-02) (2, -1.38335540890693664551e-01) (3, -1.41268745064735412598e-01) (4, -6.53169676661491394043e-02) (5, -4.93681952357292175293e-02) (6, -2.03553065657615661621e-01) (7, -4.08383533358573913574e-02) (8, -1.56404972076416015625e-01) (9, -1.22984305024147033691e-01) (10, -1.42809391021728515625e-01) (11, -4.47580739855766296387e-02) (12, -1.03372298181056976318e-01) 
