FANN_FLO_2.1
num_layers=3
learning_rate=0.500000
connection_rate=1.000000
network_type=0
learning_momentum=0.000000
training_algorithm=2
train_error_function=1
train_stop_function=0
cascade_output_change_fraction=0.010000
quickprop_decay=-0.000100
quickprop_mu=1.750000
rprop_increase_factor=1.200000
rprop_decrease_factor=0.500000
rprop_delta_min=0.000000
rprop_delta_max=50.000000
rprop_delta_zero=0.100000
cascade_output_stagnation_epochs=12
cascade_candidate_change_fraction=0.010000
cascade_candidate_stagnation_epochs=12
cascade_max_out_epochs=150
cascade_min_out_epochs=50
cascade_max_cand_epochs=150
cascade_min_cand_epochs=50
cascade_num_candidate_groups=2
bit_fail_limit=3.49999994039535522461e-01
cascade_candidate_limit=1.00000000000000000000e+03
cascade_weight_multiplier=4.00000005960464477539e-01
cascade_activation_functions_count=10
cascade_activation_functions=3 5 7 8 10 11 14 15 16 17 
cascade_activation_steepnesses_count=4
cascade_activation_steepnesses=2.50000000000000000000e-01 5.00000000000000000000e-01 7.50000000000000000000e-01 1.00000000000000000000e+00 
layer_sizes=7 9 2 
scale_included=0
neurons (num_inputs, activation_function, activation_steepness)=(0, 0, 0.00000000000000000000e+00) (0, 0, 0.00000000000000000000e+00) (0, 0, 0.00000000000000000000e+00) (0, 0, 0.00000000000000000000e+00) (0, 0, 0.00000000000000000000e+00) (0, 0, 0.00000000000000000000e+00) (0, 0, 0.00000000000000000000e+00) (7, 3, 5.00000000000000000000e-01) (7, 3, 5.00000000000000000000e-01) (7, 3, 5.00000000000000000000e-01) (7, 3, 5.00000000000000000000e-01) (7, 3, 5.00000000000000000000e-01) (7, 3, 5.00000000000000000000e-01) (7, 3, 5.00000000000000000000e-01) (7, 3, 5.00000000000000000000e-01) (0, 3, 0.00000000000000000000e+00) (9, 0, 5.00000000000000000000e-01) (0, 0, 0.00000000000000000000e+00) 
connections (connected_to_neuron, weight)=(0, 5.09122037887573242188e+00) (1, 1.50000000000000000000e+03) (2, 1.50000000000000000000e+03) (3, 4.97061371803283691406e-01) (4, 1.50000000000000000000e+03) (5, 1.50000000000000000000e+03) (6, 1.84220001101493835449e-01) (0, 5.29986333847045898438e+00) (1, 1.50000000000000000000e+03) (2, 1.50000000000000000000e+03) (3, 8.04481446743011474609e-01) (4, 1.50000000000000000000e+03) (5, 1.50000000000000000000e+03) (6, 3.77664305269718170166e-02) (0, 5.33522939682006835938e+00) (1, 1.50000000000000000000e+03) (2, 1.50000000000000000000e+03) (3, 7.64170825481414794922e-01) (4, 1.50000000000000000000e+03) (5, 1.50000000000000000000e+03) (6, 1.61247655749320983887e-01) (0, -3.61411243677139282227e-01) (1, -1.50000000000000000000e+03) (2, -1.50000000000000000000e+03) (3, -1.26765519380569458008e-01) (4, -1.50000000000000000000e+03) (5, -1.50000000000000000000e+03) (6, 2.80553758144378662109e-01) (0, 5.31023740768432617188e+00) (1, 1.50000000000000000000e+03) (2, 1.50000000000000000000e+03) (3, 8.48143577575683593750e-01) (4, 1.50000000000000000000e+03) (5, 1.50000000000000000000e+03) (6, 1.51927977800369262695e-01) (0, 2.40912079811096191406e-01) (1, 1.76564946770668029785e-01) (2, -3.94170343875885009766e-01) (3, 2.56881147623062133789e-01) (4, 7.53713473677635192871e-02) (5, -3.72780859470367431641e-01) (6, 3.04318952560424804688e+00) (0, 5.29174947738647460938e+00) (1, 1.50000000000000000000e+03) (2, 1.50000000000000000000e+03) (3, 7.90731430053710937500e-01) (4, 1.50000000000000000000e+03) (5, 1.50000000000000000000e+03) (6, 8.07505398988723754883e-02) (0, 5.28581285476684570312e+00) (1, 1.50000000000000000000e+03) (2, 1.50000000000000000000e+03) (3, 8.11754047870635986328e-01) (4, 1.50000000000000000000e+03) (5, 1.50000000000000000000e+03) (6, 4.47234436869621276855e-02) (7, -6.61986023187637329102e-02) (8, -1.43874317407608032227e-01) (9, -1.03081606328487396240e-01) (10, 1.50000000000000000000e+03) (11, -1.37602150440216064453e-01) (12, 4.04121458530426025391e-01) (13, -1.20010904967784881592e-01) (14, -1.26745730638504028320e-01) (15, 3.09263348579406738281e-01) 
