FANN_FLO_2.1
num_layers=3
learning_rate=0.500000
connection_rate=1.000000
network_type=0
learning_momentum=0.000000
training_algorithm=2
train_error_function=1
train_stop_function=0
cascade_output_change_fraction=0.010000
quickprop_decay=-0.000100
quickprop_mu=1.750000
rprop_increase_factor=1.200000
rprop_decrease_factor=0.500000
rprop_delta_min=0.000000
rprop_delta_max=50.000000
rprop_delta_zero=0.100000
cascade_output_stagnation_epochs=12
cascade_candidate_change_fraction=0.010000
cascade_candidate_stagnation_epochs=12
cascade_max_out_epochs=150
cascade_min_out_epochs=50
cascade_max_cand_epochs=150
cascade_min_cand_epochs=50
cascade_num_candidate_groups=2
bit_fail_limit=3.49999994039535522461e-01
cascade_candidate_limit=1.00000000000000000000e+03
cascade_weight_multiplier=4.00000005960464477539e-01
cascade_activation_functions_count=10
cascade_activation_functions=3 5 7 8 10 11 14 15 16 17 
cascade_activation_steepnesses_count=4
cascade_activation_steepnesses=2.50000000000000000000e-01 5.00000000000000000000e-01 7.50000000000000000000e-01 1.00000000000000000000e+00 
layer_sizes=7 5 2 
scale_included=0
neurons (num_inputs, activation_function, activation_steepness)=(0, 0, 0.00000000000000000000e+00) (0, 0, 0.00000000000000000000e+00) (0, 0, 0.00000000000000000000e+00) (0, 0, 0.00000000000000000000e+00) (0, 0, 0.00000000000000000000e+00) (0, 0, 0.00000000000000000000e+00) (0, 0, 0.00000000000000000000e+00) (7, 3, 5.00000000000000000000e-01) (7, 3, 5.00000000000000000000e-01) (7, 3, 5.00000000000000000000e-01) (7, 3, 5.00000000000000000000e-01) (0, 3, 0.00000000000000000000e+00) (5, 0, 5.00000000000000000000e-01) (0, 0, 0.00000000000000000000e+00) 
connections (connected_to_neuron, weight)=(0, -3.18337529897689819336e-02) (1, -2.25283503532409667969e-01) (2, 2.55143910646438598633e-01) (3, 8.20285454392433166504e-02) (4, -1.95179998874664306641e-01) (5, 1.25574529170989990234e-01) (6, -2.37353563308715820312e+00) (0, -1.01814857482910156250e+02) (1, -3.35525631904602050781e+00) (2, 3.37435760498046875000e+01) (3, -1.87998943328857421875e+01) (4, -1.96082043647766113281e+00) (5, 2.90793743133544921875e+01) (6, -2.72766113281250000000e+00) (0, -9.74073562622070312500e+01) (1, -3.38890004158020019531e+00) (2, 1.07443180084228515625e+01) (3, -1.88291282653808593750e+01) (4, -1.98118662834167480469e+00) (5, 2.85765495300292968750e+01) (6, -2.68099761009216308594e+00) (0, -4.29385042190551757812e+00) (1, -5.50207424163818359375e+00) (2, 4.47596645355224609375e+00) (3, -1.20970296859741210938e+00) (4, -7.51613080501556396484e-01) (5, 2.72258543968200683594e+00) (6, -6.57651305198669433594e-01) (7, 1.49461388587951660156e-01) (8, 4.59682941436767578125e-03) (9, 4.59682941436767578125e-03) (10, -2.27821782231330871582e-01) (11, 5.59873180463910102844e-03) 
