FANN_FLO_2.1
num_layers=4
learning_rate=0.300000
connection_rate=1.000000
network_type=0
learning_momentum=0.000000
training_algorithm=2
train_error_function=1
train_stop_function=0
cascade_output_change_fraction=0.010000
quickprop_decay=-0.000100
quickprop_mu=1.750000
rprop_increase_factor=1.200000
rprop_decrease_factor=0.500000
rprop_delta_min=0.000000
rprop_delta_max=50.000000
rprop_delta_zero=0.100000
cascade_output_stagnation_epochs=12
cascade_candidate_change_fraction=0.010000
cascade_candidate_stagnation_epochs=12
cascade_max_out_epochs=150
cascade_min_out_epochs=50
cascade_max_cand_epochs=150
cascade_min_cand_epochs=50
cascade_num_candidate_groups=2
bit_fail_limit=3.49999994039535522461e-01
cascade_candidate_limit=1.00000000000000000000e+03
cascade_weight_multiplier=4.00000005960464477539e-01
cascade_activation_functions_count=10
cascade_activation_functions=3 5 7 8 10 11 14 15 16 17 
cascade_activation_steepnesses_count=4
cascade_activation_steepnesses=2.50000000000000000000e-01 5.00000000000000000000e-01 7.50000000000000000000e-01 1.00000000000000000000e+00 
layer_sizes=2 5 5 3 
scale_included=0
neurons (num_inputs, activation_function, activation_steepness)=(0, 0, 0.00000000000000000000e+00) (0, 0, 0.00000000000000000000e+00) (2, 3, 5.00000000000000000000e-01) (2, 3, 5.00000000000000000000e-01) (2, 3, 5.00000000000000000000e-01) (2, 3, 5.00000000000000000000e-01) (0, 3, 0.00000000000000000000e+00) (5, 3, 5.00000000000000000000e-01) (5, 3, 5.00000000000000000000e-01) (5, 3, 5.00000000000000000000e-01) (5, 3, 5.00000000000000000000e-01) (0, 3, 0.00000000000000000000e+00) (5, 0, 5.00000000000000000000e-01) (5, 0, 5.00000000000000000000e-01) (0, 0, 0.00000000000000000000e+00) 
connections (connected_to_neuron, weight)=(0, -1.25609606933593750000e+03) (1, -3.09203765869140625000e+02) (0, -1.48176000976562500000e+03) (1, -2.22280181884765625000e+02) (0, -1.28476886749267578125e+01) (1, -1.31338577270507812500e+01) (0, -1.17931384277343750000e+03) (1, -1.00996032714843750000e+02) (2, -1.35034942626953125000e+00) (3, -4.46999692916870117188e+00) (4, 1.50044069290161132812e+01) (5, -3.08514738082885742188e+00) (6, -5.81983268260955810547e-01) (2, 5.18252432346343994141e-01) (3, 4.17273193597793579102e-01) (4, -4.26869583129882812500e+00) (5, 5.20332145690917968750e+00) (6, -8.94643589854240417480e-02) (2, 1.00938022136688232422e+00) (3, 4.76046204566955566406e-01) (4, -2.92774415016174316406e+00) (5, 5.20122241973876953125e+00) (6, -5.74473798274993896484e-01) (2, -1.67667913436889648438e+00) (3, -1.15628850460052490234e+00) (4, 5.17282438278198242188e+00) (5, 3.18123960494995117188e+00) (6, -7.00307786464691162109e-01) (7, -4.13562469184398651123e-02) (8, -2.95529179275035858154e-02) (9, 2.43154987692832946777e-02) (10, 4.11214008927345275879e-02) (11, -1.34917441755533218384e-02) (7, -6.78518056869506835938e-01) (8, -5.57455539703369140625e-01) (9, -4.83267724514007568359e-01) (10, -6.70124828815460205078e-01) (11, -2.49217674136161804199e-01) 
