FANN_FLO_2.1
num_layers=3
learning_rate=0.500000
connection_rate=1.000000
network_type=0
learning_momentum=0.000000
training_algorithm=2
train_error_function=1
train_stop_function=0
cascade_output_change_fraction=0.010000
quickprop_decay=-0.000100
quickprop_mu=1.750000
rprop_increase_factor=1.200000
rprop_decrease_factor=0.500000
rprop_delta_min=0.000000
rprop_delta_max=50.000000
rprop_delta_zero=0.100000
cascade_output_stagnation_epochs=12
cascade_candidate_change_fraction=0.010000
cascade_candidate_stagnation_epochs=12
cascade_max_out_epochs=150
cascade_min_out_epochs=50
cascade_max_cand_epochs=150
cascade_min_cand_epochs=50
cascade_num_candidate_groups=2
bit_fail_limit=3.49999994039535522461e-01
cascade_candidate_limit=1.00000000000000000000e+03
cascade_weight_multiplier=4.00000005960464477539e-01
cascade_activation_functions_count=10
cascade_activation_functions=3 5 7 8 10 11 14 15 16 17 
cascade_activation_steepnesses_count=4
cascade_activation_steepnesses=2.50000000000000000000e-01 5.00000000000000000000e-01 7.50000000000000000000e-01 1.00000000000000000000e+00 
layer_sizes=7 5 2 
scale_included=0
neurons (num_inputs, activation_function, activation_steepness)=(0, 0, 0.00000000000000000000e+00) (0, 0, 0.00000000000000000000e+00) (0, 0, 0.00000000000000000000e+00) (0, 0, 0.00000000000000000000e+00) (0, 0, 0.00000000000000000000e+00) (0, 0, 0.00000000000000000000e+00) (0, 0, 0.00000000000000000000e+00) (7, 3, 5.00000000000000000000e-01) (7, 3, 5.00000000000000000000e-01) (7, 3, 5.00000000000000000000e-01) (7, 3, 5.00000000000000000000e-01) (0, 3, 0.00000000000000000000e+00) (5, 0, 5.00000000000000000000e-01) (0, 0, 0.00000000000000000000e+00) 
connections (connected_to_neuron, weight)=(0, -1.43110094070434570312e+01) (1, 2.19315280914306640625e+01) (2, -3.48555335998535156250e+01) (3, -3.54440917968750000000e+01) (4, 2.72527962923049926758e-01) (5, -1.07004663085937500000e+03) (6, -3.88836473226547241211e-01) (0, -1.97160949707031250000e+01) (1, 4.62228736877441406250e+01) (2, -4.43326988220214843750e+01) (3, -4.63205642700195312500e+01) (4, 6.16580247879028320312e+00) (5, -1.38293383789062500000e+03) (6, -1.74652814865112304688e+00) (0, -1.57226524353027343750e+01) (1, 2.72944221496582031250e+01) (2, -3.40265808105468750000e+01) (3, -3.75624008178710937500e+01) (4, 6.20336914062500000000e+00) (5, 1.84630222320556640625e+01) (6, -1.17614448070526123047e+00) (0, 4.87934708595275878906e-01) (1, -1.16494684219360351562e+01) (2, 2.48304653167724609375e+01) (3, 1.70559537410736083984e+00) (4, -2.16867218017578125000e+01) (5, 3.57100639343261718750e+01) (6, -1.26511549949645996094e+00) (7, 2.03226780891418457031e+00) (8, 1.03033050894737243652e-01) (9, -4.89544570446014404297e-02) (10, 3.09635177254676818848e-02) (11, -4.37235366553068161011e-03) 
