FANN_FLO_2.1
num_layers=3
learning_rate=0.500000
connection_rate=1.000000
network_type=0
learning_momentum=0.000000
training_algorithm=2
train_error_function=1
train_stop_function=0
cascade_output_change_fraction=0.010000
quickprop_decay=-0.000100
quickprop_mu=1.750000
rprop_increase_factor=1.200000
rprop_decrease_factor=0.500000
rprop_delta_min=0.000000
rprop_delta_max=50.000000
rprop_delta_zero=0.100000
cascade_output_stagnation_epochs=12
cascade_candidate_change_fraction=0.010000
cascade_candidate_stagnation_epochs=12
cascade_max_out_epochs=150
cascade_min_out_epochs=50
cascade_max_cand_epochs=150
cascade_min_cand_epochs=50
cascade_num_candidate_groups=2
bit_fail_limit=3.49999994039535522461e-01
cascade_candidate_limit=1.00000000000000000000e+03
cascade_weight_multiplier=4.00000005960464477539e-01
cascade_activation_functions_count=10
cascade_activation_functions=3 5 7 8 10 11 14 15 16 17 
cascade_activation_steepnesses_count=4
cascade_activation_steepnesses=2.50000000000000000000e-01 5.00000000000000000000e-01 7.50000000000000000000e-01 1.00000000000000000000e+00 
layer_sizes=10 5 2 
scale_included=0
neurons (num_inputs, activation_function, activation_steepness)=(0, 0, 0.00000000000000000000e+00) (0, 0, 0.00000000000000000000e+00) (0, 0, 0.00000000000000000000e+00) (0, 0, 0.00000000000000000000e+00) (0, 0, 0.00000000000000000000e+00) (0, 0, 0.00000000000000000000e+00) (0, 0, 0.00000000000000000000e+00) (0, 0, 0.00000000000000000000e+00) (0, 0, 0.00000000000000000000e+00) (0, 0, 0.00000000000000000000e+00) (10, 3, 5.00000000000000000000e-01) (10, 3, 5.00000000000000000000e-01) (10, 3, 5.00000000000000000000e-01) (10, 3, 5.00000000000000000000e-01) (0, 3, 0.00000000000000000000e+00) (5, 3, 5.00000000000000000000e-01) (0, 3, 0.00000000000000000000e+00) 
connections (connected_to_neuron, weight)=(0, 1.60544147491455078125e+01) (1, -4.04878768920898437500e+01) (2, -1.09068307876586914062e+01) (3, 1.38992023468017578125e+01) (4, -2.46533203125000000000e+01) (5, 1.40836095809936523438e+01) (6, 1.88761539459228515625e+01) (7, 3.82162308692932128906e+00) (8, 1.02861003875732421875e+01) (9, -6.12696838378906250000e+00) (0, -6.43408894538879394531e-01) (1, 5.52340805530548095703e-01) (2, -7.06782639026641845703e-01) (3, -7.92612135410308837891e-01) (4, 4.11615699529647827148e-01) (5, -5.42694747447967529297e-01) (6, -7.28915810585021972656e-01) (7, -7.99986779689788818359e-01) (8, -5.89902281761169433594e-01) (9, 1.11398923397064208984e+00) (0, -3.49200189113616943359e-01) (1, 5.35972416400909423828e-01) (2, -3.02219558507204055786e-02) (3, -1.51554703712463378906e-01) (4, -3.13800859451293945312e+00) (5, 1.50358214974403381348e-01) (6, -1.05166137218475341797e-01) (7, -3.17908525466918945312e-01) (8, -1.01407267153263092041e-01) (9, 7.68936395645141601562e-01) (0, -1.52768790721893310547e-01) (1, -1.53460979461669921875e+00) (2, -1.11235685646533966064e-01) (3, -4.76486161351203918457e-02) (4, -1.25975108146667480469e+00) (5, -3.20786237716674804688e-01) (6, -6.69126510620117187500e-02) (7, -2.71942205727100372314e-02) (8, -2.12116301059722900391e-01) (9, 1.34734618663787841797e+00) (10, 1.44026773050427436829e-02) (11, -2.56793928146362304688e+00) (12, -4.68931384384632110596e-02) (13, -2.25276017189025878906e+00) (14, 1.65923976898193359375e+00) 
