FANN_FLO_2.1
num_layers=3
learning_rate=0.500000
connection_rate=1.000000
network_type=0
learning_momentum=0.000000
training_algorithm=2
train_error_function=1
train_stop_function=0
cascade_output_change_fraction=0.010000
quickprop_decay=-0.000100
quickprop_mu=1.750000
rprop_increase_factor=1.200000
rprop_decrease_factor=0.500000
rprop_delta_min=0.000000
rprop_delta_max=50.000000
rprop_delta_zero=0.100000
cascade_output_stagnation_epochs=12
cascade_candidate_change_fraction=0.010000
cascade_candidate_stagnation_epochs=12
cascade_max_out_epochs=150
cascade_min_out_epochs=50
cascade_max_cand_epochs=150
cascade_min_cand_epochs=50
cascade_num_candidate_groups=2
bit_fail_limit=3.49999994039535522461e-01
cascade_candidate_limit=1.00000000000000000000e+03
cascade_weight_multiplier=4.00000005960464477539e-01
cascade_activation_functions_count=10
cascade_activation_functions=3 5 7 8 10 11 14 15 16 17 
cascade_activation_steepnesses_count=4
cascade_activation_steepnesses=2.50000000000000000000e-01 5.00000000000000000000e-01 7.50000000000000000000e-01 1.00000000000000000000e+00 
layer_sizes=10 5 2 
scale_included=0
neurons (num_inputs, activation_function, activation_steepness)=(0, 0, 0.00000000000000000000e+00) (0, 0, 0.00000000000000000000e+00) (0, 0, 0.00000000000000000000e+00) (0, 0, 0.00000000000000000000e+00) (0, 0, 0.00000000000000000000e+00) (0, 0, 0.00000000000000000000e+00) (0, 0, 0.00000000000000000000e+00) (0, 0, 0.00000000000000000000e+00) (0, 0, 0.00000000000000000000e+00) (0, 0, 0.00000000000000000000e+00) (10, 3, 5.00000000000000000000e-01) (10, 3, 5.00000000000000000000e-01) (10, 3, 5.00000000000000000000e-01) (10, 3, 5.00000000000000000000e-01) (0, 3, 0.00000000000000000000e+00) (5, 3, 5.00000000000000000000e-01) (0, 3, 0.00000000000000000000e+00) 
connections (connected_to_neuron, weight)=(0, 4.45956153869628906250e+01) (1, 8.23459863662719726562e-01) (2, -2.48702373504638671875e+01) (3, -2.66190319061279296875e+01) (4, -1.71537075042724609375e+01) (5, -7.75492000579833984375e+00) (6, 7.71969146728515625000e+01) (7, -7.29844894409179687500e+01) (8, -1.19092531204223632812e+01) (9, -9.09747982025146484375e+00) (0, 1.19312400817871093750e+02) (1, -2.03476071357727050781e+00) (2, 4.86593780517578125000e+01) (3, -1.87454360961914062500e+02) (4, -5.23190641403198242188e+00) (5, -2.68201780319213867188e+00) (6, -2.01349380493164062500e+02) (7, 1.30443601608276367188e+01) (8, 1.11320590972900390625e+01) (9, 8.32547605037689208984e-01) (0, -9.03299689292907714844e-01) (1, -8.61116468906402587891e-01) (2, -9.20025348663330078125e-01) (3, -9.77619647979736328125e-01) (4, -9.55541253089904785156e-01) (5, -9.78149712085723876953e-01) (6, -8.10093939304351806641e-01) (7, -9.78587150573730468750e-01) (8, -8.68128955364227294922e-01) (9, 3.62173509597778320312e+00) (0, -4.82029937744140625000e+02) (1, -3.43283295631408691406e+00) (2, -1.32815155029296875000e+02) (3, -3.64389892578125000000e+02) (4, -2.32572727203369140625e+01) (5, -1.14025382995605468750e+01) (6, -1.57981246948242187500e+02) (7, -4.70621887207031250000e+02) (8, -5.59382751464843750000e+02) (9, 5.98940908908843994141e-01) (10, 5.08592315018177032471e-02) (11, 2.26344838738441467285e-02) (12, -2.33484292030334472656e+00) (13, -2.10104675292968750000e+02) (14, 9.04670596122741699219e-01) 
