FANN_FLO_2.1
num_layers=3
learning_rate=0.500000
connection_rate=1.000000
network_type=0
learning_momentum=0.000000
training_algorithm=2
train_error_function=1
train_stop_function=0
cascade_output_change_fraction=0.010000
quickprop_decay=-0.000100
quickprop_mu=1.750000
rprop_increase_factor=1.200000
rprop_decrease_factor=0.500000
rprop_delta_min=0.000000
rprop_delta_max=50.000000
rprop_delta_zero=0.100000
cascade_output_stagnation_epochs=12
cascade_candidate_change_fraction=0.010000
cascade_candidate_stagnation_epochs=12
cascade_max_out_epochs=150
cascade_min_out_epochs=50
cascade_max_cand_epochs=150
cascade_min_cand_epochs=50
cascade_num_candidate_groups=2
bit_fail_limit=3.49999994039535522461e-01
cascade_candidate_limit=1.00000000000000000000e+03
cascade_weight_multiplier=4.00000005960464477539e-01
cascade_activation_functions_count=10
cascade_activation_functions=3 5 7 8 10 11 14 15 16 17 
cascade_activation_steepnesses_count=4
cascade_activation_steepnesses=2.50000000000000000000e-01 5.00000000000000000000e-01 7.50000000000000000000e-01 1.00000000000000000000e+00 
layer_sizes=7 9 2 
scale_included=0
neurons (num_inputs, activation_function, activation_steepness)=(0, 0, 0.00000000000000000000e+00) (0, 0, 0.00000000000000000000e+00) (0, 0, 0.00000000000000000000e+00) (0, 0, 0.00000000000000000000e+00) (0, 0, 0.00000000000000000000e+00) (0, 0, 0.00000000000000000000e+00) (0, 0, 0.00000000000000000000e+00) (7, 3, 5.00000000000000000000e-01) (7, 3, 5.00000000000000000000e-01) (7, 3, 5.00000000000000000000e-01) (7, 3, 5.00000000000000000000e-01) (7, 3, 5.00000000000000000000e-01) (7, 3, 5.00000000000000000000e-01) (7, 3, 5.00000000000000000000e-01) (7, 3, 5.00000000000000000000e-01) (0, 3, 0.00000000000000000000e+00) (9, 0, 5.00000000000000000000e-01) (0, 0, 0.00000000000000000000e+00) 
connections (connected_to_neuron, weight)=(0, 1.22286973055452108383e-03) (1, -4.28338050842285156250e-02) (2, 9.33456838130950927734e-01) (3, -2.37483710050582885742e-01) (4, -8.52948650717735290527e-02) (5, -1.99768275022506713867e-01) (6, -7.02851438522338867188e+00) (0, -6.92946493625640869141e-01) (1, -9.94585216045379638672e-01) (2, 2.37486600875854492188e+00) (3, 2.76883602142333984375e-01) (4, -2.46353626251220703125e+00) (5, -3.63368541002273559570e-01) (6, -9.34300124645233154297e-01) (0, -4.65136347338557243347e-03) (1, 1.15231215953826904297e-01) (2, 1.27541139721870422363e-01) (3, -8.76978039741516113281e-02) (4, -2.95537471771240234375e-01) (5, -6.09058924019336700439e-02) (6, -6.43066242337226867676e-02) (0, -1.15217018127441406250e+00) (1, -9.34854328632354736328e-01) (2, 2.26694059371948242188e+00) (3, 1.76586180925369262695e-01) (4, -5.96691727638244628906e-01) (5, -4.52540874481201171875e-01) (6, -1.02972412109375000000e+00) (0, -8.86937975883483886719e-01) (1, -9.40880596637725830078e-01) (2, 6.62009477615356445312e+00) (3, -5.49107093811035156250e+01) (4, -1.49965572357177734375e+00) (5, 4.01814013719558715820e-01) (6, -8.72321367263793945312e-01) (0, -3.94848674535751342773e-01) (1, -4.73374098539352416992e-01) (2, 1.50433099269866943359e+00) (3, -2.06957355141639709473e-01) (4, -7.08396911621093750000e-01) (5, -1.02929025888442993164e-01) (6, -5.57470083236694335938e-01) (0, 3.05070877075195312500e-01) (1, -1.68100461363792419434e-01) (2, -8.85177493095397949219e-01) (3, 1.20838716626167297363e-01) (4, 3.46299141645431518555e-01) (5, -6.00384138524532318115e-02) (6, 3.08768081665039062500e+00) (0, -3.13858757726848125458e-03) (1, 6.03370852768421173096e-02) (2, 7.50915110111236572266e-02) (3, -4.59700375795364379883e-02) (4, -1.00907739251852035522e-02) (5, -7.23549053072929382324e-02) (6, -7.33331665396690368652e-02) (7, -2.97087699174880981445e-01) (8, 7.89605733007192611694e-03) (9, -5.05081489682197570801e-02) (10, -1.47227281704545021057e-02) (11, 7.83880249023437500000e+02) (12, 3.24765890836715698242e-02) (13, -2.46237978339195251465e-01) (14, 4.54018115997314453125e-02) (15, 2.44942411780357360840e-01) 
