FANN_FLO_2.1
num_layers=3
learning_rate=0.500000
connection_rate=1.000000
network_type=0
learning_momentum=0.000000
training_algorithm=2
train_error_function=1
train_stop_function=0
cascade_output_change_fraction=0.010000
quickprop_decay=-0.000100
quickprop_mu=1.750000
rprop_increase_factor=1.200000
rprop_decrease_factor=0.500000
rprop_delta_min=0.000000
rprop_delta_max=50.000000
rprop_delta_zero=0.100000
cascade_output_stagnation_epochs=12
cascade_candidate_change_fraction=0.010000
cascade_candidate_stagnation_epochs=12
cascade_max_out_epochs=150
cascade_min_out_epochs=50
cascade_max_cand_epochs=150
cascade_min_cand_epochs=50
cascade_num_candidate_groups=2
bit_fail_limit=3.49999994039535522461e-01
cascade_candidate_limit=1.00000000000000000000e+03
cascade_weight_multiplier=4.00000005960464477539e-01
cascade_activation_functions_count=10
cascade_activation_functions=3 5 7 8 10 11 14 15 16 17 
cascade_activation_steepnesses_count=4
cascade_activation_steepnesses=2.50000000000000000000e-01 5.00000000000000000000e-01 7.50000000000000000000e-01 1.00000000000000000000e+00 
layer_sizes=3 5 4 
scale_included=0
neurons (num_inputs, activation_function, activation_steepness)=(0, 0, 0.00000000000000000000e+00) (0, 0, 0.00000000000000000000e+00) (0, 0, 0.00000000000000000000e+00) (3, 3, 5.00000000000000000000e-01) (3, 3, 5.00000000000000000000e-01) (3, 3, 5.00000000000000000000e-01) (3, 3, 5.00000000000000000000e-01) (0, 3, 0.00000000000000000000e+00) (5, 0, 5.00000000000000000000e-01) (5, 0, 5.00000000000000000000e-01) (5, 0, 5.00000000000000000000e-01) (0, 0, 0.00000000000000000000e+00) 
connections (connected_to_neuron, weight)=(0, -3.33105993270874023438e+00) (1, -8.26046586036682128906e-01) (2, 4.65145349502563476562e-01) (0, -1.90263004302978515625e+01) (1, 1.38790073394775390625e+01) (2, 1.58391685485839843750e+01) (0, -1.60115754604339599609e+00) (1, -2.35492396354675292969e+00) (2, 3.09501528739929199219e-01) (0, -3.44789600372314453125e+00) (1, 1.48820006847381591797e+00) (2, 7.37270474433898925781e-01) (3, 3.03805637359619140625e+00) (4, 9.78040039539337158203e-01) (5, 2.62136697769165039062e+00) (6, 2.73732662200927734375e+00) (7, 1.34478390216827392578e+00) (3, 7.39469051361083984375e+00) (4, 4.38698482513427734375e+00) (5, 9.37730503082275390625e+00) (6, 7.67689800262451171875e+00) (7, 5.55471944808959960938e+00) (3, 2.32548542022705078125e+01) (4, 1.27912902832031250000e+01) (5, 3.17018318176269531250e+01) (6, 2.44820289611816406250e+01) (7, 2.39808502197265625000e+01) 
