FANN_FLO_2.1
num_layers=3
learning_rate=0.400000
connection_rate=1.000000
network_type=0
learning_momentum=0.000000
training_algorithm=2
train_error_function=1
train_stop_function=0
cascade_output_change_fraction=0.010000
quickprop_decay=-0.000100
quickprop_mu=1.750000
rprop_increase_factor=1.200000
rprop_decrease_factor=0.500000
rprop_delta_min=0.000000
rprop_delta_max=50.000000
rprop_delta_zero=0.100000
cascade_output_stagnation_epochs=12
cascade_candidate_change_fraction=0.010000
cascade_candidate_stagnation_epochs=12
cascade_max_out_epochs=150
cascade_min_out_epochs=50
cascade_max_cand_epochs=150
cascade_min_cand_epochs=50
cascade_num_candidate_groups=2
bit_fail_limit=3.49999994039535522461e-01
cascade_candidate_limit=1.00000000000000000000e+03
cascade_weight_multiplier=4.00000005960464477539e-01
cascade_activation_functions_count=10
cascade_activation_functions=3 5 7 8 10 11 14 15 16 17 
cascade_activation_steepnesses_count=4
cascade_activation_steepnesses=2.50000000000000000000e-01 5.00000000000000000000e-01 7.50000000000000000000e-01 1.00000000000000000000e+00 
layer_sizes=10 3 2 
scale_included=0
neurons (num_inputs, activation_function, activation_steepness)=(0, 0, 0.00000000000000000000e+00) (0, 0, 0.00000000000000000000e+00) (0, 0, 0.00000000000000000000e+00) (0, 0, 0.00000000000000000000e+00) (0, 0, 0.00000000000000000000e+00) (0, 0, 0.00000000000000000000e+00) (0, 0, 0.00000000000000000000e+00) (0, 0, 0.00000000000000000000e+00) (0, 0, 0.00000000000000000000e+00) (0, 0, 0.00000000000000000000e+00) (10, 3, 5.00000000000000000000e-01) (10, 3, 5.00000000000000000000e-01) (0, 3, 0.00000000000000000000e+00) (3, 3, 5.00000000000000000000e-01) (0, 3, 0.00000000000000000000e+00) 
connections (connected_to_neuron, weight)=(0, 7.67274349927902221680e-02) (1, 1.82931393384933471680e-01) (2, 1.69050753116607666016e-01) (3, 1.64221704006195068359e-01) (4, 5.92389032244682312012e-02) (5, 1.01204521954059600830e-01) (6, 1.49836421012878417969e-01) (7, 1.36184826493263244629e-01) (8, 6.26795738935470581055e-02) (9, 1.01528719067573547363e-01) (0, -1.11427709460258483887e-01) (1, -7.49578848481178283691e-02) (2, -1.99201494455337524414e-01) (3, -2.65531614422798156738e-02) (4, -2.30660811066627502441e-02) (5, -1.74236610531806945801e-01) (6, -1.55480071902275085449e-01) (7, -2.05516934394836425781e-01) (8, -2.13735520839691162109e-01) (9, -1.82485654950141906738e-01) (10, -1.64037555456161499023e-01) (11, -1.15036390721797943115e-01) (12, -1.32236048579216003418e-01) 
