FANN_FLO_2.1
num_layers=4
learning_rate=0.450000
connection_rate=1.000000
network_type=0
learning_momentum=0.000000
training_algorithm=2
train_error_function=1
train_stop_function=0
cascade_output_change_fraction=0.010000
quickprop_decay=-0.000100
quickprop_mu=1.750000
rprop_increase_factor=1.200000
rprop_decrease_factor=0.500000
rprop_delta_min=0.000000
rprop_delta_max=50.000000
rprop_delta_zero=0.100000
cascade_output_stagnation_epochs=12
cascade_candidate_change_fraction=0.010000
cascade_candidate_stagnation_epochs=12
cascade_max_out_epochs=150
cascade_min_out_epochs=50
cascade_max_cand_epochs=150
cascade_min_cand_epochs=50
cascade_num_candidate_groups=2
bit_fail_limit=3.49999994039535522461e-01
cascade_candidate_limit=1.00000000000000000000e+03
cascade_weight_multiplier=4.00000005960464477539e-01
cascade_activation_functions_count=10
cascade_activation_functions=3 5 7 8 10 11 14 15 16 17 
cascade_activation_steepnesses_count=4
cascade_activation_steepnesses=2.50000000000000000000e-01 5.00000000000000000000e-01 7.50000000000000000000e-01 1.00000000000000000000e+00 
layer_sizes=7 5 5 2 
scale_included=0
neurons (num_inputs, activation_function, activation_steepness)=(0, 0, 0.00000000000000000000e+00) (0, 0, 0.00000000000000000000e+00) (0, 0, 0.00000000000000000000e+00) (0, 0, 0.00000000000000000000e+00) (0, 0, 0.00000000000000000000e+00) (0, 0, 0.00000000000000000000e+00) (0, 0, 0.00000000000000000000e+00) (7, 3, 5.00000000000000000000e-01) (7, 3, 5.00000000000000000000e-01) (7, 3, 5.00000000000000000000e-01) (7, 3, 5.00000000000000000000e-01) (0, 3, 0.00000000000000000000e+00) (5, 3, 5.00000000000000000000e-01) (5, 3, 5.00000000000000000000e-01) (5, 3, 5.00000000000000000000e-01) (5, 3, 5.00000000000000000000e-01) (0, 3, 0.00000000000000000000e+00) (5, 0, 5.00000000000000000000e-01) (0, 0, 0.00000000000000000000e+00) 
connections (connected_to_neuron, weight)=(0, 3.71676334179937839508e-03) (1, 6.99021935462951660156e-01) (2, -7.64932453632354736328e-01) (3, 3.76612454652786254883e-01) (4, 7.02123522758483886719e-01) (5, -1.00972914695739746094e+00) (6, 1.64363110065460205078e+00) (0, 1.50000000000000000000e+03) (1, 1.50000000000000000000e+03) (2, 1.50000000000000000000e+03) (3, 1.50000000000000000000e+03) (4, 1.50000000000000000000e+03) (5, 1.50000000000000000000e+03) (6, 6.61201059818267822266e-01) (0, 1.50000000000000000000e+03) (1, 1.50000000000000000000e+03) (2, 1.50000000000000000000e+03) (3, 1.50000000000000000000e+03) (4, 1.50000000000000000000e+03) (5, 1.50000000000000000000e+03) (6, 5.67654430866241455078e-01) (0, 1.13573953509330749512e-01) (1, 4.97545242309570312500e-01) (2, -6.35563194751739501953e-01) (3, 1.25328361988067626953e-01) (4, 3.54810178279876708984e-01) (5, -4.32291865348815917969e-01) (6, 1.59101581573486328125e+00) (7, -1.50000000000000000000e+03) (8, -3.00227093696594238281e+00) (9, -1.43835424804687500000e+03) (10, -1.79330505371093750000e+02) (11, -2.91181206703186035156e+00) (7, -1.64196074008941650391e+00) (8, -1.48544594645500183105e-01) (9, -1.64709949493408203125e+00) (10, -4.73993211984634399414e-01) (11, 1.61189630627632141113e-01) (7, 6.68794059753417968750e+00) (8, -5.29614746570587158203e-01) (9, -1.00049858093261718750e+01) (10, -1.85061499476432800293e-01) (11, -3.03696334362030029297e-01) (7, -1.55850934982299804688e+00) (8, -1.98504537343978881836e-01) (9, -1.90284109115600585938e+00) (10, -4.44773495197296142578e-01) (11, -9.67648774385452270508e-02) (12, 1.50000000000000000000e+03) (13, 3.70139217376708984375e+00) (14, 1.31872045993804931641e+00) (15, 1.87482142448425292969e+00) (16, -1.22582562267780303955e-01) 
