FANN_FLO_2.1
num_layers=4
learning_rate=0.300000
connection_rate=1.000000
network_type=0
learning_momentum=0.000000
training_algorithm=2
train_error_function=1
train_stop_function=0
cascade_output_change_fraction=0.010000
quickprop_decay=-0.000100
quickprop_mu=1.750000
rprop_increase_factor=1.200000
rprop_decrease_factor=0.500000
rprop_delta_min=0.000000
rprop_delta_max=50.000000
rprop_delta_zero=0.100000
cascade_output_stagnation_epochs=12
cascade_candidate_change_fraction=0.010000
cascade_candidate_stagnation_epochs=12
cascade_max_out_epochs=150
cascade_min_out_epochs=50
cascade_max_cand_epochs=150
cascade_min_cand_epochs=50
cascade_num_candidate_groups=2
bit_fail_limit=3.49999994039535522461e-01
cascade_candidate_limit=1.00000000000000000000e+03
cascade_weight_multiplier=4.00000005960464477539e-01
cascade_activation_functions_count=10
cascade_activation_functions=3 5 7 8 10 11 14 15 16 17 
cascade_activation_steepnesses_count=4
cascade_activation_steepnesses=2.50000000000000000000e-01 5.00000000000000000000e-01 7.50000000000000000000e-01 1.00000000000000000000e+00 
layer_sizes=2 5 5 3 
scale_included=0
neurons (num_inputs, activation_function, activation_steepness)=(0, 0, 0.00000000000000000000e+00) (0, 0, 0.00000000000000000000e+00) (2, 3, 5.00000000000000000000e-01) (2, 3, 5.00000000000000000000e-01) (2, 3, 5.00000000000000000000e-01) (2, 3, 5.00000000000000000000e-01) (0, 3, 0.00000000000000000000e+00) (5, 3, 5.00000000000000000000e-01) (5, 3, 5.00000000000000000000e-01) (5, 3, 5.00000000000000000000e-01) (5, 3, 5.00000000000000000000e-01) (0, 3, 0.00000000000000000000e+00) (5, 0, 5.00000000000000000000e-01) (5, 0, 5.00000000000000000000e-01) (0, 0, 0.00000000000000000000e+00) 
connections (connected_to_neuron, weight)=(0, -4.05207872390747070312e+00) (1, 9.47213888168334960938e-01) (0, 1.50000000000000000000e+03) (1, 6.47925734519958496094e-01) (0, 1.50000000000000000000e+03) (1, 3.41042876243591308594e-01) (0, 1.50000000000000000000e+03) (1, 8.10059487819671630859e-01) (2, 3.24228852987289428711e-01) (3, -1.03583085536956787109e+00) (4, -2.54210531711578369141e-01) (5, -9.33295190334320068359e-01) (6, 8.34723562002182006836e-02) (2, 1.23243503272533416748e-01) (3, 1.02198088169097900391e+00) (4, -7.63540744781494140625e-01) (5, -1.11957750320434570312e+01) (6, -1.65891557931900024414e-01) (2, 6.62417602539062500000e+00) (3, -3.27703809738159179688e+00) (4, -4.74761486053466796875e+00) (5, -1.56158554553985595703e+00) (6, -1.66598573327064514160e-01) (2, -4.74482059478759765625e-01) (3, 6.03206634521484375000e+01) (4, 7.31107177734375000000e+01) (5, 4.35251541137695312500e+01) (6, 5.39179682731628417969e-01) (7, 1.57092437148094177246e-01) (8, -1.03801151271909475327e-03) (9, 6.98586255311965942383e-02) (10, -1.45516872406005859375e-01) (11, -4.85971644520759582520e-02) (7, -5.59403777122497558594e-01) (8, -4.37111616134643554688e-01) (9, -8.70751500129699707031e-01) (10, -4.14035201072692871094e-01) (11, -5.07473230361938476562e-01) 
