FANN_FLO_2.1
num_layers=3
learning_rate=0.450000
connection_rate=1.000000
network_type=0
learning_momentum=0.000000
training_algorithm=2
train_error_function=1
train_stop_function=0
cascade_output_change_fraction=0.010000
quickprop_decay=-0.000100
quickprop_mu=1.750000
rprop_increase_factor=1.200000
rprop_decrease_factor=0.500000
rprop_delta_min=0.000000
rprop_delta_max=50.000000
rprop_delta_zero=0.100000
cascade_output_stagnation_epochs=12
cascade_candidate_change_fraction=0.010000
cascade_candidate_stagnation_epochs=12
cascade_max_out_epochs=150
cascade_min_out_epochs=50
cascade_max_cand_epochs=150
cascade_min_cand_epochs=50
cascade_num_candidate_groups=2
bit_fail_limit=3.49999994039535522461e-01
cascade_candidate_limit=1.00000000000000000000e+03
cascade_weight_multiplier=4.00000005960464477539e-01
cascade_activation_functions_count=10
cascade_activation_functions=3 5 7 8 10 11 14 15 16 17 
cascade_activation_steepnesses_count=4
cascade_activation_steepnesses=2.50000000000000000000e-01 5.00000000000000000000e-01 7.50000000000000000000e-01 1.00000000000000000000e+00 
layer_sizes=7 5 2 
scale_included=0
neurons (num_inputs, activation_function, activation_steepness)=(0, 0, 0.00000000000000000000e+00) (0, 0, 0.00000000000000000000e+00) (0, 0, 0.00000000000000000000e+00) (0, 0, 0.00000000000000000000e+00) (0, 0, 0.00000000000000000000e+00) (0, 0, 0.00000000000000000000e+00) (0, 0, 0.00000000000000000000e+00) (7, 3, 5.00000000000000000000e-01) (7, 3, 5.00000000000000000000e-01) (7, 3, 5.00000000000000000000e-01) (7, 3, 5.00000000000000000000e-01) (0, 3, 0.00000000000000000000e+00) (5, 0, 5.00000000000000000000e-01) (0, 0, 0.00000000000000000000e+00) 
connections (connected_to_neuron, weight)=(0, -1.74780324101448059082e-01) (1, -3.21571528911590576172e-01) (2, 8.64308536052703857422e-01) (3, -1.27696812152862548828e-01) (4, 3.14691096544265747070e-01) (5, 4.28358912467956542969e-01) (6, -4.79974783957004547119e-02) (0, -2.93258309364318847656e+00) (1, -9.74709033966064453125e-01) (2, 4.09765529632568359375e+00) (3, -1.87087571620941162109e+00) (4, 1.05420279502868652344e+00) (5, 1.31388449668884277344e+00) (6, -5.45407438278198242188e+00) (0, -1.13618421554565429688e+00) (1, -6.05013370513916015625e-01) (2, 1.83838140964508056641e+00) (3, -3.64679565429687500000e+01) (4, 5.88936150074005126953e-01) (5, 8.04433047771453857422e-01) (6, -6.42314577102661132812e+00) (0, -1.05014525353908538818e-01) (1, 8.19277942180633544922e-01) (2, 6.23382616043090820312e+00) (3, -8.09054672718048095703e-01) (4, 1.39784717559814453125e+00) (5, 9.50407609343528747559e-02) (6, -2.04776674509048461914e-01) (7, -9.53314453363418579102e-03) (8, 4.13874397054314613342e-03) (9, 8.00000000000000000000e+02) (10, -4.82285439968109130859e-01) (11, 4.98607903718948364258e-01) 
