FANN_FLO_2.1
num_layers=3
learning_rate=0.500000
connection_rate=1.000000
network_type=0
learning_momentum=0.000000
training_algorithm=2
train_error_function=1
train_stop_function=0
cascade_output_change_fraction=0.010000
quickprop_decay=-0.000100
quickprop_mu=1.750000
rprop_increase_factor=1.200000
rprop_decrease_factor=0.500000
rprop_delta_min=0.000000
rprop_delta_max=50.000000
rprop_delta_zero=0.100000
cascade_output_stagnation_epochs=12
cascade_candidate_change_fraction=0.010000
cascade_candidate_stagnation_epochs=12
cascade_max_out_epochs=150
cascade_min_out_epochs=50
cascade_max_cand_epochs=150
cascade_min_cand_epochs=50
cascade_num_candidate_groups=2
bit_fail_limit=3.49999994039535522461e-01
cascade_candidate_limit=1.00000000000000000000e+03
cascade_weight_multiplier=4.00000005960464477539e-01
cascade_activation_functions_count=10
cascade_activation_functions=3 5 7 8 10 11 14 15 16 17 
cascade_activation_steepnesses_count=4
cascade_activation_steepnesses=2.50000000000000000000e-01 5.00000000000000000000e-01 7.50000000000000000000e-01 1.00000000000000000000e+00 
layer_sizes=10 3 2 
scale_included=0
neurons (num_inputs, activation_function, activation_steepness)=(0, 0, 0.00000000000000000000e+00) (0, 0, 0.00000000000000000000e+00) (0, 0, 0.00000000000000000000e+00) (0, 0, 0.00000000000000000000e+00) (0, 0, 0.00000000000000000000e+00) (0, 0, 0.00000000000000000000e+00) (0, 0, 0.00000000000000000000e+00) (0, 0, 0.00000000000000000000e+00) (0, 0, 0.00000000000000000000e+00) (0, 0, 0.00000000000000000000e+00) (10, 3, 5.00000000000000000000e-01) (10, 3, 5.00000000000000000000e-01) (0, 3, 0.00000000000000000000e+00) (3, 3, 5.00000000000000000000e-01) (0, 3, 0.00000000000000000000e+00) 
connections (connected_to_neuron, weight)=(0, -8.17541718482971191406e-01) (1, -8.12303662300109863281e-01) (2, -7.29186892509460449219e-01) (3, 2.59303003549575805664e-01) (4, -9.52290184795856475830e-03) (5, -9.67028498649597167969e-01) (6, -7.20738410949707031250e-01) (7, -7.98834741115570068359e-01) (8, -1.19708108901977539062e+00) (9, 2.72686195373535156250e+00) (0, -3.49158495664596557617e-01) (1, -3.80618035793304443359e-01) (2, -4.22045171260833740234e-01) (3, -1.03275167942047119141e+00) (4, -8.30966949462890625000e-01) (5, -2.83984184265136718750e-01) (6, -3.88124316930770874023e-01) (7, -4.37177270650863647461e-01) (8, -1.02315008640289306641e-01) (9, 1.26663601398468017578e+00) (10, -1.41889393329620361328e+00) (11, -2.49934577941894531250e+00) (12, 1.41248369216918945312e+00) 
