FANN_FLO_2.1
num_layers=4
learning_rate=0.300000
connection_rate=1.000000
network_type=0
learning_momentum=0.000000
training_algorithm=2
train_error_function=1
train_stop_function=0
cascade_output_change_fraction=0.010000
quickprop_decay=-0.000100
quickprop_mu=1.750000
rprop_increase_factor=1.200000
rprop_decrease_factor=0.500000
rprop_delta_min=0.000000
rprop_delta_max=50.000000
rprop_delta_zero=0.100000
cascade_output_stagnation_epochs=12
cascade_candidate_change_fraction=0.010000
cascade_candidate_stagnation_epochs=12
cascade_max_out_epochs=150
cascade_min_out_epochs=50
cascade_max_cand_epochs=150
cascade_min_cand_epochs=50
cascade_num_candidate_groups=2
bit_fail_limit=3.49999994039535522461e-01
cascade_candidate_limit=1.00000000000000000000e+03
cascade_weight_multiplier=4.00000005960464477539e-01
cascade_activation_functions_count=10
cascade_activation_functions=3 5 7 8 10 11 14 15 16 17 
cascade_activation_steepnesses_count=4
cascade_activation_steepnesses=2.50000000000000000000e-01 5.00000000000000000000e-01 7.50000000000000000000e-01 1.00000000000000000000e+00 
layer_sizes=2 5 5 3 
scale_included=0
neurons (num_inputs, activation_function, activation_steepness)=(0, 0, 0.00000000000000000000e+00) (0, 0, 0.00000000000000000000e+00) (2, 3, 5.00000000000000000000e-01) (2, 3, 5.00000000000000000000e-01) (2, 3, 5.00000000000000000000e-01) (2, 3, 5.00000000000000000000e-01) (0, 3, 0.00000000000000000000e+00) (5, 3, 5.00000000000000000000e-01) (5, 3, 5.00000000000000000000e-01) (5, 3, 5.00000000000000000000e-01) (5, 3, 5.00000000000000000000e-01) (0, 3, 0.00000000000000000000e+00) (5, 0, 5.00000000000000000000e-01) (5, 0, 5.00000000000000000000e-01) (0, 0, 0.00000000000000000000e+00) 
connections (connected_to_neuron, weight)=(0, -1.50000000000000000000e+03) (1, 4.37755405902862548828e-01) (0, -1.50000000000000000000e+03) (1, -5.69835233688354492188e+00) (0, -1.50000000000000000000e+03) (1, -4.51161909103393554688e+00) (0, -1.50000000000000000000e+03) (1, -1.23604750633239746094e+00) (2, -6.56846165657043457031e-01) (3, 7.40748548507690429688e+00) (4, -7.55417421460151672363e-02) (5, -7.19215631484985351562e-01) (6, -7.88097560405731201172e-01) (2, 1.24367403984069824219e+00) (3, 7.81539618968963623047e-01) (4, 1.05876195430755615234e+00) (5, 9.85158860683441162109e-01) (6, 3.71412515640258789062e+00) (2, 2.43122547864913940430e-01) (3, 5.35103082656860351562e+00) (4, 5.29695868492126464844e-01) (5, 2.43019387125968933105e-01) (6, 6.37609660625457763672e-02) (2, 1.61127492785453796387e-01) (3, 5.22451782226562500000e+00) (4, 1.23303794860839843750e+00) (5, 1.59631714224815368652e-01) (6, -1.37145549058914184570e-01) (7, 2.41574928164482116699e-01) (8, -2.03824982047080993652e-01) (9, 3.36613096296787261963e-02) (10, 3.74153219163417816162e-02) (11, -9.18413773179054260254e-02) (7, -3.86702537536621093750e-01) (8, -3.69763255119323730469e-01) (9, -4.55801188945770263672e-01) (10, -3.98958504199981689453e-01) (11, -3.93696665763854980469e-01) 
