FANN_FLO_2.1
num_layers=3
learning_rate=0.400000
connection_rate=1.000000
network_type=0
learning_momentum=0.000000
training_algorithm=2
train_error_function=1
train_stop_function=0
cascade_output_change_fraction=0.010000
quickprop_decay=-0.000100
quickprop_mu=1.750000
rprop_increase_factor=1.200000
rprop_decrease_factor=0.500000
rprop_delta_min=0.000000
rprop_delta_max=50.000000
rprop_delta_zero=0.100000
cascade_output_stagnation_epochs=12
cascade_candidate_change_fraction=0.010000
cascade_candidate_stagnation_epochs=12
cascade_max_out_epochs=150
cascade_min_out_epochs=50
cascade_max_cand_epochs=150
cascade_min_cand_epochs=50
cascade_num_candidate_groups=2
bit_fail_limit=3.49999994039535522461e-01
cascade_candidate_limit=1.00000000000000000000e+03
cascade_weight_multiplier=4.00000005960464477539e-01
cascade_activation_functions_count=10
cascade_activation_functions=3 5 7 8 10 11 14 15 16 17 
cascade_activation_steepnesses_count=4
cascade_activation_steepnesses=2.50000000000000000000e-01 5.00000000000000000000e-01 7.50000000000000000000e-01 1.00000000000000000000e+00 
layer_sizes=10 3 2 
scale_included=0
neurons (num_inputs, activation_function, activation_steepness)=(0, 0, 0.00000000000000000000e+00) (0, 0, 0.00000000000000000000e+00) (0, 0, 0.00000000000000000000e+00) (0, 0, 0.00000000000000000000e+00) (0, 0, 0.00000000000000000000e+00) (0, 0, 0.00000000000000000000e+00) (0, 0, 0.00000000000000000000e+00) (0, 0, 0.00000000000000000000e+00) (0, 0, 0.00000000000000000000e+00) (0, 0, 0.00000000000000000000e+00) (10, 3, 5.00000000000000000000e-01) (10, 3, 5.00000000000000000000e-01) (0, 3, 0.00000000000000000000e+00) (3, 3, 5.00000000000000000000e-01) (0, 3, 0.00000000000000000000e+00) 
connections (connected_to_neuron, weight)=(0, 1.97482079267501831055e-01) (1, 1.13276720046997070312e-01) (2, 2.10316553711891174316e-02) (3, 3.73188555240631103516e-02) (4, 7.77945742011070251465e-02) (5, 5.06166815757751464844e-02) (6, 4.34446558356285095215e-02) (7, 5.58790117502212524414e-02) (8, 8.84865596890449523926e-02) (9, 2.03992515802383422852e-01) (0, -3.59443947672843933105e-02) (1, -1.70870199799537658691e-01) (2, -1.62055343389511108398e-01) (3, -6.19738027453422546387e-02) (4, -2.67344936728477478027e-02) (5, -8.28380212187767028809e-02) (6, -4.55862209200859069824e-02) (7, -3.89489307999610900879e-02) (8, -1.29148334264755249023e-01) (9, -8.77972319722175598145e-02) (10, 1.69475734233856201172e-01) (11, 3.46258059144020080566e-02) (12, 8.44744145870208740234e-02) 
