FANN_FLO_2.1
num_layers=4
learning_rate=0.300000
connection_rate=1.000000
network_type=0
learning_momentum=0.000000
training_algorithm=2
train_error_function=1
train_stop_function=0
cascade_output_change_fraction=0.010000
quickprop_decay=-0.000100
quickprop_mu=1.750000
rprop_increase_factor=1.200000
rprop_decrease_factor=0.500000
rprop_delta_min=0.000000
rprop_delta_max=50.000000
rprop_delta_zero=0.100000
cascade_output_stagnation_epochs=12
cascade_candidate_change_fraction=0.010000
cascade_candidate_stagnation_epochs=12
cascade_max_out_epochs=150
cascade_min_out_epochs=50
cascade_max_cand_epochs=150
cascade_min_cand_epochs=50
cascade_num_candidate_groups=2
bit_fail_limit=3.49999994039535522461e-01
cascade_candidate_limit=1.00000000000000000000e+03
cascade_weight_multiplier=4.00000005960464477539e-01
cascade_activation_functions_count=10
cascade_activation_functions=3 5 7 8 10 11 14 15 16 17 
cascade_activation_steepnesses_count=4
cascade_activation_steepnesses=2.50000000000000000000e-01 5.00000000000000000000e-01 7.50000000000000000000e-01 1.00000000000000000000e+00 
layer_sizes=2 5 5 3 
scale_included=0
neurons (num_inputs, activation_function, activation_steepness)=(0, 0, 0.00000000000000000000e+00) (0, 0, 0.00000000000000000000e+00) (2, 3, 5.00000000000000000000e-01) (2, 3, 5.00000000000000000000e-01) (2, 3, 5.00000000000000000000e-01) (2, 3, 5.00000000000000000000e-01) (0, 3, 0.00000000000000000000e+00) (5, 3, 5.00000000000000000000e-01) (5, 3, 5.00000000000000000000e-01) (5, 3, 5.00000000000000000000e-01) (5, 3, 5.00000000000000000000e-01) (0, 3, 0.00000000000000000000e+00) (5, 0, 5.00000000000000000000e-01) (5, 0, 5.00000000000000000000e-01) (0, 0, 0.00000000000000000000e+00) 
connections (connected_to_neuron, weight)=(0, -1.09735786437988281250e+02) (1, -7.20483720302581787109e-01) (0, -1.02562408447265625000e+02) (1, -9.97421383857727050781e-01) (0, -7.87835464477539062500e+01) (1, -8.17006528377532958984e-01) (0, -8.58760757446289062500e+01) (1, -4.06588703393936157227e-01) (2, 1.25483179092407226562e+00) (3, 1.90855522155761718750e+01) (4, 1.66913878917694091797e+00) (5, 4.90884512662887573242e-01) (6, -6.71952342987060546875e+00) (2, -1.32809352874755859375e+00) (3, 1.04379673004150390625e+01) (4, -3.34305912256240844727e-01) (5, 2.50394135713577270508e-01) (6, -5.37468433380126953125e-01) (2, 1.39338076114654541016e+00) (3, 2.10422039031982421875e+00) (4, -7.51296281814575195312e-01) (5, 5.63067197799682617188e-01) (6, 2.22364664077758789062e+00) (2, 1.36525917053222656250e+00) (3, 1.60036525726318359375e+01) (4, 1.66351175308227539062e+00) (5, 4.34429973363876342773e-01) (6, -5.73458909988403320312e+00) (7, 1.32233813405036926270e-01) (8, -6.23627789318561553955e-02) (9, -1.49043217301368713379e-01) (10, 1.50775849819183349609e-01) (11, -7.95550346374511718750e-02) (7, -8.10918450355529785156e-01) (8, -2.64712452888488769531e-01) (9, -1.76442191004753112793e-01) (10, -5.32880842685699462891e-01) (11, -3.59769523143768310547e-01) 
