FANN_FLO_2.1
num_layers=3
learning_rate=0.500000
connection_rate=1.000000
network_type=0
learning_momentum=0.000000
training_algorithm=2
train_error_function=1
train_stop_function=0
cascade_output_change_fraction=0.010000
quickprop_decay=-0.000100
quickprop_mu=1.750000
rprop_increase_factor=1.200000
rprop_decrease_factor=0.500000
rprop_delta_min=0.000000
rprop_delta_max=50.000000
rprop_delta_zero=0.100000
cascade_output_stagnation_epochs=12
cascade_candidate_change_fraction=0.010000
cascade_candidate_stagnation_epochs=12
cascade_max_out_epochs=150
cascade_min_out_epochs=50
cascade_max_cand_epochs=150
cascade_min_cand_epochs=50
cascade_num_candidate_groups=2
bit_fail_limit=3.49999994039535522461e-01
cascade_candidate_limit=1.00000000000000000000e+03
cascade_weight_multiplier=4.00000005960464477539e-01
cascade_activation_functions_count=10
cascade_activation_functions=3 5 7 8 10 11 14 15 16 17 
cascade_activation_steepnesses_count=4
cascade_activation_steepnesses=2.50000000000000000000e-01 5.00000000000000000000e-01 7.50000000000000000000e-01 1.00000000000000000000e+00 
layer_sizes=10 5 2 
scale_included=0
neurons (num_inputs, activation_function, activation_steepness)=(0, 0, 0.00000000000000000000e+00) (0, 0, 0.00000000000000000000e+00) (0, 0, 0.00000000000000000000e+00) (0, 0, 0.00000000000000000000e+00) (0, 0, 0.00000000000000000000e+00) (0, 0, 0.00000000000000000000e+00) (0, 0, 0.00000000000000000000e+00) (0, 0, 0.00000000000000000000e+00) (0, 0, 0.00000000000000000000e+00) (0, 0, 0.00000000000000000000e+00) (10, 3, 5.00000000000000000000e-01) (10, 3, 5.00000000000000000000e-01) (10, 3, 5.00000000000000000000e-01) (10, 3, 5.00000000000000000000e-01) (0, 3, 0.00000000000000000000e+00) (5, 3, 5.00000000000000000000e-01) (0, 3, 0.00000000000000000000e+00) 
connections (connected_to_neuron, weight)=(0, 8.73428523540496826172e-01) (1, -1.11302144825458526611e-01) (2, 8.24626445770263671875e-01) (3, 4.61389541625976562500e-01) (4, 4.08947855234146118164e-01) (5, 4.50000047683715820312e-01) (6, 6.65357172489166259766e-01) (7, 5.00344932079315185547e-01) (8, 3.97581219673156738281e-01) (9, -1.42208051681518554688e+00) (0, -4.16115969419479370117e-01) (1, -5.69410026073455810547e-01) (2, -4.46042180061340332031e-01) (3, -6.50522887706756591797e-01) (4, -6.04226768016815185547e-01) (5, -6.21536195278167724609e-01) (6, -4.62116360664367675781e-01) (7, -5.56305408477783203125e-01) (8, -6.65234625339508056641e-01) (9, 1.39341890811920166016e+00) (0, -5.40061235427856445312e-01) (1, -2.05540943145751953125e+00) (2, -5.13943076133728027344e-01) (3, -4.22993361949920654297e-01) (4, -8.87786328792572021484e-01) (5, -5.33355236053466796875e-01) (6, -5.43979167938232421875e-01) (7, -4.33968484401702880859e-01) (8, -5.17522633075714111328e-01) (9, 1.88695341348648071289e-01) (0, -7.99833536148071289062e-01) (1, -1.84704017639160156250e+00) (2, -9.14775967597961425781e-01) (3, -8.80957782268524169922e-01) (4, -9.24687623977661132812e-01) (5, -8.93432796001434326172e-01) (6, -1.02379608154296875000e+00) (7, -1.25623095035552978516e+00) (8, -1.00009655952453613281e+00) (9, 6.33863210678100585938e+00) (10, 1.02272427082061767578e+00) (11, -2.02356481552124023438e+00) (12, -8.08141648769378662109e-01) (13, -7.59580135345458984375e-01) (14, 4.63564366102218627930e-01) 
