FANN_FLO_2.1
num_layers=3
learning_rate=0.300000
connection_rate=1.000000
network_type=0
learning_momentum=0.000000
training_algorithm=2
train_error_function=1
train_stop_function=0
cascade_output_change_fraction=0.010000
quickprop_decay=-0.000100
quickprop_mu=1.750000
rprop_increase_factor=1.200000
rprop_decrease_factor=0.500000
rprop_delta_min=0.000000
rprop_delta_max=50.000000
rprop_delta_zero=0.100000
cascade_output_stagnation_epochs=12
cascade_candidate_change_fraction=0.010000
cascade_candidate_stagnation_epochs=12
cascade_max_out_epochs=150
cascade_min_out_epochs=50
cascade_max_cand_epochs=150
cascade_min_cand_epochs=50
cascade_num_candidate_groups=2
bit_fail_limit=3.49999994039535522461e-01
cascade_candidate_limit=1.00000000000000000000e+03
cascade_weight_multiplier=4.00000005960464477539e-01
cascade_activation_functions_count=10
cascade_activation_functions=3 5 7 8 10 11 14 15 16 17 
cascade_activation_steepnesses_count=4
cascade_activation_steepnesses=2.50000000000000000000e-01 5.00000000000000000000e-01 7.50000000000000000000e-01 1.00000000000000000000e+00 
layer_sizes=4 9 2 
scale_included=0
neurons (num_inputs, activation_function, activation_steepness)=(0, 0, 0.00000000000000000000e+00) (0, 0, 0.00000000000000000000e+00) (0, 0, 0.00000000000000000000e+00) (0, 0, 0.00000000000000000000e+00) (4, 3, 5.00000000000000000000e-01) (4, 3, 5.00000000000000000000e-01) (4, 3, 5.00000000000000000000e-01) (4, 3, 5.00000000000000000000e-01) (4, 3, 5.00000000000000000000e-01) (4, 3, 5.00000000000000000000e-01) (4, 3, 5.00000000000000000000e-01) (4, 3, 5.00000000000000000000e-01) (0, 3, 0.00000000000000000000e+00) (9, 3, 5.00000000000000000000e-01) (0, 3, 0.00000000000000000000e+00) 
connections (connected_to_neuron, weight)=(0, 1.50000000000000000000e+03) (1, 1.49376293945312500000e+03) (2, 1.50000000000000000000e+03) (3, 4.03822273015975952148e-01) (0, -4.96885985136032104492e-01) (1, 2.93988496065139770508e-01) (2, -6.83442771434783935547e-01) (3, 1.06890761852264404297e+00) (0, -6.42461657524108886719e-01) (1, 4.57001715898513793945e-01) (2, -1.10507714748382568359e+00) (3, 2.66024422645568847656e+00) (0, 1.89045310020446777344e+00) (1, -1.02895297110080718994e-01) (2, -9.03599452972412109375e+00) (3, 2.51619040966033935547e-01) (0, -1.84568092226982116699e-01) (1, 1.31036043167114257812e-01) (2, -5.39369702339172363281e-01) (3, -1.12047858536243438721e-01) (0, -1.89247503876686096191e-01) (1, 1.57911498099565505981e-02) (2, -2.43997976183891296387e-01) (3, 4.23872327804565429688e+00) (0, -1.04696168899536132812e+01) (1, 5.90333305299282073975e-02) (2, 1.50027543306350708008e-01) (3, 2.89446830749511718750e-01) (0, -3.27958799898624420166e-02) (1, 8.19921940565109252930e-02) (2, -9.80038762092590332031e-01) (3, 3.31673860549926757812e-01) (4, 4.63317066431045532227e-01) (5, -2.18594610691070556641e-01) (6, -3.87884080410003662109e-01) (7, -6.92626535892486572266e-02) (8, -5.65740346908569335938e-01) (9, -4.00691795349121093750e+00) (10, -1.50000000000000000000e+03) (11, -8.43423306941986083984e-01) (12, 2.80789345502853393555e-01) 
