# config: 6->8->1
# epochs: 350
# run:    6
# Training: 2
Max epochs      350. Desired error: 0.0000010000.
Epochs            1. Current error: 0.0028920961. Bit fail 0.
Epochs          200. Current error: 0.0002539939. Bit fail 0.
Epochs          350. Current error: 0.0002538069. Bit fail 0.
# Train MSE: 0.000253807
# Test MSE: 0.00271417
# Training: 2
Max epochs      350. Desired error: 0.0000010000.
Epochs            1. Current error: 0.0009298089. Bit fail 0.
Epochs          200. Current error: 0.0002554600. Bit fail 0.
Epochs          350. Current error: 0.0002555262. Bit fail 0.
# Train MSE: 0.000255526
# Test MSE: 0.00271016
# Training: 2
Max epochs      350. Desired error: 0.0000010000.
Epochs            1. Current error: 0.0104288142. Bit fail 0.
Epochs          200. Current error: 179.5569458008. Bit fail 9.
Epochs          350. Current error: 0.0017613746. Bit fail 1.
# Train MSE: 0.00176137
# Test MSE: 8.62566
# Training: 2
Max epochs      350. Desired error: 0.0000010000.
Epochs            1. Current error: 0.0021999690. Bit fail 0.
Epochs          200. Current error: 0.0002892522. Bit fail 0.
Epochs          350. Current error: 0.0501132868. Bit fail 1.
# Train MSE: 0.0501133
# Test MSE: 0.0313193
# Training: 2
Max epochs      350. Desired error: 0.0000010000.
Epochs            1. Current error: 0.0004754137. Bit fail 0.
Epochs          200. Current error: 0.0002198900. Bit fail 0.
Epochs          350. Current error: 0.0001719368. Bit fail 0.
# Train MSE: 0.000171937
# Test MSE: 0.00256983
# Training: 2
Max epochs      350. Desired error: 0.0000010000.
Epochs            1. Current error: 0.0011154626. Bit fail 0.
Epochs          200. Current error: 0.0002217592. Bit fail 0.
Epochs          350. Current error: 0.0002033083. Bit fail 0.
# Train MSE: 0.000203308
# Test MSE: 0.492226
# Training: 2
Max epochs      350. Desired error: 0.0000010000.
Epochs            1. Current error: 0.0011510912. Bit fail 0.
Epochs          200. Current error: 0.0001116829. Bit fail 0.
Epochs          350. Current error: 0.0002098028. Bit fail 0.
# Train MSE: 0.000209803
# Test MSE: 0.00254336
# Training: 2
Max epochs      350. Desired error: 0.0000010000.
Epochs            1. Current error: 0.0090226531. Bit fail 0.
Epochs          200. Current error: 0.0002543744. Bit fail 0.
Epochs          350. Current error: 0.0002543374. Bit fail 0.
# Train MSE: 0.000254337
# Test MSE: 0.00271259
# Training: 2
Max epochs      350. Desired error: 0.0000010000.
Epochs            1. Current error: 0.0026551762. Bit fail 0.
Epochs          200. Current error: 23.1674118042. Bit fail 300.
Epochs          350. Current error: 0.3730334938. Bit fail 267.
# Train MSE: 0.373033
# Test MSE: 1.74605
# Training: 2
Max epochs      350. Desired error: 0.0000010000.
Epochs            1. Current error: 0.0003187448. Bit fail 0.
Epochs          200. Current error: 0.0001687392. Bit fail 0.
Epochs          350. Current error: 0.0002494209. Bit fail 0.
# Train MSE: 0.000249421
# Test MSE: 0.00270272
# Training: 2
Max epochs      350. Desired error: 0.0000010000.
Epochs            1. Current error: 0.0051969159. Bit fail 0.
Epochs          200. Current error: 0.0002538531. Bit fail 0.
Epochs          350. Current error: 0.0002537598. Bit fail 0.
# Train MSE: 0.00025376
# Test MSE: 0.00271262
