FANN_FLO_2.1
num_layers=3
learning_rate=0.500000
connection_rate=1.000000
network_type=0
learning_momentum=0.000000
training_algorithm=2
train_error_function=1
train_stop_function=0
cascade_output_change_fraction=0.010000
quickprop_decay=-0.000100
quickprop_mu=1.750000
rprop_increase_factor=1.200000
rprop_decrease_factor=0.500000
rprop_delta_min=0.000000
rprop_delta_max=50.000000
rprop_delta_zero=0.100000
cascade_output_stagnation_epochs=12
cascade_candidate_change_fraction=0.010000
cascade_candidate_stagnation_epochs=12
cascade_max_out_epochs=150
cascade_min_out_epochs=50
cascade_max_cand_epochs=150
cascade_min_cand_epochs=50
cascade_num_candidate_groups=2
bit_fail_limit=3.49999994039535522461e-01
cascade_candidate_limit=1.00000000000000000000e+03
cascade_weight_multiplier=4.00000005960464477539e-01
cascade_activation_functions_count=10
cascade_activation_functions=3 5 7 8 10 11 14 15 16 17 
cascade_activation_steepnesses_count=4
cascade_activation_steepnesses=2.50000000000000000000e-01 5.00000000000000000000e-01 7.50000000000000000000e-01 1.00000000000000000000e+00 
layer_sizes=3 5 4 
scale_included=0
neurons (num_inputs, activation_function, activation_steepness)=(0, 0, 0.00000000000000000000e+00) (0, 0, 0.00000000000000000000e+00) (0, 0, 0.00000000000000000000e+00) (3, 3, 5.00000000000000000000e-01) (3, 3, 5.00000000000000000000e-01) (3, 3, 5.00000000000000000000e-01) (3, 3, 5.00000000000000000000e-01) (0, 3, 0.00000000000000000000e+00) (5, 0, 5.00000000000000000000e-01) (5, 0, 5.00000000000000000000e-01) (5, 0, 5.00000000000000000000e-01) (0, 0, 0.00000000000000000000e+00) 
connections (connected_to_neuron, weight)=(0, -1.66399879455566406250e+01) (1, 7.05916452407836914062e+00) (2, 8.20151329040527343750e+00) (0, -3.99009919166564941406e+00) (1, -6.79647541046142578125e+00) (2, 2.49202537536621093750e+00) (0, -1.11654291152954101562e+01) (1, 6.59701967239379882812e+00) (2, 1.46519336700439453125e+01) (0, -2.66984343528747558594e+00) (1, -4.32017117738723754883e-01) (2, 3.42726379632949829102e-01) (3, 1.24479937553405761719e+00) (4, 1.87432360649108886719e+00) (5, 1.38341820240020751953e+00) (6, 4.86452102661132812500e+00) (7, 1.00999724864959716797e+00) (3, 5.04275560379028320312e+00) (4, 5.64237022399902343750e+00) (5, 5.35118579864501953125e+00) (6, 1.21398658752441406250e+01) (7, 3.94359993934631347656e+00) (3, 1.64680995941162109375e+01) (4, 1.83476085662841796875e+01) (5, 1.91719284057617187500e+01) (6, 3.64148406982421875000e+01) (7, 1.73346805572509765625e+01) 
