FANN_FLO_2.1
num_layers=3
learning_rate=0.400000
connection_rate=1.000000
network_type=0
learning_momentum=0.000000
training_algorithm=2
train_error_function=1
train_stop_function=0
cascade_output_change_fraction=0.010000
quickprop_decay=-0.000100
quickprop_mu=1.750000
rprop_increase_factor=1.200000
rprop_decrease_factor=0.500000
rprop_delta_min=0.000000
rprop_delta_max=50.000000
rprop_delta_zero=0.100000
cascade_output_stagnation_epochs=12
cascade_candidate_change_fraction=0.010000
cascade_candidate_stagnation_epochs=12
cascade_max_out_epochs=150
cascade_min_out_epochs=50
cascade_max_cand_epochs=150
cascade_min_cand_epochs=50
cascade_num_candidate_groups=2
bit_fail_limit=3.49999994039535522461e-01
cascade_candidate_limit=1.00000000000000000000e+03
cascade_weight_multiplier=4.00000005960464477539e-01
cascade_activation_functions_count=10
cascade_activation_functions=3 5 7 8 10 11 14 15 16 17 
cascade_activation_steepnesses_count=4
cascade_activation_steepnesses=2.50000000000000000000e-01 5.00000000000000000000e-01 7.50000000000000000000e-01 1.00000000000000000000e+00 
layer_sizes=10 3 2 
scale_included=0
neurons (num_inputs, activation_function, activation_steepness)=(0, 0, 0.00000000000000000000e+00) (0, 0, 0.00000000000000000000e+00) (0, 0, 0.00000000000000000000e+00) (0, 0, 0.00000000000000000000e+00) (0, 0, 0.00000000000000000000e+00) (0, 0, 0.00000000000000000000e+00) (0, 0, 0.00000000000000000000e+00) (0, 0, 0.00000000000000000000e+00) (0, 0, 0.00000000000000000000e+00) (0, 0, 0.00000000000000000000e+00) (10, 3, 5.00000000000000000000e-01) (10, 3, 5.00000000000000000000e-01) (0, 3, 0.00000000000000000000e+00) (3, 3, 5.00000000000000000000e-01) (0, 3, 0.00000000000000000000e+00) 
connections (connected_to_neuron, weight)=(0, -1.95534765720367431641e-01) (1, -1.73974186182022094727e-01) (2, -1.42024606466293334961e-01) (3, -1.43411040306091308594e-01) (4, -7.56296589970588684082e-02) (5, -1.97035536170005798340e-01) (6, -9.51224192976951599121e-02) (7, -5.87472692131996154785e-02) (8, -1.73967376351356506348e-01) (9, -1.24538734555244445801e-01) (0, 1.27255022525787353516e-01) (1, 2.63219848275184631348e-02) (2, 1.59259170293807983398e-01) (3, 8.60400795936584472656e-02) (4, 9.36685353517532348633e-02) (5, 1.58107668161392211914e-01) (6, 2.17918932437896728516e-01) (7, 1.41428053379058837891e-01) (8, 3.10242325067520141602e-02) (9, 1.24758996069431304932e-01) (10, -7.10712447762489318848e-02) (11, -1.61594450473785400391e-01) (12, -1.66580170392990112305e-01) 
