FANN_FLO_2.1
num_layers=4
learning_rate=0.450000
connection_rate=1.000000
network_type=0
learning_momentum=0.000000
training_algorithm=2
train_error_function=1
train_stop_function=0
cascade_output_change_fraction=0.010000
quickprop_decay=-0.000100
quickprop_mu=1.750000
rprop_increase_factor=1.200000
rprop_decrease_factor=0.500000
rprop_delta_min=0.000000
rprop_delta_max=50.000000
rprop_delta_zero=0.100000
cascade_output_stagnation_epochs=12
cascade_candidate_change_fraction=0.010000
cascade_candidate_stagnation_epochs=12
cascade_max_out_epochs=150
cascade_min_out_epochs=50
cascade_max_cand_epochs=150
cascade_min_cand_epochs=50
cascade_num_candidate_groups=2
bit_fail_limit=3.49999994039535522461e-01
cascade_candidate_limit=1.00000000000000000000e+03
cascade_weight_multiplier=4.00000005960464477539e-01
cascade_activation_functions_count=10
cascade_activation_functions=3 5 7 8 10 11 14 15 16 17 
cascade_activation_steepnesses_count=4
cascade_activation_steepnesses=2.50000000000000000000e-01 5.00000000000000000000e-01 7.50000000000000000000e-01 1.00000000000000000000e+00 
layer_sizes=7 3 3 2 
scale_included=0
neurons (num_inputs, activation_function, activation_steepness)=(0, 0, 0.00000000000000000000e+00) (0, 0, 0.00000000000000000000e+00) (0, 0, 0.00000000000000000000e+00) (0, 0, 0.00000000000000000000e+00) (0, 0, 0.00000000000000000000e+00) (0, 0, 0.00000000000000000000e+00) (0, 0, 0.00000000000000000000e+00) (7, 3, 5.00000000000000000000e-01) (7, 3, 5.00000000000000000000e-01) (0, 3, 0.00000000000000000000e+00) (3, 3, 5.00000000000000000000e-01) (3, 3, 5.00000000000000000000e-01) (0, 3, 0.00000000000000000000e+00) (3, 0, 5.00000000000000000000e-01) (0, 0, 0.00000000000000000000e+00) 
connections (connected_to_neuron, weight)=(0, -2.74565257132053375244e-02) (1, 3.69399935007095336914e-01) (2, -6.18980169296264648438e-01) (3, 4.84389543533325195312e-01) (4, 6.07334017753601074219e-01) (5, -1.04345691204071044922e+00) (6, 6.48660898208618164062e-01) (0, -1.42646104097366333008e-01) (1, 6.07038617134094238281e-01) (2, -4.90118354558944702148e-01) (3, 3.93129050731658935547e-01) (4, 3.95977437496185302734e-01) (5, -7.14274704456329345703e-01) (6, 6.19809508323669433594e-01) (7, -8.64112701416015625000e+01) (8, -7.24070119857788085938e+00) (9, 1.84015977382659912109e+00) (7, -3.81653785705566406250e+00) (8, -1.81399703025817871094e+00) (9, -4.05996918678283691406e-01) (10, 3.75043964385986328125e+00) (11, -3.12425587326288223267e-02) (12, 1.44984833896160125732e-02) 
