FANN_FLO_2.1
num_layers=4
learning_rate=0.300000
connection_rate=1.000000
network_type=0
learning_momentum=0.000000
training_algorithm=2
train_error_function=1
train_stop_function=0
cascade_output_change_fraction=0.010000
quickprop_decay=-0.000100
quickprop_mu=1.750000
rprop_increase_factor=1.200000
rprop_decrease_factor=0.500000
rprop_delta_min=0.000000
rprop_delta_max=50.000000
rprop_delta_zero=0.100000
cascade_output_stagnation_epochs=12
cascade_candidate_change_fraction=0.010000
cascade_candidate_stagnation_epochs=12
cascade_max_out_epochs=150
cascade_min_out_epochs=50
cascade_max_cand_epochs=150
cascade_min_cand_epochs=50
cascade_num_candidate_groups=2
bit_fail_limit=3.49999994039535522461e-01
cascade_candidate_limit=1.00000000000000000000e+03
cascade_weight_multiplier=4.00000005960464477539e-01
cascade_activation_functions_count=10
cascade_activation_functions=3 5 7 8 10 11 14 15 16 17 
cascade_activation_steepnesses_count=4
cascade_activation_steepnesses=2.50000000000000000000e-01 5.00000000000000000000e-01 7.50000000000000000000e-01 1.00000000000000000000e+00 
layer_sizes=2 5 3 3 
scale_included=0
neurons (num_inputs, activation_function, activation_steepness)=(0, 0, 0.00000000000000000000e+00) (0, 0, 0.00000000000000000000e+00) (2, 3, 5.00000000000000000000e-01) (2, 3, 5.00000000000000000000e-01) (2, 3, 5.00000000000000000000e-01) (2, 3, 5.00000000000000000000e-01) (0, 3, 0.00000000000000000000e+00) (5, 3, 5.00000000000000000000e-01) (5, 3, 5.00000000000000000000e-01) (0, 3, 0.00000000000000000000e+00) (3, 0, 5.00000000000000000000e-01) (3, 0, 5.00000000000000000000e-01) (0, 0, 0.00000000000000000000e+00) 
connections (connected_to_neuron, weight)=(0, 4.77921772003173828125e+00) (1, 1.29860436916351318359e+00) (0, -3.06888437271118164062e+00) (1, 3.53786140680313110352e-01) (0, 5.26324605941772460938e+00) (1, 1.68911480903625488281e+00) (0, -3.19765806198120117188e+00) (1, 2.33454540371894836426e-01) (2, -2.94201827049255371094e+00) (3, 4.84432309865951538086e-01) (4, -2.14751505851745605469e+00) (5, 4.93829756975173950195e-01) (6, 2.75815635919570922852e-01) (2, -5.97810316085815429688e+00) (3, 6.01745843887329101562e+00) (4, 1.22684895992279052734e+00) (5, 5.97382402420043945312e+00) (6, 1.31883752346038818359e+00) (7, 9.39941331744194030762e-02) (8, -5.04195652902126312256e-02) (9, -2.23350822925567626953e-02) (7, -1.34104216098785400391e+00) (8, -6.26375079154968261719e-01) (9, -5.81097722053527832031e-01) 
