FANN_FLO_2.1
num_layers=3
learning_rate=0.400000
connection_rate=1.000000
network_type=0
learning_momentum=0.000000
training_algorithm=2
train_error_function=1
train_stop_function=0
cascade_output_change_fraction=0.010000
quickprop_decay=-0.000100
quickprop_mu=1.750000
rprop_increase_factor=1.200000
rprop_decrease_factor=0.500000
rprop_delta_min=0.000000
rprop_delta_max=50.000000
rprop_delta_zero=0.100000
cascade_output_stagnation_epochs=12
cascade_candidate_change_fraction=0.010000
cascade_candidate_stagnation_epochs=12
cascade_max_out_epochs=150
cascade_min_out_epochs=50
cascade_max_cand_epochs=150
cascade_min_cand_epochs=50
cascade_num_candidate_groups=2
bit_fail_limit=3.49999994039535522461e-01
cascade_candidate_limit=1.00000000000000000000e+03
cascade_weight_multiplier=4.00000005960464477539e-01
cascade_activation_functions_count=10
cascade_activation_functions=3 5 7 8 10 11 14 15 16 17 
cascade_activation_steepnesses_count=4
cascade_activation_steepnesses=2.50000000000000000000e-01 5.00000000000000000000e-01 7.50000000000000000000e-01 1.00000000000000000000e+00 
layer_sizes=6 5 2 
scale_included=0
neurons (num_inputs, activation_function, activation_steepness)=(0, 0, 0.00000000000000000000e+00) (0, 0, 0.00000000000000000000e+00) (0, 0, 0.00000000000000000000e+00) (0, 0, 0.00000000000000000000e+00) (0, 0, 0.00000000000000000000e+00) (0, 0, 0.00000000000000000000e+00) (6, 3, 5.00000000000000000000e-01) (6, 3, 5.00000000000000000000e-01) (6, 3, 5.00000000000000000000e-01) (6, 3, 5.00000000000000000000e-01) (0, 3, 0.00000000000000000000e+00) (5, 0, 5.00000000000000000000e-01) (0, 0, 0.00000000000000000000e+00) 
connections (connected_to_neuron, weight)=(0, -1.50000000000000000000e+03) (1, -1.50000000000000000000e+03) (2, -4.64653789997100830078e-01) (3, 9.47004735469818115234e-01) (4, 1.45352852344512939453e+00) (5, 1.98796406388282775879e-01) (0, -1.50000000000000000000e+03) (1, -1.50000000000000000000e+03) (2, -7.54035400390625000000e+02) (3, -1.12919761657714843750e+02) (4, 1.35255157947540283203e-01) (5, -2.47186526656150817871e-01) (0, -1.50000000000000000000e+03) (1, -1.50000000000000000000e+03) (2, -2.55977935791015625000e+02) (3, -3.85530281066894531250e+01) (4, 2.12639665603637695312e+00) (5, 2.02270135283470153809e-01) (0, -1.50000000000000000000e+03) (1, -6.17972946166992187500e+00) (2, -7.88065791130065917969e-01) (3, 1.92452162504196166992e-01) (4, 1.23616242408752441406e+00) (5, 3.81524525582790374756e-02) (6, 9.28162479400634765625e+00) (7, 9.14602279663085937500e+00) (8, 1.25043205261230468750e+02) (9, 1.56786279678344726562e+01) (10, 7.69706785678863525391e-01) 
