FANN_FLO_2.1
num_layers=4
learning_rate=0.300000
connection_rate=1.000000
network_type=0
learning_momentum=0.000000
training_algorithm=2
train_error_function=1
train_stop_function=0
cascade_output_change_fraction=0.010000
quickprop_decay=-0.000100
quickprop_mu=1.750000
rprop_increase_factor=1.200000
rprop_decrease_factor=0.500000
rprop_delta_min=0.000000
rprop_delta_max=50.000000
rprop_delta_zero=0.100000
cascade_output_stagnation_epochs=12
cascade_candidate_change_fraction=0.010000
cascade_candidate_stagnation_epochs=12
cascade_max_out_epochs=150
cascade_min_out_epochs=50
cascade_max_cand_epochs=150
cascade_min_cand_epochs=50
cascade_num_candidate_groups=2
bit_fail_limit=3.49999994039535522461e-01
cascade_candidate_limit=1.00000000000000000000e+03
cascade_weight_multiplier=4.00000005960464477539e-01
cascade_activation_functions_count=10
cascade_activation_functions=3 5 7 8 10 11 14 15 16 17 
cascade_activation_steepnesses_count=4
cascade_activation_steepnesses=2.50000000000000000000e-01 5.00000000000000000000e-01 7.50000000000000000000e-01 1.00000000000000000000e+00 
layer_sizes=2 5 3 3 
scale_included=0
neurons (num_inputs, activation_function, activation_steepness)=(0, 0, 0.00000000000000000000e+00) (0, 0, 0.00000000000000000000e+00) (2, 3, 5.00000000000000000000e-01) (2, 3, 5.00000000000000000000e-01) (2, 3, 5.00000000000000000000e-01) (2, 3, 5.00000000000000000000e-01) (0, 3, 0.00000000000000000000e+00) (5, 3, 5.00000000000000000000e-01) (5, 3, 5.00000000000000000000e-01) (0, 3, 0.00000000000000000000e+00) (3, 0, 5.00000000000000000000e-01) (3, 0, 5.00000000000000000000e-01) (0, 0, 0.00000000000000000000e+00) 
connections (connected_to_neuron, weight)=(0, -6.76151037216186523438e+00) (1, -3.88297057151794433594e+00) (0, -4.47624921798706054688e+00) (1, -5.59102725982666015625e+00) (0, -6.30760812759399414062e+00) (1, -3.47906041145324707031e+00) (0, -4.30018463134765625000e+01) (1, -2.40152072906494140625e+00) (2, 1.41913747787475585938e+00) (3, -1.84977138042449951172e+00) (4, 1.62452316284179687500e+00) (5, 8.32883715629577636719e-01) (6, -1.46514689922332763672e+00) (2, 1.12176108360290527344e+00) (3, -7.62343585491180419922e-01) (4, 1.84145569801330566406e+00) (5, -1.89440441131591796875e+00) (6, 1.76220878958702087402e-01) (7, 2.53315269947052001953e-01) (8, -2.04456880688667297363e-01) (9, -4.74819168448448181152e-02) (7, -1.59017229080200195312e+00) (8, -8.78060936927795410156e-01) (9, -4.62440192699432373047e-01) 
