FANN_FLO_2.1
num_layers=3
learning_rate=0.500000
connection_rate=1.000000
network_type=0
learning_momentum=0.000000
training_algorithm=2
train_error_function=1
train_stop_function=0
cascade_output_change_fraction=0.010000
quickprop_decay=-0.000100
quickprop_mu=1.750000
rprop_increase_factor=1.200000
rprop_decrease_factor=0.500000
rprop_delta_min=0.000000
rprop_delta_max=50.000000
rprop_delta_zero=0.100000
cascade_output_stagnation_epochs=12
cascade_candidate_change_fraction=0.010000
cascade_candidate_stagnation_epochs=12
cascade_max_out_epochs=150
cascade_min_out_epochs=50
cascade_max_cand_epochs=150
cascade_min_cand_epochs=50
cascade_num_candidate_groups=2
bit_fail_limit=3.49999994039535522461e-01
cascade_candidate_limit=1.00000000000000000000e+03
cascade_weight_multiplier=4.00000005960464477539e-01
cascade_activation_functions_count=10
cascade_activation_functions=3 5 7 8 10 11 14 15 16 17 
cascade_activation_steepnesses_count=4
cascade_activation_steepnesses=2.50000000000000000000e-01 5.00000000000000000000e-01 7.50000000000000000000e-01 1.00000000000000000000e+00 
layer_sizes=3 9 4 
scale_included=0
neurons (num_inputs, activation_function, activation_steepness)=(0, 0, 0.00000000000000000000e+00) (0, 0, 0.00000000000000000000e+00) (0, 0, 0.00000000000000000000e+00) (3, 3, 5.00000000000000000000e-01) (3, 3, 5.00000000000000000000e-01) (3, 3, 5.00000000000000000000e-01) (3, 3, 5.00000000000000000000e-01) (3, 3, 5.00000000000000000000e-01) (3, 3, 5.00000000000000000000e-01) (3, 3, 5.00000000000000000000e-01) (3, 3, 5.00000000000000000000e-01) (0, 3, 0.00000000000000000000e+00) (9, 0, 5.00000000000000000000e-01) (9, 0, 5.00000000000000000000e-01) (9, 0, 5.00000000000000000000e-01) (0, 0, 0.00000000000000000000e+00) 
connections (connected_to_neuron, weight)=(0, -8.03773212432861328125e+00) (1, 5.84640920162200927734e-01) (2, 1.93605303764343261719e+00) (0, -3.68540916442871093750e+01) (1, -7.17204189300537109375e+00) (2, -7.20698535442352294922e-01) (0, -7.47552537918090820312e+00) (1, 3.14046311378479003906e+00) (2, 1.49386847019195556641e+00) (0, -8.61634159088134765625e+00) (1, 8.80719375610351562500e+00) (2, 7.55564785003662109375e+00) (0, -2.43971967697143554688e+00) (1, -6.10444247722625732422e-01) (2, 5.88459491729736328125e-01) (0, -2.38278198242187500000e+01) (1, 5.23392152786254882812e+00) (2, 4.94595642089843750000e+01) (0, -1.90699076652526855469e+00) (1, -2.60139727592468261719e+00) (2, 4.01543349027633666992e-01) (0, -1.15860195159912109375e+01) (1, 6.47380781173706054688e+00) (2, 7.57745647430419921875e+00) (3, 6.99423372745513916016e-01) (4, 1.46776187419891357422e+00) (5, 1.79286336898803710938e+00) (6, 9.49312329292297363281e-01) (7, 8.72280418872833251953e-01) (8, 7.06837117671966552734e-01) (9, 3.26768493652343750000e+00) (10, 8.24514567852020263672e-01) (11, 4.17386025190353393555e-01) (3, 2.91589736938476562500e+00) (4, 2.78939127922058105469e+00) (5, 3.86113715171813964844e+00) (6, 3.57046508789062500000e+00) (7, 3.00559043884277343750e+00) (8, 2.43813180923461914062e+00) (9, 9.41472244262695312500e+00) (10, 3.45284771919250488281e+00) (11, 2.37975406646728515625e+00) (3, 1.02419843673706054688e+01) (4, 7.76363086700439453125e+00) (5, 1.06336069107055664062e+01) (6, 1.26374940872192382812e+01) (7, 1.02178115844726562500e+01) (8, 1.02530984878540039062e+01) (9, 2.99983348846435546875e+01) (10, 1.11443958282470703125e+01) (11, 1.03357019424438476562e+01) 
