FANN_FLO_2.1
num_layers=3
learning_rate=0.300000
connection_rate=1.000000
network_type=0
learning_momentum=0.000000
training_algorithm=2
train_error_function=1
train_stop_function=0
cascade_output_change_fraction=0.010000
quickprop_decay=-0.000100
quickprop_mu=1.750000
rprop_increase_factor=1.200000
rprop_decrease_factor=0.500000
rprop_delta_min=0.000000
rprop_delta_max=50.000000
rprop_delta_zero=0.100000
cascade_output_stagnation_epochs=12
cascade_candidate_change_fraction=0.010000
cascade_candidate_stagnation_epochs=12
cascade_max_out_epochs=150
cascade_min_out_epochs=50
cascade_max_cand_epochs=150
cascade_min_cand_epochs=50
cascade_num_candidate_groups=2
bit_fail_limit=3.49999994039535522461e-01
cascade_candidate_limit=1.00000000000000000000e+03
cascade_weight_multiplier=4.00000005960464477539e-01
cascade_activation_functions_count=10
cascade_activation_functions=3 5 7 8 10 11 14 15 16 17 
cascade_activation_steepnesses_count=4
cascade_activation_steepnesses=2.50000000000000000000e-01 5.00000000000000000000e-01 7.50000000000000000000e-01 1.00000000000000000000e+00 
layer_sizes=4 9 2 
scale_included=0
neurons (num_inputs, activation_function, activation_steepness)=(0, 0, 0.00000000000000000000e+00) (0, 0, 0.00000000000000000000e+00) (0, 0, 0.00000000000000000000e+00) (0, 0, 0.00000000000000000000e+00) (4, 3, 5.00000000000000000000e-01) (4, 3, 5.00000000000000000000e-01) (4, 3, 5.00000000000000000000e-01) (4, 3, 5.00000000000000000000e-01) (4, 3, 5.00000000000000000000e-01) (4, 3, 5.00000000000000000000e-01) (4, 3, 5.00000000000000000000e-01) (4, 3, 5.00000000000000000000e-01) (0, 3, 0.00000000000000000000e+00) (9, 3, 5.00000000000000000000e-01) (0, 3, 0.00000000000000000000e+00) 
connections (connected_to_neuron, weight)=(0, -2.13200420141220092773e-01) (1, 2.00812201946973800659e-02) (2, -2.99459785223007202148e-01) (3, 4.69454097747802734375e+00) (0, 1.48847387695312500000e+03) (1, 1.49999121093750000000e+03) (2, 1.50000000000000000000e+03) (3, 6.90341114997863769531e-01) (0, -6.57281503081321716309e-02) (1, 8.97310897707939147949e-02) (2, -8.70547831058502197266e-01) (3, 1.48598924279212951660e-01) (0, -6.00279629230499267578e-01) (1, 4.13915544748306274414e-01) (2, -9.25416767597198486328e-01) (3, 2.40046977996826171875e+00) (0, 2.67696112394332885742e-01) (1, -5.23095428943634033203e-01) (2, -1.63466170430183410645e-01) (3, 7.62022212147712707520e-02) (0, -5.08607208728790283203e-01) (1, 2.34644487500190734863e-01) (2, -9.96523141860961914062e-01) (3, 8.47470378875732421875e+00) (0, -4.12322133779525756836e-01) (1, 1.90948545932769775391e-01) (2, -7.85806477069854736328e-01) (3, 4.33246469497680664062e+00) (0, -4.84722733497619628906e-01) (1, 2.66797870397567749023e-01) (2, -7.80888617038726806641e-01) (3, 5.54254961013793945312e+00) (4, -3.82934165000915527344e+00) (5, 3.78753930330276489258e-01) (6, -9.10857856273651123047e-01) (7, -1.54449909925460815430e-01) (8, -1.50000000000000000000e+03) (9, -2.25798383355140686035e-01) (10, -4.35658693313598632812e-01) (11, -3.41022640466690063477e-01) (12, 3.03478419780731201172e-01) 
