FANN_FLO_2.1
num_layers=3
learning_rate=0.450000
connection_rate=1.000000
network_type=0
learning_momentum=0.000000
training_algorithm=2
train_error_function=1
train_stop_function=0
cascade_output_change_fraction=0.010000
quickprop_decay=-0.000100
quickprop_mu=1.750000
rprop_increase_factor=1.200000
rprop_decrease_factor=0.500000
rprop_delta_min=0.000000
rprop_delta_max=50.000000
rprop_delta_zero=0.100000
cascade_output_stagnation_epochs=12
cascade_candidate_change_fraction=0.010000
cascade_candidate_stagnation_epochs=12
cascade_max_out_epochs=150
cascade_min_out_epochs=50
cascade_max_cand_epochs=150
cascade_min_cand_epochs=50
cascade_num_candidate_groups=2
bit_fail_limit=3.49999994039535522461e-01
cascade_candidate_limit=1.00000000000000000000e+03
cascade_weight_multiplier=4.00000005960464477539e-01
cascade_activation_functions_count=10
cascade_activation_functions=3 5 7 8 10 11 14 15 16 17 
cascade_activation_steepnesses_count=4
cascade_activation_steepnesses=2.50000000000000000000e-01 5.00000000000000000000e-01 7.50000000000000000000e-01 1.00000000000000000000e+00 
layer_sizes=7 5 2 
scale_included=0
neurons (num_inputs, activation_function, activation_steepness)=(0, 0, 0.00000000000000000000e+00) (0, 0, 0.00000000000000000000e+00) (0, 0, 0.00000000000000000000e+00) (0, 0, 0.00000000000000000000e+00) (0, 0, 0.00000000000000000000e+00) (0, 0, 0.00000000000000000000e+00) (0, 0, 0.00000000000000000000e+00) (7, 3, 5.00000000000000000000e-01) (7, 3, 5.00000000000000000000e-01) (7, 3, 5.00000000000000000000e-01) (7, 3, 5.00000000000000000000e-01) (0, 3, 0.00000000000000000000e+00) (5, 0, 5.00000000000000000000e-01) (0, 0, 0.00000000000000000000e+00) 
connections (connected_to_neuron, weight)=(0, 1.22525886535644531250e+02) (1, -8.96061401367187500000e+02) (2, -3.88760925292968750000e+02) (3, 3.73774291992187500000e+02) (4, -1.35471545410156250000e+03) (5, -5.75176574707031250000e+02) (6, -7.13621854782104492188e-01) (0, 4.66596038818359375000e+02) (1, -1.04646154785156250000e+03) (2, 4.72280914306640625000e+02) (3, 2.55317199707031250000e+02) (4, -9.93350830078125000000e+02) (5, 5.76397521972656250000e+02) (6, -5.35623013973236083984e-01) (0, 1.14397872924804687500e+02) (1, -4.04912689208984375000e+02) (2, -6.11115531921386718750e+01) (3, 1.26453041076660156250e+02) (4, -1.49285070800781250000e+03) (5, -2.21659591674804687500e+02) (6, -5.56009232997894287109e-01) (0, 1.69886825561523437500e+02) (1, -2.90090820312500000000e+02) (2, -3.52112350463867187500e+01) (3, 4.54083679199218750000e+02) (4, -9.96593994140625000000e+02) (5, 4.88741607666015625000e+02) (6, -7.36713111400604248047e-01) (7, -5.52357472479343414307e-02) (8, 5.55952601134777069092e-02) (9, 5.95944583415985107422e-01) (10, -1.46346474066376686096e-02) (11, 1.52093088254332542419e-02) 
