FANN_FLO_2.1
num_layers=3
learning_rate=0.500000
connection_rate=1.000000
network_type=0
learning_momentum=0.000000
training_algorithm=2
train_error_function=1
train_stop_function=0
cascade_output_change_fraction=0.010000
quickprop_decay=-0.000100
quickprop_mu=1.750000
rprop_increase_factor=1.200000
rprop_decrease_factor=0.500000
rprop_delta_min=0.000000
rprop_delta_max=50.000000
rprop_delta_zero=0.100000
cascade_output_stagnation_epochs=12
cascade_candidate_change_fraction=0.010000
cascade_candidate_stagnation_epochs=12
cascade_max_out_epochs=150
cascade_min_out_epochs=50
cascade_max_cand_epochs=150
cascade_min_cand_epochs=50
cascade_num_candidate_groups=2
bit_fail_limit=3.49999994039535522461e-01
cascade_candidate_limit=1.00000000000000000000e+03
cascade_weight_multiplier=4.00000005960464477539e-01
cascade_activation_functions_count=10
cascade_activation_functions=3 5 7 8 10 11 14 15 16 17 
cascade_activation_steepnesses_count=4
cascade_activation_steepnesses=2.50000000000000000000e-01 5.00000000000000000000e-01 7.50000000000000000000e-01 1.00000000000000000000e+00 
layer_sizes=3 5 4 
scale_included=0
neurons (num_inputs, activation_function, activation_steepness)=(0, 0, 0.00000000000000000000e+00) (0, 0, 0.00000000000000000000e+00) (0, 0, 0.00000000000000000000e+00) (3, 3, 5.00000000000000000000e-01) (3, 3, 5.00000000000000000000e-01) (3, 3, 5.00000000000000000000e-01) (3, 3, 5.00000000000000000000e-01) (0, 3, 0.00000000000000000000e+00) (5, 0, 5.00000000000000000000e-01) (5, 0, 5.00000000000000000000e-01) (5, 0, 5.00000000000000000000e-01) (0, 0, 0.00000000000000000000e+00) 
connections (connected_to_neuron, weight)=(0, -1.48136892318725585938e+01) (1, 1.19725389480590820312e+01) (2, 1.64641304016113281250e+01) (0, -2.78639793395996093750e+00) (1, 1.27010062336921691895e-01) (2, 3.48159313201904296875e-01) (0, -2.16313767433166503906e+00) (1, -2.86000752449035644531e+00) (2, 8.35012376308441162109e-01) (0, -2.07301540374755859375e+01) (1, 1.03644809722900390625e+01) (2, 1.23461132049560546875e+01) (3, 1.24179220199584960938e+00) (4, 4.52524185180664062500e+00) (5, 3.00581622123718261719e+00) (6, 7.72375702857971191406e-01) (7, 1.05928826332092285156e+00) (3, 4.44564294815063476562e+00) (4, 1.16375036239624023438e+01) (5, 8.93653678894042968750e+00) (6, 3.78952622413635253906e+00) (7, 4.16006088256835937500e+00) (3, 1.58183212280273437500e+01) (4, 3.40059776306152343750e+01) (5, 2.99655971527099609375e+01) (6, 1.29882030487060546875e+01) (7, 1.81685256958007812500e+01) 
