FANN_FLO_2.1
num_layers=3
learning_rate=0.500000
connection_rate=1.000000
network_type=0
learning_momentum=0.000000
training_algorithm=2
train_error_function=1
train_stop_function=0
cascade_output_change_fraction=0.010000
quickprop_decay=-0.000100
quickprop_mu=1.750000
rprop_increase_factor=1.200000
rprop_decrease_factor=0.500000
rprop_delta_min=0.000000
rprop_delta_max=50.000000
rprop_delta_zero=0.100000
cascade_output_stagnation_epochs=12
cascade_candidate_change_fraction=0.010000
cascade_candidate_stagnation_epochs=12
cascade_max_out_epochs=150
cascade_min_out_epochs=50
cascade_max_cand_epochs=150
cascade_min_cand_epochs=50
cascade_num_candidate_groups=2
bit_fail_limit=3.49999994039535522461e-01
cascade_candidate_limit=1.00000000000000000000e+03
cascade_weight_multiplier=4.00000005960464477539e-01
cascade_activation_functions_count=10
cascade_activation_functions=3 5 7 8 10 11 14 15 16 17 
cascade_activation_steepnesses_count=4
cascade_activation_steepnesses=2.50000000000000000000e-01 5.00000000000000000000e-01 7.50000000000000000000e-01 1.00000000000000000000e+00 
layer_sizes=18 3 2 
scale_included=0
neurons (num_inputs, activation_function, activation_steepness)=(0, 0, 0.00000000000000000000e+00) (0, 0, 0.00000000000000000000e+00) (0, 0, 0.00000000000000000000e+00) (0, 0, 0.00000000000000000000e+00) (0, 0, 0.00000000000000000000e+00) (0, 0, 0.00000000000000000000e+00) (0, 0, 0.00000000000000000000e+00) (0, 0, 0.00000000000000000000e+00) (0, 0, 0.00000000000000000000e+00) (0, 0, 0.00000000000000000000e+00) (0, 0, 0.00000000000000000000e+00) (0, 0, 0.00000000000000000000e+00) (0, 0, 0.00000000000000000000e+00) (0, 0, 0.00000000000000000000e+00) (0, 0, 0.00000000000000000000e+00) (0, 0, 0.00000000000000000000e+00) (0, 0, 0.00000000000000000000e+00) (0, 0, 0.00000000000000000000e+00) (18, 3, 5.00000000000000000000e-01) (18, 3, 5.00000000000000000000e-01) (0, 3, 0.00000000000000000000e+00) (3, 0, 5.00000000000000000000e-01) (0, 0, 0.00000000000000000000e+00) 
connections (connected_to_neuron, weight)=(0, 6.59838080406188964844e-01) (1, 6.82011127471923828125e-01) (2, 6.35888755321502685547e-01) (3, 6.12403690814971923828e-01) (4, 6.68810606002807617188e-01) (5, -1.12987232208251953125e+00) (6, -1.28299701213836669922e+00) (7, -1.31799471378326416016e+00) (8, -1.97382792830467224121e-01) (9, 8.44038844108581542969e-01) (10, 7.23997533321380615234e-01) (11, 8.46400737762451171875e-01) (12, 5.49773275852203369141e-01) (13, 7.97435939311981201172e-01) (14, 9.22235906124114990234e-01) (15, 1.00209760665893554688e+00) (16, 7.86658108234405517578e-01) (17, -2.74762058258056640625e+00) (0, 9.82073605060577392578e-01) (1, 7.08284020423889160156e-01) (2, 9.09486949443817138672e-01) (3, 1.00996184349060058594e+00) (4, 6.37373387813568115234e-01) (5, -7.77694210410118103027e-02) (6, -1.21963880956172943115e-01) (7, -1.62728324532508850098e-01) (8, 1.91203385591506958008e-01) (9, 7.90043354034423828125e-01) (10, 5.51252186298370361328e-01) (11, 7.85081744194030761719e-01) (12, 1.01982569694519042969e+00) (13, 6.36404573917388916016e-01) (14, 3.69113534688949584961e-01) (15, 3.18772941827774047852e-01) (16, 6.63527965545654296875e-01) (17, -3.47182154655456542969e+00) (18, 7.61853027343750000000e+00) (19, 5.42117309570312500000e+00) (20, 1.95455133914947509766e+00) 
