FANN_FLO_2.1
num_layers=4
learning_rate=0.500000
connection_rate=1.000000
network_type=0
learning_momentum=0.000000
training_algorithm=2
train_error_function=1
train_stop_function=0
cascade_output_change_fraction=0.010000
quickprop_decay=-0.000100
quickprop_mu=1.750000
rprop_increase_factor=1.200000
rprop_decrease_factor=0.500000
rprop_delta_min=0.000000
rprop_delta_max=50.000000
rprop_delta_zero=0.100000
cascade_output_stagnation_epochs=12
cascade_candidate_change_fraction=0.010000
cascade_candidate_stagnation_epochs=12
cascade_max_out_epochs=150
cascade_min_out_epochs=50
cascade_max_cand_epochs=150
cascade_min_cand_epochs=50
cascade_num_candidate_groups=2
bit_fail_limit=3.49999994039535522461e-01
cascade_candidate_limit=1.00000000000000000000e+03
cascade_weight_multiplier=4.00000005960464477539e-01
cascade_activation_functions_count=10
cascade_activation_functions=3 5 7 8 10 11 14 15 16 17 
cascade_activation_steepnesses_count=4
cascade_activation_steepnesses=2.50000000000000000000e-01 5.00000000000000000000e-01 7.50000000000000000000e-01 1.00000000000000000000e+00 
layer_sizes=4 5 5 2 
scale_included=0
neurons (num_inputs, activation_function, activation_steepness)=(0, 0, 0.00000000000000000000e+00) (0, 0, 0.00000000000000000000e+00) (0, 0, 0.00000000000000000000e+00) (0, 0, 0.00000000000000000000e+00) (4, 3, 5.00000000000000000000e-01) (4, 3, 5.00000000000000000000e-01) (4, 3, 5.00000000000000000000e-01) (4, 3, 5.00000000000000000000e-01) (0, 3, 0.00000000000000000000e+00) (5, 3, 5.00000000000000000000e-01) (5, 3, 5.00000000000000000000e-01) (5, 3, 5.00000000000000000000e-01) (5, 3, 5.00000000000000000000e-01) (0, 3, 0.00000000000000000000e+00) (5, 3, 5.00000000000000000000e-01) (0, 3, 0.00000000000000000000e+00) 
connections (connected_to_neuron, weight)=(0, -5.86424827575683593750e+00) (1, -3.89891576766967773438e+00) (2, -1.59968614578247070312e+00) (3, 5.15104341506958007812e+00) (0, 3.54699063301086425781e+00) (1, 5.04583787918090820312e+00) (2, 1.62308561801910400391e+00) (3, -3.45474791526794433594e+00) (0, 8.26754455566406250000e+02) (1, 1.39606170654296875000e+01) (2, 7.06049865722656250000e+02) (3, 1.43565731048583984375e+01) (0, -8.58681774139404296875e+00) (1, -1.41537256240844726562e+01) (2, 3.18902611732482910156e+00) (3, 3.46633100509643554688e+00) (4, 3.61569023132324218750e+01) (5, -1.23353080749511718750e+01) (6, -2.25887751579284667969e+00) (7, -2.67422866821289062500e+01) (8, -3.49968075752258300781e-01) (4, 5.11607055664062500000e+01) (5, -8.35676288604736328125e+00) (6, -3.10030579566955566406e+00) (7, 1.85699691772460937500e+01) (8, -8.54949802160263061523e-02) (4, 3.70779228210449218750e+01) (5, -1.26973838806152343750e+01) (6, -2.31426310539245605469e+00) (7, -2.74254703521728515625e+01) (8, -3.22618216276168823242e-01) (4, 3.63983497619628906250e+01) (5, -1.30549726486206054688e+01) (6, -1.92223727703094482422e+00) (7, -2.88503742218017578125e+01) (8, -1.64848387241363525391e-01) (9, -2.18296027183532714844e+00) (10, 3.31823527812957763672e-01) (11, -1.48784577846527099609e+00) (12, -8.73064935207366943359e-01) (13, 1.97601795196533203125e+00) 
