FANN_FLO_2.1
num_layers=4
learning_rate=0.300000
connection_rate=1.000000
network_type=0
learning_momentum=0.000000
training_algorithm=2
train_error_function=1
train_stop_function=0
cascade_output_change_fraction=0.010000
quickprop_decay=-0.000100
quickprop_mu=1.750000
rprop_increase_factor=1.200000
rprop_decrease_factor=0.500000
rprop_delta_min=0.000000
rprop_delta_max=50.000000
rprop_delta_zero=0.100000
cascade_output_stagnation_epochs=12
cascade_candidate_change_fraction=0.010000
cascade_candidate_stagnation_epochs=12
cascade_max_out_epochs=150
cascade_min_out_epochs=50
cascade_max_cand_epochs=150
cascade_min_cand_epochs=50
cascade_num_candidate_groups=2
bit_fail_limit=3.49999994039535522461e-01
cascade_candidate_limit=1.00000000000000000000e+03
cascade_weight_multiplier=4.00000005960464477539e-01
cascade_activation_functions_count=10
cascade_activation_functions=3 5 7 8 10 11 14 15 16 17 
cascade_activation_steepnesses_count=4
cascade_activation_steepnesses=2.50000000000000000000e-01 5.00000000000000000000e-01 7.50000000000000000000e-01 1.00000000000000000000e+00 
layer_sizes=2 5 3 3 
scale_included=0
neurons (num_inputs, activation_function, activation_steepness)=(0, 0, 0.00000000000000000000e+00) (0, 0, 0.00000000000000000000e+00) (2, 3, 5.00000000000000000000e-01) (2, 3, 5.00000000000000000000e-01) (2, 3, 5.00000000000000000000e-01) (2, 3, 5.00000000000000000000e-01) (0, 3, 0.00000000000000000000e+00) (5, 3, 5.00000000000000000000e-01) (5, 3, 5.00000000000000000000e-01) (0, 3, 0.00000000000000000000e+00) (3, 0, 5.00000000000000000000e-01) (3, 0, 5.00000000000000000000e-01) (0, 0, 0.00000000000000000000e+00) 
connections (connected_to_neuron, weight)=(0, -3.03088903427124023438e+00) (1, -5.28554296493530273438e+00) (0, -4.19070281982421875000e+01) (1, -1.14473857879638671875e+01) (0, -3.09689712524414062500e+00) (1, -5.37869596481323242188e+00) (0, -3.68360066413879394531e+00) (1, -5.93512868881225585938e+00) (2, 1.47123530507087707520e-01) (3, 2.46948242187500000000e+00) (4, 2.55130320787429809570e-01) (5, 1.59023249149322509766e+00) (6, 3.67673248052597045898e-01) (2, 2.02374243736267089844e+00) (3, -1.25414657592773437500e+00) (4, 2.40494441986083984375e+00) (5, 4.62159585952758789062e+00) (6, -6.77163600921630859375e-01) (7, -1.89266383647918701172e-01) (8, 3.91064494848251342773e-01) (9, -3.89728732407093048096e-02) (7, -7.27260828018188476562e-01) (8, -9.17195200920104980469e-01) (9, -6.14336729049682617188e-01) 
