FANN_FLO_2.1
num_layers=4
learning_rate=0.450000
connection_rate=1.000000
network_type=0
learning_momentum=0.000000
training_algorithm=2
train_error_function=1
train_stop_function=0
cascade_output_change_fraction=0.010000
quickprop_decay=-0.000100
quickprop_mu=1.750000
rprop_increase_factor=1.200000
rprop_decrease_factor=0.500000
rprop_delta_min=0.000000
rprop_delta_max=50.000000
rprop_delta_zero=0.100000
cascade_output_stagnation_epochs=12
cascade_candidate_change_fraction=0.010000
cascade_candidate_stagnation_epochs=12
cascade_max_out_epochs=150
cascade_min_out_epochs=50
cascade_max_cand_epochs=150
cascade_min_cand_epochs=50
cascade_num_candidate_groups=2
bit_fail_limit=3.49999994039535522461e-01
cascade_candidate_limit=1.00000000000000000000e+03
cascade_weight_multiplier=4.00000005960464477539e-01
cascade_activation_functions_count=10
cascade_activation_functions=3 5 7 8 10 11 14 15 16 17 
cascade_activation_steepnesses_count=4
cascade_activation_steepnesses=2.50000000000000000000e-01 5.00000000000000000000e-01 7.50000000000000000000e-01 1.00000000000000000000e+00 
layer_sizes=7 5 3 2 
scale_included=0
neurons (num_inputs, activation_function, activation_steepness)=(0, 0, 0.00000000000000000000e+00) (0, 0, 0.00000000000000000000e+00) (0, 0, 0.00000000000000000000e+00) (0, 0, 0.00000000000000000000e+00) (0, 0, 0.00000000000000000000e+00) (0, 0, 0.00000000000000000000e+00) (0, 0, 0.00000000000000000000e+00) (7, 3, 5.00000000000000000000e-01) (7, 3, 5.00000000000000000000e-01) (7, 3, 5.00000000000000000000e-01) (7, 3, 5.00000000000000000000e-01) (0, 3, 0.00000000000000000000e+00) (5, 3, 5.00000000000000000000e-01) (5, 3, 5.00000000000000000000e-01) (0, 3, 0.00000000000000000000e+00) (3, 0, 5.00000000000000000000e-01) (0, 0, 0.00000000000000000000e+00) 
connections (connected_to_neuron, weight)=(0, 1.67837545275688171387e-01) (1, 2.86434888839721679688e-01) (2, -4.12656694650650024414e-01) (3, 1.42023548483848571777e-01) (4, 2.57085084915161132812e-01) (5, -5.32718479633331298828e-01) (6, 1.74730074405670166016e+00) (0, 2.99954831600189208984e-01) (1, 4.66631382703781127930e-01) (2, -4.23330664634704589844e-01) (3, 1.03979669511318206787e-01) (4, 2.04229116439819335938e-01) (5, -7.77626931667327880859e-01) (6, 2.88284838199615478516e-01) (0, -2.14684214442968368530e-02) (1, 4.92213845252990722656e-01) (2, -7.53247559070587158203e-01) (3, 1.03404976427555084229e-01) (4, 2.56956785917282104492e-01) (5, 8.63303896039724349976e-03) (6, 2.99772888422012329102e-01) (0, -2.37031187862157821655e-02) (1, 2.33326151967048645020e-01) (2, -4.62022721767425537109e-02) (3, -7.93116092681884765625e-02) (4, 3.28682482242584228516e-01) (5, -3.08465123176574707031e-01) (6, -1.75302839279174804688e+00) (7, -6.00697159767150878906e-01) (8, -8.32423305511474609375e+00) (9, -7.64442300796508789062e+00) (10, -5.64640998840332031250e-01) (11, 3.17236495018005371094e+00) (7, 1.86229205131530761719e+00) (8, -2.20226936340332031250e+01) (9, -1.20359373092651367188e+00) (10, 1.46382117271423339844e+00) (11, 1.97427997589111328125e+01) (12, 7.86339330673217773438e+00) (13, -1.15309573709964752197e-01) (14, 6.59187585115432739258e-02) 
