FANN_FLO_2.1
num_layers=4
learning_rate=0.450000
connection_rate=1.000000
network_type=0
learning_momentum=0.000000
training_algorithm=2
train_error_function=1
train_stop_function=0
cascade_output_change_fraction=0.010000
quickprop_decay=-0.000100
quickprop_mu=1.750000
rprop_increase_factor=1.200000
rprop_decrease_factor=0.500000
rprop_delta_min=0.000000
rprop_delta_max=50.000000
rprop_delta_zero=0.100000
cascade_output_stagnation_epochs=12
cascade_candidate_change_fraction=0.010000
cascade_candidate_stagnation_epochs=12
cascade_max_out_epochs=150
cascade_min_out_epochs=50
cascade_max_cand_epochs=150
cascade_min_cand_epochs=50
cascade_num_candidate_groups=2
bit_fail_limit=3.49999994039535522461e-01
cascade_candidate_limit=1.00000000000000000000e+03
cascade_weight_multiplier=4.00000005960464477539e-01
cascade_activation_functions_count=10
cascade_activation_functions=3 5 7 8 10 11 14 15 16 17 
cascade_activation_steepnesses_count=4
cascade_activation_steepnesses=2.50000000000000000000e-01 5.00000000000000000000e-01 7.50000000000000000000e-01 1.00000000000000000000e+00 
layer_sizes=7 5 3 2 
scale_included=0
neurons (num_inputs, activation_function, activation_steepness)=(0, 0, 0.00000000000000000000e+00) (0, 0, 0.00000000000000000000e+00) (0, 0, 0.00000000000000000000e+00) (0, 0, 0.00000000000000000000e+00) (0, 0, 0.00000000000000000000e+00) (0, 0, 0.00000000000000000000e+00) (0, 0, 0.00000000000000000000e+00) (7, 3, 5.00000000000000000000e-01) (7, 3, 5.00000000000000000000e-01) (7, 3, 5.00000000000000000000e-01) (7, 3, 5.00000000000000000000e-01) (0, 3, 0.00000000000000000000e+00) (5, 3, 5.00000000000000000000e-01) (5, 3, 5.00000000000000000000e-01) (0, 3, 0.00000000000000000000e+00) (3, 0, 5.00000000000000000000e-01) (0, 0, 0.00000000000000000000e+00) 
connections (connected_to_neuron, weight)=(0, -1.45141601562500000000e-01) (1, -9.25395131111145019531e-01) (2, -8.57576370239257812500e-01) (3, 7.92659580707550048828e-01) (4, 7.65058636665344238281e-01) (5, -1.92881911993026733398e-01) (6, 1.22856926918029785156e+00) (0, -5.68833435058593750000e+02) (1, 8.35443237304687500000e+02) (2, 3.31401252746582031250e+01) (3, -6.90925476074218750000e+02) (4, -3.46061340332031250000e+02) (5, -3.46061340332031250000e+02) (6, 2.30575704574584960938e+00) (0, 1.74999570846557617188e+00) (1, -2.99317336082458496094e+00) (2, -9.16749382019042968750e+00) (3, 2.58088183403015136719e+00) (4, 2.18920803070068359375e+00) (5, 1.56006789207458496094e+00) (6, 2.92131209373474121094e+00) (0, 2.83383464813232421875e+00) (1, -4.07600831985473632812e+00) (2, -4.58142662048339843750e+00) (3, 2.42042469978332519531e+00) (4, 1.56788408756256103516e+00) (5, -1.60999596118927001953e+00) (6, 1.55544929504394531250e+01) (7, -6.14825010299682617188e+00) (8, 9.85687255859375000000e+00) (9, 1.48004693984985351562e+01) (10, 5.83126258850097656250e+00) (11, -3.99039697647094726562e+00) (7, -1.38862121105194091797e+00) (8, -1.17410278320312500000e+00) (9, 6.79109454154968261719e-01) (10, -1.20335054397583007812e+00) (11, -3.00434976816177368164e-01) (12, -2.81149856746196746826e-02) (13, -1.08942255377769470215e-01) (14, 5.31748123466968536377e-02) 
