FANN_FLO_2.1
num_layers=3
learning_rate=0.500000
connection_rate=1.000000
network_type=0
learning_momentum=0.000000
training_algorithm=2
train_error_function=1
train_stop_function=0
cascade_output_change_fraction=0.010000
quickprop_decay=-0.000100
quickprop_mu=1.750000
rprop_increase_factor=1.200000
rprop_decrease_factor=0.500000
rprop_delta_min=0.000000
rprop_delta_max=50.000000
rprop_delta_zero=0.100000
cascade_output_stagnation_epochs=12
cascade_candidate_change_fraction=0.010000
cascade_candidate_stagnation_epochs=12
cascade_max_out_epochs=150
cascade_min_out_epochs=50
cascade_max_cand_epochs=150
cascade_min_cand_epochs=50
cascade_num_candidate_groups=2
bit_fail_limit=3.49999994039535522461e-01
cascade_candidate_limit=1.00000000000000000000e+03
cascade_weight_multiplier=4.00000005960464477539e-01
cascade_activation_functions_count=10
cascade_activation_functions=3 5 7 8 10 11 14 15 16 17 
cascade_activation_steepnesses_count=4
cascade_activation_steepnesses=2.50000000000000000000e-01 5.00000000000000000000e-01 7.50000000000000000000e-01 1.00000000000000000000e+00 
layer_sizes=7 9 2 
scale_included=0
neurons (num_inputs, activation_function, activation_steepness)=(0, 0, 0.00000000000000000000e+00) (0, 0, 0.00000000000000000000e+00) (0, 0, 0.00000000000000000000e+00) (0, 0, 0.00000000000000000000e+00) (0, 0, 0.00000000000000000000e+00) (0, 0, 0.00000000000000000000e+00) (0, 0, 0.00000000000000000000e+00) (7, 3, 5.00000000000000000000e-01) (7, 3, 5.00000000000000000000e-01) (7, 3, 5.00000000000000000000e-01) (7, 3, 5.00000000000000000000e-01) (7, 3, 5.00000000000000000000e-01) (7, 3, 5.00000000000000000000e-01) (7, 3, 5.00000000000000000000e-01) (7, 3, 5.00000000000000000000e-01) (0, 3, 0.00000000000000000000e+00) (9, 0, 5.00000000000000000000e-01) (0, 0, 0.00000000000000000000e+00) 
connections (connected_to_neuron, weight)=(0, 3.68218874931335449219e+00) (1, 3.76273721456527709961e-01) (2, -3.30942440032958984375e+00) (3, 8.37372601032257080078e-01) (4, 3.09419214725494384766e-01) (5, 3.16951185464859008789e-01) (6, -1.35820060968399047852e-01) (0, -5.96514940261840820312e-01) (1, 3.70219558477401733398e-01) (2, 4.99411590576171875000e+02) (3, 2.37045124173164367676e-01) (4, 3.38849037885665893555e-01) (5, 1.92410826683044433594e+00) (6, 4.87439632415771484375e-01) (0, -1.41790950298309326172e+00) (1, -5.44151186943054199219e-01) (2, 2.24042892456054687500e+00) (3, -7.71204411983489990234e-01) (4, -3.40040922164916992188e-01) (5, 9.71661567687988281250e-01) (6, 1.63327395915985107422e-01) (0, 2.31384828686714172363e-01) (1, 3.39397102594375610352e-01) (2, -5.89033365249633789062e-01) (3, 1.26517280936241149902e-01) (4, 4.03048604726791381836e-01) (5, -5.45853197574615478516e-01) (6, 4.32596623897552490234e-01) (0, 1.89555418491363525391e+00) (1, -1.56050360202789306641e+00) (2, -1.03832321166992187500e+01) (3, -1.36162364482879638672e+00) (4, -1.60507559776306152344e+00) (5, -2.22851443290710449219e+00) (6, -4.49244648218154907227e-01) (0, -4.04120697021484375000e+02) (1, -1.03523788452148437500e+01) (2, 4.13523895263671875000e+02) (3, -5.10894393920898437500e+00) (4, -1.12371559143066406250e+01) (5, 3.38325500488281250000e+01) (6, -1.26026372909545898438e+01) (0, -6.85911178588867187500e-01) (1, 1.78330585360527038574e-01) (2, 2.21266670227050781250e+01) (3, 1.72456800937652587891e-01) (4, 2.67212420701980590820e-01) (5, 1.11450827121734619141e+00) (6, 9.01177597045898437500e+00) (0, -1.03578746318817138672e+00) (1, -2.93634033203125000000e+00) (2, 3.79491686820983886719e+00) (3, -2.50999188423156738281e+00) (4, -2.84415364265441894531e+00) (5, 5.60821437835693359375e+00) (6, -9.42972838878631591797e-01) (7, 3.13171774148941040039e-01) (8, -7.69898667931556701660e-02) (9, -1.03545542806386947632e-02) (10, -9.34753119945526123047e-02) (11, -5.23840446472167968750e+01) (12, -3.45059265136718750000e+02) (13, -4.51522506773471832275e-02) (14, -5.48634864389896392822e-02) (15, -8.99442583322525024414e-02) 
