FANN_FLO_2.1
num_layers=3
learning_rate=0.500000
connection_rate=1.000000
network_type=0
learning_momentum=0.000000
training_algorithm=2
train_error_function=1
train_stop_function=0
cascade_output_change_fraction=0.010000
quickprop_decay=-0.000100
quickprop_mu=1.750000
rprop_increase_factor=1.200000
rprop_decrease_factor=0.500000
rprop_delta_min=0.000000
rprop_delta_max=50.000000
rprop_delta_zero=0.100000
cascade_output_stagnation_epochs=12
cascade_candidate_change_fraction=0.010000
cascade_candidate_stagnation_epochs=12
cascade_max_out_epochs=150
cascade_min_out_epochs=50
cascade_max_cand_epochs=150
cascade_min_cand_epochs=50
cascade_num_candidate_groups=2
bit_fail_limit=3.49999994039535522461e-01
cascade_candidate_limit=1.00000000000000000000e+03
cascade_weight_multiplier=4.00000005960464477539e-01
cascade_activation_functions_count=10
cascade_activation_functions=3 5 7 8 10 11 14 15 16 17 
cascade_activation_steepnesses_count=4
cascade_activation_steepnesses=2.50000000000000000000e-01 5.00000000000000000000e-01 7.50000000000000000000e-01 1.00000000000000000000e+00 
layer_sizes=10 5 2 
scale_included=0
neurons (num_inputs, activation_function, activation_steepness)=(0, 0, 0.00000000000000000000e+00) (0, 0, 0.00000000000000000000e+00) (0, 0, 0.00000000000000000000e+00) (0, 0, 0.00000000000000000000e+00) (0, 0, 0.00000000000000000000e+00) (0, 0, 0.00000000000000000000e+00) (0, 0, 0.00000000000000000000e+00) (0, 0, 0.00000000000000000000e+00) (0, 0, 0.00000000000000000000e+00) (0, 0, 0.00000000000000000000e+00) (10, 3, 5.00000000000000000000e-01) (10, 3, 5.00000000000000000000e-01) (10, 3, 5.00000000000000000000e-01) (10, 3, 5.00000000000000000000e-01) (0, 3, 0.00000000000000000000e+00) (5, 3, 5.00000000000000000000e-01) (0, 3, 0.00000000000000000000e+00) 
connections (connected_to_neuron, weight)=(0, -7.36744880676269531250e-01) (1, -2.07868784666061401367e-01) (2, -6.49682998657226562500e-01) (3, 4.24762815237045288086e-01) (4, 5.10838568210601806641e-01) (5, -2.09203109145164489746e-01) (6, -7.18804657459259033203e-01) (7, -5.17895184457302093506e-02) (8, -9.63624656200408935547e-01) (9, 2.86436289548873901367e-01) (0, 6.35264635086059570312e-01) (1, -4.89688992500305175781e-01) (2, 6.17816865444183349609e-01) (3, 6.26744404435157775879e-02) (4, 8.77381682395935058594e-01) (5, -9.50730562210083007812e-01) (6, 5.31721591949462890625e-01) (7, 4.19849246740341186523e-01) (8, 4.89801883697509765625e-01) (9, 2.57816731929779052734e-01) (0, -1.54786817729473114014e-02) (1, -6.71439051628112792969e-01) (2, -1.43726497888565063477e-01) (3, -5.99175095558166503906e-01) (4, -1.51611268520355224609e-01) (5, -7.22172558307647705078e-01) (6, -2.29148194193840026855e-01) (7, -4.83904838562011718750e-01) (8, 7.79434666037559509277e-02) (9, 5.08438646793365478516e-01) (0, -1.07816420495510101318e-02) (1, -5.66958248615264892578e-01) (2, -9.67022962868213653564e-03) (3, -7.19867289066314697266e-01) (4, -5.34902095794677734375e-01) (5, -7.13931858539581298828e-01) (6, -2.82996539026498794556e-02) (7, -3.64045768976211547852e-01) (8, 7.97278955578804016113e-02) (9, 5.27558088302612304688e-01) (10, -2.00397419929504394531e+00) (11, 1.48408865928649902344e+00) (12, -4.01397079229354858398e-01) (13, -3.80724835395812988281e+00) (14, 5.78849136829376220703e-01) 
