FANN_FLO_2.1
num_layers=3
learning_rate=0.500000
connection_rate=1.000000
network_type=0
learning_momentum=0.000000
training_algorithm=2
train_error_function=1
train_stop_function=0
cascade_output_change_fraction=0.010000
quickprop_decay=-0.000100
quickprop_mu=1.750000
rprop_increase_factor=1.200000
rprop_decrease_factor=0.500000
rprop_delta_min=0.000000
rprop_delta_max=50.000000
rprop_delta_zero=0.100000
cascade_output_stagnation_epochs=12
cascade_candidate_change_fraction=0.010000
cascade_candidate_stagnation_epochs=12
cascade_max_out_epochs=150
cascade_min_out_epochs=50
cascade_max_cand_epochs=150
cascade_min_cand_epochs=50
cascade_num_candidate_groups=2
bit_fail_limit=3.49999994039535522461e-01
cascade_candidate_limit=1.00000000000000000000e+03
cascade_weight_multiplier=4.00000005960464477539e-01
cascade_activation_functions_count=10
cascade_activation_functions=3 5 7 8 10 11 14 15 16 17 
cascade_activation_steepnesses_count=4
cascade_activation_steepnesses=2.50000000000000000000e-01 5.00000000000000000000e-01 7.50000000000000000000e-01 1.00000000000000000000e+00 
layer_sizes=7 5 2 
scale_included=0
neurons (num_inputs, activation_function, activation_steepness)=(0, 0, 0.00000000000000000000e+00) (0, 0, 0.00000000000000000000e+00) (0, 0, 0.00000000000000000000e+00) (0, 0, 0.00000000000000000000e+00) (0, 0, 0.00000000000000000000e+00) (0, 0, 0.00000000000000000000e+00) (0, 0, 0.00000000000000000000e+00) (7, 3, 5.00000000000000000000e-01) (7, 3, 5.00000000000000000000e-01) (7, 3, 5.00000000000000000000e-01) (7, 3, 5.00000000000000000000e-01) (0, 3, 0.00000000000000000000e+00) (5, 0, 5.00000000000000000000e-01) (0, 0, 0.00000000000000000000e+00) 
connections (connected_to_neuron, weight)=(0, 1.20014660060405731201e-02) (1, -1.43902897834777832031e-01) (2, 1.90147489309310913086e-01) (3, -2.41090118885040283203e-01) (4, -6.50742053985595703125e-02) (5, 3.33242356777191162109e-01) (6, -1.47639036178588867188e+00) (0, -2.42357403039932250977e-01) (1, -1.13538624718785285950e-02) (2, 3.24360042810440063477e-01) (3, -2.96448856592178344727e-01) (4, -5.52234537899494171143e-02) (5, 3.80220860242843627930e-01) (6, -1.67195069789886474609e+00) (0, -2.19681710004806518555e-02) (1, -2.38965854048728942871e-01) (2, 3.07109147310256958008e-01) (3, -2.25941441021859645844e-03) (4, -6.11577965319156646729e-02) (5, 1.26269832253456115723e-01) (6, -8.82730603218078613281e-01) (0, -1.50000000000000000000e+03) (1, -5.66259536743164062500e+01) (2, -1.39208038330078125000e+02) (3, -1.29851353168487548828e+00) (4, -7.88118835449218750000e+02) (5, -1.56417236328125000000e+01) (6, -6.44106328487396240234e-01) (7, 9.90971148014068603516e-01) (8, -1.04349374771118164062e+00) (9, -1.86136692762374877930e-01) (10, 1.50000000000000000000e+03) (11, 1.72653216868638992310e-02) 
