FANN_FLO_2.1
num_layers=4
learning_rate=0.500000
connection_rate=1.000000
network_type=0
learning_momentum=0.000000
training_algorithm=2
train_error_function=1
train_stop_function=0
cascade_output_change_fraction=0.010000
quickprop_decay=-0.000100
quickprop_mu=1.750000
rprop_increase_factor=1.200000
rprop_decrease_factor=0.500000
rprop_delta_min=0.000000
rprop_delta_max=50.000000
rprop_delta_zero=0.100000
cascade_output_stagnation_epochs=12
cascade_candidate_change_fraction=0.010000
cascade_candidate_stagnation_epochs=12
cascade_max_out_epochs=150
cascade_min_out_epochs=50
cascade_max_cand_epochs=150
cascade_min_cand_epochs=50
cascade_num_candidate_groups=2
bit_fail_limit=3.49999994039535522461e-01
cascade_candidate_limit=1.00000000000000000000e+03
cascade_weight_multiplier=4.00000005960464477539e-01
cascade_activation_functions_count=10
cascade_activation_functions=3 5 7 8 10 11 14 15 16 17 
cascade_activation_steepnesses_count=4
cascade_activation_steepnesses=2.50000000000000000000e-01 5.00000000000000000000e-01 7.50000000000000000000e-01 1.00000000000000000000e+00 
layer_sizes=4 5 3 2 
scale_included=0
neurons (num_inputs, activation_function, activation_steepness)=(0, 0, 0.00000000000000000000e+00) (0, 0, 0.00000000000000000000e+00) (0, 0, 0.00000000000000000000e+00) (0, 0, 0.00000000000000000000e+00) (4, 3, 5.00000000000000000000e-01) (4, 3, 5.00000000000000000000e-01) (4, 3, 5.00000000000000000000e-01) (4, 3, 5.00000000000000000000e-01) (0, 3, 0.00000000000000000000e+00) (5, 3, 5.00000000000000000000e-01) (5, 3, 5.00000000000000000000e-01) (0, 3, 0.00000000000000000000e+00) (3, 3, 5.00000000000000000000e-01) (0, 3, 0.00000000000000000000e+00) 
connections (connected_to_neuron, weight)=(0, -1.50000000000000000000e+03) (1, -2.40245498657226562500e+02) (2, -1.50000000000000000000e+03) (3, -7.20661401748657226562e-01) (0, -6.20477867126464843750e+00) (1, -7.56299877166748046875e+00) (2, 2.27627009153366088867e-01) (3, 4.99550819396972656250e+00) (0, -4.90065526962280273438e+00) (1, -4.73107528686523437500e+00) (2, -3.80810141563415527344e+00) (3, 4.64672422409057617188e+00) (0, -1.50000000000000000000e+03) (1, -5.82451721191406250000e+02) (2, -1.50000000000000000000e+03) (3, -2.43576145172119140625e+00) (4, 4.62369628906250000000e+02) (5, 2.51642951965332031250e+01) (6, 1.17662448883056640625e+01) (7, 5.53727233886718750000e+02) (8, -6.25432729721069335938e+00) (4, 8.00657844543457031250e+00) (5, 4.09365701675415039062e+00) (6, -7.56530904769897460938e+00) (7, -1.55382871627807617188e+01) (8, 3.33972215652465820312e-01) (9, -4.25708198547363281250e+00) (10, 5.81261336803436279297e-01) (11, 1.94602847099304199219e+00) 
