FANN_FLO_2.1
num_layers=3
learning_rate=0.300000
connection_rate=1.000000
network_type=0
learning_momentum=0.000000
training_algorithm=2
train_error_function=1
train_stop_function=0
cascade_output_change_fraction=0.010000
quickprop_decay=-0.000100
quickprop_mu=1.750000
rprop_increase_factor=1.200000
rprop_decrease_factor=0.500000
rprop_delta_min=0.000000
rprop_delta_max=50.000000
rprop_delta_zero=0.100000
cascade_output_stagnation_epochs=12
cascade_candidate_change_fraction=0.010000
cascade_candidate_stagnation_epochs=12
cascade_max_out_epochs=150
cascade_min_out_epochs=50
cascade_max_cand_epochs=150
cascade_min_cand_epochs=50
cascade_num_candidate_groups=2
bit_fail_limit=3.49999994039535522461e-01
cascade_candidate_limit=1.00000000000000000000e+03
cascade_weight_multiplier=4.00000005960464477539e-01
cascade_activation_functions_count=10
cascade_activation_functions=3 5 7 8 10 11 14 15 16 17 
cascade_activation_steepnesses_count=4
cascade_activation_steepnesses=2.50000000000000000000e-01 5.00000000000000000000e-01 7.50000000000000000000e-01 1.00000000000000000000e+00 
layer_sizes=4 9 2 
scale_included=0
neurons (num_inputs, activation_function, activation_steepness)=(0, 0, 0.00000000000000000000e+00) (0, 0, 0.00000000000000000000e+00) (0, 0, 0.00000000000000000000e+00) (0, 0, 0.00000000000000000000e+00) (4, 3, 5.00000000000000000000e-01) (4, 3, 5.00000000000000000000e-01) (4, 3, 5.00000000000000000000e-01) (4, 3, 5.00000000000000000000e-01) (4, 3, 5.00000000000000000000e-01) (4, 3, 5.00000000000000000000e-01) (4, 3, 5.00000000000000000000e-01) (4, 3, 5.00000000000000000000e-01) (0, 3, 0.00000000000000000000e+00) (9, 3, 5.00000000000000000000e-01) (0, 3, 0.00000000000000000000e+00) 
connections (connected_to_neuron, weight)=(0, 1.50000000000000000000e+03) (1, 1.50000000000000000000e+03) (2, 1.50000000000000000000e+03) (3, 5.83471298217773437500e-01) (0, 1.50000000000000000000e+03) (1, 6.88281738281250000000e+02) (2, 1.50000000000000000000e+03) (3, 6.34559810161590576172e-01) (0, 1.50000000000000000000e+03) (1, 6.88665161132812500000e+02) (2, 1.50000000000000000000e+03) (3, 7.20394074916839599609e-01) (0, 1.50000000000000000000e+03) (1, 1.50000000000000000000e+03) (2, 1.50000000000000000000e+03) (3, 5.68884611129760742188e-01) (0, 1.50000000000000000000e+03) (1, 1.50000000000000000000e+03) (2, 1.50000000000000000000e+03) (3, 6.99909627437591552734e-01) (0, 1.50000000000000000000e+03) (1, 6.88475402832031250000e+02) (2, 1.50000000000000000000e+03) (3, 7.39659547805786132812e-01) (0, -1.48287013173103332520e-01) (1, 3.82597148418426513672e-02) (2, -7.25360587239265441895e-02) (3, 1.85351586341857910156e+00) (0, -5.39801679551601409912e-02) (1, 9.61050484329462051392e-03) (2, -1.66483193635940551758e-01) (3, 1.54889762401580810547e-01) (4, 3.13666194677352905273e-01) (5, 2.40590155124664306641e-01) (6, 3.51502001285552978516e-01) (7, 2.88140475749969482422e-01) (8, 3.60403329133987426758e-01) (9, 3.24684232473373413086e-01) (10, -2.46563267707824707031e+00) (11, -1.38568878173828125000e+01) (12, 2.74638980627059936523e-01) 
