FANN_FLO_2.1
num_layers=4
learning_rate=0.300000
connection_rate=1.000000
network_type=0
learning_momentum=0.000000
training_algorithm=2
train_error_function=1
train_stop_function=0
cascade_output_change_fraction=0.010000
quickprop_decay=-0.000100
quickprop_mu=1.750000
rprop_increase_factor=1.200000
rprop_decrease_factor=0.500000
rprop_delta_min=0.000000
rprop_delta_max=50.000000
rprop_delta_zero=0.100000
cascade_output_stagnation_epochs=12
cascade_candidate_change_fraction=0.010000
cascade_candidate_stagnation_epochs=12
cascade_max_out_epochs=150
cascade_min_out_epochs=50
cascade_max_cand_epochs=150
cascade_min_cand_epochs=50
cascade_num_candidate_groups=2
bit_fail_limit=3.49999994039535522461e-01
cascade_candidate_limit=1.00000000000000000000e+03
cascade_weight_multiplier=4.00000005960464477539e-01
cascade_activation_functions_count=10
cascade_activation_functions=3 5 7 8 10 11 14 15 16 17 
cascade_activation_steepnesses_count=4
cascade_activation_steepnesses=2.50000000000000000000e-01 5.00000000000000000000e-01 7.50000000000000000000e-01 1.00000000000000000000e+00 
layer_sizes=2 5 3 3 
scale_included=0
neurons (num_inputs, activation_function, activation_steepness)=(0, 0, 0.00000000000000000000e+00) (0, 0, 0.00000000000000000000e+00) (2, 3, 5.00000000000000000000e-01) (2, 3, 5.00000000000000000000e-01) (2, 3, 5.00000000000000000000e-01) (2, 3, 5.00000000000000000000e-01) (0, 3, 0.00000000000000000000e+00) (5, 3, 5.00000000000000000000e-01) (5, 3, 5.00000000000000000000e-01) (0, 3, 0.00000000000000000000e+00) (3, 0, 5.00000000000000000000e-01) (3, 0, 5.00000000000000000000e-01) (0, 0, 0.00000000000000000000e+00) 
connections (connected_to_neuron, weight)=(0, -1.69825303554534912109e+00) (1, -4.00576972961425781250e+00) (0, 5.45273244380950927734e-01) (1, 4.18021738529205322266e-01) (0, -1.69576060771942138672e+00) (1, -3.98456263542175292969e+00) (0, -2.05383107066154479980e-01) (1, -3.83851379156112670898e-01) (2, 1.16825985908508300781e+00) (3, -1.67938590049743652344e+00) (4, 1.20947539806365966797e+00) (5, 6.49318337440490722656e-01) (6, 1.00812518596649169922e+00) (2, 2.77032828330993652344e+00) (3, -6.87928342819213867188e+00) (4, 1.76798057556152343750e+00) (5, 2.59675711393356323242e-01) (6, 1.67887777090072631836e-01) (7, 2.72553768008947372437e-02) (8, 9.20889973640441894531e-02) (9, -7.76829272508621215820e-02) (7, -9.63307023048400878906e-01) (8, -1.16990745067596435547e+00) (9, -5.99779486656188964844e-01) 
