FANN_FLO_2.1
num_layers=3
learning_rate=0.500000
connection_rate=1.000000
network_type=0
learning_momentum=0.000000
training_algorithm=2
train_error_function=1
train_stop_function=0
cascade_output_change_fraction=0.010000
quickprop_decay=-0.000100
quickprop_mu=1.750000
rprop_increase_factor=1.200000
rprop_decrease_factor=0.500000
rprop_delta_min=0.000000
rprop_delta_max=50.000000
rprop_delta_zero=0.100000
cascade_output_stagnation_epochs=12
cascade_candidate_change_fraction=0.010000
cascade_candidate_stagnation_epochs=12
cascade_max_out_epochs=150
cascade_min_out_epochs=50
cascade_max_cand_epochs=150
cascade_min_cand_epochs=50
cascade_num_candidate_groups=2
bit_fail_limit=3.49999994039535522461e-01
cascade_candidate_limit=1.00000000000000000000e+03
cascade_weight_multiplier=4.00000005960464477539e-01
cascade_activation_functions_count=10
cascade_activation_functions=3 5 7 8 10 11 14 15 16 17 
cascade_activation_steepnesses_count=4
cascade_activation_steepnesses=2.50000000000000000000e-01 5.00000000000000000000e-01 7.50000000000000000000e-01 1.00000000000000000000e+00 
layer_sizes=7 9 2 
scale_included=0
neurons (num_inputs, activation_function, activation_steepness)=(0, 0, 0.00000000000000000000e+00) (0, 0, 0.00000000000000000000e+00) (0, 0, 0.00000000000000000000e+00) (0, 0, 0.00000000000000000000e+00) (0, 0, 0.00000000000000000000e+00) (0, 0, 0.00000000000000000000e+00) (0, 0, 0.00000000000000000000e+00) (7, 3, 5.00000000000000000000e-01) (7, 3, 5.00000000000000000000e-01) (7, 3, 5.00000000000000000000e-01) (7, 3, 5.00000000000000000000e-01) (7, 3, 5.00000000000000000000e-01) (7, 3, 5.00000000000000000000e-01) (7, 3, 5.00000000000000000000e-01) (7, 3, 5.00000000000000000000e-01) (0, 3, 0.00000000000000000000e+00) (9, 0, 5.00000000000000000000e-01) (0, 0, 0.00000000000000000000e+00) 
connections (connected_to_neuron, weight)=(0, 1.40180796384811401367e-01) (1, 4.90266680717468261719e-01) (2, -6.84112012386322021484e-01) (3, -3.38642373681068420410e-02) (4, 7.49658703804016113281e-01) (5, -4.17161345481872558594e-01) (6, -1.82605278491973876953e+00) (0, 5.70716634392738342285e-02) (1, 4.67196404933929443359e-01) (2, 2.37822264432907104492e-01) (3, -2.14564904570579528809e-01) (4, 2.82088756561279296875e-01) (5, -4.70705687999725341797e-01) (6, -4.16536760330200195312e+00) (0, -9.58280563354492187500e-02) (1, -1.33270591497421264648e-01) (2, 3.14214974641799926758e-01) (3, -8.81837964057922363281e-01) (4, 8.63155651092529296875e+00) (5, 4.05581668019294738770e-02) (6, -1.84174939990043640137e-01) (0, -6.70087993144989013672e-01) (1, -1.08232259750366210938e+00) (2, 1.99303948879241943359e+00) (3, -7.64596521854400634766e-01) (4, -8.17551791667938232422e-01) (5, -2.77025908231735229492e-01) (6, -8.58647406101226806641e-01) (0, -6.64593875408172607422e-01) (1, -6.70733332633972167969e-01) (2, 1.33424651622772216797e+00) (3, -7.04870879650115966797e-01) (4, -7.17008590698242187500e-01) (5, 1.49077928066253662109e+00) (6, -5.84942281246185302734e-01) (0, -3.40335965156555175781e-01) (1, -3.83482605218887329102e-01) (2, 7.88546860218048095703e-01) (3, -2.18490839004516601562e-01) (4, -3.25219124555587768555e-01) (5, 1.82590618729591369629e-01) (6, -2.41994351148605346680e-01) (0, -1.86995625495910644531e-01) (1, -6.26628518104553222656e-01) (2, 8.38600933551788330078e-01) (3, -7.10835218429565429688e-01) (4, -5.78938186168670654297e-01) (5, 1.22854387760162353516e+00) (6, -5.87016701698303222656e-01) (0, 2.74201989173889160156e-01) (1, 4.91138011217117309570e-01) (2, 7.37564325332641601562e-01) (3, -2.86955665796995162964e-02) (4, 1.46180707961320877075e-02) (5, -5.42516959831118583679e-03) (6, 1.49611246585845947266e+00) (7, 6.28412812948226928711e-02) (8, -1.47874578833580017090e-02) (9, -3.10845851898193359375e-01) (10, -5.07440343499183654785e-02) (11, -9.34812664985656738281e-01) (12, -2.68068104982376098633e-01) (13, 3.12639141082763671875e+00) (14, 1.44800558686256408691e-01) (15, 1.27441570162773132324e-01) 
