FANN_FLO_2.1
num_layers=4
learning_rate=0.500000
connection_rate=1.000000
network_type=0
learning_momentum=0.000000
training_algorithm=2
train_error_function=1
train_stop_function=0
cascade_output_change_fraction=0.010000
quickprop_decay=-0.000100
quickprop_mu=1.750000
rprop_increase_factor=1.200000
rprop_decrease_factor=0.500000
rprop_delta_min=0.000000
rprop_delta_max=50.000000
rprop_delta_zero=0.100000
cascade_output_stagnation_epochs=12
cascade_candidate_change_fraction=0.010000
cascade_candidate_stagnation_epochs=12
cascade_max_out_epochs=150
cascade_min_out_epochs=50
cascade_max_cand_epochs=150
cascade_min_cand_epochs=50
cascade_num_candidate_groups=2
bit_fail_limit=3.49999994039535522461e-01
cascade_candidate_limit=1.00000000000000000000e+03
cascade_weight_multiplier=4.00000005960464477539e-01
cascade_activation_functions_count=10
cascade_activation_functions=3 5 7 8 10 11 14 15 16 17 
cascade_activation_steepnesses_count=4
cascade_activation_steepnesses=2.50000000000000000000e-01 5.00000000000000000000e-01 7.50000000000000000000e-01 1.00000000000000000000e+00 
layer_sizes=4 5 5 2 
scale_included=0
neurons (num_inputs, activation_function, activation_steepness)=(0, 0, 0.00000000000000000000e+00) (0, 0, 0.00000000000000000000e+00) (0, 0, 0.00000000000000000000e+00) (0, 0, 0.00000000000000000000e+00) (4, 3, 5.00000000000000000000e-01) (4, 3, 5.00000000000000000000e-01) (4, 3, 5.00000000000000000000e-01) (4, 3, 5.00000000000000000000e-01) (0, 3, 0.00000000000000000000e+00) (5, 3, 5.00000000000000000000e-01) (5, 3, 5.00000000000000000000e-01) (5, 3, 5.00000000000000000000e-01) (5, 3, 5.00000000000000000000e-01) (0, 3, 0.00000000000000000000e+00) (5, 3, 5.00000000000000000000e-01) (0, 3, 0.00000000000000000000e+00) 
connections (connected_to_neuron, weight)=(0, 5.68304729461669921875e+00) (1, 9.96317100524902343750e+00) (2, -2.04012155532836914062e+00) (3, -6.55572557449340820312e+00) (0, 4.98317289352416992188e+00) (1, 1.00537576675415039062e+01) (2, -2.28214240074157714844e+00) (3, -6.43726158142089843750e+00) (0, 1.76703357696533203125e+00) (1, 1.09405212402343750000e+01) (2, -1.50532732009887695312e+01) (3, -1.00365257263183593750e+00) (0, 2.37797570228576660156e+00) (1, -1.19772510528564453125e+01) (2, -2.10621714591979980469e+00) (3, 9.49315667152404785156e-01) (4, -3.78349274396896362305e-01) (5, 2.19114452600479125977e-01) (6, -7.91117095947265625000e+00) (7, -7.90827453136444091797e-01) (8, 1.31481862068176269531e+00) (4, -3.01922249794006347656e+00) (5, -3.33573985099792480469e+00) (6, 3.24074101448059082031e+00) (7, -9.25110161304473876953e-01) (8, 1.40619587898254394531e+00) (4, -1.82304239273071289062e+00) (5, -1.18002021312713623047e+00) (6, 5.50720405578613281250e+00) (7, -1.59563608169555664062e+01) (8, 1.12311100959777832031e+00) (4, -1.33928928375244140625e+01) (5, -4.27495765686035156250e+00) (6, 7.54636192321777343750e+00) (7, -2.96260714530944824219e+00) (8, 6.19936132431030273438e+00) (9, -5.88147878646850585938e-01) (10, -1.09264302253723144531e+00) (11, -8.19431364536285400391e-01) (12, -4.08393621444702148438e+00) (13, 2.85819029808044433594e+00) 
