FANN_FLO_2.1
num_layers=4
learning_rate=0.450000
connection_rate=1.000000
network_type=0
learning_momentum=0.000000
training_algorithm=2
train_error_function=1
train_stop_function=0
cascade_output_change_fraction=0.010000
quickprop_decay=-0.000100
quickprop_mu=1.750000
rprop_increase_factor=1.200000
rprop_decrease_factor=0.500000
rprop_delta_min=0.000000
rprop_delta_max=50.000000
rprop_delta_zero=0.100000
cascade_output_stagnation_epochs=12
cascade_candidate_change_fraction=0.010000
cascade_candidate_stagnation_epochs=12
cascade_max_out_epochs=150
cascade_min_out_epochs=50
cascade_max_cand_epochs=150
cascade_min_cand_epochs=50
cascade_num_candidate_groups=2
bit_fail_limit=3.49999994039535522461e-01
cascade_candidate_limit=1.00000000000000000000e+03
cascade_weight_multiplier=4.00000005960464477539e-01
cascade_activation_functions_count=10
cascade_activation_functions=3 5 7 8 10 11 14 15 16 17 
cascade_activation_steepnesses_count=4
cascade_activation_steepnesses=2.50000000000000000000e-01 5.00000000000000000000e-01 7.50000000000000000000e-01 1.00000000000000000000e+00 
layer_sizes=7 5 5 2 
scale_included=0
neurons (num_inputs, activation_function, activation_steepness)=(0, 0, 0.00000000000000000000e+00) (0, 0, 0.00000000000000000000e+00) (0, 0, 0.00000000000000000000e+00) (0, 0, 0.00000000000000000000e+00) (0, 0, 0.00000000000000000000e+00) (0, 0, 0.00000000000000000000e+00) (0, 0, 0.00000000000000000000e+00) (7, 3, 5.00000000000000000000e-01) (7, 3, 5.00000000000000000000e-01) (7, 3, 5.00000000000000000000e-01) (7, 3, 5.00000000000000000000e-01) (0, 3, 0.00000000000000000000e+00) (5, 3, 5.00000000000000000000e-01) (5, 3, 5.00000000000000000000e-01) (5, 3, 5.00000000000000000000e-01) (5, 3, 5.00000000000000000000e-01) (0, 3, 0.00000000000000000000e+00) (5, 0, 5.00000000000000000000e-01) (0, 0, 0.00000000000000000000e+00) 
connections (connected_to_neuron, weight)=(0, 1.50000000000000000000e+03) (1, 1.49589123535156250000e+03) (2, 1.50000000000000000000e+03) (3, 1.96637359619140625000e+02) (4, 1.49899243164062500000e+03) (5, 1.08418106079101562500e+02) (6, 1.08934301757812500000e+03) (0, 1.50000000000000000000e+03) (1, 1.49873181152343750000e+03) (2, 1.50000000000000000000e+03) (3, 2.37737625122070312500e+02) (4, 1.25078186035156250000e+03) (5, 3.23064666748046875000e+02) (6, 1.50947446823120117188e+01) (0, -2.05497115850448608398e-01) (1, 3.84195685386657714844e-01) (2, -2.37779214978218078613e-01) (3, 3.71035560965538024902e-02) (4, -7.90995508432388305664e-02) (5, 1.33325019851326942444e-03) (6, 3.65623354911804199219e+00) (0, 1.21091442871093750000e+03) (1, -1.35739517211914062500e+02) (2, -6.92826843261718750000e+02) (3, 2.22025012969970703125e+00) (4, -7.70570602416992187500e+01) (5, -8.10880859375000000000e+02) (6, 1.04190263748168945312e+01) (7, -3.01279449462890625000e+00) (8, -2.58625221252441406250e+00) (9, 4.61585092544555664062e+00) (10, 1.49910571289062500000e+03) (11, -2.59115862846374511719e+00) (7, 5.89054107666015625000e-01) (8, 3.35963755846023559570e-01) (9, -4.11908596754074096680e-01) (10, 7.33187072753906250000e+02) (11, 3.16278427839279174805e-01) (7, -3.36249375343322753906e+00) (8, -3.46569371223449707031e+00) (9, 2.45517387390136718750e+01) (10, 1.49910571289062500000e+03) (11, -3.33970904350280761719e+00) (7, 3.78785341978073120117e-01) (8, 3.32816392183303833008e-01) (9, -1.57078400254249572754e-01) (10, 7.33187072753906250000e+02) (11, 3.48140686750411987305e-01) (12, -1.13066971302032470703e-01) (13, 2.36060261726379394531e-01) (14, -3.25572520494461059570e-01) (15, 1.70750707387924194336e-01) (16, 4.31951917707920074463e-02) 
