FANN_FLO_2.1
num_layers=4
learning_rate=0.450000
connection_rate=1.000000
network_type=0
learning_momentum=0.000000
training_algorithm=2
train_error_function=1
train_stop_function=0
cascade_output_change_fraction=0.010000
quickprop_decay=-0.000100
quickprop_mu=1.750000
rprop_increase_factor=1.200000
rprop_decrease_factor=0.500000
rprop_delta_min=0.000000
rprop_delta_max=50.000000
rprop_delta_zero=0.100000
cascade_output_stagnation_epochs=12
cascade_candidate_change_fraction=0.010000
cascade_candidate_stagnation_epochs=12
cascade_max_out_epochs=150
cascade_min_out_epochs=50
cascade_max_cand_epochs=150
cascade_min_cand_epochs=50
cascade_num_candidate_groups=2
bit_fail_limit=3.49999994039535522461e-01
cascade_candidate_limit=1.00000000000000000000e+03
cascade_weight_multiplier=4.00000005960464477539e-01
cascade_activation_functions_count=10
cascade_activation_functions=3 5 7 8 10 11 14 15 16 17 
cascade_activation_steepnesses_count=4
cascade_activation_steepnesses=2.50000000000000000000e-01 5.00000000000000000000e-01 7.50000000000000000000e-01 1.00000000000000000000e+00 
layer_sizes=7 5 3 2 
scale_included=0
neurons (num_inputs, activation_function, activation_steepness)=(0, 0, 0.00000000000000000000e+00) (0, 0, 0.00000000000000000000e+00) (0, 0, 0.00000000000000000000e+00) (0, 0, 0.00000000000000000000e+00) (0, 0, 0.00000000000000000000e+00) (0, 0, 0.00000000000000000000e+00) (0, 0, 0.00000000000000000000e+00) (7, 3, 5.00000000000000000000e-01) (7, 3, 5.00000000000000000000e-01) (7, 3, 5.00000000000000000000e-01) (7, 3, 5.00000000000000000000e-01) (0, 3, 0.00000000000000000000e+00) (5, 3, 5.00000000000000000000e-01) (5, 3, 5.00000000000000000000e-01) (0, 3, 0.00000000000000000000e+00) (3, 0, 5.00000000000000000000e-01) (0, 0, 0.00000000000000000000e+00) 
connections (connected_to_neuron, weight)=(0, -2.71419256925582885742e-01) (1, -3.89700442552566528320e-01) (2, 4.24969148635864257812e+00) (3, -8.30555558204650878906e-01) (4, 9.27888631820678710938e-01) (5, 7.30537712574005126953e-01) (6, 1.58543035387992858887e-01) (0, 1.22572131454944610596e-01) (1, -2.12588429450988769531e-01) (2, 1.80312204360961914062e+00) (3, -1.60919630527496337891e+00) (4, 8.90092086791992187500e+00) (5, -5.29440402984619140625e+00) (6, 7.81764462590217590332e-02) (0, -1.81396350860595703125e+01) (1, 3.99594535827636718750e+01) (2, 2.27020904541015625000e+02) (3, -6.92849731445312500000e+00) (4, 4.77275705337524414062e+00) (5, -1.27163207530975341797e+00) (6, -9.93362348526716232300e-03) (0, 4.33793127536773681641e-01) (1, 3.84981226921081542969e+00) (2, -1.43334442138671875000e+02) (3, 9.85404777526855468750e+00) (4, 1.50000000000000000000e+03) (5, 1.50000000000000000000e+03) (6, 1.46689608693122863770e-01) (7, -1.50000000000000000000e+03) (8, -1.46599816894531250000e+03) (9, 3.78591597080230712891e-01) (10, 9.48115825653076171875e-01) (11, 4.10552412271499633789e-01) (7, 1.50000000000000000000e+03) (8, 1.50000000000000000000e+03) (9, 1.41776770019531250000e+03) (10, -2.51783351898193359375e+01) (11, 2.22919921875000000000e+01) (12, 8.00225913524627685547e-01) (13, -4.03044410049915313721e-02) (14, 5.23340292274951934814e-02) 
