FANN_FLO_2.1
num_layers=3
learning_rate=0.400000
connection_rate=1.000000
network_type=0
learning_momentum=0.000000
training_algorithm=2
train_error_function=1
train_stop_function=0
cascade_output_change_fraction=0.010000
quickprop_decay=-0.000100
quickprop_mu=1.750000
rprop_increase_factor=1.200000
rprop_decrease_factor=0.500000
rprop_delta_min=0.000000
rprop_delta_max=50.000000
rprop_delta_zero=0.100000
cascade_output_stagnation_epochs=12
cascade_candidate_change_fraction=0.010000
cascade_candidate_stagnation_epochs=12
cascade_max_out_epochs=150
cascade_min_out_epochs=50
cascade_max_cand_epochs=150
cascade_min_cand_epochs=50
cascade_num_candidate_groups=2
bit_fail_limit=3.49999994039535522461e-01
cascade_candidate_limit=1.00000000000000000000e+03
cascade_weight_multiplier=4.00000005960464477539e-01
cascade_activation_functions_count=10
cascade_activation_functions=3 5 7 8 10 11 14 15 16 17 
cascade_activation_steepnesses_count=4
cascade_activation_steepnesses=2.50000000000000000000e-01 5.00000000000000000000e-01 7.50000000000000000000e-01 1.00000000000000000000e+00 
layer_sizes=10 3 2 
scale_included=0
neurons (num_inputs, activation_function, activation_steepness)=(0, 0, 0.00000000000000000000e+00) (0, 0, 0.00000000000000000000e+00) (0, 0, 0.00000000000000000000e+00) (0, 0, 0.00000000000000000000e+00) (0, 0, 0.00000000000000000000e+00) (0, 0, 0.00000000000000000000e+00) (0, 0, 0.00000000000000000000e+00) (0, 0, 0.00000000000000000000e+00) (0, 0, 0.00000000000000000000e+00) (0, 0, 0.00000000000000000000e+00) (10, 3, 5.00000000000000000000e-01) (10, 3, 5.00000000000000000000e-01) (0, 3, 0.00000000000000000000e+00) (3, 3, 5.00000000000000000000e-01) (0, 3, 0.00000000000000000000e+00) 
connections (connected_to_neuron, weight)=(0, -3.17886397242546081543e-02) (1, -1.84883326292037963867e-01) (2, -7.35277757048606872559e-02) (3, 3.46975475549697875977e-02) (4, -2.01556205749511718750e-01) (5, -1.46578088402748107910e-01) (6, -3.36943641304969787598e-02) (7, -3.75029966235160827637e-02) (8, -1.51715382933616638184e-01) (9, -1.54273375868797302246e-01) (0, 7.38277584314346313477e-02) (1, 2.07169860601425170898e-01) (2, 1.56872332096099853516e-01) (3, -2.24962756037712097168e-02) (4, 1.52316421270370483398e-01) (5, 1.36680215597152709961e-01) (6, 1.63273513317108154297e-01) (7, 1.00000344216823577881e-01) (8, 1.14018157124519348145e-01) (9, 8.80983322858810424805e-02) (10, 5.86779154837131500244e-02) (11, 1.94405794143676757812e-01) (12, 1.68487906455993652344e-01) 
