FANN_FLO_2.1
num_layers=4
learning_rate=0.500000
connection_rate=1.000000
network_type=0
learning_momentum=0.000000
training_algorithm=2
train_error_function=1
train_stop_function=0
cascade_output_change_fraction=0.010000
quickprop_decay=-0.000100
quickprop_mu=1.750000
rprop_increase_factor=1.200000
rprop_decrease_factor=0.500000
rprop_delta_min=0.000000
rprop_delta_max=50.000000
rprop_delta_zero=0.100000
cascade_output_stagnation_epochs=12
cascade_candidate_change_fraction=0.010000
cascade_candidate_stagnation_epochs=12
cascade_max_out_epochs=150
cascade_min_out_epochs=50
cascade_max_cand_epochs=150
cascade_min_cand_epochs=50
cascade_num_candidate_groups=2
bit_fail_limit=3.49999994039535522461e-01
cascade_candidate_limit=1.00000000000000000000e+03
cascade_weight_multiplier=4.00000005960464477539e-01
cascade_activation_functions_count=10
cascade_activation_functions=3 5 7 8 10 11 14 15 16 17 
cascade_activation_steepnesses_count=4
cascade_activation_steepnesses=2.50000000000000000000e-01 5.00000000000000000000e-01 7.50000000000000000000e-01 1.00000000000000000000e+00 
layer_sizes=4 5 3 2 
scale_included=0
neurons (num_inputs, activation_function, activation_steepness)=(0, 0, 0.00000000000000000000e+00) (0, 0, 0.00000000000000000000e+00) (0, 0, 0.00000000000000000000e+00) (0, 0, 0.00000000000000000000e+00) (4, 3, 5.00000000000000000000e-01) (4, 3, 5.00000000000000000000e-01) (4, 3, 5.00000000000000000000e-01) (4, 3, 5.00000000000000000000e-01) (0, 3, 0.00000000000000000000e+00) (5, 3, 5.00000000000000000000e-01) (5, 3, 5.00000000000000000000e-01) (0, 3, 0.00000000000000000000e+00) (3, 3, 5.00000000000000000000e-01) (0, 3, 0.00000000000000000000e+00) 
connections (connected_to_neuron, weight)=(0, 1.67091102600097656250e+01) (1, -4.26188125610351562500e+01) (2, -9.66524887084960937500e+00) (3, 4.50165414810180664062e+00) (0, -5.03599643707275390625e+00) (1, -1.28253526687622070312e+01) (2, 3.44879589974880218506e-02) (3, 5.31469678878784179688e+00) (0, 2.96279983520507812500e+01) (1, -1.20296678543090820312e+01) (2, -2.27907695770263671875e+01) (3, -3.44491219520568847656e+00) (0, -5.14544820785522460938e+00) (1, -1.16374549865722656250e+01) (2, 4.73992615938186645508e-01) (3, 5.32767820358276367188e+00) (4, -1.76738321781158447266e+00) (5, 4.65511589050292968750e+01) (6, -6.52789735794067382812e+00) (7, 2.54189300537109375000e+01) (8, -1.88181388378143310547e+00) (4, -1.40776133537292480469e+00) (5, 4.10396003723144531250e+01) (6, -8.67644190788269042969e-01) (7, 3.12738800048828125000e+01) (8, -7.86514377593994140625e+00) (9, -2.63934993743896484375e+00) (10, -1.80344009399414062500e+00) (11, 2.23804426193237304688e+00) 
