FANN_FLO_2.1
num_layers=3
learning_rate=0.500000
connection_rate=1.000000
network_type=0
learning_momentum=0.000000
training_algorithm=2
train_error_function=1
train_stop_function=0
cascade_output_change_fraction=0.010000
quickprop_decay=-0.000100
quickprop_mu=1.750000
rprop_increase_factor=1.200000
rprop_decrease_factor=0.500000
rprop_delta_min=0.000000
rprop_delta_max=50.000000
rprop_delta_zero=0.100000
cascade_output_stagnation_epochs=12
cascade_candidate_change_fraction=0.010000
cascade_candidate_stagnation_epochs=12
cascade_max_out_epochs=150
cascade_min_out_epochs=50
cascade_max_cand_epochs=150
cascade_min_cand_epochs=50
cascade_num_candidate_groups=2
bit_fail_limit=3.49999994039535522461e-01
cascade_candidate_limit=1.00000000000000000000e+03
cascade_weight_multiplier=4.00000005960464477539e-01
cascade_activation_functions_count=10
cascade_activation_functions=3 5 7 8 10 11 14 15 16 17 
cascade_activation_steepnesses_count=4
cascade_activation_steepnesses=2.50000000000000000000e-01 5.00000000000000000000e-01 7.50000000000000000000e-01 1.00000000000000000000e+00 
layer_sizes=7 9 2 
scale_included=0
neurons (num_inputs, activation_function, activation_steepness)=(0, 0, 0.00000000000000000000e+00) (0, 0, 0.00000000000000000000e+00) (0, 0, 0.00000000000000000000e+00) (0, 0, 0.00000000000000000000e+00) (0, 0, 0.00000000000000000000e+00) (0, 0, 0.00000000000000000000e+00) (0, 0, 0.00000000000000000000e+00) (7, 3, 5.00000000000000000000e-01) (7, 3, 5.00000000000000000000e-01) (7, 3, 5.00000000000000000000e-01) (7, 3, 5.00000000000000000000e-01) (7, 3, 5.00000000000000000000e-01) (7, 3, 5.00000000000000000000e-01) (7, 3, 5.00000000000000000000e-01) (7, 3, 5.00000000000000000000e-01) (0, 3, 0.00000000000000000000e+00) (9, 0, 5.00000000000000000000e-01) (0, 0, 0.00000000000000000000e+00) 
connections (connected_to_neuron, weight)=(0, -9.31299285888671875000e+01) (1, -5.11787354946136474609e-01) (2, -1.84747266769409179688e+00) (3, 9.89888305664062500000e+01) (4, -3.10657745361328125000e+02) (5, -4.12712059020996093750e+01) (6, -2.40384817123413085938e-01) (0, 6.32743686437606811523e-02) (1, -7.87354335188865661621e-02) (2, 1.92518215626478195190e-02) (3, 2.27355994284152984619e-02) (4, -5.13091497123241424561e-02) (5, 3.75437438488006591797e-02) (6, -1.03271639347076416016e+00) (0, -5.27759122848510742188e+00) (1, -3.16275656223297119141e-01) (2, -1.61236202716827392578e+00) (3, -9.24257659912109375000e+00) (4, 8.30931472778320312500e+00) (5, -1.35266256332397460938e+01) (6, -3.43303769826889038086e-01) (0, -3.87715935707092285156e+00) (1, -8.13395500183105468750e-01) (2, 1.86030900478363037109e+00) (3, -5.64567518234252929688e+00) (4, -4.06917381286621093750e+00) (5, 7.18837261199951171875e-01) (6, -1.10685920715332031250e+00) (0, -3.46476173400878906250e+00) (1, -8.39686632156372070312e-01) (2, 1.65871024131774902344e+00) (3, -2.30713500976562500000e+01) (4, -1.86100349426269531250e+01) (5, -1.28084650039672851562e+01) (6, -6.84445321559906005859e-01) (0, -1.92647188901901245117e-01) (1, -3.71424347162246704102e-01) (2, -6.76332771778106689453e-01) (3, -2.09995135664939880371e-01) (4, 2.50241786241531372070e-01) (5, -5.30208833515644073486e-02) (6, -2.83834129571914672852e-01) (0, -1.40792310237884521484e+00) (1, -1.30940377712249755859e+00) (2, 2.92848920822143554688e+00) (3, -1.17735075950622558594e+00) (4, -1.06064569950103759766e+00) (5, 1.86363875865936279297e+00) (6, -1.44561409950256347656e+00) (0, -1.80094802379608154297e+00) (1, -1.20638525485992431641e+00) (2, 2.94645953178405761719e+00) (3, -8.41674900054931640625e+00) (4, 6.74816417694091796875e+00) (5, -1.42133407592773437500e+01) (6, -1.39332604408264160156e+00) (7, 1.20000000000000000000e+03) (8, 1.79109320044517517090e-01) (9, -1.02171443402767181396e-01) (10, -4.87197151184082031250e+01) (11, 7.23710823059082031250e+00) (12, -5.92187754809856414795e-02) (13, -1.78475534915924072266e+00) (14, -1.20260149240493774414e-01) (15, -3.06388027966022491455e-02) 
