FANN_FLO_2.1
num_layers=4
learning_rate=0.450000
connection_rate=1.000000
network_type=0
learning_momentum=0.000000
training_algorithm=2
train_error_function=1
train_stop_function=0
cascade_output_change_fraction=0.010000
quickprop_decay=-0.000100
quickprop_mu=1.750000
rprop_increase_factor=1.200000
rprop_decrease_factor=0.500000
rprop_delta_min=0.000000
rprop_delta_max=50.000000
rprop_delta_zero=0.100000
cascade_output_stagnation_epochs=12
cascade_candidate_change_fraction=0.010000
cascade_candidate_stagnation_epochs=12
cascade_max_out_epochs=150
cascade_min_out_epochs=50
cascade_max_cand_epochs=150
cascade_min_cand_epochs=50
cascade_num_candidate_groups=2
bit_fail_limit=3.49999994039535522461e-01
cascade_candidate_limit=1.00000000000000000000e+03
cascade_weight_multiplier=4.00000005960464477539e-01
cascade_activation_functions_count=10
cascade_activation_functions=3 5 7 8 10 11 14 15 16 17 
cascade_activation_steepnesses_count=4
cascade_activation_steepnesses=2.50000000000000000000e-01 5.00000000000000000000e-01 7.50000000000000000000e-01 1.00000000000000000000e+00 
layer_sizes=7 3 3 2 
scale_included=0
neurons (num_inputs, activation_function, activation_steepness)=(0, 0, 0.00000000000000000000e+00) (0, 0, 0.00000000000000000000e+00) (0, 0, 0.00000000000000000000e+00) (0, 0, 0.00000000000000000000e+00) (0, 0, 0.00000000000000000000e+00) (0, 0, 0.00000000000000000000e+00) (0, 0, 0.00000000000000000000e+00) (7, 3, 5.00000000000000000000e-01) (7, 3, 5.00000000000000000000e-01) (0, 3, 0.00000000000000000000e+00) (3, 3, 5.00000000000000000000e-01) (3, 3, 5.00000000000000000000e-01) (0, 3, 0.00000000000000000000e+00) (3, 0, 5.00000000000000000000e-01) (0, 0, 0.00000000000000000000e+00) 
connections (connected_to_neuron, weight)=(0, 1.63107141852378845215e-01) (1, 4.69661325216293334961e-01) (2, 3.40020693838596343994e-02) (3, 1.56139567494392395020e-01) (4, -1.01797310635447502136e-02) (5, -7.52640128135681152344e-01) (6, -2.90195012092590332031e+00) (0, -1.71542391180992126465e-01) (1, -1.02171329781413078308e-02) (2, -7.93649792671203613281e-01) (3, 3.56713861227035522461e-01) (4, 1.01274180412292480469e+00) (5, -5.06028890609741210938e-01) (6, -5.61708986759185791016e-01) (7, -2.40970191955566406250e+01) (8, -9.95014667510986328125e+00) (9, 1.23644995689392089844e+00) (7, -4.32222813367843627930e-01) (8, -5.32347202301025390625e-01) (9, 3.51414114236831665039e-01) (10, 3.29138994216918945312e+00) (11, -9.57033336162567138672e-02) (12, 4.77357394993305206299e-02) 
