FANN_FLO_2.1
num_layers=3
learning_rate=0.500000
connection_rate=1.000000
network_type=0
learning_momentum=0.000000
training_algorithm=2
train_error_function=1
train_stop_function=0
cascade_output_change_fraction=0.010000
quickprop_decay=-0.000100
quickprop_mu=1.750000
rprop_increase_factor=1.200000
rprop_decrease_factor=0.500000
rprop_delta_min=0.000000
rprop_delta_max=50.000000
rprop_delta_zero=0.100000
cascade_output_stagnation_epochs=12
cascade_candidate_change_fraction=0.010000
cascade_candidate_stagnation_epochs=12
cascade_max_out_epochs=150
cascade_min_out_epochs=50
cascade_max_cand_epochs=150
cascade_min_cand_epochs=50
cascade_num_candidate_groups=2
bit_fail_limit=3.49999994039535522461e-01
cascade_candidate_limit=1.00000000000000000000e+03
cascade_weight_multiplier=4.00000005960464477539e-01
cascade_activation_functions_count=10
cascade_activation_functions=3 5 7 8 10 11 14 15 16 17 
cascade_activation_steepnesses_count=4
cascade_activation_steepnesses=2.50000000000000000000e-01 5.00000000000000000000e-01 7.50000000000000000000e-01 1.00000000000000000000e+00 
layer_sizes=10 5 2 
scale_included=0
neurons (num_inputs, activation_function, activation_steepness)=(0, 0, 0.00000000000000000000e+00) (0, 0, 0.00000000000000000000e+00) (0, 0, 0.00000000000000000000e+00) (0, 0, 0.00000000000000000000e+00) (0, 0, 0.00000000000000000000e+00) (0, 0, 0.00000000000000000000e+00) (0, 0, 0.00000000000000000000e+00) (0, 0, 0.00000000000000000000e+00) (0, 0, 0.00000000000000000000e+00) (0, 0, 0.00000000000000000000e+00) (10, 3, 5.00000000000000000000e-01) (10, 3, 5.00000000000000000000e-01) (10, 3, 5.00000000000000000000e-01) (10, 3, 5.00000000000000000000e-01) (0, 3, 0.00000000000000000000e+00) (5, 3, 5.00000000000000000000e-01) (0, 3, 0.00000000000000000000e+00) 
connections (connected_to_neuron, weight)=(0, -7.38600134849548339844e-01) (1, -6.15319550037384033203e-01) (2, -4.37022686004638671875e-01) (3, -5.08609525859355926514e-02) (4, -6.57895386219024658203e-01) (5, -6.02045059204101562500e-01) (6, -8.22371661663055419922e-01) (7, -6.58222436904907226562e-01) (8, -4.00393992662429809570e-01) (9, 8.41941773891448974609e-01) (0, -6.42371058464050292969e-01) (1, -6.87586784362792968750e-01) (2, -7.91307210922241210938e-01) (3, -8.59671235084533691406e-01) (4, -4.77066785097122192383e-02) (5, -6.73309266567230224609e-01) (6, -6.59511983394622802734e-01) (7, -6.96793675422668457031e-01) (8, -7.52556979656219482422e-01) (9, 2.77863955497741699219e+00) (0, -4.34462666511535644531e-01) (1, -1.84822157025337219238e-01) (2, -3.24395895004272460938e-01) (3, -3.01694154739379882812e-01) (4, -2.26634621620178222656e+00) (5, -1.88597440719604492188e-01) (6, -2.74375110864639282227e-01) (7, -1.67256802320480346680e-01) (8, -3.81784081459045410156e-01) (9, 9.51014101505279541016e-01) (0, -2.16909930109977722168e-01) (1, -8.24593901634216308594e-01) (2, -4.51425313949584960938e-01) (3, -5.75428664684295654297e-01) (4, -7.71471023559570312500e-01) (5, -1.07091557979583740234e+00) (6, -1.24678425490856170654e-01) (7, -7.90065765380859375000e-01) (8, -3.31175714731216430664e-01) (9, 1.35968899726867675781e+00) (10, -8.99082720279693603516e-01) (11, -1.93258392810821533203e+00) (12, -7.10239589214324951172e-01) (13, -2.70332872867584228516e-01) (14, 1.27684783935546875000e+00) 
