FANN_FLO_2.1
num_layers=3
learning_rate=0.500000
connection_rate=1.000000
network_type=0
learning_momentum=0.000000
training_algorithm=2
train_error_function=1
train_stop_function=0
cascade_output_change_fraction=0.010000
quickprop_decay=-0.000100
quickprop_mu=1.750000
rprop_increase_factor=1.200000
rprop_decrease_factor=0.500000
rprop_delta_min=0.000000
rprop_delta_max=50.000000
rprop_delta_zero=0.100000
cascade_output_stagnation_epochs=12
cascade_candidate_change_fraction=0.010000
cascade_candidate_stagnation_epochs=12
cascade_max_out_epochs=150
cascade_min_out_epochs=50
cascade_max_cand_epochs=150
cascade_min_cand_epochs=50
cascade_num_candidate_groups=2
bit_fail_limit=3.49999994039535522461e-01
cascade_candidate_limit=1.00000000000000000000e+03
cascade_weight_multiplier=4.00000005960464477539e-01
cascade_activation_functions_count=10
cascade_activation_functions=3 5 7 8 10 11 14 15 16 17 
cascade_activation_steepnesses_count=4
cascade_activation_steepnesses=2.50000000000000000000e-01 5.00000000000000000000e-01 7.50000000000000000000e-01 1.00000000000000000000e+00 
layer_sizes=10 3 2 
scale_included=0
neurons (num_inputs, activation_function, activation_steepness)=(0, 0, 0.00000000000000000000e+00) (0, 0, 0.00000000000000000000e+00) (0, 0, 0.00000000000000000000e+00) (0, 0, 0.00000000000000000000e+00) (0, 0, 0.00000000000000000000e+00) (0, 0, 0.00000000000000000000e+00) (0, 0, 0.00000000000000000000e+00) (0, 0, 0.00000000000000000000e+00) (0, 0, 0.00000000000000000000e+00) (0, 0, 0.00000000000000000000e+00) (10, 3, 5.00000000000000000000e-01) (10, 3, 5.00000000000000000000e-01) (0, 3, 0.00000000000000000000e+00) (3, 3, 5.00000000000000000000e-01) (0, 3, 0.00000000000000000000e+00) 
connections (connected_to_neuron, weight)=(0, -4.68331336975097656250e-01) (1, -4.75135624408721923828e-01) (2, -6.64585947990417480469e-01) (3, -6.97074890136718750000e-01) (4, -4.22353178262710571289e-01) (5, -4.37180936336517333984e-01) (6, -4.89015012979507446289e-01) (7, -8.34079504013061523438e-01) (8, -2.70820230245590209961e-01) (9, 1.54558885097503662109e+00) (0, -6.28860294818878173828e-01) (1, -6.74150586128234863281e-01) (2, -3.92086714506149291992e-01) (3, -4.24786746501922607422e-01) (4, -6.33201956748962402344e-01) (5, -7.11980462074279785156e-01) (6, -6.36033177375793457031e-01) (7, -3.01919937133789062500e-01) (8, -7.53158032894134521484e-01) (9, 2.24146032333374023438e+00) (10, -1.74709975719451904297e+00) (11, -1.94000756740570068359e+00) (12, 1.35032594203948974609e+00) 
