FANN_FLO_2.1
num_layers=4
learning_rate=0.500000
connection_rate=1.000000
network_type=0
learning_momentum=0.000000
training_algorithm=2
train_error_function=1
train_stop_function=0
cascade_output_change_fraction=0.010000
quickprop_decay=-0.000100
quickprop_mu=1.750000
rprop_increase_factor=1.200000
rprop_decrease_factor=0.500000
rprop_delta_min=0.000000
rprop_delta_max=50.000000
rprop_delta_zero=0.100000
cascade_output_stagnation_epochs=12
cascade_candidate_change_fraction=0.010000
cascade_candidate_stagnation_epochs=12
cascade_max_out_epochs=150
cascade_min_out_epochs=50
cascade_max_cand_epochs=150
cascade_min_cand_epochs=50
cascade_num_candidate_groups=2
bit_fail_limit=3.49999994039535522461e-01
cascade_candidate_limit=1.00000000000000000000e+03
cascade_weight_multiplier=4.00000005960464477539e-01
cascade_activation_functions_count=10
cascade_activation_functions=3 5 7 8 10 11 14 15 16 17 
cascade_activation_steepnesses_count=4
cascade_activation_steepnesses=2.50000000000000000000e-01 5.00000000000000000000e-01 7.50000000000000000000e-01 1.00000000000000000000e+00 
layer_sizes=4 5 5 2 
scale_included=0
neurons (num_inputs, activation_function, activation_steepness)=(0, 0, 0.00000000000000000000e+00) (0, 0, 0.00000000000000000000e+00) (0, 0, 0.00000000000000000000e+00) (0, 0, 0.00000000000000000000e+00) (4, 3, 5.00000000000000000000e-01) (4, 3, 5.00000000000000000000e-01) (4, 3, 5.00000000000000000000e-01) (4, 3, 5.00000000000000000000e-01) (0, 3, 0.00000000000000000000e+00) (5, 3, 5.00000000000000000000e-01) (5, 3, 5.00000000000000000000e-01) (5, 3, 5.00000000000000000000e-01) (5, 3, 5.00000000000000000000e-01) (0, 3, 0.00000000000000000000e+00) (5, 3, 5.00000000000000000000e-01) (0, 3, 0.00000000000000000000e+00) 
connections (connected_to_neuron, weight)=(0, -2.82420396804809570312e+00) (1, 6.48370313644409179688e+00) (2, -1.19323558807373046875e+01) (3, 3.69388937950134277344e-01) (0, -2.41647553443908691406e+00) (1, -1.11800680160522460938e+01) (2, 2.68809127807617187500e+00) (3, 3.69862079620361328125e+00) (0, 2.81908082962036132812e+00) (1, 6.02483701705932617188e+00) (2, 4.38312888145446777344e-01) (3, -2.94192385673522949219e+00) (0, -4.32958936691284179688e+00) (1, -2.15308618545532226562e+00) (2, 1.85703277587890625000e+00) (3, 1.64695453643798828125e+00) (4, 3.29394760131835937500e+01) (5, 6.06063461303710937500e+00) (6, -8.75063991546630859375e+00) (7, 1.81137790679931640625e+01) (8, -4.76273775100708007812e-01) (4, 4.63049392700195312500e+01) (5, 9.32565212249755859375e+00) (6, -1.20244798660278320312e+01) (7, 2.46603622436523437500e+01) (8, -1.03946411609649658203e+00) (4, 3.06882991790771484375e+01) (5, 5.53134965896606445312e+00) (6, -8.41706275939941406250e+00) (7, 1.82872657775878906250e+01) (8, -4.90133821964263916016e-01) (4, 2.78586864471435546875e+01) (5, 5.47797298431396484375e+00) (6, -5.03278923034667968750e+00) (7, 1.64857540130615234375e+01) (8, -2.48731040954589843750e+00) (9, -1.19209277629852294922e+00) (10, -1.88907718658447265625e+00) (11, -1.23693001270294189453e+00) (12, -5.42557299137115478516e-01) (13, 2.55523967742919921875e+00) 
