FANN_FLO_2.1
num_layers=3
learning_rate=0.400000
connection_rate=1.000000
network_type=0
learning_momentum=0.000000
training_algorithm=2
train_error_function=1
train_stop_function=0
cascade_output_change_fraction=0.010000
quickprop_decay=-0.000100
quickprop_mu=1.750000
rprop_increase_factor=1.200000
rprop_decrease_factor=0.500000
rprop_delta_min=0.000000
rprop_delta_max=50.000000
rprop_delta_zero=0.100000
cascade_output_stagnation_epochs=12
cascade_candidate_change_fraction=0.010000
cascade_candidate_stagnation_epochs=12
cascade_max_out_epochs=150
cascade_min_out_epochs=50
cascade_max_cand_epochs=150
cascade_min_cand_epochs=50
cascade_num_candidate_groups=2
bit_fail_limit=3.49999994039535522461e-01
cascade_candidate_limit=1.00000000000000000000e+03
cascade_weight_multiplier=4.00000005960464477539e-01
cascade_activation_functions_count=10
cascade_activation_functions=3 5 7 8 10 11 14 15 16 17 
cascade_activation_steepnesses_count=4
cascade_activation_steepnesses=2.50000000000000000000e-01 5.00000000000000000000e-01 7.50000000000000000000e-01 1.00000000000000000000e+00 
layer_sizes=10 3 2 
scale_included=0
neurons (num_inputs, activation_function, activation_steepness)=(0, 0, 0.00000000000000000000e+00) (0, 0, 0.00000000000000000000e+00) (0, 0, 0.00000000000000000000e+00) (0, 0, 0.00000000000000000000e+00) (0, 0, 0.00000000000000000000e+00) (0, 0, 0.00000000000000000000e+00) (0, 0, 0.00000000000000000000e+00) (0, 0, 0.00000000000000000000e+00) (0, 0, 0.00000000000000000000e+00) (0, 0, 0.00000000000000000000e+00) (10, 3, 5.00000000000000000000e-01) (10, 3, 5.00000000000000000000e-01) (0, 3, 0.00000000000000000000e+00) (3, 3, 5.00000000000000000000e-01) (0, 3, 0.00000000000000000000e+00) 
connections (connected_to_neuron, weight)=(0, 1.64837837219238281250e-01) (1, 7.99921974539756774902e-02) (2, 1.55690908432006835938e-01) (3, 1.38654261827468872070e-01) (4, 1.46248370409011840820e-01) (5, 8.36927518248558044434e-02) (6, 1.03612199425697326660e-01) (7, 5.91971240937709808350e-02) (8, 2.04954147338867187500e-01) (9, -2.04709976911544799805e-01) (0, -1.70208349823951721191e-01) (1, -7.17271342873573303223e-02) (2, -4.60223481059074401855e-02) (3, -1.21497504413127899170e-01) (4, -1.51966243982315063477e-01) (5, -4.61664721369743347168e-02) (6, -2.15871512889862060547e-01) (7, -2.19749361276626586914e-01) (8, -5.54744973778724670410e-02) (9, 1.32123783230781555176e-01) (10, 8.27805250883102416992e-02) (11, 1.31035014986991882324e-01) (12, 2.18055009841918945312e-01) 
