FANN_FLO_2.1
num_layers=3
learning_rate=0.500000
connection_rate=1.000000
network_type=0
learning_momentum=0.000000
training_algorithm=2
train_error_function=1
train_stop_function=0
cascade_output_change_fraction=0.010000
quickprop_decay=-0.000100
quickprop_mu=1.750000
rprop_increase_factor=1.200000
rprop_decrease_factor=0.500000
rprop_delta_min=0.000000
rprop_delta_max=50.000000
rprop_delta_zero=0.100000
cascade_output_stagnation_epochs=12
cascade_candidate_change_fraction=0.010000
cascade_candidate_stagnation_epochs=12
cascade_max_out_epochs=150
cascade_min_out_epochs=50
cascade_max_cand_epochs=150
cascade_min_cand_epochs=50
cascade_num_candidate_groups=2
bit_fail_limit=3.49999994039535522461e-01
cascade_candidate_limit=1.00000000000000000000e+03
cascade_weight_multiplier=4.00000005960464477539e-01
cascade_activation_functions_count=10
cascade_activation_functions=3 5 7 8 10 11 14 15 16 17 
cascade_activation_steepnesses_count=4
cascade_activation_steepnesses=2.50000000000000000000e-01 5.00000000000000000000e-01 7.50000000000000000000e-01 1.00000000000000000000e+00 
layer_sizes=7 9 2 
scale_included=0
neurons (num_inputs, activation_function, activation_steepness)=(0, 0, 0.00000000000000000000e+00) (0, 0, 0.00000000000000000000e+00) (0, 0, 0.00000000000000000000e+00) (0, 0, 0.00000000000000000000e+00) (0, 0, 0.00000000000000000000e+00) (0, 0, 0.00000000000000000000e+00) (0, 0, 0.00000000000000000000e+00) (7, 3, 5.00000000000000000000e-01) (7, 3, 5.00000000000000000000e-01) (7, 3, 5.00000000000000000000e-01) (7, 3, 5.00000000000000000000e-01) (7, 3, 5.00000000000000000000e-01) (7, 3, 5.00000000000000000000e-01) (7, 3, 5.00000000000000000000e-01) (7, 3, 5.00000000000000000000e-01) (0, 3, 0.00000000000000000000e+00) (9, 0, 5.00000000000000000000e-01) (0, 0, 0.00000000000000000000e+00) 
connections (connected_to_neuron, weight)=(0, -6.34479880332946777344e-01) (1, -7.30051398277282714844e-01) (2, 1.11855268478393554688e+00) (3, 6.48371577262878417969e-01) (4, -2.43850040435791015625e+00) (5, -4.65084552764892578125e-01) (6, -4.75963890552520751953e-01) (0, -3.97000527381896972656e+00) (1, -7.87634611129760742188e-01) (2, -2.39625892639160156250e+01) (3, -3.96893119812011718750e+01) (4, -1.37278735637664794922e+00) (5, -4.10739034414291381836e-01) (6, -4.07904177904129028320e-01) (0, 3.10806959867477416992e-01) (1, -5.00738680362701416016e-01) (2, 3.14048933982849121094e+00) (3, -3.99556756019592285156e-01) (4, -2.17866587638854980469e+00) (5, -7.57329285144805908203e-01) (6, 5.55545806884765625000e-01) (0, -7.26372450590133666992e-02) (1, 1.87914356589317321777e-01) (2, -5.74587285518646240234e-01) (3, -8.97065922617912292480e-02) (4, 6.56528413295745849609e-01) (5, -7.18211755156517028809e-02) (6, 1.64450824260711669922e-01) (0, -7.01253509521484375000e+00) (1, -1.56199023127555847168e-01) (2, 6.34441971778869628906e-01) (3, -3.03368735313415527344e+00) (4, -4.48722345754504203796e-03) (5, 3.65395331382751464844e+00) (6, -3.57365489006042480469e-01) (0, -1.35859279632568359375e+01) (1, -1.66155374050140380859e+00) (2, 2.11834106445312500000e+01) (3, -3.94415626525878906250e+01) (4, -2.46227145195007324219e+00) (5, -6.44933104515075683594e-01) (6, -3.68343412876129150391e-01) (0, 1.50000000000000000000e+03) (1, 5.42665839195251464844e-01) (2, 1.50000000000000000000e+03) (3, 3.35057616233825683594e+00) (4, 1.26891374588012695312e+00) (5, 9.35055786132812500000e+02) (6, -7.46838152408599853516e-01) (0, -1.43171310424804687500e-01) (1, 4.53415393829345703125e-01) (2, -2.90172785520553588867e-01) (3, -8.56532230973243713379e-02) (4, 2.40052044391632080078e-01) (5, -1.67141810059547424316e-01) (6, -3.01607799530029296875e+00) (7, -6.51772141456604003906e-01) (8, -1.50000000000000000000e+03) (9, -2.39748597145080566406e-01) (10, -2.73678451776504516602e-01) (11, 2.14588890075683593750e+01) (12, -1.50000000000000000000e+03) (13, 4.21733893454074859619e-02) (14, 3.23759615421295166016e-02) (15, 2.11664527654647827148e-01) 
