FANN_FLO_2.1
num_layers=4
learning_rate=0.300000
connection_rate=1.000000
network_type=0
learning_momentum=0.000000
training_algorithm=2
train_error_function=1
train_stop_function=0
cascade_output_change_fraction=0.010000
quickprop_decay=-0.000100
quickprop_mu=1.750000
rprop_increase_factor=1.200000
rprop_decrease_factor=0.500000
rprop_delta_min=0.000000
rprop_delta_max=50.000000
rprop_delta_zero=0.100000
cascade_output_stagnation_epochs=12
cascade_candidate_change_fraction=0.010000
cascade_candidate_stagnation_epochs=12
cascade_max_out_epochs=150
cascade_min_out_epochs=50
cascade_max_cand_epochs=150
cascade_min_cand_epochs=50
cascade_num_candidate_groups=2
bit_fail_limit=3.49999994039535522461e-01
cascade_candidate_limit=1.00000000000000000000e+03
cascade_weight_multiplier=4.00000005960464477539e-01
cascade_activation_functions_count=10
cascade_activation_functions=3 5 7 8 10 11 14 15 16 17 
cascade_activation_steepnesses_count=4
cascade_activation_steepnesses=2.50000000000000000000e-01 5.00000000000000000000e-01 7.50000000000000000000e-01 1.00000000000000000000e+00 
layer_sizes=2 5 5 3 
scale_included=0
neurons (num_inputs, activation_function, activation_steepness)=(0, 0, 0.00000000000000000000e+00) (0, 0, 0.00000000000000000000e+00) (2, 3, 5.00000000000000000000e-01) (2, 3, 5.00000000000000000000e-01) (2, 3, 5.00000000000000000000e-01) (2, 3, 5.00000000000000000000e-01) (0, 3, 0.00000000000000000000e+00) (5, 3, 5.00000000000000000000e-01) (5, 3, 5.00000000000000000000e-01) (5, 3, 5.00000000000000000000e-01) (5, 3, 5.00000000000000000000e-01) (0, 3, 0.00000000000000000000e+00) (5, 0, 5.00000000000000000000e-01) (5, 0, 5.00000000000000000000e-01) (0, 0, 0.00000000000000000000e+00) 
connections (connected_to_neuron, weight)=(0, -2.96034870147705078125e+01) (1, -1.18053722381591796875e+00) (0, 1.30368375778198242188e+00) (1, 1.58570110797882080078e-01) (0, -2.00046367645263671875e+01) (1, -5.76003730297088623047e-01) (0, 1.29281454086303710938e+01) (1, 1.23486642837524414062e+01) (2, 8.40318441390991210938e-01) (3, 7.65524291992187500000e+00) (4, 2.07638740539550781250e+00) (5, -1.50137579441070556641e+00) (6, 2.11586761474609375000e+00) (2, 1.41187775135040283203e+00) (3, 1.72048246860504150391e+00) (4, 1.01947963237762451172e+00) (5, -2.29471325874328613281e+00) (6, -6.71757102012634277344e-01) (2, 8.85043859481811523438e-01) (3, 4.24563199281692504883e-01) (4, 1.11625611782073974609e+00) (5, -2.60064744949340820312e+00) (6, 3.87591898441314697266e-01) (2, 1.32526993751525878906e+00) (3, 1.41777551174163818359e+00) (4, 1.14728999137878417969e+00) (5, -2.29156732559204101562e+00) (6, -7.19980955123901367188e-01) (7, -2.99662295728921890259e-02) (8, -7.58651178330183029175e-03) (9, 2.35688090324401855469e-02) (10, -3.11735580908134579659e-04) (11, 1.01582203060388565063e-02) (7, -4.11807805299758911133e-01) (8, -5.63597559928894042969e-01) (9, -5.32152771949768066406e-01) (10, -8.71953070163726806641e-01) (11, -4.29340511560440063477e-01) 
