FANN_FLO_2.1
num_layers=3
learning_rate=0.300000
connection_rate=1.000000
network_type=0
learning_momentum=0.000000
training_algorithm=2
train_error_function=1
train_stop_function=0
cascade_output_change_fraction=0.010000
quickprop_decay=-0.000100
quickprop_mu=1.750000
rprop_increase_factor=1.200000
rprop_decrease_factor=0.500000
rprop_delta_min=0.000000
rprop_delta_max=50.000000
rprop_delta_zero=0.100000
cascade_output_stagnation_epochs=12
cascade_candidate_change_fraction=0.010000
cascade_candidate_stagnation_epochs=12
cascade_max_out_epochs=150
cascade_min_out_epochs=50
cascade_max_cand_epochs=150
cascade_min_cand_epochs=50
cascade_num_candidate_groups=2
bit_fail_limit=3.49999994039535522461e-01
cascade_candidate_limit=1.00000000000000000000e+03
cascade_weight_multiplier=4.00000005960464477539e-01
cascade_activation_functions_count=10
cascade_activation_functions=3 5 7 8 10 11 14 15 16 17 
cascade_activation_steepnesses_count=4
cascade_activation_steepnesses=2.50000000000000000000e-01 5.00000000000000000000e-01 7.50000000000000000000e-01 1.00000000000000000000e+00 
layer_sizes=4 9 2 
scale_included=0
neurons (num_inputs, activation_function, activation_steepness)=(0, 0, 0.00000000000000000000e+00) (0, 0, 0.00000000000000000000e+00) (0, 0, 0.00000000000000000000e+00) (0, 0, 0.00000000000000000000e+00) (4, 3, 5.00000000000000000000e-01) (4, 3, 5.00000000000000000000e-01) (4, 3, 5.00000000000000000000e-01) (4, 3, 5.00000000000000000000e-01) (4, 3, 5.00000000000000000000e-01) (4, 3, 5.00000000000000000000e-01) (4, 3, 5.00000000000000000000e-01) (4, 3, 5.00000000000000000000e-01) (0, 3, 0.00000000000000000000e+00) (9, 3, 5.00000000000000000000e-01) (0, 3, 0.00000000000000000000e+00) 
connections (connected_to_neuron, weight)=(0, -1.13546204566955566406e+00) (1, 7.25071966648101806641e-01) (2, -1.81239056587219238281e+00) (3, 5.67620468139648437500e+00) (0, -7.85029008984565734863e-02) (1, 4.99673821032047271729e-02) (2, -5.97524583339691162109e-01) (3, 1.80540454387664794922e+00) (0, -2.32373282313346862793e-01) (1, 1.49345800280570983887e-01) (2, -9.68855381011962890625e-01) (3, 2.18665361404418945312e-01) (0, -1.13302886486053466797e+00) (1, 6.65759086608886718750e-01) (2, -1.71189510822296142578e+00) (3, 7.45056009292602539062e+00) (0, -1.72659301757812500000e+00) (1, 7.05970227718353271484e-01) (2, 7.49864205718040466309e-02) (3, 2.62919545173645019531e+00) (0, -1.92723155021667480469e+00) (1, 6.65947675704956054688e-01) (2, -5.91917335987091064453e-01) (3, 6.44360637664794921875e+00) (0, 5.46567618846893310547e-01) (1, 4.56761538982391357422e-01) (2, -1.41056413650512695312e+01) (3, 3.57628136873245239258e-01) (0, -1.82064533233642578125e-01) (1, 2.10119001567363739014e-02) (2, -1.36375874280929565430e-01) (3, 2.35214996337890625000e+00) (4, -9.71903428435325622559e-02) (5, -2.98102211952209472656e+00) (6, 7.38139629364013671875e-01) (7, -1.19141578674316406250e-01) (8, -1.74666568636894226074e-01) (9, -1.44780069589614868164e-01) (10, -1.50000000000000000000e+03) (11, -4.65047073364257812500e+00) (12, 5.72439074516296386719e-01) 
