FANN_FLO_2.1
num_layers=3
learning_rate=0.500000
connection_rate=1.000000
network_type=0
learning_momentum=0.000000
training_algorithm=2
train_error_function=1
train_stop_function=0
cascade_output_change_fraction=0.010000
quickprop_decay=-0.000100
quickprop_mu=1.750000
rprop_increase_factor=1.200000
rprop_decrease_factor=0.500000
rprop_delta_min=0.000000
rprop_delta_max=50.000000
rprop_delta_zero=0.100000
cascade_output_stagnation_epochs=12
cascade_candidate_change_fraction=0.010000
cascade_candidate_stagnation_epochs=12
cascade_max_out_epochs=150
cascade_min_out_epochs=50
cascade_max_cand_epochs=150
cascade_min_cand_epochs=50
cascade_num_candidate_groups=2
bit_fail_limit=3.49999994039535522461e-01
cascade_candidate_limit=1.00000000000000000000e+03
cascade_weight_multiplier=4.00000005960464477539e-01
cascade_activation_functions_count=10
cascade_activation_functions=3 5 7 8 10 11 14 15 16 17 
cascade_activation_steepnesses_count=4
cascade_activation_steepnesses=2.50000000000000000000e-01 5.00000000000000000000e-01 7.50000000000000000000e-01 1.00000000000000000000e+00 
layer_sizes=10 3 2 
scale_included=0
neurons (num_inputs, activation_function, activation_steepness)=(0, 0, 0.00000000000000000000e+00) (0, 0, 0.00000000000000000000e+00) (0, 0, 0.00000000000000000000e+00) (0, 0, 0.00000000000000000000e+00) (0, 0, 0.00000000000000000000e+00) (0, 0, 0.00000000000000000000e+00) (0, 0, 0.00000000000000000000e+00) (0, 0, 0.00000000000000000000e+00) (0, 0, 0.00000000000000000000e+00) (0, 0, 0.00000000000000000000e+00) (10, 3, 5.00000000000000000000e-01) (10, 3, 5.00000000000000000000e-01) (0, 3, 0.00000000000000000000e+00) (3, 3, 5.00000000000000000000e-01) (0, 3, 0.00000000000000000000e+00) 
connections (connected_to_neuron, weight)=(0, -5.72522282600402832031e-01) (1, -3.99523645639419555664e-01) (2, -6.68607652187347412109e-01) (3, -5.24453163146972656250e-01) (4, -7.81795799732208251953e-01) (5, -4.59030181169509887695e-01) (6, -4.67447876930236816406e-01) (7, -6.76235914230346679688e-01) (8, -3.90117824077606201172e-01) (9, 2.10004925727844238281e+00) (0, -5.04441797733306884766e-01) (1, -9.02642548084259033203e-01) (2, -3.37937146425247192383e-01) (3, -6.75545454025268554688e-01) (4, -5.64610883593559265137e-02) (5, -7.73440361022949218750e-01) (6, -6.62787556648254394531e-01) (7, -4.69165354967117309570e-01) (8, -7.86133646965026855469e-01) (9, 2.09797453880310058594e+00) (10, -2.20118355751037597656e+00) (11, -1.37103939056396484375e+00) (12, 1.43168437480926513672e+00) 
