FANN_FLO_2.1
num_layers=3
learning_rate=0.500000
connection_rate=1.000000
network_type=0
learning_momentum=0.000000
training_algorithm=2
train_error_function=1
train_stop_function=0
cascade_output_change_fraction=0.010000
quickprop_decay=-0.000100
quickprop_mu=1.750000
rprop_increase_factor=1.200000
rprop_decrease_factor=0.500000
rprop_delta_min=0.000000
rprop_delta_max=50.000000
rprop_delta_zero=0.100000
cascade_output_stagnation_epochs=12
cascade_candidate_change_fraction=0.010000
cascade_candidate_stagnation_epochs=12
cascade_max_out_epochs=150
cascade_min_out_epochs=50
cascade_max_cand_epochs=150
cascade_min_cand_epochs=50
cascade_num_candidate_groups=2
bit_fail_limit=3.49999994039535522461e-01
cascade_candidate_limit=1.00000000000000000000e+03
cascade_weight_multiplier=4.00000005960464477539e-01
cascade_activation_functions_count=10
cascade_activation_functions=3 5 7 8 10 11 14 15 16 17 
cascade_activation_steepnesses_count=4
cascade_activation_steepnesses=2.50000000000000000000e-01 5.00000000000000000000e-01 7.50000000000000000000e-01 1.00000000000000000000e+00 
layer_sizes=18 3 2 
scale_included=0
neurons (num_inputs, activation_function, activation_steepness)=(0, 0, 0.00000000000000000000e+00) (0, 0, 0.00000000000000000000e+00) (0, 0, 0.00000000000000000000e+00) (0, 0, 0.00000000000000000000e+00) (0, 0, 0.00000000000000000000e+00) (0, 0, 0.00000000000000000000e+00) (0, 0, 0.00000000000000000000e+00) (0, 0, 0.00000000000000000000e+00) (0, 0, 0.00000000000000000000e+00) (0, 0, 0.00000000000000000000e+00) (0, 0, 0.00000000000000000000e+00) (0, 0, 0.00000000000000000000e+00) (0, 0, 0.00000000000000000000e+00) (0, 0, 0.00000000000000000000e+00) (0, 0, 0.00000000000000000000e+00) (0, 0, 0.00000000000000000000e+00) (0, 0, 0.00000000000000000000e+00) (0, 0, 0.00000000000000000000e+00) (18, 3, 5.00000000000000000000e-01) (18, 3, 5.00000000000000000000e-01) (0, 3, 0.00000000000000000000e+00) (3, 0, 5.00000000000000000000e-01) (0, 0, 0.00000000000000000000e+00) 
connections (connected_to_neuron, weight)=(0, 6.70824050903320312500e-01) (1, 7.30064928531646728516e-01) (2, 5.87826967239379882812e-01) (3, 5.64322769641876220703e-01) (4, 5.99429666996002197266e-01) (5, -1.01307034492492675781e+00) (6, -7.47742116451263427734e-01) (7, -1.14953684806823730469e+00) (8, 9.35577228665351867676e-02) (9, 3.40755552053451538086e-01) (10, 7.15759575366973876953e-01) (11, 6.96233034133911132812e-01) (12, 5.89170634746551513672e-01) (13, 7.24042534828186035156e-01) (14, 4.37913805246353149414e-01) (15, 7.56654620170593261719e-01) (16, 6.00251674652099609375e-01) (17, -3.30414271354675292969e+00) (0, 7.76957929134368896484e-01) (1, 7.77684569358825683594e-01) (2, 8.74263465404510498047e-01) (3, 8.28722238540649414062e-01) (4, 8.09535920619964599609e-01) (5, -5.11643588542938232422e-01) (6, -7.57519245147705078125e-01) (7, -4.25329625606536865234e-01) (8, -2.83803883939981460571e-02) (9, 1.01307272911071777344e+00) (10, 7.09755003452301025391e-01) (11, 7.49243676662445068359e-01) (12, 7.91957318782806396484e-01) (13, 8.09983193874359130859e-01) (14, 6.94554984569549560547e-01) (15, 7.80627310276031494141e-01) (16, 7.73145020008087158203e-01) (17, -3.15363216400146484375e+00) (18, 6.77339124679565429688e+00) (19, 7.65658044815063476562e+00) (20, 2.01732420921325683594e+00) 
