FANN_FLO_2.1
num_layers=3
learning_rate=0.500000
connection_rate=1.000000
network_type=0
learning_momentum=0.000000
training_algorithm=2
train_error_function=1
train_stop_function=0
cascade_output_change_fraction=0.010000
quickprop_decay=-0.000100
quickprop_mu=1.750000
rprop_increase_factor=1.200000
rprop_decrease_factor=0.500000
rprop_delta_min=0.000000
rprop_delta_max=50.000000
rprop_delta_zero=0.100000
cascade_output_stagnation_epochs=12
cascade_candidate_change_fraction=0.010000
cascade_candidate_stagnation_epochs=12
cascade_max_out_epochs=150
cascade_min_out_epochs=50
cascade_max_cand_epochs=150
cascade_min_cand_epochs=50
cascade_num_candidate_groups=2
bit_fail_limit=3.49999994039535522461e-01
cascade_candidate_limit=1.00000000000000000000e+03
cascade_weight_multiplier=4.00000005960464477539e-01
cascade_activation_functions_count=10
cascade_activation_functions=3 5 7 8 10 11 14 15 16 17 
cascade_activation_steepnesses_count=4
cascade_activation_steepnesses=2.50000000000000000000e-01 5.00000000000000000000e-01 7.50000000000000000000e-01 1.00000000000000000000e+00 
layer_sizes=10 3 2 
scale_included=0
neurons (num_inputs, activation_function, activation_steepness)=(0, 0, 0.00000000000000000000e+00) (0, 0, 0.00000000000000000000e+00) (0, 0, 0.00000000000000000000e+00) (0, 0, 0.00000000000000000000e+00) (0, 0, 0.00000000000000000000e+00) (0, 0, 0.00000000000000000000e+00) (0, 0, 0.00000000000000000000e+00) (0, 0, 0.00000000000000000000e+00) (0, 0, 0.00000000000000000000e+00) (0, 0, 0.00000000000000000000e+00) (10, 3, 5.00000000000000000000e-01) (10, 3, 5.00000000000000000000e-01) (0, 3, 0.00000000000000000000e+00) (3, 3, 5.00000000000000000000e-01) (0, 3, 0.00000000000000000000e+00) 
connections (connected_to_neuron, weight)=(0, 8.32239210605621337891e-01) (1, 7.90480136871337890625e-01) (2, 6.11321032047271728516e-01) (3, 8.27883124351501464844e-01) (4, 3.96529972553253173828e-01) (5, 6.37697637081146240234e-01) (6, 4.64682191610336303711e-01) (7, 7.64670312404632568359e-01) (8, 7.68877625465393066406e-01) (9, -3.76932173967361450195e-01) (0, -5.47019004821777343750e-01) (1, -5.46451210975646972656e-01) (2, -5.76092481613159179688e-01) (3, -5.35483419895172119141e-01) (4, -5.72472333908081054688e-01) (5, -5.61620891094207763672e-01) (6, -5.83867788314819335938e-01) (7, -5.59170842170715332031e-01) (8, -5.52306413650512695312e-01) (9, 2.39477515220642089844e+00) (10, 1.28056824207305908203e+00) (11, -2.98838591575622558594e+00) (12, 2.12410122156143188477e-01) 
