FANN_FLO_2.1
num_layers=3
learning_rate=0.500000
connection_rate=1.000000
network_type=0
learning_momentum=0.000000
training_algorithm=2
train_error_function=1
train_stop_function=0
cascade_output_change_fraction=0.010000
quickprop_decay=-0.000100
quickprop_mu=1.750000
rprop_increase_factor=1.200000
rprop_decrease_factor=0.500000
rprop_delta_min=0.000000
rprop_delta_max=50.000000
rprop_delta_zero=0.100000
cascade_output_stagnation_epochs=12
cascade_candidate_change_fraction=0.010000
cascade_candidate_stagnation_epochs=12
cascade_max_out_epochs=150
cascade_min_out_epochs=50
cascade_max_cand_epochs=150
cascade_min_cand_epochs=50
cascade_num_candidate_groups=2
bit_fail_limit=3.49999994039535522461e-01
cascade_candidate_limit=1.00000000000000000000e+03
cascade_weight_multiplier=4.00000005960464477539e-01
cascade_activation_functions_count=10
cascade_activation_functions=3 5 7 8 10 11 14 15 16 17 
cascade_activation_steepnesses_count=4
cascade_activation_steepnesses=2.50000000000000000000e-01 5.00000000000000000000e-01 7.50000000000000000000e-01 1.00000000000000000000e+00 
layer_sizes=10 5 2 
scale_included=0
neurons (num_inputs, activation_function, activation_steepness)=(0, 0, 0.00000000000000000000e+00) (0, 0, 0.00000000000000000000e+00) (0, 0, 0.00000000000000000000e+00) (0, 0, 0.00000000000000000000e+00) (0, 0, 0.00000000000000000000e+00) (0, 0, 0.00000000000000000000e+00) (0, 0, 0.00000000000000000000e+00) (0, 0, 0.00000000000000000000e+00) (0, 0, 0.00000000000000000000e+00) (0, 0, 0.00000000000000000000e+00) (10, 3, 5.00000000000000000000e-01) (10, 3, 5.00000000000000000000e-01) (10, 3, 5.00000000000000000000e-01) (10, 3, 5.00000000000000000000e-01) (0, 3, 0.00000000000000000000e+00) (5, 3, 5.00000000000000000000e-01) (0, 3, 0.00000000000000000000e+00) 
connections (connected_to_neuron, weight)=(0, -9.31306481361389160156e-01) (1, -1.00139462947845458984e+00) (2, -7.09237635135650634766e-01) (3, -1.06367027759552001953e+00) (4, -7.05870747566223144531e-01) (5, -9.38800454139709472656e-01) (6, -8.75510573387145996094e-01) (7, -8.40685606002807617188e-01) (8, -1.11461341381072998047e+00) (9, 4.58110189437866210938e+00) (0, 5.58133840560913085938e+00) (1, -5.68420410156250000000e+00) (2, 3.61550178527832031250e+01) (3, -6.81239604949951171875e+00) (4, 2.76413898468017578125e+01) (5, -9.85889434814453125000e+00) (6, -1.50699005126953125000e+02) (7, 4.51218070983886718750e+01) (8, -5.12645769119262695312e+00) (9, 5.97776323556900024414e-02) (0, -8.74639570713043212891e-01) (1, -8.03068518638610839844e-01) (2, -7.37535119056701660156e-01) (3, -7.48963713645935058594e-01) (4, -5.84064662456512451172e-01) (5, -8.92270684242248535156e-01) (6, -1.01461029052734375000e+00) (7, -9.57072913646697998047e-01) (8, -4.81260806322097778320e-01) (9, 9.68364119529724121094e-01) (0, -5.13121724128723144531e-01) (1, -6.00062370300292968750e-01) (2, -8.51665139198303222656e-01) (3, -5.57061910629272460938e-01) (4, -8.97492647171020507812e-01) (5, -7.62724518775939941406e-01) (6, -5.66588640213012695312e-01) (7, -7.05126106739044189453e-01) (8, -4.88319754600524902344e-01) (9, 1.07683515548706054688e+00) (10, -1.34322416782379150391e+00) (11, 1.33462287485599517822e-02) (12, -1.39829754829406738281e+00) (13, -1.32706749439239501953e+00) (14, 1.10970175266265869141e+00) 
