FANN_FLO_2.1
num_layers=3
learning_rate=0.500000
connection_rate=1.000000
network_type=0
learning_momentum=0.000000
training_algorithm=2
train_error_function=1
train_stop_function=0
cascade_output_change_fraction=0.010000
quickprop_decay=-0.000100
quickprop_mu=1.750000
rprop_increase_factor=1.200000
rprop_decrease_factor=0.500000
rprop_delta_min=0.000000
rprop_delta_max=50.000000
rprop_delta_zero=0.100000
cascade_output_stagnation_epochs=12
cascade_candidate_change_fraction=0.010000
cascade_candidate_stagnation_epochs=12
cascade_max_out_epochs=150
cascade_min_out_epochs=50
cascade_max_cand_epochs=150
cascade_min_cand_epochs=50
cascade_num_candidate_groups=2
bit_fail_limit=3.49999994039535522461e-01
cascade_candidate_limit=1.00000000000000000000e+03
cascade_weight_multiplier=4.00000005960464477539e-01
cascade_activation_functions_count=10
cascade_activation_functions=3 5 7 8 10 11 14 15 16 17 
cascade_activation_steepnesses_count=4
cascade_activation_steepnesses=2.50000000000000000000e-01 5.00000000000000000000e-01 7.50000000000000000000e-01 1.00000000000000000000e+00 
layer_sizes=7 9 2 
scale_included=0
neurons (num_inputs, activation_function, activation_steepness)=(0, 0, 0.00000000000000000000e+00) (0, 0, 0.00000000000000000000e+00) (0, 0, 0.00000000000000000000e+00) (0, 0, 0.00000000000000000000e+00) (0, 0, 0.00000000000000000000e+00) (0, 0, 0.00000000000000000000e+00) (0, 0, 0.00000000000000000000e+00) (7, 3, 5.00000000000000000000e-01) (7, 3, 5.00000000000000000000e-01) (7, 3, 5.00000000000000000000e-01) (7, 3, 5.00000000000000000000e-01) (7, 3, 5.00000000000000000000e-01) (7, 3, 5.00000000000000000000e-01) (7, 3, 5.00000000000000000000e-01) (7, 3, 5.00000000000000000000e-01) (0, 3, 0.00000000000000000000e+00) (9, 0, 5.00000000000000000000e-01) (0, 0, 0.00000000000000000000e+00) 
connections (connected_to_neuron, weight)=(0, 3.15988945960998535156e+00) (1, 1.47000000000000000000e+03) (2, 1.50000000000000000000e+03) (3, 1.09675054550170898438e+01) (4, 1.47000000000000000000e+03) (5, 1.50000000000000000000e+03) (6, -5.83906292915344238281e-01) (0, -7.39131629467010498047e-01) (1, -2.36296296119689941406e+00) (2, 3.04852628707885742188e+00) (3, -1.12691795825958251953e+00) (4, -1.55312454700469970703e+00) (5, 2.69953322410583496094e+00) (6, -1.78896933794021606445e-01) (0, -2.92104154825210571289e-01) (1, -3.98792028427124023438e-01) (2, 4.82194089889526367188e+00) (3, -3.51507484912872314453e-01) (4, 8.11701193451881408691e-02) (5, -3.94684839248657226562e+00) (6, 1.90609550476074218750e+01) (0, -2.15621978044509887695e-01) (1, -8.07547912597656250000e+02) (2, -1.11077003479003906250e+02) (3, -1.14344143867492675781e+00) (4, -1.44500000000000000000e+03) (5, -7.41586303710937500000e+02) (6, -3.72941446304321289062e+00) (0, -3.45530509948730468750e-01) (1, 5.26931107044219970703e-01) (2, -1.47500000000000000000e+03) (3, -3.30419450998306274414e-01) (4, 1.80495351552963256836e-01) (5, -1.47500000000000000000e+03) (6, -4.50270175933837890625e-01) (0, -3.92803072929382324219e+00) (1, -1.44500000000000000000e+03) (2, -1.47500000000000000000e+03) (3, -1.46203870773315429688e+01) (4, -1.44500000000000000000e+03) (5, -1.47500000000000000000e+03) (6, -5.48642039299011230469e-01) (0, -8.71606886386871337891e-01) (1, -8.98138403892517089844e-01) (2, 5.43575096130371093750e+00) (3, -9.18811500072479248047e-01) (4, -8.27942252159118652344e-01) (5, 9.48211479187011718750e+00) (6, -2.13575378060340881348e-01) (0, -3.73043346405029296875e+00) (1, -1.44500000000000000000e+03) (2, -1.47500000000000000000e+03) (3, -9.81667804718017578125e+00) (4, -1.44500000000000000000e+03) (5, -9.63068847656250000000e+02) (6, -6.08696043491363525391e-01) (7, -1.25979222357273101807e-02) (8, 5.31091034412384033203e-01) (9, 1.20557146146893501282e-02) (10, 1.50000000000000000000e+03) (11, 2.17387471348047256470e-02) (12, 1.50000000000000000000e+03) (13, -1.22868798673152923584e-01) (14, 7.47252075195312500000e+02) (15, 9.77048091590404510498e-03) 
