FANN_FLO_2.1
num_layers=3
learning_rate=0.500000
connection_rate=1.000000
network_type=0
learning_momentum=0.000000
training_algorithm=2
train_error_function=1
train_stop_function=0
cascade_output_change_fraction=0.010000
quickprop_decay=-0.000100
quickprop_mu=1.750000
rprop_increase_factor=1.200000
rprop_decrease_factor=0.500000
rprop_delta_min=0.000000
rprop_delta_max=50.000000
rprop_delta_zero=0.100000
cascade_output_stagnation_epochs=12
cascade_candidate_change_fraction=0.010000
cascade_candidate_stagnation_epochs=12
cascade_max_out_epochs=150
cascade_min_out_epochs=50
cascade_max_cand_epochs=150
cascade_min_cand_epochs=50
cascade_num_candidate_groups=2
bit_fail_limit=3.49999994039535522461e-01
cascade_candidate_limit=1.00000000000000000000e+03
cascade_weight_multiplier=4.00000005960464477539e-01
cascade_activation_functions_count=10
cascade_activation_functions=3 5 7 8 10 11 14 15 16 17 
cascade_activation_steepnesses_count=4
cascade_activation_steepnesses=2.50000000000000000000e-01 5.00000000000000000000e-01 7.50000000000000000000e-01 1.00000000000000000000e+00 
layer_sizes=10 5 2 
scale_included=0
neurons (num_inputs, activation_function, activation_steepness)=(0, 0, 0.00000000000000000000e+00) (0, 0, 0.00000000000000000000e+00) (0, 0, 0.00000000000000000000e+00) (0, 0, 0.00000000000000000000e+00) (0, 0, 0.00000000000000000000e+00) (0, 0, 0.00000000000000000000e+00) (0, 0, 0.00000000000000000000e+00) (0, 0, 0.00000000000000000000e+00) (0, 0, 0.00000000000000000000e+00) (0, 0, 0.00000000000000000000e+00) (10, 3, 5.00000000000000000000e-01) (10, 3, 5.00000000000000000000e-01) (10, 3, 5.00000000000000000000e-01) (10, 3, 5.00000000000000000000e-01) (0, 3, 0.00000000000000000000e+00) (5, 3, 5.00000000000000000000e-01) (0, 3, 0.00000000000000000000e+00) 
connections (connected_to_neuron, weight)=(0, -5.26359379291534423828e-01) (1, -6.37019038200378417969e-01) (2, -7.14367449283599853516e-01) (3, -6.47858500480651855469e-01) (4, -4.62863236665725708008e-01) (5, -6.50615811347961425781e-01) (6, -5.39737224578857421875e-01) (7, -5.54940283298492431641e-01) (8, -5.30336380004882812500e-01) (9, 2.35703229904174804688e+00) (0, -8.09560298919677734375e-01) (1, -3.16921621561050415039e-01) (2, -1.13064125180244445801e-01) (3, -5.80570518970489501953e-01) (4, -8.90215396881103515625e-01) (5, -3.23355495929718017578e-01) (6, -6.51368379592895507812e-01) (7, -7.02623009681701660156e-01) (8, -7.62596309185028076172e-01) (9, 5.66377043724060058594e-01) (0, -7.08689630031585693359e-01) (1, -2.60756015777587890625e-01) (2, 6.74027279019355773926e-02) (3, 1.74821168184280395508e-02) (4, -1.21097397804260253906e+00) (5, -3.38042706251144409180e-01) (6, -7.98115372657775878906e-01) (7, -5.84848403930664062500e-01) (8, -6.36744439601898193359e-01) (9, 5.73142886161804199219e-01) (0, -8.02183985710144042969e-01) (1, -4.60121214389801025391e-01) (2, -4.13549467921257019043e-02) (3, -3.69072481989860534668e-02) (4, -8.15105915069580078125e-01) (5, -2.95138418674468994141e-01) (6, -7.27735698223114013672e-01) (7, -7.20092594623565673828e-01) (8, -7.47789025306701660156e-01) (9, 8.11289668083190917969e-01) (10, -2.71998977661132812500e+00) (11, -4.53706890344619750977e-01) (12, -3.65901708602905273438e-01) (13, -3.46384286880493164062e-01) (14, 1.36175596714019775391e+00) 
