FANN_FLO_2.1
num_layers=3
learning_rate=0.400000
connection_rate=1.000000
network_type=0
learning_momentum=0.000000
training_algorithm=2
train_error_function=1
train_stop_function=0
cascade_output_change_fraction=0.010000
quickprop_decay=-0.000100
quickprop_mu=1.750000
rprop_increase_factor=1.200000
rprop_decrease_factor=0.500000
rprop_delta_min=0.000000
rprop_delta_max=50.000000
rprop_delta_zero=0.100000
cascade_output_stagnation_epochs=12
cascade_candidate_change_fraction=0.010000
cascade_candidate_stagnation_epochs=12
cascade_max_out_epochs=150
cascade_min_out_epochs=50
cascade_max_cand_epochs=150
cascade_min_cand_epochs=50
cascade_num_candidate_groups=2
bit_fail_limit=3.49999994039535522461e-01
cascade_candidate_limit=1.00000000000000000000e+03
cascade_weight_multiplier=4.00000005960464477539e-01
cascade_activation_functions_count=10
cascade_activation_functions=3 5 7 8 10 11 14 15 16 17 
cascade_activation_steepnesses_count=4
cascade_activation_steepnesses=2.50000000000000000000e-01 5.00000000000000000000e-01 7.50000000000000000000e-01 1.00000000000000000000e+00 
layer_sizes=6 5 2 
scale_included=0
neurons (num_inputs, activation_function, activation_steepness)=(0, 0, 0.00000000000000000000e+00) (0, 0, 0.00000000000000000000e+00) (0, 0, 0.00000000000000000000e+00) (0, 0, 0.00000000000000000000e+00) (0, 0, 0.00000000000000000000e+00) (0, 0, 0.00000000000000000000e+00) (6, 3, 5.00000000000000000000e-01) (6, 3, 5.00000000000000000000e-01) (6, 3, 5.00000000000000000000e-01) (6, 3, 5.00000000000000000000e-01) (0, 3, 0.00000000000000000000e+00) (5, 0, 5.00000000000000000000e-01) (0, 0, 0.00000000000000000000e+00) 
connections (connected_to_neuron, weight)=(0, -1.50000000000000000000e+03) (1, -2.41959037780761718750e+01) (2, 5.59122920036315917969e-01) (3, -3.20165133476257324219e+00) (4, -8.43527889251708984375e+00) (5, 9.10735070705413818359e-01) (0, -1.50000000000000000000e+03) (1, -2.43433971405029296875e+01) (2, 8.43603253364562988281e-01) (3, -3.26349544525146484375e+00) (4, -8.70867824554443359375e+00) (5, 5.16968965530395507812e-01) (0, -1.50000000000000000000e+03) (1, -1.38347311019897460938e+01) (2, 2.64897513389587402344e+00) (3, -4.67208802700042724609e-01) (4, -5.75422239303588867188e+00) (5, 3.92927676439285278320e-01) (0, -1.50000000000000000000e+03) (1, -8.80631542205810546875e+00) (2, 1.02985322475433349609e+00) (3, -2.99240976572036743164e-01) (4, -5.76306343078613281250e+00) (5, 3.84772539138793945312e-01) (6, 5.68240966796875000000e+02) (7, 5.95313110351562500000e+01) (8, 1.12214107513427734375e+01) (9, 1.21856060028076171875e+01) (10, 6.67244851589202880859e-01) 
