FANN_FLO_2.1
num_layers=3
learning_rate=0.400000
connection_rate=1.000000
network_type=0
learning_momentum=0.000000
training_algorithm=2
train_error_function=1
train_stop_function=0
cascade_output_change_fraction=0.010000
quickprop_decay=-0.000100
quickprop_mu=1.750000
rprop_increase_factor=1.200000
rprop_decrease_factor=0.500000
rprop_delta_min=0.000000
rprop_delta_max=50.000000
rprop_delta_zero=0.100000
cascade_output_stagnation_epochs=12
cascade_candidate_change_fraction=0.010000
cascade_candidate_stagnation_epochs=12
cascade_max_out_epochs=150
cascade_min_out_epochs=50
cascade_max_cand_epochs=150
cascade_min_cand_epochs=50
cascade_num_candidate_groups=2
bit_fail_limit=3.49999994039535522461e-01
cascade_candidate_limit=1.00000000000000000000e+03
cascade_weight_multiplier=4.00000005960464477539e-01
cascade_activation_functions_count=10
cascade_activation_functions=3 5 7 8 10 11 14 15 16 17 
cascade_activation_steepnesses_count=4
cascade_activation_steepnesses=2.50000000000000000000e-01 5.00000000000000000000e-01 7.50000000000000000000e-01 1.00000000000000000000e+00 
layer_sizes=6 5 2 
scale_included=0
neurons (num_inputs, activation_function, activation_steepness)=(0, 0, 0.00000000000000000000e+00) (0, 0, 0.00000000000000000000e+00) (0, 0, 0.00000000000000000000e+00) (0, 0, 0.00000000000000000000e+00) (0, 0, 0.00000000000000000000e+00) (0, 0, 0.00000000000000000000e+00) (6, 3, 5.00000000000000000000e-01) (6, 3, 5.00000000000000000000e-01) (6, 3, 5.00000000000000000000e-01) (6, 3, 5.00000000000000000000e-01) (0, 3, 0.00000000000000000000e+00) (5, 0, 5.00000000000000000000e-01) (0, 0, 0.00000000000000000000e+00) 
connections (connected_to_neuron, weight)=(0, -4.53893184661865234375e+00) (1, -6.26507341861724853516e-01) (2, 3.92949208617210388184e-02) (3, -2.43413949012756347656e+00) (4, 3.00094097852706909180e-01) (5, -4.62701141834259033203e-01) (0, -2.07362823486328125000e+01) (1, -1.97808420658111572266e+00) (2, -4.13874924182891845703e-01) (3, -2.13873815536499023438e+00) (4, -2.82014384865760803223e-02) (5, 2.42373317480087280273e-01) (0, -4.17568778991699218750e+01) (1, -6.43911981582641601562e+00) (2, -6.73509240150451660156e-01) (3, -2.41421461105346679688e+00) (4, -1.00399792194366455078e+00) (5, -2.53337234258651733398e-01) (0, -5.10224342346191406250e+01) (1, -1.69279551506042480469e+00) (2, -5.86685389280319213867e-02) (3, -8.19906115531921386719e-01) (4, 1.97616517543792724609e-01) (5, 1.17202967405319213867e-01) (6, 4.93797302246093750000e-01) (7, 5.73748648166656494141e-01) (8, 2.59137296676635742188e+00) (9, 3.74785721302032470703e-01) (10, 5.06944477558135986328e-01) 
