FANN_FLO_2.1
num_layers=4
learning_rate=0.500000
connection_rate=1.000000
network_type=0
learning_momentum=0.000000
training_algorithm=2
train_error_function=1
train_stop_function=0
cascade_output_change_fraction=0.010000
quickprop_decay=-0.000100
quickprop_mu=1.750000
rprop_increase_factor=1.200000
rprop_decrease_factor=0.500000
rprop_delta_min=0.000000
rprop_delta_max=50.000000
rprop_delta_zero=0.100000
cascade_output_stagnation_epochs=12
cascade_candidate_change_fraction=0.010000
cascade_candidate_stagnation_epochs=12
cascade_max_out_epochs=150
cascade_min_out_epochs=50
cascade_max_cand_epochs=150
cascade_min_cand_epochs=50
cascade_num_candidate_groups=2
bit_fail_limit=3.49999994039535522461e-01
cascade_candidate_limit=1.00000000000000000000e+03
cascade_weight_multiplier=4.00000005960464477539e-01
cascade_activation_functions_count=10
cascade_activation_functions=3 5 7 8 10 11 14 15 16 17 
cascade_activation_steepnesses_count=4
cascade_activation_steepnesses=2.50000000000000000000e-01 5.00000000000000000000e-01 7.50000000000000000000e-01 1.00000000000000000000e+00 
layer_sizes=4 5 3 2 
scale_included=0
neurons (num_inputs, activation_function, activation_steepness)=(0, 0, 0.00000000000000000000e+00) (0, 0, 0.00000000000000000000e+00) (0, 0, 0.00000000000000000000e+00) (0, 0, 0.00000000000000000000e+00) (4, 3, 5.00000000000000000000e-01) (4, 3, 5.00000000000000000000e-01) (4, 3, 5.00000000000000000000e-01) (4, 3, 5.00000000000000000000e-01) (0, 3, 0.00000000000000000000e+00) (5, 3, 5.00000000000000000000e-01) (5, 3, 5.00000000000000000000e-01) (0, 3, 0.00000000000000000000e+00) (3, 3, 5.00000000000000000000e-01) (0, 3, 0.00000000000000000000e+00) 
connections (connected_to_neuron, weight)=(0, -6.38753938674926757812e+00) (1, -5.69394969940185546875e+00) (2, 9.22276616096496582031e-01) (3, 4.85164165496826171875e+00) (0, -1.12274681091308593750e+02) (1, 1.14711189270019531250e+02) (2, -5.68175697326660156250e+00) (3, 1.04614901542663574219e+00) (0, -1.77225952148437500000e+02) (1, 1.16269386291503906250e+02) (2, -5.22399997711181640625e+00) (3, 1.12855267524719238281e+00) (0, -1.56352968215942382812e+01) (1, 1.04304666519165039062e+01) (2, 1.46369159221649169922e+00) (3, 9.92500424385070800781e-01) (4, 3.03260097503662109375e+01) (5, -6.72220516204833984375e+00) (6, 9.66144371032714843750e+00) (7, -6.68178415298461914062e+00) (8, -8.30006027221679687500e+00) (4, 1.08877429962158203125e+01) (5, -1.21016693115234375000e+00) (6, 7.92284250259399414062e+00) (7, -5.66609001159667968750e+00) (8, -2.40921950340270996094e+00) (9, -4.10660648345947265625e+00) (10, -6.61020278930664062500e-02) (11, 1.91759622097015380859e+00) 
