FANN_FLO_2.1
num_layers=3
learning_rate=0.500000
connection_rate=1.000000
network_type=0
learning_momentum=0.000000
training_algorithm=2
train_error_function=1
train_stop_function=0
cascade_output_change_fraction=0.010000
quickprop_decay=-0.000100
quickprop_mu=1.750000
rprop_increase_factor=1.200000
rprop_decrease_factor=0.500000
rprop_delta_min=0.000000
rprop_delta_max=50.000000
rprop_delta_zero=0.100000
cascade_output_stagnation_epochs=12
cascade_candidate_change_fraction=0.010000
cascade_candidate_stagnation_epochs=12
cascade_max_out_epochs=150
cascade_min_out_epochs=50
cascade_max_cand_epochs=150
cascade_min_cand_epochs=50
cascade_num_candidate_groups=2
bit_fail_limit=3.49999994039535522461e-01
cascade_candidate_limit=1.00000000000000000000e+03
cascade_weight_multiplier=4.00000005960464477539e-01
cascade_activation_functions_count=10
cascade_activation_functions=3 5 7 8 10 11 14 15 16 17 
cascade_activation_steepnesses_count=4
cascade_activation_steepnesses=2.50000000000000000000e-01 5.00000000000000000000e-01 7.50000000000000000000e-01 1.00000000000000000000e+00 
layer_sizes=3 9 4 
scale_included=0
neurons (num_inputs, activation_function, activation_steepness)=(0, 0, 0.00000000000000000000e+00) (0, 0, 0.00000000000000000000e+00) (0, 0, 0.00000000000000000000e+00) (3, 3, 5.00000000000000000000e-01) (3, 3, 5.00000000000000000000e-01) (3, 3, 5.00000000000000000000e-01) (3, 3, 5.00000000000000000000e-01) (3, 3, 5.00000000000000000000e-01) (3, 3, 5.00000000000000000000e-01) (3, 3, 5.00000000000000000000e-01) (3, 3, 5.00000000000000000000e-01) (0, 3, 0.00000000000000000000e+00) (9, 0, 5.00000000000000000000e-01) (9, 0, 5.00000000000000000000e-01) (9, 0, 5.00000000000000000000e-01) (0, 0, 0.00000000000000000000e+00) 
connections (connected_to_neuron, weight)=(0, -2.12889480590820312500e+00) (1, -3.60735225677490234375e+00) (2, 3.29950392246246337891e-01) (0, -9.29644012451171875000e+00) (1, 7.73818683624267578125e+00) (2, 6.33234930038452148438e+00) (0, -8.64204502105712890625e+00) (1, 1.07611942291259765625e+01) (2, 8.38899612426757812500e+00) (0, -4.41784429550170898438e+00) (1, 1.97711563110351562500e+00) (2, 9.86100959777832031250e+00) (0, -5.04687738418579101562e+00) (1, 3.93539834022521972656e+00) (2, 1.37005284428596496582e-01) (0, -5.20576286315917968750e+00) (1, -3.26035730540752410889e-02) (2, 9.27690565586090087891e-01) (0, -5.05517530441284179688e+00) (1, -2.81021738052368164062e+00) (2, 9.27733361721038818359e-01) (0, -4.61140251159667968750e+00) (1, 5.57638823986053466797e-01) (2, 3.56164526939392089844e+00) (3, 2.49104762077331542969e+00) (4, 6.62246048450469970703e-01) (5, 7.25339412689208984375e-01) (6, 4.28709775209426879883e-01) (7, 2.71527409553527832031e+00) (8, 2.36535286903381347656e+00) (9, 1.99834060668945312500e+00) (10, -8.63573729991912841797e-01) (11, 5.50178647041320800781e-01) (3, 7.20685482025146484375e+00) (4, 3.31182265281677246094e+00) (5, 2.78667402267456054688e+00) (6, 1.66265654563903808594e+00) (7, 3.53636980056762695312e+00) (8, 5.19862556457519531250e+00) (9, 5.28419876098632812500e+00) (10, 2.97225379943847656250e+00) (11, 2.06078743934631347656e+00) (3, 2.29925022125244140625e+01) (4, 9.14474201202392578125e+00) (5, 9.53400707244873046875e+00) (6, 9.13226604461669921875e+00) (7, 9.47063446044921875000e+00) (8, 1.60964622497558593750e+01) (9, 1.69299316406250000000e+01) (10, 1.12891054153442382812e+01) (11, 9.10047245025634765625e+00) 
