FANN_FLO_2.1
num_layers=4
learning_rate=0.450000
connection_rate=1.000000
network_type=0
learning_momentum=0.000000
training_algorithm=2
train_error_function=1
train_stop_function=0
cascade_output_change_fraction=0.010000
quickprop_decay=-0.000100
quickprop_mu=1.750000
rprop_increase_factor=1.200000
rprop_decrease_factor=0.500000
rprop_delta_min=0.000000
rprop_delta_max=50.000000
rprop_delta_zero=0.100000
cascade_output_stagnation_epochs=12
cascade_candidate_change_fraction=0.010000
cascade_candidate_stagnation_epochs=12
cascade_max_out_epochs=150
cascade_min_out_epochs=50
cascade_max_cand_epochs=150
cascade_min_cand_epochs=50
cascade_num_candidate_groups=2
bit_fail_limit=3.49999994039535522461e-01
cascade_candidate_limit=1.00000000000000000000e+03
cascade_weight_multiplier=4.00000005960464477539e-01
cascade_activation_functions_count=10
cascade_activation_functions=3 5 7 8 10 11 14 15 16 17 
cascade_activation_steepnesses_count=4
cascade_activation_steepnesses=2.50000000000000000000e-01 5.00000000000000000000e-01 7.50000000000000000000e-01 1.00000000000000000000e+00 
layer_sizes=7 5 5 2 
scale_included=0
neurons (num_inputs, activation_function, activation_steepness)=(0, 0, 0.00000000000000000000e+00) (0, 0, 0.00000000000000000000e+00) (0, 0, 0.00000000000000000000e+00) (0, 0, 0.00000000000000000000e+00) (0, 0, 0.00000000000000000000e+00) (0, 0, 0.00000000000000000000e+00) (0, 0, 0.00000000000000000000e+00) (7, 3, 5.00000000000000000000e-01) (7, 3, 5.00000000000000000000e-01) (7, 3, 5.00000000000000000000e-01) (7, 3, 5.00000000000000000000e-01) (0, 3, 0.00000000000000000000e+00) (5, 3, 5.00000000000000000000e-01) (5, 3, 5.00000000000000000000e-01) (5, 3, 5.00000000000000000000e-01) (5, 3, 5.00000000000000000000e-01) (0, 3, 0.00000000000000000000e+00) (5, 0, 5.00000000000000000000e-01) (0, 0, 0.00000000000000000000e+00) 
connections (connected_to_neuron, weight)=(0, -6.07986822724342346191e-02) (1, -1.26316636800765991211e-01) (2, -2.26951558142900466919e-02) (3, 2.40369513630867004395e-02) (4, -5.97325861454010009766e-01) (5, 5.35030186176300048828e-01) (6, 1.20197935104370117188e+01) (0, -9.75058823823928833008e-02) (1, 3.24926435947418212891e-01) (2, 1.82569742202758789062e+00) (3, 8.03192332386970520020e-02) (4, 4.54780101776123046875e-01) (5, 6.59587323665618896484e-01) (6, -1.28966693878173828125e+01) (0, -1.29358515143394470215e-01) (1, 2.07377299666404724121e-01) (2, -1.04257416725158691406e+00) (3, -1.17787003517150878906e-01) (4, 5.55320978164672851562e-01) (5, 1.43518686294555664062e-01) (6, 3.57791399955749511719e+00) (0, 9.46525726318359375000e+01) (1, 3.61988250732421875000e+02) (2, 1.50000000000000000000e+03) (3, 5.76787185668945312500e+01) (4, -6.15515625000000000000e+02) (5, -1.44769799804687500000e+03) (6, -1.48844958496093750000e+03) (7, -5.03438711166381835938e-01) (8, -3.69209945201873779297e-01) (9, -3.21397691965103149414e-01) (10, 7.52947032451629638672e-02) (11, -2.60786920785903930664e-01) (7, -3.71432691812515258789e-01) (8, -2.75443136692047119141e-01) (9, -1.12166118621826171875e+00) (10, -1.96472084522247314453e+00) (11, -2.94131219387054443359e-01) (7, -2.21369281411170959473e-01) (8, -1.16957873106002807617e-01) (9, -1.42341956496238708496e-01) (10, 5.16437172889709472656e-01) (11, 1.39377452433109283447e-03) (7, 6.17185281589627265930e-03) (8, -2.18408107757568359375e-01) (9, -2.34307453036308288574e-01) (10, 4.77948755025863647461e-01) (11, -2.48912915587425231934e-01) (12, 8.50176587700843811035e-02) (13, 1.17254108190536499023e-01) (14, 1.11209169030189514160e-01) (15, -6.26278296113014221191e-02) (16, -5.01472949981689453125e-02) 
