FANN_FLO_2.1
num_layers=4
learning_rate=0.300000
connection_rate=1.000000
network_type=0
learning_momentum=0.000000
training_algorithm=2
train_error_function=1
train_stop_function=0
cascade_output_change_fraction=0.010000
quickprop_decay=-0.000100
quickprop_mu=1.750000
rprop_increase_factor=1.200000
rprop_decrease_factor=0.500000
rprop_delta_min=0.000000
rprop_delta_max=50.000000
rprop_delta_zero=0.100000
cascade_output_stagnation_epochs=12
cascade_candidate_change_fraction=0.010000
cascade_candidate_stagnation_epochs=12
cascade_max_out_epochs=150
cascade_min_out_epochs=50
cascade_max_cand_epochs=150
cascade_min_cand_epochs=50
cascade_num_candidate_groups=2
bit_fail_limit=3.49999994039535522461e-01
cascade_candidate_limit=1.00000000000000000000e+03
cascade_weight_multiplier=4.00000005960464477539e-01
cascade_activation_functions_count=10
cascade_activation_functions=3 5 7 8 10 11 14 15 16 17 
cascade_activation_steepnesses_count=4
cascade_activation_steepnesses=2.50000000000000000000e-01 5.00000000000000000000e-01 7.50000000000000000000e-01 1.00000000000000000000e+00 
layer_sizes=2 5 3 3 
scale_included=0
neurons (num_inputs, activation_function, activation_steepness)=(0, 0, 0.00000000000000000000e+00) (0, 0, 0.00000000000000000000e+00) (2, 3, 5.00000000000000000000e-01) (2, 3, 5.00000000000000000000e-01) (2, 3, 5.00000000000000000000e-01) (2, 3, 5.00000000000000000000e-01) (0, 3, 0.00000000000000000000e+00) (5, 3, 5.00000000000000000000e-01) (5, 3, 5.00000000000000000000e-01) (0, 3, 0.00000000000000000000e+00) (3, 0, 5.00000000000000000000e-01) (3, 0, 5.00000000000000000000e-01) (0, 0, 0.00000000000000000000e+00) 
connections (connected_to_neuron, weight)=(0, -5.23050994873046875000e+01) (1, -1.06515383720397949219e+00) (0, -3.18919229507446289062e+00) (1, -3.58143377304077148438e+00) (0, -1.69348657131195068359e-01) (1, 1.48778188228607177734e+00) (0, -6.21518516540527343750e+00) (1, -2.83996295928955078125e+00) (2, -4.40723091363906860352e-01) (3, 1.06214773654937744141e+00) (4, 1.40779465436935424805e-01) (5, 9.28409576416015625000e-01) (6, 1.61416202783584594727e-01) (2, 3.17580223083496093750e+00) (3, 4.24002885818481445312e-01) (4, -7.09099769592285156250e-01) (5, 1.02214717864990234375e+00) (6, -5.97976207733154296875e-01) (7, -4.10138443112373352051e-02) (8, 2.64927536249160766602e-01) (9, -2.25923359394073486328e-01) (7, -5.26571929454803466797e-01) (8, -8.71729910373687744141e-01) (9, -6.06617450714111328125e-01) 
