FANN_FLO_2.1
num_layers=3
learning_rate=0.500000
connection_rate=1.000000
network_type=0
learning_momentum=0.000000
training_algorithm=2
train_error_function=1
train_stop_function=0
cascade_output_change_fraction=0.010000
quickprop_decay=-0.000100
quickprop_mu=1.750000
rprop_increase_factor=1.200000
rprop_decrease_factor=0.500000
rprop_delta_min=0.000000
rprop_delta_max=50.000000
rprop_delta_zero=0.100000
cascade_output_stagnation_epochs=12
cascade_candidate_change_fraction=0.010000
cascade_candidate_stagnation_epochs=12
cascade_max_out_epochs=150
cascade_min_out_epochs=50
cascade_max_cand_epochs=150
cascade_min_cand_epochs=50
cascade_num_candidate_groups=2
bit_fail_limit=3.49999994039535522461e-01
cascade_candidate_limit=1.00000000000000000000e+03
cascade_weight_multiplier=4.00000005960464477539e-01
cascade_activation_functions_count=10
cascade_activation_functions=3 5 7 8 10 11 14 15 16 17 
cascade_activation_steepnesses_count=4
cascade_activation_steepnesses=2.50000000000000000000e-01 5.00000000000000000000e-01 7.50000000000000000000e-01 1.00000000000000000000e+00 
layer_sizes=10 5 2 
scale_included=0
neurons (num_inputs, activation_function, activation_steepness)=(0, 0, 0.00000000000000000000e+00) (0, 0, 0.00000000000000000000e+00) (0, 0, 0.00000000000000000000e+00) (0, 0, 0.00000000000000000000e+00) (0, 0, 0.00000000000000000000e+00) (0, 0, 0.00000000000000000000e+00) (0, 0, 0.00000000000000000000e+00) (0, 0, 0.00000000000000000000e+00) (0, 0, 0.00000000000000000000e+00) (0, 0, 0.00000000000000000000e+00) (10, 3, 5.00000000000000000000e-01) (10, 3, 5.00000000000000000000e-01) (10, 3, 5.00000000000000000000e-01) (10, 3, 5.00000000000000000000e-01) (0, 3, 0.00000000000000000000e+00) (5, 3, 5.00000000000000000000e-01) (0, 3, 0.00000000000000000000e+00) 
connections (connected_to_neuron, weight)=(0, -4.74765509366989135742e-01) (1, -5.82000374794006347656e-01) (2, -4.24840301275253295898e-01) (3, -7.08868861198425292969e-01) (4, -5.25599837303161621094e-01) (5, -8.51835489273071289062e-01) (6, -3.82324576377868652344e-01) (7, -6.74951434135437011719e-01) (8, -4.38044011592864990234e-01) (9, 2.19161224365234375000e+00) (0, -4.56834346055984497070e-01) (1, -6.30329430103302001953e-01) (2, 1.64522421360015869141e+00) (3, -1.23771154880523681641e+00) (4, -1.98574841022491455078e+00) (5, -6.75569593906402587891e-01) (6, 6.02215957641601562500e+00) (7, -7.31752455234527587891e-01) (8, 2.99470162391662597656e+00) (9, 4.94729608297348022461e-01) (0, -4.00919884443283081055e-01) (1, -4.88687753677368164062e-01) (2, -6.72320902347564697266e-01) (3, -1.54058247804641723633e-01) (4, -5.64419925212860107422e-01) (5, 1.64380446076393127441e-01) (6, -4.99148190021514892578e-01) (7, -1.33823156356811523438e-01) (8, -5.40223538875579833984e-01) (9, 3.11700791120529174805e-01) (0, -6.25535786151885986328e-01) (1, -5.39694249629974365234e-01) (2, -4.48348879814147949219e-01) (3, -4.83615666627883911133e-01) (4, -3.55316162109375000000e-01) (5, -1.94476291537284851074e-01) (6, -4.58598971366882324219e-01) (7, -4.99003887176513671875e-01) (8, -4.65369910001754760742e-01) (9, 7.60188281536102294922e-01) (10, -2.37606716156005859375e+00) (11, 1.79356709122657775879e-01) (12, -9.74683582782745361328e-01) (13, -9.38015937805175781250e-01) (14, 1.23977208137512207031e+00) 
