FANN_FLO_2.1
num_layers=4
learning_rate=0.450000
connection_rate=1.000000
network_type=0
learning_momentum=0.000000
training_algorithm=2
train_error_function=1
train_stop_function=0
cascade_output_change_fraction=0.010000
quickprop_decay=-0.000100
quickprop_mu=1.750000
rprop_increase_factor=1.200000
rprop_decrease_factor=0.500000
rprop_delta_min=0.000000
rprop_delta_max=50.000000
rprop_delta_zero=0.100000
cascade_output_stagnation_epochs=12
cascade_candidate_change_fraction=0.010000
cascade_candidate_stagnation_epochs=12
cascade_max_out_epochs=150
cascade_min_out_epochs=50
cascade_max_cand_epochs=150
cascade_min_cand_epochs=50
cascade_num_candidate_groups=2
bit_fail_limit=3.49999994039535522461e-01
cascade_candidate_limit=1.00000000000000000000e+03
cascade_weight_multiplier=4.00000005960464477539e-01
cascade_activation_functions_count=10
cascade_activation_functions=3 5 7 8 10 11 14 15 16 17 
cascade_activation_steepnesses_count=4
cascade_activation_steepnesses=2.50000000000000000000e-01 5.00000000000000000000e-01 7.50000000000000000000e-01 1.00000000000000000000e+00 
layer_sizes=7 5 3 2 
scale_included=0
neurons (num_inputs, activation_function, activation_steepness)=(0, 0, 0.00000000000000000000e+00) (0, 0, 0.00000000000000000000e+00) (0, 0, 0.00000000000000000000e+00) (0, 0, 0.00000000000000000000e+00) (0, 0, 0.00000000000000000000e+00) (0, 0, 0.00000000000000000000e+00) (0, 0, 0.00000000000000000000e+00) (7, 3, 5.00000000000000000000e-01) (7, 3, 5.00000000000000000000e-01) (7, 3, 5.00000000000000000000e-01) (7, 3, 5.00000000000000000000e-01) (0, 3, 0.00000000000000000000e+00) (5, 3, 5.00000000000000000000e-01) (5, 3, 5.00000000000000000000e-01) (0, 3, 0.00000000000000000000e+00) (3, 0, 5.00000000000000000000e-01) (0, 0, 0.00000000000000000000e+00) 
connections (connected_to_neuron, weight)=(0, 4.98745650053024291992e-01) (1, 5.56239545345306396484e-01) (2, -1.45532858371734619141e+00) (3, 1.15133047103881835938e-01) (4, 4.62153226137161254883e-01) (5, -1.34883153438568115234e+00) (6, 1.76011964678764343262e-01) (0, 3.02427023649215698242e-01) (1, -4.82488572597503662109e-02) (2, 1.05617284774780273438e+00) (3, 2.27743938565254211426e-01) (4, -4.44746643304824829102e-01) (5, -1.21340787410736083984e+00) (6, 1.49796462059020996094e+00) (0, -2.27451324462890625000e-01) (1, -5.87781984359025955200e-03) (2, -4.31352615356445312500e-01) (3, 6.89423158764839172363e-02) (4, 1.17590032517910003662e-01) (5, 5.00802993774414062500e-01) (6, 1.23911976814270019531e+00) (0, -5.78061304986476898193e-02) (1, -8.15377533435821533203e-02) (2, 3.95979076623916625977e-01) (3, -7.14764520525932312012e-02) (4, -2.17859864234924316406e-01) (5, 4.06459182500839233398e-01) (6, -7.75435876846313476562e+00) (7, 2.97594428062438964844e+00) (8, -2.73619461059570312500e+00) (9, -2.37266921997070312500e+00) (10, 2.18651962280273437500e+01) (11, -5.25000572204589843750e+00) (7, -1.47920104980468750000e+03) (8, -8.12482547760009765625e+00) (9, -8.40317153930664062500e+00) (10, 2.43700981140136718750e+01) (11, -2.20406457781791687012e-01) (12, 1.47671043872833251953e+00) (13, -1.47862732410430908203e+00) (14, 5.40882442146539688110e-03) 
