FANN_FLO_2.1
num_layers=3
learning_rate=0.500000
connection_rate=1.000000
network_type=0
learning_momentum=0.000000
training_algorithm=2
train_error_function=1
train_stop_function=0
cascade_output_change_fraction=0.010000
quickprop_decay=-0.000100
quickprop_mu=1.750000
rprop_increase_factor=1.200000
rprop_decrease_factor=0.500000
rprop_delta_min=0.000000
rprop_delta_max=50.000000
rprop_delta_zero=0.100000
cascade_output_stagnation_epochs=12
cascade_candidate_change_fraction=0.010000
cascade_candidate_stagnation_epochs=12
cascade_max_out_epochs=150
cascade_min_out_epochs=50
cascade_max_cand_epochs=150
cascade_min_cand_epochs=50
cascade_num_candidate_groups=2
bit_fail_limit=3.49999994039535522461e-01
cascade_candidate_limit=1.00000000000000000000e+03
cascade_weight_multiplier=4.00000005960464477539e-01
cascade_activation_functions_count=10
cascade_activation_functions=3 5 7 8 10 11 14 15 16 17 
cascade_activation_steepnesses_count=4
cascade_activation_steepnesses=2.50000000000000000000e-01 5.00000000000000000000e-01 7.50000000000000000000e-01 1.00000000000000000000e+00 
layer_sizes=3 9 4 
scale_included=0
neurons (num_inputs, activation_function, activation_steepness)=(0, 0, 0.00000000000000000000e+00) (0, 0, 0.00000000000000000000e+00) (0, 0, 0.00000000000000000000e+00) (3, 3, 5.00000000000000000000e-01) (3, 3, 5.00000000000000000000e-01) (3, 3, 5.00000000000000000000e-01) (3, 3, 5.00000000000000000000e-01) (3, 3, 5.00000000000000000000e-01) (3, 3, 5.00000000000000000000e-01) (3, 3, 5.00000000000000000000e-01) (3, 3, 5.00000000000000000000e-01) (0, 3, 0.00000000000000000000e+00) (9, 0, 5.00000000000000000000e-01) (9, 0, 5.00000000000000000000e-01) (9, 0, 5.00000000000000000000e-01) (0, 0, 0.00000000000000000000e+00) 
connections (connected_to_neuron, weight)=(0, -8.10016822814941406250e+00) (1, 6.50355720520019531250e+00) (2, 9.41740703582763671875e+00) (0, -5.02235698699951171875e+00) (1, 4.84926789999008178711e-01) (2, 6.52108371257781982422e-01) (0, -3.82196378707885742188e+00) (1, -1.69185161590576171875e+00) (2, 4.53038305044174194336e-01) (0, -2.45905876159667968750e+00) (1, -4.11606025695800781250e+00) (2, 7.56528973579406738281e-01) (0, 5.01883983612060546875e-01) (1, -3.18932795524597167969e+00) (2, 9.91431999206542968750e+00) (0, -8.34501075744628906250e+00) (1, 5.39601802825927734375e-01) (2, 8.06365299224853515625e+00) (0, -3.00448060035705566406e+00) (1, 2.38663554191589355469e+00) (2, 1.78747963905334472656e+00) (0, -3.25109720230102539062e+00) (1, 2.93912148475646972656e+00) (2, 1.64866000413894653320e-02) (3, 5.71867763996124267578e-01) (4, 2.20557713508605957031e+00) (5, 2.36548304557800292969e+00) (6, 2.05305194854736328125e+00) (7, 3.25085103511810302734e-01) (8, -7.36951231956481933594e-01) (9, 8.01258623600006103516e-01) (10, 2.59357166290283203125e+00) (11, 5.32753825187683105469e-01) (3, 2.36852669715881347656e+00) (4, 5.24416923522949218750e+00) (5, 6.37609243392944335938e+00) (6, 5.92940473556518554688e+00) (7, 2.26893496513366699219e+00) (8, 1.82855832576751708984e+00) (9, 3.34819936752319335938e+00) (10, 3.47571992874145507812e+00) (11, 2.18905520439147949219e+00) (3, 9.63577556610107421875e+00) (4, 1.59040136337280273438e+01) (5, 2.00727329254150390625e+01) (6, 1.90525188446044921875e+01) (7, 9.57667636871337890625e+00) (8, 8.85315322875976562500e+00) (9, 8.89841651916503906250e+00) (10, 8.93083858489990234375e+00) (11, 9.62647914886474609375e+00) 
