FANN_FLO_2.1
num_layers=3
learning_rate=0.500000
connection_rate=1.000000
network_type=0
learning_momentum=0.000000
training_algorithm=2
train_error_function=1
train_stop_function=0
cascade_output_change_fraction=0.010000
quickprop_decay=-0.000100
quickprop_mu=1.750000
rprop_increase_factor=1.200000
rprop_decrease_factor=0.500000
rprop_delta_min=0.000000
rprop_delta_max=50.000000
rprop_delta_zero=0.100000
cascade_output_stagnation_epochs=12
cascade_candidate_change_fraction=0.010000
cascade_candidate_stagnation_epochs=12
cascade_max_out_epochs=150
cascade_min_out_epochs=50
cascade_max_cand_epochs=150
cascade_min_cand_epochs=50
cascade_num_candidate_groups=2
bit_fail_limit=3.49999994039535522461e-01
cascade_candidate_limit=1.00000000000000000000e+03
cascade_weight_multiplier=4.00000005960464477539e-01
cascade_activation_functions_count=10
cascade_activation_functions=3 5 7 8 10 11 14 15 16 17 
cascade_activation_steepnesses_count=4
cascade_activation_steepnesses=2.50000000000000000000e-01 5.00000000000000000000e-01 7.50000000000000000000e-01 1.00000000000000000000e+00 
layer_sizes=7 9 2 
scale_included=0
neurons (num_inputs, activation_function, activation_steepness)=(0, 0, 0.00000000000000000000e+00) (0, 0, 0.00000000000000000000e+00) (0, 0, 0.00000000000000000000e+00) (0, 0, 0.00000000000000000000e+00) (0, 0, 0.00000000000000000000e+00) (0, 0, 0.00000000000000000000e+00) (0, 0, 0.00000000000000000000e+00) (7, 3, 5.00000000000000000000e-01) (7, 3, 5.00000000000000000000e-01) (7, 3, 5.00000000000000000000e-01) (7, 3, 5.00000000000000000000e-01) (7, 3, 5.00000000000000000000e-01) (7, 3, 5.00000000000000000000e-01) (7, 3, 5.00000000000000000000e-01) (7, 3, 5.00000000000000000000e-01) (0, 3, 0.00000000000000000000e+00) (9, 0, 5.00000000000000000000e-01) (0, 0, 0.00000000000000000000e+00) 
connections (connected_to_neuron, weight)=(0, 1.46738541126251220703e+00) (1, -2.97733575105667114258e-01) (2, 1.26494262695312500000e+02) (3, -5.13051331043243408203e-01) (4, -1.50000000000000000000e+03) (5, -1.50000000000000000000e+03) (6, -3.56494784355163574219e-01) (0, 1.84740810394287109375e+01) (1, 2.37993860244750976562e+00) (2, 2.75949371337890625000e+02) (3, -3.98197829723358154297e-01) (4, -1.50000000000000000000e+03) (5, -1.50000000000000000000e+03) (6, -4.23376083374023437500e-01) (0, -8.38158691406250000000e+02) (1, -2.12867546081542968750e+00) (2, -1.37461242675781250000e+03) (3, -2.40179970860481262207e-01) (4, 1.50000000000000000000e+03) (5, 1.50000000000000000000e+03) (6, -3.27223628759384155273e-01) (0, -1.84871926903724670410e-01) (1, -4.68851663172245025635e-02) (2, -5.22558152675628662109e-01) (3, 2.07837074995040893555e-01) (4, 2.68679738044738769531e-01) (5, 4.02140080928802490234e-01) (6, 3.71760725975036621094e-01) (0, 2.41313195228576660156e+00) (1, -5.41280865669250488281e-01) (2, 1.09940803050994873047e+00) (3, -2.23948016762733459473e-01) (4, -2.76918773651123046875e+01) (5, -1.91150627136230468750e+01) (6, -4.99531999230384826660e-02) (0, -2.86564808338880538940e-02) (1, -2.10430417209863662720e-02) (2, 1.82345673441886901855e-01) (3, 1.14027671515941619873e-01) (4, -5.14834821224212646484e-01) (5, -1.41263440251350402832e-01) (6, 5.10948486626148223877e-02) (0, 2.01253771781921386719e+00) (1, 2.62950569391250610352e-01) (2, 1.17291698455810546875e+01) (3, -5.77764928340911865234e-01) (4, -8.43622558593750000000e+02) (5, -1.50000000000000000000e+03) (6, -4.86485809087753295898e-01) (0, 6.58788308501243591309e-02) (1, -1.18443965911865234375e+00) (2, -1.50790840387344360352e-01) (3, -4.43499386310577392578e-02) (4, 1.90257167816162109375e+00) (5, -3.22695046663284301758e-01) (6, -3.59359145164489746094e-01) (7, 1.50000000000000000000e+03) (8, -7.83014011383056640625e+00) (9, -8.46564490348100662231e-03) (10, 6.46381750702857971191e-02) (11, 8.00393812824040651321e-04) (12, -1.89087372273206710815e-02) (13, 1.50000000000000000000e+03) (14, -4.56360504031181335449e-02) (15, 6.19264692068099975586e-03) 
