FANN_FLO_2.1
num_layers=3
learning_rate=0.500000
connection_rate=1.000000
network_type=0
learning_momentum=0.000000
training_algorithm=2
train_error_function=1
train_stop_function=0
cascade_output_change_fraction=0.010000
quickprop_decay=-0.000100
quickprop_mu=1.750000
rprop_increase_factor=1.200000
rprop_decrease_factor=0.500000
rprop_delta_min=0.000000
rprop_delta_max=50.000000
rprop_delta_zero=0.100000
cascade_output_stagnation_epochs=12
cascade_candidate_change_fraction=0.010000
cascade_candidate_stagnation_epochs=12
cascade_max_out_epochs=150
cascade_min_out_epochs=50
cascade_max_cand_epochs=150
cascade_min_cand_epochs=50
cascade_num_candidate_groups=2
bit_fail_limit=3.49999994039535522461e-01
cascade_candidate_limit=1.00000000000000000000e+03
cascade_weight_multiplier=4.00000005960464477539e-01
cascade_activation_functions_count=10
cascade_activation_functions=3 5 7 8 10 11 14 15 16 17 
cascade_activation_steepnesses_count=4
cascade_activation_steepnesses=2.50000000000000000000e-01 5.00000000000000000000e-01 7.50000000000000000000e-01 1.00000000000000000000e+00 
layer_sizes=7 5 2 
scale_included=0
neurons (num_inputs, activation_function, activation_steepness)=(0, 0, 0.00000000000000000000e+00) (0, 0, 0.00000000000000000000e+00) (0, 0, 0.00000000000000000000e+00) (0, 0, 0.00000000000000000000e+00) (0, 0, 0.00000000000000000000e+00) (0, 0, 0.00000000000000000000e+00) (0, 0, 0.00000000000000000000e+00) (7, 3, 5.00000000000000000000e-01) (7, 3, 5.00000000000000000000e-01) (7, 3, 5.00000000000000000000e-01) (7, 3, 5.00000000000000000000e-01) (0, 3, 0.00000000000000000000e+00) (5, 0, 5.00000000000000000000e-01) (0, 0, 0.00000000000000000000e+00) 
connections (connected_to_neuron, weight)=(0, -1.08411159515380859375e+01) (1, -1.61253376007080078125e+01) (2, 2.71300907135009765625e+01) (3, -2.17824864387512207031e+00) (4, -1.36754093170166015625e+01) (5, -1.95874953269958496094e+00) (6, -1.90512895584106445312e+00) (0, -1.03460245132446289062e+01) (1, -2.00240341186523437500e+02) (2, -1.65450592041015625000e+02) (3, -9.54778003692626953125e+00) (4, -4.19347953796386718750e+01) (5, 7.61015014648437500000e+01) (6, -2.07727479934692382812e+00) (0, -6.01236522197723388672e-02) (1, 6.30205124616622924805e-02) (2, -5.86319603025913238525e-02) (3, 1.25610321760177612305e-01) (4, -2.36472249031066894531e-01) (5, 5.16919977962970733643e-02) (6, -2.56268787384033203125e+00) (0, -5.03908395767211914062e+00) (1, -1.46533889770507812500e+02) (2, 1.56841339111328125000e+02) (3, -9.94628143310546875000e+00) (4, -7.61152496337890625000e+01) (5, 9.33083772659301757812e-01) (6, -6.33813083171844482422e-01) (7, -1.50000000000000000000e+03) (8, 3.74200012207031250000e+02) (9, 6.44128322601318359375e-01) (10, 0.00000000000000000000e+00) (11, -1.91608944442123174667e-03) 
