FANN_FLO_2.1
num_layers=3
learning_rate=0.500000
connection_rate=1.000000
network_type=0
learning_momentum=0.000000
training_algorithm=2
train_error_function=1
train_stop_function=0
cascade_output_change_fraction=0.010000
quickprop_decay=-0.000100
quickprop_mu=1.750000
rprop_increase_factor=1.200000
rprop_decrease_factor=0.500000
rprop_delta_min=0.000000
rprop_delta_max=50.000000
rprop_delta_zero=0.100000
cascade_output_stagnation_epochs=12
cascade_candidate_change_fraction=0.010000
cascade_candidate_stagnation_epochs=12
cascade_max_out_epochs=150
cascade_min_out_epochs=50
cascade_max_cand_epochs=150
cascade_min_cand_epochs=50
cascade_num_candidate_groups=2
bit_fail_limit=3.49999994039535522461e-01
cascade_candidate_limit=1.00000000000000000000e+03
cascade_weight_multiplier=4.00000005960464477539e-01
cascade_activation_functions_count=10
cascade_activation_functions=3 5 7 8 10 11 14 15 16 17 
cascade_activation_steepnesses_count=4
cascade_activation_steepnesses=2.50000000000000000000e-01 5.00000000000000000000e-01 7.50000000000000000000e-01 1.00000000000000000000e+00 
layer_sizes=7 9 2 
scale_included=0
neurons (num_inputs, activation_function, activation_steepness)=(0, 0, 0.00000000000000000000e+00) (0, 0, 0.00000000000000000000e+00) (0, 0, 0.00000000000000000000e+00) (0, 0, 0.00000000000000000000e+00) (0, 0, 0.00000000000000000000e+00) (0, 0, 0.00000000000000000000e+00) (0, 0, 0.00000000000000000000e+00) (7, 3, 5.00000000000000000000e-01) (7, 3, 5.00000000000000000000e-01) (7, 3, 5.00000000000000000000e-01) (7, 3, 5.00000000000000000000e-01) (7, 3, 5.00000000000000000000e-01) (7, 3, 5.00000000000000000000e-01) (7, 3, 5.00000000000000000000e-01) (7, 3, 5.00000000000000000000e-01) (0, 3, 0.00000000000000000000e+00) (9, 0, 5.00000000000000000000e-01) (0, 0, 0.00000000000000000000e+00) 
connections (connected_to_neuron, weight)=(0, -1.54430225491523742676e-01) (1, -8.44658091664314270020e-02) (2, -7.76750266551971435547e-01) (3, 6.80174231529235839844e-02) (4, 2.84430772066116333008e-01) (5, 4.79505896568298339844e-01) (6, -6.60866141319274902344e-01) (0, 2.18121469020843505859e-01) (1, -1.64453014731407165527e-01) (2, 5.72162806987762451172e-01) (3, -2.25610241293907165527e-01) (4, -1.71550273895263671875e-01) (5, -1.80987790226936340332e-01) (6, -1.71058523654937744141e+00) (0, -2.83126616477966308594e+00) (1, 2.37120222300291061401e-02) (2, 3.84356439113616943359e-01) (3, 1.45932960510253906250e+00) (4, -3.24575841426849365234e-01) (5, -1.38079607486724853516e+00) (6, -1.34861707687377929688e-01) (0, -3.51668782532215118408e-02) (1, -2.51376956701278686523e-01) (2, -1.75926933288574218750e+01) (3, -1.06561914086341857910e-01) (4, 2.36496537923812866211e-01) (5, -1.47288858890533447266e-01) (6, -2.44969710707664489746e-01) (0, -2.07950711250305175781e+00) (1, -2.49239087104797363281e+00) (2, -6.31624507904052734375e+00) (3, 3.83652544021606445312e+00) (4, -6.16503715515136718750e+00) (5, 1.45420777797698974609e+00) (6, -1.00173878669738769531e+00) (0, 2.19573453068733215332e-01) (1, -1.22542560100555419922e-01) (2, 5.11354267597198486328e-01) (3, -1.35593160986900329590e-01) (4, -1.20956972241401672363e-01) (5, -2.65725225210189819336e-01) (6, -2.64775967597961425781e+00) (0, -4.58893981933593750000e+02) (1, -1.19066584110260009766e+00) (2, 1.20896129608154296875e+01) (3, -5.61138061523437500000e+02) (4, -1.54066371917724609375e+01) (5, -4.13205385208129882812e+00) (6, -1.14791832864284515381e-01) (0, -8.03350135684013366699e-02) (1, 1.76720712333917617798e-02) (2, 2.44362854957580566406e+00) (3, 1.02984923869371414185e-02) (4, -1.59240913391113281250e+00) (5, -7.72788286209106445312e-01) (6, -8.45673620700836181641e-01) (7, -3.50079610943794250488e-02) (8, -2.03127473592758178711e-01) (9, -1.37569559738039970398e-02) (10, -3.56895942240953445435e-03) (11, -1.83359355926513671875e+01) (12, -6.59673288464546203613e-02) (13, 1.50000000000000000000e+03) (14, 2.15107485651969909668e-01) (15, 4.29503433406352996826e-02) 
