FANN_FLO_2.1
num_layers=4
learning_rate=0.450000
connection_rate=1.000000
network_type=0
learning_momentum=0.000000
training_algorithm=2
train_error_function=1
train_stop_function=0
cascade_output_change_fraction=0.010000
quickprop_decay=-0.000100
quickprop_mu=1.750000
rprop_increase_factor=1.200000
rprop_decrease_factor=0.500000
rprop_delta_min=0.000000
rprop_delta_max=50.000000
rprop_delta_zero=0.100000
cascade_output_stagnation_epochs=12
cascade_candidate_change_fraction=0.010000
cascade_candidate_stagnation_epochs=12
cascade_max_out_epochs=150
cascade_min_out_epochs=50
cascade_max_cand_epochs=150
cascade_min_cand_epochs=50
cascade_num_candidate_groups=2
bit_fail_limit=3.49999994039535522461e-01
cascade_candidate_limit=1.00000000000000000000e+03
cascade_weight_multiplier=4.00000005960464477539e-01
cascade_activation_functions_count=10
cascade_activation_functions=3 5 7 8 10 11 14 15 16 17 
cascade_activation_steepnesses_count=4
cascade_activation_steepnesses=2.50000000000000000000e-01 5.00000000000000000000e-01 7.50000000000000000000e-01 1.00000000000000000000e+00 
layer_sizes=7 5 5 2 
scale_included=0
neurons (num_inputs, activation_function, activation_steepness)=(0, 0, 0.00000000000000000000e+00) (0, 0, 0.00000000000000000000e+00) (0, 0, 0.00000000000000000000e+00) (0, 0, 0.00000000000000000000e+00) (0, 0, 0.00000000000000000000e+00) (0, 0, 0.00000000000000000000e+00) (0, 0, 0.00000000000000000000e+00) (7, 3, 5.00000000000000000000e-01) (7, 3, 5.00000000000000000000e-01) (7, 3, 5.00000000000000000000e-01) (7, 3, 5.00000000000000000000e-01) (0, 3, 0.00000000000000000000e+00) (5, 3, 5.00000000000000000000e-01) (5, 3, 5.00000000000000000000e-01) (5, 3, 5.00000000000000000000e-01) (5, 3, 5.00000000000000000000e-01) (0, 3, 0.00000000000000000000e+00) (5, 0, 5.00000000000000000000e-01) (0, 0, 0.00000000000000000000e+00) 
connections (connected_to_neuron, weight)=(0, -7.07006733864545822144e-03) (1, 2.54690945148468017578e-01) (2, -3.80390852689743041992e-01) (3, 4.95363809168338775635e-02) (4, 3.24554324150085449219e-01) (5, -2.38565459847450256348e-01) (6, 1.39251744747161865234e+00) (0, 1.61527976393699645996e-01) (1, -9.94924604892730712891e-02) (2, -5.06701111793518066406e-01) (3, 8.11234414577484130859e-02) (4, 5.91838657855987548828e-01) (5, -4.92251843214035034180e-01) (6, 7.13666725158691406250e+00) (0, -3.62218141555786132812e-01) (1, 2.37369194626808166504e-01) (2, -4.32737261056900024414e-01) (3, 5.87261877954006195068e-02) (4, 1.15302586555480957031e+00) (5, -4.87295128405094146729e-02) (6, -2.33672142028808593750e+00) (0, -1.25625863671302795410e-01) (1, -4.73932456970214843750e+01) (2, 9.76205945014953613281e-01) (3, 5.50080180168151855469e-01) (4, 2.54475384950637817383e-01) (5, 3.18875837326049804688e+00) (6, 7.68592178821563720703e-01) (7, -6.88824176788330078125e+00) (8, 9.43604230880737304688e-01) (9, 2.89624261856079101562e+00) (10, 7.41138839721679687500e+01) (11, -1.61595070362091064453e+00) (7, 7.17166757583618164062e+00) (8, -3.38354825973510742188e+00) (9, -1.06964039802551269531e+00) (10, 7.41138839721679687500e+01) (11, -1.95991849899291992188e+00) (7, -6.25732764601707458496e-02) (8, -1.29881906509399414062e+00) (9, 3.25664579868316650391e-01) (10, 9.21289749145507812500e+01) (11, -4.24660682678222656250e-01) (7, 2.33565282821655273438e+00) (8, 3.11072349548339843750e+00) (9, 3.51096153259277343750e+00) (10, 9.21289749145507812500e+01) (11, -1.82546329498291015625e+00) (12, 2.19227504730224609375e+00) (13, 5.30772507190704345703e-02) (14, -7.19290435314178466797e-01) (15, -2.22776532173156738281e-02) (16, 1.06359086930751800537e-01) 
