FANN_FLO_2.1
num_layers=3
learning_rate=0.500000
connection_rate=1.000000
network_type=0
learning_momentum=0.000000
training_algorithm=2
train_error_function=1
train_stop_function=0
cascade_output_change_fraction=0.010000
quickprop_decay=-0.000100
quickprop_mu=1.750000
rprop_increase_factor=1.200000
rprop_decrease_factor=0.500000
rprop_delta_min=0.000000
rprop_delta_max=50.000000
rprop_delta_zero=0.100000
cascade_output_stagnation_epochs=12
cascade_candidate_change_fraction=0.010000
cascade_candidate_stagnation_epochs=12
cascade_max_out_epochs=150
cascade_min_out_epochs=50
cascade_max_cand_epochs=150
cascade_min_cand_epochs=50
cascade_num_candidate_groups=2
bit_fail_limit=3.49999994039535522461e-01
cascade_candidate_limit=1.00000000000000000000e+03
cascade_weight_multiplier=4.00000005960464477539e-01
cascade_activation_functions_count=10
cascade_activation_functions=3 5 7 8 10 11 14 15 16 17 
cascade_activation_steepnesses_count=4
cascade_activation_steepnesses=2.50000000000000000000e-01 5.00000000000000000000e-01 7.50000000000000000000e-01 1.00000000000000000000e+00 
layer_sizes=10 3 2 
scale_included=0
neurons (num_inputs, activation_function, activation_steepness)=(0, 0, 0.00000000000000000000e+00) (0, 0, 0.00000000000000000000e+00) (0, 0, 0.00000000000000000000e+00) (0, 0, 0.00000000000000000000e+00) (0, 0, 0.00000000000000000000e+00) (0, 0, 0.00000000000000000000e+00) (0, 0, 0.00000000000000000000e+00) (0, 0, 0.00000000000000000000e+00) (0, 0, 0.00000000000000000000e+00) (0, 0, 0.00000000000000000000e+00) (10, 3, 5.00000000000000000000e-01) (10, 3, 5.00000000000000000000e-01) (0, 3, 0.00000000000000000000e+00) (3, 3, 5.00000000000000000000e-01) (0, 3, 0.00000000000000000000e+00) 
connections (connected_to_neuron, weight)=(0, -4.27465885877609252930e-01) (1, -1.11554563045501708984e+00) (2, -2.16938957571983337402e-01) (3, -1.16979968547821044922e+00) (4, -3.50051641464233398438e-01) (5, -5.03339886665344238281e-01) (6, -3.17596346139907836914e-01) (7, -1.10299527645111083984e+00) (8, -2.18440532684326171875e-01) (9, 2.41598892211914062500e+00) (0, -6.56139254570007324219e-01) (1, -1.85496821999549865723e-01) (2, -8.19070100784301757812e-01) (3, -9.32543501257896423340e-02) (4, -6.49826407432556152344e-01) (5, -6.50158286094665527344e-01) (6, -7.29502439498901367188e-01) (7, -2.43756011128425598145e-01) (8, -8.02494585514068603516e-01) (9, 1.78270566463470458984e+00) (10, -1.53716170787811279297e+00) (11, -2.03575587272644042969e+00) (12, 1.37516129016876220703e+00) 
