FANN_FLO_2.1
num_layers=3
learning_rate=0.400000
connection_rate=1.000000
network_type=0
learning_momentum=0.000000
training_algorithm=2
train_error_function=1
train_stop_function=0
cascade_output_change_fraction=0.010000
quickprop_decay=-0.000100
quickprop_mu=1.750000
rprop_increase_factor=1.200000
rprop_decrease_factor=0.500000
rprop_delta_min=0.000000
rprop_delta_max=50.000000
rprop_delta_zero=0.100000
cascade_output_stagnation_epochs=12
cascade_candidate_change_fraction=0.010000
cascade_candidate_stagnation_epochs=12
cascade_max_out_epochs=150
cascade_min_out_epochs=50
cascade_max_cand_epochs=150
cascade_min_cand_epochs=50
cascade_num_candidate_groups=2
bit_fail_limit=3.49999994039535522461e-01
cascade_candidate_limit=1.00000000000000000000e+03
cascade_weight_multiplier=4.00000005960464477539e-01
cascade_activation_functions_count=10
cascade_activation_functions=3 5 7 8 10 11 14 15 16 17 
cascade_activation_steepnesses_count=4
cascade_activation_steepnesses=2.50000000000000000000e-01 5.00000000000000000000e-01 7.50000000000000000000e-01 1.00000000000000000000e+00 
layer_sizes=6 5 2 
scale_included=0
neurons (num_inputs, activation_function, activation_steepness)=(0, 0, 0.00000000000000000000e+00) (0, 0, 0.00000000000000000000e+00) (0, 0, 0.00000000000000000000e+00) (0, 0, 0.00000000000000000000e+00) (0, 0, 0.00000000000000000000e+00) (0, 0, 0.00000000000000000000e+00) (6, 3, 5.00000000000000000000e-01) (6, 3, 5.00000000000000000000e-01) (6, 3, 5.00000000000000000000e-01) (6, 3, 5.00000000000000000000e-01) (0, 3, 0.00000000000000000000e+00) (5, 0, 5.00000000000000000000e-01) (0, 0, 0.00000000000000000000e+00) 
connections (connected_to_neuron, weight)=(0, 3.72484191894531250000e+02) (1, 4.51890716552734375000e+02) (2, -5.58900939941406250000e+02) (3, 1.14054809570312500000e+03) (4, -2.43163776397705078125e+01) (5, 3.16195487976074218750e+00) (0, -1.50000000000000000000e+03) (1, -4.24117050170898437500e+01) (2, 1.36295251846313476562e+01) (3, -5.34055948257446289062e+00) (4, 1.28537054061889648438e+01) (5, -2.90038490295410156250e+00) (0, -1.39022180175781250000e+03) (1, -1.05396166992187500000e+03) (2, 7.06961669921875000000e+01) (3, 7.30563640594482421875e+00) (4, 3.73775005340576171875e+00) (5, 1.04829415678977966309e-01) (0, -1.50000000000000000000e+03) (1, -1.40905615234375000000e+03) (2, 6.24567832946777343750e+01) (3, -1.36395278930664062500e+02) (4, 1.16565694808959960938e+01) (5, -9.51124951243400573730e-02) (6, -8.05365234375000000000e+02) (7, 3.42993474006652832031e+00) (8, 6.87359542846679687500e+01) (9, 8.74823272228240966797e-01) (10, 7.59451925754547119141e-01) 
