FANN_FLO_2.1
num_layers=3
learning_rate=0.500000
connection_rate=1.000000
network_type=0
learning_momentum=0.000000
training_algorithm=2
train_error_function=1
train_stop_function=0
cascade_output_change_fraction=0.010000
quickprop_decay=-0.000100
quickprop_mu=1.750000
rprop_increase_factor=1.200000
rprop_decrease_factor=0.500000
rprop_delta_min=0.000000
rprop_delta_max=50.000000
rprop_delta_zero=0.100000
cascade_output_stagnation_epochs=12
cascade_candidate_change_fraction=0.010000
cascade_candidate_stagnation_epochs=12
cascade_max_out_epochs=150
cascade_min_out_epochs=50
cascade_max_cand_epochs=150
cascade_min_cand_epochs=50
cascade_num_candidate_groups=2
bit_fail_limit=3.49999994039535522461e-01
cascade_candidate_limit=1.00000000000000000000e+03
cascade_weight_multiplier=4.00000005960464477539e-01
cascade_activation_functions_count=10
cascade_activation_functions=3 5 7 8 10 11 14 15 16 17 
cascade_activation_steepnesses_count=4
cascade_activation_steepnesses=2.50000000000000000000e-01 5.00000000000000000000e-01 7.50000000000000000000e-01 1.00000000000000000000e+00 
layer_sizes=7 5 2 
scale_included=0
neurons (num_inputs, activation_function, activation_steepness)=(0, 0, 0.00000000000000000000e+00) (0, 0, 0.00000000000000000000e+00) (0, 0, 0.00000000000000000000e+00) (0, 0, 0.00000000000000000000e+00) (0, 0, 0.00000000000000000000e+00) (0, 0, 0.00000000000000000000e+00) (0, 0, 0.00000000000000000000e+00) (7, 3, 5.00000000000000000000e-01) (7, 3, 5.00000000000000000000e-01) (7, 3, 5.00000000000000000000e-01) (7, 3, 5.00000000000000000000e-01) (0, 3, 0.00000000000000000000e+00) (5, 0, 5.00000000000000000000e-01) (0, 0, 0.00000000000000000000e+00) 
connections (connected_to_neuron, weight)=(0, 2.19951450824737548828e-01) (1, -1.76905632019042968750e-01) (2, 7.67148911952972412109e-01) (3, -2.76850610971450805664e-01) (4, -3.54205787181854248047e-01) (5, -2.51025468111038208008e-01) (6, -2.05267548561096191406e-01) (0, -2.36461892724037170410e-01) (1, -5.02416938543319702148e-02) (2, -7.24356114864349365234e-01) (3, 2.19975877553224563599e-02) (4, 1.09455263614654541016e+00) (5, -6.60428181290626525879e-02) (6, -1.22153624892234802246e-01) (0, -3.62470269203186035156e-01) (1, 2.17325425148010253906e+00) (2, -5.11304807662963867188e+00) (3, -4.59837019443511962891e-01) (4, -3.41157960891723632812e+00) (5, -1.83844451904296875000e+02) (6, -5.82268238067626953125e-01) (0, 2.42259982042014598846e-03) (1, 6.00970983505249023438e-01) (2, 1.50978183746337890625e+00) (3, -3.68698269128799438477e-01) (4, -1.11409139633178710938e+00) (5, -6.98951721191406250000e-01) (6, -1.57110071182250976562e+00) (7, -6.44433870911598205566e-02) (8, -1.00755013525485992432e-01) (9, 1.56353563070297241211e-01) (10, -4.79218661785125732422e-02) (11, 1.14388331770896911621e-01) 
