FANN_FLO_2.1
num_layers=4
learning_rate=0.300000
connection_rate=1.000000
network_type=0
learning_momentum=0.000000
training_algorithm=2
train_error_function=1
train_stop_function=0
cascade_output_change_fraction=0.010000
quickprop_decay=-0.000100
quickprop_mu=1.750000
rprop_increase_factor=1.200000
rprop_decrease_factor=0.500000
rprop_delta_min=0.000000
rprop_delta_max=50.000000
rprop_delta_zero=0.100000
cascade_output_stagnation_epochs=12
cascade_candidate_change_fraction=0.010000
cascade_candidate_stagnation_epochs=12
cascade_max_out_epochs=150
cascade_min_out_epochs=50
cascade_max_cand_epochs=150
cascade_min_cand_epochs=50
cascade_num_candidate_groups=2
bit_fail_limit=3.49999994039535522461e-01
cascade_candidate_limit=1.00000000000000000000e+03
cascade_weight_multiplier=4.00000005960464477539e-01
cascade_activation_functions_count=10
cascade_activation_functions=3 5 7 8 10 11 14 15 16 17 
cascade_activation_steepnesses_count=4
cascade_activation_steepnesses=2.50000000000000000000e-01 5.00000000000000000000e-01 7.50000000000000000000e-01 1.00000000000000000000e+00 
layer_sizes=2 5 5 3 
scale_included=0
neurons (num_inputs, activation_function, activation_steepness)=(0, 0, 0.00000000000000000000e+00) (0, 0, 0.00000000000000000000e+00) (2, 3, 5.00000000000000000000e-01) (2, 3, 5.00000000000000000000e-01) (2, 3, 5.00000000000000000000e-01) (2, 3, 5.00000000000000000000e-01) (0, 3, 0.00000000000000000000e+00) (5, 3, 5.00000000000000000000e-01) (5, 3, 5.00000000000000000000e-01) (5, 3, 5.00000000000000000000e-01) (5, 3, 5.00000000000000000000e-01) (0, 3, 0.00000000000000000000e+00) (5, 0, 5.00000000000000000000e-01) (5, 0, 5.00000000000000000000e-01) (0, 0, 0.00000000000000000000e+00) 
connections (connected_to_neuron, weight)=(0, 5.70301437377929687500e+00) (1, 5.73422491550445556641e-01) (0, -4.60911035537719726562e+00) (1, -2.44787648320198059082e-01) (0, -5.66390371322631835938e+00) (1, -1.01830601692199707031e+00) (0, -8.70763969421386718750e+00) (1, -3.21522665023803710938e+00) (2, -3.23707580566406250000e+00) (3, 6.21441900730133056641e-01) (4, 5.93326985836029052734e-01) (5, 1.68378841876983642578e+00) (6, 9.88263338804244995117e-02) (2, 7.64976680278778076172e-01) (3, 9.86352860927581787109e-02) (4, 1.61447785794734954834e-02) (5, 2.90488928556442260742e-01) (6, 8.06953012943267822266e-02) (2, -2.09637355804443359375e+00) (3, 5.16107380390167236328e-01) (4, 4.78352904319763183594e-01) (5, 8.80846142768859863281e-01) (6, -1.10093571245670318604e-01) (2, 1.93233326077461242676e-01) (3, 1.18499681353569030762e-01) (4, 2.74637006223201751709e-02) (5, 1.67909160256385803223e-01) (6, -6.97745457291603088379e-02) (7, 9.58219096064567565918e-02) (8, -1.64018481969833374023e-01) (9, 9.34338718652725219727e-02) (10, -7.61049985885620117188e-02) (11, -9.90885198116302490234e-02) (7, -9.55931007862091064453e-01) (8, -4.20988410711288452148e-01) (9, -6.49738609790802001953e-01) (10, -5.26686668395996093750e-01) (11, -3.96036356687545776367e-01) 
