FANN_FLO_2.1
num_layers=4
learning_rate=0.300000
connection_rate=1.000000
network_type=0
learning_momentum=0.000000
training_algorithm=2
train_error_function=1
train_stop_function=0
cascade_output_change_fraction=0.010000
quickprop_decay=-0.000100
quickprop_mu=1.750000
rprop_increase_factor=1.200000
rprop_decrease_factor=0.500000
rprop_delta_min=0.000000
rprop_delta_max=50.000000
rprop_delta_zero=0.100000
cascade_output_stagnation_epochs=12
cascade_candidate_change_fraction=0.010000
cascade_candidate_stagnation_epochs=12
cascade_max_out_epochs=150
cascade_min_out_epochs=50
cascade_max_cand_epochs=150
cascade_min_cand_epochs=50
cascade_num_candidate_groups=2
bit_fail_limit=3.49999994039535522461e-01
cascade_candidate_limit=1.00000000000000000000e+03
cascade_weight_multiplier=4.00000005960464477539e-01
cascade_activation_functions_count=10
cascade_activation_functions=3 5 7 8 10 11 14 15 16 17 
cascade_activation_steepnesses_count=4
cascade_activation_steepnesses=2.50000000000000000000e-01 5.00000000000000000000e-01 7.50000000000000000000e-01 1.00000000000000000000e+00 
layer_sizes=2 5 5 3 
scale_included=0
neurons (num_inputs, activation_function, activation_steepness)=(0, 0, 0.00000000000000000000e+00) (0, 0, 0.00000000000000000000e+00) (2, 3, 5.00000000000000000000e-01) (2, 3, 5.00000000000000000000e-01) (2, 3, 5.00000000000000000000e-01) (2, 3, 5.00000000000000000000e-01) (0, 3, 0.00000000000000000000e+00) (5, 3, 5.00000000000000000000e-01) (5, 3, 5.00000000000000000000e-01) (5, 3, 5.00000000000000000000e-01) (5, 3, 5.00000000000000000000e-01) (0, 3, 0.00000000000000000000e+00) (5, 0, 5.00000000000000000000e-01) (5, 0, 5.00000000000000000000e-01) (0, 0, 0.00000000000000000000e+00) 
connections (connected_to_neuron, weight)=(0, -2.05615653991699218750e+01) (1, -7.91581964492797851562e+00) (0, 1.42069229125976562500e+02) (1, 3.92749220132827758789e-01) (0, -1.82544946670532226562e+00) (1, 4.30934906005859375000e-01) (0, -1.54785394668579101562e+01) (1, -5.31573772430419921875e+00) (2, 3.63538169860839843750e+00) (3, 4.00813490152359008789e-01) (4, 4.53862935304641723633e-01) (5, 5.37074446678161621094e-01) (6, 2.00788065791130065918e-01) (2, 4.10777997970581054688e+00) (3, 8.16810369491577148438e-01) (4, 8.79049777984619140625e-01) (5, 2.85483747720718383789e-02) (6, 6.31074309349060058594e-02) (2, 3.85334801673889160156e+00) (3, -2.27267265319824218750e-01) (4, -2.84716516733169555664e-01) (5, 4.46638870239257812500e+00) (6, -7.54173517227172851562e-01) (2, 9.23433399200439453125e+00) (3, 6.51163160800933837891e-01) (4, 1.26764670014381408691e-01) (5, -2.64777970314025878906e+00) (6, -1.12442517280578613281e+00) (7, -8.93797799944877624512e-02) (8, -2.70918607711791992188e-02) (9, 1.74459293484687805176e-01) (10, -7.48191326856613159180e-02) (11, -2.16954853385686874390e-02) (7, -4.18496191501617431641e-01) (8, -4.67939376831054687500e-01) (9, -5.00784635543823242188e-01) (10, -4.74587708711624145508e-01) (11, -3.26429009437561035156e-01) 
