FANN_FLO_2.1
num_layers=3
learning_rate=0.500000
connection_rate=1.000000
network_type=0
learning_momentum=0.000000
training_algorithm=2
train_error_function=1
train_stop_function=0
cascade_output_change_fraction=0.010000
quickprop_decay=-0.000100
quickprop_mu=1.750000
rprop_increase_factor=1.200000
rprop_decrease_factor=0.500000
rprop_delta_min=0.000000
rprop_delta_max=50.000000
rprop_delta_zero=0.100000
cascade_output_stagnation_epochs=12
cascade_candidate_change_fraction=0.010000
cascade_candidate_stagnation_epochs=12
cascade_max_out_epochs=150
cascade_min_out_epochs=50
cascade_max_cand_epochs=150
cascade_min_cand_epochs=50
cascade_num_candidate_groups=2
bit_fail_limit=3.49999994039535522461e-01
cascade_candidate_limit=1.00000000000000000000e+03
cascade_weight_multiplier=4.00000005960464477539e-01
cascade_activation_functions_count=10
cascade_activation_functions=3 5 7 8 10 11 14 15 16 17 
cascade_activation_steepnesses_count=4
cascade_activation_steepnesses=2.50000000000000000000e-01 5.00000000000000000000e-01 7.50000000000000000000e-01 1.00000000000000000000e+00 
layer_sizes=7 5 2 
scale_included=0
neurons (num_inputs, activation_function, activation_steepness)=(0, 0, 0.00000000000000000000e+00) (0, 0, 0.00000000000000000000e+00) (0, 0, 0.00000000000000000000e+00) (0, 0, 0.00000000000000000000e+00) (0, 0, 0.00000000000000000000e+00) (0, 0, 0.00000000000000000000e+00) (0, 0, 0.00000000000000000000e+00) (7, 3, 5.00000000000000000000e-01) (7, 3, 5.00000000000000000000e-01) (7, 3, 5.00000000000000000000e-01) (7, 3, 5.00000000000000000000e-01) (0, 3, 0.00000000000000000000e+00) (5, 0, 5.00000000000000000000e-01) (0, 0, 0.00000000000000000000e+00) 
connections (connected_to_neuron, weight)=(0, -4.51521453857421875000e+01) (1, -1.24805831909179687500e+00) (2, -1.50000000000000000000e+03) (3, 2.64408721923828125000e+01) (4, -3.33034667968750000000e+01) (5, -8.99729919433593750000e+02) (6, -1.53354629874229431152e-01) (0, 1.34926214814186096191e-01) (1, -1.14994592964649200439e-01) (2, -1.66732847690582275391e+00) (3, -8.29908922314643859863e-02) (4, 2.34046435356140136719e+00) (5, -5.24197816848754882812e-01) (6, 1.77878153324127197266e+00) (0, 1.18151746690273284912e-01) (1, -1.33002161979675292969e-01) (2, -6.72279238700866699219e-01) (3, -1.52498185634613037109e-01) (4, 9.45134103298187255859e-01) (5, -2.50744879245758056641e-01) (6, 1.88921880722045898438e+00) (0, 1.46779162597656250000e+03) (1, 1.04568493652343750000e+03) (2, -1.50000000000000000000e+03) (3, 1.45517822265625000000e+03) (4, 1.00228997802734375000e+03) (5, -7.32110473632812500000e+02) (6, -3.69056463241577148438e+00) (7, 1.50000000000000000000e+03) (8, 3.21953505277633666992e-01) (9, -3.36299777030944824219e-01) (10, 1.07203181833028793335e-02) (11, 8.32810997962951660156e-03) 
