FANN_FLO_2.1
num_layers=3
learning_rate=0.500000
connection_rate=1.000000
network_type=0
learning_momentum=0.000000
training_algorithm=2
train_error_function=1
train_stop_function=0
cascade_output_change_fraction=0.010000
quickprop_decay=-0.000100
quickprop_mu=1.750000
rprop_increase_factor=1.200000
rprop_decrease_factor=0.500000
rprop_delta_min=0.000000
rprop_delta_max=50.000000
rprop_delta_zero=0.100000
cascade_output_stagnation_epochs=12
cascade_candidate_change_fraction=0.010000
cascade_candidate_stagnation_epochs=12
cascade_max_out_epochs=150
cascade_min_out_epochs=50
cascade_max_cand_epochs=150
cascade_min_cand_epochs=50
cascade_num_candidate_groups=2
bit_fail_limit=3.49999994039535522461e-01
cascade_candidate_limit=1.00000000000000000000e+03
cascade_weight_multiplier=4.00000005960464477539e-01
cascade_activation_functions_count=10
cascade_activation_functions=3 5 7 8 10 11 14 15 16 17 
cascade_activation_steepnesses_count=4
cascade_activation_steepnesses=2.50000000000000000000e-01 5.00000000000000000000e-01 7.50000000000000000000e-01 1.00000000000000000000e+00 
layer_sizes=3 9 4 
scale_included=0
neurons (num_inputs, activation_function, activation_steepness)=(0, 0, 0.00000000000000000000e+00) (0, 0, 0.00000000000000000000e+00) (0, 0, 0.00000000000000000000e+00) (3, 3, 5.00000000000000000000e-01) (3, 3, 5.00000000000000000000e-01) (3, 3, 5.00000000000000000000e-01) (3, 3, 5.00000000000000000000e-01) (3, 3, 5.00000000000000000000e-01) (3, 3, 5.00000000000000000000e-01) (3, 3, 5.00000000000000000000e-01) (3, 3, 5.00000000000000000000e-01) (0, 3, 0.00000000000000000000e+00) (9, 0, 5.00000000000000000000e-01) (9, 0, 5.00000000000000000000e-01) (9, 0, 5.00000000000000000000e-01) (0, 0, 0.00000000000000000000e+00) 
connections (connected_to_neuron, weight)=(0, -6.37326383590698242188e+00) (1, 8.10394763946533203125e+00) (2, 5.20283889770507812500e+00) (0, -3.60768032073974609375e+00) (1, 6.70618915557861328125e+00) (2, -5.34146428108215332031e-01) (0, -2.66610240936279296875e+00) (1, 4.88747924566268920898e-01) (2, 2.52222061157226562500e-01) (0, -2.80634427070617675781e+00) (1, -1.54265046119689941406e+00) (2, 5.98150372505187988281e-01) (0, -5.56362962722778320312e+00) (1, 6.33282041549682617188e+00) (2, -1.52183818817138671875e+00) (0, -2.50140118598937988281e+00) (1, 9.12504732608795166016e-01) (2, 5.38659512996673583984e-01) (0, -7.58437454700469970703e-01) (1, -2.28797602653503417969e+00) (2, 4.38331961631774902344e-01) (0, -5.19287109375000000000e+00) (1, 7.43579769134521484375e+00) (2, 6.62345218658447265625e+00) (3, 9.81904044747352600098e-02) (4, 1.08823585510253906250e+00) (5, 1.65998888015747070312e+00) (6, 3.06888723373413085938e+00) (7, 1.63003599643707275391e+00) (8, 8.18562865257263183594e-01) (9, 2.26417541503906250000e+00) (10, 2.88786202669143676758e-01) (11, 3.92305582761764526367e-01) (3, 1.91445529460906982422e+00) (4, 3.35293459892272949219e+00) (5, 4.52497291564941406250e+00) (6, 6.64756107330322265625e+00) (7, 2.58791875839233398438e+00) (8, 5.01313972473144531250e+00) (9, 9.15771198272705078125e+00) (10, 2.04181766510009765625e+00) (11, 1.18855667114257812500e+00) (3, 8.29058074951171875000e+00) (4, 7.98729467391967773438e+00) (5, 1.50211162567138671875e+01) (6, 2.11490879058837890625e+01) (7, 7.99422025680541992188e+00) (8, 1.51938571929931640625e+01) (9, 3.11781044006347656250e+01) (10, 8.19304180145263671875e+00) (11, 8.20607471466064453125e+00) 
