FANN_FLO_2.1
num_layers=4
learning_rate=0.300000
connection_rate=1.000000
network_type=0
learning_momentum=0.000000
training_algorithm=2
train_error_function=1
train_stop_function=0
cascade_output_change_fraction=0.010000
quickprop_decay=-0.000100
quickprop_mu=1.750000
rprop_increase_factor=1.200000
rprop_decrease_factor=0.500000
rprop_delta_min=0.000000
rprop_delta_max=50.000000
rprop_delta_zero=0.100000
cascade_output_stagnation_epochs=12
cascade_candidate_change_fraction=0.010000
cascade_candidate_stagnation_epochs=12
cascade_max_out_epochs=150
cascade_min_out_epochs=50
cascade_max_cand_epochs=150
cascade_min_cand_epochs=50
cascade_num_candidate_groups=2
bit_fail_limit=3.49999994039535522461e-01
cascade_candidate_limit=1.00000000000000000000e+03
cascade_weight_multiplier=4.00000005960464477539e-01
cascade_activation_functions_count=10
cascade_activation_functions=3 5 7 8 10 11 14 15 16 17 
cascade_activation_steepnesses_count=4
cascade_activation_steepnesses=2.50000000000000000000e-01 5.00000000000000000000e-01 7.50000000000000000000e-01 1.00000000000000000000e+00 
layer_sizes=2 5 5 3 
scale_included=0
neurons (num_inputs, activation_function, activation_steepness)=(0, 0, 0.00000000000000000000e+00) (0, 0, 0.00000000000000000000e+00) (2, 3, 5.00000000000000000000e-01) (2, 3, 5.00000000000000000000e-01) (2, 3, 5.00000000000000000000e-01) (2, 3, 5.00000000000000000000e-01) (0, 3, 0.00000000000000000000e+00) (5, 3, 5.00000000000000000000e-01) (5, 3, 5.00000000000000000000e-01) (5, 3, 5.00000000000000000000e-01) (5, 3, 5.00000000000000000000e-01) (0, 3, 0.00000000000000000000e+00) (5, 0, 5.00000000000000000000e-01) (5, 0, 5.00000000000000000000e-01) (0, 0, 0.00000000000000000000e+00) 
connections (connected_to_neuron, weight)=(0, -1.20276463031768798828e+00) (1, -2.17398524284362792969e+00) (0, 7.66729927062988281250e+00) (1, -5.90878948569297790527e-02) (0, -1.50000000000000000000e+03) (1, -3.69251585006713867188e+00) (0, -7.00480818748474121094e-01) (1, -4.19272959232330322266e-01) (2, 4.11137193441390991211e-01) (3, -7.32123041152954101562e+00) (4, 4.92622709274291992188e+00) (5, 4.27931499481201171875e+00) (6, 3.45399260520935058594e-01) (2, 5.61423480510711669922e-01) (3, 1.86998319625854492188e+00) (4, 5.96271038055419921875e-01) (5, 5.47929048538208007812e-01) (6, -5.53046941757202148438e-01) (2, 2.92932271957397460938e-01) (3, -4.80272865295410156250e+00) (4, 4.72898197174072265625e+00) (5, 3.07836222648620605469e+00) (6, -6.99490308761596679688e-02) (2, 1.38349846005439758301e-01) (3, 1.64871609210968017578e+00) (4, -3.26325092464685440063e-03) (5, 1.15752175450325012207e-01) (6, 3.19891273975372314453e-02) (7, 9.93386358022689819336e-02) (8, -9.61793810129165649414e-02) (9, 1.79147019982337951660e-01) (10, -9.15336683392524719238e-02) (11, -1.44728958606719970703e-01) (7, -4.60069596767425537109e-01) (8, -5.01974821090698242188e-01) (9, -5.04600763320922851562e-01) (10, -4.82418090105056762695e-01) (11, -3.97291958332061767578e-01) 
