FANN_FLO_2.1
num_layers=4
learning_rate=0.300000
connection_rate=1.000000
network_type=0
learning_momentum=0.000000
training_algorithm=2
train_error_function=1
train_stop_function=0
cascade_output_change_fraction=0.010000
quickprop_decay=-0.000100
quickprop_mu=1.750000
rprop_increase_factor=1.200000
rprop_decrease_factor=0.500000
rprop_delta_min=0.000000
rprop_delta_max=50.000000
rprop_delta_zero=0.100000
cascade_output_stagnation_epochs=12
cascade_candidate_change_fraction=0.010000
cascade_candidate_stagnation_epochs=12
cascade_max_out_epochs=150
cascade_min_out_epochs=50
cascade_max_cand_epochs=150
cascade_min_cand_epochs=50
cascade_num_candidate_groups=2
bit_fail_limit=3.49999994039535522461e-01
cascade_candidate_limit=1.00000000000000000000e+03
cascade_weight_multiplier=4.00000005960464477539e-01
cascade_activation_functions_count=10
cascade_activation_functions=3 5 7 8 10 11 14 15 16 17 
cascade_activation_steepnesses_count=4
cascade_activation_steepnesses=2.50000000000000000000e-01 5.00000000000000000000e-01 7.50000000000000000000e-01 1.00000000000000000000e+00 
layer_sizes=2 5 5 3 
scale_included=0
neurons (num_inputs, activation_function, activation_steepness)=(0, 0, 0.00000000000000000000e+00) (0, 0, 0.00000000000000000000e+00) (2, 3, 5.00000000000000000000e-01) (2, 3, 5.00000000000000000000e-01) (2, 3, 5.00000000000000000000e-01) (2, 3, 5.00000000000000000000e-01) (0, 3, 0.00000000000000000000e+00) (5, 3, 5.00000000000000000000e-01) (5, 3, 5.00000000000000000000e-01) (5, 3, 5.00000000000000000000e-01) (5, 3, 5.00000000000000000000e-01) (0, 3, 0.00000000000000000000e+00) (5, 0, 5.00000000000000000000e-01) (5, 0, 5.00000000000000000000e-01) (0, 0, 0.00000000000000000000e+00) 
connections (connected_to_neuron, weight)=(0, -1.49142551422119140625e+01) (1, -1.33684988021850585938e+01) (0, -1.54083204269409179688e+01) (1, -1.49826650619506835938e+01) (0, -8.55432510375976562500e+00) (1, -6.32073354721069335938e+00) (0, -2.24564623832702636719e+00) (1, -5.64193391799926757812e+00) (2, -8.97251307964324951172e-01) (3, -8.08362782001495361328e-01) (4, -8.98126506805419921875e+00) (5, 2.28876533508300781250e+01) (6, -5.86763143539428710938e-01) (2, 1.06489777565002441406e+00) (3, 9.71070766448974609375e-01) (4, 8.40991592407226562500e+00) (5, 4.83881683349609375000e+01) (6, 2.52108961343765258789e-01) (2, 6.46171760559082031250e+00) (3, 4.45752143859863281250e+00) (4, 8.86061251163482666016e-01) (5, -1.35426406860351562500e+01) (6, -1.82908880710601806641e+00) (2, -2.20619589090347290039e-01) (3, -1.78895556926727294922e+00) (4, 2.41842806339263916016e-01) (5, 4.56663179397583007812e+00) (6, -7.58647844195365905762e-02) (7, 1.94480061531066894531e-01) (8, -1.30125984549522399902e-01) (9, 2.97710150480270385742e-01) (10, -1.42535462975502014160e-01) (11, -9.68728736042976379395e-02) (7, -6.30421936511993408203e-01) (8, -7.28575050830841064453e-01) (9, -7.27190732955932617188e-01) (10, -3.73342037200927734375e-01) (11, -3.78450542688369750977e-01) 
