FANN_FLO_2.1
num_layers=3
learning_rate=0.450000
connection_rate=1.000000
network_type=0
learning_momentum=0.000000
training_algorithm=2
train_error_function=1
train_stop_function=0
cascade_output_change_fraction=0.010000
quickprop_decay=-0.000100
quickprop_mu=1.750000
rprop_increase_factor=1.200000
rprop_decrease_factor=0.500000
rprop_delta_min=0.000000
rprop_delta_max=50.000000
rprop_delta_zero=0.100000
cascade_output_stagnation_epochs=12
cascade_candidate_change_fraction=0.010000
cascade_candidate_stagnation_epochs=12
cascade_max_out_epochs=150
cascade_min_out_epochs=50
cascade_max_cand_epochs=150
cascade_min_cand_epochs=50
cascade_num_candidate_groups=2
bit_fail_limit=3.49999994039535522461e-01
cascade_candidate_limit=1.00000000000000000000e+03
cascade_weight_multiplier=4.00000005960464477539e-01
cascade_activation_functions_count=10
cascade_activation_functions=3 5 7 8 10 11 14 15 16 17 
cascade_activation_steepnesses_count=4
cascade_activation_steepnesses=2.50000000000000000000e-01 5.00000000000000000000e-01 7.50000000000000000000e-01 1.00000000000000000000e+00 
layer_sizes=7 5 2 
scale_included=0
neurons (num_inputs, activation_function, activation_steepness)=(0, 0, 0.00000000000000000000e+00) (0, 0, 0.00000000000000000000e+00) (0, 0, 0.00000000000000000000e+00) (0, 0, 0.00000000000000000000e+00) (0, 0, 0.00000000000000000000e+00) (0, 0, 0.00000000000000000000e+00) (0, 0, 0.00000000000000000000e+00) (7, 3, 5.00000000000000000000e-01) (7, 3, 5.00000000000000000000e-01) (7, 3, 5.00000000000000000000e-01) (7, 3, 5.00000000000000000000e-01) (0, 3, 0.00000000000000000000e+00) (5, 0, 5.00000000000000000000e-01) (0, 0, 0.00000000000000000000e+00) 
connections (connected_to_neuron, weight)=(0, -1.10574951171875000000e+01) (1, -8.53358001708984375000e+01) (2, -1.15781250000000000000e+02) (3, 7.31951713562011718750e-01) (4, -7.20034837722778320312e+00) (5, -7.01563882827758789062e+00) (6, -6.64921462535858154297e-01) (0, 1.68047869205474853516e+00) (1, -3.89727210998535156250e+00) (2, -6.50512695312500000000e+01) (3, 4.95505899190902709961e-01) (4, 2.03138127923011779785e-01) (5, -3.65459275245666503906e+00) (6, -4.72747236490249633789e-01) (0, -4.94724325835704803467e-02) (1, 6.18122160434722900391e-01) (2, -5.76314747333526611328e-01) (3, 2.02534925192594528198e-02) (4, 1.31396204233169555664e-01) (5, -1.98187172412872314453e-01) (6, 2.97358655929565429688e+00) (0, 5.06360816955566406250e+00) (1, -9.46950531005859375000e+00) (2, -5.35478553771972656250e+01) (3, 1.99129772186279296875e+00) (4, -4.22197866439819335938e+00) (5, -7.64396190643310546875e+00) (6, -6.44410371780395507812e-01) (7, -2.04744567871093750000e+02) (8, 1.72334723174571990967e-02) (9, -2.43799403309822082520e-01) (10, 5.72601616382598876953e-01) (11, 2.48054400086402893066e-01) 
