FANN_FLO_2.1
num_layers=3
learning_rate=0.500000
connection_rate=1.000000
network_type=0
learning_momentum=0.000000
training_algorithm=2
train_error_function=1
train_stop_function=0
cascade_output_change_fraction=0.010000
quickprop_decay=-0.000100
quickprop_mu=1.750000
rprop_increase_factor=1.200000
rprop_decrease_factor=0.500000
rprop_delta_min=0.000000
rprop_delta_max=50.000000
rprop_delta_zero=0.100000
cascade_output_stagnation_epochs=12
cascade_candidate_change_fraction=0.010000
cascade_candidate_stagnation_epochs=12
cascade_max_out_epochs=150
cascade_min_out_epochs=50
cascade_max_cand_epochs=150
cascade_min_cand_epochs=50
cascade_num_candidate_groups=2
bit_fail_limit=3.49999994039535522461e-01
cascade_candidate_limit=1.00000000000000000000e+03
cascade_weight_multiplier=4.00000005960464477539e-01
cascade_activation_functions_count=10
cascade_activation_functions=3 5 7 8 10 11 14 15 16 17 
cascade_activation_steepnesses_count=4
cascade_activation_steepnesses=2.50000000000000000000e-01 5.00000000000000000000e-01 7.50000000000000000000e-01 1.00000000000000000000e+00 
layer_sizes=10 3 2 
scale_included=0
neurons (num_inputs, activation_function, activation_steepness)=(0, 0, 0.00000000000000000000e+00) (0, 0, 0.00000000000000000000e+00) (0, 0, 0.00000000000000000000e+00) (0, 0, 0.00000000000000000000e+00) (0, 0, 0.00000000000000000000e+00) (0, 0, 0.00000000000000000000e+00) (0, 0, 0.00000000000000000000e+00) (0, 0, 0.00000000000000000000e+00) (0, 0, 0.00000000000000000000e+00) (0, 0, 0.00000000000000000000e+00) (10, 3, 5.00000000000000000000e-01) (10, 3, 5.00000000000000000000e-01) (0, 3, 0.00000000000000000000e+00) (3, 3, 5.00000000000000000000e-01) (0, 3, 0.00000000000000000000e+00) 
connections (connected_to_neuron, weight)=(0, -3.49379003047943115234e-01) (1, -3.98743271827697753906e-01) (2, -1.63016974925994873047e-01) (3, -6.31306052207946777344e-01) (4, -1.43362760543823242188e-01) (5, -2.99721240997314453125e-01) (6, -4.14416223764419555664e-01) (7, -4.41083282232284545898e-01) (8, -4.59494531154632568359e-01) (9, 7.41621077060699462891e-01) (0, -3.90041172504425048828e-01) (1, -3.57773810625076293945e-01) (2, -5.70237100124359130859e-01) (3, -1.26441970467567443848e-01) (4, -5.64120590686798095703e-01) (5, -4.29329037666320800781e-01) (6, -3.39498847723007202148e-01) (7, -3.31950217485427856445e-01) (8, -3.07065457105636596680e-01) (9, 9.66240286827087402344e-01) (10, -2.77825427055358886719e+00) (11, -2.94289684295654296875e+00) (12, 1.76617383956909179688e+00) 
