FANN_FLO_2.1
num_layers=4
learning_rate=0.450000
connection_rate=1.000000
network_type=0
learning_momentum=0.000000
training_algorithm=2
train_error_function=1
train_stop_function=0
cascade_output_change_fraction=0.010000
quickprop_decay=-0.000100
quickprop_mu=1.750000
rprop_increase_factor=1.200000
rprop_decrease_factor=0.500000
rprop_delta_min=0.000000
rprop_delta_max=50.000000
rprop_delta_zero=0.100000
cascade_output_stagnation_epochs=12
cascade_candidate_change_fraction=0.010000
cascade_candidate_stagnation_epochs=12
cascade_max_out_epochs=150
cascade_min_out_epochs=50
cascade_max_cand_epochs=150
cascade_min_cand_epochs=50
cascade_num_candidate_groups=2
bit_fail_limit=3.49999994039535522461e-01
cascade_candidate_limit=1.00000000000000000000e+03
cascade_weight_multiplier=4.00000005960464477539e-01
cascade_activation_functions_count=10
cascade_activation_functions=3 5 7 8 10 11 14 15 16 17 
cascade_activation_steepnesses_count=4
cascade_activation_steepnesses=2.50000000000000000000e-01 5.00000000000000000000e-01 7.50000000000000000000e-01 1.00000000000000000000e+00 
layer_sizes=7 5 3 2 
scale_included=0
neurons (num_inputs, activation_function, activation_steepness)=(0, 0, 0.00000000000000000000e+00) (0, 0, 0.00000000000000000000e+00) (0, 0, 0.00000000000000000000e+00) (0, 0, 0.00000000000000000000e+00) (0, 0, 0.00000000000000000000e+00) (0, 0, 0.00000000000000000000e+00) (0, 0, 0.00000000000000000000e+00) (7, 3, 5.00000000000000000000e-01) (7, 3, 5.00000000000000000000e-01) (7, 3, 5.00000000000000000000e-01) (7, 3, 5.00000000000000000000e-01) (0, 3, 0.00000000000000000000e+00) (5, 3, 5.00000000000000000000e-01) (5, 3, 5.00000000000000000000e-01) (0, 3, 0.00000000000000000000e+00) (3, 0, 5.00000000000000000000e-01) (0, 0, 0.00000000000000000000e+00) 
connections (connected_to_neuron, weight)=(0, -7.66111612319946289062e-02) (1, 4.64688003063201904297e-01) (2, 3.89548242092132568359e-01) (3, -4.00048345327377319336e-01) (4, 2.24990057945251464844e+00) (5, 1.88984617590904235840e-01) (6, -1.00812673568725585938e-01) (0, -2.73636639118194580078e-01) (1, 1.94163215160369873047e+00) (2, 7.57085606455802917480e-02) (3, -8.26212048530578613281e-01) (4, 6.91090583801269531250e+00) (5, -3.10495185852050781250e+00) (6, 9.66856628656387329102e-02) (0, 2.89391876220703125000e+02) (1, 1.39747436523437500000e+03) (2, -7.57198181152343750000e+01) (3, -1.66953109741210937500e+02) (4, 1.50000000000000000000e+03) (5, -1.37055944824218750000e+03) (6, -1.82204157114028930664e-01) (0, 2.66740942001342773438e+00) (1, 1.53756723403930664062e+01) (2, 9.87219047546386718750e+00) (3, 2.01796813964843750000e+02) (4, -2.14783416748046875000e+02) (5, -2.29914379119873046875e+01) (6, 4.15999978780746459961e-01) (7, -2.30843677520751953125e+01) (8, 1.89994204044342041016e+00) (9, 1.53825831413269042969e+00) (10, -2.57919621467590332031e+00) (11, 7.56225824356079101562e-01) (7, -2.71987533569335937500e+01) (8, 1.90746364593505859375e+01) (9, 2.96033591032028198242e-01) (10, 1.01987743377685546875e+00) (11, 1.10007369518280029297e+00) (12, 9.26943719387054443359e-01) (13, 7.18411684036254882812e+00) (14, -6.31218263879418373108e-03) 
