FANN_FLO_2.1
num_layers=3
learning_rate=0.500000
connection_rate=1.000000
network_type=0
learning_momentum=0.000000
training_algorithm=2
train_error_function=1
train_stop_function=0
cascade_output_change_fraction=0.010000
quickprop_decay=-0.000100
quickprop_mu=1.750000
rprop_increase_factor=1.200000
rprop_decrease_factor=0.500000
rprop_delta_min=0.000000
rprop_delta_max=50.000000
rprop_delta_zero=0.100000
cascade_output_stagnation_epochs=12
cascade_candidate_change_fraction=0.010000
cascade_candidate_stagnation_epochs=12
cascade_max_out_epochs=150
cascade_min_out_epochs=50
cascade_max_cand_epochs=150
cascade_min_cand_epochs=50
cascade_num_candidate_groups=2
bit_fail_limit=3.49999994039535522461e-01
cascade_candidate_limit=1.00000000000000000000e+03
cascade_weight_multiplier=4.00000005960464477539e-01
cascade_activation_functions_count=10
cascade_activation_functions=3 5 7 8 10 11 14 15 16 17 
cascade_activation_steepnesses_count=4
cascade_activation_steepnesses=2.50000000000000000000e-01 5.00000000000000000000e-01 7.50000000000000000000e-01 1.00000000000000000000e+00 
layer_sizes=3 9 4 
scale_included=0
neurons (num_inputs, activation_function, activation_steepness)=(0, 0, 0.00000000000000000000e+00) (0, 0, 0.00000000000000000000e+00) (0, 0, 0.00000000000000000000e+00) (3, 3, 5.00000000000000000000e-01) (3, 3, 5.00000000000000000000e-01) (3, 3, 5.00000000000000000000e-01) (3, 3, 5.00000000000000000000e-01) (3, 3, 5.00000000000000000000e-01) (3, 3, 5.00000000000000000000e-01) (3, 3, 5.00000000000000000000e-01) (3, 3, 5.00000000000000000000e-01) (0, 3, 0.00000000000000000000e+00) (9, 0, 5.00000000000000000000e-01) (9, 0, 5.00000000000000000000e-01) (9, 0, 5.00000000000000000000e-01) (0, 0, 0.00000000000000000000e+00) 
connections (connected_to_neuron, weight)=(0, -5.36335325241088867188e+00) (1, 1.18025255203247070312e+00) (2, 1.50913369655609130859e+00) (0, -6.81397628784179687500e+00) (1, 5.57538414001464843750e+00) (2, 9.85095405578613281250e+00) (0, -1.05979871749877929688e+01) (1, 4.59693098068237304688e+00) (2, 6.46094560623168945312e+00) (0, -8.39789867401123046875e+00) (1, 6.39486646652221679688e+00) (2, 5.83493280410766601562e+00) (0, -3.54568576812744140625e+00) (1, -3.22665524482727050781e+00) (2, 1.07485568523406982422e+00) (0, -4.69612884521484375000e+00) (1, -7.41818547248840332031e-01) (2, 4.24674451351165771484e-01) (0, -3.32887220382690429688e+00) (1, -7.86355495452880859375e+00) (2, 5.65467953681945800781e-01) (0, -6.79620742797851562500e+00) (1, 5.59944820404052734375e+00) (2, 9.78079891204833984375e+00) (3, 1.79503405094146728516e+00) (4, 5.20836949348449707031e-01) (5, 6.00533664226531982422e-01) (6, 1.01375913619995117188e+00) (7, 1.85799753665924072266e+00) (8, 2.27656221389770507812e+00) (9, 1.89468467235565185547e+00) (10, 5.39871931076049804688e-01) (11, 7.30685591697692871094e-01) (3, 4.68082904815673828125e+00) (4, 2.50905942916870117188e+00) (5, 2.93918871879577636719e+00) (6, 3.03975892066955566406e+00) (7, 5.77237796783447265625e+00) (8, 5.62670993804931640625e+00) (9, 4.55534791946411132812e+00) (10, 2.52856492996215820312e+00) (11, 2.33233571052551269531e+00) (3, 1.49629859924316406250e+01) (4, 9.91303443908691406250e+00) (5, 9.76674079895019531250e+00) (6, 8.45233917236328125000e+00) (7, 1.91757526397705078125e+01) (8, 1.67737522125244140625e+01) (9, 1.43672361373901367188e+01) (10, 9.83010101318359375000e+00) (11, 1.03035926818847656250e+01) 
