FANN_FLO_2.1
num_layers=3
learning_rate=0.500000
connection_rate=1.000000
network_type=0
learning_momentum=0.000000
training_algorithm=2
train_error_function=1
train_stop_function=0
cascade_output_change_fraction=0.010000
quickprop_decay=-0.000100
quickprop_mu=1.750000
rprop_increase_factor=1.200000
rprop_decrease_factor=0.500000
rprop_delta_min=0.000000
rprop_delta_max=50.000000
rprop_delta_zero=0.100000
cascade_output_stagnation_epochs=12
cascade_candidate_change_fraction=0.010000
cascade_candidate_stagnation_epochs=12
cascade_max_out_epochs=150
cascade_min_out_epochs=50
cascade_max_cand_epochs=150
cascade_min_cand_epochs=50
cascade_num_candidate_groups=2
bit_fail_limit=3.49999994039535522461e-01
cascade_candidate_limit=1.00000000000000000000e+03
cascade_weight_multiplier=4.00000005960464477539e-01
cascade_activation_functions_count=10
cascade_activation_functions=3 5 7 8 10 11 14 15 16 17 
cascade_activation_steepnesses_count=4
cascade_activation_steepnesses=2.50000000000000000000e-01 5.00000000000000000000e-01 7.50000000000000000000e-01 1.00000000000000000000e+00 
layer_sizes=7 9 2 
scale_included=0
neurons (num_inputs, activation_function, activation_steepness)=(0, 0, 0.00000000000000000000e+00) (0, 0, 0.00000000000000000000e+00) (0, 0, 0.00000000000000000000e+00) (0, 0, 0.00000000000000000000e+00) (0, 0, 0.00000000000000000000e+00) (0, 0, 0.00000000000000000000e+00) (0, 0, 0.00000000000000000000e+00) (7, 3, 5.00000000000000000000e-01) (7, 3, 5.00000000000000000000e-01) (7, 3, 5.00000000000000000000e-01) (7, 3, 5.00000000000000000000e-01) (7, 3, 5.00000000000000000000e-01) (7, 3, 5.00000000000000000000e-01) (7, 3, 5.00000000000000000000e-01) (7, 3, 5.00000000000000000000e-01) (0, 3, 0.00000000000000000000e+00) (9, 0, 5.00000000000000000000e-01) (0, 0, 0.00000000000000000000e+00) 
connections (connected_to_neuron, weight)=(0, 4.89619001746177673340e-02) (1, -2.77267098426818847656e-01) (2, 8.56475606560707092285e-02) (3, -1.73683583736419677734e-01) (4, -3.89465749263763427734e-01) (5, 4.66734051704406738281e-01) (6, 1.28134822845458984375e+00) (0, -1.04440793395042419434e-01) (1, -1.48024482727050781250e+01) (2, -1.44066070556640625000e+02) (3, -5.73863327503204345703e-01) (4, -1.48098688125610351562e+01) (5, -2.77535176277160644531e+00) (6, -1.34172630310058593750e+00) (0, -1.16802468895912170410e-01) (1, 1.17753222584724426270e-01) (2, 2.06328064203262329102e-01) (3, -2.79946886003017425537e-02) (4, -1.65241271257400512695e-01) (5, 2.88561414927244186401e-02) (6, -4.50140982866287231445e-01) (0, -5.69097734987735748291e-02) (1, -3.17724823951721191406e-01) (2, 3.08922022581100463867e-01) (3, -1.30396738648414611816e-01) (4, -2.16964617371559143066e-01) (5, 3.39412003755569458008e-01) (6, -3.07196080684661865234e-01) (0, 5.52455127239227294922e-01) (1, -1.02541708946228027344e+00) (2, -4.70532208681106567383e-01) (3, -7.34267592430114746094e-01) (4, 1.51775825023651123047e+00) (5, -6.21677815914154052734e-01) (6, -1.17748725414276123047e+00) (0, -3.90381067991256713867e-02) (1, -3.33394742012023925781e+00) (2, -2.93278160095214843750e+01) (3, -8.75976502895355224609e-01) (4, -4.71679639816284179688e+00) (5, -1.04094972610473632812e+01) (6, -5.47632753849029541016e-01) (0, -2.81815648078918457031e-01) (1, -5.67609250545501708984e-01) (2, 1.79348215460777282715e-01) (3, -2.32130557298660278320e-01) (4, 3.51450145244598388672e-01) (5, 5.52177906036376953125e-01) (6, -9.81329143047332763672e-01) (0, 5.84885537624359130859e-01) (1, -5.66540718078613281250e-01) (2, -2.14224743843078613281e+00) (3, -7.49947428703308105469e-01) (4, -1.93184405565261840820e-01) (5, -3.44183635711669921875e+00) (6, -5.87817072868347167969e-01) (7, -2.44520336389541625977e-01) (8, 5.67776300013065338135e-02) (9, -1.08444258570671081543e-01) (10, 1.06654930114746093750e+00) (11, -1.15429107099771499634e-02) (12, -1.98434326171875000000e+02) (13, -1.68417841196060180664e-01) (14, 6.69629573822021484375e-01) (15, 2.76440512388944625854e-02) 
