FANN_FLO_2.1
num_layers=3
learning_rate=0.500000
connection_rate=1.000000
network_type=0
learning_momentum=0.000000
training_algorithm=2
train_error_function=1
train_stop_function=0
cascade_output_change_fraction=0.010000
quickprop_decay=-0.000100
quickprop_mu=1.750000
rprop_increase_factor=1.200000
rprop_decrease_factor=0.500000
rprop_delta_min=0.000000
rprop_delta_max=50.000000
rprop_delta_zero=0.100000
cascade_output_stagnation_epochs=12
cascade_candidate_change_fraction=0.010000
cascade_candidate_stagnation_epochs=12
cascade_max_out_epochs=150
cascade_min_out_epochs=50
cascade_max_cand_epochs=150
cascade_min_cand_epochs=50
cascade_num_candidate_groups=2
bit_fail_limit=3.49999994039535522461e-01
cascade_candidate_limit=1.00000000000000000000e+03
cascade_weight_multiplier=4.00000005960464477539e-01
cascade_activation_functions_count=10
cascade_activation_functions=3 5 7 8 10 11 14 15 16 17 
cascade_activation_steepnesses_count=4
cascade_activation_steepnesses=2.50000000000000000000e-01 5.00000000000000000000e-01 7.50000000000000000000e-01 1.00000000000000000000e+00 
layer_sizes=3 9 4 
scale_included=0
neurons (num_inputs, activation_function, activation_steepness)=(0, 0, 0.00000000000000000000e+00) (0, 0, 0.00000000000000000000e+00) (0, 0, 0.00000000000000000000e+00) (3, 3, 5.00000000000000000000e-01) (3, 3, 5.00000000000000000000e-01) (3, 3, 5.00000000000000000000e-01) (3, 3, 5.00000000000000000000e-01) (3, 3, 5.00000000000000000000e-01) (3, 3, 5.00000000000000000000e-01) (3, 3, 5.00000000000000000000e-01) (3, 3, 5.00000000000000000000e-01) (0, 3, 0.00000000000000000000e+00) (9, 0, 5.00000000000000000000e-01) (9, 0, 5.00000000000000000000e-01) (9, 0, 5.00000000000000000000e-01) (0, 0, 0.00000000000000000000e+00) 
connections (connected_to_neuron, weight)=(0, -4.79219293594360351562e+00) (1, 2.20315694808959960938e+00) (2, 1.03121244907379150391e+00) (0, -4.91458272933959960938e+00) (1, 7.40776300430297851562e-01) (2, 7.99590587615966796875e-01) (0, -8.85966968536376953125e+00) (1, 8.16036796569824218750e+00) (2, 8.29437255859375000000e+00) (0, -7.16103410720825195312e+00) (1, 4.13285875320434570312e+00) (2, 1.16870431900024414062e+01) (0, -1.21355652809143066406e+00) (1, -2.29172301292419433594e+00) (2, -7.66955837607383728027e-02) (0, -1.19222106933593750000e+01) (1, 7.04442024230957031250e+00) (2, 8.03600025177001953125e+00) (0, -4.29099082946777343750e+00) (1, -2.58935976028442382812e+00) (2, 9.19331982731819152832e-02) (0, -5.15521144866943359375e+00) (1, -5.26055276393890380859e-01) (2, -1.58304974436759948730e-01) (3, 1.81744158267974853516e+00) (4, 7.45394349098205566406e-01) (5, 7.98601984977722167969e-01) (6, 7.17111825942993164062e-01) (7, 2.24328827857971191406e+00) (8, 6.53393149375915527344e-01) (9, 1.84432888031005859375e+00) (10, 1.89728283882141113281e+00) (11, 5.31607925891876220703e-01) (3, 3.87270736694335937500e+00) (4, 4.10264492034912109375e+00) (5, 3.80603003501892089844e+00) (6, 2.65851259231567382812e+00) (7, 8.37244796752929687500e+00) (8, 3.09669518470764160156e+00) (9, 4.43383359909057617188e+00) (10, 3.39565873146057128906e+00) (11, 1.83306670188903808594e+00) (3, 1.21985721588134765625e+01) (4, 1.16596422195434570312e+01) (5, 1.07684288024902343750e+01) (6, 1.07268772125244140625e+01) (7, 2.89727249145507812500e+01) (8, 1.06076269149780273438e+01) (9, 1.34770832061767578125e+01) (10, 1.12596454620361328125e+01) (11, 1.05991086959838867188e+01) 
