FANN_FLO_2.1
num_layers=3
learning_rate=0.500000
connection_rate=1.000000
network_type=0
learning_momentum=0.000000
training_algorithm=2
train_error_function=1
train_stop_function=0
cascade_output_change_fraction=0.010000
quickprop_decay=-0.000100
quickprop_mu=1.750000
rprop_increase_factor=1.200000
rprop_decrease_factor=0.500000
rprop_delta_min=0.000000
rprop_delta_max=50.000000
rprop_delta_zero=0.100000
cascade_output_stagnation_epochs=12
cascade_candidate_change_fraction=0.010000
cascade_candidate_stagnation_epochs=12
cascade_max_out_epochs=150
cascade_min_out_epochs=50
cascade_max_cand_epochs=150
cascade_min_cand_epochs=50
cascade_num_candidate_groups=2
bit_fail_limit=3.49999994039535522461e-01
cascade_candidate_limit=1.00000000000000000000e+03
cascade_weight_multiplier=4.00000005960464477539e-01
cascade_activation_functions_count=10
cascade_activation_functions=3 5 7 8 10 11 14 15 16 17 
cascade_activation_steepnesses_count=4
cascade_activation_steepnesses=2.50000000000000000000e-01 5.00000000000000000000e-01 7.50000000000000000000e-01 1.00000000000000000000e+00 
layer_sizes=3 9 4 
scale_included=0
neurons (num_inputs, activation_function, activation_steepness)=(0, 0, 0.00000000000000000000e+00) (0, 0, 0.00000000000000000000e+00) (0, 0, 0.00000000000000000000e+00) (3, 3, 5.00000000000000000000e-01) (3, 3, 5.00000000000000000000e-01) (3, 3, 5.00000000000000000000e-01) (3, 3, 5.00000000000000000000e-01) (3, 3, 5.00000000000000000000e-01) (3, 3, 5.00000000000000000000e-01) (3, 3, 5.00000000000000000000e-01) (3, 3, 5.00000000000000000000e-01) (0, 3, 0.00000000000000000000e+00) (9, 0, 5.00000000000000000000e-01) (9, 0, 5.00000000000000000000e-01) (9, 0, 5.00000000000000000000e-01) (0, 0, 0.00000000000000000000e+00) 
connections (connected_to_neuron, weight)=(0, -1.49394822120666503906e+00) (1, -2.53405952453613281250e+00) (2, 6.93212151527404785156e-01) (0, -2.28252458572387695312e+00) (1, 1.83057093620300292969e+00) (2, 6.95166170597076416016e-01) (0, -1.94876790046691894531e+00) (1, 1.67369842529296875000e+00) (2, 9.61505353450775146484e-01) (0, -2.77358365058898925781e+00) (1, -7.02734410762786865234e-01) (2, 6.40285193920135498047e-01) (0, -3.69066381454467773438e+00) (1, 1.02616882324218750000e+00) (2, 9.64341759681701660156e-01) (0, -4.94160413742065429688e+00) (1, 6.15122079849243164062e+00) (2, 6.69955348968505859375e+00) (0, -3.24310111999511718750e+00) (1, -7.31040954589843750000e-01) (2, 1.69621735811233520508e-01) (0, -4.01714134216308593750e+00) (1, 7.59734964370727539062e+00) (2, 1.07529461383819580078e+00) (3, 2.34327673912048339844e+00) (4, 2.22859430313110351562e+00) (5, 1.77818429470062255859e+00) (6, 1.04071927070617675781e+00) (7, 1.75856038928031921387e-01) (8, 2.34641999006271362305e-01) (9, 2.59208559989929199219e+00) (10, -8.05139690637588500977e-02) (11, 3.66699546575546264648e-01) (3, 8.66364002227783203125e+00) (4, 4.81367874145507812500e+00) (5, 3.26936197280883789062e+00) (6, 3.55730104446411132812e+00) (7, 3.72925257682800292969e+00) (8, 1.85221636295318603516e+00) (9, 4.18712568283081054688e+00) (10, 2.45800542831420898438e+00) (11, 1.47974002361297607422e+00) (3, 2.94770774841308593750e+01) (4, 1.22341270446777343750e+01) (5, 1.21334733963012695312e+01) (6, 1.18757410049438476562e+01) (7, 1.28338460922241210938e+01) (8, 7.83207941055297851562e+00) (9, 1.18731040954589843750e+01) (10, 7.83305644989013671875e+00) (11, 8.89068794250488281250e+00) 
