FANN_FLO_2.1
num_layers=3
learning_rate=0.500000
connection_rate=1.000000
network_type=0
learning_momentum=0.000000
training_algorithm=2
train_error_function=1
train_stop_function=0
cascade_output_change_fraction=0.010000
quickprop_decay=-0.000100
quickprop_mu=1.750000
rprop_increase_factor=1.200000
rprop_decrease_factor=0.500000
rprop_delta_min=0.000000
rprop_delta_max=50.000000
rprop_delta_zero=0.100000
cascade_output_stagnation_epochs=12
cascade_candidate_change_fraction=0.010000
cascade_candidate_stagnation_epochs=12
cascade_max_out_epochs=150
cascade_min_out_epochs=50
cascade_max_cand_epochs=150
cascade_min_cand_epochs=50
cascade_num_candidate_groups=2
bit_fail_limit=3.49999994039535522461e-01
cascade_candidate_limit=1.00000000000000000000e+03
cascade_weight_multiplier=4.00000005960464477539e-01
cascade_activation_functions_count=10
cascade_activation_functions=3 5 7 8 10 11 14 15 16 17 
cascade_activation_steepnesses_count=4
cascade_activation_steepnesses=2.50000000000000000000e-01 5.00000000000000000000e-01 7.50000000000000000000e-01 1.00000000000000000000e+00 
layer_sizes=7 5 2 
scale_included=0
neurons (num_inputs, activation_function, activation_steepness)=(0, 0, 0.00000000000000000000e+00) (0, 0, 0.00000000000000000000e+00) (0, 0, 0.00000000000000000000e+00) (0, 0, 0.00000000000000000000e+00) (0, 0, 0.00000000000000000000e+00) (0, 0, 0.00000000000000000000e+00) (0, 0, 0.00000000000000000000e+00) (7, 3, 5.00000000000000000000e-01) (7, 3, 5.00000000000000000000e-01) (7, 3, 5.00000000000000000000e-01) (7, 3, 5.00000000000000000000e-01) (0, 3, 0.00000000000000000000e+00) (5, 0, 5.00000000000000000000e-01) (0, 0, 0.00000000000000000000e+00) 
connections (connected_to_neuron, weight)=(0, -7.66361296176910400391e-01) (1, -9.00214731693267822266e-01) (2, -6.55032491683959960938e+00) (3, -6.56987309455871582031e-01) (4, -8.05191159248352050781e-01) (5, 9.99878048896789550781e-01) (6, -8.47006022930145263672e-01) (0, -1.02951610088348388672e+00) (1, -1.08590900897979736328e+00) (2, 2.26548004150390625000e+00) (3, -8.36559355258941650391e-01) (4, -1.32240772247314453125e+00) (5, 1.21664023399353027344e+00) (6, -9.93257462978363037109e-01) (0, -2.87800503429025411606e-04) (1, 5.58599270880222320557e-03) (2, 2.38428674638271331787e-02) (3, 4.80872914195060729980e-02) (4, -5.93522451817989349365e-02) (5, 3.61750982701778411865e-02) (6, -1.49765181541442871094e+00) (0, -1.01635158061981201172e+00) (1, -1.01485788822174072266e+00) (2, 2.12215566635131835938e+00) (3, -1.83625173568725585938e+00) (4, -1.51864707469940185547e+00) (5, 1.00977957248687744141e+00) (6, -1.11327028274536132812e+00) (7, 2.44999408721923828125e-01) (8, -7.40416824817657470703e-01) (9, 1.20730385184288024902e-01) (10, -1.77687397003173828125e+01) (11, -1.72808356583118438721e-02) 
