FANN_FLO_2.1
num_layers=3
learning_rate=0.500000
connection_rate=1.000000
network_type=0
learning_momentum=0.000000
training_algorithm=2
train_error_function=1
train_stop_function=0
cascade_output_change_fraction=0.010000
quickprop_decay=-0.000100
quickprop_mu=1.750000
rprop_increase_factor=1.200000
rprop_decrease_factor=0.500000
rprop_delta_min=0.000000
rprop_delta_max=50.000000
rprop_delta_zero=0.100000
cascade_output_stagnation_epochs=12
cascade_candidate_change_fraction=0.010000
cascade_candidate_stagnation_epochs=12
cascade_max_out_epochs=150
cascade_min_out_epochs=50
cascade_max_cand_epochs=150
cascade_min_cand_epochs=50
cascade_num_candidate_groups=2
bit_fail_limit=3.49999994039535522461e-01
cascade_candidate_limit=1.00000000000000000000e+03
cascade_weight_multiplier=4.00000005960464477539e-01
cascade_activation_functions_count=10
cascade_activation_functions=3 5 7 8 10 11 14 15 16 17 
cascade_activation_steepnesses_count=4
cascade_activation_steepnesses=2.50000000000000000000e-01 5.00000000000000000000e-01 7.50000000000000000000e-01 1.00000000000000000000e+00 
layer_sizes=3 5 4 
scale_included=0
neurons (num_inputs, activation_function, activation_steepness)=(0, 0, 0.00000000000000000000e+00) (0, 0, 0.00000000000000000000e+00) (0, 0, 0.00000000000000000000e+00) (3, 3, 5.00000000000000000000e-01) (3, 3, 5.00000000000000000000e-01) (3, 3, 5.00000000000000000000e-01) (3, 3, 5.00000000000000000000e-01) (0, 3, 0.00000000000000000000e+00) (5, 0, 5.00000000000000000000e-01) (5, 0, 5.00000000000000000000e-01) (5, 0, 5.00000000000000000000e-01) (0, 0, 0.00000000000000000000e+00) 
connections (connected_to_neuron, weight)=(0, -1.50000000000000000000e+03) (1, 4.71828699111938476562e+00) (2, 1.75653152465820312500e+01) (0, -1.50000000000000000000e+03) (1, -8.55584228515625000000e+02) (2, 1.55584621429443359375e+01) (0, -1.50000000000000000000e+03) (1, -1.50000000000000000000e+03) (2, 1.63041925430297851562e+00) (0, -2.34592952728271484375e+01) (1, 8.38365077972412109375e+00) (2, 1.63026828765869140625e+01) (3, 2.72960186004638671875e+00) (4, 1.44327390193939208984e+00) (5, 1.65255975723266601562e+00) (6, 2.15873050689697265625e+00) (7, 2.16799545288085937500e+00) (3, 7.02475023269653320312e+00) (4, 4.03537225723266601562e+00) (5, 4.24664211273193359375e+00) (6, 7.30829811096191406250e+00) (7, 8.48211574554443359375e+00) (3, 2.53467540740966796875e+01) (4, 1.12422590255737304688e+01) (5, 1.38434925079345703125e+01) (6, 2.03568897247314453125e+01) (7, 3.39465103149414062500e+01) 
