FANN_FLO_2.1
num_layers=3
learning_rate=0.500000
connection_rate=1.000000
network_type=0
learning_momentum=0.000000
training_algorithm=2
train_error_function=1
train_stop_function=0
cascade_output_change_fraction=0.010000
quickprop_decay=-0.000100
quickprop_mu=1.750000
rprop_increase_factor=1.200000
rprop_decrease_factor=0.500000
rprop_delta_min=0.000000
rprop_delta_max=50.000000
rprop_delta_zero=0.100000
cascade_output_stagnation_epochs=12
cascade_candidate_change_fraction=0.010000
cascade_candidate_stagnation_epochs=12
cascade_max_out_epochs=150
cascade_min_out_epochs=50
cascade_max_cand_epochs=150
cascade_min_cand_epochs=50
cascade_num_candidate_groups=2
bit_fail_limit=3.49999994039535522461e-01
cascade_candidate_limit=1.00000000000000000000e+03
cascade_weight_multiplier=4.00000005960464477539e-01
cascade_activation_functions_count=10
cascade_activation_functions=3 5 7 8 10 11 14 15 16 17 
cascade_activation_steepnesses_count=4
cascade_activation_steepnesses=2.50000000000000000000e-01 5.00000000000000000000e-01 7.50000000000000000000e-01 1.00000000000000000000e+00 
layer_sizes=3 9 4 
scale_included=0
neurons (num_inputs, activation_function, activation_steepness)=(0, 0, 0.00000000000000000000e+00) (0, 0, 0.00000000000000000000e+00) (0, 0, 0.00000000000000000000e+00) (3, 3, 5.00000000000000000000e-01) (3, 3, 5.00000000000000000000e-01) (3, 3, 5.00000000000000000000e-01) (3, 3, 5.00000000000000000000e-01) (3, 3, 5.00000000000000000000e-01) (3, 3, 5.00000000000000000000e-01) (3, 3, 5.00000000000000000000e-01) (3, 3, 5.00000000000000000000e-01) (0, 3, 0.00000000000000000000e+00) (9, 0, 5.00000000000000000000e-01) (9, 0, 5.00000000000000000000e-01) (9, 0, 5.00000000000000000000e-01) (0, 0, 0.00000000000000000000e+00) 
connections (connected_to_neuron, weight)=(0, -6.87562561035156250000e+00) (1, 7.48571920394897460938e+00) (2, 9.52595233917236328125e+00) (0, -7.49775552749633789062e+00) (1, 8.14990329742431640625e+00) (2, 4.29844903945922851562e+00) (0, -3.11787915229797363281e+00) (1, 1.42143523693084716797e+00) (2, 1.17887318134307861328e+00) (0, -1.16264092922210693359e+00) (1, -3.70407509803771972656e+00) (2, 2.47134894132614135742e-01) (0, -3.07305669784545898438e+00) (1, 1.49756526947021484375e+00) (2, 1.19766509532928466797e+00) (0, -4.14023733139038085938e+00) (1, -1.38933777809143066406e+00) (2, 4.77954745292663574219e-01) (0, -4.56179332733154296875e+00) (1, 7.33073130249977111816e-02) (2, 1.53289473056793212891e+00) (0, -2.36487126350402832031e+00) (1, -2.53044891357421875000e+00) (2, 5.57484090328216552734e-01) (3, 5.05212962627410888672e-01) (4, 1.08161818981170654297e+00) (5, 1.22157704830169677734e+00) (6, 1.64458549022674560547e+00) (7, 1.30885839462280273438e+00) (8, 2.25931596755981445312e+00) (9, 9.77299809455871582031e-01) (10, 1.86367642879486083984e+00) (11, 5.60120642185211181641e-01) (3, 2.60686182975769042969e+00) (4, 3.87027072906494140625e+00) (5, 3.71381831169128417969e+00) (6, 4.95509767532348632812e+00) (7, 3.63454270362854003906e+00) (8, 4.88187694549560546875e+00) (9, 3.55721139907836914062e+00) (10, 5.63889455795288085938e+00) (11, 2.43905758857727050781e+00) (3, 1.13236589431762695312e+01) (4, 1.15553836822509765625e+01) (5, 1.13141632080078125000e+01) (6, 1.77968750000000000000e+01) (7, 1.12205982208251953125e+01) (8, 1.53016843795776367188e+01) (9, 1.19717483520507812500e+01) (10, 1.74280471801757812500e+01) (11, 1.14419536590576171875e+01) 
