FANN_FLO_2.1
num_layers=4
learning_rate=0.300000
connection_rate=1.000000
network_type=0
learning_momentum=0.000000
training_algorithm=2
train_error_function=1
train_stop_function=0
cascade_output_change_fraction=0.010000
quickprop_decay=-0.000100
quickprop_mu=1.750000
rprop_increase_factor=1.200000
rprop_decrease_factor=0.500000
rprop_delta_min=0.000000
rprop_delta_max=50.000000
rprop_delta_zero=0.100000
cascade_output_stagnation_epochs=12
cascade_candidate_change_fraction=0.010000
cascade_candidate_stagnation_epochs=12
cascade_max_out_epochs=150
cascade_min_out_epochs=50
cascade_max_cand_epochs=150
cascade_min_cand_epochs=50
cascade_num_candidate_groups=2
bit_fail_limit=3.49999994039535522461e-01
cascade_candidate_limit=1.00000000000000000000e+03
cascade_weight_multiplier=4.00000005960464477539e-01
cascade_activation_functions_count=10
cascade_activation_functions=3 5 7 8 10 11 14 15 16 17 
cascade_activation_steepnesses_count=4
cascade_activation_steepnesses=2.50000000000000000000e-01 5.00000000000000000000e-01 7.50000000000000000000e-01 1.00000000000000000000e+00 
layer_sizes=2 5 5 3 
scale_included=0
neurons (num_inputs, activation_function, activation_steepness)=(0, 0, 0.00000000000000000000e+00) (0, 0, 0.00000000000000000000e+00) (2, 3, 5.00000000000000000000e-01) (2, 3, 5.00000000000000000000e-01) (2, 3, 5.00000000000000000000e-01) (2, 3, 5.00000000000000000000e-01) (0, 3, 0.00000000000000000000e+00) (5, 3, 5.00000000000000000000e-01) (5, 3, 5.00000000000000000000e-01) (5, 3, 5.00000000000000000000e-01) (5, 3, 5.00000000000000000000e-01) (0, 3, 0.00000000000000000000e+00) (5, 0, 5.00000000000000000000e-01) (5, 0, 5.00000000000000000000e-01) (0, 0, 0.00000000000000000000e+00) 
connections (connected_to_neuron, weight)=(0, 9.34516067504882812500e+01) (1, 5.62258720397949218750e-01) (0, 9.79849219322204589844e-01) (1, -1.33941230773925781250e+01) (0, 2.53561191558837890625e+01) (1, 2.71266937255859375000e-01) (0, 4.77710390090942382812e+00) (1, -3.65837901830673217773e-01) (2, 2.82335567474365234375e+00) (3, -1.01920664310455322266e-01) (4, -3.37936973571777343750e+00) (5, -3.57155251502990722656e+00) (6, -8.70374292135238647461e-02) (2, 2.27296137809753417969e+00) (3, 6.70090839266777038574e-02) (4, -1.82919812202453613281e+00) (5, -3.17818021774291992188e+00) (6, -1.06942676007747650146e-01) (2, 3.43401360511779785156e+00) (3, 4.01550531387329101562e-01) (4, -2.13822817802429199219e+00) (5, -1.58864295482635498047e+00) (6, 1.95055887103080749512e-01) (2, 3.03941287994384765625e+01) (3, 6.84142172336578369141e-01) (4, -1.05801353454589843750e+01) (5, -7.45471343994140625000e+01) (6, -9.73503589630126953125e-02) (7, 2.27616757154464721680e-01) (8, 5.91746747493743896484e-01) (9, -1.37630581855773925781e-01) (10, -2.42963023483753204346e-02) (11, -2.52016782760620117188e-01) (7, -1.42558336257934570312e+00) (8, -8.28683555126190185547e-01) (9, -6.85123682022094726562e-01) (10, -5.65292477607727050781e-01) (11, -4.01122957468032836914e-01) 
