FANN_FLO_2.1
num_layers=3
learning_rate=0.500000
connection_rate=1.000000
network_type=0
learning_momentum=0.000000
training_algorithm=2
train_error_function=1
train_stop_function=0
cascade_output_change_fraction=0.010000
quickprop_decay=-0.000100
quickprop_mu=1.750000
rprop_increase_factor=1.200000
rprop_decrease_factor=0.500000
rprop_delta_min=0.000000
rprop_delta_max=50.000000
rprop_delta_zero=0.100000
cascade_output_stagnation_epochs=12
cascade_candidate_change_fraction=0.010000
cascade_candidate_stagnation_epochs=12
cascade_max_out_epochs=150
cascade_min_out_epochs=50
cascade_max_cand_epochs=150
cascade_min_cand_epochs=50
cascade_num_candidate_groups=2
bit_fail_limit=3.49999994039535522461e-01
cascade_candidate_limit=1.00000000000000000000e+03
cascade_weight_multiplier=4.00000005960464477539e-01
cascade_activation_functions_count=10
cascade_activation_functions=3 5 7 8 10 11 14 15 16 17 
cascade_activation_steepnesses_count=4
cascade_activation_steepnesses=2.50000000000000000000e-01 5.00000000000000000000e-01 7.50000000000000000000e-01 1.00000000000000000000e+00 
layer_sizes=10 5 2 
scale_included=0
neurons (num_inputs, activation_function, activation_steepness)=(0, 0, 0.00000000000000000000e+00) (0, 0, 0.00000000000000000000e+00) (0, 0, 0.00000000000000000000e+00) (0, 0, 0.00000000000000000000e+00) (0, 0, 0.00000000000000000000e+00) (0, 0, 0.00000000000000000000e+00) (0, 0, 0.00000000000000000000e+00) (0, 0, 0.00000000000000000000e+00) (0, 0, 0.00000000000000000000e+00) (0, 0, 0.00000000000000000000e+00) (10, 3, 5.00000000000000000000e-01) (10, 3, 5.00000000000000000000e-01) (10, 3, 5.00000000000000000000e-01) (10, 3, 5.00000000000000000000e-01) (0, 3, 0.00000000000000000000e+00) (5, 3, 5.00000000000000000000e-01) (0, 3, 0.00000000000000000000e+00) 
connections (connected_to_neuron, weight)=(0, -4.38588410615921020508e-01) (1, 3.55298183858394622803e-02) (2, -3.20506691932678222656e-01) (3, -9.14568960666656494141e-01) (4, -3.71226489543914794922e-01) (5, -3.63535970449447631836e-01) (6, -9.59990382194519042969e-01) (7, -8.80772113800048828125e-01) (8, -4.97612655162811279297e-01) (9, 8.62777590751647949219e-01) (0, -5.63218951225280761719e-01) (1, -8.96302759647369384766e-01) (2, -6.51129305362701416016e-01) (3, -1.93163290619850158691e-01) (4, -5.94930112361907958984e-01) (5, -5.85462868213653564453e-01) (6, 4.02945689857006072998e-02) (7, -2.54231840372085571289e-01) (8, -6.01521432399749755859e-01) (9, 7.91865468025207519531e-01) (0, -7.58160769939422607422e-01) (1, -6.64466500282287597656e-01) (2, -7.13693380355834960938e-01) (3, -7.67973363399505615234e-01) (4, -8.87378394603729248047e-01) (5, -8.61896872520446777344e-01) (6, -7.91216254234313964844e-01) (7, -7.26970851421356201172e-01) (8, -6.88314080238342285156e-01) (9, 4.14999008178710937500e+00) (0, -4.23427432775497436523e-01) (1, -3.39574843645095825195e-01) (2, -4.17095005512237548828e-01) (3, -8.40924680233001708984e-01) (4, -3.00787776708602905273e-01) (5, -4.22998845577239990234e-01) (6, -9.90085601806640625000e-01) (7, -7.18670904636383056641e-01) (8, -3.62798184156417846680e-01) (9, 1.29450607299804687500e+00) (10, -9.01428520679473876953e-01) (11, -1.80772709846496582031e+00) (12, -9.92701172828674316406e-01) (13, -8.52677226066589355469e-01) (14, 1.42676246166229248047e+00) 
