FANN_FLO_2.1
num_layers=3
learning_rate=0.450000
connection_rate=1.000000
network_type=0
learning_momentum=0.000000
training_algorithm=2
train_error_function=1
train_stop_function=0
cascade_output_change_fraction=0.010000
quickprop_decay=-0.000100
quickprop_mu=1.750000
rprop_increase_factor=1.200000
rprop_decrease_factor=0.500000
rprop_delta_min=0.000000
rprop_delta_max=50.000000
rprop_delta_zero=0.100000
cascade_output_stagnation_epochs=12
cascade_candidate_change_fraction=0.010000
cascade_candidate_stagnation_epochs=12
cascade_max_out_epochs=150
cascade_min_out_epochs=50
cascade_max_cand_epochs=150
cascade_min_cand_epochs=50
cascade_num_candidate_groups=2
bit_fail_limit=3.49999994039535522461e-01
cascade_candidate_limit=1.00000000000000000000e+03
cascade_weight_multiplier=4.00000005960464477539e-01
cascade_activation_functions_count=10
cascade_activation_functions=3 5 7 8 10 11 14 15 16 17 
cascade_activation_steepnesses_count=4
cascade_activation_steepnesses=2.50000000000000000000e-01 5.00000000000000000000e-01 7.50000000000000000000e-01 1.00000000000000000000e+00 
layer_sizes=7 5 2 
scale_included=0
neurons (num_inputs, activation_function, activation_steepness)=(0, 0, 0.00000000000000000000e+00) (0, 0, 0.00000000000000000000e+00) (0, 0, 0.00000000000000000000e+00) (0, 0, 0.00000000000000000000e+00) (0, 0, 0.00000000000000000000e+00) (0, 0, 0.00000000000000000000e+00) (0, 0, 0.00000000000000000000e+00) (7, 3, 5.00000000000000000000e-01) (7, 3, 5.00000000000000000000e-01) (7, 3, 5.00000000000000000000e-01) (7, 3, 5.00000000000000000000e-01) (0, 3, 0.00000000000000000000e+00) (5, 0, 5.00000000000000000000e-01) (0, 0, 0.00000000000000000000e+00) 
connections (connected_to_neuron, weight)=(0, -4.62946367263793945312e+00) (1, 2.15116920471191406250e+01) (2, -4.98408794403076171875e+00) (3, -8.76159131526947021484e-01) (4, 2.18127346038818359375e+00) (5, -9.56249535083770751953e-01) (6, -2.62721023559570312500e+01) (0, -7.38448953628540039062e+00) (1, -4.52957878112792968750e+01) (2, 4.58424224853515625000e+01) (3, -5.77614247798919677734e-01) (4, -5.18720102310180664062e+00) (5, 1.19461765289306640625e+01) (6, -1.56097305297851562500e+02) (0, -1.41877502202987670898e-01) (1, 5.52735984325408935547e-01) (2, -4.72632706165313720703e-01) (3, -2.90199309587478637695e-01) (4, 4.17423158884048461914e-01) (5, -6.40963733196258544922e-01) (6, -2.83179879188537597656e+00) (0, 1.08111715316772460938e+00) (1, -4.17452335357666015625e+00) (2, 1.73189926147460937500e+00) (3, -8.33143442869186401367e-02) (4, -1.13572847843170166016e+00) (5, 9.59888577461242675781e-01) (6, 3.19848084449768066406e+00) (7, 5.54157458245754241943e-02) (8, 3.71822810173034667969e+00) (9, 1.07491053640842437744e-02) (10, 6.71555548906326293945e-02) (11, -4.96243275701999664307e-02) 
