FANN_FLO_2.1
num_layers=3
learning_rate=0.500000
connection_rate=1.000000
network_type=0
learning_momentum=0.000000
training_algorithm=2
train_error_function=1
train_stop_function=0
cascade_output_change_fraction=0.010000
quickprop_decay=-0.000100
quickprop_mu=1.750000
rprop_increase_factor=1.200000
rprop_decrease_factor=0.500000
rprop_delta_min=0.000000
rprop_delta_max=50.000000
rprop_delta_zero=0.100000
cascade_output_stagnation_epochs=12
cascade_candidate_change_fraction=0.010000
cascade_candidate_stagnation_epochs=12
cascade_max_out_epochs=150
cascade_min_out_epochs=50
cascade_max_cand_epochs=150
cascade_min_cand_epochs=50
cascade_num_candidate_groups=2
bit_fail_limit=3.49999994039535522461e-01
cascade_candidate_limit=1.00000000000000000000e+03
cascade_weight_multiplier=4.00000005960464477539e-01
cascade_activation_functions_count=10
cascade_activation_functions=3 5 7 8 10 11 14 15 16 17 
cascade_activation_steepnesses_count=4
cascade_activation_steepnesses=2.50000000000000000000e-01 5.00000000000000000000e-01 7.50000000000000000000e-01 1.00000000000000000000e+00 
layer_sizes=10 5 2 
scale_included=0
neurons (num_inputs, activation_function, activation_steepness)=(0, 0, 0.00000000000000000000e+00) (0, 0, 0.00000000000000000000e+00) (0, 0, 0.00000000000000000000e+00) (0, 0, 0.00000000000000000000e+00) (0, 0, 0.00000000000000000000e+00) (0, 0, 0.00000000000000000000e+00) (0, 0, 0.00000000000000000000e+00) (0, 0, 0.00000000000000000000e+00) (0, 0, 0.00000000000000000000e+00) (0, 0, 0.00000000000000000000e+00) (10, 3, 5.00000000000000000000e-01) (10, 3, 5.00000000000000000000e-01) (10, 3, 5.00000000000000000000e-01) (10, 3, 5.00000000000000000000e-01) (0, 3, 0.00000000000000000000e+00) (5, 3, 5.00000000000000000000e-01) (0, 3, 0.00000000000000000000e+00) 
connections (connected_to_neuron, weight)=(0, -3.02109986543655395508e-01) (1, -4.99461561441421508789e-01) (2, -5.00370919704437255859e-01) (3, -2.28604972362518310547e-01) (4, -3.13401311635971069336e-01) (5, -3.72238665819168090820e-01) (6, -5.22856295108795166016e-01) (7, -4.84481006860733032227e-01) (8, -2.30174630880355834961e-01) (9, 7.66281962394714355469e-01) (0, -4.55927014350891113281e-01) (1, -4.16541755199432373047e-01) (2, -3.43675315380096435547e-01) (3, -4.71228152513504028320e-01) (4, -2.58592486381530761719e-01) (5, -1.81168854236602783203e-01) (6, -4.31900918483734130859e-01) (7, -3.19722026586532592773e-01) (8, -2.71836042404174804688e-01) (9, 1.85448095202445983887e-01) (0, -3.92008930444717407227e-01) (1, -3.03608596324920654297e-01) (2, -4.62644845247268676758e-01) (3, -2.86957800388336181641e-01) (4, -5.65024495124816894531e-01) (5, -3.92562121152877807617e-01) (6, -4.70555841922760009766e-01) (7, -3.94376218318939208984e-01) (8, -1.67996153235435485840e-01) (9, 8.41331362724304199219e-01) (0, -4.30285036563873291016e-01) (1, -3.94255459308624267578e-01) (2, -2.49642789363861083984e-01) (3, -6.58933639526367187500e-01) (4, -3.01027089357376098633e-01) (5, -4.64735865592956542969e-01) (6, -1.87068492174148559570e-01) (7, -3.63908708095550537109e-01) (8, -6.11670911312103271484e-01) (9, 1.10756123065948486328e+00) (10, -1.99480032920837402344e+00) (11, -2.20830321311950683594e-01) (12, -1.04675650596618652344e+00) (13, -2.22810769081115722656e+00) (14, 1.65217900276184082031e+00) 
