FANN_FLO_2.1
num_layers=3
learning_rate=0.500000
connection_rate=1.000000
network_type=0
learning_momentum=0.000000
training_algorithm=2
train_error_function=1
train_stop_function=0
cascade_output_change_fraction=0.010000
quickprop_decay=-0.000100
quickprop_mu=1.750000
rprop_increase_factor=1.200000
rprop_decrease_factor=0.500000
rprop_delta_min=0.000000
rprop_delta_max=50.000000
rprop_delta_zero=0.100000
cascade_output_stagnation_epochs=12
cascade_candidate_change_fraction=0.010000
cascade_candidate_stagnation_epochs=12
cascade_max_out_epochs=150
cascade_min_out_epochs=50
cascade_max_cand_epochs=150
cascade_min_cand_epochs=50
cascade_num_candidate_groups=2
bit_fail_limit=3.49999994039535522461e-01
cascade_candidate_limit=1.00000000000000000000e+03
cascade_weight_multiplier=4.00000005960464477539e-01
cascade_activation_functions_count=10
cascade_activation_functions=3 5 7 8 10 11 14 15 16 17 
cascade_activation_steepnesses_count=4
cascade_activation_steepnesses=2.50000000000000000000e-01 5.00000000000000000000e-01 7.50000000000000000000e-01 1.00000000000000000000e+00 
layer_sizes=10 3 2 
scale_included=0
neurons (num_inputs, activation_function, activation_steepness)=(0, 0, 0.00000000000000000000e+00) (0, 0, 0.00000000000000000000e+00) (0, 0, 0.00000000000000000000e+00) (0, 0, 0.00000000000000000000e+00) (0, 0, 0.00000000000000000000e+00) (0, 0, 0.00000000000000000000e+00) (0, 0, 0.00000000000000000000e+00) (0, 0, 0.00000000000000000000e+00) (0, 0, 0.00000000000000000000e+00) (0, 0, 0.00000000000000000000e+00) (10, 3, 5.00000000000000000000e-01) (10, 3, 5.00000000000000000000e-01) (0, 3, 0.00000000000000000000e+00) (3, 3, 5.00000000000000000000e-01) (0, 3, 0.00000000000000000000e+00) 
connections (connected_to_neuron, weight)=(0, 5.23738563060760498047e-01) (1, 1.25206887722015380859e-01) (2, 5.63337981700897216797e-01) (3, 6.79725408554077148438e-01) (4, 2.82282203435897827148e-01) (5, 7.98923134803771972656e-01) (6, 7.63627648353576660156e-01) (7, 5.32996714115142822266e-01) (8, 7.87719786167144775391e-01) (9, -2.34721875190734863281e+00) (0, -5.24643063545227050781e-01) (1, -7.44165241718292236328e-01) (2, -5.01893579959869384766e-01) (3, -4.62216228246688842773e-01) (4, -6.42831742763519287109e-01) (5, -3.65422129631042480469e-01) (6, -3.78711819648742675781e-01) (7, -5.28383731842041015625e-01) (8, -3.71854037046432495117e-01) (9, 1.62641453742980957031e+00) (10, 1.37504291534423828125e+00) (11, -2.45421791076660156250e+00) (12, 1.06740519404411315918e-01) 
