FANN_FLO_2.1
num_layers=3
learning_rate=0.500000
connection_rate=1.000000
network_type=0
learning_momentum=0.000000
training_algorithm=2
train_error_function=1
train_stop_function=0
cascade_output_change_fraction=0.010000
quickprop_decay=-0.000100
quickprop_mu=1.750000
rprop_increase_factor=1.200000
rprop_decrease_factor=0.500000
rprop_delta_min=0.000000
rprop_delta_max=50.000000
rprop_delta_zero=0.100000
cascade_output_stagnation_epochs=12
cascade_candidate_change_fraction=0.010000
cascade_candidate_stagnation_epochs=12
cascade_max_out_epochs=150
cascade_min_out_epochs=50
cascade_max_cand_epochs=150
cascade_min_cand_epochs=50
cascade_num_candidate_groups=2
bit_fail_limit=3.49999994039535522461e-01
cascade_candidate_limit=1.00000000000000000000e+03
cascade_weight_multiplier=4.00000005960464477539e-01
cascade_activation_functions_count=10
cascade_activation_functions=3 5 7 8 10 11 14 15 16 17 
cascade_activation_steepnesses_count=4
cascade_activation_steepnesses=2.50000000000000000000e-01 5.00000000000000000000e-01 7.50000000000000000000e-01 1.00000000000000000000e+00 
layer_sizes=10 5 2 
scale_included=0
neurons (num_inputs, activation_function, activation_steepness)=(0, 0, 0.00000000000000000000e+00) (0, 0, 0.00000000000000000000e+00) (0, 0, 0.00000000000000000000e+00) (0, 0, 0.00000000000000000000e+00) (0, 0, 0.00000000000000000000e+00) (0, 0, 0.00000000000000000000e+00) (0, 0, 0.00000000000000000000e+00) (0, 0, 0.00000000000000000000e+00) (0, 0, 0.00000000000000000000e+00) (0, 0, 0.00000000000000000000e+00) (10, 3, 5.00000000000000000000e-01) (10, 3, 5.00000000000000000000e-01) (10, 3, 5.00000000000000000000e-01) (10, 3, 5.00000000000000000000e-01) (0, 3, 0.00000000000000000000e+00) (5, 3, 5.00000000000000000000e-01) (0, 3, 0.00000000000000000000e+00) 
connections (connected_to_neuron, weight)=(0, -1.48977413773536682129e-01) (1, -6.27195119857788085938e-01) (2, -3.63041013479232788086e-01) (3, 4.22283969819545745850e-02) (4, -9.81496036052703857422e-01) (5, -2.11845144629478454590e-01) (6, -1.69585809111595153809e-01) (7, -1.06659114360809326172e-01) (8, -3.46676744520664215088e-02) (9, 3.18832546472549438477e-01) (0, 4.49142783880233764648e-01) (1, 2.98367261886596679688e-01) (2, 5.45838475227355957031e-01) (3, 4.00669842958450317383e-01) (4, -4.35664415359497070312e-01) (5, 5.71330606937408447266e-01) (6, 5.13016164302825927734e-01) (7, 5.49299538135528564453e-01) (8, 5.37153720855712890625e-01) (9, -9.35332894325256347656e-01) (0, 7.56291568279266357422e-01) (1, 1.62798091769218444824e-01) (2, 2.03684478998184204102e-01) (3, 6.75804913043975830078e-01) (4, -8.44986319541931152344e-01) (5, 7.37549424171447753906e-01) (6, 2.19176843762397766113e-01) (7, 7.47312664985656738281e-01) (8, 6.97822093963623046875e-01) (9, -5.66855251789093017578e-01) (0, -2.76237368583679199219e-01) (1, -2.63401359319686889648e-01) (2, -2.73972898721694946289e-01) (3, -3.91458094120025634766e-01) (4, -4.20222461223602294922e-01) (5, -2.57099062204360961914e-01) (6, -3.55670392513275146484e-01) (7, -2.94382989406585693359e-01) (8, -3.09009075164794921875e-01) (9, 4.50930505990982055664e-01) (10, -1.39198791980743408203e+00) (11, 7.83604860305786132812e-01) (12, 6.78393959999084472656e-01) (13, -4.06925535202026367188e+00) (14, 4.67077881097793579102e-01) 
