FANN_FLO_2.1
num_layers=4
learning_rate=0.450000
connection_rate=1.000000
network_type=0
learning_momentum=0.000000
training_algorithm=2
train_error_function=1
train_stop_function=0
cascade_output_change_fraction=0.010000
quickprop_decay=-0.000100
quickprop_mu=1.750000
rprop_increase_factor=1.200000
rprop_decrease_factor=0.500000
rprop_delta_min=0.000000
rprop_delta_max=50.000000
rprop_delta_zero=0.100000
cascade_output_stagnation_epochs=12
cascade_candidate_change_fraction=0.010000
cascade_candidate_stagnation_epochs=12
cascade_max_out_epochs=150
cascade_min_out_epochs=50
cascade_max_cand_epochs=150
cascade_min_cand_epochs=50
cascade_num_candidate_groups=2
bit_fail_limit=3.49999994039535522461e-01
cascade_candidate_limit=1.00000000000000000000e+03
cascade_weight_multiplier=4.00000005960464477539e-01
cascade_activation_functions_count=10
cascade_activation_functions=3 5 7 8 10 11 14 15 16 17 
cascade_activation_steepnesses_count=4
cascade_activation_steepnesses=2.50000000000000000000e-01 5.00000000000000000000e-01 7.50000000000000000000e-01 1.00000000000000000000e+00 
layer_sizes=7 5 3 2 
scale_included=0
neurons (num_inputs, activation_function, activation_steepness)=(0, 0, 0.00000000000000000000e+00) (0, 0, 0.00000000000000000000e+00) (0, 0, 0.00000000000000000000e+00) (0, 0, 0.00000000000000000000e+00) (0, 0, 0.00000000000000000000e+00) (0, 0, 0.00000000000000000000e+00) (0, 0, 0.00000000000000000000e+00) (7, 3, 5.00000000000000000000e-01) (7, 3, 5.00000000000000000000e-01) (7, 3, 5.00000000000000000000e-01) (7, 3, 5.00000000000000000000e-01) (0, 3, 0.00000000000000000000e+00) (5, 3, 5.00000000000000000000e-01) (5, 3, 5.00000000000000000000e-01) (0, 3, 0.00000000000000000000e+00) (3, 0, 5.00000000000000000000e-01) (0, 0, 0.00000000000000000000e+00) 
connections (connected_to_neuron, weight)=(0, 1.50000000000000000000e+03) (1, 1.50000000000000000000e+03) (2, 1.50000000000000000000e+03) (3, 1.50000000000000000000e+03) (4, 1.50000000000000000000e+03) (5, 1.50000000000000000000e+03) (6, 4.99701049804687500000e+02) (0, 8.69966447353363037109e-01) (1, -2.03236982226371765137e-01) (2, 1.80376484990119934082e-01) (3, 9.93590727448463439941e-02) (4, -8.62149524688720703125e+00) (5, 7.08843755722045898438e+00) (6, 2.53077006340026855469e+00) (0, -2.34079711914062500000e+02) (1, 1.50000000000000000000e+03) (2, 2.88221435546875000000e+02) (3, -3.69758422851562500000e+02) (4, 9.14243713378906250000e+02) (5, -2.15800048828125000000e+02) (6, 4.25114184617996215820e-01) (0, -4.65800048828125000000e+02) (1, 1.50000000000000000000e+03) (2, -4.65800048828125000000e+02) (3, -4.65800048828125000000e+02) (4, -4.65800048828125000000e+02) (5, -4.65800048828125000000e+02) (6, 9.28336083889007568359e-01) (7, 1.30759667968750000000e+03) (8, -1.46329711914062500000e+03) (9, 1.10626135253906250000e+03) (10, 1.50000000000000000000e+03) (11, -3.16867542266845703125e+00) (7, 1.27261303710937500000e+03) (8, 1.50000000000000000000e+03) (9, 1.50000000000000000000e+03) (10, 1.15000000000000000000e+03) (11, 2.35056400299072265625e+00) (12, -5.47993779182434082031e-02) (13, 8.20799246430397033691e-02) (14, -1.20011577382683753967e-02) 
