FANN_FLO_2.1
num_layers=4
learning_rate=0.450000
connection_rate=1.000000
network_type=0
learning_momentum=0.000000
training_algorithm=2
train_error_function=1
train_stop_function=0
cascade_output_change_fraction=0.010000
quickprop_decay=-0.000100
quickprop_mu=1.750000
rprop_increase_factor=1.200000
rprop_decrease_factor=0.500000
rprop_delta_min=0.000000
rprop_delta_max=50.000000
rprop_delta_zero=0.100000
cascade_output_stagnation_epochs=12
cascade_candidate_change_fraction=0.010000
cascade_candidate_stagnation_epochs=12
cascade_max_out_epochs=150
cascade_min_out_epochs=50
cascade_max_cand_epochs=150
cascade_min_cand_epochs=50
cascade_num_candidate_groups=2
bit_fail_limit=3.49999994039535522461e-01
cascade_candidate_limit=1.00000000000000000000e+03
cascade_weight_multiplier=4.00000005960464477539e-01
cascade_activation_functions_count=10
cascade_activation_functions=3 5 7 8 10 11 14 15 16 17 
cascade_activation_steepnesses_count=4
cascade_activation_steepnesses=2.50000000000000000000e-01 5.00000000000000000000e-01 7.50000000000000000000e-01 1.00000000000000000000e+00 
layer_sizes=7 5 5 2 
scale_included=0
neurons (num_inputs, activation_function, activation_steepness)=(0, 0, 0.00000000000000000000e+00) (0, 0, 0.00000000000000000000e+00) (0, 0, 0.00000000000000000000e+00) (0, 0, 0.00000000000000000000e+00) (0, 0, 0.00000000000000000000e+00) (0, 0, 0.00000000000000000000e+00) (0, 0, 0.00000000000000000000e+00) (7, 3, 5.00000000000000000000e-01) (7, 3, 5.00000000000000000000e-01) (7, 3, 5.00000000000000000000e-01) (7, 3, 5.00000000000000000000e-01) (0, 3, 0.00000000000000000000e+00) (5, 3, 5.00000000000000000000e-01) (5, 3, 5.00000000000000000000e-01) (5, 3, 5.00000000000000000000e-01) (5, 3, 5.00000000000000000000e-01) (0, 3, 0.00000000000000000000e+00) (5, 0, 5.00000000000000000000e-01) (0, 0, 0.00000000000000000000e+00) 
connections (connected_to_neuron, weight)=(0, 1.50000000000000000000e+03) (1, 1.49558020019531250000e+03) (2, 1.48379296875000000000e+03) (3, 1.50000000000000000000e+03) (4, 3.73032501220703125000e+02) (5, 1.25404003906250000000e+03) (6, 1.50000000000000000000e+03) (0, 1.50000000000000000000e+03) (1, 1.50000000000000000000e+03) (2, 1.50000000000000000000e+03) (3, 1.50000000000000000000e+03) (4, 1.50000000000000000000e+03) (5, 1.50000000000000000000e+03) (6, 5.83085136413574218750e+01) (0, 2.49601244926452636719e-01) (1, -8.45771908760070800781e-01) (2, 5.06695747375488281250e-01) (3, 3.06273967027664184570e-01) (4, -6.71215891838073730469e-01) (5, 7.05438017845153808594e-01) (6, -1.44160585403442382812e+01) (0, -1.49664074707031250000e+03) (1, -1.49193786621093750000e+03) (2, -1.31324523925781250000e+03) (3, -1.49222399902343750000e+03) (4, -1.25717858886718750000e+03) (5, -1.16070983886718750000e+03) (6, -1.48877868652343750000e+03) (7, -1.85176014900207519531e+00) (8, -5.10351610183715820312e+00) (9, 3.01295814514160156250e+01) (10, 1.50000000000000000000e+03) (11, -1.83893299102783203125e+00) (7, 2.55736142396926879883e-01) (8, -7.15941637754440307617e-02) (9, 6.23625259399414062500e+01) (10, 1.50000000000000000000e+03) (11, 1.14760927855968475342e-01) (7, -5.79850912094116210938e-01) (8, -2.22686380147933959961e-01) (9, 1.29674482345581054688e+01) (10, 1.50000000000000000000e+03) (11, -3.23948383331298828125e-01) (7, -2.48962235450744628906e+00) (8, -3.51966071128845214844e+00) (9, 2.08257026672363281250e+01) (10, 1.50000000000000000000e+03) (11, -2.13970685005187988281e+00) (12, 1.81715917587280273438e+00) (13, 1.25354826450347900391e-01) (14, -2.36653268337249755859e-01) (15, -1.50461673736572265625e+00) (16, -4.07342240214347839355e-03) 
