FANN_FLO_2.1
num_layers=3
learning_rate=0.450000
connection_rate=1.000000
network_type=0
learning_momentum=0.000000
training_algorithm=2
train_error_function=1
train_stop_function=0
cascade_output_change_fraction=0.010000
quickprop_decay=-0.000100
quickprop_mu=1.750000
rprop_increase_factor=1.200000
rprop_decrease_factor=0.500000
rprop_delta_min=0.000000
rprop_delta_max=50.000000
rprop_delta_zero=0.100000
cascade_output_stagnation_epochs=12
cascade_candidate_change_fraction=0.010000
cascade_candidate_stagnation_epochs=12
cascade_max_out_epochs=150
cascade_min_out_epochs=50
cascade_max_cand_epochs=150
cascade_min_cand_epochs=50
cascade_num_candidate_groups=2
bit_fail_limit=3.49999994039535522461e-01
cascade_candidate_limit=1.00000000000000000000e+03
cascade_weight_multiplier=4.00000005960464477539e-01
cascade_activation_functions_count=10
cascade_activation_functions=3 5 7 8 10 11 14 15 16 17 
cascade_activation_steepnesses_count=4
cascade_activation_steepnesses=2.50000000000000000000e-01 5.00000000000000000000e-01 7.50000000000000000000e-01 1.00000000000000000000e+00 
layer_sizes=7 5 2 
scale_included=0
neurons (num_inputs, activation_function, activation_steepness)=(0, 0, 0.00000000000000000000e+00) (0, 0, 0.00000000000000000000e+00) (0, 0, 0.00000000000000000000e+00) (0, 0, 0.00000000000000000000e+00) (0, 0, 0.00000000000000000000e+00) (0, 0, 0.00000000000000000000e+00) (0, 0, 0.00000000000000000000e+00) (7, 3, 5.00000000000000000000e-01) (7, 3, 5.00000000000000000000e-01) (7, 3, 5.00000000000000000000e-01) (7, 3, 5.00000000000000000000e-01) (0, 3, 0.00000000000000000000e+00) (5, 0, 5.00000000000000000000e-01) (0, 0, 0.00000000000000000000e+00) 
connections (connected_to_neuron, weight)=(0, -1.59621104598045349121e-01) (1, 1.96448773145675659180e-01) (2, 3.29238362610340118408e-02) (3, -1.16567529737949371338e-01) (4, 8.43795239925384521484e-02) (5, -2.24726662039756774902e-01) (6, -1.07850706577301025391e+00) (0, -8.87034311890602111816e-02) (1, 2.06459388136863708496e-02) (2, -6.97874248027801513672e-01) (3, 7.22885578870773315430e-02) (4, 7.87703275680541992188e-01) (5, -9.45341363549232482910e-02) (6, -7.48387202620506286621e-02) (0, -3.62139630317687988281e+00) (1, -1.97039890289306640625e+01) (2, -3.57843627929687500000e+01) (3, 7.83954858779907226562e+00) (4, -2.19737336039543151855e-01) (5, -6.90592432022094726562e+00) (6, -4.57934319972991943359e-01) (0, -9.18866023421287536621e-02) (1, 1.37979373335838317871e-01) (2, 6.53580963611602783203e-01) (3, -1.42953127622604370117e-01) (4, -3.65519225597381591797e-01) (5, -1.80975452065467834473e-01) (6, -5.37286341190338134766e-01) (7, 9.78121459484100341797e-02) (8, -2.94011384248733520508e-01) (9, 8.50844383239746093750e-02) (10, -3.20025950670242309570e-01) (11, 2.96543478965759277344e-01) 
