FANN_FLO_2.1
num_layers=4
learning_rate=0.450000
connection_rate=1.000000
network_type=0
learning_momentum=0.000000
training_algorithm=2
train_error_function=1
train_stop_function=0
cascade_output_change_fraction=0.010000
quickprop_decay=-0.000100
quickprop_mu=1.750000
rprop_increase_factor=1.200000
rprop_decrease_factor=0.500000
rprop_delta_min=0.000000
rprop_delta_max=50.000000
rprop_delta_zero=0.100000
cascade_output_stagnation_epochs=12
cascade_candidate_change_fraction=0.010000
cascade_candidate_stagnation_epochs=12
cascade_max_out_epochs=150
cascade_min_out_epochs=50
cascade_max_cand_epochs=150
cascade_min_cand_epochs=50
cascade_num_candidate_groups=2
bit_fail_limit=3.49999994039535522461e-01
cascade_candidate_limit=1.00000000000000000000e+03
cascade_weight_multiplier=4.00000005960464477539e-01
cascade_activation_functions_count=10
cascade_activation_functions=3 5 7 8 10 11 14 15 16 17 
cascade_activation_steepnesses_count=4
cascade_activation_steepnesses=2.50000000000000000000e-01 5.00000000000000000000e-01 7.50000000000000000000e-01 1.00000000000000000000e+00 
layer_sizes=7 5 5 2 
scale_included=0
neurons (num_inputs, activation_function, activation_steepness)=(0, 0, 0.00000000000000000000e+00) (0, 0, 0.00000000000000000000e+00) (0, 0, 0.00000000000000000000e+00) (0, 0, 0.00000000000000000000e+00) (0, 0, 0.00000000000000000000e+00) (0, 0, 0.00000000000000000000e+00) (0, 0, 0.00000000000000000000e+00) (7, 3, 5.00000000000000000000e-01) (7, 3, 5.00000000000000000000e-01) (7, 3, 5.00000000000000000000e-01) (7, 3, 5.00000000000000000000e-01) (0, 3, 0.00000000000000000000e+00) (5, 3, 5.00000000000000000000e-01) (5, 3, 5.00000000000000000000e-01) (5, 3, 5.00000000000000000000e-01) (5, 3, 5.00000000000000000000e-01) (0, 3, 0.00000000000000000000e+00) (5, 0, 5.00000000000000000000e-01) (0, 0, 0.00000000000000000000e+00) 
connections (connected_to_neuron, weight)=(0, 7.04492866992950439453e-01) (1, 1.23531970214843750000e+03) (2, 7.80061889648437500000e+02) (3, 5.37939965724945068359e-01) (4, 2.22021913528442382812e+00) (5, 1.98764443397521972656e+00) (6, 8.04939866065979003906e-01) (0, 2.67515480518341064453e-01) (1, 3.11426401138305664062e-01) (2, -7.33901858329772949219e-01) (3, 2.95358866453170776367e-01) (4, 1.06322214007377624512e-01) (5, -9.10222887992858886719e-01) (6, 3.79862785339355468750e+00) (0, 3.35652947425842285156e-01) (1, 3.16197842359542846680e-01) (2, 1.54886737465858459473e-01) (3, 1.49372249841690063477e-01) (4, 4.08446401357650756836e-01) (5, -1.27321660518646240234e+00) (6, -3.18790483474731445312e+00) (0, -2.71505177021026611328e-01) (1, 1.01651035249233245850e-01) (2, -2.98679322004318237305e-01) (3, -2.96031590551137924194e-03) (4, 3.19923579692840576172e-01) (5, 2.66259670257568359375e-01) (6, -1.26223266124725341797e+00) (7, 1.07059605419635772705e-01) (8, -4.24699974060058593750e+00) (9, 6.32396793365478515625e+00) (10, 6.03425502777099609375e+00) (11, 1.14431269466876983643e-01) (7, 2.42362499237060546875e-01) (8, 3.26769409179687500000e+02) (9, 4.13619470596313476562e+00) (10, 1.44364624023437500000e+01) (11, 2.14273303747177124023e-01) (7, 9.33471858501434326172e-01) (8, -2.56488403320312500000e+02) (9, -5.48392295837402343750e+00) (10, -8.11070919036865234375e+00) (11, 8.42660665512084960938e-01) (7, 3.66638779640197753906e-01) (8, -2.56024047851562500000e+02) (9, -5.64883518218994140625e+00) (10, -5.94606256484985351562e+00) (11, 3.44765007495880126953e-01) (12, -1.25220445916056632996e-02) (13, -2.69284900277853012085e-02) (14, 2.52629089355468750000e+00) (15, 1.93936777114868164062e+00) (16, 4.63330484926700592041e-02) 
