FANN_FLO_2.1
num_layers=3
learning_rate=0.450000
connection_rate=1.000000
network_type=0
learning_momentum=0.000000
training_algorithm=2
train_error_function=1
train_stop_function=0
cascade_output_change_fraction=0.010000
quickprop_decay=-0.000100
quickprop_mu=1.750000
rprop_increase_factor=1.200000
rprop_decrease_factor=0.500000
rprop_delta_min=0.000000
rprop_delta_max=50.000000
rprop_delta_zero=0.100000
cascade_output_stagnation_epochs=12
cascade_candidate_change_fraction=0.010000
cascade_candidate_stagnation_epochs=12
cascade_max_out_epochs=150
cascade_min_out_epochs=50
cascade_max_cand_epochs=150
cascade_min_cand_epochs=50
cascade_num_candidate_groups=2
bit_fail_limit=3.49999994039535522461e-01
cascade_candidate_limit=1.00000000000000000000e+03
cascade_weight_multiplier=4.00000005960464477539e-01
cascade_activation_functions_count=10
cascade_activation_functions=3 5 7 8 10 11 14 15 16 17 
cascade_activation_steepnesses_count=4
cascade_activation_steepnesses=2.50000000000000000000e-01 5.00000000000000000000e-01 7.50000000000000000000e-01 1.00000000000000000000e+00 
layer_sizes=7 5 2 
scale_included=0
neurons (num_inputs, activation_function, activation_steepness)=(0, 0, 0.00000000000000000000e+00) (0, 0, 0.00000000000000000000e+00) (0, 0, 0.00000000000000000000e+00) (0, 0, 0.00000000000000000000e+00) (0, 0, 0.00000000000000000000e+00) (0, 0, 0.00000000000000000000e+00) (0, 0, 0.00000000000000000000e+00) (7, 3, 5.00000000000000000000e-01) (7, 3, 5.00000000000000000000e-01) (7, 3, 5.00000000000000000000e-01) (7, 3, 5.00000000000000000000e-01) (0, 3, 0.00000000000000000000e+00) (5, 0, 5.00000000000000000000e-01) (0, 0, 0.00000000000000000000e+00) 
connections (connected_to_neuron, weight)=(0, 1.98862016201019287109e-01) (1, 6.95646777749061584473e-02) (2, 1.83664858341217041016e+00) (3, -1.15539681911468505859e+00) (4, 2.87266063690185546875e+00) (5, -1.51616275310516357422e+00) (6, 9.48836040496826171875e+00) (0, -3.30664180219173431396e-02) (1, 1.87894731760025024414e-01) (2, -2.37646311521530151367e-01) (3, -1.38250827789306640625e-01) (4, 4.62248086929321289062e-01) (5, -3.49625021219253540039e-01) (6, 4.33179950714111328125e+00) (0, -6.70504689216613769531e-01) (1, 5.43713212013244628906e-01) (2, -8.69832262396812438965e-02) (3, 3.01123976707458496094e-01) (4, 9.15204226970672607422e-01) (5, -1.16429436206817626953e+00) (6, 5.69778501987457275391e-01) (0, -2.70634245872497558594e+00) (1, 3.21455486118793487549e-02) (2, 4.86615467071533203125e+00) (3, -1.19406402111053466797e+00) (4, -2.22502470016479492188e-01) (5, -1.74245342612266540527e-01) (6, -2.77606830596923828125e+01) (7, -1.68950545787811279297e+00) (8, -1.28704681992530822754e-01) (9, 4.78723682463169097900e-02) (10, 5.57753257453441619873e-03) (11, 1.79489171504974365234e+00) 
