FANN_FLO_2.1
num_layers=4
learning_rate=0.450000
connection_rate=1.000000
network_type=0
learning_momentum=0.000000
training_algorithm=2
train_error_function=1
train_stop_function=0
cascade_output_change_fraction=0.010000
quickprop_decay=-0.000100
quickprop_mu=1.750000
rprop_increase_factor=1.200000
rprop_decrease_factor=0.500000
rprop_delta_min=0.000000
rprop_delta_max=50.000000
rprop_delta_zero=0.100000
cascade_output_stagnation_epochs=12
cascade_candidate_change_fraction=0.010000
cascade_candidate_stagnation_epochs=12
cascade_max_out_epochs=150
cascade_min_out_epochs=50
cascade_max_cand_epochs=150
cascade_min_cand_epochs=50
cascade_num_candidate_groups=2
bit_fail_limit=3.49999994039535522461e-01
cascade_candidate_limit=1.00000000000000000000e+03
cascade_weight_multiplier=4.00000005960464477539e-01
cascade_activation_functions_count=10
cascade_activation_functions=3 5 7 8 10 11 14 15 16 17 
cascade_activation_steepnesses_count=4
cascade_activation_steepnesses=2.50000000000000000000e-01 5.00000000000000000000e-01 7.50000000000000000000e-01 1.00000000000000000000e+00 
layer_sizes=7 5 3 2 
scale_included=0
neurons (num_inputs, activation_function, activation_steepness)=(0, 0, 0.00000000000000000000e+00) (0, 0, 0.00000000000000000000e+00) (0, 0, 0.00000000000000000000e+00) (0, 0, 0.00000000000000000000e+00) (0, 0, 0.00000000000000000000e+00) (0, 0, 0.00000000000000000000e+00) (0, 0, 0.00000000000000000000e+00) (7, 3, 5.00000000000000000000e-01) (7, 3, 5.00000000000000000000e-01) (7, 3, 5.00000000000000000000e-01) (7, 3, 5.00000000000000000000e-01) (0, 3, 0.00000000000000000000e+00) (5, 3, 5.00000000000000000000e-01) (5, 3, 5.00000000000000000000e-01) (0, 3, 0.00000000000000000000e+00) (3, 0, 5.00000000000000000000e-01) (0, 0, 0.00000000000000000000e+00) 
connections (connected_to_neuron, weight)=(0, 1.49999426269531250000e+03) (1, 1.49995141601562500000e+03) (2, 1.50250363349914550781e+00) (3, 1.49932727050781250000e+03) (4, 1.49612463378906250000e+03) (5, 1.96866944432258605957e-01) (6, 1.49971972656250000000e+03) (0, 1.50000000000000000000e+03) (1, 1.50000000000000000000e+03) (2, 1.50000000000000000000e+03) (3, 1.49760095214843750000e+03) (4, 1.50000000000000000000e+03) (5, 1.48609118652343750000e+03) (6, 1.71712188720703125000e+02) (0, -1.50000000000000000000e+03) (1, -1.50000000000000000000e+03) (2, -1.50000000000000000000e+03) (3, -1.48880444335937500000e+03) (4, -1.50000000000000000000e+03) (5, -1.43509228515625000000e+03) (6, -6.74335336685180664062e+00) (0, 7.52077251672744750977e-02) (1, -2.13118135929107666016e-01) (2, 1.78728446364402770996e-01) (3, 1.53073817491531372070e-01) (4, -2.99856960773468017578e-01) (5, 3.07530134916305541992e-01) (6, -7.36363363265991210938e+00) (7, -1.27634608745574951172e+00) (8, -2.80830240249633789062e+00) (9, 1.50000000000000000000e+03) (10, 2.70121841430664062500e+01) (11, -2.68227338790893554688e+00) (7, -8.01501388549804687500e+01) (8, -2.22435641288757324219e+00) (9, 1.50000000000000000000e+03) (10, 5.07330413818359375000e+02) (11, -2.21268343925476074219e+00) (12, 4.91802483797073364258e-01) (13, -1.18369482457637786865e-01) (14, 9.23666078597307205200e-03) 
