FANN_FLO_2.1
num_layers=3
learning_rate=0.500000
connection_rate=1.000000
network_type=0
learning_momentum=0.000000
training_algorithm=2
train_error_function=1
train_stop_function=0
cascade_output_change_fraction=0.010000
quickprop_decay=-0.000100
quickprop_mu=1.750000
rprop_increase_factor=1.200000
rprop_decrease_factor=0.500000
rprop_delta_min=0.000000
rprop_delta_max=50.000000
rprop_delta_zero=0.100000
cascade_output_stagnation_epochs=12
cascade_candidate_change_fraction=0.010000
cascade_candidate_stagnation_epochs=12
cascade_max_out_epochs=150
cascade_min_out_epochs=50
cascade_max_cand_epochs=150
cascade_min_cand_epochs=50
cascade_num_candidate_groups=2
bit_fail_limit=3.49999994039535522461e-01
cascade_candidate_limit=1.00000000000000000000e+03
cascade_weight_multiplier=4.00000005960464477539e-01
cascade_activation_functions_count=10
cascade_activation_functions=3 5 7 8 10 11 14 15 16 17 
cascade_activation_steepnesses_count=4
cascade_activation_steepnesses=2.50000000000000000000e-01 5.00000000000000000000e-01 7.50000000000000000000e-01 1.00000000000000000000e+00 
layer_sizes=10 5 2 
scale_included=0
neurons (num_inputs, activation_function, activation_steepness)=(0, 0, 0.00000000000000000000e+00) (0, 0, 0.00000000000000000000e+00) (0, 0, 0.00000000000000000000e+00) (0, 0, 0.00000000000000000000e+00) (0, 0, 0.00000000000000000000e+00) (0, 0, 0.00000000000000000000e+00) (0, 0, 0.00000000000000000000e+00) (0, 0, 0.00000000000000000000e+00) (0, 0, 0.00000000000000000000e+00) (0, 0, 0.00000000000000000000e+00) (10, 3, 5.00000000000000000000e-01) (10, 3, 5.00000000000000000000e-01) (10, 3, 5.00000000000000000000e-01) (10, 3, 5.00000000000000000000e-01) (0, 3, 0.00000000000000000000e+00) (5, 3, 5.00000000000000000000e-01) (0, 3, 0.00000000000000000000e+00) 
connections (connected_to_neuron, weight)=(0, -4.38334643840789794922e-01) (1, -4.78267520666122436523e-01) (2, -4.27133738994598388672e-01) (3, -5.48146963119506835938e-01) (4, -5.80811440944671630859e-01) (5, -5.50848782062530517578e-01) (6, -5.06288409233093261719e-01) (7, -3.64943951368331909180e-01) (8, -3.91874492168426513672e-01) (9, 1.84462344646453857422e+00) (0, -4.41390842199325561523e-01) (1, -5.31960487365722656250e-01) (2, -5.33321380615234375000e-01) (3, -5.61115682125091552734e-01) (4, -4.83815163373947143555e-01) (5, -5.19985318183898925781e-01) (6, -3.99873524904251098633e-01) (7, -3.91931265592575073242e-01) (8, -4.38548594713211059570e-01) (9, 1.83085703849792480469e+00) (0, -4.18734759092330932617e-01) (1, -4.85119789838790893555e-01) (2, -5.82971990108489990234e-01) (3, -4.94369328022003173828e-01) (4, -5.00915944576263427734e-01) (5, -4.31038975715637207031e-01) (6, -5.66217005252838134766e-01) (7, -4.01243120431900024414e-01) (8, -4.06392723321914672852e-01) (9, 1.74121892452239990234e+00) (0, 5.73596596717834472656e-01) (1, 3.80444854497909545898e-01) (2, 3.89346808195114135742e-01) (3, 3.75132650136947631836e-01) (4, 3.92137318849563598633e-01) (5, 4.38564866781234741211e-01) (6, 3.87202262878417968750e-01) (7, 6.72198593616485595703e-01) (8, 5.76141655445098876953e-01) (9, -1.05969738960266113281e+00) (10, -9.26286637783050537109e-01) (11, -9.68938529491424560547e-01) (12, -9.23035323619842529297e-01) (13, 1.53639888763427734375e+00) (14, 5.20976930856704711914e-02) 
