FANN_FLO_2.1
num_layers=4
learning_rate=0.450000
connection_rate=1.000000
network_type=0
learning_momentum=0.000000
training_algorithm=2
train_error_function=1
train_stop_function=0
cascade_output_change_fraction=0.010000
quickprop_decay=-0.000100
quickprop_mu=1.750000
rprop_increase_factor=1.200000
rprop_decrease_factor=0.500000
rprop_delta_min=0.000000
rprop_delta_max=50.000000
rprop_delta_zero=0.100000
cascade_output_stagnation_epochs=12
cascade_candidate_change_fraction=0.010000
cascade_candidate_stagnation_epochs=12
cascade_max_out_epochs=150
cascade_min_out_epochs=50
cascade_max_cand_epochs=150
cascade_min_cand_epochs=50
cascade_num_candidate_groups=2
bit_fail_limit=3.49999994039535522461e-01
cascade_candidate_limit=1.00000000000000000000e+03
cascade_weight_multiplier=4.00000005960464477539e-01
cascade_activation_functions_count=10
cascade_activation_functions=3 5 7 8 10 11 14 15 16 17 
cascade_activation_steepnesses_count=4
cascade_activation_steepnesses=2.50000000000000000000e-01 5.00000000000000000000e-01 7.50000000000000000000e-01 1.00000000000000000000e+00 
layer_sizes=7 5 5 2 
scale_included=0
neurons (num_inputs, activation_function, activation_steepness)=(0, 0, 0.00000000000000000000e+00) (0, 0, 0.00000000000000000000e+00) (0, 0, 0.00000000000000000000e+00) (0, 0, 0.00000000000000000000e+00) (0, 0, 0.00000000000000000000e+00) (0, 0, 0.00000000000000000000e+00) (0, 0, 0.00000000000000000000e+00) (7, 3, 5.00000000000000000000e-01) (7, 3, 5.00000000000000000000e-01) (7, 3, 5.00000000000000000000e-01) (7, 3, 5.00000000000000000000e-01) (0, 3, 0.00000000000000000000e+00) (5, 3, 5.00000000000000000000e-01) (5, 3, 5.00000000000000000000e-01) (5, 3, 5.00000000000000000000e-01) (5, 3, 5.00000000000000000000e-01) (0, 3, 0.00000000000000000000e+00) (5, 0, 5.00000000000000000000e-01) (0, 0, 0.00000000000000000000e+00) 
connections (connected_to_neuron, weight)=(0, -1.80490310668945312500e+02) (1, -8.63444656133651733398e-02) (2, -4.57291717529296875000e+01) (3, -3.92245368957519531250e+01) (4, -1.04729950428009033203e+00) (5, -2.52041946411132812500e+02) (6, -7.00225234031677246094e-01) (0, 1.39055237174034118652e-01) (1, -4.36953455209732055664e-01) (2, 9.34949994087219238281e-01) (3, -1.25166699290275573730e-01) (4, -3.37439864873886108398e-01) (5, 1.13115087151527404785e-01) (6, -6.51973009109497070312e+00) (0, 2.00727569580078125000e+02) (1, 7.26568069458007812500e+01) (2, -5.09980468750000000000e+02) (3, -3.29346299171447753906e+00) (4, 1.34671916961669921875e+01) (5, -1.44882507324218750000e+03) (6, 6.88702940940856933594e-01) (0, 2.33852565288543701172e-02) (1, -1.27255721017718315125e-02) (2, 3.36827248334884643555e-01) (3, -1.55257033184170722961e-02) (4, -1.31719514727592468262e-01) (5, -7.41883143782615661621e-02) (6, -5.48739671707153320312e+00) (7, 1.50000000000000000000e+03) (8, -1.89978378295898437500e+02) (9, 2.66028808593750000000e+02) (10, 1.50000000000000000000e+03) (11, 4.14217853546142578125e+00) (7, 1.50000000000000000000e+03) (8, -8.39896869659423828125e+00) (9, 1.38000802993774414062e+01) (10, -1.50000000000000000000e+03) (11, -3.00803971290588378906e+00) (7, 1.50000000000000000000e+03) (8, 8.77922344207763671875e+00) (9, -3.99684272706508636475e-02) (10, -6.48999557495117187500e+01) (11, -3.68386793136596679688e+00) (7, 1.50000000000000000000e+03) (8, -8.46124649047851562500e+01) (9, 7.24333374023437500000e+02) (10, 1.50000000000000000000e+03) (11, -3.12759697437286376953e-01) (12, 7.38811492919921875000e-02) (13, -1.79216153919696807861e-02) (14, 2.34890508651733398438e+00) (15, 8.35021734237670898438e-02) (16, -1.73940449953079223633e-01) 
