FANN_FLO_2.1
num_layers=3
learning_rate=0.500000
connection_rate=1.000000
network_type=0
learning_momentum=0.000000
training_algorithm=2
train_error_function=1
train_stop_function=0
cascade_output_change_fraction=0.010000
quickprop_decay=-0.000100
quickprop_mu=1.750000
rprop_increase_factor=1.200000
rprop_decrease_factor=0.500000
rprop_delta_min=0.000000
rprop_delta_max=50.000000
rprop_delta_zero=0.100000
cascade_output_stagnation_epochs=12
cascade_candidate_change_fraction=0.010000
cascade_candidate_stagnation_epochs=12
cascade_max_out_epochs=150
cascade_min_out_epochs=50
cascade_max_cand_epochs=150
cascade_min_cand_epochs=50
cascade_num_candidate_groups=2
bit_fail_limit=3.49999994039535522461e-01
cascade_candidate_limit=1.00000000000000000000e+03
cascade_weight_multiplier=4.00000005960464477539e-01
cascade_activation_functions_count=10
cascade_activation_functions=3 5 7 8 10 11 14 15 16 17 
cascade_activation_steepnesses_count=4
cascade_activation_steepnesses=2.50000000000000000000e-01 5.00000000000000000000e-01 7.50000000000000000000e-01 1.00000000000000000000e+00 
layer_sizes=18 3 2 
scale_included=0
neurons (num_inputs, activation_function, activation_steepness)=(0, 0, 0.00000000000000000000e+00) (0, 0, 0.00000000000000000000e+00) (0, 0, 0.00000000000000000000e+00) (0, 0, 0.00000000000000000000e+00) (0, 0, 0.00000000000000000000e+00) (0, 0, 0.00000000000000000000e+00) (0, 0, 0.00000000000000000000e+00) (0, 0, 0.00000000000000000000e+00) (0, 0, 0.00000000000000000000e+00) (0, 0, 0.00000000000000000000e+00) (0, 0, 0.00000000000000000000e+00) (0, 0, 0.00000000000000000000e+00) (0, 0, 0.00000000000000000000e+00) (0, 0, 0.00000000000000000000e+00) (0, 0, 0.00000000000000000000e+00) (0, 0, 0.00000000000000000000e+00) (0, 0, 0.00000000000000000000e+00) (0, 0, 0.00000000000000000000e+00) (18, 3, 5.00000000000000000000e-01) (18, 3, 5.00000000000000000000e-01) (0, 3, 0.00000000000000000000e+00) (3, 0, 5.00000000000000000000e-01) (0, 0, 0.00000000000000000000e+00) 
connections (connected_to_neuron, weight)=(0, 1.57937133312225341797e+00) (1, 1.93852066993713378906e+00) (2, 1.62627291679382324219e+00) (3, 1.97980034351348876953e+00) (4, 2.00542712211608886719e+00) (5, -2.00398063659667968750e+00) (6, -1.76230800151824951172e+00) (7, -1.88558971881866455078e+00) (8, -3.12955235131084918976e-03) (9, 1.77924418449401855469e+00) (10, 1.88942778110504150391e+00) (11, 1.59058570861816406250e+00) (12, 1.94097387790679931641e+00) (13, 1.73083341121673583984e+00) (14, 1.77861559391021728516e+00) (15, 1.95958828926086425781e+00) (16, 1.84482181072235107422e+00) (17, -5.35638475418090820312e+00) (0, 1.24897670745849609375e+00) (1, 1.22033464908599853516e+00) (2, 1.42979443073272705078e+00) (3, 1.23608696460723876953e+00) (4, 1.12850666046142578125e+00) (5, -1.07726478576660156250e+00) (6, -1.42902696132659912109e+00) (7, -1.12764930725097656250e+00) (8, 8.07157605886459350586e-02) (9, 1.23064351081848144531e+00) (10, 1.11996996402740478516e+00) (11, 1.41960704326629638672e+00) (12, 1.16264331340789794922e+00) (13, 1.22562742233276367188e+00) (14, 1.23233151435852050781e+00) (15, 1.36073517799377441406e+00) (16, 1.00392413139343261719e+00) (17, -7.30876255035400390625e+00) (18, 4.70982074737548828125e+00) (19, 7.52545738220214843750e+00) (20, 3.35268688201904296875e+00) 
