FANN_FLO_2.1
num_layers=4
learning_rate=0.300000
connection_rate=1.000000
network_type=0
learning_momentum=0.000000
training_algorithm=2
train_error_function=1
train_stop_function=0
cascade_output_change_fraction=0.010000
quickprop_decay=-0.000100
quickprop_mu=1.750000
rprop_increase_factor=1.200000
rprop_decrease_factor=0.500000
rprop_delta_min=0.000000
rprop_delta_max=50.000000
rprop_delta_zero=0.100000
cascade_output_stagnation_epochs=12
cascade_candidate_change_fraction=0.010000
cascade_candidate_stagnation_epochs=12
cascade_max_out_epochs=150
cascade_min_out_epochs=50
cascade_max_cand_epochs=150
cascade_min_cand_epochs=50
cascade_num_candidate_groups=2
bit_fail_limit=3.49999994039535522461e-01
cascade_candidate_limit=1.00000000000000000000e+03
cascade_weight_multiplier=4.00000005960464477539e-01
cascade_activation_functions_count=10
cascade_activation_functions=3 5 7 8 10 11 14 15 16 17 
cascade_activation_steepnesses_count=4
cascade_activation_steepnesses=2.50000000000000000000e-01 5.00000000000000000000e-01 7.50000000000000000000e-01 1.00000000000000000000e+00 
layer_sizes=2 5 3 3 
scale_included=0
neurons (num_inputs, activation_function, activation_steepness)=(0, 0, 0.00000000000000000000e+00) (0, 0, 0.00000000000000000000e+00) (2, 3, 5.00000000000000000000e-01) (2, 3, 5.00000000000000000000e-01) (2, 3, 5.00000000000000000000e-01) (2, 3, 5.00000000000000000000e-01) (0, 3, 0.00000000000000000000e+00) (5, 3, 5.00000000000000000000e-01) (5, 3, 5.00000000000000000000e-01) (0, 3, 0.00000000000000000000e+00) (3, 0, 5.00000000000000000000e-01) (3, 0, 5.00000000000000000000e-01) (0, 0, 0.00000000000000000000e+00) 
connections (connected_to_neuron, weight)=(0, -6.71017944335937500000e+02) (1, -4.47669143676757812500e+01) (0, -9.14288391113281250000e+02) (1, -1.65936279296875000000e+01) (0, -4.02063415527343750000e+02) (1, -7.66659212112426757812e+00) (0, -2.13088703155517578125e+00) (1, -1.43581187725067138672e+00) (2, 1.34935402870178222656e+00) (3, 8.10159564018249511719e-01) (4, 2.27142596244812011719e+00) (5, 1.18395209312438964844e-01) (6, -1.44365632534027099609e+00) (2, 3.31364840269088745117e-01) (3, 5.96881657838821411133e-02) (4, -9.01622176170349121094e-01) (5, 2.49347615242004394531e+00) (6, 9.97899115085601806641e-01) (7, 2.70692974328994750977e-01) (8, -1.85699518769979476929e-02) (9, -2.44206473231315612793e-01) (7, -6.06292903423309326172e-01) (8, -8.15989077091217041016e-01) (9, -5.08960425853729248047e-01) 
