FANN_FLO_2.1
num_layers=4
learning_rate=0.500000
connection_rate=1.000000
network_type=0
learning_momentum=0.000000
training_algorithm=2
train_error_function=1
train_stop_function=0
cascade_output_change_fraction=0.010000
quickprop_decay=-0.000100
quickprop_mu=1.750000
rprop_increase_factor=1.200000
rprop_decrease_factor=0.500000
rprop_delta_min=0.000000
rprop_delta_max=50.000000
rprop_delta_zero=0.100000
cascade_output_stagnation_epochs=12
cascade_candidate_change_fraction=0.010000
cascade_candidate_stagnation_epochs=12
cascade_max_out_epochs=150
cascade_min_out_epochs=50
cascade_max_cand_epochs=150
cascade_min_cand_epochs=50
cascade_num_candidate_groups=2
bit_fail_limit=3.49999994039535522461e-01
cascade_candidate_limit=1.00000000000000000000e+03
cascade_weight_multiplier=4.00000005960464477539e-01
cascade_activation_functions_count=10
cascade_activation_functions=3 5 7 8 10 11 14 15 16 17 
cascade_activation_steepnesses_count=4
cascade_activation_steepnesses=2.50000000000000000000e-01 5.00000000000000000000e-01 7.50000000000000000000e-01 1.00000000000000000000e+00 
layer_sizes=4 5 5 2 
scale_included=0
neurons (num_inputs, activation_function, activation_steepness)=(0, 0, 0.00000000000000000000e+00) (0, 0, 0.00000000000000000000e+00) (0, 0, 0.00000000000000000000e+00) (0, 0, 0.00000000000000000000e+00) (4, 3, 5.00000000000000000000e-01) (4, 3, 5.00000000000000000000e-01) (4, 3, 5.00000000000000000000e-01) (4, 3, 5.00000000000000000000e-01) (0, 3, 0.00000000000000000000e+00) (5, 3, 5.00000000000000000000e-01) (5, 3, 5.00000000000000000000e-01) (5, 3, 5.00000000000000000000e-01) (5, 3, 5.00000000000000000000e-01) (0, 3, 0.00000000000000000000e+00) (5, 3, 5.00000000000000000000e-01) (0, 3, 0.00000000000000000000e+00) 
connections (connected_to_neuron, weight)=(0, -4.35678768157958984375e+00) (1, -4.08778619766235351562e+00) (2, -8.69193136692047119141e-01) (3, 3.85755157470703125000e+00) (0, 1.50000000000000000000e+03) (1, 8.02584743499755859375e+00) (2, 1.50000000000000000000e+03) (3, 1.55474686622619628906e+00) (0, -4.30231523513793945312e+00) (1, -3.27885055541992187500e+00) (2, -1.55160486698150634766e+00) (3, 3.81901931762695312500e+00) (0, 4.66828918457031250000e+00) (1, 9.29203987121582031250e+00) (2, -5.76216506958007812500e+00) (3, -1.96172845363616943359e+00) (4, 6.46293163299560546875e+00) (5, -1.69006657600402832031e+00) (6, 2.04501037597656250000e+01) (7, -7.69310951232910156250e+00) (8, -3.48440468311309814453e-01) (4, 5.15713834762573242188e+00) (5, -1.88048481941223144531e+00) (6, 1.29328985214233398438e+01) (7, -3.76278257369995117188e+00) (8, -3.58470261096954345703e-01) (4, 1.45003728866577148438e+01) (5, -5.00680351257324218750e+00) (6, 1.34815454483032226562e+01) (7, -5.06933689117431640625e+00) (8, 4.00632172822952270508e-01) (4, 7.96669292449951171875e+00) (5, -1.50864386558532714844e+00) (6, 1.16475667953491210938e+01) (7, -4.54553365707397460938e+00) (8, -8.97192955017089843750e-01) (9, -3.37739437818527221680e-01) (10, 2.83615775406360626221e-02) (11, -4.10050249099731445312e+00) (12, -2.48219624161720275879e-01) (13, 2.39370250701904296875e+00) 
