FANN_FLO_2.1
num_layers=3
learning_rate=0.500000
connection_rate=1.000000
network_type=0
learning_momentum=0.000000
training_algorithm=2
train_error_function=1
train_stop_function=0
cascade_output_change_fraction=0.010000
quickprop_decay=-0.000100
quickprop_mu=1.750000
rprop_increase_factor=1.200000
rprop_decrease_factor=0.500000
rprop_delta_min=0.000000
rprop_delta_max=50.000000
rprop_delta_zero=0.100000
cascade_output_stagnation_epochs=12
cascade_candidate_change_fraction=0.010000
cascade_candidate_stagnation_epochs=12
cascade_max_out_epochs=150
cascade_min_out_epochs=50
cascade_max_cand_epochs=150
cascade_min_cand_epochs=50
cascade_num_candidate_groups=2
bit_fail_limit=3.49999994039535522461e-01
cascade_candidate_limit=1.00000000000000000000e+03
cascade_weight_multiplier=4.00000005960464477539e-01
cascade_activation_functions_count=10
cascade_activation_functions=3 5 7 8 10 11 14 15 16 17 
cascade_activation_steepnesses_count=4
cascade_activation_steepnesses=2.50000000000000000000e-01 5.00000000000000000000e-01 7.50000000000000000000e-01 1.00000000000000000000e+00 
layer_sizes=10 5 2 
scale_included=0
neurons (num_inputs, activation_function, activation_steepness)=(0, 0, 0.00000000000000000000e+00) (0, 0, 0.00000000000000000000e+00) (0, 0, 0.00000000000000000000e+00) (0, 0, 0.00000000000000000000e+00) (0, 0, 0.00000000000000000000e+00) (0, 0, 0.00000000000000000000e+00) (0, 0, 0.00000000000000000000e+00) (0, 0, 0.00000000000000000000e+00) (0, 0, 0.00000000000000000000e+00) (0, 0, 0.00000000000000000000e+00) (10, 3, 5.00000000000000000000e-01) (10, 3, 5.00000000000000000000e-01) (10, 3, 5.00000000000000000000e-01) (10, 3, 5.00000000000000000000e-01) (0, 3, 0.00000000000000000000e+00) (5, 3, 5.00000000000000000000e-01) (0, 3, 0.00000000000000000000e+00) 
connections (connected_to_neuron, weight)=(0, 6.41292572021484375000e-01) (1, 4.66316699981689453125e-01) (2, 4.87769216299057006836e-01) (3, 6.22811734676361083984e-01) (4, -3.60033273696899414062e-01) (5, 5.31701266765594482422e-01) (6, 8.79642784595489501953e-01) (7, 2.23750853911042213440e-03) (8, 6.62949264049530029297e-01) (9, -1.41578352451324462891e+00) (0, 2.58216351270675659180e-01) (1, -3.91240596771240234375e-01) (2, 2.39454090595245361328e-01) (3, -8.25292944908142089844e-01) (4, -1.43892252445220947266e+00) (5, 2.02210679650306701660e-01) (6, 2.54536092281341552734e-01) (7, -1.33223044872283935547e+00) (8, 3.46707135438919067383e-01) (9, 6.48980855941772460938e-01) (0, -4.09246116876602172852e-01) (1, -3.62948507070541381836e-01) (2, -4.14169400930404663086e-01) (3, -5.36636188626289367676e-02) (4, -5.19815802574157714844e-01) (5, -4.75544393062591552734e-01) (6, -2.70850151777267456055e-01) (7, -3.68637323379516601562e-01) (8, -4.54390764236450195312e-01) (9, 1.10256373882293701172e+00) (0, -3.42831403017044067383e-01) (1, -3.27657222747802734375e-01) (2, -5.07512331008911132812e-01) (3, -2.81970530748367309570e-01) (4, -5.43747842311859130859e-01) (5, -3.40549409389495849609e-01) (6, -2.41336509585380554199e-01) (7, -4.13007467985153198242e-01) (8, -3.58947336673736572266e-01) (9, 1.14348518848419189453e+00) (10, 1.55377483367919921875e+00) (11, -6.00296914577484130859e-01) (12, -1.54797875881195068359e+00) (13, -1.55260586738586425781e+00) (14, 3.63621562719345092773e-01) 
