FANN_FLO_2.1
num_layers=3
learning_rate=0.500000
connection_rate=1.000000
network_type=0
learning_momentum=0.000000
training_algorithm=2
train_error_function=1
train_stop_function=0
cascade_output_change_fraction=0.010000
quickprop_decay=-0.000100
quickprop_mu=1.750000
rprop_increase_factor=1.200000
rprop_decrease_factor=0.500000
rprop_delta_min=0.000000
rprop_delta_max=50.000000
rprop_delta_zero=0.100000
cascade_output_stagnation_epochs=12
cascade_candidate_change_fraction=0.010000
cascade_candidate_stagnation_epochs=12
cascade_max_out_epochs=150
cascade_min_out_epochs=50
cascade_max_cand_epochs=150
cascade_min_cand_epochs=50
cascade_num_candidate_groups=2
bit_fail_limit=3.49999994039535522461e-01
cascade_candidate_limit=1.00000000000000000000e+03
cascade_weight_multiplier=4.00000005960464477539e-01
cascade_activation_functions_count=10
cascade_activation_functions=3 5 7 8 10 11 14 15 16 17 
cascade_activation_steepnesses_count=4
cascade_activation_steepnesses=2.50000000000000000000e-01 5.00000000000000000000e-01 7.50000000000000000000e-01 1.00000000000000000000e+00 
layer_sizes=7 9 2 
scale_included=0
neurons (num_inputs, activation_function, activation_steepness)=(0, 0, 0.00000000000000000000e+00) (0, 0, 0.00000000000000000000e+00) (0, 0, 0.00000000000000000000e+00) (0, 0, 0.00000000000000000000e+00) (0, 0, 0.00000000000000000000e+00) (0, 0, 0.00000000000000000000e+00) (0, 0, 0.00000000000000000000e+00) (7, 3, 5.00000000000000000000e-01) (7, 3, 5.00000000000000000000e-01) (7, 3, 5.00000000000000000000e-01) (7, 3, 5.00000000000000000000e-01) (7, 3, 5.00000000000000000000e-01) (7, 3, 5.00000000000000000000e-01) (7, 3, 5.00000000000000000000e-01) (7, 3, 5.00000000000000000000e-01) (0, 3, 0.00000000000000000000e+00) (9, 0, 5.00000000000000000000e-01) (0, 0, 0.00000000000000000000e+00) 
connections (connected_to_neuron, weight)=(0, -5.45675039291381835938e-01) (1, 1.58285677433013916016e-01) (2, -8.59857738018035888672e-01) (3, -4.60318028926849365234e-01) (4, -1.79681762695312500000e+02) (5, -1.30759094238281250000e+02) (6, -5.21362900733947753906e-01) (0, -7.23976969718933105469e-01) (1, -9.58826124668121337891e-01) (2, 2.20695042610168457031e+00) (3, -1.17340850830078125000e+00) (4, -2.61675429344177246094e+00) (5, 3.78482103347778320312e+00) (6, -4.87806606292724609375e+00) (0, 2.02138036489486694336e-01) (1, -2.58109539747238159180e-01) (2, 3.72850716114044189453e-01) (3, -4.79500919580459594727e-01) (4, 3.04412221908569335938e+00) (5, -1.57517170906066894531e+00) (6, 2.54134035110473632812e+00) (0, -2.76153981685638427734e-01) (1, -1.79119074344635009766e+00) (2, 1.34647464752197265625e+00) (3, -1.16929519176483154297e+00) (4, -2.13155603408813476562e+00) (5, 3.91532683372497558594e+00) (6, -1.12398457527160644531e+00) (0, -7.36137866973876953125e-01) (1, -6.97423100471496582031e-01) (2, 4.94055867195129394531e-01) (3, -9.36871528625488281250e-01) (4, -2.28680348396301269531e+00) (5, 4.04706859588623046875e+00) (6, -1.00503921508789062500e+00) (0, -1.38366773724555969238e-01) (1, 1.46355137228965759277e-01) (2, 3.37275058031082153320e-01) (3, -1.26848027110099792480e-01) (4, -2.46503993868827819824e-01) (5, 7.29039087891578674316e-02) (6, -1.69773280620574951172e-01) (0, -4.91089493036270141602e-01) (1, 4.56190490722656250000e+00) (2, 2.05699157714843750000e+00) (3, -1.08149063587188720703e+00) (4, -3.09137023925781250000e+02) (5, 5.73222875595092773438e+00) (6, -1.02767229080200195312e+00) (0, -5.77219482511281967163e-03) (1, 1.16998910903930664062e-01) (2, 1.36936590075492858887e-01) (3, 3.88110382482409477234e-03) (4, -3.42226326465606689453e-01) (5, -1.67202293872833251953e-01) (6, -2.32780098915100097656e-01) (7, -9.00000000000000000000e+02) (8, 4.96911965310573577881e-02) (9, -2.15144366025924682617e-01) (10, 1.81763187050819396973e-01) (11, -1.81811437010765075684e-01) (12, -7.20443800091743469238e-02) (13, 1.20000000000000000000e+03) (14, 6.11622408032417297363e-02) (15, 2.26165741682052612305e-01) 
