FANN_FLO_2.1
num_layers=3
learning_rate=0.300000
connection_rate=1.000000
network_type=0
learning_momentum=0.000000
training_algorithm=2
train_error_function=1
train_stop_function=0
cascade_output_change_fraction=0.010000
quickprop_decay=-0.000100
quickprop_mu=1.750000
rprop_increase_factor=1.200000
rprop_decrease_factor=0.500000
rprop_delta_min=0.000000
rprop_delta_max=50.000000
rprop_delta_zero=0.100000
cascade_output_stagnation_epochs=12
cascade_candidate_change_fraction=0.010000
cascade_candidate_stagnation_epochs=12
cascade_max_out_epochs=150
cascade_min_out_epochs=50
cascade_max_cand_epochs=150
cascade_min_cand_epochs=50
cascade_num_candidate_groups=2
bit_fail_limit=3.49999994039535522461e-01
cascade_candidate_limit=1.00000000000000000000e+03
cascade_weight_multiplier=4.00000005960464477539e-01
cascade_activation_functions_count=10
cascade_activation_functions=3 5 7 8 10 11 14 15 16 17 
cascade_activation_steepnesses_count=4
cascade_activation_steepnesses=2.50000000000000000000e-01 5.00000000000000000000e-01 7.50000000000000000000e-01 1.00000000000000000000e+00 
layer_sizes=4 9 2 
scale_included=0
neurons (num_inputs, activation_function, activation_steepness)=(0, 0, 0.00000000000000000000e+00) (0, 0, 0.00000000000000000000e+00) (0, 0, 0.00000000000000000000e+00) (0, 0, 0.00000000000000000000e+00) (4, 3, 5.00000000000000000000e-01) (4, 3, 5.00000000000000000000e-01) (4, 3, 5.00000000000000000000e-01) (4, 3, 5.00000000000000000000e-01) (4, 3, 5.00000000000000000000e-01) (4, 3, 5.00000000000000000000e-01) (4, 3, 5.00000000000000000000e-01) (4, 3, 5.00000000000000000000e-01) (0, 3, 0.00000000000000000000e+00) (9, 3, 5.00000000000000000000e-01) (0, 3, 0.00000000000000000000e+00) 
connections (connected_to_neuron, weight)=(0, -6.68411254882812500000e-01) (1, 4.50723826885223388672e-01) (2, -1.32236528396606445312e+00) (3, 5.65537166595458984375e+00) (0, -2.41586327552795410156e+00) (1, 1.11242580413818359375e+00) (2, -1.28781616687774658203e+00) (3, 4.68276500701904296875e+00) (0, -5.91268241405487060547e-01) (1, 3.34099024534225463867e-01) (2, -2.14146566390991210938e+00) (3, 1.60909805297851562500e+01) (0, -1.48010686039924621582e-01) (1, 1.97966750711202621460e-02) (2, -1.47814422845840454102e-01) (3, 1.96322989463806152344e+00) (0, -2.02911686897277832031e+00) (1, 1.33076977729797363281e+00) (2, -1.25235617160797119141e+00) (3, 2.14610481262207031250e+00) (0, -2.68686485290527343750e+00) (1, 1.17452144622802734375e+00) (2, -3.47651511430740356445e-01) (3, -1.71182212829589843750e+01) (0, -1.96276366710662841797e+00) (1, 1.16673946380615234375e+00) (2, -2.56355571746826171875e+00) (3, 1.39161434173583984375e+01) (0, 1.38693436980247497559e-01) (1, -4.70643825829029083252e-02) (2, 9.70468044281005859375e-01) (3, -6.28656339645385742188e+00) (4, -1.58735796809196472168e-01) (5, -2.04930171370506286621e-01) (6, -2.70759880542755126953e-01) (7, -4.98494386672973632812e+00) (8, -2.65908956527709960938e-01) (9, -1.54387831687927246094e-01) (10, -2.24835097789764404297e-01) (11, 1.26757192611694335938e+00) (12, -7.24007412791252136230e-02) 
