FANN_FLO_2.1
num_layers=3
learning_rate=0.500000
connection_rate=1.000000
network_type=0
learning_momentum=0.000000
training_algorithm=2
train_error_function=1
train_stop_function=0
cascade_output_change_fraction=0.010000
quickprop_decay=-0.000100
quickprop_mu=1.750000
rprop_increase_factor=1.200000
rprop_decrease_factor=0.500000
rprop_delta_min=0.000000
rprop_delta_max=50.000000
rprop_delta_zero=0.100000
cascade_output_stagnation_epochs=12
cascade_candidate_change_fraction=0.010000
cascade_candidate_stagnation_epochs=12
cascade_max_out_epochs=150
cascade_min_out_epochs=50
cascade_max_cand_epochs=150
cascade_min_cand_epochs=50
cascade_num_candidate_groups=2
bit_fail_limit=3.49999994039535522461e-01
cascade_candidate_limit=1.00000000000000000000e+03
cascade_weight_multiplier=4.00000005960464477539e-01
cascade_activation_functions_count=10
cascade_activation_functions=3 5 7 8 10 11 14 15 16 17 
cascade_activation_steepnesses_count=4
cascade_activation_steepnesses=2.50000000000000000000e-01 5.00000000000000000000e-01 7.50000000000000000000e-01 1.00000000000000000000e+00 
layer_sizes=3 9 4 
scale_included=0
neurons (num_inputs, activation_function, activation_steepness)=(0, 0, 0.00000000000000000000e+00) (0, 0, 0.00000000000000000000e+00) (0, 0, 0.00000000000000000000e+00) (3, 3, 5.00000000000000000000e-01) (3, 3, 5.00000000000000000000e-01) (3, 3, 5.00000000000000000000e-01) (3, 3, 5.00000000000000000000e-01) (3, 3, 5.00000000000000000000e-01) (3, 3, 5.00000000000000000000e-01) (3, 3, 5.00000000000000000000e-01) (3, 3, 5.00000000000000000000e-01) (0, 3, 0.00000000000000000000e+00) (9, 0, 5.00000000000000000000e-01) (9, 0, 5.00000000000000000000e-01) (9, 0, 5.00000000000000000000e-01) (0, 0, 0.00000000000000000000e+00) 
connections (connected_to_neuron, weight)=(0, -6.03395605087280273438e+00) (1, 8.76073837280273437500e-02) (2, 1.49084821343421936035e-01) (0, -6.26550388336181640625e+00) (1, 4.51761150360107421875e+00) (2, 4.22214174270629882812e+00) (0, -7.61083602905273437500e+00) (1, 7.31329965591430664062e+00) (2, 7.30490541458129882812e+00) (0, -2.44963598251342773438e+00) (1, -4.65116834640502929688e+00) (2, 4.64066475629806518555e-01) (0, -3.45159053802490234375e+00) (1, -2.24620199203491210938e+00) (2, 1.04383599758148193359e+00) (0, -6.43226194381713867188e+00) (1, 8.27831840515136718750e+00) (2, 9.04339122772216796875e+00) (0, -6.44994735717773437500e+00) (1, 2.68704485893249511719e+00) (2, 3.63698291778564453125e+00) (0, -6.14183378219604492188e+00) (1, 1.74246919155120849609e+00) (2, 1.08786475658416748047e+00) (3, 1.91891896724700927734e+00) (4, 1.06202459335327148438e+00) (5, 7.01171815395355224609e-01) (6, 2.35443973541259765625e+00) (7, 2.01944684982299804688e+00) (8, 5.75909435749053955078e-01) (9, 6.37001812458038330078e-01) (10, 1.30549430847167968750e+00) (11, 5.48618793487548828125e-01) (3, 3.96950888633728027344e+00) (4, 2.90039014816284179688e+00) (5, 3.34146165847778320312e+00) (6, 6.32070207595825195312e+00) (7, 6.37318325042724609375e+00) (8, 2.58292031288146972656e+00) (9, 3.14298367500305175781e+00) (10, 3.47499847412109375000e+00) (11, 1.94446516036987304688e+00) (3, 1.18913164138793945312e+01) (4, 8.84142875671386718750e+00) (5, 9.89043521881103515625e+00) (6, 1.98765563964843750000e+01) (7, 2.07429428100585937500e+01) (8, 9.95530891418457031250e+00) (9, 1.06310472488403320312e+01) (10, 1.07526130676269531250e+01) (11, 1.11192398071289062500e+01) 
