FANN_FLO_2.1
num_layers=3
learning_rate=0.500000
connection_rate=1.000000
network_type=0
learning_momentum=0.000000
training_algorithm=2
train_error_function=1
train_stop_function=0
cascade_output_change_fraction=0.010000
quickprop_decay=-0.000100
quickprop_mu=1.750000
rprop_increase_factor=1.200000
rprop_decrease_factor=0.500000
rprop_delta_min=0.000000
rprop_delta_max=50.000000
rprop_delta_zero=0.100000
cascade_output_stagnation_epochs=12
cascade_candidate_change_fraction=0.010000
cascade_candidate_stagnation_epochs=12
cascade_max_out_epochs=150
cascade_min_out_epochs=50
cascade_max_cand_epochs=150
cascade_min_cand_epochs=50
cascade_num_candidate_groups=2
bit_fail_limit=3.49999994039535522461e-01
cascade_candidate_limit=1.00000000000000000000e+03
cascade_weight_multiplier=4.00000005960464477539e-01
cascade_activation_functions_count=10
cascade_activation_functions=3 5 7 8 10 11 14 15 16 17 
cascade_activation_steepnesses_count=4
cascade_activation_steepnesses=2.50000000000000000000e-01 5.00000000000000000000e-01 7.50000000000000000000e-01 1.00000000000000000000e+00 
layer_sizes=10 5 2 
scale_included=0
neurons (num_inputs, activation_function, activation_steepness)=(0, 0, 0.00000000000000000000e+00) (0, 0, 0.00000000000000000000e+00) (0, 0, 0.00000000000000000000e+00) (0, 0, 0.00000000000000000000e+00) (0, 0, 0.00000000000000000000e+00) (0, 0, 0.00000000000000000000e+00) (0, 0, 0.00000000000000000000e+00) (0, 0, 0.00000000000000000000e+00) (0, 0, 0.00000000000000000000e+00) (0, 0, 0.00000000000000000000e+00) (10, 3, 5.00000000000000000000e-01) (10, 3, 5.00000000000000000000e-01) (10, 3, 5.00000000000000000000e-01) (10, 3, 5.00000000000000000000e-01) (0, 3, 0.00000000000000000000e+00) (5, 3, 5.00000000000000000000e-01) (0, 3, 0.00000000000000000000e+00) 
connections (connected_to_neuron, weight)=(0, -1.08624480664730072021e-01) (1, -6.58872425556182861328e-01) (2, -1.77444145083427429199e-01) (3, -6.49276003241539001465e-02) (4, -1.73451578617095947266e+00) (5, 4.19848799705505371094e-01) (6, -1.11995369195938110352e-01) (7, -5.11522233486175537109e-01) (8, -3.59341204166412353516e-01) (9, 3.53384286165237426758e-01) (0, -5.62694489955902099609e-01) (1, -4.51595664024353027344e-01) (2, -5.17851293087005615234e-01) (3, -6.10087752342224121094e-01) (4, -2.80222874134778976440e-02) (5, -8.01807463169097900391e-01) (6, -4.45418119430541992188e-01) (7, -4.85578507184982299805e-01) (8, -4.66733932495117187500e-01) (9, 1.40789759159088134766e+00) (0, -2.95627504587173461914e-01) (1, -3.45976442098617553711e-01) (2, -1.87307626008987426758e-01) (3, -2.37783640623092651367e-01) (4, -5.65233051776885986328e-01) (5, 4.43467587232589721680e-01) (6, -1.47387111186981201172e+00) (7, -6.79072141647338867188e-01) (8, -3.61082464456558227539e-01) (9, 7.22103118896484375000e-01) (0, -9.48446559906005859375e+00) (1, -6.48624277114868164062e+00) (2, 2.25594730377197265625e+01) (3, 1.83142852783203125000e+01) (4, 3.62928581237792968750e+01) (5, -1.13088979721069335938e+01) (6, -8.32537307739257812500e+01) (7, -6.50422515869140625000e+01) (8, -6.00296258926391601562e+00) (9, -5.46366357803344726562e+00) (10, -1.18769621849060058594e+00) (11, -3.36114501953125000000e+00) (12, -2.65298664569854736328e-01) (13, -1.35296094417572021484e+00) (14, 1.40019190311431884766e+00) 
