FANN_FLO_2.1
num_layers=3
learning_rate=0.500000
connection_rate=1.000000
network_type=0
learning_momentum=0.000000
training_algorithm=2
train_error_function=1
train_stop_function=0
cascade_output_change_fraction=0.010000
quickprop_decay=-0.000100
quickprop_mu=1.750000
rprop_increase_factor=1.200000
rprop_decrease_factor=0.500000
rprop_delta_min=0.000000
rprop_delta_max=50.000000
rprop_delta_zero=0.100000
cascade_output_stagnation_epochs=12
cascade_candidate_change_fraction=0.010000
cascade_candidate_stagnation_epochs=12
cascade_max_out_epochs=150
cascade_min_out_epochs=50
cascade_max_cand_epochs=150
cascade_min_cand_epochs=50
cascade_num_candidate_groups=2
bit_fail_limit=3.49999994039535522461e-01
cascade_candidate_limit=1.00000000000000000000e+03
cascade_weight_multiplier=4.00000005960464477539e-01
cascade_activation_functions_count=10
cascade_activation_functions=3 5 7 8 10 11 14 15 16 17 
cascade_activation_steepnesses_count=4
cascade_activation_steepnesses=2.50000000000000000000e-01 5.00000000000000000000e-01 7.50000000000000000000e-01 1.00000000000000000000e+00 
layer_sizes=7 9 2 
scale_included=0
neurons (num_inputs, activation_function, activation_steepness)=(0, 0, 0.00000000000000000000e+00) (0, 0, 0.00000000000000000000e+00) (0, 0, 0.00000000000000000000e+00) (0, 0, 0.00000000000000000000e+00) (0, 0, 0.00000000000000000000e+00) (0, 0, 0.00000000000000000000e+00) (0, 0, 0.00000000000000000000e+00) (7, 3, 5.00000000000000000000e-01) (7, 3, 5.00000000000000000000e-01) (7, 3, 5.00000000000000000000e-01) (7, 3, 5.00000000000000000000e-01) (7, 3, 5.00000000000000000000e-01) (7, 3, 5.00000000000000000000e-01) (7, 3, 5.00000000000000000000e-01) (7, 3, 5.00000000000000000000e-01) (0, 3, 0.00000000000000000000e+00) (9, 0, 5.00000000000000000000e-01) (0, 0, 0.00000000000000000000e+00) 
connections (connected_to_neuron, weight)=(0, -2.13429883122444152832e-01) (1, -2.15670261383056640625e+01) (2, 5.69715023040771484375e-01) (3, -4.15642595291137695312e+00) (4, -2.83938732147216796875e+01) (5, 3.21701965332031250000e+01) (6, -3.62763375043869018555e-01) (0, -1.96376621723175048828e-01) (1, 1.43145952224731445312e+01) (2, -7.16525085449218750000e+02) (3, 1.70870673656463623047e+00) (4, 4.71962261199951171875e+00) (5, -8.00792121887207031250e+00) (6, -6.29438221454620361328e-01) (0, -3.52184444665908813477e-01) (1, -1.66639283299446105957e-01) (2, 9.62113678455352783203e-01) (3, -2.72808283567428588867e-01) (4, -8.77094149589538574219e-01) (5, -5.43073832988739013672e-01) (6, -3.24994742870330810547e-01) (0, -5.46110272407531738281e-01) (1, -3.69783616065979003906e+00) (2, -1.15937353515625000000e+03) (3, -4.02765393257141113281e-01) (4, 9.83076453208923339844e-01) (5, -5.27343094348907470703e-01) (6, -3.29399555921554565430e-01) (0, -2.74820178747177124023e-01) (1, 3.53381216526031494141e-01) (2, -1.74088299274444580078e-01) (3, 2.03485310077667236328e-01) (4, -1.69758188724517822266e+00) (5, 7.73124098777770996094e-01) (6, -7.38937377929687500000e-01) (0, -6.43755048513412475586e-02) (1, -9.73335266113281250000e-01) (2, -9.70351505279541015625e+00) (3, -9.27101895213127136230e-02) (4, 6.76261997222900390625e+00) (5, 3.14700698852539062500e+00) (6, 3.20163192749023437500e+01) (0, -1.73922166228294372559e-01) (1, 1.84179977416992187500e+02) (2, 1.07397033691406250000e+03) (3, 1.05369067192077636719e+00) (4, 2.07551822662353515625e+01) (5, 2.51359510421752929688e+00) (6, -1.80042386054992675781e-01) (0, 1.49675622582435607910e-01) (1, -2.46648102998733520508e-01) (2, 1.48901617527008056641e+00) (3, -4.06799495220184326172e-01) (4, -3.31718564033508300781e+00) (5, 6.75776675343513488770e-02) (6, 6.51716649532318115234e-01) (7, -1.88755493164062500000e+01) (8, 1.43434945493936538696e-03) (9, 7.73494839668273925781e-02) (10, -9.05799448490142822266e-01) (11, 4.84257012605667114258e-01) (12, -2.19975747168064117432e-02) (13, 4.00265725329518318176e-03) (14, -9.83284115791320800781e-02) (15, 2.44817100465297698975e-02) 
