FANN_FLO_2.1
num_layers=3
learning_rate=0.400000
connection_rate=1.000000
network_type=0
learning_momentum=0.000000
training_algorithm=2
train_error_function=1
train_stop_function=0
cascade_output_change_fraction=0.010000
quickprop_decay=-0.000100
quickprop_mu=1.750000
rprop_increase_factor=1.200000
rprop_decrease_factor=0.500000
rprop_delta_min=0.000000
rprop_delta_max=50.000000
rprop_delta_zero=0.100000
cascade_output_stagnation_epochs=12
cascade_candidate_change_fraction=0.010000
cascade_candidate_stagnation_epochs=12
cascade_max_out_epochs=150
cascade_min_out_epochs=50
cascade_max_cand_epochs=150
cascade_min_cand_epochs=50
cascade_num_candidate_groups=2
bit_fail_limit=3.49999994039535522461e-01
cascade_candidate_limit=1.00000000000000000000e+03
cascade_weight_multiplier=4.00000005960464477539e-01
cascade_activation_functions_count=10
cascade_activation_functions=3 5 7 8 10 11 14 15 16 17 
cascade_activation_steepnesses_count=4
cascade_activation_steepnesses=2.50000000000000000000e-01 5.00000000000000000000e-01 7.50000000000000000000e-01 1.00000000000000000000e+00 
layer_sizes=10 3 2 
scale_included=0
neurons (num_inputs, activation_function, activation_steepness)=(0, 0, 0.00000000000000000000e+00) (0, 0, 0.00000000000000000000e+00) (0, 0, 0.00000000000000000000e+00) (0, 0, 0.00000000000000000000e+00) (0, 0, 0.00000000000000000000e+00) (0, 0, 0.00000000000000000000e+00) (0, 0, 0.00000000000000000000e+00) (0, 0, 0.00000000000000000000e+00) (0, 0, 0.00000000000000000000e+00) (0, 0, 0.00000000000000000000e+00) (10, 3, 5.00000000000000000000e-01) (10, 3, 5.00000000000000000000e-01) (0, 3, 0.00000000000000000000e+00) (3, 3, 5.00000000000000000000e-01) (0, 3, 0.00000000000000000000e+00) 
connections (connected_to_neuron, weight)=(0, -1.07888773083686828613e-01) (1, -6.65501579642295837402e-02) (2, -2.16636002063751220703e-01) (3, -2.12833106517791748047e-01) (4, -1.47240459918975830078e-01) (5, -1.51804581284523010254e-01) (6, -9.18196663260459899902e-02) (7, -2.34134867787361145020e-02) (8, -1.25643178820610046387e-01) (9, -6.28434643149375915527e-02) (0, 1.93694651126861572266e-01) (1, 1.92641496658325195312e-01) (2, 1.71157181262969970703e-01) (3, 3.29823866486549377441e-02) (4, 1.81721091270446777344e-01) (5, 2.11853682994842529297e-01) (6, 1.85707211494445800781e-01) (7, 3.77652496099472045898e-02) (8, 1.56639754772186279297e-01) (9, 1.99669182300567626953e-01) (10, 1.15203902125358581543e-01) (11, 1.36807352304458618164e-01) (12, 3.67822349071502685547e-02) 
