FANN_FLO_2.1
num_layers=3
learning_rate=0.500000
connection_rate=1.000000
network_type=0
learning_momentum=0.000000
training_algorithm=2
train_error_function=1
train_stop_function=0
cascade_output_change_fraction=0.010000
quickprop_decay=-0.000100
quickprop_mu=1.750000
rprop_increase_factor=1.200000
rprop_decrease_factor=0.500000
rprop_delta_min=0.000000
rprop_delta_max=50.000000
rprop_delta_zero=0.100000
cascade_output_stagnation_epochs=12
cascade_candidate_change_fraction=0.010000
cascade_candidate_stagnation_epochs=12
cascade_max_out_epochs=150
cascade_min_out_epochs=50
cascade_max_cand_epochs=150
cascade_min_cand_epochs=50
cascade_num_candidate_groups=2
bit_fail_limit=3.49999994039535522461e-01
cascade_candidate_limit=1.00000000000000000000e+03
cascade_weight_multiplier=4.00000005960464477539e-01
cascade_activation_functions_count=10
cascade_activation_functions=3 5 7 8 10 11 14 15 16 17 
cascade_activation_steepnesses_count=4
cascade_activation_steepnesses=2.50000000000000000000e-01 5.00000000000000000000e-01 7.50000000000000000000e-01 1.00000000000000000000e+00 
layer_sizes=3 9 4 
scale_included=0
neurons (num_inputs, activation_function, activation_steepness)=(0, 0, 0.00000000000000000000e+00) (0, 0, 0.00000000000000000000e+00) (0, 0, 0.00000000000000000000e+00) (3, 3, 5.00000000000000000000e-01) (3, 3, 5.00000000000000000000e-01) (3, 3, 5.00000000000000000000e-01) (3, 3, 5.00000000000000000000e-01) (3, 3, 5.00000000000000000000e-01) (3, 3, 5.00000000000000000000e-01) (3, 3, 5.00000000000000000000e-01) (3, 3, 5.00000000000000000000e-01) (0, 3, 0.00000000000000000000e+00) (9, 0, 5.00000000000000000000e-01) (9, 0, 5.00000000000000000000e-01) (9, 0, 5.00000000000000000000e-01) (0, 0, 0.00000000000000000000e+00) 
connections (connected_to_neuron, weight)=(0, -7.48619413375854492188e+00) (1, 5.38109302520751953125e+00) (2, 1.85641109943389892578e-01) (0, -6.23242950439453125000e+00) (1, 1.73577499389648437500e+01) (2, 1.38461995124816894531e+00) (0, -4.08221864700317382812e+00) (1, 3.05518239736557006836e-01) (2, -9.09454226493835449219e-01) (0, -7.20100545883178710938e+00) (1, 8.75006866455078125000e+00) (2, 2.92868089675903320312e+00) (0, -6.56483364105224609375e+00) (1, 8.84988689422607421875e+00) (2, 4.46594429016113281250e+00) (0, -1.00735807418823242188e+01) (1, 4.91140556335449218750e+00) (2, -2.00213623046875000000e+00) (0, -6.77818012237548828125e+00) (1, 6.84939146041870117188e+00) (2, 1.04987525939941406250e+00) (0, -9.20795559883117675781e-01) (1, -1.34580397605895996094e+00) (2, 3.98929506540298461914e-01) (3, 6.91946148872375488281e-01) (4, 3.94606053829193115234e-01) (5, 2.83895874023437500000e+00) (6, 7.42667317390441894531e-01) (7, 3.79812568426132202148e-01) (8, 8.83792459964752197266e-01) (9, 1.02765750885009765625e+00) (10, 3.92900300025939941406e+00) (11, 2.99575775861740112305e-01) (3, 2.99683380126953125000e+00) (4, 1.86458361148834228516e+00) (5, 6.06904554367065429688e+00) (6, 2.94720435142517089844e+00) (7, 1.81422209739685058594e+00) (8, 2.39073014259338378906e+00) (9, 2.10740542411804199219e+00) (10, 1.41447229385375976562e+01) (11, 1.62567579746246337891e+00) (3, 1.02298183441162109375e+01) (4, 7.02363014221191406250e+00) (5, 1.85592727661132812500e+01) (6, 6.63148689270019531250e+00) (7, 6.59822368621826171875e+00) (8, 6.84360218048095703125e+00) (9, 6.71358442306518554688e+00) (10, 4.75894660949707031250e+01) (11, 1.11961402893066406250e+01) 
