FANN_FLO_2.1
num_layers=4
learning_rate=0.450000
connection_rate=1.000000
network_type=0
learning_momentum=0.000000
training_algorithm=2
train_error_function=1
train_stop_function=0
cascade_output_change_fraction=0.010000
quickprop_decay=-0.000100
quickprop_mu=1.750000
rprop_increase_factor=1.200000
rprop_decrease_factor=0.500000
rprop_delta_min=0.000000
rprop_delta_max=50.000000
rprop_delta_zero=0.100000
cascade_output_stagnation_epochs=12
cascade_candidate_change_fraction=0.010000
cascade_candidate_stagnation_epochs=12
cascade_max_out_epochs=150
cascade_min_out_epochs=50
cascade_max_cand_epochs=150
cascade_min_cand_epochs=50
cascade_num_candidate_groups=2
bit_fail_limit=3.49999994039535522461e-01
cascade_candidate_limit=1.00000000000000000000e+03
cascade_weight_multiplier=4.00000005960464477539e-01
cascade_activation_functions_count=10
cascade_activation_functions=3 5 7 8 10 11 14 15 16 17 
cascade_activation_steepnesses_count=4
cascade_activation_steepnesses=2.50000000000000000000e-01 5.00000000000000000000e-01 7.50000000000000000000e-01 1.00000000000000000000e+00 
layer_sizes=7 5 5 2 
scale_included=0
neurons (num_inputs, activation_function, activation_steepness)=(0, 0, 0.00000000000000000000e+00) (0, 0, 0.00000000000000000000e+00) (0, 0, 0.00000000000000000000e+00) (0, 0, 0.00000000000000000000e+00) (0, 0, 0.00000000000000000000e+00) (0, 0, 0.00000000000000000000e+00) (0, 0, 0.00000000000000000000e+00) (7, 3, 5.00000000000000000000e-01) (7, 3, 5.00000000000000000000e-01) (7, 3, 5.00000000000000000000e-01) (7, 3, 5.00000000000000000000e-01) (0, 3, 0.00000000000000000000e+00) (5, 3, 5.00000000000000000000e-01) (5, 3, 5.00000000000000000000e-01) (5, 3, 5.00000000000000000000e-01) (5, 3, 5.00000000000000000000e-01) (0, 3, 0.00000000000000000000e+00) (5, 0, 5.00000000000000000000e-01) (0, 0, 0.00000000000000000000e+00) 
connections (connected_to_neuron, weight)=(0, 1.50000000000000000000e+03) (1, 1.50000000000000000000e+03) (2, 1.50000000000000000000e+03) (3, 4.47959333658218383789e-01) (4, 1.50000000000000000000e+03) (5, 1.50000000000000000000e+03) (6, 3.16982597112655639648e-01) (0, 1.50000000000000000000e+03) (1, 1.50000000000000000000e+03) (2, 1.50000000000000000000e+03) (3, 4.36445116996765136719e-01) (4, 1.50000000000000000000e+03) (5, 1.50000000000000000000e+03) (6, 3.84196609258651733398e-01) (0, 1.50000000000000000000e+03) (1, 1.50000000000000000000e+03) (2, 1.50000000000000000000e+03) (3, 3.46993863582611083984e-01) (4, 1.50000000000000000000e+03) (5, 1.50000000000000000000e+03) (6, 4.23515737056732177734e-01) (0, 1.50000000000000000000e+03) (1, 1.50000000000000000000e+03) (2, 1.50000000000000000000e+03) (3, 3.89717727899551391602e-01) (4, 1.50000000000000000000e+03) (5, 1.50000000000000000000e+03) (6, 4.31869208812713623047e-01) (7, -4.77839142084121704102e-01) (8, -3.98302257061004638672e-01) (9, -3.58208179473876953125e-01) (10, -4.71166908740997314453e-01) (11, -4.35103118419647216797e-01) (7, -3.95235717296600341797e-01) (8, -2.98748672008514404297e-01) (9, -4.52303230762481689453e-01) (10, -3.36978256702423095703e-01) (11, -4.54996407032012939453e-01) (7, -8.80432188510894775391e-01) (8, -8.85431230068206787109e-01) (9, -9.81418907642364501953e-01) (10, -9.19528067111968994141e-01) (11, -9.21118795871734619141e-01) (7, 3.60141485929489135742e-01) (8, 4.35982376337051391602e-01) (9, 3.76525521278381347656e-01) (10, 4.15461927652359008789e-01) (11, 3.09976905584335327148e-01) (12, 9.93895381689071655273e-02) (13, 7.11221769452095031738e-02) (14, 5.95328584313392639160e-02) (15, -6.44652843475341796875e-02) (16, 7.69091695547103881836e-02) 
