FANN_FLO_2.1
num_layers=3
learning_rate=0.500000
connection_rate=1.000000
network_type=0
learning_momentum=0.000000
training_algorithm=2
train_error_function=1
train_stop_function=0
cascade_output_change_fraction=0.010000
quickprop_decay=-0.000100
quickprop_mu=1.750000
rprop_increase_factor=1.200000
rprop_decrease_factor=0.500000
rprop_delta_min=0.000000
rprop_delta_max=50.000000
rprop_delta_zero=0.100000
cascade_output_stagnation_epochs=12
cascade_candidate_change_fraction=0.010000
cascade_candidate_stagnation_epochs=12
cascade_max_out_epochs=150
cascade_min_out_epochs=50
cascade_max_cand_epochs=150
cascade_min_cand_epochs=50
cascade_num_candidate_groups=2
bit_fail_limit=3.49999994039535522461e-01
cascade_candidate_limit=1.00000000000000000000e+03
cascade_weight_multiplier=4.00000005960464477539e-01
cascade_activation_functions_count=10
cascade_activation_functions=3 5 7 8 10 11 14 15 16 17 
cascade_activation_steepnesses_count=4
cascade_activation_steepnesses=2.50000000000000000000e-01 5.00000000000000000000e-01 7.50000000000000000000e-01 1.00000000000000000000e+00 
layer_sizes=10 3 2 
scale_included=0
neurons (num_inputs, activation_function, activation_steepness)=(0, 0, 0.00000000000000000000e+00) (0, 0, 0.00000000000000000000e+00) (0, 0, 0.00000000000000000000e+00) (0, 0, 0.00000000000000000000e+00) (0, 0, 0.00000000000000000000e+00) (0, 0, 0.00000000000000000000e+00) (0, 0, 0.00000000000000000000e+00) (0, 0, 0.00000000000000000000e+00) (0, 0, 0.00000000000000000000e+00) (0, 0, 0.00000000000000000000e+00) (10, 3, 5.00000000000000000000e-01) (10, 3, 5.00000000000000000000e-01) (0, 3, 0.00000000000000000000e+00) (3, 3, 5.00000000000000000000e-01) (0, 3, 0.00000000000000000000e+00) 
connections (connected_to_neuron, weight)=(0, -7.21087694168090820312e-01) (1, -6.43432557582855224609e-01) (2, -6.87276542186737060547e-01) (3, -6.10126376152038574219e-01) (4, -4.62822914123535156250e-01) (5, -6.93276405334472656250e-01) (6, -6.76620066165924072266e-01) (7, -6.98558449745178222656e-01) (8, -8.08029174804687500000e-01) (9, 3.27602458000183105469e+00) (0, -6.54370903968811035156e-01) (1, -8.84013533592224121094e-01) (2, -8.25159490108489990234e-01) (3, -1.00625681877136230469e+00) (4, -1.43013739585876464844e+00) (5, -7.53146529197692871094e-01) (6, -7.66302227973937988281e-01) (7, -8.09243798255920410156e-01) (8, -3.88695359230041503906e-01) (9, 1.27609217166900634766e+00) (10, -2.20502829551696777344e+00) (11, -1.68258726596832275391e+00) (12, 1.39225709438323974609e+00) 
