FANN_FLO_2.1
num_layers=3
learning_rate=0.400000
connection_rate=1.000000
network_type=0
learning_momentum=0.000000
training_algorithm=2
train_error_function=1
train_stop_function=0
cascade_output_change_fraction=0.010000
quickprop_decay=-0.000100
quickprop_mu=1.750000
rprop_increase_factor=1.200000
rprop_decrease_factor=0.500000
rprop_delta_min=0.000000
rprop_delta_max=50.000000
rprop_delta_zero=0.100000
cascade_output_stagnation_epochs=12
cascade_candidate_change_fraction=0.010000
cascade_candidate_stagnation_epochs=12
cascade_max_out_epochs=150
cascade_min_out_epochs=50
cascade_max_cand_epochs=150
cascade_min_cand_epochs=50
cascade_num_candidate_groups=2
bit_fail_limit=3.49999994039535522461e-01
cascade_candidate_limit=1.00000000000000000000e+03
cascade_weight_multiplier=4.00000005960464477539e-01
cascade_activation_functions_count=10
cascade_activation_functions=3 5 7 8 10 11 14 15 16 17 
cascade_activation_steepnesses_count=4
cascade_activation_steepnesses=2.50000000000000000000e-01 5.00000000000000000000e-01 7.50000000000000000000e-01 1.00000000000000000000e+00 
layer_sizes=10 3 2 
scale_included=0
neurons (num_inputs, activation_function, activation_steepness)=(0, 0, 0.00000000000000000000e+00) (0, 0, 0.00000000000000000000e+00) (0, 0, 0.00000000000000000000e+00) (0, 0, 0.00000000000000000000e+00) (0, 0, 0.00000000000000000000e+00) (0, 0, 0.00000000000000000000e+00) (0, 0, 0.00000000000000000000e+00) (0, 0, 0.00000000000000000000e+00) (0, 0, 0.00000000000000000000e+00) (0, 0, 0.00000000000000000000e+00) (10, 3, 5.00000000000000000000e-01) (10, 3, 5.00000000000000000000e-01) (0, 3, 0.00000000000000000000e+00) (3, 3, 5.00000000000000000000e-01) (0, 3, 0.00000000000000000000e+00) 
connections (connected_to_neuron, weight)=(0, 1.26543104648590087891e-01) (1, 4.11325991153717041016e-02) (2, 1.17371626198291778564e-01) (3, 1.42193138599395751953e-01) (4, 6.00739456713199615479e-02) (5, 7.37289935350418090820e-02) (6, 1.75143331289291381836e-01) (7, 1.74654543399810791016e-01) (8, 5.65821081399917602539e-02) (9, 7.76723623275756835938e-02) (0, 2.17324644327163696289e-01) (1, 5.48915788531303405762e-02) (2, 7.04831779003143310547e-02) (3, 6.02513104677200317383e-02) (4, 1.15147888660430908203e-01) (5, 1.81482791900634765625e-01) (6, 9.49739590287208557129e-02) (7, 2.18051195144653320312e-01) (8, 6.93177282810211181641e-02) (9, 1.68929010629653930664e-01) (10, -2.09879770874977111816e-01) (11, -1.65652498602867126465e-01) (12, -1.95581108331680297852e-01) 
