FANN_FLO_2.1
num_layers=3
learning_rate=0.500000
connection_rate=1.000000
network_type=0
learning_momentum=0.000000
training_algorithm=2
train_error_function=1
train_stop_function=0
cascade_output_change_fraction=0.010000
quickprop_decay=-0.000100
quickprop_mu=1.750000
rprop_increase_factor=1.200000
rprop_decrease_factor=0.500000
rprop_delta_min=0.000000
rprop_delta_max=50.000000
rprop_delta_zero=0.100000
cascade_output_stagnation_epochs=12
cascade_candidate_change_fraction=0.010000
cascade_candidate_stagnation_epochs=12
cascade_max_out_epochs=150
cascade_min_out_epochs=50
cascade_max_cand_epochs=150
cascade_min_cand_epochs=50
cascade_num_candidate_groups=2
bit_fail_limit=3.49999994039535522461e-01
cascade_candidate_limit=1.00000000000000000000e+03
cascade_weight_multiplier=4.00000005960464477539e-01
cascade_activation_functions_count=10
cascade_activation_functions=3 5 7 8 10 11 14 15 16 17 
cascade_activation_steepnesses_count=4
cascade_activation_steepnesses=2.50000000000000000000e-01 5.00000000000000000000e-01 7.50000000000000000000e-01 1.00000000000000000000e+00 
layer_sizes=10 5 2 
scale_included=0
neurons (num_inputs, activation_function, activation_steepness)=(0, 0, 0.00000000000000000000e+00) (0, 0, 0.00000000000000000000e+00) (0, 0, 0.00000000000000000000e+00) (0, 0, 0.00000000000000000000e+00) (0, 0, 0.00000000000000000000e+00) (0, 0, 0.00000000000000000000e+00) (0, 0, 0.00000000000000000000e+00) (0, 0, 0.00000000000000000000e+00) (0, 0, 0.00000000000000000000e+00) (0, 0, 0.00000000000000000000e+00) (10, 3, 5.00000000000000000000e-01) (10, 3, 5.00000000000000000000e-01) (10, 3, 5.00000000000000000000e-01) (10, 3, 5.00000000000000000000e-01) (0, 3, 0.00000000000000000000e+00) (5, 3, 5.00000000000000000000e-01) (0, 3, 0.00000000000000000000e+00) 
connections (connected_to_neuron, weight)=(0, -4.47073131799697875977e-01) (1, -6.61500871181488037109e-01) (2, -3.43021780252456665039e-01) (3, -7.06411957740783691406e-01) (4, -7.83398468047380447388e-03) (5, -1.09349596500396728516e+00) (6, 2.21318993717432022095e-02) (7, -8.20821344852447509766e-01) (8, -6.73727273941040039062e-01) (9, 1.97795462608337402344e+00) (0, -1.63587182760238647461e-01) (1, -3.85640591382980346680e-01) (2, -5.61456605792045593262e-02) (3, -7.07954689860343933105e-02) (4, -2.10687541961669921875e+00) (5, 2.92279243469238281250e-01) (6, -8.09499397873878479004e-02) (7, -4.83911931514739990234e-01) (8, -5.35969793796539306641e-01) (9, 9.10328209400177001953e-01) (0, 1.76107138395309448242e-01) (1, 1.50925055146217346191e-01) (2, -3.25438946485519409180e-01) (3, 5.39112210273742675781e-01) (4, -2.40844988822937011719e+00) (5, -2.11224019527435302734e-01) (6, 3.07256653904914855957e-02) (7, -1.34357440471649169922e+00) (8, -1.21352419257164001465e-01) (9, 9.21452045440673828125e-01) (0, -7.74978160858154296875e-01) (1, -5.40168225765228271484e-01) (2, -7.95293211936950683594e-01) (3, -6.59061908721923828125e-01) (4, -6.06004297733306884766e-02) (5, -1.63471363484859466553e-02) (6, -1.34832632541656494141e+00) (7, 4.50433604419231414795e-02) (8, -2.79356628656387329102e-01) (9, 1.33391284942626953125e+00) (10, -1.83786404132843017578e+00) (11, -4.36487048864364624023e-01) (12, -4.03943836688995361328e-01) (13, -1.55779004096984863281e+00) (14, 1.46655571460723876953e+00) 
