FANN_FLO_2.1
num_layers=3
learning_rate=0.300000
connection_rate=1.000000
network_type=0
learning_momentum=0.000000
training_algorithm=2
train_error_function=1
train_stop_function=0
cascade_output_change_fraction=0.010000
quickprop_decay=-0.000100
quickprop_mu=1.750000
rprop_increase_factor=1.200000
rprop_decrease_factor=0.500000
rprop_delta_min=0.000000
rprop_delta_max=50.000000
rprop_delta_zero=0.100000
cascade_output_stagnation_epochs=12
cascade_candidate_change_fraction=0.010000
cascade_candidate_stagnation_epochs=12
cascade_max_out_epochs=150
cascade_min_out_epochs=50
cascade_max_cand_epochs=150
cascade_min_cand_epochs=50
cascade_num_candidate_groups=2
bit_fail_limit=3.49999994039535522461e-01
cascade_candidate_limit=1.00000000000000000000e+03
cascade_weight_multiplier=4.00000005960464477539e-01
cascade_activation_functions_count=10
cascade_activation_functions=3 5 7 8 10 11 14 15 16 17 
cascade_activation_steepnesses_count=4
cascade_activation_steepnesses=2.50000000000000000000e-01 5.00000000000000000000e-01 7.50000000000000000000e-01 1.00000000000000000000e+00 
layer_sizes=4 9 2 
scale_included=0
neurons (num_inputs, activation_function, activation_steepness)=(0, 0, 0.00000000000000000000e+00) (0, 0, 0.00000000000000000000e+00) (0, 0, 0.00000000000000000000e+00) (0, 0, 0.00000000000000000000e+00) (4, 3, 5.00000000000000000000e-01) (4, 3, 5.00000000000000000000e-01) (4, 3, 5.00000000000000000000e-01) (4, 3, 5.00000000000000000000e-01) (4, 3, 5.00000000000000000000e-01) (4, 3, 5.00000000000000000000e-01) (4, 3, 5.00000000000000000000e-01) (4, 3, 5.00000000000000000000e-01) (0, 3, 0.00000000000000000000e+00) (9, 3, 5.00000000000000000000e-01) (0, 3, 0.00000000000000000000e+00) 
connections (connected_to_neuron, weight)=(0, -2.42221772670745849609e-01) (1, 9.28543231566436588764e-05) (2, 1.32384800910949707031e+00) (3, -4.57366436719894409180e-01) (0, -2.19843769073486328125e+01) (1, 3.58005613088607788086e-01) (2, 9.47206306457519531250e+00) (3, 1.22319318354129791260e-01) (0, -1.13590806722640991211e-01) (1, 1.50273991748690605164e-02) (2, -1.25774756073951721191e-01) (3, 7.51115560531616210938e-01) (0, -1.19283866882324218750e+01) (1, 6.38425588607788085938e-01) (2, -1.67245388031005859375e+01) (3, 8.00951644778251647949e-02) (0, -1.23116351664066314697e-01) (1, 4.06117327511310577393e-02) (2, -2.63622611761093139648e-01) (3, 2.70545983314514160156e+00) (0, -8.95291519165039062500e+00) (1, -7.95971393585205078125e-01) (2, -6.38940691947937011719e-01) (3, 4.20437216758728027344e-01) (0, 1.47178733348846435547e+00) (1, -5.39505660533905029297e-01) (2, -1.67034721374511718750e+00) (3, -1.26709967851638793945e-01) (0, -2.48334712982177734375e+01) (1, 9.95089635252952575684e-02) (2, 1.27126846313476562500e+01) (3, 4.38478738069534301758e-01) (4, 9.72631871700286865234e-01) (5, -2.38927316665649414062e+00) (6, -7.72859334945678710938e+00) (7, -1.25000000000000000000e+03) (8, -2.44103932380676269531e+00) (9, -1.50000000000000000000e+03) (10, 4.01579797267913818359e-01) (11, 7.91475951671600341797e-01) (12, 3.01492094993591308594e-01) 
