FANN_FLO_2.1
num_layers=4
learning_rate=0.300000
connection_rate=1.000000
network_type=0
learning_momentum=0.000000
training_algorithm=2
train_error_function=1
train_stop_function=0
cascade_output_change_fraction=0.010000
quickprop_decay=-0.000100
quickprop_mu=1.750000
rprop_increase_factor=1.200000
rprop_decrease_factor=0.500000
rprop_delta_min=0.000000
rprop_delta_max=50.000000
rprop_delta_zero=0.100000
cascade_output_stagnation_epochs=12
cascade_candidate_change_fraction=0.010000
cascade_candidate_stagnation_epochs=12
cascade_max_out_epochs=150
cascade_min_out_epochs=50
cascade_max_cand_epochs=150
cascade_min_cand_epochs=50
cascade_num_candidate_groups=2
bit_fail_limit=3.49999994039535522461e-01
cascade_candidate_limit=1.00000000000000000000e+03
cascade_weight_multiplier=4.00000005960464477539e-01
cascade_activation_functions_count=10
cascade_activation_functions=3 5 7 8 10 11 14 15 16 17 
cascade_activation_steepnesses_count=4
cascade_activation_steepnesses=2.50000000000000000000e-01 5.00000000000000000000e-01 7.50000000000000000000e-01 1.00000000000000000000e+00 
layer_sizes=2 5 5 3 
scale_included=0
neurons (num_inputs, activation_function, activation_steepness)=(0, 0, 0.00000000000000000000e+00) (0, 0, 0.00000000000000000000e+00) (2, 3, 5.00000000000000000000e-01) (2, 3, 5.00000000000000000000e-01) (2, 3, 5.00000000000000000000e-01) (2, 3, 5.00000000000000000000e-01) (0, 3, 0.00000000000000000000e+00) (5, 3, 5.00000000000000000000e-01) (5, 3, 5.00000000000000000000e-01) (5, 3, 5.00000000000000000000e-01) (5, 3, 5.00000000000000000000e-01) (0, 3, 0.00000000000000000000e+00) (5, 0, 5.00000000000000000000e-01) (5, 0, 5.00000000000000000000e-01) (0, 0, 0.00000000000000000000e+00) 
connections (connected_to_neuron, weight)=(0, -1.50000000000000000000e+03) (1, -3.61778602600097656250e+01) (0, -1.50000000000000000000e+03) (1, -1.44393515586853027344e+00) (0, -1.50000000000000000000e+03) (1, -3.62081146240234375000e+01) (0, -1.50000000000000000000e+03) (1, -3.63415260314941406250e+01) (2, 5.31747698783874511719e-01) (3, 2.71336269378662109375e+00) (4, 3.69165301322937011719e-01) (5, 5.48630237579345703125e-01) (6, 3.45577508211135864258e-01) (2, 5.45125424861907958984e-01) (3, 2.59306573867797851562e+00) (4, 6.14195108413696289062e-01) (5, 4.14527475833892822266e-01) (6, -1.90316736698150634766e-01) (2, 8.20558786392211914062e-01) (3, 1.16684055328369140625e+00) (4, 7.71726131439208984375e-01) (5, 1.07030987739562988281e+00) (6, -2.30653357505798339844e+00) (2, 6.50955080986022949219e-01) (3, 9.14722502231597900391e-01) (4, 6.51819050312042236328e-01) (5, 6.91210508346557617188e-01) (6, -1.12239861488342285156e+00) (7, -2.70240437239408493042e-02) (8, -6.57893195748329162598e-02) (9, 1.75351828336715698242e-01) (10, 6.37939199805259704590e-02) (11, -1.07842922210693359375e-01) (7, -5.20890176296234130859e-01) (8, -4.87088561058044433594e-01) (9, -4.54521924257278442383e-01) (10, -5.15494585037231445312e-01) (11, -4.25686180591583251953e-01) 
