FANN_FLO_2.1
num_layers=3
learning_rate=0.400000
connection_rate=1.000000
network_type=0
learning_momentum=0.000000
training_algorithm=2
train_error_function=1
train_stop_function=0
cascade_output_change_fraction=0.010000
quickprop_decay=-0.000100
quickprop_mu=1.750000
rprop_increase_factor=1.200000
rprop_decrease_factor=0.500000
rprop_delta_min=0.000000
rprop_delta_max=50.000000
rprop_delta_zero=0.100000
cascade_output_stagnation_epochs=12
cascade_candidate_change_fraction=0.010000
cascade_candidate_stagnation_epochs=12
cascade_max_out_epochs=150
cascade_min_out_epochs=50
cascade_max_cand_epochs=150
cascade_min_cand_epochs=50
cascade_num_candidate_groups=2
bit_fail_limit=3.49999994039535522461e-01
cascade_candidate_limit=1.00000000000000000000e+03
cascade_weight_multiplier=4.00000005960464477539e-01
cascade_activation_functions_count=10
cascade_activation_functions=3 5 7 8 10 11 14 15 16 17 
cascade_activation_steepnesses_count=4
cascade_activation_steepnesses=2.50000000000000000000e-01 5.00000000000000000000e-01 7.50000000000000000000e-01 1.00000000000000000000e+00 
layer_sizes=10 3 2 
scale_included=0
neurons (num_inputs, activation_function, activation_steepness)=(0, 0, 0.00000000000000000000e+00) (0, 0, 0.00000000000000000000e+00) (0, 0, 0.00000000000000000000e+00) (0, 0, 0.00000000000000000000e+00) (0, 0, 0.00000000000000000000e+00) (0, 0, 0.00000000000000000000e+00) (0, 0, 0.00000000000000000000e+00) (0, 0, 0.00000000000000000000e+00) (0, 0, 0.00000000000000000000e+00) (0, 0, 0.00000000000000000000e+00) (10, 3, 5.00000000000000000000e-01) (10, 3, 5.00000000000000000000e-01) (0, 3, 0.00000000000000000000e+00) (3, 3, 5.00000000000000000000e-01) (0, 3, 0.00000000000000000000e+00) 
connections (connected_to_neuron, weight)=(0, -1.56735464930534362793e-01) (1, -1.94910869002342224121e-01) (2, -1.22242674231529235840e-01) (3, -1.23164579272270202637e-01) (4, -2.13788002729415893555e-01) (5, -1.90921261906623840332e-01) (6, -7.10793063044548034668e-02) (7, -6.40513822436332702637e-02) (8, -1.22558146715164184570e-01) (9, -5.22001907229423522949e-02) (0, -8.72012302279472351074e-02) (1, -1.23344548046588897705e-01) (2, -1.39192506670951843262e-01) (3, -1.90868034958839416504e-01) (4, -1.60793185234069824219e-01) (5, -1.75981432199478149414e-01) (6, -2.01423406600952148438e-01) (7, -1.97781339287757873535e-01) (8, -1.45668432116508483887e-01) (9, -4.56896945834159851074e-02) (10, -3.00211086869239807129e-02) (11, -1.19427941739559173584e-01) (12, -2.04474970698356628418e-01) 
