FANN_FLO_2.1
num_layers=3
learning_rate=0.500000
connection_rate=1.000000
network_type=0
learning_momentum=0.000000
training_algorithm=2
train_error_function=1
train_stop_function=0
cascade_output_change_fraction=0.010000
quickprop_decay=-0.000100
quickprop_mu=1.750000
rprop_increase_factor=1.200000
rprop_decrease_factor=0.500000
rprop_delta_min=0.000000
rprop_delta_max=50.000000
rprop_delta_zero=0.100000
cascade_output_stagnation_epochs=12
cascade_candidate_change_fraction=0.010000
cascade_candidate_stagnation_epochs=12
cascade_max_out_epochs=150
cascade_min_out_epochs=50
cascade_max_cand_epochs=150
cascade_min_cand_epochs=50
cascade_num_candidate_groups=2
bit_fail_limit=3.49999994039535522461e-01
cascade_candidate_limit=1.00000000000000000000e+03
cascade_weight_multiplier=4.00000005960464477539e-01
cascade_activation_functions_count=10
cascade_activation_functions=3 5 7 8 10 11 14 15 16 17 
cascade_activation_steepnesses_count=4
cascade_activation_steepnesses=2.50000000000000000000e-01 5.00000000000000000000e-01 7.50000000000000000000e-01 1.00000000000000000000e+00 
layer_sizes=7 5 2 
scale_included=0
neurons (num_inputs, activation_function, activation_steepness)=(0, 0, 0.00000000000000000000e+00) (0, 0, 0.00000000000000000000e+00) (0, 0, 0.00000000000000000000e+00) (0, 0, 0.00000000000000000000e+00) (0, 0, 0.00000000000000000000e+00) (0, 0, 0.00000000000000000000e+00) (0, 0, 0.00000000000000000000e+00) (7, 3, 5.00000000000000000000e-01) (7, 3, 5.00000000000000000000e-01) (7, 3, 5.00000000000000000000e-01) (7, 3, 5.00000000000000000000e-01) (0, 3, 0.00000000000000000000e+00) (5, 0, 5.00000000000000000000e-01) (0, 0, 0.00000000000000000000e+00) 
connections (connected_to_neuron, weight)=(0, -9.57446765899658203125e+00) (1, -7.29357779026031494141e-01) (2, -5.92021644115447998047e-01) (3, -1.43392229080200195312e+00) (4, -1.59880411624908447266e+00) (5, -5.60627758502960205078e-01) (6, -1.46493387222290039062e+00) (0, -2.18801002502441406250e+01) (1, -6.02939248085021972656e-01) (2, -4.49771076440811157227e-01) (3, -4.35715645551681518555e-01) (4, -5.13030052185058593750e-01) (5, -6.04908823966979980469e-01) (6, -2.68755018711090087891e-01) (0, 4.56118322908878326416e-02) (1, -5.14956377446651458740e-02) (2, -4.58252616226673126221e-03) (3, -1.51084479875862598419e-03) (4, 4.04937200073618441820e-05) (5, -8.56781471520662307739e-03) (6, -1.50952279567718505859e-01) (0, 8.15791413187980651855e-02) (1, -4.02644544839859008789e-01) (2, -6.11686855554580688477e-02) (3, -2.57513016462326049805e-01) (4, -2.90267914533615112305e-01) (5, -9.46834981441497802734e-02) (6, -1.85768640041351318359e+00) (7, -1.50000000000000000000e+03) (8, -1.50000000000000000000e+03) (9, 1.23724505305290222168e-01) (10, 1.16023451089859008789e-01) (11, -4.34382893145084381104e-02) 
