FANN_FLO_2.1
num_layers=3
learning_rate=0.500000
connection_rate=1.000000
network_type=0
learning_momentum=0.000000
training_algorithm=2
train_error_function=1
train_stop_function=0
cascade_output_change_fraction=0.010000
quickprop_decay=-0.000100
quickprop_mu=1.750000
rprop_increase_factor=1.200000
rprop_decrease_factor=0.500000
rprop_delta_min=0.000000
rprop_delta_max=50.000000
rprop_delta_zero=0.100000
cascade_output_stagnation_epochs=12
cascade_candidate_change_fraction=0.010000
cascade_candidate_stagnation_epochs=12
cascade_max_out_epochs=150
cascade_min_out_epochs=50
cascade_max_cand_epochs=150
cascade_min_cand_epochs=50
cascade_num_candidate_groups=2
bit_fail_limit=3.49999994039535522461e-01
cascade_candidate_limit=1.00000000000000000000e+03
cascade_weight_multiplier=4.00000005960464477539e-01
cascade_activation_functions_count=10
cascade_activation_functions=3 5 7 8 10 11 14 15 16 17 
cascade_activation_steepnesses_count=4
cascade_activation_steepnesses=2.50000000000000000000e-01 5.00000000000000000000e-01 7.50000000000000000000e-01 1.00000000000000000000e+00 
layer_sizes=3 9 4 
scale_included=0
neurons (num_inputs, activation_function, activation_steepness)=(0, 0, 0.00000000000000000000e+00) (0, 0, 0.00000000000000000000e+00) (0, 0, 0.00000000000000000000e+00) (3, 3, 5.00000000000000000000e-01) (3, 3, 5.00000000000000000000e-01) (3, 3, 5.00000000000000000000e-01) (3, 3, 5.00000000000000000000e-01) (3, 3, 5.00000000000000000000e-01) (3, 3, 5.00000000000000000000e-01) (3, 3, 5.00000000000000000000e-01) (3, 3, 5.00000000000000000000e-01) (0, 3, 0.00000000000000000000e+00) (9, 0, 5.00000000000000000000e-01) (9, 0, 5.00000000000000000000e-01) (9, 0, 5.00000000000000000000e-01) (0, 0, 0.00000000000000000000e+00) 
connections (connected_to_neuron, weight)=(0, -7.15971612930297851562e+00) (1, 7.03119754791259765625e+00) (2, 5.80231332778930664062e+00) (0, -7.21399497985839843750e+00) (1, 5.91946303844451904297e-01) (2, 2.17479214072227478027e-01) (0, -8.52538204193115234375e+00) (1, 3.81941270828247070312e+00) (2, 4.03639554977416992188e+00) (0, -1.55643832683563232422e+00) (1, -2.68895983695983886719e+00) (2, 2.98011571168899536133e-01) (0, -7.51310014724731445312e+00) (1, 7.65839910507202148438e+00) (2, 1.11261720657348632812e+01) (0, -8.87761497497558593750e+00) (1, 2.70073843002319335938e+00) (2, 1.69760096073150634766e+00) (0, -4.32869911193847656250e+00) (1, -1.85046792030334472656e+00) (2, 2.85421818494796752930e-01) (0, -7.64356088638305664062e+00) (1, 4.76783800125122070312e+00) (2, 4.89778947830200195312e+00) (3, 1.21032011508941650391e+00) (4, 1.55946266651153564453e+00) (5, 8.81155073642730712891e-01) (6, 2.34434056282043457031e+00) (7, 5.71683347225189208984e-01) (8, 9.26385402679443359375e-01) (9, 2.40101456642150878906e+00) (10, 4.81267750263214111328e-01) (11, 5.41829884052276611328e-01) (3, 4.22522163391113281250e+00) (4, 3.79324340820312500000e+00) (5, 2.53450965881347656250e+00) (6, 8.20426654815673828125e+00) (7, 2.49042892456054687500e+00) (8, 2.79202246665954589844e+00) (9, 5.76404094696044921875e+00) (10, 2.43015265464782714844e+00) (11, 2.24411320686340332031e+00) (3, 1.21147422790527343750e+01) (4, 1.18521566390991210938e+01) (5, 8.14248847961425781250e+00) (6, 2.77360763549804687500e+01) (7, 1.10149660110473632812e+01) (8, 8.67155361175537109375e+00) (9, 1.79881420135498046875e+01) (10, 7.97950792312622070312e+00) (11, 1.09341983795166015625e+01) 
