FANN_FLO_2.1
num_layers=3
learning_rate=0.500000
connection_rate=1.000000
network_type=0
learning_momentum=0.000000
training_algorithm=2
train_error_function=1
train_stop_function=0
cascade_output_change_fraction=0.010000
quickprop_decay=-0.000100
quickprop_mu=1.750000
rprop_increase_factor=1.200000
rprop_decrease_factor=0.500000
rprop_delta_min=0.000000
rprop_delta_max=50.000000
rprop_delta_zero=0.100000
cascade_output_stagnation_epochs=12
cascade_candidate_change_fraction=0.010000
cascade_candidate_stagnation_epochs=12
cascade_max_out_epochs=150
cascade_min_out_epochs=50
cascade_max_cand_epochs=150
cascade_min_cand_epochs=50
cascade_num_candidate_groups=2
bit_fail_limit=3.49999994039535522461e-01
cascade_candidate_limit=1.00000000000000000000e+03
cascade_weight_multiplier=4.00000005960464477539e-01
cascade_activation_functions_count=10
cascade_activation_functions=3 5 7 8 10 11 14 15 16 17 
cascade_activation_steepnesses_count=4
cascade_activation_steepnesses=2.50000000000000000000e-01 5.00000000000000000000e-01 7.50000000000000000000e-01 1.00000000000000000000e+00 
layer_sizes=7 5 2 
scale_included=0
neurons (num_inputs, activation_function, activation_steepness)=(0, 0, 0.00000000000000000000e+00) (0, 0, 0.00000000000000000000e+00) (0, 0, 0.00000000000000000000e+00) (0, 0, 0.00000000000000000000e+00) (0, 0, 0.00000000000000000000e+00) (0, 0, 0.00000000000000000000e+00) (0, 0, 0.00000000000000000000e+00) (7, 3, 5.00000000000000000000e-01) (7, 3, 5.00000000000000000000e-01) (7, 3, 5.00000000000000000000e-01) (7, 3, 5.00000000000000000000e-01) (0, 3, 0.00000000000000000000e+00) (5, 0, 5.00000000000000000000e-01) (0, 0, 0.00000000000000000000e+00) 
connections (connected_to_neuron, weight)=(0, 2.85514068603515625000e+01) (1, -1.50000000000000000000e+03) (2, 3.49562194824218750000e+02) (3, 1.21701309204101562500e+02) (4, -1.01434320068359375000e+03) (5, 4.88003051757812500000e+02) (6, -2.34176382422447204590e-01) (0, 2.84541358947753906250e+01) (1, -1.50000000000000000000e+03) (2, 3.49566528320312500000e+02) (3, 1.21660125732421875000e+02) (4, -1.01434906005859375000e+03) (5, 4.87935302734375000000e+02) (6, -2.26732715964317321777e-01) (0, 2.96232013702392578125e+01) (1, -1.49823742675781250000e+03) (2, 3.59458160400390625000e+02) (3, 1.74318557739257812500e+02) (4, -1.49518139648437500000e+03) (5, 5.45250610351562500000e+02) (6, -8.15518319606781005859e-01) (0, 3.40611610412597656250e+01) (1, -8.57105957031250000000e+02) (2, 4.18634109497070312500e+01) (3, 8.03173141479492187500e+01) (4, -4.00797424316406250000e+02) (5, -3.06610279083251953125e+01) (6, -7.74507343769073486328e-01) (7, 1.50000000000000000000e+03) (8, 1.50000000000000000000e+03) (9, 9.52368304133415222168e-02) (10, 1.28341686725616455078e+00) (11, 1.65338125079870223999e-02) 
