FANN_FLO_2.1
num_layers=4
learning_rate=0.500000
connection_rate=1.000000
network_type=0
learning_momentum=0.000000
training_algorithm=2
train_error_function=1
train_stop_function=0
cascade_output_change_fraction=0.010000
quickprop_decay=-0.000100
quickprop_mu=1.750000
rprop_increase_factor=1.200000
rprop_decrease_factor=0.500000
rprop_delta_min=0.000000
rprop_delta_max=50.000000
rprop_delta_zero=0.100000
cascade_output_stagnation_epochs=12
cascade_candidate_change_fraction=0.010000
cascade_candidate_stagnation_epochs=12
cascade_max_out_epochs=150
cascade_min_out_epochs=50
cascade_max_cand_epochs=150
cascade_min_cand_epochs=50
cascade_num_candidate_groups=2
bit_fail_limit=3.49999994039535522461e-01
cascade_candidate_limit=1.00000000000000000000e+03
cascade_weight_multiplier=4.00000005960464477539e-01
cascade_activation_functions_count=10
cascade_activation_functions=3 5 7 8 10 11 14 15 16 17 
cascade_activation_steepnesses_count=4
cascade_activation_steepnesses=2.50000000000000000000e-01 5.00000000000000000000e-01 7.50000000000000000000e-01 1.00000000000000000000e+00 
layer_sizes=4 5 3 2 
scale_included=0
neurons (num_inputs, activation_function, activation_steepness)=(0, 0, 0.00000000000000000000e+00) (0, 0, 0.00000000000000000000e+00) (0, 0, 0.00000000000000000000e+00) (0, 0, 0.00000000000000000000e+00) (4, 3, 5.00000000000000000000e-01) (4, 3, 5.00000000000000000000e-01) (4, 3, 5.00000000000000000000e-01) (4, 3, 5.00000000000000000000e-01) (0, 3, 0.00000000000000000000e+00) (5, 3, 5.00000000000000000000e-01) (5, 3, 5.00000000000000000000e-01) (0, 3, 0.00000000000000000000e+00) (3, 3, 5.00000000000000000000e-01) (0, 3, 0.00000000000000000000e+00) 
connections (connected_to_neuron, weight)=(0, -6.31285667419433593750e+00) (1, -3.50330805778503417969e+00) (2, 1.50567531585693359375e+00) (3, 3.66588377952575683594e+00) (0, -6.35940170288085937500e+00) (1, -3.41153430938720703125e+00) (2, 1.49096953868865966797e+00) (3, 3.69707775115966796875e+00) (0, -5.68898296356201171875e+00) (1, -5.41003370285034179688e+00) (2, 1.66302517056465148926e-01) (3, 4.84750032424926757812e+00) (0, -4.46652984619140625000e+00) (1, -8.16402149200439453125e+00) (2, -2.29073464870452880859e-01) (3, 3.78950881958007812500e+00) (4, 1.58120403289794921875e+01) (5, 1.59347724914550781250e+01) (6, 1.53903198242187500000e+01) (7, 1.48879261016845703125e+01) (8, -1.53308382034301757812e+01) (4, 1.58685512542724609375e+01) (5, 1.59336128234863281250e+01) (6, 1.52185182571411132812e+01) (7, 1.49802722930908203125e+01) (8, -1.53263750076293945312e+01) (9, -1.86034393310546875000e+00) (10, -2.36760163307189941406e+00) (11, 2.00921869277954101562e+00) 
