FANN_FLO_2.1
num_layers=3
learning_rate=0.500000
connection_rate=1.000000
network_type=0
learning_momentum=0.000000
training_algorithm=2
train_error_function=1
train_stop_function=0
cascade_output_change_fraction=0.010000
quickprop_decay=-0.000100
quickprop_mu=1.750000
rprop_increase_factor=1.200000
rprop_decrease_factor=0.500000
rprop_delta_min=0.000000
rprop_delta_max=50.000000
rprop_delta_zero=0.100000
cascade_output_stagnation_epochs=12
cascade_candidate_change_fraction=0.010000
cascade_candidate_stagnation_epochs=12
cascade_max_out_epochs=150
cascade_min_out_epochs=50
cascade_max_cand_epochs=150
cascade_min_cand_epochs=50
cascade_num_candidate_groups=2
bit_fail_limit=3.49999994039535522461e-01
cascade_candidate_limit=1.00000000000000000000e+03
cascade_weight_multiplier=4.00000005960464477539e-01
cascade_activation_functions_count=10
cascade_activation_functions=3 5 7 8 10 11 14 15 16 17 
cascade_activation_steepnesses_count=4
cascade_activation_steepnesses=2.50000000000000000000e-01 5.00000000000000000000e-01 7.50000000000000000000e-01 1.00000000000000000000e+00 
layer_sizes=3 5 4 
scale_included=0
neurons (num_inputs, activation_function, activation_steepness)=(0, 0, 0.00000000000000000000e+00) (0, 0, 0.00000000000000000000e+00) (0, 0, 0.00000000000000000000e+00) (3, 3, 5.00000000000000000000e-01) (3, 3, 5.00000000000000000000e-01) (3, 3, 5.00000000000000000000e-01) (3, 3, 5.00000000000000000000e-01) (0, 3, 0.00000000000000000000e+00) (5, 0, 5.00000000000000000000e-01) (5, 0, 5.00000000000000000000e-01) (5, 0, 5.00000000000000000000e-01) (0, 0, 0.00000000000000000000e+00) 
connections (connected_to_neuron, weight)=(0, -1.03772382736206054688e+01) (1, 8.45841121673583984375e+00) (2, 3.00819516181945800781e+00) (0, -7.89972686767578125000e+00) (1, 9.63704586029052734375e+00) (2, 6.31348800659179687500e+00) (0, -1.32829678058624267578e+00) (1, -1.48096716403961181641e+00) (2, 1.98998346924781799316e-01) (0, -2.91461086273193359375e+00) (1, 6.73767328262329101562e-01) (2, -1.42065718770027160645e-01) (3, 1.36337602138519287109e+00) (4, 9.53482389450073242188e-01) (5, 3.96774506568908691406e+00) (6, 3.98037648200988769531e+00) (7, 7.13353812694549560547e-01) (3, 4.17236232757568359375e+00) (4, 4.85408067703247070312e+00) (5, 1.25942993164062500000e+01) (6, 9.90350437164306640625e+00) (7, 3.02085185050964355469e+00) (3, 1.26240367889404296875e+01) (4, 1.44398250579833984375e+01) (5, 4.13422317504882812500e+01) (6, 3.05016517639160156250e+01) (7, 1.70015468597412109375e+01) 
