FANN_FLO_2.1
num_layers=3
learning_rate=0.500000
connection_rate=1.000000
network_type=0
learning_momentum=0.000000
training_algorithm=2
train_error_function=1
train_stop_function=0
cascade_output_change_fraction=0.010000
quickprop_decay=-0.000100
quickprop_mu=1.750000
rprop_increase_factor=1.200000
rprop_decrease_factor=0.500000
rprop_delta_min=0.000000
rprop_delta_max=50.000000
rprop_delta_zero=0.100000
cascade_output_stagnation_epochs=12
cascade_candidate_change_fraction=0.010000
cascade_candidate_stagnation_epochs=12
cascade_max_out_epochs=150
cascade_min_out_epochs=50
cascade_max_cand_epochs=150
cascade_min_cand_epochs=50
cascade_num_candidate_groups=2
bit_fail_limit=3.49999994039535522461e-01
cascade_candidate_limit=1.00000000000000000000e+03
cascade_weight_multiplier=4.00000005960464477539e-01
cascade_activation_functions_count=10
cascade_activation_functions=3 5 7 8 10 11 14 15 16 17 
cascade_activation_steepnesses_count=4
cascade_activation_steepnesses=2.50000000000000000000e-01 5.00000000000000000000e-01 7.50000000000000000000e-01 1.00000000000000000000e+00 
layer_sizes=10 3 2 
scale_included=0
neurons (num_inputs, activation_function, activation_steepness)=(0, 0, 0.00000000000000000000e+00) (0, 0, 0.00000000000000000000e+00) (0, 0, 0.00000000000000000000e+00) (0, 0, 0.00000000000000000000e+00) (0, 0, 0.00000000000000000000e+00) (0, 0, 0.00000000000000000000e+00) (0, 0, 0.00000000000000000000e+00) (0, 0, 0.00000000000000000000e+00) (0, 0, 0.00000000000000000000e+00) (0, 0, 0.00000000000000000000e+00) (10, 3, 5.00000000000000000000e-01) (10, 3, 5.00000000000000000000e-01) (0, 3, 0.00000000000000000000e+00) (3, 3, 5.00000000000000000000e-01) (0, 3, 0.00000000000000000000e+00) 
connections (connected_to_neuron, weight)=(0, -4.30377751588821411133e-01) (1, -4.62310165166854858398e-01) (2, -3.24986189603805541992e-01) (3, -3.34821879863739013672e-01) (4, -7.91261136531829833984e-01) (5, -3.40496152639389038086e-01) (6, -3.75561237335205078125e-01) (7, -3.47584426403045654297e-01) (8, -2.57827907800674438477e-01) (9, 1.44714224338531494141e+00) (0, 2.19021260738372802734e-01) (1, 2.98707991838455200195e-01) (2, 6.14265799522399902344e-01) (3, 6.75543189048767089844e-01) (4, -8.30953299999237060547e-01) (5, 5.93145370483398437500e-01) (6, 4.38756346702575683594e-01) (7, 5.79494714736938476562e-01) (8, 8.66543054580688476562e-01) (9, -3.02075117826461791992e-01) (10, -3.59795784950256347656e+00) (11, 1.76466691493988037109e+00) (12, 4.29767481982707977295e-02) 
