FANN_FLO_2.1
num_layers=4
learning_rate=0.300000
connection_rate=1.000000
network_type=0
learning_momentum=0.000000
training_algorithm=2
train_error_function=1
train_stop_function=0
cascade_output_change_fraction=0.010000
quickprop_decay=-0.000100
quickprop_mu=1.750000
rprop_increase_factor=1.200000
rprop_decrease_factor=0.500000
rprop_delta_min=0.000000
rprop_delta_max=50.000000
rprop_delta_zero=0.100000
cascade_output_stagnation_epochs=12
cascade_candidate_change_fraction=0.010000
cascade_candidate_stagnation_epochs=12
cascade_max_out_epochs=150
cascade_min_out_epochs=50
cascade_max_cand_epochs=150
cascade_min_cand_epochs=50
cascade_num_candidate_groups=2
bit_fail_limit=3.49999994039535522461e-01
cascade_candidate_limit=1.00000000000000000000e+03
cascade_weight_multiplier=4.00000005960464477539e-01
cascade_activation_functions_count=10
cascade_activation_functions=3 5 7 8 10 11 14 15 16 17 
cascade_activation_steepnesses_count=4
cascade_activation_steepnesses=2.50000000000000000000e-01 5.00000000000000000000e-01 7.50000000000000000000e-01 1.00000000000000000000e+00 
layer_sizes=2 5 5 3 
scale_included=0
neurons (num_inputs, activation_function, activation_steepness)=(0, 0, 0.00000000000000000000e+00) (0, 0, 0.00000000000000000000e+00) (2, 3, 5.00000000000000000000e-01) (2, 3, 5.00000000000000000000e-01) (2, 3, 5.00000000000000000000e-01) (2, 3, 5.00000000000000000000e-01) (0, 3, 0.00000000000000000000e+00) (5, 3, 5.00000000000000000000e-01) (5, 3, 5.00000000000000000000e-01) (5, 3, 5.00000000000000000000e-01) (5, 3, 5.00000000000000000000e-01) (0, 3, 0.00000000000000000000e+00) (5, 0, 5.00000000000000000000e-01) (5, 0, 5.00000000000000000000e-01) (0, 0, 0.00000000000000000000e+00) 
connections (connected_to_neuron, weight)=(0, -4.26761054992675781250e+00) (1, 5.26409931480884552002e-02) (0, -4.42477846145629882812e+00) (1, -1.36405184864997863770e-01) (0, -4.20489454269409179688e+00) (1, 9.48063135147094726562e-02) (0, -1.42345104217529296875e+01) (1, -6.28757619857788085938e+00) (2, -7.55261361598968505859e-01) (3, -7.47384965419769287109e-01) (4, -7.85045087337493896484e-01) (5, -4.13100033998489379883e-01) (6, 1.11401891708374023438e+00) (2, -1.39657294750213623047e+00) (3, -1.44084405899047851562e+00) (4, -1.43315851688385009766e+00) (5, 1.54917216300964355469e+00) (6, 2.86918878555297851562e-01) (2, 4.52338546514511108398e-01) (3, 3.87552648782730102539e-01) (4, 5.83701908588409423828e-01) (5, 8.11499536037445068359e-01) (6, 5.09679734706878662109e-01) (2, 4.90326106548309326172e-01) (3, 5.39465188980102539062e-01) (4, 4.91172760725021362305e-01) (5, 8.69176447391510009766e-01) (6, 4.04197663068771362305e-01) (7, -2.79406279325485229492e-01) (8, -1.79407250881195068359e+00) (9, 9.28191319108009338379e-02) (10, 1.11940972506999969482e-01) (11, 2.16093417257070541382e-02) (7, 2.19125628471374511719e+00) (8, -4.48815822601318359375e+00) (9, -7.71116375923156738281e-01) (10, -7.91397452354431152344e-01) (11, -6.17572307586669921875e-01) 
