FANN_FLO_2.1
num_layers=3
learning_rate=0.500000
connection_rate=1.000000
network_type=0
learning_momentum=0.000000
training_algorithm=2
train_error_function=1
train_stop_function=0
cascade_output_change_fraction=0.010000
quickprop_decay=-0.000100
quickprop_mu=1.750000
rprop_increase_factor=1.200000
rprop_decrease_factor=0.500000
rprop_delta_min=0.000000
rprop_delta_max=50.000000
rprop_delta_zero=0.100000
cascade_output_stagnation_epochs=12
cascade_candidate_change_fraction=0.010000
cascade_candidate_stagnation_epochs=12
cascade_max_out_epochs=150
cascade_min_out_epochs=50
cascade_max_cand_epochs=150
cascade_min_cand_epochs=50
cascade_num_candidate_groups=2
bit_fail_limit=3.49999994039535522461e-01
cascade_candidate_limit=1.00000000000000000000e+03
cascade_weight_multiplier=4.00000005960464477539e-01
cascade_activation_functions_count=10
cascade_activation_functions=3 5 7 8 10 11 14 15 16 17 
cascade_activation_steepnesses_count=4
cascade_activation_steepnesses=2.50000000000000000000e-01 5.00000000000000000000e-01 7.50000000000000000000e-01 1.00000000000000000000e+00 
layer_sizes=3 5 4 
scale_included=0
neurons (num_inputs, activation_function, activation_steepness)=(0, 0, 0.00000000000000000000e+00) (0, 0, 0.00000000000000000000e+00) (0, 0, 0.00000000000000000000e+00) (3, 3, 5.00000000000000000000e-01) (3, 3, 5.00000000000000000000e-01) (3, 3, 5.00000000000000000000e-01) (3, 3, 5.00000000000000000000e-01) (0, 3, 0.00000000000000000000e+00) (5, 0, 5.00000000000000000000e-01) (5, 0, 5.00000000000000000000e-01) (5, 0, 5.00000000000000000000e-01) (0, 0, 0.00000000000000000000e+00) 
connections (connected_to_neuron, weight)=(0, -1.02378969192504882812e+01) (1, 9.93334674835205078125e+00) (2, 1.18686647415161132812e+01) (0, -1.13733215332031250000e+01) (1, 1.18694734573364257812e+01) (2, 4.68670219182968139648e-01) (0, -1.31251466274261474609e+00) (1, -1.51549005508422851562e+00) (2, 2.19190403819084167480e-01) (0, -2.45111584663391113281e+00) (1, 4.28016126155853271484e-01) (2, 1.66567236185073852539e-01) (3, 7.52232193946838378906e-01) (4, 1.28671407699584960938e+00) (5, 3.68560791015625000000e+00) (6, 4.42894887924194335938e+00) (7, 6.98697924613952636719e-01) (3, 4.25121068954467773438e+00) (4, 4.15415573120117187500e+00) (5, 1.18977603912353515625e+01) (6, 1.12064247131347656250e+01) (7, 2.86142921447753906250e+00) (3, 1.68612518310546875000e+01) (4, 1.18659057617187500000e+01) (5, 3.99413795471191406250e+01) (6, 3.37356224060058593750e+01) (7, 1.33052568435668945312e+01) 
