FANN_FLO_2.1
num_layers=3
learning_rate=0.450000
connection_rate=1.000000
network_type=0
learning_momentum=0.000000
training_algorithm=2
train_error_function=1
train_stop_function=0
cascade_output_change_fraction=0.010000
quickprop_decay=-0.000100
quickprop_mu=1.750000
rprop_increase_factor=1.200000
rprop_decrease_factor=0.500000
rprop_delta_min=0.000000
rprop_delta_max=50.000000
rprop_delta_zero=0.100000
cascade_output_stagnation_epochs=12
cascade_candidate_change_fraction=0.010000
cascade_candidate_stagnation_epochs=12
cascade_max_out_epochs=150
cascade_min_out_epochs=50
cascade_max_cand_epochs=150
cascade_min_cand_epochs=50
cascade_num_candidate_groups=2
bit_fail_limit=3.49999994039535522461e-01
cascade_candidate_limit=1.00000000000000000000e+03
cascade_weight_multiplier=4.00000005960464477539e-01
cascade_activation_functions_count=10
cascade_activation_functions=3 5 7 8 10 11 14 15 16 17 
cascade_activation_steepnesses_count=4
cascade_activation_steepnesses=2.50000000000000000000e-01 5.00000000000000000000e-01 7.50000000000000000000e-01 1.00000000000000000000e+00 
layer_sizes=7 5 2 
scale_included=0
neurons (num_inputs, activation_function, activation_steepness)=(0, 0, 0.00000000000000000000e+00) (0, 0, 0.00000000000000000000e+00) (0, 0, 0.00000000000000000000e+00) (0, 0, 0.00000000000000000000e+00) (0, 0, 0.00000000000000000000e+00) (0, 0, 0.00000000000000000000e+00) (0, 0, 0.00000000000000000000e+00) (7, 3, 5.00000000000000000000e-01) (7, 3, 5.00000000000000000000e-01) (7, 3, 5.00000000000000000000e-01) (7, 3, 5.00000000000000000000e-01) (0, 3, 0.00000000000000000000e+00) (5, 0, 5.00000000000000000000e-01) (0, 0, 0.00000000000000000000e+00) 
connections (connected_to_neuron, weight)=(0, 4.12035696208477020264e-02) (1, -2.66493916511535644531e-01) (2, -3.35531681776046752930e-01) (3, -2.67517238855361938477e-01) (4, 3.65742713212966918945e-01) (5, 4.34649050235748291016e-01) (6, -1.95436105132102966309e-01) (0, -1.50000000000000000000e+03) (1, -1.50000000000000000000e+03) (2, -1.50000000000000000000e+03) (3, -1.50000000000000000000e+03) (4, -1.50000000000000000000e+03) (5, -1.02759492397308349609e+00) (6, -5.87965130805969238281e-01) (0, -5.87571024894714355469e-01) (1, -2.94187813997268676758e-01) (2, 6.62644803524017333984e-01) (3, -6.35282158851623535156e-01) (4, 1.32261943817138671875e+00) (5, 5.01864589750766754150e-03) (6, -1.43116455078125000000e+01) (0, -2.19277381896972656250e+00) (1, 1.88084006309509277344e+00) (2, 6.72958135604858398438e+00) (3, -2.56135606765747070312e+00) (4, 9.13647651672363281250e-01) (5, -4.40310764312744140625e+00) (6, -1.11779661178588867188e+01) (7, -1.95337329059839248657e-02) (8, 1.50000000000000000000e+03) (9, 1.57617628574371337891e-02) (10, -1.81871559470891952515e-02) (11, 1.95880401879549026489e-02) 
