FANN_FLO_2.1
num_layers=3
learning_rate=0.500000
connection_rate=1.000000
network_type=0
learning_momentum=0.000000
training_algorithm=2
train_error_function=1
train_stop_function=0
cascade_output_change_fraction=0.010000
quickprop_decay=-0.000100
quickprop_mu=1.750000
rprop_increase_factor=1.200000
rprop_decrease_factor=0.500000
rprop_delta_min=0.000000
rprop_delta_max=50.000000
rprop_delta_zero=0.100000
cascade_output_stagnation_epochs=12
cascade_candidate_change_fraction=0.010000
cascade_candidate_stagnation_epochs=12
cascade_max_out_epochs=150
cascade_min_out_epochs=50
cascade_max_cand_epochs=150
cascade_min_cand_epochs=50
cascade_num_candidate_groups=2
bit_fail_limit=3.49999994039535522461e-01
cascade_candidate_limit=1.00000000000000000000e+03
cascade_weight_multiplier=4.00000005960464477539e-01
cascade_activation_functions_count=10
cascade_activation_functions=3 5 7 8 10 11 14 15 16 17 
cascade_activation_steepnesses_count=4
cascade_activation_steepnesses=2.50000000000000000000e-01 5.00000000000000000000e-01 7.50000000000000000000e-01 1.00000000000000000000e+00 
layer_sizes=7 5 2 
scale_included=0
neurons (num_inputs, activation_function, activation_steepness)=(0, 0, 0.00000000000000000000e+00) (0, 0, 0.00000000000000000000e+00) (0, 0, 0.00000000000000000000e+00) (0, 0, 0.00000000000000000000e+00) (0, 0, 0.00000000000000000000e+00) (0, 0, 0.00000000000000000000e+00) (0, 0, 0.00000000000000000000e+00) (7, 3, 5.00000000000000000000e-01) (7, 3, 5.00000000000000000000e-01) (7, 3, 5.00000000000000000000e-01) (7, 3, 5.00000000000000000000e-01) (0, 3, 0.00000000000000000000e+00) (5, 0, 5.00000000000000000000e-01) (0, 0, 0.00000000000000000000e+00) 
connections (connected_to_neuron, weight)=(0, -2.67047107219696044922e-01) (1, -3.21686357259750366211e-01) (2, 1.64876472949981689453e+00) (3, -1.06802150607109069824e-01) (4, -5.30769705772399902344e-01) (5, -1.96427479386329650879e-01) (6, -1.71005475521087646484e+00) (0, -2.24238321185111999512e-01) (1, -1.43251433968544006348e-01) (2, -1.72528803348541259766e+00) (3, -8.92416611313819885254e-02) (4, 1.48504889011383056641e+00) (5, -9.90223824977874755859e-01) (6, 3.00378489494323730469e+00) (0, 1.26487299799919128418e-01) (1, -1.47731840610504150391e+00) (2, 1.68169212341308593750e+00) (3, 4.90647032856941223145e-02) (4, -6.73983804881572723389e-03) (5, 2.22062325477600097656e+00) (6, -2.44704484939575195312e+00) (0, 8.35945829749107360840e-02) (1, -1.60896796733140945435e-02) (2, 5.94290912151336669922e-01) (3, -1.96489796042442321777e-01) (4, -1.66030332446098327637e-01) (5, -9.37972888350486755371e-02) (6, -3.64596033096313476562e+00) (7, 4.67997014522552490234e-01) (8, -3.57178114354610443115e-02) (9, -3.64521667361259460449e-02) (10, -5.07966876029968261719e-01) (11, 5.67495189607143402100e-02) 
