FANN_FLO_2.1
num_layers=3
learning_rate=0.450000
connection_rate=1.000000
network_type=0
learning_momentum=0.000000
training_algorithm=2
train_error_function=1
train_stop_function=0
cascade_output_change_fraction=0.010000
quickprop_decay=-0.000100
quickprop_mu=1.750000
rprop_increase_factor=1.200000
rprop_decrease_factor=0.500000
rprop_delta_min=0.000000
rprop_delta_max=50.000000
rprop_delta_zero=0.100000
cascade_output_stagnation_epochs=12
cascade_candidate_change_fraction=0.010000
cascade_candidate_stagnation_epochs=12
cascade_max_out_epochs=150
cascade_min_out_epochs=50
cascade_max_cand_epochs=150
cascade_min_cand_epochs=50
cascade_num_candidate_groups=2
bit_fail_limit=3.49999994039535522461e-01
cascade_candidate_limit=1.00000000000000000000e+03
cascade_weight_multiplier=4.00000005960464477539e-01
cascade_activation_functions_count=10
cascade_activation_functions=3 5 7 8 10 11 14 15 16 17 
cascade_activation_steepnesses_count=4
cascade_activation_steepnesses=2.50000000000000000000e-01 5.00000000000000000000e-01 7.50000000000000000000e-01 1.00000000000000000000e+00 
layer_sizes=7 5 2 
scale_included=0
neurons (num_inputs, activation_function, activation_steepness)=(0, 0, 0.00000000000000000000e+00) (0, 0, 0.00000000000000000000e+00) (0, 0, 0.00000000000000000000e+00) (0, 0, 0.00000000000000000000e+00) (0, 0, 0.00000000000000000000e+00) (0, 0, 0.00000000000000000000e+00) (0, 0, 0.00000000000000000000e+00) (7, 3, 5.00000000000000000000e-01) (7, 3, 5.00000000000000000000e-01) (7, 3, 5.00000000000000000000e-01) (7, 3, 5.00000000000000000000e-01) (0, 3, 0.00000000000000000000e+00) (5, 0, 5.00000000000000000000e-01) (0, 0, 0.00000000000000000000e+00) 
connections (connected_to_neuron, weight)=(0, 1.78642682731151580811e-02) (1, -3.16236793994903564453e-01) (2, 2.89197683334350585938e-01) (3, 9.11225080490112304688e-02) (4, -1.66836902499198913574e-01) (5, 1.50532037019729614258e-01) (6, -4.36851072311401367188e+00) (0, -1.93908762931823730469e+00) (1, 1.48008032226562500000e+03) (2, -1.44022570800781250000e+03) (3, 2.40351986885070800781e+00) (4, 7.04301605224609375000e+01) (5, -1.44022570800781250000e+03) (6, 1.42025804519653320312e+01) (0, 7.67980813980102539062e-01) (1, -5.84490418434143066406e-01) (2, -2.23402738571166992188e+00) (3, 4.65652905404567718506e-03) (4, -4.57464933395385742188e+00) (5, -2.37568950653076171875e+00) (6, 6.96276950836181640625e+00) (0, -4.74206404760479927063e-03) (1, -9.89228766411542892456e-03) (2, -8.18309783935546875000e-01) (3, 3.69766384363174438477e-01) (4, -1.69200396537780761719e+00) (5, -9.30702447891235351562e-01) (6, -1.81727969646453857422e+00) (7, 7.57174074649810791016e-01) (8, 5.50844557583332061768e-02) (9, 5.79441189765930175781e-01) (10, -2.26639330387115478516e-01) (11, -4.34176996350288391113e-02) 
