FANN_FLO_2.1
num_layers=3
learning_rate=0.500000
connection_rate=1.000000
network_type=0
learning_momentum=0.000000
training_algorithm=2
train_error_function=1
train_stop_function=0
cascade_output_change_fraction=0.010000
quickprop_decay=-0.000100
quickprop_mu=1.750000
rprop_increase_factor=1.200000
rprop_decrease_factor=0.500000
rprop_delta_min=0.000000
rprop_delta_max=50.000000
rprop_delta_zero=0.100000
cascade_output_stagnation_epochs=12
cascade_candidate_change_fraction=0.010000
cascade_candidate_stagnation_epochs=12
cascade_max_out_epochs=150
cascade_min_out_epochs=50
cascade_max_cand_epochs=150
cascade_min_cand_epochs=50
cascade_num_candidate_groups=2
bit_fail_limit=3.49999994039535522461e-01
cascade_candidate_limit=1.00000000000000000000e+03
cascade_weight_multiplier=4.00000005960464477539e-01
cascade_activation_functions_count=10
cascade_activation_functions=3 5 7 8 10 11 14 15 16 17 
cascade_activation_steepnesses_count=4
cascade_activation_steepnesses=2.50000000000000000000e-01 5.00000000000000000000e-01 7.50000000000000000000e-01 1.00000000000000000000e+00 
layer_sizes=7 9 2 
scale_included=0
neurons (num_inputs, activation_function, activation_steepness)=(0, 0, 0.00000000000000000000e+00) (0, 0, 0.00000000000000000000e+00) (0, 0, 0.00000000000000000000e+00) (0, 0, 0.00000000000000000000e+00) (0, 0, 0.00000000000000000000e+00) (0, 0, 0.00000000000000000000e+00) (0, 0, 0.00000000000000000000e+00) (7, 3, 5.00000000000000000000e-01) (7, 3, 5.00000000000000000000e-01) (7, 3, 5.00000000000000000000e-01) (7, 3, 5.00000000000000000000e-01) (7, 3, 5.00000000000000000000e-01) (7, 3, 5.00000000000000000000e-01) (7, 3, 5.00000000000000000000e-01) (7, 3, 5.00000000000000000000e-01) (0, 3, 0.00000000000000000000e+00) (9, 0, 5.00000000000000000000e-01) (0, 0, 0.00000000000000000000e+00) 
connections (connected_to_neuron, weight)=(0, -2.34182029962539672852e-02) (1, 1.95448905229568481445e-01) (2, -1.82843524962663650513e-02) (3, -4.83112921938300132751e-03) (4, -2.58652597665786743164e-01) (5, 3.63630987703800201416e-02) (6, 2.27819220162928104401e-03) (0, -7.79123163223266601562e+00) (1, -8.25390148162841796875e+00) (2, 1.40856761932373046875e+01) (3, -1.57531476020812988281e+00) (4, -1.37130141258239746094e+00) (5, 3.45599979162216186523e-01) (6, -1.02419734001159667969e+00) (0, -1.30731716156005859375e+01) (1, -5.07138431072235107422e-01) (2, -2.98314819335937500000e+02) (3, -1.04095255956053733826e-02) (4, 1.83113288879394531250e+00) (5, -4.09995675086975097656e-01) (6, 1.30342647433280944824e-01) (0, -4.92708168029785156250e+01) (1, -4.63225603103637695312e+00) (2, -6.06643005371093750000e+02) (3, -1.85946702957153320312e+00) (4, -1.71545064449310302734e+00) (5, 4.08107233047485351562e+00) (6, -1.13249635696411132812e+00) (0, -6.04396045207977294922e-01) (1, -4.54173654317855834961e-01) (2, 1.02373659610748291016e+00) (3, -5.89899718761444091797e-01) (4, -1.68380320072174072266e-01) (5, -3.54339838027954101562e+00) (6, -3.35794508457183837891e-01) (0, -1.83485015869140625000e+02) (1, 1.32451903820037841797e+00) (2, -1.91779037475585937500e+02) (3, -1.57091867923736572266e+00) (4, -8.85619044303894042969e-01) (5, 3.07447862625122070312e+00) (6, -9.78211045265197753906e-01) (0, -6.74799233675003051758e-02) (1, 2.13605791330337524414e-01) (2, -2.35768243670463562012e-01) (3, 3.28255146741867065430e-01) (4, -2.36886572837829589844e+00) (5, 3.70493918657302856445e-01) (6, -1.96064984798431396484e+00) (0, -4.26787972450256347656e-01) (1, -2.12484598159790039062e+00) (2, 2.67758846282958984375e+00) (3, -9.95997250080108642578e-01) (4, -1.99894690513610839844e+00) (5, 9.87400412559509277344e-01) (6, -2.27125361561775207520e-01) (7, -3.21943089365959167480e-02) (8, 8.06837463378906250000e+00) (9, -1.06759997558593750000e+03) (10, -3.03953056335449218750e+01) (11, -1.63755118846893310547e-01) (12, 5.72762634277343750000e+02) (13, 7.51452028751373291016e-01) (14, -6.94982409477233886719e-01) (15, 2.08203662186861038208e-02) 
