FANN_FLO_2.1
num_layers=4
learning_rate=0.450000
connection_rate=1.000000
network_type=0
learning_momentum=0.000000
training_algorithm=2
train_error_function=1
train_stop_function=0
cascade_output_change_fraction=0.010000
quickprop_decay=-0.000100
quickprop_mu=1.750000
rprop_increase_factor=1.200000
rprop_decrease_factor=0.500000
rprop_delta_min=0.000000
rprop_delta_max=50.000000
rprop_delta_zero=0.100000
cascade_output_stagnation_epochs=12
cascade_candidate_change_fraction=0.010000
cascade_candidate_stagnation_epochs=12
cascade_max_out_epochs=150
cascade_min_out_epochs=50
cascade_max_cand_epochs=150
cascade_min_cand_epochs=50
cascade_num_candidate_groups=2
bit_fail_limit=3.49999994039535522461e-01
cascade_candidate_limit=1.00000000000000000000e+03
cascade_weight_multiplier=4.00000005960464477539e-01
cascade_activation_functions_count=10
cascade_activation_functions=3 5 7 8 10 11 14 15 16 17 
cascade_activation_steepnesses_count=4
cascade_activation_steepnesses=2.50000000000000000000e-01 5.00000000000000000000e-01 7.50000000000000000000e-01 1.00000000000000000000e+00 
layer_sizes=7 3 3 2 
scale_included=0
neurons (num_inputs, activation_function, activation_steepness)=(0, 0, 0.00000000000000000000e+00) (0, 0, 0.00000000000000000000e+00) (0, 0, 0.00000000000000000000e+00) (0, 0, 0.00000000000000000000e+00) (0, 0, 0.00000000000000000000e+00) (0, 0, 0.00000000000000000000e+00) (0, 0, 0.00000000000000000000e+00) (7, 3, 5.00000000000000000000e-01) (7, 3, 5.00000000000000000000e-01) (0, 3, 0.00000000000000000000e+00) (3, 3, 5.00000000000000000000e-01) (3, 3, 5.00000000000000000000e-01) (0, 3, 0.00000000000000000000e+00) (3, 0, 5.00000000000000000000e-01) (0, 0, 0.00000000000000000000e+00) 
connections (connected_to_neuron, weight)=(0, -4.46184783935546875000e+02) (1, -2.20002243041992187500e+02) (2, 4.80525573730468750000e+02) (3, -2.75238442420959472656e+00) (4, -2.70571746826171875000e+02) (5, 5.11774719238281250000e+02) (6, 9.26334953308105468750e+00) (0, -1.06990039348602294922e-01) (1, -8.90268385410308837891e-01) (2, 1.10395526885986328125e+00) (3, 6.45709857344627380371e-02) (4, -4.31429952383041381836e-01) (5, 6.41385316848754882812e-01) (6, -1.02501535415649414062e+01) (7, -5.20148420333862304688e+00) (8, 1.04976463317871093750e+01) (9, -1.85169488191604614258e-01) (7, 7.43280696868896484375e+00) (8, -5.62327194213867187500e+00) (9, -3.07451510429382324219e+00) (10, 1.35001510381698608398e-01) (11, 6.38648495078086853027e-02) (12, -5.10025881230831146240e-02) 
