FANN_FLO_2.1
num_layers=4
learning_rate=0.300000
connection_rate=1.000000
network_type=0
learning_momentum=0.000000
training_algorithm=2
train_error_function=1
train_stop_function=0
cascade_output_change_fraction=0.010000
quickprop_decay=-0.000100
quickprop_mu=1.750000
rprop_increase_factor=1.200000
rprop_decrease_factor=0.500000
rprop_delta_min=0.000000
rprop_delta_max=50.000000
rprop_delta_zero=0.100000
cascade_output_stagnation_epochs=12
cascade_candidate_change_fraction=0.010000
cascade_candidate_stagnation_epochs=12
cascade_max_out_epochs=150
cascade_min_out_epochs=50
cascade_max_cand_epochs=150
cascade_min_cand_epochs=50
cascade_num_candidate_groups=2
bit_fail_limit=3.49999994039535522461e-01
cascade_candidate_limit=1.00000000000000000000e+03
cascade_weight_multiplier=4.00000005960464477539e-01
cascade_activation_functions_count=10
cascade_activation_functions=3 5 7 8 10 11 14 15 16 17 
cascade_activation_steepnesses_count=4
cascade_activation_steepnesses=2.50000000000000000000e-01 5.00000000000000000000e-01 7.50000000000000000000e-01 1.00000000000000000000e+00 
layer_sizes=2 5 5 3 
scale_included=0
neurons (num_inputs, activation_function, activation_steepness)=(0, 0, 0.00000000000000000000e+00) (0, 0, 0.00000000000000000000e+00) (2, 3, 5.00000000000000000000e-01) (2, 3, 5.00000000000000000000e-01) (2, 3, 5.00000000000000000000e-01) (2, 3, 5.00000000000000000000e-01) (0, 3, 0.00000000000000000000e+00) (5, 3, 5.00000000000000000000e-01) (5, 3, 5.00000000000000000000e-01) (5, 3, 5.00000000000000000000e-01) (5, 3, 5.00000000000000000000e-01) (0, 3, 0.00000000000000000000e+00) (5, 0, 5.00000000000000000000e-01) (5, 0, 5.00000000000000000000e-01) (0, 0, 0.00000000000000000000e+00) 
connections (connected_to_neuron, weight)=(0, -1.66248741149902343750e+01) (1, -1.12120759487152099609e+00) (0, -5.49923477172851562500e+01) (1, 2.24345088005065917969e+00) (0, -5.22180252075195312500e+01) (1, 2.18236303329467773438e+00) (0, -1.00867776870727539062e+01) (1, -6.06801152229309082031e-01) (2, 5.73307156562805175781e-01) (3, 6.83982491493225097656e-01) (4, 2.91323512792587280273e-01) (5, 5.64373791217803955078e-01) (6, -5.49056269228458404541e-02) (2, 5.43691110610961914062e+00) (3, 1.40103161334991455078e+00) (4, 1.50000000000000000000e+03) (5, 5.47226524353027343750e+00) (6, 9.49178874492645263672e-01) (2, 2.27188062667846679688e+00) (3, 2.00384354591369628906e+00) (4, -1.07162694931030273438e+01) (5, 1.52270352840423583984e+00) (6, 6.48556756973266601562e+00) (2, 5.29295206069946289062e-01) (3, 4.29327338933944702148e-01) (4, -1.23024618625640869141e+00) (5, 4.71164286136627197266e-01) (6, -1.31626250222325325012e-02) (7, 3.47430706024169921875e-02) (8, -9.88432392477989196777e-02) (9, 4.20190617442131042480e-02) (10, 1.27234190702438354492e-01) (11, -1.74642071127891540527e-01) (7, -4.52586472034454345703e-01) (8, -5.67707419395446777344e-01) (9, -6.31505191326141357422e-01) (10, -3.42704415321350097656e-01) (11, -2.71332412958145141602e-01) 
