FANN_FLO_2.1
num_layers=3
learning_rate=0.500000
connection_rate=1.000000
network_type=0
learning_momentum=0.000000
training_algorithm=2
train_error_function=1
train_stop_function=0
cascade_output_change_fraction=0.010000
quickprop_decay=-0.000100
quickprop_mu=1.750000
rprop_increase_factor=1.200000
rprop_decrease_factor=0.500000
rprop_delta_min=0.000000
rprop_delta_max=50.000000
rprop_delta_zero=0.100000
cascade_output_stagnation_epochs=12
cascade_candidate_change_fraction=0.010000
cascade_candidate_stagnation_epochs=12
cascade_max_out_epochs=150
cascade_min_out_epochs=50
cascade_max_cand_epochs=150
cascade_min_cand_epochs=50
cascade_num_candidate_groups=2
bit_fail_limit=3.49999994039535522461e-01
cascade_candidate_limit=1.00000000000000000000e+03
cascade_weight_multiplier=4.00000005960464477539e-01
cascade_activation_functions_count=10
cascade_activation_functions=3 5 7 8 10 11 14 15 16 17 
cascade_activation_steepnesses_count=4
cascade_activation_steepnesses=2.50000000000000000000e-01 5.00000000000000000000e-01 7.50000000000000000000e-01 1.00000000000000000000e+00 
layer_sizes=3 5 4 
scale_included=0
neurons (num_inputs, activation_function, activation_steepness)=(0, 0, 0.00000000000000000000e+00) (0, 0, 0.00000000000000000000e+00) (0, 0, 0.00000000000000000000e+00) (3, 3, 5.00000000000000000000e-01) (3, 3, 5.00000000000000000000e-01) (3, 3, 5.00000000000000000000e-01) (3, 3, 5.00000000000000000000e-01) (0, 3, 0.00000000000000000000e+00) (5, 0, 5.00000000000000000000e-01) (5, 0, 5.00000000000000000000e-01) (5, 0, 5.00000000000000000000e-01) (0, 0, 0.00000000000000000000e+00) 
connections (connected_to_neuron, weight)=(0, -1.50000000000000000000e+03) (1, -1.78304023742675781250e+01) (2, 2.26667881011962890625e+01) (0, -1.50000000000000000000e+03) (1, -1.50000000000000000000e+03) (2, 1.30864212036132812500e+02) (0, -1.50000000000000000000e+03) (1, -1.13756335449218750000e+03) (2, 1.25264167785644531250e+01) (0, -1.50000000000000000000e+03) (1, 1.36321382522583007812e+01) (2, 6.70526367187500000000e+02) (3, 2.25555396080017089844e+00) (4, 1.29729080200195312500e+00) (5, 1.40250897407531738281e+00) (6, 2.01698207855224609375e+00) (7, 2.96965646743774414062e+00) (3, 5.01530599594116210938e+00) (4, 3.35405778884887695312e+00) (5, 3.74038434028625488281e+00) (6, 6.21626710891723632812e+00) (7, 1.22283973693847656250e+01) (3, 1.66210727691650390625e+01) (4, 1.11537284851074218750e+01) (5, 1.13305892944335937500e+01) (6, 1.89107551574707031250e+01) (7, 4.47325859069824218750e+01) 
