FANN_FLO_2.1
num_layers=4
learning_rate=0.450000
connection_rate=1.000000
network_type=0
learning_momentum=0.000000
training_algorithm=2
train_error_function=1
train_stop_function=0
cascade_output_change_fraction=0.010000
quickprop_decay=-0.000100
quickprop_mu=1.750000
rprop_increase_factor=1.200000
rprop_decrease_factor=0.500000
rprop_delta_min=0.000000
rprop_delta_max=50.000000
rprop_delta_zero=0.100000
cascade_output_stagnation_epochs=12
cascade_candidate_change_fraction=0.010000
cascade_candidate_stagnation_epochs=12
cascade_max_out_epochs=150
cascade_min_out_epochs=50
cascade_max_cand_epochs=150
cascade_min_cand_epochs=50
cascade_num_candidate_groups=2
bit_fail_limit=3.49999994039535522461e-01
cascade_candidate_limit=1.00000000000000000000e+03
cascade_weight_multiplier=4.00000005960464477539e-01
cascade_activation_functions_count=10
cascade_activation_functions=3 5 7 8 10 11 14 15 16 17 
cascade_activation_steepnesses_count=4
cascade_activation_steepnesses=2.50000000000000000000e-01 5.00000000000000000000e-01 7.50000000000000000000e-01 1.00000000000000000000e+00 
layer_sizes=7 5 5 2 
scale_included=0
neurons (num_inputs, activation_function, activation_steepness)=(0, 0, 0.00000000000000000000e+00) (0, 0, 0.00000000000000000000e+00) (0, 0, 0.00000000000000000000e+00) (0, 0, 0.00000000000000000000e+00) (0, 0, 0.00000000000000000000e+00) (0, 0, 0.00000000000000000000e+00) (0, 0, 0.00000000000000000000e+00) (7, 3, 5.00000000000000000000e-01) (7, 3, 5.00000000000000000000e-01) (7, 3, 5.00000000000000000000e-01) (7, 3, 5.00000000000000000000e-01) (0, 3, 0.00000000000000000000e+00) (5, 3, 5.00000000000000000000e-01) (5, 3, 5.00000000000000000000e-01) (5, 3, 5.00000000000000000000e-01) (5, 3, 5.00000000000000000000e-01) (0, 3, 0.00000000000000000000e+00) (5, 0, 5.00000000000000000000e-01) (0, 0, 0.00000000000000000000e+00) 
connections (connected_to_neuron, weight)=(0, 4.70269583165645599365e-02) (1, -5.63547372817993164062e-01) (2, -4.35660451650619506836e-01) (3, -2.24731102585792541504e-01) (4, 1.32550621032714843750e+00) (5, -1.76629930734634399414e-01) (6, 8.51428687572479248047e-01) (0, 1.19193896484375000000e+03) (1, -5.88475219726562500000e+02) (2, 1.50000000000000000000e+03) (3, -5.13564392089843750000e+02) (4, -1.43845849609375000000e+03) (5, -2.66829071044921875000e+01) (6, -2.85068869590759277344e-01) (0, 1.15690808105468750000e+03) (1, -1.81826446533203125000e+02) (2, -6.82359161376953125000e+01) (3, -1.15920446777343750000e+03) (4, -1.15393359375000000000e+03) (5, 1.37993457031250000000e+03) (6, -2.79495567083358764648e-01) (0, -9.88712036132812500000e+02) (1, -1.45123852539062500000e+03) (2, 1.23317100524902343750e+02) (3, -1.17673608398437500000e+03) (4, 6.81646240234375000000e+02) (5, 1.49317333984375000000e+03) (6, -5.30504131317138671875e+00) (7, -1.01259422302246093750e+00) (8, -7.53437101840972900391e-01) (9, 1.85979217290878295898e-01) (10, 1.50000000000000000000e+03) (11, 2.57879048585891723633e-01) (7, 1.08119177818298339844e+00) (8, 1.14263105392456054688e+00) (9, 1.38548314571380615234e+00) (10, 3.97747087478637695312e+00) (11, -2.66019129753112792969e+00) (7, -4.52468919754028320312e+00) (8, -4.40966665744781494141e-01) (9, 1.07667350769042968750e+00) (10, 1.50000000000000000000e+03) (11, 2.93284237384796142578e-01) (7, -7.16497302055358886719e-01) (8, -1.04995644092559814453e+00) (9, -8.40582996606826782227e-02) (10, 1.50000000000000000000e+03) (11, 1.96902438998222351074e-01) (12, -4.95536252856254577637e-02) (13, 1.98624715209007263184e-01) (14, -9.82456058263778686523e-02) (15, -4.60718423128128051758e-02) (16, 1.27005632966756820679e-02) 
