FANN_FLO_2.1
num_layers=4
learning_rate=0.500000
connection_rate=1.000000
network_type=0
learning_momentum=0.000000
training_algorithm=2
train_error_function=1
train_stop_function=0
cascade_output_change_fraction=0.010000
quickprop_decay=-0.000100
quickprop_mu=1.750000
rprop_increase_factor=1.200000
rprop_decrease_factor=0.500000
rprop_delta_min=0.000000
rprop_delta_max=50.000000
rprop_delta_zero=0.100000
cascade_output_stagnation_epochs=12
cascade_candidate_change_fraction=0.010000
cascade_candidate_stagnation_epochs=12
cascade_max_out_epochs=150
cascade_min_out_epochs=50
cascade_max_cand_epochs=150
cascade_min_cand_epochs=50
cascade_num_candidate_groups=2
bit_fail_limit=3.49999994039535522461e-01
cascade_candidate_limit=1.00000000000000000000e+03
cascade_weight_multiplier=4.00000005960464477539e-01
cascade_activation_functions_count=10
cascade_activation_functions=3 5 7 8 10 11 14 15 16 17 
cascade_activation_steepnesses_count=4
cascade_activation_steepnesses=2.50000000000000000000e-01 5.00000000000000000000e-01 7.50000000000000000000e-01 1.00000000000000000000e+00 
layer_sizes=18 3 3 2 
scale_included=0
neurons (num_inputs, activation_function, activation_steepness)=(0, 0, 0.00000000000000000000e+00) (0, 0, 0.00000000000000000000e+00) (0, 0, 0.00000000000000000000e+00) (0, 0, 0.00000000000000000000e+00) (0, 0, 0.00000000000000000000e+00) (0, 0, 0.00000000000000000000e+00) (0, 0, 0.00000000000000000000e+00) (0, 0, 0.00000000000000000000e+00) (0, 0, 0.00000000000000000000e+00) (0, 0, 0.00000000000000000000e+00) (0, 0, 0.00000000000000000000e+00) (0, 0, 0.00000000000000000000e+00) (0, 0, 0.00000000000000000000e+00) (0, 0, 0.00000000000000000000e+00) (0, 0, 0.00000000000000000000e+00) (0, 0, 0.00000000000000000000e+00) (0, 0, 0.00000000000000000000e+00) (0, 0, 0.00000000000000000000e+00) (18, 3, 5.00000000000000000000e-01) (18, 3, 5.00000000000000000000e-01) (0, 3, 0.00000000000000000000e+00) (3, 3, 5.00000000000000000000e-01) (3, 3, 5.00000000000000000000e-01) (0, 3, 0.00000000000000000000e+00) (3, 0, 5.00000000000000000000e-01) (0, 0, 0.00000000000000000000e+00) 
connections (connected_to_neuron, weight)=(0, 1.49759280681610107422e+00) (1, 6.28758072853088378906e-01) (2, 8.28547179698944091797e-01) (3, 9.65788304805755615234e-01) (4, 1.44226038455963134766e+00) (5, -7.35589087009429931641e-01) (6, -1.13335263729095458984e+00) (7, -7.78805851936340332031e-01) (8, 9.83602553606033325195e-03) (9, 1.23208153247833251953e+00) (10, 1.05479812622070312500e+00) (11, 1.16540396213531494141e+00) (12, 1.03940689563751220703e+00) (13, 9.70083951950073242188e-01) (14, 1.05810940265655517578e+00) (15, 8.23747158050537109375e-01) (16, 1.09276950359344482422e+00) (17, -3.40455889701843261719e+00) (0, 5.27433454990386962891e-01) (1, 1.02683854103088378906e+00) (2, 9.34167563915252685547e-01) (3, 8.69632244110107421875e-01) (4, 5.37119567394256591797e-01) (5, -1.01623654365539550781e+00) (6, -8.41634333133697509766e-01) (7, -9.87126827239990234375e-01) (8, -1.55397027730941772461e-01) (9, 8.21783781051635742188e-01) (10, 7.26824164390563964844e-01) (11, 6.13280177116394042969e-01) (12, 9.99283909797668457031e-01) (13, 9.33414638042449951172e-01) (14, 7.92515635490417480469e-01) (15, 8.20624232292175292969e-01) (16, 8.75224888324737548828e-01) (17, -4.74139404296875000000e+00) (18, 2.08764147758483886719e+00) (19, 2.36176991462707519531e+00) (20, -1.90151596069335937500e+00) (18, 1.34648478031158447266e+00) (19, 3.07470130920410156250e+00) (20, -1.86280405521392822266e+00) (21, 7.92415380477905273438e+00) (22, 6.26640033721923828125e+00) (23, 1.52871239185333251953e+00) 
