FANN_FLO_2.1
num_layers=3
learning_rate=0.500000
connection_rate=1.000000
network_type=0
learning_momentum=0.000000
training_algorithm=2
train_error_function=1
train_stop_function=0
cascade_output_change_fraction=0.010000
quickprop_decay=-0.000100
quickprop_mu=1.750000
rprop_increase_factor=1.200000
rprop_decrease_factor=0.500000
rprop_delta_min=0.000000
rprop_delta_max=50.000000
rprop_delta_zero=0.100000
cascade_output_stagnation_epochs=12
cascade_candidate_change_fraction=0.010000
cascade_candidate_stagnation_epochs=12
cascade_max_out_epochs=150
cascade_min_out_epochs=50
cascade_max_cand_epochs=150
cascade_min_cand_epochs=50
cascade_num_candidate_groups=2
bit_fail_limit=3.49999994039535522461e-01
cascade_candidate_limit=1.00000000000000000000e+03
cascade_weight_multiplier=4.00000005960464477539e-01
cascade_activation_functions_count=10
cascade_activation_functions=3 5 7 8 10 11 14 15 16 17 
cascade_activation_steepnesses_count=4
cascade_activation_steepnesses=2.50000000000000000000e-01 5.00000000000000000000e-01 7.50000000000000000000e-01 1.00000000000000000000e+00 
layer_sizes=7 5 2 
scale_included=0
neurons (num_inputs, activation_function, activation_steepness)=(0, 0, 0.00000000000000000000e+00) (0, 0, 0.00000000000000000000e+00) (0, 0, 0.00000000000000000000e+00) (0, 0, 0.00000000000000000000e+00) (0, 0, 0.00000000000000000000e+00) (0, 0, 0.00000000000000000000e+00) (0, 0, 0.00000000000000000000e+00) (7, 3, 5.00000000000000000000e-01) (7, 3, 5.00000000000000000000e-01) (7, 3, 5.00000000000000000000e-01) (7, 3, 5.00000000000000000000e-01) (0, 3, 0.00000000000000000000e+00) (5, 0, 5.00000000000000000000e-01) (0, 0, 0.00000000000000000000e+00) 
connections (connected_to_neuron, weight)=(0, -2.55691140890121459961e-01) (1, -2.85349369049072265625e-01) (2, -6.37697279453277587891e-01) (3, 2.89111942052841186523e-01) (4, 1.01283997297286987305e-01) (5, 4.69926744699478149414e-01) (6, -3.74426729977130889893e-02) (0, 9.22176837921142578125e-02) (1, 3.25438797473907470703e-01) (2, 2.63956785202026367188e-01) (3, -1.38117805123329162598e-01) (4, -1.65048226714134216309e-01) (5, -2.69318819046020507812e-01) (6, -5.01069799065589904785e-02) (0, 7.09477111816406250000e+02) (1, -3.30142647027969360352e-01) (2, -1.67402267456054687500e+01) (3, 1.53923928737640380859e+00) (4, 1.50000000000000000000e+03) (5, 7.39852447509765625000e+01) (6, -5.36813557147979736328e-01) (0, 1.33443298339843750000e+03) (1, -3.84581208229064941406e-01) (2, -3.37001953125000000000e+02) (3, 1.89403784275054931641e+00) (4, 1.50000000000000000000e+03) (5, 7.09698730468750000000e+02) (6, -5.80843806266784667969e-01) (7, -1.39150843024253845215e-01) (8, -1.41155466437339782715e-01) (9, 2.73609850555658340454e-02) (10, 2.21446249634027481079e-02) (11, 9.44450646638870239258e-02) 
