FANN_FLO_2.1
num_layers=3
learning_rate=0.450000
connection_rate=1.000000
network_type=0
learning_momentum=0.000000
training_algorithm=2
train_error_function=1
train_stop_function=0
cascade_output_change_fraction=0.010000
quickprop_decay=-0.000100
quickprop_mu=1.750000
rprop_increase_factor=1.200000
rprop_decrease_factor=0.500000
rprop_delta_min=0.000000
rprop_delta_max=50.000000
rprop_delta_zero=0.100000
cascade_output_stagnation_epochs=12
cascade_candidate_change_fraction=0.010000
cascade_candidate_stagnation_epochs=12
cascade_max_out_epochs=150
cascade_min_out_epochs=50
cascade_max_cand_epochs=150
cascade_min_cand_epochs=50
cascade_num_candidate_groups=2
bit_fail_limit=3.49999994039535522461e-01
cascade_candidate_limit=1.00000000000000000000e+03
cascade_weight_multiplier=4.00000005960464477539e-01
cascade_activation_functions_count=10
cascade_activation_functions=3 5 7 8 10 11 14 15 16 17 
cascade_activation_steepnesses_count=4
cascade_activation_steepnesses=2.50000000000000000000e-01 5.00000000000000000000e-01 7.50000000000000000000e-01 1.00000000000000000000e+00 
layer_sizes=7 5 2 
scale_included=0
neurons (num_inputs, activation_function, activation_steepness)=(0, 0, 0.00000000000000000000e+00) (0, 0, 0.00000000000000000000e+00) (0, 0, 0.00000000000000000000e+00) (0, 0, 0.00000000000000000000e+00) (0, 0, 0.00000000000000000000e+00) (0, 0, 0.00000000000000000000e+00) (0, 0, 0.00000000000000000000e+00) (7, 3, 5.00000000000000000000e-01) (7, 3, 5.00000000000000000000e-01) (7, 3, 5.00000000000000000000e-01) (7, 3, 5.00000000000000000000e-01) (0, 3, 0.00000000000000000000e+00) (5, 0, 5.00000000000000000000e-01) (0, 0, 0.00000000000000000000e+00) 
connections (connected_to_neuron, weight)=(0, -6.96822570800781250000e+02) (1, -7.81145274639129638672e-01) (2, 7.10847351074218750000e+02) (3, 3.70839405059814453125e+00) (4, -5.58725476264953613281e-01) (5, 2.53106212615966796875e+01) (6, -7.78755366802215576172e-01) (0, -4.06406669616699218750e+01) (1, -1.06645393371582031250e+00) (2, -1.34818554687500000000e+03) (3, -1.45027840137481689453e+00) (4, -1.03437149524688720703e+00) (5, -3.53437423706054687500e+00) (6, -8.94616544246673583984e-01) (0, -2.86509887695312500000e+02) (1, -1.17356443405151367188e+00) (2, -1.46602844238281250000e+02) (3, -6.69171905517578125000e+00) (4, 2.11649608612060546875e+00) (5, 2.53746814727783203125e+01) (6, -1.10133183002471923828e+00) (0, -4.06184120178222656250e+01) (1, -1.13815689086914062500e+00) (2, -1.34818554687500000000e+03) (3, -1.41285073757171630859e+00) (4, -1.13640534877777099609e+00) (5, -3.44535446166992187500e+00) (6, -1.05707037448883056641e+00) (7, 5.05047760009765625000e+02) (8, -1.50000000000000000000e+03) (9, -5.07116577148437500000e+02) (10, -1.50000000000000000000e+03) (11, 8.04710574448108673096e-03) 
