FANN_FLO_2.1
num_layers=3
learning_rate=0.500000
connection_rate=1.000000
network_type=0
learning_momentum=0.000000
training_algorithm=2
train_error_function=1
train_stop_function=0
cascade_output_change_fraction=0.010000
quickprop_decay=-0.000100
quickprop_mu=1.750000
rprop_increase_factor=1.200000
rprop_decrease_factor=0.500000
rprop_delta_min=0.000000
rprop_delta_max=50.000000
rprop_delta_zero=0.100000
cascade_output_stagnation_epochs=12
cascade_candidate_change_fraction=0.010000
cascade_candidate_stagnation_epochs=12
cascade_max_out_epochs=150
cascade_min_out_epochs=50
cascade_max_cand_epochs=150
cascade_min_cand_epochs=50
cascade_num_candidate_groups=2
bit_fail_limit=3.49999994039535522461e-01
cascade_candidate_limit=1.00000000000000000000e+03
cascade_weight_multiplier=4.00000005960464477539e-01
cascade_activation_functions_count=10
cascade_activation_functions=3 5 7 8 10 11 14 15 16 17 
cascade_activation_steepnesses_count=4
cascade_activation_steepnesses=2.50000000000000000000e-01 5.00000000000000000000e-01 7.50000000000000000000e-01 1.00000000000000000000e+00 
layer_sizes=10 5 2 
scale_included=0
neurons (num_inputs, activation_function, activation_steepness)=(0, 0, 0.00000000000000000000e+00) (0, 0, 0.00000000000000000000e+00) (0, 0, 0.00000000000000000000e+00) (0, 0, 0.00000000000000000000e+00) (0, 0, 0.00000000000000000000e+00) (0, 0, 0.00000000000000000000e+00) (0, 0, 0.00000000000000000000e+00) (0, 0, 0.00000000000000000000e+00) (0, 0, 0.00000000000000000000e+00) (0, 0, 0.00000000000000000000e+00) (10, 3, 5.00000000000000000000e-01) (10, 3, 5.00000000000000000000e-01) (10, 3, 5.00000000000000000000e-01) (10, 3, 5.00000000000000000000e-01) (0, 3, 0.00000000000000000000e+00) (5, 3, 5.00000000000000000000e-01) (0, 3, 0.00000000000000000000e+00) 
connections (connected_to_neuron, weight)=(0, 4.38371062278747558594e-01) (1, 1.87428057193756103516e-01) (2, 8.84480595588684082031e-01) (3, 2.82948285341262817383e-01) (4, 5.80161571502685546875e-01) (5, -1.50706708431243896484e-01) (6, 6.55357897281646728516e-01) (7, -2.30801433324813842773e-01) (8, 5.42744159698486328125e-01) (9, -2.59277641773223876953e-01) (0, -3.53962182998657226562e-01) (1, -4.69534903764724731445e-01) (2, -2.57271438837051391602e-01) (3, -3.94458264112472534180e-01) (4, -2.99268394708633422852e-01) (5, -7.00552403926849365234e-01) (6, -2.61561304330825805664e-01) (7, -5.48857271671295166016e-01) (8, -3.15784990787506103516e-01) (9, 1.04862403869628906250e+00) (0, -4.64155167341232299805e-01) (1, -4.99348521232604980469e-01) (2, -2.57973164319992065430e-01) (3, -5.91999232769012451172e-01) (4, -4.83136385679244995117e-01) (5, 2.87928134202957153320e-01) (6, -5.65021038055419921875e-01) (7, -4.05099242925643920898e-01) (8, -2.37148091197013854980e-01) (9, 5.75886011123657226562e-01) (0, -3.10254305601119995117e-01) (1, -2.75338768959045410156e-01) (2, -2.02815085649490356445e-01) (3, -3.39421927928924560547e-01) (4, -2.73280352354049682617e-01) (5, -3.89427900314331054688e-01) (6, -3.85097205638885498047e-01) (7, -6.87013745307922363281e-01) (8, -5.52029490470886230469e-01) (9, 5.52668869495391845703e-01) (10, 1.41469073295593261719e+00) (11, -3.14091300964355468750e+00) (12, -5.96884965896606445312e-01) (13, -6.50670528411865234375e-01) (14, 2.11326584219932556152e-01) 
