FANN_FLO_2.1
num_layers=4
learning_rate=0.300000
connection_rate=1.000000
network_type=0
learning_momentum=0.000000
training_algorithm=2
train_error_function=1
train_stop_function=0
cascade_output_change_fraction=0.010000
quickprop_decay=-0.000100
quickprop_mu=1.750000
rprop_increase_factor=1.200000
rprop_decrease_factor=0.500000
rprop_delta_min=0.000000
rprop_delta_max=50.000000
rprop_delta_zero=0.100000
cascade_output_stagnation_epochs=12
cascade_candidate_change_fraction=0.010000
cascade_candidate_stagnation_epochs=12
cascade_max_out_epochs=150
cascade_min_out_epochs=50
cascade_max_cand_epochs=150
cascade_min_cand_epochs=50
cascade_num_candidate_groups=2
bit_fail_limit=3.49999994039535522461e-01
cascade_candidate_limit=1.00000000000000000000e+03
cascade_weight_multiplier=4.00000005960464477539e-01
cascade_activation_functions_count=10
cascade_activation_functions=3 5 7 8 10 11 14 15 16 17 
cascade_activation_steepnesses_count=4
cascade_activation_steepnesses=2.50000000000000000000e-01 5.00000000000000000000e-01 7.50000000000000000000e-01 1.00000000000000000000e+00 
layer_sizes=2 5 5 3 
scale_included=0
neurons (num_inputs, activation_function, activation_steepness)=(0, 0, 0.00000000000000000000e+00) (0, 0, 0.00000000000000000000e+00) (2, 3, 5.00000000000000000000e-01) (2, 3, 5.00000000000000000000e-01) (2, 3, 5.00000000000000000000e-01) (2, 3, 5.00000000000000000000e-01) (0, 3, 0.00000000000000000000e+00) (5, 3, 5.00000000000000000000e-01) (5, 3, 5.00000000000000000000e-01) (5, 3, 5.00000000000000000000e-01) (5, 3, 5.00000000000000000000e-01) (0, 3, 0.00000000000000000000e+00) (5, 0, 5.00000000000000000000e-01) (5, 0, 5.00000000000000000000e-01) (0, 0, 0.00000000000000000000e+00) 
connections (connected_to_neuron, weight)=(0, -1.50000000000000000000e+03) (1, -1.40390828251838684082e-01) (0, -1.50000000000000000000e+03) (1, -6.77884674072265625000e+00) (0, -1.50000000000000000000e+03) (1, -2.39055480957031250000e+01) (0, -1.50000000000000000000e+03) (1, -1.20493531227111816406e-01) (2, 8.13893914222717285156e-01) (3, 3.68922889232635498047e-01) (4, 1.12225675582885742188e+00) (5, 8.34390640258789062500e-01) (6, -2.22177579998970031738e-02) (2, 4.14059571921825408936e-02) (3, 7.80532062053680419922e-01) (4, 4.02482604980468750000e+00) (5, 1.08342729508876800537e-02) (6, -4.46515798568725585938e-01) (2, 6.53530299663543701172e-01) (3, 9.42659437656402587891e-01) (4, 1.41411161422729492188e+00) (5, 7.15298831462860107422e-01) (6, -1.59013438224792480469e+00) (2, 4.79924947023391723633e-01) (3, 1.73599749803543090820e-01) (4, 1.29355698823928833008e-01) (5, 4.20621275901794433594e-01) (6, 5.97187161445617675781e-01) (7, 1.47296320647001266479e-02) (8, 1.77999243140220642090e-01) (9, 9.09162089228630065918e-02) (10, -7.59274736046791076660e-02) (11, -2.14669257402420043945e-01) (7, -3.83980691432952880859e-01) (8, -4.73037302494049072266e-01) (9, -5.58818280696868896484e-01) (10, -4.09182578325271606445e-01) (11, -3.80794525146484375000e-01) 
