FANN_FLO_2.1
num_layers=3
learning_rate=0.300000
connection_rate=1.000000
network_type=0
learning_momentum=0.000000
training_algorithm=2
train_error_function=1
train_stop_function=0
cascade_output_change_fraction=0.010000
quickprop_decay=-0.000100
quickprop_mu=1.750000
rprop_increase_factor=1.200000
rprop_decrease_factor=0.500000
rprop_delta_min=0.000000
rprop_delta_max=50.000000
rprop_delta_zero=0.100000
cascade_output_stagnation_epochs=12
cascade_candidate_change_fraction=0.010000
cascade_candidate_stagnation_epochs=12
cascade_max_out_epochs=150
cascade_min_out_epochs=50
cascade_max_cand_epochs=150
cascade_min_cand_epochs=50
cascade_num_candidate_groups=2
bit_fail_limit=3.49999994039535522461e-01
cascade_candidate_limit=1.00000000000000000000e+03
cascade_weight_multiplier=4.00000005960464477539e-01
cascade_activation_functions_count=10
cascade_activation_functions=3 5 7 8 10 11 14 15 16 17 
cascade_activation_steepnesses_count=4
cascade_activation_steepnesses=2.50000000000000000000e-01 5.00000000000000000000e-01 7.50000000000000000000e-01 1.00000000000000000000e+00 
layer_sizes=4 9 2 
scale_included=0
neurons (num_inputs, activation_function, activation_steepness)=(0, 0, 0.00000000000000000000e+00) (0, 0, 0.00000000000000000000e+00) (0, 0, 0.00000000000000000000e+00) (0, 0, 0.00000000000000000000e+00) (4, 3, 5.00000000000000000000e-01) (4, 3, 5.00000000000000000000e-01) (4, 3, 5.00000000000000000000e-01) (4, 3, 5.00000000000000000000e-01) (4, 3, 5.00000000000000000000e-01) (4, 3, 5.00000000000000000000e-01) (4, 3, 5.00000000000000000000e-01) (4, 3, 5.00000000000000000000e-01) (0, 3, 0.00000000000000000000e+00) (9, 3, 5.00000000000000000000e-01) (0, 3, 0.00000000000000000000e+00) 
connections (connected_to_neuron, weight)=(0, -1.78779035806655883789e-01) (1, 3.12335100024938583374e-02) (2, -3.28547894954681396484e-01) (3, 2.54195785522460937500e+00) (0, -1.06995069980621337891e+00) (1, 3.54388386011123657227e-01) (2, -1.21684753894805908203e+00) (3, 1.84129505157470703125e+01) (0, 1.50000000000000000000e+03) (1, 1.49999035644531250000e+03) (2, 1.50000000000000000000e+03) (3, 6.04317367076873779297e-01) (0, 3.23406314849853515625e+00) (1, -1.26963376998901367188e+00) (2, -2.45995941162109375000e+01) (3, -2.12875008583068847656e-01) (0, -7.16463327407836914062e-01) (1, 1.76463901996612548828e-01) (2, -1.16398775577545166016e+00) (3, 1.59980211257934570312e+01) (0, -7.75296926498413085938e-01) (1, 2.27061703801155090332e-01) (2, -1.04204070568084716797e+00) (3, 1.95754795074462890625e+01) (0, -2.36870861053466796875e+00) (1, 2.46898561716079711914e-01) (2, 8.07018470764160156250e+00) (3, -6.46013593673706054688e+00) (0, -9.42929565906524658203e-01) (1, 4.08329129219055175781e-01) (2, -1.25446403026580810547e+00) (3, 1.72731971740722656250e+01) (4, -6.49510574340820312500e+00) (5, -3.87070834636688232422e-01) (6, 5.68471372127532958984e-01) (7, -1.50000000000000000000e+03) (8, -5.67752301692962646484e-01) (9, -6.07084095478057861328e-01) (10, 1.85139834880828857422e-01) (11, -3.27997118234634399414e-01) (12, 4.18539643287658691406e-01) 
