FANN_FLO_2.1
num_layers=4
learning_rate=0.500000
connection_rate=1.000000
network_type=0
learning_momentum=0.000000
training_algorithm=2
train_error_function=1
train_stop_function=0
cascade_output_change_fraction=0.010000
quickprop_decay=-0.000100
quickprop_mu=1.750000
rprop_increase_factor=1.200000
rprop_decrease_factor=0.500000
rprop_delta_min=0.000000
rprop_delta_max=50.000000
rprop_delta_zero=0.100000
cascade_output_stagnation_epochs=12
cascade_candidate_change_fraction=0.010000
cascade_candidate_stagnation_epochs=12
cascade_max_out_epochs=150
cascade_min_out_epochs=50
cascade_max_cand_epochs=150
cascade_min_cand_epochs=50
cascade_num_candidate_groups=2
bit_fail_limit=3.49999994039535522461e-01
cascade_candidate_limit=1.00000000000000000000e+03
cascade_weight_multiplier=4.00000005960464477539e-01
cascade_activation_functions_count=10
cascade_activation_functions=3 5 7 8 10 11 14 15 16 17 
cascade_activation_steepnesses_count=4
cascade_activation_steepnesses=2.50000000000000000000e-01 5.00000000000000000000e-01 7.50000000000000000000e-01 1.00000000000000000000e+00 
layer_sizes=4 5 3 2 
scale_included=0
neurons (num_inputs, activation_function, activation_steepness)=(0, 0, 0.00000000000000000000e+00) (0, 0, 0.00000000000000000000e+00) (0, 0, 0.00000000000000000000e+00) (0, 0, 0.00000000000000000000e+00) (4, 3, 5.00000000000000000000e-01) (4, 3, 5.00000000000000000000e-01) (4, 3, 5.00000000000000000000e-01) (4, 3, 5.00000000000000000000e-01) (0, 3, 0.00000000000000000000e+00) (5, 3, 5.00000000000000000000e-01) (5, 3, 5.00000000000000000000e-01) (0, 3, 0.00000000000000000000e+00) (3, 3, 5.00000000000000000000e-01) (0, 3, 0.00000000000000000000e+00) 
connections (connected_to_neuron, weight)=(0, -3.94796109199523925781e+00) (1, -4.50201272964477539062e+00) (2, 2.52749156951904296875e+00) (3, 2.49995923042297363281e+00) (0, -2.39435791969299316406e+00) (1, -1.79870281219482421875e+01) (2, 3.13622379302978515625e+01) (3, 7.93401151895523071289e-02) (0, -3.67980051040649414062e+00) (1, -6.20279312133789062500e+00) (2, 6.02373409271240234375e+00) (3, -1.32410794496536254883e-01) (0, -3.52448296546936035156e+00) (1, -6.19372510910034179688e+00) (2, 2.23890399932861328125e+00) (3, 3.23060083389282226562e+00) (4, 8.17000061035156250000e+02) (5, 6.71200073242187500000e+02) (6, 5.35738647460937500000e+02) (7, 8.17000061035156250000e+02) (8, 2.93638706207275390625e+00) (4, 3.61314544677734375000e+01) (5, -9.11862945556640625000e+00) (6, -1.89773635864257812500e+01) (7, 4.82182598114013671875e+00) (8, -3.94910240173339843750e+00) (9, 5.29377311468124389648e-02) (10, -4.62636137008666992188e+00) (11, 2.29899406433105468750e+00) 
