FANN_FLO_2.1
num_layers=3
learning_rate=0.400000
connection_rate=1.000000
network_type=0
learning_momentum=0.000000
training_algorithm=2
train_error_function=1
train_stop_function=0
cascade_output_change_fraction=0.010000
quickprop_decay=-0.000100
quickprop_mu=1.750000
rprop_increase_factor=1.200000
rprop_decrease_factor=0.500000
rprop_delta_min=0.000000
rprop_delta_max=50.000000
rprop_delta_zero=0.100000
cascade_output_stagnation_epochs=12
cascade_candidate_change_fraction=0.010000
cascade_candidate_stagnation_epochs=12
cascade_max_out_epochs=150
cascade_min_out_epochs=50
cascade_max_cand_epochs=150
cascade_min_cand_epochs=50
cascade_num_candidate_groups=2
bit_fail_limit=3.49999994039535522461e-01
cascade_candidate_limit=1.00000000000000000000e+03
cascade_weight_multiplier=4.00000005960464477539e-01
cascade_activation_functions_count=10
cascade_activation_functions=3 5 7 8 10 11 14 15 16 17 
cascade_activation_steepnesses_count=4
cascade_activation_steepnesses=2.50000000000000000000e-01 5.00000000000000000000e-01 7.50000000000000000000e-01 1.00000000000000000000e+00 
layer_sizes=10 3 2 
scale_included=0
neurons (num_inputs, activation_function, activation_steepness)=(0, 0, 0.00000000000000000000e+00) (0, 0, 0.00000000000000000000e+00) (0, 0, 0.00000000000000000000e+00) (0, 0, 0.00000000000000000000e+00) (0, 0, 0.00000000000000000000e+00) (0, 0, 0.00000000000000000000e+00) (0, 0, 0.00000000000000000000e+00) (0, 0, 0.00000000000000000000e+00) (0, 0, 0.00000000000000000000e+00) (0, 0, 0.00000000000000000000e+00) (10, 3, 5.00000000000000000000e-01) (10, 3, 5.00000000000000000000e-01) (0, 3, 0.00000000000000000000e+00) (3, 3, 5.00000000000000000000e-01) (0, 3, 0.00000000000000000000e+00) 
connections (connected_to_neuron, weight)=(0, -1.04278884828090667725e-01) (1, 1.86232745647430419922e-01) (2, -9.41321179270744323730e-02) (3, -1.60144746303558349609e-01) (4, -4.51103076338768005371e-02) (5, -1.70987218618392944336e-01) (6, 2.79640555381774902344e-02) (7, 2.17370688915252685547e-01) (8, 2.08389610052108764648e-02) (9, 1.47406697273254394531e-01) (0, -5.29083982110023498535e-02) (1, 1.43415018916130065918e-01) (2, -8.74269977211952209473e-02) (3, -2.11277365684509277344e-01) (4, -3.27755734324455261230e-02) (5, -1.67517542839050292969e-01) (6, 1.42411321401596069336e-01) (7, 1.42781212925910949707e-01) (8, 1.12860888242721557617e-01) (9, 1.88315868377685546875e-01) (10, 1.61075860261917114258e-01) (11, 1.36451363563537597656e-01) (12, 1.95373117923736572266e-01) 
