FANN_FLO_2.1
num_layers=4
learning_rate=0.450000
connection_rate=1.000000
network_type=0
learning_momentum=0.000000
training_algorithm=2
train_error_function=1
train_stop_function=0
cascade_output_change_fraction=0.010000
quickprop_decay=-0.000100
quickprop_mu=1.750000
rprop_increase_factor=1.200000
rprop_decrease_factor=0.500000
rprop_delta_min=0.000000
rprop_delta_max=50.000000
rprop_delta_zero=0.100000
cascade_output_stagnation_epochs=12
cascade_candidate_change_fraction=0.010000
cascade_candidate_stagnation_epochs=12
cascade_max_out_epochs=150
cascade_min_out_epochs=50
cascade_max_cand_epochs=150
cascade_min_cand_epochs=50
cascade_num_candidate_groups=2
bit_fail_limit=3.49999994039535522461e-01
cascade_candidate_limit=1.00000000000000000000e+03
cascade_weight_multiplier=4.00000005960464477539e-01
cascade_activation_functions_count=10
cascade_activation_functions=3 5 7 8 10 11 14 15 16 17 
cascade_activation_steepnesses_count=4
cascade_activation_steepnesses=2.50000000000000000000e-01 5.00000000000000000000e-01 7.50000000000000000000e-01 1.00000000000000000000e+00 
layer_sizes=7 5 3 2 
scale_included=0
neurons (num_inputs, activation_function, activation_steepness)=(0, 0, 0.00000000000000000000e+00) (0, 0, 0.00000000000000000000e+00) (0, 0, 0.00000000000000000000e+00) (0, 0, 0.00000000000000000000e+00) (0, 0, 0.00000000000000000000e+00) (0, 0, 0.00000000000000000000e+00) (0, 0, 0.00000000000000000000e+00) (7, 3, 5.00000000000000000000e-01) (7, 3, 5.00000000000000000000e-01) (7, 3, 5.00000000000000000000e-01) (7, 3, 5.00000000000000000000e-01) (0, 3, 0.00000000000000000000e+00) (5, 3, 5.00000000000000000000e-01) (5, 3, 5.00000000000000000000e-01) (0, 3, 0.00000000000000000000e+00) (3, 0, 5.00000000000000000000e-01) (0, 0, 0.00000000000000000000e+00) 
connections (connected_to_neuron, weight)=(0, 1.18974184989929199219e+00) (1, 5.14136433601379394531e-01) (2, 1.70217350125312805176e-01) (3, 8.36044311523437500000e-01) (4, 1.29566562175750732422e+00) (5, -4.25685834884643554688e+00) (6, -3.99249291419982910156e+00) (0, -3.91500204801559448242e-01) (1, 5.22842347621917724609e-01) (2, -1.00109446048736572266e+00) (3, 3.83151590824127197266e-01) (4, 9.66819584369659423828e-01) (5, -2.25387945771217346191e-01) (6, -2.53346943855285644531e+00) (0, 6.07220530509948730469e-01) (1, 1.19427168369293212891e+00) (2, -1.86962413787841796875e+00) (3, 9.84806954860687255859e-01) (4, 1.04781877994537353516e+00) (5, -2.18176817893981933594e+00) (6, 1.28490626811981201172e+00) (0, -4.20634150505065917969e-02) (1, 8.93691122531890869141e-01) (2, -4.98516499996185302734e-01) (3, 1.58450990915298461914e-01) (4, 5.99322438240051269531e-01) (5, -5.63539266586303710938e-01) (6, -7.78984642028808593750e+00) (7, -8.39088153839111328125e+00) (8, -8.33246803283691406250e+00) (9, 3.97699356079101562500e+00) (10, 2.17515563964843750000e+00) (11, -1.35797786712646484375e+00) (7, -3.21439146995544433594e-01) (8, -3.91718953847885131836e-01) (9, -3.69522142410278320312e+00) (10, -3.60518002510070800781e+00) (11, 3.41905444860458374023e-01) (12, 2.54975295066833496094e+00) (13, 2.48506593704223632812e+00) (14, -1.72653533518314361572e-02) 
