FANN_FLO_2.1
num_layers=3
learning_rate=0.400000
connection_rate=1.000000
network_type=0
learning_momentum=0.000000
training_algorithm=2
train_error_function=1
train_stop_function=0
cascade_output_change_fraction=0.010000
quickprop_decay=-0.000100
quickprop_mu=1.750000
rprop_increase_factor=1.200000
rprop_decrease_factor=0.500000
rprop_delta_min=0.000000
rprop_delta_max=50.000000
rprop_delta_zero=0.100000
cascade_output_stagnation_epochs=12
cascade_candidate_change_fraction=0.010000
cascade_candidate_stagnation_epochs=12
cascade_max_out_epochs=150
cascade_min_out_epochs=50
cascade_max_cand_epochs=150
cascade_min_cand_epochs=50
cascade_num_candidate_groups=2
bit_fail_limit=3.49999994039535522461e-01
cascade_candidate_limit=1.00000000000000000000e+03
cascade_weight_multiplier=4.00000005960464477539e-01
cascade_activation_functions_count=10
cascade_activation_functions=3 5 7 8 10 11 14 15 16 17 
cascade_activation_steepnesses_count=4
cascade_activation_steepnesses=2.50000000000000000000e-01 5.00000000000000000000e-01 7.50000000000000000000e-01 1.00000000000000000000e+00 
layer_sizes=10 3 2 
scale_included=0
neurons (num_inputs, activation_function, activation_steepness)=(0, 0, 0.00000000000000000000e+00) (0, 0, 0.00000000000000000000e+00) (0, 0, 0.00000000000000000000e+00) (0, 0, 0.00000000000000000000e+00) (0, 0, 0.00000000000000000000e+00) (0, 0, 0.00000000000000000000e+00) (0, 0, 0.00000000000000000000e+00) (0, 0, 0.00000000000000000000e+00) (0, 0, 0.00000000000000000000e+00) (0, 0, 0.00000000000000000000e+00) (10, 3, 5.00000000000000000000e-01) (10, 3, 5.00000000000000000000e-01) (0, 3, 0.00000000000000000000e+00) (3, 3, 5.00000000000000000000e-01) (0, 3, 0.00000000000000000000e+00) 
connections (connected_to_neuron, weight)=(0, -2.14263603091239929199e-01) (1, -9.57285538315773010254e-02) (2, -1.38637125492095947266e-01) (3, -1.99462875723838806152e-01) (4, -1.91971689462661743164e-01) (5, -1.88319474458694458008e-01) (6, -2.10740417242050170898e-01) (7, -2.05587998032569885254e-01) (8, -2.19190061092376708984e-01) (9, -2.86480709910392761230e-02) (0, -1.29858106374740600586e-01) (1, -2.06787943840026855469e-01) (2, -1.91408663988113403320e-01) (3, -1.83608397841453552246e-01) (4, -1.09064146876335144043e-01) (5, -1.65270775556564331055e-01) (6, -1.45531654357910156250e-01) (7, -7.38756284117698669434e-02) (8, -1.66595518589019775391e-01) (9, -9.46967378258705139160e-02) (10, -5.95642998814582824707e-02) (11, -2.66108885407447814941e-02) (12, -5.52050992846488952637e-02) 
