FANN_FLO_2.1
num_layers=4
learning_rate=0.500000
connection_rate=1.000000
network_type=0
learning_momentum=0.000000
training_algorithm=2
train_error_function=1
train_stop_function=0
cascade_output_change_fraction=0.010000
quickprop_decay=-0.000100
quickprop_mu=1.750000
rprop_increase_factor=1.200000
rprop_decrease_factor=0.500000
rprop_delta_min=0.000000
rprop_delta_max=50.000000
rprop_delta_zero=0.100000
cascade_output_stagnation_epochs=12
cascade_candidate_change_fraction=0.010000
cascade_candidate_stagnation_epochs=12
cascade_max_out_epochs=150
cascade_min_out_epochs=50
cascade_max_cand_epochs=150
cascade_min_cand_epochs=50
cascade_num_candidate_groups=2
bit_fail_limit=3.49999994039535522461e-01
cascade_candidate_limit=1.00000000000000000000e+03
cascade_weight_multiplier=4.00000005960464477539e-01
cascade_activation_functions_count=10
cascade_activation_functions=3 5 7 8 10 11 14 15 16 17 
cascade_activation_steepnesses_count=4
cascade_activation_steepnesses=2.50000000000000000000e-01 5.00000000000000000000e-01 7.50000000000000000000e-01 1.00000000000000000000e+00 
layer_sizes=4 5 3 2 
scale_included=0
neurons (num_inputs, activation_function, activation_steepness)=(0, 0, 0.00000000000000000000e+00) (0, 0, 0.00000000000000000000e+00) (0, 0, 0.00000000000000000000e+00) (0, 0, 0.00000000000000000000e+00) (4, 3, 5.00000000000000000000e-01) (4, 3, 5.00000000000000000000e-01) (4, 3, 5.00000000000000000000e-01) (4, 3, 5.00000000000000000000e-01) (0, 3, 0.00000000000000000000e+00) (5, 3, 5.00000000000000000000e-01) (5, 3, 5.00000000000000000000e-01) (0, 3, 0.00000000000000000000e+00) (3, 3, 5.00000000000000000000e-01) (0, 3, 0.00000000000000000000e+00) 
connections (connected_to_neuron, weight)=(0, 2.70110607147216796875e+00) (1, -1.00290937423706054688e+01) (2, 6.23257589340209960938e+00) (3, -6.45475611090660095215e-02) (0, -3.75437736511230468750e+00) (1, -8.56327438354492187500e+00) (2, 3.98465633392333984375e+00) (3, 1.93491029739379882812e+00) (0, -1.76403737068176269531e+00) (1, -1.27483296394348144531e+00) (2, -1.35469281673431396484e+00) (3, 5.99790453910827636719e-01) (0, -3.76787042617797851562e+00) (1, -8.71776771545410156250e+00) (2, 3.75591421127319335938e+00) (3, 1.95541512966156005859e+00) (4, -7.66159772872924804688e+00) (5, 4.80989265441894531250e+00) (6, 2.27718811035156250000e+01) (7, 2.97583599090576171875e+01) (8, -2.90574932098388671875e+00) (4, -5.40889680385589599609e-01) (5, 4.17476129531860351562e+00) (6, -6.56929302215576171875e+00) (7, 1.03734979629516601562e+01) (8, -2.64841258525848388672e-01) (9, -6.24352216720581054688e+00) (10, 1.69217312335968017578e+00) (11, 2.33778142929077148438e+00) 
