FANN_FLO_2.1
num_layers=3
learning_rate=0.400000
connection_rate=1.000000
network_type=0
learning_momentum=0.000000
training_algorithm=2
train_error_function=1
train_stop_function=0
cascade_output_change_fraction=0.010000
quickprop_decay=-0.000100
quickprop_mu=1.750000
rprop_increase_factor=1.200000
rprop_decrease_factor=0.500000
rprop_delta_min=0.000000
rprop_delta_max=50.000000
rprop_delta_zero=0.100000
cascade_output_stagnation_epochs=12
cascade_candidate_change_fraction=0.010000
cascade_candidate_stagnation_epochs=12
cascade_max_out_epochs=150
cascade_min_out_epochs=50
cascade_max_cand_epochs=150
cascade_min_cand_epochs=50
cascade_num_candidate_groups=2
bit_fail_limit=3.49999994039535522461e-01
cascade_candidate_limit=1.00000000000000000000e+03
cascade_weight_multiplier=4.00000005960464477539e-01
cascade_activation_functions_count=10
cascade_activation_functions=3 5 7 8 10 11 14 15 16 17 
cascade_activation_steepnesses_count=4
cascade_activation_steepnesses=2.50000000000000000000e-01 5.00000000000000000000e-01 7.50000000000000000000e-01 1.00000000000000000000e+00 
layer_sizes=6 5 2 
scale_included=0
neurons (num_inputs, activation_function, activation_steepness)=(0, 0, 0.00000000000000000000e+00) (0, 0, 0.00000000000000000000e+00) (0, 0, 0.00000000000000000000e+00) (0, 0, 0.00000000000000000000e+00) (0, 0, 0.00000000000000000000e+00) (0, 0, 0.00000000000000000000e+00) (6, 3, 5.00000000000000000000e-01) (6, 3, 5.00000000000000000000e-01) (6, 3, 5.00000000000000000000e-01) (6, 3, 5.00000000000000000000e-01) (0, 3, 0.00000000000000000000e+00) (5, 0, 5.00000000000000000000e-01) (0, 0, 0.00000000000000000000e+00) 
connections (connected_to_neuron, weight)=(0, -1.50000000000000000000e+03) (1, -1.50000000000000000000e+03) (2, 2.23034851074218750000e+02) (3, -1.95673522949218750000e+01) (4, -2.01112945556640625000e+02) (5, 1.48084074258804321289e-01) (0, -1.50000000000000000000e+03) (1, -1.50000000000000000000e+03) (2, 1.48830764770507812500e+02) (3, -1.97081737518310546875e+01) (4, -1.53538223266601562500e+02) (5, 1.07629813253879547119e-01) (0, -1.50000000000000000000e+03) (1, -1.50000000000000000000e+03) (2, 2.23034027099609375000e+02) (3, -1.97386589050292968750e+01) (4, -2.01395568847656250000e+02) (5, 1.88904523849487304688e-01) (0, -1.50000000000000000000e+03) (1, -1.48714562988281250000e+03) (2, 3.62758178710937500000e+02) (3, -1.69715099334716796875e+01) (4, -3.17942718505859375000e+02) (5, -1.17278769612312316895e-01) (6, 1.27903718948364257812e+01) (7, 8.82965183258056640625e+00) (8, 1.27296018600463867188e+01) (9, 2.77238756418228149414e-01) (10, 8.00970017910003662109e-01) 
