FANN_FLO_2.1
num_layers=3
learning_rate=0.500000
connection_rate=1.000000
network_type=0
learning_momentum=0.000000
training_algorithm=2
train_error_function=1
train_stop_function=0
cascade_output_change_fraction=0.010000
quickprop_decay=-0.000100
quickprop_mu=1.750000
rprop_increase_factor=1.200000
rprop_decrease_factor=0.500000
rprop_delta_min=0.000000
rprop_delta_max=50.000000
rprop_delta_zero=0.100000
cascade_output_stagnation_epochs=12
cascade_candidate_change_fraction=0.010000
cascade_candidate_stagnation_epochs=12
cascade_max_out_epochs=150
cascade_min_out_epochs=50
cascade_max_cand_epochs=150
cascade_min_cand_epochs=50
cascade_num_candidate_groups=2
bit_fail_limit=3.49999994039535522461e-01
cascade_candidate_limit=1.00000000000000000000e+03
cascade_weight_multiplier=4.00000005960464477539e-01
cascade_activation_functions_count=10
cascade_activation_functions=3 5 7 8 10 11 14 15 16 17 
cascade_activation_steepnesses_count=4
cascade_activation_steepnesses=2.50000000000000000000e-01 5.00000000000000000000e-01 7.50000000000000000000e-01 1.00000000000000000000e+00 
layer_sizes=3 9 4 
scale_included=0
neurons (num_inputs, activation_function, activation_steepness)=(0, 0, 0.00000000000000000000e+00) (0, 0, 0.00000000000000000000e+00) (0, 0, 0.00000000000000000000e+00) (3, 3, 5.00000000000000000000e-01) (3, 3, 5.00000000000000000000e-01) (3, 3, 5.00000000000000000000e-01) (3, 3, 5.00000000000000000000e-01) (3, 3, 5.00000000000000000000e-01) (3, 3, 5.00000000000000000000e-01) (3, 3, 5.00000000000000000000e-01) (3, 3, 5.00000000000000000000e-01) (0, 3, 0.00000000000000000000e+00) (9, 0, 5.00000000000000000000e-01) (9, 0, 5.00000000000000000000e-01) (9, 0, 5.00000000000000000000e-01) (0, 0, 0.00000000000000000000e+00) 
connections (connected_to_neuron, weight)=(0, -6.01349592208862304688e+00) (1, 4.98663949966430664062e+00) (2, 4.40854167938232421875e+00) (0, -4.44009828567504882812e+00) (1, 6.10060787200927734375e+00) (2, 4.84619188308715820312e+00) (0, -6.30826473236083984375e+00) (1, 2.94660234451293945312e+00) (2, 3.07378315925598144531e+00) (0, -5.03571510314941406250e+00) (1, 1.20851373672485351562e+00) (2, 1.09980630874633789062e+00) (0, -4.25610923767089843750e+00) (1, 3.56539748609066009521e-02) (2, 1.83250576257705688477e-01) (0, -3.13729166984558105469e+00) (1, -2.53536939620971679688e+00) (2, 4.22038972377777099609e-01) (0, -3.19566130638122558594e+00) (1, -1.46651649475097656250e+00) (2, 7.90546953678131103516e-01) (0, -1.86125934123992919922e+00) (1, -4.43202447891235351562e+00) (2, 1.11207270622253417969e+00) (3, 1.10042548179626464844e+00) (4, 7.65001833438873291016e-01) (5, 1.24552321434020996094e+00) (6, 9.63503658771514892578e-01) (7, 1.88299715518951416016e+00) (8, 1.73274672031402587891e+00) (9, 9.07053649425506591797e-01) (10, 1.61324751377105712891e+00) (11, 7.02957928180694580078e-01) (3, 4.24188184738159179688e+00) (4, 3.31578063964843750000e+00) (5, 3.55280876159667968750e+00) (6, 3.33135700225830078125e+00) (7, 4.02176475524902343750e+00) (8, 3.95074653625488281250e+00) (9, 3.40762472152709960938e+00) (10, 5.09782075881958007812e+00) (11, 2.78748106956481933594e+00) (3, 1.29924011230468750000e+01) (4, 1.30805931091308593750e+01) (5, 1.07133541107177734375e+01) (6, 1.07429056167602539062e+01) (7, 1.25491514205932617188e+01) (8, 1.13324213027954101562e+01) (9, 1.13042230606079101562e+01) (10, 1.76247348785400390625e+01) (11, 1.30220766067504882812e+01) 
