FANN_FLO_2.1
num_layers=3
learning_rate=0.500000
connection_rate=1.000000
network_type=0
learning_momentum=0.000000
training_algorithm=2
train_error_function=1
train_stop_function=0
cascade_output_change_fraction=0.010000
quickprop_decay=-0.000100
quickprop_mu=1.750000
rprop_increase_factor=1.200000
rprop_decrease_factor=0.500000
rprop_delta_min=0.000000
rprop_delta_max=50.000000
rprop_delta_zero=0.100000
cascade_output_stagnation_epochs=12
cascade_candidate_change_fraction=0.010000
cascade_candidate_stagnation_epochs=12
cascade_max_out_epochs=150
cascade_min_out_epochs=50
cascade_max_cand_epochs=150
cascade_min_cand_epochs=50
cascade_num_candidate_groups=2
bit_fail_limit=3.49999994039535522461e-01
cascade_candidate_limit=1.00000000000000000000e+03
cascade_weight_multiplier=4.00000005960464477539e-01
cascade_activation_functions_count=10
cascade_activation_functions=3 5 7 8 10 11 14 15 16 17 
cascade_activation_steepnesses_count=4
cascade_activation_steepnesses=2.50000000000000000000e-01 5.00000000000000000000e-01 7.50000000000000000000e-01 1.00000000000000000000e+00 
layer_sizes=10 5 2 
scale_included=0
neurons (num_inputs, activation_function, activation_steepness)=(0, 0, 0.00000000000000000000e+00) (0, 0, 0.00000000000000000000e+00) (0, 0, 0.00000000000000000000e+00) (0, 0, 0.00000000000000000000e+00) (0, 0, 0.00000000000000000000e+00) (0, 0, 0.00000000000000000000e+00) (0, 0, 0.00000000000000000000e+00) (0, 0, 0.00000000000000000000e+00) (0, 0, 0.00000000000000000000e+00) (0, 0, 0.00000000000000000000e+00) (10, 3, 5.00000000000000000000e-01) (10, 3, 5.00000000000000000000e-01) (10, 3, 5.00000000000000000000e-01) (10, 3, 5.00000000000000000000e-01) (0, 3, 0.00000000000000000000e+00) (5, 3, 5.00000000000000000000e-01) (0, 3, 0.00000000000000000000e+00) 
connections (connected_to_neuron, weight)=(0, -3.59401345252990722656e-01) (1, -3.91039609909057617188e-01) (2, -2.76071816682815551758e-01) (3, -3.37893664836883544922e-01) (4, -6.54422581195831298828e-01) (5, -3.17322880029678344727e-01) (6, -5.21746695041656494141e-01) (7, -4.17529165744781494141e-01) (8, -5.19883692264556884766e-01) (9, 9.43691790103912353516e-01) (0, -4.15631651878356933594e-01) (1, -4.63448554277420043945e-01) (2, -5.95682919025421142578e-01) (3, -5.22684156894683837891e-01) (4, -2.14834496378898620605e-01) (5, -4.63512003421783447266e-01) (6, -3.44396829605102539062e-01) (7, -4.19960081577301025391e-01) (8, -3.85005295276641845703e-01) (9, 1.17990565299987792969e+00) (0, -3.41856300830841064453e-01) (1, -3.68337452411651611328e-01) (2, -1.69109120965003967285e-01) (3, -4.80233252048492431641e-01) (4, -7.00788378715515136719e-01) (5, -3.65886747837066650391e-01) (6, -4.94299441576004028320e-01) (7, -4.24737811088562011719e-01) (8, -3.96005868911743164062e-01) (9, 9.99703884124755859375e-01) (0, -4.75781440734863281250e-01) (1, -4.18591976165771484375e-01) (2, -4.07922059297561645508e-01) (3, -2.74770438671112060547e-01) (4, -4.49171513319015502930e-01) (5, -5.09271442890167236328e-01) (6, -3.85871678590774536133e-01) (7, -4.81506228446960449219e-01) (8, -3.72700810432434082031e-01) (9, 1.06615090370178222656e+00) (10, -8.90440821647644042969e-01) (11, -2.19055318832397460938e+00) (12, -9.50792193412780761719e-01) (13, -9.53664422035217285156e-01) (14, 1.54392218589782714844e+00) 
