FANN_FLO_2.1
num_layers=4
learning_rate=0.300000
connection_rate=1.000000
network_type=0
learning_momentum=0.000000
training_algorithm=2
train_error_function=1
train_stop_function=0
cascade_output_change_fraction=0.010000
quickprop_decay=-0.000100
quickprop_mu=1.750000
rprop_increase_factor=1.200000
rprop_decrease_factor=0.500000
rprop_delta_min=0.000000
rprop_delta_max=50.000000
rprop_delta_zero=0.100000
cascade_output_stagnation_epochs=12
cascade_candidate_change_fraction=0.010000
cascade_candidate_stagnation_epochs=12
cascade_max_out_epochs=150
cascade_min_out_epochs=50
cascade_max_cand_epochs=150
cascade_min_cand_epochs=50
cascade_num_candidate_groups=2
bit_fail_limit=3.49999994039535522461e-01
cascade_candidate_limit=1.00000000000000000000e+03
cascade_weight_multiplier=4.00000005960464477539e-01
cascade_activation_functions_count=10
cascade_activation_functions=3 5 7 8 10 11 14 15 16 17 
cascade_activation_steepnesses_count=4
cascade_activation_steepnesses=2.50000000000000000000e-01 5.00000000000000000000e-01 7.50000000000000000000e-01 1.00000000000000000000e+00 
layer_sizes=2 5 5 3 
scale_included=0
neurons (num_inputs, activation_function, activation_steepness)=(0, 0, 0.00000000000000000000e+00) (0, 0, 0.00000000000000000000e+00) (2, 3, 5.00000000000000000000e-01) (2, 3, 5.00000000000000000000e-01) (2, 3, 5.00000000000000000000e-01) (2, 3, 5.00000000000000000000e-01) (0, 3, 0.00000000000000000000e+00) (5, 3, 5.00000000000000000000e-01) (5, 3, 5.00000000000000000000e-01) (5, 3, 5.00000000000000000000e-01) (5, 3, 5.00000000000000000000e-01) (0, 3, 0.00000000000000000000e+00) (5, 0, 5.00000000000000000000e-01) (5, 0, 5.00000000000000000000e-01) (0, 0, 0.00000000000000000000e+00) 
connections (connected_to_neuron, weight)=(0, -2.17325806617736816406e+00) (1, -5.37838602066040039062e+00) (0, -1.00018560886383056641e+00) (1, -3.60192239284515380859e-01) (0, -1.38842129707336425781e+00) (1, -4.30128955841064453125e+00) (0, -1.36457049846649169922e+00) (1, -4.15756988525390625000e+00) (2, 1.20960748195648193359e+00) (3, 5.91970026493072509766e-01) (4, 2.69448566436767578125e+00) (5, 2.58498573303222656250e+00) (6, -4.98683243989944458008e-01) (2, 1.68487620353698730469e+00) (3, -2.53551435470581054688e+00) (4, 1.46572351455688476562e+00) (5, 1.31353139877319335938e+00) (6, 1.86067238450050354004e-01) (2, 8.15276503562927246094e-01) (3, 1.60847544670104980469e+00) (4, 8.12462866306304931641e-01) (5, 1.50911498069763183594e+00) (6, -2.26796761155128479004e-01) (2, 2.48193717002868652344e+00) (3, -4.95829321444034576416e-02) (4, 2.22724366188049316406e+00) (5, 2.15223717689514160156e+00) (6, -1.74767434597015380859e+00) (7, 3.30729871988296508789e-01) (8, -1.66310384869575500488e-01) (9, 1.49087861180305480957e-01) (10, 1.49191021919250488281e-01) (11, -3.33460152149200439453e-01) (7, -6.11218690872192382812e-01) (8, -5.22193610668182373047e-01) (9, -5.57650029659271240234e-01) (10, -7.00732350349426269531e-01) (11, -4.84316796064376831055e-01) 
