FANN_FLO_2.1
num_layers=3
learning_rate=0.400000
connection_rate=1.000000
network_type=0
learning_momentum=0.000000
training_algorithm=2
train_error_function=1
train_stop_function=0
cascade_output_change_fraction=0.010000
quickprop_decay=-0.000100
quickprop_mu=1.750000
rprop_increase_factor=1.200000
rprop_decrease_factor=0.500000
rprop_delta_min=0.000000
rprop_delta_max=50.000000
rprop_delta_zero=0.100000
cascade_output_stagnation_epochs=12
cascade_candidate_change_fraction=0.010000
cascade_candidate_stagnation_epochs=12
cascade_max_out_epochs=150
cascade_min_out_epochs=50
cascade_max_cand_epochs=150
cascade_min_cand_epochs=50
cascade_num_candidate_groups=2
bit_fail_limit=3.49999994039535522461e-01
cascade_candidate_limit=1.00000000000000000000e+03
cascade_weight_multiplier=4.00000005960464477539e-01
cascade_activation_functions_count=10
cascade_activation_functions=3 5 7 8 10 11 14 15 16 17 
cascade_activation_steepnesses_count=4
cascade_activation_steepnesses=2.50000000000000000000e-01 5.00000000000000000000e-01 7.50000000000000000000e-01 1.00000000000000000000e+00 
layer_sizes=10 3 2 
scale_included=0
neurons (num_inputs, activation_function, activation_steepness)=(0, 0, 0.00000000000000000000e+00) (0, 0, 0.00000000000000000000e+00) (0, 0, 0.00000000000000000000e+00) (0, 0, 0.00000000000000000000e+00) (0, 0, 0.00000000000000000000e+00) (0, 0, 0.00000000000000000000e+00) (0, 0, 0.00000000000000000000e+00) (0, 0, 0.00000000000000000000e+00) (0, 0, 0.00000000000000000000e+00) (0, 0, 0.00000000000000000000e+00) (10, 3, 5.00000000000000000000e-01) (10, 3, 5.00000000000000000000e-01) (0, 3, 0.00000000000000000000e+00) (3, 3, 5.00000000000000000000e-01) (0, 3, 0.00000000000000000000e+00) 
connections (connected_to_neuron, weight)=(0, 2.02500760555267333984e-01) (1, 1.68796420097351074219e-01) (2, 1.59712940454483032227e-01) (3, 1.94261431694030761719e-01) (4, 1.64295375347137451172e-01) (5, 1.90518200397491455078e-01) (6, 3.43410447239875793457e-02) (7, 1.16531118750572204590e-01) (8, 1.99399858713150024414e-01) (9, 6.91626518964767456055e-02) (0, -1.21249474585056304932e-01) (1, -2.14730262756347656250e-01) (2, -3.43550816178321838379e-02) (3, -1.49084150791168212891e-01) (4, -5.90294525027275085449e-02) (5, -2.12432503700256347656e-01) (6, -1.58200353384017944336e-01) (7, -1.99801385402679443359e-01) (8, -1.41545638442039489746e-01) (9, -1.27891153097152709961e-01) (10, -1.71203717589378356934e-01) (11, -6.60239979624748229980e-02) (12, -1.13720059394836425781e-01) 
