FANN_FLO_2.1
num_layers=3
learning_rate=0.500000
connection_rate=1.000000
network_type=0
learning_momentum=0.000000
training_algorithm=2
train_error_function=1
train_stop_function=0
cascade_output_change_fraction=0.010000
quickprop_decay=-0.000100
quickprop_mu=1.750000
rprop_increase_factor=1.200000
rprop_decrease_factor=0.500000
rprop_delta_min=0.000000
rprop_delta_max=50.000000
rprop_delta_zero=0.100000
cascade_output_stagnation_epochs=12
cascade_candidate_change_fraction=0.010000
cascade_candidate_stagnation_epochs=12
cascade_max_out_epochs=150
cascade_min_out_epochs=50
cascade_max_cand_epochs=150
cascade_min_cand_epochs=50
cascade_num_candidate_groups=2
bit_fail_limit=3.49999994039535522461e-01
cascade_candidate_limit=1.00000000000000000000e+03
cascade_weight_multiplier=4.00000005960464477539e-01
cascade_activation_functions_count=10
cascade_activation_functions=3 5 7 8 10 11 14 15 16 17 
cascade_activation_steepnesses_count=4
cascade_activation_steepnesses=2.50000000000000000000e-01 5.00000000000000000000e-01 7.50000000000000000000e-01 1.00000000000000000000e+00 
layer_sizes=7 5 2 
scale_included=0
neurons (num_inputs, activation_function, activation_steepness)=(0, 0, 0.00000000000000000000e+00) (0, 0, 0.00000000000000000000e+00) (0, 0, 0.00000000000000000000e+00) (0, 0, 0.00000000000000000000e+00) (0, 0, 0.00000000000000000000e+00) (0, 0, 0.00000000000000000000e+00) (0, 0, 0.00000000000000000000e+00) (7, 3, 5.00000000000000000000e-01) (7, 3, 5.00000000000000000000e-01) (7, 3, 5.00000000000000000000e-01) (7, 3, 5.00000000000000000000e-01) (0, 3, 0.00000000000000000000e+00) (5, 0, 5.00000000000000000000e-01) (0, 0, 0.00000000000000000000e+00) 
connections (connected_to_neuron, weight)=(0, -3.89970741271972656250e+01) (1, -2.97620654106140136719e+00) (2, 3.44518966674804687500e+01) (3, -2.01404285430908203125e+01) (4, -3.61123633384704589844e+00) (5, 1.71817874908447265625e+00) (6, -2.40089356899261474609e-01) (0, 4.04470980167388916016e-01) (1, -1.48175275325775146484e+00) (2, -2.20434631347656250000e+02) (3, -1.91033196449279785156e+00) (4, -3.28798937797546386719e+00) (5, -2.40154361724853515625e+01) (6, 5.02561070024967193604e-02) (0, -8.16006898880004882812e-01) (1, -5.30527055263519287109e-01) (2, -2.04630756378173828125e+01) (3, -1.03748226165771484375e+00) (4, -9.28853869438171386719e-01) (5, -9.77519226074218750000e+02) (6, -5.22804677486419677734e-01) (0, -9.25277352333068847656e-01) (1, -5.77809154987335205078e-01) (2, -3.28873658180236816406e+00) (3, -9.86252665519714355469e-01) (4, -1.03010094165802001953e+00) (5, -9.40535812377929687500e+01) (6, -4.88138914108276367188e-01) (7, -1.01159057617187500000e+02) (8, -2.74211853027343750000e+02) (9, 5.04773635864257812500e+01) (10, -2.80153228759765625000e+02) (11, 2.58669052273035049438e-02) 
