FANN_FLO_2.1
num_layers=4
learning_rate=0.500000
connection_rate=1.000000
network_type=0
learning_momentum=0.000000
training_algorithm=2
train_error_function=1
train_stop_function=0
cascade_output_change_fraction=0.010000
quickprop_decay=-0.000100
quickprop_mu=1.750000
rprop_increase_factor=1.200000
rprop_decrease_factor=0.500000
rprop_delta_min=0.000000
rprop_delta_max=50.000000
rprop_delta_zero=0.100000
cascade_output_stagnation_epochs=12
cascade_candidate_change_fraction=0.010000
cascade_candidate_stagnation_epochs=12
cascade_max_out_epochs=150
cascade_min_out_epochs=50
cascade_max_cand_epochs=150
cascade_min_cand_epochs=50
cascade_num_candidate_groups=2
bit_fail_limit=3.49999994039535522461e-01
cascade_candidate_limit=1.00000000000000000000e+03
cascade_weight_multiplier=4.00000005960464477539e-01
cascade_activation_functions_count=10
cascade_activation_functions=3 5 7 8 10 11 14 15 16 17 
cascade_activation_steepnesses_count=4
cascade_activation_steepnesses=2.50000000000000000000e-01 5.00000000000000000000e-01 7.50000000000000000000e-01 1.00000000000000000000e+00 
layer_sizes=4 5 5 2 
scale_included=0
neurons (num_inputs, activation_function, activation_steepness)=(0, 0, 0.00000000000000000000e+00) (0, 0, 0.00000000000000000000e+00) (0, 0, 0.00000000000000000000e+00) (0, 0, 0.00000000000000000000e+00) (4, 3, 5.00000000000000000000e-01) (4, 3, 5.00000000000000000000e-01) (4, 3, 5.00000000000000000000e-01) (4, 3, 5.00000000000000000000e-01) (0, 3, 0.00000000000000000000e+00) (5, 3, 5.00000000000000000000e-01) (5, 3, 5.00000000000000000000e-01) (5, 3, 5.00000000000000000000e-01) (5, 3, 5.00000000000000000000e-01) (0, 3, 0.00000000000000000000e+00) (5, 3, 5.00000000000000000000e-01) (0, 3, 0.00000000000000000000e+00) 
connections (connected_to_neuron, weight)=(0, 2.57687306404113769531e+00) (1, 2.29351118206977844238e-01) (2, 4.58630466461181640625e+00) (3, -4.58908462524414062500e+00) (0, 4.24413299560546875000e+00) (1, 1.59747707843780517578e+00) (2, 3.96724247932434082031e+00) (3, -5.32234001159667968750e+00) (0, -3.22529649734497070312e+00) (1, -8.96169948577880859375e+00) (2, 5.31820774078369140625e+00) (3, 3.64471507072448730469e+00) (0, 1.53251552581787109375e+00) (1, -2.14277782440185546875e+01) (2, 5.48149776458740234375e+00) (3, 4.39771223068237304688e+00) (4, -3.32122302055358886719e+00) (5, -1.59523801803588867188e+01) (6, 1.14031696319580078125e+01) (7, -1.91025006771087646484e+00) (8, 9.07251298427581787109e-01) (4, -2.59258866310119628906e+00) (5, -1.55115282535552978516e+00) (6, -3.45758895874023437500e+01) (7, -1.50000000000000000000e+03) (8, 1.24259042739868164062e+00) (4, -3.40443229675292968750e+00) (5, -1.62381000518798828125e+01) (6, 1.06185503005981445312e+01) (7, -1.62361633777618408203e+00) (8, 1.51092648506164550781e+00) (4, -3.50840282440185546875e+00) (5, -7.53779649734497070312e+00) (6, 4.25876331329345703125e+00) (7, -5.99380922317504882812e+00) (8, 5.90486288070678710938e+00) (9, -1.84783971309661865234e+00) (10, -1.09722356796264648438e+01) (11, -2.04909133911132812500e+00) (12, -1.07288587093353271484e+00) (13, 2.55032682418823242188e+00) 
