FANN_FLO_2.1
num_layers=4
learning_rate=0.450000
connection_rate=1.000000
network_type=0
learning_momentum=0.000000
training_algorithm=2
train_error_function=1
train_stop_function=0
cascade_output_change_fraction=0.010000
quickprop_decay=-0.000100
quickprop_mu=1.750000
rprop_increase_factor=1.200000
rprop_decrease_factor=0.500000
rprop_delta_min=0.000000
rprop_delta_max=50.000000
rprop_delta_zero=0.100000
cascade_output_stagnation_epochs=12
cascade_candidate_change_fraction=0.010000
cascade_candidate_stagnation_epochs=12
cascade_max_out_epochs=150
cascade_min_out_epochs=50
cascade_max_cand_epochs=150
cascade_min_cand_epochs=50
cascade_num_candidate_groups=2
bit_fail_limit=3.49999994039535522461e-01
cascade_candidate_limit=1.00000000000000000000e+03
cascade_weight_multiplier=4.00000005960464477539e-01
cascade_activation_functions_count=10
cascade_activation_functions=3 5 7 8 10 11 14 15 16 17 
cascade_activation_steepnesses_count=4
cascade_activation_steepnesses=2.50000000000000000000e-01 5.00000000000000000000e-01 7.50000000000000000000e-01 1.00000000000000000000e+00 
layer_sizes=7 3 3 2 
scale_included=0
neurons (num_inputs, activation_function, activation_steepness)=(0, 0, 0.00000000000000000000e+00) (0, 0, 0.00000000000000000000e+00) (0, 0, 0.00000000000000000000e+00) (0, 0, 0.00000000000000000000e+00) (0, 0, 0.00000000000000000000e+00) (0, 0, 0.00000000000000000000e+00) (0, 0, 0.00000000000000000000e+00) (7, 3, 5.00000000000000000000e-01) (7, 3, 5.00000000000000000000e-01) (0, 3, 0.00000000000000000000e+00) (3, 3, 5.00000000000000000000e-01) (3, 3, 5.00000000000000000000e-01) (0, 3, 0.00000000000000000000e+00) (3, 0, 5.00000000000000000000e-01) (0, 0, 0.00000000000000000000e+00) 
connections (connected_to_neuron, weight)=(0, 2.32509791851043701172e-01) (1, 4.99175161123275756836e-01) (2, -1.92653214931488037109e+00) (3, 2.56155192852020263672e-01) (4, 2.53814965486526489258e-01) (5, -1.62063682079315185547e+00) (6, -1.03198829650878906250e+02) (0, -9.43027436733245849609e-03) (1, 1.37220844626426696777e-01) (2, -1.24419920146465301514e-01) (3, -3.88439074158668518066e-02) (4, 6.54514253139495849609e-01) (5, -6.07833802700042724609e-01) (6, -2.78153002262115478516e-01) (7, 1.50000000000000000000e+03) (8, 2.12353637695312500000e+02) (9, -1.41116352081298828125e+01) (7, 1.84255828857421875000e+01) (8, -5.33451366424560546875e+00) (9, -1.25611817836761474609e+00) (10, 9.52619463205337524414e-02) (11, 7.46275126934051513672e-01) (12, -8.78574624657630920410e-02) 
