FANN_FLO_2.1
num_layers=4
learning_rate=0.300000
connection_rate=1.000000
network_type=0
learning_momentum=0.000000
training_algorithm=2
train_error_function=1
train_stop_function=0
cascade_output_change_fraction=0.010000
quickprop_decay=-0.000100
quickprop_mu=1.750000
rprop_increase_factor=1.200000
rprop_decrease_factor=0.500000
rprop_delta_min=0.000000
rprop_delta_max=50.000000
rprop_delta_zero=0.100000
cascade_output_stagnation_epochs=12
cascade_candidate_change_fraction=0.010000
cascade_candidate_stagnation_epochs=12
cascade_max_out_epochs=150
cascade_min_out_epochs=50
cascade_max_cand_epochs=150
cascade_min_cand_epochs=50
cascade_num_candidate_groups=2
bit_fail_limit=3.49999994039535522461e-01
cascade_candidate_limit=1.00000000000000000000e+03
cascade_weight_multiplier=4.00000005960464477539e-01
cascade_activation_functions_count=10
cascade_activation_functions=3 5 7 8 10 11 14 15 16 17 
cascade_activation_steepnesses_count=4
cascade_activation_steepnesses=2.50000000000000000000e-01 5.00000000000000000000e-01 7.50000000000000000000e-01 1.00000000000000000000e+00 
layer_sizes=2 5 3 3 
scale_included=0
neurons (num_inputs, activation_function, activation_steepness)=(0, 0, 0.00000000000000000000e+00) (0, 0, 0.00000000000000000000e+00) (2, 3, 5.00000000000000000000e-01) (2, 3, 5.00000000000000000000e-01) (2, 3, 5.00000000000000000000e-01) (2, 3, 5.00000000000000000000e-01) (0, 3, 0.00000000000000000000e+00) (5, 3, 5.00000000000000000000e-01) (5, 3, 5.00000000000000000000e-01) (0, 3, 0.00000000000000000000e+00) (3, 0, 5.00000000000000000000e-01) (3, 0, 5.00000000000000000000e-01) (0, 0, 0.00000000000000000000e+00) 
connections (connected_to_neuron, weight)=(0, 1.55806732177734375000e+00) (1, 3.99203538894653320312e+00) (0, -8.93379449844360351562e-01) (1, -1.70833384990692138672e+00) (0, -5.19369125366210937500e-01) (1, -5.28261773288249969482e-02) (0, -8.64270687103271484375e-01) (1, -2.02951192855834960938e+00) (2, -2.45223188400268554688e+00) (3, 7.49793767929077148438e-01) (4, -9.92842167615890502930e-02) (5, 4.14357757568359375000e+00) (6, -3.17965932190418243408e-02) (2, -1.25543105602264404297e+00) (3, 1.03132259845733642578e+00) (4, 4.49113398790359497070e-01) (5, 1.39737761020660400391e+00) (6, 1.42363950610160827637e-01) (7, 1.22343115508556365967e-01) (8, 7.52426544204354286194e-03) (9, -8.60118344426155090332e-02) (7, -1.20775735378265380859e+00) (8, -8.18648934364318847656e-01) (9, -6.96401238441467285156e-01) 
