FANN_FLO_2.1
num_layers=4
learning_rate=0.450000
connection_rate=1.000000
network_type=0
learning_momentum=0.000000
training_algorithm=2
train_error_function=1
train_stop_function=0
cascade_output_change_fraction=0.010000
quickprop_decay=-0.000100
quickprop_mu=1.750000
rprop_increase_factor=1.200000
rprop_decrease_factor=0.500000
rprop_delta_min=0.000000
rprop_delta_max=50.000000
rprop_delta_zero=0.100000
cascade_output_stagnation_epochs=12
cascade_candidate_change_fraction=0.010000
cascade_candidate_stagnation_epochs=12
cascade_max_out_epochs=150
cascade_min_out_epochs=50
cascade_max_cand_epochs=150
cascade_min_cand_epochs=50
cascade_num_candidate_groups=2
bit_fail_limit=3.49999994039535522461e-01
cascade_candidate_limit=1.00000000000000000000e+03
cascade_weight_multiplier=4.00000005960464477539e-01
cascade_activation_functions_count=10
cascade_activation_functions=3 5 7 8 10 11 14 15 16 17 
cascade_activation_steepnesses_count=4
cascade_activation_steepnesses=2.50000000000000000000e-01 5.00000000000000000000e-01 7.50000000000000000000e-01 1.00000000000000000000e+00 
layer_sizes=7 5 5 2 
scale_included=0
neurons (num_inputs, activation_function, activation_steepness)=(0, 0, 0.00000000000000000000e+00) (0, 0, 0.00000000000000000000e+00) (0, 0, 0.00000000000000000000e+00) (0, 0, 0.00000000000000000000e+00) (0, 0, 0.00000000000000000000e+00) (0, 0, 0.00000000000000000000e+00) (0, 0, 0.00000000000000000000e+00) (7, 3, 5.00000000000000000000e-01) (7, 3, 5.00000000000000000000e-01) (7, 3, 5.00000000000000000000e-01) (7, 3, 5.00000000000000000000e-01) (0, 3, 0.00000000000000000000e+00) (5, 3, 5.00000000000000000000e-01) (5, 3, 5.00000000000000000000e-01) (5, 3, 5.00000000000000000000e-01) (5, 3, 5.00000000000000000000e-01) (0, 3, 0.00000000000000000000e+00) (5, 0, 5.00000000000000000000e-01) (0, 0, 0.00000000000000000000e+00) 
connections (connected_to_neuron, weight)=(0, -1.50000000000000000000e+03) (1, 8.88355773925781250000e+02) (2, -1.50000000000000000000e+03) (3, 2.39396286010742187500e+02) (4, 1.50000000000000000000e+03) (5, -1.41398889160156250000e+03) (6, 1.02642107009887695312e+00) (0, -1.50000000000000000000e+03) (1, 1.48324523925781250000e+03) (2, -1.50000000000000000000e+03) (3, 9.94008666992187500000e+02) (4, 1.49590270996093750000e+03) (5, 9.94008666992187500000e+02) (6, 2.07178516387939453125e+01) (0, 1.50000000000000000000e+03) (1, 1.50000000000000000000e+03) (2, 1.50000000000000000000e+03) (3, 3.17948852539062500000e+02) (4, 1.49018347167968750000e+03) (5, 1.50000000000000000000e+03) (6, 1.17429625988006591797e+00) (0, 1.54836964607238769531e+00) (1, 2.54757970571517944336e-01) (2, 2.62587875127792358398e-01) (3, -2.77906477451324462891e-01) (4, -1.08226394653320312500e+00) (5, -1.26500868797302246094e+00) (6, -7.20688343048095703125e-01) (7, 2.75226701050996780396e-02) (8, 8.14148187637329101562e-01) (9, -2.36078143119812011719e-01) (10, 6.26092433929443359375e-01) (11, -4.70909684896469116211e-01) (7, -4.26347434520721435547e-01) (8, -1.30426454544067382812e+00) (9, 1.29792049527168273926e-01) (10, -1.36713684082031250000e+03) (11, -5.30043952167034149170e-02) (7, 2.01085019111633300781e+00) (8, -1.95952999591827392578e+00) (9, -4.46367645263671875000e+00) (10, 7.34594345092773437500e-01) (11, -3.42857986688613891602e-01) (7, -1.68545746803283691406e+00) (8, -1.66178417205810546875e+00) (9, 7.17361688613891601562e-01) (10, -1.94645690917968750000e+01) (11, -3.23477596044540405273e-01) (12, 4.68447655439376831055e-02) (13, -9.66582819819450378418e-02) (14, 3.16007345914840698242e-01) (15, 2.09970563650131225586e-01) (16, -2.21526864916086196899e-02) 
