FANN_FLO_2.1
num_layers=3
learning_rate=0.500000
connection_rate=1.000000
network_type=0
learning_momentum=0.000000
training_algorithm=2
train_error_function=1
train_stop_function=0
cascade_output_change_fraction=0.010000
quickprop_decay=-0.000100
quickprop_mu=1.750000
rprop_increase_factor=1.200000
rprop_decrease_factor=0.500000
rprop_delta_min=0.000000
rprop_delta_max=50.000000
rprop_delta_zero=0.100000
cascade_output_stagnation_epochs=12
cascade_candidate_change_fraction=0.010000
cascade_candidate_stagnation_epochs=12
cascade_max_out_epochs=150
cascade_min_out_epochs=50
cascade_max_cand_epochs=150
cascade_min_cand_epochs=50
cascade_num_candidate_groups=2
bit_fail_limit=3.49999994039535522461e-01
cascade_candidate_limit=1.00000000000000000000e+03
cascade_weight_multiplier=4.00000005960464477539e-01
cascade_activation_functions_count=10
cascade_activation_functions=3 5 7 8 10 11 14 15 16 17 
cascade_activation_steepnesses_count=4
cascade_activation_steepnesses=2.50000000000000000000e-01 5.00000000000000000000e-01 7.50000000000000000000e-01 1.00000000000000000000e+00 
layer_sizes=3 9 4 
scale_included=0
neurons (num_inputs, activation_function, activation_steepness)=(0, 0, 0.00000000000000000000e+00) (0, 0, 0.00000000000000000000e+00) (0, 0, 0.00000000000000000000e+00) (3, 3, 5.00000000000000000000e-01) (3, 3, 5.00000000000000000000e-01) (3, 3, 5.00000000000000000000e-01) (3, 3, 5.00000000000000000000e-01) (3, 3, 5.00000000000000000000e-01) (3, 3, 5.00000000000000000000e-01) (3, 3, 5.00000000000000000000e-01) (3, 3, 5.00000000000000000000e-01) (0, 3, 0.00000000000000000000e+00) (9, 0, 5.00000000000000000000e-01) (9, 0, 5.00000000000000000000e-01) (9, 0, 5.00000000000000000000e-01) (0, 0, 0.00000000000000000000e+00) 
connections (connected_to_neuron, weight)=(0, -5.12333250045776367188e+00) (1, -6.60580620169639587402e-02) (2, 1.24663996696472167969e+00) (0, 2.39037876129150390625e+01) (1, -5.06303520202636718750e+01) (2, 1.57530014038085937500e+02) (0, -7.99393701553344726562e+00) (1, 4.73357152938842773438e+00) (2, 8.43929576873779296875e+00) (0, -7.01596546173095703125e+00) (1, 2.58161592483520507812e+00) (2, 2.58842563629150390625e+00) (0, -1.32771057128906250000e+03) (1, -1.50000000000000000000e+03) (2, 5.10154418945312500000e+01) (0, -7.12568902969360351562e+00) (1, 5.48201322555541992188e+00) (2, 9.12552070617675781250e+00) (0, -5.54605722427368164062e+00) (1, -3.10377359390258789062e+00) (2, 1.11447799205780029297e+00) (0, -6.91330289840698242188e+00) (1, 3.03847289085388183594e+00) (2, 5.46879911422729492188e+00) (3, 2.76560592651367187500e+00) (4, 6.20660960674285888672e-01) (5, 6.44916474819183349609e-01) (6, 7.92025148868560791016e-01) (7, 1.30492138862609863281e+00) (8, 6.87347590923309326172e-01) (9, 2.23045492172241210938e+00) (10, 4.92188334465026855469e-01) (11, 4.86956030130386352539e-01) (3, 6.38492679595947265625e+00) (4, 2.26562690734863281250e+00) (5, 2.35039138793945312500e+00) (6, 2.80634284019470214844e+00) (7, 3.24288082122802734375e+00) (8, 2.28607726097106933594e+00) (9, 6.06576442718505859375e+00) (10, 2.58020925521850585938e+00) (11, 2.71472573280334472656e+00) (3, 1.84008464813232421875e+01) (4, 9.13990879058837890625e+00) (5, 8.19481182098388671875e+00) (6, 1.07352666854858398438e+01) (7, 1.00327882766723632812e+01) (8, 8.64549160003662109375e+00) (9, 2.02656898498535156250e+01) (10, 8.45964050292968750000e+00) (11, 9.86934566497802734375e+00) 
