FANN_FLO_2.1
num_layers=3
learning_rate=0.300000
connection_rate=1.000000
network_type=0
learning_momentum=0.000000
training_algorithm=2
train_error_function=1
train_stop_function=0
cascade_output_change_fraction=0.010000
quickprop_decay=-0.000100
quickprop_mu=1.750000
rprop_increase_factor=1.200000
rprop_decrease_factor=0.500000
rprop_delta_min=0.000000
rprop_delta_max=50.000000
rprop_delta_zero=0.100000
cascade_output_stagnation_epochs=12
cascade_candidate_change_fraction=0.010000
cascade_candidate_stagnation_epochs=12
cascade_max_out_epochs=150
cascade_min_out_epochs=50
cascade_max_cand_epochs=150
cascade_min_cand_epochs=50
cascade_num_candidate_groups=2
bit_fail_limit=3.49999994039535522461e-01
cascade_candidate_limit=1.00000000000000000000e+03
cascade_weight_multiplier=4.00000005960464477539e-01
cascade_activation_functions_count=10
cascade_activation_functions=3 5 7 8 10 11 14 15 16 17 
cascade_activation_steepnesses_count=4
cascade_activation_steepnesses=2.50000000000000000000e-01 5.00000000000000000000e-01 7.50000000000000000000e-01 1.00000000000000000000e+00 
layer_sizes=4 9 2 
scale_included=0
neurons (num_inputs, activation_function, activation_steepness)=(0, 0, 0.00000000000000000000e+00) (0, 0, 0.00000000000000000000e+00) (0, 0, 0.00000000000000000000e+00) (0, 0, 0.00000000000000000000e+00) (4, 3, 5.00000000000000000000e-01) (4, 3, 5.00000000000000000000e-01) (4, 3, 5.00000000000000000000e-01) (4, 3, 5.00000000000000000000e-01) (4, 3, 5.00000000000000000000e-01) (4, 3, 5.00000000000000000000e-01) (4, 3, 5.00000000000000000000e-01) (4, 3, 5.00000000000000000000e-01) (0, 3, 0.00000000000000000000e+00) (9, 3, 5.00000000000000000000e-01) (0, 3, 0.00000000000000000000e+00) 
connections (connected_to_neuron, weight)=(0, 1.49999987792968750000e+03) (1, 1.49999987792968750000e+03) (2, 1.49999987792968750000e+03) (3, 8.95338118076324462891e-01) (0, -5.54679632186889648438e-01) (1, 2.51660436391830444336e-01) (2, -4.96644109487533569336e-01) (3, 3.60865974426269531250e+00) (0, -1.99522942304611206055e-01) (1, 8.47401022911071777344e-02) (2, -5.08826434612274169922e-01) (3, 8.13786268234252929688e-01) (0, -1.73476979136466979980e-01) (1, -1.04159424081444740295e-02) (2, -1.69751644134521484375e-01) (3, 5.27679347991943359375e+00) (0, -6.61184310913085937500e-01) (1, 3.83960276842117309570e-01) (2, -7.31479823589324951172e-01) (3, 4.83913564682006835938e+00) (0, 5.27893304824829101562e+00) (1, 7.14633560180664062500e+00) (2, -7.75484237670898437500e+01) (3, 2.27306813001632690430e-01) (0, -6.70790493488311767578e-01) (1, 9.21406894922256469727e-02) (2, 1.99206912517547607422e+00) (3, -1.64869999885559082031e+00) (0, -3.95348817110061645508e-01) (1, 2.57248878479003906250e-01) (2, -1.30323839187622070312e+00) (3, 3.98448157310485839844e+00) (4, 5.14272332191467285156e-01) (5, -4.43146914243698120117e-01) (6, -2.39081311225891113281e+00) (7, -2.65415310859680175781e+00) (8, -7.60934293270111083984e-01) (9, 2.29915902018547058105e-02) (10, 3.30510795116424560547e-01) (11, -4.49581563472747802734e-01) (12, 4.66036230325698852539e-01) 
