FANN_FLO_2.1
num_layers=4
learning_rate=0.300000
connection_rate=1.000000
network_type=0
learning_momentum=0.000000
training_algorithm=2
train_error_function=1
train_stop_function=0
cascade_output_change_fraction=0.010000
quickprop_decay=-0.000100
quickprop_mu=1.750000
rprop_increase_factor=1.200000
rprop_decrease_factor=0.500000
rprop_delta_min=0.000000
rprop_delta_max=50.000000
rprop_delta_zero=0.100000
cascade_output_stagnation_epochs=12
cascade_candidate_change_fraction=0.010000
cascade_candidate_stagnation_epochs=12
cascade_max_out_epochs=150
cascade_min_out_epochs=50
cascade_max_cand_epochs=150
cascade_min_cand_epochs=50
cascade_num_candidate_groups=2
bit_fail_limit=3.49999994039535522461e-01
cascade_candidate_limit=1.00000000000000000000e+03
cascade_weight_multiplier=4.00000005960464477539e-01
cascade_activation_functions_count=10
cascade_activation_functions=3 5 7 8 10 11 14 15 16 17 
cascade_activation_steepnesses_count=4
cascade_activation_steepnesses=2.50000000000000000000e-01 5.00000000000000000000e-01 7.50000000000000000000e-01 1.00000000000000000000e+00 
layer_sizes=2 5 3 3 
scale_included=0
neurons (num_inputs, activation_function, activation_steepness)=(0, 0, 0.00000000000000000000e+00) (0, 0, 0.00000000000000000000e+00) (2, 3, 5.00000000000000000000e-01) (2, 3, 5.00000000000000000000e-01) (2, 3, 5.00000000000000000000e-01) (2, 3, 5.00000000000000000000e-01) (0, 3, 0.00000000000000000000e+00) (5, 3, 5.00000000000000000000e-01) (5, 3, 5.00000000000000000000e-01) (0, 3, 0.00000000000000000000e+00) (3, 0, 5.00000000000000000000e-01) (3, 0, 5.00000000000000000000e-01) (0, 0, 0.00000000000000000000e+00) 
connections (connected_to_neuron, weight)=(0, 1.34490621089935302734e+00) (1, 4.46855098009109497070e-01) (0, 2.07828235626220703125e+00) (1, 5.04450798034667968750e-01) (0, 1.68845224380493164062e+00) (1, 3.83201062679290771484e-01) (0, -9.28754329681396484375e+00) (1, -4.08133172988891601562e+00) (2, -2.76669949293136596680e-01) (3, -1.23138666152954101562e-01) (4, -2.62817759066820144653e-02) (5, 1.94957542419433593750e+01) (6, -4.42435312271118164062e+00) (2, 1.19769849777221679688e+01) (3, 1.16515340805053710938e+01) (4, 1.16803092956542968750e+01) (5, 7.47624993324279785156e-01) (6, -5.98293161392211914062e+00) (7, 1.44087085500359535217e-02) (8, -5.81166967749595642090e-02) (9, 2.28199213743209838867e-02) (7, -8.47775697708129882812e-01) (8, -9.51043248176574707031e-01) (9, -4.61747884750366210938e-01) 
