FANN_FLO_2.1
num_layers=3
learning_rate=0.400000
connection_rate=1.000000
network_type=0
learning_momentum=0.000000
training_algorithm=2
train_error_function=1
train_stop_function=0
cascade_output_change_fraction=0.010000
quickprop_decay=-0.000100
quickprop_mu=1.750000
rprop_increase_factor=1.200000
rprop_decrease_factor=0.500000
rprop_delta_min=0.000000
rprop_delta_max=50.000000
rprop_delta_zero=0.100000
cascade_output_stagnation_epochs=12
cascade_candidate_change_fraction=0.010000
cascade_candidate_stagnation_epochs=12
cascade_max_out_epochs=150
cascade_min_out_epochs=50
cascade_max_cand_epochs=150
cascade_min_cand_epochs=50
cascade_num_candidate_groups=2
bit_fail_limit=3.49999994039535522461e-01
cascade_candidate_limit=1.00000000000000000000e+03
cascade_weight_multiplier=4.00000005960464477539e-01
cascade_activation_functions_count=10
cascade_activation_functions=3 5 7 8 10 11 14 15 16 17 
cascade_activation_steepnesses_count=4
cascade_activation_steepnesses=2.50000000000000000000e-01 5.00000000000000000000e-01 7.50000000000000000000e-01 1.00000000000000000000e+00 
layer_sizes=10 3 2 
scale_included=0
neurons (num_inputs, activation_function, activation_steepness)=(0, 0, 0.00000000000000000000e+00) (0, 0, 0.00000000000000000000e+00) (0, 0, 0.00000000000000000000e+00) (0, 0, 0.00000000000000000000e+00) (0, 0, 0.00000000000000000000e+00) (0, 0, 0.00000000000000000000e+00) (0, 0, 0.00000000000000000000e+00) (0, 0, 0.00000000000000000000e+00) (0, 0, 0.00000000000000000000e+00) (0, 0, 0.00000000000000000000e+00) (10, 3, 5.00000000000000000000e-01) (10, 3, 5.00000000000000000000e-01) (0, 3, 0.00000000000000000000e+00) (3, 3, 5.00000000000000000000e-01) (0, 3, 0.00000000000000000000e+00) 
connections (connected_to_neuron, weight)=(0, 2.11572825908660888672e-01) (1, 5.12227192521095275879e-02) (2, 1.23201742768287658691e-01) (3, 1.37406677007675170898e-01) (4, 7.56643265485763549805e-02) (5, 8.57047885656356811523e-02) (6, 1.02099113166332244873e-01) (7, 2.39191055297851562500e-02) (8, 1.37485906481742858887e-01) (9, 6.24894946813583374023e-02) (0, -1.68640658259391784668e-01) (1, -1.81060671806335449219e-01) (2, -6.69905468821525573730e-02) (3, -1.37810498476028442383e-01) (4, -1.74353256821632385254e-01) (5, -5.87623640894889831543e-02) (6, -1.43735319375991821289e-01) (7, -1.82233914732933044434e-01) (8, -1.60464227199554443359e-01) (9, -7.26516172289848327637e-02) (10, -1.63150206208229064941e-01) (11, -8.81144329905509948730e-02) (12, -1.20709523558616638184e-01) 
