FANN_FLO_2.1
num_layers=3
learning_rate=0.500000
connection_rate=1.000000
network_type=0
learning_momentum=0.000000
training_algorithm=2
train_error_function=1
train_stop_function=0
cascade_output_change_fraction=0.010000
quickprop_decay=-0.000100
quickprop_mu=1.750000
rprop_increase_factor=1.200000
rprop_decrease_factor=0.500000
rprop_delta_min=0.000000
rprop_delta_max=50.000000
rprop_delta_zero=0.100000
cascade_output_stagnation_epochs=12
cascade_candidate_change_fraction=0.010000
cascade_candidate_stagnation_epochs=12
cascade_max_out_epochs=150
cascade_min_out_epochs=50
cascade_max_cand_epochs=150
cascade_min_cand_epochs=50
cascade_num_candidate_groups=2
bit_fail_limit=3.49999994039535522461e-01
cascade_candidate_limit=1.00000000000000000000e+03
cascade_weight_multiplier=4.00000005960464477539e-01
cascade_activation_functions_count=10
cascade_activation_functions=3 5 7 8 10 11 14 15 16 17 
cascade_activation_steepnesses_count=4
cascade_activation_steepnesses=2.50000000000000000000e-01 5.00000000000000000000e-01 7.50000000000000000000e-01 1.00000000000000000000e+00 
layer_sizes=10 5 2 
scale_included=0
neurons (num_inputs, activation_function, activation_steepness)=(0, 0, 0.00000000000000000000e+00) (0, 0, 0.00000000000000000000e+00) (0, 0, 0.00000000000000000000e+00) (0, 0, 0.00000000000000000000e+00) (0, 0, 0.00000000000000000000e+00) (0, 0, 0.00000000000000000000e+00) (0, 0, 0.00000000000000000000e+00) (0, 0, 0.00000000000000000000e+00) (0, 0, 0.00000000000000000000e+00) (0, 0, 0.00000000000000000000e+00) (10, 3, 5.00000000000000000000e-01) (10, 3, 5.00000000000000000000e-01) (10, 3, 5.00000000000000000000e-01) (10, 3, 5.00000000000000000000e-01) (0, 3, 0.00000000000000000000e+00) (5, 3, 5.00000000000000000000e-01) (0, 3, 0.00000000000000000000e+00) 
connections (connected_to_neuron, weight)=(0, -7.17351078987121582031e-01) (1, -4.80061843991279602051e-02) (2, -7.19047605991363525391e-01) (3, -8.11687052249908447266e-01) (4, 3.74813564121723175049e-02) (5, -6.67016386985778808594e-01) (6, -6.84047996997833251953e-01) (7, -6.49893522262573242188e-01) (8, -6.09799921512603759766e-01) (9, 1.99601197242736816406e+00) (0, 3.79563784599304199219e+00) (1, -6.29143857955932617188e+00) (2, 4.92839431762695312500e+00) (3, -3.96586751937866210938e+00) (4, -4.14136695861816406250e+00) (5, -2.43701219558715820312e+00) (6, 2.77470302581787109375e+00) (7, -1.60182261466979980469e+00) (8, 1.22433435916900634766e+00) (9, 9.85803008079528808594e-01) (0, 8.29731002449989318848e-02) (1, -1.88650429248809814453e+00) (2, 4.22732740640640258789e-01) (3, -2.91526585817337036133e-01) (4, -1.66724526882171630859e+00) (5, -3.93485426902770996094e-01) (6, -5.67376129329204559326e-02) (7, -1.32439449429512023926e-01) (8, 1.77161935716867446899e-02) (9, 8.53269159793853759766e-01) (0, 4.43255722522735595703e-01) (1, -1.72856199741363525391e+00) (2, 4.03232246637344360352e-01) (3, -2.92742490768432617188e-01) (4, -1.85385525226593017578e+00) (5, -4.58631366491317749023e-01) (6, 2.67028212547302246094e-01) (7, -4.93939518928527832031e-01) (8, -2.62263119220733642578e-01) (9, 8.46173107624053955078e-01) (10, -2.59855294227600097656e+00) (11, 2.11807504296302795410e-01) (12, -9.04811322689056396484e-01) (13, -8.73982965946197509766e-01) (14, 1.43836879730224609375e+00) 
