FANN_FLO_2.1
num_layers=3
learning_rate=0.500000
connection_rate=1.000000
network_type=0
learning_momentum=0.000000
training_algorithm=2
train_error_function=1
train_stop_function=0
cascade_output_change_fraction=0.010000
quickprop_decay=-0.000100
quickprop_mu=1.750000
rprop_increase_factor=1.200000
rprop_decrease_factor=0.500000
rprop_delta_min=0.000000
rprop_delta_max=50.000000
rprop_delta_zero=0.100000
cascade_output_stagnation_epochs=12
cascade_candidate_change_fraction=0.010000
cascade_candidate_stagnation_epochs=12
cascade_max_out_epochs=150
cascade_min_out_epochs=50
cascade_max_cand_epochs=150
cascade_min_cand_epochs=50
cascade_num_candidate_groups=2
bit_fail_limit=3.49999994039535522461e-01
cascade_candidate_limit=1.00000000000000000000e+03
cascade_weight_multiplier=4.00000005960464477539e-01
cascade_activation_functions_count=10
cascade_activation_functions=3 5 7 8 10 11 14 15 16 17 
cascade_activation_steepnesses_count=4
cascade_activation_steepnesses=2.50000000000000000000e-01 5.00000000000000000000e-01 7.50000000000000000000e-01 1.00000000000000000000e+00 
layer_sizes=10 3 2 
scale_included=0
neurons (num_inputs, activation_function, activation_steepness)=(0, 0, 0.00000000000000000000e+00) (0, 0, 0.00000000000000000000e+00) (0, 0, 0.00000000000000000000e+00) (0, 0, 0.00000000000000000000e+00) (0, 0, 0.00000000000000000000e+00) (0, 0, 0.00000000000000000000e+00) (0, 0, 0.00000000000000000000e+00) (0, 0, 0.00000000000000000000e+00) (0, 0, 0.00000000000000000000e+00) (0, 0, 0.00000000000000000000e+00) (10, 3, 5.00000000000000000000e-01) (10, 3, 5.00000000000000000000e-01) (0, 3, 0.00000000000000000000e+00) (3, 3, 5.00000000000000000000e-01) (0, 3, 0.00000000000000000000e+00) 
connections (connected_to_neuron, weight)=(0, -6.29122555255889892578e-01) (1, -6.04539096355438232422e-01) (2, -6.87097430229187011719e-01) (3, -6.53195202350616455078e-01) (4, -6.29397630691528320312e-01) (5, -8.17987561225891113281e-01) (6, -5.72194159030914306641e-01) (7, -7.55814671516418457031e-01) (8, -5.87708592414855957031e-01) (9, 2.44661545753479003906e+00) (0, -6.96293294429779052734e-01) (1, -6.76189601421356201172e-01) (2, -6.51937842369079589844e-01) (3, -6.85270488262176513672e-01) (4, -6.31355941295623779297e-01) (5, -4.78096932172775268555e-01) (6, -7.12079048156738281250e-01) (7, -5.57582378387451171875e-01) (8, -6.69484615325927734375e-01) (9, 2.54456663131713867188e+00) (10, -1.56835007667541503906e+00) (11, -1.56374537944793701172e+00) (12, 1.24917018413543701172e+00) 
