FANN_FLO_2.1
num_layers=3
learning_rate=0.500000
connection_rate=1.000000
network_type=0
learning_momentum=0.000000
training_algorithm=2
train_error_function=1
train_stop_function=0
cascade_output_change_fraction=0.010000
quickprop_decay=-0.000100
quickprop_mu=1.750000
rprop_increase_factor=1.200000
rprop_decrease_factor=0.500000
rprop_delta_min=0.000000
rprop_delta_max=50.000000
rprop_delta_zero=0.100000
cascade_output_stagnation_epochs=12
cascade_candidate_change_fraction=0.010000
cascade_candidate_stagnation_epochs=12
cascade_max_out_epochs=150
cascade_min_out_epochs=50
cascade_max_cand_epochs=150
cascade_min_cand_epochs=50
cascade_num_candidate_groups=2
bit_fail_limit=3.49999994039535522461e-01
cascade_candidate_limit=1.00000000000000000000e+03
cascade_weight_multiplier=4.00000005960464477539e-01
cascade_activation_functions_count=10
cascade_activation_functions=3 5 7 8 10 11 14 15 16 17 
cascade_activation_steepnesses_count=4
cascade_activation_steepnesses=2.50000000000000000000e-01 5.00000000000000000000e-01 7.50000000000000000000e-01 1.00000000000000000000e+00 
layer_sizes=7 9 2 
scale_included=0
neurons (num_inputs, activation_function, activation_steepness)=(0, 0, 0.00000000000000000000e+00) (0, 0, 0.00000000000000000000e+00) (0, 0, 0.00000000000000000000e+00) (0, 0, 0.00000000000000000000e+00) (0, 0, 0.00000000000000000000e+00) (0, 0, 0.00000000000000000000e+00) (0, 0, 0.00000000000000000000e+00) (7, 3, 5.00000000000000000000e-01) (7, 3, 5.00000000000000000000e-01) (7, 3, 5.00000000000000000000e-01) (7, 3, 5.00000000000000000000e-01) (7, 3, 5.00000000000000000000e-01) (7, 3, 5.00000000000000000000e-01) (7, 3, 5.00000000000000000000e-01) (7, 3, 5.00000000000000000000e-01) (0, 3, 0.00000000000000000000e+00) (9, 0, 5.00000000000000000000e-01) (0, 0, 0.00000000000000000000e+00) 
connections (connected_to_neuron, weight)=(0, -1.08851695060729980469e+00) (1, -2.85048437118530273438e+00) (2, 6.24776601791381835938e-01) (3, -6.89380586147308349609e-01) (4, -1.33055222034454345703e+00) (5, -1.29058659076690673828e+00) (6, -3.92438769340515136719e-01) (0, -1.62795412540435791016e+00) (1, -3.87058544158935546875e+00) (2, 2.42196249961853027344e+00) (3, -1.07855808734893798828e+00) (4, -1.92270660400390625000e+00) (5, -1.81442058086395263672e+00) (6, -4.86879140138626098633e-01) (0, -4.16170978546142578125e+00) (1, -1.15500230789184570312e+01) (2, 1.29733533859252929688e+01) (3, -3.98116016387939453125e+00) (4, -6.60726499557495117188e+00) (5, 1.21499977111816406250e+01) (6, -8.90671670436859130859e-01) (0, -6.23921871185302734375e+00) (1, -1.61257610321044921875e+01) (2, 2.33566799163818359375e+01) (3, -3.21387958526611328125e+00) (4, -6.23797988891601562500e+00) (5, 1.77734899520874023438e+00) (6, -1.38757884502410888672e+00) (0, 1.03396266698837280273e-01) (1, -3.67176949977874755859e-01) (2, 9.30594205856323242188e-01) (3, -4.18833047151565551758e-01) (4, 1.13998162746429443359e+00) (5, 2.72340327501296997070e-01) (6, 1.33491134643554687500e+00) (0, -1.63074755668640136719e+00) (1, -2.53639483451843261719e+00) (2, 4.32408332824707031250e+00) (3, -8.65556478500366210938e-01) (4, -2.28469514846801757812e+00) (5, 1.06928598880767822266e+00) (6, -7.54533052444458007812e-01) (0, -2.64869475364685058594e+00) (1, -8.39049243927001953125e+00) (2, 9.29065227508544921875e+00) (3, -3.65884923934936523438e+00) (4, -6.15501594543457031250e+00) (5, 1.05941209793090820312e+01) (6, -9.43330168724060058594e-01) (0, 1.18990421295166015625e-01) (1, 1.79787456989288330078e-01) (2, -3.90173733234405517578e-01) (3, -1.02118170261383056641e+00) (4, -1.77747428417205810547e+00) (5, -1.69900298118591308594e+00) (6, -5.20157217979431152344e-01) (7, 6.89538635253906250000e+02) (8, -1.09199951171875000000e+02) (9, -6.87003228813409805298e-03) (10, -4.12002929687500000000e+02) (11, -8.37435126304626464844e-02) (12, 4.06261352539062500000e+02) (13, 6.56030792742967605591e-03) (14, -7.12646484375000000000e-01) (15, 8.84722843766212463379e-02) 
