FANN_FLO_2.1
num_layers=3
learning_rate=0.500000
connection_rate=1.000000
network_type=0
learning_momentum=0.000000
training_algorithm=2
train_error_function=1
train_stop_function=0
cascade_output_change_fraction=0.010000
quickprop_decay=-0.000100
quickprop_mu=1.750000
rprop_increase_factor=1.200000
rprop_decrease_factor=0.500000
rprop_delta_min=0.000000
rprop_delta_max=50.000000
rprop_delta_zero=0.100000
cascade_output_stagnation_epochs=12
cascade_candidate_change_fraction=0.010000
cascade_candidate_stagnation_epochs=12
cascade_max_out_epochs=150
cascade_min_out_epochs=50
cascade_max_cand_epochs=150
cascade_min_cand_epochs=50
cascade_num_candidate_groups=2
bit_fail_limit=3.49999994039535522461e-01
cascade_candidate_limit=1.00000000000000000000e+03
cascade_weight_multiplier=4.00000005960464477539e-01
cascade_activation_functions_count=10
cascade_activation_functions=3 5 7 8 10 11 14 15 16 17 
cascade_activation_steepnesses_count=4
cascade_activation_steepnesses=2.50000000000000000000e-01 5.00000000000000000000e-01 7.50000000000000000000e-01 1.00000000000000000000e+00 
layer_sizes=7 9 2 
scale_included=0
neurons (num_inputs, activation_function, activation_steepness)=(0, 0, 0.00000000000000000000e+00) (0, 0, 0.00000000000000000000e+00) (0, 0, 0.00000000000000000000e+00) (0, 0, 0.00000000000000000000e+00) (0, 0, 0.00000000000000000000e+00) (0, 0, 0.00000000000000000000e+00) (0, 0, 0.00000000000000000000e+00) (7, 3, 5.00000000000000000000e-01) (7, 3, 5.00000000000000000000e-01) (7, 3, 5.00000000000000000000e-01) (7, 3, 5.00000000000000000000e-01) (7, 3, 5.00000000000000000000e-01) (7, 3, 5.00000000000000000000e-01) (7, 3, 5.00000000000000000000e-01) (7, 3, 5.00000000000000000000e-01) (0, 3, 0.00000000000000000000e+00) (9, 0, 5.00000000000000000000e-01) (0, 0, 0.00000000000000000000e+00) 
connections (connected_to_neuron, weight)=(0, -7.99242556095123291016e-02) (1, 5.98378002643585205078e-01) (2, 4.57301586866378784180e-02) (3, -1.71347320079803466797e-01) (4, 1.59347832202911376953e-01) (5, -2.44656845927238464355e-01) (6, -2.86053013801574707031e+00) (0, 2.04291827976703643799e-02) (1, -5.64798474311828613281e-01) (2, -3.05172562599182128906e-01) (3, 1.07022821903228759766e-01) (4, 8.19455366581678390503e-03) (5, 3.00273954868316650391e-01) (6, 2.50277566909790039062e+00) (0, -2.24155163764953613281e+00) (1, -1.78988802433013916016e+00) (2, -2.79393482208251953125e+01) (3, -4.17336940765380859375e+00) (4, -1.46844339370727539062e+01) (5, -5.32031188964843750000e+02) (6, -2.05709600448608398438e+00) (0, -1.17143642902374267578e+00) (1, -9.17157411575317382812e-01) (2, 2.78638625144958496094e+00) (3, -6.72236299514770507812e+00) (4, -2.49370718002319335938e+00) (5, -7.33569213867187500000e+02) (6, -1.04251003265380859375e+00) (0, -7.22909867763519287109e-01) (1, -7.56816923618316650391e-01) (2, -7.71660566329956054688e+00) (3, 3.66015702486038208008e-01) (4, 3.00282210111618041992e-01) (5, 3.37563180923461914062e+00) (6, -1.76365271210670471191e-01) (0, -1.19546210765838623047e+00) (1, -8.25622916221618652344e-01) (2, 2.62256598472595214844e+00) (3, 1.19398584365844726562e+01) (4, -8.71990561485290527344e-01) (5, -3.68944396972656250000e+01) (6, -1.03137910366058349609e+00) (0, -1.08741545677185058594e+00) (1, -1.18007397651672363281e+00) (2, -9.25617885589599609375e+00) (3, -1.77188420295715332031e+00) (4, -9.64757263660430908203e-01) (5, 1.30736770629882812500e+01) (6, -1.00715517997741699219e+00) (0, 2.68583387136459350586e-01) (1, 4.67537820339202880859e-01) (2, -8.19103908538818359375e+00) (3, 3.01187019348144531250e+01) (4, 8.61567260742187500000e+02) (5, 2.51943607330322265625e+01) (6, 2.05128326416015625000e+02) (7, -3.71425032615661621094e-01) (8, -3.92158746719360351562e-01) (9, -1.97601616382598876953e-02) (10, -5.08861094713211059570e-02) (11, 3.82445529103279113770e-02) (12, 2.05074399709701538086e-02) (13, 1.60559732466936111450e-03) (14, 1.00480839610099792480e-01) (15, 2.66568630933761596680e-01) 
