FANN_FLO_2.1
num_layers=4
learning_rate=0.500000
connection_rate=1.000000
network_type=0
learning_momentum=0.000000
training_algorithm=2
train_error_function=1
train_stop_function=0
cascade_output_change_fraction=0.010000
quickprop_decay=-0.000100
quickprop_mu=1.750000
rprop_increase_factor=1.200000
rprop_decrease_factor=0.500000
rprop_delta_min=0.000000
rprop_delta_max=50.000000
rprop_delta_zero=0.100000
cascade_output_stagnation_epochs=12
cascade_candidate_change_fraction=0.010000
cascade_candidate_stagnation_epochs=12
cascade_max_out_epochs=150
cascade_min_out_epochs=50
cascade_max_cand_epochs=150
cascade_min_cand_epochs=50
cascade_num_candidate_groups=2
bit_fail_limit=3.49999994039535522461e-01
cascade_candidate_limit=1.00000000000000000000e+03
cascade_weight_multiplier=4.00000005960464477539e-01
cascade_activation_functions_count=10
cascade_activation_functions=3 5 7 8 10 11 14 15 16 17 
cascade_activation_steepnesses_count=4
cascade_activation_steepnesses=2.50000000000000000000e-01 5.00000000000000000000e-01 7.50000000000000000000e-01 1.00000000000000000000e+00 
layer_sizes=4 5 3 2 
scale_included=0
neurons (num_inputs, activation_function, activation_steepness)=(0, 0, 0.00000000000000000000e+00) (0, 0, 0.00000000000000000000e+00) (0, 0, 0.00000000000000000000e+00) (0, 0, 0.00000000000000000000e+00) (4, 3, 5.00000000000000000000e-01) (4, 3, 5.00000000000000000000e-01) (4, 3, 5.00000000000000000000e-01) (4, 3, 5.00000000000000000000e-01) (0, 3, 0.00000000000000000000e+00) (5, 3, 5.00000000000000000000e-01) (5, 3, 5.00000000000000000000e-01) (0, 3, 0.00000000000000000000e+00) (3, 3, 5.00000000000000000000e-01) (0, 3, 0.00000000000000000000e+00) 
connections (connected_to_neuron, weight)=(0, 3.05740022659301757812e+00) (1, 7.31159591674804687500e+00) (2, 6.96107089519500732422e-01) (3, -3.09578871726989746094e+00) (0, -6.55309152603149414062e+00) (1, -4.80492162704467773438e+00) (2, -7.49753117561340332031e-01) (3, 5.63862848281860351562e+00) (0, -4.67404413223266601562e+00) (1, -2.21559357643127441406e+00) (2, 1.24613308906555175781e+00) (3, 2.36775588989257812500e+00) (0, 2.03926801681518554688e+00) (1, 8.75985527038574218750e+00) (2, 7.28933095932006835938e-01) (3, -2.60190081596374511719e+00) (4, -1.40090761184692382812e+01) (5, 3.94121437072753906250e+01) (6, 2.99333572387695312500e+00) (7, -4.12702131271362304688e+00) (8, 2.90580689907073974609e-01) (4, -1.25698003768920898438e+01) (5, 3.87084312438964843750e+01) (6, 2.98927783966064453125e+00) (7, -5.01248407363891601562e+00) (8, 1.58117145299911499023e-01) (9, -1.99601602554321289062e+00) (10, -2.41385364532470703125e+00) (11, 2.16894817352294921875e+00) 
