FANN_FLO_2.1
num_layers=3
learning_rate=0.300000
connection_rate=1.000000
network_type=0
learning_momentum=0.000000
training_algorithm=2
train_error_function=1
train_stop_function=0
cascade_output_change_fraction=0.010000
quickprop_decay=-0.000100
quickprop_mu=1.750000
rprop_increase_factor=1.200000
rprop_decrease_factor=0.500000
rprop_delta_min=0.000000
rprop_delta_max=50.000000
rprop_delta_zero=0.100000
cascade_output_stagnation_epochs=12
cascade_candidate_change_fraction=0.010000
cascade_candidate_stagnation_epochs=12
cascade_max_out_epochs=150
cascade_min_out_epochs=50
cascade_max_cand_epochs=150
cascade_min_cand_epochs=50
cascade_num_candidate_groups=2
bit_fail_limit=3.49999994039535522461e-01
cascade_candidate_limit=1.00000000000000000000e+03
cascade_weight_multiplier=4.00000005960464477539e-01
cascade_activation_functions_count=10
cascade_activation_functions=3 5 7 8 10 11 14 15 16 17 
cascade_activation_steepnesses_count=4
cascade_activation_steepnesses=2.50000000000000000000e-01 5.00000000000000000000e-01 7.50000000000000000000e-01 1.00000000000000000000e+00 
layer_sizes=4 9 2 
scale_included=0
neurons (num_inputs, activation_function, activation_steepness)=(0, 0, 0.00000000000000000000e+00) (0, 0, 0.00000000000000000000e+00) (0, 0, 0.00000000000000000000e+00) (0, 0, 0.00000000000000000000e+00) (4, 3, 5.00000000000000000000e-01) (4, 3, 5.00000000000000000000e-01) (4, 3, 5.00000000000000000000e-01) (4, 3, 5.00000000000000000000e-01) (4, 3, 5.00000000000000000000e-01) (4, 3, 5.00000000000000000000e-01) (4, 3, 5.00000000000000000000e-01) (4, 3, 5.00000000000000000000e-01) (0, 3, 0.00000000000000000000e+00) (9, 3, 5.00000000000000000000e-01) (0, 3, 0.00000000000000000000e+00) 
connections (connected_to_neuron, weight)=(0, -1.10681140422821044922e+00) (1, 7.75809347629547119141e-01) (2, -1.77301418781280517578e+00) (3, 1.12248134613037109375e+01) (0, 1.61457979679107666016e+00) (1, -1.30179834365844726562e+00) (2, 2.76318979263305664062e+00) (3, -3.20995450019836425781e+00) (0, 2.37929478287696838379e-01) (1, -1.90717056393623352051e-01) (2, -1.04902944564819335938e+01) (3, 4.41636610031127929688e+00) (0, -1.29741418361663818359e+00) (1, 4.22903627157211303711e-01) (2, -2.30703163146972656250e+00) (3, 3.05036735534667968750e+01) (0, 3.39164614677429199219e+00) (1, 5.60103368759155273438e+00) (2, -1.17640609741210937500e+02) (3, 1.90131747722625732422e+00) (0, -2.92163467407226562500e+00) (1, 6.79394483566284179688e-01) (2, -3.98469686508178710938e+00) (3, 4.27607078552246093750e+01) (0, -6.31562805175781250000e+01) (1, -2.39685935974121093750e+01) (2, -3.28370742797851562500e+01) (3, -2.40447235107421875000e+01) (0, -1.41953337192535400391e+00) (1, 5.25695085525512695312e-01) (2, -2.57663536071777343750e+00) (3, 3.38265876770019531250e+01) (4, -8.45465242862701416016e-01) (5, 5.66684842109680175781e-01) (6, 6.35217590332031250000e+02) (7, -1.26336789131164550781e+00) (8, -3.47522825002670288086e-01) (9, -2.24347805976867675781e+00) (10, 0.00000000000000000000e+00) (11, -8.32420229911804199219e-01) (12, 3.04211854934692382812e-01) 
