FANN_FLO_2.1
num_layers=4
learning_rate=0.450000
connection_rate=1.000000
network_type=0
learning_momentum=0.000000
training_algorithm=2
train_error_function=1
train_stop_function=0
cascade_output_change_fraction=0.010000
quickprop_decay=-0.000100
quickprop_mu=1.750000
rprop_increase_factor=1.200000
rprop_decrease_factor=0.500000
rprop_delta_min=0.000000
rprop_delta_max=50.000000
rprop_delta_zero=0.100000
cascade_output_stagnation_epochs=12
cascade_candidate_change_fraction=0.010000
cascade_candidate_stagnation_epochs=12
cascade_max_out_epochs=150
cascade_min_out_epochs=50
cascade_max_cand_epochs=150
cascade_min_cand_epochs=50
cascade_num_candidate_groups=2
bit_fail_limit=3.49999994039535522461e-01
cascade_candidate_limit=1.00000000000000000000e+03
cascade_weight_multiplier=4.00000005960464477539e-01
cascade_activation_functions_count=10
cascade_activation_functions=3 5 7 8 10 11 14 15 16 17 
cascade_activation_steepnesses_count=4
cascade_activation_steepnesses=2.50000000000000000000e-01 5.00000000000000000000e-01 7.50000000000000000000e-01 1.00000000000000000000e+00 
layer_sizes=7 5 5 2 
scale_included=0
neurons (num_inputs, activation_function, activation_steepness)=(0, 0, 0.00000000000000000000e+00) (0, 0, 0.00000000000000000000e+00) (0, 0, 0.00000000000000000000e+00) (0, 0, 0.00000000000000000000e+00) (0, 0, 0.00000000000000000000e+00) (0, 0, 0.00000000000000000000e+00) (0, 0, 0.00000000000000000000e+00) (7, 3, 5.00000000000000000000e-01) (7, 3, 5.00000000000000000000e-01) (7, 3, 5.00000000000000000000e-01) (7, 3, 5.00000000000000000000e-01) (0, 3, 0.00000000000000000000e+00) (5, 3, 5.00000000000000000000e-01) (5, 3, 5.00000000000000000000e-01) (5, 3, 5.00000000000000000000e-01) (5, 3, 5.00000000000000000000e-01) (0, 3, 0.00000000000000000000e+00) (5, 0, 5.00000000000000000000e-01) (0, 0, 0.00000000000000000000e+00) 
connections (connected_to_neuron, weight)=(0, 1.50000000000000000000e+03) (1, 1.50000000000000000000e+03) (2, 1.50000000000000000000e+03) (3, -2.73353900909423828125e+01) (4, -1.29929785156250000000e+03) (5, -1.19327624511718750000e+03) (6, 2.51213932037353515625e+00) (0, -2.85250753164291381836e-01) (1, -4.33339225128293037415e-03) (2, -4.33759450912475585938e-01) (3, 1.54769882559776306152e-01) (4, 1.11986421048641204834e-01) (5, 3.11619728803634643555e-01) (6, -1.03225409984588623047e+00) (0, 1.50000000000000000000e+03) (1, 1.46349914550781250000e+03) (2, 1.50000000000000000000e+03) (3, -1.19400268554687500000e+03) (4, -1.47090893554687500000e+03) (5, -1.49064038085937500000e+03) (6, 5.89740610122680664062e+00) (0, 1.03502519428730010986e-01) (1, 1.49823576211929321289e-01) (2, 1.50000000000000000000e+03) (3, -8.07107830047607421875e+00) (4, 1.98875516653060913086e-01) (5, 5.17593097686767578125e+00) (6, -1.83331930637359619141e+00) (7, 1.17968373000621795654e-01) (8, 1.81507980823516845703e+00) (9, 6.03915512561798095703e-01) (10, 7.40237474441528320312e-01) (11, 6.75519406795501708984e-02) (7, 2.69406855106353759766e-01) (8, 2.30159521102905273438e+00) (9, 8.11777949333190917969e-01) (10, 5.61770975589752197266e-01) (11, 3.81329447031021118164e-01) (7, 1.01856306195259094238e-01) (8, 3.84220719337463378906e+00) (9, 7.05657124519348144531e-01) (10, 6.52085185050964355469e-01) (11, 1.73689708113670349121e-01) (7, 3.11958760023117065430e-01) (8, -9.99373912811279296875e+00) (9, -3.24570846557617187500e+00) (10, -6.56192183494567871094e-01) (11, -7.79767632484436035156e-01) (12, -8.96081328392028808594e-03) (13, -6.49736151099205017090e-02) (14, -1.84207595884799957275e-02) (15, 2.08137467503547668457e-01) (16, 9.00017917156219482422e-02) 
