FANN_FLO_2.1
num_layers=3
learning_rate=0.400000
connection_rate=1.000000
network_type=0
learning_momentum=0.000000
training_algorithm=2
train_error_function=1
train_stop_function=0
cascade_output_change_fraction=0.010000
quickprop_decay=-0.000100
quickprop_mu=1.750000
rprop_increase_factor=1.200000
rprop_decrease_factor=0.500000
rprop_delta_min=0.000000
rprop_delta_max=50.000000
rprop_delta_zero=0.100000
cascade_output_stagnation_epochs=12
cascade_candidate_change_fraction=0.010000
cascade_candidate_stagnation_epochs=12
cascade_max_out_epochs=150
cascade_min_out_epochs=50
cascade_max_cand_epochs=150
cascade_min_cand_epochs=50
cascade_num_candidate_groups=2
bit_fail_limit=3.49999994039535522461e-01
cascade_candidate_limit=1.00000000000000000000e+03
cascade_weight_multiplier=4.00000005960464477539e-01
cascade_activation_functions_count=10
cascade_activation_functions=3 5 7 8 10 11 14 15 16 17 
cascade_activation_steepnesses_count=4
cascade_activation_steepnesses=2.50000000000000000000e-01 5.00000000000000000000e-01 7.50000000000000000000e-01 1.00000000000000000000e+00 
layer_sizes=6 5 2 
scale_included=0
neurons (num_inputs, activation_function, activation_steepness)=(0, 0, 0.00000000000000000000e+00) (0, 0, 0.00000000000000000000e+00) (0, 0, 0.00000000000000000000e+00) (0, 0, 0.00000000000000000000e+00) (0, 0, 0.00000000000000000000e+00) (0, 0, 0.00000000000000000000e+00) (6, 3, 5.00000000000000000000e-01) (6, 3, 5.00000000000000000000e-01) (6, 3, 5.00000000000000000000e-01) (6, 3, 5.00000000000000000000e-01) (0, 3, 0.00000000000000000000e+00) (5, 0, 5.00000000000000000000e-01) (0, 0, 0.00000000000000000000e+00) 
connections (connected_to_neuron, weight)=(0, -5.46354770660400390625e+00) (1, -1.80913031101226806641e-01) (2, -1.21286893263459205627e-02) (3, -1.32557344436645507812e+00) (4, 1.33199870586395263672e-01) (5, -8.14555883407592773438e-01) (0, -2.54842319488525390625e+01) (1, -4.84591293334960937500e+00) (2, -1.49300611019134521484e+00) (3, -8.67270171642303466797e-01) (4, -7.59527325630187988281e-01) (5, -5.49654603004455566406e-01) (0, -4.55487823486328125000e+01) (1, -2.17611575126647949219e+00) (2, 1.94044560194015502930e-01) (3, -1.00512969493865966797e+00) (4, -3.20292502641677856445e-01) (5, -6.03690087795257568359e-01) (0, -1.84348309040069580078e+00) (1, -3.38123500347137451172e-01) (2, 3.53142470121383666992e-02) (3, -1.41839456558227539062e+00) (4, 2.07844033837318420410e-01) (5, -6.44203901290893554688e-01) (6, 5.81649363040924072266e-01) (7, 3.83475065231323242188e+00) (8, 2.28116679191589355469e+00) (9, 4.88222688436508178711e-01) (10, 4.19949263334274291992e-01) 
