FANN_FLO_2.1
num_layers=3
learning_rate=0.500000
connection_rate=1.000000
network_type=0
learning_momentum=0.000000
training_algorithm=2
train_error_function=1
train_stop_function=0
cascade_output_change_fraction=0.010000
quickprop_decay=-0.000100
quickprop_mu=1.750000
rprop_increase_factor=1.200000
rprop_decrease_factor=0.500000
rprop_delta_min=0.000000
rprop_delta_max=50.000000
rprop_delta_zero=0.100000
cascade_output_stagnation_epochs=12
cascade_candidate_change_fraction=0.010000
cascade_candidate_stagnation_epochs=12
cascade_max_out_epochs=150
cascade_min_out_epochs=50
cascade_max_cand_epochs=150
cascade_min_cand_epochs=50
cascade_num_candidate_groups=2
bit_fail_limit=3.49999994039535522461e-01
cascade_candidate_limit=1.00000000000000000000e+03
cascade_weight_multiplier=4.00000005960464477539e-01
cascade_activation_functions_count=10
cascade_activation_functions=3 5 7 8 10 11 14 15 16 17 
cascade_activation_steepnesses_count=4
cascade_activation_steepnesses=2.50000000000000000000e-01 5.00000000000000000000e-01 7.50000000000000000000e-01 1.00000000000000000000e+00 
layer_sizes=3 9 4 
scale_included=0
neurons (num_inputs, activation_function, activation_steepness)=(0, 0, 0.00000000000000000000e+00) (0, 0, 0.00000000000000000000e+00) (0, 0, 0.00000000000000000000e+00) (3, 3, 5.00000000000000000000e-01) (3, 3, 5.00000000000000000000e-01) (3, 3, 5.00000000000000000000e-01) (3, 3, 5.00000000000000000000e-01) (3, 3, 5.00000000000000000000e-01) (3, 3, 5.00000000000000000000e-01) (3, 3, 5.00000000000000000000e-01) (3, 3, 5.00000000000000000000e-01) (0, 3, 0.00000000000000000000e+00) (9, 0, 5.00000000000000000000e-01) (9, 0, 5.00000000000000000000e-01) (9, 0, 5.00000000000000000000e-01) (0, 0, 0.00000000000000000000e+00) 
connections (connected_to_neuron, weight)=(0, -6.98467683792114257812e+00) (1, 1.58753836154937744141e+00) (2, 6.97681760787963867188e+00) (0, -4.65152883529663085938e+00) (1, 1.28050601482391357422e+00) (2, 1.09449946880340576172e+00) (0, -2.25388622283935546875e+00) (1, 2.78317260742187500000e+00) (2, 1.06133055686950683594e+00) (0, -6.06803512573242187500e+00) (1, 4.37519598007202148438e+00) (2, 9.49451255798339843750e+00) (0, -2.96652102470397949219e+00) (1, -2.59772133827209472656e+00) (2, 1.09267890453338623047e+00) (0, -3.70357179641723632812e+00) (1, -8.86395263671875000000e+00) (2, 1.61065125465393066406e+00) (0, -2.28394484519958496094e+00) (1, 2.84052658081054687500e+00) (2, 6.27485275268554687500e-01) (0, -4.59104299545288085938e+00) (1, -5.13934373855590820312e-01) (2, 6.68339610099792480469e-01) (3, -1.98797166347503662109e-01) (4, 1.63480353355407714844e+00) (5, 1.10692834854125976562e+00) (6, 3.71709465980529785156e-02) (7, 2.21036100387573242188e+00) (8, 1.66288542747497558594e+00) (9, 2.18117237091064453125e+00) (10, 1.89837622642517089844e+00) (11, 3.74289870262145996094e-01) (3, 1.88573074340820312500e+00) (4, 4.31829500198364257812e+00) (5, 3.66102862358093261719e+00) (6, 1.98305356502532958984e+00) (7, 6.52666997909545898438e+00) (8, 4.04976463317871093750e+00) (9, 3.84875917434692382812e+00) (10, 4.90387916564941406250e+00) (11, 2.02970743179321289062e+00) (3, 9.37285137176513671875e+00) (4, 1.23430128097534179688e+01) (5, 9.47071552276611328125e+00) (6, 1.00266094207763671875e+01) (7, 2.04425296783447265625e+01) (8, 1.32958555221557617188e+01) (9, 9.40082645416259765625e+00) (10, 1.62608489990234375000e+01) (11, 1.08372182846069335938e+01) 
