FANN_FLO_2.1
num_layers=4
learning_rate=0.450000
connection_rate=1.000000
network_type=0
learning_momentum=0.000000
training_algorithm=2
train_error_function=1
train_stop_function=0
cascade_output_change_fraction=0.010000
quickprop_decay=-0.000100
quickprop_mu=1.750000
rprop_increase_factor=1.200000
rprop_decrease_factor=0.500000
rprop_delta_min=0.000000
rprop_delta_max=50.000000
rprop_delta_zero=0.100000
cascade_output_stagnation_epochs=12
cascade_candidate_change_fraction=0.010000
cascade_candidate_stagnation_epochs=12
cascade_max_out_epochs=150
cascade_min_out_epochs=50
cascade_max_cand_epochs=150
cascade_min_cand_epochs=50
cascade_num_candidate_groups=2
bit_fail_limit=3.49999994039535522461e-01
cascade_candidate_limit=1.00000000000000000000e+03
cascade_weight_multiplier=4.00000005960464477539e-01
cascade_activation_functions_count=10
cascade_activation_functions=3 5 7 8 10 11 14 15 16 17 
cascade_activation_steepnesses_count=4
cascade_activation_steepnesses=2.50000000000000000000e-01 5.00000000000000000000e-01 7.50000000000000000000e-01 1.00000000000000000000e+00 
layer_sizes=7 5 5 2 
scale_included=0
neurons (num_inputs, activation_function, activation_steepness)=(0, 0, 0.00000000000000000000e+00) (0, 0, 0.00000000000000000000e+00) (0, 0, 0.00000000000000000000e+00) (0, 0, 0.00000000000000000000e+00) (0, 0, 0.00000000000000000000e+00) (0, 0, 0.00000000000000000000e+00) (0, 0, 0.00000000000000000000e+00) (7, 3, 5.00000000000000000000e-01) (7, 3, 5.00000000000000000000e-01) (7, 3, 5.00000000000000000000e-01) (7, 3, 5.00000000000000000000e-01) (0, 3, 0.00000000000000000000e+00) (5, 3, 5.00000000000000000000e-01) (5, 3, 5.00000000000000000000e-01) (5, 3, 5.00000000000000000000e-01) (5, 3, 5.00000000000000000000e-01) (0, 3, 0.00000000000000000000e+00) (5, 0, 5.00000000000000000000e-01) (0, 0, 0.00000000000000000000e+00) 
connections (connected_to_neuron, weight)=(0, -5.77868461608886718750e-01) (1, 1.09109973907470703125e+00) (2, 1.08427011966705322266e+00) (3, -2.12474775314331054688e+00) (4, -2.06137371063232421875e+00) (5, 7.17876052856445312500e+00) (6, 5.46961832046508789062e+00) (0, -9.63772177696228027344e-01) (1, 1.32139039039611816406e+00) (2, 3.08137945830821990967e-02) (3, 5.34173101186752319336e-02) (4, -3.62748175859451293945e-01) (5, 9.45714831352233886719e-01) (6, 7.26133203506469726562e+00) (0, 1.50000000000000000000e+03) (1, 1.50000000000000000000e+03) (2, 1.50000000000000000000e+03) (3, 1.50000000000000000000e+03) (4, 1.50000000000000000000e+03) (5, 1.50000000000000000000e+03) (6, 6.10479497909545898438e+00) (0, -2.93269045650959014893e-02) (1, 5.03084659576416015625e-01) (2, -2.60086029767990112305e-01) (3, -5.70591509342193603516e-01) (4, -6.39328062534332275391e-01) (5, 1.04504776000976562500e+00) (6, 8.04636764526367187500e+00) (7, -6.58986747264862060547e-01) (8, -7.38876461982727050781e-01) (9, 5.22486114501953125000e+00) (10, -2.30595529079437255859e-01) (11, -6.23059928417205810547e-01) (7, -3.70501816272735595703e-01) (8, -3.28894555568695068359e-01) (9, 4.91966754198074340820e-01) (10, -3.04361432790756225586e-01) (11, -3.55187445878982543945e-01) (7, -1.50041317939758300781e+00) (8, -9.87399876117706298828e-01) (9, -2.48207902908325195312e+00) (10, -1.53935074806213378906e+00) (11, -1.54238617420196533203e+00) (7, 1.30324751138687133789e-01) (8, 3.84963825345039367676e-02) (9, 8.20732474327087402344e-01) (10, 2.67381332814693450928e-02) (11, 1.09839230775833129883e-01) (12, -2.96110287308692932129e-02) (13, 5.92000745236873626709e-02) (14, 1.11383132636547088623e-01) (15, 1.22883744537830352783e-01) (16, -7.27433711290359497070e-02) 
