FANN_FLO_2.1
num_layers=4
learning_rate=0.450000
connection_rate=1.000000
network_type=0
learning_momentum=0.000000
training_algorithm=2
train_error_function=1
train_stop_function=0
cascade_output_change_fraction=0.010000
quickprop_decay=-0.000100
quickprop_mu=1.750000
rprop_increase_factor=1.200000
rprop_decrease_factor=0.500000
rprop_delta_min=0.000000
rprop_delta_max=50.000000
rprop_delta_zero=0.100000
cascade_output_stagnation_epochs=12
cascade_candidate_change_fraction=0.010000
cascade_candidate_stagnation_epochs=12
cascade_max_out_epochs=150
cascade_min_out_epochs=50
cascade_max_cand_epochs=150
cascade_min_cand_epochs=50
cascade_num_candidate_groups=2
bit_fail_limit=3.49999994039535522461e-01
cascade_candidate_limit=1.00000000000000000000e+03
cascade_weight_multiplier=4.00000005960464477539e-01
cascade_activation_functions_count=10
cascade_activation_functions=3 5 7 8 10 11 14 15 16 17 
cascade_activation_steepnesses_count=4
cascade_activation_steepnesses=2.50000000000000000000e-01 5.00000000000000000000e-01 7.50000000000000000000e-01 1.00000000000000000000e+00 
layer_sizes=7 5 3 2 
scale_included=0
neurons (num_inputs, activation_function, activation_steepness)=(0, 0, 0.00000000000000000000e+00) (0, 0, 0.00000000000000000000e+00) (0, 0, 0.00000000000000000000e+00) (0, 0, 0.00000000000000000000e+00) (0, 0, 0.00000000000000000000e+00) (0, 0, 0.00000000000000000000e+00) (0, 0, 0.00000000000000000000e+00) (7, 3, 5.00000000000000000000e-01) (7, 3, 5.00000000000000000000e-01) (7, 3, 5.00000000000000000000e-01) (7, 3, 5.00000000000000000000e-01) (0, 3, 0.00000000000000000000e+00) (5, 3, 5.00000000000000000000e-01) (5, 3, 5.00000000000000000000e-01) (0, 3, 0.00000000000000000000e+00) (3, 0, 5.00000000000000000000e-01) (0, 0, 0.00000000000000000000e+00) 
connections (connected_to_neuron, weight)=(0, 1.05432361364364624023e-01) (1, -4.99945729970932006836e-01) (2, 1.23103270307183265686e-02) (3, 1.71432062983512878418e-01) (4, -3.23181658983230590820e-01) (5, 3.43405961990356445312e-01) (6, -1.39245092868804931641e-01) (0, 8.39427530765533447266e-01) (1, -6.33764490485191345215e-02) (2, 1.50000000000000000000e+03) (3, 1.50000000000000000000e+03) (4, 3.59170019626617431641e-01) (5, 1.97176024317741394043e-01) (6, 3.70943336486816406250e+01) (0, -7.91888087987899780273e-02) (1, -2.68639504909515380859e-01) (2, -2.34016537666320800781e-01) (3, 2.99256771802902221680e-01) (4, -4.06542390584945678711e-01) (5, 5.56393802165985107422e-01) (6, 3.06990414857864379883e-01) (0, -7.47888863086700439453e-01) (1, 1.22015751898288726807e-01) (2, -7.03189671039581298828e-01) (3, -6.84518277645111083984e-01) (4, 2.44271144270896911621e-01) (5, 1.79715192317962646484e+00) (6, -3.48760455846786499023e-01) (7, -4.26449155807495117188e+00) (8, -7.99039065837860107422e-01) (9, 6.38977146148681640625e+00) (10, -4.21692752838134765625e+00) (11, -4.04985761642456054688e+00) (7, -9.05223941802978515625e+00) (8, -3.68550926446914672852e-01) (9, 1.03455257415771484375e+01) (10, -7.32212591171264648438e+00) (11, -4.46132850646972656250e+00) (12, 4.12809342145919799805e-01) (13, 1.07148587703704833984e+00) (14, -5.70642016828060150146e-03) 
