FANN_FLO_2.1
num_layers=3
learning_rate=0.500000
connection_rate=1.000000
network_type=0
learning_momentum=0.000000
training_algorithm=2
train_error_function=1
train_stop_function=0
cascade_output_change_fraction=0.010000
quickprop_decay=-0.000100
quickprop_mu=1.750000
rprop_increase_factor=1.200000
rprop_decrease_factor=0.500000
rprop_delta_min=0.000000
rprop_delta_max=50.000000
rprop_delta_zero=0.100000
cascade_output_stagnation_epochs=12
cascade_candidate_change_fraction=0.010000
cascade_candidate_stagnation_epochs=12
cascade_max_out_epochs=150
cascade_min_out_epochs=50
cascade_max_cand_epochs=150
cascade_min_cand_epochs=50
cascade_num_candidate_groups=2
bit_fail_limit=3.49999994039535522461e-01
cascade_candidate_limit=1.00000000000000000000e+03
cascade_weight_multiplier=4.00000005960464477539e-01
cascade_activation_functions_count=10
cascade_activation_functions=3 5 7 8 10 11 14 15 16 17 
cascade_activation_steepnesses_count=4
cascade_activation_steepnesses=2.50000000000000000000e-01 5.00000000000000000000e-01 7.50000000000000000000e-01 1.00000000000000000000e+00 
layer_sizes=10 5 2 
scale_included=0
neurons (num_inputs, activation_function, activation_steepness)=(0, 0, 0.00000000000000000000e+00) (0, 0, 0.00000000000000000000e+00) (0, 0, 0.00000000000000000000e+00) (0, 0, 0.00000000000000000000e+00) (0, 0, 0.00000000000000000000e+00) (0, 0, 0.00000000000000000000e+00) (0, 0, 0.00000000000000000000e+00) (0, 0, 0.00000000000000000000e+00) (0, 0, 0.00000000000000000000e+00) (0, 0, 0.00000000000000000000e+00) (10, 3, 5.00000000000000000000e-01) (10, 3, 5.00000000000000000000e-01) (10, 3, 5.00000000000000000000e-01) (10, 3, 5.00000000000000000000e-01) (0, 3, 0.00000000000000000000e+00) (5, 3, 5.00000000000000000000e-01) (0, 3, 0.00000000000000000000e+00) 
connections (connected_to_neuron, weight)=(0, -4.52441900968551635742e-01) (1, -7.02312052249908447266e-01) (2, -3.09733748435974121094e-01) (3, -9.04593825340270996094e-01) (4, -4.42677527666091918945e-01) (5, -6.54602587223052978516e-01) (6, -6.12210392951965332031e-01) (7, -4.69120115041732788086e-01) (8, -3.20638239383697509766e-01) (9, 1.12408161163330078125e+00) (0, -1.01590740680694580078e+00) (1, -6.24127686023712158203e-01) (2, -3.88645380735397338867e-01) (3, -4.68943268060684204102e-01) (4, 9.12607088685035705566e-02) (5, -6.97930872440338134766e-01) (6, -2.96975344419479370117e-01) (7, -6.76991820335388183594e-01) (8, -8.78735482692718505859e-01) (9, 1.09656476974487304688e+00) (0, -7.02930748462677001953e-01) (1, -5.16167044639587402344e-01) (2, -2.62709951400756835938e+00) (3, -4.14131075143814086914e-01) (4, -3.78102231025695800781e+00) (5, -4.53428864479064941406e-01) (6, -1.40646731853485107422e+00) (7, -7.40826904773712158203e-01) (8, -1.80414664745330810547e+00) (9, 1.08648812770843505859e+00) (0, -7.90318667888641357422e-01) (1, -7.62356877326965332031e-01) (2, -9.70076382160186767578e-01) (3, -6.34152173995971679688e-01) (4, -9.44049000740051269531e-01) (5, -7.22245275974273681641e-01) (6, -8.50742936134338378906e-01) (7, -8.85649681091308593750e-01) (8, -8.41926455497741699219e-01) (9, 4.12189674377441406250e+00) (10, -1.27035546302795410156e+00) (11, -6.73528850078582763672e-01) (12, -1.42343842983245849609e+00) (13, -1.41476833820343017578e+00) (14, 1.27190434932708740234e+00) 
