FANN_FLO_2.1
num_layers=3
learning_rate=0.500000
connection_rate=1.000000
network_type=0
learning_momentum=0.000000
training_algorithm=2
train_error_function=1
train_stop_function=0
cascade_output_change_fraction=0.010000
quickprop_decay=-0.000100
quickprop_mu=1.750000
rprop_increase_factor=1.200000
rprop_decrease_factor=0.500000
rprop_delta_min=0.000000
rprop_delta_max=50.000000
rprop_delta_zero=0.100000
cascade_output_stagnation_epochs=12
cascade_candidate_change_fraction=0.010000
cascade_candidate_stagnation_epochs=12
cascade_max_out_epochs=150
cascade_min_out_epochs=50
cascade_max_cand_epochs=150
cascade_min_cand_epochs=50
cascade_num_candidate_groups=2
bit_fail_limit=3.49999994039535522461e-01
cascade_candidate_limit=1.00000000000000000000e+03
cascade_weight_multiplier=4.00000005960464477539e-01
cascade_activation_functions_count=10
cascade_activation_functions=3 5 7 8 10 11 14 15 16 17 
cascade_activation_steepnesses_count=4
cascade_activation_steepnesses=2.50000000000000000000e-01 5.00000000000000000000e-01 7.50000000000000000000e-01 1.00000000000000000000e+00 
layer_sizes=3 5 4 
scale_included=0
neurons (num_inputs, activation_function, activation_steepness)=(0, 0, 0.00000000000000000000e+00) (0, 0, 0.00000000000000000000e+00) (0, 0, 0.00000000000000000000e+00) (3, 3, 5.00000000000000000000e-01) (3, 3, 5.00000000000000000000e-01) (3, 3, 5.00000000000000000000e-01) (3, 3, 5.00000000000000000000e-01) (0, 3, 0.00000000000000000000e+00) (5, 0, 5.00000000000000000000e-01) (5, 0, 5.00000000000000000000e-01) (5, 0, 5.00000000000000000000e-01) (0, 0, 0.00000000000000000000e+00) 
connections (connected_to_neuron, weight)=(0, -3.43360061645507812500e+01) (1, 7.59740066528320312500e+00) (2, 1.58925228118896484375e+01) (0, -1.50000000000000000000e+03) (1, -1.08538659667968750000e+03) (2, 1.08539075851440429688e+01) (0, -1.78705787658691406250e+01) (1, 9.85880851745605468750e+00) (2, 1.95570602416992187500e+01) (0, -1.50000000000000000000e+03) (1, -1.31784982681274414062e+01) (2, 2.71336441040039062500e+01) (3, 1.74786019325256347656e+00) (4, 2.09701347351074218750e+00) (5, 1.67005646228790283203e+00) (6, 2.39201426506042480469e+00) (7, 1.46591067314147949219e+00) (3, 5.93909406661987304688e+00) (4, 5.31540012359619140625e+00) (5, 6.12580490112304687500e+00) (6, 5.79287576675415039062e+00) (7, 5.64719247817993164062e+00) (3, 1.80433254241943359375e+01) (4, 1.54566087722778320312e+01) (5, 2.15619754791259765625e+01) (6, 1.82929935455322265625e+01) (7, 2.21451263427734375000e+01) 
