FANN_FLO_2.1
num_layers=3
learning_rate=0.500000
connection_rate=1.000000
network_type=0
learning_momentum=0.000000
training_algorithm=2
train_error_function=1
train_stop_function=0
cascade_output_change_fraction=0.010000
quickprop_decay=-0.000100
quickprop_mu=1.750000
rprop_increase_factor=1.200000
rprop_decrease_factor=0.500000
rprop_delta_min=0.000000
rprop_delta_max=50.000000
rprop_delta_zero=0.100000
cascade_output_stagnation_epochs=12
cascade_candidate_change_fraction=0.010000
cascade_candidate_stagnation_epochs=12
cascade_max_out_epochs=150
cascade_min_out_epochs=50
cascade_max_cand_epochs=150
cascade_min_cand_epochs=50
cascade_num_candidate_groups=2
bit_fail_limit=3.49999994039535522461e-01
cascade_candidate_limit=1.00000000000000000000e+03
cascade_weight_multiplier=4.00000005960464477539e-01
cascade_activation_functions_count=10
cascade_activation_functions=3 5 7 8 10 11 14 15 16 17 
cascade_activation_steepnesses_count=4
cascade_activation_steepnesses=2.50000000000000000000e-01 5.00000000000000000000e-01 7.50000000000000000000e-01 1.00000000000000000000e+00 
layer_sizes=7 5 2 
scale_included=0
neurons (num_inputs, activation_function, activation_steepness)=(0, 0, 0.00000000000000000000e+00) (0, 0, 0.00000000000000000000e+00) (0, 0, 0.00000000000000000000e+00) (0, 0, 0.00000000000000000000e+00) (0, 0, 0.00000000000000000000e+00) (0, 0, 0.00000000000000000000e+00) (0, 0, 0.00000000000000000000e+00) (7, 3, 5.00000000000000000000e-01) (7, 3, 5.00000000000000000000e-01) (7, 3, 5.00000000000000000000e-01) (7, 3, 5.00000000000000000000e-01) (0, 3, 0.00000000000000000000e+00) (5, 0, 5.00000000000000000000e-01) (0, 0, 0.00000000000000000000e+00) 
connections (connected_to_neuron, weight)=(0, -1.53491988778114318848e-01) (1, -8.97434651851654052734e-02) (2, -5.46209871768951416016e-01) (3, 1.32608085870742797852e-01) (4, 4.18560951948165893555e-02) (5, 3.91954869031906127930e-01) (6, 8.44354182481765747070e-02) (0, 1.01085014641284942627e-01) (1, -6.41055405139923095703e-01) (2, -1.12588532269001007080e-01) (3, -2.83853039145469665527e-02) (4, -1.76391452550888061523e-01) (5, 8.33480879664421081543e-02) (6, -6.20243474841117858887e-02) (0, -1.69617626816034317017e-02) (1, 2.62450546026229858398e-01) (2, 2.34394058585166931152e-01) (3, -9.87209612503647804260e-04) (4, -1.76651984453201293945e-01) (5, -2.01292082667350769043e-01) (6, -5.23133575916290283203e-01) (0, 1.65757864713668823242e-01) (1, -3.20760369300842285156e-01) (2, -1.44172549247741699219e-01) (3, -7.44260549545288085938e-02) (4, -3.32064032554626464844e-01) (5, 1.67503803968429565430e-01) (6, 7.98468068242073059082e-02) (7, -1.37229368090629577637e-01) (8, 1.46201744675636291504e-01) (9, -1.36970624327659606934e-01) (10, -1.31512850522994995117e-01) (11, 1.37077108025550842285e-01) 
