FANN_FLO_2.1
num_layers=3
learning_rate=0.500000
connection_rate=1.000000
network_type=0
learning_momentum=0.000000
training_algorithm=2
train_error_function=1
train_stop_function=0
cascade_output_change_fraction=0.010000
quickprop_decay=-0.000100
quickprop_mu=1.750000
rprop_increase_factor=1.200000
rprop_decrease_factor=0.500000
rprop_delta_min=0.000000
rprop_delta_max=50.000000
rprop_delta_zero=0.100000
cascade_output_stagnation_epochs=12
cascade_candidate_change_fraction=0.010000
cascade_candidate_stagnation_epochs=12
cascade_max_out_epochs=150
cascade_min_out_epochs=50
cascade_max_cand_epochs=150
cascade_min_cand_epochs=50
cascade_num_candidate_groups=2
bit_fail_limit=3.49999994039535522461e-01
cascade_candidate_limit=1.00000000000000000000e+03
cascade_weight_multiplier=4.00000005960464477539e-01
cascade_activation_functions_count=10
cascade_activation_functions=3 5 7 8 10 11 14 15 16 17 
cascade_activation_steepnesses_count=4
cascade_activation_steepnesses=2.50000000000000000000e-01 5.00000000000000000000e-01 7.50000000000000000000e-01 1.00000000000000000000e+00 
layer_sizes=10 5 2 
scale_included=0
neurons (num_inputs, activation_function, activation_steepness)=(0, 0, 0.00000000000000000000e+00) (0, 0, 0.00000000000000000000e+00) (0, 0, 0.00000000000000000000e+00) (0, 0, 0.00000000000000000000e+00) (0, 0, 0.00000000000000000000e+00) (0, 0, 0.00000000000000000000e+00) (0, 0, 0.00000000000000000000e+00) (0, 0, 0.00000000000000000000e+00) (0, 0, 0.00000000000000000000e+00) (0, 0, 0.00000000000000000000e+00) (10, 3, 5.00000000000000000000e-01) (10, 3, 5.00000000000000000000e-01) (10, 3, 5.00000000000000000000e-01) (10, 3, 5.00000000000000000000e-01) (0, 3, 0.00000000000000000000e+00) (5, 3, 5.00000000000000000000e-01) (0, 3, 0.00000000000000000000e+00) 
connections (connected_to_neuron, weight)=(0, -5.56045949459075927734e-01) (1, -6.15696489810943603516e-01) (2, -6.95548117160797119141e-01) (3, -6.39958381652832031250e-01) (4, 7.31010641902685165405e-03) (5, -8.00143480300903320312e-01) (6, -7.04018592834472656250e-01) (7, -6.48727178573608398438e-01) (8, -3.93759071826934814453e-01) (9, 6.97494447231292724609e-01) (0, 6.08378410339355468750e-01) (1, 4.62676674127578735352e-01) (2, 1.35864317417144775391e+00) (3, 5.57658731937408447266e-01) (4, -8.34334790706634521484e-02) (5, 4.30891871452331542969e-01) (6, 1.17902541160583496094e+00) (7, 6.07802152633666992188e-01) (8, 2.55223363637924194336e-01) (9, -3.17644572257995605469e+00) (0, 2.43615731596946716309e-01) (1, 6.21211707592010498047e-01) (2, -2.66955614089965820312e-01) (3, 5.98619639873504638672e-01) (4, 7.67143189907073974609e-01) (5, 4.25680249929428100586e-01) (6, -1.45866721868515014648e-01) (7, 4.40314114093780517578e-01) (8, 8.96771192550659179688e-01) (9, -1.72945177555084228516e+00) (0, -4.05798226594924926758e-01) (1, -3.33375304937362670898e-01) (2, -6.40853792428970336914e-02) (3, -3.08449774980545043945e-01) (4, -9.24215734004974365234e-01) (5, -3.25303524732589721680e-01) (6, -7.18211531639099121094e-02) (7, -2.90661931037902832031e-01) (8, -4.54926431179046630859e-01) (9, 6.82727038860321044922e-01) (10, -1.67060661315917968750e+00) (11, 1.12077510356903076172e+00) (12, 6.33245289325714111328e-01) (13, -1.77728080749511718750e+00) (14, -1.48776848800480365753e-03) 
