FANN_FLO_2.1
num_layers=3
learning_rate=0.500000
connection_rate=1.000000
network_type=0
learning_momentum=0.000000
training_algorithm=2
train_error_function=1
train_stop_function=0
cascade_output_change_fraction=0.010000
quickprop_decay=-0.000100
quickprop_mu=1.750000
rprop_increase_factor=1.200000
rprop_decrease_factor=0.500000
rprop_delta_min=0.000000
rprop_delta_max=50.000000
rprop_delta_zero=0.100000
cascade_output_stagnation_epochs=12
cascade_candidate_change_fraction=0.010000
cascade_candidate_stagnation_epochs=12
cascade_max_out_epochs=150
cascade_min_out_epochs=50
cascade_max_cand_epochs=150
cascade_min_cand_epochs=50
cascade_num_candidate_groups=2
bit_fail_limit=3.49999994039535522461e-01
cascade_candidate_limit=1.00000000000000000000e+03
cascade_weight_multiplier=4.00000005960464477539e-01
cascade_activation_functions_count=10
cascade_activation_functions=3 5 7 8 10 11 14 15 16 17 
cascade_activation_steepnesses_count=4
cascade_activation_steepnesses=2.50000000000000000000e-01 5.00000000000000000000e-01 7.50000000000000000000e-01 1.00000000000000000000e+00 
layer_sizes=10 5 2 
scale_included=0
neurons (num_inputs, activation_function, activation_steepness)=(0, 0, 0.00000000000000000000e+00) (0, 0, 0.00000000000000000000e+00) (0, 0, 0.00000000000000000000e+00) (0, 0, 0.00000000000000000000e+00) (0, 0, 0.00000000000000000000e+00) (0, 0, 0.00000000000000000000e+00) (0, 0, 0.00000000000000000000e+00) (0, 0, 0.00000000000000000000e+00) (0, 0, 0.00000000000000000000e+00) (0, 0, 0.00000000000000000000e+00) (10, 3, 5.00000000000000000000e-01) (10, 3, 5.00000000000000000000e-01) (10, 3, 5.00000000000000000000e-01) (10, 3, 5.00000000000000000000e-01) (0, 3, 0.00000000000000000000e+00) (5, 3, 5.00000000000000000000e-01) (0, 3, 0.00000000000000000000e+00) 
connections (connected_to_neuron, weight)=(0, -4.87094819545745849609e-01) (1, -4.74342972040176391602e-01) (2, -4.22081053256988525391e-01) (3, -5.65027356147766113281e-01) (4, -5.98167598247528076172e-01) (5, -4.70782250165939331055e-01) (6, -4.53797072172164916992e-01) (7, -4.78741049766540527344e-01) (8, -4.62102651596069335938e-01) (9, 1.97906863689422607422e+00) (0, 4.55874532461166381836e-01) (1, 4.83822554349899291992e-01) (2, 6.72285974025726318359e-01) (3, 2.04941108822822570801e-01) (4, 2.23472833633422851562e-01) (5, 4.12779957056045532227e-01) (6, 3.69233280420303344727e-01) (7, 3.22755783796310424805e-01) (8, 4.00867134332656860352e-01) (9, 3.98549318313598632812e-01) (0, 2.95994609594345092773e-01) (1, 4.56704437732696533203e-01) (2, 5.19625365734100341797e-01) (3, 2.09664240479469299316e-01) (4, 2.17044949531555175781e-01) (5, 5.48071742057800292969e-01) (6, 2.45890870690345764160e-01) (7, 4.84042972326278686523e-01) (8, 4.13796335458755493164e-01) (9, 3.37523937225341796875e-01) (0, -4.68756526708602905273e-01) (1, -3.72246921062469482422e-01) (2, -5.49910485744476318359e-01) (3, -2.81794100999832153320e-01) (4, -1.10996358096599578857e-01) (5, -3.61490547657012939453e-01) (6, -5.34619450569152832031e-01) (7, -4.69622015953063964844e-01) (8, -4.56975311040878295898e-01) (9, 4.47910100221633911133e-01) (10, -2.68618059158325195312e+00) (11, 6.11627757549285888672e-01) (12, 8.40308845043182373047e-01) (13, -1.20250856876373291016e+00) (14, 1.53958827257156372070e-01) 
