FANN_FLO_2.1
num_layers=3
learning_rate=0.500000
connection_rate=1.000000
network_type=0
learning_momentum=0.000000
training_algorithm=2
train_error_function=1
train_stop_function=0
cascade_output_change_fraction=0.010000
quickprop_decay=-0.000100
quickprop_mu=1.750000
rprop_increase_factor=1.200000
rprop_decrease_factor=0.500000
rprop_delta_min=0.000000
rprop_delta_max=50.000000
rprop_delta_zero=0.100000
cascade_output_stagnation_epochs=12
cascade_candidate_change_fraction=0.010000
cascade_candidate_stagnation_epochs=12
cascade_max_out_epochs=150
cascade_min_out_epochs=50
cascade_max_cand_epochs=150
cascade_min_cand_epochs=50
cascade_num_candidate_groups=2
bit_fail_limit=3.49999994039535522461e-01
cascade_candidate_limit=1.00000000000000000000e+03
cascade_weight_multiplier=4.00000005960464477539e-01
cascade_activation_functions_count=10
cascade_activation_functions=3 5 7 8 10 11 14 15 16 17 
cascade_activation_steepnesses_count=4
cascade_activation_steepnesses=2.50000000000000000000e-01 5.00000000000000000000e-01 7.50000000000000000000e-01 1.00000000000000000000e+00 
layer_sizes=7 5 2 
scale_included=0
neurons (num_inputs, activation_function, activation_steepness)=(0, 0, 0.00000000000000000000e+00) (0, 0, 0.00000000000000000000e+00) (0, 0, 0.00000000000000000000e+00) (0, 0, 0.00000000000000000000e+00) (0, 0, 0.00000000000000000000e+00) (0, 0, 0.00000000000000000000e+00) (0, 0, 0.00000000000000000000e+00) (7, 3, 5.00000000000000000000e-01) (7, 3, 5.00000000000000000000e-01) (7, 3, 5.00000000000000000000e-01) (7, 3, 5.00000000000000000000e-01) (0, 3, 0.00000000000000000000e+00) (5, 0, 5.00000000000000000000e-01) (0, 0, 0.00000000000000000000e+00) 
connections (connected_to_neuron, weight)=(0, -6.79324045777320861816e-02) (1, 1.31937101483345031738e-01) (2, -2.28438615798950195312e-01) (3, 1.61106079816818237305e-01) (4, -1.76029360294342041016e+00) (5, 1.27821123600006103516e+00) (6, -3.34336972236633300781e+00) (0, -4.97446632385253906250e+00) (1, -2.76431388854980468750e+01) (2, -1.15000000000000000000e+03) (3, -5.19036102294921875000e+00) (4, -5.21169662475585937500e+00) (5, -1.15000000000000000000e+03) (6, -7.00717642903327941895e-02) (0, -1.59410095214843750000e+01) (1, 4.09846420288085937500e+01) (2, -7.33296585083007812500e+01) (3, -7.50887908935546875000e+01) (4, -1.58503904342651367188e+01) (5, -1.73532592773437500000e+02) (6, -1.33894276618957519531e+00) (0, -1.90801906585693359375e+01) (1, 1.70007476806640625000e+01) (2, -2.77800048828125000000e+02) (3, 1.11644816398620605469e+00) (4, 5.39953187108039855957e-02) (5, -1.65800048828125000000e+02) (6, -4.48607206344604492188e-01) (7, 1.12599754333496093750e+00) (8, 3.50000000000000000000e+02) (9, -1.36444530487060546875e+01) (10, 4.79990310668945312500e+01) (11, 1.30270896479487419128e-02) 
