FANN_FLO_2.1
num_layers=3
learning_rate=0.400000
connection_rate=1.000000
network_type=0
learning_momentum=0.000000
training_algorithm=2
train_error_function=1
train_stop_function=0
cascade_output_change_fraction=0.010000
quickprop_decay=-0.000100
quickprop_mu=1.750000
rprop_increase_factor=1.200000
rprop_decrease_factor=0.500000
rprop_delta_min=0.000000
rprop_delta_max=50.000000
rprop_delta_zero=0.100000
cascade_output_stagnation_epochs=12
cascade_candidate_change_fraction=0.010000
cascade_candidate_stagnation_epochs=12
cascade_max_out_epochs=150
cascade_min_out_epochs=50
cascade_max_cand_epochs=150
cascade_min_cand_epochs=50
cascade_num_candidate_groups=2
bit_fail_limit=3.49999994039535522461e-01
cascade_candidate_limit=1.00000000000000000000e+03
cascade_weight_multiplier=4.00000005960464477539e-01
cascade_activation_functions_count=10
cascade_activation_functions=3 5 7 8 10 11 14 15 16 17 
cascade_activation_steepnesses_count=4
cascade_activation_steepnesses=2.50000000000000000000e-01 5.00000000000000000000e-01 7.50000000000000000000e-01 1.00000000000000000000e+00 
layer_sizes=10 3 2 
scale_included=0
neurons (num_inputs, activation_function, activation_steepness)=(0, 0, 0.00000000000000000000e+00) (0, 0, 0.00000000000000000000e+00) (0, 0, 0.00000000000000000000e+00) (0, 0, 0.00000000000000000000e+00) (0, 0, 0.00000000000000000000e+00) (0, 0, 0.00000000000000000000e+00) (0, 0, 0.00000000000000000000e+00) (0, 0, 0.00000000000000000000e+00) (0, 0, 0.00000000000000000000e+00) (0, 0, 0.00000000000000000000e+00) (10, 3, 5.00000000000000000000e-01) (10, 3, 5.00000000000000000000e-01) (0, 3, 0.00000000000000000000e+00) (3, 3, 5.00000000000000000000e-01) (0, 3, 0.00000000000000000000e+00) 
connections (connected_to_neuron, weight)=(0, 1.27787128090858459473e-01) (1, 1.27127319574356079102e-01) (2, 1.02784715592861175537e-01) (3, 3.64072620868682861328e-02) (4, 2.07559704780578613281e-01) (5, 1.16031572222709655762e-01) (6, 9.31113213300704956055e-02) (7, 2.02777013182640075684e-02) (8, 9.81917306780815124512e-02) (9, 1.44627511501312255859e-01) (0, 1.46372050046920776367e-01) (1, 1.64827346801757812500e-01) (2, 1.32465884089469909668e-01) (3, 8.03000926971435546875e-02) (4, 1.52243524789810180664e-01) (5, 2.02271640300750732422e-01) (6, 1.39676108956336975098e-01) (7, 5.57736456394195556641e-02) (8, 3.20740193128585815430e-02) (9, 1.61047756671905517578e-01) (10, -2.11160123348236083984e-01) (11, -2.04372674226760864258e-01) (12, -8.45977738499641418457e-02) 
