FANN_FLO_2.1
num_layers=4
learning_rate=0.450000
connection_rate=1.000000
network_type=0
learning_momentum=0.000000
training_algorithm=2
train_error_function=1
train_stop_function=0
cascade_output_change_fraction=0.010000
quickprop_decay=-0.000100
quickprop_mu=1.750000
rprop_increase_factor=1.200000
rprop_decrease_factor=0.500000
rprop_delta_min=0.000000
rprop_delta_max=50.000000
rprop_delta_zero=0.100000
cascade_output_stagnation_epochs=12
cascade_candidate_change_fraction=0.010000
cascade_candidate_stagnation_epochs=12
cascade_max_out_epochs=150
cascade_min_out_epochs=50
cascade_max_cand_epochs=150
cascade_min_cand_epochs=50
cascade_num_candidate_groups=2
bit_fail_limit=3.49999994039535522461e-01
cascade_candidate_limit=1.00000000000000000000e+03
cascade_weight_multiplier=4.00000005960464477539e-01
cascade_activation_functions_count=10
cascade_activation_functions=3 5 7 8 10 11 14 15 16 17 
cascade_activation_steepnesses_count=4
cascade_activation_steepnesses=2.50000000000000000000e-01 5.00000000000000000000e-01 7.50000000000000000000e-01 1.00000000000000000000e+00 
layer_sizes=7 5 5 2 
scale_included=0
neurons (num_inputs, activation_function, activation_steepness)=(0, 0, 0.00000000000000000000e+00) (0, 0, 0.00000000000000000000e+00) (0, 0, 0.00000000000000000000e+00) (0, 0, 0.00000000000000000000e+00) (0, 0, 0.00000000000000000000e+00) (0, 0, 0.00000000000000000000e+00) (0, 0, 0.00000000000000000000e+00) (7, 3, 5.00000000000000000000e-01) (7, 3, 5.00000000000000000000e-01) (7, 3, 5.00000000000000000000e-01) (7, 3, 5.00000000000000000000e-01) (0, 3, 0.00000000000000000000e+00) (5, 3, 5.00000000000000000000e-01) (5, 3, 5.00000000000000000000e-01) (5, 3, 5.00000000000000000000e-01) (5, 3, 5.00000000000000000000e-01) (0, 3, 0.00000000000000000000e+00) (5, 0, 5.00000000000000000000e-01) (0, 0, 0.00000000000000000000e+00) 
connections (connected_to_neuron, weight)=(0, -1.50000000000000000000e+03) (1, -1.50000000000000000000e+03) (2, -1.50000000000000000000e+03) (3, -1.50000000000000000000e+03) (4, -1.50000000000000000000e+03) (5, -1.50000000000000000000e+03) (6, 2.31872817993164062500e+02) (0, -1.50000000000000000000e+03) (1, -1.50000000000000000000e+03) (2, -1.50000000000000000000e+03) (3, -1.50000000000000000000e+03) (4, -1.50000000000000000000e+03) (5, -1.50000000000000000000e+03) (6, 5.34197143554687500000e+02) (0, 1.87098178863525390625e+01) (1, 4.71493186950683593750e+01) (2, -9.07461395263671875000e+01) (3, 2.58760414123535156250e+01) (4, -8.03367797851562500000e+02) (5, 5.60041381835937500000e+02) (6, 6.72501230239868164062e+00) (0, -1.50000000000000000000e+03) (1, -1.50000000000000000000e+03) (2, -1.50000000000000000000e+03) (3, -1.50000000000000000000e+03) (4, -1.50000000000000000000e+03) (5, -1.50000000000000000000e+03) (6, 1.08782080078125000000e+03) (7, 1.50000000000000000000e+03) (8, 1.50000000000000000000e+03) (9, -2.11532562971115112305e-01) (10, 1.50000000000000000000e+03) (11, -1.02599275112152099609e+00) (7, 1.50000000000000000000e+03) (8, 1.50000000000000000000e+03) (9, -6.45317018032073974609e-01) (10, 1.50000000000000000000e+03) (11, -2.50571823120117187500e+00) (7, 1.50000000000000000000e+03) (8, 1.50000000000000000000e+03) (9, 2.53272938728332519531e+00) (10, 1.50000000000000000000e+03) (11, -2.31586074829101562500e+00) (7, 1.50000000000000000000e+03) (8, 1.50000000000000000000e+03) (9, 1.09392194747924804688e+01) (10, 1.50000000000000000000e+03) (11, -9.09031581878662109375e+00) (12, 7.04424362629652023315e-03) (13, -1.57892212271690368652e-01) (14, -1.31598608568310737610e-02) (15, 8.77716392278671264648e-02) (16, 2.40246262401342391968e-02) 
