FANN_FLO_2.1
num_layers=4
learning_rate=0.500000
connection_rate=1.000000
network_type=0
learning_momentum=0.000000
training_algorithm=2
train_error_function=1
train_stop_function=0
cascade_output_change_fraction=0.010000
quickprop_decay=-0.000100
quickprop_mu=1.750000
rprop_increase_factor=1.200000
rprop_decrease_factor=0.500000
rprop_delta_min=0.000000
rprop_delta_max=50.000000
rprop_delta_zero=0.100000
cascade_output_stagnation_epochs=12
cascade_candidate_change_fraction=0.010000
cascade_candidate_stagnation_epochs=12
cascade_max_out_epochs=150
cascade_min_out_epochs=50
cascade_max_cand_epochs=150
cascade_min_cand_epochs=50
cascade_num_candidate_groups=2
bit_fail_limit=3.49999994039535522461e-01
cascade_candidate_limit=1.00000000000000000000e+03
cascade_weight_multiplier=4.00000005960464477539e-01
cascade_activation_functions_count=10
cascade_activation_functions=3 5 7 8 10 11 14 15 16 17 
cascade_activation_steepnesses_count=4
cascade_activation_steepnesses=2.50000000000000000000e-01 5.00000000000000000000e-01 7.50000000000000000000e-01 1.00000000000000000000e+00 
layer_sizes=4 5 5 2 
scale_included=0
neurons (num_inputs, activation_function, activation_steepness)=(0, 0, 0.00000000000000000000e+00) (0, 0, 0.00000000000000000000e+00) (0, 0, 0.00000000000000000000e+00) (0, 0, 0.00000000000000000000e+00) (4, 3, 5.00000000000000000000e-01) (4, 3, 5.00000000000000000000e-01) (4, 3, 5.00000000000000000000e-01) (4, 3, 5.00000000000000000000e-01) (0, 3, 0.00000000000000000000e+00) (5, 3, 5.00000000000000000000e-01) (5, 3, 5.00000000000000000000e-01) (5, 3, 5.00000000000000000000e-01) (5, 3, 5.00000000000000000000e-01) (0, 3, 0.00000000000000000000e+00) (5, 3, 5.00000000000000000000e-01) (0, 3, 0.00000000000000000000e+00) 
connections (connected_to_neuron, weight)=(0, 3.80056524276733398438e+00) (1, -1.49314686655998229980e-01) (2, 6.12502396106719970703e-02) (3, 5.64111828804016113281e-01) (0, -4.08089542388916015625e+00) (1, -1.35633535385131835938e+01) (2, 5.31444549560546875000e+00) (3, 3.80091834068298339844e+00) (0, -5.59949874877929687500e+00) (1, -5.94475412368774414062e+00) (2, -6.36469662189483642578e-01) (3, 5.02689981460571289062e+00) (0, 3.32236361503601074219e+00) (1, 1.50757944583892822266e+00) (2, 4.68092530965805053711e-01) (3, -5.84183633327484130859e-01) (4, 1.30112364888191223145e-01) (5, 7.37009382247924804688e+00) (6, 8.85261821746826171875e+00) (7, -2.36990976333618164062e+00) (8, -1.03063404560089111328e+00) (4, -2.19380211830139160156e+00) (5, 5.74582624435424804688e+00) (6, 3.26040992736816406250e+01) (7, -7.72495269775390625000e+00) (8, -1.10647130012512207031e+00) (4, -3.03480893373489379883e-01) (5, 5.85650730133056640625e+00) (6, 2.62799453735351562500e+01) (7, -7.46428680419921875000e+00) (8, -1.42916643619537353516e+00) (4, -5.89969205856323242188e+00) (5, 1.22635002136230468750e+01) (6, 3.09987163543701171875e+01) (7, -4.15332698822021484375e+00) (8, -1.84714066982269287109e+00) (9, 1.86364686489105224609e+00) (10, -1.37027144432067871094e+00) (11, -1.27948391437530517578e+00) (12, -3.40100884437561035156e+00) (13, 1.95593166351318359375e+00) 
