FANN_FLO_2.1
num_layers=3
learning_rate=0.400000
connection_rate=1.000000
network_type=0
learning_momentum=0.000000
training_algorithm=2
train_error_function=1
train_stop_function=0
cascade_output_change_fraction=0.010000
quickprop_decay=-0.000100
quickprop_mu=1.750000
rprop_increase_factor=1.200000
rprop_decrease_factor=0.500000
rprop_delta_min=0.000000
rprop_delta_max=50.000000
rprop_delta_zero=0.100000
cascade_output_stagnation_epochs=12
cascade_candidate_change_fraction=0.010000
cascade_candidate_stagnation_epochs=12
cascade_max_out_epochs=150
cascade_min_out_epochs=50
cascade_max_cand_epochs=150
cascade_min_cand_epochs=50
cascade_num_candidate_groups=2
bit_fail_limit=3.49999994039535522461e-01
cascade_candidate_limit=1.00000000000000000000e+03
cascade_weight_multiplier=4.00000005960464477539e-01
cascade_activation_functions_count=10
cascade_activation_functions=3 5 7 8 10 11 14 15 16 17 
cascade_activation_steepnesses_count=4
cascade_activation_steepnesses=2.50000000000000000000e-01 5.00000000000000000000e-01 7.50000000000000000000e-01 1.00000000000000000000e+00 
layer_sizes=10 3 2 
scale_included=0
neurons (num_inputs, activation_function, activation_steepness)=(0, 0, 0.00000000000000000000e+00) (0, 0, 0.00000000000000000000e+00) (0, 0, 0.00000000000000000000e+00) (0, 0, 0.00000000000000000000e+00) (0, 0, 0.00000000000000000000e+00) (0, 0, 0.00000000000000000000e+00) (0, 0, 0.00000000000000000000e+00) (0, 0, 0.00000000000000000000e+00) (0, 0, 0.00000000000000000000e+00) (0, 0, 0.00000000000000000000e+00) (10, 3, 5.00000000000000000000e-01) (10, 3, 5.00000000000000000000e-01) (0, 3, 0.00000000000000000000e+00) (3, 3, 5.00000000000000000000e-01) (0, 3, 0.00000000000000000000e+00) 
connections (connected_to_neuron, weight)=(0, -6.62751570343971252441e-02) (1, -7.62077495455741882324e-02) (2, -9.47650894522666931152e-02) (3, -1.13177135586738586426e-01) (4, -3.56064066290855407715e-02) (5, -1.78684473037719726562e-01) (6, -6.37551173567771911621e-02) (7, -2.18940347433090209961e-01) (8, -7.91554227471351623535e-02) (9, -1.39040246605873107910e-01) (0, -6.43865987658500671387e-02) (1, -1.15848444402217864990e-01) (2, -1.33380889892578125000e-01) (3, -9.34455767273902893066e-02) (4, -3.62688526511192321777e-02) (5, -2.57824584841728210449e-02) (6, -7.48116448521614074707e-02) (7, -4.25910726189613342285e-02) (8, -2.15068623423576354980e-01) (9, -1.04038752615451812744e-01) (10, -5.71958795189857482910e-02) (11, -1.14436350762844085693e-01) (12, -1.31948992609977722168e-01) 
