FANN_FLO_2.1
num_layers=3
learning_rate=0.500000
connection_rate=1.000000
network_type=0
learning_momentum=0.000000
training_algorithm=2
train_error_function=1
train_stop_function=0
cascade_output_change_fraction=0.010000
quickprop_decay=-0.000100
quickprop_mu=1.750000
rprop_increase_factor=1.200000
rprop_decrease_factor=0.500000
rprop_delta_min=0.000000
rprop_delta_max=50.000000
rprop_delta_zero=0.100000
cascade_output_stagnation_epochs=12
cascade_candidate_change_fraction=0.010000
cascade_candidate_stagnation_epochs=12
cascade_max_out_epochs=150
cascade_min_out_epochs=50
cascade_max_cand_epochs=150
cascade_min_cand_epochs=50
cascade_num_candidate_groups=2
bit_fail_limit=3.49999994039535522461e-01
cascade_candidate_limit=1.00000000000000000000e+03
cascade_weight_multiplier=4.00000005960464477539e-01
cascade_activation_functions_count=10
cascade_activation_functions=3 5 7 8 10 11 14 15 16 17 
cascade_activation_steepnesses_count=4
cascade_activation_steepnesses=2.50000000000000000000e-01 5.00000000000000000000e-01 7.50000000000000000000e-01 1.00000000000000000000e+00 
layer_sizes=7 9 2 
scale_included=0
neurons (num_inputs, activation_function, activation_steepness)=(0, 0, 0.00000000000000000000e+00) (0, 0, 0.00000000000000000000e+00) (0, 0, 0.00000000000000000000e+00) (0, 0, 0.00000000000000000000e+00) (0, 0, 0.00000000000000000000e+00) (0, 0, 0.00000000000000000000e+00) (0, 0, 0.00000000000000000000e+00) (7, 3, 5.00000000000000000000e-01) (7, 3, 5.00000000000000000000e-01) (7, 3, 5.00000000000000000000e-01) (7, 3, 5.00000000000000000000e-01) (7, 3, 5.00000000000000000000e-01) (7, 3, 5.00000000000000000000e-01) (7, 3, 5.00000000000000000000e-01) (7, 3, 5.00000000000000000000e-01) (0, 3, 0.00000000000000000000e+00) (9, 0, 5.00000000000000000000e-01) (0, 0, 0.00000000000000000000e+00) 
connections (connected_to_neuron, weight)=(0, -2.19095826148986816406e-01) (1, -1.19153447449207305908e-01) (2, 9.65259969234466552734e-01) (3, -2.43524670600891113281e-01) (4, -4.84554708003997802734e-01) (5, -5.11609390377998352051e-02) (6, -3.65867108106613159180e-01) (0, -2.20505774021148681641e-01) (1, 1.18677936494350433350e-01) (2, 9.71940338611602783203e-01) (3, -1.58392548561096191406e-01) (4, -3.90234559774398803711e-01) (5, -1.08820833265781402588e-01) (6, -1.21722471714019775391e+00) (0, 3.68525423109531402588e-02) (1, -9.41269844770431518555e-02) (2, -1.03023636341094970703e+00) (3, -4.20519888401031494141e-01) (4, 1.16592609882354736328e+00) (5, -5.00727212056517601013e-03) (6, 6.51122665405273437500e+00) (0, -3.01663845777511596680e-01) (1, 8.77766013145446777344e-02) (2, 1.18691527843475341797e+00) (3, -4.06611114740371704102e-01) (4, 5.67008674144744873047e-01) (5, -5.16852974891662597656e-01) (6, -7.19431519508361816406e-01) (0, -2.86922156810760498047e-01) (1, 2.91923314332962036133e-01) (2, 3.53788346052169799805e-01) (3, -2.06820353865623474121e-01) (4, 1.52805924415588378906e-01) (5, -2.42399036884307861328e-01) (6, -2.37548851966857910156e+00) (0, 9.79202017188072204590e-02) (1, -1.02630054950714111328e+00) (2, -5.41152834892272949219e-01) (3, 1.84402093291282653809e-01) (4, 1.17903912067413330078e+00) (5, 1.12427734375000000000e+03) (6, 2.79872864484786987305e-01) (0, -3.44618618488311767578e-01) (1, 3.77113431692123413086e-01) (2, 7.80920267105102539062e-01) (3, -2.54808425903320312500e-01) (4, 1.97868525981903076172e-01) (5, -3.35990935564041137695e-01) (6, -6.45919501781463623047e-01) (0, -2.04632744193077087402e-01) (1, -1.13826000690460205078e+00) (2, 3.70017647743225097656e-01) (3, -3.00214558839797973633e-01) (4, -1.39915227890014648438e-01) (5, 2.46097707748413085938e+00) (6, -6.70506358146667480469e-01) (7, -2.24751289933919906616e-02) (8, -1.02546297013759613037e-01) (9, -1.01010911166667938232e-01) (10, 3.71588692069053649902e-02) (11, 2.09882725030183792114e-02) (12, 9.20981448143720626831e-03) (13, -3.81832681596279144287e-02) (14, -1.21466992422938346863e-02) (15, 1.01701833307743072510e-01) 
