FANN_FLO_2.1
num_layers=4
learning_rate=0.450000
connection_rate=1.000000
network_type=0
learning_momentum=0.000000
training_algorithm=2
train_error_function=1
train_stop_function=0
cascade_output_change_fraction=0.010000
quickprop_decay=-0.000100
quickprop_mu=1.750000
rprop_increase_factor=1.200000
rprop_decrease_factor=0.500000
rprop_delta_min=0.000000
rprop_delta_max=50.000000
rprop_delta_zero=0.100000
cascade_output_stagnation_epochs=12
cascade_candidate_change_fraction=0.010000
cascade_candidate_stagnation_epochs=12
cascade_max_out_epochs=150
cascade_min_out_epochs=50
cascade_max_cand_epochs=150
cascade_min_cand_epochs=50
cascade_num_candidate_groups=2
bit_fail_limit=3.49999994039535522461e-01
cascade_candidate_limit=1.00000000000000000000e+03
cascade_weight_multiplier=4.00000005960464477539e-01
cascade_activation_functions_count=10
cascade_activation_functions=3 5 7 8 10 11 14 15 16 17 
cascade_activation_steepnesses_count=4
cascade_activation_steepnesses=2.50000000000000000000e-01 5.00000000000000000000e-01 7.50000000000000000000e-01 1.00000000000000000000e+00 
layer_sizes=7 5 5 2 
scale_included=0
neurons (num_inputs, activation_function, activation_steepness)=(0, 0, 0.00000000000000000000e+00) (0, 0, 0.00000000000000000000e+00) (0, 0, 0.00000000000000000000e+00) (0, 0, 0.00000000000000000000e+00) (0, 0, 0.00000000000000000000e+00) (0, 0, 0.00000000000000000000e+00) (0, 0, 0.00000000000000000000e+00) (7, 3, 5.00000000000000000000e-01) (7, 3, 5.00000000000000000000e-01) (7, 3, 5.00000000000000000000e-01) (7, 3, 5.00000000000000000000e-01) (0, 3, 0.00000000000000000000e+00) (5, 3, 5.00000000000000000000e-01) (5, 3, 5.00000000000000000000e-01) (5, 3, 5.00000000000000000000e-01) (5, 3, 5.00000000000000000000e-01) (0, 3, 0.00000000000000000000e+00) (5, 0, 5.00000000000000000000e-01) (0, 0, 0.00000000000000000000e+00) 
connections (connected_to_neuron, weight)=(0, 4.61915284395217895508e-01) (1, 1.16204988956451416016e+00) (2, -9.54051017761230468750e-01) (3, 8.51262360811233520508e-02) (4, -9.14596617221832275391e-01) (5, -7.77558982372283935547e-02) (6, 8.37684249877929687500e+00) (0, 5.80827392578125000000e+02) (1, 6.01117370605468750000e+02) (2, 2.23261413574218750000e+02) (3, -1.79760861396789550781e+00) (4, -3.24952201843261718750e+01) (5, -1.49274139404296875000e+02) (6, 5.90152709960937500000e+02) (0, 6.95146972656250000000e+02) (1, 7.61444519042968750000e+02) (2, 9.53361206054687500000e+01) (3, 4.40987335205078125000e+02) (4, 1.47536572265625000000e+03) (5, 1.29092675781250000000e+03) (6, 1.21446975708007812500e+02) (0, 3.74284744262695312500e-01) (1, 4.46715116500854492188e-01) (2, -3.40122461318969726562e-01) (3, 3.46530834212899208069e-03) (4, 3.32457840442657470703e-01) (5, -4.51518982648849487305e-01) (6, -1.78020799160003662109e+00) (7, -4.00612335205078125000e+01) (8, 3.84029340744018554688e+00) (9, 1.47673690795898437500e+02) (10, -5.74267721176147460938e+00) (11, 1.33728957176208496094e+00) (7, 6.52678375244140625000e+01) (8, -2.74693179130554199219e+00) (9, -6.93891983032226562500e+01) (10, 3.09570455551147460938e+00) (11, -5.39365470409393310547e-01) (7, 9.04143905639648437500e+00) (8, -4.07190322875976562500e+00) (9, -7.26654410362243652344e-01) (10, 1.20063505172729492188e+01) (11, 3.87064814567565917969e-01) (7, -5.12258386611938476562e+00) (8, 1.53125727176666259766e+00) (9, 3.35365444421768188477e-01) (10, -6.62557458877563476562e+00) (11, -6.44325390458106994629e-02) (12, -1.03957541286945343018e-02) (13, 1.32829740643501281738e-01) (14, -2.30924729257822036743e-02) (15, -5.48854619264602661133e-02) (16, 4.70632873475551605225e-02) 
