FANN_FLO_2.1
num_layers=4
learning_rate=0.450000
connection_rate=1.000000
network_type=0
learning_momentum=0.000000
training_algorithm=2
train_error_function=1
train_stop_function=0
cascade_output_change_fraction=0.010000
quickprop_decay=-0.000100
quickprop_mu=1.750000
rprop_increase_factor=1.200000
rprop_decrease_factor=0.500000
rprop_delta_min=0.000000
rprop_delta_max=50.000000
rprop_delta_zero=0.100000
cascade_output_stagnation_epochs=12
cascade_candidate_change_fraction=0.010000
cascade_candidate_stagnation_epochs=12
cascade_max_out_epochs=150
cascade_min_out_epochs=50
cascade_max_cand_epochs=150
cascade_min_cand_epochs=50
cascade_num_candidate_groups=2
bit_fail_limit=3.49999994039535522461e-01
cascade_candidate_limit=1.00000000000000000000e+03
cascade_weight_multiplier=4.00000005960464477539e-01
cascade_activation_functions_count=10
cascade_activation_functions=3 5 7 8 10 11 14 15 16 17 
cascade_activation_steepnesses_count=4
cascade_activation_steepnesses=2.50000000000000000000e-01 5.00000000000000000000e-01 7.50000000000000000000e-01 1.00000000000000000000e+00 
layer_sizes=7 5 3 2 
scale_included=0
neurons (num_inputs, activation_function, activation_steepness)=(0, 0, 0.00000000000000000000e+00) (0, 0, 0.00000000000000000000e+00) (0, 0, 0.00000000000000000000e+00) (0, 0, 0.00000000000000000000e+00) (0, 0, 0.00000000000000000000e+00) (0, 0, 0.00000000000000000000e+00) (0, 0, 0.00000000000000000000e+00) (7, 3, 5.00000000000000000000e-01) (7, 3, 5.00000000000000000000e-01) (7, 3, 5.00000000000000000000e-01) (7, 3, 5.00000000000000000000e-01) (0, 3, 0.00000000000000000000e+00) (5, 3, 5.00000000000000000000e-01) (5, 3, 5.00000000000000000000e-01) (0, 3, 0.00000000000000000000e+00) (3, 0, 5.00000000000000000000e-01) (0, 0, 0.00000000000000000000e+00) 
connections (connected_to_neuron, weight)=(0, -2.95942604541778564453e-01) (1, -4.18399095535278320312e-01) (2, -8.76873612403869628906e-01) (3, 4.31001335382461547852e-01) (4, 5.99691748619079589844e-01) (5, 3.48609566688537597656e-01) (6, 2.03577327728271484375e+00) (0, 5.82582116127014160156e-01) (1, -1.46317267417907714844e+00) (2, 1.35118520259857177734e+00) (3, 1.89136934280395507812e+00) (4, -1.93101882934570312500e+01) (5, -7.98562526702880859375e+00) (6, 1.26608314514160156250e+01) (0, 1.50000000000000000000e+03) (1, 2.76163208007812500000e+02) (2, 1.50000000000000000000e+03) (3, 1.63759307861328125000e+01) (4, -9.33499267578125000000e+02) (5, -4.07963470458984375000e+02) (6, 4.24417316913604736328e-01) (0, 7.61468811035156250000e+02) (1, -4.20970092773437500000e+02) (2, 1.50000000000000000000e+03) (3, -6.46091232299804687500e+01) (4, -8.39268005371093750000e+02) (5, 5.08335723876953125000e+02) (6, 3.89262855052947998047e-01) (7, -8.49872231483459472656e-01) (8, -1.50000000000000000000e+03) (9, -7.53523290157318115234e-01) (10, -2.58238166570663452148e-01) (11, -2.38327443599700927734e-01) (7, -1.50000000000000000000e+03) (8, -1.50000000000000000000e+03) (9, -1.40869748592376708984e+00) (10, 5.21781980991363525391e-01) (11, -1.75659382343292236328e+00) (12, -1.14268228411674499512e-01) (13, -4.93612922728061676025e-02) (14, 2.96431127935647964478e-02) 
