FANN_FLO_2.1
num_layers=4
learning_rate=0.300000
connection_rate=1.000000
network_type=0
learning_momentum=0.000000
training_algorithm=2
train_error_function=1
train_stop_function=0
cascade_output_change_fraction=0.010000
quickprop_decay=-0.000100
quickprop_mu=1.750000
rprop_increase_factor=1.200000
rprop_decrease_factor=0.500000
rprop_delta_min=0.000000
rprop_delta_max=50.000000
rprop_delta_zero=0.100000
cascade_output_stagnation_epochs=12
cascade_candidate_change_fraction=0.010000
cascade_candidate_stagnation_epochs=12
cascade_max_out_epochs=150
cascade_min_out_epochs=50
cascade_max_cand_epochs=150
cascade_min_cand_epochs=50
cascade_num_candidate_groups=2
bit_fail_limit=3.49999994039535522461e-01
cascade_candidate_limit=1.00000000000000000000e+03
cascade_weight_multiplier=4.00000005960464477539e-01
cascade_activation_functions_count=10
cascade_activation_functions=3 5 7 8 10 11 14 15 16 17 
cascade_activation_steepnesses_count=4
cascade_activation_steepnesses=2.50000000000000000000e-01 5.00000000000000000000e-01 7.50000000000000000000e-01 1.00000000000000000000e+00 
layer_sizes=2 5 5 3 
scale_included=0
neurons (num_inputs, activation_function, activation_steepness)=(0, 0, 0.00000000000000000000e+00) (0, 0, 0.00000000000000000000e+00) (2, 3, 5.00000000000000000000e-01) (2, 3, 5.00000000000000000000e-01) (2, 3, 5.00000000000000000000e-01) (2, 3, 5.00000000000000000000e-01) (0, 3, 0.00000000000000000000e+00) (5, 3, 5.00000000000000000000e-01) (5, 3, 5.00000000000000000000e-01) (5, 3, 5.00000000000000000000e-01) (5, 3, 5.00000000000000000000e-01) (0, 3, 0.00000000000000000000e+00) (5, 0, 5.00000000000000000000e-01) (5, 0, 5.00000000000000000000e-01) (0, 0, 0.00000000000000000000e+00) 
connections (connected_to_neuron, weight)=(0, 3.31940174102783203125e+00) (1, 2.20866703987121582031e+00) (0, 3.00093221664428710938e+00) (1, 2.92982310056686401367e-01) (0, 4.91204500198364257812e+00) (1, 2.99923205375671386719e+00) (0, -2.10197849273681640625e+01) (1, -1.06840789318084716797e+00) (2, -1.19500494003295898438e+00) (3, -1.85589230060577392578e+00) (4, -1.33452188968658447266e+00) (5, 8.75646400451660156250e+00) (6, -6.63057982921600341797e-01) (2, -8.72362494468688964844e-01) (3, -2.83562839031219482422e-01) (4, -3.86247563362121582031e+00) (5, 1.51221406459808349609e+00) (6, -7.15509831905364990234e-01) (2, 2.07979500293731689453e-01) (3, 2.46096849441528320312e-01) (4, 4.30701106786727905273e-01) (5, 1.34827840328216552734e+00) (6, 1.00346875190734863281e+00) (2, 3.84014320373535156250e+00) (3, 6.83865070343017578125e+00) (4, -9.88795089721679687500e+00) (5, 4.16081070899963378906e-01) (6, 9.80924367904663085938e-02) (7, 4.46344539523124694824e-02) (8, -3.87553148902952671051e-03) (9, -4.26543876528739929199e-02) (10, -5.57832084596157073975e-02) (11, 1.92114990204572677612e-02) (7, -7.02010273933410644531e-01) (8, -7.10286855697631835938e-01) (9, -5.68203747272491455078e-01) (10, -5.85875213146209716797e-01) (11, -4.88373786211013793945e-01) 
