FANN_FLO_2.1
num_layers=3
learning_rate=0.300000
connection_rate=1.000000
network_type=0
learning_momentum=0.000000
training_algorithm=2
train_error_function=1
train_stop_function=0
cascade_output_change_fraction=0.010000
quickprop_decay=-0.000100
quickprop_mu=1.750000
rprop_increase_factor=1.200000
rprop_decrease_factor=0.500000
rprop_delta_min=0.000000
rprop_delta_max=50.000000
rprop_delta_zero=0.100000
cascade_output_stagnation_epochs=12
cascade_candidate_change_fraction=0.010000
cascade_candidate_stagnation_epochs=12
cascade_max_out_epochs=150
cascade_min_out_epochs=50
cascade_max_cand_epochs=150
cascade_min_cand_epochs=50
cascade_num_candidate_groups=2
bit_fail_limit=3.49999994039535522461e-01
cascade_candidate_limit=1.00000000000000000000e+03
cascade_weight_multiplier=4.00000005960464477539e-01
cascade_activation_functions_count=10
cascade_activation_functions=3 5 7 8 10 11 14 15 16 17 
cascade_activation_steepnesses_count=4
cascade_activation_steepnesses=2.50000000000000000000e-01 5.00000000000000000000e-01 7.50000000000000000000e-01 1.00000000000000000000e+00 
layer_sizes=4 9 2 
scale_included=0
neurons (num_inputs, activation_function, activation_steepness)=(0, 0, 0.00000000000000000000e+00) (0, 0, 0.00000000000000000000e+00) (0, 0, 0.00000000000000000000e+00) (0, 0, 0.00000000000000000000e+00) (4, 3, 5.00000000000000000000e-01) (4, 3, 5.00000000000000000000e-01) (4, 3, 5.00000000000000000000e-01) (4, 3, 5.00000000000000000000e-01) (4, 3, 5.00000000000000000000e-01) (4, 3, 5.00000000000000000000e-01) (4, 3, 5.00000000000000000000e-01) (4, 3, 5.00000000000000000000e-01) (0, 3, 0.00000000000000000000e+00) (9, 3, 5.00000000000000000000e-01) (0, 3, 0.00000000000000000000e+00) 
connections (connected_to_neuron, weight)=(0, -7.08144381642341613770e-02) (1, 2.96946376562118530273e-01) (2, -4.57057189941406250000e+00) (3, 1.15563106536865234375e+01) (0, 1.50000000000000000000e+03) (1, 1.49998486328125000000e+03) (2, 1.49999926757812500000e+03) (3, 9.16231095790863037109e-01) (0, 7.02234879136085510254e-02) (1, 4.15753751993179321289e-01) (2, -6.47230482101440429688e+00) (3, 1.02085876464843750000e+00) (0, -2.66204118728637695312e-01) (1, 6.48173168301582336426e-02) (2, -4.54572111368179321289e-01) (3, 7.35836315155029296875e+00) (0, -6.53749608993530273438e+00) (1, -7.33525562286376953125e+00) (2, 4.24571762084960937500e+01) (3, -8.82000625133514404297e-02) (0, -2.05605864524841308594e+00) (1, 4.58562374114990234375e-01) (2, 8.18070888519287109375e+00) (3, 6.40648245811462402344e-01) (0, -3.20940822362899780273e-01) (1, 4.44446057081222534180e-02) (2, -4.95015919208526611328e-01) (3, 5.76819181442260742188e+00) (0, 1.50000000000000000000e+03) (1, 1.49998486328125000000e+03) (2, 1.49999926757812500000e+03) (3, 6.28907978534698486328e-01) (4, -2.09653660655021667480e-01) (5, 4.27132099866867065430e-01) (6, -4.16154503822326660156e-01) (7, -2.48230886459350585938e+00) (8, -1.50000000000000000000e+03) (9, -8.08792263269424438477e-02) (10, -3.26975059509277343750e+00) (11, 4.01816308498382568359e-01) (12, 3.61757695674896240234e-01) 
