FANN_FLO_2.1
num_layers=3
learning_rate=0.500000
connection_rate=1.000000
network_type=0
learning_momentum=0.000000
training_algorithm=2
train_error_function=1
train_stop_function=0
cascade_output_change_fraction=0.010000
quickprop_decay=-0.000100
quickprop_mu=1.750000
rprop_increase_factor=1.200000
rprop_decrease_factor=0.500000
rprop_delta_min=0.000000
rprop_delta_max=50.000000
rprop_delta_zero=0.100000
cascade_output_stagnation_epochs=12
cascade_candidate_change_fraction=0.010000
cascade_candidate_stagnation_epochs=12
cascade_max_out_epochs=150
cascade_min_out_epochs=50
cascade_max_cand_epochs=150
cascade_min_cand_epochs=50
cascade_num_candidate_groups=2
bit_fail_limit=3.49999994039535522461e-01
cascade_candidate_limit=1.00000000000000000000e+03
cascade_weight_multiplier=4.00000005960464477539e-01
cascade_activation_functions_count=10
cascade_activation_functions=3 5 7 8 10 11 14 15 16 17 
cascade_activation_steepnesses_count=4
cascade_activation_steepnesses=2.50000000000000000000e-01 5.00000000000000000000e-01 7.50000000000000000000e-01 1.00000000000000000000e+00 
layer_sizes=3 5 4 
scale_included=0
neurons (num_inputs, activation_function, activation_steepness)=(0, 0, 0.00000000000000000000e+00) (0, 0, 0.00000000000000000000e+00) (0, 0, 0.00000000000000000000e+00) (3, 3, 5.00000000000000000000e-01) (3, 3, 5.00000000000000000000e-01) (3, 3, 5.00000000000000000000e-01) (3, 3, 5.00000000000000000000e-01) (0, 3, 0.00000000000000000000e+00) (5, 0, 5.00000000000000000000e-01) (5, 0, 5.00000000000000000000e-01) (5, 0, 5.00000000000000000000e-01) (0, 0, 0.00000000000000000000e+00) 
connections (connected_to_neuron, weight)=(0, -2.75182151794433593750e+00) (1, 2.67634481191635131836e-01) (2, 3.44777196645736694336e-01) (0, -1.13876419067382812500e+01) (1, 6.59635496139526367188e+00) (2, 1.52373447418212890625e+01) (0, -2.15667247772216796875e+00) (1, -2.54399251937866210938e+00) (2, 7.89624154567718505859e-01) (0, -1.46041231155395507812e+01) (1, 9.89266490936279296875e+00) (2, 6.15972805023193359375e+00) (3, 4.63289403915405273438e+00) (4, 1.11816346645355224609e+00) (5, 2.97702407836914062500e+00) (6, 8.53766977787017822266e-01) (7, 8.43130528926849365234e-01) (3, 1.16005792617797851562e+01) (4, 3.90689206123352050781e+00) (5, 9.10982990264892578125e+00) (6, 4.37448740005493164062e+00) (7, 3.64969277381896972656e+00) (3, 3.49980697631835937500e+01) (4, 1.58651800155639648438e+01) (5, 3.04121246337890625000e+01) (6, 1.28134727478027343750e+01) (7, 1.59216642379760742188e+01) 
