FANN_FLO_2.1
num_layers=3
learning_rate=0.500000
connection_rate=1.000000
network_type=0
learning_momentum=0.000000
training_algorithm=2
train_error_function=1
train_stop_function=0
cascade_output_change_fraction=0.010000
quickprop_decay=-0.000100
quickprop_mu=1.750000
rprop_increase_factor=1.200000
rprop_decrease_factor=0.500000
rprop_delta_min=0.000000
rprop_delta_max=50.000000
rprop_delta_zero=0.100000
cascade_output_stagnation_epochs=12
cascade_candidate_change_fraction=0.010000
cascade_candidate_stagnation_epochs=12
cascade_max_out_epochs=150
cascade_min_out_epochs=50
cascade_max_cand_epochs=150
cascade_min_cand_epochs=50
cascade_num_candidate_groups=2
bit_fail_limit=3.49999994039535522461e-01
cascade_candidate_limit=1.00000000000000000000e+03
cascade_weight_multiplier=4.00000005960464477539e-01
cascade_activation_functions_count=10
cascade_activation_functions=3 5 7 8 10 11 14 15 16 17 
cascade_activation_steepnesses_count=4
cascade_activation_steepnesses=2.50000000000000000000e-01 5.00000000000000000000e-01 7.50000000000000000000e-01 1.00000000000000000000e+00 
layer_sizes=10 3 2 
scale_included=0
neurons (num_inputs, activation_function, activation_steepness)=(0, 0, 0.00000000000000000000e+00) (0, 0, 0.00000000000000000000e+00) (0, 0, 0.00000000000000000000e+00) (0, 0, 0.00000000000000000000e+00) (0, 0, 0.00000000000000000000e+00) (0, 0, 0.00000000000000000000e+00) (0, 0, 0.00000000000000000000e+00) (0, 0, 0.00000000000000000000e+00) (0, 0, 0.00000000000000000000e+00) (0, 0, 0.00000000000000000000e+00) (10, 3, 5.00000000000000000000e-01) (10, 3, 5.00000000000000000000e-01) (0, 3, 0.00000000000000000000e+00) (3, 3, 5.00000000000000000000e-01) (0, 3, 0.00000000000000000000e+00) 
connections (connected_to_neuron, weight)=(0, -3.87279182672500610352e-01) (1, -6.16834819316864013672e-01) (2, -3.53891462087631225586e-01) (3, -6.16950511932373046875e-01) (4, -7.17165648937225341797e-01) (5, -6.59255325794219970703e-01) (6, -2.97189503908157348633e-01) (7, -6.56525969505310058594e-01) (8, -5.89829266071319580078e-01) (9, 2.24128246307373046875e+00) (0, -7.62651622295379638672e-01) (1, -4.90277320146560668945e-01) (2, -7.48741090297698974609e-01) (3, -4.79924589395523071289e-01) (4, -3.57595443725585937500e-01) (5, -4.64690148830413818359e-01) (6, -8.69117081165313720703e-01) (7, -4.47956413030624389648e-01) (8, -5.15221893787384033203e-01) (9, 1.97150933742523193359e+00) (10, -1.84606230258941650391e+00) (11, -1.74966573715209960938e+00) (12, 1.45667028427124023438e+00) 
