FANN_FLO_2.1
num_layers=3
learning_rate=0.300000
connection_rate=1.000000
network_type=0
learning_momentum=0.000000
training_algorithm=2
train_error_function=1
train_stop_function=0
cascade_output_change_fraction=0.010000
quickprop_decay=-0.000100
quickprop_mu=1.750000
rprop_increase_factor=1.200000
rprop_decrease_factor=0.500000
rprop_delta_min=0.000000
rprop_delta_max=50.000000
rprop_delta_zero=0.100000
cascade_output_stagnation_epochs=12
cascade_candidate_change_fraction=0.010000
cascade_candidate_stagnation_epochs=12
cascade_max_out_epochs=150
cascade_min_out_epochs=50
cascade_max_cand_epochs=150
cascade_min_cand_epochs=50
cascade_num_candidate_groups=2
bit_fail_limit=3.49999994039535522461e-01
cascade_candidate_limit=1.00000000000000000000e+03
cascade_weight_multiplier=4.00000005960464477539e-01
cascade_activation_functions_count=10
cascade_activation_functions=3 5 7 8 10 11 14 15 16 17 
cascade_activation_steepnesses_count=4
cascade_activation_steepnesses=2.50000000000000000000e-01 5.00000000000000000000e-01 7.50000000000000000000e-01 1.00000000000000000000e+00 
layer_sizes=4 9 2 
scale_included=0
neurons (num_inputs, activation_function, activation_steepness)=(0, 0, 0.00000000000000000000e+00) (0, 0, 0.00000000000000000000e+00) (0, 0, 0.00000000000000000000e+00) (0, 0, 0.00000000000000000000e+00) (4, 3, 5.00000000000000000000e-01) (4, 3, 5.00000000000000000000e-01) (4, 3, 5.00000000000000000000e-01) (4, 3, 5.00000000000000000000e-01) (4, 3, 5.00000000000000000000e-01) (4, 3, 5.00000000000000000000e-01) (4, 3, 5.00000000000000000000e-01) (4, 3, 5.00000000000000000000e-01) (0, 3, 0.00000000000000000000e+00) (9, 3, 5.00000000000000000000e-01) (0, 3, 0.00000000000000000000e+00) 
connections (connected_to_neuron, weight)=(0, -7.13389098644256591797e-01) (1, 6.24590277671813964844e-01) (2, -1.73884320259094238281e+00) (3, 1.83518040180206298828e+00) (0, -1.71294972300529479980e-01) (1, 2.65178233385086059570e-02) (2, -2.64840006828308105469e-01) (3, 3.41180348396301269531e+00) (0, -3.59517842531204223633e-01) (1, 2.18101501464843750000e-01) (2, -8.44742894172668457031e-01) (3, 4.56642103195190429688e+00) (0, -9.49295163154602050781e-01) (1, -2.04315092414617538452e-02) (2, -1.40695834159851074219e+00) (3, -8.44400376081466674805e-03) (0, -1.60162723064422607422e+00) (1, 1.61361968517303466797e+00) (2, -4.36762008666992187500e+01) (3, 5.74672281742095947266e-01) (0, -2.65109568834304809570e-01) (1, 9.12184476852416992188e-01) (2, -1.18983325958251953125e+01) (3, 8.48177337646484375000e+00) (0, -4.76929605007171630859e-01) (1, 9.21015501022338867188e-01) (2, -8.32875823974609375000e+00) (3, 9.15189456939697265625e+00) (0, -4.26718264818191528320e-01) (1, 1.09815008938312530518e-01) (2, -5.32221031188964843750e+00) (3, -6.75575667992234230042e-03) (4, -1.95806294679641723633e-01) (5, -4.67580652236938476562e+00) (6, -7.73973524570465087891e-01) (7, -1.50000000000000000000e+03) (8, -1.50000000000000000000e+03) (9, -3.67365062236785888672e-01) (10, -1.34131893515586853027e-01) (11, -1.50000000000000000000e+03) (12, 1.04065716266632080078e+00) 
