FANN_FLO_2.1
num_layers=3
learning_rate=0.300000
connection_rate=1.000000
network_type=0
learning_momentum=0.000000
training_algorithm=2
train_error_function=1
train_stop_function=0
cascade_output_change_fraction=0.010000
quickprop_decay=-0.000100
quickprop_mu=1.750000
rprop_increase_factor=1.200000
rprop_decrease_factor=0.500000
rprop_delta_min=0.000000
rprop_delta_max=50.000000
rprop_delta_zero=0.100000
cascade_output_stagnation_epochs=12
cascade_candidate_change_fraction=0.010000
cascade_candidate_stagnation_epochs=12
cascade_max_out_epochs=150
cascade_min_out_epochs=50
cascade_max_cand_epochs=150
cascade_min_cand_epochs=50
cascade_num_candidate_groups=2
bit_fail_limit=3.49999994039535522461e-01
cascade_candidate_limit=1.00000000000000000000e+03
cascade_weight_multiplier=4.00000005960464477539e-01
cascade_activation_functions_count=10
cascade_activation_functions=3 5 7 8 10 11 14 15 16 17 
cascade_activation_steepnesses_count=4
cascade_activation_steepnesses=2.50000000000000000000e-01 5.00000000000000000000e-01 7.50000000000000000000e-01 1.00000000000000000000e+00 
layer_sizes=4 9 2 
scale_included=0
neurons (num_inputs, activation_function, activation_steepness)=(0, 0, 0.00000000000000000000e+00) (0, 0, 0.00000000000000000000e+00) (0, 0, 0.00000000000000000000e+00) (0, 0, 0.00000000000000000000e+00) (4, 3, 5.00000000000000000000e-01) (4, 3, 5.00000000000000000000e-01) (4, 3, 5.00000000000000000000e-01) (4, 3, 5.00000000000000000000e-01) (4, 3, 5.00000000000000000000e-01) (4, 3, 5.00000000000000000000e-01) (4, 3, 5.00000000000000000000e-01) (4, 3, 5.00000000000000000000e-01) (0, 3, 0.00000000000000000000e+00) (9, 3, 5.00000000000000000000e-01) (0, 3, 0.00000000000000000000e+00) 
connections (connected_to_neuron, weight)=(0, -1.64491757750511169434e-02) (1, 3.73344361782073974609e-01) (2, -4.47027635574340820312e+00) (3, -8.75949442386627197266e-01) (0, -2.20805168151855468750e-01) (1, 2.47409921139478683472e-02) (2, -4.06588077545166015625e-01) (3, 4.86431503295898437500e+00) (0, -6.59675240516662597656e-01) (1, 1.99592545628547668457e-01) (2, -1.19502246379852294922e+00) (3, 1.49730281829833984375e+01) (0, -6.05198562145233154297e-01) (1, 2.14264065027236938477e-01) (2, -8.06982457637786865234e-01) (3, 3.95691204071044921875e+00) (0, -6.39574825763702392578e-01) (1, 4.81985747814178466797e-01) (2, -1.40885579586029052734e+00) (3, 4.96181392669677734375e+00) (0, -6.76730155944824218750e-01) (1, 5.33079504966735839844e-01) (2, -1.47709536552429199219e+00) (3, 4.05314731597900390625e+00) (0, -6.65128886699676513672e-01) (1, 5.02375781536102294922e-01) (2, -1.41069042682647705078e+00) (3, 4.67653989791870117188e+00) (0, -6.59305393695831298828e-01) (1, 3.90616357326507568359e-01) (2, -1.40861928462982177734e+00) (3, 8.90938568115234375000e+00) (4, -4.00637179613113403320e-01) (5, -4.03657817840576171875e+00) (6, -7.83716201782226562500e-01) (7, -3.53167325258255004883e-01) (8, -2.19061657786369323730e-01) (9, -1.70482024550437927246e-01) (10, -2.68043130636215209961e-01) (11, -2.05346554517745971680e-01) (12, 9.65012550354003906250e-01) 
