FANN_FLO_2.1
num_layers=3
learning_rate=0.500000
connection_rate=1.000000
network_type=0
learning_momentum=0.000000
training_algorithm=2
train_error_function=1
train_stop_function=0
cascade_output_change_fraction=0.010000
quickprop_decay=-0.000100
quickprop_mu=1.750000
rprop_increase_factor=1.200000
rprop_decrease_factor=0.500000
rprop_delta_min=0.000000
rprop_delta_max=50.000000
rprop_delta_zero=0.100000
cascade_output_stagnation_epochs=12
cascade_candidate_change_fraction=0.010000
cascade_candidate_stagnation_epochs=12
cascade_max_out_epochs=150
cascade_min_out_epochs=50
cascade_max_cand_epochs=150
cascade_min_cand_epochs=50
cascade_num_candidate_groups=2
bit_fail_limit=3.49999994039535522461e-01
cascade_candidate_limit=1.00000000000000000000e+03
cascade_weight_multiplier=4.00000005960464477539e-01
cascade_activation_functions_count=10
cascade_activation_functions=3 5 7 8 10 11 14 15 16 17 
cascade_activation_steepnesses_count=4
cascade_activation_steepnesses=2.50000000000000000000e-01 5.00000000000000000000e-01 7.50000000000000000000e-01 1.00000000000000000000e+00 
layer_sizes=7 5 2 
scale_included=0
neurons (num_inputs, activation_function, activation_steepness)=(0, 0, 0.00000000000000000000e+00) (0, 0, 0.00000000000000000000e+00) (0, 0, 0.00000000000000000000e+00) (0, 0, 0.00000000000000000000e+00) (0, 0, 0.00000000000000000000e+00) (0, 0, 0.00000000000000000000e+00) (0, 0, 0.00000000000000000000e+00) (7, 3, 5.00000000000000000000e-01) (7, 3, 5.00000000000000000000e-01) (7, 3, 5.00000000000000000000e-01) (7, 3, 5.00000000000000000000e-01) (0, 3, 0.00000000000000000000e+00) (5, 0, 5.00000000000000000000e-01) (0, 0, 0.00000000000000000000e+00) 
connections (connected_to_neuron, weight)=(0, 1.75286834716796875000e+02) (1, -5.76401519775390625000e+00) (2, -1.48885546875000000000e+03) (3, 1.50984497070312500000e+02) (4, 1.50000000000000000000e+03) (5, -1.66944641113281250000e+02) (6, -2.41659927368164062500e+00) (0, -3.06364987045526504517e-03) (1, -3.99542361497879028320e-01) (2, -7.30869948863983154297e-01) (3, -2.56021916866302490234e-01) (4, 6.36104345321655273438e-01) (5, 3.85305732488632202148e-01) (6, 5.42910146713256835938e+00) (0, 1.76156610250473022461e-01) (1, -2.54376649856567382812e-01) (2, 1.46668946743011474609e+00) (3, -5.26113986968994140625e-01) (4, 2.58303463459014892578e-01) (5, -9.07889664173126220703e-01) (6, -2.05422711372375488281e+00) (0, -1.50000000000000000000e+03) (1, -3.42696563720703125000e+02) (2, 1.50000000000000000000e+03) (3, -1.50000000000000000000e+03) (4, -1.50000000000000000000e+03) (5, 1.31796301269531250000e+03) (6, -6.11459374427795410156e-01) (7, -2.01948173344135284424e-02) (8, -3.31229232251644134521e-02) (9, -5.71240149438381195068e-02) (10, 1.50000000000000000000e+03) (11, 6.65922835469245910645e-02) 
