FANN_FLO_2.1
num_layers=3
learning_rate=0.500000
connection_rate=1.000000
network_type=0
learning_momentum=0.000000
training_algorithm=2
train_error_function=1
train_stop_function=0
cascade_output_change_fraction=0.010000
quickprop_decay=-0.000100
quickprop_mu=1.750000
rprop_increase_factor=1.200000
rprop_decrease_factor=0.500000
rprop_delta_min=0.000000
rprop_delta_max=50.000000
rprop_delta_zero=0.100000
cascade_output_stagnation_epochs=12
cascade_candidate_change_fraction=0.010000
cascade_candidate_stagnation_epochs=12
cascade_max_out_epochs=150
cascade_min_out_epochs=50
cascade_max_cand_epochs=150
cascade_min_cand_epochs=50
cascade_num_candidate_groups=2
bit_fail_limit=3.49999994039535522461e-01
cascade_candidate_limit=1.00000000000000000000e+03
cascade_weight_multiplier=4.00000005960464477539e-01
cascade_activation_functions_count=10
cascade_activation_functions=3 5 7 8 10 11 14 15 16 17 
cascade_activation_steepnesses_count=4
cascade_activation_steepnesses=2.50000000000000000000e-01 5.00000000000000000000e-01 7.50000000000000000000e-01 1.00000000000000000000e+00 
layer_sizes=7 5 2 
scale_included=0
neurons (num_inputs, activation_function, activation_steepness)=(0, 0, 0.00000000000000000000e+00) (0, 0, 0.00000000000000000000e+00) (0, 0, 0.00000000000000000000e+00) (0, 0, 0.00000000000000000000e+00) (0, 0, 0.00000000000000000000e+00) (0, 0, 0.00000000000000000000e+00) (0, 0, 0.00000000000000000000e+00) (7, 3, 5.00000000000000000000e-01) (7, 3, 5.00000000000000000000e-01) (7, 3, 5.00000000000000000000e-01) (7, 3, 5.00000000000000000000e-01) (0, 3, 0.00000000000000000000e+00) (5, 0, 5.00000000000000000000e-01) (0, 0, 0.00000000000000000000e+00) 
connections (connected_to_neuron, weight)=(0, 6.13910751417279243469e-03) (1, 2.22672119736671447754e-01) (2, -2.46742978692054748535e-01) (3, 4.48847375810146331787e-02) (4, 2.70657598972320556641e-01) (5, -3.58453840017318725586e-01) (6, 2.92369389533996582031e+00) (0, -1.81204547882080078125e+01) (1, -6.77366828918457031250e+00) (2, 2.13110084533691406250e+01) (3, -6.89601135253906250000e+00) (4, 1.34219717979431152344e+00) (5, 8.45874023437500000000e+00) (6, 2.08111867308616638184e-01) (0, -2.03973903656005859375e+01) (1, -7.53570175170898437500e+00) (2, 2.77201271057128906250e+01) (3, -7.68439006805419921875e+00) (4, 4.45760786533355712891e-01) (5, 8.89348125457763671875e+00) (6, -6.93534135818481445312e-01) (0, -2.04195690155029296875e+01) (1, -7.65084791183471679688e+00) (2, 2.76301574707031250000e+01) (3, -7.52630472183227539062e+00) (4, 4.74859654903411865234e-01) (5, 8.92485141754150390625e+00) (6, -6.39587759971618652344e-01) (7, -5.18748722970485687256e-02) (8, -1.92899823188781738281e-01) (9, -4.08630065917968750000e+02) (10, 1.36607345581054687500e+02) (11, 6.44357204437255859375e-02) 
