FANN_FLO_2.1
num_layers=3
learning_rate=0.500000
connection_rate=1.000000
network_type=0
learning_momentum=0.000000
training_algorithm=2
train_error_function=1
train_stop_function=0
cascade_output_change_fraction=0.010000
quickprop_decay=-0.000100
quickprop_mu=1.750000
rprop_increase_factor=1.200000
rprop_decrease_factor=0.500000
rprop_delta_min=0.000000
rprop_delta_max=50.000000
rprop_delta_zero=0.100000
cascade_output_stagnation_epochs=12
cascade_candidate_change_fraction=0.010000
cascade_candidate_stagnation_epochs=12
cascade_max_out_epochs=150
cascade_min_out_epochs=50
cascade_max_cand_epochs=150
cascade_min_cand_epochs=50
cascade_num_candidate_groups=2
bit_fail_limit=3.49999994039535522461e-01
cascade_candidate_limit=1.00000000000000000000e+03
cascade_weight_multiplier=4.00000005960464477539e-01
cascade_activation_functions_count=10
cascade_activation_functions=3 5 7 8 10 11 14 15 16 17 
cascade_activation_steepnesses_count=4
cascade_activation_steepnesses=2.50000000000000000000e-01 5.00000000000000000000e-01 7.50000000000000000000e-01 1.00000000000000000000e+00 
layer_sizes=7 5 2 
scale_included=0
neurons (num_inputs, activation_function, activation_steepness)=(0, 0, 0.00000000000000000000e+00) (0, 0, 0.00000000000000000000e+00) (0, 0, 0.00000000000000000000e+00) (0, 0, 0.00000000000000000000e+00) (0, 0, 0.00000000000000000000e+00) (0, 0, 0.00000000000000000000e+00) (0, 0, 0.00000000000000000000e+00) (7, 3, 5.00000000000000000000e-01) (7, 3, 5.00000000000000000000e-01) (7, 3, 5.00000000000000000000e-01) (7, 3, 5.00000000000000000000e-01) (0, 3, 0.00000000000000000000e+00) (5, 0, 5.00000000000000000000e-01) (0, 0, 0.00000000000000000000e+00) 
connections (connected_to_neuron, weight)=(0, 7.60550081729888916016e-01) (1, -2.02423229217529296875e+01) (2, 1.01547899246215820312e+01) (3, 2.05048608779907226562e+00) (4, 8.30915451049804687500e+00) (5, -3.04224205017089843750e+00) (6, -1.10009133815765380859e+00) (0, -1.61681786179542541504e-01) (1, -2.21813563257455825806e-03) (2, 1.12450397014617919922e+00) (3, -4.83901083469390869141e-01) (4, 1.13718628883361816406e+00) (5, -1.32926069200038909912e-02) (6, 3.70838642120361328125e-01) (0, -3.15805077552795410156e-01) (1, -3.00978958606719970703e-01) (2, 2.99692869186401367188e-01) (3, -5.17747998237609863281e-01) (4, 1.73866599798202514648e-01) (5, 6.58515155315399169922e-01) (6, -2.10328459739685058594e-01) (0, -2.58758962154388427734e-01) (1, 9.75774917602539062500e+01) (2, -8.31595230102539062500e+01) (3, -2.18588280677795410156e+00) (4, 6.30524444580078125000e+01) (5, -6.46411132812500000000e+01) (6, 1.65949493646621704102e-01) (7, 1.60232849121093750000e+01) (8, -2.69113220274448394775e-02) (9, -2.99331862479448318481e-02) (10, -4.22483310103416442871e-02) (11, 8.18598568439483642578e-02) 
