FANN_FLO_2.1
num_layers=4
learning_rate=0.300000
connection_rate=1.000000
network_type=0
learning_momentum=0.000000
training_algorithm=2
train_error_function=1
train_stop_function=0
cascade_output_change_fraction=0.010000
quickprop_decay=-0.000100
quickprop_mu=1.750000
rprop_increase_factor=1.200000
rprop_decrease_factor=0.500000
rprop_delta_min=0.000000
rprop_delta_max=50.000000
rprop_delta_zero=0.100000
cascade_output_stagnation_epochs=12
cascade_candidate_change_fraction=0.010000
cascade_candidate_stagnation_epochs=12
cascade_max_out_epochs=150
cascade_min_out_epochs=50
cascade_max_cand_epochs=150
cascade_min_cand_epochs=50
cascade_num_candidate_groups=2
bit_fail_limit=3.49999994039535522461e-01
cascade_candidate_limit=1.00000000000000000000e+03
cascade_weight_multiplier=4.00000005960464477539e-01
cascade_activation_functions_count=10
cascade_activation_functions=3 5 7 8 10 11 14 15 16 17 
cascade_activation_steepnesses_count=4
cascade_activation_steepnesses=2.50000000000000000000e-01 5.00000000000000000000e-01 7.50000000000000000000e-01 1.00000000000000000000e+00 
layer_sizes=2 5 3 3 
scale_included=0
neurons (num_inputs, activation_function, activation_steepness)=(0, 0, 0.00000000000000000000e+00) (0, 0, 0.00000000000000000000e+00) (2, 3, 5.00000000000000000000e-01) (2, 3, 5.00000000000000000000e-01) (2, 3, 5.00000000000000000000e-01) (2, 3, 5.00000000000000000000e-01) (0, 3, 0.00000000000000000000e+00) (5, 3, 5.00000000000000000000e-01) (5, 3, 5.00000000000000000000e-01) (0, 3, 0.00000000000000000000e+00) (3, 0, 5.00000000000000000000e-01) (3, 0, 5.00000000000000000000e-01) (0, 0, 0.00000000000000000000e+00) 
connections (connected_to_neuron, weight)=(0, -2.83930339813232421875e+01) (1, -2.93054294586181640625e+00) (0, -2.45723285675048828125e+01) (1, -1.71481876373291015625e+01) (0, -6.18477401733398437500e+01) (1, -2.18570590019226074219e+00) (0, -6.54331817626953125000e+01) (1, -2.31993651390075683594e+00) (2, -1.99324970245361328125e+01) (3, 2.12619400024414062500e+01) (4, 6.42809772491455078125e+00) (5, 3.16311049461364746094e+00) (6, -4.69565421342849731445e-01) (2, -6.42901659011840820312e-01) (3, -3.47133779525756835938e+00) (4, 2.23626637458801269531e+00) (5, 2.71201920509338378906e+00) (6, -1.86565601825714111328e+00) (7, 2.05329090356826782227e-01) (8, 4.32537011802196502686e-02) (9, -2.03823894262313842773e-01) (7, -1.32056713104248046875e+00) (8, -1.74528336524963378906e+00) (9, -3.99960696697235107422e-01) 
