FANN_FLO_2.1
num_layers=4
learning_rate=0.300000
connection_rate=1.000000
network_type=0
learning_momentum=0.000000
training_algorithm=2
train_error_function=1
train_stop_function=0
cascade_output_change_fraction=0.010000
quickprop_decay=-0.000100
quickprop_mu=1.750000
rprop_increase_factor=1.200000
rprop_decrease_factor=0.500000
rprop_delta_min=0.000000
rprop_delta_max=50.000000
rprop_delta_zero=0.100000
cascade_output_stagnation_epochs=12
cascade_candidate_change_fraction=0.010000
cascade_candidate_stagnation_epochs=12
cascade_max_out_epochs=150
cascade_min_out_epochs=50
cascade_max_cand_epochs=150
cascade_min_cand_epochs=50
cascade_num_candidate_groups=2
bit_fail_limit=3.49999994039535522461e-01
cascade_candidate_limit=1.00000000000000000000e+03
cascade_weight_multiplier=4.00000005960464477539e-01
cascade_activation_functions_count=10
cascade_activation_functions=3 5 7 8 10 11 14 15 16 17 
cascade_activation_steepnesses_count=4
cascade_activation_steepnesses=2.50000000000000000000e-01 5.00000000000000000000e-01 7.50000000000000000000e-01 1.00000000000000000000e+00 
layer_sizes=2 5 3 3 
scale_included=0
neurons (num_inputs, activation_function, activation_steepness)=(0, 0, 0.00000000000000000000e+00) (0, 0, 0.00000000000000000000e+00) (2, 3, 5.00000000000000000000e-01) (2, 3, 5.00000000000000000000e-01) (2, 3, 5.00000000000000000000e-01) (2, 3, 5.00000000000000000000e-01) (0, 3, 0.00000000000000000000e+00) (5, 3, 5.00000000000000000000e-01) (5, 3, 5.00000000000000000000e-01) (0, 3, 0.00000000000000000000e+00) (3, 0, 5.00000000000000000000e-01) (3, 0, 5.00000000000000000000e-01) (0, 0, 0.00000000000000000000e+00) 
connections (connected_to_neuron, weight)=(0, 3.85916495323181152344e+00) (1, 1.13775998353958129883e-01) (0, 3.86850810050964355469e+00) (1, 1.17249354720115661621e-01) (0, 3.87248444557189941406e+00) (1, 1.23433634638786315918e-01) (0, 4.00983905792236328125e+00) (1, 2.52527505159378051758e-01) (2, -5.25239527225494384766e-01) (3, -5.14741480350494384766e-01) (4, -5.92751145362854003906e-01) (5, -7.28543281555175781250e-01) (6, -1.25521406531333923340e-01) (2, -6.18832170963287353516e-01) (3, -6.28228962421417236328e-01) (4, -5.52639245986938476562e-01) (5, -6.91230952739715576172e-01) (6, -4.16692271828651428223e-02) (7, 9.22022536396980285645e-02) (8, 1.06896407902240753174e-01) (9, -8.56583788990974426270e-02) (7, -1.50378310680389404297e+00) (8, -1.47806227207183837891e+00) (9, -6.82109594345092773438e-01) 
