FANN_FLO_2.1
num_layers=3
learning_rate=0.400000
connection_rate=1.000000
network_type=0
learning_momentum=0.000000
training_algorithm=2
train_error_function=1
train_stop_function=0
cascade_output_change_fraction=0.010000
quickprop_decay=-0.000100
quickprop_mu=1.750000
rprop_increase_factor=1.200000
rprop_decrease_factor=0.500000
rprop_delta_min=0.000000
rprop_delta_max=50.000000
rprop_delta_zero=0.100000
cascade_output_stagnation_epochs=12
cascade_candidate_change_fraction=0.010000
cascade_candidate_stagnation_epochs=12
cascade_max_out_epochs=150
cascade_min_out_epochs=50
cascade_max_cand_epochs=150
cascade_min_cand_epochs=50
cascade_num_candidate_groups=2
bit_fail_limit=3.49999994039535522461e-01
cascade_candidate_limit=1.00000000000000000000e+03
cascade_weight_multiplier=4.00000005960464477539e-01
cascade_activation_functions_count=10
cascade_activation_functions=3 5 7 8 10 11 14 15 16 17 
cascade_activation_steepnesses_count=4
cascade_activation_steepnesses=2.50000000000000000000e-01 5.00000000000000000000e-01 7.50000000000000000000e-01 1.00000000000000000000e+00 
layer_sizes=10 3 2 
scale_included=0
neurons (num_inputs, activation_function, activation_steepness)=(0, 0, 0.00000000000000000000e+00) (0, 0, 0.00000000000000000000e+00) (0, 0, 0.00000000000000000000e+00) (0, 0, 0.00000000000000000000e+00) (0, 0, 0.00000000000000000000e+00) (0, 0, 0.00000000000000000000e+00) (0, 0, 0.00000000000000000000e+00) (0, 0, 0.00000000000000000000e+00) (0, 0, 0.00000000000000000000e+00) (0, 0, 0.00000000000000000000e+00) (10, 3, 5.00000000000000000000e-01) (10, 3, 5.00000000000000000000e-01) (0, 3, 0.00000000000000000000e+00) (3, 3, 5.00000000000000000000e-01) (0, 3, 0.00000000000000000000e+00) 
connections (connected_to_neuron, weight)=(0, 1.18106871843338012695e-01) (1, 1.89222663640975952148e-01) (2, 4.61660623550415039062e-02) (3, 1.77053749561309814453e-01) (4, 3.30369621515274047852e-02) (5, 1.35125100612640380859e-01) (6, 1.10176898539066314697e-01) (7, 1.42993465065956115723e-01) (8, 4.35303151607513427734e-02) (9, 1.98874533176422119141e-01) (0, 9.24458876252174377441e-02) (1, 1.25672698020935058594e-01) (2, 1.90725803375244140625e-01) (3, 1.48622334003448486328e-01) (4, 1.88178837299346923828e-01) (5, 2.77056917548179626465e-02) (6, 1.20957434177398681641e-01) (7, 1.84803545475006103516e-01) (8, 1.29110410809516906738e-01) (9, 1.74401909112930297852e-01) (10, -1.94081261754035949707e-01) (11, -1.78989440202713012695e-01) (12, -5.94345554709434509277e-02) 
