FANN_FLO_2.1
num_layers=3
learning_rate=0.500000
connection_rate=1.000000
network_type=0
learning_momentum=0.000000
training_algorithm=2
train_error_function=1
train_stop_function=0
cascade_output_change_fraction=0.010000
quickprop_decay=-0.000100
quickprop_mu=1.750000
rprop_increase_factor=1.200000
rprop_decrease_factor=0.500000
rprop_delta_min=0.000000
rprop_delta_max=50.000000
rprop_delta_zero=0.100000
cascade_output_stagnation_epochs=12
cascade_candidate_change_fraction=0.010000
cascade_candidate_stagnation_epochs=12
cascade_max_out_epochs=150
cascade_min_out_epochs=50
cascade_max_cand_epochs=150
cascade_min_cand_epochs=50
cascade_num_candidate_groups=2
bit_fail_limit=3.49999994039535522461e-01
cascade_candidate_limit=1.00000000000000000000e+03
cascade_weight_multiplier=4.00000005960464477539e-01
cascade_activation_functions_count=10
cascade_activation_functions=3 5 7 8 10 11 14 15 16 17 
cascade_activation_steepnesses_count=4
cascade_activation_steepnesses=2.50000000000000000000e-01 5.00000000000000000000e-01 7.50000000000000000000e-01 1.00000000000000000000e+00 
layer_sizes=7 5 2 
scale_included=0
neurons (num_inputs, activation_function, activation_steepness)=(0, 0, 0.00000000000000000000e+00) (0, 0, 0.00000000000000000000e+00) (0, 0, 0.00000000000000000000e+00) (0, 0, 0.00000000000000000000e+00) (0, 0, 0.00000000000000000000e+00) (0, 0, 0.00000000000000000000e+00) (0, 0, 0.00000000000000000000e+00) (7, 3, 5.00000000000000000000e-01) (7, 3, 5.00000000000000000000e-01) (7, 3, 5.00000000000000000000e-01) (7, 3, 5.00000000000000000000e-01) (0, 3, 0.00000000000000000000e+00) (5, 0, 5.00000000000000000000e-01) (0, 0, 0.00000000000000000000e+00) 
connections (connected_to_neuron, weight)=(0, -4.23418194055557250977e-01) (1, -6.11045956611633300781e-02) (2, -9.71208438277244567871e-02) (3, -2.75908917188644409180e-01) (4, 6.04756712913513183594e-01) (5, 5.97637355327606201172e-01) (6, -3.25567871332168579102e-01) (0, -4.07612055540084838867e-01) (1, -3.04877012968063354492e-01) (2, -5.26070334017276763916e-02) (3, -4.65797573328018188477e-01) (4, 9.90938961505889892578e-01) (5, 5.59244751930236816406e-01) (6, -5.50180017948150634766e-01) (0, 7.09211379289627075195e-02) (1, -3.08975934982299804688e-01) (2, 1.44508743286132812500e+00) (3, -1.04827749729156494141e+00) (4, 7.33843851089477539062e+00) (5, 9.38663899898529052734e-01) (6, -9.94637846946716308594e-01) (0, -3.61458134651184082031e+00) (1, -1.24142241477966308594e+00) (2, -3.34164047241210937500e+01) (3, 4.01652383804321289062e+00) (4, -2.67848551273345947266e-01) (5, -5.66277313232421875000e+01) (6, -4.23411071300506591797e-01) (7, 1.01973876357078552246e-01) (8, -1.07803359627723693848e-01) (9, -1.98407411575317382812e-01) (10, 1.17156934738159179688e+00) (11, 2.09613874554634094238e-01) 
