FANN_FLO_2.1
num_layers=4
learning_rate=0.300000
connection_rate=1.000000
network_type=0
learning_momentum=0.000000
training_algorithm=2
train_error_function=1
train_stop_function=0
cascade_output_change_fraction=0.010000
quickprop_decay=-0.000100
quickprop_mu=1.750000
rprop_increase_factor=1.200000
rprop_decrease_factor=0.500000
rprop_delta_min=0.000000
rprop_delta_max=50.000000
rprop_delta_zero=0.100000
cascade_output_stagnation_epochs=12
cascade_candidate_change_fraction=0.010000
cascade_candidate_stagnation_epochs=12
cascade_max_out_epochs=150
cascade_min_out_epochs=50
cascade_max_cand_epochs=150
cascade_min_cand_epochs=50
cascade_num_candidate_groups=2
bit_fail_limit=3.49999994039535522461e-01
cascade_candidate_limit=1.00000000000000000000e+03
cascade_weight_multiplier=4.00000005960464477539e-01
cascade_activation_functions_count=10
cascade_activation_functions=3 5 7 8 10 11 14 15 16 17 
cascade_activation_steepnesses_count=4
cascade_activation_steepnesses=2.50000000000000000000e-01 5.00000000000000000000e-01 7.50000000000000000000e-01 1.00000000000000000000e+00 
layer_sizes=2 5 5 3 
scale_included=0
neurons (num_inputs, activation_function, activation_steepness)=(0, 0, 0.00000000000000000000e+00) (0, 0, 0.00000000000000000000e+00) (2, 3, 5.00000000000000000000e-01) (2, 3, 5.00000000000000000000e-01) (2, 3, 5.00000000000000000000e-01) (2, 3, 5.00000000000000000000e-01) (0, 3, 0.00000000000000000000e+00) (5, 3, 5.00000000000000000000e-01) (5, 3, 5.00000000000000000000e-01) (5, 3, 5.00000000000000000000e-01) (5, 3, 5.00000000000000000000e-01) (0, 3, 0.00000000000000000000e+00) (5, 0, 5.00000000000000000000e-01) (5, 0, 5.00000000000000000000e-01) (0, 0, 0.00000000000000000000e+00) 
connections (connected_to_neuron, weight)=(0, -9.50635223388671875000e+01) (1, -1.11677300930023193359e+00) (0, -3.26822853088378906250e+01) (1, 2.97868430614471435547e-01) (0, -8.78798751831054687500e+01) (1, -9.02083694934844970703e-01) (0, -8.40151367187500000000e+01) (1, -6.64977729320526123047e-01) (2, 7.97729396820068359375e+00) (3, 4.53953951597213745117e-01) (4, 4.62158709764480590820e-01) (5, 6.13223075866699218750e-01) (6, -4.56035494804382324219e-01) (2, 1.78859329223632812500e+01) (3, 2.15467229485511779785e-01) (4, 5.66502273082733154297e-01) (5, 9.33004379272460937500e-01) (6, -5.08714675903320312500e+00) (2, 7.54016399383544921875e+00) (3, 4.72685992717742919922e-01) (4, 5.17818450927734375000e-01) (5, 6.46478474140167236328e-01) (6, -3.17517250776290893555e-01) (2, 1.84580535888671875000e+01) (3, -1.28605231642723083496e-01) (4, 9.15105521678924560547e-01) (5, 7.26315200328826904297e-01) (6, -5.08361291885375976562e+00) (7, -1.13723643124103546143e-01) (8, 1.60413175821304321289e-01) (9, -1.19823589920997619629e-01) (10, 1.71257391571998596191e-01) (11, -1.08603082597255706787e-01) (7, -3.52712213993072509766e-01) (8, -4.78981226682662963867e-01) (9, -3.40903043746948242188e-01) (10, -1.02406966686248779297e+00) (11, 4.62857224047183990479e-02) 
