FANN_FLO_2.1
num_layers=3
learning_rate=0.300000
connection_rate=1.000000
network_type=0
learning_momentum=0.000000
training_algorithm=2
train_error_function=1
train_stop_function=0
cascade_output_change_fraction=0.010000
quickprop_decay=-0.000100
quickprop_mu=1.750000
rprop_increase_factor=1.200000
rprop_decrease_factor=0.500000
rprop_delta_min=0.000000
rprop_delta_max=50.000000
rprop_delta_zero=0.100000
cascade_output_stagnation_epochs=12
cascade_candidate_change_fraction=0.010000
cascade_candidate_stagnation_epochs=12
cascade_max_out_epochs=150
cascade_min_out_epochs=50
cascade_max_cand_epochs=150
cascade_min_cand_epochs=50
cascade_num_candidate_groups=2
bit_fail_limit=3.49999994039535522461e-01
cascade_candidate_limit=1.00000000000000000000e+03
cascade_weight_multiplier=4.00000005960464477539e-01
cascade_activation_functions_count=10
cascade_activation_functions=3 5 7 8 10 11 14 15 16 17 
cascade_activation_steepnesses_count=4
cascade_activation_steepnesses=2.50000000000000000000e-01 5.00000000000000000000e-01 7.50000000000000000000e-01 1.00000000000000000000e+00 
layer_sizes=4 9 2 
scale_included=0
neurons (num_inputs, activation_function, activation_steepness)=(0, 0, 0.00000000000000000000e+00) (0, 0, 0.00000000000000000000e+00) (0, 0, 0.00000000000000000000e+00) (0, 0, 0.00000000000000000000e+00) (4, 3, 5.00000000000000000000e-01) (4, 3, 5.00000000000000000000e-01) (4, 3, 5.00000000000000000000e-01) (4, 3, 5.00000000000000000000e-01) (4, 3, 5.00000000000000000000e-01) (4, 3, 5.00000000000000000000e-01) (4, 3, 5.00000000000000000000e-01) (4, 3, 5.00000000000000000000e-01) (0, 3, 0.00000000000000000000e+00) (9, 3, 5.00000000000000000000e-01) (0, 3, 0.00000000000000000000e+00) 
connections (connected_to_neuron, weight)=(0, -7.90946960449218750000e-01) (1, 4.15818452835083007812e-01) (2, -1.06412279605865478516e+00) (3, 8.76653671264648437500e+00) (0, -3.05343121290206909180e-01) (1, 6.43732920289039611816e-02) (2, -5.65692543983459472656e-01) (3, 8.15920639038085937500e+00) (0, -1.49643659591674804688e+00) (1, 4.00483638048171997070e-01) (2, 8.77508521080017089844e-01) (3, -5.35390996932983398438e+00) (0, -1.52450323104858398438e-01) (1, 3.04433573037385940552e-02) (2, -2.45517343282699584961e-01) (3, 6.61532878875732421875e-01) (0, -1.65406475067138671875e+01) (1, 4.00773882865905761719e-01) (2, 8.34807300567626953125e+00) (3, -9.64217960834503173828e-01) (0, 1.49999914550781250000e+03) (1, 1.49999865722656250000e+03) (2, 1.50000000000000000000e+03) (3, 2.48302742838859558105e-01) (0, -1.41817760467529296875e+01) (1, 2.20922470092773437500e-01) (2, 7.66970062255859375000e+00) (3, 1.03412520885467529297e+00) (0, 4.37197637557983398438e+00) (1, -3.65275311470031738281e+00) (2, 8.04613399505615234375e+00) (3, 1.80810421705245971680e-01) (4, -6.02101743221282958984e-01) (5, -1.68005084991455078125e+00) (6, 1.66832759976387023926e-01) (7, -8.98697757720947265625e+00) (8, -7.81841430664062500000e+02) (9, 2.99963206052780151367e-01) (10, 7.81915222167968750000e+02) (11, 4.69728037714958190918e-02) (12, 6.15058779716491699219e-01) 
