FANN_FLO_2.1
num_layers=3
learning_rate=0.450000
connection_rate=1.000000
network_type=0
learning_momentum=0.000000
training_algorithm=2
train_error_function=1
train_stop_function=0
cascade_output_change_fraction=0.010000
quickprop_decay=-0.000100
quickprop_mu=1.750000
rprop_increase_factor=1.200000
rprop_decrease_factor=0.500000
rprop_delta_min=0.000000
rprop_delta_max=50.000000
rprop_delta_zero=0.100000
cascade_output_stagnation_epochs=12
cascade_candidate_change_fraction=0.010000
cascade_candidate_stagnation_epochs=12
cascade_max_out_epochs=150
cascade_min_out_epochs=50
cascade_max_cand_epochs=150
cascade_min_cand_epochs=50
cascade_num_candidate_groups=2
bit_fail_limit=3.49999994039535522461e-01
cascade_candidate_limit=1.00000000000000000000e+03
cascade_weight_multiplier=4.00000005960464477539e-01
cascade_activation_functions_count=10
cascade_activation_functions=3 5 7 8 10 11 14 15 16 17 
cascade_activation_steepnesses_count=4
cascade_activation_steepnesses=2.50000000000000000000e-01 5.00000000000000000000e-01 7.50000000000000000000e-01 1.00000000000000000000e+00 
layer_sizes=7 5 2 
scale_included=0
neurons (num_inputs, activation_function, activation_steepness)=(0, 0, 0.00000000000000000000e+00) (0, 0, 0.00000000000000000000e+00) (0, 0, 0.00000000000000000000e+00) (0, 0, 0.00000000000000000000e+00) (0, 0, 0.00000000000000000000e+00) (0, 0, 0.00000000000000000000e+00) (0, 0, 0.00000000000000000000e+00) (7, 3, 5.00000000000000000000e-01) (7, 3, 5.00000000000000000000e-01) (7, 3, 5.00000000000000000000e-01) (7, 3, 5.00000000000000000000e-01) (0, 3, 0.00000000000000000000e+00) (5, 0, 5.00000000000000000000e-01) (0, 0, 0.00000000000000000000e+00) 
connections (connected_to_neuron, weight)=(0, 5.26156067848205566406e-01) (1, -1.38806509971618652344e+00) (2, 2.03094586730003356934e-01) (3, 5.69474875926971435547e-01) (4, -4.94074726104736328125e+00) (5, 2.25548624992370605469e+00) (6, 1.20405654907226562500e+02) (0, 1.50000000000000000000e+03) (1, 1.50000000000000000000e+03) (2, 1.50000000000000000000e+03) (3, 1.50000000000000000000e+03) (4, 1.50000000000000000000e+03) (5, -1.47220690917968750000e+03) (6, 6.05660915374755859375e-01) (0, -1.81652516126632690430e-01) (1, 2.85015609115362167358e-02) (2, -4.84380245208740234375e-01) (3, 4.53075736761093139648e-01) (4, -5.32533347606658935547e-01) (5, -3.07508617639541625977e-01) (6, -3.61231374740600585938e+00) (0, -2.53867208957672119141e-02) (1, -3.13805341720581054688e-01) (2, 3.95405560731887817383e-01) (3, 2.85932749509811401367e-01) (4, -4.74832475185394287109e-01) (5, 3.45554739236831665039e-01) (6, -7.60130643844604492188e+00) (7, -2.04739063978195190430e-01) (8, 2.65204787254333496094e-01) (9, 2.60423254966735839844e+00) (10, 1.72740563750267028809e-01) (11, -6.73629045486450195312e-02) 
