FANN_FLO_2.1
num_layers=3
learning_rate=0.500000
connection_rate=1.000000
network_type=0
learning_momentum=0.000000
training_algorithm=2
train_error_function=1
train_stop_function=0
cascade_output_change_fraction=0.010000
quickprop_decay=-0.000100
quickprop_mu=1.750000
rprop_increase_factor=1.200000
rprop_decrease_factor=0.500000
rprop_delta_min=0.000000
rprop_delta_max=50.000000
rprop_delta_zero=0.100000
cascade_output_stagnation_epochs=12
cascade_candidate_change_fraction=0.010000
cascade_candidate_stagnation_epochs=12
cascade_max_out_epochs=150
cascade_min_out_epochs=50
cascade_max_cand_epochs=150
cascade_min_cand_epochs=50
cascade_num_candidate_groups=2
bit_fail_limit=3.49999994039535522461e-01
cascade_candidate_limit=1.00000000000000000000e+03
cascade_weight_multiplier=4.00000005960464477539e-01
cascade_activation_functions_count=10
cascade_activation_functions=3 5 7 8 10 11 14 15 16 17 
cascade_activation_steepnesses_count=4
cascade_activation_steepnesses=2.50000000000000000000e-01 5.00000000000000000000e-01 7.50000000000000000000e-01 1.00000000000000000000e+00 
layer_sizes=10 5 2 
scale_included=0
neurons (num_inputs, activation_function, activation_steepness)=(0, 0, 0.00000000000000000000e+00) (0, 0, 0.00000000000000000000e+00) (0, 0, 0.00000000000000000000e+00) (0, 0, 0.00000000000000000000e+00) (0, 0, 0.00000000000000000000e+00) (0, 0, 0.00000000000000000000e+00) (0, 0, 0.00000000000000000000e+00) (0, 0, 0.00000000000000000000e+00) (0, 0, 0.00000000000000000000e+00) (0, 0, 0.00000000000000000000e+00) (10, 3, 5.00000000000000000000e-01) (10, 3, 5.00000000000000000000e-01) (10, 3, 5.00000000000000000000e-01) (10, 3, 5.00000000000000000000e-01) (0, 3, 0.00000000000000000000e+00) (5, 3, 5.00000000000000000000e-01) (0, 3, 0.00000000000000000000e+00) 
connections (connected_to_neuron, weight)=(0, 3.35064619779586791992e-01) (1, 3.95340979099273681641e-01) (2, 6.61364555358886718750e-01) (3, 4.79489028453826904297e-01) (4, 6.41679763793945312500e-01) (5, 3.91947865486145019531e-01) (6, 5.62767386436462402344e-01) (7, 4.44537580013275146484e-01) (8, 4.39717739820480346680e-01) (9, -4.01657938957214355469e-01) (0, 3.01406860351562500000e-01) (1, 5.35099923610687255859e-01) (2, 7.55769908428192138672e-01) (3, 1.02541172504425048828e+00) (4, 1.07570397853851318359e+00) (5, 5.33371865749359130859e-01) (6, 7.44965851306915283203e-01) (7, 6.19705438613891601562e-01) (8, 7.56558418273925781250e-01) (9, -4.26197099685668945312e+00) (0, -6.15789055824279785156e-01) (1, -4.72344517707824707031e-01) (2, -3.67578208446502685547e-01) (3, -2.92453169822692871094e-01) (4, -2.22816661000251770020e-01) (5, -5.09023964405059814453e-01) (6, -4.37790781259536743164e-01) (7, -4.79163199663162231445e-01) (8, -2.73884266614913940430e-01) (9, 5.09043097496032714844e-01) (0, -5.06930351257324218750e-01) (1, -5.82572758197784423828e-01) (2, -4.08039659261703491211e-01) (3, -3.37929427623748779297e-01) (4, -3.35779726505279541016e-01) (5, -5.68137407302856445312e-01) (6, -2.27651283144950866699e-01) (7, -4.78613257408142089844e-01) (8, -8.79742980003356933594e-01) (9, 3.17616790533065795898e-01) (10, 5.01535117626190185547e-01) (11, 1.22081959247589111328e+00) (12, -3.12010169029235839844e+00) (13, -9.88498926162719726562e-01) (14, 5.27611747384071350098e-02) 
