FANN_FLO_2.1
num_layers=3
learning_rate=0.500000
connection_rate=1.000000
network_type=0
learning_momentum=0.000000
training_algorithm=2
train_error_function=1
train_stop_function=0
cascade_output_change_fraction=0.010000
quickprop_decay=-0.000100
quickprop_mu=1.750000
rprop_increase_factor=1.200000
rprop_decrease_factor=0.500000
rprop_delta_min=0.000000
rprop_delta_max=50.000000
rprop_delta_zero=0.100000
cascade_output_stagnation_epochs=12
cascade_candidate_change_fraction=0.010000
cascade_candidate_stagnation_epochs=12
cascade_max_out_epochs=150
cascade_min_out_epochs=50
cascade_max_cand_epochs=150
cascade_min_cand_epochs=50
cascade_num_candidate_groups=2
bit_fail_limit=3.49999994039535522461e-01
cascade_candidate_limit=1.00000000000000000000e+03
cascade_weight_multiplier=4.00000005960464477539e-01
cascade_activation_functions_count=10
cascade_activation_functions=3 5 7 8 10 11 14 15 16 17 
cascade_activation_steepnesses_count=4
cascade_activation_steepnesses=2.50000000000000000000e-01 5.00000000000000000000e-01 7.50000000000000000000e-01 1.00000000000000000000e+00 
layer_sizes=10 3 2 
scale_included=0
neurons (num_inputs, activation_function, activation_steepness)=(0, 0, 0.00000000000000000000e+00) (0, 0, 0.00000000000000000000e+00) (0, 0, 0.00000000000000000000e+00) (0, 0, 0.00000000000000000000e+00) (0, 0, 0.00000000000000000000e+00) (0, 0, 0.00000000000000000000e+00) (0, 0, 0.00000000000000000000e+00) (0, 0, 0.00000000000000000000e+00) (0, 0, 0.00000000000000000000e+00) (0, 0, 0.00000000000000000000e+00) (10, 3, 5.00000000000000000000e-01) (10, 3, 5.00000000000000000000e-01) (0, 3, 0.00000000000000000000e+00) (3, 3, 5.00000000000000000000e-01) (0, 3, 0.00000000000000000000e+00) 
connections (connected_to_neuron, weight)=(0, -7.63013541698455810547e-01) (1, -4.27670836448669433594e-01) (2, -7.49979913234710693359e-01) (3, -5.81633508205413818359e-01) (4, -1.52068376541137695312e-01) (5, -3.94270986318588256836e-01) (6, -1.69835001230239868164e-01) (7, -6.02305173873901367188e-01) (8, -4.57346171140670776367e-01) (9, 1.15621459484100341797e+00) (0, -4.97550904750823974609e-01) (1, -5.22865176200866699219e-01) (2, -4.98492956161499023438e-01) (3, -5.21237015724182128906e-01) (4, -5.58927893638610839844e-01) (5, -5.38255989551544189453e-01) (6, -5.71435153484344482422e-01) (7, -5.16232490539550781250e-01) (8, -5.14519989490509033203e-01) (9, 2.00255084037780761719e+00) (10, -5.95264554023742675781e-01) (11, -3.27890872955322265625e+00) (12, 1.51188290119171142578e+00) 
