FANN_FLO_2.1
num_layers=3
learning_rate=0.500000
connection_rate=1.000000
network_type=0
learning_momentum=0.000000
training_algorithm=2
train_error_function=1
train_stop_function=0
cascade_output_change_fraction=0.010000
quickprop_decay=-0.000100
quickprop_mu=1.750000
rprop_increase_factor=1.200000
rprop_decrease_factor=0.500000
rprop_delta_min=0.000000
rprop_delta_max=50.000000
rprop_delta_zero=0.100000
cascade_output_stagnation_epochs=12
cascade_candidate_change_fraction=0.010000
cascade_candidate_stagnation_epochs=12
cascade_max_out_epochs=150
cascade_min_out_epochs=50
cascade_max_cand_epochs=150
cascade_min_cand_epochs=50
cascade_num_candidate_groups=2
bit_fail_limit=3.49999994039535522461e-01
cascade_candidate_limit=1.00000000000000000000e+03
cascade_weight_multiplier=4.00000005960464477539e-01
cascade_activation_functions_count=10
cascade_activation_functions=3 5 7 8 10 11 14 15 16 17 
cascade_activation_steepnesses_count=4
cascade_activation_steepnesses=2.50000000000000000000e-01 5.00000000000000000000e-01 7.50000000000000000000e-01 1.00000000000000000000e+00 
layer_sizes=3 9 4 
scale_included=0
neurons (num_inputs, activation_function, activation_steepness)=(0, 0, 0.00000000000000000000e+00) (0, 0, 0.00000000000000000000e+00) (0, 0, 0.00000000000000000000e+00) (3, 3, 5.00000000000000000000e-01) (3, 3, 5.00000000000000000000e-01) (3, 3, 5.00000000000000000000e-01) (3, 3, 5.00000000000000000000e-01) (3, 3, 5.00000000000000000000e-01) (3, 3, 5.00000000000000000000e-01) (3, 3, 5.00000000000000000000e-01) (3, 3, 5.00000000000000000000e-01) (0, 3, 0.00000000000000000000e+00) (9, 0, 5.00000000000000000000e-01) (9, 0, 5.00000000000000000000e-01) (9, 0, 5.00000000000000000000e-01) (0, 0, 0.00000000000000000000e+00) 
connections (connected_to_neuron, weight)=(0, -5.09691667556762695312e+00) (1, 2.20448255538940429688e+00) (2, 1.16329312324523925781e+00) (0, -1.82640433311462402344e+00) (1, -3.53928232192993164062e+00) (2, 5.45507967472076416016e-01) (0, -4.26604461669921875000e+00) (1, 5.26718422770500183105e-02) (2, 6.45322978496551513672e-01) (0, -5.69317054748535156250e+00) (1, 2.37095737457275390625e+00) (2, 5.23957300186157226562e+00) (0, -5.37857866287231445312e+00) (1, 6.17802381515502929688e+00) (2, 2.25943756103515625000e+00) (0, -5.10662412643432617188e+00) (1, 3.25464820861816406250e+00) (2, 9.04691123962402343750e+00) (0, -3.84276413917541503906e+00) (1, -2.22109007835388183594e+00) (2, 6.84229195117950439453e-01) (0, -4.41329669952392578125e+00) (1, 5.90227842330932617188e+00) (2, 4.51059150695800781250e+00) (3, 2.10245776176452636719e+00) (4, 1.92275166511535644531e+00) (5, 1.87397861480712890625e+00) (6, -5.27095735073089599609e-01) (7, 1.48140394687652587891e+00) (8, 4.68439787626266479492e-01) (9, 2.33571720123291015625e+00) (10, 6.74355268478393554688e-01) (11, 4.46411043405532836914e-01) (3, 4.51109170913696289062e+00) (4, 6.40837097167968750000e+00) (5, 5.46922636032104492188e+00) (6, 2.14035987854003906250e+00) (7, 3.08300495147705078125e+00) (8, 2.08346915245056152344e+00) (9, 5.69772768020629882812e+00) (10, 2.31928730010986328125e+00) (11, 1.95603072643280029297e+00) (3, 1.25508708953857421875e+01) (4, 2.17305698394775390625e+01) (5, 1.82665615081787109375e+01) (6, 8.54543113708496093750e+00) (7, 8.30849742889404296875e+00) (8, 9.23648166656494140625e+00) (9, 1.75039482116699218750e+01) (10, 8.18632316589355468750e+00) (11, 9.17226409912109375000e+00) 
