FANN_FLO_2.1
num_layers=3
learning_rate=0.450000
connection_rate=1.000000
network_type=0
learning_momentum=0.000000
training_algorithm=2
train_error_function=1
train_stop_function=0
cascade_output_change_fraction=0.010000
quickprop_decay=-0.000100
quickprop_mu=1.750000
rprop_increase_factor=1.200000
rprop_decrease_factor=0.500000
rprop_delta_min=0.000000
rprop_delta_max=50.000000
rprop_delta_zero=0.100000
cascade_output_stagnation_epochs=12
cascade_candidate_change_fraction=0.010000
cascade_candidate_stagnation_epochs=12
cascade_max_out_epochs=150
cascade_min_out_epochs=50
cascade_max_cand_epochs=150
cascade_min_cand_epochs=50
cascade_num_candidate_groups=2
bit_fail_limit=3.49999994039535522461e-01
cascade_candidate_limit=1.00000000000000000000e+03
cascade_weight_multiplier=4.00000005960464477539e-01
cascade_activation_functions_count=10
cascade_activation_functions=3 5 7 8 10 11 14 15 16 17 
cascade_activation_steepnesses_count=4
cascade_activation_steepnesses=2.50000000000000000000e-01 5.00000000000000000000e-01 7.50000000000000000000e-01 1.00000000000000000000e+00 
layer_sizes=7 5 2 
scale_included=0
neurons (num_inputs, activation_function, activation_steepness)=(0, 0, 0.00000000000000000000e+00) (0, 0, 0.00000000000000000000e+00) (0, 0, 0.00000000000000000000e+00) (0, 0, 0.00000000000000000000e+00) (0, 0, 0.00000000000000000000e+00) (0, 0, 0.00000000000000000000e+00) (0, 0, 0.00000000000000000000e+00) (7, 3, 5.00000000000000000000e-01) (7, 3, 5.00000000000000000000e-01) (7, 3, 5.00000000000000000000e-01) (7, 3, 5.00000000000000000000e-01) (0, 3, 0.00000000000000000000e+00) (5, 0, 5.00000000000000000000e-01) (0, 0, 0.00000000000000000000e+00) 
connections (connected_to_neuron, weight)=(0, 5.85701167583465576172e-02) (1, -4.25757467746734619141e-01) (2, 3.19302171468734741211e-01) (3, -4.09666076302528381348e-02) (4, -3.92945557832717895508e-01) (5, 5.09717822074890136719e-01) (6, -4.65727138519287109375e+00) (0, -3.67420310974121093750e+01) (1, -3.50084228515625000000e+01) (2, 1.50000000000000000000e+03) (3, 1.50000000000000000000e+03) (4, 1.50000000000000000000e+03) (5, 1.50000000000000000000e+03) (6, -1.16379939019680023193e-01) (0, -3.66730141639709472656e+00) (1, 3.76343727111816406250e+01) (2, -1.50000000000000000000e+03) (3, -1.47500000000000000000e+03) (4, -1.47500000000000000000e+03) (5, -1.50000000000000000000e+03) (6, -2.02229708433151245117e-01) (0, 4.69727724790573120117e-01) (1, 1.05697656250000000000e+03) (2, -1.50000000000000000000e+03) (3, -1.47500000000000000000e+03) (4, -1.47500000000000000000e+03) (5, -1.50000000000000000000e+03) (6, -4.56305086612701416016e-01) (7, 5.04231870174407958984e-01) (8, -1.42799001187086105347e-02) (9, 1.50000000000000000000e+03) (10, 1.45200000000000000000e+03) (11, 1.82691812515258789062e-02) 
