FANN_FLO_2.1
num_layers=3
learning_rate=0.450000
connection_rate=1.000000
network_type=0
learning_momentum=0.000000
training_algorithm=2
train_error_function=1
train_stop_function=0
cascade_output_change_fraction=0.010000
quickprop_decay=-0.000100
quickprop_mu=1.750000
rprop_increase_factor=1.200000
rprop_decrease_factor=0.500000
rprop_delta_min=0.000000
rprop_delta_max=50.000000
rprop_delta_zero=0.100000
cascade_output_stagnation_epochs=12
cascade_candidate_change_fraction=0.010000
cascade_candidate_stagnation_epochs=12
cascade_max_out_epochs=150
cascade_min_out_epochs=50
cascade_max_cand_epochs=150
cascade_min_cand_epochs=50
cascade_num_candidate_groups=2
bit_fail_limit=3.49999994039535522461e-01
cascade_candidate_limit=1.00000000000000000000e+03
cascade_weight_multiplier=4.00000005960464477539e-01
cascade_activation_functions_count=10
cascade_activation_functions=3 5 7 8 10 11 14 15 16 17 
cascade_activation_steepnesses_count=4
cascade_activation_steepnesses=2.50000000000000000000e-01 5.00000000000000000000e-01 7.50000000000000000000e-01 1.00000000000000000000e+00 
layer_sizes=7 5 2 
scale_included=0
neurons (num_inputs, activation_function, activation_steepness)=(0, 0, 0.00000000000000000000e+00) (0, 0, 0.00000000000000000000e+00) (0, 0, 0.00000000000000000000e+00) (0, 0, 0.00000000000000000000e+00) (0, 0, 0.00000000000000000000e+00) (0, 0, 0.00000000000000000000e+00) (0, 0, 0.00000000000000000000e+00) (7, 3, 5.00000000000000000000e-01) (7, 3, 5.00000000000000000000e-01) (7, 3, 5.00000000000000000000e-01) (7, 3, 5.00000000000000000000e-01) (0, 3, 0.00000000000000000000e+00) (5, 0, 5.00000000000000000000e-01) (0, 0, 0.00000000000000000000e+00) 
connections (connected_to_neuron, weight)=(0, 4.16814453125000000000e+02) (1, -1.47920056152343750000e+03) (2, -1.48266711425781250000e+03) (3, -2.18893280029296875000e+02) (4, -1.48266711425781250000e+03) (5, -1.48266711425781250000e+03) (6, 1.77822753787040710449e-01) (0, 7.31214927509427070618e-03) (1, -4.28272813558578491211e-01) (2, -1.02807998657226562500e-01) (3, 1.87774389982223510742e-01) (4, 1.01077556610107421875e-02) (5, 9.05407667160034179688e-01) (6, -4.28308248519897460938e+00) (0, -7.44645996093750000000e+01) (1, -1.47920056152343750000e+03) (2, -1.48266711425781250000e+03) (3, -5.16054344177246093750e+00) (4, -1.48266711425781250000e+03) (5, -1.48266711425781250000e+03) (6, 3.14672231674194335938e-01) (0, -5.73236942291259765625e-02) (1, 6.48734092712402343750e-01) (2, -5.83890736103057861328e-01) (3, -9.76245850324630737305e-02) (4, 2.53324270248413085938e-01) (5, -2.67156422138214111328e-01) (6, 5.65181112289428710938e+00) (7, 2.05250430107116699219e+00) (8, -1.59008750915527343750e+01) (9, 6.87289550781250000000e+02) (10, -2.59387284517288208008e-01) (11, 2.85492122173309326172e-01) 
