FANN_FLO_2.1
num_layers=3
learning_rate=0.500000
connection_rate=1.000000
network_type=0
learning_momentum=0.000000
training_algorithm=2
train_error_function=1
train_stop_function=0
cascade_output_change_fraction=0.010000
quickprop_decay=-0.000100
quickprop_mu=1.750000
rprop_increase_factor=1.200000
rprop_decrease_factor=0.500000
rprop_delta_min=0.000000
rprop_delta_max=50.000000
rprop_delta_zero=0.100000
cascade_output_stagnation_epochs=12
cascade_candidate_change_fraction=0.010000
cascade_candidate_stagnation_epochs=12
cascade_max_out_epochs=150
cascade_min_out_epochs=50
cascade_max_cand_epochs=150
cascade_min_cand_epochs=50
cascade_num_candidate_groups=2
bit_fail_limit=3.49999994039535522461e-01
cascade_candidate_limit=1.00000000000000000000e+03
cascade_weight_multiplier=4.00000005960464477539e-01
cascade_activation_functions_count=10
cascade_activation_functions=3 5 7 8 10 11 14 15 16 17 
cascade_activation_steepnesses_count=4
cascade_activation_steepnesses=2.50000000000000000000e-01 5.00000000000000000000e-01 7.50000000000000000000e-01 1.00000000000000000000e+00 
layer_sizes=10 5 2 
scale_included=0
neurons (num_inputs, activation_function, activation_steepness)=(0, 0, 0.00000000000000000000e+00) (0, 0, 0.00000000000000000000e+00) (0, 0, 0.00000000000000000000e+00) (0, 0, 0.00000000000000000000e+00) (0, 0, 0.00000000000000000000e+00) (0, 0, 0.00000000000000000000e+00) (0, 0, 0.00000000000000000000e+00) (0, 0, 0.00000000000000000000e+00) (0, 0, 0.00000000000000000000e+00) (0, 0, 0.00000000000000000000e+00) (10, 3, 5.00000000000000000000e-01) (10, 3, 5.00000000000000000000e-01) (10, 3, 5.00000000000000000000e-01) (10, 3, 5.00000000000000000000e-01) (0, 3, 0.00000000000000000000e+00) (5, 3, 5.00000000000000000000e-01) (0, 3, 0.00000000000000000000e+00) 
connections (connected_to_neuron, weight)=(0, -2.36607030034065246582e-01) (1, -3.02881985902786254883e-01) (2, -4.76293355226516723633e-01) (3, -3.98094356060028076172e-01) (4, -3.47386956214904785156e-01) (5, -4.41787391901016235352e-01) (6, -5.21755695343017578125e-01) (7, -4.25092667341232299805e-01) (8, -5.72604358196258544922e-01) (9, 1.16909801959991455078e+00) (0, -3.45965504646301269531e-01) (1, -5.01441419124603271484e-01) (2, -4.71714198589324951172e-01) (3, -3.89781266450881958008e-01) (4, -3.97551417350769042969e-01) (5, -3.34836244583129882812e-01) (6, -4.86824810504913330078e-01) (7, -3.86382162570953369141e-01) (8, -4.51474845409393310547e-01) (9, 1.16587471961975097656e+00) (0, -6.20146989822387695312e-01) (1, -5.69908022880554199219e-01) (2, -2.89050787687301635742e-01) (3, -5.10648369789123535156e-01) (4, -4.32684123516082763672e-01) (5, -5.14598727226257324219e-01) (6, -1.19728803634643554688e-01) (7, -5.10131776332855224609e-01) (8, -1.53392329812049865723e-01) (9, 1.13550138473510742188e+00) (0, -5.98842322826385498047e-01) (1, -4.07790869474411010742e-01) (2, -2.76221096515655517578e-01) (3, -5.30332863330841064453e-01) (4, -5.02952039241790771484e-01) (5, -4.67816472053527832031e-01) (6, -2.30312317609786987305e-01) (7, -4.48775798082351684570e-01) (8, -1.69030994176864624023e-01) (9, 1.02054429054260253906e+00) (10, -1.76870143413543701172e+00) (11, -1.53690290451049804688e+00) (12, -8.15982639789581298828e-01) (13, -8.34303259849548339844e-01) (14, 1.63193309307098388672e+00) 
