FANN_FLO_2.1
num_layers=3
learning_rate=0.500000
connection_rate=1.000000
network_type=0
learning_momentum=0.000000
training_algorithm=2
train_error_function=1
train_stop_function=0
cascade_output_change_fraction=0.010000
quickprop_decay=-0.000100
quickprop_mu=1.750000
rprop_increase_factor=1.200000
rprop_decrease_factor=0.500000
rprop_delta_min=0.000000
rprop_delta_max=50.000000
rprop_delta_zero=0.100000
cascade_output_stagnation_epochs=12
cascade_candidate_change_fraction=0.010000
cascade_candidate_stagnation_epochs=12
cascade_max_out_epochs=150
cascade_min_out_epochs=50
cascade_max_cand_epochs=150
cascade_min_cand_epochs=50
cascade_num_candidate_groups=2
bit_fail_limit=3.49999994039535522461e-01
cascade_candidate_limit=1.00000000000000000000e+03
cascade_weight_multiplier=4.00000005960464477539e-01
cascade_activation_functions_count=10
cascade_activation_functions=3 5 7 8 10 11 14 15 16 17 
cascade_activation_steepnesses_count=4
cascade_activation_steepnesses=2.50000000000000000000e-01 5.00000000000000000000e-01 7.50000000000000000000e-01 1.00000000000000000000e+00 
layer_sizes=7 9 2 
scale_included=0
neurons (num_inputs, activation_function, activation_steepness)=(0, 0, 0.00000000000000000000e+00) (0, 0, 0.00000000000000000000e+00) (0, 0, 0.00000000000000000000e+00) (0, 0, 0.00000000000000000000e+00) (0, 0, 0.00000000000000000000e+00) (0, 0, 0.00000000000000000000e+00) (0, 0, 0.00000000000000000000e+00) (7, 3, 5.00000000000000000000e-01) (7, 3, 5.00000000000000000000e-01) (7, 3, 5.00000000000000000000e-01) (7, 3, 5.00000000000000000000e-01) (7, 3, 5.00000000000000000000e-01) (7, 3, 5.00000000000000000000e-01) (7, 3, 5.00000000000000000000e-01) (7, 3, 5.00000000000000000000e-01) (0, 3, 0.00000000000000000000e+00) (9, 0, 5.00000000000000000000e-01) (0, 0, 0.00000000000000000000e+00) 
connections (connected_to_neuron, weight)=(0, -2.31858611106872558594e-01) (1, 1.64358410984277725220e-02) (2, 2.34608203172683715820e-01) (3, -1.42140850424766540527e-01) (4, -2.90003996342420578003e-02) (5, 2.54878580570220947266e-01) (6, -3.47059160470962524414e-01) (0, -5.25188803672790527344e-01) (1, -5.09779214859008789062e-01) (2, 4.16412949562072753906e-01) (3, -6.80635869503021240234e-01) (4, 1.26268565654754638672e+00) (5, -4.21100139617919921875e+00) (6, -5.56657016277313232422e-01) (0, -1.17212760448455810547e+00) (1, -2.71283388137817382812e-02) (2, -1.27119314670562744141e+00) (3, -1.35481595993041992188e+00) (4, 2.03931522369384765625e+00) (5, -1.06032983398437500000e+03) (6, -1.41271054744720458984e+00) (0, -1.33479464054107666016e+00) (1, -2.60267686843872070312e+00) (2, 4.99759763479232788086e-01) (3, -1.38972508907318115234e+00) (4, -4.76269760131835937500e+01) (5, -6.82285919189453125000e+01) (6, -1.40747487545013427734e+00) (0, -1.85863107442855834961e-01) (1, -4.10448104143142700195e-01) (2, 4.84512835741043090820e-01) (3, -1.81544110178947448730e-01) (4, -1.84730815887451171875e+00) (5, 5.12333989143371582031e-01) (6, -1.54236212372779846191e-01) (0, -2.16976150870323181152e-01) (1, -2.66963392496109008789e-01) (2, -4.04124230146408081055e-01) (3, -7.75083452463150024414e-02) (4, 4.63519662618637084961e-01) (5, -2.85255641937255859375e+01) (6, -2.64890998601913452148e-01) (0, -1.43018350005149841309e-01) (1, -5.36339819431304931641e-01) (2, 6.10051393508911132812e-01) (3, -2.33387991786003112793e-01) (4, -2.94186443090438842773e-01) (5, 5.59275388717651367188e-01) (6, -2.25868940353393554688e-01) (0, -1.12120270729064941406e-01) (1, 1.80371984839439392090e-01) (2, -9.18775260448455810547e-01) (3, 3.21813583374023437500e-01) (4, -1.21848356723785400391e+00) (5, -1.99248158931732177734e+00) (6, 2.00617507100105285645e-01) (7, -4.91652674973011016846e-02) (8, -2.82148391008377075195e-01) (9, -3.92824113368988037109e-02) (10, -1.23733386993408203125e+01) (11, -7.68100440502166748047e-01) (12, 8.20601433515548706055e-02) (13, 1.95481628179550170898e-01) (14, 4.67309665679931640625e+00) (15, 5.85919618606567382812e-03) 
