FANN_FLO_2.1
num_layers=4
learning_rate=0.450000
connection_rate=1.000000
network_type=0
learning_momentum=0.000000
training_algorithm=2
train_error_function=1
train_stop_function=0
cascade_output_change_fraction=0.010000
quickprop_decay=-0.000100
quickprop_mu=1.750000
rprop_increase_factor=1.200000
rprop_decrease_factor=0.500000
rprop_delta_min=0.000000
rprop_delta_max=50.000000
rprop_delta_zero=0.100000
cascade_output_stagnation_epochs=12
cascade_candidate_change_fraction=0.010000
cascade_candidate_stagnation_epochs=12
cascade_max_out_epochs=150
cascade_min_out_epochs=50
cascade_max_cand_epochs=150
cascade_min_cand_epochs=50
cascade_num_candidate_groups=2
bit_fail_limit=3.49999994039535522461e-01
cascade_candidate_limit=1.00000000000000000000e+03
cascade_weight_multiplier=4.00000005960464477539e-01
cascade_activation_functions_count=10
cascade_activation_functions=3 5 7 8 10 11 14 15 16 17 
cascade_activation_steepnesses_count=4
cascade_activation_steepnesses=2.50000000000000000000e-01 5.00000000000000000000e-01 7.50000000000000000000e-01 1.00000000000000000000e+00 
layer_sizes=7 5 5 2 
scale_included=0
neurons (num_inputs, activation_function, activation_steepness)=(0, 0, 0.00000000000000000000e+00) (0, 0, 0.00000000000000000000e+00) (0, 0, 0.00000000000000000000e+00) (0, 0, 0.00000000000000000000e+00) (0, 0, 0.00000000000000000000e+00) (0, 0, 0.00000000000000000000e+00) (0, 0, 0.00000000000000000000e+00) (7, 3, 5.00000000000000000000e-01) (7, 3, 5.00000000000000000000e-01) (7, 3, 5.00000000000000000000e-01) (7, 3, 5.00000000000000000000e-01) (0, 3, 0.00000000000000000000e+00) (5, 3, 5.00000000000000000000e-01) (5, 3, 5.00000000000000000000e-01) (5, 3, 5.00000000000000000000e-01) (5, 3, 5.00000000000000000000e-01) (0, 3, 0.00000000000000000000e+00) (5, 0, 5.00000000000000000000e-01) (0, 0, 0.00000000000000000000e+00) 
connections (connected_to_neuron, weight)=(0, 1.89069241285324096680e-01) (1, 7.36377418041229248047e-01) (2, -9.34186279773712158203e-01) (3, 3.98251824080944061279e-02) (4, 3.05426001548767089844e-01) (5, -2.63233602046966552734e-01) (6, -1.31644621491432189941e-01) (0, 4.98424196243286132812e+00) (1, 7.54234492778778076172e-02) (2, -3.90196919441223144531e-01) (3, 1.13602590560913085938e+00) (4, -1.77972763776779174805e-01) (5, -1.17210400104522705078e+00) (6, 1.43508446216583251953e+00) (0, -1.28083314895629882812e+01) (1, -2.69361376762390136719e-01) (2, -1.44063243865966796875e+01) (3, -4.84731554985046386719e-01) (4, -1.75199493765830993652e-01) (5, -9.66889762878417968750e+00) (6, -3.61461758613586425781e-01) (0, -1.74713268876075744629e-01) (1, 3.41561436653137207031e-01) (2, -8.41170012950897216797e-01) (3, 4.08681184053421020508e-01) (4, 5.41680514812469482422e-01) (5, -9.69363674521446228027e-02) (6, 3.13410073518753051758e-01) (7, 1.88695800781250000000e+02) (8, -4.47132530212402343750e+01) (9, 8.28760253906250000000e+02) (10, -2.80710815429687500000e+02) (11, -6.59579038619995117188e+00) (7, 1.86539779663085937500e+02) (8, -4.48997116088867187500e+01) (9, 5.44322875976562500000e+02) (10, -2.83513702392578125000e+02) (11, -6.43067693710327148438e+00) (7, -1.04512748718261718750e+01) (8, 3.32879805564880371094e+00) (9, -1.30939721679687500000e+03) (10, 2.33264231681823730469e+00) (11, 3.35571914911270141602e-02) (7, -4.67741441726684570312e+00) (8, 3.34399199485778808594e+00) (9, -1.30939721679687500000e+03) (10, -2.70517230033874511719e-01) (11, -7.52047635614871978760e-03) (12, -3.26303131878376007080e-02) (13, 4.64439205825328826904e-03) (14, 2.54133075475692749023e-01) (15, 4.39161136746406555176e-02) (16, -2.78037437237799167633e-03) 
