FANN_FLO_2.1
num_layers=4
learning_rate=0.500000
connection_rate=1.000000
network_type=0
learning_momentum=0.000000
training_algorithm=2
train_error_function=1
train_stop_function=0
cascade_output_change_fraction=0.010000
quickprop_decay=-0.000100
quickprop_mu=1.750000
rprop_increase_factor=1.200000
rprop_decrease_factor=0.500000
rprop_delta_min=0.000000
rprop_delta_max=50.000000
rprop_delta_zero=0.100000
cascade_output_stagnation_epochs=12
cascade_candidate_change_fraction=0.010000
cascade_candidate_stagnation_epochs=12
cascade_max_out_epochs=150
cascade_min_out_epochs=50
cascade_max_cand_epochs=150
cascade_min_cand_epochs=50
cascade_num_candidate_groups=2
bit_fail_limit=3.49999994039535522461e-01
cascade_candidate_limit=1.00000000000000000000e+03
cascade_weight_multiplier=4.00000005960464477539e-01
cascade_activation_functions_count=10
cascade_activation_functions=3 5 7 8 10 11 14 15 16 17 
cascade_activation_steepnesses_count=4
cascade_activation_steepnesses=2.50000000000000000000e-01 5.00000000000000000000e-01 7.50000000000000000000e-01 1.00000000000000000000e+00 
layer_sizes=18 3 3 2 
scale_included=0
neurons (num_inputs, activation_function, activation_steepness)=(0, 0, 0.00000000000000000000e+00) (0, 0, 0.00000000000000000000e+00) (0, 0, 0.00000000000000000000e+00) (0, 0, 0.00000000000000000000e+00) (0, 0, 0.00000000000000000000e+00) (0, 0, 0.00000000000000000000e+00) (0, 0, 0.00000000000000000000e+00) (0, 0, 0.00000000000000000000e+00) (0, 0, 0.00000000000000000000e+00) (0, 0, 0.00000000000000000000e+00) (0, 0, 0.00000000000000000000e+00) (0, 0, 0.00000000000000000000e+00) (0, 0, 0.00000000000000000000e+00) (0, 0, 0.00000000000000000000e+00) (0, 0, 0.00000000000000000000e+00) (0, 0, 0.00000000000000000000e+00) (0, 0, 0.00000000000000000000e+00) (0, 0, 0.00000000000000000000e+00) (18, 3, 5.00000000000000000000e-01) (18, 3, 5.00000000000000000000e-01) (0, 3, 0.00000000000000000000e+00) (3, 3, 5.00000000000000000000e-01) (3, 3, 5.00000000000000000000e-01) (0, 3, 0.00000000000000000000e+00) (3, 0, 5.00000000000000000000e-01) (0, 0, 0.00000000000000000000e+00) 
connections (connected_to_neuron, weight)=(0, 7.97556817531585693359e-01) (1, 8.89328658580780029297e-01) (2, 6.61067008972167968750e-01) (3, 9.25945222377777099609e-01) (4, 6.32818400859832763672e-01) (5, -6.37626469135284423828e-01) (6, -9.25485849380493164062e-01) (7, -7.48725533485412597656e-01) (8, 3.26614081859588623047e-02) (9, 6.56522154808044433594e-01) (10, 9.54113483428955078125e-01) (11, 8.79363179206848144531e-01) (12, 8.40033829212188720703e-01) (13, 8.36987316608428955078e-01) (14, 7.69911766052246093750e-01) (15, 8.49309682846069335938e-01) (16, 8.32919120788574218750e-01) (17, -3.48007512092590332031e+00) (0, -1.15841503143310546875e+01) (1, -9.55497074127197265625e+00) (2, 4.42977857589721679688e+00) (3, 4.72417449951171875000e+00) (4, -2.42993316650390625000e+01) (5, 2.25715545654296875000e+02) (6, 1.07993850708007812500e+01) (7, 3.26918067932128906250e+01) (8, 4.17663478851318359375e+00) (9, 4.20502758026123046875e+00) (10, -1.57546555995941162109e+00) (11, 3.23224067687988281250e-01) (12, -6.83011889457702636719e-01) (13, 3.88066887855529785156e+00) (14, 4.62898635864257812500e+00) (15, 4.71324539184570312500e+00) (16, -2.51899394989013671875e+01) (17, 4.57619380950927734375e+00) (18, 1.50000000000000000000e+03) (19, 1.60324907302856445312e+00) (20, 1.61532449722290039062e+00) (18, 4.82498693466186523438e+00) (19, -1.21453726291656494141e+00) (20, -1.25179135799407958984e+00) (21, 1.56376147270202636719e+00) (22, 1.08922700881958007812e+01) (23, 1.55876111984252929688e+00) 
