FANN_FLO_2.1
num_layers=3
learning_rate=0.500000
connection_rate=1.000000
network_type=0
learning_momentum=0.000000
training_algorithm=2
train_error_function=1
train_stop_function=0
cascade_output_change_fraction=0.010000
quickprop_decay=-0.000100
quickprop_mu=1.750000
rprop_increase_factor=1.200000
rprop_decrease_factor=0.500000
rprop_delta_min=0.000000
rprop_delta_max=50.000000
rprop_delta_zero=0.100000
cascade_output_stagnation_epochs=12
cascade_candidate_change_fraction=0.010000
cascade_candidate_stagnation_epochs=12
cascade_max_out_epochs=150
cascade_min_out_epochs=50
cascade_max_cand_epochs=150
cascade_min_cand_epochs=50
cascade_num_candidate_groups=2
bit_fail_limit=3.49999994039535522461e-01
cascade_candidate_limit=1.00000000000000000000e+03
cascade_weight_multiplier=4.00000005960464477539e-01
cascade_activation_functions_count=10
cascade_activation_functions=3 5 7 8 10 11 14 15 16 17 
cascade_activation_steepnesses_count=4
cascade_activation_steepnesses=2.50000000000000000000e-01 5.00000000000000000000e-01 7.50000000000000000000e-01 1.00000000000000000000e+00 
layer_sizes=7 9 2 
scale_included=0
neurons (num_inputs, activation_function, activation_steepness)=(0, 0, 0.00000000000000000000e+00) (0, 0, 0.00000000000000000000e+00) (0, 0, 0.00000000000000000000e+00) (0, 0, 0.00000000000000000000e+00) (0, 0, 0.00000000000000000000e+00) (0, 0, 0.00000000000000000000e+00) (0, 0, 0.00000000000000000000e+00) (7, 3, 5.00000000000000000000e-01) (7, 3, 5.00000000000000000000e-01) (7, 3, 5.00000000000000000000e-01) (7, 3, 5.00000000000000000000e-01) (7, 3, 5.00000000000000000000e-01) (7, 3, 5.00000000000000000000e-01) (7, 3, 5.00000000000000000000e-01) (7, 3, 5.00000000000000000000e-01) (0, 3, 0.00000000000000000000e+00) (9, 0, 5.00000000000000000000e-01) (0, 0, 0.00000000000000000000e+00) 
connections (connected_to_neuron, weight)=(0, -1.05436913669109344482e-01) (1, 2.39359825849533081055e-01) (2, -1.70036107301712036133e-01) (3, 3.01875561475753784180e-01) (4, -3.13169884681701660156e+00) (5, 1.23811423778533935547e-01) (6, -1.39900791645050048828e+00) (0, -4.76147234439849853516e-01) (1, -1.00410215556621551514e-01) (2, -3.68750751018524169922e-01) (3, -3.29300910234451293945e-02) (4, -1.39259640127420425415e-02) (5, 8.63380253314971923828e-01) (6, -1.73857100307941436768e-02) (0, -7.68301849365234375000e+01) (1, -8.37567996978759765625e+00) (2, -1.10693585872650146484e+00) (3, -2.60655713081359863281e+00) (4, -1.23435211181640625000e+00) (5, -5.30400573730468750000e+02) (6, -6.38197898864746093750e-01) (0, -3.80907320976257324219e+00) (1, -3.26230430603027343750e+00) (2, -2.43470931053161621094e+00) (3, 1.77923774719238281250e+00) (4, -1.97618985176086425781e+00) (5, -7.45783935546875000000e+02) (6, -1.07031655311584472656e+00) (0, -1.32565295696258544922e+00) (1, -3.29642295837402343750e-01) (2, -2.48572540283203125000e+00) (3, 1.83441817760467529297e+00) (4, -1.17757873535156250000e+01) (5, 4.60793542861938476562e+00) (6, 4.78035402297973632812e+00) (0, -1.02785468101501464844e-01) (1, 4.57531332969665527344e-01) (2, 6.09215378761291503906e-01) (3, -3.07864964008331298828e-01) (4, -1.77886858582496643066e-01) (5, 1.22359562665224075317e-02) (6, -6.53525066375732421875e+00) (0, -1.25156149268150329590e-01) (1, 7.51776620745658874512e-02) (2, -2.43761055171489715576e-02) (3, 4.05805036425590515137e-02) (4, -3.70576269924640655518e-02) (5, 1.01843923330307006836e-01) (6, -1.37302875518798828125e-01) (0, -3.64711917936801910400e-02) (1, -1.52074784040451049805e-01) (2, 2.44587749242782592773e-01) (3, -1.31976664066314697266e-01) (4, 1.58574789762496948242e-01) (5, 9.96324345469474792480e-02) (6, -9.97511744499206542969e-01) (7, 2.51027584075927734375e+00) (8, -1.07634961605072021484e-01) (9, -1.30000000000000000000e+03) (10, -1.50000000000000000000e+03) (11, -2.01170906424522399902e-01) (12, -1.28914445638656616211e-01) (13, -4.60900403559207916260e-02) (14, 1.66984528303146362305e-01) (15, 1.88321173191070556641e-02) 
