FANN_FLO_2.1
num_layers=4
learning_rate=0.500000
connection_rate=1.000000
network_type=0
learning_momentum=0.000000
training_algorithm=2
train_error_function=1
train_stop_function=0
cascade_output_change_fraction=0.010000
quickprop_decay=-0.000100
quickprop_mu=1.750000
rprop_increase_factor=1.200000
rprop_decrease_factor=0.500000
rprop_delta_min=0.000000
rprop_delta_max=50.000000
rprop_delta_zero=0.100000
cascade_output_stagnation_epochs=12
cascade_candidate_change_fraction=0.010000
cascade_candidate_stagnation_epochs=12
cascade_max_out_epochs=150
cascade_min_out_epochs=50
cascade_max_cand_epochs=150
cascade_min_cand_epochs=50
cascade_num_candidate_groups=2
bit_fail_limit=3.49999994039535522461e-01
cascade_candidate_limit=1.00000000000000000000e+03
cascade_weight_multiplier=4.00000005960464477539e-01
cascade_activation_functions_count=10
cascade_activation_functions=3 5 7 8 10 11 14 15 16 17 
cascade_activation_steepnesses_count=4
cascade_activation_steepnesses=2.50000000000000000000e-01 5.00000000000000000000e-01 7.50000000000000000000e-01 1.00000000000000000000e+00 
layer_sizes=18 3 3 2 
scale_included=0
neurons (num_inputs, activation_function, activation_steepness)=(0, 0, 0.00000000000000000000e+00) (0, 0, 0.00000000000000000000e+00) (0, 0, 0.00000000000000000000e+00) (0, 0, 0.00000000000000000000e+00) (0, 0, 0.00000000000000000000e+00) (0, 0, 0.00000000000000000000e+00) (0, 0, 0.00000000000000000000e+00) (0, 0, 0.00000000000000000000e+00) (0, 0, 0.00000000000000000000e+00) (0, 0, 0.00000000000000000000e+00) (0, 0, 0.00000000000000000000e+00) (0, 0, 0.00000000000000000000e+00) (0, 0, 0.00000000000000000000e+00) (0, 0, 0.00000000000000000000e+00) (0, 0, 0.00000000000000000000e+00) (0, 0, 0.00000000000000000000e+00) (0, 0, 0.00000000000000000000e+00) (0, 0, 0.00000000000000000000e+00) (18, 3, 5.00000000000000000000e-01) (18, 3, 5.00000000000000000000e-01) (0, 3, 0.00000000000000000000e+00) (3, 3, 5.00000000000000000000e-01) (3, 3, 5.00000000000000000000e-01) (0, 3, 0.00000000000000000000e+00) (3, 0, 5.00000000000000000000e-01) (0, 0, 0.00000000000000000000e+00) 
connections (connected_to_neuron, weight)=(0, -8.27899322509765625000e+01) (1, 9.45331954956054687500e+01) (2, 1.16031272888183593750e+02) (3, 1.12022933959960937500e+02) (4, -7.66517782211303710938e+00) (5, 2.63417835235595703125e+01) (6, 2.09419822692871093750e+01) (7, 4.65301628112792968750e+01) (8, 4.85507392883300781250e+01) (9, -7.54532852172851562500e+01) (10, -2.14658491313457489014e-02) (11, -4.24157638549804687500e+01) (12, 6.22460479736328125000e+01) (13, 2.06583137512207031250e+01) (14, 9.10701980590820312500e+01) (15, 8.54456634521484375000e+01) (16, -2.72403961181640625000e+02) (17, 4.04370651245117187500e+01) (0, 1.19727039337158203125e+00) (1, 1.59159398078918457031e+00) (2, 1.37426245212554931641e+00) (3, 1.57164847850799560547e+00) (4, 9.89928424358367919922e-01) (5, -7.67104506492614746094e-01) (6, -2.15679931640625000000e+00) (7, -1.01061773300170898438e+00) (8, -3.31091314554214477539e-01) (9, 1.08917760848999023438e+00) (10, 1.34780359268188476562e+00) (11, 1.24036347866058349609e+00) (12, 1.47675371170043945312e+00) (13, 1.54420995712280273438e+00) (14, 1.33426713943481445312e+00) (15, 1.38931035995483398438e+00) (16, 9.47821199893951416016e-01) (17, -4.43926763534545898438e+00) (18, 2.57270383834838867188e+00) (19, 1.50000000000000000000e+03) (20, 2.26013970375061035156e+00) (18, -1.41561973094940185547e+00) (19, 4.74306392669677734375e+00) (20, -2.51891469955444335938e+00) (21, 2.23555016517639160156e+00) (22, 1.13180027008056640625e+01) (23, 2.11483883857727050781e+00) 
