FANN_FLO_2.1
num_layers=3
learning_rate=0.400000
connection_rate=1.000000
network_type=0
learning_momentum=0.000000
training_algorithm=2
train_error_function=1
train_stop_function=0
cascade_output_change_fraction=0.010000
quickprop_decay=-0.000100
quickprop_mu=1.750000
rprop_increase_factor=1.200000
rprop_decrease_factor=0.500000
rprop_delta_min=0.000000
rprop_delta_max=50.000000
rprop_delta_zero=0.100000
cascade_output_stagnation_epochs=12
cascade_candidate_change_fraction=0.010000
cascade_candidate_stagnation_epochs=12
cascade_max_out_epochs=150
cascade_min_out_epochs=50
cascade_max_cand_epochs=150
cascade_min_cand_epochs=50
cascade_num_candidate_groups=2
bit_fail_limit=3.49999994039535522461e-01
cascade_candidate_limit=1.00000000000000000000e+03
cascade_weight_multiplier=4.00000005960464477539e-01
cascade_activation_functions_count=10
cascade_activation_functions=3 5 7 8 10 11 14 15 16 17 
cascade_activation_steepnesses_count=4
cascade_activation_steepnesses=2.50000000000000000000e-01 5.00000000000000000000e-01 7.50000000000000000000e-01 1.00000000000000000000e+00 
layer_sizes=10 3 2 
scale_included=0
neurons (num_inputs, activation_function, activation_steepness)=(0, 0, 0.00000000000000000000e+00) (0, 0, 0.00000000000000000000e+00) (0, 0, 0.00000000000000000000e+00) (0, 0, 0.00000000000000000000e+00) (0, 0, 0.00000000000000000000e+00) (0, 0, 0.00000000000000000000e+00) (0, 0, 0.00000000000000000000e+00) (0, 0, 0.00000000000000000000e+00) (0, 0, 0.00000000000000000000e+00) (0, 0, 0.00000000000000000000e+00) (10, 3, 5.00000000000000000000e-01) (10, 3, 5.00000000000000000000e-01) (0, 3, 0.00000000000000000000e+00) (3, 3, 5.00000000000000000000e-01) (0, 3, 0.00000000000000000000e+00) 
connections (connected_to_neuron, weight)=(0, 1.61182165145874023438e-01) (1, 1.30589395761489868164e-01) (2, 1.65976285934448242188e-01) (3, 1.22949287295341491699e-01) (4, 1.33417457342147827148e-01) (5, 1.34479865431785583496e-01) (6, 1.02741837501525878906e-01) (7, 1.87097251415252685547e-01) (8, 1.52301371097564697266e-01) (9, 3.12932133674621582031e-02) (0, -1.97668015956878662109e-01) (1, -5.28339371085166931152e-02) (2, -8.61204192042350769043e-02) (3, -4.61639687418937683105e-02) (4, -6.00693151354789733887e-02) (5, -7.82349333167076110840e-02) (6, -1.94369673728942871094e-01) (7, -1.48667126893997192383e-01) (8, -1.95416375994682312012e-01) (9, -1.31883010268211364746e-01) (10, 1.62705272436141967773e-01) (11, 2.77557447552680969238e-02) (12, 4.06329780817031860352e-02) 
