FANN_FLO_2.1
num_layers=4
learning_rate=0.450000
connection_rate=1.000000
network_type=0
learning_momentum=0.000000
training_algorithm=2
train_error_function=1
train_stop_function=0
cascade_output_change_fraction=0.010000
quickprop_decay=-0.000100
quickprop_mu=1.750000
rprop_increase_factor=1.200000
rprop_decrease_factor=0.500000
rprop_delta_min=0.000000
rprop_delta_max=50.000000
rprop_delta_zero=0.100000
cascade_output_stagnation_epochs=12
cascade_candidate_change_fraction=0.010000
cascade_candidate_stagnation_epochs=12
cascade_max_out_epochs=150
cascade_min_out_epochs=50
cascade_max_cand_epochs=150
cascade_min_cand_epochs=50
cascade_num_candidate_groups=2
bit_fail_limit=3.49999994039535522461e-01
cascade_candidate_limit=1.00000000000000000000e+03
cascade_weight_multiplier=4.00000005960464477539e-01
cascade_activation_functions_count=10
cascade_activation_functions=3 5 7 8 10 11 14 15 16 17 
cascade_activation_steepnesses_count=4
cascade_activation_steepnesses=2.50000000000000000000e-01 5.00000000000000000000e-01 7.50000000000000000000e-01 1.00000000000000000000e+00 
layer_sizes=7 5 5 2 
scale_included=0
neurons (num_inputs, activation_function, activation_steepness)=(0, 0, 0.00000000000000000000e+00) (0, 0, 0.00000000000000000000e+00) (0, 0, 0.00000000000000000000e+00) (0, 0, 0.00000000000000000000e+00) (0, 0, 0.00000000000000000000e+00) (0, 0, 0.00000000000000000000e+00) (0, 0, 0.00000000000000000000e+00) (7, 3, 5.00000000000000000000e-01) (7, 3, 5.00000000000000000000e-01) (7, 3, 5.00000000000000000000e-01) (7, 3, 5.00000000000000000000e-01) (0, 3, 0.00000000000000000000e+00) (5, 3, 5.00000000000000000000e-01) (5, 3, 5.00000000000000000000e-01) (5, 3, 5.00000000000000000000e-01) (5, 3, 5.00000000000000000000e-01) (0, 3, 0.00000000000000000000e+00) (5, 0, 5.00000000000000000000e-01) (0, 0, 0.00000000000000000000e+00) 
connections (connected_to_neuron, weight)=(0, 4.46633428335189819336e-01) (1, -1.96175292134284973145e-01) (2, -3.36133576929569244385e-02) (3, -3.89269798994064331055e-01) (4, 6.54775857925415039062e-01) (5, 3.76945734024047851562e-01) (6, 8.02496016025543212891e-01) (0, 4.34035331010818481445e-01) (1, 2.68779277801513671875e-01) (2, 5.76407134532928466797e-01) (3, -3.38725596666336059570e-01) (4, 4.09675508737564086914e-01) (5, -9.82255756855010986328e-01) (6, -7.04183578491210937500e-01) (0, 6.13775451660156250000e+02) (1, 1.64256267547607421875e+01) (2, -1.20479479980468750000e+03) (3, 1.48685156250000000000e+03) (4, 4.16181068420410156250e+01) (5, -1.38643408203125000000e+03) (6, 3.46838340759277343750e+01) (0, -3.18409681320190429688e-01) (1, -2.95510262250900268555e-01) (2, 1.48811489343643188477e-01) (3, 3.60400408506393432617e-01) (4, -3.17986577749252319336e-01) (5, 3.74632447957992553711e-01) (6, -1.15173399448394775391e+00) (7, 1.63046669960021972656e+00) (8, -9.36099946498870849609e-01) (9, 3.70061278343200683594e-01) (10, 7.23787832260131835938e+00) (11, -5.28508365154266357422e-01) (7, -4.90498495101928710938e+00) (8, 2.43262624740600585938e+00) (9, 4.44952189922332763672e-01) (10, 3.42129731178283691406e+00) (11, -1.45050239562988281250e+00) (7, -6.45456183701753616333e-03) (8, -4.97500091791152954102e-01) (9, 2.25981667637825012207e-01) (10, -1.65547347068786621094e+00) (11, -6.27160370349884033203e-02) (7, -1.30670219659805297852e-01) (8, -6.80721923708915710449e-02) (9, 4.11546319723129272461e-01) (10, -1.40136134624481201172e+00) (11, 3.18958163261413574219e-02) (12, -1.00094974040985107422e-01) (13, 1.59730422496795654297e+00) (14, 1.11364372074604034424e-01) (15, 3.33780944347381591797e-02) (16, -3.58748249709606170654e-02) 
