FANN_FLO_2.1
num_layers=4
learning_rate=0.300000
connection_rate=1.000000
network_type=0
learning_momentum=0.000000
training_algorithm=2
train_error_function=1
train_stop_function=0
cascade_output_change_fraction=0.010000
quickprop_decay=-0.000100
quickprop_mu=1.750000
rprop_increase_factor=1.200000
rprop_decrease_factor=0.500000
rprop_delta_min=0.000000
rprop_delta_max=50.000000
rprop_delta_zero=0.100000
cascade_output_stagnation_epochs=12
cascade_candidate_change_fraction=0.010000
cascade_candidate_stagnation_epochs=12
cascade_max_out_epochs=150
cascade_min_out_epochs=50
cascade_max_cand_epochs=150
cascade_min_cand_epochs=50
cascade_num_candidate_groups=2
bit_fail_limit=3.49999994039535522461e-01
cascade_candidate_limit=1.00000000000000000000e+03
cascade_weight_multiplier=4.00000005960464477539e-01
cascade_activation_functions_count=10
cascade_activation_functions=3 5 7 8 10 11 14 15 16 17 
cascade_activation_steepnesses_count=4
cascade_activation_steepnesses=2.50000000000000000000e-01 5.00000000000000000000e-01 7.50000000000000000000e-01 1.00000000000000000000e+00 
layer_sizes=2 5 5 3 
scale_included=0
neurons (num_inputs, activation_function, activation_steepness)=(0, 0, 0.00000000000000000000e+00) (0, 0, 0.00000000000000000000e+00) (2, 3, 5.00000000000000000000e-01) (2, 3, 5.00000000000000000000e-01) (2, 3, 5.00000000000000000000e-01) (2, 3, 5.00000000000000000000e-01) (0, 3, 0.00000000000000000000e+00) (5, 3, 5.00000000000000000000e-01) (5, 3, 5.00000000000000000000e-01) (5, 3, 5.00000000000000000000e-01) (5, 3, 5.00000000000000000000e-01) (0, 3, 0.00000000000000000000e+00) (5, 0, 5.00000000000000000000e-01) (5, 0, 5.00000000000000000000e-01) (0, 0, 0.00000000000000000000e+00) 
connections (connected_to_neuron, weight)=(0, 3.17437973022460937500e+01) (1, 5.05123138427734375000e-01) (0, -7.66255319118499755859e-01) (1, -1.69208252429962158203e+00) (0, -7.75773704051971435547e-01) (1, -1.73128414154052734375e+00) (0, -8.12505662441253662109e-01) (1, -1.80730104446411132812e+00) (2, -3.41757893562316894531e+00) (3, 3.37426245212554931641e-01) (4, 3.07101488113403320312e-01) (5, 2.97563791275024414062e-01) (6, -1.25742238014936447144e-03) (2, -3.56611102819442749023e-01) (3, 5.12593567371368408203e-01) (4, 4.30833905935287475586e-01) (5, 4.16349232196807861328e-01) (6, 6.27228766679763793945e-02) (2, -4.69651699066162109375e+00) (3, 4.67322349548339843750e-01) (4, 5.22113859653472900391e-01) (5, 4.96742606163024902344e-01) (6, -4.50494885444641113281e-01) (2, 3.01256418228149414062e+00) (3, 4.75976824760437011719e-01) (4, 5.51745593547821044922e-01) (5, 5.55238127708435058594e-01) (6, 3.00550371408462524414e-01) (7, 8.63036364316940307617e-02) (8, 3.21603044867515563965e-02) (9, 2.23485201597213745117e-01) (10, -8.05486664175987243652e-02) (11, -1.12221956253051757812e-01) (7, -4.49452370405197143555e-01) (8, -6.87265694141387939453e-01) (9, -6.85034096240997314453e-01) (10, -6.35443210601806640625e-01) (11, -3.56825619935989379883e-01) 
