FANN_FLO_2.1
num_layers=4
learning_rate=0.300000
connection_rate=1.000000
network_type=0
learning_momentum=0.000000
training_algorithm=2
train_error_function=1
train_stop_function=0
cascade_output_change_fraction=0.010000
quickprop_decay=-0.000100
quickprop_mu=1.750000
rprop_increase_factor=1.200000
rprop_decrease_factor=0.500000
rprop_delta_min=0.000000
rprop_delta_max=50.000000
rprop_delta_zero=0.100000
cascade_output_stagnation_epochs=12
cascade_candidate_change_fraction=0.010000
cascade_candidate_stagnation_epochs=12
cascade_max_out_epochs=150
cascade_min_out_epochs=50
cascade_max_cand_epochs=150
cascade_min_cand_epochs=50
cascade_num_candidate_groups=2
bit_fail_limit=3.49999994039535522461e-01
cascade_candidate_limit=1.00000000000000000000e+03
cascade_weight_multiplier=4.00000005960464477539e-01
cascade_activation_functions_count=10
cascade_activation_functions=3 5 7 8 10 11 14 15 16 17 
cascade_activation_steepnesses_count=4
cascade_activation_steepnesses=2.50000000000000000000e-01 5.00000000000000000000e-01 7.50000000000000000000e-01 1.00000000000000000000e+00 
layer_sizes=2 5 3 3 
scale_included=0
neurons (num_inputs, activation_function, activation_steepness)=(0, 0, 0.00000000000000000000e+00) (0, 0, 0.00000000000000000000e+00) (2, 3, 5.00000000000000000000e-01) (2, 3, 5.00000000000000000000e-01) (2, 3, 5.00000000000000000000e-01) (2, 3, 5.00000000000000000000e-01) (0, 3, 0.00000000000000000000e+00) (5, 3, 5.00000000000000000000e-01) (5, 3, 5.00000000000000000000e-01) (0, 3, 0.00000000000000000000e+00) (3, 0, 5.00000000000000000000e-01) (3, 0, 5.00000000000000000000e-01) (0, 0, 0.00000000000000000000e+00) 
connections (connected_to_neuron, weight)=(0, 1.96989685297012329102e-01) (1, -1.25570559501647949219e+00) (0, -2.15531945228576660156e+00) (1, -2.91558790206909179688e+00) (0, -4.46132564544677734375e+00) (1, -9.45246410369873046875e+00) (0, -2.37450933456420898438e+00) (1, -5.95522165298461914062e+00) (2, 1.12856209278106689453e+00) (3, -2.95610642433166503906e+00) (4, 7.21046924591064453125e+00) (5, 3.03996944427490234375e+00) (6, -9.24266040325164794922e-01) (2, 3.88753205537796020508e-01) (3, -2.60026931762695312500e-01) (4, 3.85291337966918945312e+00) (5, 2.12153172492980957031e+00) (6, -1.59027054905891418457e-01) (7, -1.11686356365680694580e-01) (8, 5.78493326902389526367e-02) (9, -1.62817444652318954468e-02) (7, -7.68444478511810302734e-01) (8, -8.53277742862701416016e-01) (9, -7.22811698913574218750e-01) 
