FANN_FLO_2.1
num_layers=4
learning_rate=0.450000
connection_rate=1.000000
network_type=0
learning_momentum=0.000000
training_algorithm=2
train_error_function=1
train_stop_function=0
cascade_output_change_fraction=0.010000
quickprop_decay=-0.000100
quickprop_mu=1.750000
rprop_increase_factor=1.200000
rprop_decrease_factor=0.500000
rprop_delta_min=0.000000
rprop_delta_max=50.000000
rprop_delta_zero=0.100000
cascade_output_stagnation_epochs=12
cascade_candidate_change_fraction=0.010000
cascade_candidate_stagnation_epochs=12
cascade_max_out_epochs=150
cascade_min_out_epochs=50
cascade_max_cand_epochs=150
cascade_min_cand_epochs=50
cascade_num_candidate_groups=2
bit_fail_limit=3.49999994039535522461e-01
cascade_candidate_limit=1.00000000000000000000e+03
cascade_weight_multiplier=4.00000005960464477539e-01
cascade_activation_functions_count=10
cascade_activation_functions=3 5 7 8 10 11 14 15 16 17 
cascade_activation_steepnesses_count=4
cascade_activation_steepnesses=2.50000000000000000000e-01 5.00000000000000000000e-01 7.50000000000000000000e-01 1.00000000000000000000e+00 
layer_sizes=7 5 3 2 
scale_included=0
neurons (num_inputs, activation_function, activation_steepness)=(0, 0, 0.00000000000000000000e+00) (0, 0, 0.00000000000000000000e+00) (0, 0, 0.00000000000000000000e+00) (0, 0, 0.00000000000000000000e+00) (0, 0, 0.00000000000000000000e+00) (0, 0, 0.00000000000000000000e+00) (0, 0, 0.00000000000000000000e+00) (7, 3, 5.00000000000000000000e-01) (7, 3, 5.00000000000000000000e-01) (7, 3, 5.00000000000000000000e-01) (7, 3, 5.00000000000000000000e-01) (0, 3, 0.00000000000000000000e+00) (5, 3, 5.00000000000000000000e-01) (5, 3, 5.00000000000000000000e-01) (0, 3, 0.00000000000000000000e+00) (3, 0, 5.00000000000000000000e-01) (0, 0, 0.00000000000000000000e+00) 
connections (connected_to_neuron, weight)=(0, 1.63709953427314758301e-01) (1, 4.29783985018730163574e-02) (2, -1.00909137725830078125e+00) (3, 3.53581994771957397461e-01) (4, 3.64041090011596679688e-01) (5, -4.89880591630935668945e-02) (6, 2.80510872602462768555e-01) (0, -1.15075193345546722412e-01) (1, 3.42897117137908935547e-01) (2, -5.94834387302398681641e-02) (3, -8.07028263807296752930e-02) (4, 2.96038150787353515625e-01) (5, -2.19783946871757507324e-01) (6, 5.53736746311187744141e-01) (0, 2.53149271011352539062e-01) (1, 9.69444140791893005371e-02) (2, -1.11586368083953857422e+00) (3, 3.65632504224777221680e-01) (4, 2.11645871400833129883e-01) (5, -1.44115407019853591919e-02) (6, 4.22851204872131347656e-01) (0, 2.53136962652206420898e-01) (1, 2.43023008108139038086e-01) (2, -9.42832529544830322266e-01) (3, 3.13709825277328491211e-01) (4, 3.05984646081924438477e-01) (5, -3.89684498310089111328e-01) (6, 5.74407756328582763672e-01) (7, 2.37304210662841796875e+00) (8, -6.71195840835571289062e+00) (9, 5.13289928436279296875e+00) (10, -1.04048070907592773438e+01) (11, 1.21058225631713867188e-01) (7, -4.81329631805419921875e+00) (8, 7.96438360214233398438e+00) (9, -4.95197677612304687500e+00) (10, 1.20081787109375000000e+01) (11, 1.80616587400436401367e-01) (12, 2.85133576393127441406e+00) (13, -8.77025425434112548828e-02) (14, 8.83546546101570129395e-02) 
