FANN_FLO_2.1
num_layers=3
learning_rate=0.500000
connection_rate=1.000000
network_type=0
learning_momentum=0.000000
training_algorithm=2
train_error_function=1
train_stop_function=0
cascade_output_change_fraction=0.010000
quickprop_decay=-0.000100
quickprop_mu=1.750000
rprop_increase_factor=1.200000
rprop_decrease_factor=0.500000
rprop_delta_min=0.000000
rprop_delta_max=50.000000
rprop_delta_zero=0.100000
cascade_output_stagnation_epochs=12
cascade_candidate_change_fraction=0.010000
cascade_candidate_stagnation_epochs=12
cascade_max_out_epochs=150
cascade_min_out_epochs=50
cascade_max_cand_epochs=150
cascade_min_cand_epochs=50
cascade_num_candidate_groups=2
bit_fail_limit=3.49999994039535522461e-01
cascade_candidate_limit=1.00000000000000000000e+03
cascade_weight_multiplier=4.00000005960464477539e-01
cascade_activation_functions_count=10
cascade_activation_functions=3 5 7 8 10 11 14 15 16 17 
cascade_activation_steepnesses_count=4
cascade_activation_steepnesses=2.50000000000000000000e-01 5.00000000000000000000e-01 7.50000000000000000000e-01 1.00000000000000000000e+00 
layer_sizes=10 3 2 
scale_included=0
neurons (num_inputs, activation_function, activation_steepness)=(0, 0, 0.00000000000000000000e+00) (0, 0, 0.00000000000000000000e+00) (0, 0, 0.00000000000000000000e+00) (0, 0, 0.00000000000000000000e+00) (0, 0, 0.00000000000000000000e+00) (0, 0, 0.00000000000000000000e+00) (0, 0, 0.00000000000000000000e+00) (0, 0, 0.00000000000000000000e+00) (0, 0, 0.00000000000000000000e+00) (0, 0, 0.00000000000000000000e+00) (10, 3, 5.00000000000000000000e-01) (10, 3, 5.00000000000000000000e-01) (0, 3, 0.00000000000000000000e+00) (3, 3, 5.00000000000000000000e-01) (0, 3, 0.00000000000000000000e+00) 
connections (connected_to_neuron, weight)=(0, -5.02547323703765869141e-01) (1, -4.92084771394729614258e-01) (2, -5.35380840301513671875e-01) (3, -4.76647913455963134766e-01) (4, -8.71243357658386230469e-01) (5, -5.19905567169189453125e-01) (6, -5.56495249271392822266e-01) (7, -5.03449141979217529297e-01) (8, -5.33672988414764404297e-01) (9, 2.06628561019897460938e+00) (0, 7.38173663616180419922e-01) (1, 9.78642344474792480469e-01) (2, 4.73133206367492675781e-01) (3, 7.89435505867004394531e-01) (4, -1.58629989624023437500e+00) (5, 7.39131987094879150391e-01) (6, 6.38295531272888183594e-01) (7, 6.19179546833038330078e-01) (8, 8.07152450084686279297e-01) (9, 7.33339786529541015625e-02) (10, -3.13763880729675292969e+00) (11, 1.11217033863067626953e+00) (12, 2.51004368066787719727e-01) 
