FANN_FLO_2.1
num_layers=3
learning_rate=0.500000
connection_rate=1.000000
network_type=0
learning_momentum=0.000000
training_algorithm=2
train_error_function=1
train_stop_function=0
cascade_output_change_fraction=0.010000
quickprop_decay=-0.000100
quickprop_mu=1.750000
rprop_increase_factor=1.200000
rprop_decrease_factor=0.500000
rprop_delta_min=0.000000
rprop_delta_max=50.000000
rprop_delta_zero=0.100000
cascade_output_stagnation_epochs=12
cascade_candidate_change_fraction=0.010000
cascade_candidate_stagnation_epochs=12
cascade_max_out_epochs=150
cascade_min_out_epochs=50
cascade_max_cand_epochs=150
cascade_min_cand_epochs=50
cascade_num_candidate_groups=2
bit_fail_limit=3.49999994039535522461e-01
cascade_candidate_limit=1.00000000000000000000e+03
cascade_weight_multiplier=4.00000005960464477539e-01
cascade_activation_functions_count=10
cascade_activation_functions=3 5 7 8 10 11 14 15 16 17 
cascade_activation_steepnesses_count=4
cascade_activation_steepnesses=2.50000000000000000000e-01 5.00000000000000000000e-01 7.50000000000000000000e-01 1.00000000000000000000e+00 
layer_sizes=7 5 2 
scale_included=0
neurons (num_inputs, activation_function, activation_steepness)=(0, 0, 0.00000000000000000000e+00) (0, 0, 0.00000000000000000000e+00) (0, 0, 0.00000000000000000000e+00) (0, 0, 0.00000000000000000000e+00) (0, 0, 0.00000000000000000000e+00) (0, 0, 0.00000000000000000000e+00) (0, 0, 0.00000000000000000000e+00) (7, 3, 5.00000000000000000000e-01) (7, 3, 5.00000000000000000000e-01) (7, 3, 5.00000000000000000000e-01) (7, 3, 5.00000000000000000000e-01) (0, 3, 0.00000000000000000000e+00) (5, 0, 5.00000000000000000000e-01) (0, 0, 0.00000000000000000000e+00) 
connections (connected_to_neuron, weight)=(0, -9.58883972167968750000e+01) (1, -4.04966306686401367188e+00) (2, 1.04801513671875000000e+02) (3, -4.17919158935546875000e+01) (4, -6.18960046768188476562e+00) (5, -2.78626689910888671875e+01) (6, -2.05587357282638549805e-01) (0, -2.23735542297363281250e+01) (1, -2.64592933654785156250e+00) (2, -3.62246154785156250000e+02) (3, -4.84705162048339843750e+01) (4, 6.58111870288848876953e-01) (5, 5.24218139648437500000e+01) (6, -6.25346899032592773438e-01) (0, 2.69301605224609375000e+00) (1, -7.18391001224517822266e-01) (2, -5.22208129882812500000e+02) (3, 1.84303140640258789062e+00) (4, -2.44180059432983398438e+00) (5, -1.06379737854003906250e+02) (6, -5.49443662166595458984e-01) (0, 8.80818748474121093750e+00) (1, -4.11874294281005859375e+00) (2, -1.50000000000000000000e+03) (3, -1.30099773406982421875e+01) (4, 6.93640851974487304688e+00) (5, -1.34393481445312500000e+03) (6, -1.24291050434112548828e+00) (7, 1.14213920593261718750e+02) (8, -2.62764648437500000000e+02) (9, 1.60619795322418212891e+00) (10, -3.81118327379226684570e-01) (11, 1.97295565158128738403e-02) 
