FANN_FLO_2.1
num_layers=3
learning_rate=0.400000
connection_rate=1.000000
network_type=0
learning_momentum=0.000000
training_algorithm=2
train_error_function=1
train_stop_function=0
cascade_output_change_fraction=0.010000
quickprop_decay=-0.000100
quickprop_mu=1.750000
rprop_increase_factor=1.200000
rprop_decrease_factor=0.500000
rprop_delta_min=0.000000
rprop_delta_max=50.000000
rprop_delta_zero=0.100000
cascade_output_stagnation_epochs=12
cascade_candidate_change_fraction=0.010000
cascade_candidate_stagnation_epochs=12
cascade_max_out_epochs=150
cascade_min_out_epochs=50
cascade_max_cand_epochs=150
cascade_min_cand_epochs=50
cascade_num_candidate_groups=2
bit_fail_limit=3.49999994039535522461e-01
cascade_candidate_limit=1.00000000000000000000e+03
cascade_weight_multiplier=4.00000005960464477539e-01
cascade_activation_functions_count=10
cascade_activation_functions=3 5 7 8 10 11 14 15 16 17 
cascade_activation_steepnesses_count=4
cascade_activation_steepnesses=2.50000000000000000000e-01 5.00000000000000000000e-01 7.50000000000000000000e-01 1.00000000000000000000e+00 
layer_sizes=6 5 2 
scale_included=0
neurons (num_inputs, activation_function, activation_steepness)=(0, 0, 0.00000000000000000000e+00) (0, 0, 0.00000000000000000000e+00) (0, 0, 0.00000000000000000000e+00) (0, 0, 0.00000000000000000000e+00) (0, 0, 0.00000000000000000000e+00) (0, 0, 0.00000000000000000000e+00) (6, 3, 5.00000000000000000000e-01) (6, 3, 5.00000000000000000000e-01) (6, 3, 5.00000000000000000000e-01) (6, 3, 5.00000000000000000000e-01) (0, 3, 0.00000000000000000000e+00) (5, 0, 5.00000000000000000000e-01) (0, 0, 0.00000000000000000000e+00) 
connections (connected_to_neuron, weight)=(0, 1.50000000000000000000e+03) (1, 5.32196655273437500000e+02) (2, 3.62248268127441406250e+01) (3, 8.03115356445312500000e+02) (4, -1.12356616210937500000e+03) (5, -3.33596646785736083984e-01) (0, -1.50000000000000000000e+03) (1, -7.79114135742187500000e+02) (2, -4.75385332107543945312e+00) (3, 3.31955504417419433594e+00) (4, 3.26059913635253906250e+00) (5, -4.67249564826488494873e-02) (0, -1.50000000000000000000e+03) (1, -7.33468723297119140625e+00) (2, -1.91518378257751464844e+00) (3, 6.00823402404785156250e-01) (4, 1.74208998680114746094e+00) (5, 5.23145496845245361328e-02) (0, -3.07239780426025390625e+01) (1, 1.10161491394042968750e+02) (2, 4.15080718994140625000e+01) (3, -2.60969734191894531250e+01) (4, -5.66756858825683593750e+01) (5, -5.84616327285766601562e+00) (6, -3.14425617456436157227e-01) (7, 2.30800079345703125000e+02) (8, 2.38489379882812500000e+01) (9, 3.62647771835327148438e-01) (10, 5.62748908996582031250e-01) 
