FANN_FLO_2.1
num_layers=4
learning_rate=0.450000
connection_rate=1.000000
network_type=0
learning_momentum=0.000000
training_algorithm=2
train_error_function=1
train_stop_function=0
cascade_output_change_fraction=0.010000
quickprop_decay=-0.000100
quickprop_mu=1.750000
rprop_increase_factor=1.200000
rprop_decrease_factor=0.500000
rprop_delta_min=0.000000
rprop_delta_max=50.000000
rprop_delta_zero=0.100000
cascade_output_stagnation_epochs=12
cascade_candidate_change_fraction=0.010000
cascade_candidate_stagnation_epochs=12
cascade_max_out_epochs=150
cascade_min_out_epochs=50
cascade_max_cand_epochs=150
cascade_min_cand_epochs=50
cascade_num_candidate_groups=2
bit_fail_limit=3.49999994039535522461e-01
cascade_candidate_limit=1.00000000000000000000e+03
cascade_weight_multiplier=4.00000005960464477539e-01
cascade_activation_functions_count=10
cascade_activation_functions=3 5 7 8 10 11 14 15 16 17 
cascade_activation_steepnesses_count=4
cascade_activation_steepnesses=2.50000000000000000000e-01 5.00000000000000000000e-01 7.50000000000000000000e-01 1.00000000000000000000e+00 
layer_sizes=7 5 3 2 
scale_included=0
neurons (num_inputs, activation_function, activation_steepness)=(0, 0, 0.00000000000000000000e+00) (0, 0, 0.00000000000000000000e+00) (0, 0, 0.00000000000000000000e+00) (0, 0, 0.00000000000000000000e+00) (0, 0, 0.00000000000000000000e+00) (0, 0, 0.00000000000000000000e+00) (0, 0, 0.00000000000000000000e+00) (7, 3, 5.00000000000000000000e-01) (7, 3, 5.00000000000000000000e-01) (7, 3, 5.00000000000000000000e-01) (7, 3, 5.00000000000000000000e-01) (0, 3, 0.00000000000000000000e+00) (5, 3, 5.00000000000000000000e-01) (5, 3, 5.00000000000000000000e-01) (0, 3, 0.00000000000000000000e+00) (3, 0, 5.00000000000000000000e-01) (0, 0, 0.00000000000000000000e+00) 
connections (connected_to_neuron, weight)=(0, 3.20510193705558776855e-02) (1, -3.70635485649108886719e+00) (2, -3.55923742055892944336e-01) (3, 1.09826362133026123047e+00) (4, 1.05167579650878906250e+00) (5, 1.15989363193511962891e+00) (6, 2.29492211341857910156e+00) (0, -2.86694765090942382812e-01) (1, 3.07664108276367187500e+00) (2, 1.82996824383735656738e-01) (3, -2.57856935262680053711e-01) (4, 1.76889586448669433594e+00) (5, -1.48018687963485717773e-01) (6, -9.42031443119049072266e-02) (0, -1.48963510990142822266e-01) (1, 2.34853219985961914062e+00) (2, 1.62083894014358520508e-01) (3, -3.01904678344726562500e-01) (4, 2.02346277236938476562e+00) (5, 2.48702075332403182983e-02) (6, 8.61786752939224243164e-02) (0, 1.30337285995483398438e+00) (1, -1.65194377899169921875e+01) (2, -9.89208042621612548828e-01) (3, 5.56553713977336883545e-02) (4, 1.02811689376831054688e+01) (5, 2.60555171966552734375e+00) (6, -4.68726825714111328125e+00) (7, 3.13072109222412109375e+00) (8, -3.27036023139953613281e+00) (9, -6.26231765747070312500e+00) (10, -3.62275928258895874023e-01) (11, 1.35705590248107910156e+00) (7, 1.17568874359130859375e+00) (8, -3.13466572761535644531e+00) (9, -4.34450721740722656250e+00) (10, -1.50000000000000000000e+03) (11, 8.46119001507759094238e-02) (12, 4.22803497314453125000e+00) (13, 3.61903915405273437500e+01) (14, -1.17840711027383804321e-02) 
