FANN_FLO_2.1
num_layers=3
learning_rate=0.300000
connection_rate=1.000000
network_type=0
learning_momentum=0.000000
training_algorithm=2
train_error_function=1
train_stop_function=0
cascade_output_change_fraction=0.010000
quickprop_decay=-0.000100
quickprop_mu=1.750000
rprop_increase_factor=1.200000
rprop_decrease_factor=0.500000
rprop_delta_min=0.000000
rprop_delta_max=50.000000
rprop_delta_zero=0.100000
cascade_output_stagnation_epochs=12
cascade_candidate_change_fraction=0.010000
cascade_candidate_stagnation_epochs=12
cascade_max_out_epochs=150
cascade_min_out_epochs=50
cascade_max_cand_epochs=150
cascade_min_cand_epochs=50
cascade_num_candidate_groups=2
bit_fail_limit=3.49999994039535522461e-01
cascade_candidate_limit=1.00000000000000000000e+03
cascade_weight_multiplier=4.00000005960464477539e-01
cascade_activation_functions_count=10
cascade_activation_functions=3 5 7 8 10 11 14 15 16 17 
cascade_activation_steepnesses_count=4
cascade_activation_steepnesses=2.50000000000000000000e-01 5.00000000000000000000e-01 7.50000000000000000000e-01 1.00000000000000000000e+00 
layer_sizes=4 9 2 
scale_included=0
neurons (num_inputs, activation_function, activation_steepness)=(0, 0, 0.00000000000000000000e+00) (0, 0, 0.00000000000000000000e+00) (0, 0, 0.00000000000000000000e+00) (0, 0, 0.00000000000000000000e+00) (4, 3, 5.00000000000000000000e-01) (4, 3, 5.00000000000000000000e-01) (4, 3, 5.00000000000000000000e-01) (4, 3, 5.00000000000000000000e-01) (4, 3, 5.00000000000000000000e-01) (4, 3, 5.00000000000000000000e-01) (4, 3, 5.00000000000000000000e-01) (4, 3, 5.00000000000000000000e-01) (0, 3, 0.00000000000000000000e+00) (9, 3, 5.00000000000000000000e-01) (0, 3, 0.00000000000000000000e+00) 
connections (connected_to_neuron, weight)=(0, -2.17258338928222656250e+01) (1, 1.67214542627334594727e-01) (2, 1.61051356792449951172e+00) (3, 4.07919317483901977539e-01) (0, -1.54041111469268798828e+00) (1, 6.77701592445373535156e-01) (2, -5.05605563521385192871e-02) (3, 1.31983983516693115234e+00) (0, 3.78907203674316406250e+00) (1, 1.11427940428256988525e-01) (2, -1.94163818359375000000e+01) (3, -3.29429395496845245361e-02) (0, -1.57940328121185302734e+00) (1, 5.22460162639617919922e-01) (2, -1.51921480894088745117e-01) (3, 4.60917043685913085938e+00) (0, -6.78895115852355957031e-01) (1, 6.50879085063934326172e-01) (2, -2.85456085205078125000e+00) (3, 3.60367488861083984375e+00) (0, -5.73532544076442718506e-02) (1, 2.97830980271100997925e-02) (2, -4.07262206077575683594e-01) (3, 9.10917282104492187500e-01) (0, -2.33720824122428894043e-01) (1, 9.97150316834449768066e-03) (2, 5.08135966956615447998e-02) (3, 2.61627769470214843750e+00) (0, 5.92631483078002929688e+00) (1, -1.38266253471374511719e+00) (2, -3.37670707702636718750e+01) (3, 4.24601972103118896484e-01) (4, -1.50000000000000000000e+03) (5, -2.44538351893424987793e-01) (6, 6.05862624943256378174e-02) (7, -1.05574540793895721436e-01) (8, -1.95558428764343261719e-01) (9, -5.32264995574951171875e+00) (10, -3.14432668685913085938e+00) (11, -1.50000000000000000000e+03) (12, 6.29992246627807617188e-01) 
