FANN_FLO_2.1
num_layers=3
learning_rate=0.300000
connection_rate=1.000000
network_type=0
learning_momentum=0.000000
training_algorithm=2
train_error_function=1
train_stop_function=0
cascade_output_change_fraction=0.010000
quickprop_decay=-0.000100
quickprop_mu=1.750000
rprop_increase_factor=1.200000
rprop_decrease_factor=0.500000
rprop_delta_min=0.000000
rprop_delta_max=50.000000
rprop_delta_zero=0.100000
cascade_output_stagnation_epochs=12
cascade_candidate_change_fraction=0.010000
cascade_candidate_stagnation_epochs=12
cascade_max_out_epochs=150
cascade_min_out_epochs=50
cascade_max_cand_epochs=150
cascade_min_cand_epochs=50
cascade_num_candidate_groups=2
bit_fail_limit=3.49999994039535522461e-01
cascade_candidate_limit=1.00000000000000000000e+03
cascade_weight_multiplier=4.00000005960464477539e-01
cascade_activation_functions_count=10
cascade_activation_functions=3 5 7 8 10 11 14 15 16 17 
cascade_activation_steepnesses_count=4
cascade_activation_steepnesses=2.50000000000000000000e-01 5.00000000000000000000e-01 7.50000000000000000000e-01 1.00000000000000000000e+00 
layer_sizes=4 9 2 
scale_included=0
neurons (num_inputs, activation_function, activation_steepness)=(0, 0, 0.00000000000000000000e+00) (0, 0, 0.00000000000000000000e+00) (0, 0, 0.00000000000000000000e+00) (0, 0, 0.00000000000000000000e+00) (4, 3, 5.00000000000000000000e-01) (4, 3, 5.00000000000000000000e-01) (4, 3, 5.00000000000000000000e-01) (4, 3, 5.00000000000000000000e-01) (4, 3, 5.00000000000000000000e-01) (4, 3, 5.00000000000000000000e-01) (4, 3, 5.00000000000000000000e-01) (4, 3, 5.00000000000000000000e-01) (0, 3, 0.00000000000000000000e+00) (9, 3, 5.00000000000000000000e-01) (0, 3, 0.00000000000000000000e+00) 
connections (connected_to_neuron, weight)=(0, -9.15412783622741699219e-01) (1, 5.34102201461791992188e-01) (2, -1.37193381786346435547e+00) (3, 4.94816923141479492188e+00) (0, -7.96083986759185791016e-01) (1, 4.29464966058731079102e-01) (2, -1.27052068710327148438e+00) (3, 6.20757913589477539062e+00) (0, -7.47046545147895812988e-02) (1, 2.21827477216720581055e-02) (2, -1.78135603666305541992e-01) (3, 6.15083932876586914062e-01) (0, -8.57250690460205078125e-01) (1, 5.05267441272735595703e-01) (2, -1.61716592311859130859e+00) (3, 2.87560296058654785156e+00) (0, 2.01185688376426696777e-01) (1, 6.00100457668304443359e-01) (2, -3.39442324638366699219e+00) (3, -1.46623659133911132812e+00) (0, -1.44010505676269531250e+01) (1, -2.70478458404541015625e+01) (2, -1.00368331909179687500e+02) (3, -2.62863464355468750000e+01) (0, -8.41779589653015136719e-01) (1, 4.76891666650772094727e-01) (2, -1.18500185012817382812e+00) (3, 4.47128057479858398438e+00) (0, -1.14654839038848876953e+00) (1, 4.78206455707550048828e-01) (2, -1.54153132438659667969e+00) (3, 6.54899501800537109375e+00) (4, -7.69565850496292114258e-02) (5, -8.28972905874252319336e-02) (6, -1.36236400604248046875e+01) (7, -1.11847192049026489258e-01) (8, 2.10319608449935913086e-01) (9, 0.00000000000000000000e+00) (10, -1.25518858432769775391e-01) (11, -1.68339639902114868164e-01) (12, 9.33570027351379394531e-01) 
