FANN_FLO_2.1
num_layers=3
learning_rate=0.400000
connection_rate=1.000000
network_type=0
learning_momentum=0.000000
training_algorithm=2
train_error_function=1
train_stop_function=0
cascade_output_change_fraction=0.010000
quickprop_decay=-0.000100
quickprop_mu=1.750000
rprop_increase_factor=1.200000
rprop_decrease_factor=0.500000
rprop_delta_min=0.000000
rprop_delta_max=50.000000
rprop_delta_zero=0.100000
cascade_output_stagnation_epochs=12
cascade_candidate_change_fraction=0.010000
cascade_candidate_stagnation_epochs=12
cascade_max_out_epochs=150
cascade_min_out_epochs=50
cascade_max_cand_epochs=150
cascade_min_cand_epochs=50
cascade_num_candidate_groups=2
bit_fail_limit=3.49999994039535522461e-01
cascade_candidate_limit=1.00000000000000000000e+03
cascade_weight_multiplier=4.00000005960464477539e-01
cascade_activation_functions_count=10
cascade_activation_functions=3 5 7 8 10 11 14 15 16 17 
cascade_activation_steepnesses_count=4
cascade_activation_steepnesses=2.50000000000000000000e-01 5.00000000000000000000e-01 7.50000000000000000000e-01 1.00000000000000000000e+00 
layer_sizes=10 3 2 
scale_included=0
neurons (num_inputs, activation_function, activation_steepness)=(0, 0, 0.00000000000000000000e+00) (0, 0, 0.00000000000000000000e+00) (0, 0, 0.00000000000000000000e+00) (0, 0, 0.00000000000000000000e+00) (0, 0, 0.00000000000000000000e+00) (0, 0, 0.00000000000000000000e+00) (0, 0, 0.00000000000000000000e+00) (0, 0, 0.00000000000000000000e+00) (0, 0, 0.00000000000000000000e+00) (0, 0, 0.00000000000000000000e+00) (10, 3, 5.00000000000000000000e-01) (10, 3, 5.00000000000000000000e-01) (0, 3, 0.00000000000000000000e+00) (3, 3, 5.00000000000000000000e-01) (0, 3, 0.00000000000000000000e+00) 
connections (connected_to_neuron, weight)=(0, -1.02814555168151855469e-01) (1, -4.33650240302085876465e-02) (2, -1.63341194391250610352e-01) (3, -2.06119865179061889648e-01) (4, -4.10906746983528137207e-02) (5, -6.91562369465827941895e-02) (6, 6.72658830881118774414e-02) (7, 4.54282760620117187500e-02) (8, 6.33078664541244506836e-02) (9, -1.59362971782684326172e-01) (0, 6.69315159320831298828e-02) (1, 8.85886847972869873047e-02) (2, 5.74668794870376586914e-02) (3, 1.05433784425258636475e-01) (4, 3.12577635049819946289e-02) (5, 7.50006735324859619141e-02) (6, -1.78837224841117858887e-01) (7, -4.09370735287666320801e-02) (8, -1.09015941619873046875e-01) (9, 2.38948389887809753418e-02) (10, 8.00188109278678894043e-02) (11, 2.17015564441680908203e-01) (12, 1.64225876331329345703e-01) 
