FANN_FLO_2.1
num_layers=3
learning_rate=0.500000
connection_rate=1.000000
network_type=0
learning_momentum=0.000000
training_algorithm=2
train_error_function=1
train_stop_function=0
cascade_output_change_fraction=0.010000
quickprop_decay=-0.000100
quickprop_mu=1.750000
rprop_increase_factor=1.200000
rprop_decrease_factor=0.500000
rprop_delta_min=0.000000
rprop_delta_max=50.000000
rprop_delta_zero=0.100000
cascade_output_stagnation_epochs=12
cascade_candidate_change_fraction=0.010000
cascade_candidate_stagnation_epochs=12
cascade_max_out_epochs=150
cascade_min_out_epochs=50
cascade_max_cand_epochs=150
cascade_min_cand_epochs=50
cascade_num_candidate_groups=2
bit_fail_limit=3.49999994039535522461e-01
cascade_candidate_limit=1.00000000000000000000e+03
cascade_weight_multiplier=4.00000005960464477539e-01
cascade_activation_functions_count=10
cascade_activation_functions=3 5 7 8 10 11 14 15 16 17 
cascade_activation_steepnesses_count=4
cascade_activation_steepnesses=2.50000000000000000000e-01 5.00000000000000000000e-01 7.50000000000000000000e-01 1.00000000000000000000e+00 
layer_sizes=7 9 2 
scale_included=0
neurons (num_inputs, activation_function, activation_steepness)=(0, 0, 0.00000000000000000000e+00) (0, 0, 0.00000000000000000000e+00) (0, 0, 0.00000000000000000000e+00) (0, 0, 0.00000000000000000000e+00) (0, 0, 0.00000000000000000000e+00) (0, 0, 0.00000000000000000000e+00) (0, 0, 0.00000000000000000000e+00) (7, 3, 5.00000000000000000000e-01) (7, 3, 5.00000000000000000000e-01) (7, 3, 5.00000000000000000000e-01) (7, 3, 5.00000000000000000000e-01) (7, 3, 5.00000000000000000000e-01) (7, 3, 5.00000000000000000000e-01) (7, 3, 5.00000000000000000000e-01) (7, 3, 5.00000000000000000000e-01) (0, 3, 0.00000000000000000000e+00) (9, 0, 5.00000000000000000000e-01) (0, 0, 0.00000000000000000000e+00) 
connections (connected_to_neuron, weight)=(0, 4.83585387468338012695e-01) (1, -8.51010024547576904297e-01) (2, 1.58016517758369445801e-01) (3, -4.39456373453140258789e-01) (4, -3.50136995315551757812e-01) (5, 5.20504772663116455078e-01) (6, 6.61967182159423828125e+00) (0, -1.53921759128570556641e+00) (1, -7.15750098228454589844e-01) (2, -2.06876349449157714844e+00) (3, -6.87520682811737060547e-01) (4, -4.50889885425567626953e-01) (5, 4.49355936050415039062e+00) (6, -6.57555520534515380859e-01) (0, -1.49399805068969726562e+00) (1, -6.98844134807586669922e-01) (2, -1.96647775173187255859e+00) (3, -6.96265161037445068359e-01) (4, -4.52996909618377685547e-01) (5, 4.46493768692016601562e+00) (6, -6.58544480800628662109e-01) (0, -7.94158518314361572266e-01) (1, -6.38392806053161621094e-01) (2, -1.46966278553009033203e+00) (3, -2.43693247437477111816e-01) (4, 7.82787621021270751953e-01) (5, 9.51282215118408203125e+00) (6, 3.27165387570858001709e-02) (0, -2.35780906677246093750e+00) (1, -7.44823932647705078125e-01) (2, -3.94956707954406738281e+00) (3, -6.05165421962738037109e-01) (4, -5.50725817680358886719e-01) (5, -1.25588541030883789062e+01) (6, -6.36519730091094970703e-01) (0, -2.86427807807922363281e+00) (1, -6.80101037025451660156e-01) (2, -1.97492694854736328125e+00) (3, -4.25056874752044677734e-01) (4, -5.69105803966522216797e-01) (5, 6.25231170654296875000e+00) (6, -7.65988886356353759766e-01) (0, -1.24796688556671142578e-01) (1, -8.57837274670600891113e-02) (2, -1.79975673556327819824e-01) (3, 1.07645124197006225586e-01) (4, -3.92723120748996734619e-02) (5, 2.99466282129287719727e-01) (6, 9.23941314220428466797e-01) (0, -2.22877725958824157715e-01) (1, -1.50626793503761291504e-01) (2, -3.09742212295532226562e-01) (3, 5.69703895598649978638e-03) (4, 2.09201067686080932617e-01) (5, 4.43619877099990844727e-01) (6, -1.16312429308891296387e-01) (7, -1.10964164137840270996e-01) (8, -1.61044616699218750000e+01) (9, -1.64945755004882812500e+01) (10, -2.68011521548032760620e-02) (11, 7.98081420898437500000e+02) (12, 2.12386932373046875000e+01) (13, 4.31104719638824462891e-01) (14, -3.73105585575103759766e-01) (15, -1.16188414394855499268e-02) 
