FANN_FLO_2.1
num_layers=3
learning_rate=0.500000
connection_rate=1.000000
network_type=0
learning_momentum=0.000000
training_algorithm=2
train_error_function=1
train_stop_function=0
cascade_output_change_fraction=0.010000
quickprop_decay=-0.000100
quickprop_mu=1.750000
rprop_increase_factor=1.200000
rprop_decrease_factor=0.500000
rprop_delta_min=0.000000
rprop_delta_max=50.000000
rprop_delta_zero=0.100000
cascade_output_stagnation_epochs=12
cascade_candidate_change_fraction=0.010000
cascade_candidate_stagnation_epochs=12
cascade_max_out_epochs=150
cascade_min_out_epochs=50
cascade_max_cand_epochs=150
cascade_min_cand_epochs=50
cascade_num_candidate_groups=2
bit_fail_limit=3.49999994039535522461e-01
cascade_candidate_limit=1.00000000000000000000e+03
cascade_weight_multiplier=4.00000005960464477539e-01
cascade_activation_functions_count=10
cascade_activation_functions=3 5 7 8 10 11 14 15 16 17 
cascade_activation_steepnesses_count=4
cascade_activation_steepnesses=2.50000000000000000000e-01 5.00000000000000000000e-01 7.50000000000000000000e-01 1.00000000000000000000e+00 
layer_sizes=7 9 2 
scale_included=0
neurons (num_inputs, activation_function, activation_steepness)=(0, 0, 0.00000000000000000000e+00) (0, 0, 0.00000000000000000000e+00) (0, 0, 0.00000000000000000000e+00) (0, 0, 0.00000000000000000000e+00) (0, 0, 0.00000000000000000000e+00) (0, 0, 0.00000000000000000000e+00) (0, 0, 0.00000000000000000000e+00) (7, 3, 5.00000000000000000000e-01) (7, 3, 5.00000000000000000000e-01) (7, 3, 5.00000000000000000000e-01) (7, 3, 5.00000000000000000000e-01) (7, 3, 5.00000000000000000000e-01) (7, 3, 5.00000000000000000000e-01) (7, 3, 5.00000000000000000000e-01) (7, 3, 5.00000000000000000000e-01) (0, 3, 0.00000000000000000000e+00) (9, 0, 5.00000000000000000000e-01) (0, 0, 0.00000000000000000000e+00) 
connections (connected_to_neuron, weight)=(0, -3.80692362785339355469e-01) (1, -8.75644147396087646484e-01) (2, 5.88031828403472900391e-01) (3, -2.35583975911140441895e-01) (4, -4.63893741369247436523e-01) (5, 1.26442945003509521484e+00) (6, 1.77966141700744628906e+00) (0, -7.44198262691497802734e-01) (1, 4.72417861223220825195e-01) (2, -1.16090548038482666016e+00) (3, 1.06983687728643417358e-02) (4, 1.24608445167541503906e+00) (5, -8.69512781500816345215e-02) (6, -1.69152748584747314453e+00) (0, -8.88860672712326049805e-02) (1, 3.92746448516845703125e-01) (2, -1.11558103561401367188e+00) (3, 3.27323049306869506836e-01) (4, -1.94633841514587402344e+00) (5, 2.86082088947296142578e-01) (6, -1.26304185390472412109e+00) (0, -1.59298524260520935059e-01) (1, -4.65351969003677368164e-01) (2, 5.53154766559600830078e-01) (3, -4.47387658059597015381e-02) (4, -4.15089815855026245117e-01) (5, 2.45944291353225708008e-01) (6, -1.43779888749122619629e-01) (0, -7.79942274093627929688e-02) (1, 3.95812481641769409180e-01) (2, -2.80600607395172119141e-01) (3, -1.04709587991237640381e-01) (4, 4.56909358501434326172e-01) (5, -1.88400626182556152344e-01) (6, -3.90895992517471313477e-01) (0, 4.31126244366168975830e-02) (1, -2.60153591632843017578e-01) (2, 2.02526122331619262695e-01) (3, -3.30407321453094482422e-02) (4, -1.23268926143646240234e+00) (5, 8.67176413536071777344e-01) (6, -2.80130565166473388672e-01) (0, -9.36685949563980102539e-02) (1, -4.78287160396575927734e-01) (2, -4.11267191171646118164e-01) (3, 7.19734355807304382324e-02) (4, -5.64336478710174560547e-02) (5, 6.73058032989501953125e-01) (6, -1.06201314926147460938e+00) (0, -3.18132668733596801758e-01) (1, -4.13212954998016357422e-01) (2, 8.85496959090232849121e-02) (3, -1.58997789025306701660e-01) (4, 2.39682763814926147461e-01) (5, 6.23077511787414550781e-01) (6, -1.78456640243530273438e+00) (7, 4.70653474330902099609e-01) (8, 3.47931049764156341553e-02) (9, 1.22851836681365966797e+00) (10, -4.00237858295440673828e-01) (11, -9.99792292714118957520e-02) (12, -3.98646265268325805664e-01) (13, -1.52599647641181945801e-01) (14, -3.46717685461044311523e-01) (15, 8.86033922433853149414e-02) 
