FANN_FLO_2.1
num_layers=3
learning_rate=0.300000
connection_rate=1.000000
network_type=0
learning_momentum=0.000000
training_algorithm=2
train_error_function=1
train_stop_function=0
cascade_output_change_fraction=0.010000
quickprop_decay=-0.000100
quickprop_mu=1.750000
rprop_increase_factor=1.200000
rprop_decrease_factor=0.500000
rprop_delta_min=0.000000
rprop_delta_max=50.000000
rprop_delta_zero=0.100000
cascade_output_stagnation_epochs=12
cascade_candidate_change_fraction=0.010000
cascade_candidate_stagnation_epochs=12
cascade_max_out_epochs=150
cascade_min_out_epochs=50
cascade_max_cand_epochs=150
cascade_min_cand_epochs=50
cascade_num_candidate_groups=2
bit_fail_limit=3.49999994039535522461e-01
cascade_candidate_limit=1.00000000000000000000e+03
cascade_weight_multiplier=4.00000005960464477539e-01
cascade_activation_functions_count=10
cascade_activation_functions=3 5 7 8 10 11 14 15 16 17 
cascade_activation_steepnesses_count=4
cascade_activation_steepnesses=2.50000000000000000000e-01 5.00000000000000000000e-01 7.50000000000000000000e-01 1.00000000000000000000e+00 
layer_sizes=4 9 2 
scale_included=0
neurons (num_inputs, activation_function, activation_steepness)=(0, 0, 0.00000000000000000000e+00) (0, 0, 0.00000000000000000000e+00) (0, 0, 0.00000000000000000000e+00) (0, 0, 0.00000000000000000000e+00) (4, 3, 5.00000000000000000000e-01) (4, 3, 5.00000000000000000000e-01) (4, 3, 5.00000000000000000000e-01) (4, 3, 5.00000000000000000000e-01) (4, 3, 5.00000000000000000000e-01) (4, 3, 5.00000000000000000000e-01) (4, 3, 5.00000000000000000000e-01) (4, 3, 5.00000000000000000000e-01) (0, 3, 0.00000000000000000000e+00) (9, 3, 5.00000000000000000000e-01) (0, 3, 0.00000000000000000000e+00) 
connections (connected_to_neuron, weight)=(0, -3.03933918476104736328e-01) (1, 1.25793814659118652344e-01) (2, -6.38102054595947265625e-01) (3, 5.70740461349487304688e+00) (0, 4.89114634692668914795e-02) (1, 1.43220469355583190918e-01) (2, -2.62803149223327636719e+00) (3, 4.79288721084594726562e+00) (0, -1.13710612058639526367e-01) (1, 1.62185933440923690796e-02) (2, -1.36114239692687988281e-01) (3, 8.69406163692474365234e-01) (0, 1.34712368249893188477e-01) (1, -1.20841515064239501953e+00) (2, 6.53793907165527343750e+00) (3, 1.81774839758872985840e-01) (0, -1.74945640563964843750e+00) (1, -2.16101393103599548340e-01) (2, -1.48431272506713867188e+01) (3, 7.79433429241180419922e-01) (0, -2.95362424850463867188e+00) (1, 2.06847339868545532227e-01) (2, 5.64681291580200195312e+00) (3, -3.81711959838867187500e+00) (0, 6.41700696945190429688e+00) (1, 7.79177397489547729492e-02) (2, -3.91070747375488281250e+01) (3, -9.65893641114234924316e-02) (0, -1.82352638244628906250e+01) (1, -8.89593601226806640625e-01) (2, 1.76221523284912109375e+01) (3, 5.43159961700439453125e-01) (4, -9.18057203292846679688e-01) (5, -5.77693104743957519531e-01) (6, -9.30521774291992187500e+00) (7, 2.19368055462837219238e-01) (8, 1.50000000000000000000e+03) (9, 8.43332111835479736328e-02) (10, 1.81542590260505676270e-01) (11, -5.11035644531250000000e+02) (12, 8.89055013656616210938e-01) 
