FANN_FLO_2.1
num_layers=3
learning_rate=0.450000
connection_rate=1.000000
network_type=0
learning_momentum=0.000000
training_algorithm=2
train_error_function=1
train_stop_function=0
cascade_output_change_fraction=0.010000
quickprop_decay=-0.000100
quickprop_mu=1.750000
rprop_increase_factor=1.200000
rprop_decrease_factor=0.500000
rprop_delta_min=0.000000
rprop_delta_max=50.000000
rprop_delta_zero=0.100000
cascade_output_stagnation_epochs=12
cascade_candidate_change_fraction=0.010000
cascade_candidate_stagnation_epochs=12
cascade_max_out_epochs=150
cascade_min_out_epochs=50
cascade_max_cand_epochs=150
cascade_min_cand_epochs=50
cascade_num_candidate_groups=2
bit_fail_limit=3.49999994039535522461e-01
cascade_candidate_limit=1.00000000000000000000e+03
cascade_weight_multiplier=4.00000005960464477539e-01
cascade_activation_functions_count=10
cascade_activation_functions=3 5 7 8 10 11 14 15 16 17 
cascade_activation_steepnesses_count=4
cascade_activation_steepnesses=2.50000000000000000000e-01 5.00000000000000000000e-01 7.50000000000000000000e-01 1.00000000000000000000e+00 
layer_sizes=7 5 2 
scale_included=0
neurons (num_inputs, activation_function, activation_steepness)=(0, 0, 0.00000000000000000000e+00) (0, 0, 0.00000000000000000000e+00) (0, 0, 0.00000000000000000000e+00) (0, 0, 0.00000000000000000000e+00) (0, 0, 0.00000000000000000000e+00) (0, 0, 0.00000000000000000000e+00) (0, 0, 0.00000000000000000000e+00) (7, 3, 5.00000000000000000000e-01) (7, 3, 5.00000000000000000000e-01) (7, 3, 5.00000000000000000000e-01) (7, 3, 5.00000000000000000000e-01) (0, 3, 0.00000000000000000000e+00) (5, 0, 5.00000000000000000000e-01) (0, 0, 0.00000000000000000000e+00) 
connections (connected_to_neuron, weight)=(0, -1.71252489089965820312e+00) (1, 9.53423404693603515625e+00) (2, 1.24624598026275634766e+00) (3, -3.90543055534362792969e+00) (4, -5.10361576080322265625e+00) (5, 7.09822237491607666016e-01) (6, -1.02589550018310546875e+01) (0, -1.86827301979064941406e+00) (1, 4.30376768112182617188e+00) (2, 7.95803070068359375000e+01) (3, -2.73387408256530761719e+00) (4, 1.86235332489013671875e+01) (5, 8.79766082763671875000e+00) (6, -5.80982398986816406250e+01) (0, 8.68260025978088378906e-01) (1, -4.47171151638031005859e-01) (2, -8.38209819793701171875e+00) (3, -1.13056027889251708984e+00) (4, 1.84133338928222656250e+00) (5, 1.51137971878051757812e+00) (6, 1.81653686523437500000e+02) (0, -2.40866959095001220703e-01) (1, -2.37539902329444885254e-01) (2, -6.21277749538421630859e-01) (3, -2.37767193466424942017e-02) (4, 3.92393380403518676758e-01) (5, 5.23382186889648437500e-01) (6, -7.29113996028900146484e-01) (7, -1.53846191242337226868e-02) (8, -9.01316583156585693359e-01) (9, 2.98158805817365646362e-02) (10, -1.67117416858673095703e-02) (11, 8.86554539203643798828e-01) 
