FANN_FLO_2.1
num_layers=3
learning_rate=0.500000
connection_rate=1.000000
network_type=0
learning_momentum=0.000000
training_algorithm=2
train_error_function=1
train_stop_function=0
cascade_output_change_fraction=0.010000
quickprop_decay=-0.000100
quickprop_mu=1.750000
rprop_increase_factor=1.200000
rprop_decrease_factor=0.500000
rprop_delta_min=0.000000
rprop_delta_max=50.000000
rprop_delta_zero=0.100000
cascade_output_stagnation_epochs=12
cascade_candidate_change_fraction=0.010000
cascade_candidate_stagnation_epochs=12
cascade_max_out_epochs=150
cascade_min_out_epochs=50
cascade_max_cand_epochs=150
cascade_min_cand_epochs=50
cascade_num_candidate_groups=2
bit_fail_limit=3.49999994039535522461e-01
cascade_candidate_limit=1.00000000000000000000e+03
cascade_weight_multiplier=4.00000005960464477539e-01
cascade_activation_functions_count=10
cascade_activation_functions=3 5 7 8 10 11 14 15 16 17 
cascade_activation_steepnesses_count=4
cascade_activation_steepnesses=2.50000000000000000000e-01 5.00000000000000000000e-01 7.50000000000000000000e-01 1.00000000000000000000e+00 
layer_sizes=10 3 2 
scale_included=0
neurons (num_inputs, activation_function, activation_steepness)=(0, 0, 0.00000000000000000000e+00) (0, 0, 0.00000000000000000000e+00) (0, 0, 0.00000000000000000000e+00) (0, 0, 0.00000000000000000000e+00) (0, 0, 0.00000000000000000000e+00) (0, 0, 0.00000000000000000000e+00) (0, 0, 0.00000000000000000000e+00) (0, 0, 0.00000000000000000000e+00) (0, 0, 0.00000000000000000000e+00) (0, 0, 0.00000000000000000000e+00) (10, 3, 5.00000000000000000000e-01) (10, 3, 5.00000000000000000000e-01) (0, 3, 0.00000000000000000000e+00) (3, 3, 5.00000000000000000000e-01) (0, 3, 0.00000000000000000000e+00) 
connections (connected_to_neuron, weight)=(0, 1.04233276844024658203e+00) (1, -7.91655704379081726074e-02) (2, 1.13919174671173095703e+00) (3, 3.80563586950302124023e-01) (4, -6.67670488357543945312e-01) (5, 4.04583334922790527344e-01) (6, 8.80151987075805664062e-01) (7, -5.67621700465679168701e-02) (8, 9.46698963642120361328e-01) (9, -1.40288543701171875000e+00) (0, 1.31698977202177047729e-02) (1, -6.63833498954772949219e-01) (2, 9.18580442667007446289e-02) (3, -4.25223886966705322266e-01) (4, -9.38097417354583740234e-01) (5, -4.33636873960494995117e-01) (6, -8.28797593712806701660e-02) (7, -6.80088341236114501953e-01) (8, -2.95992828905582427979e-02) (9, 9.98609721660614013672e-01) (10, 1.92814660072326660156e+00) (11, -3.30959010124206542969e+00) (12, -3.73806096613407135010e-02) 
