FANN_FLO_2.1
num_layers=3
learning_rate=0.450000
connection_rate=1.000000
network_type=0
learning_momentum=0.000000
training_algorithm=2
train_error_function=1
train_stop_function=0
cascade_output_change_fraction=0.010000
quickprop_decay=-0.000100
quickprop_mu=1.750000
rprop_increase_factor=1.200000
rprop_decrease_factor=0.500000
rprop_delta_min=0.000000
rprop_delta_max=50.000000
rprop_delta_zero=0.100000
cascade_output_stagnation_epochs=12
cascade_candidate_change_fraction=0.010000
cascade_candidate_stagnation_epochs=12
cascade_max_out_epochs=150
cascade_min_out_epochs=50
cascade_max_cand_epochs=150
cascade_min_cand_epochs=50
cascade_num_candidate_groups=2
bit_fail_limit=3.49999994039535522461e-01
cascade_candidate_limit=1.00000000000000000000e+03
cascade_weight_multiplier=4.00000005960464477539e-01
cascade_activation_functions_count=10
cascade_activation_functions=3 5 7 8 10 11 14 15 16 17 
cascade_activation_steepnesses_count=4
cascade_activation_steepnesses=2.50000000000000000000e-01 5.00000000000000000000e-01 7.50000000000000000000e-01 1.00000000000000000000e+00 
layer_sizes=7 5 2 
scale_included=0
neurons (num_inputs, activation_function, activation_steepness)=(0, 0, 0.00000000000000000000e+00) (0, 0, 0.00000000000000000000e+00) (0, 0, 0.00000000000000000000e+00) (0, 0, 0.00000000000000000000e+00) (0, 0, 0.00000000000000000000e+00) (0, 0, 0.00000000000000000000e+00) (0, 0, 0.00000000000000000000e+00) (7, 3, 5.00000000000000000000e-01) (7, 3, 5.00000000000000000000e-01) (7, 3, 5.00000000000000000000e-01) (7, 3, 5.00000000000000000000e-01) (0, 3, 0.00000000000000000000e+00) (5, 0, 5.00000000000000000000e-01) (0, 0, 0.00000000000000000000e+00) 
connections (connected_to_neuron, weight)=(0, 1.94043369293212890625e+01) (1, 2.64674574136734008789e-01) (2, -5.13881301879882812500e+01) (3, -2.14342765808105468750e+01) (4, -3.06476917266845703125e+01) (5, -1.03495857238769531250e+02) (6, -6.54044508934020996094e-01) (0, -1.03248291015625000000e+02) (1, -1.17689800262451171875e+00) (2, -1.13446075439453125000e+02) (3, 1.27694835662841796875e+01) (4, 4.68830633163452148438e+00) (5, -1.08298816680908203125e+01) (6, -1.86006081104278564453e+00) (0, 2.67436504364013671875e+00) (1, -1.04908406734466552734e+00) (2, -1.88257110118865966797e+00) (3, 9.92066383361816406250e-01) (4, 2.54046350717544555664e-01) (5, -1.12187552452087402344e+00) (6, 1.58829593658447265625e+00) (0, 1.17173254394531250000e+03) (1, -1.56340289115905761719e+00) (2, 1.35878114700317382812e+01) (3, 3.05537628173828125000e+02) (4, 4.00140594482421875000e+02) (5, 2.80096801757812500000e+02) (6, -2.22125625610351562500e+00) (7, 7.49972820281982421875e-01) (8, 1.67196197435259819031e-03) (9, -1.51125350952148437500e+02) (10, 1.51029586791992187500e+02) (11, 1.37768834829330444336e-02) 
