FANN_FLO_2.1
num_layers=4
learning_rate=0.500000
connection_rate=1.000000
network_type=0
learning_momentum=0.000000
training_algorithm=2
train_error_function=1
train_stop_function=0
cascade_output_change_fraction=0.010000
quickprop_decay=-0.000100
quickprop_mu=1.750000
rprop_increase_factor=1.200000
rprop_decrease_factor=0.500000
rprop_delta_min=0.000000
rprop_delta_max=50.000000
rprop_delta_zero=0.100000
cascade_output_stagnation_epochs=12
cascade_candidate_change_fraction=0.010000
cascade_candidate_stagnation_epochs=12
cascade_max_out_epochs=150
cascade_min_out_epochs=50
cascade_max_cand_epochs=150
cascade_min_cand_epochs=50
cascade_num_candidate_groups=2
bit_fail_limit=3.49999994039535522461e-01
cascade_candidate_limit=1.00000000000000000000e+03
cascade_weight_multiplier=4.00000005960464477539e-01
cascade_activation_functions_count=10
cascade_activation_functions=3 5 7 8 10 11 14 15 16 17 
cascade_activation_steepnesses_count=4
cascade_activation_steepnesses=2.50000000000000000000e-01 5.00000000000000000000e-01 7.50000000000000000000e-01 1.00000000000000000000e+00 
layer_sizes=4 5 3 2 
scale_included=0
neurons (num_inputs, activation_function, activation_steepness)=(0, 0, 0.00000000000000000000e+00) (0, 0, 0.00000000000000000000e+00) (0, 0, 0.00000000000000000000e+00) (0, 0, 0.00000000000000000000e+00) (4, 3, 5.00000000000000000000e-01) (4, 3, 5.00000000000000000000e-01) (4, 3, 5.00000000000000000000e-01) (4, 3, 5.00000000000000000000e-01) (0, 3, 0.00000000000000000000e+00) (5, 3, 5.00000000000000000000e-01) (5, 3, 5.00000000000000000000e-01) (0, 3, 0.00000000000000000000e+00) (3, 3, 5.00000000000000000000e-01) (0, 3, 0.00000000000000000000e+00) 
connections (connected_to_neuron, weight)=(0, -2.94163417816162109375e+00) (1, -2.32039999961853027344e+00) (2, -2.42186832427978515625e+00) (3, 2.11069560050964355469e+00) (0, -5.85577547550201416016e-01) (1, -3.22334403991699218750e+01) (2, 1.68850040435791015625e+01) (3, 1.45081996917724609375e+00) (0, -3.09812760353088378906e+00) (1, -2.56316089630126953125e+00) (2, -2.39308023452758789062e+00) (3, 1.98052108287811279297e+00) (0, -5.89798021316528320312e+00) (1, -1.03921146392822265625e+01) (2, 4.83622407913208007812e+00) (3, 4.15657949447631835938e+00) (4, -1.06118297576904296875e+00) (5, 1.50000000000000000000e+03) (6, -1.11427955627441406250e+01) (7, 1.16127815246582031250e+02) (8, -2.84748744964599609375e+00) (4, 1.40964698791503906250e+01) (5, -4.35137510299682617188e+00) (6, 2.54959125518798828125e+01) (7, 6.65605926513671875000e+00) (8, -6.19593763351440429688e+00) (9, 1.58323323726654052734e+00) (10, -5.56340074539184570312e+00) (11, 1.70300960540771484375e+00) 
