FANN_FLO_2.1
num_layers=3
learning_rate=0.400000
connection_rate=1.000000
network_type=0
learning_momentum=0.000000
training_algorithm=2
train_error_function=1
train_stop_function=0
cascade_output_change_fraction=0.010000
quickprop_decay=-0.000100
quickprop_mu=1.750000
rprop_increase_factor=1.200000
rprop_decrease_factor=0.500000
rprop_delta_min=0.000000
rprop_delta_max=50.000000
rprop_delta_zero=0.100000
cascade_output_stagnation_epochs=12
cascade_candidate_change_fraction=0.010000
cascade_candidate_stagnation_epochs=12
cascade_max_out_epochs=150
cascade_min_out_epochs=50
cascade_max_cand_epochs=150
cascade_min_cand_epochs=50
cascade_num_candidate_groups=2
bit_fail_limit=3.49999994039535522461e-01
cascade_candidate_limit=1.00000000000000000000e+03
cascade_weight_multiplier=4.00000005960464477539e-01
cascade_activation_functions_count=10
cascade_activation_functions=3 5 7 8 10 11 14 15 16 17 
cascade_activation_steepnesses_count=4
cascade_activation_steepnesses=2.50000000000000000000e-01 5.00000000000000000000e-01 7.50000000000000000000e-01 1.00000000000000000000e+00 
layer_sizes=10 3 2 
scale_included=0
neurons (num_inputs, activation_function, activation_steepness)=(0, 0, 0.00000000000000000000e+00) (0, 0, 0.00000000000000000000e+00) (0, 0, 0.00000000000000000000e+00) (0, 0, 0.00000000000000000000e+00) (0, 0, 0.00000000000000000000e+00) (0, 0, 0.00000000000000000000e+00) (0, 0, 0.00000000000000000000e+00) (0, 0, 0.00000000000000000000e+00) (0, 0, 0.00000000000000000000e+00) (0, 0, 0.00000000000000000000e+00) (10, 3, 5.00000000000000000000e-01) (10, 3, 5.00000000000000000000e-01) (0, 3, 0.00000000000000000000e+00) (3, 3, 5.00000000000000000000e-01) (0, 3, 0.00000000000000000000e+00) 
connections (connected_to_neuron, weight)=(0, 1.69118553400039672852e-01) (1, 1.29284232854843139648e-01) (2, 6.82768821716308593750e-02) (3, 2.00183689594268798828e-01) (4, 1.85141205787658691406e-01) (5, 9.19350013136863708496e-02) (6, 4.74968478083610534668e-02) (7, 1.62545233964920043945e-01) (8, 1.73910051584243774414e-01) (9, 4.17642742395401000977e-02) (0, 7.49300047755241394043e-02) (1, 1.10426716506481170654e-01) (2, 1.76186442375183105469e-01) (3, 8.30850452184677124023e-02) (4, 1.34759292006492614746e-01) (5, 1.74923837184906005859e-01) (6, 1.80914014577865600586e-01) (7, 4.21826466917991638184e-02) (8, 4.03993055224418640137e-02) (9, 7.79976546764373779297e-02) (10, -1.95269346237182617188e-01) (11, -1.72724694013595581055e-01) (12, -1.21896013617515563965e-01) 
