FANN_FLO_2.1
num_layers=4
learning_rate=0.450000
connection_rate=1.000000
network_type=0
learning_momentum=0.000000
training_algorithm=2
train_error_function=1
train_stop_function=0
cascade_output_change_fraction=0.010000
quickprop_decay=-0.000100
quickprop_mu=1.750000
rprop_increase_factor=1.200000
rprop_decrease_factor=0.500000
rprop_delta_min=0.000000
rprop_delta_max=50.000000
rprop_delta_zero=0.100000
cascade_output_stagnation_epochs=12
cascade_candidate_change_fraction=0.010000
cascade_candidate_stagnation_epochs=12
cascade_max_out_epochs=150
cascade_min_out_epochs=50
cascade_max_cand_epochs=150
cascade_min_cand_epochs=50
cascade_num_candidate_groups=2
bit_fail_limit=3.49999994039535522461e-01
cascade_candidate_limit=1.00000000000000000000e+03
cascade_weight_multiplier=4.00000005960464477539e-01
cascade_activation_functions_count=10
cascade_activation_functions=3 5 7 8 10 11 14 15 16 17 
cascade_activation_steepnesses_count=4
cascade_activation_steepnesses=2.50000000000000000000e-01 5.00000000000000000000e-01 7.50000000000000000000e-01 1.00000000000000000000e+00 
layer_sizes=7 3 3 2 
scale_included=0
neurons (num_inputs, activation_function, activation_steepness)=(0, 0, 0.00000000000000000000e+00) (0, 0, 0.00000000000000000000e+00) (0, 0, 0.00000000000000000000e+00) (0, 0, 0.00000000000000000000e+00) (0, 0, 0.00000000000000000000e+00) (0, 0, 0.00000000000000000000e+00) (0, 0, 0.00000000000000000000e+00) (7, 3, 5.00000000000000000000e-01) (7, 3, 5.00000000000000000000e-01) (0, 3, 0.00000000000000000000e+00) (3, 3, 5.00000000000000000000e-01) (3, 3, 5.00000000000000000000e-01) (0, 3, 0.00000000000000000000e+00) (3, 0, 5.00000000000000000000e-01) (0, 0, 0.00000000000000000000e+00) 
connections (connected_to_neuron, weight)=(0, 5.99987208843231201172e-01) (1, 7.35732376575469970703e-01) (2, -1.71905577182769775391e+00) (3, 5.21067559719085693359e-01) (4, 6.33984863758087158203e-01) (5, -1.04204106330871582031e+00) (6, 8.56814146041870117188e-01) (0, 4.61753755807876586914e-01) (1, 1.57380902767181396484e+00) (2, -1.11235761642456054688e+00) (3, 3.98556768894195556641e-01) (4, 8.48415672779083251953e-01) (5, -1.40927445888519287109e+00) (6, -1.45878629684448242188e+01) (7, -1.17572784423828125000e+01) (8, -1.38590936660766601562e+01) (9, 6.81196784973144531250e+00) (7, -1.20439481735229492188e+01) (8, -1.42318267822265625000e+01) (9, 6.93785476684570312500e+00) (10, 6.65128290653228759766e-01) (11, 4.29574340581893920898e-01) (12, 4.64492244645953178406e-03) 
