FANN_FLO_2.1
num_layers=4
learning_rate=0.500000
connection_rate=1.000000
network_type=0
learning_momentum=0.000000
training_algorithm=2
train_error_function=1
train_stop_function=0
cascade_output_change_fraction=0.010000
quickprop_decay=-0.000100
quickprop_mu=1.750000
rprop_increase_factor=1.200000
rprop_decrease_factor=0.500000
rprop_delta_min=0.000000
rprop_delta_max=50.000000
rprop_delta_zero=0.100000
cascade_output_stagnation_epochs=12
cascade_candidate_change_fraction=0.010000
cascade_candidate_stagnation_epochs=12
cascade_max_out_epochs=150
cascade_min_out_epochs=50
cascade_max_cand_epochs=150
cascade_min_cand_epochs=50
cascade_num_candidate_groups=2
bit_fail_limit=3.49999994039535522461e-01
cascade_candidate_limit=1.00000000000000000000e+03
cascade_weight_multiplier=4.00000005960464477539e-01
cascade_activation_functions_count=10
cascade_activation_functions=3 5 7 8 10 11 14 15 16 17 
cascade_activation_steepnesses_count=4
cascade_activation_steepnesses=2.50000000000000000000e-01 5.00000000000000000000e-01 7.50000000000000000000e-01 1.00000000000000000000e+00 
layer_sizes=4 5 5 2 
scale_included=0
neurons (num_inputs, activation_function, activation_steepness)=(0, 0, 0.00000000000000000000e+00) (0, 0, 0.00000000000000000000e+00) (0, 0, 0.00000000000000000000e+00) (0, 0, 0.00000000000000000000e+00) (4, 3, 5.00000000000000000000e-01) (4, 3, 5.00000000000000000000e-01) (4, 3, 5.00000000000000000000e-01) (4, 3, 5.00000000000000000000e-01) (0, 3, 0.00000000000000000000e+00) (5, 3, 5.00000000000000000000e-01) (5, 3, 5.00000000000000000000e-01) (5, 3, 5.00000000000000000000e-01) (5, 3, 5.00000000000000000000e-01) (0, 3, 0.00000000000000000000e+00) (5, 3, 5.00000000000000000000e-01) (0, 3, 0.00000000000000000000e+00) 
connections (connected_to_neuron, weight)=(0, 1.32517042160034179688e+01) (1, -1.65524463653564453125e+01) (2, -2.82698230743408203125e+01) (3, 7.35591590404510498047e-01) (0, -4.43624591827392578125e+00) (1, -4.98344945907592773438e+00) (2, -8.44565093517303466797e-01) (3, 4.27748680114746093750e+00) (0, -1.14934235811233520508e-01) (1, -1.78819198608398437500e+01) (2, 1.46748170852661132812e+01) (3, 3.30632710456848144531e+00) (0, -6.58340692520141601562e+00) (1, -1.02204790115356445312e+01) (2, 2.93544507026672363281e+00) (3, 4.06991386413574218750e+00) (4, 9.12094831466674804688e-01) (5, -3.52952456474304199219e+00) (6, 1.63978087902069091797e+00) (7, 3.06337690353393554688e+00) (8, 3.08947890996932983398e-01) (4, -2.20220422744750976562e+00) (5, 2.98287448883056640625e+01) (6, -2.24862003326416015625e+00) (7, -1.30110168457031250000e+01) (8, -6.23853635787963867188e+00) (4, -1.36729679107666015625e+01) (5, 2.58015670776367187500e+01) (6, -8.07182884216308593750e+00) (7, -4.81614341735839843750e+01) (8, -1.97071552276611328125e+00) (4, -8.09505939483642578125e-01) (5, 1.88411731719970703125e+01) (6, -2.15477895736694335938e+00) (7, -2.07090926170349121094e+00) (8, -3.62480711936950683594e+00) (9, 2.69136595726013183594e+00) (10, -3.40836668014526367188e+00) (11, -3.92222952842712402344e+00) (12, -1.64611887931823730469e+00) (13, 6.86988413333892822266e-01) 
