FANN_FLO_2.1
num_layers=3
learning_rate=0.500000
connection_rate=1.000000
network_type=0
learning_momentum=0.000000
training_algorithm=2
train_error_function=1
train_stop_function=0
cascade_output_change_fraction=0.010000
quickprop_decay=-0.000100
quickprop_mu=1.750000
rprop_increase_factor=1.200000
rprop_decrease_factor=0.500000
rprop_delta_min=0.000000
rprop_delta_max=50.000000
rprop_delta_zero=0.100000
cascade_output_stagnation_epochs=12
cascade_candidate_change_fraction=0.010000
cascade_candidate_stagnation_epochs=12
cascade_max_out_epochs=150
cascade_min_out_epochs=50
cascade_max_cand_epochs=150
cascade_min_cand_epochs=50
cascade_num_candidate_groups=2
bit_fail_limit=3.49999994039535522461e-01
cascade_candidate_limit=1.00000000000000000000e+03
cascade_weight_multiplier=4.00000005960464477539e-01
cascade_activation_functions_count=10
cascade_activation_functions=3 5 7 8 10 11 14 15 16 17 
cascade_activation_steepnesses_count=4
cascade_activation_steepnesses=2.50000000000000000000e-01 5.00000000000000000000e-01 7.50000000000000000000e-01 1.00000000000000000000e+00 
layer_sizes=10 5 2 
scale_included=0
neurons (num_inputs, activation_function, activation_steepness)=(0, 0, 0.00000000000000000000e+00) (0, 0, 0.00000000000000000000e+00) (0, 0, 0.00000000000000000000e+00) (0, 0, 0.00000000000000000000e+00) (0, 0, 0.00000000000000000000e+00) (0, 0, 0.00000000000000000000e+00) (0, 0, 0.00000000000000000000e+00) (0, 0, 0.00000000000000000000e+00) (0, 0, 0.00000000000000000000e+00) (0, 0, 0.00000000000000000000e+00) (10, 3, 5.00000000000000000000e-01) (10, 3, 5.00000000000000000000e-01) (10, 3, 5.00000000000000000000e-01) (10, 3, 5.00000000000000000000e-01) (0, 3, 0.00000000000000000000e+00) (5, 3, 5.00000000000000000000e-01) (0, 3, 0.00000000000000000000e+00) 
connections (connected_to_neuron, weight)=(0, 1.79945424199104309082e-01) (1, 5.08630216121673583984e-01) (2, 4.40026462078094482422e-01) (3, 3.63095164299011230469e-01) (4, 2.07821711897850036621e-01) (5, 1.97834715247154235840e-01) (6, 3.51736336946487426758e-01) (7, 4.63027805089950561523e-01) (8, 2.70502120256423950195e-01) (9, -5.87154209613800048828e-01) (0, -4.62792038917541503906e-01) (1, -4.59418714046478271484e-01) (2, -3.83956849575042724609e-01) (3, -3.73858600854873657227e-01) (4, -2.68984347581863403320e-01) (5, -3.55109006166458129883e-01) (6, -3.76869291067123413086e-01) (7, -2.74744957685470581055e-01) (8, -3.19043874740600585938e-01) (9, 1.06540465354919433594e+00) (0, 3.01441192626953125000e-01) (1, 2.91346669197082519531e-01) (2, 1.61105021834373474121e-01) (3, 3.90816926956176757812e-01) (4, 6.74313426017761230469e-01) (5, 3.92516076564788818359e-01) (6, 3.63516062498092651367e-01) (7, 6.42607986927032470703e-01) (8, 3.90316486358642578125e-01) (9, -1.47276198863983154297e+00) (0, -3.38836342096328735352e-01) (1, -2.46590375900268554688e-01) (2, -4.51863259077072143555e-01) (3, -3.44246447086334228516e-01) (4, -2.62335062026977539062e-01) (5, -4.02853727340698242188e-01) (6, -3.41976732015609741211e-01) (7, -2.17643454670906066895e-01) (8, -4.27798330783843994141e-01) (9, 4.27851617336273193359e-01) (10, 6.37168169021606445312e-01) (11, -1.99671733379364013672e+00) (12, 1.21998274326324462891e+00) (13, -1.96383404731750488281e+00) (14, 6.03300631046295166016e-02) 
