FANN_FLO_2.1
num_layers=4
learning_rate=0.500000
connection_rate=1.000000
network_type=0
learning_momentum=0.000000
training_algorithm=2
train_error_function=1
train_stop_function=0
cascade_output_change_fraction=0.010000
quickprop_decay=-0.000100
quickprop_mu=1.750000
rprop_increase_factor=1.200000
rprop_decrease_factor=0.500000
rprop_delta_min=0.000000
rprop_delta_max=50.000000
rprop_delta_zero=0.100000
cascade_output_stagnation_epochs=12
cascade_candidate_change_fraction=0.010000
cascade_candidate_stagnation_epochs=12
cascade_max_out_epochs=150
cascade_min_out_epochs=50
cascade_max_cand_epochs=150
cascade_min_cand_epochs=50
cascade_num_candidate_groups=2
bit_fail_limit=3.49999994039535522461e-01
cascade_candidate_limit=1.00000000000000000000e+03
cascade_weight_multiplier=4.00000005960464477539e-01
cascade_activation_functions_count=10
cascade_activation_functions=3 5 7 8 10 11 14 15 16 17 
cascade_activation_steepnesses_count=4
cascade_activation_steepnesses=2.50000000000000000000e-01 5.00000000000000000000e-01 7.50000000000000000000e-01 1.00000000000000000000e+00 
layer_sizes=18 3 3 2 
scale_included=0
neurons (num_inputs, activation_function, activation_steepness)=(0, 0, 0.00000000000000000000e+00) (0, 0, 0.00000000000000000000e+00) (0, 0, 0.00000000000000000000e+00) (0, 0, 0.00000000000000000000e+00) (0, 0, 0.00000000000000000000e+00) (0, 0, 0.00000000000000000000e+00) (0, 0, 0.00000000000000000000e+00) (0, 0, 0.00000000000000000000e+00) (0, 0, 0.00000000000000000000e+00) (0, 0, 0.00000000000000000000e+00) (0, 0, 0.00000000000000000000e+00) (0, 0, 0.00000000000000000000e+00) (0, 0, 0.00000000000000000000e+00) (0, 0, 0.00000000000000000000e+00) (0, 0, 0.00000000000000000000e+00) (0, 0, 0.00000000000000000000e+00) (0, 0, 0.00000000000000000000e+00) (0, 0, 0.00000000000000000000e+00) (18, 3, 5.00000000000000000000e-01) (18, 3, 5.00000000000000000000e-01) (0, 3, 0.00000000000000000000e+00) (3, 3, 5.00000000000000000000e-01) (3, 3, 5.00000000000000000000e-01) (0, 3, 0.00000000000000000000e+00) (3, 0, 5.00000000000000000000e-01) (0, 0, 0.00000000000000000000e+00) 
connections (connected_to_neuron, weight)=(0, 5.82412071228027343750e+01) (1, 5.60782279968261718750e+01) (2, 5.57373237609863281250e+01) (3, 5.70821838378906250000e+01) (4, 6.35828018188476562500e+01) (5, 1.50000000000000000000e+03) (6, 1.50000000000000000000e+03) (7, 1.50000000000000000000e+03) (8, 1.50000000000000000000e+03) (9, 1.50000000000000000000e+03) (10, 5.56308555603027343750e+01) (11, 5.57030334472656250000e+01) (12, 5.57161827087402343750e+01) (13, 5.55361404418945312500e+01) (14, 5.55610885620117187500e+01) (15, 5.41560249328613281250e+01) (16, -7.29052581787109375000e+01) (17, 3.24247694015502929688e+00) (0, 1.00064444541931152344e+00) (1, 1.02066123485565185547e+00) (2, 9.96618211269378662109e-01) (3, 1.01163542270660400391e+00) (4, 1.07987201213836669922e+00) (5, -9.48402941226959228516e-01) (6, -1.20219564437866210938e+00) (7, -1.01387476921081542969e+00) (8, -8.20638686418533325195e-02) (9, 1.07215821743011474609e+00) (10, 1.07063174247741699219e+00) (11, 9.97130692005157470703e-01) (12, 1.14918625354766845703e+00) (13, 1.12275135517120361328e+00) (14, 1.09938883781433105469e+00) (15, 8.97528409957885742188e-01) (16, 1.09919965267181396484e+00) (17, -3.54889583587646484375e+00) (18, -1.79289436340332031250e+00) (19, 4.03133106231689453125e+00) (20, -1.72176408767700195312e+00) (18, 1.95716774463653564453e+00) (19, 1.50000000000000000000e+03) (20, 1.86106538772583007812e+00) (21, 1.38482627868652343750e+01) (22, 2.01397633552551269531e+00) (23, 1.95192635059356689453e+00) 
