FANN_FLO_2.1
num_layers=3
learning_rate=0.400000
connection_rate=1.000000
network_type=0
learning_momentum=0.000000
training_algorithm=2
train_error_function=1
train_stop_function=0
cascade_output_change_fraction=0.010000
quickprop_decay=-0.000100
quickprop_mu=1.750000
rprop_increase_factor=1.200000
rprop_decrease_factor=0.500000
rprop_delta_min=0.000000
rprop_delta_max=50.000000
rprop_delta_zero=0.100000
cascade_output_stagnation_epochs=12
cascade_candidate_change_fraction=0.010000
cascade_candidate_stagnation_epochs=12
cascade_max_out_epochs=150
cascade_min_out_epochs=50
cascade_max_cand_epochs=150
cascade_min_cand_epochs=50
cascade_num_candidate_groups=2
bit_fail_limit=3.49999994039535522461e-01
cascade_candidate_limit=1.00000000000000000000e+03
cascade_weight_multiplier=4.00000005960464477539e-01
cascade_activation_functions_count=10
cascade_activation_functions=3 5 7 8 10 11 14 15 16 17 
cascade_activation_steepnesses_count=4
cascade_activation_steepnesses=2.50000000000000000000e-01 5.00000000000000000000e-01 7.50000000000000000000e-01 1.00000000000000000000e+00 
layer_sizes=10 3 2 
scale_included=0
neurons (num_inputs, activation_function, activation_steepness)=(0, 0, 0.00000000000000000000e+00) (0, 0, 0.00000000000000000000e+00) (0, 0, 0.00000000000000000000e+00) (0, 0, 0.00000000000000000000e+00) (0, 0, 0.00000000000000000000e+00) (0, 0, 0.00000000000000000000e+00) (0, 0, 0.00000000000000000000e+00) (0, 0, 0.00000000000000000000e+00) (0, 0, 0.00000000000000000000e+00) (0, 0, 0.00000000000000000000e+00) (10, 3, 5.00000000000000000000e-01) (10, 3, 5.00000000000000000000e-01) (0, 3, 0.00000000000000000000e+00) (3, 3, 5.00000000000000000000e-01) (0, 3, 0.00000000000000000000e+00) 
connections (connected_to_neuron, weight)=(0, 8.33986103534698486328e-02) (1, 1.43511474132537841797e-01) (2, 1.78394556045532226562e-01) (3, 9.19015482068061828613e-02) (4, 1.82547360658645629883e-01) (5, 1.41153901815414428711e-01) (6, 1.06933787465095520020e-01) (7, 1.42916351556777954102e-01) (8, 7.19226896762847900391e-02) (9, 2.10070908069610595703e-02) (0, -1.58344268798828125000e-01) (1, -9.52538251876831054688e-02) (2, -1.27972543239593505859e-01) (3, -1.32597297430038452148e-01) (4, -1.08603402972221374512e-01) (5, -5.22551164031028747559e-02) (6, -1.93806901574134826660e-01) (7, -1.71054989099502563477e-01) (8, -2.15117782354354858398e-01) (9, -2.14410990476608276367e-01) (10, -2.18581825494766235352e-01) (11, -3.59655693173408508301e-02) (12, -2.07504406571388244629e-01) 
