FANN_FLO_2.1
num_layers=3
learning_rate=0.500000
connection_rate=1.000000
network_type=0
learning_momentum=0.000000
training_algorithm=2
train_error_function=1
train_stop_function=0
cascade_output_change_fraction=0.010000
quickprop_decay=-0.000100
quickprop_mu=1.750000
rprop_increase_factor=1.200000
rprop_decrease_factor=0.500000
rprop_delta_min=0.000000
rprop_delta_max=50.000000
rprop_delta_zero=0.100000
cascade_output_stagnation_epochs=12
cascade_candidate_change_fraction=0.010000
cascade_candidate_stagnation_epochs=12
cascade_max_out_epochs=150
cascade_min_out_epochs=50
cascade_max_cand_epochs=150
cascade_min_cand_epochs=50
cascade_num_candidate_groups=2
bit_fail_limit=3.49999994039535522461e-01
cascade_candidate_limit=1.00000000000000000000e+03
cascade_weight_multiplier=4.00000005960464477539e-01
cascade_activation_functions_count=10
cascade_activation_functions=3 5 7 8 10 11 14 15 16 17 
cascade_activation_steepnesses_count=4
cascade_activation_steepnesses=2.50000000000000000000e-01 5.00000000000000000000e-01 7.50000000000000000000e-01 1.00000000000000000000e+00 
layer_sizes=7 5 2 
scale_included=0
neurons (num_inputs, activation_function, activation_steepness)=(0, 0, 0.00000000000000000000e+00) (0, 0, 0.00000000000000000000e+00) (0, 0, 0.00000000000000000000e+00) (0, 0, 0.00000000000000000000e+00) (0, 0, 0.00000000000000000000e+00) (0, 0, 0.00000000000000000000e+00) (0, 0, 0.00000000000000000000e+00) (7, 3, 5.00000000000000000000e-01) (7, 3, 5.00000000000000000000e-01) (7, 3, 5.00000000000000000000e-01) (7, 3, 5.00000000000000000000e-01) (0, 3, 0.00000000000000000000e+00) (5, 0, 5.00000000000000000000e-01) (0, 0, 0.00000000000000000000e+00) 
connections (connected_to_neuron, weight)=(0, 5.52187860012054443359e-01) (1, -9.72673833370208740234e-01) (2, 1.66394841670989990234e+00) (3, -4.44345206022262573242e-01) (4, -5.67040324211120605469e-01) (5, -3.42267066240310668945e-01) (6, -6.14474296569824218750e-01) (0, 1.26637130975723266602e-01) (1, 2.62108929455280303955e-02) (2, -7.73940026760101318359e-01) (3, -2.24307045340538024902e-01) (4, 1.05834496021270751953e+00) (5, -1.17877215147018432617e-01) (6, -8.24489593505859375000e-01) (0, -2.00809806585311889648e-01) (1, -4.43964242935180664062e-01) (2, -1.75999805331230163574e-01) (3, -3.62150259315967559814e-02) (4, 2.51603513956069946289e-01) (5, 4.87482130527496337891e-01) (6, 2.29194688796997070312e+00) (0, -1.75312387943267822266e+00) (1, -1.73902511596679687500e+00) (2, 9.69683761596679687500e+01) (3, 1.20305275917053222656e+00) (4, 3.03092265129089355469e+00) (5, 1.51879274845123291016e+00) (6, 2.98726081848144531250e-01) (7, -2.47234866023063659668e-01) (8, -2.37133309245109558105e-01) (9, -2.62225475162267684937e-02) (10, 1.28891021013259887695e-01) (11, 1.28321290016174316406e-01) 
