FANN_FLO_2.1
num_layers=4
learning_rate=0.450000
connection_rate=1.000000
network_type=0
learning_momentum=0.000000
training_algorithm=2
train_error_function=1
train_stop_function=0
cascade_output_change_fraction=0.010000
quickprop_decay=-0.000100
quickprop_mu=1.750000
rprop_increase_factor=1.200000
rprop_decrease_factor=0.500000
rprop_delta_min=0.000000
rprop_delta_max=50.000000
rprop_delta_zero=0.100000
cascade_output_stagnation_epochs=12
cascade_candidate_change_fraction=0.010000
cascade_candidate_stagnation_epochs=12
cascade_max_out_epochs=150
cascade_min_out_epochs=50
cascade_max_cand_epochs=150
cascade_min_cand_epochs=50
cascade_num_candidate_groups=2
bit_fail_limit=3.49999994039535522461e-01
cascade_candidate_limit=1.00000000000000000000e+03
cascade_weight_multiplier=4.00000005960464477539e-01
cascade_activation_functions_count=10
cascade_activation_functions=3 5 7 8 10 11 14 15 16 17 
cascade_activation_steepnesses_count=4
cascade_activation_steepnesses=2.50000000000000000000e-01 5.00000000000000000000e-01 7.50000000000000000000e-01 1.00000000000000000000e+00 
layer_sizes=7 5 5 2 
scale_included=0
neurons (num_inputs, activation_function, activation_steepness)=(0, 0, 0.00000000000000000000e+00) (0, 0, 0.00000000000000000000e+00) (0, 0, 0.00000000000000000000e+00) (0, 0, 0.00000000000000000000e+00) (0, 0, 0.00000000000000000000e+00) (0, 0, 0.00000000000000000000e+00) (0, 0, 0.00000000000000000000e+00) (7, 3, 5.00000000000000000000e-01) (7, 3, 5.00000000000000000000e-01) (7, 3, 5.00000000000000000000e-01) (7, 3, 5.00000000000000000000e-01) (0, 3, 0.00000000000000000000e+00) (5, 3, 5.00000000000000000000e-01) (5, 3, 5.00000000000000000000e-01) (5, 3, 5.00000000000000000000e-01) (5, 3, 5.00000000000000000000e-01) (0, 3, 0.00000000000000000000e+00) (5, 0, 5.00000000000000000000e-01) (0, 0, 0.00000000000000000000e+00) 
connections (connected_to_neuron, weight)=(0, 4.50835675001144409180e-01) (1, 2.40197944641113281250e+00) (2, -5.67102241516113281250e+00) (3, 1.27093084156513214111e-02) (4, 1.02183904647827148438e+01) (5, 1.35381400585174560547e+00) (6, -1.09546117782592773438e+01) (0, -1.40451893210411071777e-01) (1, 2.62160867452621459961e-01) (2, 1.05707816779613494873e-01) (3, -1.39715746045112609863e-01) (4, -4.46759238839149475098e-02) (5, -2.54289247095584869385e-02) (6, 1.11407530307769775391e+00) (0, -7.92710632085800170898e-02) (1, -9.72407400608062744141e-01) (2, -3.63847792148590087891e-01) (3, 5.00226497650146484375e-01) (4, 2.26776316761970520020e-01) (5, -1.87706306576728820801e-01) (6, 4.20210456848144531250e+00) (0, -9.14403423666954040527e-02) (1, 3.70511382818222045898e-01) (2, -1.51723951101303100586e-01) (3, 2.03293308615684509277e-01) (4, 2.40872666239738464355e-01) (5, -5.69594323635101318359e-01) (6, 1.48549199104309082031e+00) (7, 2.28601217269897460938e+00) (8, -1.40363168716430664062e+01) (9, -4.25851011276245117188e+00) (10, -6.09477376937866210938e+00) (11, 5.54078161716461181641e-01) (7, 2.19176673889160156250e+00) (8, -1.25614509582519531250e+01) (9, 1.83604564666748046875e+01) (10, -1.71084821224212646484e+00) (11, 1.61593735218048095703e-01) (7, 3.38728046417236328125e+00) (8, 2.38465976715087890625e+01) (9, -2.25447559356689453125e+00) (10, 6.33265227079391479492e-02) (11, 1.39236688613891601562e+00) (7, 1.97168993949890136719e+00) (8, -2.36661982536315917969e+00) (9, -2.09300518035888671875e+00) (10, -5.26459455490112304688e+00) (11, -1.77115537226200103760e-02) (12, 3.56210994720458984375e+00) (13, -1.26070491969585418701e-02) (14, -7.25802704691886901855e-02) (15, -8.63387942314147949219e-01) (16, 9.87857431173324584961e-02) 
