FANN_FLO_2.1
num_layers=3
learning_rate=0.400000
connection_rate=1.000000
network_type=0
learning_momentum=0.000000
training_algorithm=2
train_error_function=1
train_stop_function=0
cascade_output_change_fraction=0.010000
quickprop_decay=-0.000100
quickprop_mu=1.750000
rprop_increase_factor=1.200000
rprop_decrease_factor=0.500000
rprop_delta_min=0.000000
rprop_delta_max=50.000000
rprop_delta_zero=0.100000
cascade_output_stagnation_epochs=12
cascade_candidate_change_fraction=0.010000
cascade_candidate_stagnation_epochs=12
cascade_max_out_epochs=150
cascade_min_out_epochs=50
cascade_max_cand_epochs=150
cascade_min_cand_epochs=50
cascade_num_candidate_groups=2
bit_fail_limit=3.49999994039535522461e-01
cascade_candidate_limit=1.00000000000000000000e+03
cascade_weight_multiplier=4.00000005960464477539e-01
cascade_activation_functions_count=10
cascade_activation_functions=3 5 7 8 10 11 14 15 16 17 
cascade_activation_steepnesses_count=4
cascade_activation_steepnesses=2.50000000000000000000e-01 5.00000000000000000000e-01 7.50000000000000000000e-01 1.00000000000000000000e+00 
layer_sizes=10 3 2 
scale_included=0
neurons (num_inputs, activation_function, activation_steepness)=(0, 0, 0.00000000000000000000e+00) (0, 0, 0.00000000000000000000e+00) (0, 0, 0.00000000000000000000e+00) (0, 0, 0.00000000000000000000e+00) (0, 0, 0.00000000000000000000e+00) (0, 0, 0.00000000000000000000e+00) (0, 0, 0.00000000000000000000e+00) (0, 0, 0.00000000000000000000e+00) (0, 0, 0.00000000000000000000e+00) (0, 0, 0.00000000000000000000e+00) (10, 3, 5.00000000000000000000e-01) (10, 3, 5.00000000000000000000e-01) (0, 3, 0.00000000000000000000e+00) (3, 3, 5.00000000000000000000e-01) (0, 3, 0.00000000000000000000e+00) 
connections (connected_to_neuron, weight)=(0, 1.11895658075809478760e-01) (1, 2.17876315116882324219e-01) (2, 7.79185593128204345703e-02) (3, 6.55953437089920043945e-02) (4, 7.44116753339767456055e-02) (5, 1.99041485786437988281e-01) (6, 1.27581149339675903320e-01) (7, 1.99816137552261352539e-01) (8, 1.25317901372909545898e-01) (9, 3.67583930492401123047e-02) (0, -1.21746242046356201172e-01) (1, -2.04917639493942260742e-01) (2, -8.48119482398033142090e-02) (3, -5.75679168105125427246e-02) (4, -1.30787789821624755859e-01) (5, -1.57137960195541381836e-01) (6, -2.07791164517402648926e-01) (7, -4.48231473565101623535e-02) (8, -1.96493908762931823730e-01) (9, -9.34368595480918884277e-02) (10, 2.02703028917312622070e-01) (11, 5.01686930656433105469e-02) (12, 1.28804787993431091309e-01) 
