FANN_FLO_2.1
num_layers=3
learning_rate=0.500000
connection_rate=1.000000
network_type=0
learning_momentum=0.000000
training_algorithm=2
train_error_function=1
train_stop_function=0
cascade_output_change_fraction=0.010000
quickprop_decay=-0.000100
quickprop_mu=1.750000
rprop_increase_factor=1.200000
rprop_decrease_factor=0.500000
rprop_delta_min=0.000000
rprop_delta_max=50.000000
rprop_delta_zero=0.100000
cascade_output_stagnation_epochs=12
cascade_candidate_change_fraction=0.010000
cascade_candidate_stagnation_epochs=12
cascade_max_out_epochs=150
cascade_min_out_epochs=50
cascade_max_cand_epochs=150
cascade_min_cand_epochs=50
cascade_num_candidate_groups=2
bit_fail_limit=3.49999994039535522461e-01
cascade_candidate_limit=1.00000000000000000000e+03
cascade_weight_multiplier=4.00000005960464477539e-01
cascade_activation_functions_count=10
cascade_activation_functions=3 5 7 8 10 11 14 15 16 17 
cascade_activation_steepnesses_count=4
cascade_activation_steepnesses=2.50000000000000000000e-01 5.00000000000000000000e-01 7.50000000000000000000e-01 1.00000000000000000000e+00 
layer_sizes=7 9 2 
scale_included=0
neurons (num_inputs, activation_function, activation_steepness)=(0, 0, 0.00000000000000000000e+00) (0, 0, 0.00000000000000000000e+00) (0, 0, 0.00000000000000000000e+00) (0, 0, 0.00000000000000000000e+00) (0, 0, 0.00000000000000000000e+00) (0, 0, 0.00000000000000000000e+00) (0, 0, 0.00000000000000000000e+00) (7, 3, 5.00000000000000000000e-01) (7, 3, 5.00000000000000000000e-01) (7, 3, 5.00000000000000000000e-01) (7, 3, 5.00000000000000000000e-01) (7, 3, 5.00000000000000000000e-01) (7, 3, 5.00000000000000000000e-01) (7, 3, 5.00000000000000000000e-01) (7, 3, 5.00000000000000000000e-01) (0, 3, 0.00000000000000000000e+00) (9, 0, 5.00000000000000000000e-01) (0, 0, 0.00000000000000000000e+00) 
connections (connected_to_neuron, weight)=(0, -9.24244344234466552734e-01) (1, -5.60598492622375488281e-01) (2, 1.47270703315734863281e+00) (3, -9.90996420383453369141e-01) (4, -1.50000000000000000000e+03) (5, -1.78366336822509765625e+01) (6, -8.36400806903839111328e-01) (0, 1.47457510232925415039e-01) (1, -2.01517432928085327148e-01) (2, -2.54424301147460937500e+02) (3, 1.70615188598632812500e+02) (4, 1.50000000000000000000e+03) (5, 1.50000000000000000000e+03) (6, 3.85469913482666015625e-01) (0, -6.76958739757537841797e-01) (1, 2.16512590646743774414e-01) (2, 2.75819110870361328125e+00) (3, -6.82035744190216064453e-01) (4, 1.40763878822326660156e-01) (5, -7.50765502452850341797e-01) (6, -7.35332727432250976562e-01) (0, -7.57965147495269775391e-01) (1, -5.48072934150695800781e-01) (2, 4.75813751220703125000e+01) (3, -1.25956974029541015625e+01) (4, -1.50000000000000000000e+03) (5, -1.50000000000000000000e+03) (6, -7.74323225021362304688e-01) (0, -7.04141199588775634766e-01) (1, 1.48930037394165992737e-02) (2, 1.30127918720245361328e+00) (3, -7.10102617740631103516e-01) (4, 7.16103136539459228516e-01) (5, -4.94343250989913940430e-01) (6, -3.64305758476257324219e+00) (0, 3.09952795505523681641e-01) (1, -2.33446240425109863281e-01) (2, 4.83060379028320312500e+01) (3, -2.91921257972717285156e-01) (4, 8.06330800056457519531e-01) (5, -4.06672596931457519531e-01) (6, 1.58317482471466064453e+00) (0, -2.10924848914146423340e-01) (1, 1.25702947378158569336e-01) (2, 7.68176794052124023438e-01) (3, -2.44012415409088134766e-01) (4, 1.17302566766738891602e-01) (5, -3.03113907575607299805e-01) (6, -8.61597001552581787109e-01) (0, -1.03434848785400390625e+00) (1, -8.29337537288665771484e-01) (2, 4.69775676727294921875e+00) (3, -7.75359869003295898438e-01) (4, 1.17334423828125000000e+03) (5, 2.65312530517578125000e+02) (6, -1.21275377273559570312e+00) (7, 1.50000000000000000000e+03) (8, -6.32505238056182861328e-01) (9, 6.78248852491378784180e-02) (10, 1.50000000000000000000e+03) (11, -4.02779225260019302368e-03) (12, 6.45018756389617919922e-01) (13, -8.19372162222862243652e-02) (14, -4.76832687854766845703e-03) (15, 1.08716534450650215149e-02) 
