FANN_FLO_2.1
num_layers=3
learning_rate=0.400000
connection_rate=1.000000
network_type=0
learning_momentum=0.000000
training_algorithm=2
train_error_function=1
train_stop_function=0
cascade_output_change_fraction=0.010000
quickprop_decay=-0.000100
quickprop_mu=1.750000
rprop_increase_factor=1.200000
rprop_decrease_factor=0.500000
rprop_delta_min=0.000000
rprop_delta_max=50.000000
rprop_delta_zero=0.100000
cascade_output_stagnation_epochs=12
cascade_candidate_change_fraction=0.010000
cascade_candidate_stagnation_epochs=12
cascade_max_out_epochs=150
cascade_min_out_epochs=50
cascade_max_cand_epochs=150
cascade_min_cand_epochs=50
cascade_num_candidate_groups=2
bit_fail_limit=3.49999994039535522461e-01
cascade_candidate_limit=1.00000000000000000000e+03
cascade_weight_multiplier=4.00000005960464477539e-01
cascade_activation_functions_count=10
cascade_activation_functions=3 5 7 8 10 11 14 15 16 17 
cascade_activation_steepnesses_count=4
cascade_activation_steepnesses=2.50000000000000000000e-01 5.00000000000000000000e-01 7.50000000000000000000e-01 1.00000000000000000000e+00 
layer_sizes=10 3 2 
scale_included=0
neurons (num_inputs, activation_function, activation_steepness)=(0, 0, 0.00000000000000000000e+00) (0, 0, 0.00000000000000000000e+00) (0, 0, 0.00000000000000000000e+00) (0, 0, 0.00000000000000000000e+00) (0, 0, 0.00000000000000000000e+00) (0, 0, 0.00000000000000000000e+00) (0, 0, 0.00000000000000000000e+00) (0, 0, 0.00000000000000000000e+00) (0, 0, 0.00000000000000000000e+00) (0, 0, 0.00000000000000000000e+00) (10, 3, 5.00000000000000000000e-01) (10, 3, 5.00000000000000000000e-01) (0, 3, 0.00000000000000000000e+00) (3, 3, 5.00000000000000000000e-01) (0, 3, 0.00000000000000000000e+00) 
connections (connected_to_neuron, weight)=(0, -1.10132098197937011719e-01) (1, -8.03623124957084655762e-02) (2, -1.95625364780426025391e-01) (3, -9.23008993268013000488e-02) (4, -1.01944968104362487793e-01) (5, -6.21149465441703796387e-02) (6, -4.00572493672370910645e-02) (7, -1.84690952301025390625e-01) (8, -8.92980620265007019043e-02) (9, -2.37651243805885314941e-02) (0, -1.12909495830535888672e-01) (1, -1.55767500400543212891e-01) (2, -2.10314363241195678711e-01) (3, -1.45059362053871154785e-01) (4, -7.03579857945442199707e-02) (5, -1.57655775547027587891e-01) (6, -2.06734463572502136230e-02) (7, -1.39071255922317504883e-01) (8, -2.08988994359970092773e-01) (9, -1.38918399810791015625e-01) (10, -2.60463580489158630371e-02) (11, -2.03760191798210144043e-02) (12, -2.00738728046417236328e-01) 
