FANN_FLO_2.1
num_layers=4
learning_rate=0.300000
connection_rate=1.000000
network_type=0
learning_momentum=0.000000
training_algorithm=2
train_error_function=1
train_stop_function=0
cascade_output_change_fraction=0.010000
quickprop_decay=-0.000100
quickprop_mu=1.750000
rprop_increase_factor=1.200000
rprop_decrease_factor=0.500000
rprop_delta_min=0.000000
rprop_delta_max=50.000000
rprop_delta_zero=0.100000
cascade_output_stagnation_epochs=12
cascade_candidate_change_fraction=0.010000
cascade_candidate_stagnation_epochs=12
cascade_max_out_epochs=150
cascade_min_out_epochs=50
cascade_max_cand_epochs=150
cascade_min_cand_epochs=50
cascade_num_candidate_groups=2
bit_fail_limit=3.49999994039535522461e-01
cascade_candidate_limit=1.00000000000000000000e+03
cascade_weight_multiplier=4.00000005960464477539e-01
cascade_activation_functions_count=10
cascade_activation_functions=3 5 7 8 10 11 14 15 16 17 
cascade_activation_steepnesses_count=4
cascade_activation_steepnesses=2.50000000000000000000e-01 5.00000000000000000000e-01 7.50000000000000000000e-01 1.00000000000000000000e+00 
layer_sizes=2 5 5 3 
scale_included=0
neurons (num_inputs, activation_function, activation_steepness)=(0, 0, 0.00000000000000000000e+00) (0, 0, 0.00000000000000000000e+00) (2, 3, 5.00000000000000000000e-01) (2, 3, 5.00000000000000000000e-01) (2, 3, 5.00000000000000000000e-01) (2, 3, 5.00000000000000000000e-01) (0, 3, 0.00000000000000000000e+00) (5, 3, 5.00000000000000000000e-01) (5, 3, 5.00000000000000000000e-01) (5, 3, 5.00000000000000000000e-01) (5, 3, 5.00000000000000000000e-01) (0, 3, 0.00000000000000000000e+00) (5, 0, 5.00000000000000000000e-01) (5, 0, 5.00000000000000000000e-01) (0, 0, 0.00000000000000000000e+00) 
connections (connected_to_neuron, weight)=(0, -2.04277992248535156250e+01) (1, -1.66745738983154296875e+01) (0, -4.04821097850799560547e-01) (1, -5.21306395530700683594e-01) (0, -6.29818439483642578125e-01) (1, -8.74083638191223144531e-01) (0, -1.28088951110839843750e+00) (1, -3.28500294685363769531e+00) (2, 1.92149651050567626953e+00) (3, 2.52597898244857788086e-01) (4, 6.88362956047058105469e-01) (5, 1.16953802108764648438e+00) (6, 1.42407445237040519714e-02) (2, -3.21388423442840576172e-01) (3, -3.31331491470336914062e-01) (4, -4.39213067293167114258e-01) (5, -7.46380448341369628906e-01) (6, -1.78557723760604858398e-01) (2, 8.44760298728942871094e-01) (3, 2.03642740845680236816e-01) (4, 2.66775518655776977539e-01) (5, 1.42821574211120605469e+00) (6, 4.64921770617365837097e-03) (2, 2.25263166427612304688e+00) (3, 2.26010724902153015137e-01) (4, 4.64379072189331054688e-01) (5, 1.26732063293457031250e+00) (6, 8.28848108649253845215e-02) (7, 1.11488133668899536133e-01) (8, -5.58126330375671386719e-01) (9, 9.51061695814132690430e-02) (10, 5.38294650614261627197e-02) (11, -6.78520947694778442383e-02) (7, -6.91783964633941650391e-01) (8, 9.06236708164215087891e-01) (9, -5.21152079105377197266e-01) (10, -7.52838432788848876953e-01) (11, -5.32639861106872558594e-01) 
