FANN_FLO_2.1
num_layers=3
learning_rate=0.450000
connection_rate=1.000000
network_type=0
learning_momentum=0.000000
training_algorithm=2
train_error_function=1
train_stop_function=0
cascade_output_change_fraction=0.010000
quickprop_decay=-0.000100
quickprop_mu=1.750000
rprop_increase_factor=1.200000
rprop_decrease_factor=0.500000
rprop_delta_min=0.000000
rprop_delta_max=50.000000
rprop_delta_zero=0.100000
cascade_output_stagnation_epochs=12
cascade_candidate_change_fraction=0.010000
cascade_candidate_stagnation_epochs=12
cascade_max_out_epochs=150
cascade_min_out_epochs=50
cascade_max_cand_epochs=150
cascade_min_cand_epochs=50
cascade_num_candidate_groups=2
bit_fail_limit=3.49999994039535522461e-01
cascade_candidate_limit=1.00000000000000000000e+03
cascade_weight_multiplier=4.00000005960464477539e-01
cascade_activation_functions_count=10
cascade_activation_functions=3 5 7 8 10 11 14 15 16 17 
cascade_activation_steepnesses_count=4
cascade_activation_steepnesses=2.50000000000000000000e-01 5.00000000000000000000e-01 7.50000000000000000000e-01 1.00000000000000000000e+00 
layer_sizes=7 5 2 
scale_included=0
neurons (num_inputs, activation_function, activation_steepness)=(0, 0, 0.00000000000000000000e+00) (0, 0, 0.00000000000000000000e+00) (0, 0, 0.00000000000000000000e+00) (0, 0, 0.00000000000000000000e+00) (0, 0, 0.00000000000000000000e+00) (0, 0, 0.00000000000000000000e+00) (0, 0, 0.00000000000000000000e+00) (7, 3, 5.00000000000000000000e-01) (7, 3, 5.00000000000000000000e-01) (7, 3, 5.00000000000000000000e-01) (7, 3, 5.00000000000000000000e-01) (0, 3, 0.00000000000000000000e+00) (5, 0, 5.00000000000000000000e-01) (0, 0, 0.00000000000000000000e+00) 
connections (connected_to_neuron, weight)=(0, -5.35235702991485595703e-02) (1, 3.29736173152923583984e-01) (2, -3.39216828346252441406e-01) (3, 2.05764651298522949219e-01) (4, 3.78698855638504028320e-01) (5, -4.84487116336822509766e-01) (6, 5.93795597553253173828e-01) (0, 4.40019145607948303223e-02) (1, 4.10758070647716522217e-02) (2, 1.65853649377822875977e-01) (3, -2.14376673102378845215e-01) (4, -5.32336175441741943359e-01) (5, 4.65315669775009155273e-01) (6, -6.99344456195831298828e-01) (0, -2.44309005737304687500e+02) (1, -1.01287817382812500000e+03) (2, -8.09492990374565124512e-02) (3, 4.67656951904296875000e+02) (4, 1.22778210449218750000e+03) (5, 1.50000000000000000000e+03) (6, 2.20032230019569396973e-01) (0, -2.09669799804687500000e+02) (1, -2.22823715209960937500e+01) (2, -5.15042185783386230469e-01) (3, -6.84520602226257324219e-01) (4, -4.45258110761642456055e-01) (5, 1.39217858886718750000e+03) (6, 3.39053094387054443359e-01) (7, -2.16034501791000366211e-01) (8, -1.43503576517105102539e-01) (9, -2.14373506605625152588e-02) (10, -1.29781209398061037064e-03) (11, 2.43542879819869995117e-01) 
