FANN_FLO_2.1
num_layers=3
learning_rate=0.500000
connection_rate=1.000000
network_type=0
learning_momentum=0.000000
training_algorithm=2
train_error_function=1
train_stop_function=0
cascade_output_change_fraction=0.010000
quickprop_decay=-0.000100
quickprop_mu=1.750000
rprop_increase_factor=1.200000
rprop_decrease_factor=0.500000
rprop_delta_min=0.000000
rprop_delta_max=50.000000
rprop_delta_zero=0.100000
cascade_output_stagnation_epochs=12
cascade_candidate_change_fraction=0.010000
cascade_candidate_stagnation_epochs=12
cascade_max_out_epochs=150
cascade_min_out_epochs=50
cascade_max_cand_epochs=150
cascade_min_cand_epochs=50
cascade_num_candidate_groups=2
bit_fail_limit=3.49999994039535522461e-01
cascade_candidate_limit=1.00000000000000000000e+03
cascade_weight_multiplier=4.00000005960464477539e-01
cascade_activation_functions_count=10
cascade_activation_functions=3 5 7 8 10 11 14 15 16 17 
cascade_activation_steepnesses_count=4
cascade_activation_steepnesses=2.50000000000000000000e-01 5.00000000000000000000e-01 7.50000000000000000000e-01 1.00000000000000000000e+00 
layer_sizes=3 5 4 
scale_included=0
neurons (num_inputs, activation_function, activation_steepness)=(0, 0, 0.00000000000000000000e+00) (0, 0, 0.00000000000000000000e+00) (0, 0, 0.00000000000000000000e+00) (3, 3, 5.00000000000000000000e-01) (3, 3, 5.00000000000000000000e-01) (3, 3, 5.00000000000000000000e-01) (3, 3, 5.00000000000000000000e-01) (0, 3, 0.00000000000000000000e+00) (5, 0, 5.00000000000000000000e-01) (5, 0, 5.00000000000000000000e-01) (5, 0, 5.00000000000000000000e-01) (0, 0, 0.00000000000000000000e+00) 
connections (connected_to_neuron, weight)=(0, -1.50000000000000000000e+03) (1, -4.88319458007812500000e+02) (2, 1.67578048706054687500e+02) (0, -1.50000000000000000000e+03) (1, -1.49865026855468750000e+03) (2, 4.37225294113159179688e+00) (0, -1.50000000000000000000e+03) (1, 4.50022363662719726562e+00) (2, 1.83000732421875000000e+02) (0, -1.44320945739746093750e+01) (1, 9.26901245117187500000e+00) (2, 1.17643985748291015625e+01) (3, 1.78083169460296630859e+00) (4, 2.13737678527832031250e+00) (5, 2.05347371101379394531e+00) (6, 2.40592718124389648438e+00) (7, 1.63902413845062255859e+00) (3, 4.24566698074340820312e+00) (4, 5.80044984817504882812e+00) (5, 5.37396287918090820312e+00) (6, 8.78927898406982421875e+00) (7, 6.50991868972778320312e+00) (3, 1.47544565200805664062e+01) (4, 1.76993656158447265625e+01) (5, 1.68973426818847656250e+01) (6, 2.72059097290039062500e+01) (7, 2.63163795471191406250e+01) 
