FANN_FLO_2.1
num_layers=3
learning_rate=0.500000
connection_rate=1.000000
network_type=0
learning_momentum=0.000000
training_algorithm=2
train_error_function=1
train_stop_function=0
cascade_output_change_fraction=0.010000
quickprop_decay=-0.000100
quickprop_mu=1.750000
rprop_increase_factor=1.200000
rprop_decrease_factor=0.500000
rprop_delta_min=0.000000
rprop_delta_max=50.000000
rprop_delta_zero=0.100000
cascade_output_stagnation_epochs=12
cascade_candidate_change_fraction=0.010000
cascade_candidate_stagnation_epochs=12
cascade_max_out_epochs=150
cascade_min_out_epochs=50
cascade_max_cand_epochs=150
cascade_min_cand_epochs=50
cascade_num_candidate_groups=2
bit_fail_limit=3.49999994039535522461e-01
cascade_candidate_limit=1.00000000000000000000e+03
cascade_weight_multiplier=4.00000005960464477539e-01
cascade_activation_functions_count=10
cascade_activation_functions=3 5 7 8 10 11 14 15 16 17 
cascade_activation_steepnesses_count=4
cascade_activation_steepnesses=2.50000000000000000000e-01 5.00000000000000000000e-01 7.50000000000000000000e-01 1.00000000000000000000e+00 
layer_sizes=10 5 2 
scale_included=0
neurons (num_inputs, activation_function, activation_steepness)=(0, 0, 0.00000000000000000000e+00) (0, 0, 0.00000000000000000000e+00) (0, 0, 0.00000000000000000000e+00) (0, 0, 0.00000000000000000000e+00) (0, 0, 0.00000000000000000000e+00) (0, 0, 0.00000000000000000000e+00) (0, 0, 0.00000000000000000000e+00) (0, 0, 0.00000000000000000000e+00) (0, 0, 0.00000000000000000000e+00) (0, 0, 0.00000000000000000000e+00) (10, 3, 5.00000000000000000000e-01) (10, 3, 5.00000000000000000000e-01) (10, 3, 5.00000000000000000000e-01) (10, 3, 5.00000000000000000000e-01) (0, 3, 0.00000000000000000000e+00) (5, 3, 5.00000000000000000000e-01) (0, 3, 0.00000000000000000000e+00) 
connections (connected_to_neuron, weight)=(0, -3.80235731601715087891e-01) (1, -3.34965705871582031250e-01) (2, -4.87882643938064575195e-01) (3, -3.31687778234481811523e-01) (4, -3.52274626493453979492e-01) (5, -3.45033079385757446289e-01) (6, -3.78461629152297973633e-01) (7, -4.15458142757415771484e-01) (8, -3.44302177429199218750e-01) (9, 9.47219491004943847656e-01) (0, -4.55666989088058471680e-01) (1, -2.25080132484436035156e-01) (2, 1.72076206654310226440e-02) (3, -4.86550569534301757812e-01) (4, -4.76539164781570434570e-01) (5, -2.59741902351379394531e-01) (6, -3.29544484615325927734e-01) (7, -4.07524704933166503906e-01) (8, -5.35077512264251708984e-01) (9, 7.44062125682830810547e-01) (0, 8.00651431083679199219e-01) (1, 1.50000000000000000000e+03) (2, 3.88069581985473632812e+00) (3, 1.50000000000000000000e+03) (4, 1.50000000000000000000e+03) (5, 1.50000000000000000000e+03) (6, 1.50000000000000000000e+03) (7, 1.50000000000000000000e+03) (8, 1.50000000000000000000e+03) (9, 3.77723383903503417969e+00) (0, 2.98789083957672119141e-01) (1, 7.33938097953796386719e-01) (2, 8.93627822399139404297e-01) (3, 1.36867538094520568848e-01) (4, 3.00084263086318969727e-01) (5, 6.60747528076171875000e-01) (6, 5.02995491027832031250e-01) (7, 2.50614047050476074219e-01) (8, 1.38158231973648071289e-01) (9, -1.51572203636169433594e+00) (10, -2.41520953178405761719e+00) (11, -2.03061866760253906250e+00) (12, 6.31054341793060302734e-01) (13, 1.03237771987915039062e+00) (14, 1.49619951844215393066e-01) 
