FANN_FLO_2.1
num_layers=3
learning_rate=0.500000
connection_rate=1.000000
network_type=0
learning_momentum=0.000000
training_algorithm=2
train_error_function=1
train_stop_function=0
cascade_output_change_fraction=0.010000
quickprop_decay=-0.000100
quickprop_mu=1.750000
rprop_increase_factor=1.200000
rprop_decrease_factor=0.500000
rprop_delta_min=0.000000
rprop_delta_max=50.000000
rprop_delta_zero=0.100000
cascade_output_stagnation_epochs=12
cascade_candidate_change_fraction=0.010000
cascade_candidate_stagnation_epochs=12
cascade_max_out_epochs=150
cascade_min_out_epochs=50
cascade_max_cand_epochs=150
cascade_min_cand_epochs=50
cascade_num_candidate_groups=2
bit_fail_limit=3.49999994039535522461e-01
cascade_candidate_limit=1.00000000000000000000e+03
cascade_weight_multiplier=4.00000005960464477539e-01
cascade_activation_functions_count=10
cascade_activation_functions=3 5 7 8 10 11 14 15 16 17 
cascade_activation_steepnesses_count=4
cascade_activation_steepnesses=2.50000000000000000000e-01 5.00000000000000000000e-01 7.50000000000000000000e-01 1.00000000000000000000e+00 
layer_sizes=7 9 2 
scale_included=0
neurons (num_inputs, activation_function, activation_steepness)=(0, 0, 0.00000000000000000000e+00) (0, 0, 0.00000000000000000000e+00) (0, 0, 0.00000000000000000000e+00) (0, 0, 0.00000000000000000000e+00) (0, 0, 0.00000000000000000000e+00) (0, 0, 0.00000000000000000000e+00) (0, 0, 0.00000000000000000000e+00) (7, 3, 5.00000000000000000000e-01) (7, 3, 5.00000000000000000000e-01) (7, 3, 5.00000000000000000000e-01) (7, 3, 5.00000000000000000000e-01) (7, 3, 5.00000000000000000000e-01) (7, 3, 5.00000000000000000000e-01) (7, 3, 5.00000000000000000000e-01) (7, 3, 5.00000000000000000000e-01) (0, 3, 0.00000000000000000000e+00) (9, 0, 5.00000000000000000000e-01) (0, 0, 0.00000000000000000000e+00) 
connections (connected_to_neuron, weight)=(0, 1.47717282176017761230e-01) (1, -1.34471431374549865723e-01) (2, 1.76908791065216064453e-01) (3, 8.09479057788848876953e-02) (4, -4.16862547397613525391e-01) (5, 1.00270725786685943604e-01) (6, -2.75000125169754028320e-01) (0, -5.75612366199493408203e-01) (1, -1.72785878181457519531e-01) (2, -1.33361328125000000000e+03) (3, -1.12017644569277763367e-02) (4, 9.19600367546081542969e-01) (5, 1.35628283023834228516e+00) (6, -5.88003993034362792969e-01) (0, -1.02222591638565063477e-01) (1, 4.90512043237686157227e-01) (2, -4.58682805299758911133e-01) (3, 1.38965785503387451172e-01) (4, -7.74278417229652404785e-02) (5, -7.44886875152587890625e-01) (6, -1.58072486519813537598e-01) (0, -3.67523461580276489258e-01) (1, -5.65448738634586334229e-02) (2, -2.76930242776870727539e-01) (3, -4.52016890048980712891e-02) (4, 2.79222935438156127930e-01) (5, 6.58549189567565917969e-01) (6, -1.16283319890499114990e-01) (0, -5.13873338699340820312e-01) (1, 1.53785228729248046875e-01) (2, -8.35921249389648437500e+01) (3, -2.66043812036514282227e-01) (4, 5.21684885025024414062e-01) (5, 2.33717143535614013672e-01) (6, -5.46020984649658203125e-01) (0, -2.39257469773292541504e-01) (1, -3.39208990335464477539e-01) (2, -2.90165483951568603516e-01) (3, 7.80984759330749511719e-02) (4, 1.01613521575927734375e+00) (5, 1.04964934289455413818e-01) (6, -2.81663441658020019531e+00) (0, -1.01007425785064697266e+00) (1, -5.69537460803985595703e-01) (2, -3.26894805908203125000e+02) (3, -1.39694869518280029297e+00) (4, -6.94413602352142333984e-01) (5, -1.16004383563995361328e+00) (6, -5.71819663047790527344e-01) (0, -1.04092359542846679688e+00) (1, -1.10903322696685791016e+00) (2, 2.18086552619934082031e+00) (3, -4.44330349564552307129e-02) (4, 3.70414137840270996094e-01) (5, -1.84319317340850830078e-01) (6, -5.59979677200317382812e-01) (7, 2.25926816463470458984e-01) (8, -2.29277666658163070679e-02) (9, 1.28816515207290649414e-01) (10, 1.06696568429470062256e-01) (11, -2.44217664003372192383e-02) (12, 7.08422511816024780273e-02) (13, 2.25644993782043457031e+00) (14, -5.87991401553153991699e-02) (15, -1.77213534712791442871e-01) 
