FANN_FLO_2.1
num_layers=3
learning_rate=0.450000
connection_rate=1.000000
network_type=0
learning_momentum=0.000000
training_algorithm=2
train_error_function=1
train_stop_function=0
cascade_output_change_fraction=0.010000
quickprop_decay=-0.000100
quickprop_mu=1.750000
rprop_increase_factor=1.200000
rprop_decrease_factor=0.500000
rprop_delta_min=0.000000
rprop_delta_max=50.000000
rprop_delta_zero=0.100000
cascade_output_stagnation_epochs=12
cascade_candidate_change_fraction=0.010000
cascade_candidate_stagnation_epochs=12
cascade_max_out_epochs=150
cascade_min_out_epochs=50
cascade_max_cand_epochs=150
cascade_min_cand_epochs=50
cascade_num_candidate_groups=2
bit_fail_limit=3.49999994039535522461e-01
cascade_candidate_limit=1.00000000000000000000e+03
cascade_weight_multiplier=4.00000005960464477539e-01
cascade_activation_functions_count=10
cascade_activation_functions=3 5 7 8 10 11 14 15 16 17 
cascade_activation_steepnesses_count=4
cascade_activation_steepnesses=2.50000000000000000000e-01 5.00000000000000000000e-01 7.50000000000000000000e-01 1.00000000000000000000e+00 
layer_sizes=7 5 2 
scale_included=0
neurons (num_inputs, activation_function, activation_steepness)=(0, 0, 0.00000000000000000000e+00) (0, 0, 0.00000000000000000000e+00) (0, 0, 0.00000000000000000000e+00) (0, 0, 0.00000000000000000000e+00) (0, 0, 0.00000000000000000000e+00) (0, 0, 0.00000000000000000000e+00) (0, 0, 0.00000000000000000000e+00) (7, 3, 5.00000000000000000000e-01) (7, 3, 5.00000000000000000000e-01) (7, 3, 5.00000000000000000000e-01) (7, 3, 5.00000000000000000000e-01) (0, 3, 0.00000000000000000000e+00) (5, 0, 5.00000000000000000000e-01) (0, 0, 0.00000000000000000000e+00) 
connections (connected_to_neuron, weight)=(0, -6.34858548641204833984e-01) (1, -1.13280785083770751953e+00) (2, 4.62106466293334960938e+00) (3, -1.24831752777099609375e+01) (4, -1.57479941844940185547e+00) (5, -8.03025662899017333984e-01) (6, -1.49804544448852539062e+00) (0, -3.73875238001346588135e-02) (1, -3.10997873544692993164e-01) (2, -5.30775226652622222900e-02) (3, 5.24643585085868835449e-02) (4, -3.55798564851284027100e-02) (5, 3.88123989105224609375e-01) (6, 7.00491845607757568359e-01) (0, -7.46785849332809448242e-02) (1, -1.89094632863998413086e-01) (2, -1.38808451592922210693e-02) (3, -4.13797087967395782471e-02) (4, -4.18450981378555297852e-02) (5, 3.28942179679870605469e-01) (6, -4.16046082973480224609e-01) (0, -5.95455586910247802734e-01) (1, -7.06351816654205322266e-01) (2, 3.72958540916442871094e+00) (3, -1.10767736434936523438e+01) (4, -7.65380024909973144531e-01) (5, -6.04481458663940429688e-01) (6, -7.78559505939483642578e-01) (7, -3.02089630126953125000e+02) (8, 4.71205621957778930664e-01) (9, -3.73291075229644775391e-01) (10, 2.02251037597656250000e+02) (11, -1.43558993935585021973e-01) 
