FANN_FLO_2.1
num_layers=3
learning_rate=0.500000
connection_rate=1.000000
network_type=0
learning_momentum=0.000000
training_algorithm=2
train_error_function=1
train_stop_function=0
cascade_output_change_fraction=0.010000
quickprop_decay=-0.000100
quickprop_mu=1.750000
rprop_increase_factor=1.200000
rprop_decrease_factor=0.500000
rprop_delta_min=0.000000
rprop_delta_max=50.000000
rprop_delta_zero=0.100000
cascade_output_stagnation_epochs=12
cascade_candidate_change_fraction=0.010000
cascade_candidate_stagnation_epochs=12
cascade_max_out_epochs=150
cascade_min_out_epochs=50
cascade_max_cand_epochs=150
cascade_min_cand_epochs=50
cascade_num_candidate_groups=2
bit_fail_limit=3.49999994039535522461e-01
cascade_candidate_limit=1.00000000000000000000e+03
cascade_weight_multiplier=4.00000005960464477539e-01
cascade_activation_functions_count=10
cascade_activation_functions=3 5 7 8 10 11 14 15 16 17 
cascade_activation_steepnesses_count=4
cascade_activation_steepnesses=2.50000000000000000000e-01 5.00000000000000000000e-01 7.50000000000000000000e-01 1.00000000000000000000e+00 
layer_sizes=7 5 2 
scale_included=0
neurons (num_inputs, activation_function, activation_steepness)=(0, 0, 0.00000000000000000000e+00) (0, 0, 0.00000000000000000000e+00) (0, 0, 0.00000000000000000000e+00) (0, 0, 0.00000000000000000000e+00) (0, 0, 0.00000000000000000000e+00) (0, 0, 0.00000000000000000000e+00) (0, 0, 0.00000000000000000000e+00) (7, 3, 5.00000000000000000000e-01) (7, 3, 5.00000000000000000000e-01) (7, 3, 5.00000000000000000000e-01) (7, 3, 5.00000000000000000000e-01) (0, 3, 0.00000000000000000000e+00) (5, 0, 5.00000000000000000000e-01) (0, 0, 0.00000000000000000000e+00) 
connections (connected_to_neuron, weight)=(0, -2.76195891201496124268e-02) (1, 1.42904639244079589844e-01) (2, 2.69137084484100341797e-01) (3, -1.23556397855281829834e-01) (4, -1.54951035976409912109e-01) (5, -1.10470287501811981201e-01) (6, -6.92161917686462402344e-01) (0, 1.35237636566162109375e+01) (1, 3.08630633354187011719e+00) (2, 7.79412536621093750000e+02) (3, 7.96918272972106933594e-02) (4, -5.60178527832031250000e+02) (5, -4.96770019531250000000e+01) (6, 8.10075759887695312500e+00) (0, 4.26532554626464843750e+01) (1, 7.15896558761596679688e+00) (2, 1.60875198364257812500e+02) (3, -5.52311515808105468750e+01) (4, -1.49546411132812500000e+03) (5, -1.00683143615722656250e+02) (6, -3.17427128553390502930e-01) (0, -2.12712268829345703125e+01) (1, -4.48397865295410156250e+01) (2, 2.50964218139648437500e+02) (3, -6.95604607462882995605e-02) (4, -1.47825500488281250000e+03) (5, -3.90276374816894531250e+01) (6, -3.89140009880065917969e-01) (7, -3.52981239557266235352e-02) (8, 1.83293186128139495850e-02) (9, 1.41453393554687500000e+03) (10, -6.05296250432729721069e-03) (11, 1.23494155704975128174e-02) 
