FANN_FLO_2.1
num_layers=3
learning_rate=0.500000
connection_rate=1.000000
network_type=0
learning_momentum=0.000000
training_algorithm=2
train_error_function=1
train_stop_function=0
cascade_output_change_fraction=0.010000
quickprop_decay=-0.000100
quickprop_mu=1.750000
rprop_increase_factor=1.200000
rprop_decrease_factor=0.500000
rprop_delta_min=0.000000
rprop_delta_max=50.000000
rprop_delta_zero=0.100000
cascade_output_stagnation_epochs=12
cascade_candidate_change_fraction=0.010000
cascade_candidate_stagnation_epochs=12
cascade_max_out_epochs=150
cascade_min_out_epochs=50
cascade_max_cand_epochs=150
cascade_min_cand_epochs=50
cascade_num_candidate_groups=2
bit_fail_limit=3.49999994039535522461e-01
cascade_candidate_limit=1.00000000000000000000e+03
cascade_weight_multiplier=4.00000005960464477539e-01
cascade_activation_functions_count=10
cascade_activation_functions=3 5 7 8 10 11 14 15 16 17 
cascade_activation_steepnesses_count=4
cascade_activation_steepnesses=2.50000000000000000000e-01 5.00000000000000000000e-01 7.50000000000000000000e-01 1.00000000000000000000e+00 
layer_sizes=7 9 2 
scale_included=0
neurons (num_inputs, activation_function, activation_steepness)=(0, 0, 0.00000000000000000000e+00) (0, 0, 0.00000000000000000000e+00) (0, 0, 0.00000000000000000000e+00) (0, 0, 0.00000000000000000000e+00) (0, 0, 0.00000000000000000000e+00) (0, 0, 0.00000000000000000000e+00) (0, 0, 0.00000000000000000000e+00) (7, 3, 5.00000000000000000000e-01) (7, 3, 5.00000000000000000000e-01) (7, 3, 5.00000000000000000000e-01) (7, 3, 5.00000000000000000000e-01) (7, 3, 5.00000000000000000000e-01) (7, 3, 5.00000000000000000000e-01) (7, 3, 5.00000000000000000000e-01) (7, 3, 5.00000000000000000000e-01) (0, 3, 0.00000000000000000000e+00) (9, 0, 5.00000000000000000000e-01) (0, 0, 0.00000000000000000000e+00) 
connections (connected_to_neuron, weight)=(0, -4.30824875831604003906e-01) (1, -5.80838203430175781250e+00) (2, -7.66695833206176757812e+00) (3, 4.78614139556884765625e+00) (4, -1.03269837796688079834e-01) (5, -1.09133520507812500000e+03) (6, -5.23148715496063232422e-01) (0, 1.72884225845336914062e-01) (1, 2.01466515660285949707e-01) (2, 1.48702442646026611328e+00) (3, -2.42877617478370666504e-01) (4, -3.30340921878814697266e-01) (5, -1.00562810897827148438e+00) (6, -8.34170150756835937500e+00) (0, -5.42855143547058105469e-01) (1, -6.27494049072265625000e+00) (2, -1.59959001541137695312e+01) (3, 5.55887603759765625000e+00) (4, -1.22458621859550476074e-01) (5, -1.13865307617187500000e+03) (6, -4.29903119802474975586e-01) (0, -6.37656927108764648438e-01) (1, -7.26748049259185791016e-01) (2, 2.15637385845184326172e-02) (3, -4.60988879203796386719e-01) (4, 1.84296950697898864746e-01) (5, 1.72225427627563476562e+00) (6, -2.78923034667968750000e-01) (0, -9.50707852840423583984e-01) (1, 4.39338654279708862305e-01) (2, -9.97352376580238342285e-02) (3, -4.65707361698150634766e-01) (4, -1.84800064563751220703e+00) (5, 3.11481785774230957031e+00) (6, -7.73619771003723144531e-01) (0, -4.67182874679565429688e-01) (1, -5.81778621673583984375e+00) (2, -7.66470575332641601562e+00) (3, 4.90415525436401367188e+00) (4, -2.36625835299491882324e-01) (5, -1.09133520507812500000e+03) (6, -4.02676612138748168945e-01) (0, 3.09109240770339965820e-01) (1, -6.36525821685791015625e+00) (2, -8.83237457275390625000e+00) (3, 5.65309286117553710938e+00) (4, -9.91801545023918151855e-02) (5, -1.01607812500000000000e+03) (6, -4.33194875717163085938e-01) (0, 6.26490637660026550293e-02) (1, -1.53083294630050659180e-01) (2, -7.64242947101593017578e-01) (3, -7.38641321659088134766e-02) (4, 5.30631840229034423828e-01) (5, 2.79797822237014770508e-01) (6, 1.74984765052795410156e+00) (7, -1.04171234130859375000e+02) (8, -1.02696411311626434326e-01) (9, -1.33135055541992187500e+02) (10, -4.09013442695140838623e-02) (11, 3.87577153742313385010e-02) (12, -1.04174072265625000000e+02) (13, 3.40752288818359375000e+02) (14, -8.77509713172912597656e-02) (15, 9.79070216417312622070e-02) 
