FANN_FLO_2.1
num_layers=3
learning_rate=0.450000
connection_rate=1.000000
network_type=0
learning_momentum=0.000000
training_algorithm=2
train_error_function=1
train_stop_function=0
cascade_output_change_fraction=0.010000
quickprop_decay=-0.000100
quickprop_mu=1.750000
rprop_increase_factor=1.200000
rprop_decrease_factor=0.500000
rprop_delta_min=0.000000
rprop_delta_max=50.000000
rprop_delta_zero=0.100000
cascade_output_stagnation_epochs=12
cascade_candidate_change_fraction=0.010000
cascade_candidate_stagnation_epochs=12
cascade_max_out_epochs=150
cascade_min_out_epochs=50
cascade_max_cand_epochs=150
cascade_min_cand_epochs=50
cascade_num_candidate_groups=2
bit_fail_limit=3.49999994039535522461e-01
cascade_candidate_limit=1.00000000000000000000e+03
cascade_weight_multiplier=4.00000005960464477539e-01
cascade_activation_functions_count=10
cascade_activation_functions=3 5 7 8 10 11 14 15 16 17 
cascade_activation_steepnesses_count=4
cascade_activation_steepnesses=2.50000000000000000000e-01 5.00000000000000000000e-01 7.50000000000000000000e-01 1.00000000000000000000e+00 
layer_sizes=7 5 2 
scale_included=0
neurons (num_inputs, activation_function, activation_steepness)=(0, 0, 0.00000000000000000000e+00) (0, 0, 0.00000000000000000000e+00) (0, 0, 0.00000000000000000000e+00) (0, 0, 0.00000000000000000000e+00) (0, 0, 0.00000000000000000000e+00) (0, 0, 0.00000000000000000000e+00) (0, 0, 0.00000000000000000000e+00) (7, 3, 5.00000000000000000000e-01) (7, 3, 5.00000000000000000000e-01) (7, 3, 5.00000000000000000000e-01) (7, 3, 5.00000000000000000000e-01) (0, 3, 0.00000000000000000000e+00) (5, 0, 5.00000000000000000000e-01) (0, 0, 0.00000000000000000000e+00) 
connections (connected_to_neuron, weight)=(0, -4.59957927465438842773e-01) (1, 6.60638868808746337891e-01) (2, 6.53658986091613769531e-01) (3, -1.41804993152618408203e-01) (4, -5.46405673027038574219e-01) (5, 1.46447271108627319336e-01) (6, -3.51843833923339843750e+00) (0, -9.66959476470947265625e-01) (1, 6.44447267055511474609e-01) (2, 3.12679386138916015625e+00) (3, -1.25064229965209960938e+00) (4, -1.54192864894866943359e-01) (5, -8.09113800525665283203e-01) (6, -3.75344038009643554688e+00) (0, -1.17517411708831787109e+00) (1, -1.60807922482490539551e-01) (2, -5.78916072845458984375e-01) (3, -1.14016211032867431641e+00) (4, 2.30437770485877990723e-01) (5, 2.95624136924743652344e+00) (6, 8.46233606338500976562e-01) (0, 1.01222850382328033447e-01) (1, -9.57997500896453857422e-01) (2, 6.26386821269989013672e-01) (3, -3.33741635084152221680e-01) (4, -2.39682108163833618164e-01) (5, 6.26165032386779785156e-01) (6, -2.48100256919860839844e+00) (7, 2.04737067222595214844e-01) (8, -2.06120997667312622070e-01) (9, -2.81076300889253616333e-02) (10, 5.69229423999786376953e-01) (11, 1.21054779738187789917e-02) 
