FANN_FLO_2.1
num_layers=3
learning_rate=0.400000
connection_rate=1.000000
network_type=0
learning_momentum=0.000000
training_algorithm=2
train_error_function=1
train_stop_function=0
cascade_output_change_fraction=0.010000
quickprop_decay=-0.000100
quickprop_mu=1.750000
rprop_increase_factor=1.200000
rprop_decrease_factor=0.500000
rprop_delta_min=0.000000
rprop_delta_max=50.000000
rprop_delta_zero=0.100000
cascade_output_stagnation_epochs=12
cascade_candidate_change_fraction=0.010000
cascade_candidate_stagnation_epochs=12
cascade_max_out_epochs=150
cascade_min_out_epochs=50
cascade_max_cand_epochs=150
cascade_min_cand_epochs=50
cascade_num_candidate_groups=2
bit_fail_limit=3.49999994039535522461e-01
cascade_candidate_limit=1.00000000000000000000e+03
cascade_weight_multiplier=4.00000005960464477539e-01
cascade_activation_functions_count=10
cascade_activation_functions=3 5 7 8 10 11 14 15 16 17 
cascade_activation_steepnesses_count=4
cascade_activation_steepnesses=2.50000000000000000000e-01 5.00000000000000000000e-01 7.50000000000000000000e-01 1.00000000000000000000e+00 
layer_sizes=10 3 2 
scale_included=0
neurons (num_inputs, activation_function, activation_steepness)=(0, 0, 0.00000000000000000000e+00) (0, 0, 0.00000000000000000000e+00) (0, 0, 0.00000000000000000000e+00) (0, 0, 0.00000000000000000000e+00) (0, 0, 0.00000000000000000000e+00) (0, 0, 0.00000000000000000000e+00) (0, 0, 0.00000000000000000000e+00) (0, 0, 0.00000000000000000000e+00) (0, 0, 0.00000000000000000000e+00) (0, 0, 0.00000000000000000000e+00) (10, 3, 5.00000000000000000000e-01) (10, 3, 5.00000000000000000000e-01) (0, 3, 0.00000000000000000000e+00) (3, 3, 5.00000000000000000000e-01) (0, 3, 0.00000000000000000000e+00) 
connections (connected_to_neuron, weight)=(0, 7.76841789484024047852e-02) (1, 1.21887065470218658447e-01) (2, 5.37065416574478149414e-02) (3, 1.05783760547637939453e-01) (4, 2.96734496951103210449e-02) (5, 1.56892538070678710938e-01) (6, 5.16187250614166259766e-02) (7, 1.79182738065719604492e-01) (8, 2.51143574714660644531e-02) (9, 2.01760470867156982422e-01) (0, -1.12012282013893127441e-01) (1, -1.81363254785537719727e-01) (2, -9.21253040432929992676e-02) (3, -4.85551133751869201660e-02) (4, -7.42798522114753723145e-02) (5, -5.87420836091041564941e-02) (6, -2.11530581116676330566e-01) (7, -1.04471720755100250244e-01) (8, -7.91468992829322814941e-02) (9, -1.03306926786899566650e-01) (10, 1.70699119567871093750e-01) (11, 6.68899863958358764648e-02) (12, 2.16774225234985351562e-01) 
