FANN_FLO_2.1
num_layers=3
learning_rate=0.500000
connection_rate=1.000000
network_type=0
learning_momentum=0.000000
training_algorithm=2
train_error_function=1
train_stop_function=0
cascade_output_change_fraction=0.010000
quickprop_decay=-0.000100
quickprop_mu=1.750000
rprop_increase_factor=1.200000
rprop_decrease_factor=0.500000
rprop_delta_min=0.000000
rprop_delta_max=50.000000
rprop_delta_zero=0.100000
cascade_output_stagnation_epochs=12
cascade_candidate_change_fraction=0.010000
cascade_candidate_stagnation_epochs=12
cascade_max_out_epochs=150
cascade_min_out_epochs=50
cascade_max_cand_epochs=150
cascade_min_cand_epochs=50
cascade_num_candidate_groups=2
bit_fail_limit=3.49999994039535522461e-01
cascade_candidate_limit=1.00000000000000000000e+03
cascade_weight_multiplier=4.00000005960464477539e-01
cascade_activation_functions_count=10
cascade_activation_functions=3 5 7 8 10 11 14 15 16 17 
cascade_activation_steepnesses_count=4
cascade_activation_steepnesses=2.50000000000000000000e-01 5.00000000000000000000e-01 7.50000000000000000000e-01 1.00000000000000000000e+00 
layer_sizes=10 3 2 
scale_included=0
neurons (num_inputs, activation_function, activation_steepness)=(0, 0, 0.00000000000000000000e+00) (0, 0, 0.00000000000000000000e+00) (0, 0, 0.00000000000000000000e+00) (0, 0, 0.00000000000000000000e+00) (0, 0, 0.00000000000000000000e+00) (0, 0, 0.00000000000000000000e+00) (0, 0, 0.00000000000000000000e+00) (0, 0, 0.00000000000000000000e+00) (0, 0, 0.00000000000000000000e+00) (0, 0, 0.00000000000000000000e+00) (10, 3, 5.00000000000000000000e-01) (10, 3, 5.00000000000000000000e-01) (0, 3, 0.00000000000000000000e+00) (3, 3, 5.00000000000000000000e-01) (0, 3, 0.00000000000000000000e+00) 
connections (connected_to_neuron, weight)=(0, -3.16389352083206176758e-02) (1, -2.50211432576179504395e-02) (2, -1.87894091010093688965e-01) (3, -3.13388228416442871094e-01) (4, -3.28383564949035644531e+00) (5, -1.85189992189407348633e-01) (6, -1.50791019201278686523e-01) (7, -1.38754606246948242188e-01) (8, -1.89023658633232116699e-01) (9, 8.98983120918273925781e-01) (0, -6.49619400501251220703e-01) (1, -6.30374729633331298828e-01) (2, -6.25072062015533447266e-01) (3, -6.30282819271087646484e-01) (4, -1.93998172879219055176e-01) (5, -6.19254767894744873047e-01) (6, -6.29376113414764404297e-01) (7, -6.27513468265533447266e-01) (8, -6.31244719028472900391e-01) (9, 2.25976729393005371094e+00) (10, -5.79524755477905273438e-01) (11, -3.01927256584167480469e+00) (12, 1.37076520919799804688e+00) 
