FANN_FLO_2.1
num_layers=3
learning_rate=0.500000
connection_rate=1.000000
network_type=0
learning_momentum=0.000000
training_algorithm=2
train_error_function=1
train_stop_function=0
cascade_output_change_fraction=0.010000
quickprop_decay=-0.000100
quickprop_mu=1.750000
rprop_increase_factor=1.200000
rprop_decrease_factor=0.500000
rprop_delta_min=0.000000
rprop_delta_max=50.000000
rprop_delta_zero=0.100000
cascade_output_stagnation_epochs=12
cascade_candidate_change_fraction=0.010000
cascade_candidate_stagnation_epochs=12
cascade_max_out_epochs=150
cascade_min_out_epochs=50
cascade_max_cand_epochs=150
cascade_min_cand_epochs=50
cascade_num_candidate_groups=2
bit_fail_limit=3.49999994039535522461e-01
cascade_candidate_limit=1.00000000000000000000e+03
cascade_weight_multiplier=4.00000005960464477539e-01
cascade_activation_functions_count=10
cascade_activation_functions=3 5 7 8 10 11 14 15 16 17 
cascade_activation_steepnesses_count=4
cascade_activation_steepnesses=2.50000000000000000000e-01 5.00000000000000000000e-01 7.50000000000000000000e-01 1.00000000000000000000e+00 
layer_sizes=18 3 2 
scale_included=0
neurons (num_inputs, activation_function, activation_steepness)=(0, 0, 0.00000000000000000000e+00) (0, 0, 0.00000000000000000000e+00) (0, 0, 0.00000000000000000000e+00) (0, 0, 0.00000000000000000000e+00) (0, 0, 0.00000000000000000000e+00) (0, 0, 0.00000000000000000000e+00) (0, 0, 0.00000000000000000000e+00) (0, 0, 0.00000000000000000000e+00) (0, 0, 0.00000000000000000000e+00) (0, 0, 0.00000000000000000000e+00) (0, 0, 0.00000000000000000000e+00) (0, 0, 0.00000000000000000000e+00) (0, 0, 0.00000000000000000000e+00) (0, 0, 0.00000000000000000000e+00) (0, 0, 0.00000000000000000000e+00) (0, 0, 0.00000000000000000000e+00) (0, 0, 0.00000000000000000000e+00) (0, 0, 0.00000000000000000000e+00) (18, 3, 5.00000000000000000000e-01) (18, 3, 5.00000000000000000000e-01) (0, 3, 0.00000000000000000000e+00) (3, 0, 5.00000000000000000000e-01) (0, 0, 0.00000000000000000000e+00) 
connections (connected_to_neuron, weight)=(0, 4.13180618286132812500e+01) (1, 4.43847808837890625000e+01) (2, 2.01009807586669921875e+01) (3, 6.32923936843872070312e+00) (4, 1.19826145172119140625e+01) (5, -2.47898178100585937500e+01) (6, -6.12461929321289062500e+01) (7, -3.45204811096191406250e+01) (8, -1.16338586807250976562e+01) (9, 1.48650569915771484375e+01) (10, 1.98392982482910156250e+01) (11, 1.66942214965820312500e+01) (12, 3.90155448913574218750e+01) (13, 5.05722045898437500000e+01) (14, 1.67457637786865234375e+01) (15, 3.41438674926757812500e+01) (16, 4.96540184020996093750e+01) (17, -2.56947193145751953125e+01) (0, 8.87485802173614501953e-01) (1, 8.82188022136688232422e-01) (2, 9.78684961795806884766e-01) (3, 8.32612454891204833984e-01) (4, 8.92373859882354736328e-01) (5, -8.81934583187103271484e-01) (6, -8.73381555080413818359e-01) (7, -8.89707028865814208984e-01) (8, 3.76084856688976287842e-02) (9, 8.14864337444305419922e-01) (10, 1.00868725776672363281e+00) (11, 8.56027185916900634766e-01) (12, 8.83784294128417968750e-01) (13, 9.21323955059051513672e-01) (14, 7.83512234687805175781e-01) (15, 8.95071804523468017578e-01) (16, 9.70120668411254882812e-01) (17, -3.98061442375183105469e+00) (18, 1.80483818054199218750e+00) (19, 1.07445888519287109375e+01) (20, 1.66706764698028564453e+00) 
