FANN_FLO_2.1
num_layers=3
learning_rate=0.500000
connection_rate=1.000000
network_type=0
learning_momentum=0.000000
training_algorithm=2
train_error_function=1
train_stop_function=0
cascade_output_change_fraction=0.010000
quickprop_decay=-0.000100
quickprop_mu=1.750000
rprop_increase_factor=1.200000
rprop_decrease_factor=0.500000
rprop_delta_min=0.000000
rprop_delta_max=50.000000
rprop_delta_zero=0.100000
cascade_output_stagnation_epochs=12
cascade_candidate_change_fraction=0.010000
cascade_candidate_stagnation_epochs=12
cascade_max_out_epochs=150
cascade_min_out_epochs=50
cascade_max_cand_epochs=150
cascade_min_cand_epochs=50
cascade_num_candidate_groups=2
bit_fail_limit=3.49999994039535522461e-01
cascade_candidate_limit=1.00000000000000000000e+03
cascade_weight_multiplier=4.00000005960464477539e-01
cascade_activation_functions_count=10
cascade_activation_functions=3 5 7 8 10 11 14 15 16 17 
cascade_activation_steepnesses_count=4
cascade_activation_steepnesses=2.50000000000000000000e-01 5.00000000000000000000e-01 7.50000000000000000000e-01 1.00000000000000000000e+00 
layer_sizes=3 9 4 
scale_included=0
neurons (num_inputs, activation_function, activation_steepness)=(0, 0, 0.00000000000000000000e+00) (0, 0, 0.00000000000000000000e+00) (0, 0, 0.00000000000000000000e+00) (3, 3, 5.00000000000000000000e-01) (3, 3, 5.00000000000000000000e-01) (3, 3, 5.00000000000000000000e-01) (3, 3, 5.00000000000000000000e-01) (3, 3, 5.00000000000000000000e-01) (3, 3, 5.00000000000000000000e-01) (3, 3, 5.00000000000000000000e-01) (3, 3, 5.00000000000000000000e-01) (0, 3, 0.00000000000000000000e+00) (9, 0, 5.00000000000000000000e-01) (9, 0, 5.00000000000000000000e-01) (9, 0, 5.00000000000000000000e-01) (0, 0, 0.00000000000000000000e+00) 
connections (connected_to_neuron, weight)=(0, -1.11869525909423828125e+00) (1, -1.20483100414276123047e+00) (2, 6.28811538219451904297e-01) (0, -6.13297319412231445312e+00) (1, 3.70768046379089355469e+00) (2, 3.25221091508865356445e-01) (0, -3.17001914978027343750e+00) (1, -1.03566086292266845703e+00) (2, 2.96562373638153076172e-01) (0, -2.42728114128112792969e+00) (1, 3.76851463317871093750e+00) (2, 1.19262003898620605469e+00) (0, -9.39299821853637695312e-01) (1, -2.98258543014526367188e+00) (2, 5.96343040466308593750e-01) (0, -6.50417423248291015625e+00) (1, 4.83961725234985351562e+00) (2, 3.60103631019592285156e+00) (0, -2.99596571922302246094e+00) (1, 5.73813247680664062500e+00) (2, 1.83322191238403320312e+00) (0, -8.11965560913085937500e+00) (1, 2.59102559089660644531e+00) (2, -1.49586153030395507812e+00) (3, -2.84380763769149780273e-01) (4, 9.94333207607269287109e-01) (5, 3.34638881683349609375e+00) (6, 7.66622126102447509766e-01) (7, 2.73541188240051269531e+00) (8, 1.13283467292785644531e+00) (9, 9.32288408279418945312e-01) (10, 1.50248217582702636719e+00) (11, 2.80742883682250976562e-01) (3, 5.10300350189208984375e+00) (4, 3.15188884735107421875e+00) (5, 6.14513587951660156250e+00) (6, 2.67034506797790527344e+00) (7, 6.37622261047363281250e+00) (8, 3.51950359344482421875e+00) (9, 3.86650323867797851562e+00) (10, 3.61803007125854492188e+00) (11, 1.38327991962432861328e+00) (3, 1.89369964599609375000e+01) (4, 1.03570499420166015625e+01) (5, 1.76562976837158203125e+01) (6, 1.08756647109985351562e+01) (7, 2.10203037261962890625e+01) (8, 1.00653305053710937500e+01) (9, 1.08228225708007812500e+01) (10, 1.14865674972534179688e+01) (11, 9.85903930664062500000e+00) 
