FANN_FLO_2.1
num_layers=4
learning_rate=0.450000
connection_rate=1.000000
network_type=0
learning_momentum=0.000000
training_algorithm=2
train_error_function=1
train_stop_function=0
cascade_output_change_fraction=0.010000
quickprop_decay=-0.000100
quickprop_mu=1.750000
rprop_increase_factor=1.200000
rprop_decrease_factor=0.500000
rprop_delta_min=0.000000
rprop_delta_max=50.000000
rprop_delta_zero=0.100000
cascade_output_stagnation_epochs=12
cascade_candidate_change_fraction=0.010000
cascade_candidate_stagnation_epochs=12
cascade_max_out_epochs=150
cascade_min_out_epochs=50
cascade_max_cand_epochs=150
cascade_min_cand_epochs=50
cascade_num_candidate_groups=2
bit_fail_limit=3.49999994039535522461e-01
cascade_candidate_limit=1.00000000000000000000e+03
cascade_weight_multiplier=4.00000005960464477539e-01
cascade_activation_functions_count=10
cascade_activation_functions=3 5 7 8 10 11 14 15 16 17 
cascade_activation_steepnesses_count=4
cascade_activation_steepnesses=2.50000000000000000000e-01 5.00000000000000000000e-01 7.50000000000000000000e-01 1.00000000000000000000e+00 
layer_sizes=7 5 3 2 
scale_included=0
neurons (num_inputs, activation_function, activation_steepness)=(0, 0, 0.00000000000000000000e+00) (0, 0, 0.00000000000000000000e+00) (0, 0, 0.00000000000000000000e+00) (0, 0, 0.00000000000000000000e+00) (0, 0, 0.00000000000000000000e+00) (0, 0, 0.00000000000000000000e+00) (0, 0, 0.00000000000000000000e+00) (7, 3, 5.00000000000000000000e-01) (7, 3, 5.00000000000000000000e-01) (7, 3, 5.00000000000000000000e-01) (7, 3, 5.00000000000000000000e-01) (0, 3, 0.00000000000000000000e+00) (5, 3, 5.00000000000000000000e-01) (5, 3, 5.00000000000000000000e-01) (0, 3, 0.00000000000000000000e+00) (3, 0, 5.00000000000000000000e-01) (0, 0, 0.00000000000000000000e+00) 
connections (connected_to_neuron, weight)=(0, 1.50000000000000000000e+03) (1, 2.70513946533203125000e+02) (2, 1.50000000000000000000e+03) (3, 1.50000000000000000000e+03) (4, 1.50000000000000000000e+03) (5, 1.50000000000000000000e+03) (6, 6.75547361373901367188e-01) (0, 1.10859588623046875000e+02) (1, 6.18221282958984375000e+01) (2, -9.66929199218750000000e+02) (3, -3.33857025146484375000e+02) (4, 7.73709960937500000000e+02) (5, -1.06710571289062500000e+03) (6, 8.47213208675384521484e-01) (0, 1.50000000000000000000e+03) (1, 1.05129211425781250000e+02) (2, 1.50000000000000000000e+03) (3, 1.50000000000000000000e+03) (4, 1.50000000000000000000e+03) (5, 1.50000000000000000000e+03) (6, 7.00266242027282714844e-01) (0, 4.87609356641769409180e-01) (1, -3.93462866544723510742e-01) (2, 1.69980958104133605957e-01) (3, -7.30427026748657226562e-01) (4, 6.16506767272949218750e+00) (5, -4.03623437881469726562e+00) (6, 5.46816873550415039062e+00) (7, 4.74930256605148315430e-02) (8, -5.82568421959877014160e-02) (9, 1.17084411904215812683e-02) (10, -2.83506441116333007812e+00) (11, 1.06591127812862396240e-01) (7, 2.07563355565071105957e-01) (8, 2.05095455050468444824e-01) (9, 4.78840097784996032715e-02) (10, -3.87753343582153320312e+00) (11, -3.45528274774551391602e-01) (12, 7.44127213954925537109e-01) (13, 1.20871506631374359131e-01) (14, -3.61381992697715759277e-02) 
