FANN_FLO_2.1
num_layers=3
learning_rate=0.400000
connection_rate=1.000000
network_type=0
learning_momentum=0.000000
training_algorithm=2
train_error_function=1
train_stop_function=0
cascade_output_change_fraction=0.010000
quickprop_decay=-0.000100
quickprop_mu=1.750000
rprop_increase_factor=1.200000
rprop_decrease_factor=0.500000
rprop_delta_min=0.000000
rprop_delta_max=50.000000
rprop_delta_zero=0.100000
cascade_output_stagnation_epochs=12
cascade_candidate_change_fraction=0.010000
cascade_candidate_stagnation_epochs=12
cascade_max_out_epochs=150
cascade_min_out_epochs=50
cascade_max_cand_epochs=150
cascade_min_cand_epochs=50
cascade_num_candidate_groups=2
bit_fail_limit=3.49999994039535522461e-01
cascade_candidate_limit=1.00000000000000000000e+03
cascade_weight_multiplier=4.00000005960464477539e-01
cascade_activation_functions_count=10
cascade_activation_functions=3 5 7 8 10 11 14 15 16 17 
cascade_activation_steepnesses_count=4
cascade_activation_steepnesses=2.50000000000000000000e-01 5.00000000000000000000e-01 7.50000000000000000000e-01 1.00000000000000000000e+00 
layer_sizes=10 3 2 
scale_included=0
neurons (num_inputs, activation_function, activation_steepness)=(0, 0, 0.00000000000000000000e+00) (0, 0, 0.00000000000000000000e+00) (0, 0, 0.00000000000000000000e+00) (0, 0, 0.00000000000000000000e+00) (0, 0, 0.00000000000000000000e+00) (0, 0, 0.00000000000000000000e+00) (0, 0, 0.00000000000000000000e+00) (0, 0, 0.00000000000000000000e+00) (0, 0, 0.00000000000000000000e+00) (0, 0, 0.00000000000000000000e+00) (10, 3, 5.00000000000000000000e-01) (10, 3, 5.00000000000000000000e-01) (0, 3, 0.00000000000000000000e+00) (3, 3, 5.00000000000000000000e-01) (0, 3, 0.00000000000000000000e+00) 
connections (connected_to_neuron, weight)=(0, -1.04913964867591857910e-01) (1, -1.42291352152824401855e-01) (2, -1.99963659048080444336e-01) (3, -9.00836065411567687988e-02) (4, -7.51642957329750061035e-02) (5, -1.62907689809799194336e-01) (6, -1.45075038075447082520e-01) (7, -8.84702578186988830566e-02) (8, -1.51612162590026855469e-01) (9, -1.78201332688331604004e-01) (0, 1.61059051752090454102e-01) (1, 2.01551616191864013672e-01) (2, 1.87606513500213623047e-01) (3, 1.71555221080780029297e-01) (4, 1.28128603100776672363e-01) (5, 9.25086811184883117676e-02) (6, 2.10398674011230468750e-01) (7, 8.60055088996887207031e-02) (8, 1.38641536235809326172e-01) (9, 1.60976171493530273438e-01) (10, 8.10894817113876342773e-02) (11, 1.67758047580718994141e-01) (12, 6.16896338760852813721e-02) 
