FANN_FLO_2.1
num_layers=4
learning_rate=0.500000
connection_rate=1.000000
network_type=0
learning_momentum=0.000000
training_algorithm=2
train_error_function=1
train_stop_function=0
cascade_output_change_fraction=0.010000
quickprop_decay=-0.000100
quickprop_mu=1.750000
rprop_increase_factor=1.200000
rprop_decrease_factor=0.500000
rprop_delta_min=0.000000
rprop_delta_max=50.000000
rprop_delta_zero=0.100000
cascade_output_stagnation_epochs=12
cascade_candidate_change_fraction=0.010000
cascade_candidate_stagnation_epochs=12
cascade_max_out_epochs=150
cascade_min_out_epochs=50
cascade_max_cand_epochs=150
cascade_min_cand_epochs=50
cascade_num_candidate_groups=2
bit_fail_limit=3.49999994039535522461e-01
cascade_candidate_limit=1.00000000000000000000e+03
cascade_weight_multiplier=4.00000005960464477539e-01
cascade_activation_functions_count=10
cascade_activation_functions=3 5 7 8 10 11 14 15 16 17 
cascade_activation_steepnesses_count=4
cascade_activation_steepnesses=2.50000000000000000000e-01 5.00000000000000000000e-01 7.50000000000000000000e-01 1.00000000000000000000e+00 
layer_sizes=4 5 3 2 
scale_included=0
neurons (num_inputs, activation_function, activation_steepness)=(0, 0, 0.00000000000000000000e+00) (0, 0, 0.00000000000000000000e+00) (0, 0, 0.00000000000000000000e+00) (0, 0, 0.00000000000000000000e+00) (4, 3, 5.00000000000000000000e-01) (4, 3, 5.00000000000000000000e-01) (4, 3, 5.00000000000000000000e-01) (4, 3, 5.00000000000000000000e-01) (0, 3, 0.00000000000000000000e+00) (5, 3, 5.00000000000000000000e-01) (5, 3, 5.00000000000000000000e-01) (0, 3, 0.00000000000000000000e+00) (3, 3, 5.00000000000000000000e-01) (0, 3, 0.00000000000000000000e+00) 
connections (connected_to_neuron, weight)=(0, -1.43900000000000000000e+03) (1, -1.47962226867675781250e+01) (2, -1.40179992675781250000e+03) (3, -3.82396268844604492188e+00) (0, -1.04631662368774414062e+01) (1, -1.00509805679321289062e+01) (2, -5.36012458801269531250e+00) (3, 8.34854698181152343750e+00) (0, -7.19530534744262695312e+00) (1, -1.49578514099121093750e+01) (2, 4.65382051467895507812e+00) (3, 8.05136775970458984375e+00) (0, -1.43900000000000000000e+03) (1, -2.76153507232666015625e+01) (2, -3.12795227050781250000e+02) (3, 7.22468376159667968750e+00) (4, 1.48038208007812500000e+03) (5, 1.38681555175781250000e+03) (6, -4.55989418029785156250e+01) (7, 1.48038208007812500000e+03) (8, -2.14222073554992675781e+00) (4, 1.48038208007812500000e+03) (5, 1.66585540771484375000e+02) (6, 1.88087825775146484375e+01) (7, 1.48038208007812500000e+03) (8, -1.19279270172119140625e+01) (9, -2.67735266685485839844e+00) (10, -1.56699824333190917969e+00) (11, 2.06458973884582519531e+00) 
