FANN_FLO_2.1
num_layers=3
learning_rate=0.500000
connection_rate=1.000000
network_type=0
learning_momentum=0.000000
training_algorithm=2
train_error_function=1
train_stop_function=0
cascade_output_change_fraction=0.010000
quickprop_decay=-0.000100
quickprop_mu=1.750000
rprop_increase_factor=1.200000
rprop_decrease_factor=0.500000
rprop_delta_min=0.000000
rprop_delta_max=50.000000
rprop_delta_zero=0.100000
cascade_output_stagnation_epochs=12
cascade_candidate_change_fraction=0.010000
cascade_candidate_stagnation_epochs=12
cascade_max_out_epochs=150
cascade_min_out_epochs=50
cascade_max_cand_epochs=150
cascade_min_cand_epochs=50
cascade_num_candidate_groups=2
bit_fail_limit=3.49999994039535522461e-01
cascade_candidate_limit=1.00000000000000000000e+03
cascade_weight_multiplier=4.00000005960464477539e-01
cascade_activation_functions_count=10
cascade_activation_functions=3 5 7 8 10 11 14 15 16 17 
cascade_activation_steepnesses_count=4
cascade_activation_steepnesses=2.50000000000000000000e-01 5.00000000000000000000e-01 7.50000000000000000000e-01 1.00000000000000000000e+00 
layer_sizes=3 5 4 
scale_included=0
neurons (num_inputs, activation_function, activation_steepness)=(0, 0, 0.00000000000000000000e+00) (0, 0, 0.00000000000000000000e+00) (0, 0, 0.00000000000000000000e+00) (3, 3, 5.00000000000000000000e-01) (3, 3, 5.00000000000000000000e-01) (3, 3, 5.00000000000000000000e-01) (3, 3, 5.00000000000000000000e-01) (0, 3, 0.00000000000000000000e+00) (5, 0, 5.00000000000000000000e-01) (5, 0, 5.00000000000000000000e-01) (5, 0, 5.00000000000000000000e-01) (0, 0, 0.00000000000000000000e+00) 
connections (connected_to_neuron, weight)=(0, -9.03134918212890625000e+00) (1, 1.01488895416259765625e+01) (2, 6.96116781234741210938e+00) (0, -3.37486648559570312500e+00) (1, 2.40180993080139160156e+00) (2, 7.51447603106498718262e-02) (0, -2.55509400367736816406e+00) (1, -4.36631590127944946289e-01) (2, 6.19323968887329101562e-01) (0, -1.60066509246826171875e+00) (1, -2.44989418983459472656e+00) (2, 5.51108658313751220703e-01) (3, 7.34802186489105224609e-01) (4, 2.92619633674621582031e+00) (5, 3.24413275718688964844e+00) (6, 2.97175812721252441406e+00) (7, 9.36266064643859863281e-01) (3, 4.68989944458007812500e+00) (4, 7.09689950942993164062e+00) (5, 9.22656726837158203125e+00) (6, 9.65413284301757812500e+00) (7, 3.75855755805969238281e+00) (3, 1.59139995574951171875e+01) (4, 2.07921867370605468750e+01) (5, 3.01197643280029296875e+01) (6, 3.14003276824951171875e+01) (7, 1.73140773773193359375e+01) 
