FANN_FLO_2.1
num_layers=3
learning_rate=0.500000
connection_rate=1.000000
network_type=0
learning_momentum=0.000000
training_algorithm=2
train_error_function=1
train_stop_function=0
cascade_output_change_fraction=0.010000
quickprop_decay=-0.000100
quickprop_mu=1.750000
rprop_increase_factor=1.200000
rprop_decrease_factor=0.500000
rprop_delta_min=0.000000
rprop_delta_max=50.000000
rprop_delta_zero=0.100000
cascade_output_stagnation_epochs=12
cascade_candidate_change_fraction=0.010000
cascade_candidate_stagnation_epochs=12
cascade_max_out_epochs=150
cascade_min_out_epochs=50
cascade_max_cand_epochs=150
cascade_min_cand_epochs=50
cascade_num_candidate_groups=2
bit_fail_limit=3.49999994039535522461e-01
cascade_candidate_limit=1.00000000000000000000e+03
cascade_weight_multiplier=4.00000005960464477539e-01
cascade_activation_functions_count=10
cascade_activation_functions=3 5 7 8 10 11 14 15 16 17 
cascade_activation_steepnesses_count=4
cascade_activation_steepnesses=2.50000000000000000000e-01 5.00000000000000000000e-01 7.50000000000000000000e-01 1.00000000000000000000e+00 
layer_sizes=3 5 4 
scale_included=0
neurons (num_inputs, activation_function, activation_steepness)=(0, 0, 0.00000000000000000000e+00) (0, 0, 0.00000000000000000000e+00) (0, 0, 0.00000000000000000000e+00) (3, 3, 5.00000000000000000000e-01) (3, 3, 5.00000000000000000000e-01) (3, 3, 5.00000000000000000000e-01) (3, 3, 5.00000000000000000000e-01) (0, 3, 0.00000000000000000000e+00) (5, 0, 5.00000000000000000000e-01) (5, 0, 5.00000000000000000000e-01) (5, 0, 5.00000000000000000000e-01) (0, 0, 0.00000000000000000000e+00) 
connections (connected_to_neuron, weight)=(0, -1.97638721466064453125e+01) (1, 6.48771238327026367188e+00) (2, 1.06382780075073242188e+01) (0, -3.05419015884399414062e+00) (1, -7.44939625263214111328e-01) (2, 7.20806539058685302734e-01) (0, -9.59919261932373046875e+00) (1, 4.02372598648071289062e+00) (2, 1.34428167343139648438e+01) (0, -1.47320849609375000000e+03) (1, -1.50000000000000000000e+03) (2, -2.05832153558731079102e-01) (3, 1.33958327770233154297e+00) (4, 4.43546152114868164062e+00) (5, 1.44786345958709716797e+00) (6, 1.72509956359863281250e+00) (7, 1.17498946189880371094e+00) (3, 4.78078222274780273438e+00) (4, 1.21000242233276367188e+01) (5, 5.94061517715454101562e+00) (6, 3.82242965698242187500e+00) (7, 4.27599716186523437500e+00) (3, 1.48736019134521484375e+01) (4, 3.49278640747070312500e+01) (5, 2.41194782257080078125e+01) (6, 1.47642326354980468750e+01) (7, 1.57307949066162109375e+01) 
