FANN_FLO_2.1
num_layers=3
learning_rate=0.500000
connection_rate=1.000000
network_type=0
learning_momentum=0.000000
training_algorithm=2
train_error_function=1
train_stop_function=0
cascade_output_change_fraction=0.010000
quickprop_decay=-0.000100
quickprop_mu=1.750000
rprop_increase_factor=1.200000
rprop_decrease_factor=0.500000
rprop_delta_min=0.000000
rprop_delta_max=50.000000
rprop_delta_zero=0.100000
cascade_output_stagnation_epochs=12
cascade_candidate_change_fraction=0.010000
cascade_candidate_stagnation_epochs=12
cascade_max_out_epochs=150
cascade_min_out_epochs=50
cascade_max_cand_epochs=150
cascade_min_cand_epochs=50
cascade_num_candidate_groups=2
bit_fail_limit=3.49999994039535522461e-01
cascade_candidate_limit=1.00000000000000000000e+03
cascade_weight_multiplier=4.00000005960464477539e-01
cascade_activation_functions_count=10
cascade_activation_functions=3 5 7 8 10 11 14 15 16 17 
cascade_activation_steepnesses_count=4
cascade_activation_steepnesses=2.50000000000000000000e-01 5.00000000000000000000e-01 7.50000000000000000000e-01 1.00000000000000000000e+00 
layer_sizes=3 9 4 
scale_included=0
neurons (num_inputs, activation_function, activation_steepness)=(0, 0, 0.00000000000000000000e+00) (0, 0, 0.00000000000000000000e+00) (0, 0, 0.00000000000000000000e+00) (3, 3, 5.00000000000000000000e-01) (3, 3, 5.00000000000000000000e-01) (3, 3, 5.00000000000000000000e-01) (3, 3, 5.00000000000000000000e-01) (3, 3, 5.00000000000000000000e-01) (3, 3, 5.00000000000000000000e-01) (3, 3, 5.00000000000000000000e-01) (3, 3, 5.00000000000000000000e-01) (0, 3, 0.00000000000000000000e+00) (9, 0, 5.00000000000000000000e-01) (9, 0, 5.00000000000000000000e-01) (9, 0, 5.00000000000000000000e-01) (0, 0, 0.00000000000000000000e+00) 
connections (connected_to_neuron, weight)=(0, -1.99605858325958251953e+00) (1, -3.64868259429931640625e+00) (2, 2.96466022729873657227e-01) (0, -5.14198255538940429688e+00) (1, 5.72437191009521484375e+00) (2, 5.81871032714843750000e+00) (0, -5.85026550292968750000e+00) (1, 5.58153057098388671875e+00) (2, 3.59444212913513183594e+00) (0, -3.29415249824523925781e+00) (1, 2.39588022232055664062e+00) (2, 5.91518974304199218750e+00) (0, -7.36448240280151367188e+00) (1, 3.12515830993652343750e+00) (2, 5.53050577640533447266e-01) (0, -4.07199764251708984375e+00) (1, -2.23280286788940429688e+00) (2, 4.60874408483505249023e-01) (0, -6.81185865402221679688e+00) (1, 2.66949629783630371094e+00) (2, 5.56501817703247070312e+00) (0, -3.89089751243591308594e+00) (1, -4.53407280147075653076e-02) (2, 7.83666431903839111328e-01) (3, 2.06884574890136718750e+00) (4, 5.89598476886749267578e-01) (5, 1.20357799530029296875e+00) (6, 5.60026228427886962891e-01) (7, 2.01930499076843261719e+00) (8, 2.54868173599243164062e+00) (9, 6.95633366703987121582e-02) (10, 1.42929637432098388672e+00) (11, 4.75329726934432983398e-01) (3, 6.73806190490722656250e+00) (4, 2.40410351753234863281e+00) (5, 3.67502093315124511719e+00) (6, 2.18328881263732910156e+00) (7, 3.19633102416992187500e+00) (8, 5.62730121612548828125e+00) (9, 2.61462140083312988281e+00) (10, 5.87565660476684570312e+00) (11, 1.81217360496520996094e+00) (3, 2.28799743652343750000e+01) (4, 8.74168586730957031250e+00) (5, 9.08645534515380859375e+00) (6, 8.96685504913330078125e+00) (7, 9.80709838867187500000e+00) (8, 1.72361946105957031250e+01) (9, 9.93286323547363281250e+00) (10, 1.82213344573974609375e+01) (11, 9.80869102478027343750e+00) 
