FANN_FLO_2.1
num_layers=3
learning_rate=0.500000
connection_rate=1.000000
network_type=0
learning_momentum=0.000000
training_algorithm=2
train_error_function=1
train_stop_function=0
cascade_output_change_fraction=0.010000
quickprop_decay=-0.000100
quickprop_mu=1.750000
rprop_increase_factor=1.200000
rprop_decrease_factor=0.500000
rprop_delta_min=0.000000
rprop_delta_max=50.000000
rprop_delta_zero=0.100000
cascade_output_stagnation_epochs=12
cascade_candidate_change_fraction=0.010000
cascade_candidate_stagnation_epochs=12
cascade_max_out_epochs=150
cascade_min_out_epochs=50
cascade_max_cand_epochs=150
cascade_min_cand_epochs=50
cascade_num_candidate_groups=2
bit_fail_limit=3.49999994039535522461e-01
cascade_candidate_limit=1.00000000000000000000e+03
cascade_weight_multiplier=4.00000005960464477539e-01
cascade_activation_functions_count=10
cascade_activation_functions=3 5 7 8 10 11 14 15 16 17 
cascade_activation_steepnesses_count=4
cascade_activation_steepnesses=2.50000000000000000000e-01 5.00000000000000000000e-01 7.50000000000000000000e-01 1.00000000000000000000e+00 
layer_sizes=3 9 4 
scale_included=0
neurons (num_inputs, activation_function, activation_steepness)=(0, 0, 0.00000000000000000000e+00) (0, 0, 0.00000000000000000000e+00) (0, 0, 0.00000000000000000000e+00) (3, 3, 5.00000000000000000000e-01) (3, 3, 5.00000000000000000000e-01) (3, 3, 5.00000000000000000000e-01) (3, 3, 5.00000000000000000000e-01) (3, 3, 5.00000000000000000000e-01) (3, 3, 5.00000000000000000000e-01) (3, 3, 5.00000000000000000000e-01) (3, 3, 5.00000000000000000000e-01) (0, 3, 0.00000000000000000000e+00) (9, 0, 5.00000000000000000000e-01) (9, 0, 5.00000000000000000000e-01) (9, 0, 5.00000000000000000000e-01) (0, 0, 0.00000000000000000000e+00) 
connections (connected_to_neuron, weight)=(0, -2.25229454040527343750e+00) (1, -4.31367254257202148438e+00) (2, 2.65867680311203002930e-01) (0, -4.24174737930297851562e+00) (1, -2.81568884849548339844e+00) (2, 6.94468200206756591797e-01) (0, -2.60142874717712402344e+00) (1, 4.06216144561767578125e+00) (2, 1.08644261956214904785e-01) (0, -8.32446956634521484375e+00) (1, 7.79246854782104492188e+00) (2, 1.19186439514160156250e+01) (0, -5.20817947387695312500e+00) (1, 3.48159670829772949219e-01) (2, 2.38326311111450195312e+00) (0, -7.69247102737426757812e+00) (1, 2.80633783340454101562e+00) (2, 8.12952995300292968750e+00) (0, -5.65499019622802734375e+00) (1, -8.04224312305450439453e-01) (2, 9.53450143337249755859e-01) (0, -5.43957424163818359375e+00) (1, 1.76987743377685546875e+00) (2, 2.33427071571350097656e+00) (3, 2.28966569900512695312e+00) (4, 1.93353784084320068359e+00) (5, 2.19024896621704101562e+00) (6, 4.69839572906494140625e-01) (7, 9.67096447944641113281e-01) (8, -1.53429359197616577148e-02) (9, 1.71971440315246582031e+00) (10, 1.06580078601837158203e+00) (11, 5.62837898731231689453e-01) (3, 6.23414611816406250000e+00) (4, 5.34927320480346679688e+00) (5, 4.60889482498168945312e+00) (6, 2.53610467910766601562e+00) (7, 2.99015140533447265625e+00) (8, 2.42005920410156250000e+00) (9, 4.23674201965332031250e+00) (10, 3.12831306457519531250e+00) (11, 2.61278748512268066406e+00) (3, 2.01471405029296875000e+01) (4, 1.69878063201904296875e+01) (5, 9.52800464630126953125e+00) (6, 1.11575860977172851562e+01) (7, 9.59518527984619140625e+00) (8, 1.11139869689941406250e+01) (9, 1.32666320800781250000e+01) (10, 9.39074993133544921875e+00) (11, 1.27753076553344726562e+01) 
