FANN_FLO_2.1
num_layers=3
learning_rate=0.500000
connection_rate=1.000000
network_type=0
learning_momentum=0.000000
training_algorithm=2
train_error_function=1
train_stop_function=0
cascade_output_change_fraction=0.010000
quickprop_decay=-0.000100
quickprop_mu=1.750000
rprop_increase_factor=1.200000
rprop_decrease_factor=0.500000
rprop_delta_min=0.000000
rprop_delta_max=50.000000
rprop_delta_zero=0.100000
cascade_output_stagnation_epochs=12
cascade_candidate_change_fraction=0.010000
cascade_candidate_stagnation_epochs=12
cascade_max_out_epochs=150
cascade_min_out_epochs=50
cascade_max_cand_epochs=150
cascade_min_cand_epochs=50
cascade_num_candidate_groups=2
bit_fail_limit=3.49999994039535522461e-01
cascade_candidate_limit=1.00000000000000000000e+03
cascade_weight_multiplier=4.00000005960464477539e-01
cascade_activation_functions_count=10
cascade_activation_functions=3 5 7 8 10 11 14 15 16 17 
cascade_activation_steepnesses_count=4
cascade_activation_steepnesses=2.50000000000000000000e-01 5.00000000000000000000e-01 7.50000000000000000000e-01 1.00000000000000000000e+00 
layer_sizes=10 3 2 
scale_included=0
neurons (num_inputs, activation_function, activation_steepness)=(0, 0, 0.00000000000000000000e+00) (0, 0, 0.00000000000000000000e+00) (0, 0, 0.00000000000000000000e+00) (0, 0, 0.00000000000000000000e+00) (0, 0, 0.00000000000000000000e+00) (0, 0, 0.00000000000000000000e+00) (0, 0, 0.00000000000000000000e+00) (0, 0, 0.00000000000000000000e+00) (0, 0, 0.00000000000000000000e+00) (0, 0, 0.00000000000000000000e+00) (10, 3, 5.00000000000000000000e-01) (10, 3, 5.00000000000000000000e-01) (0, 3, 0.00000000000000000000e+00) (3, 3, 5.00000000000000000000e-01) (0, 3, 0.00000000000000000000e+00) 
connections (connected_to_neuron, weight)=(0, 6.36336684226989746094e-01) (1, 7.20947444438934326172e-01) (2, 4.79182541370391845703e-01) (3, 6.26562952995300292969e-01) (4, -6.92786201834678649902e-02) (5, 7.01711475849151611328e-01) (6, 7.13722884654998779297e-01) (7, 8.15834105014801025391e-01) (8, 5.81630766391754150391e-01) (9, -1.79270863533020019531e+00) (0, -4.52984899282455444336e-01) (1, -4.65755254030227661133e-01) (2, -5.35989403724670410156e-01) (3, -4.72461581230163574219e-01) (4, -7.43393003940582275391e-01) (5, -4.55730527639389038086e-01) (6, -4.15163785219192504883e-01) (7, -4.39876109361648559570e-01) (8, -4.81705516576766967773e-01) (9, 2.00441741943359375000e+00) (10, 1.33375108242034912109e+00) (11, -2.51176834106445312500e+00) (12, 2.00639903545379638672e-01) 
