FANN_FLO_2.1
num_layers=3
learning_rate=0.500000
connection_rate=1.000000
network_type=0
learning_momentum=0.000000
training_algorithm=2
train_error_function=1
train_stop_function=0
cascade_output_change_fraction=0.010000
quickprop_decay=-0.000100
quickprop_mu=1.750000
rprop_increase_factor=1.200000
rprop_decrease_factor=0.500000
rprop_delta_min=0.000000
rprop_delta_max=50.000000
rprop_delta_zero=0.100000
cascade_output_stagnation_epochs=12
cascade_candidate_change_fraction=0.010000
cascade_candidate_stagnation_epochs=12
cascade_max_out_epochs=150
cascade_min_out_epochs=50
cascade_max_cand_epochs=150
cascade_min_cand_epochs=50
cascade_num_candidate_groups=2
bit_fail_limit=3.49999994039535522461e-01
cascade_candidate_limit=1.00000000000000000000e+03
cascade_weight_multiplier=4.00000005960464477539e-01
cascade_activation_functions_count=10
cascade_activation_functions=3 5 7 8 10 11 14 15 16 17 
cascade_activation_steepnesses_count=4
cascade_activation_steepnesses=2.50000000000000000000e-01 5.00000000000000000000e-01 7.50000000000000000000e-01 1.00000000000000000000e+00 
layer_sizes=7 5 2 
scale_included=0
neurons (num_inputs, activation_function, activation_steepness)=(0, 0, 0.00000000000000000000e+00) (0, 0, 0.00000000000000000000e+00) (0, 0, 0.00000000000000000000e+00) (0, 0, 0.00000000000000000000e+00) (0, 0, 0.00000000000000000000e+00) (0, 0, 0.00000000000000000000e+00) (0, 0, 0.00000000000000000000e+00) (7, 3, 5.00000000000000000000e-01) (7, 3, 5.00000000000000000000e-01) (7, 3, 5.00000000000000000000e-01) (7, 3, 5.00000000000000000000e-01) (0, 3, 0.00000000000000000000e+00) (5, 0, 5.00000000000000000000e-01) (0, 0, 0.00000000000000000000e+00) 
connections (connected_to_neuron, weight)=(0, -3.66728830337524414062e+00) (1, 5.87740554809570312500e+01) (2, 5.08578348159790039062e+00) (3, -5.00600341796875000000e+02) (4, -8.30335080623626708984e-01) (5, 4.05427157878875732422e-01) (6, -6.61301374435424804688e-01) (0, -1.49230226874351501465e-01) (1, -3.37760537862777709961e-01) (2, -2.36663464456796646118e-02) (3, -4.58480089902877807617e-01) (4, -1.09633214771747589111e-01) (5, -2.73019254207611083984e-01) (6, -3.91858369112014770508e-02) (0, -5.03094315528869628906e-01) (1, -7.72214365005493164062e+00) (2, 1.68624246120452880859e+00) (3, 1.38614952564239501953e-01) (4, -3.60461950302124023438e-01) (5, 7.90025740861892700195e-02) (6, -2.92948573827743530273e-01) (0, 5.56630432605743408203e-01) (1, -4.35101896524429321289e-01) (2, 3.96727651357650756836e-01) (3, -6.14779710769653320312e-01) (4, 1.30273354053497314453e+00) (5, -1.00471258163452148438e-01) (6, 1.15335047245025634766e+00) (7, 5.00000190734863281250e+00) (8, -6.03954605758190155029e-02) (9, -1.25898445129394531250e+02) (10, -1.32059678435325622559e-01) (11, 1.42005413770675659180e-01) 
