FANN_FLO_2.1
num_layers=3
learning_rate=0.500000
connection_rate=1.000000
network_type=0
learning_momentum=0.000000
training_algorithm=2
train_error_function=1
train_stop_function=0
cascade_output_change_fraction=0.010000
quickprop_decay=-0.000100
quickprop_mu=1.750000
rprop_increase_factor=1.200000
rprop_decrease_factor=0.500000
rprop_delta_min=0.000000
rprop_delta_max=50.000000
rprop_delta_zero=0.100000
cascade_output_stagnation_epochs=12
cascade_candidate_change_fraction=0.010000
cascade_candidate_stagnation_epochs=12
cascade_max_out_epochs=150
cascade_min_out_epochs=50
cascade_max_cand_epochs=150
cascade_min_cand_epochs=50
cascade_num_candidate_groups=2
bit_fail_limit=3.49999994039535522461e-01
cascade_candidate_limit=1.00000000000000000000e+03
cascade_weight_multiplier=4.00000005960464477539e-01
cascade_activation_functions_count=10
cascade_activation_functions=3 5 7 8 10 11 14 15 16 17 
cascade_activation_steepnesses_count=4
cascade_activation_steepnesses=2.50000000000000000000e-01 5.00000000000000000000e-01 7.50000000000000000000e-01 1.00000000000000000000e+00 
layer_sizes=10 5 2 
scale_included=0
neurons (num_inputs, activation_function, activation_steepness)=(0, 0, 0.00000000000000000000e+00) (0, 0, 0.00000000000000000000e+00) (0, 0, 0.00000000000000000000e+00) (0, 0, 0.00000000000000000000e+00) (0, 0, 0.00000000000000000000e+00) (0, 0, 0.00000000000000000000e+00) (0, 0, 0.00000000000000000000e+00) (0, 0, 0.00000000000000000000e+00) (0, 0, 0.00000000000000000000e+00) (0, 0, 0.00000000000000000000e+00) (10, 3, 5.00000000000000000000e-01) (10, 3, 5.00000000000000000000e-01) (10, 3, 5.00000000000000000000e-01) (10, 3, 5.00000000000000000000e-01) (0, 3, 0.00000000000000000000e+00) (5, 3, 5.00000000000000000000e-01) (0, 3, 0.00000000000000000000e+00) 
connections (connected_to_neuron, weight)=(0, 8.19534480571746826172e-01) (1, 6.24229133129119873047e-01) (2, 8.01588118076324462891e-01) (3, 6.13537251949310302734e-01) (4, 6.98531746864318847656e-01) (5, 6.42708301544189453125e-01) (6, 4.46624964475631713867e-01) (7, 6.72791302204132080078e-01) (8, 4.16119813919067382812e-01) (9, -3.27261418104171752930e-01) (0, -4.36080634593963623047e-01) (1, -5.50050497055053710938e-01) (2, -4.55682843923568725586e-01) (3, -5.62060654163360595703e-01) (4, -7.37718224525451660156e-01) (5, -1.06393408775329589844e+00) (6, -4.70807105302810668945e-01) (7, -6.36335253715515136719e-01) (8, -4.96849775314331054688e-01) (9, 2.33921933174133300781e+00) (0, -7.40963637828826904297e-01) (1, -6.50681138038635253906e-01) (2, -6.14316105842590332031e-01) (3, -6.14886879920959472656e-01) (4, -4.61590647697448730469e-01) (5, -2.59090274572372436523e-01) (6, -7.41372168064117431641e-01) (7, -5.92107534408569335938e-01) (8, -6.64960324764251708984e-01) (9, 2.55837440490722656250e+00) (0, 1.01202166080474853516e+00) (1, 4.81656968593597412109e-01) (2, 9.24964845180511474609e-01) (3, 7.35169708728790283203e-01) (4, 4.66808468103408813477e-01) (5, 4.69490408897399902344e-01) (6, 7.03093826770782470703e-01) (7, 5.67155718803405761719e-01) (8, 4.01377320289611816406e-01) (9, -4.61829215288162231445e-01) (10, 4.71460103988647460938e-01) (11, -1.43294429779052734375e+00) (12, -1.50159430503845214844e+00) (13, 4.63908016681671142578e-01) (14, 4.42092746496200561523e-01) 
