FANN_FLO_2.1
num_layers=3
learning_rate=0.500000
connection_rate=1.000000
network_type=0
learning_momentum=0.000000
training_algorithm=2
train_error_function=1
train_stop_function=0
cascade_output_change_fraction=0.010000
quickprop_decay=-0.000100
quickprop_mu=1.750000
rprop_increase_factor=1.200000
rprop_decrease_factor=0.500000
rprop_delta_min=0.000000
rprop_delta_max=50.000000
rprop_delta_zero=0.100000
cascade_output_stagnation_epochs=12
cascade_candidate_change_fraction=0.010000
cascade_candidate_stagnation_epochs=12
cascade_max_out_epochs=150
cascade_min_out_epochs=50
cascade_max_cand_epochs=150
cascade_min_cand_epochs=50
cascade_num_candidate_groups=2
bit_fail_limit=3.49999994039535522461e-01
cascade_candidate_limit=1.00000000000000000000e+03
cascade_weight_multiplier=4.00000005960464477539e-01
cascade_activation_functions_count=10
cascade_activation_functions=3 5 7 8 10 11 14 15 16 17 
cascade_activation_steepnesses_count=4
cascade_activation_steepnesses=2.50000000000000000000e-01 5.00000000000000000000e-01 7.50000000000000000000e-01 1.00000000000000000000e+00 
layer_sizes=7 9 2 
scale_included=0
neurons (num_inputs, activation_function, activation_steepness)=(0, 0, 0.00000000000000000000e+00) (0, 0, 0.00000000000000000000e+00) (0, 0, 0.00000000000000000000e+00) (0, 0, 0.00000000000000000000e+00) (0, 0, 0.00000000000000000000e+00) (0, 0, 0.00000000000000000000e+00) (0, 0, 0.00000000000000000000e+00) (7, 3, 5.00000000000000000000e-01) (7, 3, 5.00000000000000000000e-01) (7, 3, 5.00000000000000000000e-01) (7, 3, 5.00000000000000000000e-01) (7, 3, 5.00000000000000000000e-01) (7, 3, 5.00000000000000000000e-01) (7, 3, 5.00000000000000000000e-01) (7, 3, 5.00000000000000000000e-01) (0, 3, 0.00000000000000000000e+00) (9, 0, 5.00000000000000000000e-01) (0, 0, 0.00000000000000000000e+00) 
connections (connected_to_neuron, weight)=(0, 1.58272311091423034668e-01) (1, -1.17641699314117431641e+00) (2, 2.13309335708618164062e+00) (3, -5.67096292972564697266e-01) (4, 1.54846131801605224609e-01) (5, -4.07760977745056152344e-01) (6, -1.53496801853179931641e+00) (0, -2.47094988822937011719e-01) (1, -1.80616110563278198242e-01) (2, -7.27768361568450927734e-01) (3, -3.81411612033843994141e-02) (4, -2.01554369926452636719e+00) (5, 3.17945384979248046875e+00) (6, -4.54630583524703979492e-01) (0, -6.62523090839385986328e-01) (1, -4.63025271892547607422e-01) (2, 2.32177183032035827637e-01) (3, -4.31859523057937622070e-01) (4, 7.77962148189544677734e-01) (5, 8.03661525249481201172e-01) (6, -1.97372245788574218750e+00) (0, 7.19958734512329101562e+00) (1, -1.18706965446472167969e+00) (2, 1.81305389404296875000e+01) (3, -2.09722061157226562500e+01) (4, -2.08869628906250000000e+02) (5, 7.61628494262695312500e+01) (6, -3.05095696449279785156e+00) (0, -5.93239486217498779297e-01) (1, -5.98237991333007812500e-01) (2, -4.37324096679687500000e+02) (3, -3.31626594066619873047e-01) (4, 8.31704378128051757812e-01) (5, 1.62007188796997070312e+00) (6, -2.86740567535161972046e-02) (0, -4.58037644624710083008e-01) (1, 2.29784101247787475586e-03) (2, 2.81920108795166015625e+01) (3, -1.27063199877738952637e-01) (4, -9.89475631713867187500e+00) (5, -9.38197204589843750000e+02) (6, -3.16544741392135620117e-01) (0, -7.54537805914878845215e-02) (1, -1.86476841568946838379e-01) (2, 3.07837867736816406250e+00) (3, -1.72406777739524841309e-01) (4, -1.86734271049499511719e+00) (5, -7.37077593803405761719e-01) (6, -2.76147186756134033203e-01) (0, -4.52893972396850585938e-01) (1, -5.24631381034851074219e-01) (2, 2.08728771209716796875e+01) (3, -5.75999641418457031250e+00) (4, -1.56376708984375000000e+02) (5, -8.05206298828125000000e-01) (6, -5.00645279884338378906e-01) (7, 2.71705705672502517700e-02) (8, 4.49330098927021026611e-02) (9, -5.78761994838714599609e-02) (10, -3.12623810768127441406e+00) (11, 5.87091967463493347168e-03) (12, -6.58000488281250000000e+01) (13, -2.82814223319292068481e-02) (14, -1.27917155623435974121e-01) (15, 1.41223911195993423462e-02) 
