FANN_FLO_2.1
num_layers=3
learning_rate=0.400000
connection_rate=1.000000
network_type=0
learning_momentum=0.000000
training_algorithm=2
train_error_function=1
train_stop_function=0
cascade_output_change_fraction=0.010000
quickprop_decay=-0.000100
quickprop_mu=1.750000
rprop_increase_factor=1.200000
rprop_decrease_factor=0.500000
rprop_delta_min=0.000000
rprop_delta_max=50.000000
rprop_delta_zero=0.100000
cascade_output_stagnation_epochs=12
cascade_candidate_change_fraction=0.010000
cascade_candidate_stagnation_epochs=12
cascade_max_out_epochs=150
cascade_min_out_epochs=50
cascade_max_cand_epochs=150
cascade_min_cand_epochs=50
cascade_num_candidate_groups=2
bit_fail_limit=3.49999994039535522461e-01
cascade_candidate_limit=1.00000000000000000000e+03
cascade_weight_multiplier=4.00000005960464477539e-01
cascade_activation_functions_count=10
cascade_activation_functions=3 5 7 8 10 11 14 15 16 17 
cascade_activation_steepnesses_count=4
cascade_activation_steepnesses=2.50000000000000000000e-01 5.00000000000000000000e-01 7.50000000000000000000e-01 1.00000000000000000000e+00 
layer_sizes=6 5 2 
scale_included=0
neurons (num_inputs, activation_function, activation_steepness)=(0, 0, 0.00000000000000000000e+00) (0, 0, 0.00000000000000000000e+00) (0, 0, 0.00000000000000000000e+00) (0, 0, 0.00000000000000000000e+00) (0, 0, 0.00000000000000000000e+00) (0, 0, 0.00000000000000000000e+00) (6, 3, 5.00000000000000000000e-01) (6, 3, 5.00000000000000000000e-01) (6, 3, 5.00000000000000000000e-01) (6, 3, 5.00000000000000000000e-01) (0, 3, 0.00000000000000000000e+00) (5, 0, 5.00000000000000000000e-01) (0, 0, 0.00000000000000000000e+00) 
connections (connected_to_neuron, weight)=(0, -1.50000000000000000000e+03) (1, -1.50000000000000000000e+03) (2, -3.48043174743652343750e+01) (3, -3.95542602539062500000e+01) (4, 9.58914682269096374512e-02) (5, 2.80131936073303222656e-01) (0, -1.50000000000000000000e+03) (1, -1.50000000000000000000e+03) (2, -3.48268928527832031250e+01) (3, -3.96776123046875000000e+01) (4, 1.39736652374267578125e-01) (5, 1.85968562960624694824e-01) (0, -1.50000000000000000000e+03) (1, -1.43020874023437500000e+03) (2, 4.65041190385818481445e-01) (3, -6.39973564147949218750e+01) (4, 2.46435284614562988281e+00) (5, 1.66019678115844726562e+00) (0, -1.50000000000000000000e+03) (1, -1.50000000000000000000e+03) (2, -1.57481117248535156250e+01) (3, -1.28320684432983398438e+01) (4, 1.22072327136993408203e+00) (5, 2.29397773742675781250e-01) (6, 7.21203689575195312500e+01) (7, 3.03554496765136718750e+01) (8, 8.86680126190185546875e+00) (9, 2.14593448638916015625e+01) (10, 7.98457801342010498047e-01) 
