FANN_FLO_2.1
num_layers=4
learning_rate=0.300000
connection_rate=1.000000
network_type=0
learning_momentum=0.000000
training_algorithm=2
train_error_function=1
train_stop_function=0
cascade_output_change_fraction=0.010000
quickprop_decay=-0.000100
quickprop_mu=1.750000
rprop_increase_factor=1.200000
rprop_decrease_factor=0.500000
rprop_delta_min=0.000000
rprop_delta_max=50.000000
rprop_delta_zero=0.100000
cascade_output_stagnation_epochs=12
cascade_candidate_change_fraction=0.010000
cascade_candidate_stagnation_epochs=12
cascade_max_out_epochs=150
cascade_min_out_epochs=50
cascade_max_cand_epochs=150
cascade_min_cand_epochs=50
cascade_num_candidate_groups=2
bit_fail_limit=3.49999994039535522461e-01
cascade_candidate_limit=1.00000000000000000000e+03
cascade_weight_multiplier=4.00000005960464477539e-01
cascade_activation_functions_count=10
cascade_activation_functions=3 5 7 8 10 11 14 15 16 17 
cascade_activation_steepnesses_count=4
cascade_activation_steepnesses=2.50000000000000000000e-01 5.00000000000000000000e-01 7.50000000000000000000e-01 1.00000000000000000000e+00 
layer_sizes=2 5 5 3 
scale_included=0
neurons (num_inputs, activation_function, activation_steepness)=(0, 0, 0.00000000000000000000e+00) (0, 0, 0.00000000000000000000e+00) (2, 3, 5.00000000000000000000e-01) (2, 3, 5.00000000000000000000e-01) (2, 3, 5.00000000000000000000e-01) (2, 3, 5.00000000000000000000e-01) (0, 3, 0.00000000000000000000e+00) (5, 3, 5.00000000000000000000e-01) (5, 3, 5.00000000000000000000e-01) (5, 3, 5.00000000000000000000e-01) (5, 3, 5.00000000000000000000e-01) (0, 3, 0.00000000000000000000e+00) (5, 0, 5.00000000000000000000e-01) (5, 0, 5.00000000000000000000e-01) (0, 0, 0.00000000000000000000e+00) 
connections (connected_to_neuron, weight)=(0, -1.50000000000000000000e+03) (1, -2.44710516929626464844e+00) (0, -1.50000000000000000000e+03) (1, -1.43042297363281250000e+01) (0, -1.50000000000000000000e+03) (1, -1.19152212142944335938e+00) (0, -1.50000000000000000000e+03) (1, -1.43004970550537109375e+01) (2, 5.62949299812316894531e-01) (3, -6.46647140383720397949e-02) (4, 5.39098262786865234375e-01) (5, -3.14049087464809417725e-02) (6, 4.59545326232910156250e+00) (2, 3.60088914632797241211e-01) (3, 7.36143231391906738281e-01) (4, 5.88805139064788818359e-01) (5, 7.40073442459106445312e-01) (6, -1.10450461506843566895e-01) (2, 4.71054047346115112305e-01) (3, 2.57664513587951660156e+00) (4, 1.92109704017639160156e-01) (5, 2.51723313331604003906e+00) (6, -2.45961642265319824219e+00) (2, 5.19894719123840332031e-01) (3, 1.87764561176300048828e+00) (4, -4.64590825140476226807e-02) (5, 1.80649244785308837891e+00) (6, -9.87626910209655761719e-01) (7, 9.07862186431884765625e-03) (8, 4.12157960236072540283e-02) (9, 1.08110390603542327881e-01) (10, 6.55874535441398620605e-02) (11, -2.21387758851051330566e-01) (7, -4.90281641483306884766e-01) (8, -4.75908130407333374023e-01) (9, -4.02493000030517578125e-01) (10, -3.47335815429687500000e-01) (11, -4.24551248550415039062e-01) 
