FANN_FLO_2.1
num_layers=3
learning_rate=0.500000
connection_rate=1.000000
network_type=0
learning_momentum=0.000000
training_algorithm=2
train_error_function=1
train_stop_function=0
cascade_output_change_fraction=0.010000
quickprop_decay=-0.000100
quickprop_mu=1.750000
rprop_increase_factor=1.200000
rprop_decrease_factor=0.500000
rprop_delta_min=0.000000
rprop_delta_max=50.000000
rprop_delta_zero=0.100000
cascade_output_stagnation_epochs=12
cascade_candidate_change_fraction=0.010000
cascade_candidate_stagnation_epochs=12
cascade_max_out_epochs=150
cascade_min_out_epochs=50
cascade_max_cand_epochs=150
cascade_min_cand_epochs=50
cascade_num_candidate_groups=2
bit_fail_limit=3.49999994039535522461e-01
cascade_candidate_limit=1.00000000000000000000e+03
cascade_weight_multiplier=4.00000005960464477539e-01
cascade_activation_functions_count=10
cascade_activation_functions=3 5 7 8 10 11 14 15 16 17 
cascade_activation_steepnesses_count=4
cascade_activation_steepnesses=2.50000000000000000000e-01 5.00000000000000000000e-01 7.50000000000000000000e-01 1.00000000000000000000e+00 
layer_sizes=3 5 4 
scale_included=0
neurons (num_inputs, activation_function, activation_steepness)=(0, 0, 0.00000000000000000000e+00) (0, 0, 0.00000000000000000000e+00) (0, 0, 0.00000000000000000000e+00) (3, 3, 5.00000000000000000000e-01) (3, 3, 5.00000000000000000000e-01) (3, 3, 5.00000000000000000000e-01) (3, 3, 5.00000000000000000000e-01) (0, 3, 0.00000000000000000000e+00) (5, 0, 5.00000000000000000000e-01) (5, 0, 5.00000000000000000000e-01) (5, 0, 5.00000000000000000000e-01) (0, 0, 0.00000000000000000000e+00) 
connections (connected_to_neuron, weight)=(0, -1.95896835327148437500e+01) (1, 1.15207872390747070312e+01) (2, 7.25275087356567382812e+00) (0, -1.22758865356445312500e+01) (1, 8.02129840850830078125e+00) (2, 1.54032430648803710938e+01) (0, -2.94768714904785156250e+00) (1, -3.08052748441696166992e-01) (2, 9.49473738670349121094e-01) (0, -4.95485725402832031250e+01) (1, -3.09911403656005859375e+01) (2, -1.40122020244598388672e+00) (3, 1.37012207508087158203e+00) (4, 1.22411692142486572266e+00) (5, 3.78277468681335449219e+00) (6, 2.36738753318786621094e+00) (7, 1.03984510898590087891e+00) (3, 4.88665056228637695312e+00) (4, 4.62913656234741210938e+00) (5, 1.08770046234130859375e+01) (6, 5.66652154922485351562e+00) (7, 4.21837043762207031250e+00) (3, 1.42211589813232421875e+01) (4, 1.74378299713134765625e+01) (5, 3.38357925415039062500e+01) (6, 1.85987949371337890625e+01) (7, 1.76992034912109375000e+01) 
