FANN_FLO_2.1
num_layers=3
learning_rate=0.400000
connection_rate=1.000000
network_type=0
learning_momentum=0.000000
training_algorithm=2
train_error_function=1
train_stop_function=0
cascade_output_change_fraction=0.010000
quickprop_decay=-0.000100
quickprop_mu=1.750000
rprop_increase_factor=1.200000
rprop_decrease_factor=0.500000
rprop_delta_min=0.000000
rprop_delta_max=50.000000
rprop_delta_zero=0.100000
cascade_output_stagnation_epochs=12
cascade_candidate_change_fraction=0.010000
cascade_candidate_stagnation_epochs=12
cascade_max_out_epochs=150
cascade_min_out_epochs=50
cascade_max_cand_epochs=150
cascade_min_cand_epochs=50
cascade_num_candidate_groups=2
bit_fail_limit=3.49999994039535522461e-01
cascade_candidate_limit=1.00000000000000000000e+03
cascade_weight_multiplier=4.00000005960464477539e-01
cascade_activation_functions_count=10
cascade_activation_functions=3 5 7 8 10 11 14 15 16 17 
cascade_activation_steepnesses_count=4
cascade_activation_steepnesses=2.50000000000000000000e-01 5.00000000000000000000e-01 7.50000000000000000000e-01 1.00000000000000000000e+00 
layer_sizes=6 5 2 
scale_included=0
neurons (num_inputs, activation_function, activation_steepness)=(0, 0, 0.00000000000000000000e+00) (0, 0, 0.00000000000000000000e+00) (0, 0, 0.00000000000000000000e+00) (0, 0, 0.00000000000000000000e+00) (0, 0, 0.00000000000000000000e+00) (0, 0, 0.00000000000000000000e+00) (6, 3, 5.00000000000000000000e-01) (6, 3, 5.00000000000000000000e-01) (6, 3, 5.00000000000000000000e-01) (6, 3, 5.00000000000000000000e-01) (0, 3, 0.00000000000000000000e+00) (5, 0, 5.00000000000000000000e-01) (0, 0, 0.00000000000000000000e+00) 
connections (connected_to_neuron, weight)=(0, 8.67679443359375000000e+02) (1, -3.91795623779296875000e+02) (2, 1.37180999755859375000e+02) (3, 1.49409411621093750000e+03) (4, -2.89386534690856933594e+00) (5, 5.26595234870910644531e-01) (0, -1.44240808105468750000e+03) (1, -1.43769799804687500000e+03) (2, -5.69242775440216064453e-01) (3, -7.90306854248046875000e+01) (4, -5.73121833801269531250e+00) (5, 8.02413597702980041504e-02) (0, -1.44240808105468750000e+03) (1, -1.23566125488281250000e+03) (2, -6.42720758914947509766e-01) (3, -1.13627355957031250000e+03) (4, 2.73052239418029785156e+00) (5, 1.25343516469001770020e-01) (0, -1.44240808105468750000e+03) (1, -1.02975044250488281250e+01) (2, -4.25439214706420898438e+00) (3, -5.75920343399047851562e+00) (4, 1.83225643634796142578e+00) (5, 5.59949874877929687500e-02) (6, -8.81388759613037109375e+00) (7, 6.31575345993041992188e-01) (8, 3.12657862901687622070e-01) (9, 3.28172707557678222656e+00) (10, 6.66504204273223876953e-01) 
