FANN_FLO_2.1
num_layers=3
learning_rate=0.500000
connection_rate=1.000000
network_type=0
learning_momentum=0.000000
training_algorithm=2
train_error_function=1
train_stop_function=0
cascade_output_change_fraction=0.010000
quickprop_decay=-0.000100
quickprop_mu=1.750000
rprop_increase_factor=1.200000
rprop_decrease_factor=0.500000
rprop_delta_min=0.000000
rprop_delta_max=50.000000
rprop_delta_zero=0.100000
cascade_output_stagnation_epochs=12
cascade_candidate_change_fraction=0.010000
cascade_candidate_stagnation_epochs=12
cascade_max_out_epochs=150
cascade_min_out_epochs=50
cascade_max_cand_epochs=150
cascade_min_cand_epochs=50
cascade_num_candidate_groups=2
bit_fail_limit=3.49999994039535522461e-01
cascade_candidate_limit=1.00000000000000000000e+03
cascade_weight_multiplier=4.00000005960464477539e-01
cascade_activation_functions_count=10
cascade_activation_functions=3 5 7 8 10 11 14 15 16 17 
cascade_activation_steepnesses_count=4
cascade_activation_steepnesses=2.50000000000000000000e-01 5.00000000000000000000e-01 7.50000000000000000000e-01 1.00000000000000000000e+00 
layer_sizes=3 9 4 
scale_included=0
neurons (num_inputs, activation_function, activation_steepness)=(0, 0, 0.00000000000000000000e+00) (0, 0, 0.00000000000000000000e+00) (0, 0, 0.00000000000000000000e+00) (3, 3, 5.00000000000000000000e-01) (3, 3, 5.00000000000000000000e-01) (3, 3, 5.00000000000000000000e-01) (3, 3, 5.00000000000000000000e-01) (3, 3, 5.00000000000000000000e-01) (3, 3, 5.00000000000000000000e-01) (3, 3, 5.00000000000000000000e-01) (3, 3, 5.00000000000000000000e-01) (0, 3, 0.00000000000000000000e+00) (9, 0, 5.00000000000000000000e-01) (9, 0, 5.00000000000000000000e-01) (9, 0, 5.00000000000000000000e-01) (0, 0, 0.00000000000000000000e+00) 
connections (connected_to_neuron, weight)=(0, -1.37342274188995361328e+00) (1, -2.31293940544128417969e+00) (2, 1.14286176860332489014e-01) (0, -5.61669826507568359375e+00) (1, 6.61910629272460937500e+00) (2, 8.71661186218261718750e+00) (0, -4.34045934677124023438e+00) (1, 4.79675024747848510742e-01) (2, 6.97738826274871826172e-01) (0, -7.58521461486816406250e+00) (1, 5.35416221618652343750e+00) (2, 5.24048328399658203125e+00) (0, -6.79426479339599609375e+00) (1, 3.79671812057495117188e+00) (2, 5.44456779956817626953e-01) (0, -5.89571619033813476562e+00) (1, 8.29731464385986328125e+00) (2, 4.95960760116577148438e+00) (0, -3.77552032470703125000e+00) (1, -1.58104944229125976562e+00) (2, 4.24743741750717163086e-01) (0, -7.64576482772827148438e+00) (1, 5.38060760498046875000e+00) (2, 5.30637836456298828125e+00) (3, 2.43709897994995117188e+00) (4, 5.95518946647644042969e-01) (5, 1.37410938739776611328e+00) (6, 3.10520052909851074219e-01) (7, 1.99945211410522460938e+00) (8, 9.19175803661346435547e-01) (9, 2.64801716804504394531e+00) (10, 3.24939697980880737305e-01) (11, 3.69395315647125244141e-01) (3, 8.41028976440429687500e+00) (4, 2.19006228446960449219e+00) (5, 5.25995731353759765625e+00) (6, 2.16568779945373535156e+00) (7, 3.56774973869323730469e+00) (8, 3.09998941421508789062e+00) (9, 5.93769931793212890625e+00) (10, 2.15325999259948730469e+00) (11, 1.77483940124511718750e+00) (3, 2.86075820922851562500e+01) (4, 9.27435493469238281250e+00) (5, 1.76398620605468750000e+01) (6, 7.79804992675781250000e+00) (7, 9.13258743286132812500e+00) (8, 9.08417701721191406250e+00) (9, 1.81987304687500000000e+01) (10, 7.86408758163452148438e+00) (11, 9.08717155456542968750e+00) 
