FANN_FLO_2.1
num_layers=3
learning_rate=0.500000
connection_rate=1.000000
network_type=0
learning_momentum=0.000000
training_algorithm=2
train_error_function=1
train_stop_function=0
cascade_output_change_fraction=0.010000
quickprop_decay=-0.000100
quickprop_mu=1.750000
rprop_increase_factor=1.200000
rprop_decrease_factor=0.500000
rprop_delta_min=0.000000
rprop_delta_max=50.000000
rprop_delta_zero=0.100000
cascade_output_stagnation_epochs=12
cascade_candidate_change_fraction=0.010000
cascade_candidate_stagnation_epochs=12
cascade_max_out_epochs=150
cascade_min_out_epochs=50
cascade_max_cand_epochs=150
cascade_min_cand_epochs=50
cascade_num_candidate_groups=2
bit_fail_limit=3.49999994039535522461e-01
cascade_candidate_limit=1.00000000000000000000e+03
cascade_weight_multiplier=4.00000005960464477539e-01
cascade_activation_functions_count=10
cascade_activation_functions=3 5 7 8 10 11 14 15 16 17 
cascade_activation_steepnesses_count=4
cascade_activation_steepnesses=2.50000000000000000000e-01 5.00000000000000000000e-01 7.50000000000000000000e-01 1.00000000000000000000e+00 
layer_sizes=7 5 2 
scale_included=0
neurons (num_inputs, activation_function, activation_steepness)=(0, 0, 0.00000000000000000000e+00) (0, 0, 0.00000000000000000000e+00) (0, 0, 0.00000000000000000000e+00) (0, 0, 0.00000000000000000000e+00) (0, 0, 0.00000000000000000000e+00) (0, 0, 0.00000000000000000000e+00) (0, 0, 0.00000000000000000000e+00) (7, 3, 5.00000000000000000000e-01) (7, 3, 5.00000000000000000000e-01) (7, 3, 5.00000000000000000000e-01) (7, 3, 5.00000000000000000000e-01) (0, 3, 0.00000000000000000000e+00) (5, 0, 5.00000000000000000000e-01) (0, 0, 0.00000000000000000000e+00) 
connections (connected_to_neuron, weight)=(0, 1.76800843328237533569e-02) (1, -1.28700947761535644531e+00) (2, 1.36903524398803710938e+00) (3, 2.72490143775939941406e-01) (4, -1.67650425434112548828e+00) (5, 1.97712326049804687500e+00) (6, -1.81034231185913085938e+00) (0, -2.00313587188720703125e+01) (1, -7.50731647014617919922e-01) (2, 3.19348392486572265625e+01) (3, -2.40191211700439453125e+01) (4, -5.97538471221923828125e-01) (5, 1.13052835464477539062e+01) (6, -4.84608680009841918945e-01) (0, -4.06020116806030273438e+00) (1, -1.03891718387603759766e+00) (2, 1.55802984237670898438e+01) (3, -3.88196277618408203125e+00) (4, -2.07888841629028320312e+00) (5, 5.59037303924560546875e+00) (6, -1.78669941425323486328e+00) (0, -2.43513927459716796875e+01) (1, -1.42039999365806579590e-01) (2, 4.43717880249023437500e+01) (3, -2.16984062194824218750e+01) (4, -2.68988723754882812500e+01) (5, -3.25286674499511718750e+00) (6, 2.02411822974681854248e-02) (7, 7.33777508139610290527e-02) (8, 1.77014282226562500000e+02) (9, -3.81819427013397216797e-01) (10, -6.57503417968750000000e+02) (11, -2.71211601793766021729e-02) 
