FANN_FLO_2.1
num_layers=4
learning_rate=0.300000
connection_rate=1.000000
network_type=0
learning_momentum=0.000000
training_algorithm=2
train_error_function=1
train_stop_function=0
cascade_output_change_fraction=0.010000
quickprop_decay=-0.000100
quickprop_mu=1.750000
rprop_increase_factor=1.200000
rprop_decrease_factor=0.500000
rprop_delta_min=0.000000
rprop_delta_max=50.000000
rprop_delta_zero=0.100000
cascade_output_stagnation_epochs=12
cascade_candidate_change_fraction=0.010000
cascade_candidate_stagnation_epochs=12
cascade_max_out_epochs=150
cascade_min_out_epochs=50
cascade_max_cand_epochs=150
cascade_min_cand_epochs=50
cascade_num_candidate_groups=2
bit_fail_limit=3.49999994039535522461e-01
cascade_candidate_limit=1.00000000000000000000e+03
cascade_weight_multiplier=4.00000005960464477539e-01
cascade_activation_functions_count=10
cascade_activation_functions=3 5 7 8 10 11 14 15 16 17 
cascade_activation_steepnesses_count=4
cascade_activation_steepnesses=2.50000000000000000000e-01 5.00000000000000000000e-01 7.50000000000000000000e-01 1.00000000000000000000e+00 
layer_sizes=2 5 5 3 
scale_included=0
neurons (num_inputs, activation_function, activation_steepness)=(0, 0, 0.00000000000000000000e+00) (0, 0, 0.00000000000000000000e+00) (2, 3, 5.00000000000000000000e-01) (2, 3, 5.00000000000000000000e-01) (2, 3, 5.00000000000000000000e-01) (2, 3, 5.00000000000000000000e-01) (0, 3, 0.00000000000000000000e+00) (5, 3, 5.00000000000000000000e-01) (5, 3, 5.00000000000000000000e-01) (5, 3, 5.00000000000000000000e-01) (5, 3, 5.00000000000000000000e-01) (0, 3, 0.00000000000000000000e+00) (5, 0, 5.00000000000000000000e-01) (5, 0, 5.00000000000000000000e-01) (0, 0, 0.00000000000000000000e+00) 
connections (connected_to_neuron, weight)=(0, -1.50000000000000000000e+03) (1, -1.98433423042297363281e+00) (0, -1.50000000000000000000e+03) (1, -1.16833746433258056641e+00) (0, -1.50000000000000000000e+03) (1, -2.40887641906738281250e+00) (0, -1.50000000000000000000e+03) (1, -3.30335140228271484375e+00) (2, -1.90786495804786682129e-01) (3, -2.28553608059883117676e-01) (4, 2.70555615425109863281e-01) (5, 9.16768169403076171875e+00) (6, -3.61288189888000488281e-01) (2, 6.48854076862335205078e-01) (3, 8.35254967212677001953e-01) (4, 7.18225717544555664062e-01) (5, 9.24063920974731445312e-01) (6, -3.56199741363525390625e-01) (2, 5.41338860988616943359e-01) (3, 4.09946262836456298828e-01) (4, 4.15246754884719848633e-01) (5, 7.28347003459930419922e-01) (6, 1.67578890919685363770e-01) (2, 6.87982380390167236328e-01) (3, 1.00763595104217529297e+00) (4, 9.03657376766204833984e-01) (5, 1.13464593887329101562e+00) (6, -1.76876771450042724609e+00) (7, 1.17253310978412628174e-01) (8, 7.74352848529815673828e-02) (9, -1.03413954377174377441e-01) (10, 9.38514098525047302246e-02) (11, -1.80538430809974670410e-01) (7, -3.84890496730804443359e-01) (8, -5.25222897529602050781e-01) (9, -5.77603399753570556641e-01) (10, -5.34671485424041748047e-01) (11, -3.61029982566833496094e-01) 
