FANN_FLO_2.1
num_layers=3
learning_rate=0.500000
connection_rate=1.000000
network_type=0
learning_momentum=0.000000
training_algorithm=2
train_error_function=1
train_stop_function=0
cascade_output_change_fraction=0.010000
quickprop_decay=-0.000100
quickprop_mu=1.750000
rprop_increase_factor=1.200000
rprop_decrease_factor=0.500000
rprop_delta_min=0.000000
rprop_delta_max=50.000000
rprop_delta_zero=0.100000
cascade_output_stagnation_epochs=12
cascade_candidate_change_fraction=0.010000
cascade_candidate_stagnation_epochs=12
cascade_max_out_epochs=150
cascade_min_out_epochs=50
cascade_max_cand_epochs=150
cascade_min_cand_epochs=50
cascade_num_candidate_groups=2
bit_fail_limit=3.49999994039535522461e-01
cascade_candidate_limit=1.00000000000000000000e+03
cascade_weight_multiplier=4.00000005960464477539e-01
cascade_activation_functions_count=10
cascade_activation_functions=3 5 7 8 10 11 14 15 16 17 
cascade_activation_steepnesses_count=4
cascade_activation_steepnesses=2.50000000000000000000e-01 5.00000000000000000000e-01 7.50000000000000000000e-01 1.00000000000000000000e+00 
layer_sizes=10 5 2 
scale_included=0
neurons (num_inputs, activation_function, activation_steepness)=(0, 0, 0.00000000000000000000e+00) (0, 0, 0.00000000000000000000e+00) (0, 0, 0.00000000000000000000e+00) (0, 0, 0.00000000000000000000e+00) (0, 0, 0.00000000000000000000e+00) (0, 0, 0.00000000000000000000e+00) (0, 0, 0.00000000000000000000e+00) (0, 0, 0.00000000000000000000e+00) (0, 0, 0.00000000000000000000e+00) (0, 0, 0.00000000000000000000e+00) (10, 3, 5.00000000000000000000e-01) (10, 3, 5.00000000000000000000e-01) (10, 3, 5.00000000000000000000e-01) (10, 3, 5.00000000000000000000e-01) (0, 3, 0.00000000000000000000e+00) (5, 3, 5.00000000000000000000e-01) (0, 3, 0.00000000000000000000e+00) 
connections (connected_to_neuron, weight)=(0, 1.45247998046875000000e+03) (1, 1.43400000000000000000e+03) (2, 1.48500000000000000000e+03) (3, 1.43400000000000000000e+03) (4, 1.48500000000000000000e+03) (5, 1.48500000000000000000e+03) (6, 1.45247998046875000000e+03) (7, 1.43400000000000000000e+03) (8, 1.48500000000000000000e+03) (9, 5.71342229843139648438e+00) (0, -4.68477249145507812500e-01) (1, -5.48102021217346191406e-01) (2, -3.43135565519332885742e-01) (3, -3.92280578613281250000e-01) (4, -3.28208953142166137695e-01) (5, -5.91551840305328369141e-01) (6, -4.19117182493209838867e-01) (7, -4.06722724437713623047e-01) (8, -5.88377594947814941406e-01) (9, 7.89980113506317138672e-01) (0, -5.68099141120910644531e-01) (1, -4.76659655570983886719e-01) (2, -6.27029180526733398438e-01) (3, -6.08732402324676513672e-01) (4, -6.45689129829406738281e-01) (5, -4.73099440336227416992e-01) (6, -5.56299865245819091797e-01) (7, -6.02196335792541503906e-01) (8, -4.45177942514419555664e-01) (9, 2.33605694770812988281e+00) (0, -5.80572009086608886719e-01) (1, -5.40122604370117187500e+00) (2, -2.50073838233947753906e+00) (3, -9.56147766113281250000e+00) (4, -5.07679634094238281250e+01) (5, -4.35072994232177734375e+00) (6, -6.47457003593444824219e-01) (7, -8.49365532398223876953e-01) (8, -1.93408946990966796875e+01) (9, 3.27036231756210327148e-01) (10, 8.56074333190917968750e-01) (11, -1.98607385158538818359e+00) (12, -2.26741147041320800781e+00) (13, -4.61429634094238281250e+01) (14, 6.33475422859191894531e-01) 
