FANN_FLO_2.1
num_layers=3
learning_rate=0.500000
connection_rate=1.000000
network_type=0
learning_momentum=0.000000
training_algorithm=2
train_error_function=1
train_stop_function=0
cascade_output_change_fraction=0.010000
quickprop_decay=-0.000100
quickprop_mu=1.750000
rprop_increase_factor=1.200000
rprop_decrease_factor=0.500000
rprop_delta_min=0.000000
rprop_delta_max=50.000000
rprop_delta_zero=0.100000
cascade_output_stagnation_epochs=12
cascade_candidate_change_fraction=0.010000
cascade_candidate_stagnation_epochs=12
cascade_max_out_epochs=150
cascade_min_out_epochs=50
cascade_max_cand_epochs=150
cascade_min_cand_epochs=50
cascade_num_candidate_groups=2
bit_fail_limit=3.49999994039535522461e-01
cascade_candidate_limit=1.00000000000000000000e+03
cascade_weight_multiplier=4.00000005960464477539e-01
cascade_activation_functions_count=10
cascade_activation_functions=3 5 7 8 10 11 14 15 16 17 
cascade_activation_steepnesses_count=4
cascade_activation_steepnesses=2.50000000000000000000e-01 5.00000000000000000000e-01 7.50000000000000000000e-01 1.00000000000000000000e+00 
layer_sizes=10 3 2 
scale_included=0
neurons (num_inputs, activation_function, activation_steepness)=(0, 0, 0.00000000000000000000e+00) (0, 0, 0.00000000000000000000e+00) (0, 0, 0.00000000000000000000e+00) (0, 0, 0.00000000000000000000e+00) (0, 0, 0.00000000000000000000e+00) (0, 0, 0.00000000000000000000e+00) (0, 0, 0.00000000000000000000e+00) (0, 0, 0.00000000000000000000e+00) (0, 0, 0.00000000000000000000e+00) (0, 0, 0.00000000000000000000e+00) (10, 3, 5.00000000000000000000e-01) (10, 3, 5.00000000000000000000e-01) (0, 3, 0.00000000000000000000e+00) (3, 3, 5.00000000000000000000e-01) (0, 3, 0.00000000000000000000e+00) 
connections (connected_to_neuron, weight)=(0, -2.59202033281326293945e-01) (1, -9.42223727703094482422e-01) (2, -2.90374368429183959961e-01) (3, -4.15659993886947631836e-01) (4, -9.42609608173370361328e-01) (5, -1.02227282524108886719e+00) (6, -3.18255454301834106445e-01) (7, -3.72852742671966552734e-01) (8, -3.97404789924621582031e-01) (9, 2.04309344291687011719e+00) (0, -1.01791703701019287109e+00) (1, -6.70908018946647644043e-02) (2, -9.68842387199401855469e-01) (3, -8.30428838729858398438e-01) (4, 2.34373174607753753662e-02) (5, 3.50800454616546630859e-02) (6, -9.02979612350463867188e-01) (7, -8.59039247035980224609e-01) (8, -7.68054604530334472656e-01) (9, 2.20002174377441406250e+00) (10, -2.06225061416625976562e+00) (11, -1.47265732288360595703e+00) (12, 1.38660728931427001953e+00) 
