FANN_FLO_2.1
num_layers=4
learning_rate=0.500000
connection_rate=1.000000
network_type=0
learning_momentum=0.000000
training_algorithm=2
train_error_function=1
train_stop_function=0
cascade_output_change_fraction=0.010000
quickprop_decay=-0.000100
quickprop_mu=1.750000
rprop_increase_factor=1.200000
rprop_decrease_factor=0.500000
rprop_delta_min=0.000000
rprop_delta_max=50.000000
rprop_delta_zero=0.100000
cascade_output_stagnation_epochs=12
cascade_candidate_change_fraction=0.010000
cascade_candidate_stagnation_epochs=12
cascade_max_out_epochs=150
cascade_min_out_epochs=50
cascade_max_cand_epochs=150
cascade_min_cand_epochs=50
cascade_num_candidate_groups=2
bit_fail_limit=3.49999994039535522461e-01
cascade_candidate_limit=1.00000000000000000000e+03
cascade_weight_multiplier=4.00000005960464477539e-01
cascade_activation_functions_count=10
cascade_activation_functions=3 5 7 8 10 11 14 15 16 17 
cascade_activation_steepnesses_count=4
cascade_activation_steepnesses=2.50000000000000000000e-01 5.00000000000000000000e-01 7.50000000000000000000e-01 1.00000000000000000000e+00 
layer_sizes=4 5 3 2 
scale_included=0
neurons (num_inputs, activation_function, activation_steepness)=(0, 0, 0.00000000000000000000e+00) (0, 0, 0.00000000000000000000e+00) (0, 0, 0.00000000000000000000e+00) (0, 0, 0.00000000000000000000e+00) (4, 3, 5.00000000000000000000e-01) (4, 3, 5.00000000000000000000e-01) (4, 3, 5.00000000000000000000e-01) (4, 3, 5.00000000000000000000e-01) (0, 3, 0.00000000000000000000e+00) (5, 3, 5.00000000000000000000e-01) (5, 3, 5.00000000000000000000e-01) (0, 3, 0.00000000000000000000e+00) (3, 3, 5.00000000000000000000e-01) (0, 3, 0.00000000000000000000e+00) 
connections (connected_to_neuron, weight)=(0, -7.46116590499877929688e+00) (1, -9.72576713562011718750e+00) (2, 9.87517356872558593750e+00) (3, 3.20366764068603515625e+00) (0, 4.27960634231567382812e+00) (1, -1.06800174713134765625e+00) (2, 6.27565002441406250000e+00) (3, -4.78296566009521484375e+00) (0, 3.53114652633666992188e+00) (1, 3.52130699157714843750e+00) (2, 1.72247314453125000000e+00) (3, -3.76273107528686523438e+00) (0, 5.54688978195190429688e+00) (1, -8.77019596099853515625e+00) (2, -5.29119825363159179688e+00) (3, 5.23149776458740234375e+00) (4, 1.04382677078247070312e+01) (5, -1.53549413681030273438e+01) (6, -4.38768529891967773438e+00) (7, 8.88155746459960937500e+00) (8, -1.78356140851974487305e-01) (4, 1.12983741760253906250e+01) (5, -1.45526494979858398438e+01) (6, -4.64977788925170898438e+00) (7, 8.13995552062988281250e+00) (8, 1.31643667817115783691e-01) (9, -2.67964386940002441406e+00) (10, -1.97488296031951904297e+00) (11, 2.38865113258361816406e+00) 
