FANN_FLO_2.1
num_layers=3
learning_rate=0.300000
connection_rate=1.000000
network_type=0
learning_momentum=0.000000
training_algorithm=2
train_error_function=1
train_stop_function=0
cascade_output_change_fraction=0.010000
quickprop_decay=-0.000100
quickprop_mu=1.750000
rprop_increase_factor=1.200000
rprop_decrease_factor=0.500000
rprop_delta_min=0.000000
rprop_delta_max=50.000000
rprop_delta_zero=0.100000
cascade_output_stagnation_epochs=12
cascade_candidate_change_fraction=0.010000
cascade_candidate_stagnation_epochs=12
cascade_max_out_epochs=150
cascade_min_out_epochs=50
cascade_max_cand_epochs=150
cascade_min_cand_epochs=50
cascade_num_candidate_groups=2
bit_fail_limit=3.49999994039535522461e-01
cascade_candidate_limit=1.00000000000000000000e+03
cascade_weight_multiplier=4.00000005960464477539e-01
cascade_activation_functions_count=10
cascade_activation_functions=3 5 7 8 10 11 14 15 16 17 
cascade_activation_steepnesses_count=4
cascade_activation_steepnesses=2.50000000000000000000e-01 5.00000000000000000000e-01 7.50000000000000000000e-01 1.00000000000000000000e+00 
layer_sizes=4 9 2 
scale_included=0
neurons (num_inputs, activation_function, activation_steepness)=(0, 0, 0.00000000000000000000e+00) (0, 0, 0.00000000000000000000e+00) (0, 0, 0.00000000000000000000e+00) (0, 0, 0.00000000000000000000e+00) (4, 3, 5.00000000000000000000e-01) (4, 3, 5.00000000000000000000e-01) (4, 3, 5.00000000000000000000e-01) (4, 3, 5.00000000000000000000e-01) (4, 3, 5.00000000000000000000e-01) (4, 3, 5.00000000000000000000e-01) (4, 3, 5.00000000000000000000e-01) (4, 3, 5.00000000000000000000e-01) (0, 3, 0.00000000000000000000e+00) (9, 3, 5.00000000000000000000e-01) (0, 3, 0.00000000000000000000e+00) 
connections (connected_to_neuron, weight)=(0, 2.32959246635437011719e+00) (1, -2.00486373901367187500e+00) (2, -9.37353420257568359375e+00) (3, 1.29456967115402221680e-01) (0, -1.13071906566619873047e+00) (1, 6.15823566913604736328e-01) (2, -8.37786614894866943359e-01) (3, 1.67118740081787109375e+00) (0, -7.87571668624877929688e-01) (1, 5.28086781501770019531e-01) (2, -1.41918718814849853516e+00) (3, 9.60187077522277832031e-01) (0, -1.06905150413513183594e+00) (1, 5.60263514518737792969e-01) (2, -9.23567414283752441406e-01) (3, 3.96620154380798339844e+00) (0, -3.35140109062194824219e-01) (1, 1.49074137210845947266e-01) (2, -5.83500087261199951172e-01) (3, -8.13747167587280273438e-01) (0, 9.17307317256927490234e-01) (1, -6.46943283081054687500e+00) (2, 3.17048892974853515625e+01) (3, 1.43443584442138671875e-01) (0, -1.06995487213134765625e+00) (1, 5.96644341945648193359e-01) (2, -8.90051424503326416016e-01) (3, 1.60902702808380126953e+00) (0, -1.00818112492561340332e-01) (1, 2.51683648675680160522e-02) (2, -1.93734377622604370117e-01) (3, 3.39650362730026245117e-01) (4, 3.00000000000000000000e+02) (5, -1.84523873031139373779e-03) (6, -1.29652112722396850586e-01) (7, -2.34930180013179779053e-02) (8, 1.15896284580230712891e+00) (9, 2.10207868367433547974e-02) (10, -1.56260235235095024109e-03) (11, -1.57137641906738281250e+01) (12, 9.05922591686248779297e-01) 
