FANN_FLO_2.1
num_layers=3
learning_rate=0.400000
connection_rate=1.000000
network_type=0
learning_momentum=0.000000
training_algorithm=2
train_error_function=1
train_stop_function=0
cascade_output_change_fraction=0.010000
quickprop_decay=-0.000100
quickprop_mu=1.750000
rprop_increase_factor=1.200000
rprop_decrease_factor=0.500000
rprop_delta_min=0.000000
rprop_delta_max=50.000000
rprop_delta_zero=0.100000
cascade_output_stagnation_epochs=12
cascade_candidate_change_fraction=0.010000
cascade_candidate_stagnation_epochs=12
cascade_max_out_epochs=150
cascade_min_out_epochs=50
cascade_max_cand_epochs=150
cascade_min_cand_epochs=50
cascade_num_candidate_groups=2
bit_fail_limit=3.49999994039535522461e-01
cascade_candidate_limit=1.00000000000000000000e+03
cascade_weight_multiplier=4.00000005960464477539e-01
cascade_activation_functions_count=10
cascade_activation_functions=3 5 7 8 10 11 14 15 16 17 
cascade_activation_steepnesses_count=4
cascade_activation_steepnesses=2.50000000000000000000e-01 5.00000000000000000000e-01 7.50000000000000000000e-01 1.00000000000000000000e+00 
layer_sizes=10 3 2 
scale_included=0
neurons (num_inputs, activation_function, activation_steepness)=(0, 0, 0.00000000000000000000e+00) (0, 0, 0.00000000000000000000e+00) (0, 0, 0.00000000000000000000e+00) (0, 0, 0.00000000000000000000e+00) (0, 0, 0.00000000000000000000e+00) (0, 0, 0.00000000000000000000e+00) (0, 0, 0.00000000000000000000e+00) (0, 0, 0.00000000000000000000e+00) (0, 0, 0.00000000000000000000e+00) (0, 0, 0.00000000000000000000e+00) (10, 3, 5.00000000000000000000e-01) (10, 3, 5.00000000000000000000e-01) (0, 3, 0.00000000000000000000e+00) (3, 3, 5.00000000000000000000e-01) (0, 3, 0.00000000000000000000e+00) 
connections (connected_to_neuron, weight)=(0, -5.04830554127693176270e-02) (1, -7.87655636668205261230e-02) (2, -1.41954213380813598633e-01) (3, -9.98318418860435485840e-02) (4, -1.04571700096130371094e-01) (5, -1.85672879219055175781e-01) (6, -1.24873071908950805664e-01) (7, -7.53825828433036804199e-02) (8, -6.23635277152061462402e-02) (9, -4.97003570199012756348e-02) (0, 4.25861030817031860352e-02) (1, 1.45241767168045043945e-01) (2, 1.23582586646080017090e-01) (3, 2.58172675967216491699e-02) (4, 3.48188728094100952148e-02) (5, 1.93592697381973266602e-01) (6, 8.48879590630531311035e-02) (7, 1.37825816869735717773e-01) (8, 1.21552981436252593994e-01) (9, 1.72022581100463867188e-01) (10, -7.52928182482719421387e-02) (11, -1.94196105003356933594e-01) (12, -5.48939779400825500488e-02) 
