FANN_FLO_2.1
num_layers=3
learning_rate=0.500000
connection_rate=1.000000
network_type=0
learning_momentum=0.000000
training_algorithm=2
train_error_function=1
train_stop_function=0
cascade_output_change_fraction=0.010000
quickprop_decay=-0.000100
quickprop_mu=1.750000
rprop_increase_factor=1.200000
rprop_decrease_factor=0.500000
rprop_delta_min=0.000000
rprop_delta_max=50.000000
rprop_delta_zero=0.100000
cascade_output_stagnation_epochs=12
cascade_candidate_change_fraction=0.010000
cascade_candidate_stagnation_epochs=12
cascade_max_out_epochs=150
cascade_min_out_epochs=50
cascade_max_cand_epochs=150
cascade_min_cand_epochs=50
cascade_num_candidate_groups=2
bit_fail_limit=3.49999994039535522461e-01
cascade_candidate_limit=1.00000000000000000000e+03
cascade_weight_multiplier=4.00000005960464477539e-01
cascade_activation_functions_count=10
cascade_activation_functions=3 5 7 8 10 11 14 15 16 17 
cascade_activation_steepnesses_count=4
cascade_activation_steepnesses=2.50000000000000000000e-01 5.00000000000000000000e-01 7.50000000000000000000e-01 1.00000000000000000000e+00 
layer_sizes=10 5 2 
scale_included=0
neurons (num_inputs, activation_function, activation_steepness)=(0, 0, 0.00000000000000000000e+00) (0, 0, 0.00000000000000000000e+00) (0, 0, 0.00000000000000000000e+00) (0, 0, 0.00000000000000000000e+00) (0, 0, 0.00000000000000000000e+00) (0, 0, 0.00000000000000000000e+00) (0, 0, 0.00000000000000000000e+00) (0, 0, 0.00000000000000000000e+00) (0, 0, 0.00000000000000000000e+00) (0, 0, 0.00000000000000000000e+00) (10, 3, 5.00000000000000000000e-01) (10, 3, 5.00000000000000000000e-01) (10, 3, 5.00000000000000000000e-01) (10, 3, 5.00000000000000000000e-01) (0, 3, 0.00000000000000000000e+00) (5, 3, 5.00000000000000000000e-01) (0, 3, 0.00000000000000000000e+00) 
connections (connected_to_neuron, weight)=(0, -9.24022614955902099609e-01) (1, -5.02812802791595458984e-01) (2, -5.64800441265106201172e-01) (3, -4.36790019273757934570e-01) (4, -1.53284132480621337891e+00) (5, -5.93054234981536865234e-01) (6, -6.76027357578277587891e-01) (7, -6.41974806785583496094e-01) (8, -7.61826455593109130859e-01) (9, 8.14490854740142822266e-01) (0, -9.21042144298553466797e-01) (1, -8.41920614242553710938e-01) (2, -4.25306349992752075195e-01) (3, -7.48931527137756347656e-01) (4, -7.64252185821533203125e-01) (5, -5.46815752983093261719e-01) (6, -1.18075263500213623047e+00) (7, -4.22622740268707275391e-01) (8, -1.05906569957733154297e+00) (9, 3.95952582359313964844e+00) (0, -4.97328668832778930664e-01) (1, -7.45142161846160888672e-01) (2, -7.34883904457092285156e-01) (3, -7.85244703292846679688e-01) (4, -2.72928982973098754883e-01) (5, -8.52452695369720458984e-01) (6, -4.76998865604400634766e-01) (7, -8.56746554374694824219e-01) (8, -4.11308616399765014648e-01) (9, 2.73804593086242675781e+00) (0, -9.08921599388122558594e-01) (1, -3.90808522701263427734e-01) (2, -6.45585656166076660156e-01) (3, -3.65999191999435424805e-01) (4, -1.51180756092071533203e+00) (5, -6.59543275833129882812e-01) (6, -6.98598384857177734375e-01) (7, -6.59364044666290283203e-01) (8, -7.40114271640777587891e-01) (9, 8.07104110717773437500e-01) (10, -7.39164590835571289062e-01) (11, -6.87453925609588623047e-01) (12, -1.57785022258758544922e+00) (13, -1.07091271877288818359e+00) (14, 1.33242094516754150391e+00) 
