FANN_FLO_2.1
num_layers=4
learning_rate=0.300000
connection_rate=1.000000
network_type=0
learning_momentum=0.000000
training_algorithm=2
train_error_function=1
train_stop_function=0
cascade_output_change_fraction=0.010000
quickprop_decay=-0.000100
quickprop_mu=1.750000
rprop_increase_factor=1.200000
rprop_decrease_factor=0.500000
rprop_delta_min=0.000000
rprop_delta_max=50.000000
rprop_delta_zero=0.100000
cascade_output_stagnation_epochs=12
cascade_candidate_change_fraction=0.010000
cascade_candidate_stagnation_epochs=12
cascade_max_out_epochs=150
cascade_min_out_epochs=50
cascade_max_cand_epochs=150
cascade_min_cand_epochs=50
cascade_num_candidate_groups=2
bit_fail_limit=3.49999994039535522461e-01
cascade_candidate_limit=1.00000000000000000000e+03
cascade_weight_multiplier=4.00000005960464477539e-01
cascade_activation_functions_count=10
cascade_activation_functions=3 5 7 8 10 11 14 15 16 17 
cascade_activation_steepnesses_count=4
cascade_activation_steepnesses=2.50000000000000000000e-01 5.00000000000000000000e-01 7.50000000000000000000e-01 1.00000000000000000000e+00 
layer_sizes=2 5 5 3 
scale_included=0
neurons (num_inputs, activation_function, activation_steepness)=(0, 0, 0.00000000000000000000e+00) (0, 0, 0.00000000000000000000e+00) (2, 3, 5.00000000000000000000e-01) (2, 3, 5.00000000000000000000e-01) (2, 3, 5.00000000000000000000e-01) (2, 3, 5.00000000000000000000e-01) (0, 3, 0.00000000000000000000e+00) (5, 3, 5.00000000000000000000e-01) (5, 3, 5.00000000000000000000e-01) (5, 3, 5.00000000000000000000e-01) (5, 3, 5.00000000000000000000e-01) (0, 3, 0.00000000000000000000e+00) (5, 0, 5.00000000000000000000e-01) (5, 0, 5.00000000000000000000e-01) (0, 0, 0.00000000000000000000e+00) 
connections (connected_to_neuron, weight)=(0, -1.87920780181884765625e+01) (1, -1.30790814757347106934e-01) (0, 6.72207565307617187500e+01) (1, -3.04433524608612060547e-01) (0, 3.34769714355468750000e+02) (1, -8.53054881095886230469e-01) (0, 5.56450414657592773438e+00) (1, 1.09062045812606811523e-01) (2, -5.30802190303802490234e-01) (3, -3.60493451356887817383e-01) (4, 3.98896384239196777344e+00) (5, 4.51023101806640625000e-01) (6, -4.76158201694488525391e-01) (2, -1.45499110221862792969e+00) (3, 1.90081405639648437500e+01) (4, 2.62355690002441406250e+01) (5, 2.40839233398437500000e+01) (6, -2.24195450544357299805e-01) (2, 4.52069139480590820312e+00) (3, -1.87631630897521972656e+00) (4, -6.79990112781524658203e-01) (5, -7.95317649841308593750e+00) (6, 8.52081954479217529297e-01) (2, -7.77295470237731933594e-01) (3, -6.32871270179748535156e-01) (4, 1.01516556739807128906e+00) (5, -7.30163097381591796875e-01) (6, -5.12596905231475830078e-01) (7, -3.46757322549819946289e-02) (8, 4.20543539803475141525e-04) (9, -1.62214622832834720612e-03) (10, -3.21665778756141662598e-02) (11, 1.46144060418009757996e-02) (7, 1.85709781944751739502e-02) (8, -5.90324282646179199219e-01) (9, -9.66032743453979492188e-01) (10, 3.13853360712528228760e-02) (11, -4.60662484169006347656e-01) 
