FANN_FLO_2.1
num_layers=3
learning_rate=0.500000
connection_rate=1.000000
network_type=0
learning_momentum=0.000000
training_algorithm=2
train_error_function=1
train_stop_function=0
cascade_output_change_fraction=0.010000
quickprop_decay=-0.000100
quickprop_mu=1.750000
rprop_increase_factor=1.200000
rprop_decrease_factor=0.500000
rprop_delta_min=0.000000
rprop_delta_max=50.000000
rprop_delta_zero=0.100000
cascade_output_stagnation_epochs=12
cascade_candidate_change_fraction=0.010000
cascade_candidate_stagnation_epochs=12
cascade_max_out_epochs=150
cascade_min_out_epochs=50
cascade_max_cand_epochs=150
cascade_min_cand_epochs=50
cascade_num_candidate_groups=2
bit_fail_limit=3.49999994039535522461e-01
cascade_candidate_limit=1.00000000000000000000e+03
cascade_weight_multiplier=4.00000005960464477539e-01
cascade_activation_functions_count=10
cascade_activation_functions=3 5 7 8 10 11 14 15 16 17 
cascade_activation_steepnesses_count=4
cascade_activation_steepnesses=2.50000000000000000000e-01 5.00000000000000000000e-01 7.50000000000000000000e-01 1.00000000000000000000e+00 
layer_sizes=3 9 4 
scale_included=0
neurons (num_inputs, activation_function, activation_steepness)=(0, 0, 0.00000000000000000000e+00) (0, 0, 0.00000000000000000000e+00) (0, 0, 0.00000000000000000000e+00) (3, 3, 5.00000000000000000000e-01) (3, 3, 5.00000000000000000000e-01) (3, 3, 5.00000000000000000000e-01) (3, 3, 5.00000000000000000000e-01) (3, 3, 5.00000000000000000000e-01) (3, 3, 5.00000000000000000000e-01) (3, 3, 5.00000000000000000000e-01) (3, 3, 5.00000000000000000000e-01) (0, 3, 0.00000000000000000000e+00) (9, 0, 5.00000000000000000000e-01) (9, 0, 5.00000000000000000000e-01) (9, 0, 5.00000000000000000000e-01) (0, 0, 0.00000000000000000000e+00) 
connections (connected_to_neuron, weight)=(0, -3.72970700263977050781e+00) (1, 1.52136898040771484375e+00) (2, 8.45433175563812255859e-01) (0, -3.44515800476074218750e+00) (1, 3.14625144004821777344e-01) (2, 1.30212533473968505859e+00) (0, -1.69022881984710693359e+00) (1, -3.27388715744018554688e+00) (2, 5.89169204235076904297e-01) (0, -4.57145071029663085938e+00) (1, 2.98873209953308105469e+00) (2, 8.03787136077880859375e+00) (0, -4.73413610458374023438e+00) (1, -2.82556152343750000000e+00) (2, 2.78202384710311889648e-01) (0, -3.87054634094238281250e+00) (1, -8.43499422073364257812e-01) (2, 1.09200072288513183594e+00) (0, -8.42592811584472656250e+00) (1, 3.58692574501037597656e+00) (2, 8.35975742340087890625e+00) (0, -1.94357407093048095703e+00) (1, 4.61918878555297851562e+00) (2, -8.08923065662384033203e-01) (3, 2.36354637145996093750e+00) (4, 6.43965542316436767578e-01) (5, 1.93288612365722656250e+00) (6, 4.57273393869400024414e-01) (7, 2.24432897567749023438e+00) (8, 9.33358073234558105469e-01) (9, -3.43306452035903930664e-01) (10, 2.85785865783691406250e+00) (11, -2.51912146806716918945e-01) (3, 3.86431860923767089844e+00) (4, 3.63257765769958496094e+00) (5, 6.70954275131225585938e+00) (6, 2.50321483612060546875e+00) (7, 4.34928655624389648438e+00) (8, 3.91364359855651855469e+00) (9, 2.65869665145874023438e+00) (10, 4.12224483489990234375e+00) (11, 2.17515921592712402344e+00) (3, 1.16108388900756835938e+01) (4, 1.10464696884155273438e+01) (5, 2.25205898284912109375e+01) (6, 1.06946325302124023438e+01) (7, 1.29810867309570312500e+01) (8, 1.32745637893676757812e+01) (9, 1.05495710372924804688e+01) (10, 1.06938190460205078125e+01) (11, 1.07189102172851562500e+01) 
