FANN_FLO_2.1
num_layers=4
learning_rate=0.450000
connection_rate=1.000000
network_type=0
learning_momentum=0.000000
training_algorithm=2
train_error_function=1
train_stop_function=0
cascade_output_change_fraction=0.010000
quickprop_decay=-0.000100
quickprop_mu=1.750000
rprop_increase_factor=1.200000
rprop_decrease_factor=0.500000
rprop_delta_min=0.000000
rprop_delta_max=50.000000
rprop_delta_zero=0.100000
cascade_output_stagnation_epochs=12
cascade_candidate_change_fraction=0.010000
cascade_candidate_stagnation_epochs=12
cascade_max_out_epochs=150
cascade_min_out_epochs=50
cascade_max_cand_epochs=150
cascade_min_cand_epochs=50
cascade_num_candidate_groups=2
bit_fail_limit=3.49999994039535522461e-01
cascade_candidate_limit=1.00000000000000000000e+03
cascade_weight_multiplier=4.00000005960464477539e-01
cascade_activation_functions_count=10
cascade_activation_functions=3 5 7 8 10 11 14 15 16 17 
cascade_activation_steepnesses_count=4
cascade_activation_steepnesses=2.50000000000000000000e-01 5.00000000000000000000e-01 7.50000000000000000000e-01 1.00000000000000000000e+00 
layer_sizes=7 5 5 2 
scale_included=0
neurons (num_inputs, activation_function, activation_steepness)=(0, 0, 0.00000000000000000000e+00) (0, 0, 0.00000000000000000000e+00) (0, 0, 0.00000000000000000000e+00) (0, 0, 0.00000000000000000000e+00) (0, 0, 0.00000000000000000000e+00) (0, 0, 0.00000000000000000000e+00) (0, 0, 0.00000000000000000000e+00) (7, 3, 5.00000000000000000000e-01) (7, 3, 5.00000000000000000000e-01) (7, 3, 5.00000000000000000000e-01) (7, 3, 5.00000000000000000000e-01) (0, 3, 0.00000000000000000000e+00) (5, 3, 5.00000000000000000000e-01) (5, 3, 5.00000000000000000000e-01) (5, 3, 5.00000000000000000000e-01) (5, 3, 5.00000000000000000000e-01) (0, 3, 0.00000000000000000000e+00) (5, 0, 5.00000000000000000000e-01) (0, 0, 0.00000000000000000000e+00) 
connections (connected_to_neuron, weight)=(0, -3.74114776611328125000e+02) (1, -3.92124474048614501953e-01) (2, -3.96402626037597656250e+01) (3, -4.45496444702148437500e+01) (4, -1.35802545547485351562e+01) (5, 1.28474220633506774902e-01) (6, 2.96055912971496582031e+00) (0, 1.90867416381835937500e+02) (1, 3.76747474670410156250e+01) (2, -3.20360595703125000000e+02) (3, -4.56500885009765625000e+02) (4, -2.83002929687500000000e+02) (5, -1.09146557617187500000e+03) (6, 1.83207154273986816406e+00) (0, 2.01508569717407226562e+00) (1, 1.53274536132812500000e+00) (2, -7.05500841140747070312e-02) (3, -1.49697326660156250000e+02) (4, 2.36647176742553710938e+00) (5, 7.88055732846260070801e-02) (6, 7.08128356933593750000e+00) (0, -1.59190887451171875000e+02) (1, 5.91526794433593750000e+01) (2, -4.62361694335937500000e+02) (3, 5.86554622650146484375e+00) (4, 3.39681673049926757812e+00) (5, -1.70129013061523437500e+01) (6, -1.02353649139404296875e+01) (7, 1.50000000000000000000e+03) (8, 1.45247998046875000000e+03) (9, 1.50000000000000000000e+03) (10, 1.50000000000000000000e+03) (11, 8.01936313509941101074e-02) (7, 1.50000000000000000000e+03) (8, 3.79540176391601562500e+01) (9, -4.50000000000000000000e+02) (10, 5.44400691986083984375e+00) (11, -1.09506874084472656250e+01) (7, 1.50000000000000000000e+03) (8, 1.45247998046875000000e+03) (9, 1.50000000000000000000e+03) (10, 1.50000000000000000000e+03) (11, -7.19610452651977539062e-01) (7, 1.50000000000000000000e+03) (8, 1.48536270141601562500e+02) (9, 1.50000000000000000000e+02) (10, 5.44400691986083984375e+00) (11, -1.63032099604606628418e-01) (12, -4.84061837196350097656e-02) (13, 1.36978808593750000000e+03) (14, -1.48177072405815124512e-01) (15, 7.03601241111755371094e-02) (16, 2.78172250837087631226e-02) 
