FANN_FLO_2.1
num_layers=3
learning_rate=0.500000
connection_rate=1.000000
network_type=0
learning_momentum=0.000000
training_algorithm=2
train_error_function=1
train_stop_function=0
cascade_output_change_fraction=0.010000
quickprop_decay=-0.000100
quickprop_mu=1.750000
rprop_increase_factor=1.200000
rprop_decrease_factor=0.500000
rprop_delta_min=0.000000
rprop_delta_max=50.000000
rprop_delta_zero=0.100000
cascade_output_stagnation_epochs=12
cascade_candidate_change_fraction=0.010000
cascade_candidate_stagnation_epochs=12
cascade_max_out_epochs=150
cascade_min_out_epochs=50
cascade_max_cand_epochs=150
cascade_min_cand_epochs=50
cascade_num_candidate_groups=2
bit_fail_limit=3.49999994039535522461e-01
cascade_candidate_limit=1.00000000000000000000e+03
cascade_weight_multiplier=4.00000005960464477539e-01
cascade_activation_functions_count=10
cascade_activation_functions=3 5 7 8 10 11 14 15 16 17 
cascade_activation_steepnesses_count=4
cascade_activation_steepnesses=2.50000000000000000000e-01 5.00000000000000000000e-01 7.50000000000000000000e-01 1.00000000000000000000e+00 
layer_sizes=3 5 4 
scale_included=0
neurons (num_inputs, activation_function, activation_steepness)=(0, 0, 0.00000000000000000000e+00) (0, 0, 0.00000000000000000000e+00) (0, 0, 0.00000000000000000000e+00) (3, 3, 5.00000000000000000000e-01) (3, 3, 5.00000000000000000000e-01) (3, 3, 5.00000000000000000000e-01) (3, 3, 5.00000000000000000000e-01) (0, 3, 0.00000000000000000000e+00) (5, 0, 5.00000000000000000000e-01) (5, 0, 5.00000000000000000000e-01) (5, 0, 5.00000000000000000000e-01) (0, 0, 0.00000000000000000000e+00) 
connections (connected_to_neuron, weight)=(0, -1.40686264038085937500e+01) (1, 1.12340831756591796875e+01) (2, 1.97644271850585937500e+01) (0, -1.51228094100952148438e+01) (1, 1.09285030364990234375e+01) (2, 8.68747806549072265625e+00) (0, -2.84905552864074707031e+00) (1, 9.13154125213623046875e-01) (2, -1.09800681471824645996e-01) (0, -1.52385437488555908203e+00) (1, -1.51038837432861328125e+00) (2, 3.73087614774703979492e-01) (3, 9.22534406185150146484e-01) (4, 6.22978389263153076172e-01) (5, 4.36919307708740234375e+00) (6, 4.01891231536865234375e+00) (7, 8.25506329536437988281e-01) (3, 3.67845678329467773438e+00) (4, 3.85293769836425781250e+00) (5, 1.04837894439697265625e+01) (6, 1.28765325546264648438e+01) (7, 3.19567918777465820312e+00) (3, 1.36969757080078125000e+01) (4, 1.28311834335327148438e+01) (5, 3.18260879516601562500e+01) (6, 4.13786354064941406250e+01) (7, 1.39713439941406250000e+01) 
