FANN_FLO_2.1
num_layers=3
learning_rate=0.500000
connection_rate=1.000000
network_type=0
learning_momentum=0.000000
training_algorithm=2
train_error_function=1
train_stop_function=0
cascade_output_change_fraction=0.010000
quickprop_decay=-0.000100
quickprop_mu=1.750000
rprop_increase_factor=1.200000
rprop_decrease_factor=0.500000
rprop_delta_min=0.000000
rprop_delta_max=50.000000
rprop_delta_zero=0.100000
cascade_output_stagnation_epochs=12
cascade_candidate_change_fraction=0.010000
cascade_candidate_stagnation_epochs=12
cascade_max_out_epochs=150
cascade_min_out_epochs=50
cascade_max_cand_epochs=150
cascade_min_cand_epochs=50
cascade_num_candidate_groups=2
bit_fail_limit=3.49999994039535522461e-01
cascade_candidate_limit=1.00000000000000000000e+03
cascade_weight_multiplier=4.00000005960464477539e-01
cascade_activation_functions_count=10
cascade_activation_functions=3 5 7 8 10 11 14 15 16 17 
cascade_activation_steepnesses_count=4
cascade_activation_steepnesses=2.50000000000000000000e-01 5.00000000000000000000e-01 7.50000000000000000000e-01 1.00000000000000000000e+00 
layer_sizes=3 9 4 
scale_included=0
neurons (num_inputs, activation_function, activation_steepness)=(0, 0, 0.00000000000000000000e+00) (0, 0, 0.00000000000000000000e+00) (0, 0, 0.00000000000000000000e+00) (3, 3, 5.00000000000000000000e-01) (3, 3, 5.00000000000000000000e-01) (3, 3, 5.00000000000000000000e-01) (3, 3, 5.00000000000000000000e-01) (3, 3, 5.00000000000000000000e-01) (3, 3, 5.00000000000000000000e-01) (3, 3, 5.00000000000000000000e-01) (3, 3, 5.00000000000000000000e-01) (0, 3, 0.00000000000000000000e+00) (9, 0, 5.00000000000000000000e-01) (9, 0, 5.00000000000000000000e-01) (9, 0, 5.00000000000000000000e-01) (0, 0, 0.00000000000000000000e+00) 
connections (connected_to_neuron, weight)=(0, -4.20341873168945312500e+00) (1, 1.20308744907379150391e+00) (2, 1.16862261295318603516e+00) (0, -6.25421857833862304688e+00) (1, -3.94873785972595214844e+00) (2, 1.36156821250915527344e+00) (0, -2.13678216934204101562e+00) (1, -3.47755646705627441406e+00) (2, 5.24065010249614715576e-02) (0, -5.79808902740478515625e+00) (1, 8.31116008758544921875e+00) (2, 5.27578544616699218750e+00) (0, -7.37400484085083007812e+00) (1, 5.86206102371215820312e+00) (2, 5.59083890914916992188e+00) (0, -5.08107185363769531250e+00) (1, -6.29246175289154052734e-01) (2, 1.12311983108520507812e+00) (0, -4.89353561401367187500e+00) (1, 2.60441088676452636719e+00) (2, 8.91127490997314453125e+00) (0, -7.07781410217285156250e+00) (1, 3.55068445205688476562e+00) (2, 4.16775798797607421875e+00) (3, 2.24735093116760253906e+00) (4, 1.86924362182617187500e+00) (5, 2.21193504333496093750e+00) (6, 8.60084652900695800781e-01) (7, 6.25947535037994384766e-01) (8, 1.56869018077850341797e+00) (9, 3.02874863147735595703e-01) (10, 5.80629765987396240234e-01) (11, 6.06613993644714355469e-01) (3, 5.43943452835083007812e+00) (4, 4.47456169128417968750e+00) (5, 6.81947851181030273438e+00) (6, 3.14963459968566894531e+00) (7, 2.82670831680297851562e+00) (8, 4.61412429809570312500e+00) (9, 1.77987110614776611328e+00) (10, 2.51827025413513183594e+00) (11, 2.06205248832702636719e+00) (3, 1.59793319702148437500e+01) (4, 1.39435958862304687500e+01) (5, 2.26109466552734375000e+01) (6, 8.76664733886718750000e+00) (7, 8.60646247863769531250e+00) (8, 1.49913759231567382812e+01) (9, 9.79918575286865234375e+00) (10, 8.65912532806396484375e+00) (11, 9.79162502288818359375e+00) 
