FANN_FLO_2.1
num_layers=4
learning_rate=0.300000
connection_rate=1.000000
network_type=0
learning_momentum=0.000000
training_algorithm=2
train_error_function=1
train_stop_function=0
cascade_output_change_fraction=0.010000
quickprop_decay=-0.000100
quickprop_mu=1.750000
rprop_increase_factor=1.200000
rprop_decrease_factor=0.500000
rprop_delta_min=0.000000
rprop_delta_max=50.000000
rprop_delta_zero=0.100000
cascade_output_stagnation_epochs=12
cascade_candidate_change_fraction=0.010000
cascade_candidate_stagnation_epochs=12
cascade_max_out_epochs=150
cascade_min_out_epochs=50
cascade_max_cand_epochs=150
cascade_min_cand_epochs=50
cascade_num_candidate_groups=2
bit_fail_limit=3.49999994039535522461e-01
cascade_candidate_limit=1.00000000000000000000e+03
cascade_weight_multiplier=4.00000005960464477539e-01
cascade_activation_functions_count=10
cascade_activation_functions=3 5 7 8 10 11 14 15 16 17 
cascade_activation_steepnesses_count=4
cascade_activation_steepnesses=2.50000000000000000000e-01 5.00000000000000000000e-01 7.50000000000000000000e-01 1.00000000000000000000e+00 
layer_sizes=2 5 3 3 
scale_included=0
neurons (num_inputs, activation_function, activation_steepness)=(0, 0, 0.00000000000000000000e+00) (0, 0, 0.00000000000000000000e+00) (2, 3, 5.00000000000000000000e-01) (2, 3, 5.00000000000000000000e-01) (2, 3, 5.00000000000000000000e-01) (2, 3, 5.00000000000000000000e-01) (0, 3, 0.00000000000000000000e+00) (5, 3, 5.00000000000000000000e-01) (5, 3, 5.00000000000000000000e-01) (0, 3, 0.00000000000000000000e+00) (3, 0, 5.00000000000000000000e-01) (3, 0, 5.00000000000000000000e-01) (0, 0, 0.00000000000000000000e+00) 
connections (connected_to_neuron, weight)=(0, -1.50000000000000000000e+03) (1, -3.28237861394882202148e-01) (0, -1.50000000000000000000e+03) (1, -4.95463132858276367188e+00) (0, -1.50000000000000000000e+03) (1, -4.33042764663696289062e+00) (0, -1.50000000000000000000e+03) (1, -8.51332008838653564453e-01) (2, 2.80818760395050048828e-01) (3, 6.65941774845123291016e-01) (4, 2.96765118837356567383e-01) (5, 3.00439774990081787109e-01) (6, 1.64263069629669189453e-01) (2, 1.02865463122725486755e-02) (3, 2.05988264083862304688e+00) (4, 1.95896923542022705078e+00) (5, 4.57027666270732879639e-02) (6, -1.90416157245635986328e+00) (7, -1.00842164829373359680e-02) (8, 2.05224364995956420898e-01) (9, -1.76221668720245361328e-01) (7, -7.26382136344909667969e-01) (8, -1.10385692119598388672e+00) (9, -6.81621849536895751953e-01) 
