FANN_FLO_2.1
num_layers=4
learning_rate=0.500000
connection_rate=1.000000
network_type=0
learning_momentum=0.000000
training_algorithm=2
train_error_function=1
train_stop_function=0
cascade_output_change_fraction=0.010000
quickprop_decay=-0.000100
quickprop_mu=1.750000
rprop_increase_factor=1.200000
rprop_decrease_factor=0.500000
rprop_delta_min=0.000000
rprop_delta_max=50.000000
rprop_delta_zero=0.100000
cascade_output_stagnation_epochs=12
cascade_candidate_change_fraction=0.010000
cascade_candidate_stagnation_epochs=12
cascade_max_out_epochs=150
cascade_min_out_epochs=50
cascade_max_cand_epochs=150
cascade_min_cand_epochs=50
cascade_num_candidate_groups=2
bit_fail_limit=3.49999994039535522461e-01
cascade_candidate_limit=1.00000000000000000000e+03
cascade_weight_multiplier=4.00000005960464477539e-01
cascade_activation_functions_count=10
cascade_activation_functions=3 5 7 8 10 11 14 15 16 17 
cascade_activation_steepnesses_count=4
cascade_activation_steepnesses=2.50000000000000000000e-01 5.00000000000000000000e-01 7.50000000000000000000e-01 1.00000000000000000000e+00 
layer_sizes=18 3 3 2 
scale_included=0
neurons (num_inputs, activation_function, activation_steepness)=(0, 0, 0.00000000000000000000e+00) (0, 0, 0.00000000000000000000e+00) (0, 0, 0.00000000000000000000e+00) (0, 0, 0.00000000000000000000e+00) (0, 0, 0.00000000000000000000e+00) (0, 0, 0.00000000000000000000e+00) (0, 0, 0.00000000000000000000e+00) (0, 0, 0.00000000000000000000e+00) (0, 0, 0.00000000000000000000e+00) (0, 0, 0.00000000000000000000e+00) (0, 0, 0.00000000000000000000e+00) (0, 0, 0.00000000000000000000e+00) (0, 0, 0.00000000000000000000e+00) (0, 0, 0.00000000000000000000e+00) (0, 0, 0.00000000000000000000e+00) (0, 0, 0.00000000000000000000e+00) (0, 0, 0.00000000000000000000e+00) (0, 0, 0.00000000000000000000e+00) (18, 3, 5.00000000000000000000e-01) (18, 3, 5.00000000000000000000e-01) (0, 3, 0.00000000000000000000e+00) (3, 3, 5.00000000000000000000e-01) (3, 3, 5.00000000000000000000e-01) (0, 3, 0.00000000000000000000e+00) (3, 0, 5.00000000000000000000e-01) (0, 0, 0.00000000000000000000e+00) 
connections (connected_to_neuron, weight)=(0, 7.36712112426757812500e+01) (1, -6.70777709960937500000e+02) (2, -1.49470068359375000000e+03) (3, -1.76701385498046875000e+02) (4, 3.80135993957519531250e+01) (5, 3.54508171081542968750e+01) (6, 3.86875427246093750000e+02) (7, 1.13713391113281250000e+03) (8, 3.19241180419921875000e+02) (9, 7.69499206542968750000e+01) (10, 2.96281585693359375000e+02) (11, -4.47664794921875000000e+02) (12, -3.37202178955078125000e+02) (13, -1.28929809570312500000e+02) (14, 5.77408485412597656250e+01) (15, -1.93794677734375000000e+02) (16, -2.65504207611083984375e+01) (17, 2.70873584747314453125e+01) (0, 8.81272733211517333984e-01) (1, 1.34625184535980224609e+00) (2, 6.79634630680084228516e-01) (3, 1.19528830051422119141e+00) (4, 8.86006295680999755859e-01) (5, -7.50506222248077392578e-01) (6, -1.35100507736206054688e+00) (7, -8.52182149887084960938e-01) (8, 3.38918976485729217529e-02) (9, 1.09482610225677490234e+00) (10, 1.07491004467010498047e+00) (11, 1.07653200626373291016e+00) (12, 1.12482893466949462891e+00) (13, 1.16764509677886962891e+00) (14, 1.11816477775573730469e+00) (15, 1.28334140777587890625e+00) (16, 1.04716384410858154297e+00) (17, -5.47384548187255859375e+00) (18, -1.05295039713382720947e-01) (19, 4.68047618865966796875e+00) (20, -1.08670186996459960938e+00) (18, -7.26272811889648437500e+01) (19, 1.50000000000000000000e+03) (20, 9.94844377040863037109e-01) (21, 1.08940830230712890625e+01) (22, 1.13328456878662109375e+00) (23, 7.75694549083709716797e-01) 
