FANN_FLO_2.1
num_layers=4
learning_rate=0.500000
connection_rate=1.000000
network_type=0
learning_momentum=0.000000
training_algorithm=2
train_error_function=1
train_stop_function=0
cascade_output_change_fraction=0.010000
quickprop_decay=-0.000100
quickprop_mu=1.750000
rprop_increase_factor=1.200000
rprop_decrease_factor=0.500000
rprop_delta_min=0.000000
rprop_delta_max=50.000000
rprop_delta_zero=0.100000
cascade_output_stagnation_epochs=12
cascade_candidate_change_fraction=0.010000
cascade_candidate_stagnation_epochs=12
cascade_max_out_epochs=150
cascade_min_out_epochs=50
cascade_max_cand_epochs=150
cascade_min_cand_epochs=50
cascade_num_candidate_groups=2
bit_fail_limit=3.49999994039535522461e-01
cascade_candidate_limit=1.00000000000000000000e+03
cascade_weight_multiplier=4.00000005960464477539e-01
cascade_activation_functions_count=10
cascade_activation_functions=3 5 7 8 10 11 14 15 16 17 
cascade_activation_steepnesses_count=4
cascade_activation_steepnesses=2.50000000000000000000e-01 5.00000000000000000000e-01 7.50000000000000000000e-01 1.00000000000000000000e+00 
layer_sizes=18 3 3 2 
scale_included=0
neurons (num_inputs, activation_function, activation_steepness)=(0, 0, 0.00000000000000000000e+00) (0, 0, 0.00000000000000000000e+00) (0, 0, 0.00000000000000000000e+00) (0, 0, 0.00000000000000000000e+00) (0, 0, 0.00000000000000000000e+00) (0, 0, 0.00000000000000000000e+00) (0, 0, 0.00000000000000000000e+00) (0, 0, 0.00000000000000000000e+00) (0, 0, 0.00000000000000000000e+00) (0, 0, 0.00000000000000000000e+00) (0, 0, 0.00000000000000000000e+00) (0, 0, 0.00000000000000000000e+00) (0, 0, 0.00000000000000000000e+00) (0, 0, 0.00000000000000000000e+00) (0, 0, 0.00000000000000000000e+00) (0, 0, 0.00000000000000000000e+00) (0, 0, 0.00000000000000000000e+00) (0, 0, 0.00000000000000000000e+00) (18, 3, 5.00000000000000000000e-01) (18, 3, 5.00000000000000000000e-01) (0, 3, 0.00000000000000000000e+00) (3, 3, 5.00000000000000000000e-01) (3, 3, 5.00000000000000000000e-01) (0, 3, 0.00000000000000000000e+00) (3, 0, 5.00000000000000000000e-01) (0, 0, 0.00000000000000000000e+00) 
connections (connected_to_neuron, weight)=(0, 1.08367967605590820312e+00) (1, 1.16774594783782958984e+00) (2, 9.34404134750366210938e-01) (3, 1.32004642486572265625e+00) (4, 7.58107185363769531250e-01) (5, -6.07408165931701660156e-01) (6, -1.58078181743621826172e+00) (7, -9.29134607315063476562e-01) (8, 8.66825878620147705078e-02) (9, 8.98903489112854003906e-01) (10, 1.20745050907135009766e+00) (11, 1.00478720664978027344e+00) (12, 1.06235122680664062500e+00) (13, 1.22149610519409179688e+00) (14, 9.32929277420043945312e-01) (15, 1.33546042442321777344e+00) (16, 8.44637572765350341797e-01) (17, -6.34015607833862304688e+00) (0, 1.36029708385467529297e+00) (1, 2.01991891860961914062e+00) (2, 1.51861178874969482422e+00) (3, 1.90733766555786132812e+00) (4, 1.51872932910919189453e+00) (5, -2.14768958091735839844e+00) (6, -1.22686505317687988281e+00) (7, -1.83248472213745117188e+00) (8, 7.03736469149589538574e-02) (9, 1.67857348918914794922e+00) (10, 1.60952079296112060547e+00) (11, 1.72595179080963134766e+00) (12, 1.61239194869995117188e+00) (13, 1.70163679122924804688e+00) (14, 1.59215986728668212891e+00) (15, 1.61709666252136230469e+00) (16, 1.94585490226745605469e+00) (17, -4.10741758346557617188e+00) (18, 2.82081270217895507812e+00) (19, 2.02093410491943359375e+00) (20, -1.70213222503662109375e+00) (18, 3.16508913040161132812e+00) (19, 1.83430922031402587891e+00) (20, -2.46067547798156738281e+00) (21, 5.07826709747314453125e+00) (22, 8.64200973510742187500e+00) (23, 1.39907276630401611328e+00) 
