FANN_FLO_2.1
num_layers=3
learning_rate=0.500000
connection_rate=1.000000
network_type=0
learning_momentum=0.000000
training_algorithm=2
train_error_function=1
train_stop_function=0
cascade_output_change_fraction=0.010000
quickprop_decay=-0.000100
quickprop_mu=1.750000
rprop_increase_factor=1.200000
rprop_decrease_factor=0.500000
rprop_delta_min=0.000000
rprop_delta_max=50.000000
rprop_delta_zero=0.100000
cascade_output_stagnation_epochs=12
cascade_candidate_change_fraction=0.010000
cascade_candidate_stagnation_epochs=12
cascade_max_out_epochs=150
cascade_min_out_epochs=50
cascade_max_cand_epochs=150
cascade_min_cand_epochs=50
cascade_num_candidate_groups=2
bit_fail_limit=3.49999994039535522461e-01
cascade_candidate_limit=1.00000000000000000000e+03
cascade_weight_multiplier=4.00000005960464477539e-01
cascade_activation_functions_count=10
cascade_activation_functions=3 5 7 8 10 11 14 15 16 17 
cascade_activation_steepnesses_count=4
cascade_activation_steepnesses=2.50000000000000000000e-01 5.00000000000000000000e-01 7.50000000000000000000e-01 1.00000000000000000000e+00 
layer_sizes=7 5 2 
scale_included=0
neurons (num_inputs, activation_function, activation_steepness)=(0, 0, 0.00000000000000000000e+00) (0, 0, 0.00000000000000000000e+00) (0, 0, 0.00000000000000000000e+00) (0, 0, 0.00000000000000000000e+00) (0, 0, 0.00000000000000000000e+00) (0, 0, 0.00000000000000000000e+00) (0, 0, 0.00000000000000000000e+00) (7, 3, 5.00000000000000000000e-01) (7, 3, 5.00000000000000000000e-01) (7, 3, 5.00000000000000000000e-01) (7, 3, 5.00000000000000000000e-01) (0, 3, 0.00000000000000000000e+00) (5, 0, 5.00000000000000000000e-01) (0, 0, 0.00000000000000000000e+00) 
connections (connected_to_neuron, weight)=(0, -5.97995698451995849609e-01) (1, 3.79727874755859375000e+02) (2, 1.50000000000000000000e+03) (3, -3.78891540527343750000e+02) (4, -6.20254337787628173828e-01) (5, -1.50000000000000000000e+03) (6, -6.68761208653450012207e-02) (0, -2.48107135295867919922e-01) (1, 2.83549666404724121094e-01) (2, -4.57249259948730468750e+00) (3, 9.54617336392402648926e-02) (4, 1.68078035116195678711e-01) (5, 3.39182257652282714844e+00) (6, -4.02442395687103271484e-01) (0, -6.64435625076293945312e-01) (1, 3.08966732025146484375e+00) (2, -8.22512390136718750000e+02) (3, 1.07833302021026611328e+00) (4, 1.76445543766021728516e+00) (5, 2.59461456298828125000e+02) (6, -1.83549195528030395508e-01) (0, 8.48557725548744201660e-02) (1, 1.28494131565093994141e+00) (2, -8.56974945068359375000e+01) (3, -2.79318571090698242188e-01) (4, 2.37963557243347167969e+00) (5, 6.75002670288085937500e+01) (6, -1.92162573337554931641e+00) (7, -4.12716567516326904297e-02) (8, -2.75748550891876220703e-01) (9, -3.24014201760292053223e-03) (10, 2.17837199568748474121e-01) (11, 6.09054043889045715332e-02) 
