FANN_FLO_2.1
num_layers=4
learning_rate=0.300000
connection_rate=1.000000
network_type=0
learning_momentum=0.000000
training_algorithm=2
train_error_function=1
train_stop_function=0
cascade_output_change_fraction=0.010000
quickprop_decay=-0.000100
quickprop_mu=1.750000
rprop_increase_factor=1.200000
rprop_decrease_factor=0.500000
rprop_delta_min=0.000000
rprop_delta_max=50.000000
rprop_delta_zero=0.100000
cascade_output_stagnation_epochs=12
cascade_candidate_change_fraction=0.010000
cascade_candidate_stagnation_epochs=12
cascade_max_out_epochs=150
cascade_min_out_epochs=50
cascade_max_cand_epochs=150
cascade_min_cand_epochs=50
cascade_num_candidate_groups=2
bit_fail_limit=3.49999994039535522461e-01
cascade_candidate_limit=1.00000000000000000000e+03
cascade_weight_multiplier=4.00000005960464477539e-01
cascade_activation_functions_count=10
cascade_activation_functions=3 5 7 8 10 11 14 15 16 17 
cascade_activation_steepnesses_count=4
cascade_activation_steepnesses=2.50000000000000000000e-01 5.00000000000000000000e-01 7.50000000000000000000e-01 1.00000000000000000000e+00 
layer_sizes=2 5 3 3 
scale_included=0
neurons (num_inputs, activation_function, activation_steepness)=(0, 0, 0.00000000000000000000e+00) (0, 0, 0.00000000000000000000e+00) (2, 3, 5.00000000000000000000e-01) (2, 3, 5.00000000000000000000e-01) (2, 3, 5.00000000000000000000e-01) (2, 3, 5.00000000000000000000e-01) (0, 3, 0.00000000000000000000e+00) (5, 3, 5.00000000000000000000e-01) (5, 3, 5.00000000000000000000e-01) (0, 3, 0.00000000000000000000e+00) (3, 0, 5.00000000000000000000e-01) (3, 0, 5.00000000000000000000e-01) (0, 0, 0.00000000000000000000e+00) 
connections (connected_to_neuron, weight)=(0, -5.25825071334838867188e+00) (1, -1.48235416412353515625e+00) (0, -7.37325906753540039062e+00) (1, -2.89738583564758300781e+00) (0, -7.35441589355468750000e+00) (1, -2.89247131347656250000e+00) (0, -7.91529369354248046875e+00) (1, -3.17294478416442871094e+00) (2, 3.73097926378250122070e-01) (3, 6.09777748584747314453e-01) (4, 5.49597859382629394531e-01) (5, 7.02320992946624755859e-01) (6, 9.53809395432472229004e-02) (2, 2.51909524202346801758e-01) (3, 1.11271262168884277344e+00) (4, 1.09425032138824462891e+00) (5, 1.08623015880584716797e+00) (6, -1.39136135578155517578e+00) (7, -4.03062216937541961670e-02) (8, 1.05550952255725860596e-01) (9, -4.77377325296401977539e-02) (7, -8.42238426208496093750e-01) (8, -8.60130310058593750000e-01) (9, -5.72210073471069335938e-01) 
