FANN_FLO_2.1
num_layers=4
learning_rate=0.500000
connection_rate=1.000000
network_type=0
learning_momentum=0.000000
training_algorithm=2
train_error_function=1
train_stop_function=0
cascade_output_change_fraction=0.010000
quickprop_decay=-0.000100
quickprop_mu=1.750000
rprop_increase_factor=1.200000
rprop_decrease_factor=0.500000
rprop_delta_min=0.000000
rprop_delta_max=50.000000
rprop_delta_zero=0.100000
cascade_output_stagnation_epochs=12
cascade_candidate_change_fraction=0.010000
cascade_candidate_stagnation_epochs=12
cascade_max_out_epochs=150
cascade_min_out_epochs=50
cascade_max_cand_epochs=150
cascade_min_cand_epochs=50
cascade_num_candidate_groups=2
bit_fail_limit=3.49999994039535522461e-01
cascade_candidate_limit=1.00000000000000000000e+03
cascade_weight_multiplier=4.00000005960464477539e-01
cascade_activation_functions_count=10
cascade_activation_functions=3 5 7 8 10 11 14 15 16 17 
cascade_activation_steepnesses_count=4
cascade_activation_steepnesses=2.50000000000000000000e-01 5.00000000000000000000e-01 7.50000000000000000000e-01 1.00000000000000000000e+00 
layer_sizes=4 5 3 2 
scale_included=0
neurons (num_inputs, activation_function, activation_steepness)=(0, 0, 0.00000000000000000000e+00) (0, 0, 0.00000000000000000000e+00) (0, 0, 0.00000000000000000000e+00) (0, 0, 0.00000000000000000000e+00) (4, 3, 5.00000000000000000000e-01) (4, 3, 5.00000000000000000000e-01) (4, 3, 5.00000000000000000000e-01) (4, 3, 5.00000000000000000000e-01) (0, 3, 0.00000000000000000000e+00) (5, 3, 5.00000000000000000000e-01) (5, 3, 5.00000000000000000000e-01) (0, 3, 0.00000000000000000000e+00) (3, 3, 5.00000000000000000000e-01) (0, 3, 0.00000000000000000000e+00) 
connections (connected_to_neuron, weight)=(0, -6.87843036651611328125e+00) (1, -7.45483970642089843750e+00) (2, -4.08688746392726898193e-02) (3, 5.44925451278686523438e+00) (0, -1.50000000000000000000e+03) (1, -9.18030395507812500000e+02) (2, -1.47790185546875000000e+03) (3, 4.33356857299804687500e+00) (0, -6.76160097122192382812e+00) (1, -4.70553588867187500000e+00) (2, -2.28501081466674804688e+00) (3, 5.42258548736572265625e+00) (0, -3.12344848632812500000e+02) (1, -1.11694889068603515625e+01) (2, -3.96477355957031250000e+02) (3, 2.59272599220275878906e+00) (4, 9.49137783050537109375e+00) (5, -1.75004851818084716797e+00) (6, 1.99051475524902343750e+01) (7, 2.71733673095703125000e+02) (8, -5.45651817321777343750e+00) (4, 9.44847869873046875000e+00) (5, 4.06163902282714843750e+01) (6, 2.74064445495605468750e+01) (7, -6.42073287963867187500e+01) (8, -6.54851484298706054688e+00) (9, -3.66085577011108398438e+00) (10, -8.33210229873657226562e-01) (11, 2.17680764198303222656e+00) 
