FANN_FLO_2.1
num_layers=3
learning_rate=0.400000
connection_rate=1.000000
network_type=0
learning_momentum=0.000000
training_algorithm=2
train_error_function=1
train_stop_function=0
cascade_output_change_fraction=0.010000
quickprop_decay=-0.000100
quickprop_mu=1.750000
rprop_increase_factor=1.200000
rprop_decrease_factor=0.500000
rprop_delta_min=0.000000
rprop_delta_max=50.000000
rprop_delta_zero=0.100000
cascade_output_stagnation_epochs=12
cascade_candidate_change_fraction=0.010000
cascade_candidate_stagnation_epochs=12
cascade_max_out_epochs=150
cascade_min_out_epochs=50
cascade_max_cand_epochs=150
cascade_min_cand_epochs=50
cascade_num_candidate_groups=2
bit_fail_limit=3.49999994039535522461e-01
cascade_candidate_limit=1.00000000000000000000e+03
cascade_weight_multiplier=4.00000005960464477539e-01
cascade_activation_functions_count=10
cascade_activation_functions=3 5 7 8 10 11 14 15 16 17 
cascade_activation_steepnesses_count=4
cascade_activation_steepnesses=2.50000000000000000000e-01 5.00000000000000000000e-01 7.50000000000000000000e-01 1.00000000000000000000e+00 
layer_sizes=6 5 2 
scale_included=0
neurons (num_inputs, activation_function, activation_steepness)=(0, 0, 0.00000000000000000000e+00) (0, 0, 0.00000000000000000000e+00) (0, 0, 0.00000000000000000000e+00) (0, 0, 0.00000000000000000000e+00) (0, 0, 0.00000000000000000000e+00) (0, 0, 0.00000000000000000000e+00) (6, 3, 5.00000000000000000000e-01) (6, 3, 5.00000000000000000000e-01) (6, 3, 5.00000000000000000000e-01) (6, 3, 5.00000000000000000000e-01) (0, 3, 0.00000000000000000000e+00) (5, 0, 5.00000000000000000000e-01) (0, 0, 0.00000000000000000000e+00) 
connections (connected_to_neuron, weight)=(0, -4.31538581848144531250e+00) (1, -8.71716320514678955078e-01) (2, 2.11131095886230468750e-01) (3, -2.42016077041625976562e+00) (4, 4.06388342380523681641e-01) (5, -1.53781130909919738770e-01) (0, -4.91565734863281250000e+02) (1, -2.16406464576721191406e+00) (2, -2.34508752822875976562e+00) (3, -2.34400939941406250000e+00) (4, -6.50254201889038085938e+00) (5, -1.68084740638732910156e+00) (0, -1.35438940429687500000e+03) (1, 5.93044891357421875000e+01) (2, 2.32943878173828125000e+01) (3, 7.57734966278076171875e+00) (4, 4.05228900909423828125e+00) (5, -3.20254254341125488281e+00) (0, -5.46115646362304687500e+01) (1, -1.76939048767089843750e+01) (2, 9.53392863273620605469e-01) (3, -4.05370187759399414062e+00) (4, 4.48245000839233398438e+00) (5, 1.21109700202941894531e+00) (6, 5.27957797050476074219e-01) (7, 7.84211993217468261719e-01) (8, 9.61473941802978515625e-01) (9, 6.40308558940887451172e-01) (10, 4.54919576644897460938e-01) 
