FANN_FLO_2.1
num_layers=3
learning_rate=0.400000
connection_rate=1.000000
network_type=0
learning_momentum=0.000000
training_algorithm=2
train_error_function=1
train_stop_function=0
cascade_output_change_fraction=0.010000
quickprop_decay=-0.000100
quickprop_mu=1.750000
rprop_increase_factor=1.200000
rprop_decrease_factor=0.500000
rprop_delta_min=0.000000
rprop_delta_max=50.000000
rprop_delta_zero=0.100000
cascade_output_stagnation_epochs=12
cascade_candidate_change_fraction=0.010000
cascade_candidate_stagnation_epochs=12
cascade_max_out_epochs=150
cascade_min_out_epochs=50
cascade_max_cand_epochs=150
cascade_min_cand_epochs=50
cascade_num_candidate_groups=2
bit_fail_limit=3.49999994039535522461e-01
cascade_candidate_limit=1.00000000000000000000e+03
cascade_weight_multiplier=4.00000005960464477539e-01
cascade_activation_functions_count=10
cascade_activation_functions=3 5 7 8 10 11 14 15 16 17 
cascade_activation_steepnesses_count=4
cascade_activation_steepnesses=2.50000000000000000000e-01 5.00000000000000000000e-01 7.50000000000000000000e-01 1.00000000000000000000e+00 
layer_sizes=6 5 2 
scale_included=0
neurons (num_inputs, activation_function, activation_steepness)=(0, 0, 0.00000000000000000000e+00) (0, 0, 0.00000000000000000000e+00) (0, 0, 0.00000000000000000000e+00) (0, 0, 0.00000000000000000000e+00) (0, 0, 0.00000000000000000000e+00) (0, 0, 0.00000000000000000000e+00) (6, 3, 5.00000000000000000000e-01) (6, 3, 5.00000000000000000000e-01) (6, 3, 5.00000000000000000000e-01) (6, 3, 5.00000000000000000000e-01) (0, 3, 0.00000000000000000000e+00) (5, 0, 5.00000000000000000000e-01) (0, 0, 0.00000000000000000000e+00) 
connections (connected_to_neuron, weight)=(0, -1.50000000000000000000e+03) (1, -1.50000000000000000000e+03) (2, 2.15616703033447265625e-01) (3, -5.14262756347656250000e+02) (4, 5.97071468830108642578e-01) (5, 1.46190941333770751953e-01) (0, -1.50000000000000000000e+03) (1, -4.79679250717163085938e+00) (2, 6.25184834003448486328e-01) (3, -1.64410150051116943359e+00) (4, 5.28442800045013427734e-01) (5, -2.62367516756057739258e-01) (0, -7.20862531661987304688e+00) (1, -7.80419945716857910156e-01) (2, -1.35170072317123413086e-01) (3, -1.77129745483398437500e+00) (4, -1.33094593882560729980e-01) (5, -7.03314602375030517578e-01) (0, -1.50000000000000000000e+03) (1, -1.35090599060058593750e+01) (2, 2.60957628488540649414e-01) (3, -1.53680479526519775391e+00) (4, 2.17914566397666931152e-01) (5, -1.66254773736000061035e-01) (6, 9.53991785645484924316e-02) (7, 1.63312566280364990234e+00) (8, 1.13515865802764892578e+00) (9, 1.60927438735961914062e+00) (10, 5.90437769889831542969e-01) 
