FANN_FLO_2.1
num_layers=3
learning_rate=0.500000
connection_rate=1.000000
network_type=0
learning_momentum=0.000000
training_algorithm=2
train_error_function=1
train_stop_function=0
cascade_output_change_fraction=0.010000
quickprop_decay=-0.000100
quickprop_mu=1.750000
rprop_increase_factor=1.200000
rprop_decrease_factor=0.500000
rprop_delta_min=0.000000
rprop_delta_max=50.000000
rprop_delta_zero=0.100000
cascade_output_stagnation_epochs=12
cascade_candidate_change_fraction=0.010000
cascade_candidate_stagnation_epochs=12
cascade_max_out_epochs=150
cascade_min_out_epochs=50
cascade_max_cand_epochs=150
cascade_min_cand_epochs=50
cascade_num_candidate_groups=2
bit_fail_limit=3.49999994039535522461e-01
cascade_candidate_limit=1.00000000000000000000e+03
cascade_weight_multiplier=4.00000005960464477539e-01
cascade_activation_functions_count=10
cascade_activation_functions=3 5 7 8 10 11 14 15 16 17 
cascade_activation_steepnesses_count=4
cascade_activation_steepnesses=2.50000000000000000000e-01 5.00000000000000000000e-01 7.50000000000000000000e-01 1.00000000000000000000e+00 
layer_sizes=7 5 2 
scale_included=0
neurons (num_inputs, activation_function, activation_steepness)=(0, 0, 0.00000000000000000000e+00) (0, 0, 0.00000000000000000000e+00) (0, 0, 0.00000000000000000000e+00) (0, 0, 0.00000000000000000000e+00) (0, 0, 0.00000000000000000000e+00) (0, 0, 0.00000000000000000000e+00) (0, 0, 0.00000000000000000000e+00) (7, 3, 5.00000000000000000000e-01) (7, 3, 5.00000000000000000000e-01) (7, 3, 5.00000000000000000000e-01) (7, 3, 5.00000000000000000000e-01) (0, 3, 0.00000000000000000000e+00) (5, 0, 5.00000000000000000000e-01) (0, 0, 0.00000000000000000000e+00) 
connections (connected_to_neuron, weight)=(0, -4.29261383056640625000e+02) (1, -8.54403991699218750000e+01) (2, -4.51306671142578125000e+02) (3, -2.19751429557800292969e+00) (4, -2.76170468330383300781e+00) (5, 3.81894950866699218750e+01) (6, -5.07107973098754882812e-01) (0, -8.65073353052139282227e-02) (1, -1.03443372249603271484e+00) (2, 1.07079517841339111328e+00) (3, -1.32499054074287414551e-01) (4, -1.43221592903137207031e+00) (5, 1.43826472759246826172e+00) (6, -5.14797687530517578125e+00) (0, -3.18599551916122436523e-01) (1, 9.43137824535369873047e-01) (2, 3.68792891502380371094e-01) (3, -1.68829286098480224609e+00) (4, -1.43204122781753540039e-01) (5, 1.66382253170013427734e+00) (6, 1.34548282623291015625e+01) (0, 3.31430411338806152344e+00) (1, -4.72583723068237304688e+00) (2, -9.02700561523437500000e+02) (3, -5.50402700901031494141e-01) (4, 1.83976352214813232422e-01) (5, -1.21838891601562500000e+03) (6, -1.59371659159660339355e-01) (7, 1.91696502685546875000e+02) (8, 1.67932379245758056641e+00) (9, -1.48910535499453544617e-02) (10, 2.64247646555304527283e-03) (11, 2.04656757414340972900e-02) 
