FANN_FLO_2.1
num_layers=3
learning_rate=0.500000
connection_rate=1.000000
network_type=0
learning_momentum=0.000000
training_algorithm=2
train_error_function=1
train_stop_function=0
cascade_output_change_fraction=0.010000
quickprop_decay=-0.000100
quickprop_mu=1.750000
rprop_increase_factor=1.200000
rprop_decrease_factor=0.500000
rprop_delta_min=0.000000
rprop_delta_max=50.000000
rprop_delta_zero=0.100000
cascade_output_stagnation_epochs=12
cascade_candidate_change_fraction=0.010000
cascade_candidate_stagnation_epochs=12
cascade_max_out_epochs=150
cascade_min_out_epochs=50
cascade_max_cand_epochs=150
cascade_min_cand_epochs=50
cascade_num_candidate_groups=2
bit_fail_limit=3.49999994039535522461e-01
cascade_candidate_limit=1.00000000000000000000e+03
cascade_weight_multiplier=4.00000005960464477539e-01
cascade_activation_functions_count=10
cascade_activation_functions=3 5 7 8 10 11 14 15 16 17 
cascade_activation_steepnesses_count=4
cascade_activation_steepnesses=2.50000000000000000000e-01 5.00000000000000000000e-01 7.50000000000000000000e-01 1.00000000000000000000e+00 
layer_sizes=10 5 2 
scale_included=0
neurons (num_inputs, activation_function, activation_steepness)=(0, 0, 0.00000000000000000000e+00) (0, 0, 0.00000000000000000000e+00) (0, 0, 0.00000000000000000000e+00) (0, 0, 0.00000000000000000000e+00) (0, 0, 0.00000000000000000000e+00) (0, 0, 0.00000000000000000000e+00) (0, 0, 0.00000000000000000000e+00) (0, 0, 0.00000000000000000000e+00) (0, 0, 0.00000000000000000000e+00) (0, 0, 0.00000000000000000000e+00) (10, 3, 5.00000000000000000000e-01) (10, 3, 5.00000000000000000000e-01) (10, 3, 5.00000000000000000000e-01) (10, 3, 5.00000000000000000000e-01) (0, 3, 0.00000000000000000000e+00) (5, 3, 5.00000000000000000000e-01) (0, 3, 0.00000000000000000000e+00) 
connections (connected_to_neuron, weight)=(0, -2.39118158817291259766e-01) (1, -4.05235826969146728516e-01) (2, -2.15523704886436462402e-01) (3, -5.67135870456695556641e-01) (4, -3.00655066967010498047e-01) (5, -4.45463269948959350586e-01) (6, -2.86911666393280029297e-01) (7, -2.42880642414093017578e-01) (8, -2.66448765993118286133e-01) (9, 5.40475189685821533203e-01) (0, 6.88132703304290771484e-01) (1, 3.23853433132171630859e-01) (2, 6.21421217918395996094e-01) (3, 3.50698798894882202148e-01) (4, -8.98526310920715332031e-01) (5, 2.69428789615631103516e-01) (6, 6.15168452262878417969e-01) (7, 6.70084655284881591797e-01) (8, 5.15793383121490478516e-01) (9, -2.36884385347366333008e-01) (0, -1.58567279577255249023e-01) (1, -5.07614910602569580078e-01) (2, -1.60130232572555541992e-01) (3, 9.09656643867492675781e-01) (4, -1.91709947586059570312e+00) (5, -6.78455010056495666504e-02) (6, -3.60839292407035827637e-02) (7, -6.52215659618377685547e-01) (8, -1.71186909079551696777e-01) (9, 5.75463354587554931641e-01) (0, -3.77391934394836425781e-01) (1, -6.98536634445190429688e-02) (2, -4.09844219684600830078e-01) (3, -2.23424527794122695923e-02) (4, -8.79512786865234375000e-01) (5, -1.90127938985824584961e-01) (6, -3.07427674531936645508e-01) (7, -2.07098305225372314453e-01) (8, -3.44827085733413696289e-01) (9, 5.69653332233428955078e-01) (10, -3.98295402526855468750e+00) (11, 1.34618043899536132812e+00) (12, -4.39793914556503295898e-01) (13, -1.13036608695983886719e+00) (14, 5.44935345649719238281e-01) 
