FANN_FLO_2.1
num_layers=3
learning_rate=0.500000
connection_rate=1.000000
network_type=0
learning_momentum=0.000000
training_algorithm=2
train_error_function=1
train_stop_function=0
cascade_output_change_fraction=0.010000
quickprop_decay=-0.000100
quickprop_mu=1.750000
rprop_increase_factor=1.200000
rprop_decrease_factor=0.500000
rprop_delta_min=0.000000
rprop_delta_max=50.000000
rprop_delta_zero=0.100000
cascade_output_stagnation_epochs=12
cascade_candidate_change_fraction=0.010000
cascade_candidate_stagnation_epochs=12
cascade_max_out_epochs=150
cascade_min_out_epochs=50
cascade_max_cand_epochs=150
cascade_min_cand_epochs=50
cascade_num_candidate_groups=2
bit_fail_limit=3.49999994039535522461e-01
cascade_candidate_limit=1.00000000000000000000e+03
cascade_weight_multiplier=4.00000005960464477539e-01
cascade_activation_functions_count=10
cascade_activation_functions=3 5 7 8 10 11 14 15 16 17 
cascade_activation_steepnesses_count=4
cascade_activation_steepnesses=2.50000000000000000000e-01 5.00000000000000000000e-01 7.50000000000000000000e-01 1.00000000000000000000e+00 
layer_sizes=3 9 4 
scale_included=0
neurons (num_inputs, activation_function, activation_steepness)=(0, 0, 0.00000000000000000000e+00) (0, 0, 0.00000000000000000000e+00) (0, 0, 0.00000000000000000000e+00) (3, 3, 5.00000000000000000000e-01) (3, 3, 5.00000000000000000000e-01) (3, 3, 5.00000000000000000000e-01) (3, 3, 5.00000000000000000000e-01) (3, 3, 5.00000000000000000000e-01) (3, 3, 5.00000000000000000000e-01) (3, 3, 5.00000000000000000000e-01) (3, 3, 5.00000000000000000000e-01) (0, 3, 0.00000000000000000000e+00) (9, 0, 5.00000000000000000000e-01) (9, 0, 5.00000000000000000000e-01) (9, 0, 5.00000000000000000000e-01) (0, 0, 0.00000000000000000000e+00) 
connections (connected_to_neuron, weight)=(0, -4.38929510116577148438e+00) (1, 1.60758316516876220703e-01) (2, 5.59535741806030273438e-01) (0, -1.76418483257293701172e+00) (1, -3.27652835845947265625e+00) (2, 3.38345646858215332031e-01) (0, -4.00714063644409179688e+00) (1, 2.68491315841674804688e+00) (2, 6.97719097137451171875e+00) (0, -5.03697490692138671875e+00) (1, 4.88137960433959960938e+00) (2, 3.05770015716552734375e+00) (0, -4.63343763351440429688e+00) (1, 4.20761680603027343750e+00) (2, 6.45167779922485351562e+00) (0, -5.56623077392578125000e+00) (1, 2.09287500381469726562e+00) (2, 1.71839392185211181641e+00) (0, -3.97365427017211914062e+00) (1, -2.07071137428283691406e+00) (2, 3.94805997610092163086e-01) (0, -6.43262958526611328125e+00) (1, 3.05611324310302734375e+00) (2, 4.39818954467773437500e+00) (3, 2.13994026184082031250e+00) (4, 2.34901762008666992188e+00) (5, 6.35935842990875244141e-01) (6, 1.06495118141174316406e+00) (7, 7.01519370079040527344e-01) (8, 1.32105875015258789062e+00) (9, 2.21662735939025878906e+00) (10, 3.34116488695144653320e-01) (11, 3.07587414979934692383e-01) (3, 5.80824089050292968750e+00) (4, 7.25742959976196289062e+00) (5, 2.38563132286071777344e+00) (6, 3.00713896751403808594e+00) (7, 2.54374957084655761719e+00) (8, 3.23154330253601074219e+00) (9, 5.55005311965942382812e+00) (10, 2.71364402770996093750e+00) (11, 1.80380237102508544922e+00) (3, 1.77744884490966796875e+01) (4, 2.31385040283203125000e+01) (5, 9.13663005828857421875e+00) (6, 9.10900592803955078125e+00) (7, 9.18865585327148437500e+00) (8, 1.00197534561157226562e+01) (9, 1.82185478210449218750e+01) (10, 8.99562454223632812500e+00) (11, 9.19058132171630859375e+00) 
