FANN_FLO_2.1
num_layers=3
learning_rate=0.400000
connection_rate=1.000000
network_type=0
learning_momentum=0.000000
training_algorithm=2
train_error_function=1
train_stop_function=0
cascade_output_change_fraction=0.010000
quickprop_decay=-0.000100
quickprop_mu=1.750000
rprop_increase_factor=1.200000
rprop_decrease_factor=0.500000
rprop_delta_min=0.000000
rprop_delta_max=50.000000
rprop_delta_zero=0.100000
cascade_output_stagnation_epochs=12
cascade_candidate_change_fraction=0.010000
cascade_candidate_stagnation_epochs=12
cascade_max_out_epochs=150
cascade_min_out_epochs=50
cascade_max_cand_epochs=150
cascade_min_cand_epochs=50
cascade_num_candidate_groups=2
bit_fail_limit=3.49999994039535522461e-01
cascade_candidate_limit=1.00000000000000000000e+03
cascade_weight_multiplier=4.00000005960464477539e-01
cascade_activation_functions_count=10
cascade_activation_functions=3 5 7 8 10 11 14 15 16 17 
cascade_activation_steepnesses_count=4
cascade_activation_steepnesses=2.50000000000000000000e-01 5.00000000000000000000e-01 7.50000000000000000000e-01 1.00000000000000000000e+00 
layer_sizes=10 3 2 
scale_included=0
neurons (num_inputs, activation_function, activation_steepness)=(0, 0, 0.00000000000000000000e+00) (0, 0, 0.00000000000000000000e+00) (0, 0, 0.00000000000000000000e+00) (0, 0, 0.00000000000000000000e+00) (0, 0, 0.00000000000000000000e+00) (0, 0, 0.00000000000000000000e+00) (0, 0, 0.00000000000000000000e+00) (0, 0, 0.00000000000000000000e+00) (0, 0, 0.00000000000000000000e+00) (0, 0, 0.00000000000000000000e+00) (10, 3, 5.00000000000000000000e-01) (10, 3, 5.00000000000000000000e-01) (0, 3, 0.00000000000000000000e+00) (3, 3, 5.00000000000000000000e-01) (0, 3, 0.00000000000000000000e+00) 
connections (connected_to_neuron, weight)=(0, -8.84017571806907653809e-02) (1, -1.67043730616569519043e-01) (2, -1.39603123068809509277e-01) (3, -1.73683255910873413086e-01) (4, -2.15298995375633239746e-01) (5, -1.94357216358184814453e-01) (6, -3.62579748034477233887e-02) (7, -1.87158882617950439453e-01) (8, -3.42975780367851257324e-02) (9, -1.12208284437656402588e-01) (0, -1.74115940928459167480e-01) (1, -1.48380398750305175781e-01) (2, -1.11407458782196044922e-01) (3, -1.84395939111709594727e-01) (4, -1.12641528248786926270e-01) (5, -1.67596563696861267090e-01) (6, -3.19502726197242736816e-02) (7, -9.87294539809226989746e-02) (8, -2.17928409576416015625e-01) (9, -1.31645500659942626953e-01) (10, -7.47239664196968078613e-02) (11, -5.14543280005455017090e-02) (12, -1.21672026813030242920e-01) 
