FANN_FLO_2.1
num_layers=3
learning_rate=0.500000
connection_rate=1.000000
network_type=0
learning_momentum=0.000000
training_algorithm=2
train_error_function=1
train_stop_function=0
cascade_output_change_fraction=0.010000
quickprop_decay=-0.000100
quickprop_mu=1.750000
rprop_increase_factor=1.200000
rprop_decrease_factor=0.500000
rprop_delta_min=0.000000
rprop_delta_max=50.000000
rprop_delta_zero=0.100000
cascade_output_stagnation_epochs=12
cascade_candidate_change_fraction=0.010000
cascade_candidate_stagnation_epochs=12
cascade_max_out_epochs=150
cascade_min_out_epochs=50
cascade_max_cand_epochs=150
cascade_min_cand_epochs=50
cascade_num_candidate_groups=2
bit_fail_limit=3.49999994039535522461e-01
cascade_candidate_limit=1.00000000000000000000e+03
cascade_weight_multiplier=4.00000005960464477539e-01
cascade_activation_functions_count=10
cascade_activation_functions=3 5 7 8 10 11 14 15 16 17 
cascade_activation_steepnesses_count=4
cascade_activation_steepnesses=2.50000000000000000000e-01 5.00000000000000000000e-01 7.50000000000000000000e-01 1.00000000000000000000e+00 
layer_sizes=18 3 2 
scale_included=0
neurons (num_inputs, activation_function, activation_steepness)=(0, 0, 0.00000000000000000000e+00) (0, 0, 0.00000000000000000000e+00) (0, 0, 0.00000000000000000000e+00) (0, 0, 0.00000000000000000000e+00) (0, 0, 0.00000000000000000000e+00) (0, 0, 0.00000000000000000000e+00) (0, 0, 0.00000000000000000000e+00) (0, 0, 0.00000000000000000000e+00) (0, 0, 0.00000000000000000000e+00) (0, 0, 0.00000000000000000000e+00) (0, 0, 0.00000000000000000000e+00) (0, 0, 0.00000000000000000000e+00) (0, 0, 0.00000000000000000000e+00) (0, 0, 0.00000000000000000000e+00) (0, 0, 0.00000000000000000000e+00) (0, 0, 0.00000000000000000000e+00) (0, 0, 0.00000000000000000000e+00) (0, 0, 0.00000000000000000000e+00) (18, 3, 5.00000000000000000000e-01) (18, 3, 5.00000000000000000000e-01) (0, 3, 0.00000000000000000000e+00) (3, 0, 5.00000000000000000000e-01) (0, 0, 0.00000000000000000000e+00) 
connections (connected_to_neuron, weight)=(0, 6.54191136360168457031e-01) (1, 6.87100291252136230469e-01) (2, 5.12921988964080810547e-01) (3, 7.88191080093383789062e-01) (4, 6.43487334251403808594e-01) (5, -1.23277080059051513672e+00) (6, -6.44141256809234619141e-01) (7, -1.02503466606140136719e+00) (8, -3.93435060977935791016e-02) (9, 6.62402391433715820312e-01) (10, 3.39675664901733398438e-01) (11, 7.98456013202667236328e-01) (12, 5.93220829963684082031e-01) (13, 7.15732753276824951172e-01) (14, 6.56841039657592773438e-01) (15, 3.83014798164367675781e-01) (16, 6.71904206275939941406e-01) (17, -2.79615426063537597656e+00) (0, 6.77373468875885009766e-01) (1, 7.05730080604553222656e-01) (2, 7.25954830646514892578e-01) (3, 7.16386198997497558594e-01) (4, 5.80137014389038085938e-01) (5, -6.18348158895969390869e-02) (6, -7.29909777641296386719e-01) (7, -2.86791235208511352539e-01) (8, 1.21660754084587097168e-01) (9, 6.06789350509643554688e-01) (10, 8.76676142215728759766e-01) (11, 6.70156240463256835938e-01) (12, 6.63020253181457519531e-01) (13, 7.17233717441558837891e-01) (14, 6.83454275131225585938e-01) (15, 9.29709076881408691406e-01) (16, 7.39613413810729980469e-01) (17, -3.12402391433715820312e+00) (18, 6.98910665512084960938e+00) (19, 6.86769771575927734375e+00) (20, 1.89885175228118896484e+00) 
