FANN_FLO_2.1
num_layers=3
learning_rate=0.500000
connection_rate=1.000000
network_type=0
learning_momentum=0.000000
training_algorithm=2
train_error_function=1
train_stop_function=0
cascade_output_change_fraction=0.010000
quickprop_decay=-0.000100
quickprop_mu=1.750000
rprop_increase_factor=1.200000
rprop_decrease_factor=0.500000
rprop_delta_min=0.000000
rprop_delta_max=50.000000
rprop_delta_zero=0.100000
cascade_output_stagnation_epochs=12
cascade_candidate_change_fraction=0.010000
cascade_candidate_stagnation_epochs=12
cascade_max_out_epochs=150
cascade_min_out_epochs=50
cascade_max_cand_epochs=150
cascade_min_cand_epochs=50
cascade_num_candidate_groups=2
bit_fail_limit=3.49999994039535522461e-01
cascade_candidate_limit=1.00000000000000000000e+03
cascade_weight_multiplier=4.00000005960464477539e-01
cascade_activation_functions_count=10
cascade_activation_functions=3 5 7 8 10 11 14 15 16 17 
cascade_activation_steepnesses_count=4
cascade_activation_steepnesses=2.50000000000000000000e-01 5.00000000000000000000e-01 7.50000000000000000000e-01 1.00000000000000000000e+00 
layer_sizes=3 5 4 
scale_included=0
neurons (num_inputs, activation_function, activation_steepness)=(0, 0, 0.00000000000000000000e+00) (0, 0, 0.00000000000000000000e+00) (0, 0, 0.00000000000000000000e+00) (3, 3, 5.00000000000000000000e-01) (3, 3, 5.00000000000000000000e-01) (3, 3, 5.00000000000000000000e-01) (3, 3, 5.00000000000000000000e-01) (0, 3, 0.00000000000000000000e+00) (5, 0, 5.00000000000000000000e-01) (5, 0, 5.00000000000000000000e-01) (5, 0, 5.00000000000000000000e-01) (0, 0, 0.00000000000000000000e+00) 
connections (connected_to_neuron, weight)=(0, -1.82906746864318847656e+00) (1, -2.26278066635131835938e+00) (2, 8.68038833141326904297e-01) (0, -1.41841993331909179688e+01) (1, 1.53866930007934570312e+01) (2, 1.51632490158081054688e+01) (0, -1.92535953521728515625e+01) (1, 1.49814414978027343750e+01) (2, 1.20411434173583984375e+01) (0, -2.44578003883361816406e+00) (1, 4.43669915199279785156e-01) (2, 2.65441477298736572266e-01) (3, 3.33694171905517578125e+00) (4, 9.30433690547943115234e-01) (5, 6.00415885448455810547e-01) (6, 4.98801898956298828125e+00) (7, 7.97466099262237548828e-01) (3, 1.02127122879028320312e+01) (4, 3.67857384681701660156e+00) (5, 3.62249183654785156250e+00) (6, 1.24913959503173828125e+01) (7, 3.27246785163879394531e+00) (3, 3.32431335449218750000e+01) (4, 1.30229387283325195312e+01) (5, 1.23249387741088867188e+01) (6, 3.72428207397460937500e+01) (7, 1.52854709625244140625e+01) 
